DATA/SHG/ECMWF/20170628/EN-44/20170629.en-44.asc
ncols        190
nrows        64
xllcorner    -5100000.000000000000
yllcorner    4130000.000000000000
cellsize     10000.000000000000
NODATA_value  -99999.000
[rows 0 to 32 of 64, columns 0 to 72 of 190]
1.307 1.280 1.244 1.199 1.147 1.085 1.016 0.938 0.851 0.805 0.773 0.741 0.708 0.675 0.641 0.607 0.572 0.537 0.502 0.515 0.542 0.610 0.695 0.777 0.858 0.936 1.012 1.086 1.158 1.228 1.295 1.361 1.424 1.422 1.381 1.340 1.301 1.263 1.227 1.192 1.158 1.125 1.094 1.064 1.035 1.174 1.463 1.757 2.056 2.360 2.669 2.983 3.302 3.626 3.955 4.290 4.629 4.887 5.041 5.192 5.339 5.483 5.624 5.762 5.896 6.027 6.155 6.279 6.400 6.465 6.444 6.422 6.399
1.117 1.060 0.994 0.920 0.838 0.747 0.647 0.540 0.424 0.356 0.322 0.288 0.321 0.353 0.384 0.414 0.442 0.469 0.493 0.517 0.539 0.590 0.668 0.743 0.816 0.886 0.955 1.021 1.086 1.148 1.207 1.265 1.321 1.332 1.295 1.259 1.224 1.191 1.159 1.129 1.099 1.071 1.044 1.019 0.995 1.100 1.406 1.718 2.035 2.357 2.684 3.015 3.352 3.694 4.041 4.393 4.751 5.042 5.185 5.324 5.460 5.593 5.722 5.848 5.971 6.090 6.206 6.319 6.428 6.502 6.478 6.453 6.428
0.937 0.850 0.755 0.651 0.548 0.481 0.416 0.352 0.290 0.272 0.304 0.334 0.363 0.390 0.416 0.440 0.462 0.483 0.502 0.520 0.537 0.573 0.643 0.710 0.776 0.839 0.900 0.958 1.015 1.069 1.122 1.172 1.220 1.240 1.208 1.177 1.147 1.118 1.090 1.064 1.039 1.016 0.994 0.973 0.953 1.020 1.345 1.674 2.009 2.349 2.693 3.043 3.398 3.758 4.122 4.492 4.867 5.201 5.332 5.460 5.584 5.705 5.823 5.937 6.048 6.156 6.260 6.362 6.423 6.475 6.434 6.406 6.390
0.860 0.793 0.727 0.663 0.600 0.538 0.478 0.420 0.362 0.332 0.359 0.383 0.407 0.428 0.448 0.467 0.484 0.499 0.513 0.525 0.536 0.559 0.621 0.680 0.738 0.794 0.847 0.898 0.947 0.994 1.038 1.081 1.121 1.148 1.120 1.093 1.067 1.043 1.020 0.999 0.978 0.959 0.942 0.925 0.910 0.936 1.278 1.626 1.978 2.335 2.698 3.065 3.438 3.816 4.198 4.586 4.978 5.363 5.482 5.598 5.705 5.739 5.781 5.830 5.885 5.947 6.016 6.092 6.174 6.264 6.268 6.284 6.312
0.890 0.827 0.767 0.707 0.650 0.593 0.539 0.485 0.433 0.394 0.415 0.434 0.452 0.468 0.483 0.496 0.507 0.517 0.525 0.532 0.537 0.546 0.600 0.653 0.703 0.751 0.796 0.840 0.881 0.920 0.957 0.992 1.025 1.054 1.030 1.008 0.987 0.968 0.949 0.932 0.916 0.902 0.889 0.877 0.866 0.857 1.207 1.572 1.942 2.317 2.698 3.083 3.473 3.853 4.179 4.496 4.802 5.099 5.160 5.206 5.258 5.316 5.382 5.455 5.534 5.620 5.713 5.812 5.919 6.032 6.091 6.150 6.223
0.917 0.860 0.805 0.751 0.698 0.647 0.597 0.549 0.502 0.458 0.473 0.487 0.499 0.510 0.519 0.526 0.532 0.537 0.539 0.541 0.540 0.538 0.583 0.627 0.670 0.710 0.748 0.784 0.818 0.849 0.879 0.906 0.931 0.954 0.940 0.922 0.906 0.891 0.877 0.864 0.853 0.843 0.834 0.827 0.821 0.816 1.125 1.485 1.836 2.177 2.508 2.829 3.141 3.442 3.735 4.017 4.290 4.553 4.659 4.729 4.805 4.887 4.977 5.073 5.177 5.287 5.403 5.527 5.657 5.795 5.901 6.005 6.122
0.943 0.892 0.841 0.792 0.745 0.699 0.654 0.612 0.570 0.530 0.533 0.541 0.548 0.553 0.556 0.558 0.559 0.558 0.555 0.551 0.545 0.538 0.567 0.604 0.639 0.672 0.702 0.730 0.757 0.781 0.803 0.822 0.840 0.855 0.848 0.835 0.823 0.812 0.803 0.797 0.792 0.785 0.776 0.765 0.752 0.736 0.963 1.289 1.606 1.912 2.209 2.497 2.774 3.042 3.300 3.549 3.787 4.016 4.153 4.246 4.346 4.452 4.566 4.686 4.813 4.947 5.088 5.236 5.390 5.551 5.700 5.848 6.009
0.968 0.921 0.876 0.832 0.790 0.749 0.710 0.672 0.636 0.601 0.594 0.597 0.598 0.597 0.595 0.592 0.587 0.580 0.572 0.562 0.551 0.538 0.554 0.583 0.611 0.636 0.659 0.679 0.698 0.714 0.729 0.741 0.760 0.782 0.791 0.789 0.785 0.778 0.770 0.760 0.748 0.733 0.717 0.698 0.678 0.655 0.810 1.103 1.385 1.658 1.921 2.174 2.418 2.652 2.876 3.090 3.295 3.490 3.640 3.757 3.881 4.011 4.149 4.293 4.444 4.602 4.767 4.938 5.116 5.301 5.488 5.680 5.884
0.990 0.949 0.909 0.870 0.833 0.798 0.764 0.731 0.700 0.670 0.657 0.654 0.650 0.644 0.636 0.627 0.617 0.605 0.591 0.576 0.559 0.541 0.543 0.565 0.584 0.607 0.630 0.652 0.674 0.696 0.718 0.740 0.762 0.783 0.791 0.782 0.771 0.758 0.742 0.725 0.705 0.683 0.660 0.634 0.606 0.577 0.668 0.926 1.174 1.413 1.642 1.862 2.071 2.271 2.462 2.642 2.813 2.974 3.121 3.262 3.410 3.565 3.726 3.894 4.069 4.251 4.439 4.634 4.836 5.045 5.264 5.500 5.748
1.012 0.975 0.940 0.907 0.875 0.845 0.816 0.788 0.762 0.738 0.721 0.713 0.703 0.692 0.679 0.664 0.648 0.631 0.614 0.596 0.575 0.553 0.545 0.568 0.590 0.613 0.635 0.657 0.678 0.700 0.721 0.743 0.764 0.785 0.794 0.778 0.759 0.739 0.716 0.691 0.665 0.636 0.605 0.572 0.537 0.500 0.535 0.759 0.974 1.179 1.374 1.559 1.735 1.901 2.057 2.204 2.341 2.468 2.597 2.762 2.933 3.112 3.297 3.489 3.688 3.893 4.105 4.325 4.550 4.783 5.028 5.308 5.600
1.031 1.000 0.970 0.942 0.915 0.890 0.866 0.844 0.823 0.804 0.789 0.779 0.768 0.754 0.739 0.721 0.702 0.680 0.656 0.631 0.603 0.573 0.553 0.575 0.597 0.618 0.640 0.661 0.682 0.704 0.725 0.745 0.766 0.787 0.799 0.776 0.750 0.722 0.692 0.660 0.626 0.590 0.552 0.512 0.470 0.426 0.412 0.602 0.783 0.954 1.115 1.267 1.409 1.541 1.663 1.776 1.879 1.973 2.066 2.255 2.451 2.653 2.862 3.078 3.300 3.530 3.766 4.009 4.258 4.515 4.781 5.104 5.440
1.049 1.023 0.998 0.978 0.960 0.945 0.931 0.919 0.908 0.899 0.891 0.874 0.856 0.835 0.812 0.787 0.761 0.732 0.701 0.668 0.632 0.595 0.560 0.582 0.603 0.624 0.645 0.666 0.687 0.707 0.728 0.748 0.768 0.788 0.807 0.776 0.743 0.708 0.671 0.631 0.590 0.547 0.502 0.454 0.405 0.354 0.300 0.455 0.602 0.739 0.866 0.984 1.092 1.190 1.279 1.358 1.427 1.487 1.537 1.743 1.962 2.188 2.421 2.661 2.907 3.160 3.420 3.692 3.964 4.230 4.489 4.825 5.173
1.084 1.067 1.053 1.040 1.028 1.018 1.010 1.004 0.999 0.996 0.994 0.972 0.946 0.918 0.888 0.856 0.821 0.785 0.747 0.707 0.664 0.620 0.573 0.589 0.609 0.630 0.651 0.671 0.691 0.711 0.731 0.751 0.771 0.790 0.809 0.778 0.737 0.695 0.651 0.605 0.556 0.506 0.453 0.399 0.342 0.284 0.223 0.318 0.431 0.534 0.628 0.711 0.786 0.850 0.905 0.950 0.986 1.012 1.028 1.224 1.507 1.801 2.089 2.370 2.646 2.915 3.178 3.434 3.685 3.929 4.166 4.502 4.872
1.127 1.116 1.107 1.100 1.094 1.090 1.088 1.087 1.088 1.091 1.095 1.071 1.038 1.002 0.965 0.926 0.884 0.841 0.795 0.748 0.698 0.646 0.592 0.596 0.616 0.636 0.656 0.676 0.696 0.715 0.735 0.754 0.773 0.792 0.811 0.782 0.734 0.685 0.633 0.580 0.524 0.467 0.407 0.345 0.282 0.216 0.148 0.190 0.270 0.339 0.399 0.449 0.489 0.561 0.637 0.710 0.781 0.850 0.915 1.130 1.408 1.681 1.947 2.207 2.460 2.707 2.948 3.183 3.412 3.634 3.850 4.175 4.565
1.168 1.163 1.160 1.158 1.158 1.160 1.164 1.169 1.175 1.184 1.194 1.172 1.132 1.089 1.045 0.998 0.949 0.899 0.846 0.791 0.734 0.675 0.614 0.603 0.623 0.643 0.662 0.681 0.701 0.720 0.739 0.757 0.776 0.794 0.813 0.788 0.733 0.677 0.618 0.557 0.495 0.430 0.363 0.294 0.223 0.150 0.099 0.126 0.209 0.289 0.366 0.441 0.513 0.582 0.649 0.714 0.776 0.835 0.891 1.060 1.316 1.567 1.811 2.049 2.281 2.506 2.725 2.938 3.145 3.345 3.539 3.842 4.254
1.207 1.208 1.210 1.215 1.220 1.228 1.237 1.248 1.261 1.275 1.290 1.276 1.228 1.178 1.126 1.072 1.016 0.958 0.898 0.836 0.772 0.706 0.638 0.611 0.630 0.649 0.668 0.687 0.706 0.724 0.742 0.761 0.779 0.797 0.814 0.796 0.735 0.671 0.607 0.554 0.502 0.451 0.400 0.349 0.299 0.249 0.200 0.205 0.278 0.349 0.417 0.483 0.546 0.607 0.664 0.720 0.773 0.823 0.870 0.995 1.230 1.459 1.681 1.898 2.107 2.311 2.508 2.699 2.884 3.063 3.235 3.504 3.937
1.244 1.251 1.259 1.269 1.281 1.294 1.309 1.326 1.344 1.364 1.385 1.381 1.326 1.269 1.210 1.149 1.086 1.021 0.953 0.884 0.812 0.739 0.663 0.618 0.637 0.656 0.674 0.692 0.711 0.729 0.746 0.767 0.793 0.820 0.848 0.850 0.797 0.746 0.694 0.643 0.593 0.543 0.493 0.444 0.395 0.347 0.299 0.286 0.350 0.412 0.471 0.528 0.582 0.633 0.682 0.728 0.772 0.813 0.852 0.938 1.151 1.357 1.558 1.752 1.940 2.122 2.298 2.467 2.630 2.787 2.937 3.160 3.615
1.279 1.292 1.306 1.322 1.339 1.358 1.379 1.401 1.425 1.451 1.478 1.489 1.427 1.362 1.296 1.228 1.157 1.085 1.010 0.934 0.855 0.774 0.691 0.626 0.648 0.673 0.699 0.726 0.752 0.779 0.806 0.833 0.861 0.889 0.917 0.932 0.881 0.831 0.781 0.731 0.682 0.634 0.586 0.539 0.492 0.445 0.399 0.369 0.424 0.477 0.527 0.575 0.620 0.662 0.702 0.739 0.774 0.806 0.835 0.886 1.077 1.262 1.441 1.613 1.779 1.939 2.093 2.241 2.382 2.517 2.646 2.811 3.287
1.313 1.331 1.351 1.373 1.396 1.421 1.447 1.475 1.505 1.536 1.569 1.598 1.529 1.457 1.384 1.308 1.231 1.143 1.054 0.969 0.890 0.814 0.743 0.681 0.707 0.734 0.760 0.788 0.815 0.843 0.871 0.899 0.928 0.957 0.986 1.013 0.964 0.915 0.867 0.819 0.772 0.725 0.678 0.633 0.587 0.542 0.498 0.455 0.501 0.545 0.586 0.624 0.660 0.694 0.725 0.753 0.778 0.801 0.822 0.840 1.009 1.173 1.330 1.480 1.625 1.763 1.895 2.021 2.140 2.253 2.360 2.461 2.954
1.345 1.369 1.394 1.422 1.450 1.481 1.513 1.547 1.583 1.620 1.638 1.641 1.550 1.455 1.364 1.277 1.195 1.117 1.044 0.975 0.911 0.852 0.797 0.746 0.766 0.793 0.821 0.849 0.878 0.906 0.935 0.965 0.994 1.024 1.054 1.084 1.046 0.999 0.952 0.906 0.860 0.815 0.770 0.726 0.682 0.639 0.596 0.553 0.580 0.615 0.647 0.677 0.704 0.728 0.750 0.769 0.785 0.799 0.811 0.819 0.948 1.089 1.225 1.354 1.476 1.593 1.703 1.807 1.905 1.996 2.081 2.160 2.615
1.374 1.404 1.436 1.491 1.535 1.567 1.587 1.596 1.593 1.579 1.553 1.515 1.441 1.361 1.285 1.215 1.148 1.087 1.029 0.977 0.929 0.885 0.846 0.811 0.824 0.853 0.882 0.911 0.940 0.970 1.000 1.030 1.060 1.091 1.122 1.153 1.128 1.082 1.037 0.992 0.948 0.905 0.861 0.819 0.776 0.735 0.693 0.652 0.662 0.688 0.711 0.731 0.749 0.764 0.777 0.787 0.795 0.800 0.802 0.802 0.893 1.012 1.126 1.233 1.334 1.429 1.517 1.604 1.693 1.777 1.857 1.932 2.314
1.626 1.664 1.690 1.705 1.708 1.699 1.678 1.646 1.602 1.547 1.480 1.401 1.326 1.262 1.203 1.148 1.097 1.051 1.010 0.973 0.941 0.913 0.890 0.871 0.882 0.912 0.942 0.972 1.002 1.033 1.064 1.095 1.126 1.158 1.190 1.222 1.209 1.165 1.121 1.078 1.036 0.994 0.952 0.911 0.870 0.830 0.790 0.751 0.746 0.763 0.777 0.788 0.797 0.803 0.807 0.808 0.807 0.803 0.796 0.787 0.846 0.950 1.050 1.145 1.236 1.323 1.405 1.483 1.556 1.625 1.690 1.750 2.038
1.976 1.972 1.957 1.931 1.893 1.843 1.782 1.709 1.624 1.528 1.420 1.300 1.207 1.159 1.115 1.076 1.041 1.011 0.986 0.965 0.948 0.936 0.929 0.926 0.940 0.971 1.001 1.032 1.064 1.095 1.127 1.159 1.192 1.224 1.257 1.290 1.289 1.247 1.205 1.164 1.123 1.082 1.042 1.003 0.964 0.925 0.887 0.849 0.833 0.841 0.845 0.848 0.848 0.837 0.824 0.813 0.805 0.799 0.795 0.794 0.837 0.925 1.010 1.090 1.166 1.237 1.304 1.366 1.424 1.478 1.527 1.572 1.776
2.337 2.293 2.237 2.170 2.091 2.000 1.898 1.784 1.658 1.521 1.373 1.212 1.083 1.050 1.023 0.999 0.981 0.967 0.957 0.952 0.951 0.955 0.963 0.976 0.997 1.029 1.061 1.092 1.125 1.157 1.190 1.223 1.257 1.290 1.324 1.358 1.369 1.328 1.288 1.248 1.209 1.170 1.132 1.094 1.056 1.019 0.964 0.902 0.853 0.836 0.822 0.810 0.800 0.793 0.788 0.786 0.786 0.788 0.793 0.801 0.832 0.905 0.974 1.039 1.099 1.155 1.207 1.254 1.297 1.335 1.369 1.399 1.528
2.711 2.626 2.529 2.421 2.301 2.170 2.027 1.872 1.705 1.528 1.338 1.137 0.954 0.938 0.926 0.918 0.915 0.917 0.923 0.934 0.949 0.969 0.993 1.022 1.054 1.087 1.119 1.152 1.186 1.219 1.253 1.287 1.321 1.356 1.391 1.426 1.449 1.409 1.371 1.312 1.250 1.188 1.126 1.064 1.002 0.940 0.879 0.817 0.764 0.755 0.749 0.746 0.745 0.746 0.750 0.756 0.764 0.775 0.789 0.805 0.831 0.889 0.943 0.992 1.037 1.078 1.114 1.146 1.174 1.197 1.215 1.229 1.294
3.096 2.971 2.834 2.685 2.524 2.352 2.168 1.972 1.765 1.546 1.316 1.074 0.821 0.820 0.824 0.832 0.845 0.863 0.885 0.911 0.942 0.978 1.018 1.062 1.111 1.144 1.178 1.212 1.246 1.280 1.315 1.350 1.361 1.373 1.386 1.400 1.413 1.351 1.289 1.227 1.165 1.103 1.041 0.979 0.918 0.856 0.794 0.732 0.672 0.672 0.674 0.679 0.687 0.696 0.709 0.723 0.741 0.760 0.782 0.807 0.834 0.877 0.916 0.950 0.980 1.005 1.026 1.042 1.055 1.062 1.066 1.065 1.074
3.481 3.329 3.150 2.961 2.759 2.546 2.321 2.085 1.837 1.578 1.307 1.024 0.730 0.698 0.718 0.742 0.771 0.804 0.842 0.884 0.931 0.982 1.038 1.098 1.159 1.172 1.182 1.192 1.203 1.215 1.228 1.241 1.255 1.270 1.286 1.302 1.319 1.267 1.205 1.143 1.081 1.019 0.957 0.895 0.833 0.771 0.709 0.647 0.585 0.586 0.597 0.611 0.626 0.645 0.666 0.689 0.714 0.743 0.773 0.806 0.841 0.870 0.893 0.912 0.926 0.936 0.942 0.943 0.940 0.933 0.921 0.904 0.884
3.875 3.699 3.480 3.249 3.007 2.753 2.488 2.211 1.922 1.622 1.310 0.987 0.652 0.571 0.606 0.647 0.691 0.743 0.798 0.848 0.894 0.936 0.973 1.005 1.033 1.048 1.060 1.073 1.087 1.101 1.117 1.133 1.149 1.167 1.185 1.203 1.223 1.182 1.121 1.059 0.997 0.935 0.872 0.810 0.748 0.686 0.624 0.562 0.500 0.498 0.518 0.540 0.564 0.591 0.620 0.652 0.686 0.723 0.762 0.803 0.847 0.866 0.874 0.878 0.877 0.872 0.862 0.848 0.830 0.807 0.780 0.748 0.712
4.277 4.081 3.821 3.550 3.267 2.972 2.666 2.348 2.019 1.678 1.341 1.006 0.659 0.532 0.589 0.642 0.691 0.734 0.773 0.808 0.838 0.863 0.884 0.900 0.912 0.923 0.938 0.954 0.970 0.987 1.005 1.023 1.042 1.062 1.083 1.104 1.126 1.098 1.036 0.974 0.912 0.850 0.788 0.726 0.664 0.602 0.540 0.478 0.415 0.408 0.436 0.466 0.499 0.535 0.572 0.613 0.655 0.700 0.748 0.798 0.850 0.867 0.860 0.848 0.832 0.812 0.787 0.758 0.724 0.686 0.644 0.597 0.546
4.688 4.475 4.175 3.886 3.599 3.298 2.983 2.656 2.315 1.961 1.593 1.212 0.818 0.593 0.634 0.671 0.703 0.731 0.754 0.772 0.786 0.795 0.800 0.800 0.796 0.798 0.815 0.833 0.852 0.872 0.892 0.913 0.935 0.957 0.980 1.004 1.029 1.015 0.953 0.890 0.828 0.766 0.704 0.642 0.580 0.518 0.455 0.393 0.331 0.315 0.352 0.391 0.432 0.476 0.522 0.571 0.622 0.676 0.732 0.790 0.851 0.873 0.850 0.823 0.792 0.756 0.716 0.671 0.627 0.590 0.553 0.517 0.480
5.396 5.109 4.801 4.480 4.146 3.798 3.437 3.063 2.675 2.274 1.860 1.433 0.992 0.659 0.684 0.705 0.721 0.733 0.739 0.742 0.740 0.733 0.721 0.705 0.684 0.672 0.692 0.713 0.734 0.756 0.779 0.802 0.827 0.852 0.877 0.904 0.931 0.931 0.869 0.807 0.744 0.682 0.620 0.558 0.496 0.433 0.371 0.309 0.247 0.220 0.265 0.313 0.363 0.415 0.470 0.527 0.587 0.649 0.713 0.780 0.849 0.880 0.842 0.804 0.766 0.729 0.691 0.655 0.618 0.582 0.547 0.511 0.476
6.303 5.810 5.456 5.088 4.707 4.312 3.905 3.484 3.049 2.602 2.141 1.667 1.180 0.730 0.739 0.743 0.744 0.739 0.730 0.716 0.698 0.675 0.647 0.615 0.578 0.546 0.568 0.591 0.615 0.640 0.665 0.691 0.718 0.745 0.774 0.803 0.832 0.847 0.785 0.723 0.661 0.599 0.536 0.474 0.412 0.349 0.287 0.225 0.163 0.123 0.176 0.232 0.291 0.352 0.449 0.558 0.651 0.727 0.788 0.832 0.861 0.863 0.826 0.789 0.752 0.716 0.680 0.644 0.609 0.574 0.540 0.505 0.471
7.277 6.557 6.124 5.710 5.282 4.841 4.386 3.919 3.438 2.944 2.436 1.915 1.381 0.834 0.798 0.787 0.771 0.750 0.725 0.695 0.661 0.622 0.578 0.530 0.477 0.420 0.444 0.469 0.496 0.523 0.551 0.579 0.609 0.639 0.669 0.701 0.733 0.764 0.702 0.639 0.577 0.515 0.453 0.390 0.328 0.266 0.203 0.255 0.306 0.307 0.441 0.558 0.659 0.744 0.813 0.866 0.903 0.923 0.928 0.916 0.888 0.845 0.809 0.773 0.738 0.703 0.668 0.634 0.600 0.566 0.532 0.499 0.467
