DATA/SHG/ECMWF/20170628/EN-44/20170630.en-44.asc
ncols        190
nrows        64
xllcorner    -5100000.000000000000
yllcorner    4130000.000000000000
cellsize     10000.000000000000
NODATA_value  -99999.000
[rows 32 to 63 of 64, columns 0 to 73 of 190]
8.239 7.972 7.618 7.238 6.836 6.413 5.968 5.502 5.014 4.505 3.975 3.423 2.849 2.255 2.102 1.968 1.826 1.678 1.523 1.361 1.192 1.016 0.833 0.643 0.446 0.242 0.338 0.443 0.552 0.665 0.782 0.903 1.028 1.157 1.290 1.427 1.568 1.708 1.624 1.536 1.444 1.349 1.251 1.148 1.043 0.933 0.820 0.764 0.737 0.718 0.758 0.783 0.795 0.792 0.776 0.746 0.702 0.645 0.573 0.487 0.388 0.296 0.400 0.500 0.594 0.683 0.767 0.845 0.918 0.986 1.049 1.106 1.158 1.216
9.636 9.248 8.818 8.362 7.885 7.387 6.867 6.325 5.762 5.178 4.572 3.945 3.296 2.626 2.366 2.207 2.042 1.869 1.689 1.503 1.309 1.109 0.901 0.687 0.465 0.237 0.296 0.415 0.538 0.665 0.796 0.931 1.070 1.213 1.359 1.510 1.665 1.824 1.759 1.659 1.604 1.564 1.528 1.495 1.466 1.441 1.420 1.402 1.388 1.377 1.368 1.345 1.308 1.257 1.193 1.114 1.022 0.916 0.796 0.662 0.514 0.352 0.427 0.508 0.584 0.655 0.720 0.780 0.835 0.884 0.928 0.967 1.000 1.028
11.070 10.561 10.040 9.509 8.957 8.383 7.788 7.171 6.533 5.873 5.192 4.490 3.766 3.021 2.637 2.454 2.264 2.067 1.863 1.652 1.434 1.209 0.977 0.739 0.493 0.240 0.250 0.383 0.520 0.661 0.805 0.954 1.107 1.330 1.554 1.771 1.982 2.187 2.213 2.179 2.148 2.121 2.097 2.077 2.061 2.049 2.040 2.035 2.033 2.036 1.991 1.919 1.834 1.735 1.622 1.495 1.355 1.200 1.032 0.849 0.653 0.443 0.459 0.522 0.579 0.631 0.678 0.720 0.756 0.787 0.812 0.833 0.848 0.857
12.539 11.910 11.284 10.678 10.050 9.401 8.731 8.039 7.325 6.591 5.835 5.057 4.258 3.438 2.916 2.708 2.494 2.272 2.044 1.809 1.566 1.317 1.061 0.798 0.527 0.255 0.312 0.556 0.794 1.026 1.253 1.473 1.687 1.895 2.098 2.294 2.484 2.668 2.727 2.705 2.687 2.673 2.662 2.655 2.651 2.652 2.656 2.663 2.675 2.690 2.627 2.507 2.374 2.226 2.065 1.890 1.701 1.498 1.281 1.050 0.806 0.547 0.496 0.540 0.579 0.613 0.641 0.665 0.682 0.695 0.702 0.704 0.700 0.692
14.044 13.296 12.550 11.869 11.166 10.442 9.696 8.929 8.141 7.331 6.500 5.647 4.773 3.877 3.202 2.970 2.731 2.485 2.237 2.016 1.811 1.621 1.446 1.285 1.140 1.010 1.029 1.252 1.470 1.681 1.886 2.085 2.279 2.466 2.647 2.822 2.991 3.154 3.237 3.228 3.222 3.221 3.223 3.228 3.237 3.250 3.267 3.287 3.311 3.339 3.276 3.108 2.926 2.730 2.520 2.297 2.060 1.808 1.543 1.264 0.972 0.665 0.538 0.564 0.585 0.600 0.610 0.614 0.614 0.608 0.597 0.580 0.558 0.531
15.585 14.717 13.838 13.082 12.304 11.504 10.684 9.842 8.978 8.093 7.187 6.240 5.247 4.263 3.432 3.204 2.991 2.793 2.610 2.442 2.289 2.151 2.028 1.920 1.827 1.749 1.752 1.954 2.150 2.341 2.525 2.703 2.875 3.041 3.202 3.356 3.504 3.646 3.742 3.746 3.753 3.764 3.779 3.797 3.819 3.845 3.874 3.907 3.944 3.984 3.938 3.722 3.491 3.247 2.989 2.717 2.432 2.132 1.819 1.492 1.151 0.796 0.585 0.593 0.595 0.592 0.583 0.570 0.551 0.526 0.497 0.462 0.421 0.376
17.162 16.174 15.151 14.317 13.389 12.364 11.349 10.342 9.345 8.356 7.376 6.405 5.443 4.489 3.579 3.403 3.242 3.097 2.966 2.850 2.750 2.664 2.593 2.538 2.497 2.471 2.480 2.661 2.836 3.006 3.169 3.326 3.477 3.623 3.762 3.895 4.022 4.144 4.243 4.259 4.279 4.303 4.330 4.361 4.396 4.434 4.476 4.522 4.571 4.624 4.613 4.348 4.070 3.777 3.471 3.151 2.817 2.469 2.108 1.733 1.343 0.940 0.637 0.626 0.610 0.589 0.562 0.530 0.492 0.450 0.466 0.535 0.619 0.717
17.808 16.575 15.371 14.331 13.329 12.335 11.351 10.375 9.408 8.450 7.500 6.560 5.629 4.706 3.792 3.587 3.478 3.385 3.306 3.243 3.194 3.161 3.142 3.139 3.150 3.177 3.218 3.374 3.528 3.676 3.818 3.955 4.085 4.209 4.328 4.440 4.546 4.646 4.740 4.769 4.801 4.838 4.878 4.921 4.969 5.020 5.074 5.133 5.195 5.260 5.301 4.988 4.661 4.320 3.966 3.598 3.216 2.820 2.410 1.987 1.549 1.098 0.694 0.691 0.711 0.745 0.794 0.856 0.932 1.022 1.126 1.244 1.377 1.523
17.477 16.345 15.244 14.231 13.260 12.297 11.343 10.398 9.461 8.534 7.615 6.706 5.805 4.913 4.030 3.754 3.698 3.656 3.630 3.619 3.622 3.641 3.675 3.723 3.787 3.866 3.959 4.091 4.225 4.352 4.473 4.588 4.698 4.801 4.899 4.990 5.075 5.155 5.228 5.274 5.319 5.368 5.421 5.477 5.537 5.601 5.668 5.739 5.814 5.892 5.974 5.640 5.265 4.877 4.474 4.057 3.577 3.094 2.628 2.181 1.750 1.338 0.943 0.998 1.067 1.149 1.246 1.357 1.481 1.620 1.773 1.939 2.120 2.315
17.113 16.084 15.084 14.122 13.181 12.249 11.325 10.411 9.505 8.609 7.721 6.842 5.972 5.110 4.258 3.905 3.901 3.912 3.938 3.978 4.034 4.105 4.191 4.292 4.407 4.538 4.684 4.814 4.927 5.033 5.133 5.228 5.316 5.399 5.475 5.545 5.610 5.668 5.721 5.774 5.832 5.894 5.959 6.028 6.101 6.177 6.257 6.341 6.428 6.389 6.322 5.888 5.378 4.885 4.410 3.953 3.513 3.091 2.686 2.300 1.930 1.578 1.244 1.291 1.408 1.539 1.684 1.844 2.017 2.204 2.405 2.620 2.849 3.092
16.718 15.791 14.893 14.003 13.093 12.192 11.299 10.415 9.540 8.674 7.817 6.968 6.129 5.298 4.477 4.040 4.088 4.151 4.229 4.322 4.430 4.553 4.690 4.843 5.011 5.194 5.392 5.542 5.634 5.719 5.799 5.872 5.940 6.001 6.057 6.106 6.150 6.187 6.219 6.270 6.341 6.415 6.376 6.324 6.268 6.207 6.141 6.072 5.998 5.919 5.836 5.502 5.053 4.621 4.207 3.811 3.432 3.071 2.727 2.401 2.093 1.802 1.529 1.570 1.736 1.915 2.109 2.316 2.538 2.774 3.023 3.287 3.564 3.856
16.292 15.466 14.671 13.876 12.996 12.125 11.263 10.410 9.565 8.730 7.903 7.086 6.277 5.477 4.686 4.158 4.258 4.373 4.504 4.649 4.809 4.984 5.174 5.379 5.598 5.833 6.083 6.276 6.347 6.411 6.470 6.522 6.569 6.609 6.641 6.532 6.432 6.340 6.258 6.193 6.139 6.081 6.018 5.950 5.879 5.803 5.722 5.637 5.548 5.454 5.356 5.099 4.711 4.340 3.987 3.652 3.334 3.034 2.751 2.486 2.239 2.009 1.796 1.835 2.049 2.277 2.519 2.775 3.045 3.329 3.627 3.939 4.265 4.605
15.834 15.110 14.416 13.738 12.889 12.049 11.218 10.395 9.581 8.777 7.981 7.193 6.415 5.646 4.885 4.261 4.413 4.580 4.762 4.959 5.171 5.398 5.640 5.897 6.169 6.456 6.758 6.991 6.850 6.719 6.597 6.483 6.379 6.283 6.196 6.118 6.048 5.988 5.936 5.886 5.816 5.742 5.664 5.582 5.495 5.403 5.307 5.207 5.103 4.994 4.880 4.679 4.352 4.043 3.750 3.476 3.219 2.980 2.758 2.554 2.367 2.198 2.047 2.087 2.349 2.626 2.916 3.220 3.539 3.871 4.217 4.578 4.952 5.340
15.344 14.723 14.130 13.567 12.773 11.964 11.163 10.371 9.588 8.814 8.048 7.292 6.544 5.805 5.075 4.354 4.551 4.770 5.005 5.254 5.502 5.691 5.856 5.997 6.116 6.211 6.284 6.321 6.212 6.112 6.020 5.937 5.864 5.799 5.742 5.695 5.657 5.627 5.606 5.583 5.498 5.409 5.316 5.218 5.116 5.009 4.898 4.782 4.663 4.538 4.410 4.243 3.977 3.728 3.497 3.283 3.087 2.909 2.748 2.604 2.478 2.370 2.279 2.324 2.635 2.960 3.299 3.651 4.018 4.399 4.793 5.202 5.624 6.061
14.823 14.303 13.813 13.351 12.648 11.869 11.099 10.338 9.585 8.841 8.107 7.381 6.663 5.967 5.298 4.631 4.712 4.912 5.090 5.243 5.374 5.482 5.566 5.628 5.666 5.681 5.672 5.641 5.565 5.496 5.435 5.383 5.340 5.306 5.280 5.264 5.256 5.257 5.267 5.285 5.185 5.080 4.972 4.859 4.741 4.619 4.493 4.363 4.228 4.088 3.944 3.790 3.584 3.396 3.226 3.073 2.938 2.820 2.720 2.638 2.573 2.525 2.495 2.548 2.907 3.281 3.668 4.069 4.484 4.913 5.355 5.812 6.283 6.768
14.271 13.853 13.464 13.104 12.514 11.765 11.052 10.375 9.700 9.027 8.357 7.689 7.022 6.359 5.697 5.037 4.931 5.050 5.147 5.220 5.271 5.298 5.302 5.283 5.240 5.175 5.086 4.974 4.910 4.872 4.842 4.820 4.808 4.805 4.810 4.824 4.847 4.879 4.920 4.969 4.876 4.757 4.633 4.505 4.372 4.235 4.093 3.948 3.797 3.643 3.484 3.320 3.175 3.048 2.939 2.847 2.772 2.715 2.676 2.654 2.650 2.663 2.694 2.758 3.166 3.587 4.023 4.472 4.935 5.412 5.904 6.409 6.923 7.312
13.822 13.578 13.352 13.145 12.735 12.061 11.389 10.720 10.052 9.387 8.724 8.063 7.404 6.748 6.093 5.441 5.174 5.213 5.229 5.222 5.192 5.139 5.062 4.962 4.840 4.694 4.525 4.333 4.247 4.239 4.240 4.249 4.268 4.295 4.331 4.376 4.430 4.493 4.564 4.644 4.573 4.438 4.299 4.155 4.008 3.855 3.699 3.538 3.372 3.202 3.028 2.850 2.749 2.683 2.634 2.603 2.589 2.593 2.615 2.653 2.710 2.784 2.875 2.984 3.410 3.875 4.291 4.698 5.099 5.492 5.877 6.255 6.625 6.988
13.825 13.645 13.484 13.341 13.055 12.388 11.724 11.062 10.402 9.744 9.088 8.435 7.783 7.134 6.487 5.843 5.441 5.400 5.335 5.248 5.137 5.004 4.847 4.667 4.464 4.238 3.989 3.716 3.575 3.598 3.629 3.670 3.719 3.777 3.844 3.919 4.004 4.097 4.199 4.310 4.274 4.124 3.970 3.811 3.648 3.481 3.309 3.133 2.952 2.767 2.578 2.384 2.307 2.301 2.313 2.343 2.390 2.454 2.538 2.641 2.742 2.841 2.938 3.034 3.368 3.765 4.155 4.537 4.911 5.278 5.638 5.990 6.335 6.672
13.807 13.692 13.595 13.517 13.372 12.713 12.056 11.401 10.748 10.098 9.450 8.804 8.160 7.518 6.878 6.241 5.733 5.611 5.466 5.299 5.108 4.894 4.657 4.396 4.113 3.807 3.477 3.124 2.895 2.948 3.011 3.082 3.162 3.250 3.348 3.454 3.569 3.693 3.826 3.968 3.980 3.815 3.646 3.472 3.293 3.111 2.924 2.732 2.537 2.336 2.132 1.939 1.935 2.042 2.147 2.251 2.352 2.452 2.551 2.648 2.743 2.836 2.928 3.018 3.291 3.662 4.026 4.382 4.731 5.072 5.406 5.732 6.051 6.363
13.769 13.718 13.686 13.673 13.678 13.035 12.385 11.738 11.093 10.450 9.809 9.170 8.533 7.899 7.267 6.637 6.049 5.847 5.622 5.374 5.102 4.808 4.491 4.150 3.787 3.400 2.990 2.557 2.206 2.291 2.384 2.485 2.596 2.715 2.844 2.981 3.126 3.281 3.445 3.617 3.691 3.511 3.326 3.137 2.954 2.801 2.654 2.513 2.378 2.249 2.127 2.010 1.984 2.085 2.184 2.282 2.378 2.472 2.565 2.656 2.745 2.833 2.919 3.004 3.221 3.567 3.905 4.235 4.558 4.874 5.182 5.482 5.775 6.061
13.710 13.724 13.757 13.808 13.878 13.354 12.712 12.072 11.434 10.799 10.165 9.534 8.905 8.278 7.653 7.030 6.410 6.107 5.801 5.473 5.122 4.747 4.350 3.929 3.485 3.018 2.528 2.015 1.509 1.624 1.748 1.880 2.022 2.172 2.331 2.498 2.675 2.876 3.101 3.314 3.461 3.305 3.155 3.010 2.872 2.740 2.614 2.494 2.381 2.273 2.171 2.076 2.034 2.129 2.223 2.315 2.405 2.494 2.581 2.666 2.750 2.832 2.912 2.991 3.159 3.478 3.790 4.095 4.392 4.682 4.964 5.239 5.507 5.766
13.631 13.710 13.807 13.923 14.057 13.671 13.036 12.404 11.773 11.145 10.519 9.895 9.273 8.654 8.036 7.421 6.808 6.391 6.006 5.597 5.165 4.711 4.233 3.732 3.208 2.661 2.091 1.498 0.882 0.950 1.155 1.422 1.677 1.920 2.151 2.371 2.579 2.775 2.959 3.131 3.289 3.154 3.025 2.901 2.784 2.673 2.568 2.469 2.377 2.290 2.209 2.135 2.085 2.175 2.263 2.349 2.434 2.517 2.598 2.678 2.756 2.832 2.907 2.980 3.103 3.397 3.683 3.962 4.234 4.498 4.754 5.004 5.245 5.479
13.532 13.675 13.837 14.017 14.215 13.986 13.358 12.733 12.110 11.489 10.870 10.253 9.639 9.027 8.417 7.809 7.203 6.700 6.234 5.745 5.234 4.699 4.141 3.593 3.075 2.561 2.052 1.549 1.050 1.114 1.351 1.577 1.792 1.994 2.184 2.363 2.530 2.685 2.829 2.960 3.080 2.997 2.888 2.786 2.690 2.600 2.516 2.439 2.367 2.301 2.242 2.188 2.141 2.222 2.304 2.385 2.464 2.541 2.617 2.691 2.763 2.834 2.903 2.970 3.055 3.323 3.584 3.837 4.083 4.321 4.552 4.775 4.991 5.199
13.412 13.620 13.846 14.090 14.353 14.297 13.677 13.059 12.443 11.830 11.218 10.609 10.002 9.397 8.795 8.194 7.583 6.998 6.467 5.941 5.420 4.904 4.392 3.886 3.384 2.888 2.396 1.909 1.427 1.363 1.560 1.745 1.918 2.080 2.230 2.368 2.494 2.608 2.711 2.801 2.880 2.834 2.746 2.665 2.590 2.521 2.459 2.402 2.351 2.306 2.268 2.235 2.209 2.271 2.347 2.422 2.496 2.567 2.637 2.705 2.772 2.837 2.900 2.962 3.022 3.256 3.491 3.719 3.939 4.151 4.356 4.554 4.744 4.927
13.272 13.544 13.834 14.143 14.471 14.606 13.993 13.383 12.775 12.211 11.649 11.065 10.461 9.835 9.187 8.519 7.829 7.185 6.671 6.162 5.657 5.158 4.663 4.174 3.689 3.209 2.734 2.264 1.799 1.624 1.780 1.925 2.057 2.178 2.287 2.384 2.469 2.543 2.605 2.655 2.693 2.665 2.598 2.538 2.484 2.436 2.395 2.359 2.329 2.306 2.288 2.277 2.271 2.321 2.392 2.461 2.529 2.595 2.659 2.722 2.783 2.842 2.900 2.956 3.010 3.197 3.406 3.608 3.802 3.989 4.168 4.340 4.505 4.662
13.112 13.448 13.877 14.356 14.864 15.331 14.780 14.208 13.614 12.999 12.363 11.705 11.026 10.326 9.604 8.861 8.097 7.366 6.869 6.377 5.889 5.406 4.929 4.456 3.988 3.525 3.067 2.613 2.165 1.897 2.013 2.116 2.208 2.288 2.356 2.413 2.457 2.490 2.511 2.520 2.518 2.490 2.445 2.405 2.372 2.346 2.325 2.310 2.301 2.299 2.302 2.312 2.327 2.373 2.438 2.502 2.564 2.624 2.683 2.739 2.795 2.848 2.900 2.951 2.999 3.144 3.328 3.504 3.672 3.855 4.043 4.231 4.419 4.607
13.429 13.950 14.500 15.079 15.688 16.325 15.814 15.168 14.500 13.810 13.100 12.368 11.615 10.840 10.044 9.227 8.388 7.542 7.062 6.586 6.116 5.650 5.189 4.733 4.282 3.835 3.394 2.958 2.526 2.182 2.257 2.320 2.371 2.410 2.437 2.453 2.457 2.449 2.429 2.398 2.355 2.309 2.285 2.267 2.255 2.249 2.249 2.255 2.267 2.286 2.310 2.341 2.377 2.427 2.486 2.544 2.600 2.655 2.708 2.759 2.808 2.856 2.907 2.961 3.019 3.149 3.337 3.526 3.714 3.901 4.089 4.276 4.463 4.650
13.817 14.439 15.090 15.770 16.479 17.217 16.870 16.150 15.407 14.644 13.859 13.053 12.225 11.376 10.506 9.615 8.702 7.768 7.249 6.791 6.337 5.888 5.443 5.004 4.570 4.140 3.716 3.296 2.881 2.479 2.513 2.535 2.545 2.544 2.531 2.505 2.469 2.420 2.360 2.288 2.204 2.122 2.119 2.122 2.131 2.146 2.167 2.194 2.227 2.267 2.312 2.364 2.421 2.482 2.536 2.577 2.620 2.666 2.715 2.768 2.823 2.883 2.945 3.011 3.080 3.199 3.386 3.574 3.761 3.948 4.135 4.322 4.508 4.694
14.174 14.896 15.647 16.428 17.237 18.075 17.949 17.154 16.337 15.499 14.640 13.760 12.858 11.935 10.991 10.025 9.038 8.030 7.432 6.990 6.553 6.120 5.693 5.270 4.853 4.440 4.032 3.630 3.232 2.838 2.781 2.762 2.732 2.690 2.636 2.570 2.492 2.403 2.302 2.189 2.065 1.929 1.947 1.971 2.001 2.037 2.079 2.127 2.188 2.246 2.299 2.348 2.393 2.434 2.482 2.533 2.587 2.644 2.704 2.768 2.835 2.906 2.980 3.057 3.137 3.249 3.436 3.622 3.809 3.995 4.181 4.367 4.553 4.738
14.497 15.320 16.172 17.053 17.963 18.901 19.049 18.180 17.289 16.377 15.444 14.490 13.514 12.516 11.498 10.458 9.397 8.315 7.609 7.183 6.763 6.348 5.937 5.531 5.131 4.735 4.344 3.957 3.576 3.200 3.061 3.002 2.930 2.848 2.753 2.646 2.528 2.398 2.257 2.103 1.938 1.800 1.845 1.914 1.979 2.039 2.095 2.147 2.194 2.236 2.275 2.309 2.338 2.364 2.422 2.485 2.550 2.619 2.691 2.766 2.844 2.926 3.011 3.100 3.191 3.299 3.485 3.671 3.857 4.042 4.228 4.413 4.598 4.782
14.789 15.712 16.664 17.645 18.656 19.695 20.172 19.229 18.264 17.278 16.270 15.241 14.191 13.120 12.028 10.914 9.779 8.622 7.780 7.372 6.968 6.570 6.176 5.787 5.403 5.024 4.649 4.280 3.916 3.556 3.353 3.253 3.141 3.017 2.850 2.690 2.541 2.400 2.269 2.147 2.035 1.932 1.946 2.000 2.049 2.094 2.135 2.172 2.204 2.231 2.255 2.274 2.288 2.298 2.360 2.433 2.510 2.590 2.673 2.760 2.850 2.943 3.040 3.139 3.242 3.349 3.534 3.720 3.905 4.090 4.274 4.459 4.643 4.827
15.047 16.071 17.124 18.205 19.316 20.455 21.317 20.299 19.260 18.200 17.119 16.016 14.892 13.746 12.580 11.392 10.183 8.952 7.947 7.555 7.168 6.786 6.409 6.037 5.670 5.307 4.948 4.538 4.114 3.676 3.346 3.182 3.027 2.881 2.745 2.618 2.501 2.393 2.294 2.204 2.124 2.054 2.051 2.090 2.124 2.154 2.180 2.201 2.218 2.231 2.239 2.243 2.242 2.237 2.294 2.379 2.467 2.558 2.653 2.751 2.852 2.957 3.065 3.176 3.290 3.408 3.584 3.768 3.953 4.137 4.321 4.504 4.688 4.871
