DATA/RAW-RASTER/ECMWF/20170628/EN-29/20170710.en-29.asc
ncols			31
nrows			16
xllcorner		69.5
yllcorner		19.5
cellsize		1.0
NODATA_value	-99999
6.91223 1.19781 2.87628 2.43378 0.48828 4.44031 0.51880 0.04578 1.66321 9.80377 2.51770 2.60162 2.29645 0.95367 0.38910 0.33569 0.41199 0.01526 0.13733 0.51880 0.32806 0.32806 0.36621 0.75531 1.23596 1.20544 1.10626 0.85449 0.85449 1.06812 1.93024
0.04578 0.09155 10.59723 21.56830 3.93677 3.68500 0.25940 1.15204 0.61798 3.96729 11.56616 6.77490 4.22668 6.08826 4.61578 1.80817 1.35040 0.41962 0.32043 0.18311 0.07629 0.09918 0.24414 0.57220 0.68665 2.39563 1.29700 1.47247 1.65558 0.32043 1.93024
0.12970 0.57220 0.11444 10.81848 35.69794 5.62286 2.09045 0.01526 1.80054 1.88446 3.59344 0.93079 3.96729 15.96069 20.56122 4.45557 1.35040 0.38147 0.09155 0.13733 0.01526 0.01526 0.19073 0.54932 1.11389 0.77820 6.01196 4.42505 3.54004 5.15747 1.30463
0.02289 0.01526 0.35858 3.60870 11.23047 9.78851 3.45612 13.54980 0.14496 4.92859 3.44849 0.86975 0.36621 12.92419 20.30945 1.35803 0.39673 0.04578 0.00763 0.00000 0.00000 0.00000 0.09918 0.19836 0.36621 2.08282 5.52368 6.66809 2.22778 6.11877 8.71277
0.06104 0.00000 0.01526 0.18311 0.49591 5.76019 4.72260 3.47137 2.86865 1.70135 1.55640 4.74548 4.53949 6.67572 8.59833 1.44958 3.61633 0.57220 0.67902 0.90790 1.38092 0.96893 1.41907 0.67902 1.49536 6.46210 4.33350 4.24957 10.05554 11.29150 3.02887
3.11279 0.00000 0.00000 0.00000 0.01526 0.06104 1.41144 11.88660 6.45447 17.76123 33.55408 15.15198 5.88989 8.70514 15.38086 5.81360 6.56128 0.42725 1.73950 1.59454 0.91553 0.81635 0.73242 0.92316 1.64032 5.23376 1.67084 9.74274 11.68060 8.11005 17.18140
0.20599 0.01526 0.00000 0.00000 0.01526 0.06104 0.33569 2.87628 29.35028 9.28497 31.12793 25.65765 44.00635 6.83594 9.94873 11.58905 13.06152 14.91547 15.32745 2.55585 5.19562 3.75366 4.63867 1.86920 2.17438 3.54004 3.08228 10.58960 15.20538 16.99829 12.98523
0.00000 0.00000 0.00000 0.01526 0.09155 0.06104 0.29755 1.31989 21.44623 11.36017 12.90131 15.75470 16.11328 48.89679 59.48639 32.21130 26.80969 16.02173 19.19556 9.75800 6.86646 4.84467 9.26971 7.28607 1.87683 34.79004 206.76422 56.32019 34.82056 9.37653 14.31274
0.00000 0.00000 0.00000 0.00000 0.02289 0.88501 3.04413 2.12097 9.24683 12.87842 13.87024 5.54657 16.02173 15.69366 30.26581 19.69147 28.25928 64.72015 58.30383 42.21344 45.44830 56.67114 29.51050 31.02112 14.46533 46.14258 81.40564 187.18719 53.40576 10.65826 11.71112
0.24414 0.35858 0.28229 0.33569 0.67902 0.08392 1.34277 5.72968 7.49969 37.96387 27.56500 6.37817 3.02887 7.65228 10.09369 6.27136 9.34601 15.47241 21.37756 17.80701 11.36017 24.25385 25.22278 22.76611 16.65497 32.56226 87.80670 56.69403 53.57361 12.84027 12.93182
0.93079 1.22833 0.83923 0.34332 0.01526 0.67139 5.82123 9.78088 29.42657 32.58514 26.58081 14.32037 4.92859 11.54327 3.16620 4.50134 1.89972 4.51660 5.26428 3.63922 7.73621 14.64844 28.25928 13.19885 18.19611 43.29681 29.60205 35.94971 61.21826 12.30621 14.68658
0.76294 0.92316 1.24359 2.76184 0.63324 1.15967 1.37329 4.04358 14.19067 22.00317 27.89307 18.01300 22.22443 3.62396 5.59998 5.02014 3.25775 6.81305 3.06702 2.06757 4.04358 4.15802 8.79669 8.27789 18.12744 36.10229 22.23969 24.34540 16.07513 15.54871 22.37701
1.00708 0.71716 0.41962 0.69427 1.40381 1.43433 2.09808 7.59125 21.86584 10.02502 12.86316 15.80811 5.02777 14.96887 6.86646 7.86591 8.28552 4.95148 2.19727 2.15149 3.15094 13.46588 13.95416 26.12305 25.88654 22.79663 3.48663 8.85010 10.32257 13.73291 18.60046
1.77002 1.82343 0.51880 4.06647 2.56348 1.78528 1.32751 16.23535 14.31274 12.48169 11.06262 16.38031 12.99286 13.77869 13.97705 20.58411 4.79889 6.62231 6.91223 8.49915 2.63977 8.55255 3.24249 11.81030 9.08661 2.18201 0.74768 7.46918 9.12476 7.17926 11.55090
1.81580 1.96075 1.68610 8.12531 1.32751 3.43323 3.33405 4.44031 11.86371 24.88708 21.63696 8.23975 13.88550 23.84949 8.08716 11.40594 3.34930 11.75690 3.70026 3.79944 3.71552 2.81525 6.88934 11.74927 1.09863 0.93842 0.33569 5.71442 5.87463 14.45770 17.53998
3.46375 1.77765 4.09698 10.62012 1.59454 5.88226 8.49152 8.84247 32.36389 12.03156 16.69312 8.26263 2.15149 1.45721 4.18854 13.27515 20.43152 10.48279 6.70624 5.08881 1.86920 3.07465 4.06647 6.42395 6.86646 1.94550 1.45721 8.33130 10.78033 14.56451 16.02173
