DATA/RAW-RASTER/ECMWF/20170628/EN-29/20170704.en-29.asc
ncols			31
nrows			16
xllcorner		69.5
yllcorner		19.5
cellsize		1.0
NODATA_value	-99999
0.89264 4.72260 0.44250 2.31934 1.65558 0.54932 0.01526 0.01526 0.10681 0.00000 0.06866 0.35095 0.43488 1.22070 0.48828 2.00653 2.12097 1.05286 0.74768 2.67792 8.02612 4.44794 10.60486 5.15747 7.17163 5.68390 3.44849 1.38092 0.80872 0.77820 0.81635
0.69427 5.67627 19.02771 5.59235 1.86920 0.70953 0.01526 0.13733 0.07629 0.00000 0.00000 0.29755 0.92316 0.89264 0.70190 1.25885 2.51007 2.08282 3.32642 3.95966 2.72369 5.93567 1.80817 1.33514 1.29700 0.51117 0.10681 0.00000 0.19836 0.30518 1.36566
1.16730 3.56293 0.88501 16.22772 10.56671 4.37927 0.44250 0.06104 0.10681 0.00000 0.00000 0.73242 0.45776 0.17548 1.36566 1.27411 1.99127 1.62506 3.80707 2.47192 1.02997 0.37384 0.55695 0.28992 0.69427 0.68665 0.08392 0.05341 2.00653 2.45667 1.73950
0.39673 0.04578 0.28229 1.40381 7.38525 11.61957 9.65881 14.88495 0.03815 0.00000 0.63324 0.86212 1.15967 4.15802 1.86920 1.99127 1.50299 1.96075 1.26648 0.12207 1.53351 1.96838 3.08990 3.71552 3.32642 0.51880 1.44958 2.90680 1.65558 6.99615 5.76019
0.30518 0.00000 0.03052 0.00000 0.30518 3.11279 7.78961 3.47900 2.43378 0.24414 0.09155 0.88501 3.81470 2.96021 3.15094 4.19617 2.49481 3.14331 2.47192 0.41962 0.45776 1.68610 3.76892 0.99182 2.51007 3.75366 5.79834 8.99506 9.65118 13.71765 4.38690
0.00000 0.00000 0.00000 0.00000 0.29755 1.14441 6.12640 6.97327 7.14111 6.14929 30.65491 8.66699 7.72858 4.28009 6.40869 5.27954 4.57764 0.61798 7.42340 12.07733 6.79016 6.66809 4.49371 4.03595 4.90570 9.10187 5.11169 5.44739 19.00482 12.98523 13.14545
0.00000 0.00000 0.00000 0.00000 0.49591 2.19727 4.20380 15.67841 13.54218 6.91223 24.55902 31.16608 38.18512 13.05389 6.52313 10.90240 5.96619 19.48547 11.68823 13.18359 9.77325 14.88495 4.54712 1.19019 11.87134 8.93402 4.73785 14.28223 12.16125 11.32202 10.95581
0.00000 0.00000 0.00000 0.00000 0.97656 2.75421 1.90735 2.38037 10.51331 6.08063 4.66156 6.20270 12.06207 21.46912 30.47180 67.68036 40.92407 19.92035 6.20270 7.43103 8.68988 8.76617 11.45935 16.48712 22.75848 7.56073 43.82324 25.07782 33.42438 12.58850 9.62067
0.00000 0.00000 0.00000 0.01526 0.88501 3.19672 2.77710 4.58527 9.14001 8.91876 14.19830 11.07025 36.23962 128.74603 13.68713 5.26428 22.74323 169.73877 101.37177 31.70776 19.05060 60.52399 15.02228 30.01404 31.21185 6.46210 14.70184 93.16254 60.25696 14.43481 14.91547
0.00000 0.09155 0.06104 0.33569 1.25885 1.37329 10.72693 7.00378 9.86481 21.38519 24.78790 12.91656 8.62885 16.92200 28.09906 25.81787 18.83698 70.93048 68.67981 19.47784 30.03693 74.12720 69.39697 59.72290 49.70551 18.48602 38.87177 13.13019 9.84955 31.69250 14.11438
0.19836 0.12970 0.47302 0.38147 0.95367 8.46100 10.17761 6.93512 7.77435 20.93506 45.02106 41.70227 27.48871 20.56885 16.20483 25.63477 36.27014 24.14703 21.73615 26.30615 29.02985 30.89142 93.65845 24.29962 26.67999 22.56775 21.00372 8.85010 6.21033 2.73132 9.23157
0.48828 0.54169 1.87683 2.36511 1.70135 3.60107 5.64575 4.48608 10.01740 12.26807 19.14215 18.78357 20.08820 49.07227 31.63147 11.26099 19.66858 27.12250 12.81738 19.09637 34.88922 27.77863 13.99231 9.22394 23.77319 6.47736 10.95581 9.90295 4.85229 2.87628 3.54767
1.74713 1.79291 4.73022 9.52911 14.17542 8.18634 26.90125 21.97266 3.24249 1.56403 3.41034 2.70844 18.73779 16.99829 16.09039 14.48059 12.39014 24.68872 35.53772 49.70551 41.24451 67.32941 27.22168 9.75800 20.40863 11.33728 10.42175 20.01953 37.28485 3.09753 2.72369
7.01141 23.23914 15.14435 4.90570 2.60925 2.27356 3.83759 5.37872 3.26538 0.63324 10.61249 15.17487 15.94543 24.33014 27.68707 21.98029 3.78418 18.24188 12.86316 24.33777 12.58850 42.43469 39.26086 28.67126 2.44904 0.67902 8.11005 36.01074 25.68817 6.18744 5.54657
16.39557 20.93506 7.97272 19.54651 3.92914 4.53949 1.67847 2.37274 0.86212 0.82397 1.01471 4.83704 4.20380 13.72528 10.03265 2.67029 1.79291 5.94330 25.12360 21.09528 45.73059 37.17804 60.74524 35.75897 19.44733 3.15857 7.76672 8.75092 9.23920 16.29639 15.16724
9.94873 53.15399 20.04242 30.24292 3.41034 1.40381 1.57166 2.23541 2.11334 0.58746 0.64850 3.89862 2.14386 0.88501 3.67737 1.74713 3.36456 7.53784 13.86261 13.44299 18.77594 25.96283 31.41022 33.72192 37.42981 11.74927 31.65436 1.97601 3.71552 8.91876 22.43805
