DATA/RAW-RASTER/ECMWF/20170628/EN-29/20170708.en-29.asc
ncols			31
nrows			16
xllcorner		69.5
yllcorner		19.5
cellsize		1.0
NODATA_value	-99999
10.58197 1.00708 1.06049 1.27411 3.02887 2.86865 0.81635 0.21362 0.10681 0.18311 0.81635 0.70190 1.48010 0.87738 1.50299 0.64087 0.57220 0.67139 1.00708 1.41144 2.47955 2.67029 1.64795 0.90790 5.11932 3.98254 10.88715 9.08661 11.67297 23.20862 14.05334
0.09155 1.96075 0.27466 0.16785 3.02887 0.82397 0.03052 0.13733 0.03815 0.00000 0.09918 0.54932 2.56348 2.10571 2.09045 1.25122 2.02942 0.48828 1.28937 1.60217 5.56183 12.57324 14.49585 10.87189 12.29095 17.01355 8.18634 8.15582 8.52203 16.12091 12.69531
0.11444 0.45013 0.00763 0.50354 0.43488 1.54114 1.75476 0.00000 0.00000 0.00000 0.00000 0.55695 2.02179 2.15912 6.34003 2.44904 2.90680 0.91553 0.86212 1.18256 4.23431 5.20325 6.09589 8.93402 8.10242 10.03265 9.35364 5.10406 9.46045 5.18799 13.50403
0.33569 0.02289 0.04578 1.32751 0.12207 0.76294 0.48065 6.88934 0.00000 0.00000 0.00763 0.06104 0.10681 0.72479 9.72748 2.47955 2.06757 0.99182 0.57220 0.93842 1.28174 4.07410 6.02722 6.99615 4.90570 3.08228 7.32422 8.40759 10.62775 7.78961 6.32477
3.02887 0.03815 0.00000 0.00000 0.24414 1.02997 0.45776 2.29645 1.50299 0.35858 0.08392 0.94604 0.54169 4.13513 7.99561 11.24573 7.47681 5.47028 5.16510 0.79346 0.96130 4.18091 3.82996 3.89099 2.85339 5.80597 6.08826 5.36346 4.92096 9.40704 7.48444
0.32806 0.00000 0.00000 0.00000 0.00000 0.08392 0.08392 2.38037 1.51062 10.02502 0.12207 4.94385 0.43488 2.95258 0.87738 5.68390 17.34924 7.32422 6.15692 14.32800 15.44952 8.14056 13.50403 8.82721 12.77161 9.62830 4.93622 1.59454 4.17328 5.40161 10.44464
0.00000 0.04578 0.00000 0.00000 0.00000 0.00763 0.02289 0.27466 3.96729 8.88062 9.75037 6.67572 0.28229 35.60638 1.93024 5.43213 7.67517 8.04901 7.19452 8.02612 12.09259 14.48822 16.58630 8.03375 7.90405 15.31219 8.24738 4.73785 4.14276 2.83051 12.41302
0.00000 0.00000 0.00000 0.00000 0.00763 0.01526 0.36621 0.10681 1.09863 10.95581 8.42285 29.22821 3.32642 38.16986 10.70404 2.34985 16.33453 4.72260 11.82556 6.93512 6.75964 10.28442 1.65558 11.52802 20.01953 13.61084 4.06647 1.15204 17.32635 3.95966 2.68555
0.00000 0.00763 0.02289 0.08392 0.00000 0.00763 0.06104 0.05341 0.61035 7.14111 6.07300 14.78577 7.54547 1.67847 4.32587 1.85394 7.27844 7.57599 6.53839 7.89642 37.01782 10.41412 28.67126 10.90240 4.77600 5.61523 9.64355 10.75745 55.64880 9.12476 14.49585
0.00763 0.52643 0.60272 0.66376 0.17548 0.00763 0.00000 0.07629 1.09100 0.80872 11.30676 5.48553 8.18634 15.49530 7.56836 8.98743 8.46100 13.03101 6.62994 16.47949 15.17487 5.52368 15.34271 9.65118 1.67847 5.88989 27.29797 8.64410 14.80865 3.79944 1.21307
0.86212 0.91553 1.35803 1.12152 0.43488 1.48010 0.22888 0.78583 0.78583 2.03705 2.34985 4.10461 1.92261 14.07623 13.18359 14.35852 20.72144 11.36017 3.19672 13.44299 9.97162 16.31927 18.73779 10.33020 1.57928 18.79120 16.09039 13.82446 3.95203 3.76892 4.58527
0.74005 1.75476 1.86920 2.21252 0.69427 1.03760 1.19781 1.33514 6.87408 10.44464 12.10785 5.85175 8.22449 10.96344 17.93671 10.49042 15.86151 8.32367 5.39398 2.77710 2.98309 2.22778 2.09045 5.59235 8.97217 11.52039 5.86700 21.31653 6.41632 2.09045 13.97705
1.22833 0.94604 1.36566 1.61743 2.09808 1.77765 1.00708 1.68610 1.01471 7.56836 2.72369 24.84894 9.40704 15.45715 19.34052 13.79395 12.05444 4.54712 6.93512 3.67737 3.71552 2.04468 5.17273 7.50732 2.06757 1.41907 0.65613 8.75854 39.74915 4.05121 3.45612
1.40381 1.96838 0.92316 4.37927 2.88391 1.20544 0.97656 2.11334 2.82288 0.32806 1.60217 0.64850 9.10187 5.64575 13.28278 6.74438 5.13458 6.76727 10.33020 6.11115 4.18854 6.79779 4.98199 9.43756 1.39618 0.25177 2.36511 11.84845 10.22339 6.48499 1.82343
1.42670 1.71661 0.61798 2.99072 2.89917 0.77057 0.65613 1.36566 0.62561 0.54932 0.64087 1.19019 1.20544 7.82013 11.40594 7.79724 2.91443 3.21960 2.43378 4.48608 2.78473 4.68445 9.90295 11.86371 13.71765 1.43433 4.15039 8.07190 13.55743 12.50458 7.45392
1.07574 2.22778 2.22015 9.42230 1.58691 1.67084 1.28174 1.21307 0.50354 0.78583 2.07520 0.84686 1.29700 0.72479 5.96619 7.68280 3.18909 3.66974 2.57111 5.11932 2.82288 5.14221 12.77924 10.23102 8.98743 9.53674 6.73676 17.36450 30.71594 15.09094 40.75623
