DATA/RAW-RASTER/ECMWF/20170628/EN-29/20170703.en-29.asc
ncols			31
nrows			16
xllcorner		69.5
yllcorner		19.5
cellsize		1.0
NODATA_value	-99999
0.03052 2.26593 0.61798 1.74713 5.28717 1.29700 0.03052 0.00000 0.06104 0.01526 0.96893 1.36566 4.34113 0.82397 1.76239 0.76294 0.51880 0.25177 0.16022 0.38910 0.05341 0.03815 0.60272 0.64087 0.15259 0.00000 0.00000 0.01526 0.10681 0.00763 0.11444
0.31281 5.01251 0.64850 0.54932 1.72424 3.19672 0.03052 0.19836 0.06104 0.00000 0.16022 3.97491 2.15149 2.62451 2.34222 2.05994 1.71661 0.51117 0.25177 0.08392 0.07629 0.12970 0.19836 0.04578 0.06104 0.02289 0.00000 0.00000 0.00763 0.02289 0.83160
0.77057 0.27466 0.47302 0.86212 1.17493 2.96021 2.68555 0.06104 0.03052 0.00000 0.25177 1.94550 1.97601 2.87628 2.15912 1.39618 0.93079 0.99182 1.03760 0.54169 0.00000 0.00000 0.90027 1.84631 1.97601 1.54877 1.30463 0.25940 0.10681 0.54169 0.95367
0.86212 0.00000 0.04578 1.19019 0.79346 2.47192 4.19617 8.74329 0.12970 1.02997 5.50842 4.66156 1.49536 15.23590 0.84686 1.30463 0.99945 0.52643 0.61035 0.27466 0.18311 0.55695 0.55695 4.35638 8.91113 10.17761 5.52368 2.85339 2.35748 2.34985 1.49536
0.50354 0.28229 0.00000 0.25940 1.22833 1.99127 1.42670 2.67029 5.98145 0.07629 0.83160 2.43378 1.57928 3.19672 7.19452 9.23157 7.17926 3.86810 1.04523 0.99182 1.38855 1.08337 3.93677 5.80597 14.00757 20.01953 13.25226 10.13947 8.55255 2.55585 0.35095
2.77710 0.00000 0.13733 0.53406 1.06812 2.30408 2.09045 2.10571 4.15802 7.97272 20.65277 3.65448 1.02997 0.90790 1.48773 9.68170 12.57324 10.13947 12.19177 1.02997 1.07574 7.17163 9.39941 10.10132 22.43042 22.30835 8.00323 7.97272 4.65393 1.35803 0.30518
0.00000 0.03815 0.12970 0.45013 1.57166 2.79999 2.90680 2.21252 3.28827 1.99890 4.04358 15.08331 15.30457 2.15912 2.27356 1.73950 3.05939 3.04413 7.94983 7.67517 13.44299 8.99506 12.93945 22.22443 13.91602 14.73236 9.24683 5.42450 7.40814 3.79181 6.26373
0.00000 0.00000 0.23651 0.77820 4.27246 3.31116 11.49750 7.03430 14.01520 6.47736 2.60925 6.00433 11.78741 9.46808 19.99664 40.64941 17.09747 0.86212 11.77216 10.11658 13.57269 22.20154 18.35632 17.77649 7.43866 5.99670 2.72369 6.71387 19.58466 6.40106 14.59503
0.00000 0.22888 1.08337 1.19019 9.87244 10.31494 14.95361 7.66754 14.64844 19.98138 22.30072 13.99231 18.72253 14.87732 12.92419 8.01086 7.90405 37.03308 92.85736 42.86957 30.91431 161.19385 17.12799 3.65448 1.44196 2.26593 4.89044 14.33563 32.76062 4.93622 16.89911
0.04578 0.64850 3.06702 2.77710 4.15802 15.24353 12.84790 5.55420 8.79669 13.74054 19.49310 16.18195 18.62335 17.70782 26.03912 14.86969 13.93127 15.19012 21.28601 28.99933 26.47400 30.35736 40.69519 11.40594 23.55194 32.71484 29.09088 93.91022 106.46820 9.91058 5.50842
0.04578 1.25122 3.49426 2.34985 17.16614 8.56018 3.63159 9.88770 10.00214 8.94165 1.73950 6.29425 7.80487 11.90948 13.10730 19.35577 31.12793 24.71161 26.15356 30.56335 33.58459 39.89410 81.84052 60.72235 78.91846 24.33014 99.80011 18.90564 31.11267 14.55688 16.86096
6.75201 9.34601 14.14490 13.58032 8.01849 1.99127 2.61688 18.39447 12.16888 3.18909 5.31769 4.38690 5.12695 4.96674 20.14160 17.03644 33.77533 37.42218 39.71863 47.53876 65.19318 36.49139 16.77704 43.55621 66.52832 63.71307 23.91052 30.28107 36.88049 24.23096 16.85333
2.72369 7.13348 20.77484 32.16553 44.95239 73.07434 11.01685 11.48987 2.34985 10.82611 4.45557 8.58307 11.42120 18.42499 24.78790 23.06366 18.63098 14.19830 22.12524 42.96112 53.62701 48.95020 37.35352 17.02881 5.01251 8.21686 15.37323 32.36389 22.97974 20.92743 14.06097
9.49860 12.72583 16.88385 28.11432 4.31824 8.69751 2.51770 1.12915 1.80817 5.04303 4.41742 7.17926 9.14764 19.69910 16.04462 19.12689 11.89423 16.21246 6.68335 32.79114 29.03748 46.77582 51.24664 51.69678 3.72314 7.91931 5.59998 12.68005 26.71814 22.75085 5.63049
12.80212 15.10620 7.71332 25.23804 2.52533 14.24408 1.81580 0.98419 1.24359 0.71716 0.53406 6.93512 3.57056 17.68494 13.21411 4.35638 7.04193 8.34656 21.67511 17.31110 35.87341 42.79327 57.84607 44.76166 22.17865 2.29645 7.32422 2.05994 7.78198 16.96777 8.00323
9.58252 22.74323 29.09088 45.95947 3.31879 19.14978 9.36890 7.95746 0.96893 0.28229 3.33405 6.67572 8.87299 1.36566 6.67572 7.81250 3.46375 6.91223 10.21576 8.44574 16.96014 29.01459 47.99652 44.12079 56.12183 8.75854 8.84247 2.75421 8.81958 7.76672 10.62775
