DATA/RAW-RASTER/ECMWF/20170628/EN-29/20170706.en-29.asc
ncols			31
nrows			16
xllcorner		69.5
yllcorner		19.5
cellsize		1.0
NODATA_value	-99999
3.05939 7.08771 1.87683 3.97491 5.16510 3.15857 4.63867 6.20270 0.42725 0.01526 1.37329 2.71606 4.32587 10.18524 6.86646 6.21796 9.50623 12.22992 13.61084 5.14221 0.60272 0.24414 0.25177 0.51117 0.56458 0.53406 0.84686 0.23651 0.01526 0.01526 0.90790
1.05286 6.48499 15.15961 9.86481 4.09698 2.76947 0.81635 0.25177 1.57166 0.80872 1.42670 2.08282 4.40216 7.30896 7.14874 4.53949 11.85608 9.08661 16.47186 4.32587 2.31934 0.25177 0.38910 0.22888 0.35858 0.57220 0.53406 1.22070 1.79291 0.87738 0.93842
1.27411 2.83051 5.21851 1.38855 1.73950 1.22833 2.28882 1.54114 2.15149 0.11444 0.42725 1.93787 2.99835 2.15912 7.77435 9.26208 6.93512 5.82886 7.54547 3.89862 1.72424 3.60107 2.81525 2.95258 1.06049 2.22778 4.03595 5.23376 1.55640 1.96075 1.12915
4.07410 4.53949 6.60706 3.41034 1.02997 1.12915 2.78473 4.98199 0.48065 0.70953 2.73895 4.86755 12.96234 9.53674 16.72363 9.20105 8.66699 14.61029 7.13348 7.42340 11.27625 13.31329 17.66205 14.28223 18.31818 11.22284 16.75415 17.91382 24.54376 19.25659 9.54437
9.61304 3.34167 2.29645 3.85284 4.72260 5.55420 3.18146 8.67462 12.55798 12.05444 2.53296 14.82391 8.86536 7.54547 9.12476 19.47784 10.10132 12.42065 15.93018 17.92145 17.29584 15.03754 18.37921 23.13232 15.16724 12.61139 6.93512 5.24902 9.09424 11.16943 15.41901
5.99670 0.00763 0.00000 0.06104 0.42725 1.93787 2.41089 86.21979 44.10553 28.56445 40.49683 39.58893 14.59503 5.57709 7.66754 4.25720 4.14276 6.11115 8.17108 12.39014 10.51331 8.90350 10.95581 13.08441 8.97217 20.30945 3.68500 0.39673 0.73242 3.09753 7.03430
0.00000 0.00000 0.00000 0.02289 0.00000 0.14496 1.25122 5.30243 24.15466 41.82434 47.79816 61.86676 33.76770 22.30835 4.69971 2.07520 2.88391 0.73242 2.12860 8.56018 5.56946 6.71387 7.14111 4.43268 9.89532 30.96771 26.42822 9.30023 1.60980 4.70734 2.31934
0.00000 0.00000 0.00000 0.00000 0.00000 0.12970 0.06866 7.69806 13.77869 30.12085 29.36554 42.09137 60.64606 86.74622 71.09833 36.72791 10.35309 0.82397 0.69427 3.43323 5.54657 10.00214 6.66046 13.80920 15.12909 41.07666 26.03149 4.40979 19.04297 1.49536 1.76239
0.01526 0.00763 0.06866 0.13733 0.03815 0.16022 0.72479 10.67352 27.32086 30.50232 62.33215 32.44019 38.20801 21.73615 32.33337 15.53345 6.16455 10.70404 44.29626 26.59607 29.60205 21.80481 79.49066 54.42810 7.33185 6.12640 19.27948 11.01685 11.05499 6.53839 1.07574
0.14496 0.60272 1.29700 0.93842 0.10681 0.00000 0.80109 3.54767 12.95471 58.66241 30.22766 33.16498 42.44232 5.00488 44.36493 12.24518 15.01465 14.66370 9.83429 9.13239 11.34491 16.73889 11.66534 1.93787 6.72913 13.71002 15.46478 9.43756 7.42340 1.15967 0.82397
0.82397 0.93079 1.46484 0.31281 0.03815 0.63324 2.04468 5.50842 11.74927 25.84076 20.95795 18.69965 11.32202 6.96564 18.84460 6.17218 18.05878 17.19666 32.32574 12.72583 5.13458 15.64026 26.29089 5.56183 1.92261 3.77655 5.05829 5.01251 6.76727 0.82397 1.28937
0.38910 1.06812 2.12097 4.69971 3.21960 2.97546 2.28882 34.39331 10.04791 6.69861 18.38684 23.75793 12.42065 11.37543 15.82336 13.57269 4.81415 6.91986 25.97046 8.36945 11.85608 6.93512 2.92206 3.21960 2.12097 9.00269 14.44244 6.97327 0.19836 0.71716 0.72479
1.21307 0.74768 0.55695 1.36566 2.35748 2.17438 0.81635 13.39722 13.27515 10.60486 16.25824 47.05811 31.28052 27.38953 17.92145 4.64630 6.31714 9.23157 3.34930 10.45990 2.44904 5.68390 4.28772 2.74658 4.79889 1.12152 0.82397 2.68555 0.07629 0.06104 0.91553
1.85394 2.02179 0.12207 4.91333 3.18146 1.41907 4.09698 3.99017 12.76398 5.22614 15.77759 2.71606 16.29639 7.08771 10.76508 10.35309 1.06049 5.68390 6.86646 11.31439 1.63269 5.92041 5.09644 2.40326 3.11279 0.09918 0.30518 0.70953 0.88501 1.02234 0.25177
1.15204 2.68555 2.62451 4.62341 0.83923 0.33569 0.64087 11.07788 7.44629 3.48663 13.00812 8.08716 15.02991 19.82880 31.38733 15.90729 5.82123 11.86371 4.01306 2.86102 4.87518 2.53296 7.95746 3.94440 1.57928 0.57983 0.93079 0.08392 0.14496 0.91553 5.92041
0.70190 1.78528 4.48608 6.91223 1.06049 1.84631 0.88501 0.34332 0.54932 1.49536 12.87079 2.80762 6.62231 13.31329 7.75146 13.90076 5.90515 1.99127 1.79291 1.26648 1.85394 4.36401 6.60706 5.45502 2.92969 0.48828 1.58691 0.19836 0.62561 0.96893 2.79236
