DATA/RAW-RASTER/ECMWF/20170628/EN-29/20170628.en-29.asc
ncols			31
nrows			16
xllcorner		69.5
yllcorner		19.5
cellsize		1.0
NODATA_value	-99999
3.34930 5.90515 18.38684 11.76262 9.06563 3.22342 3.41797 7.41959 2.37274 0.74005 2.18773 9.49669 9.56726 8.64601 8.26454 14.35661 6.69479 2.79236 2.15149 8.25882 4.61388 5.27573 4.29153 2.18201 1.36375 3.23486 1.38474 0.41199 0.85831 0.31471 5.59044
4.64821 7.62558 9.67789 12.11357 6.48880 20.28847 13.39531 9.46045 11.72829 3.92151 6.84547 3.13759 10.65063 10.51903 10.99014 6.79970 10.92720 6.87218 16.18385 19.18602 21.03424 5.80788 12.47025 6.50024 7.64465 6.71387 1.10435 1.74522 0.51308 0.64278 0.92316
10.65445 32.75299 32.99904 9.33838 31.75545 59.46350 43.09082 19.76013 8.79288 3.68309 2.86293 3.34740 2.56348 6.16646 6.29425 6.81877 4.95148 5.06973 9.31931 9.24492 6.95419 19.05823 5.34630 3.29208 2.10953 0.82207 1.40190 0.57411 1.68800 0.55504 1.12915
27.05002 42.17148 14.40048 23.46611 27.43340 55.06897 42.63496 45.47882 13.30376 2.29645 5.83458 3.48091 0.37956 4.52423 3.36456 6.79398 6.71196 5.82695 3.29208 4.47083 9.82475 16.05415 16.92963 11.27434 4.41933 0.00000 1.95885 0.25940 1.03569 1.09482 6.29044
14.04953 58.50220 18.48030 28.28217 56.37169 50.91476 19.01054 17.18330 37.41837 10.66971 0.32043 8.17680 3.93867 2.43759 2.42996 3.35884 0.80109 3.62206 8.63647 10.17952 20.88547 10.29587 12.07733 5.81169 5.26428 4.66537 1.85204 2.13814 3.98064 2.39754 9.10378
14.03427 29.95491 27.71759 20.39528 34.85680 30.15137 23.07320 17.71355 19.22417 27.39906 67.04140 10.05745 3.40271 1.58501 2.52914 5.12123 3.09753 8.24738 7.55501 7.86972 4.34113 5.36346 3.66211 13.29803 3.26538 3.48282 0.83160 2.22969 3.10326 14.53018 15.29121
21.15250 29.29878 20.08820 51.59760 16.69121 30.76744 24.16420 26.10970 18.00919 14.12582 7.07626 31.27861 15.67841 8.85773 4.61388 8.25691 3.48854 2.80571 1.22452 8.30841 5.65529 3.30544 3.44276 1.46103 3.61633 3.58772 3.08609 0.26703 0.40436 0.70572 2.76375
11.39641 72.84355 25.30861 28.32603 17.41409 19.56940 18.95523 72.84164 23.76938 7.72285 8.19016 1.40381 1.54114 8.62885 12.55417 13.05008 10.25772 8.69942 2.30026 4.71687 2.27547 11.42693 1.02425 9.76753 22.51434 59.51881 8.75473 8.46481 33.77914 11.30676 10.06126
26.97563 60.35423 36.10229 26.85928 3.95584 22.32742 17.32445 48.95592 15.52200 4.42123 5.74875 0.15068 0.65231 2.73895 1.21307 0.70572 0.34142 2.16103 7.94411 11.67107 7.50351 13.22174 9.50623 19.18030 6.19888 8.05664 29.56009 24.23859 32.55844 12.72774 2.21062
19.88983 9.78279 6.25610 8.67844 6.03676 5.94902 10.62202 12.98332 7.39670 4.59480 1.39236 1.32179 1.75285 0.16785 0.00000 0.29755 2.22015 1.72043 2.36130 13.31520 43.14423 71.16699 47.34802 14.60266 10.39696 13.59749 17.22527 16.59012 21.59691 4.58908 13.04054
10.29205 4.77791 5.49507 3.55911 0.57030 4.96674 2.31171 22.63641 20.47920 17.96341 4.37164 6.47545 2.07329 1.04141 0.35667 2.57111 4.77219 4.84467 2.82288 11.83319 19.26613 37.11319 19.01245 10.05936 6.76155 25.57755 14.78577 26.78490 14.10866 15.24353 11.64246
5.61523 2.91252 0.60081 1.57738 1.19972 1.35231 2.33650 3.70216 2.76375 11.18469 9.20677 40.55977 17.58766 8.56209 2.02942 2.42043 9.95255 5.38063 2.14958 4.05121 5.03159 7.69234 4.42505 14.07051 8.46291 16.34216 13.64708 38.08975 34.96933 17.85469 12.24709
11.20567 4.72260 3.04604 15.31029 4.83894 0.94223 0.86784 2.88963 2.18773 4.68826 19.96040 39.08539 27.76909 22.09473 25.74348 6.59943 11.21330 9.31358 4.33350 7.74384 11.46126 10.32639 10.68687 13.48877 17.53998 13.38768 3.31306 15.20729 26.91269 15.40947 25.36201
20.39719 41.94641 6.45828 12.88986 1.68037 0.41771 2.76184 3.99017 5.33295 10.31303 16.20293 22.25304 17.90810 16.23535 11.50322 14.26888 35.01511 12.77733 13.39149 17.72881 4.00162 11.61575 12.90703 12.22610 9.26399 1.98936 1.06621 20.51735 20.89310 18.56995 7.56264
21.92879 38.74397 33.16498 7.29370 1.49727 4.01306 0.64468 1.00708 5.74303 2.64168 7.81441 6.69098 10.31494 22.74513 22.52388 15.06424 18.75877 24.50752 20.42389 11.19232 11.16562 10.40649 11.51085 9.67407 4.34875 0.46158 1.31607 2.11906 14.47487 14.45007 12.93564
71.54083 74.72801 20.22362 52.04010 8.61740 14.09149 2.75803 10.07080 8.50296 3.29971 1.89972 2.53487 5.32913 9.19342 3.21198 4.83131 15.98549 33.23746 23.71407 13.92937 10.19669 8.25119 14.81438 17.24815 6.19507 1.05095 1.11008 7.68852 4.60625 2.06947 11.38115
