DATA/RAW-RASTER/ECMWF/20170628/EN-29/20170630.en-29.asc
ncols			31
nrows			16
xllcorner		69.5
yllcorner		19.5
cellsize		1.0
NODATA_value	-99999
0.19836 1.13678 1.16539 1.91689 1.73569 9.16481 22.52197 16.04843 16.46423 7.29370 6.27327 7.13158 7.47681 6.53267 12.10213 10.95009 4.85229 5.30243 3.79753 2.80380 2.13623 2.40135 6.51169 9.67407 7.20215 1.94740 0.21935 0.13733 0.08011 0.20027 0.45013
0.02480 0.40054 0.12970 0.78201 9.08470 47.06955 42.24968 23.64159 12.04491 5.73921 3.65829 4.53758 9.00459 6.45447 6.60706 4.78554 10.40840 5.37300 4.07219 2.56348 1.45340 2.69318 11.14464 4.56619 5.77545 9.71794 8.05855 5.93567 1.25313 0.47684 0.46349
0.00000 0.43869 0.00000 0.04387 79.50974 94.56062 99.02573 25.85602 5.90706 1.09863 0.46539 0.62561 1.61362 1.66321 1.88255 3.30162 7.46155 4.03214 1.22070 3.31497 5.90134 4.73404 2.63023 3.24440 3.33786 6.62231 4.90189 7.65419 8.44193 2.66266 5.93567
0.00000 0.00000 0.00572 6.03104 32.19604 51.49078 74.58687 41.27502 15.36369 0.91553 1.50871 1.44196 0.27657 0.98991 0.66376 0.64468 5.50842 2.99072 7.73048 6.09016 2.23923 7.25174 5.73349 5.86128 9.24492 2.38991 3.89671 1.11961 8.39996 12.93755 1.67656
0.46539 0.00954 1.18446 3.12042 27.17400 33.20312 57.68394 5.03349 8.52013 4.08173 0.12398 0.45586 0.56648 0.62561 1.17874 0.33951 0.22125 0.94223 3.69835 5.05638 8.25500 7.44057 8.61549 3.69644 5.96237 7.72476 3.30544 5.76210 10.21576 7.84492 9.25064
1.12724 0.00191 0.27466 1.83105 11.96289 21.89255 24.09554 46.25130 17.63725 13.21220 8.65746 2.78664 8.99887 0.11253 0.13924 0.48256 0.34142 1.16539 3.69263 1.86920 1.64413 3.57246 4.25148 6.56319 6.48117 14.12773 8.57353 7.83730 9.70268 7.16400 12.64381
0.19264 0.00000 0.09918 13.08632 14.09149 6.85883 8.24928 13.16833 13.53455 8.53539 10.57434 19.53888 19.45305 4.75693 0.04387 0.46539 0.18501 1.08337 0.74005 0.31281 1.09673 0.81635 9.75418 8.73756 14.98032 109.57336 42.75703 16.43562 10.29015 11.48796 10.18143
0.00572 0.00000 2.14005 13.25035 2.54059 2.44904 1.63841 1.56975 6.81496 9.52721 19.24133 16.98685 14.27841 9.27353 23.81897 19.71626 16.40892 0.40245 0.28801 4.79698 7.94792 16.57104 5.54276 21.79909 53.33900 51.26381 37.37831 15.65170 29.65736 10.48660 11.27052
0.44441 3.34740 14.26315 6.16837 1.88828 0.66757 0.70190 1.92833 3.81470 4.51851 28.60069 11.80840 8.68225 19.15359 11.13129 4.63867 0.95940 4.55284 17.40265 93.02711 118.84117 79.51736 46.08345 24.61624 36.88622 18.97812 45.16411 168.24532 169.24095 50.21477 10.02693
2.49290 21.13152 8.63838 2.35939 1.29318 1.16158 0.93651 0.41199 5.70869 4.53186 21.42334 27.42195 11.47461 27.88544 13.66043 21.31653 1.85966 1.46294 7.62558 8.15964 3.14903 5.25093 57.93381 9.30214 8.19969 18.95905 31.47125 8.44955 69.54193 29.30641 35.89249
18.98003 20.14542 4.49562 1.27602 0.97275 0.43678 0.09727 0.25940 0.74959 0.31662 2.83623 21.05141 19.57703 9.69696 28.82957 8.67081 7.91740 2.57111 6.19125 6.87218 5.39589 10.31685 54.33083 3.37982 3.46565 44.17610 2.41852 8.89015 34.33418 22.21107 32.66335
76.64490 233.97064 21.11816 14.33754 4.77409 0.96130 0.22507 0.29373 0.24033 0.29182 0.64278 5.91278 23.50235 24.92142 30.32875 12.83264 2.77138 31.57806 1.79100 7.50160 8.77762 3.01743 0.99945 2.34413 31.16608 7.26318 1.78146 15.20348 9.41658 10.89287 9.12857
171.36002 138.51929 19.39201 4.56810 2.38228 0.46921 0.83542 0.80872 0.89455 1.16920 1.23787 11.53564 36.72791 16.76750 35.82191 11.83510 5.80978 17.52853 16.77704 5.20134 2.11334 5.17464 2.96974 1.18065 8.40378 1.09673 0.38719 7.90024 6.70624 13.38196 6.16837
11.32774 7.03621 1.30844 7.15637 2.15340 1.85585 1.10054 1.99699 2.05421 0.57220 1.17874 4.27437 7.61414 35.23064 13.59367 18.73207 4.96674 20.35713 11.21902 12.77733 5.52177 11.51276 6.16455 4.56429 6.82259 1.58501 1.28365 1.12534 27.59933 5.19943 13.15117
23.08846 10.39696 9.26781 24.78600 14.46724 3.79944 1.47438 0.28610 0.08583 0.07629 0.16022 0.15640 3.25203 5.21851 0.70763 2.42805 30.72739 3.99780 13.08060 7.51686 7.49016 12.78877 28.21350 11.78741 8.78525 2.72179 1.47438 1.64795 0.92697 8.66699 4.81224
12.23564 23.80753 24.48082 25.48981 3.34549 6.94656 5.95284 1.64604 0.90981 0.77248 0.28229 0.67902 4.93240 15.52582 9.54056 26.35193 15.49911 18.38112 6.78825 4.17328 10.14900 7.49016 22.70126 37.11891 27.31895 13.90839 4.33350 4.78363 3.68690 10.49042 3.90816
