DATA/RAW-RASTER/ECMWF/20170628/EN-29/20170707.en-29.asc
ncols			31
nrows			16
xllcorner		69.5
yllcorner		19.5
cellsize		1.0
NODATA_value	-99999
6.82068 1.14441 1.18256 0.90027 4.78363 1.58691 1.10626 1.77002 0.39673 0.01526 0.40436 1.19019 2.35748 0.39673 0.38147 0.77057 1.17493 0.64087 0.94604 3.57056 4.99725 2.99835 1.84631 0.67902 3.57056 0.54169 0.04578 0.08392 0.17548 1.10626 0.29755
0.20599 1.21307 0.10681 0.51117 1.67847 0.11444 0.38910 0.08392 0.44250 0.10681 0.32806 0.09918 0.96893 5.88226 10.06317 10.00977 7.19452 9.26208 9.22394 11.43646 10.91003 4.05884 0.88501 1.41144 3.28064 0.70953 0.77057 1.07574 1.97601 0.80109 1.94550
1.24359 3.02124 0.03815 0.05341 0.45776 3.78418 1.63269 0.12207 0.05341 0.00000 0.02289 0.31281 5.63812 11.29150 10.33783 9.84955 11.78741 13.09204 10.15472 7.24792 7.24030 2.41089 1.44196 4.00543 0.48828 0.99182 1.57928 1.77002 3.05176 1.80054 0.89264
7.88116 6.08063 3.56293 0.89264 0.19073 1.72424 1.00708 7.46918 0.03052 0.05341 2.25830 5.97382 4.97437 3.73077 9.16290 11.84082 7.47681 3.36456 2.33459 1.96838 2.88391 3.95203 7.82776 3.82233 2.51770 2.34985 2.94495 6.55365 7.15637 5.08881 5.53894
2.41852 3.41034 7.56836 0.18311 0.44250 0.48065 0.41199 0.51117 7.52258 4.39453 13.45062 14.25934 8.75092 5.34058 4.34875 7.88879 8.32367 6.47736 2.70081 1.85394 2.09808 8.51440 3.47900 3.34167 2.40326 1.86157 6.54602 3.41034 6.88171 17.85278 9.75800
2.54822 0.03052 0.06104 0.03815 0.02289 0.19836 1.89972 6.94275 1.42670 15.73181 20.08057 46.26465 13.48114 7.56073 3.92151 3.04413 2.67029 4.40216 3.11279 6.28662 7.83539 8.80432 7.43866 8.52966 10.68115 24.97101 20.22552 3.81470 8.81195 9.70459 5.26428
0.00000 0.00000 0.00000 0.00000 0.00763 0.04578 0.54932 4.09698 7.67517 50.95673 86.43341 106.26221 61.01990 35.22491 2.15149 0.94604 3.41034 0.93079 0.86975 0.91553 4.79889 3.63922 7.23267 9.60541 3.21960 44.43359 20.32471 11.08551 1.91498 1.09863 3.52478
0.00000 0.01526 0.01526 0.00000 0.00000 0.00000 0.08392 0.45776 6.16455 8.59833 33.72192 8.65936 16.81519 193.17627 20.38574 12.33673 3.33405 0.86212 1.06049 1.53351 2.09808 11.67297 1.73950 14.55688 24.55139 12.76398 16.41846 5.98145 8.31604 1.32751 2.80762
0.00000 0.00000 0.16785 1.28174 0.25940 0.04578 0.12970 0.12207 0.33569 25.61951 39.33716 24.22333 8.49152 18.78357 37.26959 7.25555 7.21741 35.81238 31.42548 36.23199 27.51160 14.27460 10.09369 16.10565 1.99127 3.31116 6.79016 4.30298 21.69800 1.28174 1.38855
0.10681 0.85449 0.38147 1.31226 1.17493 0.23651 0.40436 0.54932 0.80109 2.01416 19.88220 20.34760 19.51599 14.26697 21.04187 12.43591 10.73456 15.02991 10.30731 12.29858 12.00867 5.76782 18.53180 4.17328 1.18256 5.14221 4.92096 2.66266 6.81305 1.52588 7.91931
0.61035 0.57983 1.45721 0.36621 0.61798 1.67084 1.35803 2.12097 1.92261 1.15967 2.09808 14.90021 5.40924 7.39288 29.01459 17.73071 9.79614 28.04565 9.56726 22.97211 23.22388 8.93402 18.67676 6.00433 1.53351 0.80109 3.64685 4.24194 4.52423 0.93079 1.18256
0.54169 2.51007 1.69373 2.87628 1.71661 0.28229 1.22070 1.55640 1.39618 0.57220 1.99890 22.70508 18.50891 11.22284 22.30835 26.13831 16.88385 11.45172 24.05548 31.07452 5.07355 13.18359 1.36566 2.02942 3.31879 1.41907 2.00653 7.74384 0.39673 0.99182 1.37329
1.50299 0.71716 1.09100 1.35803 1.80817 0.85449 2.97546 1.44196 2.42615 1.92261 14.36615 12.41302 12.01630 31.02875 16.36505 7.04956 4.90570 11.13129 30.23529 22.33124 18.97430 10.75745 1.34277 1.17493 1.56403 1.79291 1.27411 1.64795 1.25122 4.69971 1.01471
1.11389 1.84631 0.26703 3.22723 3.84521 1.38092 0.45776 1.10626 2.29645 0.31281 11.00922 7.59888 3.45612 17.87567 14.53400 11.77216 9.71985 18.18085 9.65881 23.65875 11.86371 4.87518 1.71661 2.95258 2.18201 0.06866 0.24414 1.15967 4.18854 6.67572 4.20380
1.32751 1.51062 2.18964 5.50842 1.22070 1.51062 1.15204 1.21307 0.96130 0.90790 10.94818 4.98199 18.24951 22.83478 17.19666 9.88007 3.25775 9.83429 6.30188 7.59888 7.87354 4.95911 7.37000 1.61743 1.96075 0.19836 0.19836 0.27466 4.57001 9.08661 13.42773
0.61798 1.71661 2.34985 3.63159 2.21252 1.28937 1.36566 0.85449 0.68665 0.86975 7.25555 9.09424 17.49420 31.33392 21.40045 13.84735 4.75311 2.67029 7.20978 5.72968 7.63702 6.63757 6.80542 9.71222 4.73785 0.60272 3.36456 0.36621 6.13403 11.90186 33.43964
