DATA/RAW-RASTER/ECMWF/20170628/EN-29/20170709.en-29.asc
ncols			31
nrows			16
xllcorner		69.5
yllcorner		19.5
cellsize		1.0
NODATA_value	-99999
6.46210 1.35803 0.17548 1.26648 1.83105 1.67084 0.74768 0.13733 0.38147 1.38855 0.90027 0.46539 2.34985 0.76294 0.64087 0.11444 0.36621 0.21362 0.32806 0.86212 2.29645 2.34985 5.78308 1.46484 2.76947 3.60870 1.53351 1.12915 1.09863 1.61743 4.02069
0.04578 1.53351 0.77820 1.01471 5.53894 1.41907 0.01526 1.25122 0.15259 0.72479 2.57874 6.64520 6.11877 2.63214 2.63977 1.71661 0.91553 0.77820 1.15967 0.80109 1.25122 0.97656 0.80872 2.28882 2.79236 4.04358 2.93732 1.86920 0.54932 0.46539 1.60980
0.51117 0.09918 0.31281 1.65558 2.60925 2.88391 2.59399 0.03052 0.03052 0.00000 2.57111 5.59235 16.89148 6.35529 2.23541 2.28882 2.34985 1.67084 1.67847 2.44904 2.14386 0.97656 1.33514 0.83160 1.45721 4.84467 2.63214 3.04413 1.65558 0.87738 0.99945
0.00000 0.00000 0.00000 0.00763 0.79346 2.03705 5.86700 8.68225 0.04578 0.19073 0.66376 5.02014 7.62939 9.39941 3.79181 1.86920 2.23541 2.28119 1.88446 0.20599 0.03052 0.03815 0.26703 0.34332 0.31281 0.28992 0.86975 0.85449 0.93079 0.80872 1.38855
0.16022 0.00000 0.00000 0.00000 0.14496 2.62451 0.83160 3.13568 2.49481 3.89862 0.16785 6.14166 8.62122 1.85394 6.43921 10.81085 5.80597 7.56073 1.35803 0.81635 0.66376 0.68665 0.86975 0.11444 1.29700 0.78583 0.36621 0.81635 0.96130 3.23486 5.60760
0.00763 0.00000 0.00000 0.02289 0.00000 0.67139 1.22070 4.32587 3.78418 20.50781 3.73840 3.51715 3.25012 2.41089 3.78418 18.18085 11.01685 18.79883 7.45392 7.01141 3.54004 8.04138 1.40381 1.33514 3.09753 2.30408 1.01471 4.39453 4.99725 12.19177 10.25391
0.00000 0.00000 0.00000 0.00000 0.00000 0.00000 0.34332 0.52643 17.82990 13.22937 6.24084 7.67517 19.16504 2.76184 1.97601 14.42719 17.31110 10.81848 6.79016 5.12695 8.11768 6.21033 3.11279 6.61469 11.84845 12.85553 9.20105 7.65228 7.88879 15.68604 12.45117
0.00000 0.00000 0.00000 0.00000 0.06866 0.05341 0.05341 0.30518 3.51715 14.36615 5.08118 9.06372 8.43811 8.26263 10.05554 47.30988 37.28485 15.34271 23.49091 15.23590 16.42609 15.08331 20.32471 50.52185 82.02362 67.07001 139.86206 27.00806 65.01007 15.12909 9.19342
0.00000 0.00000 0.00000 0.01526 0.09155 0.13733 0.22125 0.50354 1.12915 19.11926 7.13348 1.32751 2.65503 2.86865 2.63214 7.30133 15.51819 31.15082 16.40320 17.54761 26.29852 31.14319 40.32898 36.74316 17.31110 46.02051 22.85004 66.85638 62.90436 25.74921 1.87683
0.00000 0.10681 0.03815 0.70953 0.68665 0.00000 0.23651 0.62561 0.70953 9.56726 4.98962 4.53949 4.07410 6.45447 2.57874 1.37329 8.59070 10.06317 8.45337 8.73566 9.89532 9.70459 18.53180 20.53833 7.59125 13.25226 36.80420 25.83313 29.09088 13.11493 4.89044
0.57983 1.46484 0.64087 0.98419 0.81635 0.00763 0.30518 0.37384 0.64087 0.61798 15.80811 4.80652 2.33459 3.57819 2.47192 2.60162 1.93787 10.89478 2.99072 5.68390 9.99451 13.45062 35.53772 9.11713 3.57056 20.33234 11.80267 17.69257 15.45715 3.35693 2.19727
0.28229 0.40436 1.15967 1.44196 1.02234 2.51770 0.20599 1.28174 1.47247 2.49481 2.50244 14.03809 8.72803 3.66974 4.76837 2.76184 1.89209 1.55640 4.13513 1.54114 3.66211 2.86102 3.63922 5.00488 15.10620 13.10730 5.55420 19.56177 8.14819 6.90460 4.54712
0.89264 0.83160 1.12915 1.21307 1.31989 2.25067 3.81470 1.83868 8.39996 9.94873 7.61414 3.57056 1.85394 8.27026 10.39124 3.36456 4.18091 2.51007 1.80054 2.41089 2.96021 4.67682 4.01306 17.60101 17.50183 8.74329 1.93024 3.84521 17.76886 4.62341 1.95312
1.44958 1.89209 1.30463 2.82288 2.18964 5.87463 2.29645 4.03595 1.89209 15.15198 6.39343 16.29639 25.12360 11.26862 10.87189 5.28717 3.66974 2.32697 5.30243 7.03430 5.65338 13.26752 17.15088 14.32800 1.42670 0.57220 0.92316 5.41687 6.17218 2.14386 1.80054
1.70135 1.34277 1.92261 1.78528 0.57220 1.92261 3.62396 4.79889 5.43213 9.05609 11.90186 6.61469 1.73187 5.79071 3.28827 11.56616 7.10297 6.68335 1.46484 2.33459 6.08063 9.71985 15.24353 29.58679 13.22174 1.26648 1.07574 6.62231 2.40326 8.75092 2.24304
2.28882 1.01471 2.23541 6.16455 2.34222 2.58636 8.26263 18.37921 8.81958 21.70563 8.24738 1.54877 4.28772 4.09698 5.68390 9.63593 12.31384 5.02014 3.84521 3.32642 8.10242 7.92694 12.22229 19.70673 19.21082 9.94873 8.46863 15.86151 7.17926 4.50134 2.96021
