DATA/RAW-RASTER/ECMWF/20170628/EN-29/20170702.en-29.asc
ncols			31
nrows			16
xllcorner		69.5
yllcorner		19.5
cellsize		1.0
NODATA_value	-99999
0.12970 1.04141 0.75150 2.37274 5.99289 1.54877 0.06104 0.03815 0.13733 0.08392 1.20163 0.49591 0.82397 0.04578 0.25940 0.03433 0.01526 0.00763 0.04578 0.06104 0.02289 0.47302 0.75531 0.59891 0.37003 0.28610 0.38910 0.83542 1.11008 3.90244 7.37000
0.32806 0.27084 0.54550 0.71716 2.26212 0.08011 0.02289 0.25177 0.10681 0.01907 1.95694 2.30026 1.59454 0.62561 0.53024 0.66376 0.39291 0.14496 0.20218 0.12589 0.08774 2.26974 0.65994 0.65994 0.60654 1.34277 0.88882 1.51825 1.53351 1.53351 3.86810
0.02289 1.01852 0.00000 0.11063 0.96130 0.91934 7.34329 0.16785 0.49973 1.28174 1.64795 5.42068 3.30353 1.86539 1.53732 0.93460 0.88882 2.51007 3.77274 3.80707 7.90787 6.82449 6.06537 5.55038 2.88010 0.91171 0.30518 0.62943 3.62015 3.92914 2.60162
0.00381 0.13351 0.00000 0.20599 1.02615 2.39944 2.18964 7.91931 0.14877 0.54550 3.68881 7.10678 7.65228 12.24899 3.08609 1.74332 1.83487 1.93024 3.56293 2.21252 7.67899 16.47949 12.77161 12.08496 4.18091 2.56348 1.19781 0.66757 0.67139 5.12695 6.69098
0.08774 0.39291 0.00763 0.33188 0.44632 1.73569 8.92639 4.07410 14.10294 3.45612 0.23270 2.27737 7.03049 25.32578 20.29037 17.50565 8.60977 20.23697 6.27899 3.13568 6.64520 12.00867 15.01846 4.73404 5.46646 3.17001 3.15475 3.80325 3.45993 5.43213 3.28445
0.09918 0.35858 0.04196 0.84686 0.70190 1.64032 1.59836 5.01633 3.81851 29.29688 22.51053 8.37326 3.78036 2.86484 0.95367 3.04413 19.93942 21.12579 11.97052 18.30292 14.36996 16.13235 12.94327 8.52585 5.27191 6.82449 8.26645 6.13785 3.19672 13.51547 6.34766
0.00000 0.40436 0.47684 0.41199 0.35858 0.82397 2.46811 1.84250 3.20053 4.84467 4.45938 7.65991 11.39069 1.56021 0.09918 0.56458 1.50681 0.88501 12.07352 7.95364 3.59344 4.64630 6.69479 5.06592 9.42612 13.84354 22.80426 9.09042 1.56784 8.92258 4.83322
0.11444 1.34277 0.44632 0.27466 0.14114 0.02289 0.29373 2.07520 6.86264 5.64194 6.69861 12.35580 3.41034 3.52859 13.72528 20.98465 7.27844 2.01416 1.51443 6.40488 6.65665 11.00159 14.26697 28.92685 16.42990 21.09909 92.08298 40.11917 24.98627 13.02338 6.11877
0.41962 0.59128 1.10626 1.33133 0.39673 0.06866 0.32043 0.83542 11.54709 8.68225 11.46698 6.46210 16.32690 3.08228 2.59399 3.89481 8.75854 16.32690 17.31873 205.25742 71.64001 31.93665 40.03525 31.65436 19.19556 8.35419 33.02002 48.27499 66.45203 18.13507 10.52856
0.45013 5.67245 2.67029 5.11932 3.39890 0.53406 0.63705 0.65231 5.17654 6.06918 2.69318 10.83755 8.43811 10.58578 6.11115 2.20108 6.72531 7.35092 4.19998 7.82394 3.15475 8.69370 24.49036 19.22607 36.22818 20.17975 41.66412 26.04294 47.26410 18.08167 21.02280
7.82776 8.42285 17.41409 13.51929 6.58417 0.99182 1.91498 2.94495 1.02615 2.43759 0.98419 3.34167 10.16617 11.29150 15.54489 6.43158 4.38309 2.68555 5.90897 3.18146 3.56674 6.09589 23.23151 16.75415 66.64658 39.86740 2.78854 8.54111 26.35956 26.64948 29.14429
23.27347 43.06412 24.75357 17.40265 8.45718 1.91116 2.13242 3.87955 2.70081 1.54495 1.95312 0.57220 1.87302 3.59344 15.37323 15.64789 10.34164 13.48495 7.23267 9.31168 6.86646 6.22177 5.29099 74.47052 53.14255 5.92422 2.07901 4.64630 17.36832 22.41135 14.24789
14.37378 16.79230 21.54541 9.89914 4.40216 6.85120 10.82993 6.65283 2.49100 2.50626 2.59781 1.36566 8.20923 1.65939 5.47028 42.29736 6.68716 5.02014 8.68225 22.06802 17.61246 27.58026 20.46967 26.59225 16.87241 1.04141 0.95367 9.29642 8.56781 12.89368 5.61523
7.33185 11.92856 4.44031 16.08276 4.17328 5.21851 12.43210 86.75003 20.70236 3.91388 3.63159 2.89917 1.28937 0.88120 7.75909 16.13235 14.47296 8.12531 6.98853 33.00476 16.55960 44.09790 40.07721 22.50290 4.11224 0.71335 0.39673 13.83591 10.84518 18.10837 9.43375
3.94440 4.63867 7.64084 16.27350 4.87900 8.41141 10.99777 8.69751 11.43646 4.31824 5.47028 0.83923 2.51770 1.17493 1.05286 1.02615 5.49316 17.07840 18.16177 36.66687 51.01013 39.55460 48.75183 18.41736 4.96674 0.59891 2.38037 1.27792 4.94766 10.25391 18.15414
4.29153 12.81738 18.50128 39.92844 7.09152 6.22177 3.52478 7.34711 2.20108 5.55420 4.93622 1.49918 0.87738 1.51062 0.27847 7.86209 4.85611 13.34000 40.82108 8.42667 9.08279 21.06094 30.61676 36.15952 56.39267 3.41415 11.18469 1.67465 1.06049 1.51825 3.30353
