DATA/RAW-RASTER/ECMWF/20170628/EN-29/20170629.en-29.asc
ncols			31
nrows			16
xllcorner		69.5
yllcorner		19.5
cellsize		1.0
NODATA_value	-99999
2.71988 1.85776 4.35066 3.82233 5.16701 6.56319 14.59503 14.97650 9.33838 4.34875 5.71442 8.86154 6.93130 4.87900 5.34821 6.16455 15.23972 9.70840 4.42696 5.68008 5.48744 16.18767 8.74710 0.47684 1.39809 0.90599 2.04659 0.56076 0.15259 0.26321 0.46349
1.60980 1.75858 0.23270 3.38173 11.64818 46.91124 60.57358 29.19960 19.91272 6.81877 4.02260 3.23105 10.89668 8.54301 7.65991 7.56454 2.39563 3.06320 1.42670 1.53923 2.97546 4.26674 2.25639 1.16730 1.22833 2.02370 1.06049 5.89943 1.64795 0.66948 0.44441
3.00217 0.48447 0.58174 17.67159 232.70607 125.42534 72.09015 24.39880 5.85747 1.96648 0.82207 0.65422 1.13297 0.94795 0.99373 0.97656 0.62561 0.62561 1.30081 2.29073 2.41470 7.24411 3.66211 5.06020 6.61469 3.08037 5.22041 0.95367 1.91307 1.39046 1.89209
1.86920 2.22778 2.14195 14.21165 324.12146 63.35831 52.13165 37.24289 23.04840 1.71661 1.85013 0.22316 0.21744 1.44005 0.47684 0.36240 0.43297 1.34468 2.77901 5.24712 6.98280 5.47981 6.65665 8.57544 6.06918 3.95393 10.74219 3.09563 0.53215 1.56593 1.74141
0.69046 5.89180 9.96399 16.60919 73.27652 41.11862 22.02988 6.08444 10.32448 3.68500 0.21553 0.43488 0.11444 0.10300 0.60654 1.13869 1.04904 0.23079 4.21333 1.23978 1.48392 6.77681 6.18935 12.05254 16.41846 16.12473 11.46698 15.99503 5.49126 3.48663 2.11906
0.51689 8.26263 10.76508 26.81160 34.68132 28.15247 8.02231 13.09586 4.21524 21.33942 3.09372 1.80435 0.77820 0.00763 0.12016 0.00000 0.00572 1.56975 2.93541 5.07355 5.35202 13.39912 13.80730 15.23781 15.12527 25.53749 13.62801 6.05011 14.23645 11.48224 3.40652
2.18773 5.92613 21.60645 35.05135 15.73372 28.33748 5.10025 4.12178 6.28662 1.42097 1.19019 2.50053 10.32066 0.14877 0.03052 0.27275 0.09918 0.34904 0.64850 3.89481 3.06320 3.77083 10.33592 19.62471 20.08057 31.81267 24.83940 16.13426 7.77626 7.37953 14.00948
12.35199 12.54082 32.59850 15.60593 6.38580 13.88168 19.04869 7.91359 3.61061 1.66702 2.45667 0.48447 0.08011 0.83542 2.86484 3.69835 5.54466 0.15640 0.21553 1.43814 3.74985 14.09340 6.95610 59.95178 20.95222 100.54016 44.68346 16.91818 55.23109 18.86368 24.49036
45.35294 9.76181 8.01468 4.68826 4.31824 2.90680 3.97301 23.08655 7.65610 3.39317 2.42043 3.10898 7.53021 2.47955 5.60760 12.50076 12.72583 3.69263 5.83839 35.17532 35.67314 23.60153 9.23347 29.87289 10.35118 7.74002 18.06450 103.19710 46.69762 18.65005 8.20541
23.64540 13.31329 14.05525 11.41548 11.41548 6.38962 0.69427 3.83949 6.76155 8.86726 10.50949 14.06860 20.78056 12.63046 12.09641 2.63214 1.80244 3.96538 3.78418 7.61986 6.68144 8.82149 16.87622 12.88414 6.71005 16.67213 40.43388 20.37430 31.10695 8.85963 15.03181
49.81422 21.32225 17.12036 11.53755 4.72450 10.52284 14.34517 1.80817 1.09863 7.98416 37.80556 18.27621 12.58659 17.93289 6.14548 1.76620 1.84822 1.75476 4.76837 2.19536 9.74274 6.57845 17.80510 12.88986 23.10181 23.57674 9.99451 19.80209 23.07129 16.50047 3.77083
45.72678 14.68849 18.94569 27.21786 9.96399 3.55339 2.36320 2.18010 3.28255 3.02696 12.85172 15.19203 15.98549 17.48085 12.87270 2.40135 1.71471 4.63295 2.32697 1.31416 4.85992 4.05312 4.15802 17.07840 24.42360 3.80325 4.78935 11.93428 27.09770 19.76013 12.06779
182.28722 118.11066 39.68811 31.70395 11.64246 4.72260 1.67656 2.24876 3.29590 6.41823 6.68335 4.61578 6.71577 10.46181 8.53348 3.24821 3.37029 2.61116 2.72751 3.45421 10.95390 9.80568 1.99127 21.17348 4.46701 2.22397 0.23270 4.73595 14.17160 16.81709 13.29994
81.75468 10.00786 45.90607 17.06696 1.56784 0.46921 0.90218 0.98610 3.48473 10.54573 6.54793 5.49316 2.93541 7.11250 10.70404 4.56619 1.41525 9.29260 5.72395 6.22559 9.41658 11.34109 9.32503 9.04655 5.21088 1.37711 0.34714 3.25203 22.36938 15.16724 10.84518
45.48645 19.45114 26.95274 27.54784 8.35419 4.60434 0.49400 4.44794 2.85721 3.63731 0.78392 3.59344 7.18498 6.57082 0.89645 4.46129 2.90489 5.35774 12.93182 17.46559 17.56859 13.04054 15.11574 16.36887 2.24686 1.16920 1.24931 3.34358 4.46892 8.62503 34.68132
32.62520 32.04918 32.57370 30.79987 22.39609 5.11932 1.35994 0.34904 0.72289 0.20027 2.94495 1.71852 3.30353 13.83591 1.11771 2.31361 0.78773 9.42802 3.67737 11.88087 16.89339 21.92116 25.14458 19.71054 5.41878 2.19154 4.67300 4.69780 4.82559 15.71083 18.37540
