DATA/SHG/ECMWF/20170628/EN-9/20170711.en-9.asc
ncols        190
nrows        64
xllcorner    -5100000.000000000000
yllcorner    4130000.000000000000
cellsize     10000.000000000000
NODATA_value  -99999.000
[rows 0 to 32 of 64, columns 0 to 74 of 190]
12.821 12.875 12.913 12.937 12.945 12.939 12.917 12.880 12.828 12.709 12.562 12.404 12.237 12.059 11.871 11.673 11.465 11.247 11.019 10.786 10.544 10.376 10.238 10.091 9.933 9.766 9.589 9.403 9.206 9.000 8.784 8.559 8.324 8.062 7.798 7.548 7.310 7.086 6.875 6.676 6.491 6.319 6.160 6.014 5.881 5.777 5.687 5.593 5.494 5.391 5.283 5.170 5.053 4.932 4.806 4.676 4.541 4.518 4.649 4.802 4.976 5.172 5.389 5.628 5.888 6.170 6.474 6.799 7.146 7.589 8.177 8.788 9.423 10.083 10.767
13.535 13.535 13.520 13.490 13.445 13.385 13.310 13.220 13.115 12.963 12.780 12.586 12.394 12.190 11.976 11.750 11.513 11.265 11.006 10.736 10.454 10.232 10.059 9.877 9.686 9.484 9.273 9.052 8.821 8.581 8.331 8.071 7.802 7.548 7.330 7.126 6.934 6.756 6.591 6.438 6.299 6.173 6.060 5.959 5.872 5.785 5.680 5.569 5.455 5.335 5.212 5.083 4.951 4.813 4.672 4.525 4.375 4.331 4.538 4.767 5.017 5.288 5.581 5.896 6.232 6.590 6.970 7.370 7.793 8.288 8.960 9.656 10.375 11.119 11.887
14.264 14.211 14.142 14.059 13.943 13.766 13.619 13.503 13.419 13.294 13.084 12.863 12.632 12.389 12.135 11.869 11.593 11.306 11.007 10.698 10.377 10.098 9.891 9.675 9.449 9.213 8.967 8.712 8.447 8.173 7.888 7.594 7.291 7.021 6.849 6.691 6.545 6.413 6.294 6.187 6.094 6.014 5.946 5.892 5.851 5.798 5.677 5.551 5.420 5.285 5.145 5.001 4.853 4.700 4.542 4.380 4.213 4.124 4.407 4.711 5.037 5.384 5.753 6.143 6.555 6.989 7.444 7.920 8.223 8.519 8.995 9.461 9.917 10.364 10.800
14.369 14.178 14.017 13.887 13.788 13.720 13.682 13.676 13.701 13.661 13.412 13.152 12.881 12.599 12.305 12.001 11.685 11.358 11.020 10.671 10.311 9.974 9.733 9.482 9.222 8.952 8.672 8.383 8.084 7.775 7.457 7.128 6.790 6.482 6.356 6.243 6.144 6.057 5.984 5.923 5.876 5.841 5.820 5.812 5.816 5.816 5.678 5.536 5.390 5.239 5.084 4.924 4.759 4.590 4.417 4.239 4.057 3.896 4.254 4.634 5.031 5.379 5.710 6.024 6.320 6.600 6.862 7.107 7.335 7.546 7.984 8.416 8.838 9.251 9.654
13.743 13.661 13.609 13.589 13.599 13.640 13.712 13.815 13.948 14.041 13.752 13.453 13.142 12.821 12.488 12.144 11.789 11.423 11.045 10.657 10.258 9.861 9.586 9.301 9.006 8.702 8.388 8.065 7.731 7.388 7.036 6.673 6.301 5.930 5.850 5.783 5.730 5.689 5.661 5.647 5.645 5.656 5.681 5.718 5.768 5.832 5.684 5.527 5.364 5.198 5.026 4.851 4.671 4.484 4.292 4.100 3.910 3.720 4.012 4.335 4.640 4.928 5.199 5.453 5.689 5.909 6.112 6.297 6.466 6.617 6.984 7.382 7.771 8.149 8.518
13.084 13.111 13.169 13.257 13.376 13.527 13.708 13.919 14.162 14.432 14.104 13.765 13.415 13.054 12.682 12.299 11.904 11.499 11.082 10.655 10.216 9.766 9.449 9.130 8.801 8.463 8.115 7.757 7.389 7.012 6.625 6.229 5.823 5.407 5.331 5.311 5.303 5.308 5.326 5.357 5.401 5.458 5.529 5.612 5.708 5.817 5.685 5.489 5.294 5.100 4.907 4.716 4.525 4.335 4.146 3.957 3.770 3.584 3.758 4.020 4.265 4.494 4.705 4.899 5.076 5.236 5.379 5.505 5.613 5.705 5.995 6.359 6.713 7.058 7.393
12.392 12.528 12.694 12.892 13.120 13.380 13.670 13.991 14.342 14.725 14.467 14.089 13.700 13.299 12.888 12.465 12.032 11.587 11.131 10.664 10.186 9.697 9.323 8.970 8.607 8.234 7.852 7.460 7.058 6.647 6.226 5.795 5.355 4.905 4.800 4.825 4.863 4.914 4.978 5.063 5.157 5.251 5.343 5.435 5.527 5.617 5.511 5.319 5.127 4.937 4.747 4.559 4.371 4.184 3.999 3.814 3.630 3.447 3.520 3.722 3.908 4.077 4.228 4.362 4.480 4.580 4.663 4.729 4.779 4.811 5.016 5.346 5.667 5.977 6.278
11.666 11.911 12.187 12.494 12.831 13.199 13.598 14.028 14.488 14.980 14.842 14.424 13.996 13.556 13.105 12.644 12.171 11.687 11.192 10.686 10.169 9.640 9.207 8.820 8.423 8.016 7.599 7.173 6.738 6.292 5.837 5.373 4.931 4.503 4.393 4.488 4.582 4.676 4.769 4.861 4.953 5.044 5.135 5.225 5.314 5.402 5.337 5.148 4.960 4.772 4.586 4.401 4.217 4.033 3.851 3.669 3.489 3.310 3.299 3.442 3.568 3.677 3.768 3.843 3.901 3.941 3.965 3.972 3.961 3.934 4.048 4.344 4.631 4.907 5.174
10.908 11.262 11.647 12.062 12.508 12.985 13.493 14.031 14.601 15.201 15.228 14.771 14.303 13.825 13.335 12.834 12.322 11.799 11.264 10.719 10.163 9.595 9.102 8.680 8.249 7.800 7.355 6.915 6.480 6.050 5.625 5.205 4.789 4.379 4.203 4.296 4.388 4.479 4.570 4.660 4.750 4.839 4.927 5.015 5.102 5.188 5.162 4.976 4.791 4.607 4.424 4.243 4.062 3.882 3.703 3.524 3.347 3.171 3.095 3.178 3.244 3.293 3.326 3.341 3.339 3.320 3.284 3.231 3.161 3.074 3.091 3.353 3.605 3.848 4.081
10.117 10.580 11.073 11.597 12.152 12.738 13.354 14.001 14.679 15.388 15.626 15.130 14.623 14.105 13.576 13.036 12.484 11.909 11.251 10.611 9.988 9.383 8.845 8.402 7.964 7.532 7.104 6.682 6.264 5.851 5.444 5.041 4.643 4.250 4.014 4.104 4.194 4.284 4.372 4.460 4.548 4.635 4.721 4.806 4.891 4.975 4.986 4.804 4.622 4.442 4.262 4.084 3.906 3.729 3.554 3.379 3.205 3.032 2.908 2.931 2.938 2.927 2.900 2.856 2.794 2.716 2.620 2.508 2.378 2.232 2.144 2.372 2.591 2.800 2.999
9.293 9.864 10.466 11.099 11.763 12.457 13.182 13.938 14.724 15.541 15.970 15.250 14.548 13.864 13.197 12.549 11.917 11.304 10.708 10.129 9.569 9.025 8.519 8.094 7.674 7.259 6.849 6.444 6.043 5.648 5.258 4.872 4.492 4.116 3.826 3.914 4.002 4.089 4.175 4.261 4.347 4.431 4.515 4.598 4.681 4.763 4.810 4.631 4.453 4.275 4.099 3.924 3.750 3.576 3.404 3.232 3.062 2.892 2.737 2.701 2.648 2.578 2.492 2.388 2.267 2.129 1.974 1.802 1.613 1.407 1.207 1.402 1.586 1.762 2.045
8.436 9.116 9.827 10.554 11.261 11.945 12.608 13.249 13.868 14.465 14.911 14.254 13.614 12.992 12.388 11.801 11.232 10.680 10.146 9.630 9.131 8.650 8.190 7.782 7.379 6.982 6.589 6.201 5.818 5.440 5.067 4.699 4.336 3.978 3.638 3.724 3.810 3.895 3.979 4.063 4.146 4.229 4.310 4.392 4.472 4.552 4.631 4.457 4.282 4.108 3.936 3.764 3.593 3.423 3.254 3.085 2.918 2.752 2.587 2.488 2.376 2.246 2.100 1.937 1.756 1.559 1.345 1.249 1.237 1.203 1.149 1.541 1.978 2.422 2.873
7.814 8.509 9.183 9.834 10.464 11.072 11.658 12.223 12.766 13.287 13.786 13.241 12.663 12.103 11.561 11.036 10.529 10.039 9.567 9.113 8.676 8.257 7.855 7.465 7.080 6.699 6.324 5.953 5.588 5.227 4.872 4.521 4.175 3.834 3.499 3.536 3.619 3.702 3.784 3.866 3.947 4.027 4.107 4.186 4.264 4.342 4.419 4.283 4.111 3.941 3.771 3.603 3.435 3.268 3.103 2.938 2.774 2.611 2.449 2.292 2.297 2.356 2.395 2.413 2.410 2.387 2.343 2.278 2.193 2.087 1.961 2.290 2.751 3.219 3.694
7.348 7.967 8.564 9.139 9.692 10.224 10.734 11.223 11.689 12.134 12.557 12.210 11.695 11.197 10.716 10.253 9.808 9.380 8.970 8.578 8.203 7.846 7.506 7.143 6.775 6.412 6.054 5.701 5.353 5.010 4.671 4.338 4.010 3.686 3.368 3.348 3.429 3.510 3.590 3.669 3.748 3.826 3.904 3.980 4.057 4.132 4.207 4.108 3.940 3.773 3.606 3.441 3.277 3.242 3.266 3.331 3.434 3.578 3.760 3.843 3.851 3.837 3.804 3.749 3.674 3.579 3.462 3.325 3.168 2.990 2.791 3.032 3.517 4.009 4.507
6.906 7.448 7.969 8.468 8.945 9.401 9.835 10.247 10.638 11.006 11.353 11.162 10.709 10.273 9.854 9.453 9.070 8.704 8.356 8.025 7.712 7.417 7.139 6.817 6.467 6.121 5.780 5.444 5.113 4.788 4.467 4.151 3.839 3.533 3.232 3.161 3.240 3.319 3.397 3.474 3.550 3.626 3.702 3.776 3.850 3.924 4.019 3.998 3.924 3.890 3.895 3.939 4.023 4.147 4.310 4.512 4.754 5.035 5.356 5.487 5.422 5.337 5.230 5.104 4.956 4.788 4.600 4.391 4.161 3.911 3.640 3.766 4.275 4.790 5.313
6.489 6.955 7.399 7.822 8.223 8.603 8.960 9.296 9.611 9.903 10.174 10.097 9.705 9.331 8.974 8.635 8.314 8.010 7.724 7.455 7.203 6.970 6.754 6.486 6.153 5.825 5.501 5.183 4.869 4.561 4.257 3.958 3.664 3.376 3.092 2.975 3.052 3.128 3.209 3.314 3.417 3.516 3.613 3.707 3.798 3.886 3.972 4.035 4.099 4.202 4.346 4.528 4.750 5.012 5.313 5.653 6.033 6.452 6.911 7.149 7.011 6.853 6.675 6.476 6.256 6.016 5.756 5.474 5.172 4.850 4.507 4.492 5.025 5.564 6.110
6.095 6.485 6.854 7.201 7.526 7.829 8.111 8.371 8.609 8.826 9.021 9.014 8.685 8.372 8.077 7.800 7.540 7.298 7.074 6.867 6.677 6.505 6.351 6.151 5.835 5.524 5.218 4.917 4.620 4.329 4.043 3.767 3.516 3.278 3.054 2.941 3.045 3.146 3.244 3.339 3.432 3.522 3.608 3.693 3.774 3.852 3.928 4.031 4.234 4.475 4.757 5.077 5.437 5.837 6.275 6.754 7.271 7.828 8.425 8.828 8.618 8.388 8.137 7.866 7.575 7.262 6.929 6.576 6.202 5.808 5.393 5.212 5.768 6.331 6.901
5.727 6.041 6.333 6.604 6.853 7.080 7.286 7.470 7.632 7.773 7.892 7.915 7.647 7.396 7.163 6.947 6.749 6.569 6.406 6.261 6.133 6.022 5.930 5.811 5.508 5.211 4.927 4.656 4.399 4.154 3.923 3.705 3.500 3.309 3.130 3.009 3.103 3.194 3.282 3.367 3.450 3.530 3.607 3.681 3.752 3.821 3.886 3.989 4.329 4.709 5.128 5.586 6.084 6.621 7.198 7.814 8.469 9.164 9.898 10.525 10.243 9.941 9.618 9.274 8.911 8.526 8.121 7.696 7.250 6.783 6.296 5.923 6.503 7.090 7.683
5.382 5.620 5.836 6.031 6.204 6.355 6.485 6.593 6.680 6.745 6.788 6.798 6.591 6.402 6.231 6.077 5.941 5.845 5.765 5.687 5.609 5.532 5.456 5.373 5.109 4.858 4.620 4.396 4.185 3.986 3.801 3.630 3.471 3.325 3.193 3.079 3.163 3.244 3.323 3.398 3.471 3.541 3.608 3.672 3.734 3.792 3.848 3.907 4.385 4.902 5.459 6.056 6.691 7.366 8.081 8.834 9.627 10.460 11.331 12.239 11.885 11.511 11.116 10.701 10.265 9.808 9.331 8.834 8.316 7.777 7.218 6.639 7.231 7.841 8.458
5.062 5.224 5.364 5.483 5.580 5.656 5.710 5.742 5.752 5.741 5.778 5.810 5.739 5.658 5.578 5.499 5.421 5.344 5.267 5.192 5.117 5.043 4.970 4.898 4.697 4.492 4.301 4.122 3.957 3.805 3.666 3.541 3.428 3.328 3.242 3.169 3.227 3.298 3.367 3.432 3.495 3.555 3.612 3.666 3.718 3.766 3.812 3.855 4.401 5.057 5.751 6.485 7.258 8.071 8.923 9.814 10.745 11.715 12.724 13.772 13.545 13.099 12.632 12.145 11.637 11.108 10.559 9.990 9.400 8.790 8.159 7.507 7.951 8.585 9.176
4.766 4.852 4.917 5.042 5.147 5.231 5.294 5.336 5.357 5.357 5.336 5.294 5.222 5.144 5.067 4.992 4.917 4.843 4.769 4.697 4.625 4.555 4.485 4.416 4.272 4.113 3.968 3.836 3.717 3.611 3.518 3.438 3.372 3.318 3.278 3.251 3.293 3.354 3.413 3.469 3.522 3.572 3.619 3.663 3.705 3.743 3.779 3.812 4.379 5.171 6.004 6.875 7.786 8.736 9.725 10.754 11.822 12.929 14.076 15.261 15.223 14.705 14.166 13.607 13.027 12.426 11.806 11.061 10.167 9.303 8.469 7.666 7.775 8.218 8.652
4.920 5.014 5.087 5.139 5.171 5.181 5.170 5.138 5.086 5.012 4.918 4.802 4.705 4.630 4.557 4.484 4.412 4.341 4.271 4.202 4.133 4.066 3.999 3.933 3.833 3.721 3.622 3.536 3.462 3.403 3.356 3.322 3.302 3.294 3.300 3.319 3.362 3.414 3.462 3.508 3.551 3.591 3.629 3.663 3.695 3.723 3.749 3.773 4.316 5.247 6.217 7.226 8.274 9.361 10.488 11.654 12.859 14.103 15.387 16.710 16.695 15.695 14.725 13.785 12.876 11.997 11.147 10.328 9.539 8.780 8.051 7.352 7.323 7.734 8.137
5.261 5.281 5.281 5.259 5.217 5.153 5.069 4.964 4.837 4.690 4.522 4.333 4.188 4.116 4.046 3.976 3.907 3.840 3.772 3.706 3.641 3.577 3.513 3.450 3.382 3.316 3.262 3.222 3.195 3.181 3.181 3.193 3.218 3.257 3.309 3.373 3.434 3.476 3.514 3.550 3.583 3.614 3.641 3.666 3.687 3.706 3.722 3.736 4.215 5.283 6.390 7.536 8.722 9.805 10.783 11.729 12.642 13.524 14.372 15.188 15.199 14.304 13.440 12.605 11.801 11.026 10.282 9.567 8.883 8.229 7.605 7.011 6.879 7.259 7.631
5.624 5.571 5.497 5.402 5.286 5.149 4.991 4.812 4.612 4.391 4.150 3.887 3.670 3.602 3.535 3.468 3.403 3.338 3.274 3.211 3.149 3.087 3.027 2.967 2.917 2.897 2.890 2.896 2.915 2.947 2.992 3.050 3.122 3.206 3.304 3.414 3.509 3.540 3.569 3.595 3.619 3.639 3.656 3.671 3.683 3.692 3.674 3.646 3.955 4.983 5.978 6.941 7.871 8.769 9.635 10.468 11.269 12.037 12.773 13.477 13.677 12.887 12.127 11.398 10.698 10.028 9.389 8.779 8.200 7.650 7.131 6.641 6.444 6.793 7.134
6.010 5.884 5.736 5.567 5.378 5.167 4.936 4.683 4.410 4.116 3.801 3.465 3.153 3.088 3.023 2.960 2.897 2.836 2.775 2.715 2.656 2.598 2.540 2.484 2.440 2.465 2.504 2.556 2.621 2.699 2.790 2.894 3.011 3.142 3.285 3.442 3.586 3.608 3.627 3.617 3.599 3.579 3.555 3.528 3.498 3.464 3.427 3.387 3.516 4.430 5.313 6.163 6.981 7.766 8.519 9.240 9.928 10.584 11.208 11.799 12.128 11.443 10.788 10.163 9.568 9.003 8.468 7.964 7.489 7.044 6.629 6.244 6.018 6.336 6.646
6.416 6.219 5.997 5.755 5.492 5.208 4.903 4.578 4.231 3.863 3.475 3.065 2.635 2.573 2.512 2.452 2.392 2.333 2.276 2.219 2.163 2.108 2.053 2.000 1.949 2.020 2.105 2.203 2.314 2.438 2.575 2.725 2.885 3.044 3.204 3.364 3.520 3.501 3.479 3.453 3.425 3.393 3.358 3.319 3.277 3.232 3.184 3.132 3.109 3.911 4.681 5.418 6.123 6.796 7.437 8.045 8.621 9.165 9.676 10.155 10.552 9.972 9.422 8.902 8.411 7.951 7.521 7.121 6.750 6.410 6.100 5.820 5.601 5.888 6.167
6.796 6.577 6.282 5.966 5.630 5.272 4.894 4.495 4.075 3.634 3.172 2.689 2.186 2.058 2.000 1.943 1.887 1.831 1.776 1.723 1.670 1.618 1.566 1.516 1.475 1.613 1.773 1.933 2.092 2.252 2.412 2.572 2.732 2.892 3.052 3.212 3.372 3.364 3.331 3.294 3.254 3.210 3.164 3.114 3.060 3.004 2.944 2.881 2.814 3.424 4.081 4.706 5.299 5.859 6.388 6.883 7.347 7.778 8.177 8.544 8.878 8.474 8.029 7.613 7.227 6.872 6.546 6.250 5.984 5.749 5.543 5.367 5.221 5.449 5.697
7.167 6.957 6.589 6.200 5.790 5.359 4.908 4.435 3.942 3.428 2.893 2.337 1.760 1.543 1.488 1.434 1.381 1.361 1.405 1.434 1.449 1.449 1.434 1.404 1.360 1.460 1.620 1.780 1.940 2.100 2.260 2.420 2.580 2.740 2.900 3.060 3.220 3.231 3.186 3.138 3.086 3.031 2.973 2.912 2.847 2.779 2.708 2.633 2.555 2.969 3.514 4.027 4.507 4.955 5.371 5.755 6.106 6.425 6.712 6.966 7.189 6.949 6.608 6.297 6.016 5.765 5.544 5.352 5.191 5.060 4.958 4.887 4.845 5.019 5.236
7.529 7.360 6.918 6.456 5.973 5.469 4.944 4.398 3.832 3.244 2.690 2.191 1.694 1.505 1.556 1.593 1.614 1.621 1.614 1.592 1.555 1.503 1.437 1.356 1.260 1.306 1.467 1.627 1.787 1.947 2.107 2.267 2.428 2.588 2.748 2.908 3.069 3.102 3.045 2.985 2.922 2.856 2.786 2.714 2.637 2.558 2.475 2.389 2.300 2.547 2.980 3.380 3.748 4.084 4.388 4.659 4.898 5.105 5.280 5.422 5.532 5.398 5.161 4.954 4.778 4.631 4.514 4.427 4.370 4.343 4.346 4.379 4.442 4.598 4.784
7.883 7.785 7.271 6.757 6.253 5.751 5.250 4.751 4.253 3.757 3.262 2.769 2.277 1.986 1.985 1.970 1.941 1.897 1.838 1.764 1.676 1.573 1.456 1.323 1.177 1.153 1.314 1.474 1.634 1.794 1.955 2.115 2.275 2.436 2.596 2.757 2.917 2.976 2.908 2.837 2.762 2.684 2.603 2.519 2.431 2.340 2.246 2.149 2.048 2.158 2.478 2.766 3.022 3.246 3.437 3.597 3.724 3.819 3.881 3.911 3.910 3.819 3.687 3.585 3.512 3.470 3.458 3.475 3.571 3.738 3.883 4.005 4.106 4.239 4.410
8.308 8.294 7.792 7.292 6.793 6.296 5.800 5.306 4.813 4.322 3.832 3.344 2.857 2.481 2.430 2.364 2.283 2.187 2.077 1.952 1.813 1.658 1.490 1.306 1.108 1.001 1.161 1.321 1.482 1.642 1.803 1.963 2.123 2.284 2.445 2.605 2.766 2.853 2.774 2.691 2.605 2.516 2.424 2.328 2.229 2.126 2.021 1.912 1.800 1.801 2.009 2.185 2.329 2.440 2.520 2.567 2.582 2.565 2.516 2.434 2.320 2.364 2.609 2.832 3.032 3.211 3.367 3.501 3.613 3.703 3.771 3.816 3.840 3.904 4.051
8.784 8.816 8.319 7.824 7.331 6.838 6.348 5.858 5.371 4.885 4.400 3.917 3.435 2.992 2.889 2.772 2.640 2.493 2.331 2.155 1.964 1.759 1.539 1.305 1.055 0.848 1.008 1.169 1.329 1.490 1.650 1.811 1.972 2.132 2.293 2.454 2.614 2.734 2.643 2.549 2.452 2.351 2.247 2.140 2.030 1.916 1.799 1.679 1.555 1.476 1.572 1.636 1.668 1.668 1.743 1.894 2.053 2.220 2.396 2.579 2.771 2.966 3.134 3.279 3.403 3.504 3.584 3.641 3.676 3.689 3.680 3.648 3.595 3.575 3.699
9.276 9.292 8.845 8.355 7.866 7.379 6.893 6.409 5.926 5.445 4.965 4.487 4.011 3.535 3.364 3.195 3.012 2.814 2.601 2.374 2.132 1.875 1.604 1.318 1.018 0.703 0.856 1.016 1.177 1.338 1.499 1.659 1.820 1.981 2.142 2.302 2.463 2.619 2.517 2.411 2.302 2.190 2.075 1.956 1.834 1.709 1.581 1.526 1.474 1.399 1.538 1.684 1.839 2.002 2.173 2.353 2.540 2.736 2.940 3.152 3.372 3.589 3.679 3.748 3.795 3.819 3.821 3.802 3.760 3.696 3.610 3.502 3.372 3.254 3.354
