DATA/SHG/ECMWF/20170628/EN-9/20170707.en-9.asc
ncols        190
nrows        64
xllcorner    -5100000.000000000000
yllcorner    4130000.000000000000
cellsize     10000.000000000000
NODATA_value  -99999.000
[rows 0 to 33 of 64, columns 0 to 74 of 190]
1.195 1.372 1.553 1.737 1.926 2.118 2.315 2.515 2.719 2.836 2.926 3.020 3.117 3.216 3.320 3.426 3.535 3.648 3.764 3.941 4.141 4.336 4.518 4.686 4.842 4.984 5.114 5.231 5.335 5.426 5.504 5.569 5.621 5.787 6.032 6.275 6.518 6.760 7.001 7.242 7.481 7.719 7.957 8.193 8.429 8.474 8.342 8.196 8.036 7.861 7.673 7.470 7.253 7.022 6.777 6.518 6.245 6.084 6.088 6.117 6.170 6.248 6.350 6.478 6.630 6.807 7.009 7.235 7.487 7.758 8.032 8.314 8.602 8.897 9.198
1.098 1.289 1.483 1.682 1.884 2.091 2.301 2.515 2.733 2.880 2.982 3.087 3.268 3.455 3.645 3.840 4.038 4.240 4.446 4.655 4.868 5.047 5.182 5.305 5.415 5.512 5.596 5.667 5.725 5.771 5.803 5.823 5.829 5.940 6.182 6.422 6.662 6.901 7.139 7.376 7.612 7.847 8.082 8.315 8.548 8.621 8.439 8.243 8.033 7.809 7.571 7.319 7.052 6.772 6.478 6.169 5.846 5.643 5.734 5.849 5.989 6.154 6.344 6.558 6.798 7.062 7.350 7.664 8.002 8.345 8.643 8.948 9.259 9.576 9.901
0.996 1.201 1.410 1.622 1.849 2.128 2.421 2.726 3.044 3.307 3.496 3.689 3.885 4.085 4.289 4.497 4.708 4.923 5.142 5.365 5.591 5.769 5.859 5.937 6.001 6.052 6.091 6.116 6.129 6.129 6.116 6.090 6.051 6.094 6.332 6.570 6.806 7.042 7.277 7.511 7.744 7.976 8.207 8.437 8.667 8.781 8.550 8.304 8.045 7.771 7.484 7.182 6.866 6.536 6.192 5.834 5.462 5.178 5.356 5.558 5.785 6.037 6.314 6.615 6.941 7.292 7.667 8.068 8.467 8.850 9.098 9.329 9.544 9.743 9.926
1.010 1.284 1.570 1.869 2.181 2.506 2.844 3.195 3.559 3.880 4.082 4.288 4.497 4.711 4.928 5.148 5.373 5.601 5.833 6.069 6.308 6.505 6.549 6.581 6.599 6.605 6.598 6.578 6.545 6.499 6.441 6.369 6.285 6.248 6.483 6.718 6.951 7.184 7.415 7.646 7.876 8.105 8.333 8.560 8.787 8.956 8.675 8.380 8.071 7.747 7.410 7.059 6.694 6.314 5.921 5.513 5.092 4.690 4.954 5.244 5.563 5.961 6.358 6.757 7.155 7.554 7.953 8.352 8.752 9.152 9.346 9.520 9.678 9.819 9.945
1.145 1.464 1.796 2.141 2.499 2.870 3.253 3.650 4.059 4.448 4.663 4.882 5.105 5.331 5.561 5.795 6.033 6.274 6.519 6.768 7.020 7.252 7.251 7.237 7.210 7.171 7.118 7.053 6.974 6.883 6.779 6.662 6.532 6.403 6.635 6.866 7.097 7.326 7.555 7.782 8.009 8.235 8.460 8.684 8.907 9.129 8.814 8.469 8.110 7.738 7.351 6.950 6.536 6.121 5.751 5.392 5.045 4.708 5.042 5.440 5.838 6.237 6.636 7.035 7.434 7.834 8.234 8.635 9.035 9.436 9.609 9.726 9.826 9.911 9.979
1.265 1.630 2.008 2.398 2.802 3.218 3.648 4.090 4.545 5.011 5.239 5.471 5.707 5.947 6.190 6.437 6.687 6.942 7.200 7.462 7.727 7.996 7.966 7.906 7.834 7.749 7.651 7.540 7.416 7.280 7.130 6.968 6.793 6.605 6.787 7.016 7.243 7.469 7.695 7.919 8.143 8.365 8.587 8.808 9.028 9.247 8.954 8.546 8.149 7.763 7.388 7.024 6.670 6.328 5.997 5.677 5.368 5.070 5.313 5.713 6.112 6.512 6.912 7.312 7.713 8.114 8.515 8.916 9.318 9.720 9.887 9.947 9.990 10.017 10.028
1.371 1.782 2.205 2.641 3.090 3.552 4.027 4.515 5.015 5.529 5.811 6.056 6.304 6.557 6.813 7.073 7.337 7.604 7.876 8.150 8.429 8.711 8.693 8.588 8.470 8.340 8.196 8.040 7.871 7.689 7.494 7.286 7.066 6.833 6.940 7.165 7.390 7.613 7.835 8.088 8.339 8.559 8.747 8.903 9.028 9.122 8.881 8.512 8.153 7.806 7.469 7.144 6.829 6.525 6.232 5.951 5.680 5.420 5.585 5.985 6.385 6.786 7.187 7.589 7.990 8.392 8.795 9.197 9.600 10.003 10.180 10.183 10.169 10.139 10.093
1.463 1.919 2.387 2.869 3.364 3.871 4.392 4.925 5.471 6.030 6.377 6.635 6.897 7.162 7.432 7.705 7.982 8.262 8.546 8.834 9.126 9.421 9.433 9.282 9.119 8.943 8.754 8.553 8.338 8.111 7.871 7.618 7.436 7.308 7.461 7.759 8.025 8.260 8.463 8.635 8.775 8.884 8.961 9.007 9.021 9.004 8.798 8.467 8.147 7.838 7.540 7.253 6.976 6.711 6.457 6.213 5.981 5.759 5.855 6.256 6.658 7.060 7.462 7.864 8.267 8.670 9.074 9.477 9.881 10.286 10.488 10.434 10.363 10.276 10.172
1.539 2.041 2.555 3.083 3.623 4.176 4.742 5.320 5.912 6.516 6.938 7.209 7.484 7.763 8.045 8.331 8.621 8.915 9.212 9.513 9.818 10.126 10.185 9.989 9.780 9.518 9.281 9.076 8.902 8.758 8.646 8.565 8.514 8.495 8.594 8.781 8.936 9.060 9.153 9.214 9.243 9.241 9.208 9.143 9.046 8.918 8.705 8.412 8.130 7.859 7.600 7.351 7.113 6.886 6.670 6.465 6.271 6.087 6.124 6.527 6.929 7.332 7.736 8.139 8.543 8.947 9.352 9.757 10.162 10.567 10.811 10.700 10.572 10.428 10.267
1.602 2.149 2.709 3.281 3.867 4.465 5.077 5.701 6.338 6.988 7.494 7.779 8.067 8.358 8.654 8.953 9.256 9.551 9.764 9.967 10.160 10.344 10.369 10.149 9.959 9.801 9.674 9.577 9.512 9.477 9.473 9.500 9.559 9.648 9.757 9.833 9.878 9.891 9.873 9.823 9.742 9.629 9.485 9.310 9.103 8.864 8.600 8.346 8.102 7.870 7.649 7.438 7.238 7.050 6.872 6.705 6.549 6.404 6.393 6.797 7.200 7.604 8.009 8.414 8.819 9.224 9.629 10.035 10.441 10.848 11.150 10.981 10.796 10.595 10.377
1.650 2.242 2.848 3.466 4.097 4.741 5.397 6.067 6.749 7.444 8.032 8.278 8.514 8.741 8.958 9.166 9.364 9.552 9.731 9.900 10.060 10.210 10.293 10.182 10.101 10.052 10.033 10.045 10.088 10.162 10.267 10.403 10.570 10.767 10.951 10.916 10.850 10.753 10.624 10.464 10.272 10.049 9.794 9.508 9.191 8.842 8.485 8.269 8.064 7.870 7.687 7.514 7.353 7.203 7.063 6.935 6.817 6.710 6.661 7.066 7.470 7.876 8.281 8.687 9.093 9.499 9.906 10.313 10.720 11.128 11.503 11.277 11.035 10.777 10.462
1.683 2.321 2.972 3.636 4.304 4.973 5.643 6.313 6.984 7.655 8.280 8.492 8.695 8.888 9.071 9.245 9.409 9.564 9.709 9.844 9.970 10.087 10.185 10.182 10.210 10.270 10.359 10.480 10.632 10.814 11.028 11.272 11.547 11.853 12.176 12.030 11.854 11.646 11.406 11.136 10.833 10.500 10.135 9.738 9.311 8.851 8.361 8.181 8.015 7.859 7.714 7.580 7.457 7.345 7.243 7.153 7.074 7.005 6.948 7.334 7.740 8.146 8.553 8.959 9.367 9.774 10.182 10.519 10.791 11.047 11.288 10.969 10.615 10.274 9.945
1.798 2.466 3.136 3.806 4.476 5.148 5.820 6.493 7.166 7.841 8.516 8.716 8.885 9.044 9.194 9.334 9.465 9.586 9.697 9.799 9.891 9.973 10.046 10.150 10.287 10.455 10.653 10.882 11.143 11.434 11.755 12.108 12.492 12.906 13.351 13.175 12.888 12.569 12.220 11.838 11.426 10.982 10.506 10.000 9.462 8.892 8.292 8.083 7.954 7.837 7.730 7.634 7.550 7.476 7.413 7.360 7.319 7.289 7.270 7.601 7.961 8.288 8.599 8.894 9.174 9.438 9.687 9.920 10.137 10.338 10.524 10.309 9.999 9.701 9.416
1.958 2.630 3.302 3.974 4.647 5.322 5.996 6.672 7.348 8.025 8.702 8.950 9.086 9.211 9.327 9.433 9.530 9.617 9.695 9.763 9.822 9.871 9.910 10.086 10.331 10.607 10.914 11.252 11.620 12.020 12.450 12.911 13.403 13.925 14.479 14.350 13.952 13.524 13.064 12.572 12.049 11.495 10.909 10.293 9.644 8.965 8.254 7.974 7.884 7.804 7.736 7.678 7.632 7.571 7.509 7.449 7.392 7.336 7.282 7.471 7.759 8.031 8.288 8.528 8.754 8.963 9.157 9.336 9.498 9.645 9.777 9.638 9.371 9.118 8.877
2.118 2.792 3.466 4.141 4.817 5.494 6.171 6.849 7.528 8.207 8.887 9.194 9.296 9.388 9.470 9.543 9.606 9.659 9.703 9.738 9.763 9.778 9.784 9.989 10.343 10.727 11.143 11.589 12.065 12.573 13.111 13.681 14.281 14.911 15.573 15.556 15.048 14.509 13.938 13.337 12.704 12.039 11.344 10.617 9.858 9.069 8.235 7.851 7.784 7.719 7.656 7.595 7.536 7.479 7.425 7.372 7.321 7.272 7.225 7.339 7.572 7.790 7.992 8.178 8.349 8.504 8.643 8.767 8.876 8.968 9.045 8.956 8.733 8.524 8.326
2.276 2.953 3.630 4.307 4.986 5.665 6.345 7.026 7.707 8.389 9.071 9.448 9.516 9.574 9.623 9.662 9.691 9.711 9.722 9.723 9.714 9.695 9.668 9.860 10.322 10.815 11.338 11.892 12.477 13.093 13.740 14.417 15.125 15.864 16.634 16.792 16.174 15.525 14.803 13.847 12.926 12.039 11.188 10.371 9.589 8.841 8.129 7.715 7.655 7.597 7.541 7.487 7.435 7.386 7.338 7.292 7.248 7.206 7.167 7.222 7.401 7.564 7.711 7.843 7.960 8.060 8.145 8.215 8.268 8.307 8.329 8.263 8.084 7.918 7.765
2.433 3.112 3.792 4.472 5.153 5.835 6.518 7.201 7.885 8.569 9.254 9.712 9.746 9.771 9.786 9.791 9.787 9.774 9.750 9.718 9.675 9.623 9.562 9.699 10.269 10.870 11.501 12.164 12.857 13.581 14.335 15.030 15.514 15.975 16.413 16.399 15.461 14.557 13.689 12.854 12.055 11.290 10.560 9.865 9.205 8.579 7.989 7.577 7.524 7.473 7.424 7.377 7.333 7.290 7.249 7.210 7.174 7.139 7.106 7.121 7.245 7.354 7.447 7.524 7.586 7.632 7.663 7.678 7.677 7.661 7.629 7.559 7.424 7.302 7.193
2.589 3.271 3.953 4.636 5.320 6.004 6.689 7.375 8.061 8.748 9.436 9.986 9.987 9.978 9.959 9.931 9.893 9.846 9.789 9.723 9.647 9.561 9.466 9.505 10.133 10.695 11.235 11.752 12.247 12.719 13.170 13.597 14.003 14.386 14.747 14.886 14.069 13.288 12.540 11.828 11.150 10.507 9.899 9.326 8.787 8.283 7.814 7.437 7.391 7.347 7.306 7.266 7.228 7.192 7.159 7.127 7.097 7.070 7.044 7.034 7.104 7.158 7.197 7.220 7.227 7.219 7.196 7.156 7.101 7.031 6.945 6.844 6.754 6.675 6.609
2.744 3.428 4.113 4.798 5.485 6.172 6.859 7.547 8.236 8.926 9.617 10.270 10.237 10.194 10.142 10.080 10.009 9.860 9.672 9.484 9.297 9.110 8.924 8.766 9.272 9.756 10.217 10.656 11.073 11.468 11.840 12.190 12.517 12.822 13.105 13.339 12.644 11.984 11.359 10.768 10.212 9.691 9.204 8.752 8.335 7.952 7.605 7.295 7.257 7.220 7.185 7.153 7.122 7.093 7.067 7.042 7.019 6.999 6.980 6.963 6.979 6.979 6.963 6.931 6.885 6.822 6.744 6.650 6.541 6.416 6.276 6.120 6.072 6.037 6.015
2.897 3.584 4.272 4.960 5.649 6.338 7.028 7.719 8.411 9.103 9.692 10.244 10.126 9.937 9.749 9.561 9.373 9.186 9.000 8.814 8.628 8.443 8.258 8.074 8.435 8.841 9.225 9.586 9.925 10.241 10.535 10.807 11.057 11.284 11.489 11.671 11.186 10.648 10.144 9.675 9.240 8.840 8.475 8.145 7.849 7.588 7.361 7.169 7.120 7.091 7.063 7.037 7.014 6.992 6.972 6.955 6.939 6.926 6.914 6.904 6.869 6.814 6.744 6.658 6.557 6.440 6.308 6.160 5.997 5.818 5.623 5.413 5.380 5.389 5.428
3.050 3.739 4.429 5.048 5.653 6.242 6.816 7.376 7.920 8.449 8.964 9.464 9.444 9.257 9.071 8.884 8.698 8.513 8.328 8.144 7.960 7.776 7.593 7.410 7.623 7.951 8.256 8.540 8.801 9.039 9.255 9.449 9.621 9.770 9.897 10.002 9.694 9.277 8.895 8.547 8.234 7.956 7.712 7.503 7.329 7.189 7.083 7.013 6.982 6.960 6.939 6.920 6.904 6.889 6.876 6.866 6.857 6.851 6.846 6.844 6.774 6.665 6.540 6.400 6.245 6.074 5.887 5.701 5.541 5.389 5.247 5.113 5.135 5.206 5.270
2.958 3.554 4.136 4.703 5.255 5.792 6.314 6.821 7.314 7.791 8.253 8.701 8.763 8.578 8.393 8.208 8.024 7.840 7.657 7.474 7.292 7.110 6.928 6.747 6.835 7.085 7.313 7.518 7.701 7.862 8.000 8.116 8.210 8.282 8.331 8.358 8.170 7.874 7.613 7.387 7.195 7.038 6.915 6.828 6.774 6.756 6.772 6.822 6.842 6.827 6.813 6.801 6.792 6.784 6.779 6.775 6.774 6.774 6.776 6.781 6.671 6.479 6.297 6.123 5.958 5.802 5.655 5.517 5.387 5.267 5.155 5.052 5.042 5.085 5.120
2.786 3.330 3.860 4.374 4.874 5.359 5.829 6.284 6.724 7.149 7.560 7.955 8.083 7.899 7.715 7.532 7.350 7.168 6.986 6.805 6.624 6.444 6.264 6.085 6.072 6.244 6.394 6.521 6.627 6.709 6.770 6.808 6.824 6.818 6.790 6.739 6.612 6.437 6.298 6.193 6.122 6.086 6.085 6.118 6.186 6.288 6.425 6.597 6.700 6.692 6.685 6.681 6.678 6.671 6.651 6.619 6.577 6.524 6.459 6.384 6.262 6.102 5.950 5.807 5.673 5.548 5.432 5.324 5.226 5.136 5.055 4.983 4.957 4.972 4.978
2.630 3.122 3.600 4.062 4.510 4.943 5.360 5.763 6.151 6.524 6.883 7.226 7.402 7.220 7.039 6.857 6.676 6.496 6.316 6.137 5.958 5.779 5.601 5.423 5.333 5.427 5.499 5.549 5.576 5.582 5.565 5.525 5.464 5.380 5.274 5.145 5.020 4.967 4.949 4.965 5.015 5.101 5.220 5.375 5.564 5.787 6.084 6.400 6.619 6.615 6.601 6.575 6.539 6.491 6.432 6.363 6.282 6.190 6.087 5.973 5.846 5.716 5.595 5.483 5.380 5.286 5.201 5.124 5.056 4.997 4.947 4.906 4.880 4.866 4.844
2.491 2.931 3.356 3.767 4.162 4.543 4.909 5.259 5.595 5.917 6.223 6.514 6.723 6.542 6.362 6.183 6.003 5.825 5.646 5.469 5.291 5.114 4.938 4.762 4.619 4.635 4.629 4.601 4.551 4.478 4.384 4.267 4.127 3.966 3.782 3.576 3.396 3.464 3.567 3.852 4.161 4.472 4.785 5.100 5.417 5.736 6.058 6.381 6.643 6.601 6.548 6.484 6.409 6.322 6.225 6.117 5.997 5.867 5.726 5.573 5.422 5.323 5.233 5.152 5.079 5.016 4.961 4.915 4.878 4.850 4.831 4.820 4.811 4.769 4.718
2.373 2.756 3.129 3.488 3.831 4.160 4.474 4.772 5.056 5.326 5.580 5.819 6.044 5.865 5.686 5.508 5.331 5.154 4.977 4.801 4.625 4.450 4.275 4.101 3.928 3.867 3.784 3.678 3.550 3.400 3.228 3.036 2.998 2.958 2.916 2.872 2.836 3.146 3.458 3.772 4.088 4.406 4.727 5.049 5.374 5.700 6.029 6.360 6.678 6.598 6.506 6.403 6.290 6.165 6.029 5.882 5.724 5.556 5.376 5.185 4.989 4.921 4.862 4.812 4.770 4.738 4.714 4.699 4.692 4.695 4.706 4.727 4.750 4.679 4.600
2.318 2.598 2.919 3.226 3.517 3.794 4.055 4.302 4.534 4.751 4.954 5.141 5.314 5.188 5.011 4.835 4.659 4.483 4.308 4.134 3.960 3.786 3.613 3.440 3.284 3.246 3.211 3.176 3.138 3.099 3.058 3.015 2.971 2.924 2.876 2.827 2.775 3.049 3.368 3.690 4.013 4.339 4.667 4.997 5.329 5.662 5.999 6.337 6.677 6.605 6.475 6.334 6.182 6.018 5.844 5.659 5.463 5.255 5.037 4.808 4.567 4.512 4.484 4.464 4.453 4.451 4.458 4.474 4.498 4.532 4.574 4.625 4.685 4.597 4.490
2.272 2.456 2.725 2.980 3.219 3.444 3.654 3.849 4.029 4.194 4.344 4.480 4.601 4.511 4.336 4.162 3.987 3.868 3.854 3.819 3.763 3.687 3.590 3.472 3.333 3.262 3.222 3.180 3.137 3.091 3.044 2.995 2.945 2.893 2.839 2.783 2.726 2.950 3.277 3.606 3.937 4.270 4.605 4.942 5.281 5.622 5.966 6.311 6.659 6.624 6.455 6.275 6.085 5.883 5.670 5.447 5.212 4.966 4.709 4.442 4.163 4.095 4.097 4.108 4.128 4.157 4.195 4.241 4.296 4.360 4.433 4.515 4.605 4.523 4.387
2.233 2.331 2.548 2.751 2.938 3.111 3.269 3.412 3.540 3.653 3.853 4.158 4.452 4.588 4.584 4.559 4.514 4.448 4.361 4.253 4.125 3.976 3.806 3.615 3.403 3.281 3.234 3.186 3.137 3.085 3.032 2.978 2.921 2.863 2.803 2.741 2.678 2.849 3.183 3.519 3.858 4.198 4.540 4.885 5.232 5.580 5.931 6.284 6.639 6.653 6.446 6.228 5.999 5.759 5.508 5.246 4.972 4.688 4.393 4.087 3.770 3.669 3.702 3.744 3.795 3.854 3.923 4.000 4.086 4.181 4.284 4.396 4.517 4.456 4.292
2.203 2.222 2.387 2.664 3.006 3.336 3.656 3.966 4.265 4.554 4.832 5.099 5.356 5.481 5.404 5.307 5.189 5.050 4.890 4.709 4.508 4.286 4.043 3.780 3.495 3.301 3.248 3.195 3.139 3.082 3.022 2.962 2.899 2.835 2.769 2.701 2.632 2.746 3.087 3.431 3.777 4.124 4.474 4.826 5.180 5.536 5.894 6.254 6.616 6.694 6.448 6.192 5.924 5.646 5.356 5.056 4.744 4.422 4.088 3.744 3.388 3.236 3.300 3.372 3.454 3.544 3.643 3.751 3.866 3.970 4.059 4.131 4.187 4.106 3.920
3.054 3.272 3.597 3.911 4.216 4.509 4.792 5.065 5.327 5.579 5.820 6.050 6.270 6.395 6.245 6.075 5.884 5.673 5.440 5.187 4.913 4.618 4.303 3.966 3.609 3.323 3.264 3.204 3.143 3.079 3.014 2.947 2.879 2.809 2.737 2.663 2.588 2.641 2.990 3.341 3.694 4.049 4.406 4.765 5.126 5.489 5.855 6.222 6.592 6.745 6.461 6.166 5.860 5.543 5.216 4.877 4.527 4.166 3.794 3.411 3.018 2.836 2.997 3.142 3.270 3.383 3.480 3.561 3.625 3.674 3.707 3.723 3.724 3.655 3.506
4.313 4.602 4.891 5.168 5.435 5.692 5.938 6.174 6.399 6.614 6.818 7.012 7.195 7.330 7.108 6.865 6.601 6.317 6.012 5.686 5.339 4.972 4.583 4.175 3.745 3.346 3.282 3.216 3.148 3.079 3.008 2.935 2.861 2.784 2.706 2.627 2.545 2.534 2.890 3.248 3.608 3.971 4.335 4.702 5.070 5.441 5.814 6.188 6.565 6.807 6.485 6.152 5.808 5.452 5.112 4.790 4.469 4.152 3.836 3.523 3.212 3.001 3.106 3.195 3.268 3.325 3.366 3.391 3.400 3.393 3.370 3.331 3.276 3.194 3.084
5.538 5.929 6.194 6.435 6.665 6.885 7.094 7.293 7.481 7.659 7.826 7.983 8.129 8.265 7.992 7.676 7.339 6.982 6.604 6.206 5.787 5.347 4.886 4.405 3.902 3.379 3.302 3.230 3.156 3.081 3.003 2.925 2.844 2.762 2.678 2.592 2.505 2.425 2.788 3.154 3.521 3.891 4.263 4.636 5.012 5.390 5.770 6.196 6.597 6.907 6.581 6.257 5.936 5.616 5.300 4.985 4.673 4.364 4.056 3.751 3.449 3.182 3.231 3.264 3.282 3.283 3.268 3.238 3.191 3.128 3.049 2.954 2.844 2.724 2.651
6.728 7.222 7.507 7.711 7.904 8.087 8.260 8.422 8.573 8.714 8.844 8.964 9.073 9.172 8.896 8.508 8.099 7.669 7.219 6.748 6.256 5.743 5.210 4.656 4.081 3.486 3.323 3.245 3.165 3.084 3.001 2.916 2.829 2.741 2.651 2.559 2.466 2.371 2.684 3.057 3.642 4.231 4.766 5.248 5.676 6.051 6.372 6.640 6.854 7.014 6.734 6.418 6.105 5.794 5.485 5.179 4.875 4.573 4.274 3.977 3.682 3.390 3.371 3.349 3.310 3.256 3.186 3.099 2.997 2.878 2.744 2.594 2.427 2.245 2.209
