DATA/SHG/ECMWF/20170628/EN-9/20170710.en-9.asc
ncols        190
nrows        64
xllcorner    -5100000.000000000000
yllcorner    4130000.000000000000
cellsize     10000.000000000000
NODATA_value  -99999.000
[rows 0 to 32 of 64, columns 0 to 73 of 190]
5.007 4.860 4.723 4.593 4.472 4.359 4.255 4.158 4.070 4.289 4.595 4.891 5.178 5.455 5.723 5.981 6.229 6.468 6.697 6.914 7.118 7.078 6.930 6.785 6.642 6.501 6.363 6.227 6.094 5.963 5.835 5.709 5.585 5.459 5.329 5.199 5.068 4.937 4.805 4.673 4.541 4.408 4.274 4.140 4.006 3.980 4.051 4.128 4.208 4.294 4.383 4.477 4.575 4.678 4.785 4.897 5.013 4.986 4.778 4.560 4.330 4.090 3.839 3.577 3.304 3.020 2.726 2.420 2.104 1.909 1.925 1.938 1.947 1.954
4.778 4.662 4.553 4.453 4.361 4.278 4.203 4.136 4.077 4.227 4.499 4.761 5.020 5.267 5.501 5.724 5.934 6.132 6.319 6.493 6.655 6.650 6.511 6.374 6.240 6.108 5.978 5.851 5.727 5.605 5.485 5.368 5.253 5.132 5.000 4.869 4.736 4.604 4.470 4.337 4.203 4.068 3.933 3.798 3.662 3.612 3.699 3.791 3.888 3.988 4.093 4.203 4.317 4.435 4.558 4.685 4.816 4.831 4.586 4.329 4.061 3.783 3.493 3.193 2.882 2.560 2.228 1.884 1.529 1.258 1.263 1.265 1.264 1.260
4.541 4.454 4.375 4.304 4.246 4.208 4.176 4.147 4.123 4.225 4.466 4.694 4.910 5.114 5.306 5.486 5.654 5.810 5.953 6.085 6.204 6.220 6.089 5.961 5.836 5.712 5.592 5.473 5.358 5.244 5.133 5.025 4.919 4.806 4.673 4.539 4.406 4.271 4.136 4.001 3.866 3.729 3.593 3.456 3.318 3.240 3.343 3.451 3.563 3.679 3.800 3.925 4.054 4.188 4.326 4.469 4.616 4.688 4.404 4.109 3.803 3.486 3.159 2.821 2.472 2.112 1.741 1.359 1.046 0.795 0.886 0.974 1.059 1.141
4.390 4.350 4.315 4.285 4.259 4.237 4.219 4.206 4.197 4.256 4.454 4.640 4.813 4.975 5.124 5.261 5.387 5.500 5.601 5.690 5.768 5.788 5.666 5.547 5.430 5.315 5.203 5.094 4.987 4.882 4.780 4.680 4.583 4.481 4.346 4.211 4.076 3.940 3.803 3.667 3.529 3.392 3.253 3.115 2.976 2.865 2.984 3.107 3.234 3.366 3.502 3.642 3.787 3.937 4.091 4.249 4.411 4.555 4.233 3.900 3.555 3.206 2.869 2.543 2.230 1.928 1.639 1.362 1.096 0.843 0.918 0.996 1.070 1.142
4.336 4.312 4.293 4.278 4.267 4.260 4.258 4.260 4.266 4.300 4.455 4.598 4.729 4.848 4.955 5.050 5.133 5.204 5.263 5.309 5.344 5.354 5.241 5.130 5.022 4.916 4.813 4.712 4.614 4.518 4.424 4.333 4.245 4.157 4.021 3.884 3.747 3.609 3.472 3.333 3.194 3.055 2.915 2.775 2.634 2.493 2.620 2.758 2.901 3.049 3.200 3.356 3.517 3.678 3.822 3.959 4.089 4.211 3.909 3.578 3.259 2.951 2.656 2.372 2.101 1.842 1.594 1.359 1.135 0.923 0.953 1.020 1.085 1.147
4.278 4.270 4.266 4.266 4.270 4.278 4.291 4.309 4.330 4.357 4.470 4.570 4.659 4.735 4.800 4.852 4.893 4.921 4.937 4.942 4.934 4.914 4.814 4.712 4.612 4.515 4.421 4.328 4.239 4.151 4.067 3.984 3.904 3.827 3.696 3.558 3.419 3.280 3.141 3.001 2.860 2.719 2.578 2.436 2.294 2.151 2.262 2.432 2.594 2.750 2.898 3.038 3.172 3.298 3.417 3.528 3.632 3.729 3.517 3.228 2.951 2.685 2.432 2.191 1.961 1.743 1.538 1.344 1.163 0.993 0.990 1.047 1.102 1.153
4.216 4.223 4.233 4.249 4.268 4.292 4.321 4.353 4.390 4.431 4.497 4.555 4.601 4.635 4.657 4.667 4.665 4.651 4.625 4.587 4.537 4.475 4.385 4.291 4.201 4.112 4.026 3.943 3.862 3.783 3.707 3.633 3.562 3.493 3.372 3.233 3.092 2.952 2.811 2.681 2.562 2.445 2.330 2.217 2.106 1.997 2.069 2.213 2.350 2.480 2.603 2.718 2.825 2.926 3.019 3.105 3.184 3.255 3.115 2.867 2.632 2.408 2.197 1.997 1.810 1.634 1.470 1.319 1.179 1.051 1.030 1.077 1.122 1.163
4.149 4.171 4.197 4.227 4.262 4.301 4.345 4.393 4.445 4.501 4.537 4.553 4.556 4.548 4.528 4.496 4.451 4.395 4.326 4.246 4.154 4.049 3.954 3.869 3.787 3.707 3.630 3.555 3.483 3.413 3.346 3.281 3.229 3.182 3.088 2.966 2.846 2.728 2.612 2.498 2.386 2.276 2.169 2.064 1.960 1.859 1.884 2.002 2.114 2.218 2.315 2.405 2.487 2.562 2.629 2.690 2.743 2.789 2.701 2.496 2.302 2.120 1.951 1.793 1.647 1.513 1.391 1.281 1.183 1.097 1.073 1.110 1.144 1.175
4.077 4.114 4.155 4.201 4.251 4.306 4.364 4.427 4.495 4.566 4.590 4.563 4.525 4.474 4.412 4.337 4.250 4.152 4.041 3.918 3.784 3.637 3.521 3.445 3.372 3.320 3.271 3.223 3.175 3.128 3.081 3.035 2.989 2.944 2.866 2.751 2.638 2.528 2.419 2.313 2.208 2.106 2.006 1.908 1.813 1.719 1.706 1.799 1.885 1.964 2.035 2.099 2.156 2.205 2.247 2.282 2.310 2.330 2.276 2.113 1.961 1.821 1.693 1.578 1.474 1.382 1.301 1.233 1.177 1.133 1.118 1.145 1.169 1.190
4.000 4.053 4.109 4.170 4.236 4.305 4.379 4.457 4.540 4.627 4.656 4.587 4.506 4.413 4.308 4.191 4.062 3.921 3.771 3.621 3.472 3.323 3.211 3.162 3.114 3.066 3.019 2.973 2.927 2.881 2.836 2.792 2.748 2.705 2.642 2.534 2.429 2.326 2.225 2.126 2.029 1.934 1.842 1.751 1.663 1.577 1.536 1.603 1.664 1.717 1.763 1.801 1.832 1.856 1.873 1.882 1.885 1.879 1.841 1.719 1.609 1.511 1.425 1.351 1.289 1.238 1.200 1.174 1.159 1.156 1.166 1.183 1.197 1.208
3.919 3.986 4.058 4.135 4.215 4.300 4.389 4.483 4.581 4.683 4.719 4.568 4.416 4.266 4.115 3.965 3.816 3.667 3.518 3.370 3.223 3.075 2.950 2.903 2.857 2.812 2.767 2.722 2.678 2.635 2.592 2.550 2.508 2.467 2.415 2.316 2.218 2.122 2.028 1.937 1.848 1.761 1.676 1.593 1.512 1.433 1.373 1.415 1.450 1.478 1.498 1.511 1.517 1.515 1.506 1.490 1.467 1.436 1.394 1.314 1.246 1.190 1.146 1.113 1.093 1.084 1.088 1.103 1.130 1.169 1.217 1.224 1.228 1.228
3.833 3.916 4.003 4.081 4.147 4.209 4.268 4.324 4.377 4.427 4.454 4.304 4.154 4.005 3.856 3.708 3.560 3.413 3.266 3.119 2.973 2.828 2.689 2.645 2.600 2.557 2.514 2.471 2.429 2.388 2.347 2.307 2.267 2.228 2.187 2.095 2.005 1.917 1.830 1.746 1.665 1.585 1.507 1.432 1.358 1.287 1.218 1.234 1.244 1.246 1.241 1.228 1.209 1.182 1.147 1.106 1.057 1.001 0.938 0.899 0.872 0.858 0.855 0.864 0.886 0.919 0.964 1.029 1.101 1.172 1.242 1.242 1.234 1.225
3.680 3.744 3.805 3.862 3.917 3.968 4.017 4.062 4.104 4.144 4.180 4.040 3.892 3.744 3.597 3.450 3.304 3.158 3.013 2.868 2.724 2.580 2.436 2.386 2.344 2.302 2.261 2.220 2.180 2.141 2.102 2.064 2.026 1.989 1.952 1.873 1.790 1.709 1.631 1.554 1.480 1.407 1.337 1.269 1.203 1.139 1.078 1.061 1.045 1.022 0.991 0.953 0.908 0.856 0.796 0.729 0.655 0.574 0.485 0.472 0.530 0.606 0.681 0.755 0.828 0.900 0.970 1.040 1.109 1.176 1.243 1.248 1.235 1.221
3.497 3.550 3.600 3.647 3.691 3.731 3.769 3.804 3.835 3.864 3.889 3.776 3.629 3.483 3.338 3.193 3.048 2.904 2.760 2.617 2.474 2.332 2.190 2.127 2.086 2.047 2.008 1.969 1.931 1.894 1.857 1.821 1.785 1.750 1.715 1.649 1.573 1.500 1.429 1.360 1.293 1.228 1.165 1.105 1.046 0.990 0.936 0.895 0.854 0.805 0.749 0.686 0.615 0.580 0.552 0.526 0.500 0.475 0.452 0.495 0.569 0.641 0.713 0.783 0.852 0.920 0.987 1.053 1.118 1.181 1.244 1.255 1.237 1.218
3.317 3.359 3.399 3.435 3.468 3.498 3.525 3.549 3.570 3.587 3.602 3.511 3.367 3.222 3.078 2.935 2.792 2.649 2.507 2.366 2.225 2.084 1.944 1.867 1.829 1.791 1.754 1.718 1.682 1.646 1.611 1.577 1.543 1.510 1.477 1.423 1.355 1.289 1.225 1.164 1.104 1.047 0.991 0.938 0.887 0.838 0.814 0.786 0.756 0.727 0.699 0.672 0.645 0.620 0.596 0.573 0.551 0.530 0.509 0.539 0.609 0.678 0.745 0.812 0.877 0.941 1.004 1.066 1.127 1.187 1.246 1.263 1.241 1.217
3.141 3.173 3.201 3.227 3.249 3.268 3.284 3.298 3.308 3.315 3.319 3.247 3.104 2.961 2.819 2.677 2.536 2.395 2.254 2.114 1.975 1.836 1.697 1.608 1.572 1.536 1.501 1.466 1.432 1.399 1.366 1.333 1.302 1.270 1.240 1.195 1.134 1.076 1.025 1.005 0.985 0.963 0.939 0.915 0.889 0.862 0.833 0.805 0.778 0.752 0.728 0.704 0.681 0.660 0.639 0.619 0.601 0.583 0.566 0.584 0.650 0.715 0.779 0.841 0.903 0.963 1.023 1.081 1.138 1.194 1.249 1.272 1.245 1.217
2.969 2.990 3.007 3.022 3.034 3.042 3.048 3.050 3.049 3.046 3.039 2.983 2.841 2.700 2.560 2.419 2.280 2.140 2.001 1.863 1.725 1.588 1.451 1.348 1.314 1.280 1.247 1.214 1.182 1.151 1.120 1.103 1.117 1.131 1.143 1.145 1.125 1.104 1.081 1.057 1.032 1.005 0.977 0.948 0.918 0.886 0.853 0.823 0.799 0.777 0.756 0.736 0.717 0.698 0.681 0.665 0.649 0.635 0.622 0.630 0.692 0.753 0.813 0.872 0.930 0.987 1.042 1.097 1.150 1.202 1.254 1.283 1.251 1.218
2.800 2.810 2.817 2.821 2.822 2.820 2.815 2.806 2.795 2.781 2.763 2.719 2.579 2.439 2.300 2.161 2.023 1.886 1.748 1.612 1.475 1.339 1.204 1.088 1.079 1.097 1.113 1.129 1.143 1.157 1.170 1.182 1.193 1.203 1.213 1.216 1.191 1.165 1.138 1.109 1.080 1.049 1.017 0.983 0.948 0.912 0.875 0.839 0.820 0.801 0.783 0.766 0.751 0.736 0.722 0.709 0.697 0.686 0.677 0.677 0.735 0.793 0.849 0.904 0.958 1.011 1.063 1.113 1.163 1.211 1.259 1.295 1.258 1.220
2.635 2.634 2.631 2.624 2.614 2.601 2.585 2.566 2.544 2.519 2.491 2.454 2.316 2.178 2.040 1.903 1.767 1.654 1.558 1.468 1.383 1.304 1.230 1.166 1.181 1.195 1.208 1.221 1.232 1.243 1.253 1.261 1.269 1.276 1.283 1.287 1.258 1.228 1.196 1.163 1.129 1.094 1.057 1.019 0.980 0.939 0.898 0.855 0.839 0.824 0.809 0.796 0.784 0.772 0.762 0.752 0.744 0.737 0.730 0.725 0.779 0.833 0.885 0.937 0.987 1.036 1.084 1.131 1.177 1.222 1.265 1.308 1.267 1.224
2.474 2.462 2.448 2.430 2.410 2.386 2.359 2.330 2.297 2.261 2.238 2.217 2.116 2.012 1.914 1.821 1.733 1.652 1.575 1.505 1.439 1.380 1.326 1.277 1.283 1.294 1.304 1.313 1.322 1.329 1.336 1.342 1.347 1.351 1.354 1.356 1.326 1.292 1.256 1.218 1.180 1.140 1.099 1.056 1.013 0.968 0.922 0.874 0.857 0.845 0.834 0.825 0.816 0.808 0.801 0.795 0.790 0.786 0.783 0.781 0.824 0.874 0.923 0.970 1.017 1.062 1.106 1.149 1.192 1.233 1.273 1.311 1.277 1.229
2.316 2.294 2.268 2.250 2.232 2.212 2.192 2.172 2.151 2.129 2.107 2.084 2.011 1.926 1.847 1.774 1.706 1.644 1.587 1.535 1.490 1.450 1.415 1.386 1.386 1.394 1.401 1.407 1.412 1.417 1.420 1.423 1.425 1.425 1.425 1.424 1.396 1.357 1.316 1.274 1.231 1.187 1.142 1.095 1.047 0.998 0.947 0.895 0.874 0.866 0.859 0.852 0.847 0.842 0.839 0.836 0.834 0.834 0.834 0.836 0.870 0.916 0.961 1.005 1.048 1.089 1.130 1.168 1.204 1.237 1.269 1.298 1.289 1.274
2.193 2.174 2.155 2.134 2.114 2.092 2.070 2.048 2.025 2.001 1.977 1.952 1.900 1.835 1.775 1.721 1.673 1.630 1.592 1.560 1.534 1.513 1.498 1.489 1.490 1.494 1.498 1.501 1.504 1.505 1.505 1.505 1.503 1.501 1.498 1.494 1.467 1.423 1.378 1.332 1.284 1.236 1.186 1.135 1.082 1.028 0.973 0.917 0.891 0.886 0.882 0.879 0.877 0.875 0.875 0.876 0.878 0.881 0.885 0.890 0.918 0.961 1.001 1.040 1.077 1.111 1.144 1.174 1.203 1.229 1.254 1.276 1.292 1.313
2.084 2.063 2.042 2.019 1.997 1.973 1.949 1.925 1.899 1.874 1.847 1.820 1.783 1.737 1.697 1.663 1.633 1.610 1.592 1.580 1.573 1.571 1.576 1.585 1.594 1.596 1.597 1.596 1.596 1.594 1.591 1.587 1.583 1.578 1.571 1.564 1.539 1.490 1.441 1.391 1.339 1.286 1.231 1.176 1.119 1.061 1.001 0.941 0.906 0.904 0.904 0.904 0.906 0.914 0.925 0.935 0.943 0.949 0.954 0.957 0.975 1.011 1.045 1.076 1.106 1.133 1.159 1.182 1.204 1.223 1.241 1.256 1.286 1.343
1.976 1.953 1.930 1.905 1.880 1.855 1.829 1.802 1.775 1.747 1.719 1.690 1.660 1.634 1.613 1.598 1.588 1.584 1.586 1.593 1.605 1.623 1.647 1.676 1.699 1.698 1.696 1.692 1.688 1.683 1.678 1.671 1.663 1.655 1.646 1.635 1.612 1.559 1.505 1.450 1.394 1.337 1.278 1.218 1.156 1.094 1.042 0.994 0.966 0.979 0.991 1.002 1.010 1.018 1.023 1.027 1.030 1.031 1.030 1.028 1.035 1.063 1.090 1.114 1.137 1.157 1.176 1.192 1.207 1.219 1.229 1.238 1.270 1.363
1.869 1.844 1.818 1.792 1.765 1.738 1.709 1.681 1.651 1.622 1.591 1.560 1.532 1.525 1.524 1.528 1.538 1.553 1.574 1.600 1.632 1.670 1.712 1.761 1.805 1.801 1.795 1.789 1.782 1.774 1.765 1.755 1.745 1.733 1.721 1.707 1.686 1.629 1.571 1.524 1.478 1.431 1.384 1.336 1.288 1.239 1.189 1.139 1.099 1.107 1.113 1.118 1.121 1.123 1.123 1.121 1.118 1.113 1.107 1.099 1.096 1.117 1.137 1.154 1.170 1.183 1.195 1.204 1.211 1.217 1.220 1.221 1.244 1.373
1.765 1.736 1.708 1.679 1.650 1.621 1.591 1.560 1.529 1.497 1.464 1.431 1.397 1.410 1.428 1.452 1.481 1.516 1.556 1.602 1.653 1.710 1.772 1.840 1.912 1.905 1.896 1.887 1.876 1.865 1.853 1.840 1.825 1.816 1.813 1.817 1.826 1.780 1.733 1.685 1.637 1.589 1.539 1.489 1.439 1.388 1.336 1.284 1.233 1.235 1.236 1.235 1.233 1.229 1.224 1.217 1.208 1.198 1.186 1.172 1.159 1.173 1.186 1.196 1.205 1.211 1.215 1.218 1.218 1.216 1.213 1.207 1.209 1.374
1.688 1.628 1.598 1.568 1.537 1.505 1.473 1.440 1.407 1.373 1.338 1.303 1.267 1.289 1.327 1.370 1.418 1.473 1.532 1.597 1.668 1.744 1.826 1.913 2.001 1.976 1.944 1.919 1.900 1.888 1.882 1.883 1.890 1.904 1.924 1.951 1.985 1.946 1.897 1.847 1.797 1.746 1.695 1.643 1.590 1.537 1.483 1.429 1.374 1.365 1.361 1.354 1.346 1.337 1.326 1.313 1.299 1.283 1.266 1.247 1.226 1.231 1.236 1.240 1.241 1.241 1.238 1.233 1.227 1.218 1.207 1.194 1.180 1.364
1.617 1.521 1.489 1.457 1.424 1.390 1.356 1.321 1.285 1.249 1.213 1.176 1.138 1.163 1.220 1.282 1.350 1.436 1.542 1.633 1.711 1.775 1.824 1.860 1.882 1.875 1.866 1.863 1.867 1.878 1.895 1.918 1.948 1.985 2.028 2.078 2.134 2.113 2.062 2.010 1.958 1.905 1.851 1.797 1.742 1.687 1.631 1.575 1.518 1.497 1.487 1.475 1.461 1.446 1.430 1.411 1.392 1.370 1.347 1.323 1.297 1.291 1.289 1.285 1.280 1.272 1.262 1.251 1.237 1.221 1.204 1.184 1.162 1.346
1.552 1.415 1.381 1.347 1.312 1.276 1.239 1.203 1.165 1.127 1.143 1.203 1.235 1.308 1.421 1.519 1.604 1.675 1.731 1.774 1.803 1.817 1.818 1.805 1.777 1.766 1.780 1.800 1.827 1.861 1.901 1.947 2.000 2.060 2.126 2.198 2.277 2.280 2.227 2.173 2.118 2.063 2.008 1.951 1.895 1.837 1.779 1.721 1.662 1.630 1.614 1.597 1.578 1.557 1.535 1.511 1.486 1.459 1.430 1.400 1.369 1.352 1.344 1.333 1.320 1.306 1.289 1.270 1.249 1.227 1.202 1.175 1.146 1.317
1.493 1.310 1.274 1.370 1.524 1.650 1.750 1.822 1.867 1.886 1.877 1.842 1.779 1.757 1.821 1.871 1.906 1.928 1.936 1.929 1.909 1.875 1.826 1.764 1.688 1.651 1.688 1.731 1.781 1.837 1.900 1.969 2.045 2.127 2.216 2.311 2.413 2.447 2.392 2.336 2.279 2.222 2.165 2.106 2.047 1.988 1.928 1.867 1.806 1.764 1.743 1.720 1.695 1.669 1.641 1.612 1.581 1.549 1.515 1.479 1.442 1.416 1.400 1.382 1.363 1.341 1.317 1.291 1.266 1.241 1.210 1.175 1.135 1.263
2.553 2.597 2.710 2.795 2.854 2.886 2.890 2.868 2.819 2.742 2.639 2.509 2.351 2.221 2.236 2.236 2.223 2.196 2.155 2.099 2.030 1.947 1.850 1.738 1.613 1.530 1.589 1.655 1.728 1.807 1.892 1.984 2.083 2.188 2.300 2.418 2.542 2.615 2.558 2.500 2.441 2.382 2.322 2.261 2.201 2.139 2.077 2.014 1.951 1.900 1.873 1.844 1.814 1.783 1.749 1.715 1.678 1.640 1.601 1.559 1.517 1.489 1.480 1.467 1.449 1.426 1.398 1.365 1.327 1.285 1.238 1.186 1.129 1.203
4.145 4.240 4.258 4.248 4.212 4.149 4.059 3.942 3.798 3.627 3.429 3.204 2.952 2.699 2.665 2.617 2.554 2.478 2.388 2.284 2.166 2.034 1.888 1.728 1.554 1.401 1.483 1.572 1.668 1.769 1.878 1.993 2.114 2.242 2.376 2.517 2.665 2.783 2.724 2.664 2.603 2.542 2.480 2.417 2.354 2.290 2.226 2.161 2.096 2.037 2.004 1.970 1.935 1.898 1.896 1.908 1.904 1.886 1.852 1.802 1.738 1.672 1.647 1.617 1.582 1.542 1.497 1.448 1.393 1.334 1.270 1.201 1.128 1.143
5.709 5.887 5.833 5.729 5.598 5.440 5.256 5.044 4.806 4.540 4.247 3.928 3.582 3.208 3.109 3.011 2.900 2.775 2.636 2.483 2.316 2.135 1.940 1.731 1.509 1.272 1.371 1.483 1.601 1.726 1.857 1.994 2.138 2.289 2.446 2.610 2.780 2.952 2.890 2.828 2.765 2.702 2.638 2.573 2.508 2.442 2.376 2.427 2.468 2.440 2.476 2.495 2.500 2.489 2.463 2.421 2.365 2.292 2.205 2.102 1.984 1.860 1.818 1.771 1.719 1.662 1.601 1.535 1.464 1.388 1.307 1.222 1.131 1.084
