DATA/SHG/ECMWF/20170628/EN-9/20170703.en-9.asc
ncols        190
nrows        64
xllcorner    -5100000.000000000000
yllcorner    4130000.000000000000
cellsize     10000.000000000000
NODATA_value  -99999.000
[rows 0 to 31 of 64, columns 73 to 145 of 190]
2.516 2.705 2.888 3.065 3.237 3.402 3.561 3.714 3.929 4.363 4.822 5.260 5.677 6.074 6.451 6.806 7.141 7.456 7.750 8.023 8.247 8.371 8.494 8.609 8.716 8.814 8.904 8.985 9.058 9.123 9.179 9.227 9.318 9.567 9.799 10.016 10.216 10.400 10.567 10.719 10.854 10.973 11.076 11.163 11.091 10.583 10.095 9.627 9.178 8.750 8.342 7.954 7.586 7.238 6.910 6.602 6.267 5.806 5.360 4.929 4.513 4.111 3.724 3.352 2.994 2.651 2.323 2.010 1.790 1.799 1.810 1.822 1.835
2.135 2.303 2.586 2.889 3.176 3.448 3.704 3.944 4.205 4.612 4.999 5.365 5.710 6.035 6.339 6.623 6.886 7.129 7.350 7.552 7.723 7.809 7.895 7.973 8.042 8.103 8.155 8.199 8.234 8.261 8.280 8.290 8.313 8.490 8.650 8.794 8.922 9.034 9.130 9.209 9.272 9.320 9.351 9.366 9.311 8.892 8.494 8.115 7.757 7.418 7.100 6.801 6.523 6.264 6.025 5.807 5.579 5.184 4.804 4.438 4.087 3.751 3.429 3.123 2.831 2.553 2.290 2.042 1.846 1.861 1.878 1.896 1.916
2.737 3.017 3.280 3.528 3.761 3.978 4.179 4.365 4.544 4.879 5.194 5.488 5.762 6.015 6.247 6.459 6.650 6.820 6.970 7.100 7.208 7.258 7.307 7.347 7.378 7.402 7.416 7.423 7.421 7.410 7.391 7.364 7.328 7.431 7.520 7.592 7.648 7.688 7.711 7.719 7.710 7.686 7.645 7.588 7.512 7.183 6.874 6.585 6.316 6.067 5.838 5.629 5.439 5.270 5.121 4.992 4.877 4.547 4.233 3.933 3.647 3.376 3.120 2.879 2.652 2.440 2.243 2.060 1.917 1.973 2.029 2.085 2.141
3.554 3.779 3.988 4.181 4.359 4.522 4.669 4.800 4.916 5.165 5.408 5.630 5.832 6.013 6.173 6.313 6.432 6.531 6.609 6.667 6.704 6.718 6.729 6.731 6.725 6.711 6.688 6.657 6.617 6.569 6.513 6.448 6.375 6.393 6.409 6.409 6.393 6.361 6.313 6.248 6.168 6.071 5.959 5.830 5.685 5.455 5.236 5.036 4.856 4.697 4.557 4.437 4.337 4.257 4.197 4.157 4.137 3.897 3.647 3.497 3.420 3.329 3.225 3.107 2.975 2.829 2.670 2.497 2.310 2.348 2.403 2.458 2.512
4.384 4.554 4.709 4.848 4.971 5.079 5.171 5.248 5.310 5.470 5.641 5.791 5.920 6.030 6.118 6.186 6.234 6.261 6.267 6.253 6.218 6.187 6.161 6.126 6.082 6.031 5.970 5.902 5.825 5.739 5.646 5.543 5.433 5.373 5.317 5.245 5.158 5.054 4.934 4.797 4.645 4.477 4.292 4.092 3.875 3.709 3.579 3.468 3.378 3.307 3.372 3.550 3.747 3.962 4.196 4.448 4.719 4.698 4.587 4.462 4.324 4.172 4.006 3.827 3.634 3.427 3.206 2.972 2.725 2.723 2.777 2.830 2.884
5.227 5.343 5.443 5.527 5.596 5.650 5.688 5.710 5.717 5.793 5.892 5.970 6.028 6.065 6.082 6.078 6.054 6.009 5.944 5.858 5.751 5.667 5.603 5.531 5.450 5.361 5.263 5.157 5.043 4.920 4.789 4.649 4.501 4.372 4.245 4.101 3.942 3.766 3.574 3.366 3.142 3.010 2.949 2.893 2.840 2.923 3.091 3.277 3.482 3.706 3.948 4.209 4.488 4.786 5.102 5.437 5.791 5.798 5.625 5.440 5.240 5.027 4.800 4.560 4.305 4.038 3.756 3.461 3.152 3.097 3.150 3.203 3.255
6.084 6.145 6.191 6.221 6.235 6.234 6.218 6.186 6.139 6.134 6.161 6.168 6.154 6.119 6.064 5.989 5.893 5.776 5.639 5.482 5.304 5.158 5.056 4.946 4.828 4.701 4.566 4.423 4.271 4.111 3.942 3.765 3.641 3.556 3.484 3.414 3.349 3.287 3.228 3.174 3.122 3.075 3.031 2.991 2.954 3.065 3.316 3.585 3.873 4.179 4.504 4.847 5.209 5.589 5.988 6.406 6.842 6.910 6.677 6.430 6.169 5.895 5.607 5.306 4.990 4.661 4.319 3.963 3.593 3.471 3.523 3.575 3.626
6.954 6.960 6.952 6.927 6.888 6.833 6.762 6.676 6.574 6.494 6.449 6.384 6.298 6.192 6.065 5.918 5.751 5.563 5.354 5.125 4.876 4.658 4.519 4.411 4.318 4.225 4.132 4.039 3.945 3.852 3.758 3.664 3.570 3.489 3.432 3.379 3.330 3.284 3.241 3.203 3.168 3.136 3.108 3.084 3.063 3.187 3.520 3.872 4.243 4.632 5.039 5.465 5.909 6.372 6.854 7.354 7.872 8.035 7.741 7.433 7.111 6.776 6.427 6.064 5.688 5.298 4.895 4.477 4.047 3.845 3.896 3.946 3.997
7.837 7.789 7.726 7.648 7.554 7.444 7.319 7.179 7.023 6.872 6.755 6.618 6.461 6.283 6.085 5.864 5.628 5.395 5.167 4.943 4.722 4.534 4.440 4.347 4.253 4.160 4.066 3.972 3.877 3.783 3.689 3.594 3.499 3.418 3.377 3.340 3.307 3.277 3.251 3.228 3.209 3.193 3.182 3.173 3.169 3.289 3.705 4.140 4.593 5.064 5.554 6.062 6.589 7.135 7.699 8.281 8.882 9.173 8.817 8.448 8.066 7.669 7.259 6.836 6.399 5.948 5.483 5.005 4.513 4.218 4.268 4.318 4.367
8.733 8.631 8.514 8.381 8.233 8.069 7.890 7.695 7.455 7.153 6.907 6.664 6.426 6.192 5.961 5.735 5.512 5.294 5.079 4.869 4.663 4.471 4.377 4.283 4.189 4.094 4.000 3.905 3.810 3.715 3.620 3.524 3.429 3.343 3.318 3.297 3.280 3.266 3.256 3.249 3.246 3.247 3.251 3.259 3.270 3.371 3.870 4.387 4.922 5.476 6.049 6.640 7.249 7.877 8.523 9.188 9.871 10.323 9.907 9.477 9.033 8.576 8.105 7.620 7.122 6.610 6.085 5.546 4.993 4.591 4.640 4.689 4.737
9.643 9.418 9.103 8.790 8.478 8.167 7.857 7.549 7.242 6.937 6.704 6.476 6.252 6.031 5.815 5.602 5.394 5.189 4.988 4.792 4.599 4.411 4.314 4.219 4.124 4.029 3.934 3.838 3.743 3.647 3.551 3.455 3.358 3.264 3.255 3.250 3.249 3.251 3.257 3.267 3.280 3.296 3.317 3.340 3.368 3.434 4.015 4.614 5.232 5.868 6.523 7.196 7.888 8.598 9.327 10.074 10.840 11.486 11.008 10.517 10.013 9.495 8.963 8.418 7.859 7.286 6.700 6.100 5.487 4.964 5.012 5.059 5.106
9.486 9.174 8.864 8.555 8.247 7.940 7.635 7.331 7.028 6.727 6.499 6.284 6.074 5.867 5.665 5.466 5.271 5.081 4.894 4.711 4.533 4.358 4.252 4.156 4.060 3.964 3.868 3.772 3.676 3.579 3.483 3.386 3.289 3.192 3.189 3.200 3.214 3.233 3.255 3.280 3.309 3.342 3.378 3.418 3.461 3.508 4.140 4.821 5.522 6.240 6.977 7.733 8.507 9.299 10.110 10.940 11.788 12.654 12.123 11.571 11.006 10.427 9.834 9.228 8.608 7.975 7.328 6.667 6.005 5.407 5.536 5.691 5.874
9.236 8.929 8.623 8.319 8.015 7.713 7.412 7.112 6.814 6.517 6.290 6.089 5.893 5.700 5.511 5.326 5.146 4.969 4.796 4.627 4.462 4.302 4.189 4.093 3.996 3.900 3.803 3.706 3.609 3.512 3.414 3.317 3.219 3.121 3.118 3.145 3.176 3.210 3.248 3.290 3.335 3.383 3.436 3.492 3.551 3.614 4.245 5.009 5.791 6.592 7.412 8.249 9.106 9.980 10.873 11.785 12.715 13.663 13.250 12.551 11.775 11.032 10.321 9.643 8.996 8.381 7.799 7.249 6.730 6.244 6.445 6.720 7.023
8.986 8.684 8.382 8.082 7.783 7.485 7.188 6.893 6.599 6.306 6.078 5.891 5.708 5.529 5.355 5.184 5.017 4.854 4.695 4.540 4.389 4.242 4.127 4.030 3.933 3.836 3.738 3.640 3.543 3.445 3.347 3.248 3.150 3.051 3.044 3.087 3.134 3.184 3.238 3.295 3.356 3.421 3.489 3.561 3.637 3.716 4.330 5.176 6.041 6.924 7.810 8.658 9.471 10.249 10.992 11.700 12.373 13.012 12.625 11.960 11.328 10.727 10.159 9.623 9.119 8.647 8.207 7.799 7.423 7.080 7.326 7.721 8.144
8.736 8.437 8.140 7.844 7.549 7.256 6.964 6.673 6.383 6.095 5.862 5.689 5.520 5.355 5.194 5.037 4.884 4.735 4.590 4.449 4.312 4.179 4.065 3.968 3.870 3.772 3.673 3.575 3.477 3.378 3.279 3.180 3.081 2.982 2.966 3.025 3.087 3.154 3.224 3.297 3.374 3.489 3.650 3.825 4.016 4.222 4.821 5.653 6.451 7.213 7.941 8.634 9.292 9.915 10.503 11.056 11.574 12.057 11.860 11.338 10.848 10.390 9.964 9.571 9.209 8.879 8.582 8.316 8.083 7.882 8.179 8.694 9.237
8.484 8.190 7.897 7.606 7.315 7.026 6.738 6.452 6.166 5.882 5.644 5.484 5.329 5.178 5.031 4.888 4.749 4.613 4.482 4.355 4.231 4.113 4.004 3.905 3.807 3.708 3.609 3.510 3.411 3.311 3.212 3.112 3.023 2.947 2.950 3.072 3.209 3.361 3.529 3.711 3.909 4.122 4.350 4.593 4.851 5.125 5.609 6.286 6.928 7.536 8.109 8.646 9.149 9.617 10.050 10.449 10.812 11.141 11.064 10.684 10.336 10.021 9.738 9.486 9.267 9.079 8.924 8.801 8.710 8.651 9.004 9.639 10.301
8.232 7.942 7.654 7.366 7.080 6.796 6.512 6.230 5.949 5.669 5.421 5.276 5.135 4.998 4.864 4.735 4.610 4.488 4.371 4.257 4.148 4.043 3.943 3.845 3.752 3.662 3.576 3.494 3.416 3.341 3.271 3.204 3.140 3.081 3.093 3.283 3.487 3.707 3.942 4.192 4.457 4.737 5.033 5.343 5.669 6.010 6.432 6.955 7.442 7.895 8.312 8.695 9.043 9.357 9.635 9.878 10.087 10.261 10.235 9.998 9.793 9.620 9.478 9.369 9.292 9.247 9.234 9.253 9.304 9.387 9.800 10.555 11.337
7.979 7.694 7.409 7.127 6.845 6.564 6.285 6.007 5.731 5.455 5.196 5.065 4.937 4.814 4.694 4.579 4.466 4.359 4.255 4.156 4.061 3.972 3.888 3.807 3.731 3.658 3.589 3.523 3.462 3.404 3.350 3.299 3.253 3.210 3.220 3.476 3.748 4.036 4.338 4.655 4.988 5.336 5.699 6.077 6.470 6.878 7.292 7.659 7.992 8.290 8.553 8.781 8.974 9.132 9.256 9.345 9.399 9.418 9.375 9.280 9.217 9.186 9.187 9.220 9.285 9.382 9.511 9.672 9.865 10.090 10.569 11.444 12.345
7.725 7.444 7.164 6.886 6.608 6.332 6.058 5.784 5.510 5.235 4.966 4.844 4.730 4.620 4.514 4.413 4.316 4.223 4.135 4.051 3.972 3.898 3.829 3.765 3.706 3.649 3.597 3.548 3.503 3.462 3.425 3.391 3.361 3.335 3.329 3.653 3.993 4.347 4.717 5.102 5.502 5.917 6.347 6.792 7.253 7.729 8.187 8.400 8.578 8.721 8.829 8.902 8.941 8.945 8.914 8.848 8.748 8.612 8.483 8.530 8.609 8.721 8.864 9.039 9.246 9.485 9.755 10.058 10.393 10.760 11.310 12.304 13.325
7.471 7.187 6.888 6.595 6.310 6.031 5.759 5.493 5.235 4.983 4.738 4.613 4.514 4.420 4.329 4.243 4.162 4.084 4.012 3.943 3.879 3.821 3.767 3.719 3.676 3.637 3.601 3.569 3.541 3.516 3.495 3.478 3.465 3.456 3.450 3.813 4.220 4.642 5.079 5.531 5.998 6.481 6.978 7.491 8.019 8.562 9.118 9.176 9.199 9.188 9.141 9.060 8.944 8.794 8.608 8.388 8.133 7.844 7.560 7.749 7.970 8.223 8.508 8.825 9.174 9.555 9.967 10.412 10.889 11.397 12.023 13.136 14.276
7.024 6.741 6.466 6.197 5.935 5.679 5.431 5.189 4.953 4.725 4.503 4.379 4.295 4.216 4.141 4.070 4.004 3.942 3.884 3.831 3.782 3.739 3.701 3.669 3.643 3.620 3.601 3.585 3.574 3.566 3.562 3.562 3.565 3.572 3.583 3.957 4.431 4.920 5.424 5.944 6.478 7.028 7.593 8.172 8.767 9.377 10.003 9.988 9.857 9.691 9.490 9.254 8.984 8.679 8.339 7.965 7.556 7.112 6.633 6.936 7.299 7.693 8.120 8.579 9.070 9.592 10.147 10.733 11.352 11.980 12.580 13.673 14.752
6.549 6.290 6.038 5.793 5.554 5.322 5.097 4.878 4.666 4.461 4.263 4.141 4.072 4.008 3.948 3.893 3.842 3.795 3.753 3.715 3.681 3.654 3.631 3.615 3.605 3.599 3.596 3.598 3.603 3.612 3.624 3.641 3.661 3.684 3.712 4.083 4.624 5.181 5.752 6.339 6.941 7.558 8.190 8.837 9.499 10.176 10.868 10.836 10.550 10.230 9.875 9.485 9.060 8.601 8.107 7.578 7.015 6.417 5.784 6.091 6.719 7.504 8.244 8.937 9.585 10.186 10.741 11.251 11.714 12.131 12.503 13.487 14.502
6.069 5.834 5.605 5.383 5.168 4.959 4.757 4.562 4.373 4.192 4.017 3.899 3.846 3.797 3.752 3.712 3.676 3.645 3.618 3.595 3.577 3.564 3.557 3.556 3.563 3.574 3.588 3.606 3.628 3.653 3.682 3.715 3.752 3.792 3.836 4.193 4.801 5.425 6.064 6.717 7.386 8.070 8.769 9.484 10.213 10.957 11.717 11.719 11.279 10.805 10.295 9.779 9.330 8.930 8.578 8.276 8.024 7.820 7.665 8.124 8.751 9.333 9.868 10.357 10.801 11.198 11.550 11.855 12.115 12.328 12.496 13.315 14.267
5.584 5.372 5.166 4.968 4.776 4.590 4.412 4.240 4.075 3.916 3.765 3.653 3.615 3.582 3.552 3.527 3.507 3.491 3.479 3.472 3.469 3.472 3.479 3.494 3.517 3.544 3.575 3.610 3.648 3.690 3.736 3.786 3.839 3.896 3.957 4.286 4.961 5.652 6.358 7.079 7.815 8.566 9.327 10.061 10.761 11.426 12.056 12.092 11.664 11.285 10.955 10.674 10.442 10.259 10.126 10.041 10.005 10.019 10.082 10.404 10.828 11.205 11.537 11.822 12.062 12.256 12.403 12.505 12.561 12.571 12.534 13.157 14.046
5.093 4.904 4.722 4.547 4.378 4.216 4.061 3.912 3.771 3.635 3.507 3.404 3.381 3.363 3.349 3.339 3.334 3.333 3.337 3.344 3.357 3.375 3.398 3.427 3.467 3.511 3.558 3.610 3.665 3.723 3.786 3.852 3.922 4.052 4.296 4.752 5.575 6.363 7.116 7.835 8.520 9.170 9.785 10.366 10.913 11.424 11.902 12.064 11.854 11.692 11.580 11.516 11.502 11.536 11.620 11.752 11.934 12.165 12.444 12.729 12.949 13.123 13.250 13.332 13.368 13.358 13.302 13.200 13.052 12.859 12.619 13.013 13.839
4.596 4.430 4.272 4.120 3.975 3.836 3.704 3.579 3.460 3.349 3.244 3.151 3.144 3.141 3.142 3.147 3.157 3.172 3.190 3.213 3.241 3.274 3.313 3.356 3.419 3.514 3.642 3.803 3.996 4.222 4.481 4.773 5.097 5.454 5.844 6.317 6.987 7.622 8.222 8.788 9.320 9.817 10.279 10.707 11.101 11.460 11.785 11.985 11.992 12.047 12.152 12.306 12.508 12.760 13.061 13.411 13.809 14.257 14.754 15.098 15.114 15.084 15.008 14.886 14.719 14.505 14.246 13.940 13.589 13.192 12.749 12.884 13.647
4.093 3.951 3.816 3.688 3.566 3.450 3.342 3.240 3.145 3.056 2.974 2.899 2.902 2.914 2.931 2.952 2.981 3.039 3.091 3.137 3.178 3.214 3.245 3.272 3.476 3.716 3.990 4.296 4.635 5.006 5.410 5.847 6.317 6.819 7.354 7.918 8.435 8.917 9.364 9.777 10.156 10.500 10.810 11.085 11.326 11.532 11.704 11.854 12.078 12.351 12.672 13.043 13.463 13.932 14.449 15.016 15.632 16.296 17.010 17.511 17.323 17.090 16.811 16.485 16.114 15.697 15.235 14.726 14.171 13.571 12.925 12.769 13.469
3.586 3.467 3.355 3.250 3.151 3.059 2.974 2.895 2.823 2.774 2.781 2.780 2.833 2.893 2.948 2.998 3.041 3.079 3.111 3.138 3.159 3.174 3.186 3.193 3.496 3.882 4.301 4.752 5.236 5.752 6.302 6.884 7.498 8.146 8.826 9.539 9.918 10.247 10.542 10.802 11.028 11.219 11.376 11.499 11.587 11.640 11.660 11.671 12.112 12.602 13.141 13.728 14.365 15.050 15.785 16.568 17.401 18.282 19.212 19.968 19.577 19.140 18.657 18.129 17.554 16.934 16.268 15.556 14.799 13.995 13.146 12.668 13.305
3.072 2.977 2.925 2.961 2.988 3.007 3.018 3.022 3.017 3.005 2.984 2.956 2.977 3.018 3.053 3.082 3.106 3.124 3.137 3.143 3.145 3.140 3.132 3.119 3.480 4.011 4.574 5.171 5.800 6.461 7.156 7.883 8.643 9.435 10.260 11.118 11.437 11.613 11.755 11.863 11.936 11.975 11.979 11.949 11.884 11.785 11.652 11.484 12.094 12.801 13.557 14.361 15.214 16.117 17.068 18.068 19.117 20.215 21.361 22.468 21.874 21.234 20.548 19.817 19.039 18.216 17.347 16.432 15.471 14.465 13.413 12.582 13.155
3.318 3.342 3.357 3.365 3.364 3.356 3.340 3.315 3.283 3.243 3.195 3.139 3.126 3.147 3.162 3.172 3.176 3.174 3.167 3.154 3.136 3.112 3.083 3.050 3.427 4.103 4.811 5.553 6.327 7.133 7.973 8.845 9.749 10.686 11.656 12.659 12.991 13.015 13.004 12.959 12.880 12.766 12.618 12.435 12.218 11.967 11.681 11.361 12.025 12.948 13.920 14.942 16.011 17.130 18.298 19.514 20.780 22.094 23.457 24.869 24.216 23.373 22.484 21.549 20.569 19.542 18.470 17.353 16.189 14.980 13.725 12.513 13.066
3.812 3.808 3.796 3.776 3.747 3.711 3.668 3.616 3.556 3.488 3.413 3.329 3.280 3.281 3.277 3.267 3.251 3.230 3.203 3.170 3.132 3.088 3.040 2.987 3.337 4.158 5.011 5.897 6.816 7.768 8.752 9.769 10.818 11.900 13.015 14.162 14.581 14.452 14.289 14.091 13.860 13.593 13.293 12.958 12.588 12.185 11.747 11.274 11.904 13.044 14.232 15.470 16.756 18.092 19.476 20.908 22.390 23.921 25.500 27.128 26.601 25.555 24.393 23.077 21.764 20.453 19.144 17.837 16.533 15.230 13.929 12.630 13.216
4.313 4.281 4.241 4.193 4.138 4.074 4.003 3.923 3.836 3.740 3.637 3.526 3.439 3.420 3.396 3.367 3.331 3.290 3.243 3.191 3.133 3.069 3.001 2.928 3.210 4.176 5.174 6.205 7.269 8.365 9.494 10.656 11.850 13.076 14.336 15.627 16.206 15.925 15.609 15.259 14.875 14.457 14.004 13.517 12.995 12.439 11.849 11.224 11.731 13.087 14.493 15.946 17.449 19.057 20.752 22.347 23.843 25.238 26.533 27.729 27.135 25.824 24.516 23.209 21.905 20.602 19.302 18.004 16.708 15.414 14.122 12.832 13.330
