DATA/SHG/ECMWF/20170628/EN-9/20170628.en-9.asc
ncols        190
nrows        64
xllcorner    -5100000.000000000000
yllcorner    4130000.000000000000
cellsize     10000.000000000000
NODATA_value  -99999.000
[rows 0 to 31 of 64, columns 0 to 72 of 190]
7.940 7.557 7.200 6.868 6.561 6.279 6.023 5.792 5.587 5.398 5.217 5.043 4.877 4.718 4.567 4.423 4.286 4.157 4.036 3.981 3.957 4.178 4.514 4.859 5.211 5.570 5.938 6.313 6.695 7.085 7.483 7.889 8.302 8.567 8.726 8.878 9.024 9.162 9.294 9.419 9.536 9.647 9.750 9.847 9.937 10.167 10.514 10.844 11.159 11.459 11.742 12.009 12.261 12.497 12.717 12.921 13.109 12.992 12.537 12.096 11.668 11.254 10.853 10.466 10.093 9.733 9.387 9.055 8.736 8.653 8.930 9.205 9.476
6.835 6.542 6.274 6.031 5.814 5.622 5.456 5.314 5.198 5.062 4.907 4.759 4.682 4.619 4.566 4.525 4.496 4.478 4.471 4.476 4.492 4.695 5.059 5.430 5.809 6.196 6.590 6.992 7.402 7.819 8.244 8.676 9.116 9.420 9.555 9.682 9.803 9.917 10.024 10.124 10.217 10.302 10.381 10.453 10.518 10.673 10.964 11.239 11.498 11.742 11.969 12.181 12.377 12.558 12.722 12.871 13.003 12.951 12.544 12.150 11.770 11.403 11.051 10.711 10.386 10.074 9.775 9.490 9.219 9.091 9.357 9.620 9.880
5.703 5.500 5.322 5.169 5.058 5.037 5.027 5.028 5.040 5.021 4.964 4.917 4.882 4.859 4.847 4.846 4.857 4.879 4.913 4.958 5.014 5.204 5.595 5.993 6.399 6.812 7.234 7.662 8.099 8.543 8.995 9.454 9.921 10.279 10.389 10.492 10.588 10.677 10.760 10.835 10.903 10.964 11.019 11.066 11.106 11.194 11.429 11.649 11.852 12.040 12.212 12.368 12.509 12.634 12.743 12.836 12.913 12.897 12.537 12.191 11.858 11.540 11.234 10.943 10.665 10.400 10.149 9.912 9.673 9.490 9.688 9.857 9.999
4.953 4.927 4.912 4.908 4.915 4.933 4.962 5.002 5.054 5.088 5.071 5.064 5.070 5.087 5.115 5.154 5.205 5.268 5.341 5.426 5.523 5.704 6.121 6.547 6.979 7.420 7.868 8.324 8.787 9.258 9.736 10.223 10.717 11.144 11.230 11.308 11.379 11.444 11.501 11.552 11.595 11.632 11.662 11.684 11.700 11.730 11.909 12.073 12.221 12.354 12.470 12.571 12.656 12.725 12.779 12.816 12.838 12.829 12.517 12.219 11.935 11.671 11.414 11.164 10.920 10.683 10.453 10.229 10.012 9.801 9.895 9.967 10.011
4.640 4.653 4.677 4.713 4.759 4.816 4.885 4.964 5.055 5.142 5.165 5.199 5.245 5.302 5.370 5.450 5.541 5.643 5.757 5.883 6.019 6.195 6.639 7.091 7.551 8.018 8.493 8.976 9.466 9.964 10.469 10.982 11.503 12.015 12.076 12.129 12.176 12.216 12.249 12.275 12.294 12.306 12.311 12.309 12.300 12.284 12.405 12.513 12.606 12.682 12.744 12.789 12.818 12.818 12.779 12.765 12.777 12.814 12.582 12.328 12.081 11.841 11.607 11.380 11.159 10.946 10.738 10.538 10.344 10.157 10.129 10.103 10.049
4.316 4.368 4.431 4.506 4.591 4.688 4.795 4.914 5.044 5.184 5.247 5.321 5.407 5.504 5.613 5.733 5.864 6.006 6.160 6.326 6.503 6.691 7.148 7.627 8.113 8.608 9.109 9.619 10.136 10.660 11.193 11.733 12.280 12.835 12.928 12.957 12.979 12.994 13.003 13.004 12.998 12.986 12.966 12.940 12.906 12.866 12.831 12.704 12.603 12.527 12.476 12.450 12.450 12.474 12.525 12.600 12.701 12.827 12.675 12.445 12.221 12.004 11.793 11.590 11.392 11.202 11.018 10.840 10.670 10.506 10.389 10.265 10.113
3.979 4.071 4.173 4.287 4.412 4.547 4.694 4.852 5.021 5.201 5.317 5.431 5.557 5.694 5.843 6.003 6.174 6.357 6.551 6.756 6.973 7.201 7.648 8.154 8.667 9.188 9.717 10.253 10.797 11.348 11.907 12.474 13.048 13.630 13.786 13.790 13.788 13.779 13.762 13.607 13.348 13.083 12.813 12.538 12.257 11.971 11.841 11.803 11.791 11.804 11.841 11.905 11.993 12.107 12.246 12.410 12.600 12.814 12.762 12.555 12.355 12.161 11.973 11.793 11.618 11.451 11.290 11.136 10.989 10.848 10.675 10.453 10.204
3.631 3.762 3.904 4.056 4.220 4.395 4.581 4.778 4.986 5.205 5.374 5.529 5.695 5.872 6.060 6.260 6.472 6.695 6.929 7.174 7.431 7.699 8.139 8.671 9.212 9.759 10.315 10.878 11.448 12.027 12.612 13.206 13.637 14.008 14.005 13.754 13.497 13.235 12.968 12.695 12.417 12.134 11.845 11.551 11.252 10.948 10.828 10.879 10.955 11.056 11.183 11.335 11.512 11.715 11.943 12.196 12.474 12.777 12.843 12.659 12.481 12.311 12.146 11.989 11.838 11.694 11.556 11.425 11.301 11.183 10.986 10.667 10.320
3.272 3.441 3.622 3.814 4.017 4.231 4.456 4.692 4.939 5.197 5.419 5.613 5.819 6.037 6.265 6.505 6.757 7.020 7.294 7.579 7.876 8.184 8.621 9.180 9.747 10.148 10.533 10.915 11.292 11.666 12.036 12.402 12.765 13.123 13.193 12.923 12.647 12.367 12.081 11.790 11.493 11.192 10.884 10.572 10.254 9.931 9.790 9.930 10.095 10.285 10.501 10.741 11.007 11.299 11.615 11.957 12.324 12.716 12.917 12.756 12.602 12.454 12.313 12.179 12.051 11.930 11.815 11.707 11.606 11.512 11.324 10.907 10.463
2.900 3.109 3.329 3.560 3.802 4.055 4.319 4.594 4.880 5.177 5.451 5.686 5.932 6.189 6.458 6.738 7.029 7.317 7.497 7.671 7.837 7.996 8.234 8.617 8.997 9.373 9.745 10.114 10.478 10.839 11.196 11.549 11.898 12.244 12.387 12.098 11.805 11.505 11.201 10.891 10.576 10.256 9.930 9.599 9.263 8.922 8.729 8.957 9.211 9.490 9.794 10.124 10.478 10.858 11.263 11.693 12.149 12.629 12.984 12.846 12.715 12.591 12.473 12.362 12.257 12.159 12.068 11.983 11.905 11.833 11.688 11.174 10.632
2.517 2.765 3.024 3.294 3.575 3.867 4.170 4.484 4.809 5.145 5.453 5.659 5.857 6.049 6.233 6.410 6.580 6.743 6.899 7.047 7.189 7.323 7.503 7.874 8.240 8.603 8.962 9.317 9.669 10.016 10.360 10.700 11.037 11.369 11.588 11.281 10.968 10.651 10.328 10.000 9.666 9.327 8.983 8.634 8.279 7.919 7.644 7.961 8.303 8.671 9.064 9.482 9.925 10.393 10.887 11.405 11.949 12.518 13.045 12.930 12.823 12.721 12.626 12.538 12.457 12.382 12.314 12.252 12.197 12.148 12.077 11.466 10.827
2.122 2.409 2.707 3.019 3.331 3.637 3.937 4.230 4.517 4.798 5.063 5.244 5.417 5.584 5.743 5.895 6.040 6.178 6.309 6.432 6.549 6.658 6.778 7.135 7.488 7.838 8.184 8.526 8.865 9.199 9.530 9.857 10.180 10.499 10.795 10.470 10.139 9.803 9.461 9.115 8.763 8.405 8.043 7.675 7.302 6.923 6.539 6.941 7.372 7.828 8.309 8.816 9.347 9.904 10.486 11.093 11.726 12.383 13.066 13.008 12.923 12.845 12.773 12.708 12.650 12.598 12.553 12.431 12.254 12.086 11.927 11.229 10.503
1.871 2.180 2.483 2.779 3.070 3.353 3.631 3.902 4.167 4.425 4.678 4.837 4.986 5.127 5.261 5.389 5.508 5.621 5.727 5.826 5.917 6.001 6.078 6.401 6.741 7.078 7.411 7.740 8.065 8.387 8.705 9.018 9.329 9.635 9.938 9.666 9.316 8.962 8.602 8.237 7.866 7.490 7.109 6.723 6.331 5.934 5.532 5.897 6.416 6.961 7.531 8.126 8.746 9.391 10.061 10.757 11.477 12.223 12.994 13.079 12.908 12.701 12.502 12.312 12.131 11.959 11.796 11.641 11.496 11.359 11.231 10.673 10.014
1.705 1.992 2.273 2.547 2.815 3.077 3.332 3.581 3.824 4.060 4.290 4.439 4.562 4.679 4.788 4.890 4.985 5.073 5.154 5.227 5.294 5.353 5.405 5.672 5.999 6.323 6.643 6.959 7.271 7.579 7.884 8.185 8.482 8.775 9.065 8.868 8.500 8.127 7.749 7.365 6.976 6.582 6.182 5.777 5.367 4.952 4.531 4.829 5.437 6.070 6.728 7.411 8.120 8.847 9.547 10.216 10.854 11.461 12.036 12.080 11.895 11.718 11.551 11.392 11.242 11.101 10.968 10.845 10.730 10.625 10.528 10.099 9.508
1.547 1.812 2.070 2.322 2.568 2.808 3.041 3.268 3.488 3.702 3.910 4.049 4.147 4.239 4.323 4.400 4.470 4.533 4.589 4.637 4.679 4.713 4.741 4.948 5.262 5.573 5.880 6.183 6.482 6.777 7.069 7.357 7.641 7.921 8.198 8.077 7.691 7.299 6.902 6.500 6.093 5.680 5.262 4.839 4.410 3.977 3.713 4.066 4.843 5.589 6.305 6.989 7.643 8.266 8.857 9.418 9.948 10.447 10.915 11.028 10.874 10.728 10.592 10.464 10.345 10.235 10.134 10.041 9.958 9.883 9.817 9.508 8.985
1.396 1.638 1.874 2.104 2.328 2.545 2.756 2.961 3.160 3.352 3.537 3.667 3.741 3.807 3.866 3.918 3.964 4.001 4.032 4.056 4.073 4.082 4.084 4.229 4.530 4.828 5.121 5.411 5.697 5.980 6.258 6.533 6.804 7.072 7.335 7.293 6.888 6.478 6.078 5.772 5.478 5.197 4.929 4.673 4.430 4.199 3.981 4.163 4.832 5.471 6.078 6.655 7.200 7.715 8.199 8.652 9.074 9.465 9.825 9.969 9.846 9.732 9.626 9.529 9.441 9.362 9.292 9.230 9.178 9.134 9.099 8.899 8.444
1.251 1.472 1.686 1.894 2.095 2.291 2.479 2.662 2.838 3.008 3.172 3.293 3.342 3.383 3.418 3.445 3.465 3.478 3.484 3.483 3.475 3.459 3.437 3.515 3.803 4.087 4.368 4.645 4.918 5.187 5.453 5.753 6.118 6.451 6.752 6.843 6.543 6.256 5.981 5.719 5.469 5.232 5.008 4.796 4.596 4.410 4.235 4.291 4.852 5.383 5.882 6.351 6.788 7.195 7.571 7.916 8.231 8.514 8.766 8.903 8.811 8.728 8.653 8.587 8.530 8.482 8.443 8.412 8.390 8.378 8.373 8.274 7.885
1.114 1.313 1.505 1.690 1.870 2.043 2.210 2.370 2.524 2.672 2.814 2.928 2.952 2.968 2.978 2.980 2.975 2.963 2.944 2.918 2.885 2.845 2.797 2.805 3.186 3.663 4.107 4.520 4.900 5.249 5.566 5.851 6.104 6.325 6.514 6.601 6.346 6.102 5.871 5.653 5.448 5.254 5.074 4.906 4.750 4.607 4.477 4.450 4.903 5.325 5.717 6.078 6.408 6.707 6.975 7.212 7.419 7.594 7.739 7.830 7.769 7.716 7.673 7.638 7.612 7.595 7.586 7.587 7.596 7.614 7.641 7.631 7.310
0.984 1.160 1.330 1.494 1.651 1.802 1.947 2.085 2.218 2.343 2.463 2.571 2.569 2.561 2.546 2.523 2.493 2.548 2.674 2.826 3.005 3.210 3.441 3.704 4.101 4.465 4.798 5.098 5.367 5.604 5.808 5.981 6.122 6.232 6.309 6.347 6.136 5.936 5.749 5.575 5.413 5.264 5.127 5.003 4.892 4.793 4.706 4.638 4.984 5.299 5.582 5.835 6.058 6.249 6.410 6.539 6.638 6.706 6.744 6.750 6.720 6.698 6.686 6.682 6.687 6.700 6.723 6.754 6.794 6.843 6.901 6.967 6.717
0.861 1.015 1.163 1.305 1.440 1.569 1.692 1.808 1.918 2.022 2.171 2.290 2.355 2.442 2.556 2.695 2.861 3.053 3.271 3.516 3.786 4.083 4.407 4.756 5.047 5.300 5.520 5.709 5.866 5.991 6.084 6.145 6.174 6.171 6.137 6.071 5.913 5.758 5.615 5.484 5.366 5.261 5.168 5.088 5.020 4.965 4.922 4.892 5.095 5.302 5.478 5.624 5.738 5.822 5.875 5.897 5.889 5.849 5.779 5.678 5.664 5.673 5.691 5.718 5.754 5.799 5.852 5.914 5.985 6.065 6.153 6.250 6.107
0.745 0.877 1.003 1.329 1.609 1.842 2.030 2.171 2.266 2.314 2.316 2.272 2.371 2.550 2.756 2.987 3.245 3.529 3.840 4.176 4.539 4.928 5.343 5.784 6.026 6.166 6.275 6.352 6.397 6.410 6.391 6.341 6.258 6.144 5.998 5.820 5.678 5.567 5.467 5.381 5.307 5.245 5.196 5.160 5.136 5.124 5.125 5.139 5.237 5.337 5.405 5.443 5.450 5.426 5.372 5.287 5.171 5.024 4.846 4.638 4.600 4.641 4.690 4.747 4.814 4.890 4.974 5.098 5.267 5.425 5.574 5.712 5.678
2.034 2.290 2.499 2.663 2.780 2.851 2.875 2.854 2.786 2.671 2.511 2.304 2.359 2.630 2.928 3.251 3.601 3.977 4.379 4.808 5.262 5.743 6.250 6.783 7.036 7.065 7.062 7.027 6.961 6.862 6.732 6.570 6.376 6.150 5.892 5.603 5.431 5.363 5.308 5.265 5.235 5.217 5.212 5.219 5.239 5.271 5.316 5.373 5.410 5.401 5.362 5.293 5.192 5.061 4.899 4.707 4.483 4.229 3.944 3.629 3.604 3.809 4.003 4.188 4.362 4.526 4.680 4.823 4.957 5.080 5.194 5.297 5.302
3.905 3.998 4.045 4.046 4.000 3.908 3.770 3.586 3.355 3.078 2.755 2.386 2.319 2.682 3.071 3.487 3.928 4.396 4.890 5.410 5.957 6.529 7.128 7.753 8.079 7.996 7.881 7.735 7.557 7.347 7.105 6.831 6.526 6.188 5.819 5.418 5.171 5.147 5.136 5.137 5.150 5.176 5.215 5.266 5.329 5.405 5.494 5.595 5.612 5.497 5.350 5.173 4.966 4.738 4.521 4.314 4.117 3.932 3.756 3.592 3.587 3.757 3.916 4.065 4.204 4.332 4.451 4.559 4.657 4.745 4.823 4.891 4.916
5.825 5.756 5.640 5.478 5.269 5.015 4.714 4.367 3.974 3.535 3.049 2.518 2.250 2.705 3.186 3.694 4.227 4.787 5.373 5.985 6.623 7.287 7.977 8.694 9.154 8.959 8.733 8.475 8.185 7.863 7.510 7.125 6.708 6.259 5.779 5.267 4.899 4.919 4.951 4.996 5.053 5.123 5.205 5.299 5.407 5.526 5.602 5.652 5.604 5.371 5.148 4.935 4.734 4.542 4.362 4.191 4.032 3.883 3.744 3.616 3.580 3.714 3.838 3.952 4.055 4.149 4.232 4.305 4.368 4.421 4.463 4.496 4.520
7.793 7.561 7.283 6.958 6.588 6.171 5.707 5.198 4.643 4.041 3.393 2.699 2.153 2.700 3.273 3.872 4.498 5.149 5.826 6.530 7.260 8.016 8.797 9.606 10.260 9.954 9.616 9.247 8.846 8.413 7.948 7.451 6.923 6.363 5.772 5.148 4.614 4.678 4.754 4.847 4.932 5.008 5.072 5.127 5.172 5.207 5.231 5.245 5.214 5.017 4.831 4.656 4.491 4.336 4.192 4.059 3.936 3.824 3.722 3.631 3.583 3.682 3.770 3.849 3.917 3.975 4.023 4.061 4.088 4.106 4.113 4.110 4.113
9.802 9.415 8.974 8.488 7.954 7.375 6.750 6.078 5.361 4.597 3.787 2.931 2.029 2.667 3.332 4.023 4.739 5.482 6.251 7.047 7.868 8.715 9.589 10.488 11.398 10.981 10.532 10.051 9.538 8.994 8.418 7.809 7.112 6.433 5.773 5.131 4.524 4.604 4.674 4.734 4.784 4.824 4.854 4.873 4.882 4.882 4.871 4.849 4.814 4.654 4.505 4.366 4.238 4.120 4.013 3.916 3.830 3.755 3.689 3.635 3.596 3.659 3.713 3.756 3.789 3.811 3.824 3.826 3.819 3.801 3.773 3.735 3.696
11.732 11.318 10.715 10.065 9.370 8.629 7.841 7.008 6.128 5.202 4.230 3.212 2.148 2.606 3.362 4.144 4.953 5.787 6.648 7.535 8.448 9.386 10.351 11.342 12.318 11.765 11.022 10.298 9.592 8.904 8.234 7.583 6.950 6.335 5.738 5.160 4.599 4.573 4.607 4.632 4.647 4.651 4.645 4.629 4.603 4.567 4.521 4.464 4.398 4.281 4.168 4.066 3.975 3.894 3.823 3.763 3.714 3.675 3.647 3.629 3.622 3.647 3.665 3.672 3.670 3.657 3.635 3.602 3.559 3.506 3.443 3.370 3.287
13.656 13.269 12.503 11.692 10.834 9.931 8.981 7.986 6.944 5.856 4.723 3.543 2.317 2.516 3.364 4.238 5.138 6.058 6.949 7.800 8.612 9.384 10.115 10.808 11.460 11.138 10.459 9.799 9.156 8.532 7.926 7.338 6.769 6.217 5.684 5.170 4.673 4.552 4.551 4.540 4.519 4.488 4.447 4.396 4.335 4.263 4.182 4.090 3.988 3.897 3.822 3.756 3.702 3.657 3.624 3.600 3.588 3.586 3.594 3.613 3.642 3.644 3.626 3.599 3.561 3.514 3.456 3.388 3.310 3.222 3.123 3.015 2.896
15.572 15.268 14.340 13.367 12.348 11.282 10.171 9.013 7.810 6.560 5.305 4.079 2.849 2.809 3.720 4.591 5.423 6.214 6.966 7.679 8.351 8.984 9.578 10.131 10.645 10.493 9.878 9.281 8.702 8.142 7.600 7.075 6.570 6.082 5.612 5.161 4.728 4.541 4.505 4.459 4.403 4.336 4.260 4.173 4.077 3.970 3.853 3.726 3.589 3.504 3.465 3.437 3.419 3.411 3.414 3.427 3.451 3.486 3.531 3.586 3.652 3.651 3.598 3.535 3.462 3.380 3.286 3.183 3.070 2.947 2.813 2.670 2.516
17.480 17.315 16.226 15.051 13.842 12.627 11.408 10.184 8.956 7.723 6.485 5.243 3.996 3.562 4.334 5.067 5.759 6.412 7.026 7.599 8.133 8.627 9.082 9.497 9.872 9.831 9.279 8.746 8.231 7.734 7.255 6.794 6.352 5.928 5.522 5.134 4.765 4.540 4.469 4.388 4.296 4.195 4.083 3.961 3.829 3.687 3.535 3.373 3.200 3.101 3.099 3.107 3.126 3.155 3.194 3.244 3.305 3.376 3.458 3.550 3.652 3.667 3.579 3.481 3.373 3.255 3.127 2.989 2.929 3.045 3.218 3.449 3.736
18.828 18.793 17.575 16.353 15.127 13.896 12.660 11.419 10.174 8.924 7.670 6.411 5.147 4.357 4.990 5.584 6.138 6.652 7.127 7.562 7.957 8.313 8.629 8.905 9.142 9.150 8.662 8.192 7.740 7.307 6.892 6.495 6.116 5.755 5.413 5.089 4.782 4.550 4.444 4.327 4.200 4.063 3.916 3.759 3.592 3.415 3.227 3.030 2.822 2.688 2.723 2.767 2.823 2.888 2.965 3.051 3.149 3.256 3.374 3.503 3.642 3.688 3.602 3.574 3.603 3.689 3.833 4.033 4.291 4.606 4.978 5.407 5.893
19.885 20.132 18.898 17.659 16.416 15.168 13.915 12.658 11.396 10.129 8.858 7.582 6.302 5.193 5.687 6.142 6.558 6.933 7.270 7.566 7.823 8.040 8.218 8.356 8.454 8.451 8.027 7.620 7.232 6.862 6.511 6.177 5.862 5.564 5.285 5.024 4.782 4.571 4.429 4.277 4.115 3.943 3.760 3.568 3.366 3.153 2.931 2.698 2.455 2.265 2.336 2.418 2.510 2.612 2.798 3.011 3.190 3.336 3.449 3.528 3.573 3.603 3.716 3.887 4.115 4.399 4.741 5.140 5.597 6.110 6.680 7.308 7.993
