DATA/SHG/ECMWF/20170628/EN-9/20170630.en-9.asc
ncols        190
nrows        64
xllcorner    -5100000.000000000000
yllcorner    4130000.000000000000
cellsize     10000.000000000000
NODATA_value  -99999.000
[rows 0 to 32 of 64, columns 0 to 73 of 190]
2.105 2.337 2.574 2.815 3.059 3.308 3.561 3.817 4.078 4.273 4.448 4.626 4.806 4.989 5.175 5.363 5.555 5.748 5.945 6.060 6.147 6.001 5.753 5.511 5.275 5.044 4.819 4.599 4.386 4.178 3.975 3.778 3.587 3.484 3.434 3.382 3.328 3.272 3.214 3.154 3.093 3.029 2.963 2.896 2.826 2.806 2.841 2.889 2.950 3.025 3.112 3.213 3.327 3.454 3.594 3.747 3.914 3.916 3.706 3.493 3.274 3.052 2.825 2.593 2.357 2.117 1.872 1.623 1.369 1.297 1.530 1.773 2.024 2.286
2.132 2.379 2.630 2.885 3.144 3.407 3.674 3.944 4.219 4.439 4.623 4.811 4.909 5.002 5.093 5.183 5.270 5.356 5.439 5.521 5.600 5.512 5.284 5.062 4.846 4.635 4.430 4.230 4.036 3.848 3.665 3.489 3.317 3.202 3.145 3.086 3.026 2.963 2.898 2.832 2.763 2.693 2.621 2.547 2.470 2.452 2.533 2.627 2.735 2.855 2.989 3.136 3.297 3.470 3.656 3.856 4.069 4.150 3.925 3.695 3.462 3.223 2.981 2.733 2.482 2.226 1.965 1.701 1.431 1.291 1.556 1.831 2.116 2.409
2.156 2.417 2.682 2.951 3.213 3.428 3.632 3.826 4.010 4.149 4.241 4.332 4.420 4.507 4.591 4.674 4.754 4.833 4.909 4.984 5.056 5.017 4.810 4.607 4.411 4.220 4.035 3.855 3.681 3.513 3.351 3.194 3.042 2.923 2.859 2.793 2.726 2.657 2.585 2.512 2.437 2.360 2.281 2.200 2.117 2.084 2.212 2.352 2.506 2.673 2.854 3.047 3.253 3.473 3.706 3.952 4.211 4.388 4.147 3.902 3.653 3.399 3.141 2.878 2.611 2.339 2.063 1.782 1.520 1.340 1.647 1.948 2.243 2.530
2.088 2.307 2.516 2.715 2.904 3.083 3.252 3.411 3.560 3.684 3.769 3.853 3.934 4.014 4.092 4.167 4.241 4.313 4.382 4.450 4.516 4.518 4.330 4.148 3.971 3.800 3.635 3.475 3.321 3.173 3.030 2.893 2.762 2.646 2.575 2.503 2.429 2.353 2.275 2.195 2.113 2.029 1.943 1.856 1.766 1.704 1.878 2.065 2.265 2.478 2.705 2.944 3.197 3.463 3.742 4.034 4.340 4.630 4.374 4.113 3.843 3.522 3.218 2.931 2.661 2.409 2.173 1.955 1.754 1.570 1.846 2.123 2.394 2.657
1.931 2.114 2.288 2.452 2.606 2.749 2.883 3.007 3.121 3.221 3.300 3.377 3.451 3.524 3.595 3.664 3.730 3.795 3.858 3.919 3.978 4.013 3.845 3.683 3.526 3.375 3.230 3.090 2.956 2.828 2.705 2.588 2.476 2.371 2.294 2.215 2.134 2.051 1.966 1.880 1.791 1.700 1.608 1.514 1.417 1.319 1.531 1.764 2.011 2.270 2.543 2.829 3.128 3.429 3.690 3.942 4.184 4.417 4.153 3.857 3.579 3.318 3.074 2.848 2.638 2.446 2.271 2.113 1.972 1.848 2.052 2.305 2.551 2.790
1.785 1.933 2.072 2.200 2.319 2.427 2.526 2.614 2.693 2.762 2.833 2.903 2.971 3.037 3.101 3.163 3.223 3.281 3.337 3.391 3.443 3.493 3.355 3.213 3.076 2.945 2.820 2.700 2.586 2.477 2.374 2.277 2.185 2.099 2.015 1.929 1.841 1.752 1.660 1.567 1.472 1.375 1.275 1.174 1.071 0.966 1.184 1.480 1.766 2.042 2.308 2.565 2.812 3.050 3.277 3.496 3.704 3.903 3.752 3.517 3.299 3.098 2.914 2.748 2.599 2.466 2.351 2.253 2.173 2.109 2.263 2.492 2.714 2.930
1.650 1.763 1.866 1.960 2.043 2.116 2.180 2.233 2.277 2.310 2.370 2.433 2.494 2.553 2.610 2.665 2.718 2.769 2.819 2.866 2.911 2.954 2.860 2.738 2.621 2.510 2.404 2.304 2.210 2.121 2.038 1.960 1.888 1.822 1.738 1.646 1.551 1.455 1.357 1.278 1.215 1.151 1.086 1.020 0.953 0.886 1.052 1.314 1.566 1.808 2.041 2.264 2.477 2.681 2.875 3.059 3.234 3.399 3.335 3.160 3.002 2.862 2.738 2.632 2.543 2.471 2.416 2.378 2.357 2.354 2.480 2.685 2.884 3.075
1.526 1.604 1.672 1.731 1.779 1.817 1.845 1.864 1.872 1.870 1.909 1.965 2.019 2.072 2.122 2.170 2.216 2.261 2.303 2.343 2.382 2.418 2.360 2.258 2.160 2.069 1.983 1.903 1.829 1.760 1.696 1.639 1.615 1.601 1.559 1.497 1.433 1.369 1.305 1.239 1.173 1.106 1.039 0.970 0.901 0.831 0.930 1.158 1.376 1.584 1.783 1.972 2.152 2.322 2.482 2.633 2.774 2.905 2.902 2.788 2.690 2.609 2.546 2.500 2.470 2.458 2.463 2.486 2.525 2.581 2.704 2.885 3.059 3.227
1.414 1.457 1.490 1.513 1.526 1.529 1.522 1.505 1.479 1.442 1.451 1.500 1.548 1.593 1.636 1.678 1.717 1.755 1.790 1.824 1.856 1.885 1.855 1.772 1.695 1.675 1.660 1.645 1.631 1.617 1.604 1.592 1.580 1.569 1.534 1.469 1.403 1.337 1.269 1.201 1.132 1.063 0.993 0.922 0.850 0.777 0.817 1.011 1.196 1.370 1.536 1.691 1.837 1.973 2.099 2.216 2.323 2.421 2.454 2.399 2.361 2.341 2.337 2.351 2.382 2.430 2.495 2.577 2.676 2.793 2.933 3.091 3.241 3.385
1.312 1.320 1.318 1.306 1.284 1.252 1.210 1.159 1.097 1.025 0.996 1.038 1.079 1.117 1.154 1.188 1.221 1.261 1.358 1.451 1.540 1.623 1.668 1.653 1.638 1.624 1.611 1.599 1.587 1.575 1.565 1.555 1.545 1.537 1.510 1.442 1.374 1.304 1.235 1.164 1.092 1.020 0.947 0.874 0.799 0.724 0.715 0.875 1.025 1.166 1.298 1.419 1.531 1.634 1.727 1.810 1.883 1.947 1.989 1.994 2.016 2.056 2.112 2.186 2.277 2.385 2.510 2.652 2.811 2.987 3.169 3.302 3.429 3.549
1.222 1.195 1.158 1.111 1.054 0.987 0.910 0.823 0.726 0.620 0.569 0.684 0.794 0.899 0.999 1.094 1.185 1.270 1.351 1.427 1.498 1.564 1.610 1.597 1.585 1.573 1.562 1.552 1.542 1.533 1.525 1.517 1.510 1.503 1.486 1.416 1.345 1.273 1.201 1.127 1.053 0.978 0.903 0.827 0.750 0.672 0.622 0.748 0.865 0.972 1.070 1.158 1.236 1.305 1.364 1.413 1.453 1.484 1.508 1.573 1.655 1.755 1.871 2.005 2.156 2.323 2.508 2.710 2.929 3.165 3.411 3.520 3.623 3.719
1.143 1.080 1.008 0.944 0.897 0.853 0.814 0.777 0.745 0.716 0.704 0.802 0.894 0.982 1.065 1.144 1.217 1.285 1.349 1.408 1.462 1.511 1.551 1.541 1.531 1.521 1.513 1.505 1.497 1.490 1.484 1.479 1.474 1.470 1.464 1.391 1.317 1.243 1.168 1.092 1.015 0.937 0.859 0.780 0.701 0.620 0.539 0.631 0.714 0.788 0.852 0.906 0.951 0.986 1.011 1.027 1.033 1.030 1.017 1.136 1.279 1.438 1.614 1.808 2.018 2.246 2.490 2.761 3.041 3.319 3.595 3.689 3.764 3.834
1.135 1.090 1.048 1.010 0.976 0.945 0.918 0.895 0.876 0.860 0.848 0.924 1.000 1.071 1.137 1.198 1.254 1.305 1.352 1.394 1.430 1.462 1.490 1.484 1.476 1.469 1.463 1.457 1.452 1.447 1.443 1.440 1.437 1.435 1.434 1.366 1.290 1.213 1.135 1.057 0.977 0.897 0.817 0.735 0.653 0.570 0.486 0.524 0.573 0.613 0.643 0.664 0.675 0.677 0.668 0.651 0.623 0.586 0.540 0.683 0.944 1.230 1.514 1.796 2.077 2.355 2.633 2.908 3.182 3.454 3.724 3.832 3.892 3.947
1.158 1.125 1.097 1.072 1.050 1.033 1.019 1.009 1.002 1.000 1.000 1.052 1.110 1.164 1.213 1.257 1.296 1.331 1.360 1.385 1.404 1.419 1.430 1.426 1.421 1.416 1.412 1.408 1.405 1.403 1.401 1.400 1.400 1.400 1.401 1.343 1.264 1.184 1.104 1.023 0.941 0.858 0.775 0.691 0.606 0.520 0.434 0.426 0.442 0.448 0.445 0.432 0.409 0.435 0.472 0.512 0.554 0.597 0.644 0.852 1.134 1.414 1.692 1.968 2.243 2.516 2.787 3.056 3.324 3.590 3.855 3.978 4.023 4.065
1.176 1.157 1.141 1.129 1.121 1.116 1.115 1.118 1.125 1.135 1.149 1.184 1.226 1.263 1.294 1.321 1.343 1.361 1.373 1.381 1.384 1.382 1.375 1.368 1.365 1.363 1.361 1.359 1.358 1.358 1.359 1.360 1.362 1.364 1.367 1.320 1.239 1.156 1.073 0.989 0.905 0.820 0.734 0.647 0.559 0.471 0.410 0.402 0.434 0.468 0.504 0.542 0.583 0.626 0.671 0.718 0.767 0.819 0.873 1.050 1.325 1.599 1.871 2.141 2.410 2.677 2.943 3.206 3.468 3.728 3.987 4.127 4.158 4.185
1.190 1.184 1.182 1.183 1.187 1.196 1.208 1.224 1.243 1.266 1.293 1.322 1.346 1.366 1.381 1.391 1.396 1.396 1.392 1.382 1.368 1.349 1.325 1.310 1.309 1.308 1.309 1.310 1.311 1.313 1.316 1.319 1.323 1.328 1.333 1.298 1.214 1.129 1.046 0.978 0.913 0.849 0.787 0.727 0.669 0.612 0.558 0.544 0.584 0.626 0.669 0.716 0.764 0.814 0.867 0.922 0.979 1.038 1.099 1.248 1.518 1.786 2.052 2.316 2.579 2.840 3.099 3.357 3.613 3.867 4.120 4.281 4.297 4.310
1.201 1.207 1.218 1.232 1.249 1.271 1.296 1.325 1.357 1.393 1.433 1.465 1.472 1.475 1.472 1.465 1.453 1.437 1.415 1.389 1.357 1.321 1.280 1.251 1.252 1.254 1.256 1.259 1.263 1.267 1.272 1.281 1.298 1.317 1.339 1.334 1.268 1.203 1.140 1.079 1.020 0.962 0.907 0.853 0.802 0.752 0.704 0.684 0.732 0.781 0.832 0.886 0.942 1.000 1.061 1.123 1.188 1.255 1.324 1.448 1.712 1.974 2.234 2.492 2.749 3.004 3.258 3.510 3.760 4.008 4.254 4.438 4.440 4.438
1.207 1.227 1.250 1.277 1.308 1.342 1.380 1.422 1.467 1.516 1.569 1.612 1.603 1.588 1.569 1.545 1.516 1.482 1.444 1.400 1.352 1.299 1.241 1.191 1.196 1.203 1.214 1.227 1.243 1.261 1.281 1.305 1.330 1.359 1.390 1.407 1.347 1.288 1.232 1.177 1.125 1.074 1.025 0.978 0.932 0.889 0.847 0.822 0.877 0.934 0.993 1.054 1.118 1.184 1.252 1.322 1.394 1.469 1.545 1.649 1.907 2.163 2.417 2.670 2.921 3.170 3.417 3.663 3.907 4.150 4.390 4.599 4.587 4.570
1.209 1.242 1.278 1.318 1.362 1.409 1.460 1.514 1.573 1.635 1.700 1.765 1.738 1.707 1.671 1.630 1.584 1.522 1.454 1.388 1.323 1.259 1.197 1.140 1.154 1.171 1.190 1.212 1.237 1.264 1.294 1.326 1.360 1.398 1.438 1.477 1.424 1.372 1.322 1.274 1.228 1.183 1.141 1.100 1.061 1.024 0.989 0.957 1.020 1.084 1.151 1.220 1.292 1.365 1.441 1.518 1.598 1.680 1.765 1.852 2.103 2.354 2.602 2.849 3.094 3.337 3.578 3.818 4.057 4.293 4.528 4.761 4.737 4.706
1.207 1.253 1.302 1.355 1.411 1.472 1.536 1.603 1.674 1.749 1.802 1.845 1.784 1.714 1.646 1.578 1.513 1.449 1.386 1.325 1.265 1.207 1.150 1.095 1.110 1.136 1.164 1.195 1.229 1.265 1.303 1.344 1.388 1.434 1.483 1.534 1.499 1.453 1.410 1.368 1.328 1.291 1.255 1.220 1.188 1.158 1.129 1.102 1.160 1.233 1.307 1.384 1.463 1.544 1.627 1.712 1.800 1.890 1.982 2.076 2.301 2.546 2.788 3.029 3.268 3.505 3.741 3.975 4.207 4.438 4.666 4.894 4.890 4.845
1.201 1.260 1.322 1.389 1.451 1.507 1.558 1.603 1.643 1.677 1.706 1.729 1.684 1.619 1.556 1.494 1.433 1.374 1.317 1.261 1.206 1.153 1.102 1.051 1.063 1.098 1.135 1.175 1.218 1.263 1.310 1.360 1.413 1.468 1.525 1.586 1.572 1.533 1.496 1.461 1.427 1.396 1.366 1.339 1.313 1.289 1.267 1.246 1.299 1.378 1.461 1.545 1.631 1.720 1.811 1.904 1.999 2.096 2.196 2.298 2.501 2.739 2.975 3.210 3.443 3.675 3.905 4.106 4.255 4.389 4.509 4.614 4.545 4.417
1.274 1.333 1.386 1.434 1.477 1.514 1.545 1.571 1.591 1.606 1.615 1.619 1.582 1.522 1.464 1.407 1.352 1.298 1.246 1.195 1.146 1.098 1.051 1.007 1.014 1.058 1.104 1.153 1.204 1.258 1.314 1.373 1.435 1.499 1.565 1.634 1.643 1.610 1.580 1.551 1.524 1.499 1.476 1.455 1.435 1.418 1.402 1.388 1.434 1.522 1.612 1.703 1.798 1.894 1.992 2.093 2.196 2.301 2.408 2.517 2.689 2.888 3.073 3.243 3.399 3.541 3.668 3.781 3.880 3.964 4.033 4.089 4.037 3.922
1.383 1.423 1.457 1.485 1.508 1.526 1.538 1.544 1.545 1.541 1.530 1.515 1.479 1.424 1.371 1.320 1.270 1.221 1.174 1.128 1.084 1.041 1.000 0.960 0.962 1.015 1.070 1.127 1.188 1.250 1.316 1.384 1.454 1.527 1.602 1.680 1.712 1.686 1.662 1.639 1.619 1.601 1.584 1.569 1.556 1.545 1.536 1.528 1.568 1.663 1.760 1.860 1.961 2.063 2.161 2.257 2.350 2.440 2.527 2.611 2.729 2.878 3.013 3.133 3.239 3.330 3.408 3.470 3.519 3.553 3.573 3.578 3.527 3.424
1.499 1.519 1.533 1.543 1.546 1.544 1.537 1.524 1.505 1.481 1.452 1.417 1.374 1.325 1.277 1.230 1.186 1.142 1.100 1.060 1.021 0.983 0.947 0.912 0.907 0.969 1.033 1.100 1.169 1.240 1.315 1.391 1.471 1.553 1.637 1.724 1.779 1.759 1.742 1.726 1.712 1.700 1.690 1.681 1.675 1.670 1.673 1.682 1.723 1.825 1.925 2.022 2.116 2.208 2.296 2.382 2.465 2.546 2.624 2.699 2.783 2.882 2.966 3.036 3.092 3.134 3.161 3.174 3.172 3.156 3.126 3.081 3.013 2.923
1.620 1.621 1.616 1.606 1.590 1.569 1.542 1.510 1.472 1.428 1.380 1.325 1.268 1.224 1.181 1.140 1.100 1.062 1.025 0.990 0.956 0.923 0.892 0.863 0.850 0.921 0.994 1.069 1.147 1.228 1.311 1.397 1.485 1.576 1.669 1.765 1.844 1.831 1.820 1.810 1.803 1.801 1.804 1.810 1.821 1.836 1.855 1.879 1.918 2.011 2.101 2.188 2.273 2.355 2.434 2.510 2.584 2.655 2.723 2.788 2.850 2.899 2.934 2.954 2.960 2.951 2.928 2.891 2.840 2.774 2.694 2.599 2.497 2.420
1.748 1.728 1.704 1.675 1.640 1.599 1.553 1.501 1.444 1.381 1.313 1.240 1.160 1.121 1.084 1.048 1.013 0.980 0.948 0.918 0.890 0.862 0.836 0.812 0.791 0.870 0.952 1.036 1.123 1.213 1.305 1.399 1.494 1.590 1.688 1.786 1.883 1.879 1.879 1.884 1.892 1.905 1.922 1.944 1.969 1.999 2.033 2.072 2.116 2.199 2.279 2.357 2.432 2.504 2.574 2.641 2.705 2.766 2.825 2.881 2.931 2.930 2.915 2.885 2.841 2.783 2.710 2.623 2.521 2.406 2.275 2.131 1.978 1.914
1.896 1.842 1.799 1.750 1.695 1.635 1.570 1.499 1.422 1.340 1.253 1.160 1.062 1.018 0.985 0.954 0.925 0.897 0.870 0.845 0.822 0.800 0.779 0.760 0.743 0.820 0.913 1.006 1.101 1.196 1.293 1.391 1.490 1.590 1.691 1.794 1.897 1.919 1.934 1.953 1.977 2.004 2.036 2.072 2.113 2.158 2.206 2.260 2.317 2.389 2.460 2.528 2.594 2.656 2.716 2.774 2.828 2.880 2.929 2.975 3.019 2.975 2.910 2.830 2.736 2.628 2.505 2.368 2.217 2.051 1.871 1.677 1.468 1.405
2.053 1.962 1.899 1.831 1.757 1.678 1.593 1.503 1.407 1.306 1.199 1.087 0.969 0.912 0.885 0.859 0.835 0.839 0.888 0.916 0.923 0.910 0.876 0.820 0.744 0.788 0.884 0.981 1.080 1.179 1.280 1.382 1.485 1.589 1.694 1.800 1.907 1.955 1.984 2.018 2.057 2.099 2.146 2.197 2.252 2.312 2.375 2.443 2.515 2.582 2.643 2.702 2.758 2.811 2.861 2.909 2.954 2.996 3.036 3.073 3.107 3.034 2.919 2.789 2.646 2.487 2.315 2.128 1.927 1.711 1.481 1.237 0.979 0.893
2.220 2.087 2.005 1.917 1.824 1.726 1.622 1.512 1.397 1.277 1.208 1.207 1.214 1.260 1.320 1.358 1.376 1.372 1.348 1.304 1.238 1.152 1.044 0.916 0.768 0.754 0.854 0.956 1.058 1.161 1.266 1.371 1.478 1.586 1.695 1.805 1.916 1.986 2.030 2.079 2.132 2.190 2.251 2.317 2.387 2.461 2.540 2.622 2.709 2.777 2.829 2.878 2.924 2.968 3.009 3.047 3.082 3.115 3.145 3.172 3.197 3.107 2.942 2.762 2.569 2.361 2.138 1.901 1.650 1.385 1.106 0.812 0.504 0.379
2.397 2.218 2.117 2.058 2.032 2.013 2.002 1.997 2.000 2.010 2.028 2.052 2.084 2.107 2.093 2.059 2.003 1.927 1.830 1.713 1.574 1.415 1.235 1.034 0.813 0.720 0.824 0.929 1.035 1.142 1.250 1.360 1.470 1.582 1.695 1.809 1.924 2.013 2.072 2.136 2.204 2.276 2.352 2.432 2.517 2.606 2.700 2.797 2.899 2.975 3.017 3.057 3.093 3.128 3.159 3.188 3.213 3.237 3.257 3.275 3.290 3.193 2.978 2.749 2.506 2.248 1.976 1.689 1.448 1.328 1.250 1.215 1.222 1.336
2.884 2.716 2.701 2.693 2.692 2.698 2.712 2.733 2.761 2.796 2.839 2.888 2.945 2.975 2.888 2.781 2.652 2.504 2.334 2.143 1.932 1.700 1.447 1.174 0.880 0.684 0.792 0.901 1.011 1.122 1.234 1.347 1.462 1.577 1.694 1.811 1.930 2.035 2.109 2.188 2.270 2.357 2.448 2.544 2.643 2.747 2.855 2.967 3.084 3.175 3.208 3.238 3.265 3.290 3.311 3.330 3.347 3.360 3.371 3.380 3.385 3.270 3.000 2.771 2.586 2.443 2.343 2.285 2.270 2.298 2.368 2.481 2.637 2.781
3.533 3.292 3.302 3.319 3.344 3.375 3.414 3.460 3.513 3.573 3.641 3.716 3.798 3.863 3.704 3.524 3.323 3.101 2.859 2.596 2.312 2.007 1.681 1.335 0.968 0.647 0.759 0.871 0.985 1.100 1.216 1.333 1.452 1.571 1.692 1.813 1.936 2.053 2.142 2.235 2.333 2.434 2.540 2.650 2.765 2.883 3.006 3.133 3.264 3.378 3.401 3.421 3.439 3.454 3.449 3.421 3.383 3.334 3.273 3.201 3.119 3.013 2.891 2.811 2.773 2.779 2.827 2.917 3.051 3.226 3.445 3.706 4.009 4.253
4.196 3.890 3.894 3.937 3.986 4.043 4.107 4.178 4.256 4.342 4.434 4.534 4.641 4.756 4.541 4.288 4.015 3.720 3.405 3.069 2.713 2.335 1.937 1.518 1.079 0.618 0.724 0.841 0.959 1.078 1.198 1.319 1.441 1.564 1.688 1.813 1.940 2.067 2.171 2.279 2.391 2.507 2.628 2.753 2.882 3.015 3.152 3.303 3.444 3.560 3.549 3.528 3.495 3.452 3.397 3.331 3.254 3.166 3.066 2.956 2.834 2.715 2.741 2.809 2.920 3.073 3.269 3.508 3.789 4.113 4.479 4.888 5.340 5.750
