DATA/SHG/ECMWF/20170628/EN-9/20170705.en-9.asc
ncols        190
nrows        64
xllcorner    -5100000.000000000000
yllcorner    4130000.000000000000
cellsize     10000.000000000000
NODATA_value  -99999.000
[rows 0 to 32 of 64, columns 0 to 73 of 190]
0.575 0.630 0.683 0.734 0.781 0.827 0.869 0.909 0.947 0.978 1.006 1.032 1.055 1.077 1.097 1.114 1.129 1.143 1.154 1.195 1.238 1.368 1.538 1.705 1.869 2.030 2.188 2.343 2.495 2.643 2.789 2.931 3.071 3.079 3.009 2.944 2.883 2.829 2.779 2.734 2.695 2.661 2.632 2.608 2.589 2.750 3.064 3.376 3.686 3.994 4.300 4.605 4.907 5.208 5.507 5.804 6.099 6.326 6.481 6.646 6.820 7.003 7.196 7.398 7.609 7.830 8.060 8.300 8.549 8.905 9.435 9.984 10.550 11.134
0.577 0.624 0.668 0.709 0.747 0.784 0.817 0.848 0.876 0.900 0.921 0.939 1.020 1.095 1.160 1.217 1.264 1.303 1.332 1.353 1.364 1.453 1.613 1.769 1.922 2.072 2.220 2.364 2.505 2.642 2.777 2.909 3.038 3.079 3.027 2.980 2.938 2.901 2.870 2.844 2.822 2.806 2.796 2.790 2.790 2.913 3.220 3.526 3.829 4.131 4.430 4.728 5.024 5.318 5.611 5.901 6.189 6.443 6.631 6.828 7.035 7.251 7.477 7.712 7.956 8.210 8.473 8.745 9.026 9.389 9.982 10.594 11.223 11.870
0.583 0.620 0.655 0.687 0.730 0.830 0.931 1.034 1.137 1.228 1.298 1.359 1.410 1.453 1.487 1.511 1.527 1.534 1.531 1.520 1.500 1.542 1.691 1.836 1.979 2.118 2.254 2.387 2.518 2.645 2.769 2.890 3.007 3.074 3.040 3.011 2.987 2.969 2.956 2.947 2.944 2.947 2.954 2.967 2.984 3.077 3.378 3.677 3.974 4.269 4.562 4.853 5.143 5.430 5.716 6.000 6.282 6.550 6.771 7.001 7.241 7.490 7.748 8.016 8.293 8.580 8.875 9.180 9.353 9.543 9.984 10.409 10.815 11.204
0.807 0.906 1.007 1.108 1.211 1.315 1.420 1.527 1.634 1.723 1.760 1.789 1.809 1.820 1.822 1.815 1.799 1.774 1.740 1.697 1.645 1.634 1.772 1.906 2.038 2.166 2.292 2.414 2.534 2.650 2.763 2.873 2.981 3.063 3.047 3.037 3.031 3.031 3.036 3.046 3.061 3.082 3.107 3.138 3.174 3.243 3.537 3.830 4.120 4.409 4.695 4.980 5.263 5.544 5.823 6.100 6.376 6.648 6.902 7.165 7.430 7.611 7.787 7.957 8.121 8.279 8.432 8.579 8.721 8.857 9.232 9.595 9.940 10.268
1.270 1.373 1.478 1.584 1.690 1.798 1.907 2.018 2.129 2.226 2.232 2.229 2.217 2.196 2.166 2.128 2.080 2.023 1.958 1.883 1.799 1.728 1.855 1.979 2.100 2.218 2.333 2.444 2.553 2.659 2.761 2.860 2.957 3.047 3.049 3.057 3.070 3.088 3.111 3.139 3.172 3.211 3.255 3.304 3.358 3.417 3.698 3.984 4.268 4.550 4.830 5.108 5.385 5.653 5.888 6.099 6.285 6.446 6.622 6.795 6.962 7.123 7.279 7.429 7.573 7.712 7.845 7.973 8.095 8.211 8.498 8.799 9.083 9.349
1.731 1.838 1.947 2.057 2.167 2.279 2.392 2.507 2.622 2.738 2.712 2.677 2.634 2.581 2.520 2.449 2.370 2.282 2.184 2.078 1.963 1.839 1.942 2.056 2.166 2.273 2.377 2.478 2.575 2.670 2.762 2.851 2.936 3.019 3.046 3.072 3.103 3.139 3.180 3.227 3.278 3.335 3.397 3.464 3.536 3.613 3.883 4.203 4.498 4.770 5.016 5.239 5.437 5.610 5.760 5.885 5.986 6.062 6.199 6.352 6.499 6.641 6.777 6.907 7.032 7.152 7.265 7.373 7.476 7.572 7.782 8.021 8.244 8.448
2.190 2.302 2.414 2.528 2.643 2.758 2.876 2.994 3.113 3.234 3.201 3.135 3.060 2.976 2.882 2.780 2.669 2.549 2.420 2.283 2.136 1.980 2.033 2.135 2.234 2.331 2.424 2.514 2.601 2.685 2.766 2.844 2.919 2.991 3.038 3.082 3.131 3.185 3.244 3.337 3.460 3.593 3.737 3.891 4.055 4.230 4.462 4.696 4.906 5.092 5.253 5.390 5.503 5.592 5.656 5.696 5.711 5.702 5.781 5.915 6.043 6.165 6.281 6.392 6.497 6.597 6.691 6.780 6.862 6.940 7.082 7.261 7.422 7.565
2.647 2.763 2.879 2.997 3.116 3.235 3.357 3.479 3.602 3.727 3.700 3.602 3.495 3.379 3.254 3.120 2.978 2.826 2.666 2.496 2.318 2.131 2.126 2.217 2.306 2.391 2.474 2.553 2.630 2.703 2.773 2.840 2.928 3.024 3.123 3.230 3.348 3.477 3.615 3.764 3.923 4.093 4.273 4.463 4.663 4.874 5.064 5.213 5.338 5.438 5.514 5.566 5.593 5.597 5.575 5.530 5.460 5.367 5.370 5.484 5.592 5.695 5.792 5.883 5.969 6.049 6.123 6.192 6.255 6.313 6.401 6.518 6.618 6.700
3.103 3.222 3.342 3.464 3.587 3.711 3.836 3.962 4.089 4.217 4.207 4.077 3.939 3.791 3.635 3.470 3.295 3.112 2.920 2.719 2.509 2.290 2.222 2.303 2.381 2.471 2.564 2.658 2.753 2.848 2.945 3.042 3.141 3.240 3.357 3.501 3.655 3.820 3.995 4.180 4.375 4.581 4.797 5.023 5.260 5.507 5.690 5.754 5.793 5.808 5.799 5.765 5.707 5.625 5.519 5.389 5.234 5.055 4.965 5.059 5.148 5.231 5.308 5.380 5.446 5.507 5.562 5.611 5.655 5.693 5.737 5.793 5.831 5.852
3.556 3.679 3.803 3.929 4.056 4.184 4.313 4.443 4.574 4.706 4.723 4.562 4.392 4.213 4.025 3.828 3.622 3.404 3.163 2.928 2.701 2.480 2.377 2.470 2.564 2.659 2.755 2.853 2.951 3.050 3.150 3.251 3.353 3.455 3.581 3.761 3.952 4.152 4.363 4.585 4.816 5.058 5.310 5.573 5.845 6.129 6.339 6.317 6.271 6.201 6.107 5.988 5.845 5.678 5.487 5.271 5.032 4.768 4.566 4.640 4.709 4.773 4.831 4.883 4.930 4.971 5.006 5.036 5.060 5.079 5.091 5.085 5.063 5.022
4.007 4.134 4.263 4.392 4.523 4.655 4.788 4.922 5.057 5.193 5.221 4.955 4.697 4.445 4.200 3.963 3.732 3.508 3.291 3.081 2.878 2.682 2.553 2.650 2.747 2.846 2.945 3.046 3.147 3.250 3.353 3.457 3.563 3.669 3.794 4.010 4.237 4.474 4.721 4.978 5.246 5.524 5.812 6.111 6.420 6.739 7.011 6.904 6.773 6.618 6.438 6.235 6.007 5.755 5.479 5.178 4.853 4.504 4.173 4.228 4.277 4.321 4.359 4.392 4.419 4.441 4.457 4.467 4.472 4.471 4.462 4.395 4.312 4.210
4.456 4.587 4.720 4.806 4.852 4.900 4.951 5.004 5.060 5.118 5.147 4.906 4.671 4.444 4.224 4.010 3.804 3.604 3.412 3.226 3.047 2.875 2.728 2.828 2.929 3.031 3.134 3.238 3.343 3.448 3.555 3.663 3.772 3.881 3.996 4.248 4.511 4.784 5.067 5.361 5.665 5.979 6.303 6.638 6.983 7.338 7.703 7.515 7.298 7.058 6.794 6.505 6.192 5.855 5.494 5.109 4.699 4.265 3.807 3.821 3.851 3.875 3.894 3.907 3.915 3.917 3.913 3.961 4.028 4.070 4.085 4.068 4.051 4.036
4.469 4.516 4.566 4.618 4.672 4.730 4.789 4.851 4.915 4.982 5.052 4.848 4.638 4.435 4.239 4.050 3.868 3.693 3.525 3.363 3.209 3.062 2.921 3.005 3.110 3.215 3.321 3.429 3.537 3.646 3.756 3.867 3.979 4.092 4.206 4.475 4.774 5.083 5.403 5.732 6.072 6.422 6.783 7.153 7.534 7.925 8.327 8.148 7.847 7.522 7.173 6.799 6.401 5.979 5.533 5.063 4.569 4.050 3.507 3.420 3.553 3.713 3.846 3.954 4.035 4.089 4.117 4.119 4.095 4.044 3.967 3.936 3.924 3.913
4.252 4.308 4.366 4.427 4.491 4.556 4.625 4.695 4.768 4.844 4.922 4.784 4.598 4.420 4.248 4.083 3.925 3.774 3.631 3.494 3.363 3.240 3.124 3.181 3.289 3.398 3.507 3.618 3.730 3.842 3.955 4.070 4.185 4.302 4.419 4.692 5.026 5.372 5.727 6.093 6.468 6.855 7.251 7.658 8.075 8.502 8.939 8.805 8.419 8.009 7.575 7.117 6.634 6.235 5.855 5.474 5.092 4.711 4.329 4.288 4.382 4.450 4.491 4.506 4.495 4.457 4.393 4.303 4.186 4.043 3.874 3.803 3.796 3.790
4.033 4.097 4.164 4.234 4.306 4.381 4.458 4.537 4.619 4.703 4.790 4.712 4.551 4.396 4.249 4.109 3.975 3.848 3.729 3.616 3.510 3.411 3.319 3.356 3.467 3.579 3.692 3.806 3.921 4.037 4.154 4.271 4.390 4.510 4.631 4.897 5.268 5.649 6.040 6.442 6.854 7.276 7.708 8.151 8.604 9.067 9.585 9.594 9.213 8.832 8.451 8.070 7.688 7.307 6.925 6.542 6.160 5.778 5.395 5.234 5.236 5.211 5.160 5.083 4.979 4.850 4.693 4.511 4.302 4.067 3.806 3.669 3.667 3.665
3.811 3.884 3.960 4.039 4.119 4.203 4.288 4.376 4.467 4.560 4.656 4.632 4.496 4.366 4.243 4.126 4.017 3.915 3.820 3.731 3.650 3.575 3.507 3.529 3.644 3.759 3.876 3.993 4.111 4.230 4.351 4.472 4.594 4.717 4.841 5.091 5.498 5.915 6.343 6.787 7.253 7.740 8.247 8.777 9.327 9.898 10.491 10.670 10.288 9.906 9.524 9.142 8.759 8.376 7.993 7.610 7.227 6.843 6.460 6.204 6.114 5.997 5.854 5.684 5.489 5.267 5.019 4.744 4.443 4.116 3.763 3.534 3.536 3.540
3.587 3.669 3.753 3.841 3.930 4.022 4.116 4.213 4.313 4.414 4.519 4.546 4.433 4.328 4.229 4.137 4.052 3.974 3.903 3.839 3.781 3.731 3.688 3.701 3.819 3.938 4.058 4.178 4.300 4.423 4.546 4.666 4.775 4.883 4.991 5.203 5.658 6.135 6.632 7.151 7.691 8.252 8.834 9.437 10.062 10.708 11.374 11.745 11.362 10.979 10.596 10.213 9.829 9.445 9.061 8.677 8.293 7.908 7.523 7.198 7.016 6.807 6.572 6.310 6.023 5.709 5.369 5.002 4.609 4.190 3.745 3.398 3.405 3.413
3.360 3.451 3.544 3.640 3.738 3.839 3.942 4.048 4.156 4.266 4.379 4.452 4.364 4.282 4.208 4.140 4.080 4.026 3.979 3.939 3.906 3.880 3.860 3.872 3.988 4.099 4.209 4.319 4.428 4.536 4.644 4.752 4.859 4.965 5.072 5.247 5.777 6.328 6.899 7.492 8.106 8.742 9.398 10.076 10.774 11.494 12.235 12.819 12.435 12.051 11.667 11.282 10.897 10.513 10.128 9.742 9.357 8.971 8.585 8.217 7.942 7.641 7.314 6.961 6.581 6.175 5.743 5.285 4.800 4.289 3.752 3.261 3.272 3.285
3.131 3.231 3.333 3.437 3.544 3.653 3.765 3.880 3.996 4.115 4.237 4.351 4.287 4.230 4.179 4.136 4.100 4.062 4.028 4.001 3.983 3.972 3.969 3.978 4.087 4.196 4.304 4.412 4.519 4.626 4.733 4.838 4.944 5.048 5.153 5.270 5.874 6.499 7.145 7.812 8.500 9.209 9.940 10.692 11.464 12.258 13.073 13.891 13.506 13.121 12.736 12.351 11.965 11.579 11.193 10.807 10.420 10.034 9.647 9.260 8.893 8.500 8.081 7.636 7.164 6.667 6.143 5.592 5.016 4.413 3.784 3.129 3.139 3.156
2.900 3.008 3.119 3.232 3.347 3.466 3.586 3.709 3.834 3.962 4.085 4.198 4.161 4.114 4.076 4.046 4.023 4.009 4.002 4.003 4.012 4.029 4.054 4.086 4.186 4.293 4.400 4.506 4.612 4.717 4.821 4.925 5.029 5.132 5.234 5.336 5.949 6.648 7.368 8.109 8.871 9.655 10.459 11.285 12.132 13.000 13.889 14.799 14.577 14.191 13.804 13.418 13.031 12.644 12.257 11.870 11.482 11.095 10.707 10.319 9.868 9.383 8.872 8.335 7.772 7.182 6.567 5.925 5.256 4.562 3.842 3.095 3.004 3.026
2.666 2.783 2.902 3.053 3.196 3.330 3.456 3.573 3.683 3.783 3.876 3.960 3.961 3.942 3.932 3.929 3.934 3.947 3.968 3.997 4.033 4.078 4.130 4.190 4.286 4.391 4.496 4.600 4.704 4.807 4.910 5.012 5.114 5.215 5.316 5.417 6.002 6.775 7.569 8.384 9.221 10.078 10.957 11.856 12.777 13.719 14.682 15.666 15.646 15.259 14.871 14.484 14.096 13.708 13.320 12.932 12.543 12.155 11.766 11.376 10.867 10.291 9.688 9.059 8.404 7.723 7.015 6.268 5.496 4.729 3.967 3.209 3.045 3.108
2.668 2.806 2.936 3.058 3.171 3.276 3.373 3.461 3.542 3.613 3.677 3.732 3.753 3.762 3.779 3.804 3.837 3.877 3.926 3.982 4.046 4.118 4.198 4.286 4.386 4.489 4.592 4.695 4.797 4.898 4.999 5.100 5.200 5.300 5.399 5.497 6.033 6.880 7.748 8.637 9.548 10.479 11.432 12.405 13.400 14.416 15.453 16.511 16.714 16.326 15.937 15.549 15.160 14.771 14.382 13.993 13.603 13.213 12.823 12.433 11.818 11.028 10.243 9.463 8.688 7.918 7.153 6.393 5.638 4.887 4.142 3.401 3.141 3.211
2.770 2.879 2.980 3.072 3.156 3.232 3.300 3.359 3.410 3.452 3.486 3.512 3.537 3.574 3.618 3.671 3.731 3.799 3.875 3.959 4.051 4.150 4.258 4.373 4.486 4.588 4.689 4.790 4.890 4.990 5.089 5.188 5.286 5.384 5.481 5.578 6.042 6.963 7.905 8.869 9.853 10.858 11.885 12.932 14.001 15.090 16.201 17.333 17.781 17.392 17.002 16.613 16.223 15.664 15.032 14.436 13.875 13.350 12.860 12.406 11.819 11.047 10.279 9.516 8.758 8.005 7.256 6.513 5.775 5.041 4.313 3.589 3.234 3.313
2.881 2.961 3.032 3.095 3.150 3.197 3.235 3.265 3.287 3.300 3.306 3.302 3.313 3.377 3.449 3.529 3.617 3.713 3.817 3.928 4.047 4.174 4.309 4.452 4.586 4.686 4.786 4.885 4.984 5.082 5.179 5.276 5.373 5.469 5.564 5.659 6.029 7.025 8.041 9.078 10.136 11.215 12.315 13.437 14.579 15.742 16.685 17.521 17.851 17.165 16.515 15.901 15.322 14.779 14.271 13.798 13.361 12.960 12.594 12.264 11.816 11.060 10.309 9.563 8.822 8.086 7.355 6.628 5.907 5.190 4.479 3.772 3.326 3.412
3.001 3.051 3.094 3.128 3.154 3.171 3.180 3.181 3.174 3.158 3.134 3.102 3.081 3.173 3.272 3.380 3.495 3.618 3.749 3.888 4.035 4.190 4.352 4.522 4.687 4.785 4.883 4.981 5.077 5.174 5.270 5.365 5.460 5.554 5.648 5.741 5.995 7.064 8.154 9.151 10.103 11.023 11.909 12.762 13.582 14.369 15.123 15.844 16.311 15.750 15.224 14.734 14.279 13.859 13.475 13.127 12.814 12.536 12.294 12.088 11.809 11.070 10.336 9.607 8.882 8.163 7.449 6.739 6.035 5.335 4.640 3.950 3.415 3.508
3.133 3.151 3.164 3.169 3.166 3.154 3.134 3.106 3.069 3.025 2.971 2.910 2.840 2.960 3.087 3.222 3.365 3.516 3.674 3.840 4.015 4.197 4.387 4.584 4.788 4.885 4.981 5.077 5.172 5.266 5.360 5.453 5.490 5.533 5.582 5.637 5.719 6.655 7.558 8.429 9.266 10.070 10.841 11.579 12.284 12.957 13.596 14.202 14.739 14.302 13.900 13.533 13.202 12.906 12.646 12.422 12.232 12.079 11.960 11.877 11.797 11.075 10.357 9.645 8.938 8.235 7.538 6.845 6.158 5.475 4.797 4.124 3.501 3.603
3.301 3.259 3.244 3.219 3.187 3.146 3.097 3.040 2.974 2.900 2.818 2.728 2.629 2.739 2.893 3.056 3.226 3.404 3.590 3.784 3.986 4.195 4.413 4.638 4.858 4.894 4.917 4.946 4.980 5.021 5.067 5.119 5.177 5.240 5.309 5.384 5.465 6.197 6.985 7.740 8.462 9.152 9.808 10.431 11.022 11.579 12.103 12.595 13.053 12.820 12.542 12.299 12.092 11.920 11.784 11.683 11.617 11.587 11.592 11.633 11.709 11.075 10.375 9.679 8.989 8.303 7.622 6.947 6.276 5.610 4.949 4.293 3.641 3.695
3.452 3.377 3.332 3.279 3.217 3.147 3.069 2.983 2.888 2.785 2.674 2.555 2.427 2.509 2.692 2.882 3.079 3.287 3.493 3.681 3.854 4.009 4.149 4.272 4.378 4.433 4.476 4.525 4.580 4.641 4.707 4.779 4.857 4.941 5.031 5.126 5.227 5.772 6.446 7.086 7.693 8.268 8.809 9.318 9.794 10.236 10.646 11.023 11.366 11.305 11.151 11.032 10.948 10.900 10.887 10.910 10.968 11.061 11.190 11.354 11.554 11.070 10.387 9.709 9.035 8.366 7.702 7.043 6.389 5.740 5.096 4.457 3.822 3.785
3.587 3.504 3.430 3.347 3.257 3.158 3.051 2.935 2.811 2.679 2.576 2.498 2.400 2.473 2.686 2.883 3.064 3.228 3.375 3.507 3.621 3.720 3.802 3.867 3.916 3.966 4.029 4.099 4.174 4.255 4.342 4.434 4.533 4.637 4.747 4.862 4.984 5.382 5.940 6.466 6.959 7.418 7.845 8.239 8.600 8.928 9.223 9.485 9.715 9.757 9.727 9.731 9.771 9.847 9.957 10.103 10.285 10.502 10.754 11.041 11.364 11.062 10.395 9.733 9.077 8.425 7.778 7.136 6.498 5.866 5.239 4.616 3.998 3.873
3.706 3.639 3.536 3.500 3.491 3.462 3.414 3.345 3.257 3.149 3.021 2.872 2.705 2.661 2.817 2.956 3.079 3.186 3.276 3.350 3.407 3.448 3.472 3.480 3.472 3.494 3.577 3.667 3.763 3.864 3.971 4.084 4.202 4.327 4.457 4.593 4.734 5.025 5.469 5.880 6.258 6.603 6.915 7.195 7.441 7.655 7.835 7.983 8.098 8.176 8.269 8.397 8.561 8.760 8.994 9.263 9.568 9.908 10.284 10.695 11.141 11.048 10.398 9.754 9.114 8.479 7.848 7.223 6.567 5.868 5.186 4.522 3.875 3.614
4.505 4.552 4.513 4.454 4.375 4.277 4.158 4.020 3.862 3.684 3.486 3.268 3.031 2.866 2.964 3.046 3.112 3.161 3.194 3.210 3.210 3.194 3.161 3.111 3.046 3.016 3.120 3.230 3.346 3.467 3.595 3.728 3.867 4.011 4.162 4.318 4.480 4.703 5.032 5.328 5.592 5.822 6.020 6.185 6.317 6.416 6.482 6.515 6.515 6.562 6.779 7.030 7.317 7.639 7.997 8.390 8.818 9.281 9.780 10.314 10.884 10.964 10.204 9.461 8.735 8.027 7.336 6.663 6.006 5.368 4.746 4.142 3.555 3.242
5.659 5.665 5.557 5.428 5.280 5.111 4.923 4.715 4.488 4.240 3.972 3.685 3.378 3.088 3.129 3.154 3.162 3.154 3.129 3.088 3.031 2.957 2.867 2.760 2.637 2.533 2.657 2.788 2.924 3.065 3.213 3.366 3.525 3.690 3.861 4.037 4.219 4.414 4.629 4.811 4.959 5.076 5.159 5.209 5.227 5.211 5.163 5.082 4.968 4.915 5.255 5.630 6.040 6.486 7.059 7.664 8.216 8.716 9.163 9.558 9.901 9.966 9.266 8.583 7.918 7.270 6.639 6.026 5.430 4.852 4.290 3.746 3.220 2.868
6.828 6.789 6.621 6.423 6.205 5.967 5.709 5.432 5.134 4.817 4.480 4.123 3.746 3.349 3.312 3.279 3.230 3.164 3.082 2.984 2.869 2.738 2.591 2.427 2.247 2.050 2.189 2.339 2.496 2.658 2.825 2.999 3.178 3.363 3.554 3.751 3.953 4.159 4.259 4.327 4.361 4.363 4.332 4.268 4.171 4.041 3.879 3.925 4.078 4.267 4.951 5.583 6.162 6.690 7.164 7.587 7.956 8.274 8.539 8.752 8.912 8.952 8.312 7.690 7.085 6.497 5.927 5.374 4.838 4.320 3.819 3.335 2.869 2.491
