DATA/SHG/ECMWF/20170628/EN-9/20170629.en-9.asc
ncols        190
nrows        64
xllcorner    -5100000.000000000000
yllcorner    4130000.000000000000
cellsize     10000.000000000000
NODATA_value  -99999.000
[rows 32 to 63 of 64, columns 0 to 72 of 190]
9.286 9.894 9.689 9.428 9.194 8.986 8.804 8.649 8.519 8.415 8.337 8.285 8.259 8.260 8.205 8.090 7.917 7.687 7.398 7.052 6.648 6.186 5.667 5.090 4.455 3.762 3.512 3.294 3.098 2.926 2.776 2.650 2.546 2.466 2.408 2.374 2.362 2.373 2.324 2.272 2.215 2.155 2.090 2.021 1.949 1.872 1.791 1.922 2.126 2.308 2.503 2.650 2.750 2.802 2.806 2.762 2.671 2.531 2.344 2.109 1.826 1.528 1.525 1.533 1.553 1.583 1.623 1.675 1.738 1.811 1.895 1.990 2.095
9.705 10.320 10.324 10.155 10.012 9.895 9.803 9.738 9.699 9.686 9.699 9.738 9.803 9.894 9.704 9.387 9.012 8.579 8.089 7.541 6.935 6.271 5.550 4.770 3.933 3.039 2.754 2.616 2.501 2.408 2.339 2.293 2.270 2.270 2.293 2.339 2.408 2.499 2.457 2.391 2.634 2.930 3.199 3.443 3.660 3.852 4.017 4.156 4.269 4.356 4.386 4.367 4.300 4.185 4.022 3.812 3.554 3.248 2.894 2.492 2.043 1.546 1.557 1.603 1.660 1.727 1.806 1.895 1.995 2.106 2.227 2.360 2.503
10.121 10.743 10.930 10.852 10.799 10.773 10.773 10.798 10.850 10.928 11.031 11.161 11.317 11.498 11.264 10.744 10.167 9.533 8.840 8.090 7.282 6.417 5.494 4.513 3.474 2.377 1.973 1.915 1.880 1.868 1.879 1.913 1.971 2.422 2.938 3.484 4.062 4.671 5.044 5.300 5.531 5.735 5.913 6.066 6.192 6.292 6.365 6.413 6.435 6.430 6.314 6.128 5.894 5.613 5.284 4.907 4.482 4.010 3.490 2.922 2.306 1.643 1.579 1.662 1.757 1.862 1.978 2.104 2.242 2.390 2.549 2.719 2.900
10.535 11.163 11.507 11.519 11.558 11.622 11.713 11.829 11.971 12.140 12.334 12.554 12.800 13.073 12.883 12.162 11.383 10.546 9.652 8.700 7.691 6.623 5.499 4.316 3.076 1.793 1.557 1.962 2.398 2.865 3.364 3.894 4.456 5.048 5.673 6.328 7.015 7.733 8.146 8.312 8.451 8.564 8.650 8.711 8.746 8.754 8.737 8.693 8.624 8.528 8.287 7.934 7.534 7.086 6.591 6.048 5.457 4.818 4.131 3.397 2.615 1.786 1.590 1.711 1.843 1.985 2.139 2.303 2.478 2.664 2.860 3.068 3.286
10.945 11.580 12.054 12.158 12.287 12.442 12.623 12.830 13.063 13.322 13.606 13.917 14.254 14.617 14.562 13.639 12.659 11.620 10.550 9.581 8.612 7.643 6.675 5.707 4.740 3.773 3.384 3.898 4.443 5.019 5.627 6.266 6.937 7.639 8.372 9.136 9.932 10.759 11.272 11.345 11.393 11.415 11.410 11.380 11.323 11.240 11.132 10.997 10.836 10.649 10.305 9.786 9.219 8.605 7.943 7.234 6.476 5.671 4.819 3.918 2.970 1.975 1.591 1.749 1.919 2.099 2.290 2.491 2.704 2.927 3.161 3.406 3.661
11.353 11.995 12.573 12.766 12.986 13.232 13.503 13.801 14.124 14.474 14.849 15.242 15.666 16.153 16.401 15.431 14.461 13.492 12.523 11.554 10.586 9.618 8.651 7.684 6.717 5.750 5.176 5.798 6.452 7.138 7.855 8.603 9.382 10.193 11.035 11.908 12.813 13.749 14.419 14.402 14.358 14.289 14.193 14.071 13.923 13.749 13.549 13.323 13.071 12.793 12.367 11.682 10.949 10.169 9.341 8.465 7.542 6.571 5.552 4.486 3.372 2.210 1.581 1.777 1.984 2.201 2.430 2.669 2.919 3.179 3.451 3.733 4.026
11.758 12.407 13.057 13.346 13.587 13.791 14.058 14.388 14.780 15.235 15.752 16.332 16.975 17.680 18.368 17.399 16.430 15.461 14.493 13.525 12.558 11.590 10.624 9.657 8.691 7.725 6.932 7.664 8.427 9.221 10.047 10.904 11.792 12.711 13.662 14.644 15.658 16.703 17.590 17.481 17.346 17.185 16.998 16.785 16.546 16.281 15.990 15.673 15.330 14.961 14.475 13.623 12.724 11.778 10.784 9.742 8.653 7.516 6.331 5.099 3.819 2.491 1.561 1.794 2.039 2.294 2.559 2.836 3.123 3.421 4.127 5.068 5.960
11.610 12.025 12.404 12.717 13.077 13.500 13.986 14.534 15.145 15.818 16.554 17.353 18.214 19.138 20.124 19.365 18.396 17.428 16.461 15.494 14.527 13.560 12.594 11.628 10.663 9.697 8.733 9.494 10.366 11.269 12.203 13.169 14.166 15.194 16.254 17.345 18.467 19.620 20.782 20.582 20.356 20.104 19.826 19.522 19.192 18.836 18.454 18.046 17.611 17.151 16.627 15.610 14.545 13.432 12.272 11.064 9.809 8.506 7.156 5.758 4.312 2.819 1.530 2.388 3.493 4.552 5.564 6.528 7.446 8.316 9.139 9.915 10.644
10.944 11.234 11.488 11.920 12.499 13.141 13.845 14.612 15.441 16.333 17.287 18.304 19.384 20.526 21.730 21.328 20.360 19.393 18.426 17.459 16.493 15.527 14.562 13.596 12.632 11.667 10.703 11.289 12.269 13.281 14.325 15.399 16.505 17.642 18.810 20.010 21.240 22.502 23.796 23.707 23.389 23.046 22.677 22.282 21.861 21.414 20.941 20.442 19.916 19.365 18.788 17.640 16.410 15.131 13.805 12.432 11.135 10.048 9.160 8.471 7.980 7.689 7.598 8.587 9.528 10.423 11.270 12.070 12.823 13.529 14.188 14.800 15.365
10.318 10.483 10.612 11.055 11.853 12.713 13.636 14.621 15.669 16.779 17.951 19.187 20.484 21.845 23.267 23.288 22.321 21.355 20.388 19.422 18.457 17.491 16.527 15.562 14.598 13.634 12.671 13.048 14.138 15.259 16.411 17.594 18.808 20.054 21.331 22.639 23.978 25.348 26.750 26.853 26.445 26.011 25.551 25.065 24.553 24.015 23.451 22.860 22.244 21.108 19.888 18.390 16.999 15.806 14.813 14.018 13.421 13.024 12.825 12.825 13.023 13.421 14.017 14.823 15.600 16.331 17.014 17.650 18.239 18.781 19.276 19.724 20.125
9.733 9.773 9.777 10.123 11.139 12.218 13.359 14.562 15.828 17.156 18.547 20.000 21.516 23.094 24.735 25.246 24.280 23.314 22.348 21.383 20.418 19.453 18.489 17.525 16.562 15.598 14.636 14.773 15.971 17.201 18.461 19.753 21.076 22.430 23.815 25.232 26.680 28.159 29.669 30.023 29.523 28.998 27.767 26.496 25.239 23.997 22.769 21.555 20.356 19.170 17.999 17.032 16.331 15.828 15.523 15.417 15.510 15.802 16.292 16.980 17.867 18.953 20.238 21.097 21.710 22.276 22.796 23.268 23.693 24.071 24.402 24.686 24.924
9.187 9.103 8.982 9.124 10.358 11.655 13.014 14.435 15.919 17.465 19.074 20.745 22.479 24.275 26.133 27.202 26.236 25.271 24.305 23.341 22.376 21.413 20.449 19.486 18.523 17.560 16.598 16.463 17.770 19.108 20.477 21.877 23.308 24.771 26.249 27.082 27.883 28.652 29.388 29.220 27.956 26.706 25.470 24.249 23.042 21.849 20.671 19.507 18.357 17.221 16.100 15.479 15.467 15.653 16.038 16.621 17.402 18.382 19.561 20.937 22.513 24.287 26.259 27.408 27.857 28.260 28.615 28.923 29.185 29.399 29.567 29.687 29.760
8.682 8.473 8.227 8.057 9.509 11.024 12.601 14.240 15.942 17.706 19.533 21.422 23.373 25.387 27.463 29.154 28.189 27.225 26.260 25.296 24.332 23.369 22.406 21.444 20.481 19.519 18.558 18.065 19.012 19.927 20.810 21.661 22.479 23.265 24.019 24.740 25.430 26.086 26.711 26.763 25.549 24.349 23.163 21.991 20.834 19.690 18.562 17.447 16.346 15.260 14.188 13.732 14.409 15.284 16.357 17.628 19.098 20.766 22.632 24.697 26.960 29.421 32.081 33.756 34.042 34.281 34.472 34.617 34.715 34.765 34.769 34.726 34.636
8.217 7.883 7.513 7.108 8.593 10.325 12.120 13.977 15.897 17.879 19.923 22.029 24.198 26.429 28.723 31.079 30.140 29.176 28.212 27.249 26.154 24.640 23.171 21.747 20.367 19.032 17.742 16.651 17.487 18.290 19.061 19.800 20.507 21.182 21.824 22.434 23.012 23.557 24.070 24.296 23.131 21.980 20.844 19.722 18.614 17.520 16.441 15.376 14.325 13.288 12.266 11.791 13.156 14.719 16.480 18.439 20.597 22.952 25.506 28.258 31.208 34.357 37.704 40.142 40.264 40.339 40.367 40.348 40.282 40.169 40.010 39.803 39.549
7.792 7.333 6.839 6.309 7.609 9.559 11.571 13.646 15.783 17.983 20.244 22.568 24.955 27.230 29.118 30.908 29.853 28.316 26.824 25.376 23.973 22.614 21.301 20.032 18.808 17.628 16.494 15.404 15.997 16.689 17.348 17.976 18.571 19.134 19.665 20.163 20.630 21.064 21.466 21.817 20.701 19.600 18.514 17.441 16.383 15.338 14.309 13.293 12.291 11.304 10.331 9.656 11.709 13.959 16.408 19.055 21.899 24.942 28.183 31.622 35.259 39.094 43.127 46.566 46.524 46.435 46.300 46.117 45.888 45.612 45.288 44.918 44.501
7.407 6.824 6.205 5.551 6.557 8.725 10.980 13.211 15.345 17.381 19.321 21.163 22.908 24.555 26.105 27.558 27.005 25.624 24.287 22.994 21.747 20.544 19.386 18.272 17.204 16.180 15.200 14.266 14.542 15.122 15.670 16.186 16.670 17.122 17.541 17.928 18.283 18.606 18.897 19.155 18.261 17.210 16.172 15.149 14.140 13.145 12.165 11.199 10.247 9.309 8.386 7.476 10.067 13.005 16.141 19.474 23.006 26.736 30.663 34.789 39.112 43.633 48.353 53.027 52.821 52.569 52.270 51.924 51.532 51.092 50.605 50.072 49.457
7.258 6.775 6.333 5.932 6.698 8.785 10.776 12.669 14.466 16.164 17.766 19.271 20.678 21.988 23.201 24.316 24.113 22.887 21.706 20.569 19.477 18.429 17.427 16.468 15.555 14.686 13.862 13.083 13.122 13.591 14.028 14.432 14.805 15.145 15.453 15.729 15.973 16.184 16.364 16.511 15.809 14.807 13.819 12.846 11.886 10.941 10.010 9.093 8.191 7.302 6.428 5.568 8.232 11.856 15.679 19.699 23.917 28.333 32.946 37.758 42.767 47.974 53.379 58.982 59.156 58.603 56.628 54.744 52.951 51.250 49.639 48.120 46.692
7.792 7.453 7.154 6.897 7.275 9.025 10.678 12.234 13.692 15.054 16.318 17.485 18.555 19.528 20.403 21.181 21.178 20.107 19.081 18.099 17.162 16.270 15.423 14.620 13.862 13.148 12.479 11.855 11.737 12.095 12.420 12.714 12.975 13.204 13.401 13.565 13.698 13.798 13.866 13.902 13.347 12.394 11.456 10.531 9.621 8.725 7.844 6.976 6.123 5.284 4.459 3.649 6.202 10.513 15.022 19.728 24.632 29.734 34.911 39.379 43.707 47.896 51.944 55.852 55.299 53.548 51.889 50.320 48.843 47.457 46.162 44.957 43.844
8.281 8.084 7.929 7.815 7.958 9.370 10.686 11.904 13.025 14.049 14.976 15.806 16.539 17.174 17.713 18.154 18.198 17.283 16.412 15.586 14.804 14.067 13.375 12.727 12.124 11.565 11.051 10.582 10.388 10.634 10.848 11.030 11.180 11.298 11.384 11.437 11.459 11.448 11.405 11.330 10.873 9.969 9.080 8.206 7.345 6.498 5.666 4.848 4.044 3.255 2.479 1.779 4.222 9.047 13.732 18.278 22.683 26.948 31.074 35.059 38.905 42.611 46.177 49.603 49.848 48.413 47.068 45.815 44.653 43.582 42.602 41.713 40.915
8.723 8.670 8.658 8.688 8.758 9.820 10.798 11.680 12.464 13.151 13.741 14.234 14.629 14.928 15.130 15.235 15.175 14.415 13.699 13.028 12.401 11.820 11.282 10.789 10.341 9.938 9.579 9.264 9.073 9.208 9.311 9.382 9.421 9.428 9.402 9.345 9.255 9.133 8.979 8.793 8.388 7.534 6.694 5.868 5.140 4.639 4.151 3.675 3.212 2.762 2.325 1.901 3.420 7.762 11.965 16.027 19.950 23.733 27.376 30.880 34.243 37.467 40.551 43.495 44.316 43.196 42.167 41.229 40.382 39.626 38.961 38.386 37.903
9.119 9.209 9.341 9.514 9.728 10.375 11.017 11.561 12.008 12.358 12.611 12.767 12.827 12.789 12.654 12.422 12.093 11.503 10.942 10.426 9.955 9.528 9.146 8.808 8.514 8.266 8.062 7.902 7.793 7.817 7.809 7.769 7.697 7.592 7.456 7.287 7.087 6.950 6.971 6.979 6.896 6.388 5.893 5.411 4.941 4.484 4.040 3.608 3.189 2.783 2.390 2.009 2.755 6.615 10.335 13.916 17.356 20.657 23.818 26.840 29.722 32.464 35.066 37.529 38.704 37.899 37.185 36.562 36.030 35.588 35.237 34.978 34.809
9.469 9.703 9.977 10.293 10.650 11.036 11.340 11.547 11.658 11.671 11.588 11.407 11.130 10.756 10.285 9.717 9.052 8.548 8.142 7.781 7.464 7.192 6.965 6.782 6.643 6.549 6.500 6.495 6.534 6.461 6.430 6.499 6.554 6.596 6.624 6.639 6.640 6.629 6.603 6.565 6.509 6.045 5.594 5.156 4.730 4.317 3.916 3.529 3.154 2.792 2.442 2.106 2.229 5.606 8.844 11.943 14.901 17.721 20.400 22.940 25.340 27.601 29.722 31.703 33.012 32.522 32.122 31.814 31.596 31.469 31.433 31.487 31.633
9.773 10.150 10.568 11.027 11.527 11.801 11.768 11.639 11.413 11.090 10.670 10.154 9.540 8.830 8.023 7.118 6.117 5.548 5.298 5.091 4.929 4.812 4.739 4.882 5.191 5.488 5.774 6.049 6.313 6.412 6.448 6.470 6.479 6.474 6.456 6.424 6.380 6.321 6.250 6.165 6.067 5.690 5.282 4.888 4.506 4.137 3.781 3.437 3.106 2.788 2.482 2.189 1.909 4.735 7.491 10.108 12.585 14.923 17.121 19.179 21.098 22.878 24.518 26.018 27.239 27.063 26.978 26.984 27.081 27.268 27.546 27.915 28.375
10.032 10.551 11.112 11.714 12.357 12.670 12.302 11.836 11.274 10.615 9.859 9.006 8.056 7.010 5.867 4.627 3.586 3.313 3.650 3.977 4.292 4.595 4.888 5.169 5.439 5.697 5.944 6.180 6.404 6.490 6.479 6.455 6.417 6.366 6.302 6.224 6.133 6.028 5.910 5.779 5.635 5.322 4.959 4.608 4.270 3.945 3.632 3.332 3.045 2.771 2.509 2.260 2.024 4.002 6.277 8.412 10.408 12.264 13.981 15.559 16.997 18.295 19.454 20.474 21.354 21.524 21.754 22.074 22.485 22.986 23.578 24.261 25.035
10.245 10.907 11.611 12.356 13.142 13.645 12.940 12.138 11.240 10.369 9.533 8.688 7.835 6.973 6.103 5.224 4.336 3.847 4.145 4.432 4.708 4.973 5.226 5.468 5.698 5.917 6.125 6.322 6.507 6.581 6.524 6.453 6.369 6.272 6.161 6.037 5.900 5.749 5.585 5.408 5.217 4.942 4.622 4.316 4.022 3.740 3.472 3.216 2.972 2.742 2.524 2.318 2.126 3.406 5.200 6.854 8.369 9.744 10.980 12.077 13.034 13.852 14.531 15.070 15.470 15.905 16.448 17.082 17.807 18.623 19.529 20.526 21.613
10.412 11.217 12.101 13.006 13.915 14.719 13.887 13.047 12.198 11.340 10.474 9.599 8.715 7.823 6.922 6.013 5.095 4.392 4.652 4.899 5.136 5.361 5.575 5.778 5.969 6.149 6.318 6.475 6.621 6.686 6.582 6.466 6.335 6.192 6.035 5.865 5.681 5.484 5.274 5.050 4.813 4.549 4.274 4.011 3.761 3.523 3.298 3.086 2.887 2.700 2.526 2.364 2.216 2.948 4.261 5.434 6.468 7.363 8.118 8.735 9.211 9.549 9.747 9.806 9.726 10.204 11.062 12.010 13.049 14.487 15.997 17.459 18.873
11.045 11.957 12.874 13.797 14.725 15.658 14.957 14.087 13.207 12.319 11.423 10.518 9.604 8.681 7.750 6.811 5.862 4.949 5.169 5.378 5.575 5.761 5.936 6.100 6.252 6.393 6.522 6.640 6.747 6.805 6.655 6.492 6.315 6.126 5.922 5.706 5.476 5.233 4.976 4.707 4.423 4.145 3.913 3.694 3.487 3.294 3.113 2.944 2.789 2.646 2.515 2.398 2.293 2.627 3.459 4.152 4.706 5.120 5.395 5.531 5.528 5.386 5.562 5.835 6.096 7.070 8.608 10.098 11.539 12.931 14.276 15.572 16.820
11.775 12.705 13.641 14.581 15.527 16.478 16.036 15.135 14.226 13.307 12.380 11.445 10.501 9.548 8.587 7.617 6.638 5.651 5.698 5.868 6.026 6.173 6.308 6.433 6.546 6.647 6.738 6.817 6.885 6.937 6.741 6.532 6.309 6.073 5.824 5.561 5.285 4.996 4.693 4.377 4.048 3.728 3.540 3.364 3.202 3.052 2.915 2.790 2.678 2.579 2.492 2.418 2.357 2.444 2.795 3.117 3.437 3.744 4.038 4.319 4.587 4.842 5.084 5.313 5.530 6.227 7.598 8.922 10.197 11.423 12.602 13.732 14.814
12.498 13.447 14.400 15.359 16.323 17.292 17.123 16.192 15.252 14.304 13.346 12.381 11.406 10.423 9.432 8.431 7.423 6.405 6.239 6.369 6.488 6.596 6.692 6.777 6.851 6.914 6.965 7.005 7.034 7.051 6.841 6.586 6.317 6.035 5.739 5.430 5.108 4.773 4.424 4.062 3.686 3.298 3.154 3.023 2.904 2.798 2.704 2.623 2.777 2.872 2.871 2.773 2.578 2.376 2.678 2.966 3.241 3.504 3.753 3.989 4.213 4.423 4.620 4.805 4.976 5.430 6.636 7.793 8.902 9.963 10.975 11.939 12.855
13.214 14.181 15.153 16.130 17.112 18.100 18.219 17.257 16.287 15.308 14.321 13.325 12.320 11.307 10.285 9.255 8.216 7.168 6.790 6.881 6.961 7.030 7.087 7.133 7.168 7.192 7.204 7.205 7.194 7.173 6.955 6.653 6.338 6.010 5.668 5.313 4.945 4.563 4.168 3.760 3.339 3.483 3.889 4.230 4.475 4.623 4.674 4.629 4.487 4.249 3.914 3.482 2.954 2.329 2.584 2.828 3.059 3.276 3.481 3.672 3.851 4.017 4.169 4.309 4.436 4.680 5.720 6.711 7.654 8.549 9.396 10.194 10.944
13.924 14.908 15.899 16.894 17.894 18.900 19.323 18.331 17.330 16.321 15.304 14.278 13.243 12.199 11.147 10.087 9.017 7.939 7.353 7.405 7.446 7.476 7.494 7.501 7.497 7.481 7.454 7.416 7.367 7.306 7.082 6.735 6.373 5.999 5.808 5.725 5.749 5.879 6.114 6.456 6.904 7.458 7.698 7.705 7.615 7.429 7.147 6.768 6.292 5.720 5.051 4.286 3.424 2.466 2.504 2.703 2.889 3.062 3.222 3.368 3.502 3.623 3.731 3.826 3.908 3.977 4.851 5.677 6.454 7.183 7.864 8.496 9.081
14.626 15.629 16.637 17.651 18.669 19.693 20.435 19.413 18.382 17.343 16.295 15.239 14.174 13.100 12.018 10.927 9.827 8.719 7.928 7.941 7.942 7.933 7.912 7.880 7.837 7.782 7.715 7.589 7.434 7.248 7.036 6.895 6.861 6.933 7.110 7.394 7.783 8.279 8.880 9.587 10.400 11.320 11.599 11.272 10.849 10.330 9.713 9.001 8.191 7.286 6.284 5.185 3.990 2.698 2.437 2.591 2.732 2.860 2.975 3.077 3.167 3.243 3.306 3.356 3.394 3.418 4.029 4.689 5.301 5.864 6.379 6.846 7.265
