DATA/SHG/ECMWF/20170628/EN-9/20170708.en-9.asc
ncols        190
nrows        64
xllcorner    -5100000.000000000000
yllcorner    4130000.000000000000
cellsize     10000.000000000000
NODATA_value  -99999.000
[rows 0 to 32 of 64, columns 76 to 151 of 190]
7.208 7.227 7.243 7.256 7.268 7.234 7.057 6.874 6.711 6.568 6.447 6.345 6.265 6.204 6.165 6.145 6.147 6.191 6.293 6.363 6.413 6.443 6.452 6.441 6.410 6.359 6.288 6.196 6.084 6.018 6.164 6.314 6.469 6.628 6.792 6.959 7.132 7.308 7.489 7.675 7.865 7.872 7.302 6.733 6.164 5.596 5.027 4.459 3.891 3.324 2.757 2.190 1.623 1.214 1.267 1.313 1.353 1.388 1.416 1.439 1.456 1.466 1.471 1.470 1.463 1.431 1.348 1.273 1.207 1.150 1.101 1.061 1.029 1.006 0.991 0.985
7.504 7.422 7.351 7.292 7.244 7.187 7.055 6.944 6.853 6.782 6.732 6.703 6.693 6.705 6.737 6.789 6.862 6.948 6.959 6.939 6.898 6.837 6.756 6.655 6.533 6.391 6.229 6.047 5.844 5.667 5.832 6.002 6.177 6.355 6.539 6.726 6.918 7.115 7.316 7.521 7.731 7.845 7.277 6.709 6.141 5.574 5.006 4.439 3.873 3.306 2.740 2.174 1.609 1.126 1.152 1.172 1.186 1.194 1.196 1.193 1.183 1.168 1.146 1.119 1.086 1.045 1.000 0.964 0.936 0.917 0.906 0.904 0.910 0.925 0.962 1.021
7.194 7.152 7.122 7.103 7.095 7.096 7.035 6.995 6.976 6.977 6.999 7.040 7.103 7.186 7.289 7.413 7.557 7.722 7.648 7.537 7.405 7.254 7.082 6.890 6.678 6.446 6.193 5.920 5.627 5.314 5.496 5.686 5.880 6.078 6.281 6.489 6.701 6.917 7.137 7.362 7.592 7.819 7.252 6.685 6.118 5.551 4.985 4.419 3.854 3.289 2.724 2.159 1.594 1.044 1.044 1.037 1.025 1.007 0.983 0.953 0.917 0.875 0.828 0.774 0.715 0.673 0.708 0.749 0.795 0.845 0.901 0.962 1.028 1.100 1.176 1.258
6.874 6.872 6.882 6.904 6.937 6.981 6.996 7.028 7.080 7.153 7.246 7.359 7.493 7.648 7.822 8.018 8.233 8.469 8.358 8.157 7.935 7.693 7.430 7.148 6.845 6.523 6.180 5.816 5.433 5.029 5.155 5.364 5.578 5.797 6.020 6.247 6.478 6.714 6.955 7.199 7.449 7.702 7.226 6.660 6.094 5.529 4.964 4.399 3.835 3.271 2.707 2.143 1.580 1.017 0.942 0.909 0.881 0.860 0.840 0.818 0.797 0.775 0.752 0.729 0.705 0.681 0.734 0.797 0.866 0.939 1.018 1.102 1.191 1.285 1.385 1.489
6.543 6.582 6.632 6.694 6.768 6.852 6.939 7.042 7.166 7.310 7.474 7.659 7.864 8.090 8.336 8.603 8.890 9.197 9.091 8.799 8.486 8.154 7.801 7.428 7.035 6.622 6.189 5.735 5.261 4.768 4.810 5.039 5.273 5.511 5.753 6.000 6.252 6.507 6.767 7.032 7.301 7.574 7.200 6.635 6.071 5.507 4.943 4.375 3.810 3.250 2.698 2.151 1.612 1.078 0.953 0.932 0.910 0.888 0.865 0.841 0.818 0.793 0.769 0.744 0.718 0.692 0.754 0.840 0.932 1.028 1.130 1.237 1.349 1.466 1.588 1.715
6.202 6.281 6.372 6.474 6.588 6.713 6.862 7.037 7.232 7.448 7.683 7.940 8.216 8.514 8.831 9.169 9.527 9.906 9.845 9.462 9.060 8.637 8.194 7.730 7.247 6.744 6.220 5.676 5.112 4.528 4.460 4.709 4.962 5.220 5.483 5.749 6.020 6.296 6.570 6.837 7.099 7.357 7.069 6.499 5.936 5.380 4.830 4.287 3.750 3.219 2.695 2.178 1.667 1.162 0.987 0.964 0.940 0.915 0.890 0.865 0.839 0.813 0.786 0.759 0.731 0.703 0.769 0.878 0.993 1.112 1.237 1.366 1.501 1.641 1.786 1.936
5.851 5.971 6.102 6.244 6.398 6.563 6.767 7.013 7.280 7.567 7.874 8.202 8.550 8.918 9.307 9.716 10.145 10.595 10.621 10.148 9.655 9.142 8.608 8.055 7.481 6.888 6.274 5.640 4.986 4.326 4.149 4.432 4.711 4.985 5.255 5.520 5.780 6.036 6.287 6.534 6.776 7.014 6.829 6.289 5.755 5.227 4.706 4.191 3.683 3.182 2.686 2.198 1.715 1.240 1.021 0.996 0.970 0.943 0.916 0.889 0.861 0.833 0.804 0.775 0.745 0.715 0.779 0.911 1.048 1.191 1.338 1.490 1.648 1.811 1.979 2.152
5.490 5.649 5.821 6.003 6.198 6.403 6.654 6.971 7.309 7.667 8.045 8.444 8.863 9.303 9.763 10.243 10.744 11.265 11.418 10.855 10.206 9.532 8.863 8.199 7.539 6.885 6.236 5.592 4.953 4.319 4.034 4.297 4.555 4.809 5.058 5.303 5.543 5.779 6.010 6.237 6.459 6.676 6.584 6.072 5.567 5.068 4.576 4.090 3.610 3.137 2.671 2.211 1.757 1.310 1.056 1.028 1.000 0.972 0.943 0.913 0.883 0.853 0.822 0.791 0.759 0.727 0.784 0.939 1.099 1.264 1.434 1.609 1.790 1.975 2.166 2.362
5.118 5.318 5.530 5.752 5.987 6.233 6.521 6.910 7.319 7.748 8.198 8.668 9.143 9.561 9.971 10.375 10.772 11.162 11.312 10.650 9.993 9.341 8.694 8.052 7.415 6.783 6.157 5.535 4.918 4.307 3.924 4.167 4.405 4.638 4.867 5.092 5.312 5.527 5.738 5.945 6.146 6.344 6.332 5.849 5.372 4.902 4.439 3.982 3.531 3.087 2.649 2.218 1.793 1.374 1.091 1.061 1.031 1.001 0.970 0.938 0.906 0.874 0.841 0.808 0.774 0.740 0.784 0.961 1.144 1.332 1.525 1.723 1.926 2.135 2.348 2.567
4.736 4.976 5.228 5.491 5.766 6.059 6.380 6.815 7.244 7.665 8.080 8.487 8.888 9.281 9.668 10.047 10.420 10.785 11.048 10.409 9.774 9.144 8.520 7.900 7.286 6.676 6.072 5.472 4.878 4.289 3.819 4.041 4.259 4.473 4.682 4.886 5.086 5.281 5.472 5.658 5.839 6.016 6.074 5.619 5.172 4.730 4.295 3.867 3.445 3.029 2.620 2.217 1.821 1.432 1.127 1.095 1.063 1.030 0.997 0.963 0.930 0.895 0.860 0.825 0.789 0.753 0.778 0.979 1.184 1.395 1.611 1.831 2.057 2.289 2.525 2.766
4.575 4.900 5.209 5.501 5.776 6.034 6.278 6.689 7.093 7.490 7.880 8.264 8.640 9.009 9.371 9.726 10.075 10.416 10.757 10.162 9.550 8.943 8.340 7.743 7.151 6.564 5.982 5.405 4.832 4.265 3.719 3.921 4.119 4.312 4.501 4.685 4.865 5.040 5.210 5.376 5.538 5.694 5.809 5.383 4.964 4.552 4.145 3.745 3.352 2.965 2.585 2.211 1.843 1.482 1.162 1.129 1.094 1.060 1.025 0.989 0.953 0.917 0.880 0.842 0.805 0.766 0.767 0.991 1.219 1.452 1.691 1.935 2.183 2.437 2.683 2.912
4.862 5.128 5.378 5.611 5.827 6.025 6.207 6.569 6.949 7.322 7.687 8.046 8.398 8.743 9.081 9.412 9.736 10.053 10.369 9.911 9.321 8.736 8.156 7.581 7.011 6.446 5.886 5.331 4.782 4.237 3.697 3.806 3.984 4.157 4.325 4.489 4.649 4.804 4.954 5.100 5.241 5.378 5.510 5.141 4.750 4.366 3.989 3.618 3.253 2.895 2.543 2.198 1.859 1.526 1.200 1.163 1.127 1.090 1.053 1.015 0.977 0.939 0.900 0.860 0.821 0.785 0.768 1.013 1.253 1.489 1.720 1.947 2.169 2.386 2.599 2.807
5.164 5.372 5.562 5.736 5.892 6.032 6.155 6.455 6.811 7.159 7.501 7.836 8.163 8.484 8.798 9.104 9.404 9.697 9.989 9.654 9.086 8.524 7.966 7.413 6.866 6.323 5.785 5.253 4.725 4.203 3.685 3.696 3.854 4.007 4.155 4.299 4.438 4.573 4.703 4.829 4.950 5.066 5.178 4.892 4.530 4.175 3.826 3.483 3.147 2.818 2.494 2.178 1.867 1.563 1.266 1.198 1.162 1.128 1.096 1.065 1.034 1.004 0.976 0.948 0.920 0.894 0.869 1.076 1.296 1.512 1.723 1.929 2.131 2.328 2.520 2.708
5.482 5.630 5.762 5.876 5.974 6.054 6.118 6.348 6.679 7.004 7.321 7.632 7.935 8.231 8.521 8.803 9.079 9.347 9.615 9.392 8.847 8.306 7.771 7.240 6.715 6.195 5.679 5.169 4.664 4.163 3.668 3.592 3.729 3.861 3.990 4.113 4.232 4.347 4.457 4.563 4.664 4.760 4.852 4.637 4.304 3.977 3.656 3.345 3.041 2.744 2.453 2.168 1.890 1.617 1.351 1.266 1.235 1.206 1.178 1.150 1.123 1.097 1.072 1.048 1.025 1.002 0.981 1.144 1.344 1.539 1.729 1.915 2.097 2.273 2.445 2.613
5.815 5.904 5.977 6.032 6.071 6.092 6.097 6.248 6.555 6.855 7.148 7.434 7.713 7.985 8.251 8.509 8.760 9.004 9.248 9.125 8.602 8.084 7.570 7.062 6.559 6.061 5.568 5.080 4.597 4.119 3.646 3.492 3.609 3.721 3.830 3.933 4.032 4.127 4.227 4.328 4.417 4.495 4.560 4.402 4.102 3.807 3.519 3.237 2.961 2.691 2.427 2.170 1.918 1.673 1.434 1.335 1.308 1.283 1.258 1.234 1.211 1.189 1.168 1.147 1.128 1.109 1.091 1.217 1.396 1.571 1.741 1.906 2.067 2.224 2.375 2.522
6.163 6.194 6.207 6.203 6.183 6.146 6.091 6.153 6.436 6.712 6.981 7.243 7.498 7.746 7.987 8.221 8.448 8.668 8.887 8.853 8.352 7.856 7.365 6.879 6.398 5.922 5.451 4.985 4.525 4.091 3.688 3.515 3.646 3.765 3.872 3.968 4.052 4.124 4.184 4.233 4.270 4.295 4.309 4.179 3.906 3.639 3.378 3.123 2.874 2.632 2.395 2.165 1.941 1.723 1.511 1.403 1.380 1.358 1.337 1.317 1.298 1.280 1.262 1.246 1.230 1.215 1.201 1.293 1.452 1.607 1.756 1.902 2.042 2.178 2.310 2.437
6.527 6.498 6.453 6.390 6.311 6.215 6.101 6.066 6.324 6.576 6.821 7.058 7.289 7.513 7.730 7.940 8.143 8.339 8.533 8.575 8.101 7.641 7.194 6.759 6.336 5.926 5.529 5.144 4.771 4.411 4.064 3.850 3.929 3.996 4.051 4.095 4.126 4.146 4.154 4.151 4.136 4.109 4.070 3.950 3.704 3.464 3.230 3.003 2.781 2.566 2.357 2.154 1.957 1.766 1.582 1.470 1.451 1.433 1.416 1.400 1.384 1.370 1.356 1.343 1.331 1.320 1.310 1.375 1.513 1.647 1.777 1.902 2.022 2.138 2.249 2.355
6.906 6.818 6.714 6.592 6.454 6.299 6.127 5.985 6.219 6.446 6.667 6.881 7.084 7.255 7.429 7.609 7.792 7.981 8.180 8.324 7.907 7.503 7.111 6.731 6.365 6.010 5.668 5.339 5.022 4.717 4.425 4.198 4.225 4.239 4.242 4.234 4.213 4.181 4.137 4.082 4.014 3.935 3.844 3.714 3.496 3.283 3.076 2.876 2.682 2.494 2.312 2.136 1.967 1.803 1.646 1.536 1.521 1.507 1.493 1.481 1.469 1.459 1.449 1.440 1.432 1.424 1.418 1.460 1.578 1.692 1.801 1.906 2.006 2.101 2.192 2.279
7.300 7.154 6.990 6.810 6.613 6.384 6.081 5.778 5.931 6.099 6.272 6.449 6.630 6.817 7.007 7.203 7.403 7.607 7.822 8.047 7.700 7.351 7.014 6.690 6.379 6.080 5.794 5.520 5.258 5.009 4.773 4.559 4.533 4.495 4.446 4.385 4.313 4.229 4.133 4.025 3.905 3.774 3.631 3.473 3.281 3.096 2.917 2.743 2.577 2.416 2.261 2.113 1.970 1.834 1.704 1.601 1.590 1.579 1.570 1.561 1.553 1.547 1.540 1.535 1.531 1.527 1.525 1.550 1.648 1.742 1.831 1.915 1.995 2.070 2.140 2.206
7.413 7.107 6.803 6.500 6.198 5.898 5.599 5.302 5.410 5.594 5.782 5.975 6.173 6.375 6.582 6.793 7.009 7.230 7.461 7.702 7.478 7.185 6.904 6.636 6.380 6.136 5.905 5.687 5.481 5.287 5.106 4.938 4.853 4.764 4.663 4.550 4.425 4.289 4.140 3.981 3.809 3.626 3.431 3.225 3.061 2.902 2.750 2.605 2.465 2.331 2.204 2.082 1.967 1.858 1.755 1.665 1.658 1.651 1.645 1.641 1.637 1.633 1.631 1.630 1.629 1.629 1.630 1.645 1.722 1.796 1.864 1.928 1.988 2.043 2.093 2.139
6.901 6.601 6.301 6.003 5.707 5.411 5.118 4.825 4.884 5.084 5.289 5.498 5.712 5.930 6.153 6.380 6.612 6.849 7.096 7.353 7.243 7.005 6.780 6.567 6.367 6.179 6.003 5.840 5.689 5.551 5.426 5.312 5.186 5.045 4.891 4.726 4.550 4.361 4.161 3.949 3.726 3.491 3.244 2.985 2.834 2.703 2.578 2.459 2.347 2.240 2.140 2.046 1.958 1.876 1.800 1.731 1.725 1.722 1.720 1.719 1.719 1.719 1.721 1.723 1.726 1.730 1.740 1.760 1.826 1.884 1.936 1.980 2.017 2.046 2.069 2.084
6.389 6.093 5.799 5.506 5.214 4.924 4.635 4.348 4.355 4.571 4.792 5.017 5.247 5.481 5.720 5.963 6.211 6.464 6.727 7.000 6.995 6.812 6.642 6.485 6.340 6.207 6.087 5.979 5.884 5.801 5.731 5.673 5.531 5.338 5.132 4.915 4.687 4.446 4.194 3.930 3.655 3.368 3.069 2.758 2.601 2.497 2.400 2.308 2.223 2.143 2.070 2.003 1.942 1.888 1.839 1.796 1.791 1.793 1.800 1.808 1.820 1.834 1.850 1.869 1.890 1.914 1.941 1.969 2.003 2.029 2.048 2.060 2.065 2.062 2.052 2.035
5.877 5.586 5.296 5.008 4.721 4.436 4.152 3.870 3.823 4.055 4.292 4.533 4.779 5.029 5.284 5.543 5.807 6.076 6.355 6.644 6.732 6.605 6.491 6.389 6.299 6.222 6.157 6.104 6.064 6.037 6.022 6.019 5.889 5.643 5.386 5.117 4.836 4.544 4.240 3.924 3.597 3.258 2.907 2.545 2.362 2.285 2.215 2.150 2.107 2.084 2.059 2.030 1.997 1.961 1.922 1.879 1.876 1.891 1.909 1.929 1.951 1.976 2.004 2.034 2.066 2.101 2.138 2.178 2.186 2.181 2.168 2.148 2.120 2.085 2.043 1.994
5.363 5.077 4.793 4.509 4.228 3.947 3.668 3.391 3.287 3.535 3.788 4.045 4.307 4.573 4.844 5.119 5.399 5.684 5.979 6.285 6.457 6.385 6.326 6.279 6.244 6.222 6.213 6.216 6.231 6.259 6.299 6.352 6.259 5.961 5.652 5.331 4.998 4.654 4.298 3.932 3.574 3.229 2.896 2.576 2.419 2.395 2.368 2.337 2.303 2.266 2.225 2.181 2.133 2.082 2.027 1.969 1.961 1.987 2.016 2.047 2.080 2.116 2.155 2.196 2.239 2.285 2.334 2.385 2.377 2.339 2.294 2.242 2.182 2.116 2.041 1.960
4.849 4.568 4.289 4.010 3.734 3.458 3.184 2.912 2.747 3.012 3.280 3.553 3.831 4.113 4.400 4.692 4.988 5.288 5.600 5.921 6.167 6.151 6.147 6.155 6.176 6.209 6.255 6.313 6.384 6.467 6.533 6.558 6.447 6.057 5.680 5.315 4.962 4.622 4.295 3.980 3.677 3.387 3.110 2.845 2.680 2.641 2.598 2.553 2.503 2.451 2.394 2.335 2.272 2.205 2.136 2.062 2.043 2.080 2.120 2.162 2.206 2.253 2.303 2.355 2.409 2.466 2.526 2.588 2.575 2.505 2.428 2.343 2.252 2.153 2.047 1.933
4.335 4.059 3.784 3.511 3.239 2.968 2.699 2.432 2.204 2.485 2.769 3.058 3.352 3.650 3.953 4.260 4.572 4.889 5.216 5.554 5.864 5.895 5.919 5.943 5.967 5.991 6.016 6.041 6.065 6.090 6.116 6.141 6.094 5.759 5.437 5.127 4.830 4.545 4.273 4.014 3.766 3.532 3.309 3.100 2.944 2.890 2.832 2.771 2.707 2.639 2.567 2.493 2.414 2.333 2.248 2.159 2.122 2.170 2.221 2.274 2.329 2.388 2.448 2.511 2.577 2.645 2.716 2.789 2.779 2.677 2.568 2.452 2.328 2.197 2.059 1.913
3.820 3.549 3.279 3.011 2.744 2.478 2.214 1.951 1.690 1.954 2.255 2.560 2.869 3.190 3.544 3.885 4.214 4.530 4.840 5.145 5.439 5.470 5.495 5.520 5.545 5.570 5.595 5.621 5.646 5.672 5.698 5.725 5.727 5.448 5.181 4.927 4.685 4.455 4.239 4.034 3.842 3.663 3.496 3.341 3.212 3.142 3.069 2.993 2.913 2.830 2.744 2.654 2.560 2.463 2.363 2.259 2.199 2.258 2.319 2.384 2.450 2.519 2.591 2.665 2.742 2.821 2.902 2.986 2.991 2.857 2.716 2.567 2.411 2.248 2.078 1.901
3.304 3.038 2.773 2.510 2.248 1.987 1.744 1.570 1.406 1.680 2.041 2.389 2.725 3.047 3.358 3.655 3.940 4.212 4.477 4.737 4.987 5.045 5.071 5.096 5.122 5.148 5.175 5.201 5.228 5.254 5.281 5.309 5.336 5.123 4.912 4.713 4.526 4.352 4.191 4.041 3.905 3.780 3.669 3.569 3.483 3.398 3.310 3.218 3.123 3.025 2.923 2.818 2.709 2.597 2.482 2.363 2.272 2.343 2.415 2.490 2.568 2.648 2.731 2.816 2.904 2.994 3.086 3.182 3.209 3.043 2.870 2.689 2.502 2.307 2.104 1.895
2.852 2.650 2.460 2.279 2.110 1.951 1.803 1.666 1.540 1.726 2.043 2.347 2.638 2.917 3.183 3.436 3.677 3.905 4.125 4.341 4.547 4.620 4.647 4.673 4.700 4.727 4.754 4.782 4.809 4.837 4.865 4.893 4.921 4.786 4.630 4.486 4.355 4.236 4.129 4.035 3.954 3.885 3.828 3.784 3.752 3.657 3.554 3.447 3.337 3.223 3.106 2.986 2.862 2.735 2.604 2.470 2.344 2.425 2.509 2.595 2.683 2.775 2.868 2.964 3.063 3.164 3.268 3.374 3.435 3.237 3.031 2.819 2.599 2.372 2.138 1.896
2.678 2.514 2.360 2.217 2.085 1.963 1.852 1.752 1.663 1.783 2.056 2.316 2.563 2.798 3.020 3.229 3.426 3.610 3.786 3.957 4.118 4.196 4.223 4.251 4.279 4.306 4.334 4.363 4.391 4.420 4.448 4.477 4.506 4.435 4.334 4.246 4.170 4.106 4.055 4.016 3.989 3.976 3.974 3.985 4.009 3.919 3.801 3.679 3.553 3.425 3.293 3.157 3.018 2.876 2.730 2.581 2.428 2.504 2.599 2.696 2.796 2.898 3.003 3.110 3.220 3.332 3.447 3.564 3.665 3.438 3.216 2.998 2.786 2.578 2.375 2.176
2.494 2.367 2.251 2.145 2.050 1.965 1.892 1.829 1.776 1.852 2.081 2.297 2.500 2.691 2.869 3.034 3.186 3.326 3.458 3.585 3.702 3.772 3.800 3.829 3.857 3.886 3.915 3.944 3.973 4.003 4.032 4.062 4.092 4.072 4.026 3.992 3.971 3.963 3.967 3.983 4.012 4.053 4.107 4.173 4.251 4.185 4.051 3.914 3.773 3.630 3.482 3.331 3.177 3.020 2.859 2.695 2.527 2.581 2.687 2.807 2.946 3.078 3.205 3.325 3.439 3.546 3.648 3.743 3.832 3.645 3.443 3.247 3.055 2.869 2.687 2.510
2.301 2.211 2.131 2.063 2.005 1.957 1.921 1.895 1.880 1.933 2.117 2.289 2.448 2.595 2.729 2.850 2.959 3.054 3.142 3.225 3.297 3.348 3.378 3.407 3.436 3.466 3.496 3.526 3.556 3.586 3.617 3.647 3.678 3.695 3.704 3.726 3.760 3.807 3.866 3.937 4.021 4.117 4.226 4.347 4.481 4.453 4.305 4.152 3.997 3.838 3.683 3.548 3.415 3.286 3.159 3.035 2.914 2.971 3.094 3.212 3.323 3.428 3.527 3.619 3.706 3.786 3.859 3.927 3.988 3.846 3.666 3.491 3.320 3.155 2.994 2.838
2.097 2.045 2.002 1.971 1.950 1.940 1.940 1.952 1.973 2.024 2.165 2.293 2.408 2.511 2.601 2.678 2.743 2.794 2.838 2.876 2.904 2.925 2.955 2.985 3.016 3.046 3.077 3.108 3.139 3.170 3.201 3.233 3.265 3.305 3.369 3.446 3.535 3.637 3.751 3.878 4.017 4.177 4.366 4.553 4.738 4.770 4.633 4.499 4.368 4.240 4.114 3.991 3.872 3.754 3.640 3.529 3.421 3.437 3.533 3.623 3.706 3.784 3.855 3.920 3.978 4.031 4.077 4.117 4.151 4.043 3.884 3.730 3.580 3.436 3.296 3.161
