DATA/SHG/ECMWF/20170628/EN-9/20170702.en-9.asc
ncols        190
nrows        64
xllcorner    -5100000.000000000000
yllcorner    4130000.000000000000
cellsize     10000.000000000000
NODATA_value  -99999.000
[rows 0 to 31 of 64, columns 0 to 70 of 190]
3.165 3.413 3.665 3.921 4.181 4.446 4.715 4.989 5.266 5.521 5.756 5.978 6.188 6.385 6.570 6.742 6.901 7.048 7.182 7.378 7.596 8.092 8.690 9.257 9.793 10.298 10.771 11.214 11.625 12.006 12.355 12.673 12.961 12.950 12.762 12.574 12.388 12.202 12.018 11.834 11.650 11.468 11.287 11.106 10.927 10.572 10.076 9.597 9.135 8.691 8.265 7.856 7.464 7.089 6.732 6.392 6.070 5.774 5.498 5.228 4.963 4.703 4.449 4.201 3.958 3.720 3.489 3.262 3.042 3.033 3.353
3.318 3.581 3.848 4.119 4.395 4.675 4.959 5.248 5.540 5.778 5.969 6.147 6.363 6.581 6.799 7.018 7.236 7.455 7.674 7.893 8.113 8.489 8.978 9.435 9.861 10.256 10.621 10.954 11.256 11.527 11.767 11.976 12.153 12.150 11.965 11.780 11.597 11.414 11.233 11.052 10.872 10.693 10.515 10.337 10.161 9.878 9.443 9.026 8.625 8.242 7.877 7.529 7.198 6.885 6.588 6.310 6.048 5.797 5.540 5.289 5.044 4.803 4.569 4.340 4.116 3.898 3.686 3.479 3.277 3.200 3.475
3.466 3.744 4.026 4.313 4.616 4.966 5.306 5.634 5.951 6.219 6.437 6.655 6.873 7.092 7.311 7.530 7.749 7.969 8.188 8.408 8.628 8.918 9.297 9.645 9.962 10.248 10.502 10.726 10.919 11.081 11.211 11.311 11.379 11.350 11.168 10.987 10.806 10.627 10.448 10.271 10.094 9.918 9.743 9.568 9.395 9.168 8.795 8.438 8.099 7.777 7.473 7.185 6.916 6.663 6.428 6.210 6.010 5.815 5.577 5.346 5.119 4.898 4.683 4.473 4.269 4.070 3.877 3.689 3.444 3.242 3.421
3.937 4.292 4.637 4.970 5.292 5.604 5.904 6.194 6.472 6.726 6.945 7.164 7.383 7.602 7.821 8.041 8.261 8.481 8.701 8.922 9.142 9.380 9.649 9.887 10.095 10.271 10.417 10.531 10.615 10.667 10.689 10.679 10.639 10.550 10.371 10.193 10.016 9.840 9.664 9.490 9.316 9.143 8.971 8.800 8.629 8.443 8.130 7.834 7.556 7.295 7.052 6.825 6.617 6.425 6.251 6.094 5.954 5.827 5.609 5.396 5.186 4.936 4.687 4.436 4.186 3.934 3.683 3.431 3.178 2.926 3.099
4.780 5.096 5.401 5.696 5.980 6.252 6.514 6.765 7.004 7.232 7.452 7.671 7.891 8.111 8.331 8.551 8.772 8.992 9.213 9.434 9.655 9.873 10.033 10.162 10.260 10.327 10.364 10.369 10.343 10.287 10.199 10.080 9.931 9.751 9.575 9.400 9.226 9.053 8.881 8.709 8.539 8.369 8.200 8.032 7.864 7.698 7.449 7.214 6.997 6.797 6.614 6.449 6.301 6.167 6.033 5.906 5.786 5.672 5.434 5.184 4.934 4.683 4.431 4.180 3.927 3.675 3.422 3.168 2.914 2.660 2.777
5.633 5.910 6.177 6.433 6.678 6.911 7.134 7.346 7.547 7.738 7.958 8.178 8.398 8.619 8.839 9.060 9.281 9.503 9.724 9.946 10.168 10.390 10.449 10.469 10.458 10.416 10.343 10.239 10.104 9.939 9.742 9.515 9.256 8.967 8.780 8.608 8.437 8.267 8.097 7.929 7.761 7.595 7.429 7.264 7.100 6.936 6.761 6.604 6.454 6.311 6.174 6.044 5.920 5.803 5.692 5.588 5.491 5.400 5.186 4.934 4.682 4.430 4.177 3.924 3.670 3.416 3.161 2.906 2.651 2.395 2.455
6.496 6.735 6.963 7.180 7.386 7.582 7.766 7.939 8.101 8.253 8.463 8.683 8.904 9.126 9.347 9.568 9.790 10.012 10.234 10.456 10.679 10.901 10.896 10.807 10.687 10.536 10.355 10.142 9.898 9.624 9.318 8.982 8.614 8.216 7.984 7.815 7.648 7.481 7.314 7.171 7.041 6.911 6.778 6.643 6.506 6.368 6.229 6.095 5.969 5.848 5.735 5.627 5.527 5.433 5.345 5.264 5.190 5.122 4.938 4.685 4.431 4.178 3.923 3.668 3.413 3.158 2.902 2.645 2.388 2.131 2.133
7.371 7.571 7.760 7.939 8.106 8.263 8.408 8.543 8.666 8.779 8.967 9.188 9.410 9.631 9.853 10.075 10.298 10.520 10.743 10.966 11.189 11.412 11.376 11.178 10.949 10.689 10.399 10.077 9.724 9.341 8.927 8.482 8.016 7.563 7.311 7.185 7.057 6.927 6.795 6.661 6.526 6.388 6.249 6.108 5.965 5.820 5.691 5.581 5.477 5.380 5.289 5.205 5.128 5.057 4.992 4.935 4.883 4.839 4.691 4.437 4.182 3.926 3.670 3.414 3.158 2.900 2.643 2.385 2.127 1.868 1.811
8.256 8.418 8.568 8.708 8.837 8.954 9.061 9.157 9.242 9.317 9.469 9.691 9.914 10.136 10.359 10.581 10.804 11.027 11.251 11.474 11.698 11.922 11.888 11.581 11.243 10.740 10.240 9.753 9.280 8.819 8.373 7.939 7.519 7.112 6.837 6.705 6.570 6.434 6.295 6.155 6.013 5.869 5.723 5.576 5.426 5.275 5.147 5.060 4.980 4.906 4.838 4.777 4.723 4.675 4.634 4.599 4.571 4.549 4.445 4.189 3.933 3.676 3.419 3.161 2.903 2.644 2.385 2.126 1.866 1.606 1.489
9.152 9.275 9.387 9.488 9.578 9.657 9.725 9.783 9.829 9.865 9.971 10.194 10.417 10.640 10.863 11.086 11.310 11.509 11.531 11.542 11.544 11.534 11.341 10.848 10.368 9.902 9.448 9.008 8.582 8.168 7.768 7.382 7.008 6.648 6.366 6.227 6.086 5.943 5.798 5.651 5.503 5.352 5.200 5.046 4.890 4.732 4.598 4.534 4.476 4.425 4.381 4.343 4.312 4.287 4.269 4.257 4.252 4.254 4.200 3.942 3.685 3.426 3.167 2.908 2.649 2.389 2.128 1.867 1.606 1.344 1.166
10.058 10.143 10.216 10.278 10.330 10.371 10.400 10.419 10.427 10.424 10.421 10.479 10.527 10.564 10.591 10.608 10.614 10.610 10.595 10.571 10.536 10.490 10.350 9.903 9.470 9.051 8.644 8.251 7.871 7.504 7.151 6.811 6.484 6.171 5.897 5.751 5.604 5.455 5.303 5.150 4.995 4.838 4.680 4.519 4.357 4.193 4.043 4.002 3.967 3.940 3.918 3.903 3.895 3.893 3.898 3.910 3.928 3.952 3.956 3.697 3.437 3.177 2.917 2.656 2.395 2.134 1.872 1.610 1.347 1.084 0.844
10.976 11.021 11.056 10.974 10.794 10.617 10.442 10.270 10.100 9.933 9.788 9.809 9.821 9.822 9.813 9.793 9.763 9.723 9.672 9.611 9.540 9.458 9.345 8.946 8.560 8.187 7.827 7.481 7.148 6.828 6.521 6.228 5.948 5.681 5.431 5.279 5.125 4.969 4.811 4.652 4.490 4.327 4.162 3.995 3.826 3.656 3.483 3.464 3.453 3.448 3.450 3.458 3.473 3.494 3.522 3.556 3.597 3.644 3.698 3.452 3.191 2.929 2.668 2.406 2.143 1.880 1.617 1.423 1.290 1.170 1.061
10.846 10.668 10.493 10.319 10.148 9.980 9.814 9.650 9.489 9.330 9.173 9.152 9.127 9.092 9.046 8.991 8.925 8.848 8.761 8.664 8.557 8.439 8.311 7.976 7.637 7.311 6.998 6.698 6.412 6.139 5.879 5.632 5.399 5.179 4.972 4.809 4.648 4.486 4.322 4.156 3.988 3.818 3.647 3.473 3.298 3.121 2.942 2.921 2.932 2.950 2.975 3.006 3.044 3.088 3.139 3.197 3.261 3.331 3.408 3.207 3.001 2.827 2.665 2.515 2.376 2.250 2.135 2.032 1.941 1.861 1.794
10.165 9.995 9.828 9.663 9.501 9.341 9.183 9.028 8.875 8.725 8.577 8.507 8.446 8.374 8.293 8.201 8.098 7.986 7.863 7.730 7.586 7.432 7.268 6.994 6.701 6.422 6.156 5.903 5.663 5.436 5.223 5.023 4.837 4.663 4.503 4.341 4.175 4.006 3.835 3.663 3.488 3.312 3.134 2.955 2.773 2.589 2.404 2.371 2.406 2.447 2.495 2.549 2.610 2.766 2.931 3.089 3.240 3.383 3.519 3.454 3.310 3.177 3.056 2.947 2.850 2.765 2.691 2.629 2.579 2.541 2.514
9.482 9.321 9.162 9.006 8.852 8.701 8.552 8.405 8.261 8.119 7.979 7.873 7.776 7.669 7.551 7.423 7.284 7.136 6.977 6.807 6.628 6.438 6.237 5.999 5.753 5.520 5.301 5.095 4.902 4.722 4.555 4.402 4.262 4.135 4.022 3.877 3.703 3.528 3.351 3.172 2.991 2.809 2.624 2.438 2.250 2.060 2.015 2.110 2.294 2.471 2.640 2.802 2.956 3.103 3.242 3.374 3.499 3.616 3.725 3.711 3.607 3.516 3.436 3.368 3.312 3.268 3.235 3.214 3.205 3.208 3.222
8.797 8.645 8.495 8.347 8.202 8.059 7.918 7.780 7.644 7.511 7.379 7.252 7.119 6.975 6.821 6.657 6.482 6.298 6.103 5.897 5.681 5.456 5.219 4.992 4.793 4.606 4.434 4.274 4.128 3.994 3.874 3.768 3.674 3.594 3.527 3.414 3.235 3.053 2.880 2.777 2.691 2.622 2.569 2.533 2.514 2.511 2.525 2.611 2.769 2.919 3.062 3.198 3.326 3.447 3.560 3.666 3.764 3.855 3.939 3.955 3.893 3.843 3.804 3.777 3.762 3.759 3.767 3.787 3.819 3.863 3.918
8.111 7.967 7.825 7.686 7.549 7.415 7.283 7.153 7.026 6.901 6.778 6.643 6.473 6.294 6.104 5.903 5.693 5.472 5.241 4.999 4.748 4.486 4.213 3.972 3.820 3.680 3.554 3.441 3.341 3.254 3.181 3.144 3.162 3.173 3.175 3.140 3.046 2.968 2.907 2.863 2.835 2.824 2.829 2.851 2.890 2.945 3.017 3.118 3.250 3.374 3.491 3.601 3.703 3.798 3.885 3.964 4.037 4.102 4.159 4.188 4.167 4.158 4.160 4.174 4.200 4.238 4.287 4.348 4.421 4.506 4.602
7.423 7.288 7.155 7.024 6.895 6.769 6.646 6.525 6.406 6.289 6.175 6.046 5.840 5.624 5.398 5.162 4.915 4.658 4.391 4.114 3.826 3.528 3.220 2.940 2.906 2.950 2.986 3.016 3.037 3.051 3.058 3.057 3.048 3.032 3.008 2.975 2.939 2.920 2.917 2.931 2.961 3.008 3.072 3.152 3.249 3.362 3.492 3.632 3.738 3.836 3.927 4.011 4.087 4.155 4.216 4.270 4.316 4.355 4.386 4.409 4.429 4.461 4.504 4.559 4.626 4.705 4.795 4.897 5.011 5.137 5.274
6.734 6.607 6.482 6.360 6.240 6.122 6.007 5.895 5.784 5.676 5.571 5.460 5.219 4.967 4.705 4.433 4.150 3.926 3.746 3.575 3.413 3.260 3.115 2.986 3.011 3.029 3.039 3.042 3.037 3.024 3.004 2.977 2.942 2.899 2.849 2.794 2.816 2.855 2.910 2.982 3.071 3.176 3.298 3.436 3.591 3.762 3.950 4.153 4.233 4.305 4.370 4.427 4.477 4.520 4.555 4.582 4.603 4.615 4.621 4.619 4.680 4.752 4.837 4.933 5.040 5.160 5.291 5.434 5.589 5.756 5.934
6.043 5.924 5.808 5.694 5.583 5.474 5.367 5.263 5.161 5.061 5.015 4.962 4.774 4.581 4.397 4.222 4.055 3.898 3.749 3.609 3.477 3.355 3.241 3.136 3.124 3.115 3.099 3.075 3.044 3.005 2.959 2.905 2.844 2.775 2.698 2.614 2.676 2.773 2.886 3.016 3.163 3.326 3.506 3.702 3.915 4.145 4.391 4.654 4.734 4.780 4.819 4.850 4.874 4.891 4.900 4.901 4.896 4.882 4.862 4.834 4.918 5.032 5.157 5.294 5.443 5.603 5.776 5.959 6.155 6.363 6.582
5.350 5.240 5.132 5.164 5.178 5.173 5.149 5.105 5.043 4.962 4.862 4.743 4.583 4.420 4.267 4.123 3.987 3.860 3.742 3.633 3.532 3.441 3.358 3.284 3.245 3.210 3.167 3.117 3.059 2.994 2.921 2.841 2.753 2.658 2.555 2.445 2.519 2.674 2.846 3.034 3.238 3.460 3.698 3.952 4.223 4.510 4.815 5.135 5.242 5.263 5.275 5.281 5.278 5.269 5.252 5.227 5.196 5.156 5.110 5.056 5.145 5.300 5.466 5.644 5.834 6.035 6.248 6.444 6.598 6.749 6.898
5.544 5.548 5.533 5.499 5.446 5.374 5.283 5.173 5.044 4.897 4.730 4.544 4.382 4.250 4.128 4.014 3.910 3.813 3.726 3.648 3.578 3.517 3.465 3.422 3.373 3.312 3.243 3.166 3.082 2.991 2.892 2.785 2.671 2.549 2.420 2.283 2.345 2.558 2.788 3.034 3.297 3.576 3.872 4.184 4.513 4.859 5.221 5.599 5.757 5.751 5.738 5.717 5.689 5.654 5.611 5.560 5.503 5.437 5.365 5.285 5.348 5.509 5.668 5.824 5.979 6.131 6.281 6.430 6.576 6.720 6.862
6.100 6.037 5.955 5.855 5.735 5.596 5.439 5.262 5.066 4.852 4.619 4.366 4.171 4.071 3.980 3.897 3.823 3.757 3.701 3.653 3.614 3.584 3.563 3.550 3.510 3.422 3.326 3.224 3.113 2.995 2.870 2.737 2.596 2.448 2.293 2.130 2.155 2.426 2.714 3.018 3.338 3.676 4.029 4.400 4.786 5.190 5.610 6.046 6.279 6.247 6.208 6.161 6.107 6.010 5.895 5.782 5.673 5.568 5.466 5.368 5.387 5.540 5.691 5.841 5.988 6.133 6.276 6.417 6.556 6.693 6.827
6.676 6.546 6.398 6.230 6.044 5.839 5.614 5.371 5.109 4.828 4.528 4.209 3.952 3.883 3.822 3.770 3.727 3.692 3.666 3.649 3.641 3.642 3.651 3.669 3.654 3.540 3.418 3.289 3.152 3.007 2.856 2.696 2.530 2.355 2.173 1.984 1.948 2.277 2.623 2.985 3.363 3.758 4.170 4.598 5.043 5.504 5.941 6.349 6.576 6.455 6.338 6.223 6.113 6.005 5.902 5.802 5.705 5.612 5.522 5.436 5.427 5.573 5.717 5.859 5.999 6.137 6.273 6.406 6.538 6.667 6.795
7.271 7.075 6.860 6.626 6.373 6.101 5.810 5.501 5.172 4.825 4.458 4.073 3.724 3.685 3.655 3.634 3.621 3.618 3.623 3.636 3.659 3.690 3.730 3.779 3.806 3.665 3.517 3.361 3.198 3.028 2.849 2.664 2.471 2.270 2.062 1.846 1.724 2.111 2.515 3.007 3.490 3.951 4.391 4.809 5.206 5.582 5.936 6.269 6.507 6.398 6.293 6.191 6.092 5.997 5.906 5.818 5.733 5.652 5.575 5.501 5.469 5.608 5.745 5.879 6.012 6.143 6.271 6.398 6.522 6.644 6.764
7.889 7.624 7.343 7.042 6.723 6.384 6.027 5.651 5.256 4.842 4.409 3.957 3.486 3.478 3.479 3.489 3.507 3.534 3.570 3.614 3.667 3.729 3.800 3.880 3.965 3.798 3.624 3.442 3.252 3.055 2.851 2.643 2.599 2.531 2.438 2.321 2.195 2.667 3.118 3.547 3.955 4.341 4.706 5.050 5.372 5.673 5.952 6.210 6.434 6.337 6.244 6.154 6.068 5.985 5.906 5.830 5.758 5.689 5.624 5.562 5.513 5.644 5.774 5.902 6.027 6.150 6.272 6.391 6.508 6.623 6.736
8.548 8.194 7.846 7.479 7.093 6.688 6.264 5.822 5.360 4.880 4.380 3.862 3.325 3.263 3.294 3.334 3.383 3.441 3.507 3.583 3.666 3.759 3.861 3.971 4.130 4.214 4.231 4.224 4.192 4.136 4.056 3.950 3.821 3.667 3.489 3.286 3.058 3.378 3.754 4.108 4.441 4.753 5.043 5.312 5.559 5.785 5.989 6.172 6.334 6.273 6.192 6.115 6.041 5.970 5.903 5.839 5.779 5.723 5.669 5.620 5.574 5.683 5.805 5.926 6.044 6.160 6.274 6.386 6.496 6.604 6.709
9.228 8.783 8.369 7.935 7.483 7.012 6.522 6.013 5.485 4.938 4.372 3.788 3.185 3.038 3.100 3.171 3.250 3.394 3.682 3.995 4.336 4.703 5.096 5.517 5.963 6.060 5.991 5.898 5.781 5.639 5.472 5.281 5.066 4.827 4.562 4.274 3.961 4.110 4.411 4.690 4.949 5.185 5.401 5.594 5.767 5.918 6.048 6.156 6.243 6.206 6.137 6.072 6.010 5.951 5.896 5.845 5.797 5.753 5.712 5.674 5.640 5.724 5.839 5.952 6.063 6.172 6.279 6.383 6.486 6.586 6.685
9.929 9.393 8.912 8.412 7.893 7.356 6.799 6.224 5.630 5.017 4.487 4.005 3.438 3.293 3.567 3.867 4.194 4.548 4.928 5.335 5.768 6.228 6.714 7.227 7.767 7.929 7.774 7.596 7.392 7.165 6.913 6.636 6.335 6.010 5.660 5.286 4.887 4.863 5.089 5.294 5.477 5.639 5.779 5.898 5.996 6.073 6.127 6.161 6.173 6.135 6.079 6.025 5.976 5.929 5.887 5.847 5.812 5.779 5.750 5.725 5.703 5.766 5.874 5.980 6.084 6.185 6.285 6.382 6.478 6.571 6.662
10.650 10.023 9.475 9.193 9.007 8.737 8.382 7.941 7.416 6.806 6.111 5.332 4.467 4.045 4.411 4.805 5.225 5.671 6.144 6.644 7.170 7.722 8.301 8.907 9.539 9.821 9.581 9.316 9.027 8.714 8.376 8.014 7.628 7.217 6.781 6.322 5.837 5.636 5.787 5.917 6.026 6.113 6.179 6.224 6.247 6.248 6.229 6.188 6.125 6.061 6.017 5.976 5.938 5.904 5.873 5.846 5.823 5.802 5.786 5.772 5.763 5.811 5.911 6.010 6.106 6.201 6.293 6.383 6.544 6.831 7.135
13.873 13.705 13.391 12.992 12.509 11.940 11.287 10.549 9.726 8.818 7.826 6.749 5.587 4.767 5.226 5.712 6.225 6.764 7.330 7.922 8.541 9.187 9.859 10.557 11.282 11.736 11.410 11.060 10.686 10.287 9.863 9.416 8.944 8.447 7.926 7.381 6.811 6.430 6.507 6.562 6.596 6.609 6.600 6.570 6.518 6.445 6.351 6.235 6.098 5.984 5.952 5.923 5.897 5.875 5.857 5.842 5.830 5.822 5.818 5.817 5.819 5.914 6.139 6.381 6.641 6.919 7.214 7.526 7.856 8.203 8.568
18.313 18.188 17.576 16.879 16.098 15.232 14.281 13.246 12.125 10.920 9.630 8.256 6.796 5.459 6.012 6.591 7.196 7.828 8.486 9.171 9.883 10.621 11.385 12.176 12.994 13.674 13.263 12.827 12.367 11.883 11.374 10.841 10.283 9.701 9.095 8.464 7.809 7.245 7.247 7.228 7.187 7.125 7.042 6.937 6.811 6.663 6.495 6.305 6.093 5.903 5.883 5.866 5.853 5.843 6.017 6.276 6.481 6.633 6.730 6.774 6.764 6.783 7.069 7.372 7.693 8.031 8.386 8.759 9.149 9.557 9.982
