DATA/SHG/ECMWF/20170628/EN-9/20170709.en-9.asc
ncols        190
nrows        64
xllcorner    -5100000.000000000000
yllcorner    4130000.000000000000
cellsize     10000.000000000000
NODATA_value  -99999.000
[rows 0 to 32 of 64, columns 75 to 149 of 190]
1.256 1.133 1.015 0.899 0.787 0.679 0.600 0.611 0.639 0.666 0.693 0.720 0.746 0.772 0.798 0.823 0.848 0.872 0.899 0.936 0.973 1.009 1.043 1.077 1.109 1.141 1.172 1.201 1.230 1.257 1.289 1.334 1.377 1.419 1.458 1.495 1.530 1.563 1.594 1.623 1.651 1.676 1.691 1.679 1.666 1.650 1.631 1.610 1.587 1.561 1.533 1.502 1.469 1.434 1.381 1.288 1.197 1.108 1.021 0.936 0.854 0.773 0.695 0.619 0.545 0.473 0.422 0.421 0.418 0.412 0.405 0.396 0.384 0.371 0.355
0.873 0.816 0.760 0.705 0.651 0.598 0.559 0.586 0.613 0.639 0.665 0.690 0.715 0.740 0.764 0.788 0.812 0.835 0.859 0.892 0.924 0.955 0.985 1.014 1.042 1.069 1.095 1.120 1.144 1.167 1.191 1.228 1.262 1.294 1.324 1.352 1.378 1.403 1.425 1.445 1.462 1.478 1.488 1.466 1.442 1.415 1.385 1.353 1.319 1.283 1.244 1.202 1.158 1.112 1.058 0.974 0.893 0.814 0.736 0.661 0.588 0.518 0.449 0.383 0.319 0.257 0.204 0.194 0.182 0.167 0.151 0.132 0.111 0.089 0.064
0.839 0.785 0.733 0.681 0.631 0.581 0.537 0.562 0.588 0.612 0.637 0.661 0.685 0.708 0.732 0.754 0.777 0.799 0.820 0.848 0.876 0.903 0.928 0.953 0.976 0.999 1.020 1.041 1.060 1.079 1.097 1.124 1.149 1.172 1.193 1.212 1.229 1.244 1.257 1.268 1.277 1.284 1.288 1.255 1.220 1.182 1.142 1.100 1.055 1.007 0.957 0.905 0.850 0.793 0.733 0.659 0.587 0.517 0.450 0.385 0.321 0.260 0.201 0.145 0.090 0.038 0.002 0.021 0.052 0.094 0.147 0.213 0.289 0.378 0.478
0.804 0.754 0.705 0.657 0.610 0.565 0.520 0.539 0.563 0.586 0.610 0.632 0.655 0.677 0.699 0.721 0.742 0.763 0.783 0.806 0.829 0.851 0.872 0.892 0.912 0.930 0.947 0.963 0.978 0.992 1.005 1.022 1.038 1.052 1.064 1.074 1.082 1.088 1.092 1.094 1.094 1.092 1.087 1.048 1.002 0.953 0.902 0.849 0.793 0.735 0.674 0.611 0.545 0.477 0.407 0.342 0.280 0.236 0.209 0.184 0.160 0.137 0.116 0.095 0.076 0.058 0.042 0.107 0.189 0.283 0.388 0.505 0.633 0.774 0.925
0.768 0.722 0.676 0.632 0.589 0.547 0.505 0.515 0.538 0.560 0.582 0.604 0.625 0.646 0.667 0.687 0.707 0.727 0.746 0.765 0.784 0.801 0.818 0.833 0.848 0.862 0.874 0.886 0.896 0.906 0.914 0.923 0.930 0.935 0.938 0.939 0.938 0.935 0.929 0.922 0.913 0.902 0.889 0.843 0.786 0.727 0.665 0.601 0.547 0.504 0.461 0.419 0.378 0.338 0.299 0.271 0.247 0.225 0.204 0.184 0.166 0.149 0.133 0.118 0.104 0.092 0.081 0.180 0.314 0.460 0.617 0.785 0.965 1.157 1.360
0.731 0.688 0.647 0.606 0.566 0.528 0.490 0.492 0.514 0.535 0.556 0.576 0.596 0.616 0.635 0.654 0.673 0.691 0.709 0.725 0.739 0.752 0.765 0.776 0.786 0.795 0.803 0.810 0.816 0.821 0.825 0.826 0.824 0.820 0.814 0.806 0.796 0.784 0.769 0.761 0.756 0.750 0.743 0.712 0.668 0.625 0.583 0.542 0.501 0.461 0.422 0.383 0.345 0.308 0.272 0.247 0.229 0.213 0.197 0.183 0.170 0.159 0.148 0.139 0.131 0.125 0.120 0.243 0.428 0.625 0.834 1.054 1.285 1.529 1.784
0.693 0.654 0.616 0.579 0.543 0.508 0.474 0.469 0.490 0.510 0.529 0.548 0.567 0.586 0.604 0.622 0.639 0.656 0.673 0.687 0.696 0.705 0.712 0.719 0.725 0.729 0.733 0.735 0.737 0.738 0.742 0.745 0.743 0.740 0.737 0.732 0.727 0.721 0.714 0.706 0.697 0.687 0.676 0.649 0.608 0.569 0.530 0.492 0.454 0.417 0.381 0.346 0.311 0.277 0.244 0.223 0.210 0.199 0.190 0.181 0.174 0.168 0.163 0.159 0.157 0.156 0.156 0.293 0.530 0.778 1.039 1.310 1.594 1.888 2.195
0.654 0.619 0.584 0.551 0.519 0.487 0.457 0.447 0.466 0.485 0.503 0.521 0.539 0.556 0.573 0.590 0.606 0.622 0.637 0.649 0.654 0.664 0.675 0.686 0.694 0.702 0.709 0.715 0.719 0.722 0.725 0.723 0.718 0.711 0.703 0.695 0.685 0.675 0.664 0.652 0.639 0.625 0.610 0.585 0.548 0.512 0.476 0.441 0.407 0.373 0.340 0.308 0.277 0.246 0.216 0.197 0.190 0.185 0.180 0.177 0.176 0.175 0.176 0.178 0.182 0.186 0.192 0.332 0.620 0.920 1.232 1.555 1.890 2.236 2.594
0.615 0.583 0.552 0.522 0.493 0.466 0.439 0.425 0.443 0.460 0.478 0.494 0.511 0.530 0.560 0.588 0.614 0.638 0.660 0.678 0.686 0.693 0.700 0.705 0.709 0.711 0.713 0.714 0.713 0.711 0.708 0.703 0.693 0.683 0.671 0.658 0.645 0.631 0.615 0.599 0.582 0.564 0.545 0.521 0.487 0.454 0.421 0.390 0.358 0.328 0.299 0.270 0.242 0.214 0.187 0.169 0.168 0.168 0.170 0.173 0.176 0.182 0.188 0.196 0.205 0.215 0.226 0.359 0.699 1.050 1.413 1.788 2.174 2.572 2.981
0.574 0.546 0.519 0.493 0.467 0.443 0.427 0.431 0.467 0.500 0.531 0.561 0.588 0.613 0.636 0.657 0.676 0.692 0.707 0.718 0.722 0.724 0.725 0.725 0.724 0.722 0.718 0.714 0.708 0.701 0.693 0.684 0.670 0.655 0.640 0.623 0.605 0.587 0.568 0.547 0.526 0.504 0.481 0.456 0.425 0.395 0.366 0.338 0.310 0.283 0.256 0.231 0.206 0.181 0.158 0.141 0.145 0.151 0.158 0.166 0.176 0.187 0.199 0.212 0.226 0.242 0.259 0.374 0.766 1.169 1.583 2.009 2.447 2.896 3.357
0.560 0.556 0.552 0.551 0.551 0.552 0.555 0.560 0.588 0.614 0.638 0.660 0.680 0.698 0.713 0.727 0.738 0.748 0.755 0.760 0.758 0.756 0.752 0.747 0.740 0.733 0.725 0.715 0.705 0.693 0.680 0.666 0.648 0.629 0.609 0.588 0.567 0.544 0.521 0.497 0.472 0.445 0.418 0.390 0.363 0.336 0.310 0.285 0.260 0.236 0.213 0.191 0.169 0.148 0.128 0.111 0.121 0.133 0.145 0.159 0.174 0.190 0.208 0.227 0.247 0.268 0.291 0.378 0.821 1.275 1.741 2.219 2.708 3.208 3.720
0.655 0.655 0.657 0.661 0.666 0.673 0.681 0.691 0.711 0.730 0.746 0.761 0.774 0.784 0.793 0.799 0.803 0.805 0.805 0.803 0.796 0.788 0.780 0.769 0.758 0.746 0.732 0.718 0.702 0.685 0.667 0.648 0.626 0.604 0.580 0.555 0.529 0.503 0.475 0.447 0.418 0.388 0.357 0.325 0.300 0.276 0.254 0.231 0.210 0.189 0.169 0.150 0.132 0.114 0.097 0.080 0.096 0.113 0.131 0.150 0.171 0.193 0.216 0.240 0.266 0.293 0.320 0.367 0.860 1.366 1.884 2.415 2.959 3.515 4.084
0.747 0.753 0.761 0.770 0.780 0.793 0.806 0.822 0.836 0.847 0.857 0.864 0.869 0.872 0.874 0.873 0.870 0.865 0.857 0.847 0.835 0.823 0.809 0.794 0.777 0.760 0.741 0.722 0.701 0.679 0.656 0.632 0.606 0.579 0.551 0.523 0.493 0.462 0.431 0.399 0.365 0.331 0.296 0.260 0.236 0.216 0.196 0.177 0.159 0.142 0.125 0.109 0.094 0.079 0.065 0.052 0.069 0.093 0.119 0.145 0.172 0.198 0.225 0.252 0.279 0.306 0.333 0.361 0.875 1.437 2.012 2.599 3.198 3.810 4.435
0.838 0.849 0.862 0.877 0.893 0.910 0.929 0.950 0.962 0.966 0.968 0.969 0.967 0.963 0.956 0.948 0.938 0.926 0.911 0.894 0.876 0.858 0.839 0.819 0.798 0.775 0.752 0.727 0.701 0.674 0.646 0.617 0.587 0.556 0.524 0.491 0.458 0.423 0.388 0.351 0.314 0.275 0.236 0.196 0.172 0.155 0.138 0.123 0.112 0.106 0.100 0.092 0.084 0.075 0.065 0.054 0.072 0.098 0.125 0.152 0.179 0.207 0.234 0.262 0.290 0.318 0.346 0.375 0.878 1.496 2.126 2.769 3.425 4.093 4.774
0.927 0.944 0.963 0.982 1.004 1.027 1.051 1.077 1.090 1.087 1.082 1.075 1.066 1.054 1.041 1.025 1.008 0.988 0.967 0.942 0.918 0.895 0.871 0.845 0.819 0.792 0.763 0.733 0.703 0.671 0.638 0.604 0.569 0.534 0.498 0.461 0.423 0.385 0.345 0.310 0.281 0.251 0.222 0.192 0.177 0.171 0.163 0.156 0.147 0.137 0.127 0.116 0.104 0.091 0.078 0.064 0.076 0.104 0.131 0.159 0.187 0.215 0.244 0.272 0.301 0.330 0.359 0.388 0.868 1.542 2.228 2.927 3.639 4.363 5.099
1.015 1.037 1.061 1.086 1.113 1.141 1.171 1.203 1.220 1.210 1.197 1.183 1.166 1.148 1.127 1.105 1.080 1.053 1.024 0.992 0.960 0.932 0.903 0.873 0.842 0.809 0.776 0.741 0.705 0.668 0.634 0.603 0.572 0.543 0.513 0.484 0.454 0.425 0.395 0.366 0.336 0.306 0.277 0.247 0.227 0.217 0.206 0.195 0.182 0.169 0.155 0.141 0.125 0.109 0.092 0.074 0.080 0.109 0.137 0.166 0.195 0.224 0.253 0.282 0.312 0.342 0.372 0.402 0.845 1.575 2.317 3.072 3.840 4.619 5.412
1.102 1.129 1.158 1.189 1.221 1.254 1.290 1.326 1.352 1.334 1.314 1.293 1.269 1.243 1.215 1.185 1.153 1.119 1.083 1.044 1.004 0.975 0.947 0.918 0.889 0.858 0.828 0.796 0.764 0.731 0.697 0.662 0.629 0.599 0.569 0.540 0.510 0.480 0.451 0.421 0.391 0.361 0.331 0.301 0.278 0.264 0.250 0.235 0.219 0.202 0.185 0.166 0.147 0.127 0.106 0.085 0.084 0.113 0.143 0.172 0.202 0.232 0.262 0.292 0.323 0.353 0.384 0.415 0.810 1.596 2.394 3.205 4.028 4.864 5.712
1.186 1.219 1.254 1.290 1.327 1.366 1.406 1.449 1.485 1.460 1.433 1.404 1.373 1.339 1.289 1.245 1.206 1.173 1.144 1.120 1.098 1.067 1.036 1.004 0.971 0.938 0.904 0.869 0.833 0.797 0.760 0.722 0.685 0.655 0.625 0.596 0.566 0.536 0.506 0.476 0.446 0.416 0.386 0.356 0.329 0.312 0.294 0.275 0.256 0.236 0.214 0.193 0.170 0.146 0.122 0.097 0.088 0.118 0.148 0.178 0.209 0.240 0.271 0.302 0.333 0.364 0.396 0.428 0.762 1.604 2.458 3.324 4.203 5.095 5.999
1.270 1.308 1.347 1.389 1.432 1.476 1.516 1.529 1.538 1.482 1.430 1.383 1.341 1.305 1.274 1.248 1.227 1.212 1.202 1.196 1.194 1.161 1.126 1.091 1.055 1.018 0.981 0.942 0.904 0.864 0.824 0.782 0.741 0.711 0.681 0.651 0.621 0.591 0.561 0.531 0.501 0.471 0.441 0.411 0.382 0.361 0.339 0.317 0.294 0.270 0.245 0.220 0.193 0.166 0.138 0.109 0.091 0.122 0.153 0.184 0.216 0.247 0.279 0.311 0.343 0.375 0.408 0.441 0.702 1.599 2.509 3.431 4.366 5.313 6.273
1.331 1.353 1.371 1.385 1.396 1.403 1.407 1.407 1.403 1.369 1.335 1.307 1.284 1.266 1.253 1.245 1.243 1.246 1.255 1.267 1.283 1.255 1.217 1.178 1.139 1.099 1.058 1.017 0.975 0.932 0.888 0.844 0.799 0.767 0.737 0.707 0.677 0.647 0.617 0.586 0.556 0.526 0.495 0.465 0.435 0.410 0.385 0.359 0.333 0.305 0.277 0.248 0.218 0.187 0.155 0.123 0.095 0.126 0.158 0.190 0.222 0.255 0.287 0.320 0.353 0.386 0.420 0.453 0.629 1.582 2.547 3.525 4.516 5.519 6.534
1.301 1.310 1.315 1.317 1.315 1.310 1.301 1.288 1.272 1.252 1.237 1.226 1.221 1.222 1.228 1.238 1.255 1.276 1.303 1.334 1.368 1.349 1.308 1.266 1.224 1.181 1.137 1.092 1.046 1.000 0.953 0.906 0.857 0.823 0.793 0.763 0.733 0.702 0.672 0.641 0.611 0.581 0.550 0.520 0.489 0.461 0.432 0.402 0.372 0.341 0.309 0.276 0.243 0.208 0.173 0.137 0.100 0.130 0.163 0.196 0.229 0.262 0.296 0.329 0.363 0.397 0.431 0.499 0.659 1.713 2.750 3.770 4.774 5.760 6.729
1.274 1.271 1.264 1.253 1.238 1.220 1.198 1.173 1.144 1.130 1.133 1.141 1.155 1.173 1.197 1.227 1.261 1.301 1.346 1.396 1.449 1.445 1.400 1.355 1.309 1.263 1.216 1.168 1.119 1.069 1.019 0.968 0.917 0.879 0.849 0.819 0.788 0.758 0.727 0.697 0.666 0.635 0.605 0.574 0.543 0.512 0.480 0.446 0.412 0.378 0.342 0.306 0.269 0.231 0.192 0.152 0.112 0.134 0.183 0.260 0.346 0.441 0.545 0.658 0.780 0.912 1.052 1.202 1.360 2.285 3.247 4.192 5.121 6.032 6.926
1.251 1.235 1.215 1.192 1.164 1.134 1.099 1.061 1.019 1.003 1.025 1.051 1.083 1.120 1.163 1.210 1.263 1.321 1.384 1.452 1.524 1.541 1.493 1.445 1.396 1.346 1.295 1.244 1.192 1.139 1.086 1.032 0.977 0.935 0.905 0.874 0.844 0.813 0.782 0.752 0.721 0.690 0.659 0.628 0.598 0.564 0.528 0.491 0.454 0.420 0.397 0.377 0.361 0.349 0.340 0.334 0.333 0.406 0.514 0.632 0.758 0.893 1.037 1.191 1.353 1.525 1.705 1.895 2.094 2.873 3.760 4.630 5.484 6.320 7.139
1.232 1.203 1.170 1.134 1.094 1.051 1.004 0.953 0.899 0.872 0.912 0.957 1.007 1.062 1.123 1.189 1.260 1.336 1.418 1.504 1.595 1.638 1.587 1.535 1.483 1.430 1.376 1.321 1.266 1.210 1.153 1.096 1.038 0.991 0.961 0.930 0.899 0.868 0.837 0.807 0.776 0.747 0.718 0.690 0.662 0.637 0.615 0.597 0.582 0.571 0.564 0.560 0.560 0.563 0.570 0.580 0.595 0.688 0.837 0.994 1.160 1.336 1.520 1.714 1.916 2.128 2.349 2.578 2.817 3.476 4.289 5.084 5.863 6.624 7.369
1.215 1.174 1.129 1.080 1.027 0.971 0.912 0.848 0.781 0.736 0.794 0.857 0.926 1.000 1.079 1.163 1.252 1.347 1.447 1.552 1.660 1.735 1.681 1.626 1.570 1.514 1.457 1.399 1.341 1.281 1.221 1.160 1.097 1.043 1.012 0.982 0.952 0.923 0.894 0.867 0.839 0.813 0.787 0.762 0.738 0.720 0.714 0.712 0.713 0.718 0.727 0.739 0.754 0.773 0.796 0.823 0.853 0.961 1.149 1.346 1.553 1.768 1.993 2.227 2.469 2.721 2.982 3.252 3.531 4.096 4.833 5.554 6.258 6.944 7.614
1.203 1.148 1.091 1.029 0.964 0.895 0.823 0.747 0.668 0.596 0.672 0.754 0.840 0.932 1.030 1.132 1.240 1.353 1.471 1.594 1.721 1.833 1.778 1.723 1.667 1.608 1.548 1.486 1.423 1.357 1.289 1.220 1.149 1.085 1.057 1.029 1.002 0.976 0.951 0.926 0.902 0.879 0.856 0.834 0.812 0.800 0.810 0.823 0.841 0.861 0.886 0.913 0.945 0.980 1.019 1.061 1.106 1.223 1.452 1.689 1.936 2.191 2.456 2.730 3.013 3.304 3.605 3.915 4.234 4.731 5.394 6.040 6.669 7.281 7.876
1.193 1.126 1.056 0.982 0.904 0.823 0.738 0.649 0.557 0.462 0.545 0.645 0.750 0.860 0.978 1.110 1.246 1.385 1.528 1.673 1.820 1.969 1.913 1.850 1.786 1.719 1.651 1.581 1.509 1.435 1.359 1.282 1.202 1.126 1.100 1.076 1.052 1.029 1.007 0.985 0.964 0.943 0.924 0.904 0.886 0.876 0.902 0.931 0.964 1.000 1.041 1.084 1.132 1.182 1.237 1.295 1.356 1.476 1.745 2.022 2.309 2.605 2.909 3.223 3.546 3.878 4.219 4.569 4.928 5.382 5.970 6.541 7.096 7.633 8.153
1.187 1.108 1.025 0.938 0.848 0.754 0.656 0.558 0.467 0.379 0.467 0.597 0.731 0.869 1.010 1.154 1.302 1.454 1.608 1.765 1.924 2.085 2.051 1.980 1.907 1.832 1.756 1.677 1.597 1.515 1.431 1.346 1.258 1.169 1.143 1.122 1.101 1.081 1.061 1.043 1.025 1.007 0.990 0.974 0.959 0.948 0.989 1.034 1.083 1.136 1.192 1.251 1.314 1.381 1.451 1.525 1.602 1.720 2.028 2.346 2.672 3.008 3.353 3.707 4.070 4.441 4.822 5.212 5.611 6.049 6.563 7.059 7.539 8.001 8.447
1.181 1.081 0.984 0.890 0.798 0.708 0.622 0.538 0.456 0.377 0.448 0.591 0.737 0.886 1.039 1.196 1.356 1.519 1.685 1.854 2.025 2.199 2.190 2.111 2.030 1.947 1.862 1.776 1.687 1.597 1.505 1.411 1.315 1.218 1.185 1.167 1.149 1.132 1.116 1.100 1.085 1.070 1.057 1.044 1.031 1.019 1.073 1.134 1.199 1.267 1.339 1.414 1.493 1.575 1.661 1.751 1.844 1.953 2.302 2.660 3.026 3.402 3.787 4.180 4.583 4.995 5.416 5.846 6.285 6.732 7.171 7.593 7.997 8.386 8.757
1.096 1.005 0.917 0.831 0.749 0.668 0.590 0.515 0.443 0.373 0.427 0.581 0.739 0.901 1.066 1.234 1.406 1.581 1.759 1.940 2.123 2.308 2.332 2.244 2.155 2.064 1.971 1.876 1.780 1.681 1.581 1.479 1.375 1.269 1.227 1.211 1.196 1.182 1.169 1.156 1.144 1.133 1.122 1.112 1.102 1.094 1.153 1.230 1.310 1.394 1.482 1.573 1.668 1.766 1.868 1.973 2.082 2.195 2.566 2.964 3.370 3.786 4.211 4.644 5.087 5.539 6.000 6.469 6.948 7.647 8.503 9.236 9.848 10.339 10.707
1.008 0.926 0.847 0.771 0.697 0.626 0.557 0.491 0.427 0.366 0.402 0.569 0.739 0.912 1.089 1.269 1.452 1.639 1.830 2.023 2.217 2.415 2.475 2.379 2.282 2.182 2.081 1.978 1.874 1.767 1.658 1.548 1.436 1.322 1.267 1.255 1.243 1.232 1.221 1.212 1.203 1.194 1.186 1.179 1.173 1.167 1.229 1.322 1.418 1.518 1.621 1.728 1.839 1.953 2.070 2.191 2.316 2.445 2.820 3.258 3.767 4.465 5.256 6.139 7.115 8.184 9.345 10.599 11.946 13.385 13.774 13.970 14.044 13.997 13.829
0.918 0.845 0.775 0.708 0.643 0.581 0.521 0.464 0.409 0.357 0.374 0.553 0.735 0.920 1.108 1.301 1.496 1.695 1.897 2.102 2.309 2.518 2.620 2.516 2.410 2.303 2.194 2.083 1.970 1.855 1.738 1.620 1.499 1.377 1.307 1.297 1.289 1.281 1.273 1.266 1.260 1.255 1.250 1.246 1.243 1.240 1.301 1.410 1.522 1.637 1.756 1.920 2.168 2.399 2.612 2.806 2.983 3.141 3.780 4.702 5.717 6.824 8.024 9.317 10.702 12.179 13.749 15.412 17.168 19.016 19.159 18.818 18.355 17.771 17.065
0.826 0.762 0.701 0.643 0.587 0.533 0.483 0.435 0.389 0.346 0.344 0.534 0.728 0.925 1.125 1.329 1.536 1.747 1.961 2.178 2.397 2.619 2.767 2.655 2.541 2.425 2.308 2.189 2.068 1.945 1.820 1.693 1.565 1.434 1.346 1.339 1.334 1.328 1.324 1.320 1.317 1.315 1.358 1.537 1.732 1.941 2.186 2.445 2.686 2.909 3.114 3.301 3.469 3.620 3.753 3.868 3.964 4.043 4.814 6.146 7.569 9.086 10.695 12.396 14.190 16.076 18.055 20.127 22.291 24.547 24.658 23.779 22.780 21.659 20.416
