DATA/SHG/ECMWF/20170628/EN-9/20170706.en-9.asc
ncols        190
nrows        64
xllcorner    -5100000.000000000000
yllcorner    4130000.000000000000
cellsize     10000.000000000000
NODATA_value  -99999.000
[rows 0 to 32 of 64, columns 0 to 75 of 190]
0.174 0.201 0.228 0.254 0.279 0.305 0.330 0.354 0.379 0.498 0.647 0.795 0.944 1.091 1.238 1.385 1.531 1.677 1.822 2.003 2.187 2.338 2.469 2.590 2.702 2.806 2.900 2.985 3.061 3.128 3.186 3.235 3.275 3.339 3.437 3.553 3.685 3.835 4.002 4.186 4.387 4.606 4.842 5.094 5.365 5.534 5.601 5.667 5.731 5.794 5.854 5.912 5.969 6.024 6.077 6.128 6.177 6.238 6.302 6.349 6.379 6.392 6.388 6.366 6.328 6.273 6.200 6.111 6.004 6.038 6.325 6.619 6.921 7.229 7.544 7.866
0.168 0.194 0.219 0.243 0.268 0.292 0.316 0.339 0.362 0.461 0.608 0.755 0.974 1.187 1.392 1.589 1.777 1.957 2.130 2.294 2.449 2.575 2.674 2.763 2.843 2.915 2.977 3.030 3.074 3.109 3.135 3.153 3.161 3.229 3.388 3.564 3.757 3.967 4.195 4.439 4.701 4.980 5.277 5.590 5.921 6.154 6.216 6.275 6.332 6.388 6.442 6.493 6.543 6.591 6.638 6.682 6.725 6.757 6.761 6.748 6.718 6.671 6.607 6.526 6.428 6.313 6.180 6.031 5.865 5.805 6.117 6.435 6.761 7.094 7.433 7.758
0.162 0.186 0.210 0.234 0.268 0.354 0.455 0.571 0.700 0.874 1.083 1.283 1.476 1.660 1.836 2.003 2.163 2.314 2.458 2.593 2.719 2.821 2.888 2.945 2.994 3.033 3.063 3.085 3.097 3.100 3.095 3.080 3.056 3.101 3.321 3.557 3.811 4.082 4.370 4.675 4.997 5.337 5.694 6.068 6.459 6.776 6.831 6.883 6.934 6.983 7.030 7.075 7.118 7.160 7.200 7.237 7.273 7.293 7.237 7.164 7.074 6.967 6.843 6.702 6.544 6.369 6.177 5.967 5.758 5.618 5.955 6.281 6.595 6.899 7.191 7.472
0.242 0.322 0.417 0.525 0.648 0.785 0.936 1.102 1.281 1.471 1.650 1.822 1.985 2.140 2.287 2.426 2.557 2.679 2.794 2.900 2.998 3.076 3.111 3.137 3.153 3.161 3.159 3.149 3.129 3.101 3.063 3.016 2.961 2.956 3.236 3.533 3.847 4.179 4.527 4.893 5.276 5.676 6.093 6.527 6.978 7.399 7.447 7.493 7.537 7.579 7.619 7.658 7.695 7.729 7.762 7.794 7.823 7.844 7.728 7.595 7.440 7.212 6.990 6.773 6.562 6.355 6.155 5.959 5.769 5.585 5.874 6.161 6.437 6.702 6.955 7.198
0.406 0.536 0.681 0.840 1.013 1.200 1.401 1.616 1.846 2.075 2.226 2.368 2.503 2.629 2.747 2.857 2.959 3.053 3.138 3.215 3.284 3.341 3.343 3.337 3.322 3.298 3.264 3.222 3.171 3.110 3.041 2.962 2.875 2.793 3.134 3.491 3.866 4.258 4.667 5.093 5.536 5.996 6.474 6.968 7.480 8.009 8.063 8.103 8.140 8.176 8.210 8.242 8.272 8.269 8.173 8.085 8.008 7.940 7.729 7.510 7.296 7.087 6.883 6.685 6.492 6.305 6.123 5.947 5.775 5.609 5.805 6.053 6.290 6.515 6.730 6.934
0.554 0.734 0.929 1.138 1.361 1.598 1.849 2.115 2.394 2.687 2.809 2.923 3.028 3.126 3.215 3.296 3.369 3.434 3.490 3.539 3.579 3.611 3.585 3.547 3.500 3.444 3.379 3.304 3.221 3.129 3.028 2.918 2.799 2.671 3.014 3.432 3.867 4.319 4.788 5.275 5.778 6.299 6.837 7.392 7.964 8.553 8.613 8.483 8.363 8.252 8.151 8.059 7.977 7.904 7.841 7.787 7.743 7.708 7.542 7.342 7.146 6.956 6.772 6.592 6.418 6.250 6.087 5.929 5.776 5.629 5.745 5.955 6.153 6.340 6.516 6.681
0.686 0.916 1.161 1.420 1.693 1.980 2.281 2.597 2.927 3.270 3.400 3.485 3.562 3.630 3.691 3.743 3.787 3.823 3.851 3.871 3.882 3.886 3.836 3.766 3.687 3.599 3.502 3.396 3.281 3.158 3.025 2.883 2.732 2.572 2.877 3.355 3.850 4.363 4.892 5.404 5.877 6.332 6.768 7.186 7.584 7.964 8.004 7.908 7.821 7.744 7.676 7.618 7.569 7.530 7.500 7.480 7.469 7.468 7.351 7.169 6.992 6.821 6.655 6.495 6.339 6.189 6.045 5.906 5.772 5.644 5.697 5.867 6.026 6.175 6.312 6.438
0.802 1.082 1.377 1.686 2.009 2.346 2.697 3.063 3.443 3.836 3.999 4.055 4.103 4.143 4.174 4.198 4.213 4.220 4.220 4.211 4.193 4.168 4.096 3.994 3.883 3.764 3.635 3.497 3.351 3.195 3.031 2.857 2.694 2.547 2.805 3.307 3.790 4.254 4.699 5.126 5.534 5.923 6.293 6.645 6.977 7.291 7.387 7.324 7.271 7.227 7.192 7.168 7.152 7.147 7.150 7.164 7.186 7.219 7.154 6.991 6.833 6.681 6.533 6.392 6.255 6.124 5.998 5.878 5.763 5.653 5.659 5.790 5.911 6.020 6.119 6.206
0.902 1.232 1.577 1.936 2.309 2.696 3.097 3.513 3.942 4.386 4.606 4.633 4.652 4.663 4.666 4.661 4.648 4.626 4.596 4.559 4.513 4.459 4.365 4.231 4.089 3.890 3.700 3.523 3.357 3.205 3.064 2.937 2.821 2.719 2.875 3.311 3.728 4.127 4.506 4.867 5.209 5.533 5.837 6.123 6.390 6.639 6.761 6.731 6.711 6.701 6.700 6.709 6.727 6.755 6.792 6.839 6.895 6.960 6.953 6.808 6.669 6.535 6.407 6.284 6.166 6.054 5.947 5.845 5.749 5.658 5.631 5.724 5.806 5.876 5.936 5.985
0.986 1.367 1.761 2.170 2.593 3.030 3.481 3.946 4.426 4.919 5.221 5.219 5.210 5.192 5.166 5.132 5.090 5.025 4.860 4.698 4.538 4.380 4.212 4.028 3.857 3.698 3.552 3.418 3.297 3.188 3.091 3.007 2.936 2.877 2.965 3.335 3.686 4.019 4.333 4.628 4.904 5.162 5.401 5.621 5.823 6.006 6.126 6.130 6.144 6.167 6.199 6.242 6.293 6.354 6.425 6.505 6.594 6.693 6.746 6.621 6.500 6.385 6.276 6.171 6.072 5.979 5.890 5.807 5.730 5.657 5.614 5.668 5.711 5.743 5.764 5.774
1.054 1.485 1.929 2.388 2.861 3.348 3.849 4.364 4.893 5.436 5.795 5.621 5.450 5.281 5.115 4.951 4.790 4.632 4.475 4.322 4.170 4.022 3.875 3.735 3.608 3.493 3.391 3.301 3.223 3.158 3.105 3.065 3.037 3.022 3.073 3.378 3.663 3.930 4.178 4.408 4.619 4.811 4.984 5.139 5.275 5.392 5.483 5.520 5.567 5.624 5.690 5.765 5.850 5.945 6.049 6.162 6.285 6.417 6.535 6.428 6.327 6.230 6.139 6.054 5.973 5.898 5.829 5.764 5.705 5.652 5.607 5.623 5.627 5.621 5.614 5.612
1.107 1.587 2.082 2.567 3.023 3.460 3.881 4.284 4.670 5.039 5.337 5.172 5.010 4.850 4.693 4.538 4.386 4.236 4.088 3.943 3.801 3.661 3.526 3.430 3.347 3.275 3.217 3.170 3.136 3.115 3.106 3.109 3.125 3.154 3.201 3.439 3.659 3.861 4.043 4.207 4.352 4.479 4.587 4.676 4.746 4.798 4.831 4.902 4.982 5.072 5.172 5.280 5.399 5.527 5.664 5.810 5.967 6.132 6.307 6.231 6.148 6.070 5.998 5.931 5.869 5.813 5.762 5.731 5.716 5.705 5.699 5.701 5.693 5.675 5.646 5.607
1.172 1.619 2.048 2.459 2.854 3.231 3.591 3.933 4.259 4.567 4.857 4.721 4.568 4.417 4.268 4.122 3.979 3.838 3.699 3.563 3.430 3.299 3.170 3.112 3.072 3.045 3.030 3.027 3.037 3.059 3.094 3.141 3.201 3.273 3.357 3.520 3.674 3.810 3.927 4.026 4.105 4.166 4.209 4.233 4.238 4.224 4.192 4.275 4.389 4.512 4.645 4.787 4.938 5.100 5.270 5.450 5.640 5.839 6.047 6.029 5.984 5.952 5.926 5.903 5.886 5.872 5.864 5.860 5.861 5.867 5.877 5.852 5.808 5.753 5.688 5.612
1.266 1.651 2.019 2.370 2.704 3.020 3.319 3.601 3.866 4.113 4.344 4.268 4.124 3.982 3.842 3.705 3.570 3.438 3.308 3.181 3.056 2.934 2.814 2.782 2.786 2.802 2.831 2.872 2.925 2.991 3.069 3.160 3.263 3.379 3.507 3.620 3.708 3.779 3.830 3.863 3.878 3.873 3.850 3.809 3.748 3.669 3.572 3.639 3.787 3.943 4.109 4.285 4.469 4.722 4.981 5.235 5.482 5.723 5.959 6.015 5.995 5.980 5.969 5.963 5.962 5.965 5.973 5.985 6.002 6.024 6.050 6.013 5.932 5.841 5.739 5.627
1.377 1.702 2.010 2.300 2.573 2.829 3.067 3.289 3.493 3.679 3.849 3.814 3.678 3.544 3.413 3.285 3.159 3.036 2.915 2.796 2.681 2.567 2.456 2.439 2.486 2.546 2.619 2.703 2.800 2.910 3.032 3.166 3.313 3.472 3.643 3.738 3.762 3.766 3.753 3.720 3.669 3.599 3.511 3.404 3.278 3.134 3.086 3.227 3.501 3.769 4.031 4.287 4.537 4.781 5.020 5.252 5.479 5.700 5.915 6.006 6.002 6.003 6.009 6.019 6.033 6.053 6.077 6.105 6.138 6.176 6.219 6.183 6.066 5.939 5.801 5.652
1.508 1.772 2.019 2.249 2.461 2.656 2.834 2.995 3.138 3.265 3.374 3.357 3.230 3.105 2.983 2.863 2.746 2.632 2.520 2.410 2.303 2.198 2.096 2.083 2.175 2.278 2.394 2.522 2.663 2.816 2.981 3.159 3.349 3.552 3.767 3.876 3.834 3.773 3.697 3.630 3.569 3.513 3.463 3.418 3.378 3.345 3.316 3.414 3.668 3.915 4.156 4.392 4.622 4.846 5.064 5.276 5.482 5.682 5.877 5.992 6.005 6.022 6.043 6.069 6.100 6.136 6.176 6.221 6.270 6.324 6.382 6.364 6.210 6.046 5.871 5.687
1.657 1.861 2.047 2.216 2.368 2.503 2.620 2.720 2.803 2.869 2.918 2.898 2.780 2.664 2.551 2.440 2.331 2.226 2.122 2.022 1.923 1.827 1.734 1.715 1.850 1.997 2.157 2.328 2.513 2.709 2.918 3.148 3.391 3.618 3.829 3.944 3.880 3.821 3.768 3.721 3.679 3.642 3.611 3.585 3.565 3.550 3.541 3.607 3.840 4.067 4.288 4.503 4.712 4.916 5.113 5.305 5.491 5.670 5.845 5.974 6.003 6.036 6.073 6.116 6.163 6.214 6.271 6.332 6.397 6.467 6.542 6.553 6.363 6.163 5.952 5.731
1.826 1.968 2.094 2.203 2.294 2.368 2.425 2.465 2.488 2.493 2.481 2.437 2.327 2.221 2.116 2.014 1.915 1.818 1.723 1.631 1.541 1.454 1.370 1.335 1.573 1.872 2.155 2.422 2.673 2.908 3.127 3.331 3.518 3.689 3.844 3.952 3.908 3.868 3.834 3.806 3.783 3.766 3.753 3.747 3.746 3.750 3.760 3.806 4.018 4.224 4.425 4.620 4.808 4.991 5.168 5.339 5.505 5.664 5.818 5.951 5.996 6.045 6.099 6.158 6.221 6.289 6.361 6.438 6.519 6.606 6.697 6.753 6.526 6.290 6.042 5.785
2.012 2.095 2.160 2.208 2.239 2.253 2.249 2.229 2.191 2.136 2.064 1.974 1.873 1.775 1.680 1.586 1.496 1.472 1.499 1.544 1.606 1.686 1.784 1.906 2.165 2.407 2.634 2.845 3.040 3.219 3.382 3.530 3.661 3.776 3.875 3.955 3.930 3.910 3.895 3.886 3.882 3.883 3.890 3.903 3.921 3.944 3.973 4.010 4.202 4.388 4.568 4.742 4.910 5.072 5.229 5.380 5.525 5.664 5.797 5.924 5.985 6.050 6.120 6.195 6.274 6.358 6.447 6.540 6.637 6.740 6.847 6.958 6.699 6.426 6.142 5.848
2.218 2.240 2.245 2.232 2.203 2.156 2.092 2.011 1.913 1.798 1.704 1.613 1.589 1.590 1.609 1.645 1.699 1.770 1.859 1.966 2.091 2.233 2.393 2.571 2.772 2.958 3.129 3.284 3.423 3.546 3.653 3.745 3.820 3.879 3.922 3.950 3.946 3.945 3.950 3.959 3.975 3.995 4.022 4.053 4.090 4.133 4.181 4.234 4.391 4.556 4.716 4.869 5.017 5.159 5.295 5.426 5.550 5.669 5.782 5.889 5.969 6.051 6.137 6.228 6.323 6.423 6.528 6.637 6.751 6.869 6.992 7.120 6.881 6.572 6.233 5.846
2.442 2.403 2.348 2.276 2.200 2.120 2.036 1.947 1.854 1.757 1.655 1.549 1.558 1.621 1.702 1.800 1.916 2.049 2.201 2.370 2.557 2.761 2.983 3.223 3.394 3.525 3.640 3.739 3.822 3.889 3.941 3.976 3.995 3.999 3.986 3.958 3.957 3.975 3.999 4.028 4.062 4.102 4.147 4.198 4.254 4.315 4.382 4.455 4.585 4.730 4.869 5.003 5.130 5.252 5.367 5.477 5.581 5.680 5.772 5.859 5.949 6.047 6.149 6.256 6.368 6.484 6.604 6.695 6.731 6.767 6.803 6.839 6.574 6.204 5.844 5.496
2.585 2.507 2.425 2.338 2.247 2.152 2.053 1.949 1.841 1.728 1.612 1.491 1.508 1.633 1.776 1.936 2.114 2.310 2.523 2.754 3.003 3.269 3.553 3.855 4.033 4.108 4.167 4.210 4.237 4.249 4.244 4.223 4.187 4.134 4.066 3.982 3.963 4.000 4.042 4.090 4.144 4.203 4.267 4.337 4.412 4.492 4.578 4.670 4.785 4.910 5.029 5.142 5.249 5.350 5.445 5.535 5.618 5.696 5.768 5.834 5.888 5.925 5.961 5.998 6.034 6.070 6.107 6.143 6.179 6.215 6.251 6.287 6.100 5.768 5.447 5.136
2.697 2.604 2.507 2.405 2.299 2.188 2.074 1.955 1.832 1.704 1.573 1.437 1.439 1.626 1.830 2.053 2.293 2.550 2.826 3.119 3.429 3.758 4.104 4.467 4.688 4.707 4.710 4.697 4.668 4.624 4.563 4.487 4.395 4.286 4.162 4.022 3.963 4.019 4.080 4.147 4.220 4.298 4.381 4.470 4.564 4.664 4.769 4.879 4.991 5.095 5.193 5.286 5.373 5.411 5.417 5.416 5.408 5.393 5.370 5.340 5.337 5.374 5.410 5.447 5.483 5.519 5.555 5.591 5.628 5.664 5.699 5.735 5.616 5.322 5.039 4.767
2.814 2.705 2.593 2.476 2.355 2.229 2.100 1.966 1.828 1.685 1.538 1.387 1.350 1.600 1.866 2.150 2.452 2.772 3.109 3.464 3.837 4.227 4.635 5.060 5.358 5.321 5.268 5.200 5.115 5.015 4.899 4.767 4.618 4.455 4.275 4.079 3.957 4.032 4.113 4.199 4.290 4.387 4.489 4.597 4.710 4.829 4.911 4.976 5.026 5.043 5.053 5.055 5.051 5.039 5.020 4.994 4.961 4.920 4.872 4.817 4.788 4.824 4.860 4.897 4.933 4.969 5.005 5.041 5.077 5.113 5.149 5.185 5.123 4.867 4.622 4.388
2.935 2.811 2.684 2.552 2.416 2.275 2.130 1.981 1.828 1.671 1.509 1.343 1.243 1.554 1.883 2.229 2.593 2.974 3.374 3.790 4.225 4.677 5.146 5.633 6.044 5.951 5.843 5.718 5.578 5.422 5.250 5.062 4.859 4.639 4.403 4.152 3.946 4.040 4.139 4.224 4.302 4.377 4.447 4.515 4.578 4.638 4.694 4.747 4.787 4.778 4.763 4.741 4.711 4.674 4.630 4.579 4.521 4.455 4.382 4.302 4.238 4.275 4.311 4.347 4.383 4.419 4.455 4.491 4.527 4.563 4.599 4.634 4.620 4.402 4.195 3.999
3.059 2.922 2.779 2.632 2.481 2.325 2.166 2.002 1.833 1.661 1.484 1.303 1.117 1.490 1.881 2.289 2.714 3.158 3.619 4.097 4.593 5.107 5.638 6.187 6.746 6.597 6.433 6.253 6.057 5.845 5.618 5.372 5.044 4.729 4.430 4.145 3.882 3.959 4.032 4.101 4.166 4.228 4.286 4.340 4.391 4.438 4.481 4.521 4.555 4.522 4.481 4.434 4.379 4.317 4.248 4.172 4.089 3.998 3.900 3.795 3.690 3.726 3.763 3.799 3.835 3.871 3.907 3.942 3.978 4.014 4.050 4.085 4.108 3.928 3.759 3.601
3.176 3.037 2.879 2.717 2.551 2.380 2.206 2.027 1.843 1.656 1.464 1.268 1.067 1.407 1.859 2.329 2.817 3.322 3.845 4.385 4.943 5.518 6.111 6.722 7.319 7.051 6.686 6.335 5.999 5.678 5.371 5.078 4.801 4.537 4.289 4.054 3.835 3.865 3.925 3.982 4.034 4.083 4.128 4.170 4.208 4.242 4.273 4.300 4.323 4.272 4.207 4.135 4.055 3.968 3.874 3.773 3.664 3.548 3.426 3.296 3.158 3.179 3.215 3.251 3.287 3.323 3.358 3.394 3.430 3.466 3.501 3.537 3.572 3.444 3.313 3.193
3.305 3.157 2.984 2.807 2.626 2.440 2.250 2.056 1.858 1.655 1.448 1.237 1.022 1.305 1.819 2.351 2.900 3.451 3.960 4.448 4.914 5.360 5.784 6.187 6.568 6.437 6.123 5.823 5.538 5.268 5.011 4.770 4.543 4.331 4.133 3.949 3.781 3.776 3.823 3.866 3.906 3.942 3.975 4.004 4.029 4.050 4.068 4.082 4.092 4.031 3.940 3.843 3.738 3.626 3.507 3.381 3.247 3.107 2.959 2.804 2.642 2.632 2.668 2.704 2.740 2.775 2.811 2.847 2.882 2.918 2.953 2.989 3.024 2.950 2.857 2.775
3.447 3.281 3.093 2.901 2.705 2.504 2.299 2.090 1.877 1.659 1.476 1.308 1.102 1.290 1.810 2.308 2.786 3.242 3.677 4.090 4.483 4.854 5.204 5.533 5.841 5.809 5.546 5.297 5.063 4.843 4.638 4.447 4.271 4.109 3.962 3.830 3.712 3.690 3.724 3.755 3.782 3.805 3.825 3.841 3.853 3.862 3.867 3.868 3.866 3.796 3.681 3.558 3.429 3.292 3.148 2.996 2.838 2.672 2.500 2.320 2.132 2.086 2.122 2.158 2.193 2.229 2.265 2.300 2.336 2.371 2.407 2.442 2.477 2.447 2.392 2.359
3.601 3.410 3.207 3.127 3.092 3.019 2.907 2.758 2.570 2.344 2.081 1.779 1.439 1.400 1.846 2.270 2.673 3.055 3.416 3.756 4.074 4.371 4.647 4.902 5.136 5.166 4.954 4.756 4.572 4.404 4.249 4.109 3.984 3.873 3.777 3.695 3.628 3.608 3.630 3.648 3.662 3.672 3.679 3.682 3.682 3.678 3.670 3.658 3.643 3.569 3.429 3.282 3.127 2.965 2.796 2.620 2.436 2.246 2.048 1.843 1.631 1.541 1.576 1.612 1.648 1.683 1.719 1.754 1.809 1.893 1.973 2.050 2.124 2.163 2.176 2.197
4.890 4.930 4.837 4.707 4.538 4.331 4.086 3.803 3.482 3.123 2.726 2.291 1.817 1.532 1.904 2.254 2.583 2.891 3.178 3.444 3.688 3.912 4.114 4.295 4.455 4.509 4.348 4.201 4.068 3.950 3.846 3.757 3.683 3.623 3.577 3.546 3.530 3.530 3.539 3.544 3.546 3.543 3.537 3.528 3.514 3.498 3.477 3.453 3.425 3.350 3.185 3.012 2.833 2.646 2.452 2.250 2.042 1.827 1.604 1.374 1.137 1.025 1.120 1.211 1.299 1.384 1.466 1.545 1.620 1.693 1.763 1.830 1.893 1.944 1.982 2.028
6.724 6.816 6.590 6.325 6.023 5.683 5.304 4.888 4.433 3.941 3.411 2.843 2.236 1.687 1.984 2.261 2.516 2.750 2.963 3.155 3.325 3.475 3.603 3.710 3.796 3.838 3.727 3.631 3.549 3.482 3.429 3.391 3.367 3.357 3.363 3.382 3.417 3.456 3.452 3.444 3.433 3.418 3.399 3.377 3.351 3.321 3.288 3.251 3.210 3.138 2.948 2.750 2.546 2.334 2.159 2.004 1.838 1.661 1.473 1.274 1.064 0.914 0.997 1.078 1.155 1.230 1.301 1.369 1.435 1.497 1.556 1.612 1.666 1.718 1.782 1.853
8.542 8.696 8.381 7.984 7.548 7.074 6.563 6.013 5.425 4.800 4.136 3.435 2.695 1.918 2.087 2.290 2.471 2.631 2.770 2.888 2.985 3.061 3.115 3.149 3.161 3.152 3.092 3.047 3.016 2.999 2.997 3.009 3.036 3.078 3.134 3.204 3.289 3.386 3.369 3.349 3.324 3.297 3.265 3.230 3.191 3.149 3.103 3.107 3.138 3.161 3.024 2.875 2.714 2.543 2.361 2.167 1.963 1.747 1.520 1.282 1.033 0.805 0.878 0.948 1.015 1.079 1.140 1.197 1.252 1.304 1.353 1.398 1.441 1.487 1.575 1.671
