DATA/SHG/ECMWF/20170628/EN-9/20170701.en-9.asc
ncols        190
nrows        64
xllcorner    -5100000.000000000000
yllcorner    4130000.000000000000
cellsize     10000.000000000000
NODATA_value  -99999.000
[rows 32 to 63 of 64, columns 72 to 143 of 190]
10.437 10.769 10.452 10.111 9.747 9.358 8.946 8.510 8.050 7.566 7.058 6.527 5.971 5.516 5.686 5.873 6.079 6.301 6.542 6.800 7.076 7.370 7.675 7.987 8.314 8.804 9.825 10.874 11.951 13.055 14.187 15.346 16.533 17.747 18.988 20.258 21.554 22.106 21.195 20.247 19.263 18.243 17.186 16.092 14.962 13.897 13.098 12.284 11.455 12.187 14.632 16.993 19.270 21.463 23.571 25.596 27.536 29.392 31.165 32.853 34.457 34.175 32.645 31.128 29.625 28.135 26.658 25.194 23.744 22.308 20.884 19.474
11.286 11.776 11.379 10.956 10.508 10.036 9.541 9.022 8.479 7.912 7.322 6.707 6.069 5.440 5.671 5.920 6.187 6.471 6.773 7.093 7.431 7.786 8.152 8.527 8.916 9.391 10.535 11.706 12.905 14.131 15.384 16.665 17.974 19.310 20.673 22.064 23.557 24.734 23.988 23.227 22.451 21.660 20.853 20.032 19.195 18.343 17.477 16.595 15.697 15.857 17.931 19.920 21.826 23.647 25.384 27.037 28.606 30.091 31.492 32.809 34.042 33.945 32.474 31.016 29.571 28.139 26.721 25.316 23.925 22.547 21.182 19.830
12.116 12.669 12.328 11.821 11.290 10.736 10.158 9.556 8.930 8.280 7.607 6.910 6.189 5.444 5.640 5.950 6.278 6.624 6.988 7.369 7.768 8.185 8.613 9.050 9.501 9.966 11.213 12.629 14.504 16.348 18.162 19.944 21.695 23.415 25.104 26.761 28.388 29.733 28.919 28.091 27.247 26.388 25.514 24.624 23.720 22.800 21.866 20.916 19.951 19.612 21.314 22.932 24.466 25.916 27.282 28.564 29.761 30.875 31.905 32.851 33.713 33.702 32.289 30.890 29.503 28.130 26.771 25.424 24.092 22.772 21.466 20.173
12.927 13.544 13.298 12.708 12.094 11.457 10.796 10.111 9.402 8.670 7.914 7.134 6.330 5.503 5.592 5.964 6.354 6.761 7.186 7.906 9.090 10.334 11.551 12.731 13.959 15.235 16.958 18.727 20.465 22.171 23.846 25.491 27.104 28.686 30.237 31.758 33.247 34.705 33.861 32.965 32.053 31.126 30.184 29.227 28.255 27.268 26.266 25.248 24.216 23.450 24.781 26.028 27.190 28.269 29.264 30.175 31.002 31.745 32.404 32.980 33.471 33.446 32.092 30.751 29.423 28.108 26.807 25.520 24.245 22.984 21.736 20.502
13.721 14.401 14.288 13.616 12.920 12.199 11.456 10.688 9.897 9.081 8.243 7.380 6.754 6.416 6.968 8.060 9.212 10.423 11.694 13.025 14.416 15.866 17.291 18.681 20.118 21.603 23.221 24.852 26.452 28.021 29.558 31.065 32.541 33.985 35.399 36.781 38.132 39.453 38.813 37.849 36.870 35.875 34.866 33.841 32.801 31.746 30.676 29.591 28.491 27.376 28.331 29.207 29.999 30.707 31.332 31.872 32.328 32.701 32.989 33.194 33.315 33.177 31.881 30.598 29.329 28.073 26.831 25.601 24.385 23.183 21.994 20.818
14.496 15.239 15.301 14.545 13.766 13.250 12.973 12.679 12.367 12.038 11.690 11.325 10.942 10.542 10.993 12.291 13.650 15.068 16.546 18.083 19.681 21.338 22.971 24.570 26.216 27.910 29.511 31.004 32.466 33.897 35.297 36.666 38.004 39.311 40.587 41.832 43.046 44.229 43.776 42.744 41.697 40.635 39.558 38.465 37.358 36.236 35.098 33.945 32.778 31.595 31.966 32.471 32.892 33.230 33.484 33.654 33.739 33.742 33.660 33.494 33.245 32.895 31.657 30.433 29.222 28.025 26.841 25.670 24.512 23.368 22.237 21.120
16.590 17.953 18.795 18.509 18.206 17.885 17.546 17.190 16.815 16.423 16.014 15.587 15.142 14.679 14.958 16.463 18.028 19.653 21.337 23.081 24.885 26.749 28.590 30.397 32.253 34.155 35.827 37.182 38.507 39.800 41.063 42.294 43.495 44.664 45.803 46.910 47.987 49.032 48.749 47.650 46.535 45.405 44.261 43.101 41.926 40.736 39.531 38.310 37.075 35.825 35.684 35.819 35.870 35.837 35.720 35.520 35.236 34.868 34.416 33.881 33.261 32.558 31.421 30.255 29.103 27.963 26.838 25.725 24.626 23.540 22.468 21.409
20.953 22.459 23.628 23.280 22.914 22.531 22.130 21.711 21.274 20.820 20.349 19.859 19.352 18.827 18.863 20.574 22.346 24.177 26.068 28.019 30.029 32.099 34.147 36.164 38.228 40.339 42.170 43.388 44.575 45.731 46.856 47.950 49.013 50.045 51.046 52.016 52.955 53.864 53.733 52.566 51.384 50.186 48.974 47.747 46.504 45.247 43.974 42.686 41.383 40.066 39.486 39.250 38.931 38.528 38.042 37.471 36.817 36.080 35.258 34.353 33.364 32.291 31.171 30.063 28.969 27.889 26.779 25.569 24.355 23.139 21.919 20.696
25.272 26.921 28.471 28.061 27.633 27.187 26.724 26.243 25.745 25.228 24.694 24.143 23.573 22.986 22.708 24.626 26.604 28.642 30.739 32.896 35.113 37.389 39.645 41.870 44.143 46.462 48.539 49.620 50.669 51.688 52.676 53.632 54.558 55.453 56.317 57.150 57.951 58.722 58.727 57.493 56.243 54.978 53.698 52.403 51.093 49.768 48.428 47.073 45.703 44.318 43.371 42.766 42.077 41.304 40.448 39.508 38.484 37.338 35.994 34.597 33.147 31.643 30.328 29.116 27.902 26.683 25.462 24.237 23.010 21.778 20.544 19.306
29.546 31.338 33.170 32.853 32.363 31.855 31.329 30.786 30.226 29.647 29.051 28.437 27.806 27.157 26.493 28.618 30.802 33.046 35.350 37.713 40.136 42.618 45.081 47.515 49.996 52.525 54.935 55.878 56.790 57.672 58.522 59.342 60.130 60.888 61.615 62.310 62.975 63.609 63.732 62.430 61.113 59.780 58.433 57.071 55.693 54.301 52.893 51.471 49.968 48.198 46.734 45.527 44.267 42.954 41.588 40.168 38.696 37.171 35.593 33.962 32.277 30.540 29.075 27.849 26.619 25.386 24.151 22.911 21.669 20.423 19.174 17.922
33.776 35.710 37.685 37.655 37.103 36.533 35.946 35.341 34.718 34.077 33.419 32.743 32.050 31.339 30.610 32.550 34.941 37.391 39.900 42.470 45.098 47.787 50.457 53.099 55.789 58.526 61.310 62.163 62.939 63.683 64.396 65.078 65.730 66.350 66.940 67.498 68.026 68.523 68.747 67.268 64.901 62.664 60.557 58.580 56.732 55.015 53.427 51.969 50.640 49.442 48.262 46.820 45.326 43.779 42.179 40.525 38.819 37.060 35.248 33.382 31.464 29.493 27.827 26.586 25.342 24.095 22.844 21.590 20.333 19.073 17.809 16.542
37.961 40.038 42.155 42.469 41.854 41.223 40.573 39.906 39.221 38.518 37.798 37.060 36.305 35.532 34.741 36.423 39.020 41.676 44.391 47.166 50.001 52.895 55.773 58.623 61.521 64.466 67.458 68.475 69.113 69.721 70.236 69.586 68.920 68.238 67.541 66.827 66.098 65.353 64.578 62.654 60.860 59.195 57.660 56.255 54.979 53.834 52.818 51.931 51.175 50.548 49.844 48.168 46.440 44.659 42.824 40.937 38.997 37.004 34.958 32.858 30.706 28.501 26.584 25.328 24.070 22.808 21.543 20.274 19.003 17.728 16.450 15.168
42.102 44.321 46.581 47.293 46.617 45.923 45.211 44.482 43.735 42.970 42.188 41.389 40.571 39.736 38.884 40.237 43.039 45.901 48.822 51.803 54.843 57.943 59.994 61.928 63.816 65.657 67.452 67.457 66.786 66.098 65.394 64.675 63.939 63.188 62.421 61.638 60.840 60.025 59.195 57.905 56.683 55.590 54.627 53.794 53.090 52.516 52.071 51.756 51.571 51.516 51.480 49.571 47.609 45.593 43.525 41.404 39.230 37.003 34.723 32.390 30.004 27.566 25.346 24.076 22.803 21.526 20.247 18.964 17.677 16.388 15.095 13.799
46.198 48.560 50.962 52.128 51.390 50.634 49.860 49.069 48.260 47.434 46.590 45.728 44.849 43.952 43.037 43.159 45.164 47.111 48.998 50.827 52.597 54.308 56.024 57.754 59.437 61.074 62.664 62.848 62.106 61.349 60.576 59.787 58.982 58.162 57.325 56.473 55.605 54.721 53.821 53.022 52.372 51.850 51.459 51.197 51.064 51.061 51.188 51.444 51.830 52.345 52.990 51.028 48.831 46.582 44.280 41.926 39.518 37.057 34.544 31.977 29.358 26.686 24.113 22.828 21.541 20.250 18.956 17.658 16.357 15.053 13.746 12.435
50.250 52.754 55.299 56.974 56.174 55.356 54.520 53.667 51.747 49.852 48.003 46.199 44.441 42.729 41.063 40.662 42.465 44.210 45.895 47.522 49.090 50.599 52.112 53.637 55.116 56.548 57.934 58.261 57.451 56.624 55.781 54.923 54.049 53.159 52.253 51.331 50.394 49.441 48.471 48.005 47.926 47.976 48.155 48.464 48.903 49.471 50.168 50.995 51.951 53.037 54.253 52.539 50.109 47.626 45.091 42.502 39.861 37.167 34.420 31.620 28.767 25.861 22.903 21.586 20.284 18.978 17.669 16.357 15.042 13.724 12.402 11.077
54.223 55.718 57.163 58.100 56.135 54.216 52.342 50.514 48.731 46.994 45.303 43.657 42.057 40.502 38.993 38.222 39.823 41.365 42.848 44.273 45.639 46.946 48.256 49.577 50.852 52.080 53.262 53.698 52.818 51.922 51.010 50.082 49.139 48.180 47.204 46.213 45.206 44.184 43.145 42.854 43.345 43.966 44.716 45.596 46.605 47.743 49.011 50.409 51.935 53.592 55.377 54.104 51.441 48.724 45.955 43.133 40.259 37.331 34.351 31.318 28.232 25.093 21.901 20.349 19.032 17.712 16.388 15.062 13.732 12.399 11.063 9.723
50.455 51.776 53.046 54.257 52.450 50.688 48.972 47.302 45.677 44.098 42.564 41.076 39.633 38.236 36.885 35.837 37.236 38.576 39.858 41.081 42.245 43.350 44.457 45.574 46.645 47.669 48.646 49.159 48.209 47.244 46.262 45.265 44.252 43.224 42.179 41.119 40.043 38.951 37.843 37.568 38.630 39.821 41.142 42.592 44.171 45.880 47.718 49.685 51.782 54.008 56.364 55.723 52.827 49.877 46.875 43.819 40.712 37.551 34.337 31.071 27.752 24.380 20.955 19.116 17.785 16.450 15.113 13.771 12.427 11.079 9.796 8.707
46.739 47.886 48.982 50.027 48.727 47.123 45.565 44.052 42.585 41.163 39.787 38.456 37.171 35.932 34.738 33.590 34.706 35.844 36.924 37.945 38.907 39.811 40.715 41.628 42.495 43.315 44.088 44.642 43.623 42.588 41.538 40.471 39.389 38.291 37.177 36.048 34.902 33.741 32.564 32.148 33.780 35.542 37.433 39.453 41.602 43.880 46.288 48.825 51.492 54.287 57.212 57.397 54.267 51.084 47.849 44.560 41.219 37.825 34.379 30.879 27.327 23.707 20.016 17.873 16.623 15.436 14.309 13.245 12.242 11.301 10.421 9.603
43.075 44.048 44.970 45.841 44.967 43.520 42.119 40.764 39.454 38.190 36.971 35.798 34.671 33.589 32.552 31.561 32.231 33.168 34.046 34.865 35.626 36.328 37.030 37.739 38.401 39.018 39.587 40.111 39.060 37.956 36.837 35.701 34.549 33.382 32.199 31.000 29.786 28.555 27.309 26.594 28.796 31.128 33.588 36.178 38.897 41.745 44.722 47.829 51.064 54.429 57.923 59.124 55.718 51.956 48.209 44.478 40.761 37.060 33.374 29.703 26.047 22.407 18.782 16.544 15.565 14.647 13.791 12.997 12.265 11.594 10.984 10.436
39.463 40.262 41.009 41.706 41.168 39.879 38.636 37.438 36.286 35.179 34.118 33.102 32.132 31.207 30.327 29.494 29.813 30.548 31.224 31.842 32.401 32.902 33.401 33.906 34.365 34.777 35.143 35.463 34.521 33.348 32.159 30.954 29.733 28.497 27.244 25.976 24.692 23.393 22.078 20.907 23.678 26.579 29.609 32.774 36.219 39.620 42.976 46.287 49.553 52.775 55.951 57.523 53.811 50.115 46.434 42.769 39.118 35.483 31.863 28.258 24.668 21.094 17.535 15.153 14.445 13.798 13.212 12.688 12.226 11.825 11.485 11.207
35.903 36.527 37.101 37.624 37.332 36.200 35.115 34.074 33.079 32.130 31.225 30.367 29.554 28.786 28.064 27.387 27.450 27.983 28.459 28.875 29.233 29.532 29.829 30.130 30.385 30.594 30.757 30.873 30.005 28.762 27.504 26.230 24.940 23.634 22.313 21.448 20.641 19.866 19.122 18.409 21.499 24.882 28.222 31.516 34.766 37.971 41.131 44.247 47.317 50.344 53.325 55.536 51.891 48.261 44.646 41.046 37.462 33.893 30.339 26.800 23.276 19.768 16.274 13.702 13.264 12.887 12.571 12.317 12.125 11.994 11.924 11.916
32.394 32.845 33.245 33.594 33.458 32.484 31.555 30.672 29.834 29.042 28.295 27.594 26.938 26.327 25.762 25.242 25.143 25.475 25.749 25.964 26.121 26.219 26.313 26.411 26.463 26.468 26.677 26.920 26.468 25.581 24.724 23.899 23.105 22.342 21.611 20.910 20.240 19.601 18.994 18.417 20.876 24.064 27.208 30.307 33.361 36.371 39.336 42.256 45.131 47.962 50.748 53.489 49.958 46.394 42.845 39.311 35.793 32.289 28.801 25.328 21.870 18.428 15.000 12.191 12.022 11.915 11.869 11.885 11.963 12.102 12.302 12.564
28.938 29.214 29.440 29.616 29.546 28.729 27.958 27.232 26.551 25.916 25.326 24.782 24.283 23.829 23.421 23.059 22.892 23.023 23.190 23.393 23.593 23.789 24.008 24.250 24.489 24.725 24.959 25.189 24.941 24.190 23.471 22.782 22.125 21.498 20.903 20.339 19.805 19.303 18.832 18.392 20.302 23.295 26.243 29.146 32.005 34.819 37.589 40.314 42.994 45.630 48.220 50.767 48.012 44.514 41.031 37.563 34.110 30.673 27.251 23.843 20.452 17.075 13.713 10.618 10.719 10.882 11.106 11.392 11.739 12.148 12.617 13.149
25.532 25.635 25.688 25.690 25.597 24.937 24.323 23.754 23.230 22.752 22.319 22.091 21.928 21.746 21.547 21.330 21.179 21.377 21.572 21.763 21.951 22.136 22.343 22.572 22.799 23.024 23.245 23.464 23.382 22.767 22.184 21.632 21.111 20.621 20.162 19.734 19.338 18.972 18.637 18.333 19.776 22.573 25.326 28.034 30.698 33.317 35.891 38.421 40.906 43.346 45.742 48.093 46.053 42.621 39.203 35.801 32.415 29.043 25.687 22.345 19.019 15.708 12.413 9.132 9.356 9.788 10.282 10.837 11.454 12.132 12.871 13.672
22.178 22.108 21.987 21.815 21.918 21.837 21.720 21.585 21.431 21.260 21.071 20.864 20.639 20.396 20.135 19.856 19.589 19.776 19.959 20.139 20.315 20.487 20.682 20.900 21.115 21.327 21.537 21.744 21.790 21.312 20.865 20.449 20.065 19.711 19.389 19.097 18.836 18.607 18.408 18.241 19.298 21.900 24.458 26.971 29.440 31.863 34.243 36.577 38.867 41.113 43.313 45.469 44.081 40.714 37.363 34.027 30.706 27.400 24.110 20.834 17.574 14.329 11.099 7.884 7.932 8.633 9.397 10.221 11.107 12.055 13.064 14.134
20.301 20.522 20.728 20.920 21.097 20.998 20.819 20.622 20.407 20.174 19.923 19.655 19.368 19.064 18.741 18.401 18.043 18.180 18.351 18.519 18.683 18.844 19.027 19.233 19.436 19.636 19.834 20.028 20.165 19.824 19.513 19.234 18.985 18.768 18.582 18.426 18.302 18.209 18.146 18.115 18.868 21.275 23.638 25.956 28.230 30.458 32.643 34.782 36.877 38.928 40.934 42.895 42.096 38.795 35.510 32.239 28.984 25.744 22.519 19.310 16.115 12.936 9.772 6.623 6.446 7.418 8.450 9.544 10.700 11.916 13.194 14.533
19.696 19.866 20.022 20.163 20.290 20.176 19.935 19.677 19.400 19.106 18.793 18.463 18.115 17.749 17.365 16.964 16.544 16.588 16.748 16.904 17.056 17.205 17.376 17.570 17.761 17.950 18.135 18.318 18.498 18.303 18.128 17.985 17.873 17.792 17.742 17.723 17.734 17.777 17.851 17.956 18.487 20.699 22.867 24.990 27.068 29.102 31.092 33.036 34.937 36.792 38.603 40.370 40.098 36.863 33.643 30.439 27.249 24.075 20.916 17.772 14.643 11.530 8.431 5.348 4.901 6.141 7.463 8.861 10.248 11.626 12.994 14.352
19.105 19.225 19.331 19.421 19.498 19.372 19.070 18.749 18.411 18.055 17.682 17.290 16.880 16.453 16.007 15.544 15.063 15.002 15.150 15.294 15.435 15.572 15.731 15.913 16.092 16.268 16.442 16.613 16.781 16.749 16.711 16.704 16.728 16.783 16.869 16.986 17.134 17.312 17.522 17.763 18.153 20.171 22.143 24.072 25.956 27.795 29.589 31.339 33.045 34.706 36.322 37.894 38.087 34.918 31.764 28.625 25.501 22.396 19.354 16.371 13.449 10.588 7.786 5.045 4.394 5.768 7.133 8.487 9.832 11.167 12.493 13.808
18.529 18.598 18.654 18.694 18.720 18.585 18.221 17.840 17.440 17.023 16.587 16.134 15.663 15.174 14.667 14.143 13.600 13.420 13.556 13.689 13.818 13.943 14.091 14.261 14.428 14.592 14.754 14.913 15.069 15.163 15.261 15.390 15.550 15.741 15.963 16.216 16.500 16.814 17.160 17.537 17.945 19.691 21.469 23.202 24.891 26.536 28.136 29.691 31.200 32.560 33.884 35.172 35.699 32.619 29.598 26.639 23.739 20.899 18.120 15.402 12.743 10.145 7.607 5.129 4.158 5.490 6.812 8.124 9.426 10.719 12.002 13.275
17.967 17.986 17.991 17.981 17.957 17.816 17.391 16.948 16.487 16.008 15.511 14.996 14.464 13.913 13.345 12.759 12.155 11.844 11.968 12.089 12.206 12.319 12.455 12.613 12.768 12.921 13.070 13.217 13.361 13.544 13.778 14.043 14.339 14.666 15.024 15.413 15.832 16.283 16.765 17.277 17.695 18.990 20.445 21.864 23.248 24.595 25.906 27.181 28.420 29.623 30.790 31.920 32.825 30.008 27.251 24.555 21.919 19.343 16.827 14.371 11.976 9.641 7.367 5.152 3.932 5.221 6.501 7.770 9.030 10.280 11.521 12.751
17.419 17.388 17.343 17.283 17.208 17.065 16.578 16.074 15.551 15.011 14.452 13.876 13.282 12.671 12.041 11.394 10.728 10.272 10.385 10.494 10.599 10.701 10.825 10.971 11.114 11.254 11.392 11.527 11.659 11.892 12.263 12.777 13.294 13.782 14.239 14.665 15.062 15.427 15.763 16.067 16.342 17.352 18.649 19.911 21.137 22.327 23.481 24.599 25.681 26.727 27.736 28.710 29.648 27.338 24.844 22.411 20.038 17.726 15.473 13.281 11.149 9.077 7.066 5.114 3.716 4.963 6.200 7.427 8.644 9.852 11.050 12.238
16.886 16.805 16.709 16.599 16.474 16.331 15.783 15.217 14.633 14.031 13.412 12.774 12.119 11.446 10.755 10.046 9.319 8.706 8.806 8.903 8.997 9.087 9.339 9.679 10.020 10.364 10.709 11.056 11.405 11.796 12.241 12.656 13.041 13.395 13.719 14.012 14.275 14.508 14.710 14.882 15.023 15.753 16.894 17.999 19.068 20.100 21.097 22.058 22.983 23.872 24.724 25.541 26.322 24.608 22.378 20.208 18.098 16.049 14.060 12.130 10.262 8.453 6.704 5.016 3.510 4.714 5.909 7.094 8.268 9.434 10.589 11.735
