DATA/SHG/ECMWF/20170628/EN-9/20170712.en-9.asc
ncols        190
nrows        64
xllcorner    -5100000.000000000000
yllcorner    4130000.000000000000
cellsize     10000.000000000000
NODATA_value  -99999.000
[rows 0 to 32 of 64, columns 74 to 147 of 190]
6.798 6.671 6.527 6.368 6.193 6.003 5.797 5.610 5.508 5.446 5.424 5.442 5.500 5.598 5.736 5.913 6.131 6.389 6.686 7.079 7.632 8.139 8.622 9.083 9.520 9.936 10.328 10.697 11.044 11.368 11.670 11.843 11.667 11.492 11.319 11.148 10.979 10.811 10.645 10.480 10.318 10.157 9.997 10.097 11.006 11.934 12.883 13.852 14.841 15.850 16.879 17.928 18.998 20.087 21.196 21.933 21.512 21.077 20.630 20.169 19.694 19.207 18.706 18.191 17.664 17.123 16.568 16.077 15.784 15.471 15.138 14.784 14.410 14.015
7.216 6.999 6.768 6.534 6.297 6.059 5.817 5.619 5.657 5.735 5.852 6.010 6.208 6.445 6.723 7.040 7.397 7.794 8.231 8.708 9.159 9.563 9.945 10.303 10.639 10.952 11.243 11.510 11.755 11.977 12.177 12.315 12.147 11.979 11.814 11.650 11.488 11.328 11.169 11.012 10.856 10.703 10.550 10.544 11.542 12.561 13.600 14.658 15.737 16.836 17.955 19.093 20.252 21.431 22.630 23.613 23.132 22.637 22.130 21.609 21.075 20.527 19.967 19.392 18.805 18.204 17.590 17.002 16.619 16.215 15.791 15.347 14.882 14.398
7.290 7.052 6.812 6.569 6.324 6.076 5.825 5.591 5.769 5.986 6.244 6.541 6.878 7.255 7.672 8.129 8.625 9.162 9.738 10.354 10.710 11.012 11.291 11.548 11.782 11.993 12.182 12.347 12.491 12.611 12.709 12.783 12.624 12.464 12.306 12.149 11.995 11.842 11.690 11.540 11.392 11.246 11.101 10.969 12.057 13.165 14.294 15.442 16.610 17.799 19.007 20.236 21.484 22.753 24.041 25.304 24.763 24.209 23.642 23.061 22.467 21.860 21.239 20.605 19.958 19.298 18.624 17.890 17.333 16.804 16.300 15.824 15.374 14.951
7.355 7.108 6.859 6.607 6.352 6.095 5.835 5.573 5.844 6.201 6.598 7.035 7.511 8.028 8.584 9.180 9.816 10.491 11.207 11.962 12.283 12.484 12.661 12.816 12.948 13.058 13.144 13.208 13.250 13.268 13.264 13.238 13.098 12.946 12.795 12.646 12.499 12.353 12.209 12.067 11.926 11.787 11.649 11.514 12.549 13.747 14.965 16.203 17.461 18.739 20.037 21.355 22.693 24.051 25.429 26.827 26.406 25.793 25.023 24.133 23.264 22.417 21.591 20.787 20.005 19.245 18.507 17.790 17.334 16.923 16.538 16.180 15.848 15.543
7.422 7.166 6.908 6.647 6.383 6.117 5.848 5.577 5.883 6.379 6.915 7.491 8.107 8.763 9.458 10.193 10.968 11.783 12.638 13.532 13.880 13.979 14.055 14.108 14.138 14.146 14.131 14.093 14.033 13.950 13.845 13.716 13.571 13.426 13.282 13.140 13.000 12.862 12.725 12.590 12.457 12.325 12.195 12.067 13.019 14.306 15.614 16.941 18.289 19.566 20.748 21.898 23.015 24.100 25.152 26.172 25.694 24.857 24.041 23.247 22.475 21.725 20.996 20.289 19.604 18.940 18.298 17.678 17.308 17.015 16.749 16.509 16.295 16.109
7.492 7.227 6.959 6.689 6.417 6.141 5.863 5.583 5.884 6.520 7.195 7.911 8.666 9.460 10.295 11.169 12.083 13.037 14.030 15.064 15.501 15.497 15.472 15.423 15.352 15.258 15.142 15.002 14.841 14.656 14.449 14.219 14.040 13.903 13.767 13.632 13.499 13.368 13.239 13.111 12.982 12.848 12.712 12.572 13.326 14.526 15.694 16.829 17.931 19.002 20.040 21.045 22.018 22.959 23.867 24.743 24.498 23.757 23.039 22.341 21.666 21.012 20.380 19.770 19.181 18.614 18.068 17.545 17.256 17.081 16.933 16.811 16.716 16.647
7.564 7.290 7.013 6.734 6.452 6.168 5.881 5.592 5.849 6.624 7.439 8.293 9.187 10.121 11.094 12.107 13.160 14.253 15.385 16.557 17.144 17.040 16.912 16.762 16.589 16.394 16.176 15.935 15.672 15.386 15.077 14.752 14.530 14.407 14.281 14.152 14.020 13.885 13.747 13.605 13.461 13.314 13.163 13.010 13.518 14.573 15.597 16.588 17.546 18.472 19.366 20.228 21.057 21.853 22.617 23.349 23.281 22.637 22.015 21.415 20.836 20.278 19.743 19.229 18.737 18.266 17.817 17.390 17.178 17.121 17.091 17.087 17.110 17.159
7.639 7.355 7.070 6.781 6.491 6.197 5.901 5.603 5.778 6.691 7.645 8.638 9.671 10.744 11.856 13.008 14.200 15.431 16.702 18.013 18.811 18.605 18.309 17.982 17.655 17.329 17.003 16.676 16.351 16.025 15.699 15.374 15.122 14.985 14.845 14.703 14.557 14.408 14.256 14.101 13.943 13.782 13.618 13.450 13.743 14.655 15.534 16.381 17.195 17.978 18.727 19.445 20.130 20.783 21.403 21.991 22.044 21.497 20.971 20.467 19.985 19.524 19.085 18.667 18.272 17.897 17.545 17.214 17.073 17.134 17.222 17.336 17.477 17.644
7.716 7.423 7.129 6.831 6.531 6.229 5.924 5.616 5.669 6.722 7.814 8.946 10.118 11.330 12.587 13.868 15.126 16.359 17.568 18.753 19.577 19.250 18.924 18.598 18.272 17.946 17.620 17.295 16.969 16.644 16.319 15.994 15.716 15.565 15.412 15.255 15.096 14.933 14.768 14.599 14.427 14.252 14.075 13.894 14.003 14.770 15.505 16.208 16.879 17.517 18.123 18.697 19.238 19.747 20.223 20.668 20.787 20.336 19.906 19.499 19.113 18.748 18.406 18.085 17.785 17.508 17.251 17.017 16.942 17.121 17.326 17.558 17.817 18.102
7.795 7.493 7.190 6.883 6.574 6.263 5.949 5.703 5.821 7.163 8.481 9.775 11.045 12.291 13.512 14.710 15.883 17.032 18.157 19.258 20.190 19.864 19.538 19.213 18.887 18.562 18.237 17.912 17.587 17.262 16.938 16.614 16.313 16.148 15.981 15.811 15.638 15.461 15.282 15.100 14.914 14.726 14.534 14.340 14.296 14.920 15.511 16.070 16.597 17.091 17.553 17.983 18.381 18.746 19.079 19.380 19.508 19.154 18.821 18.510 18.220 17.952 17.706 17.481 17.278 17.096 16.937 16.798 16.785 17.081 17.405 17.754 18.131 18.533
7.941 7.792 7.661 7.549 7.454 7.377 7.319 7.278 7.272 8.530 9.764 10.974 12.160 13.321 14.459 15.572 16.661 17.726 18.767 19.784 20.771 20.477 20.152 19.826 19.502 19.177 18.852 18.528 18.204 17.880 17.556 17.232 16.912 16.734 16.553 16.369 16.182 15.992 15.799 15.603 15.404 15.202 14.996 14.788 14.623 15.103 15.551 15.966 16.349 16.700 17.018 17.305 17.558 17.780 17.970 18.127 18.210 17.952 17.715 17.500 17.307 17.135 16.985 16.856 16.749 16.664 16.600 16.558 16.601 17.015 17.456 17.924 18.418 18.938
9.058 8.972 8.904 8.854 8.822 8.809 8.813 8.835 8.876 9.917 11.067 12.193 13.294 14.372 15.425 16.454 17.459 18.440 19.397 20.330 21.233 21.088 20.764 20.439 20.115 19.791 19.467 19.143 18.820 18.496 18.173 17.850 17.527 17.322 17.127 16.930 16.729 16.525 16.319 16.109 15.896 15.680 15.461 15.239 15.015 15.320 15.624 15.896 16.135 16.343 16.518 16.660 16.771 16.849 16.895 16.909 16.890 16.729 16.589 16.470 16.373 16.297 16.243 16.211 16.200 16.211 16.243 16.344 16.547 17.329 18.255 19.324 20.537 21.892
10.156 10.133 10.128 10.141 10.172 10.221 10.288 10.373 10.477 11.324 12.390 13.431 14.449 15.442 16.412 17.357 18.278 19.175 20.048 20.897 21.716 21.699 21.375 21.051 20.728 20.404 20.081 19.757 19.434 19.112 18.789 18.466 18.144 17.913 17.704 17.493 17.279 17.061 16.841 16.618 16.391 16.162 15.929 15.693 15.455 15.571 15.732 15.860 15.956 16.020 16.051 16.051 16.018 15.953 15.856 15.726 15.564 15.486 15.473 15.521 15.598 15.705 15.841 16.006 16.200 16.423 16.676 16.957 17.268 18.617 20.180 21.885 23.734 25.726
11.235 11.275 11.333 11.409 11.503 11.615 11.745 11.893 12.059 12.751 13.733 14.690 15.624 16.533 17.419 18.280 19.117 19.930 20.720 21.485 22.219 22.309 21.986 21.662 21.339 21.016 20.693 20.371 20.048 19.726 19.404 19.082 18.760 18.506 18.284 18.059 17.831 17.600 17.366 17.129 16.889 16.645 16.399 16.150 15.898 15.856 15.873 15.858 15.811 15.708 15.570 15.429 15.286 15.139 14.990 14.838 14.683 14.741 14.889 15.067 15.275 15.511 15.776 16.071 16.394 16.747 17.129 17.540 17.981 19.761 21.959 24.300 26.785 29.412
12.296 12.399 12.520 12.658 12.815 12.990 13.182 13.393 13.622 14.197 15.095 15.969 16.818 17.644 18.446 19.223 19.977 20.706 21.411 22.093 22.743 22.918 22.595 22.272 21.950 21.627 21.305 20.983 20.661 20.340 20.018 19.697 19.376 19.101 18.866 18.627 18.386 18.141 17.893 17.643 17.301 16.890 16.502 16.136 15.792 15.578 15.439 15.297 15.152 15.004 14.854 14.701 14.544 14.385 14.224 14.059 13.892 13.998 14.277 14.585 14.921 15.287 15.682 16.106 16.559 17.042 17.553 18.094 18.663 20.760 23.593 26.570 29.690 32.953
13.339 13.504 13.688 13.889 14.109 14.346 14.601 14.875 15.166 15.664 16.478 17.268 18.033 18.775 19.493 20.187 20.856 21.502 22.124 22.721 23.288 23.526 23.203 22.881 22.559 22.237 21.916 21.594 21.273 20.952 20.631 20.162 19.572 19.031 18.562 18.116 17.693 17.292 16.914 16.558 16.225 15.915 15.626 15.361 15.118 14.928 14.777 14.622 14.465 14.305 14.142 13.976 13.807 13.636 13.461 13.284 13.104 13.227 13.635 14.073 14.539 15.034 15.558 16.112 16.695 17.306 17.947 18.617 19.316 21.614 25.083 28.695 32.450 36.348
14.364 14.592 14.838 15.102 15.384 15.684 16.002 16.338 16.692 17.150 17.880 18.586 19.268 19.926 20.560 21.170 21.756 22.319 22.857 23.371 23.853 24.133 23.625 22.984 22.354 21.735 21.127 20.530 19.945 19.371 18.808 18.257 17.717 17.229 16.861 16.516 16.193 15.893 15.615 15.359 15.127 14.916 14.728 14.563 14.420 14.283 14.118 13.951 13.782 13.609 13.433 13.255 13.074 12.890 12.703 12.514 12.321 12.427 12.965 13.531 14.127 14.752 15.405 16.088 16.800 17.541 18.311 19.110 19.938 22.325 26.429 30.675 35.064 39.596
15.370 15.660 15.969 16.295 16.640 17.003 17.383 17.782 18.198 18.656 19.302 19.925 20.523 21.098 21.617 21.722 21.801 21.854 21.881 21.882 21.895 21.860 21.258 20.667 20.087 19.518 18.960 18.414 17.879 17.356 16.843 16.342 15.852 15.406 15.138 14.893 14.671 14.471 14.293 14.138 14.005 13.895 13.808 13.743 13.700 13.641 13.464 13.285 13.102 12.917 12.729 12.538 12.345 12.148 11.949 11.747 11.542 11.599 12.265 12.961 13.686 14.440 15.223 16.035 16.876 17.746 18.645 19.573 20.531 22.892 27.630 32.510 37.533 42.699
16.357 16.710 17.082 17.471 17.878 18.303 18.746 19.140 19.212 19.282 19.424 19.542 19.635 19.702 19.743 19.758 19.747 19.711 19.649 19.560 19.483 19.421 18.881 18.340 17.810 17.292 16.784 16.289 15.804 15.330 14.868 14.417 13.977 13.561 13.393 13.248 13.126 13.026 12.949 12.894 12.861 12.851 12.864 12.899 12.956 13.003 12.814 12.622 12.427 12.229 12.029 11.826 11.619 11.411 11.199 10.984 10.767 10.741 11.537 12.362 13.216 14.099 15.011 15.952 16.922 17.921 18.950 20.007 21.093 23.316 28.687 34.201 39.857 45.656
17.237 17.317 17.394 17.470 17.543 17.614 17.684 17.751 17.816 17.880 17.934 17.963 17.966 17.943 17.894 17.820 17.720 17.594 17.442 17.265 17.098 16.946 16.495 16.004 15.524 15.056 14.599 14.153 13.719 13.295 12.883 12.483 12.093 11.715 11.626 11.581 11.559 11.559 11.582 11.627 11.695 11.785 11.898 12.033 12.190 12.369 12.167 11.963 11.755 11.545 11.332 11.117 10.898 10.677 10.453 10.226 9.996 9.854 10.779 11.733 12.717 13.729 14.770 15.840 16.939 18.067 19.224 20.411 21.626 23.596 29.600 35.747 42.037 48.468
15.899 15.972 16.043 16.111 16.178 16.243 16.305 16.366 16.425 16.481 16.469 16.408 16.322 16.210 16.072 15.908 15.719 15.504 15.263 14.996 14.739 14.496 14.099 13.659 13.229 12.811 12.404 12.009 11.624 11.251 10.889 10.538 10.199 9.871 9.836 9.892 9.970 10.070 10.193 10.338 10.506 10.696 10.908 11.143 11.401 11.681 11.524 11.308 11.088 10.865 10.640 10.412 10.181 9.947 9.710 9.471 9.229 8.984 9.993 11.076 12.188 13.329 14.499 15.698 16.926 18.183 19.469 20.784 22.141 23.697 29.906 35.925 41.755 47.395
14.565 14.631 14.695 14.757 14.817 14.875 14.931 14.985 15.037 15.087 15.030 14.880 14.704 14.503 14.275 14.022 13.744 13.439 13.109 12.753 12.406 12.073 11.694 11.304 10.925 10.557 10.200 9.854 9.520 9.197 8.885 8.585 8.295 8.017 8.025 8.180 8.358 8.558 8.781 9.026 9.294 9.584 9.896 10.231 10.589 10.968 10.886 10.656 10.424 10.189 9.951 9.711 9.467 9.221 8.972 8.720 8.465 8.208 9.177 10.585 12.239 13.822 15.335 16.777 18.149 19.451 20.682 21.843 22.933 23.953 29.027 34.207 39.198 43.999
13.235 13.294 13.351 13.406 13.460 13.511 13.560 13.607 13.652 13.696 13.617 13.377 13.112 12.821 12.505 12.162 11.794 11.400 10.981 10.536 10.099 9.676 9.280 8.940 8.611 8.293 7.986 7.691 7.406 7.133 6.872 6.621 6.382 6.153 6.191 6.446 6.724 7.024 7.347 7.692 8.059 8.449 8.862 9.296 9.754 10.233 10.251 10.009 9.764 9.517 9.352 9.386 9.515 9.739 10.057 10.471 10.979 11.583 12.842 14.254 15.595 16.866 18.067 19.197 20.258 21.247 22.167 23.016 23.794 24.502 28.336 32.678 36.830 40.793
11.908 11.960 12.011 12.059 12.106 12.150 12.193 12.233 12.272 12.308 12.229 11.900 11.546 11.165 10.760 10.328 9.871 9.388 8.879 8.345 7.819 7.305 6.857 6.566 6.287 6.019 5.763 5.517 5.283 5.060 4.848 4.648 4.458 4.280 4.335 4.690 5.068 5.468 5.890 6.335 6.803 7.353 7.971 8.538 9.052 9.514 9.714 9.789 9.959 10.224 10.583 11.038 11.587 12.232 12.971 13.805 14.734 15.758 16.889 17.989 19.019 19.978 20.867 21.685 22.434 23.112 23.720 24.257 24.724 25.121 27.833 31.337 34.652 37.777
10.584 10.630 10.674 10.716 10.756 10.793 10.829 10.863 10.895 10.925 10.866 10.448 10.005 9.535 9.040 8.520 7.973 7.401 6.804 6.180 5.565 4.961 4.424 4.184 3.955 3.737 3.530 3.335 3.150 2.977 2.816 2.665 2.688 2.991 3.464 4.216 4.915 5.563 6.158 6.702 7.194 7.633 8.021 8.357 8.640 8.872 9.161 9.657 10.247 10.933 11.713 12.588 13.558 14.623 15.782 17.037 18.386 19.830 21.003 21.791 22.509 23.156 23.734 24.241 24.678 25.045 25.341 25.567 25.723 25.809 27.517 30.184 32.662 34.951
9.264 9.304 9.341 9.376 9.409 9.440 9.469 9.496 9.522 9.545 9.529 9.022 8.489 7.931 7.347 6.737 6.102 5.440 4.754 4.041 3.336 2.642 1.982 1.930 2.119 2.333 2.572 2.837 3.127 3.441 3.782 4.147 4.537 4.953 5.414 5.935 6.404 6.821 7.186 7.499 7.760 7.969 8.126 8.231 8.284 8.286 8.508 9.425 10.436 11.541 12.742 14.037 15.427 16.912 18.492 20.166 21.935 23.799 25.183 25.660 26.066 26.402 26.668 26.864 26.990 27.045 27.031 26.946 26.790 26.565 27.389 29.220 30.861 32.314
7.948 7.981 8.011 8.040 8.066 8.091 8.113 8.133 8.152 8.168 8.183 7.621 6.999 6.352 5.679 5.022 4.636 4.261 3.897 3.543 3.188 2.831 2.483 2.744 3.044 3.370 3.721 4.098 4.499 4.926 5.378 5.855 6.357 6.885 7.418 7.709 7.947 8.133 8.268 8.350 8.381 8.360 8.287 8.162 7.984 7.756 7.756 9.092 10.524 12.049 13.670 15.385 17.195 19.100 21.099 23.193 25.382 27.665 29.430 29.595 29.690 29.715 29.670 29.555 29.370 29.114 28.789 28.393 27.927 27.391 27.449 28.444 29.249 29.866
6.636 6.662 6.685 6.707 6.727 6.745 6.760 6.774 6.833 7.070 7.308 7.027 6.635 6.254 5.884 5.524 5.175 4.837 4.509 4.191 3.873 3.554 3.242 3.528 3.940 4.378 4.841 5.329 5.842 6.380 6.944 7.533 8.147 8.786 9.450 9.537 9.544 9.501 9.405 9.257 9.057 8.806 8.503 8.147 7.740 7.281 6.904 8.660 10.511 12.457 14.497 16.632 18.862 21.186 23.604 26.118 28.726 31.428 33.743 33.597 33.381 33.096 32.740 32.314 31.817 31.251 30.615 29.908 29.132 28.285 27.696 27.855 27.825 27.607
5.327 5.409 5.640 5.873 6.107 6.343 6.580 6.819 7.059 7.301 7.544 7.372 7.018 6.673 6.340 6.016 5.704 5.402 5.110 4.830 4.549 4.266 3.991 4.282 4.807 5.356 5.930 6.530 7.155 7.805 8.480 9.181 9.906 10.657 11.433 11.418 11.196 10.922 10.596 10.218 9.789 9.307 8.774 8.188 7.551 6.863 6.122 8.129 10.399 12.764 15.224 17.778 20.427 23.170 26.008 28.940 31.967 35.089 38.122 37.666 37.139 36.543 35.876 35.139 34.333 33.456 32.509 31.492 30.405 29.248 28.130 27.454 26.590 25.537
5.361 5.596 5.833 6.071 6.310 6.551 6.793 7.037 7.283 7.530 7.778 7.708 7.390 7.082 6.785 6.498 6.222 5.957 5.702 5.458 5.213 4.967 4.730 5.008 5.643 6.304 6.991 7.702 8.438 9.200 9.987 10.799 11.636 12.498 13.385 13.355 12.902 12.398 11.842 11.234 10.575 9.863 9.100 8.285 7.418 6.500 5.529 7.498 10.187 12.972 15.850 18.824 21.891 25.053 28.310 31.661 35.107 38.647 42.281 41.801 40.964 40.057 39.080 38.033 36.916 35.729 34.471 33.144 31.747 30.280 28.681 27.137 25.618 24.123
5.542 5.782 6.024 6.267 6.512 6.758 7.005 7.254 7.505 7.757 8.010 8.034 7.752 7.481 7.220 6.970 6.731 6.502 6.283 6.076 5.868 5.659 5.458 5.703 6.451 7.223 8.021 8.844 9.692 10.565 11.463 12.387 13.335 14.309 15.308 15.345 14.662 13.928 13.143 12.305 11.416 10.475 9.482 8.437 7.341 6.192 4.992 6.767 9.875 13.079 16.376 19.768 23.254 26.835 30.510 34.280 38.144 42.103 46.155 46.003 44.856 43.423 41.564 39.736 37.937 36.168 34.429 32.720 31.041 29.391 27.772 26.325 24.912 23.523
5.721 5.966 6.213 6.461 6.711 6.963 7.215 7.470 7.725 7.982 8.241 8.350 8.105 7.870 7.646 7.432 7.229 7.037 6.855 6.683 6.512 6.340 6.176 6.370 7.229 8.113 9.022 9.957 10.916 11.901 12.910 13.945 15.005 16.090 17.200 17.389 16.477 15.513 14.498 13.430 12.311 11.141 9.918 8.644 7.318 5.941 4.511 5.937 9.464 13.086 16.802 20.612 24.436 28.059 31.615 35.105 38.528 41.886 45.177 44.852 43.065 41.309 39.582 37.885 36.218 34.581 32.974 31.396 29.849 28.331 26.844 25.490 24.183 22.899
5.898 6.149 6.401 6.654 6.909 7.166 7.424 7.683 7.944 8.206 8.470 8.656 8.447 8.249 8.061 7.884 7.717 7.561 7.416 7.281 7.146 7.011 6.884 7.008 7.978 8.973 9.994 11.040 12.110 13.206 14.327 15.473 16.644 17.841 19.062 19.487 18.345 17.152 15.907 14.610 13.262 11.862 10.410 8.926 7.480 6.041 4.610 5.597 9.259 12.855 16.384 19.848 23.244 26.575 29.839 33.037 36.169 39.235 42.234 42.446 40.792 39.167 37.572 36.007 34.472 32.966 31.491 30.045 28.629 27.243 25.887 24.632 23.431 22.253
