DATA/SHG/ECMWF/20170628/EN-26/20170712.en-26.asc
ncols        190
nrows        64
xllcorner    -5100000.000000000000
yllcorner    4130000.000000000000
cellsize     10000.000000000000
NODATA_value  -99999.000
[rows 0 to 31 of 64, columns 0 to 71 of 190]
0.768 0.789 0.812 0.839 0.870 0.904 0.941 0.981 1.025 1.157 1.315 1.469 1.622 1.771 1.918 2.062 2.204 2.343 2.479 2.680 2.898 3.099 3.279 3.442 3.587 3.714 3.825 3.917 3.992 4.050 4.090 4.113 4.118 4.559 5.291 6.025 6.761 7.500 8.241 8.983 9.729 10.476 11.225 11.977 12.731 12.847 12.421 12.019 11.640 11.286 10.955 10.648 10.364 10.105 9.869 9.657 9.468 9.254 8.985 8.711 8.434 8.152 7.866 7.577 7.283 6.985 6.684 6.378 6.068 5.974 6.243 6.521
0.618 0.651 0.686 0.725 0.767 0.813 0.862 0.914 0.969 1.084 1.232 1.377 1.617 1.854 2.086 2.312 2.532 2.747 2.956 3.159 3.357 3.517 3.636 3.737 3.820 3.886 3.934 3.965 3.978 3.974 3.953 3.914 3.857 4.163 4.903 5.645 6.389 7.136 7.884 8.635 9.388 10.143 10.901 11.660 12.422 12.745 12.402 12.084 11.789 11.517 11.270 11.046 10.846 10.670 10.518 10.389 10.284 10.136 9.852 9.564 9.272 8.976 8.676 8.372 8.064 7.752 7.436 7.116 6.792 6.619 6.921 7.232
0.465 0.509 0.556 0.607 0.679 0.834 0.997 1.168 1.346 1.555 1.789 2.018 2.240 2.458 2.669 2.875 3.076 3.270 3.459 3.643 3.821 3.954 4.010 4.049 4.071 4.075 4.062 4.031 3.983 3.917 3.834 3.733 3.615 3.765 4.513 5.263 6.015 6.769 7.526 8.285 9.046 9.809 10.574 11.342 12.111 12.619 12.360 12.125 11.913 11.725 11.561 11.421 11.304 11.211 11.142 11.097 11.075 11.021 10.723 10.420 10.114 9.804 9.489 9.171 8.848 8.522 8.191 7.857 7.392 6.985 7.171 7.361
0.602 0.753 0.912 1.079 1.254 1.436 1.626 1.824 2.029 2.243 2.457 2.666 2.869 3.066 3.258 3.444 3.624 3.799 3.968 4.132 4.290 4.407 4.402 4.380 4.340 4.282 4.207 4.115 4.005 3.878 3.733 3.571 3.392 3.365 4.121 4.879 5.639 6.401 7.166 7.933 8.702 9.473 10.246 11.021 11.799 12.469 12.294 12.142 12.014 11.909 11.829 11.772 11.738 11.729 11.743 11.781 11.842 11.908 11.595 11.279 10.950 10.516 10.071 9.613 9.145 8.664 8.172 7.668 7.152 6.625 6.813 7.017
1.058 1.237 1.423 1.617 1.819 2.028 2.246 2.470 2.703 2.936 3.130 3.319 3.502 3.679 3.851 4.017 4.178 4.333 4.482 4.626 4.764 4.879 4.812 4.728 4.627 4.508 4.371 4.217 4.046 3.857 3.651 3.427 3.186 2.963 3.727 4.493 5.261 6.031 6.804 7.579 8.355 9.134 9.916 10.699 11.484 12.272 12.204 12.135 12.091 12.069 12.072 12.098 12.148 12.205 12.224 12.256 12.302 12.361 11.965 11.513 11.050 10.575 10.088 9.590 9.080 8.558 8.025 7.480 6.924 6.355 6.451 6.669
1.505 1.711 1.924 2.146 2.375 2.611 2.855 3.107 3.367 3.634 3.808 3.977 4.140 4.298 4.450 4.596 4.737 4.872 5.002 5.126 5.244 5.357 5.240 5.095 4.931 4.751 4.553 4.338 4.105 3.855 3.587 3.302 2.999 2.679 3.331 4.105 4.881 5.660 6.440 7.223 8.007 8.794 9.583 10.375 11.168 11.964 12.077 12.050 12.036 12.036 12.049 12.074 12.113 12.166 12.231 12.310 12.402 12.507 12.158 11.665 11.161 10.645 10.117 9.578 9.027 8.464 7.890 7.304 6.706 6.097 6.086 6.318
1.943 2.176 2.417 2.665 2.921 3.185 3.456 3.735 4.022 4.316 4.491 4.640 4.784 4.921 5.053 5.180 5.301 5.416 5.526 5.630 5.729 5.822 5.686 5.479 5.254 5.012 4.753 4.476 4.182 3.870 3.541 3.195 2.831 2.450 2.934 3.716 4.500 5.286 6.074 6.903 7.740 8.547 9.326 10.075 10.796 11.488 11.700 11.720 11.752 11.798 11.857 11.930 12.015 12.114 12.225 12.350 12.488 12.640 12.363 11.829 11.283 10.726 10.158 9.577 8.985 8.382 7.766 7.139 6.501 5.851 5.718 5.963
2.372 2.632 2.899 3.175 3.458 3.749 4.047 4.353 4.667 4.989 5.179 5.308 5.432 5.550 5.662 5.769 5.870 5.966 6.055 6.140 6.219 6.292 6.149 5.881 5.595 5.291 4.970 4.632 4.277 3.904 3.513 3.106 2.780 2.501 2.940 3.819 4.670 5.491 6.284 7.048 7.783 8.489 9.166 9.815 10.435 11.026 11.311 11.377 11.456 11.548 11.653 11.772 11.904 12.048 12.206 12.378 12.562 12.759 12.578 12.003 11.417 10.819 10.209 9.588 8.955 8.310 7.654 6.986 6.307 5.616 5.347 5.606
2.791 3.078 3.373 3.676 3.986 4.304 4.629 4.962 5.303 5.652 5.872 5.982 6.085 6.183 6.276 6.363 6.444 6.520 6.590 6.655 6.714 6.767 6.630 6.300 5.953 5.598 5.259 4.937 4.632 4.344 4.073 3.819 3.582 3.362 3.619 4.397 5.146 5.867 6.558 7.221 7.855 8.460 9.036 9.584 10.102 10.592 10.909 11.021 11.146 11.285 11.436 11.601 11.779 11.970 12.175 12.392 12.623 12.866 12.805 12.189 11.562 10.923 10.272 9.610 8.936 8.251 7.554 6.845 6.124 5.392 4.973 5.245
3.201 3.516 3.837 4.167 4.504 4.849 5.202 5.562 5.930 6.305 6.570 6.660 6.744 6.822 6.895 6.962 7.023 7.074 7.077 7.073 7.062 7.044 6.905 6.574 6.261 5.965 5.686 5.424 5.178 4.950 4.738 4.544 4.366 4.205 4.326 5.003 5.651 6.270 6.861 7.423 7.956 8.460 8.935 9.382 9.800 10.189 10.494 10.653 10.824 11.009 11.207 11.418 11.642 11.879 12.130 12.393 12.670 12.960 13.043 12.386 11.718 11.038 10.347 9.643 8.929 8.202 7.464 6.715 5.953 5.181 4.596 4.881
3.602 3.944 4.293 4.649 5.014 5.385 5.765 6.152 6.547 6.950 7.260 7.289 7.311 7.325 7.332 7.332 7.324 7.309 7.287 7.257 7.220 7.176 7.076 6.805 6.551 6.315 6.095 5.892 5.706 5.537 5.385 5.249 5.131 5.030 5.062 5.638 6.185 6.703 7.193 7.653 8.085 8.489 8.863 9.209 9.526 9.814 10.067 10.272 10.489 10.720 10.965 11.222 11.492 11.776 12.072 12.382 12.705 13.041 13.292 12.595 11.885 11.165 10.432 9.688 8.932 8.165 7.386 6.596 5.794 4.980 4.215 4.514
3.994 4.363 4.739 5.101 5.451 5.810 6.176 6.552 6.935 7.327 7.685 7.688 7.684 7.672 7.653 7.627 7.594 7.553 7.504 7.449 7.386 7.316 7.229 7.017 6.823 6.646 6.485 6.342 6.215 6.105 6.013 5.937 5.878 5.835 5.826 6.301 6.747 7.164 7.553 7.913 8.244 8.546 8.820 9.065 9.281 9.469 9.628 9.878 10.142 10.419 10.709 11.013 11.329 11.659 12.002 12.357 12.726 13.108 13.504 12.814 12.064 11.302 10.529 9.744 8.948 8.140 7.320 6.493 5.689 4.915 4.171 4.438
4.177 4.532 4.895 5.266 5.646 6.033 6.430 6.834 7.246 7.667 8.096 8.094 8.064 8.027 7.982 7.930 7.870 7.803 7.729 7.648 7.559 7.463 7.359 7.212 7.077 6.959 6.858 6.773 6.706 6.656 6.622 6.605 6.606 6.623 6.657 6.992 7.337 7.654 7.942 8.201 8.431 8.633 8.806 8.950 9.066 9.153 9.211 9.472 9.782 10.105 10.442 10.791 11.154 11.529 11.918 12.320 12.735 13.163 13.604 13.044 12.155 11.249 10.371 9.524 8.705 7.916 7.157 6.427 5.726 5.055 4.413 4.533
4.246 4.630 5.022 5.422 5.831 6.248 6.673 7.107 7.548 7.998 8.457 8.508 8.451 8.388 8.317 8.239 8.154 8.062 7.962 7.854 7.740 7.618 7.488 7.388 7.313 7.254 7.212 7.187 7.179 7.188 7.213 7.256 7.315 7.391 7.485 7.712 7.956 8.172 8.359 8.518 8.647 8.748 8.821 8.865 8.880 8.866 8.824 9.053 9.409 9.779 10.161 10.557 10.965 11.342 11.682 11.987 12.260 12.499 12.704 12.175 11.341 10.538 9.763 9.018 8.303 7.617 6.960 6.333 5.735 5.167 4.628 4.637
4.305 4.718 5.139 5.569 6.007 6.453 6.907 7.370 7.841 8.320 8.807 8.928 8.846 8.757 8.661 8.557 8.446 8.327 8.201 8.068 7.928 7.780 7.625 7.547 7.530 7.531 7.548 7.582 7.633 7.701 7.786 7.888 8.006 8.142 8.294 8.459 8.603 8.718 8.805 8.863 8.892 8.893 8.865 8.808 8.723 8.609 8.563 8.801 9.224 9.614 9.970 10.292 10.581 10.837 11.059 11.248 11.404 11.526 11.614 11.231 10.500 9.799 9.128 8.486 7.873 7.290 6.736 6.211 5.716 5.250 4.814 4.749
4.355 4.797 5.248 5.706 6.173 6.649 7.132 7.624 8.124 8.632 9.148 9.356 9.248 9.133 9.011 8.881 8.744 8.600 8.449 8.290 8.124 7.950 7.769 7.687 7.730 7.789 7.866 7.959 8.070 8.197 8.341 8.501 8.679 8.873 9.085 9.236 9.279 9.293 9.277 9.230 9.185 9.139 9.093 9.048 9.003 8.958 8.913 9.031 9.337 9.610 9.849 10.054 10.227 10.365 10.471 10.543 10.582 10.587 10.559 10.260 9.632 9.034 8.465 7.926 7.416 6.935 6.484 6.062 5.669 5.306 4.973 4.869
4.396 4.867 5.347 5.834 6.330 6.835 7.347 7.868 8.397 8.934 9.480 9.791 9.658 9.517 9.369 9.214 9.051 8.881 8.703 8.519 8.327 8.128 7.921 7.810 7.911 8.030 8.166 8.318 8.488 8.674 8.877 9.090 9.289 9.478 9.657 9.759 9.713 9.667 9.622 9.576 9.531 9.486 9.441 9.396 9.351 9.307 9.263 9.294 9.483 9.639 9.761 9.850 9.905 9.927 9.916 9.871 9.793 9.682 9.537 9.262 8.737 8.241 7.775 7.339 6.931 6.553 6.204 5.885 5.595 5.334 5.103 4.998
4.427 4.928 5.436 5.953 6.478 7.012 7.553 8.103 8.661 9.227 9.802 10.234 10.075 9.908 9.734 9.553 9.364 9.169 8.966 8.755 8.537 8.313 8.080 7.914 8.110 8.344 8.567 8.780 8.984 9.178 9.361 9.535 9.699 9.853 9.997 10.102 10.056 10.011 9.966 9.921 9.876 9.832 9.787 9.743 9.699 9.656 9.612 9.590 9.662 9.701 9.706 9.678 9.617 9.523 9.395 9.233 9.039 8.811 8.550 8.237 7.815 7.422 7.058 6.724 6.419 6.144 5.897 5.680 5.493 5.334 5.206 5.136
4.449 4.979 5.516 6.062 6.617 7.179 7.749 8.328 8.915 9.511 10.114 10.684 10.499 10.306 10.107 9.900 9.686 9.454 9.240 9.053 8.895 8.765 8.663 8.600 8.808 9.007 9.195 9.374 9.543 9.702 9.851 9.990 10.119 10.238 10.348 10.444 10.399 10.354 10.309 10.265 10.221 10.177 10.134 10.090 10.047 10.004 9.961 9.918 9.874 9.796 9.685 9.540 9.362 9.151 8.907 8.629 8.318 7.973 7.596 7.185 6.865 6.575 6.314 6.082 5.880 5.706 5.563 5.448 5.363 5.307 5.280 5.283
4.462 5.021 5.587 6.162 6.746 7.337 7.936 8.544 9.160 9.784 10.333 10.839 10.631 10.374 10.145 9.945 9.773 9.629 9.513 9.425 9.366 9.335 9.332 9.357 9.516 9.679 9.833 9.977 10.111 10.235 10.350 10.454 10.548 10.633 10.708 10.773 10.740 10.696 10.652 10.609 10.565 10.522 10.479 10.436 10.393 10.351 10.309 10.267 10.118 9.924 9.696 9.435 9.141 8.813 8.452 8.058 7.631 7.170 6.676 6.148 5.889 5.701 5.542 5.413 5.313 5.242 5.200 5.188 5.205 5.251 5.327 5.432
4.466 5.053 5.649 6.280 6.884 7.459 8.006 8.525 9.016 9.479 9.914 10.321 10.280 10.123 9.993 9.891 9.818 9.773 9.756 9.767 9.807 9.874 9.970 10.094 10.232 10.361 10.480 10.590 10.689 10.778 10.858 10.928 10.987 11.037 11.077 11.108 11.081 11.038 10.995 10.952 10.909 10.866 10.824 10.781 10.739 10.698 10.656 10.614 10.396 10.085 9.741 9.363 8.953 8.509 8.031 7.521 6.977 6.400 5.790 5.146 4.886 4.800 4.744 4.717 4.719 4.750 4.811 5.001 5.355 5.704 6.047 6.385
4.898 5.487 6.048 6.581 7.086 7.562 8.011 8.432 8.824 9.189 9.526 9.834 9.900 9.841 9.810 9.808 9.833 9.887 9.969 10.079 10.217 10.383 10.577 10.800 10.958 11.053 11.137 11.211 11.276 11.331 11.376 11.411 11.436 11.451 11.457 11.452 11.422 11.379 11.336 11.294 11.252 11.210 11.168 11.126 11.085 11.043 11.002 10.961 10.706 10.279 9.818 9.325 8.798 8.237 7.644 7.017 6.357 5.664 4.937 4.178 4.048 4.422 4.791 5.154 5.511 5.863 6.209 6.549 6.883 7.212 7.534 7.852
5.524 6.015 6.477 6.912 7.318 7.696 8.047 8.369 8.663 8.929 9.168 9.378 9.490 9.530 9.598 9.694 9.818 9.971 10.151 10.360 10.597 10.862 11.155 11.476 11.694 11.753 11.803 11.843 11.873 11.893 11.903 11.903 11.894 11.875 11.845 11.806 11.762 11.719 11.677 11.636 11.594 11.552 11.511 11.470 11.429 11.389 11.348 11.308 11.050 10.506 9.929 9.319 8.676 8.107 7.626 7.179 6.766 6.387 6.042 5.731 5.741 6.095 6.443 6.786 7.123 7.455 7.780 8.100 8.414 8.722 9.025 9.322
6.180 6.572 6.936 7.272 7.581 7.861 8.113 8.337 8.533 8.701 8.841 8.953 9.050 9.189 9.356 9.551 9.774 10.025 10.304 10.611 10.946 11.310 11.701 12.121 12.438 12.463 12.478 12.483 12.479 12.464 12.440 12.406 12.362 12.308 12.244 12.170 12.101 12.059 12.018 11.977 11.936 11.895 11.854 11.814 11.773 11.733 11.672 11.622 11.427 10.893 10.394 9.929 9.499 9.102 8.739 8.411 8.117 7.857 7.631 7.439 7.437 7.771 8.099 8.421 8.738 9.049 9.355 9.654 9.948 10.236 10.519 10.796
6.866 7.160 7.426 7.663 7.873 8.055 8.209 8.335 8.432 8.502 8.544 8.558 8.581 8.818 9.084 9.377 9.699 10.048 10.426 10.832 11.265 11.727 12.217 12.735 13.192 13.182 13.163 13.133 13.094 13.045 12.986 12.917 12.839 12.750 12.652 12.544 12.439 12.398 12.357 12.220 12.091 11.985 11.901 11.841 11.803 11.788 11.795 11.826 11.791 11.377 10.997 10.651 10.339 10.062 9.818 9.608 9.433 9.292 9.185 9.112 9.136 9.450 9.758 10.060 10.357 10.648 10.933 11.212 11.486 11.754 12.016 12.273
7.585 7.778 7.945 8.085 8.196 8.280 8.335 8.363 8.363 8.335 8.278 8.194 8.082 8.418 8.782 9.174 9.594 10.042 10.518 11.022 11.554 12.114 12.703 13.319 13.955 13.911 13.857 13.793 13.719 13.635 13.542 13.436 13.182 12.915 12.637 12.347 12.048 11.931 11.836 11.764 11.714 11.688 11.684 11.703 11.744 11.809 11.896 12.006 12.122 11.827 11.565 11.338 11.145 10.986 10.862 10.771 10.714 10.692 10.703 10.749 10.838 11.132 11.420 11.702 11.978 12.249 12.514 12.773 13.027 13.275 13.517 13.753
8.359 8.425 8.494 8.536 8.549 8.535 8.492 8.422 8.324 8.197 8.043 7.861 7.651 7.988 8.450 8.941 9.459 10.005 10.580 11.182 11.813 12.471 13.158 13.873 14.594 14.495 14.271 14.035 13.787 13.527 13.255 12.970 12.674 12.366 12.045 11.712 11.367 11.293 11.278 11.285 11.315 11.368 11.444 11.542 11.663 11.807 11.974 12.163 12.375 12.242 12.099 11.991 11.917 11.877 11.870 11.898 11.960 12.056 12.187 12.351 12.549 12.817 13.085 13.347 13.603 13.854 14.099 14.338 14.571 14.799 15.021 15.237
9.160 9.102 9.073 9.017 8.932 8.820 8.679 8.511 8.315 8.091 7.839 7.559 7.251 7.528 8.089 8.677 9.294 9.957 10.653 11.326 11.974 12.599 13.199 13.776 14.329 14.296 14.030 13.752 13.462 13.159 12.845 12.518 12.180 11.829 11.466 11.091 10.704 10.633 10.697 10.784 10.894 11.026 11.181 11.359 11.559 11.783 12.028 12.297 12.588 12.622 12.599 12.609 12.653 12.732 12.844 12.991 13.171 13.386 13.635 13.917 14.234 14.506 14.753 14.995 15.231 15.462 15.686 15.905 16.119 16.326 16.528 16.724
9.987 9.809 9.682 9.528 9.345 9.135 8.897 8.630 8.336 8.014 7.835 7.712 7.408 7.612 8.320 9.004 9.665 10.301 10.914 11.503 12.068 12.609 13.126 13.619 14.088 14.111 13.803 13.482 13.150 12.805 12.448 12.079 11.699 11.306 10.900 10.483 10.054 9.951 10.094 10.261 10.450 10.661 10.896 11.153 11.433 11.735 12.061 12.408 12.779 12.969 13.064 13.193 13.356 13.553 13.784 14.049 14.348 14.681 15.048 15.449 15.884 16.198 16.425 16.647 16.863 17.073 17.278 17.477 17.670 17.857 18.039 18.215
10.841 10.546 10.321 10.638 11.142 11.466 11.611 11.577 11.362 10.968 10.394 9.641 8.707 8.315 8.940 9.541 10.117 10.670 11.200 11.705 12.186 12.644 13.077 13.487 13.873 13.939 13.588 13.226 12.851 12.464 12.065 11.654 11.231 10.795 10.348 9.889 9.417 9.246 9.469 9.715 9.983 10.274 10.588 10.924 11.284 11.665 12.070 12.497 12.947 13.281 13.494 13.742 14.023 14.339 14.688 15.072 15.489 15.940 16.426 16.945 17.498 17.893 18.100 18.302 18.498 18.688 18.872 19.051 19.069 18.845 18.626 18.414
16.892 17.511 17.744 17.798 17.671 17.366 16.880 16.216 15.371 14.347 13.144 11.761 10.198 9.043 9.584 10.101 10.595 11.064 11.510 11.932 12.330 12.704 13.054 13.381 13.683 13.780 13.387 12.982 12.565 12.136 11.694 11.241 10.776 10.299 9.809 9.308 8.794 8.519 8.822 9.147 9.494 9.865 10.258 10.673 11.112 11.572 12.056 12.562 13.091 13.559 13.891 14.257 14.657 15.090 15.558 16.060 16.595 17.165 17.769 18.406 19.078 19.378 19.133 18.894 18.661 18.434 18.212 17.997 17.788 17.584 17.386 17.195
25.507 26.119 25.721 25.145 24.389 23.453 22.338 21.044 19.570 17.917 16.084 14.072 11.881 9.795 10.253 10.687 11.097 11.483 11.845 12.184 12.498 12.789 13.056 13.299 13.518 13.633 13.198 12.751 12.292 11.821 11.337 10.842 10.334 9.815 9.283 8.740 8.184 7.770 8.152 8.556 8.983 9.432 9.905 10.399 10.917 11.457 12.020 12.605 13.213 13.803 14.253 14.737 15.255 15.807 16.353 16.816 17.203 17.514 17.748 17.906 17.988 17.947 17.723 17.505 17.292 17.086 16.885 16.691 16.502 16.319 16.142 15.971
