DATA/SHG/ECMWF/20170628/EN-26/20170706.en-26.asc
ncols        190
nrows        64
xllcorner    -5100000.000000000000
yllcorner    4130000.000000000000
cellsize     10000.000000000000
NODATA_value  -99999.000
[rows 0 to 31 of 64, columns 0 to 72 of 190]
2.617 2.509 2.404 2.301 2.201 2.104 2.010 1.918 1.829 1.811 1.802 1.778 1.739 1.685 1.616 1.531 1.431 1.316 1.186 1.124 1.088 1.133 1.212 1.288 1.361 1.430 1.495 1.558 1.616 1.671 1.723 1.772 1.816 1.823 1.817 1.822 1.840 1.870 1.911 1.965 2.031 2.108 2.198 2.300 2.414 2.653 3.001 3.356 3.719 4.089 4.467 4.852 5.244 5.644 6.051 6.466 6.888 7.163 7.246 7.315 7.367 7.405 7.427 7.435 7.426 7.403 7.364 7.310 7.241 7.296 7.586 7.894 8.221
2.269 2.170 2.075 1.982 1.891 1.804 1.719 1.637 1.557 1.497 1.434 1.357 1.316 1.278 1.240 1.203 1.166 1.130 1.095 1.061 1.027 1.049 1.116 1.180 1.240 1.297 1.350 1.400 1.447 1.490 1.530 1.566 1.598 1.627 1.663 1.711 1.771 1.843 1.927 2.023 2.131 2.251 2.383 2.527 2.683 2.928 3.302 3.684 4.073 4.469 4.872 5.283 5.702 6.127 6.561 7.001 7.449 7.770 7.800 7.814 7.814 7.798 7.766 7.720 7.658 7.581 7.488 7.381 7.258 7.241 7.595 7.967 8.358
1.918 1.829 1.743 1.660 1.584 1.532 1.482 1.435 1.390 1.348 1.310 1.273 1.236 1.200 1.164 1.130 1.095 1.062 1.029 0.997 0.965 0.968 1.023 1.075 1.123 1.168 1.209 1.247 1.281 1.312 1.340 1.364 1.384 1.419 1.497 1.587 1.690 1.804 1.930 2.069 2.219 2.381 2.555 2.741 2.940 3.196 3.596 4.003 4.418 4.840 5.270 5.707 6.151 6.603 7.062 7.528 8.002 8.392 8.368 8.328 8.274 8.204 8.119 8.019 7.904 7.773 7.627 7.466 7.352 7.323 7.789 8.253 8.712
1.657 1.604 1.554 1.505 1.459 1.415 1.373 1.334 1.297 1.261 1.225 1.190 1.155 1.121 1.088 1.056 1.024 0.992 0.962 0.932 0.903 0.892 0.935 0.974 1.010 1.043 1.072 1.098 1.120 1.139 1.154 1.166 1.174 1.199 1.319 1.452 1.596 1.753 1.921 2.102 2.294 2.499 2.715 2.944 3.184 3.455 3.881 4.314 4.755 5.203 5.659 6.122 6.592 7.070 7.555 8.047 8.547 9.027 8.949 8.856 8.743 8.576 8.424 8.289 8.171 8.069 7.984 7.915 7.862 7.827 8.273 8.724 9.172
1.498 1.453 1.410 1.370 1.332 1.296 1.262 1.230 1.201 1.173 1.139 1.106 1.074 1.043 1.012 0.981 0.952 0.923 0.894 0.867 0.840 0.819 0.850 0.877 0.901 0.921 0.938 0.952 0.962 0.969 0.972 0.972 0.968 0.966 1.129 1.304 1.491 1.689 1.900 2.123 2.357 2.604 2.863 3.133 3.416 3.710 4.158 4.618 5.085 5.559 6.040 6.529 7.025 7.509 7.926 8.339 8.748 9.154 9.044 8.901 8.775 8.665 8.571 8.494 8.434 8.390 8.362 8.351 8.356 8.378 8.759 9.199 9.635
1.337 1.300 1.265 1.232 1.202 1.174 1.148 1.125 1.103 1.084 1.053 1.022 0.992 0.963 0.934 0.906 0.879 0.852 0.826 0.801 0.776 0.752 0.768 0.784 0.795 0.804 0.809 0.810 0.808 0.802 0.794 0.781 0.765 0.746 0.927 1.144 1.373 1.614 1.867 2.132 2.408 2.697 2.998 3.311 3.635 3.972 4.409 4.839 5.266 5.689 6.108 6.523 6.934 7.342 7.745 8.145 8.541 8.934 8.944 8.859 8.790 8.738 8.702 8.683 8.680 8.694 8.724 8.771 8.834 8.914 9.248 9.676 10.100
1.173 1.144 1.117 1.093 1.070 1.050 1.032 1.017 1.003 0.992 0.966 0.937 0.910 0.883 0.857 0.831 0.806 0.781 0.758 0.735 0.712 0.690 0.691 0.694 0.694 0.690 0.683 0.672 0.658 0.640 0.619 0.595 0.567 0.535 0.713 0.972 1.243 1.526 1.821 2.131 2.442 2.751 3.057 3.360 3.660 3.956 4.338 4.756 5.169 5.578 5.984 6.386 6.784 7.178 7.569 7.956 8.339 8.718 8.828 8.800 8.789 8.795 8.817 8.856 8.911 8.982 9.070 9.174 9.295 9.433 9.739 10.155 10.567
1.008 0.986 0.967 0.951 0.936 0.924 0.914 0.906 0.901 0.897 0.878 0.852 0.827 0.802 0.778 0.755 0.732 0.710 0.688 0.668 0.647 0.628 0.617 0.608 0.596 0.580 0.560 0.538 0.511 0.482 0.449 0.412 0.405 0.409 0.604 0.920 1.233 1.543 1.851 2.155 2.456 2.755 3.050 3.343 3.633 3.919 4.272 4.676 5.076 5.472 5.865 6.253 6.638 7.019 7.397 7.770 8.140 8.506 8.695 8.726 8.773 8.836 8.916 9.012 9.125 9.254 9.400 9.562 9.740 9.935 10.233 10.636 11.037
0.840 0.826 0.815 0.806 0.800 0.796 0.794 0.794 0.796 0.801 0.790 0.766 0.743 0.721 0.699 0.678 0.658 0.638 0.619 0.600 0.582 0.565 0.547 0.526 0.502 0.496 0.494 0.494 0.496 0.500 0.505 0.513 0.522 0.534 0.683 0.988 1.291 1.591 1.888 2.182 2.473 2.762 3.047 3.329 3.609 3.885 4.209 4.599 4.986 5.369 5.749 6.124 6.496 6.864 7.228 7.588 7.945 8.298 8.547 8.635 8.740 8.861 8.999 9.152 9.323 9.510 9.713 9.933 10.169 10.421 10.728 11.120 11.509
0.669 0.664 0.661 0.660 0.661 0.665 0.671 0.679 0.689 0.702 0.701 0.680 0.659 0.639 0.620 0.601 0.583 0.567 0.562 0.560 0.559 0.561 0.562 0.561 0.562 0.565 0.570 0.576 0.585 0.595 0.607 0.622 0.638 0.656 0.764 1.059 1.352 1.642 1.929 2.212 2.493 2.771 3.046 3.319 3.588 3.854 4.150 4.527 4.901 5.271 5.637 5.999 6.358 6.712 7.063 7.410 7.754 8.093 8.384 8.529 8.692 8.870 9.065 9.277 9.505 9.749 10.010 10.287 10.581 10.891 11.227 11.607 11.983
0.497 0.499 0.504 0.511 0.521 0.532 0.546 0.562 0.580 0.600 0.614 0.603 0.593 0.586 0.581 0.577 0.576 0.577 0.579 0.584 0.591 0.600 0.609 0.614 0.622 0.632 0.643 0.656 0.671 0.689 0.708 0.728 0.751 0.776 0.848 1.133 1.416 1.695 1.972 2.245 2.516 2.784 3.049 3.311 3.570 3.826 4.094 4.459 4.819 5.176 5.529 5.878 6.223 6.565 6.903 7.236 7.567 7.893 8.204 8.407 8.627 8.863 9.116 9.385 9.671 9.973 10.291 10.626 10.977 11.344 11.727 12.096 12.460
0.322 0.333 0.345 0.371 0.404 0.437 0.467 0.497 0.524 0.551 0.572 0.568 0.566 0.565 0.567 0.571 0.577 0.584 0.594 0.606 0.620 0.636 0.653 0.666 0.680 0.696 0.714 0.734 0.756 0.780 0.805 0.833 0.863 0.894 0.935 1.210 1.482 1.751 2.018 2.281 2.542 2.799 3.054 3.306 3.554 3.800 4.043 4.394 4.741 5.085 5.424 5.760 6.093 6.421 6.746 7.066 7.383 7.697 8.006 8.269 8.547 8.841 9.151 9.477 9.820 10.180 10.556 10.911 11.234 11.547 11.850 12.094 12.324
0.265 0.298 0.330 0.360 0.388 0.415 0.441 0.465 0.487 0.508 0.527 0.531 0.536 0.543 0.551 0.562 0.575 0.590 0.607 0.626 0.647 0.670 0.695 0.715 0.736 0.758 0.783 0.810 0.838 0.869 0.901 0.935 0.972 1.010 1.050 1.289 1.551 1.810 2.067 2.320 2.570 2.817 3.062 3.304 3.542 3.778 4.011 4.333 4.667 4.997 5.324 5.647 5.966 6.281 6.592 6.900 7.204 7.504 7.800 8.116 8.471 8.829 9.177 9.515 9.843 10.161 10.469 10.768 11.056 11.334 11.603 11.823 12.024
0.272 0.300 0.326 0.351 0.374 0.396 0.416 0.434 0.451 0.467 0.481 0.492 0.504 0.518 0.534 0.552 0.572 0.594 0.618 0.644 0.672 0.702 0.734 0.762 0.789 0.819 0.850 0.884 0.919 0.956 0.995 1.036 1.079 1.123 1.170 1.372 1.623 1.872 2.118 2.361 2.601 2.839 3.073 3.304 3.533 3.758 3.981 4.276 4.597 4.914 5.227 5.537 5.843 6.215 6.586 6.942 7.283 7.608 7.919 8.247 8.580 8.903 9.217 9.520 9.813 10.097 10.370 10.634 10.888 11.132 11.365 11.561 11.732
0.281 0.303 0.324 0.343 0.361 0.378 0.392 0.406 0.417 0.428 0.436 0.450 0.469 0.490 0.514 0.539 0.566 0.595 0.626 0.659 0.694 0.732 0.771 0.806 0.841 0.877 0.915 0.955 0.997 1.041 1.086 1.134 1.184 1.235 1.288 1.457 1.698 1.937 2.173 2.406 2.635 2.863 3.087 3.308 3.526 3.742 4.069 4.458 4.866 5.260 5.639 6.002 6.350 6.683 7.001 7.304 7.591 7.864 8.121 8.400 8.698 8.987 9.266 9.534 9.793 10.042 10.281 10.510 10.729 10.938 11.138 11.307 11.449
0.291 0.308 0.324 0.338 0.350 0.361 0.371 0.379 0.385 0.390 0.393 0.407 0.433 0.461 0.491 0.524 0.558 0.594 0.632 0.673 0.715 0.759 0.805 0.849 0.890 0.933 0.978 1.025 1.073 1.124 1.176 1.230 1.286 1.344 1.404 1.544 1.776 2.004 2.233 2.488 2.764 3.061 3.379 3.718 4.079 4.460 4.863 5.259 5.615 5.955 6.281 6.591 6.886 7.166 7.431 7.680 7.914 8.134 8.338 8.562 8.826 9.080 9.324 9.558 9.782 9.997 10.201 10.395 10.580 10.755 10.919 11.061 11.174
0.303 0.315 0.325 0.334 0.341 0.346 0.351 0.353 0.354 0.354 0.352 0.361 0.395 0.430 0.467 0.507 0.548 0.591 0.636 0.684 0.733 0.785 0.838 0.890 0.938 0.987 1.039 1.092 1.147 1.204 1.263 1.318 1.359 1.401 1.444 1.553 1.819 2.105 2.413 2.742 3.092 3.463 3.855 4.268 4.702 5.158 5.634 6.074 6.377 6.664 6.937 7.194 7.436 7.662 7.874 8.070 8.252 8.418 8.569 8.734 8.963 9.182 9.392 9.591 9.781 9.961 10.131 10.291 10.441 10.581 10.711 10.824 10.907
0.317 0.323 0.328 0.331 0.333 0.333 0.332 0.330 0.325 0.320 0.313 0.314 0.354 0.396 0.441 0.487 0.536 0.586 0.638 0.693 0.749 0.808 0.868 0.929 0.974 1.012 1.050 1.089 1.130 1.171 1.214 1.258 1.302 1.348 1.395 1.490 1.830 2.191 2.572 2.975 3.399 3.843 4.309 4.796 5.304 5.833 6.383 6.904 7.153 7.387 7.607 7.811 7.999 8.173 8.332 8.475 8.603 8.717 8.815 8.915 9.109 9.294 9.469 9.634 9.789 9.934 10.070 10.195 10.311 10.416 10.512 10.595 10.648
0.332 0.333 0.332 0.330 0.327 0.322 0.316 0.308 0.298 0.287 0.275 0.264 0.311 0.361 0.412 0.466 0.521 0.574 0.623 0.671 0.717 0.762 0.805 0.847 0.887 0.928 0.970 1.013 1.057 1.103 1.149 1.196 1.245 1.294 1.345 1.406 1.820 2.254 2.709 3.186 3.683 4.202 4.741 5.302 5.883 6.486 7.109 7.747 7.943 8.125 8.291 8.442 8.577 8.698 8.804 8.894 8.969 9.029 9.075 9.105 9.265 9.415 9.556 9.686 9.807 9.917 10.018 10.109 10.190 10.262 10.323 10.374 10.398
0.349 0.344 0.339 0.331 0.323 0.312 0.301 0.287 0.273 0.256 0.247 0.226 0.271 0.322 0.372 0.421 0.468 0.513 0.557 0.600 0.641 0.681 0.719 0.756 0.798 0.843 0.889 0.936 0.984 1.033 1.083 1.134 1.186 1.240 1.294 1.349 1.788 2.296 2.825 3.375 3.946 4.538 5.151 5.785 6.440 7.116 7.813 8.532 8.747 8.876 8.989 9.087 9.169 9.237 9.290 9.327 9.350 9.357 9.349 9.326 9.430 9.546 9.652 9.748 9.834 9.910 9.976 10.033 10.080 10.116 10.143 10.160 10.156
0.367 0.357 0.346 0.390 0.419 0.433 0.434 0.420 0.392 0.350 0.293 0.222 0.238 0.284 0.329 0.372 0.414 0.454 0.493 0.531 0.567 0.601 0.634 0.666 0.709 0.758 0.807 0.858 0.909 0.962 1.016 1.071 1.127 1.184 1.242 1.301 1.734 2.316 2.919 3.542 4.187 4.853 5.539 6.247 6.976 7.725 8.496 9.287 9.565 9.640 9.701 9.746 9.775 9.790 9.790 9.775 9.744 9.698 9.638 9.562 9.604 9.685 9.757 9.818 9.870 9.912 9.944 9.939 9.887 9.837 9.787 9.738 9.697
0.781 0.802 0.810 0.803 0.782 0.746 0.696 0.632 0.554 0.461 0.354 0.233 0.206 0.248 0.287 0.325 0.362 0.397 0.431 0.463 0.494 0.523 0.551 0.578 0.619 0.671 0.724 0.779 0.834 0.891 0.948 1.007 1.066 1.127 1.189 1.252 1.659 2.314 2.991 3.688 4.406 5.145 5.905 6.687 7.489 8.312 9.156 10.021 10.397 10.419 10.427 10.419 10.396 10.358 10.304 10.236 10.153 10.054 9.941 9.812 9.733 9.679 9.625 9.573 9.521 9.470 9.420 9.371 9.322 9.274 9.228 9.182 9.159
1.360 1.331 1.288 1.231 1.160 1.074 0.974 0.860 0.731 0.588 0.431 0.260 0.177 0.212 0.247 0.280 0.312 0.342 0.370 0.397 0.423 0.447 0.470 0.491 0.527 0.583 0.640 0.698 0.757 0.818 0.879 0.941 1.005 1.069 1.135 1.202 1.562 2.291 3.041 3.812 4.604 5.416 6.250 7.104 7.980 8.876 9.794 10.732 11.243 11.212 11.167 11.106 11.030 10.838 10.583 10.328 10.072 9.817 9.562 9.306 9.144 9.093 9.042 8.993 8.944 8.896 8.849 8.803 8.757 8.712 8.669 8.625 8.614
1.954 1.875 1.782 1.674 1.553 1.417 1.267 1.102 0.924 0.731 0.523 0.302 0.148 0.179 0.208 0.236 0.263 0.288 0.311 0.333 0.353 0.373 0.390 0.406 0.435 0.494 0.555 0.617 0.680 0.744 0.809 0.875 0.942 1.011 1.080 1.150 1.444 2.247 3.070 3.914 4.779 5.665 6.572 7.500 8.449 9.419 10.290 11.097 11.552 11.296 11.041 10.786 10.531 10.275 10.020 9.765 9.510 9.254 8.999 8.744 8.555 8.507 8.459 8.413 8.367 8.322 8.278 8.234 8.192 8.150 8.109 8.069 8.061
2.563 2.433 2.290 2.133 1.961 1.775 1.575 1.360 1.131 0.888 0.631 0.360 0.122 0.147 0.171 0.194 0.215 0.235 0.253 0.270 0.286 0.300 0.312 0.323 0.341 0.405 0.469 0.535 0.601 0.669 0.738 0.808 0.879 0.951 1.024 1.098 1.305 2.181 3.077 4.014 4.926 5.808 6.661 7.484 8.277 9.040 9.773 10.476 10.989 10.734 10.478 10.223 9.968 9.713 9.458 9.203 8.948 8.693 8.438 8.183 7.966 7.921 7.877 7.833 7.790 7.748 7.707 7.666 7.627 7.588 7.550 7.513 7.501
3.183 3.007 2.814 2.606 2.384 2.148 1.898 1.633 1.354 1.061 0.754 0.432 0.097 0.117 0.136 0.154 0.170 0.184 0.198 0.209 0.220 0.228 0.236 0.241 0.247 0.314 0.382 0.451 0.522 0.593 0.666 0.741 0.896 1.063 1.241 1.432 1.652 2.549 3.417 4.255 5.063 5.842 6.590 7.309 7.998 8.657 9.287 9.886 10.427 10.172 9.917 9.661 9.406 9.151 8.897 8.642 8.387 8.132 7.877 7.622 7.378 7.335 7.294 7.253 7.213 7.174 7.136 7.098 7.062 7.026 6.991 6.957 6.933
3.764 3.596 3.352 3.094 2.823 2.536 2.236 1.921 1.592 1.249 0.892 0.521 0.135 0.089 0.102 0.115 0.126 0.135 0.143 0.150 0.155 0.159 0.161 0.162 0.167 0.269 0.394 0.531 0.679 0.840 1.013 1.197 1.394 1.603 1.824 2.056 2.301 3.029 3.792 4.526 5.231 5.905 6.550 7.165 7.750 8.305 8.830 9.326 9.792 9.610 9.355 9.101 8.846 8.591 8.336 8.081 7.826 7.572 7.317 7.062 6.808 6.749 6.711 6.673 6.636 6.600 6.565 6.530 6.497 6.464 6.432 6.401 6.370
4.340 4.199 3.906 3.598 3.276 2.940 2.589 2.225 1.846 1.453 1.046 0.624 0.188 0.062 0.070 0.078 0.083 0.096 0.128 0.160 0.194 0.228 0.264 0.300 0.338 0.461 0.627 0.806 0.997 1.199 1.414 1.641 1.879 2.130 2.393 2.668 2.954 3.537 4.197 4.827 5.427 5.998 6.539 7.050 7.531 7.983 8.405 8.797 9.159 9.050 8.795 8.540 8.286 8.031 7.776 7.522 7.267 7.012 6.758 6.503 6.249 6.163 6.128 6.093 6.059 6.026 5.994 5.962 5.931 5.902 5.872 5.844 5.817
4.913 4.818 4.474 4.116 3.744 3.358 2.958 2.543 2.114 1.671 1.213 0.753 0.298 0.112 0.143 0.174 0.207 0.241 0.276 0.312 0.349 0.387 0.426 0.466 0.507 0.639 0.847 1.068 1.301 1.545 1.802 2.071 2.351 2.644 2.949 3.265 3.594 4.075 4.631 5.158 5.654 6.121 6.558 6.965 7.343 7.691 8.009 8.297 8.556 8.490 8.236 7.981 7.726 7.472 7.217 6.963 6.708 6.454 6.199 5.945 5.691 5.577 5.545 5.513 5.482 5.452 5.422 5.394 5.366 5.339 5.313 5.288 5.263
5.480 5.451 5.057 4.603 4.123 3.649 3.180 2.717 2.260 1.808 1.362 0.922 0.487 0.241 0.276 0.311 0.348 0.385 0.424 0.463 0.504 0.545 0.587 0.631 0.675 0.804 1.055 1.317 1.592 1.879 2.177 2.488 2.810 3.145 3.492 3.850 4.221 4.643 5.095 5.518 5.911 6.274 6.607 6.911 7.185 7.429 7.643 7.828 7.983 7.931 7.677 7.422 7.168 6.913 6.659 6.405 6.150 5.896 5.642 5.387 5.133 4.991 4.962 4.933 4.905 4.878 4.851 4.826 4.833 4.884 4.927 4.962 4.989
5.595 5.546 5.075 4.609 4.148 3.694 3.245 2.801 2.363 1.931 1.505 1.084 0.669 0.370 0.408 0.447 0.487 0.528 0.570 0.613 0.657 0.701 0.747 0.794 0.842 0.957 1.249 1.554 1.870 2.199 2.539 2.892 3.256 3.633 4.021 4.422 4.834 5.240 5.589 5.907 6.197 6.456 6.686 6.886 7.056 7.197 7.308 7.389 7.441 7.373 7.119 6.864 6.610 6.356 6.102 5.847 5.593 5.339 5.085 4.831 4.577 4.461 4.542 4.614 4.678 4.734 4.782 4.821 4.852 4.875 4.889 4.895 4.893
5.492 5.506 5.054 4.608 4.167 3.732 3.303 2.879 2.461 2.049 1.642 1.241 0.845 0.497 0.539 0.581 0.624 0.669 0.714 0.761 0.808 0.857 0.906 0.957 1.008 1.097 1.431 1.777 2.136 2.506 2.889 3.283 3.689 4.108 4.538 4.980 5.434 5.866 6.111 6.327 6.512 6.668 6.794 6.891 6.958 6.995 7.003 6.981 6.929 6.816 6.562 6.307 6.053 5.799 5.663 5.591 5.494 5.371 5.222 5.048 4.849 4.690 4.742 4.786 4.821 4.848 4.867 4.877 4.879 4.873 4.858 4.835 4.804
