DATA/SHG/ECMWF/20170628/EN-26/20170710.en-26.asc
ncols        190
nrows        64
xllcorner    -5100000.000000000000
yllcorner    4130000.000000000000
cellsize     10000.000000000000
NODATA_value  -99999.000
[rows 0 to 33 of 64, columns 75 to 149 of 190]
1.164 1.230 1.300 1.373 1.450 1.530 1.610 1.705 1.826 1.963 2.117 2.287 2.473 2.676 2.895 3.130 3.382 3.650 3.888 3.957 3.999 4.028 4.044 4.048 4.039 4.017 3.982 3.935 3.875 3.803 3.737 3.727 3.709 3.684 3.651 3.611 3.563 3.508 3.445 3.375 3.297 3.212 3.095 2.902 2.713 2.528 2.346 2.168 1.994 1.823 1.656 1.493 1.333 1.177 1.137 1.435 1.744 2.066 2.400 2.746 3.105 3.475 3.858 4.253 4.660 5.079 5.448 5.652 5.859 6.070 6.284 6.502 6.723 6.948 7.176
1.183 1.293 1.403 1.512 1.622 1.731 1.848 2.010 2.188 2.382 2.593 2.820 3.063 3.323 3.599 3.891 4.200 4.525 4.834 4.845 4.830 4.802 4.761 4.708 4.642 4.563 4.472 4.367 4.250 4.121 3.991 3.947 3.895 3.837 3.770 3.697 3.615 3.527 3.430 3.327 3.215 3.097 2.964 2.788 2.616 2.447 2.281 2.120 1.962 1.807 1.657 1.510 1.366 1.227 1.157 1.509 1.873 2.249 2.638 3.038 3.451 3.876 4.312 4.761 5.222 5.696 6.140 6.359 6.582 6.808 7.038 7.272 7.509 7.749 7.994
1.420 1.529 1.639 1.748 1.857 1.966 2.080 2.299 2.534 2.785 3.053 3.337 3.638 3.955 4.288 4.637 5.003 5.385 5.783 5.747 5.675 5.590 5.492 5.381 5.258 5.123 4.974 4.813 4.639 4.452 4.253 4.175 4.090 3.998 3.898 3.790 3.676 3.554 3.424 3.287 3.142 2.990 2.830 2.670 2.514 2.361 2.212 2.067 1.925 1.787 1.653 1.522 1.395 1.272 1.165 1.571 1.990 2.420 2.863 3.317 3.784 4.263 4.754 5.257 5.772 6.300 6.795 6.952 7.097 7.228 7.347 7.454 7.547 7.627 7.695
1.656 1.765 1.874 1.983 2.092 2.201 2.309 2.572 2.865 3.173 3.498 3.839 4.196 4.570 4.960 5.366 5.789 6.228 6.683 6.662 6.532 6.390 6.236 6.068 5.888 5.695 5.490 5.272 5.041 4.798 4.541 4.411 4.292 4.166 4.033 3.892 3.744 3.589 3.425 3.255 3.077 2.891 2.698 2.549 2.409 2.273 2.140 2.011 1.886 1.764 1.646 1.531 1.421 1.314 1.210 1.621 2.093 2.582 3.074 3.562 4.046 4.526 5.003 5.475 5.944 6.408 6.869 6.994 7.082 7.156 7.218 7.268 7.304 7.328 7.339
1.892 2.001 2.110 2.218 2.327 2.435 2.543 2.830 3.180 3.545 3.927 4.325 4.739 5.170 5.617 6.080 6.560 7.055 7.567 7.589 7.403 7.204 6.992 6.768 6.531 6.282 6.019 5.744 5.457 5.156 4.844 4.654 4.502 4.343 4.177 4.002 3.821 3.632 3.435 3.231 3.020 2.801 2.574 2.424 2.300 2.180 2.064 1.951 1.865 1.798 1.731 1.665 1.599 1.533 1.468 1.841 2.324 2.802 3.277 3.748 4.215 4.678 5.137 5.592 6.043 6.491 6.934 7.049 7.079 7.097 7.102 7.095 7.074 7.041 6.995
2.128 2.236 2.345 2.453 2.561 2.669 2.777 3.073 3.479 3.902 4.340 4.795 5.267 5.754 6.258 6.778 7.314 7.867 8.436 8.530 8.287 8.031 7.763 7.481 7.188 6.881 6.562 6.230 5.886 5.529 5.159 4.906 4.721 4.528 4.328 4.120 3.905 3.683 3.453 3.235 3.031 2.831 2.635 2.524 2.457 2.390 2.323 2.257 2.191 2.126 2.060 1.995 1.930 1.866 1.802 2.100 2.566 3.027 3.484 3.938 4.387 4.833 5.275 5.713 6.147 6.577 7.003 7.116 7.090 7.051 6.999 6.935 6.858 6.768 6.665
2.363 2.471 2.579 2.687 2.795 2.903 3.011 3.300 3.763 4.243 4.738 5.250 5.778 6.323 6.883 7.460 8.053 8.663 9.288 9.484 9.184 8.871 8.546 8.208 7.857 7.494 7.118 6.730 6.329 5.915 5.475 5.145 4.928 4.715 4.506 4.300 4.098 3.900 3.705 3.514 3.326 3.142 2.961 2.844 2.778 2.712 2.647 2.582 2.517 2.453 2.388 2.325 2.261 2.198 2.135 2.363 2.811 3.255 3.695 4.131 4.564 4.992 5.417 5.837 6.254 6.667 7.076 7.196 7.113 7.017 6.909 6.787 6.653 6.507 6.347
2.598 2.706 2.814 2.921 3.029 3.137 3.244 3.512 4.032 4.568 5.121 5.690 6.274 6.876 7.493 8.126 8.776 9.442 10.125 10.450 10.094 9.636 9.149 8.673 8.206 7.749 7.302 6.866 6.439 6.022 5.615 5.291 5.091 4.894 4.701 4.511 4.325 4.142 3.964 3.788 3.617 3.448 3.284 3.163 3.098 3.034 2.970 2.906 2.842 2.779 2.716 2.653 2.591 2.529 2.467 2.629 3.060 3.487 3.909 4.328 4.743 5.155 5.562 5.965 6.365 6.760 7.152 7.288 7.148 6.996 6.831 6.653 6.462 6.259 6.043
2.833 2.940 3.048 3.155 3.263 3.370 3.477 3.709 4.286 4.879 5.488 6.113 6.755 7.391 7.942 8.480 9.003 9.512 10.007 10.280 9.818 9.365 8.923 8.491 8.069 7.656 7.254 6.861 6.479 6.106 5.744 5.434 5.249 5.069 4.891 4.717 4.547 4.381 4.218 4.059 3.903 3.751 3.602 3.481 3.418 3.354 3.292 3.229 3.167 3.104 3.043 2.981 2.920 2.859 2.798 2.899 3.312 3.722 4.127 4.529 4.927 5.321 5.711 6.097 6.479 6.857 7.232 7.393 7.197 6.988 6.766 6.531 6.284 6.024 5.751
3.067 3.175 3.282 3.389 3.496 3.603 3.707 3.874 4.461 5.034 5.592 6.137 6.667 7.184 7.686 8.175 8.649 9.110 9.556 9.909 9.492 9.084 8.686 8.298 7.920 7.552 7.194 6.846 6.508 6.180 5.862 5.572 5.404 5.239 5.078 4.920 4.766 4.615 4.468 4.325 4.185 4.049 3.916 3.799 3.737 3.675 3.613 3.551 3.490 3.429 3.369 3.308 3.248 3.189 3.129 3.172 3.568 3.961 4.349 4.733 5.114 5.491 5.863 6.232 6.597 6.958 7.316 7.511 7.258 6.992 6.714 6.422 6.118 5.802 5.472
3.303 3.407 3.509 3.607 3.701 3.793 3.881 3.973 4.510 5.034 5.544 6.040 6.522 6.989 7.443 7.883 8.309 8.720 9.118 9.510 9.155 8.792 8.438 8.095 7.761 7.438 7.124 6.820 6.526 6.243 5.969 5.707 5.554 5.405 5.260 5.118 4.980 4.845 4.714 4.587 4.463 4.342 4.226 4.116 4.055 3.994 3.933 3.873 3.813 3.753 3.694 3.635 3.576 3.517 3.459 3.449 3.828 4.203 4.574 4.941 5.305 5.664 6.020 6.371 6.719 7.063 7.403 7.641 7.331 7.009 6.674 6.326 5.966 5.592 5.207
3.547 3.640 3.730 3.817 3.901 3.981 4.059 4.133 4.572 5.047 5.509 5.956 6.389 6.808 7.213 7.604 7.981 8.344 8.693 9.036 8.808 8.489 8.180 7.881 7.591 7.312 7.043 6.783 6.534 6.294 6.065 5.845 5.701 5.567 5.438 5.312 5.190 5.071 4.956 4.844 4.736 4.632 4.531 4.434 4.372 4.312 4.253 4.194 4.135 4.077 4.019 3.961 3.903 3.846 3.788 3.732 4.091 4.449 4.803 5.153 5.499 5.841 6.180 6.514 6.845 7.171 7.531 7.904 7.633 7.361 7.087 6.811 6.533 6.254 5.973
3.793 3.875 3.954 4.030 4.103 4.172 4.238 4.301 4.647 5.073 5.486 5.884 6.269 6.639 6.995 7.338 7.666 7.981 8.281 8.575 8.450 8.175 7.910 7.656 7.411 7.176 6.950 6.735 6.530 6.335 6.149 5.974 5.843 5.726 5.612 5.502 5.396 5.293 5.193 5.098 5.006 4.917 4.832 4.751 4.689 4.630 4.572 4.514 4.457 4.399 4.342 4.286 4.229 4.173 4.117 4.061 4.358 4.728 5.130 5.532 5.934 6.336 6.737 7.139 7.540 7.941 8.342 8.743 8.510 8.230 7.949 7.665 7.380 7.094 6.805
4.042 4.113 4.181 4.246 4.307 4.366 4.421 4.473 4.734 5.112 5.476 5.825 6.161 6.483 6.791 7.085 7.364 7.630 7.882 8.127 8.081 7.851 7.630 7.420 7.219 7.028 6.847 6.677 6.516 6.364 6.223 6.092 5.981 5.880 5.782 5.688 5.597 5.510 5.427 5.347 5.271 5.198 5.129 5.064 5.005 4.947 4.890 4.834 4.777 4.732 4.704 4.693 4.699 4.722 4.762 4.819 5.142 5.544 5.945 6.347 6.748 7.149 7.550 7.950 8.351 8.751 9.152 9.552 9.388 9.101 8.811 8.520 8.228 7.934 7.638
4.294 4.354 4.410 4.464 4.514 4.562 4.606 4.647 4.834 5.163 5.478 5.779 6.067 6.340 6.599 6.844 7.076 7.293 7.496 7.693 7.702 7.516 7.340 7.173 7.017 6.870 6.734 6.607 6.490 6.383 6.286 6.199 6.115 6.029 5.948 5.869 5.795 5.724 5.656 5.593 5.520 5.431 5.327 5.208 5.125 5.088 5.068 5.064 5.078 5.108 5.156 5.220 5.301 5.400 5.515 5.647 5.958 6.359 6.760 7.160 7.561 7.961 8.361 8.761 9.161 9.561 9.960 10.359 10.267 9.971 9.674 9.376 9.076 8.774 8.470
4.548 4.597 4.642 4.685 4.724 4.760 4.794 4.823 4.947 5.227 5.494 5.746 5.985 6.209 6.420 6.617 6.800 6.968 7.123 7.271 7.312 7.170 7.038 6.916 6.804 6.701 6.609 6.526 6.454 6.391 6.381 6.410 6.417 6.382 6.332 6.267 6.187 6.092 5.981 5.855 5.714 5.558 5.386 5.199 5.107 5.145 5.200 5.272 5.361 5.466 5.589 5.729 5.885 6.058 6.249 6.456 6.773 7.173 7.573 7.973 8.372 8.772 9.171 9.571 9.970 10.369 10.768 11.166 11.145 10.843 10.538 10.232 9.924 9.615 9.304
4.804 4.842 4.877 4.908 4.937 4.962 4.984 5.003 5.072 5.304 5.522 5.726 5.916 6.092 6.254 6.402 6.537 6.657 6.763 6.862 6.912 6.889 6.924 6.958 6.991 7.022 7.052 7.081 7.108 7.134 7.158 7.181 7.170 7.067 6.950 6.817 6.669 6.505 6.327 6.133 5.924 5.700 5.461 5.206 5.071 5.184 5.314 5.461 5.625 5.806 6.004 6.219 6.450 6.699 6.964 7.246 7.586 7.986 8.385 8.784 9.183 9.582 9.981 10.379 10.778 11.176 11.574 11.972 12.025 11.714 11.402 11.089 10.773 10.457 10.138
5.064 5.090 5.114 5.135 5.152 5.166 5.177 5.185 5.209 5.393 5.562 5.718 5.859 5.993 6.209 6.436 6.675 6.927 7.190 7.453 7.692 7.722 7.752 7.779 7.806 7.831 7.855 7.877 7.898 7.918 7.936 7.953 7.938 7.768 7.582 7.382 7.166 6.935 6.689 6.427 6.151 5.859 5.552 5.230 5.017 5.205 5.411 5.633 5.872 6.128 6.401 6.691 6.997 7.321 7.661 8.019 8.399 8.797 9.196 9.595 9.993 10.391 10.789 11.187 11.585 11.982 12.380 12.777 12.905 12.587 12.267 11.946 11.623 11.299 10.973
5.326 5.341 5.354 5.363 5.370 5.373 5.374 5.388 5.410 5.603 5.812 6.033 6.267 6.512 6.768 7.037 7.318 7.611 7.916 8.221 8.525 8.556 8.579 8.601 8.621 8.640 8.657 8.674 8.688 8.702 8.714 8.724 8.722 8.484 8.231 7.963 7.679 7.380 7.066 6.737 6.393 6.034 5.659 5.269 4.945 5.209 5.489 5.786 6.100 6.431 6.779 7.144 7.526 7.924 8.340 8.772 9.210 9.608 10.006 10.404 10.802 11.199 11.596 11.994 12.391 12.787 13.184 13.581 13.785 13.460 13.133 12.804 12.473 12.141 11.808
5.559 5.552 5.553 5.562 5.580 5.606 5.639 5.682 5.732 5.944 6.194 6.457 6.732 7.018 7.317 7.627 7.949 8.283 8.630 8.977 9.323 9.391 9.407 9.423 9.437 9.450 9.461 9.471 9.479 9.486 9.492 9.497 9.500 9.216 8.895 8.559 8.208 7.842 7.460 7.063 6.652 6.225 5.782 5.325 4.855 5.194 5.549 5.922 6.311 6.717 7.140 7.579 8.036 8.510 9.000 9.507 10.021 10.418 10.815 11.212 11.609 12.006 12.403 12.799 13.195 13.592 13.988 14.384 14.666 14.333 13.998 13.662 13.324 12.985 12.644
5.645 5.666 5.696 5.734 5.780 5.834 5.897 5.967 6.046 6.272 6.565 6.869 7.185 7.513 7.853 8.205 8.569 8.944 9.332 9.721 10.109 10.225 10.236 10.245 10.253 10.259 10.265 10.268 10.271 10.272 10.271 10.269 10.266 9.964 9.575 9.172 8.753 8.319 7.870 7.405 6.926 6.432 5.922 5.397 4.857 5.161 5.592 6.039 6.503 6.984 7.482 7.996 8.528 9.076 9.642 10.224 10.823 11.227 11.623 12.020 12.416 12.812 13.208 13.604 13.999 14.395 14.790 15.145 15.409 15.010 14.643 14.306 14.000 13.725 13.481
5.723 5.773 5.832 5.898 5.972 6.055 6.146 6.245 6.352 6.590 6.924 7.269 7.627 7.996 8.378 8.771 9.176 9.594 10.023 10.453 10.883 11.061 11.065 11.068 11.070 11.070 11.069 11.066 11.062 11.057 11.051 11.043 11.033 10.727 10.271 9.800 9.313 8.812 8.295 7.764 7.217 6.655 6.077 5.485 4.878 5.111 5.616 6.138 6.677 7.233 7.806 8.395 9.002 9.625 10.265 10.922 11.596 12.035 12.404 12.731 13.050 13.363 13.669 13.969 14.261 14.547 14.826 15.098 15.363 15.137 14.906 14.706 14.536 14.398 14.291
5.794 5.873 5.959 6.054 6.157 6.268 6.388 6.515 6.651 6.896 7.271 7.658 8.057 8.468 8.891 9.326 9.773 10.231 10.702 11.174 11.646 11.896 11.894 11.891 11.887 11.881 11.873 11.865 11.855 11.843 11.831 11.816 11.801 11.506 10.982 10.443 9.890 9.321 8.737 8.137 7.523 6.894 6.249 5.589 4.914 5.042 5.622 6.219 6.833 7.467 8.109 8.750 9.390 10.029 10.666 11.302 11.937 12.332 12.635 12.931 13.221 13.504 13.780 14.049 14.311 14.566 14.815 15.057 15.292 15.232 15.138 15.074 15.042 15.040 15.069
5.857 5.964 6.079 6.202 6.334 6.473 6.621 6.777 6.941 7.191 7.607 8.036 8.476 8.929 9.393 9.869 10.357 10.857 11.369 11.883 12.396 12.732 12.724 12.715 12.704 12.692 12.679 12.664 12.647 12.630 12.611 12.591 12.569 12.300 11.709 11.103 10.482 9.845 9.194 8.527 7.826 7.109 6.421 5.764 5.137 5.196 5.838 6.478 7.118 7.756 8.393 9.029 9.663 10.296 10.928 11.559 12.188 12.599 12.872 13.139 13.398 13.651 13.896 14.135 14.368 14.593 14.812 15.023 15.228 15.297 15.339 15.412 15.516 15.650 15.816
5.912 6.048 6.191 6.343 6.503 6.671 6.847 7.031 7.224 7.474 7.932 8.402 8.884 9.378 9.883 10.401 10.930 11.471 12.025 12.580 13.135 13.569 13.555 13.539 13.522 13.504 13.484 13.463 13.441 13.417 13.392 13.281 13.033 12.604 11.810 11.046 10.311 9.607 8.933 8.289 7.675 7.091 6.537 6.013 5.519 5.507 6.143 6.779 7.413 8.046 8.677 9.308 9.937 10.565 11.191 11.817 12.441 12.874 13.117 13.353 13.582 13.804 14.020 14.229 14.431 14.626 14.815 14.996 15.171 15.331 15.510 15.719 15.959 16.230 16.532
5.960 6.123 6.295 6.475 6.664 6.860 7.065 7.277 7.498 7.746 8.245 8.757 9.280 9.815 10.362 10.921 11.491 12.074 12.669 13.265 13.863 14.406 14.299 14.054 13.808 13.563 13.316 13.069 12.821 12.573 12.324 12.075 11.825 11.489 10.828 10.197 9.596 9.025 8.484 7.973 7.492 7.041 6.620 6.229 5.868 5.819 6.450 7.080 7.709 8.336 8.962 9.587 10.211 10.834 11.455 12.075 12.694 13.154 13.367 13.573 13.772 13.965 14.150 14.329 14.501 14.666 14.825 14.976 15.121 15.335 15.650 15.995 16.372 16.779 17.216
5.999 6.191 6.392 6.600 6.817 7.042 7.275 7.516 7.765 8.022 8.547 9.100 9.664 10.241 10.809 11.237 11.639 12.014 12.363 12.703 13.037 13.351 13.117 12.870 12.622 12.374 12.125 11.875 11.625 11.374 11.123 10.871 10.618 10.343 9.815 9.317 8.849 8.411 8.003 7.625 7.277 6.959 6.671 6.413 6.185 6.132 6.757 7.382 8.005 8.628 9.248 9.868 10.486 11.104 11.720 12.334 12.948 13.442 13.624 13.800 13.969 14.132 14.287 14.436 14.578 14.713 14.841 14.963 15.078 15.308 15.759 16.241 16.753 17.296 17.870
6.031 6.252 6.480 6.717 6.962 7.215 7.477 7.737 7.964 8.187 8.608 9.050 9.465 9.855 10.218 10.555 10.865 11.150 11.408 11.656 11.898 12.119 11.938 11.689 11.438 11.187 10.936 10.684 10.431 10.178 9.924 9.669 9.414 9.159 8.770 8.406 8.071 7.766 7.491 7.246 7.031 6.846 6.690 6.565 6.470 6.445 7.066 7.685 8.303 8.920 9.535 10.149 10.763 11.374 11.985 12.594 13.202 13.735 13.888 14.034 14.173 14.305 14.431 14.549 14.661 14.766 14.865 14.956 15.041 15.251 15.838 16.455 17.104 17.783 18.493
6.054 6.292 6.527 6.759 6.987 7.213 7.435 7.654 7.871 8.084 8.405 8.756 9.081 9.379 9.651 9.897 10.116 10.310 10.477 10.633 10.783 10.913 10.762 10.509 10.257 10.003 9.749 9.494 9.239 8.983 8.727 8.470 8.212 7.954 7.695 7.463 7.261 7.089 6.947 6.834 6.752 6.700 6.678 6.685 6.723 6.791 7.375 7.989 8.601 9.213 9.823 10.432 11.039 11.646 12.251 12.855 13.458 14.036 14.158 14.274 14.383 14.485 14.581 14.670 14.751 14.827 14.895 14.956 15.011 15.163 15.886 16.639 17.424 18.239 19.084
6.050 6.277 6.501 6.722 6.940 7.155 7.366 7.575 7.780 7.983 8.227 8.487 8.720 8.928 9.109 9.264 9.392 9.494 9.570 9.635 9.694 9.731 9.587 9.332 9.077 8.821 8.565 8.307 8.050 7.791 7.532 7.273 7.013 6.752 6.588 6.489 6.420 6.380 6.371 6.392 6.442 6.523 6.633 6.773 6.944 7.144 7.684 8.293 8.900 9.506 10.111 10.715 11.317 11.918 12.518 13.117 13.714 14.310 14.435 14.521 14.600 14.672 14.738 14.796 14.848 14.893 14.932 14.963 14.988 15.013 15.752 16.465 17.152 17.814 18.449
6.049 6.265 6.478 6.689 6.896 7.100 7.301 7.499 7.693 7.885 8.073 8.242 8.384 8.501 8.591 8.655 8.692 8.704 8.689 8.662 8.629 8.574 8.415 8.158 7.900 7.641 7.382 7.123 6.862 6.602 6.340 6.078 5.816 5.552 5.450 5.484 5.547 5.641 5.764 5.917 6.100 6.313 6.556 6.829 7.132 7.465 7.995 8.598 9.200 9.801 10.400 10.999 11.596 12.191 12.786 13.379 13.971 14.562 14.719 14.775 14.788 14.727 14.665 14.603 14.540 14.477 14.412 14.347 14.282 14.215 14.795 15.395 15.968 16.516 17.039
6.050 6.256 6.458 6.658 6.854 7.048 7.238 7.425 7.609 7.790 7.943 8.021 8.073 8.098 8.097 8.070 8.017 7.937 7.832 7.714 7.588 7.442 7.245 6.985 6.725 6.464 6.202 5.940 5.677 5.414 5.150 4.886 4.620 4.355 4.281 4.447 4.644 4.870 5.125 5.411 5.727 6.072 6.448 6.853 7.289 7.754 8.306 8.904 9.501 10.096 10.690 11.260 11.767 12.260 12.740 13.206 13.659 14.099 14.182 14.120 14.056 13.993 13.928 13.863 13.797 13.730 13.663 13.595 13.526 13.457 13.865 14.351 14.811 15.246 15.655
6.054 6.249 6.441 6.630 6.816 6.998 7.178 7.354 7.528 7.698 7.838 7.825 7.785 7.720 7.628 7.510 7.366 7.196 6.999 6.790 6.573 6.335 6.077 5.815 5.552 5.288 5.024 4.760 4.494 4.229 3.962 3.695 3.428 3.159 3.081 3.380 3.709 4.067 4.455 4.874 5.322 5.800 6.318 6.865 7.396 7.911 8.423 8.938 9.439 9.927 10.401 10.862 11.309 11.744 12.164 12.571 12.965 13.346 13.459 13.393 13.327 13.260 13.193 13.124 13.055 12.986 12.915 12.844 12.772 12.700 12.961 13.333 13.681 14.002 14.298
6.062 6.246 6.427 6.605 6.780 6.952 7.121 7.286 7.449 7.609 7.756 7.652 7.522 7.366 7.183 6.975 6.740 6.479 6.192 5.891 5.582 5.252 4.911 4.647 4.381 4.115 3.849 3.581 3.314 3.045 2.776 2.507 2.237 2.020 2.131 2.738 3.328 3.902 4.460 5.000 5.524 6.032 6.522 6.997 7.454 7.895 8.335 8.791 9.233 9.661 10.076 10.478 10.866 11.241 11.603 11.951 12.286 12.607 12.737 12.668 12.599 12.529 12.459 12.387 12.315 12.243 12.169 12.095 12.020 11.945 12.083 12.343 12.577 12.785 12.967
