DATA/SHG/ECMWF/20170628/EN-26/20170707.en-26.asc
ncols        190
nrows        64
xllcorner    -5100000.000000000000
yllcorner    4130000.000000000000
cellsize     10000.000000000000
NODATA_value  -99999.000
[rows 32 to 63 of 64, columns 0 to 73 of 190]
1.697 1.677 1.628 1.579 1.532 1.486 1.442 1.400 1.359 1.319 1.282 1.246 1.212 1.179 1.167 1.150 1.128 1.099 1.064 1.023 0.976 0.923 0.864 0.799 0.728 0.651 0.654 0.658 0.660 0.661 0.661 0.660 0.657 0.654 0.649 0.643 0.637 0.628 0.613 0.598 0.586 0.574 0.564 0.556 0.549 0.543 0.539 0.629 0.716 0.767 1.034 1.282 1.511 1.722 1.913 2.086 2.240 2.375 2.492 2.589 2.668 2.715 2.630 2.551 2.477 2.409 2.346 2.289 2.238 2.191 2.150 2.115 2.085 2.192
1.903 1.848 1.800 1.757 1.715 1.675 1.636 1.600 1.564 1.531 1.499 1.468 1.440 1.413 1.382 1.344 1.300 1.250 1.194 1.132 1.064 0.990 0.910 0.824 0.732 0.633 0.617 0.617 0.615 0.612 0.608 0.603 0.596 0.589 0.580 0.571 0.560 0.548 0.537 0.528 0.781 1.052 1.271 1.437 1.552 1.614 1.624 1.582 1.489 1.343 1.512 1.694 1.858 2.003 2.129 2.236 2.325 2.395 2.445 2.477 2.491 2.485 2.422 2.362 2.307 2.258 2.214 2.176 2.143 2.116 2.094 2.078 2.067 2.062
2.118 2.031 1.970 1.932 1.896 1.862 1.829 1.798 1.768 1.740 1.714 1.689 1.666 1.645 1.602 1.543 1.478 1.407 1.330 1.247 1.158 1.063 0.962 0.855 0.741 0.622 0.581 0.577 0.571 0.564 0.556 0.547 0.537 0.827 1.176 1.558 1.974 2.423 2.723 2.916 3.057 3.146 3.183 3.168 3.101 2.982 2.810 2.587 2.312 1.984 2.008 2.125 2.223 2.302 2.363 2.405 2.428 2.432 2.418 2.384 2.332 2.261 2.208 2.167 2.132 2.102 2.077 2.058 2.044 2.036 2.033 2.036 2.044 2.057
2.344 2.223 2.138 2.106 2.075 2.046 2.019 1.994 1.970 1.947 1.927 1.908 1.890 1.874 1.830 1.749 1.663 1.571 1.473 1.369 1.259 1.142 1.020 0.892 0.757 0.625 0.760 0.991 1.255 1.553 1.884 2.249 2.647 3.079 3.544 4.043 4.575 5.140 5.413 5.424 5.383 5.291 5.146 4.949 4.701 4.400 4.047 3.642 3.185 2.677 2.522 2.573 2.606 2.620 2.615 2.592 2.549 2.488 2.408 2.309 2.192 2.055 1.990 1.968 1.952 1.940 1.935 1.935 1.940 1.950 1.967 1.988 2.015 2.048
2.581 2.426 2.303 2.277 2.252 2.229 2.208 2.188 2.169 2.153 2.138 2.124 2.112 2.102 2.063 1.962 1.854 1.741 1.636 1.609 1.606 1.628 1.672 1.741 1.833 1.949 2.159 2.507 2.888 3.302 3.750 4.231 4.745 5.293 5.875 6.490 7.138 7.819 8.152 7.982 7.759 7.485 7.159 6.781 6.350 5.868 5.334 4.748 4.110 3.420 3.053 3.040 3.007 2.956 2.885 2.796 2.689 2.562 2.417 2.253 2.070 1.868 1.767 1.764 1.766 1.774 1.787 1.806 1.830 1.860 1.895 1.936 1.982 2.033
2.827 2.639 2.467 2.447 2.427 2.410 2.394 2.380 2.367 2.356 2.346 2.341 2.347 2.361 2.367 2.328 2.313 2.322 2.355 2.411 2.491 2.595 2.722 2.873 3.048 3.247 3.522 3.986 4.483 5.014 5.578 6.175 6.806 7.470 8.168 8.899 9.663 10.461 10.940 10.588 10.185 9.729 9.222 8.662 8.051 7.387 6.672 5.905 5.085 4.214 3.603 3.524 3.426 3.309 3.174 3.019 2.846 2.655 2.444 2.215 1.967 1.700 1.539 1.555 1.576 1.603 1.635 1.673 1.716 1.764 1.819 1.878 1.943 2.013
3.084 2.863 2.632 2.614 2.595 2.575 2.562 2.557 2.560 2.569 2.586 2.611 2.643 2.683 2.729 2.773 2.841 2.932 3.048 3.186 3.349 3.536 3.746 3.980 4.237 4.518 4.849 5.429 6.042 6.689 7.369 8.083 8.829 9.610 10.423 11.270 12.151 13.065 13.778 13.245 12.660 12.023 11.334 10.594 9.801 8.956 8.060 7.112 6.112 5.059 4.171 4.026 3.863 3.681 3.480 3.261 3.022 2.765 2.489 2.195 1.882 1.550 1.306 1.340 1.381 1.427 1.478 1.534 1.596 1.664 1.831 2.068 2.312 2.562
3.219 2.967 2.723 2.676 2.675 2.681 2.694 2.715 2.743 2.779 2.822 2.873 2.931 2.996 3.069 3.192 3.342 3.516 3.714 3.936 4.181 4.450 4.743 5.059 5.399 5.763 6.151 6.834 7.564 8.327 9.123 9.953 10.816 11.712 12.642 13.605 14.601 15.631 16.665 15.951 15.185 14.367 13.497 12.575 11.601 10.576 9.499 8.369 7.188 5.955 4.756 4.546 4.318 4.071 3.805 3.520 3.216 2.894 2.553 2.193 1.815 1.418 1.068 1.224 1.438 1.658 1.884 2.118 2.358 2.605 2.858 3.118 3.385 3.659
3.219 2.994 2.777 2.722 2.746 2.778 2.818 2.864 2.919 2.980 3.049 3.126 3.210 3.301 3.400 3.585 3.818 4.074 4.355 4.659 4.987 5.338 5.714 6.112 6.535 6.981 7.451 8.203 9.049 9.928 10.840 11.786 12.765 13.777 14.823 15.902 17.014 18.160 19.339 18.706 17.759 16.760 15.709 14.606 13.452 12.246 10.987 9.677 8.316 6.902 5.437 5.085 4.791 4.478 4.147 3.797 3.438 3.104 2.798 2.520 2.269 2.047 1.853 2.083 2.319 2.562 2.812 3.069 3.332 3.602 3.878 4.161 4.451 4.747
3.210 3.012 2.823 2.759 2.809 2.867 2.933 3.005 3.086 3.173 3.268 3.371 3.481 3.598 3.723 3.952 4.267 4.607 4.970 5.356 5.766 6.200 6.658 7.139 7.644 8.173 8.725 9.536 10.497 11.492 12.520 13.582 14.677 15.805 16.967 18.161 19.389 20.651 21.946 21.511 20.383 19.203 17.971 16.688 15.353 13.965 12.527 11.036 9.494 7.745 6.005 5.337 4.961 4.612 4.291 3.998 3.733 3.495 3.286 3.104 2.950 2.824 2.726 2.934 3.193 3.459 3.732 4.012 4.298 4.591 4.890 5.196 5.509 5.828
3.193 3.022 2.860 2.788 2.864 2.948 3.040 3.138 3.244 3.358 3.479 3.607 3.743 3.886 4.037 4.293 4.691 5.113 5.558 6.027 6.520 7.036 7.576 8.140 8.727 9.338 9.973 10.831 11.909 13.020 14.164 15.341 16.552 17.796 19.073 20.384 21.727 23.105 24.515 24.365 23.056 21.696 19.791 17.891 16.036 14.226 12.461 10.741 9.067 7.437 5.853 5.122 4.842 4.590 4.365 4.169 4.000 3.859 3.746 3.660 3.603 3.573 3.571 3.777 4.060 4.349 4.645 4.947 5.256 5.572 5.894 6.224 6.559 6.902
3.167 3.024 2.888 2.809 2.911 3.021 3.138 3.263 3.395 3.534 3.681 3.835 3.997 4.166 4.343 4.608 5.089 5.593 6.121 6.672 7.247 7.846 8.468 9.114 9.784 10.477 11.194 12.090 13.284 14.510 15.770 17.063 18.390 19.750 21.129 21.968 22.775 23.550 24.292 23.845 21.966 20.132 18.343 16.599 14.901 13.247 11.639 10.076 8.558 7.086 5.658 4.880 4.696 4.540 4.412 4.312 4.240 4.195 4.178 4.189 4.228 4.294 4.389 4.613 4.918 5.231 5.549 5.875 6.207 6.546 6.891 7.243 7.602 7.968
3.133 3.016 2.908 2.822 2.950 3.085 3.228 3.379 3.537 3.702 3.875 4.055 4.243 4.438 4.640 4.898 5.461 6.047 6.657 7.291 7.948 8.629 9.334 10.062 10.814 11.590 12.389 13.273 14.226 15.146 16.034 16.890 17.714 18.506 19.266 19.994 20.690 21.353 21.985 21.884 20.161 18.484 16.852 15.264 13.722 12.226 10.774 9.367 8.006 6.690 5.418 4.610 4.523 4.463 4.432 4.428 4.452 4.504 4.583 4.690 4.825 4.988 5.178 5.441 5.770 6.105 6.447 6.795 7.150 7.512 7.881 8.256 8.637 9.026
3.090 3.001 2.919 2.846 2.980 3.142 3.311 3.487 3.671 3.862 4.060 4.266 4.480 4.701 4.929 5.165 5.807 6.476 7.168 7.884 8.580 9.129 9.667 10.194 10.710 11.216 11.710 12.222 13.063 13.872 14.649 15.394 16.108 16.789 17.438 18.054 18.639 19.192 19.713 19.879 18.313 16.792 15.317 13.886 12.501 11.160 9.865 8.615 7.410 6.250 5.135 4.313 4.322 4.359 4.424 4.516 4.637 4.785 4.960 5.164 5.395 5.654 5.940 6.262 6.614 6.972 7.337 7.708 8.086 8.471 8.862 9.260 9.665 10.076
3.038 2.976 2.922 2.876 3.002 3.190 3.385 3.587 3.796 4.013 4.238 4.470 4.709 4.924 5.077 5.225 5.723 6.278 6.822 7.356 7.878 8.389 8.889 9.379 9.857 10.325 10.781 11.227 11.935 12.633 13.299 13.934 14.536 15.106 15.644 16.150 16.624 17.066 17.476 17.832 16.422 15.058 13.739 12.464 11.235 10.051 8.912 7.818 6.769 5.766 4.807 3.990 4.095 4.228 4.389 4.578 4.794 5.038 5.310 5.610 5.937 6.292 6.675 7.076 7.450 7.831 8.219 8.613 9.014 9.422 9.836 10.257 10.685 11.119
2.979 2.944 2.917 2.897 3.016 3.230 3.430 3.603 3.770 3.931 4.087 4.238 4.382 4.521 4.655 4.782 5.185 5.702 6.208 6.704 7.188 7.662 8.124 8.576 9.016 9.446 9.865 10.272 10.841 11.429 11.984 12.507 12.999 13.458 13.886 14.281 14.644 14.976 15.275 15.542 14.488 13.280 12.117 10.999 9.926 8.899 7.916 6.978 6.085 5.238 4.435 3.677 3.840 4.070 4.327 4.612 4.924 5.264 5.632 6.028 6.451 6.902 7.381 7.882 8.279 8.683 9.094 9.511 9.935 10.366 10.803 11.247 11.690 11.918
2.883 2.849 2.817 2.787 2.847 3.011 3.170 3.323 3.471 3.613 3.750 3.880 4.005 4.125 4.239 4.347 4.659 5.138 5.606 6.064 6.511 6.946 7.371 7.785 8.188 8.580 8.961 9.331 9.782 10.259 10.703 11.116 11.497 11.845 12.162 12.447 12.699 12.920 13.109 13.266 12.511 11.460 10.453 9.491 8.574 7.703 6.876 6.094 5.358 4.666 4.019 3.418 3.559 3.884 4.237 4.618 5.027 5.463 5.927 6.419 6.938 7.485 8.060 8.662 9.101 9.508 9.722 9.939 10.161 10.387 10.617 10.851 11.090 11.332
2.684 2.656 2.630 2.605 2.633 2.778 2.917 3.051 3.179 3.301 3.418 3.529 3.635 3.735 3.829 3.918 4.145 4.586 5.017 5.437 5.845 6.243 6.630 7.006 7.372 7.726 8.069 8.401 8.757 9.123 9.457 9.759 10.029 10.267 10.473 10.647 10.789 10.900 10.978 11.024 10.492 9.596 8.745 7.940 7.179 6.463 5.792 5.167 4.586 4.050 3.559 3.114 3.250 3.671 4.121 4.598 5.102 5.634 6.179 6.640 7.084 7.512 7.924 8.320 8.577 8.801 9.029 9.261 9.498 9.739 9.983 10.233 10.486 10.744
2.484 2.462 2.441 2.422 2.425 2.550 2.670 2.785 2.893 2.996 3.093 3.185 3.271 3.351 3.426 3.495 3.643 4.047 4.440 4.822 5.193 5.553 5.902 6.240 6.568 6.884 7.190 7.484 7.767 8.022 8.245 8.437 8.596 8.724 8.819 8.883 8.914 8.914 8.882 8.818 8.429 7.689 6.994 6.345 5.740 5.180 4.665 4.196 3.771 3.391 3.056 2.777 2.953 3.455 3.940 4.410 4.863 5.300 5.721 6.125 6.514 6.886 7.243 7.583 7.852 8.090 8.333 8.580 8.832 9.087 9.347 9.611 9.879 10.152
2.282 2.266 2.251 2.237 2.225 2.330 2.430 2.525 2.614 2.697 2.775 2.847 2.914 2.974 3.030 3.079 3.153 3.519 3.874 4.219 4.552 4.874 5.186 5.487 5.776 6.055 6.323 6.580 6.811 6.956 7.068 7.149 7.198 7.215 7.200 7.153 7.074 6.964 6.821 6.646 6.323 5.739 5.201 4.707 4.306 4.052 3.810 3.579 3.359 3.151 2.954 2.769 2.845 3.291 3.721 4.134 4.532 4.913 5.278 5.627 5.960 6.277 6.577 6.862 7.123 7.377 7.634 7.896 8.162 8.433 8.707 8.986 9.269 9.556
2.079 2.068 2.059 2.051 2.045 2.115 2.196 2.271 2.341 2.405 2.463 2.516 2.563 2.604 2.640 2.670 2.694 3.004 3.321 3.628 3.924 4.208 4.482 4.745 4.997 5.238 5.468 5.688 5.889 5.923 5.926 5.896 5.834 5.741 5.616 5.458 5.269 5.118 5.084 5.051 4.982 4.723 4.474 4.237 4.011 3.797 3.594 3.403 3.223 3.054 2.896 2.750 2.753 3.143 3.517 3.875 4.217 4.542 4.852 5.145 5.422 5.683 5.928 6.157 6.391 6.659 6.932 7.209 7.489 7.775 8.064 8.358 8.656 8.958
1.875 1.869 1.865 1.863 1.862 1.907 1.969 2.024 2.074 2.119 2.157 2.191 2.218 2.240 2.256 2.267 2.272 2.501 2.781 3.049 3.307 3.554 3.791 4.016 4.230 4.434 4.626 4.808 4.979 4.925 4.853 4.820 4.787 4.753 4.720 4.687 4.654 4.621 4.587 4.554 4.520 4.299 4.090 3.893 3.706 3.531 3.368 3.216 3.075 2.945 2.827 2.721 2.677 3.011 3.329 3.632 3.918 4.188 4.442 4.679 4.901 5.106 5.296 5.469 5.656 5.939 6.226 6.518 6.813 7.113 7.418 7.726 8.039 8.356
1.668 1.668 1.670 1.674 1.679 1.706 1.747 1.784 1.814 1.839 1.858 1.872 1.880 1.883 1.879 1.870 1.856 2.010 2.252 2.483 2.703 2.913 3.111 3.323 3.549 3.767 3.976 4.176 4.367 4.389 4.356 4.322 4.289 4.256 4.223 4.190 4.157 4.124 4.091 4.058 4.025 3.865 3.695 3.537 3.390 3.254 3.130 3.017 2.916 2.826 2.747 2.679 2.623 2.895 3.158 3.404 3.635 3.849 4.047 4.230 4.396 4.546 4.679 4.797 4.917 5.215 5.517 5.823 6.134 6.449 6.768 7.091 7.418 7.750
1.461 1.466 1.474 1.483 1.493 1.510 1.533 1.549 1.560 1.566 1.566 1.560 1.548 1.531 1.509 1.480 1.470 1.596 1.844 2.083 2.314 2.537 2.750 2.955 3.151 3.339 3.518 3.688 3.850 3.891 3.858 3.825 3.792 3.760 3.727 3.694 3.661 3.628 3.595 3.563 3.530 3.420 3.289 3.170 3.063 2.966 2.882 2.808 2.746 2.695 2.655 2.627 2.610 2.795 3.002 3.193 3.368 3.527 3.669 3.796 3.907 4.001 4.079 4.141 4.188 4.488 4.805 5.126 5.451 5.781 6.115 6.453 6.795 7.141
1.251 1.263 1.276 1.290 1.306 1.321 1.324 1.322 1.313 1.314 1.319 1.324 1.329 1.332 1.335 1.338 1.340 1.416 1.634 1.844 2.045 2.237 2.421 2.596 2.763 2.920 3.070 3.210 3.342 3.395 3.362 3.329 3.296 3.264 3.231 3.198 3.165 3.133 3.100 3.068 3.035 2.964 2.873 2.793 2.725 2.668 2.622 2.588 2.565 2.553 2.553 2.564 2.586 2.711 2.862 2.998 3.117 3.220 3.308 3.379 3.434 3.473 3.495 3.502 3.493 3.758 4.089 4.425 4.765 5.110 5.458 5.811 6.168 6.529
1.041 1.058 1.087 1.119 1.151 1.180 1.186 1.191 1.196 1.200 1.203 1.206 1.208 1.210 1.211 1.211 1.210 1.246 1.434 1.614 1.785 1.948 2.101 2.247 2.383 2.511 2.631 2.741 2.843 2.899 2.866 2.833 2.801 2.768 2.736 2.703 2.671 2.638 2.606 2.573 2.541 2.497 2.445 2.404 2.375 2.358 2.351 2.356 2.372 2.400 2.439 2.489 2.551 2.642 2.738 2.818 2.882 2.930 2.962 2.977 2.977 2.960 2.928 2.879 2.814 3.024 3.371 3.721 4.076 4.456 4.834 5.200 5.556 5.900
0.926 0.957 0.987 1.017 1.046 1.074 1.080 1.083 1.085 1.087 1.088 1.089 1.089 1.088 1.087 1.085 1.082 1.085 1.243 1.393 1.535 1.667 1.791 1.907 2.014 2.112 2.201 2.282 2.354 2.403 2.370 2.338 2.306 2.273 2.241 2.208 2.176 2.144 2.112 2.079 2.047 2.019 2.006 2.005 2.015 2.037 2.069 2.114 2.169 2.236 2.314 2.404 2.504 2.590 2.630 2.655 2.663 2.656 2.632 2.592 2.536 2.464 2.410 2.364 2.318 2.512 2.896 3.269 3.631 3.981 4.321 4.650 4.967 5.274
0.832 0.860 0.888 0.915 0.942 0.967 0.974 0.975 0.976 0.975 0.974 0.973 0.970 0.967 0.964 0.959 0.954 0.949 1.062 1.182 1.293 1.396 1.491 1.576 1.653 1.722 1.781 1.833 1.875 1.908 1.876 1.843 1.811 1.779 1.747 1.714 1.682 1.650 1.618 1.586 1.554 1.530 1.556 1.595 1.644 1.705 1.777 1.860 1.955 2.061 2.178 2.307 2.447 2.553 2.538 2.494 2.446 2.398 2.351 2.305 2.259 2.214 2.169 2.125 2.081 2.200 2.546 2.881 3.205 3.518 3.820 4.110 4.390 4.659
0.738 0.765 0.790 0.815 0.838 0.862 0.870 0.869 0.867 0.864 0.861 0.857 0.852 0.847 0.841 0.835 0.828 0.820 0.890 0.980 1.062 1.135 1.199 1.255 1.302 1.341 1.371 1.392 1.405 1.409 1.381 1.349 1.317 1.285 1.253 1.221 1.189 1.157 1.125 1.093 1.061 1.030 1.096 1.173 1.262 1.362 1.473 1.595 1.735 1.871 2.000 2.124 2.243 2.333 2.286 2.240 2.193 2.148 2.103 2.058 2.014 1.971 1.928 1.885 1.844 1.900 2.208 2.505 2.791 3.065 3.329 3.582 3.824 4.054
0.646 0.670 0.693 0.715 0.736 0.757 0.767 0.763 0.759 0.754 0.748 0.742 0.735 0.728 0.720 0.711 0.702 0.692 0.727 0.787 0.839 0.883 0.917 0.943 0.961 0.970 0.970 0.962 0.945 0.919 0.887 0.856 0.824 0.792 0.760 0.728 0.696 0.664 0.633 0.601 0.569 0.599 0.738 0.888 1.033 1.171 1.304 1.432 1.553 1.669 1.779 1.883 1.982 2.075 2.030 1.985 1.940 1.897 1.854 1.811 1.769 1.727 1.686 1.646 1.606 1.610 1.880 2.139 2.387 2.624 2.850 3.064 3.268 3.461
0.555 0.576 0.596 0.616 0.635 0.653 0.664 0.658 0.652 0.644 0.637 0.628 0.619 0.610 0.599 0.588 0.577 0.564 0.573 0.604 0.626 0.640 0.645 0.641 0.629 0.608 0.579 0.541 0.494 0.439 0.394 0.362 0.331 0.299 0.332 0.367 0.402 0.437 0.471 0.506 0.540 0.574 0.681 0.811 0.936 1.055 1.168 1.276 1.378 1.474 1.564 1.648 1.727 1.800 1.773 1.730 1.687 1.646 1.604 1.564 1.523 1.484 1.445 1.406 1.368 1.331 1.563 1.784 1.994 2.193 2.381 2.558 2.724 2.879
0.464 0.483 0.501 0.518 0.534 0.550 0.562 0.554 0.545 0.536 0.526 0.515 0.504 0.492 0.479 0.466 0.452 0.438 0.429 0.430 0.422 0.406 0.382 0.348 0.306 0.256 0.198 0.186 0.175 0.163 0.172 0.206 0.241 0.276 0.310 0.345 0.379 0.414 0.448 0.482 0.516 0.549 0.630 0.741 0.845 0.945 1.038 1.126 1.208 1.284 1.354 1.419 1.478 1.531 1.515 1.474 1.434 1.394 1.355 1.316 1.278 1.240 1.203 1.166 1.130 1.095 1.257 1.440 1.612 1.773 1.923 2.062 2.190 2.307
