DATA/SHG/ECMWF/20170628/EN-26/20170704.en-26.asc
ncols        190
nrows        64
xllcorner    -5100000.000000000000
yllcorner    4130000.000000000000
cellsize     10000.000000000000
NODATA_value  -99999.000
[rows 32 to 63 of 64, columns 74 to 147 of 190]
3.559 3.877 4.177 4.461 4.727 4.976 5.208 5.422 5.620 5.799 5.962 6.101 6.222 6.376 6.562 6.781 7.032 7.317 7.633 7.983 8.365 8.775 9.212 9.603 9.768 9.945 10.133 10.333 10.544 10.765 10.999 11.243 11.499 11.766 12.044 12.045 11.484 10.882 10.239 9.555 8.830 8.064 7.257 6.644 6.728 6.897 7.151 7.880 9.040 10.152 11.219 12.239 13.212 14.140 15.020 15.855 16.643 17.384 18.080 19.091 20.223 21.205 22.036 22.717 23.248 23.628 23.857 23.936 23.864 23.642 23.270 23.624 24.261 24.843
3.182 3.440 3.681 3.905 4.111 4.300 4.472 4.627 4.764 4.884 4.987 5.078 5.312 5.579 5.879 6.211 6.575 6.973 7.402 7.865 8.361 8.886 9.436 9.974 10.190 10.417 10.655 10.904 11.164 11.436 11.719 12.013 12.319 12.635 13.048 13.536 13.318 13.184 13.135 13.170 13.290 13.494 13.782 14.155 14.612 15.153 15.779 16.576 17.530 18.436 19.297 20.111 20.879 21.600 22.275 22.903 23.485 24.021 24.511 25.024 25.491 25.808 25.974 25.990 25.856 25.571 25.136 24.550 23.815 22.928 21.892 21.701 22.092 22.427
2.822 3.020 3.201 3.365 3.512 3.641 3.754 3.848 3.926 3.986 4.029 4.055 4.373 4.753 5.166 5.611 6.089 6.600 7.143 7.718 8.328 8.967 9.632 10.322 10.598 10.941 11.552 12.185 12.840 13.517 14.217 14.938 15.681 16.446 17.234 17.968 18.123 18.362 18.685 19.092 19.584 20.161 20.821 21.566 22.396 23.309 24.307 25.310 26.058 26.758 27.413 28.021 28.583 29.099 29.568 29.991 30.367 30.697 30.981 31.103 30.906 30.558 30.060 29.411 28.613 27.664 26.564 25.315 23.915 22.365 20.664 19.834 19.980 20.069
2.478 2.617 2.738 2.843 2.930 2.999 3.052 3.087 3.105 3.105 3.089 3.055 3.406 3.899 4.425 4.983 5.574 6.442 7.659 8.836 9.922 10.924 11.894 12.833 13.537 14.223 14.931 15.661 16.414 17.188 17.984 18.802 19.643 20.505 21.389 22.296 22.830 23.441 24.136 24.916 25.780 26.729 27.761 28.878 30.080 31.365 32.735 34.082 34.624 35.119 35.568 35.970 36.326 36.636 36.900 37.117 37.288 37.413 37.491 37.329 36.467 35.455 34.293 32.980 31.518 29.905 28.142 26.229 24.165 21.952 19.588 18.026 17.926 17.770
2.152 2.231 2.292 2.337 2.364 2.374 2.366 2.342 2.300 2.241 2.518 3.247 4.365 5.641 6.879 8.077 9.236 10.356 11.436 12.477 13.426 14.290 15.122 15.923 16.692 17.476 18.281 19.108 19.958 20.829 21.722 22.638 23.575 24.534 25.516 26.519 27.439 28.422 29.490 30.642 31.878 33.198 34.603 36.091 37.664 39.322 41.063 42.889 43.228 43.517 43.761 43.958 44.108 44.213 44.271 44.283 44.248 44.168 44.041 43.700 42.174 40.499 38.673 36.697 34.571 32.295 29.868 27.292 24.566 21.689 18.663 16.274 15.929 15.527
1.841 1.861 1.863 2.116 2.650 3.239 3.882 4.581 5.334 6.142 7.005 7.923 8.991 10.131 11.232 12.294 13.317 14.300 15.244 16.149 16.961 17.687 18.381 19.045 19.820 20.700 21.602 22.527 23.473 24.441 25.432 26.444 27.478 28.534 29.613 30.713 31.951 33.306 34.746 36.269 37.877 39.569 41.345 43.205 45.150 47.178 49.291 51.488 51.870 51.954 51.992 51.983 51.929 51.828 51.681 51.487 51.248 50.962 50.629 50.218 48.028 45.689 43.200 40.561 37.772 34.833 31.744 28.505 25.116 21.577 17.888 14.580 13.989 13.343
3.378 3.937 4.551 5.220 5.944 6.722 7.555 8.443 9.386 10.383 11.436 12.543 13.647 14.651 15.616 16.541 17.428 18.275 19.082 19.851 20.526 21.114 21.671 22.197 22.918 23.896 24.895 25.916 26.960 28.025 29.112 30.221 31.352 32.505 33.680 34.877 36.366 38.093 39.904 41.799 43.778 45.841 47.989 50.220 52.536 54.936 57.420 59.988 60.550 60.429 60.261 60.048 59.788 59.482 59.129 58.731 58.286 57.795 57.258 56.674 54.029 51.027 47.875 44.573 41.121 37.520 33.768 29.867 25.816 21.614 17.263 12.943 12.107 11.323
5.858 6.607 7.411 8.269 9.182 10.150 11.173 12.250 13.382 14.569 15.811 17.107 18.333 19.201 20.029 20.819 21.569 22.279 22.951 23.583 24.122 24.572 24.992 25.381 25.988 27.062 28.159 29.277 30.417 31.579 32.763 33.969 35.197 36.447 37.719 39.012 40.683 42.782 44.964 47.230 49.581 52.015 54.534 57.136 59.823 62.594 65.449 68.388 69.268 68.942 68.569 68.151 67.686 67.174 66.617 66.013 65.364 64.668 63.925 63.137 60.175 56.511 52.696 48.732 44.411 39.603 34.892 30.279 25.764 21.346 17.027 12.805 12.149 11.790
8.284 9.222 10.215 11.263 12.365 13.523 14.735 16.001 17.323 18.699 20.129 21.615 23.049 23.781 24.473 25.126 25.740 26.314 26.850 27.346 27.748 28.061 28.343 28.595 29.030 30.201 31.394 32.609 33.846 35.105 36.385 37.688 39.013 40.359 41.728 43.118 44.904 47.373 49.927 52.564 55.286 58.091 60.981 63.954 67.012 70.153 73.379 76.688 78.025 77.493 76.916 76.292 75.622 74.906 74.144 73.102 71.138 69.007 66.708 64.242 60.127 55.358 50.686 46.112 41.635 37.257 32.976 28.793 24.707 20.720 16.830 13.038 12.274 12.194
10.727 11.782 12.965 14.202 15.494 16.840 18.241 19.697 21.208 22.773 24.393 26.067 27.795 28.390 28.946 29.463 29.941 30.380 30.779 31.140 31.405 31.581 31.726 31.839 32.042 33.310 34.600 35.912 37.246 38.601 39.979 41.378 42.800 44.243 45.708 47.195 49.028 51.868 54.792 57.801 60.893 64.069 67.329 70.673 74.101 77.613 81.109 84.198 85.514 83.982 82.284 80.418 78.385 76.185 73.818 71.283 68.582 65.713 62.678 59.475 55.538 51.198 46.956 42.812 38.765 34.816 30.965 27.211 23.555 19.997 16.537 13.174 12.337 12.535
13.245 14.288 15.660 17.086 18.567 20.103 21.693 23.338 25.037 26.791 28.600 30.463 32.381 33.029 33.450 33.831 34.172 34.475 34.739 34.963 35.092 35.131 35.138 35.115 35.061 36.391 37.778 39.187 40.617 42.069 43.543 45.040 46.558 48.097 49.659 51.243 53.055 56.177 58.643 61.245 63.983 66.857 69.867 73.013 76.295 79.713 83.267 86.957 89.031 86.762 84.326 81.723 78.953 76.016 72.911 69.640 66.202 62.596 58.824 54.885 50.855 46.945 43.133 39.418 35.801 32.281 28.859 25.535 22.308 19.179 16.148 13.214 12.337 12.814
15.784 16.739 18.300 19.916 21.585 23.310 25.089 26.923 28.811 30.754 32.752 34.804 36.911 37.699 37.983 38.228 38.434 38.601 38.729 38.818 38.810 38.711 38.582 38.421 38.230 39.444 40.927 42.432 43.921 44.692 45.454 46.207 46.950 47.684 48.408 49.123 49.854 52.785 55.852 59.054 62.393 65.867 69.478 73.224 77.106 81.124 85.278 89.568 92.721 89.715 86.542 83.202 79.695 76.021 72.180 68.172 63.997 59.656 55.147 50.472 46.079 42.599 39.216 35.930 32.742 29.652 26.659 23.764 20.966 18.266 15.663 13.158 12.275 13.030
18.343 19.136 20.886 22.690 24.549 26.462 28.430 30.453 32.530 34.662 36.848 39.089 41.384 42.398 42.546 42.655 42.726 42.757 42.749 42.702 41.750 40.758 39.785 38.830 37.894 38.197 38.956 39.705 40.445 41.176 41.897 42.609 43.311 44.004 44.688 45.362 46.026 49.249 52.916 56.719 60.658 64.732 68.943 73.289 77.771 82.389 87.142 92.031 96.583 92.840 88.930 84.853 80.610 76.200 71.623 66.879 61.968 56.891 51.647 46.236 41.210 38.159 35.205 32.348 29.589 26.928 24.364 21.897 19.528 17.257 15.083 13.007 12.151 13.183
20.924 21.479 23.417 25.410 27.458 29.560 31.717 33.928 36.194 38.514 40.889 43.318 45.802 45.960 44.787 43.637 42.510 41.407 40.327 39.270 38.288 37.378 36.486 35.613 34.758 34.858 35.576 36.284 36.984 37.673 38.354 39.025 39.686 40.339 40.981 41.615 42.239 45.569 49.836 54.239 58.778 63.452 68.262 73.208 78.289 83.506 88.859 94.348 99.972 96.137 91.491 86.678 81.699 76.553 71.240 65.761 60.115 54.302 48.322 42.176 36.249 33.626 31.101 28.673 26.342 24.110 21.974 19.936 17.996 16.153 14.407 12.759 11.964 13.274
23.525 23.767 25.894 28.076 30.312 32.603 34.050 35.433 36.765 38.049 39.282 40.467 41.602 41.916 40.824 39.755 38.709 37.686 36.687 35.711 34.810 33.981 33.171 32.379 31.606 31.533 32.210 32.878 33.537 34.186 34.825 35.455 36.076 36.688 37.290 37.882 38.466 41.746 46.613 51.615 56.753 62.027 67.436 72.981 78.661 84.478 90.429 96.517 102.740 99.606 94.225 88.676 82.962 77.080 71.032 64.818 58.437 51.889 45.174 38.293 31.245 28.999 26.903 24.903 23.002 21.197 19.490 17.880 16.368 14.953 13.635 12.415 11.715 13.303
24.793 24.039 25.498 26.908 28.269 29.580 30.841 32.053 33.216 34.329 35.393 36.408 37.373 37.857 36.845 35.856 34.891 33.949 33.030 32.135 31.315 30.568 29.839 29.129 28.437 28.223 28.859 29.486 30.104 30.712 31.311 31.900 32.481 33.051 33.613 34.165 34.707 37.780 43.246 48.847 54.584 60.457 66.465 72.609 78.888 85.303 91.853 98.539 105.360 103.247 97.130 90.847 84.397 77.781 70.998 64.049 56.933 49.651 42.202 34.586 26.804 24.280 22.612 21.040 19.567 18.190 16.911 15.729 14.645 13.658 12.768 11.976 11.404 13.269
22.705 21.729 23.018 24.258 25.449 26.590 27.681 28.724 29.716 30.660 31.554 32.398 33.193 33.781 32.850 31.942 31.057 30.196 29.358 28.543 27.804 27.138 26.491 25.862 25.251 24.927 25.522 26.109 26.685 27.253 27.811 28.360 28.899 29.429 29.950 30.461 30.963 33.670 39.735 45.935 52.271 58.742 65.349 72.091 78.968 85.982 93.130 100.414 107.834 107.060 100.209 93.191 86.006 78.656 71.138 63.455 55.605 47.588 39.405 31.056 22.540 19.467 18.227 17.084 16.038 15.089 14.238 13.484 12.979 12.917 12.946 13.065 13.275 15.288
20.586 19.726 20.587 21.657 22.678 23.649 24.571 25.443 26.266 27.040 27.764 28.439 29.064 29.640 28.838 28.011 27.207 26.426 25.669 24.934 24.277 23.692 23.126 22.578 22.048 21.645 22.200 22.745 23.281 23.808 24.326 24.834 25.332 25.822 26.302 26.772 27.233 29.417 36.080 42.879 49.813 56.883 64.088 71.428 78.903 86.515 94.261 102.143 110.160 111.045 103.459 95.707 87.788 79.703 71.452 63.035 54.451 45.701 36.784 27.773 19.032 15.721 15.423 15.216 15.100 15.073 15.137 15.292 15.537 15.873 16.298 16.815 17.422 18.827
18.438 17.699 18.205 19.105 19.956 20.757 21.509 22.212 22.865 23.469 24.023 24.529 24.984 25.391 24.811 24.064 23.341 22.640 21.963 21.309 20.733 20.229 19.744 19.278 18.829 18.400 18.891 19.396 19.892 20.378 20.854 21.322 21.780 22.229 22.668 23.098 23.518 25.021 32.283 39.679 47.211 54.879 62.681 70.620 78.693 86.902 95.246 103.725 112.339 115.201 106.788 97.609 88.526 79.536 70.642 61.842 53.136 44.525 36.008 27.586 19.259 15.407 15.506 15.696 15.977 16.348 16.809 17.360 18.002 18.734 19.557 20.470 21.474 22.487
16.259 15.642 15.872 16.602 17.283 17.915 18.497 19.030 19.513 19.948 20.333 20.668 20.954 21.191 20.767 20.101 19.458 18.838 18.242 17.668 17.172 16.750 16.346 15.961 15.594 15.245 15.597 16.061 16.516 16.961 17.398 17.824 18.242 18.650 19.048 19.438 19.818 20.482 28.341 36.336 44.466 52.738 61.261 69.583 77.704 85.624 93.342 100.859 108.176 111.647 102.788 94.023 85.352 76.776 68.295 59.908 51.615 43.417 35.314 27.305 19.390 15.001 15.497 16.084 16.762 17.529 18.387 19.336 20.374 21.503 22.722 24.032 25.432 26.267
14.050 13.554 13.587 14.148 14.659 15.121 15.533 15.897 16.211 16.476 16.691 16.857 16.974 17.042 16.707 16.121 15.559 15.019 14.503 14.010 13.595 13.254 12.932 12.627 12.341 12.074 12.317 12.740 13.155 13.559 13.955 14.341 14.718 15.845 17.090 18.407 19.796 21.258 29.127 37.372 45.415 53.257 60.899 68.339 75.578 82.616 89.453 96.089 102.524 107.142 98.696 90.344 82.086 73.923 65.855 57.881 50.001 42.216 34.525 26.929 19.427 14.504 15.397 16.381 17.455 18.619 19.873 21.218 22.653 24.178 25.794 27.500 29.296 30.169
11.811 11.436 11.351 11.742 12.083 12.376 12.619 12.813 12.958 13.053 13.099 13.096 13.043 12.942 12.631 12.126 11.643 11.185 10.749 10.336 10.002 9.742 9.500 9.277 9.527 9.819 10.525 11.581 12.709 13.910 15.183 16.529 17.947 19.438 21.001 22.636 24.345 26.125 32.505 39.868 47.029 53.990 60.750 67.309 73.667 79.824 85.780 91.535 97.089 102.443 94.511 86.572 78.727 70.977 63.321 55.760 48.293 40.920 33.642 26.458 19.368 13.915 15.205 16.585 18.055 19.616 21.267 23.008 24.839 26.761 28.772 30.874 33.067 34.191
9.541 9.288 9.163 9.385 9.557 9.680 9.753 9.778 9.753 9.679 9.556 9.384 9.162 8.891 8.538 8.114 8.332 8.837 9.299 9.719 10.064 10.342 10.586 10.796 10.972 11.114 11.804 13.178 14.625 16.145 17.737 19.401 21.138 22.947 24.828 26.782 28.809 30.908 36.094 42.576 48.856 54.936 60.815 66.493 71.971 77.247 82.323 87.197 91.871 96.344 90.234 82.707 75.275 67.938 60.694 53.545 46.491 39.530 32.664 25.893 19.215 13.235 14.921 16.697 18.564 20.521 22.568 24.705 26.932 29.250 31.657 34.155 36.743 38.334
7.241 7.109 7.024 7.076 7.079 7.032 6.937 6.792 6.598 6.852 7.385 7.990 8.666 9.413 10.160 10.603 11.002 11.360 11.674 11.946 12.142 12.271 12.365 12.426 12.453 12.446 13.000 14.693 16.458 18.296 20.207 22.189 24.245 26.372 28.572 30.844 33.189 35.606 39.895 45.496 50.896 56.095 61.094 65.891 70.488 74.885 79.080 83.075 86.870 90.463 85.864 78.750 71.731 64.805 57.974 51.237 44.595 38.046 31.592 25.233 18.967 12.796 14.546 16.718 18.981 21.334 23.776 26.309 28.933 31.646 34.449 37.343 40.326 42.598
4.912 4.901 5.138 5.423 5.775 6.197 6.691 7.256 7.893 8.600 9.379 10.229 11.151 12.144 13.161 13.456 13.708 13.918 14.084 14.208 14.256 14.235 14.181 14.092 13.970 13.814 14.113 16.125 18.209 20.365 22.594 24.895 27.268 29.714 32.232 34.822 37.485 40.220 43.907 48.628 53.147 57.467 61.585 65.503 69.221 72.737 76.054 79.169 82.084 84.798 81.402 74.701 68.093 61.580 55.161 48.836 42.605 36.469 30.427 24.479 18.625 12.865 14.079 16.648 19.306 22.054 24.893 27.822 30.840 33.949 37.148 40.437 43.816 46.983
4.459 4.795 5.135 5.631 6.228 6.896 7.635 8.446 9.328 10.281 11.306 12.401 13.568 14.806 16.115 16.345 16.450 16.511 16.530 16.506 16.406 16.236 16.032 15.795 15.523 15.218 15.145 17.475 19.877 22.351 24.898 27.517 30.208 32.972 35.808 38.716 41.697 44.750 48.130 51.971 55.611 59.051 62.290 65.329 68.167 70.804 73.242 75.478 77.514 79.350 76.848 70.558 64.363 58.261 52.254 46.341 40.522 34.797 29.167 23.630 18.188 12.840 13.521 16.485 19.539 22.683 25.917 29.241 32.655 36.159 39.754 43.438 47.212 50.742
4.426 4.775 5.128 5.771 6.614 7.528 8.513 9.569 10.696 11.894 13.164 14.505 15.917 17.400 18.955 19.269 19.226 19.140 19.012 18.841 18.592 18.273 17.920 17.533 17.113 16.658 16.170 18.742 21.462 24.255 27.119 30.056 33.066 36.147 39.301 42.527 45.825 49.196 52.564 55.526 58.287 60.848 63.208 65.368 67.327 69.086 70.645 72.003 73.161 74.118 72.202 66.324 60.540 54.850 49.254 43.753 38.345 33.032 27.813 22.688 17.657 12.720 12.872 16.232 19.623 22.850 26.026 29.152 32.228 35.252 38.226 41.150 44.023 46.845
4.390 4.752 5.117 5.845 6.933 8.092 9.322 10.624 11.997 13.440 14.955 16.541 18.198 19.926 21.726 22.229 22.039 21.805 21.529 21.210 20.814 20.346 19.844 19.308 18.738 18.135 17.498 19.927 22.965 26.076 29.258 32.513 35.840 39.239 42.710 46.254 49.869 53.558 57.209 59.292 61.174 62.856 64.338 65.620 66.701 67.582 68.262 68.742 69.022 69.102 67.464 61.997 56.625 51.346 46.162 41.058 35.977 31.007 26.148 21.399 16.762 12.236 11.597 14.705 17.762 20.769 23.725 26.630 29.485 32.289 35.043 37.746 40.399 43.001
4.350 4.725 5.103 5.852 7.185 8.590 10.065 11.612 13.230 14.919 16.678 18.509 20.411 22.385 24.429 25.224 24.886 24.506 24.082 23.616 23.071 22.454 21.803 21.119 20.400 19.648 18.862 21.030 24.386 27.814 31.314 34.886 38.530 42.247 46.036 49.897 53.830 57.835 61.913 63.269 64.273 65.077 65.681 66.085 66.288 66.291 66.084 65.318 64.515 63.676 62.080 56.929 51.890 46.961 42.143 37.436 32.840 28.354 23.980 19.717 15.564 11.522 10.230 13.117 15.954 18.740 21.476 24.161 26.796 29.380 31.913 34.396 36.828 39.210
4.307 4.694 5.086 5.793 7.371 9.021 10.741 12.533 14.396 16.329 18.334 20.410 22.557 24.775 27.064 28.255 27.770 27.241 26.671 26.057 25.364 24.598 23.799 22.965 22.098 21.197 20.262 22.051 25.724 29.470 33.287 37.177 41.138 45.172 49.278 53.457 57.707 62.030 65.441 65.484 64.815 64.108 63.365 62.586 61.769 60.916 60.027 59.100 58.137 57.137 55.923 51.257 46.703 42.259 37.926 33.704 29.592 25.592 21.702 17.923 14.255 10.698 8.915 11.582 14.198 16.764 19.280 21.745 24.159 26.523 28.836 31.099 33.311 35.473
4.260 4.660 5.065 5.667 7.490 9.385 11.350 13.387 15.494 17.673 19.923 22.243 24.635 27.097 29.631 31.321 30.688 30.013 29.295 28.534 27.693 26.779 25.830 24.848 23.832 22.783 21.699 22.990 26.980 30.961 34.801 38.498 42.052 45.463 48.732 51.859 54.842 57.684 60.382 60.595 59.765 58.898 57.995 57.055 56.078 55.065 54.015 52.928 51.805 50.645 49.448 45.477 41.407 37.448 33.599 29.862 26.235 22.719 19.314 16.019 12.835 9.762 7.652 10.099 12.495 14.841 17.136 19.381 21.575 23.719 25.812 27.855 29.847 31.789
4.210 4.623 5.040 5.474 7.543 9.682 11.892 14.174 16.526 18.949 21.443 24.009 26.645 29.352 32.130 34.422 33.642 32.820 31.955 31.047 29.913 28.737 27.639 26.618 25.676 24.812 24.025 24.817 28.318 31.675 34.891 37.964 40.894 43.682 46.327 48.830 51.190 53.408 55.483 55.750 54.760 53.733 52.669 51.569 50.432 49.259 48.049 46.802 45.518 44.198 42.841 39.588 36.003 32.528 29.164 25.911 22.768 19.736 16.815 14.005 11.305 8.716 6.441 8.668 10.844 12.970 15.045 17.070 19.044 20.968 22.842 24.664 26.437 28.159
