DATA/SHG/ECMWF/20170628/EN-26/20170702.en-26.asc
ncols        190
nrows        64
xllcorner    -5100000.000000000000
yllcorner    4130000.000000000000
cellsize     10000.000000000000
NODATA_value  -99999.000
[rows 32 to 63 of 64, columns 0 to 71 of 190]
5.680 5.052 4.989 4.969 4.935 4.887 4.825 4.749 4.658 4.553 4.435 4.302 4.155 3.993 4.135 4.276 4.400 4.505 4.593 4.663 4.715 4.749 4.765 4.764 4.744 4.707 4.625 4.555 4.495 4.447 4.411 4.386 4.373 4.371 4.381 4.402 4.434 4.477 4.461 4.424 4.365 4.285 4.184 4.061 3.916 3.751 3.564 3.872 4.396 4.922 5.684 6.388 7.035 7.624 8.155 8.628 9.044 9.402 9.702 9.945 10.130 10.272 10.535 10.792 11.042 11.287 11.525 11.757 11.982 12.202 12.415 12.622
6.786 6.115 5.907 5.838 5.754 5.657 5.545 5.419 5.279 5.124 4.956 4.774 4.577 4.366 4.398 4.476 4.537 4.581 4.606 4.614 4.603 4.575 4.529 4.465 4.384 4.284 4.232 4.201 4.182 4.174 4.178 4.193 4.220 4.258 4.308 4.369 4.442 4.526 4.457 4.345 4.793 5.367 5.926 6.472 7.002 7.518 8.019 8.506 8.978 9.435 9.984 10.487 10.932 11.320 11.650 11.922 12.136 12.293 12.392 12.433 12.417 12.343 12.569 12.804 13.032 13.255 13.471 13.681 13.885 14.083 14.274 14.460
7.905 7.191 6.840 6.721 6.588 6.440 6.279 6.103 5.914 5.710 5.492 5.260 5.014 4.754 4.679 4.695 4.694 4.675 4.638 4.583 4.511 4.420 4.312 4.186 4.042 3.880 3.827 3.836 3.857 3.890 3.933 3.989 4.056 4.801 5.610 6.425 7.245 8.071 8.706 9.258 9.795 10.318 10.826 11.319 11.798 12.263 12.712 13.147 13.568 13.974 14.337 14.638 14.882 15.068 15.196 15.267 15.281 15.236 15.134 14.974 14.757 14.482 14.606 14.819 15.026 15.226 15.421 15.609 15.791 15.967 16.137 16.301
9.036 8.280 7.786 7.618 7.435 7.238 7.028 6.803 6.563 6.310 6.043 5.762 5.466 5.157 4.979 4.933 4.870 4.788 4.689 4.572 4.437 4.285 4.114 3.926 3.720 3.526 4.186 4.975 5.769 6.568 7.374 8.185 9.002 9.824 10.652 11.486 12.325 13.170 13.820 14.321 14.806 15.277 15.734 16.176 16.603 17.016 17.414 17.798 18.167 18.521 18.740 18.840 18.883 18.868 18.795 18.665 18.477 18.232 17.929 17.568 17.150 16.674 16.646 16.837 17.022 17.201 17.374 17.541 17.701 17.855 18.003 18.145
10.179 9.380 8.747 8.529 8.297 8.051 7.791 7.516 7.228 6.925 6.608 6.277 5.933 5.574 5.298 5.190 5.064 4.921 4.806 4.979 5.256 5.637 6.124 6.715 7.410 8.211 9.063 9.871 10.684 11.503 12.327 13.157 13.993 14.835 15.682 16.534 17.393 18.257 18.943 19.391 19.825 20.245 20.650 21.040 21.416 21.778 22.124 22.456 22.774 23.077 23.195 23.094 22.936 22.720 22.446 22.115 21.726 21.280 20.776 20.215 19.596 18.919 18.690 18.859 19.023 19.180 19.331 19.475 19.614 19.747 19.873 19.993
11.335 10.492 9.723 9.455 9.174 8.878 8.568 8.244 7.906 7.554 7.188 6.793 6.378 5.995 5.720 5.838 6.062 6.389 6.822 7.359 8.001 8.747 9.598 10.554 11.614 12.779 13.928 14.754 15.587 16.425 17.268 18.117 18.972 19.833 20.699 21.570 22.448 23.331 24.073 24.470 24.853 25.221 25.574 25.913 26.238 26.548 26.843 27.124 27.390 27.642 27.702 27.400 27.040 26.624 26.149 25.617 25.028 24.381 23.676 22.914 22.095 21.218 20.737 20.884 21.026 21.161 21.291 21.414 21.531 21.641 21.746 21.844
12.502 11.617 10.720 10.395 9.972 9.447 8.954 8.491 8.061 7.661 7.293 6.956 6.650 6.376 6.162 6.645 7.234 7.926 8.724 9.625 10.632 11.743 12.958 14.278 15.703 17.232 18.780 19.626 20.477 21.334 22.197 23.065 23.939 24.818 25.703 26.594 27.490 28.393 29.211 29.557 29.888 30.205 30.507 30.795 31.068 31.326 31.570 31.799 32.014 32.215 32.260 31.757 31.197 30.579 29.904 29.171 28.381 27.534 26.629 25.666 24.646 23.569 22.787 22.913 23.033 23.146 23.254 23.355 23.451 23.540 24.196 25.192
12.714 11.544 10.375 9.784 9.337 8.922 8.537 8.184 7.863 7.572 7.313 7.085 6.888 6.722 6.588 7.340 8.292 9.350 10.511 11.778 13.148 14.624 16.203 17.888 19.676 21.570 23.567 24.485 25.355 26.231 27.113 28.000 28.893 29.791 30.695 31.605 32.521 33.442 34.358 34.652 34.932 35.197 35.448 35.684 35.906 36.113 36.306 36.484 36.647 36.796 36.869 36.166 35.405 34.587 33.711 32.778 31.787 30.739 29.634 28.471 27.251 25.973 24.841 25.715 26.915 28.057 29.141 30.167 31.135 32.045 32.897 33.691
11.967 10.798 9.629 9.007 8.669 8.363 8.088 7.844 7.631 7.449 7.299 7.180 7.092 7.035 7.010 7.921 9.238 10.660 12.186 13.816 15.551 17.390 19.334 21.382 23.534 25.791 28.153 29.332 30.221 31.116 32.016 32.923 33.835 34.752 35.675 36.604 37.538 38.479 39.424 39.756 39.984 40.198 40.398 40.583 40.753 40.909 41.050 41.177 41.289 41.387 41.470 40.626 39.664 38.646 37.570 36.436 35.268 34.384 33.824 33.588 33.676 34.088 34.824 35.880 36.877 37.817 38.698 39.521 40.286 40.994 41.643 42.234
11.220 10.052 8.884 8.197 7.968 7.771 7.605 7.470 7.366 7.293 7.252 7.241 7.262 7.314 7.398 8.390 10.071 11.857 13.747 15.741 17.839 20.042 22.350 24.762 27.278 29.898 32.623 34.166 35.074 35.988 36.908 37.833 38.764 39.701 40.643 41.591 42.544 43.503 44.468 44.868 45.045 45.208 45.356 45.489 45.608 45.713 45.803 45.878 45.939 45.065 43.994 42.442 41.063 40.007 39.275 38.867 38.783 39.023 39.586 40.473 41.685 43.220 45.079 46.088 46.883 47.619 48.298 48.918 49.481 49.986 50.432 50.821
10.474 9.307 8.139 7.354 7.234 7.146 7.088 7.062 7.067 7.103 7.171 7.269 7.399 7.560 7.752 8.746 10.791 12.940 15.194 17.552 20.014 22.581 25.251 28.027 30.906 33.890 36.977 38.988 39.916 40.849 41.787 42.732 43.681 44.637 45.598 46.565 47.537 48.515 49.499 49.988 50.114 50.225 49.318 48.314 47.291 46.250 45.189 44.109 43.010 41.893 40.756 40.018 39.762 39.831 40.222 40.938 41.977 43.340 45.026 47.036 49.370 52.027 55.008 56.339 56.931 57.465 57.941 58.359 58.720 59.022 59.266 59.452
9.730 8.563 7.396 6.478 6.467 6.487 6.539 6.621 6.735 6.880 7.056 7.263 7.501 7.771 8.072 8.989 11.398 13.911 16.528 19.249 22.075 25.005 28.039 31.177 34.419 37.766 41.217 43.799 44.745 45.697 46.654 47.618 48.586 49.561 50.521 50.592 50.579 50.483 50.303 49.724 48.711 47.680 46.629 45.560 44.471 43.364 42.237 41.092 39.927 38.744 37.541 37.277 38.144 39.336 40.851 42.689 44.850 47.335 50.144 53.275 56.731 60.509 64.611 66.634 67.023 67.355 67.628 67.844 68.002 68.102 68.144 68.128
8.986 7.820 6.654 5.569 5.667 5.796 5.956 6.147 6.369 6.623 6.908 7.223 7.570 7.949 8.358 9.121 11.893 14.769 17.749 20.834 24.022 27.315 30.712 34.213 37.818 41.528 45.341 48.529 48.895 49.178 49.377 49.492 49.524 49.472 49.336 49.116 48.812 48.425 47.954 47.256 46.177 45.080 43.964 42.828 41.674 40.501 39.308 38.097 36.867 35.618 34.349 34.219 36.209 38.523 41.160 44.120 47.403 51.010 54.939 59.192 63.768 68.668 73.890 76.971 77.158 77.287 77.359 77.372 77.328 77.226 77.066 76.848
8.244 7.078 5.913 4.748 4.833 5.071 5.340 5.640 5.971 6.333 6.726 7.150 7.606 8.092 8.610 9.159 12.275 15.514 18.857 22.305 25.793 29.126 32.488 35.877 39.295 42.742 46.216 49.468 49.543 49.535 49.443 49.267 49.008 48.665 48.238 47.728 47.134 46.456 45.694 44.810 43.666 42.503 41.321 40.120 38.900 37.661 36.403 35.126 33.830 32.515 31.181 30.844 33.957 37.392 41.150 45.232 49.636 54.363 59.414 64.787 70.483 76.502 82.845 87.351 87.336 87.263 87.133 86.944 86.698 86.393 86.031 85.611
7.502 6.337 5.173 4.009 3.967 4.313 4.690 5.099 5.538 6.009 6.511 7.043 7.607 8.195 8.759 9.293 12.147 15.466 18.814 22.189 25.593 29.026 32.487 35.976 39.494 43.040 46.614 50.217 50.277 49.978 49.595 49.129 48.579 47.945 47.228 46.427 45.543 44.574 43.523 42.387 41.177 39.948 38.700 37.434 36.148 34.843 33.520 32.177 30.815 29.435 28.035 27.154 31.387 35.944 40.823 46.025 51.549 57.397 63.567 70.060 76.875 84.014 91.475 97.775 97.558 97.283 96.950 96.559 96.111 95.605 95.041 94.419
6.761 5.597 4.434 3.270 3.067 3.522 4.097 4.768 5.408 6.018 6.598 7.148 7.667 8.157 8.616 9.044 11.518 14.937 18.384 21.859 25.363 28.895 32.455 36.044 39.661 43.307 46.980 50.683 51.097 50.508 49.834 49.077 48.237 47.313 46.305 45.214 44.039 42.781 41.439 40.013 38.711 37.416 36.103 34.770 33.419 32.049 30.659 29.251 27.824 26.378 24.913 23.429 28.502 34.178 40.177 46.499 53.143 60.110 67.399 75.011 82.945 91.202 99.782 108.241 107.822 107.346 106.811 106.219 105.568 104.861 104.095 103.272
6.474 5.592 4.703 3.809 3.604 4.230 4.826 5.391 5.927 6.432 6.907 7.351 7.766 8.150 8.504 8.828 10.858 14.377 17.923 21.498 25.101 28.733 32.393 36.081 39.798 43.543 47.316 51.117 52.004 51.123 50.160 49.112 47.981 46.767 45.469 44.088 42.623 41.075 39.443 37.728 36.267 34.907 33.528 32.130 30.713 29.277 27.822 26.348 24.856 23.344 21.813 20.264 25.300 32.096 39.214 46.655 54.418 62.503 70.911 79.641 88.693 98.068 107.765 117.785 118.130 117.247 114.234 111.309 108.471 105.720 103.058 100.482
7.795 6.891 5.982 5.066 4.575 5.096 5.587 6.047 6.478 6.878 7.248 7.587 7.897 8.176 8.425 8.644 10.168 13.786 17.432 21.107 24.809 28.540 32.300 36.087 39.903 43.748 47.620 51.521 52.996 51.825 50.571 49.234 47.813 46.309 44.721 43.050 41.295 39.457 37.535 35.530 33.846 32.420 30.976 29.512 28.029 26.528 25.007 23.468 21.910 20.333 18.736 17.121 21.782 29.697 37.933 46.492 55.374 64.577 73.931 82.315 90.517 98.537 106.374 114.030 113.509 110.712 108.002 105.380 102.845 100.398 98.038 95.766
9.122 8.196 7.265 6.327 5.578 5.994 6.380 6.735 7.060 7.355 7.620 7.855 8.060 8.234 8.379 8.493 9.448 13.165 16.911 20.685 24.487 28.317 32.176 36.063 39.978 43.922 47.894 51.894 54.074 52.613 51.069 49.442 47.731 45.937 44.059 42.098 40.054 37.926 35.715 33.420 31.447 29.956 28.446 26.917 25.368 23.801 22.216 20.611 18.987 17.344 15.683 14.107 18.401 27.250 35.918 44.403 52.706 60.828 68.766 76.523 84.098 91.491 98.701 105.729 106.596 104.102 101.695 99.375 97.144 94.999 92.942 90.973
10.454 9.507 8.554 7.594 6.629 6.923 7.204 7.455 7.675 7.865 8.025 8.155 8.255 8.325 8.364 8.374 8.697 12.514 16.359 20.232 24.134 28.063 32.021 36.007 40.022 44.065 48.136 52.235 55.238 53.487 51.653 49.736 47.736 45.652 43.485 41.234 38.900 36.483 33.982 31.398 29.071 27.514 25.938 24.344 22.828 21.572 20.339 19.129 17.943 16.779 15.637 14.519 17.183 25.405 33.445 41.303 48.978 56.472 63.784 70.914 77.861 84.627 91.211 97.612 99.607 97.416 95.312 93.295 91.366 89.524 87.770 86.103
11.791 10.822 9.848 8.867 7.880 7.884 8.060 8.206 8.322 8.407 8.462 8.488 8.483 8.447 8.382 8.287 8.161 11.832 15.777 19.749 23.750 27.779 31.836 35.921 40.035 44.177 48.347 52.546 56.487 54.447 52.324 50.117 47.827 45.453 42.997 40.457 37.833 35.133 32.475 29.905 27.600 26.331 25.086 23.864 22.664 21.488 20.334 19.203 18.095 17.010 15.948 14.908 16.144 23.739 31.151 38.382 45.431 52.298 58.983 65.486 71.807 77.946 83.903 89.679 92.543 90.654 88.853 87.139 85.513 83.973 82.522 81.157
13.134 12.143 11.147 10.145 9.137 8.877 8.948 8.989 9.000 8.981 8.931 8.852 8.742 8.602 8.432 8.232 8.002 11.121 15.164 19.236 23.336 27.464 31.620 35.805 40.018 44.259 48.528 52.826 57.152 55.493 52.825 49.857 46.976 44.184 41.478 38.861 36.331 33.889 31.535 29.268 27.098 25.909 24.742 23.599 22.478 21.380 20.306 19.254 18.225 17.218 16.235 15.275 15.284 22.252 29.038 35.641 42.064 48.304 54.362 60.239 65.934 71.447 76.779 81.928 85.404 83.818 82.319 80.907 79.583 78.346 77.197 76.134
14.482 13.470 12.452 11.428 10.398 9.902 9.868 9.804 9.710 9.586 9.432 9.248 9.034 8.789 8.515 8.210 7.876 10.378 14.521 18.692 22.891 27.118 31.374 35.432 39.211 42.899 46.496 50.002 53.417 52.122 49.370 46.705 44.128 41.639 39.237 36.923 34.697 32.558 30.508 28.544 26.669 25.463 24.376 23.311 22.270 21.251 20.255 19.282 18.332 17.404 16.500 15.618 14.759 20.944 27.103 33.081 38.877 44.491 49.923 55.174 60.243 65.131 69.837 74.361 78.190 76.906 75.709 74.600 73.578 72.643 71.796 71.035
15.835 14.801 13.762 12.717 11.665 10.958 10.819 10.651 10.452 10.224 9.965 9.676 9.358 9.009 8.630 8.221 7.747 9.485 13.496 17.416 21.245 24.983 28.630 32.186 35.651 39.025 42.308 45.500 48.602 48.277 45.828 43.467 41.194 39.008 36.910 34.899 32.976 31.140 29.393 27.732 26.160 24.996 23.987 23.002 22.039 21.099 20.182 19.287 18.416 17.567 16.742 15.939 15.159 19.815 25.348 30.700 35.870 40.858 45.665 50.290 54.734 58.996 63.077 66.976 70.693 69.919 69.024 68.217 67.497 66.864 66.318 65.860
17.193 16.139 15.078 14.011 12.938 12.045 11.802 11.529 11.226 10.753 10.220 9.698 9.187 8.687 8.199 7.721 7.255 8.221 11.918 15.524 19.039 22.463 25.797 29.039 32.190 35.251 38.220 41.098 43.886 44.346 42.201 40.143 38.173 36.290 34.495 32.787 31.167 29.635 28.190 26.833 25.563 24.506 23.576 22.669 21.785 20.924 20.086 19.270 18.478 17.708 16.961 16.237 15.535 18.865 23.772 28.498 33.043 37.406 41.587 45.587 49.406 53.043 56.499 59.773 62.866 62.856 62.264 61.758 61.340 61.009 60.765 60.608
18.557 17.481 16.117 14.709 13.344 12.070 11.531 11.003 10.486 9.980 9.486 9.002 8.530 8.068 7.618 7.179 6.751 7.055 10.438 13.730 16.932 20.042 23.061 25.990 28.828 31.575 34.230 36.796 39.270 40.330 38.488 36.733 35.066 33.486 31.994 30.589 29.272 28.043 26.900 25.846 24.879 23.994 23.143 22.315 21.510 20.727 19.968 19.231 18.517 17.826 17.157 16.512 15.889 18.093 22.375 26.476 30.395 34.133 37.690 41.065 44.259 47.272 50.103 52.753 55.221 55.719 55.428 55.224 55.107 55.211 55.391 55.593
17.492 16.147 14.844 13.584 12.366 11.191 10.632 10.142 9.664 9.197 8.740 8.295 7.861 7.438 7.026 6.626 6.236 5.986 9.056 12.034 14.922 17.719 20.424 23.040 25.564 27.997 30.340 32.592 34.753 36.228 34.689 33.237 31.872 30.596 29.406 28.304 27.290 26.363 25.523 24.771 24.107 23.459 22.687 21.938 21.211 20.508 19.827 19.169 18.533 17.921 17.331 16.764 16.220 17.500 21.157 24.633 27.927 31.041 33.973 36.724 39.293 41.682 44.067 46.393 48.622 49.683 49.851 50.041 50.254 50.491 50.750 51.031
15.880 14.682 13.526 12.413 11.343 10.315 9.722 9.271 8.831 8.402 7.984 7.577 7.182 6.797 6.424 6.061 5.710 5.369 7.770 10.435 13.009 15.493 17.885 20.187 22.398 24.519 26.548 28.487 30.335 32.040 30.804 29.655 28.593 27.619 26.732 25.933 25.221 24.596 24.059 23.610 23.247 22.903 22.209 21.539 20.891 20.266 19.664 19.084 18.527 17.993 17.482 16.994 16.528 17.085 20.117 22.911 25.587 28.166 30.646 33.028 35.311 37.496 39.584 41.573 43.463 44.628 44.875 45.145 45.438 45.754 46.092 46.453
14.223 13.172 12.164 11.198 10.274 9.393 8.801 8.388 7.987 7.596 7.217 6.848 6.491 6.145 5.810 5.486 5.173 4.871 6.582 8.934 11.195 13.365 15.444 17.433 19.331 21.139 22.855 24.481 26.016 27.461 26.833 25.987 25.228 24.556 23.972 23.475 23.065 22.743 22.508 22.360 22.300 22.324 21.709 21.117 20.548 20.001 19.478 18.977 18.374 17.768 17.176 16.598 16.034 15.919 18.454 20.891 23.229 25.470 27.612 29.656 31.602 33.450 35.200 36.851 38.405 39.557 39.884 40.233 40.605 41.000 41.418 41.858
12.521 11.618 10.756 9.938 9.161 8.427 7.869 7.495 7.132 6.780 6.438 6.108 5.790 5.482 5.185 4.899 4.624 4.361 5.491 7.530 9.477 11.335 13.101 14.777 16.362 17.857 19.261 20.574 21.796 22.928 22.777 22.233 21.776 21.407 21.125 20.930 20.822 20.802 20.869 21.024 21.266 21.498 20.966 20.325 19.697 19.084 18.484 17.898 17.326 16.768 16.224 15.694 15.178 14.675 16.869 18.968 20.969 22.872 24.677 26.384 27.992 29.503 30.915 32.229 33.445 34.470 34.876 35.305 35.756 36.231 36.728 37.247
10.775 10.019 9.304 8.633 8.003 7.416 6.927 6.591 6.266 5.952 5.649 5.358 5.077 4.807 4.549 4.301 4.065 3.840 4.497 6.223 7.858 9.402 10.856 12.219 13.491 14.673 15.765 16.765 17.675 18.495 18.635 18.393 18.239 18.172 18.434 18.691 18.938 19.173 19.396 19.609 19.810 20.001 19.618 19.025 18.445 17.879 17.328 16.790 16.266 15.756 15.260 14.777 14.309 13.854 15.382 17.144 18.808 20.373 21.840 23.210 24.481 25.654 26.730 27.707 28.586 29.367 29.852 30.360 30.891 31.445 32.021 32.620
8.985 8.375 7.808 7.283 6.800 6.360 5.973 5.676 5.389 5.114 4.849 4.596 4.353 4.122 3.902 3.693 3.495 3.307 3.600 5.013 6.335 7.567 8.708 9.759 10.719 11.588 12.380 13.463 14.517 15.542 16.230 16.494 16.746 16.988 17.218 17.437 17.645 17.841 18.027 18.201 18.364 18.516 18.258 17.712 17.181 16.663 16.159 15.669 15.193 14.731 14.282 13.848 13.427 13.020 13.993 15.417 16.744 17.972 19.102 20.134 21.069 21.905 22.643 23.284 23.826 24.270 24.812 25.400 26.010 26.642 27.298 27.976
