DATA/SHG/ECMWF/20170628/EN-26/20170705.en-26.asc
ncols        190
nrows        64
xllcorner    -5100000.000000000000
yllcorner    4130000.000000000000
cellsize     10000.000000000000
NODATA_value  -99999.000
[rows 32 to 63 of 64, columns 72 to 143 of 190]
5.151 5.234 5.712 6.172 6.614 7.039 7.447 7.838 8.211 8.566 8.905 9.226 9.529 9.771 9.800 9.864 9.963 10.097 10.266 10.470 10.709 10.982 11.280 11.595 11.938 12.246 12.347 12.447 12.545 12.642 12.736 12.829 12.921 13.010 13.098 13.185 13.269 13.235 12.959 12.650 12.308 11.933 11.526 11.086 10.613 10.352 10.830 11.404 12.075 13.358 15.182 16.919 18.569 20.130 21.605 22.991 24.290 25.502 26.626 27.662 28.611 29.505 30.311 31.002 31.577 32.038 32.383 32.613 32.727 32.726 32.610 32.379
5.571 5.588 6.004 6.404 6.786 7.151 7.498 7.829 8.142 8.437 8.715 8.976 9.220 9.443 9.593 9.779 9.999 10.254 10.544 10.870 11.230 11.625 12.044 12.482 12.948 13.400 13.493 13.586 13.676 13.765 13.852 13.937 14.021 14.103 14.183 14.262 14.424 14.810 14.942 15.170 15.495 15.916 16.434 17.049 17.760 18.568 19.472 20.473 21.570 22.859 24.295 25.645 26.906 28.080 29.167 30.166 31.077 31.901 32.638 33.287 33.848 34.289 34.585 34.767 34.833 34.784 34.619 34.340 33.945 33.435 32.810 32.070
5.991 6.003 6.312 6.651 6.973 7.278 7.566 7.836 8.089 8.324 8.542 8.743 8.926 9.092 9.355 9.662 10.003 10.380 10.791 11.238 11.719 12.235 12.776 13.337 13.925 14.541 14.640 14.729 14.879 15.103 15.400 15.770 16.214 16.732 17.323 17.988 18.726 19.502 20.061 20.715 21.467 22.314 23.259 24.299 25.436 26.670 28.000 29.427 30.950 32.440 33.489 34.451 35.325 36.111 36.810 37.422 37.946 38.383 38.732 38.994 39.168 39.185 38.972 38.644 38.201 37.643 36.970 36.181 35.278 34.259 33.125 31.876
6.413 6.419 6.636 6.915 7.177 7.422 7.649 7.859 8.052 8.227 8.385 8.526 8.649 8.755 9.085 9.513 9.976 10.474 11.006 11.614 12.280 12.926 13.540 14.127 14.698 15.253 15.618 16.020 16.496 17.044 17.667 18.362 19.132 19.974 20.890 21.880 22.943 24.080 25.068 26.149 27.326 28.600 29.970 31.437 33.000 34.659 36.415 38.267 40.216 42.102 42.763 43.337 43.824 44.223 44.535 44.760 44.897 44.947 44.909 44.784 44.571 44.193 43.471 42.634 41.682 40.615 39.433 38.136 36.724 35.197 33.554 31.797
6.835 6.836 6.975 7.194 7.396 7.581 7.748 7.898 8.031 8.146 8.244 8.325 8.545 8.842 9.375 10.071 10.747 11.403 12.040 12.657 13.255 13.834 14.381 14.899 15.401 15.888 16.501 17.228 18.028 18.902 19.849 20.870 21.964 23.131 24.372 25.687 27.075 28.536 29.965 31.471 33.075 34.774 36.570 38.462 40.451 42.535 44.717 46.994 49.368 51.839 52.117 52.305 52.404 52.417 52.342 52.179 51.930 51.593 51.168 50.657 50.058 49.312 48.082 46.736 45.276 43.700 42.010 40.205 38.284 36.249 34.098 31.833
7.258 7.254 7.330 7.490 7.631 8.161 8.946 9.593 10.102 10.473 10.706 10.800 10.757 10.576 10.773 11.401 12.009 12.598 13.167 13.717 14.247 14.758 15.237 15.687 16.121 16.540 17.300 18.352 19.477 20.675 21.947 23.293 24.711 26.204 27.769 29.408 31.120 32.906 34.750 36.682 38.711 40.836 43.057 45.375 47.788 50.299 52.905 55.608 58.407 61.302 61.552 61.352 61.065 60.691 60.229 59.681 59.044 58.321 57.510 56.612 55.627 54.543 52.804 50.951 48.982 46.898 44.700 42.387 39.958 37.415 34.757 31.984
10.129 11.139 12.105 12.825 13.407 13.851 14.156 14.324 14.354 14.246 14.000 13.616 13.094 12.433 12.186 12.746 13.287 13.808 14.310 14.792 15.255 15.699 16.110 16.491 16.858 17.208 18.016 19.392 20.842 22.365 23.961 25.631 27.374 29.191 31.081 33.044 35.080 37.190 39.425 41.782 44.236 46.786 49.432 52.175 55.014 57.949 60.980 64.108 67.331 70.651 71.067 70.481 69.807 69.047 68.199 67.263 66.241 65.131 63.934 62.650 61.279 59.820 57.639 55.277 52.801 50.209 47.503 44.682 41.746 38.696 35.530 32.250
17.187 18.338 19.355 19.595 19.697 19.662 19.489 19.178 18.729 18.142 17.417 16.554 15.554 14.415 13.615 14.108 14.581 15.035 15.469 15.884 16.280 16.655 16.999 17.312 17.610 17.893 18.648 20.349 22.123 23.971 25.891 27.885 29.953 32.093 34.307 36.595 38.955 41.389 43.988 46.771 49.650 52.625 55.696 58.863 62.127 65.487 68.942 72.495 76.143 79.887 80.663 79.690 78.630 77.483 76.249 74.928 73.519 72.024 70.441 68.771 67.014 65.169 62.585 59.716 56.732 53.633 50.344 46.841 43.351 39.874 36.409 32.957
24.196 25.490 26.724 26.485 26.109 25.595 24.943 24.153 23.225 22.160 20.957 19.616 18.137 16.521 15.060 15.485 15.891 16.278 16.644 16.992 17.320 17.628 17.904 18.149 18.379 18.594 19.197 21.222 23.321 25.492 27.737 30.055 32.447 34.911 37.449 40.060 42.745 45.502 48.441 51.649 54.952 58.352 61.848 65.440 69.128 72.912 76.792 80.768 84.841 89.009 90.339 88.980 87.534 86.001 84.381 82.674 80.880 78.778 75.950 73.227 70.611 68.100 64.937 61.439 57.953 54.479 51.018 47.570 44.134 40.710 37.299 33.901
31.158 32.593 34.070 33.497 32.641 31.649 30.518 29.250 27.844 26.301 24.620 22.801 20.844 18.750 16.521 16.879 17.217 17.536 17.836 18.116 18.376 18.618 18.825 19.003 19.165 19.311 19.663 22.012 24.435 26.930 29.499 32.141 34.856 37.645 40.506 43.441 46.449 49.530 52.784 56.416 60.144 63.968 67.888 71.904 76.016 80.225 84.529 88.929 93.166 96.083 96.499 93.396 90.399 87.508 84.723 82.043 79.469 77.001 74.639 72.382 70.231 68.187 65.383 61.939 58.507 55.087 51.680 48.286 44.904 41.534 38.177 34.832
38.072 39.649 41.268 40.628 39.295 37.824 36.215 34.469 32.586 30.564 28.405 26.109 23.675 21.103 18.394 18.288 18.559 18.811 19.043 19.256 19.449 19.623 19.763 19.872 19.966 20.045 20.108 22.719 25.466 28.285 31.177 34.143 37.182 40.294 43.479 46.737 50.069 53.473 57.016 60.965 64.010 67.028 70.018 72.980 75.914 78.821 81.700 84.551 87.375 90.171 91.354 88.717 86.186 83.761 81.441 79.227 77.119 75.117 73.221 71.430 69.745 68.165 65.817 62.427 59.048 55.683 52.330 48.989 45.661 42.345 39.041 35.750
44.938 46.657 48.418 47.880 46.069 44.120 42.034 39.810 37.449 34.950 32.314 29.540 26.628 23.580 20.393 19.714 19.917 20.102 20.266 20.412 20.538 20.645 20.717 20.758 20.784 20.795 20.790 23.343 26.413 29.556 32.762 35.766 38.647 41.403 44.036 46.546 48.932 51.194 53.343 56.295 59.220 62.116 64.986 67.827 70.641 73.427 76.185 78.916 81.619 84.294 86.103 83.933 81.867 79.908 78.054 76.306 74.663 73.127 71.696 70.370 69.150 68.036 66.238 62.902 59.577 56.266 52.966 49.679 46.405 43.143 39.893 36.656
51.757 53.618 55.520 55.252 52.963 50.537 47.973 45.272 42.434 39.458 36.344 33.094 29.705 26.180 22.517 21.155 21.291 21.408 21.506 21.584 21.643 21.682 21.729 21.817 21.962 22.164 22.423 24.636 27.466 30.173 32.756 35.215 37.551 39.764 41.853 43.818 45.660 47.378 48.973 51.660 54.464 57.240 59.989 62.709 65.403 68.068 70.706 73.316 75.899 78.453 80.749 79.044 77.444 75.950 74.561 73.279 72.101 71.030 70.064 69.203 68.449 67.799 66.647 63.364 60.094 56.836 53.590 50.357 47.136 43.928 40.732 37.549
58.528 60.531 62.574 62.745 59.979 57.075 54.034 50.856 47.541 44.088 40.498 36.770 32.905 28.903 24.764 22.355 22.239 22.196 22.224 22.325 22.498 22.743 23.041 23.382 23.779 24.233 24.745 26.399 28.684 30.847 32.886 34.801 36.593 38.262 39.807 41.229 42.527 43.702 44.753 47.060 49.743 52.399 55.027 57.627 60.200 62.745 65.262 67.752 70.214 72.648 75.055 74.050 72.915 71.886 70.963 70.145 69.433 68.826 68.325 67.930 67.640 67.455 67.043 63.814 60.597 57.393 54.201 51.022 47.855 44.700 41.558 38.429
65.252 67.396 69.581 70.358 67.114 63.734 60.216 56.561 51.560 46.678 41.941 37.348 32.899 28.594 24.434 21.853 21.987 22.193 22.471 22.821 23.244 23.738 24.288 24.880 25.530 26.236 27.000 28.296 30.038 31.656 33.152 34.523 35.772 36.897 37.899 38.777 39.532 40.163 40.671 42.495 45.057 47.593 50.100 52.580 55.032 57.457 59.854 62.223 64.565 66.879 69.165 68.951 68.282 67.718 67.259 66.906 66.659 66.517 66.480 66.549 66.723 67.003 67.389 64.252 61.089 57.938 54.800 51.674 48.561 45.460 42.372 39.296
71.868 72.229 72.580 72.172 67.067 62.106 57.290 52.618 48.090 43.706 39.467 35.371 31.420 27.613 23.951 21.286 21.669 22.125 22.652 23.252 23.924 24.668 25.468 26.312 27.214 28.173 29.189 30.328 31.527 32.602 33.554 34.382 35.087 35.669 36.128 36.463 36.675 36.763 36.729 37.964 40.406 42.821 45.208 47.568 49.900 52.204 54.480 56.729 58.951 61.145 63.311 63.748 63.543 63.444 63.450 63.562 63.778 64.101 64.528 65.062 65.700 66.444 67.293 64.676 61.567 58.470 55.386 52.314 49.255 46.207 43.173 40.150
65.139 65.468 65.787 66.083 61.476 57.014 52.696 48.521 44.491 40.605 36.863 33.266 29.812 26.503 23.337 20.654 21.286 21.991 22.768 23.617 24.538 25.531 26.582 27.678 28.832 30.042 31.310 32.496 33.151 33.683 34.092 34.377 34.539 34.578 34.494 34.286 33.956 33.502 32.925 33.468 35.790 38.085 40.351 42.591 44.802 46.986 49.143 51.271 53.372 55.446 57.492 58.441 58.700 59.065 59.536 60.111 60.792 61.579 62.470 63.467 64.570 65.778 67.091 65.089 62.033 58.990 55.959 52.941 49.935 46.942 43.884 40.684
58.428 58.725 59.012 59.289 55.759 51.794 47.974 44.297 40.764 37.376 34.131 31.031 28.074 25.262 22.594 20.070 20.838 21.792 22.818 23.916 25.086 26.328 27.629 28.978 30.383 31.845 33.365 34.798 34.910 34.899 34.765 34.508 34.128 33.624 32.997 32.247 31.374 30.378 29.259 29.007 31.209 33.383 35.530 37.648 39.740 41.804 43.840 45.848 47.829 49.783 51.708 53.029 53.752 54.581 55.516 56.555 57.700 58.950 60.306 61.767 63.333 64.947 66.335 64.627 61.295 58.014 54.782 51.601 48.471 45.391 42.361 39.382
51.733 51.998 52.253 52.499 49.915 46.447 43.124 39.945 36.909 34.018 31.271 28.667 26.208 23.892 21.720 19.693 20.325 21.528 22.803 24.150 25.569 27.060 28.611 30.211 31.868 33.582 35.353 37.181 36.805 36.251 35.575 34.775 33.852 32.807 31.638 30.346 28.931 27.393 25.731 24.581 26.662 28.716 30.742 32.741 34.712 36.656 38.572 40.460 42.321 44.155 45.960 47.512 48.763 50.521 52.199 53.797 55.314 56.750 58.107 59.383 60.578 61.694 62.729 61.512 58.401 55.340 52.329 49.369 46.459 43.600 40.791 38.032
45.055 45.288 45.511 45.725 43.943 40.973 38.147 35.465 32.927 30.532 28.281 26.174 24.211 22.392 20.717 19.186 19.746 21.198 22.722 24.318 25.986 27.725 29.527 31.378 33.287 35.252 37.275 39.354 38.834 37.738 36.520 35.178 33.713 32.126 30.415 28.581 26.624 24.545 22.342 20.189 22.150 24.084 25.990 27.884 30.356 32.822 35.282 37.735 40.182 42.622 45.056 47.281 48.766 50.172 51.497 52.742 53.907 54.991 55.995 56.919 57.763 58.526 59.209 58.350 55.459 52.619 49.829 47.089 44.400 41.761 39.173 36.634
38.394 38.595 38.786 38.968 37.846 35.372 33.043 30.858 28.816 26.918 25.163 23.553 22.086 20.763 19.584 18.549 19.103 20.804 22.576 24.421 26.337 28.325 30.377 32.480 34.640 36.856 39.130 41.461 40.998 39.361 37.600 35.717 33.710 31.581 29.329 27.149 25.029 22.963 20.950 18.992 21.102 23.566 26.023 28.475 30.920 33.358 35.790 38.216 40.635 43.048 45.454 47.720 48.853 49.906 50.879 51.772 52.585 53.317 53.969 54.541 55.032 55.444 55.775 55.140 52.470 49.850 47.281 44.762 42.293 39.875 37.506 35.189
31.750 31.919 32.078 32.228 31.621 29.645 27.812 26.123 24.577 23.175 21.917 20.803 19.832 19.005 18.321 17.782 18.395 20.344 22.365 24.458 26.623 28.860 31.161 33.515 35.926 38.394 40.547 42.639 42.088 39.828 37.621 35.468 33.369 31.324 29.332 27.394 25.510 23.680 21.903 20.180 21.781 24.218 26.648 29.072 31.489 33.900 36.304 38.702 41.094 43.479 45.858 48.230 49.023 49.725 50.346 50.886 51.347 51.727 52.027 52.247 52.387 52.447 52.426 51.884 49.434 47.035 44.686 42.387 40.139 37.941 35.793 33.695
25.123 25.260 25.387 25.505 25.270 23.790 22.453 21.260 20.211 19.305 18.543 17.924 17.449 17.117 16.929 16.885 17.622 19.819 21.948 24.008 26.059 28.100 30.165 32.254 34.335 36.409 38.475 40.533 40.626 38.602 36.631 34.714 32.850 31.040 29.284 27.582 25.933 24.338 22.796 21.308 22.467 24.875 27.278 29.674 32.064 34.447 36.824 39.195 41.559 43.916 46.268 48.612 49.278 49.627 49.896 50.085 50.194 50.222 50.171 50.039 49.827 49.535 49.163 48.581 46.351 44.172 42.044 39.965 37.937 35.959 34.031 32.153
18.512 18.617 18.713 18.798 18.793 17.809 16.968 16.271 15.717 15.306 15.040 15.077 15.208 15.335 15.461 15.583 16.068 18.115 20.152 22.180 24.197 26.205 28.236 30.292 32.340 34.380 36.413 38.437 39.107 37.318 35.583 33.901 32.273 30.699 29.178 27.711 26.297 24.937 23.631 22.378 23.157 25.539 27.914 30.282 32.645 35.000 37.350 39.693 42.029 44.359 46.683 49.000 49.615 49.613 49.530 49.367 49.125 48.802 48.399 47.916 47.352 46.709 45.986 45.182 43.222 41.263 39.354 37.495 35.687 33.929 32.221 30.564
11.918 11.991 12.055 12.109 12.690 12.870 13.008 13.144 13.276 13.406 13.533 13.657 13.778 13.897 14.012 14.125 14.348 16.362 18.367 20.361 22.346 24.321 26.319 28.341 30.356 32.362 34.361 36.353 37.531 35.977 34.477 33.031 31.638 30.299 29.013 27.781 26.602 25.478 24.406 23.389 23.854 26.208 28.555 30.896 33.231 35.559 37.881 40.196 42.505 44.808 47.104 49.394 50.036 49.682 49.248 48.734 48.140 47.466 46.711 45.877 44.963 43.968 42.894 41.739 40.045 38.306 36.617 34.979 33.390 31.852 30.364 28.926
8.302 9.088 9.845 10.574 11.274 11.512 11.640 11.766 11.889 12.010 12.127 12.241 12.353 12.462 12.568 12.671 12.772 14.621 16.592 18.553 20.505 22.447 24.412 26.401 28.382 30.355 32.321 34.278 35.897 34.578 33.313 32.102 30.944 29.840 28.790 27.793 26.849 25.960 25.123 24.341 24.556 26.882 29.202 31.516 33.823 36.124 38.418 40.706 42.987 45.262 47.531 49.793 50.541 49.835 49.050 48.185 47.239 46.214 45.109 43.923 42.658 41.312 39.887 38.382 36.821 35.302 33.833 32.414 31.046 29.727 28.459 27.241
7.307 7.994 8.653 9.284 9.885 10.157 10.277 10.393 10.506 10.617 10.725 10.830 10.932 11.032 11.128 11.222 11.313 12.889 14.827 16.756 18.674 20.583 22.515 24.471 26.418 28.358 30.291 32.215 34.132 33.122 32.092 31.116 30.193 29.324 28.508 27.746 27.038 26.383 25.781 25.233 25.264 27.563 29.855 32.141 34.421 36.694 38.961 41.221 43.475 45.723 47.964 50.199 51.128 50.072 48.936 47.719 46.423 45.047 43.590 42.054 40.438 38.742 36.965 35.109 33.550 32.251 31.016 29.880 28.806 27.796 26.850 25.966
6.340 6.929 7.490 8.022 8.525 8.807 8.917 9.024 9.128 9.229 9.327 9.423 9.515 9.605 9.692 9.777 9.858 11.168 13.073 14.969 16.855 18.730 20.629 22.551 24.466 26.372 28.271 30.162 32.045 31.608 30.813 30.071 29.384 28.749 28.168 27.641 27.167 26.747 26.381 26.067 25.977 28.249 30.513 32.772 35.024 37.270 39.509 41.742 43.969 46.189 48.402 50.610 51.799 50.392 48.905 47.338 45.690 43.919 41.853 39.818 37.814 35.840 33.897 31.984 30.523 29.537 28.614 27.754 26.958 26.224 25.553 24.946
5.401 5.892 6.354 6.788 7.193 7.461 7.561 7.659 7.753 7.845 7.934 8.020 8.103 8.183 8.261 8.335 8.407 9.458 11.330 13.192 15.045 16.888 18.754 20.642 22.523 24.397 26.262 28.120 29.970 30.036 29.476 28.969 28.516 28.117 27.771 27.478 27.239 27.053 26.921 26.842 26.817 28.940 31.178 33.409 35.633 37.851 40.063 42.269 44.461 46.269 47.909 49.380 50.127 48.042 45.988 43.965 41.972 40.010 38.078 36.176 34.305 32.465 30.655 28.875 27.508 26.798 26.152 25.568 25.048 24.590 24.196 23.865
4.489 4.882 5.246 5.582 5.889 6.119 6.210 6.298 6.383 6.465 6.544 6.621 6.695 6.765 6.833 6.899 6.961 7.757 9.597 11.426 13.246 15.056 16.888 18.744 20.592 22.431 24.264 26.088 27.905 28.407 28.081 27.809 27.591 27.426 27.315 27.256 27.252 27.301 27.403 27.559 28.076 30.164 32.414 34.496 36.408 38.153 39.728 41.135 42.374 43.444 44.345 45.078 45.523 43.572 41.652 39.762 37.902 36.073 34.275 32.507 30.769 29.062 27.386 25.740 24.432 23.999 23.628 23.321 23.077 22.895 22.777 22.722
3.606 3.901 4.167 4.404 4.613 4.781 4.863 4.941 5.017 5.089 5.159 5.226 5.290 5.352 5.410 5.466 5.519 6.067 7.874 9.671 11.457 13.234 15.034 16.856 18.670 20.477 22.276 24.067 25.850 26.720 26.629 26.702 26.895 27.186 27.575 28.061 28.644 29.325 30.104 30.980 31.953 33.425 34.936 36.279 37.454 38.460 39.297 39.966 40.467 40.799 40.962 40.957 40.784 39.075 37.288 35.532 33.806 32.110 30.445 28.811 27.207 25.633 24.090 22.577 21.296 21.139 21.045 21.013 21.045 21.139 21.297 21.518
2.750 2.947 3.115 3.254 3.365 3.448 3.519 3.588 3.654 3.718 3.778 3.835 3.890 3.942 3.991 4.037 4.081 4.388 6.161 7.925 9.679 11.423 13.349 15.329 17.257 19.135 20.960 22.734 24.457 25.674 26.100 26.623 27.244 27.962 28.778 29.692 30.702 31.811 33.017 34.320 35.721 36.863 37.637 38.242 38.678 38.946 39.046 38.977 38.740 38.335 37.761 37.018 36.108 34.552 32.899 31.276 29.683 28.121 26.589 25.088 23.617 22.177 20.767 19.387 18.100 18.218 18.400 18.644 18.952 19.322 19.756 20.252
