DATA/SHG/ECMWF/20170628/EN-26/20170701.en-26.asc
ncols        190
nrows        64
xllcorner    -5100000.000000000000
yllcorner    4130000.000000000000
cellsize     10000.000000000000
NODATA_value  -99999.000
[rows 32 to 63 of 64, columns 73 to 145 of 190]
3.484 3.876 4.252 4.614 4.959 5.289 5.604 5.902 6.186 6.454 6.706 6.943 7.101 6.948 6.809 6.684 6.573 6.476 6.393 6.325 6.270 6.239 6.230 6.232 6.325 6.703 7.095 7.502 7.924 8.360 8.811 9.277 9.757 10.252 10.762 11.286 11.497 11.088 10.665 10.229 9.779 9.316 8.839 8.348 7.918 7.690 7.456 7.217 7.922 9.686 11.438 13.175 14.899 16.610 18.307 19.991 21.661 23.318 24.961 26.591 28.680 31.126 33.612 36.138 38.706 41.313 43.961 46.650 49.379 52.149 54.959 57.810 57.663
2.988 3.324 3.647 3.954 4.246 4.522 4.783 5.028 5.258 5.472 5.671 5.854 6.011 5.907 5.817 5.741 5.678 5.630 5.596 5.577 5.571 5.589 5.629 5.681 5.781 6.223 6.681 7.153 7.640 8.141 8.657 9.188 9.733 10.293 10.867 11.515 12.127 11.918 11.704 11.484 11.259 11.028 10.792 10.550 10.302 10.050 9.791 9.527 9.957 11.662 13.354 15.032 16.697 18.348 19.986 21.610 23.221 24.818 26.402 27.972 30.026 32.651 35.317 38.023 40.769 43.556 46.384 49.252 52.160 55.109 58.099 61.129 61.132
2.582 2.788 3.057 3.310 3.549 3.771 3.978 4.169 4.345 4.506 4.651 4.780 4.894 4.854 4.813 4.785 4.772 4.773 4.788 4.817 4.860 4.927 5.017 5.118 5.230 5.728 6.314 7.150 7.990 8.833 9.679 10.528 11.381 12.238 13.098 13.961 14.712 14.479 14.240 13.995 13.745 13.489 13.228 12.962 12.690 12.412 12.129 11.841 12.003 13.649 15.281 16.900 18.505 20.097 21.675 23.240 24.792 26.330 27.854 29.365 31.328 34.133 36.978 39.863 42.789 45.755 48.762 51.809 54.897 58.025 61.194 64.403 64.741
2.196 2.267 2.482 2.682 2.866 3.035 3.188 3.326 3.448 3.555 3.646 3.722 3.782 3.790 3.797 3.819 3.854 3.904 4.143 4.650 5.161 5.639 6.085 6.534 6.984 7.770 8.618 9.469 10.323 11.181 12.042 12.907 13.775 14.646 15.521 16.400 17.281 17.042 16.778 16.509 16.234 15.954 15.668 15.377 15.080 14.778 14.470 14.157 14.060 15.647 17.220 18.779 20.325 21.858 23.377 24.882 26.374 27.853 29.318 30.770 32.587 35.571 38.595 41.659 44.764 47.910 51.096 54.322 57.589 60.896 64.244 67.632 68.490
1.829 1.761 1.922 2.068 2.199 2.314 2.414 2.498 2.567 2.620 2.658 2.927 3.399 3.862 4.365 4.871 5.380 5.891 6.405 6.922 7.441 7.929 8.384 8.842 9.302 10.052 10.915 11.781 12.650 13.523 14.399 15.279 16.162 17.048 17.938 18.831 19.728 19.608 19.319 19.025 18.726 18.421 18.110 17.794 17.473 17.146 16.814 16.476 16.133 17.656 19.170 20.670 22.157 23.630 25.090 26.536 27.969 29.388 30.794 32.187 33.802 36.965 40.168 43.412 46.696 50.020 53.385 56.791 60.236 63.722 67.249 70.816 72.378
1.482 1.270 1.378 1.470 2.018 2.900 3.665 4.314 4.847 5.264 5.565 5.749 5.817 6.073 6.586 7.101 7.619 8.139 8.662 9.188 9.716 10.213 10.678 11.144 11.613 12.327 13.204 14.085 14.970 15.858 16.749 17.643 18.541 19.443 20.348 21.256 22.167 22.176 21.863 21.544 21.220 20.891 20.556 20.215 19.869 19.518 19.161 18.798 18.431 19.677 21.131 22.572 24.000 25.414 26.814 28.201 29.575 30.935 32.282 33.615 34.974 38.316 41.698 45.121 48.584 52.087 55.631 59.215 62.839 66.504 70.210 73.955 76.405
4.782 5.636 6.462 7.172 7.766 8.244 8.606 8.852 8.982 8.995 8.893 8.674 8.339 8.280 8.801 9.325 9.852 10.382 10.914 11.448 11.986 12.492 12.966 13.442 13.920 14.595 15.487 16.383 17.283 18.185 19.092 20.001 20.914 21.831 22.750 23.674 24.600 24.748 24.410 24.067 23.718 23.364 23.004 22.639 22.268 21.892 21.511 21.124 20.731 21.709 23.104 24.486 25.854 27.209 28.550 29.878 31.193 32.494 33.781 35.055 36.316 39.623 43.184 46.785 50.427 54.110 57.832 61.595 65.398 69.242 73.126 77.050 80.571
11.472 12.695 13.118 13.425 13.615 13.690 13.649 13.492 13.218 12.829 12.323 11.702 10.964 10.481 11.012 11.545 12.081 12.619 13.160 13.704 14.250 14.765 15.248 15.733 16.221 16.856 17.764 18.674 19.589 20.507 21.428 22.352 23.280 24.212 25.146 26.084 27.026 27.322 26.960 26.592 26.219 25.840 25.456 25.066 24.671 24.270 23.864 23.452 23.035 23.753 25.089 26.411 27.720 29.016 30.298 31.567 32.822 34.064 35.292 36.507 37.709 40.887 44.627 48.407 52.227 55.866 58.928 61.902 64.789 67.588 70.300 72.924 75.460
17.999 19.854 19.874 19.778 19.565 19.237 18.793 18.233 17.557 16.764 15.856 14.832 13.693 12.677 13.217 13.759 14.304 14.851 15.401 15.954 16.509 17.033 17.526 18.020 18.517 19.110 20.033 20.959 21.888 22.821 23.757 24.696 25.639 26.586 27.535 28.488 29.445 29.899 29.512 29.120 28.722 28.319 27.910 27.496 27.076 26.650 26.220 25.784 25.342 25.808 27.085 28.348 29.598 30.834 32.057 33.267 34.425 35.360 36.151 36.798 37.301 39.530 42.557 45.498 48.350 51.115 53.793 56.383 58.886 61.301 63.629 65.870 68.023
24.364 26.915 26.730 26.231 25.616 24.885 24.038 23.075 21.997 20.802 19.492 18.066 16.524 14.868 15.417 15.968 16.521 17.078 17.637 18.199 18.763 19.296 19.798 20.301 20.807 21.358 22.295 23.236 24.181 25.128 26.079 27.034 27.992 28.953 29.918 30.886 31.857 32.479 32.068 31.651 31.228 30.800 30.367 29.928 29.484 29.034 28.579 28.151 27.976 28.516 29.824 30.989 32.009 32.885 33.618 34.206 34.651 34.951 35.108 35.120 34.989 36.409 39.052 41.609 44.077 46.458 48.752 50.959 53.078 55.109 57.054 58.910 60.680
30.568 33.683 33.687 32.785 31.767 30.634 29.385 28.020 26.539 24.942 23.230 21.402 19.458 17.398 17.611 18.171 18.734 19.299 19.868 20.438 21.012 21.554 22.065 22.577 23.092 23.609 24.551 25.507 26.466 27.429 28.395 29.364 30.337 31.313 32.293 33.276 34.262 35.063 34.577 33.736 33.041 32.490 32.084 31.824 31.708 31.737 31.910 32.229 32.693 33.332 34.005 34.535 34.920 35.162 35.260 35.214 35.024 34.691 34.213 33.592 32.826 33.380 35.640 37.812 39.897 41.895 43.805 45.628 47.363 49.012 50.572 52.046 53.432
36.610 40.289 40.743 39.439 38.019 36.484 34.832 33.065 31.182 29.184 27.070 24.840 22.494 20.033 19.800 20.370 20.941 21.516 22.093 22.673 23.255 23.806 24.326 24.848 25.372 25.898 26.800 27.771 28.745 29.697 30.166 30.622 31.067 31.499 31.918 32.326 32.722 33.096 32.750 32.548 32.491 32.580 32.812 33.190 33.713 34.380 35.192 36.149 37.250 38.293 38.332 38.227 37.979 37.586 37.050 36.370 35.546 34.579 33.467 32.212 30.814 30.444 32.320 34.109 35.810 37.424 38.951 40.391 41.743 43.008 44.185 45.276 46.279
42.490 46.733 47.900 46.194 44.372 42.434 40.381 38.212 35.928 33.528 31.012 28.381 25.634 22.771 21.985 22.563 23.143 23.727 24.313 24.902 25.493 25.618 25.694 25.754 25.797 25.824 26.165 26.616 27.056 27.483 27.899 28.302 28.693 29.072 29.438 29.793 30.135 30.465 30.768 31.205 31.787 32.513 33.384 34.400 35.561 36.866 38.316 39.910 41.650 43.400 42.805 42.066 41.183 40.157 38.987 37.674 36.216 34.616 32.871 30.983 28.951 27.600 29.092 30.498 31.816 33.047 34.190 35.247 36.216 37.098 37.893 38.600 39.220
48.209 53.016 55.157 53.049 50.825 48.486 46.031 43.461 40.775 37.973 35.056 32.024 28.876 25.612 23.725 23.820 23.895 23.950 23.983 23.996 23.989 23.985 23.990 23.977 23.949 23.904 24.126 24.525 24.911 25.286 25.648 25.998 26.335 26.661 26.974 27.276 27.565 27.842 28.632 29.707 30.927 32.291 33.800 35.454 37.252 39.195 41.282 43.514 45.891 48.412 47.423 46.050 44.535 42.875 41.072 39.125 37.035 34.801 32.423 29.902 27.237 24.847 25.957 26.979 27.914 28.762 29.523 30.197 30.783 31.282 31.694 32.019 32.256
53.767 59.137 62.513 60.004 57.379 54.638 51.782 47.562 43.445 39.455 35.594 31.860 28.254 24.777 22.611 22.636 22.640 22.623 22.585 22.527 22.448 22.373 22.305 22.221 22.120 22.003 22.104 22.450 22.783 23.104 23.413 23.709 23.994 24.266 24.527 24.775 25.011 25.235 26.342 28.055 29.912 31.914 34.060 36.351 38.786 41.366 44.091 46.960 49.973 53.131 52.187 50.181 48.032 45.740 43.303 40.724 38.001 35.134 32.124 28.970 25.673 22.232 22.913 23.553 24.105 24.571 24.949 25.239 25.443 25.560 25.589 25.531 25.387
57.519 61.512 64.226 59.911 55.724 51.664 47.733 43.929 40.254 36.706 33.286 29.993 26.829 23.793 21.518 21.472 21.404 21.316 21.207 21.078 20.928 20.781 20.642 20.485 20.313 20.124 20.098 20.390 20.670 20.938 21.194 21.437 21.669 21.888 22.095 22.290 22.473 22.644 23.898 26.248 28.742 31.381 34.164 37.092 40.165 43.381 46.742 50.248 53.898 57.693 57.096 54.458 51.676 48.751 45.682 42.470 39.115 35.616 31.973 28.187 24.258 20.185 19.962 20.219 20.389 20.471 20.467 20.376 20.197 19.931 19.578 19.138 18.611
51.702 55.085 58.272 54.398 50.653 47.035 43.546 40.183 36.949 33.843 30.864 28.013 25.289 22.694 20.445 20.327 20.189 20.030 19.850 19.649 19.428 19.210 18.998 18.770 18.526 18.265 18.107 18.346 18.573 18.788 18.991 19.181 19.359 19.525 19.679 19.821 19.951 20.069 21.299 24.286 27.417 30.693 34.113 37.678 41.386 45.240 49.237 53.379 57.665 62.096 62.151 58.880 55.466 51.908 48.208 44.363 40.376 36.245 31.971 27.553 22.992 18.288 17.103 16.977 16.765 16.465 16.078 15.605 15.044 14.564 14.432 14.282 14.114
46.058 48.831 51.427 48.774 45.470 42.294 39.245 36.325 33.531 30.866 28.328 25.918 23.635 21.481 19.453 19.203 18.994 18.763 18.512 18.241 17.949 17.659 17.376 17.075 16.759 16.426 16.133 16.319 16.492 16.654 16.803 16.941 17.066 17.179 17.280 17.369 17.446 17.510 18.547 22.170 25.938 29.850 33.907 38.107 42.452 46.941 51.575 56.352 61.274 66.341 67.350 63.448 59.402 55.212 50.880 46.404 41.785 37.023 32.117 27.068 21.914 16.859 15.027 14.943 14.840 14.719 14.580 14.423 14.247 14.054 13.841 13.611 13.362
40.586 42.749 44.736 43.038 40.176 37.440 34.833 32.353 30.000 27.776 25.678 23.709 21.867 20.153 18.566 18.099 17.819 17.517 17.195 16.853 16.490 16.129 15.773 15.401 15.013 14.609 14.188 14.307 14.427 14.536 14.632 14.717 14.789 14.849 14.897 14.932 14.956 14.968 15.641 19.900 24.304 28.852 33.545 38.381 43.362 48.486 53.756 59.169 64.726 70.428 72.696 68.106 63.017 57.935 52.861 47.793 42.732 37.678 32.630 27.590 22.557 17.530 15.098 14.934 14.751 14.549 14.330 14.092 13.836 13.562 13.269 12.958 12.629
35.286 36.840 38.218 37.191 34.769 32.474 30.307 28.268 26.356 24.572 22.915 21.386 19.984 18.710 17.563 17.015 16.664 16.291 15.898 15.485 15.051 14.618 14.191 13.747 13.287 12.811 12.318 12.311 12.378 12.434 12.477 12.508 12.527 12.534 12.529 12.512 12.483 12.441 12.581 17.476 22.516 27.700 33.029 38.461 43.872 49.264 54.634 59.985 65.314 70.623 73.548 68.482 63.422 58.369 53.323 48.284 43.252 38.227 33.208 28.197 23.192 18.195 15.188 14.943 14.680 14.398 14.098 13.780 13.444 13.089 12.716 12.324 11.915
30.158 31.104 31.873 31.231 29.250 27.396 25.670 24.071 22.599 21.255 20.039 18.949 17.988 17.153 16.446 15.951 15.529 15.085 14.622 14.137 13.632 13.128 12.629 12.114 11.582 11.034 10.470 10.330 10.345 10.347 10.338 10.316 10.282 10.236 10.500 10.788 11.081 11.380 11.683 16.689 22.094 27.478 32.842 38.186 43.509 48.812 54.094 59.356 64.597 69.818 73.888 68.851 63.820 58.796 53.779 48.768 43.765 38.769 33.779 28.797 23.821 18.852 15.297 14.971 14.627 14.266 13.885 13.487 13.070 12.635 12.181 11.710 11.220
25.202 25.539 25.700 25.160 23.619 22.206 20.919 19.761 18.729 17.825 17.048 16.399 15.877 15.482 15.215 14.908 14.414 13.900 13.365 12.810 12.234 11.659 11.088 10.501 9.897 9.506 9.149 9.168 9.443 9.723 10.008 10.298 10.594 10.894 11.200 11.510 11.826 12.146 12.472 16.789 22.106 27.402 32.677 37.932 43.167 48.381 53.575 58.748 63.901 69.033 74.145 69.213 64.211 59.216 54.227 49.246 44.272 39.304 34.344 29.390 24.443 19.503 15.424 15.018 14.594 14.152 13.691 13.212 12.715 12.200 11.666 11.114 10.544
20.418 20.147 19.700 18.977 17.877 16.903 16.057 15.338 14.746 14.282 13.945 13.735 13.652 13.697 13.869 13.884 13.319 12.907 12.579 12.248 11.915 11.569 11.210 10.850 10.488 10.124 9.758 9.705 10.002 10.305 10.612 10.925 11.242 11.565 11.893 12.226 12.564 12.907 13.255 16.910 22.139 27.346 32.533 37.700 42.846 47.972 53.077 58.162 63.226 68.270 73.293 69.569 64.595 59.629 54.670 49.717 44.772 39.833 34.901 29.976 25.058 20.147 15.569 15.083 14.579 14.056 13.515 12.956 12.379 11.783 11.169 10.537 9.887
15.805 14.927 13.872 12.683 12.022 11.489 11.082 10.802 10.650 10.625 11.106 11.778 12.448 13.116 13.782 14.258 13.926 13.592 13.255 12.916 12.575 12.221 11.854 11.485 11.115 10.742 10.368 10.235 10.555 10.880 11.209 11.544 11.884 12.230 12.580 12.935 13.295 13.661 14.031 17.053 22.192 27.311 32.410 37.488 42.546 47.584 52.600 57.597 62.573 67.528 72.463 69.918 64.973 60.036 55.105 50.182 45.265 40.355 35.452 30.556 25.667 20.784 15.909 15.167 14.582 13.980 13.358 12.719 12.062 11.386 10.692 9.979 9.249
11.363 9.878 8.216 7.094 7.680 8.357 9.033 9.706 10.377 11.046 11.713 12.378 13.042 13.703 14.362 14.960 14.620 14.277 13.933 13.585 13.236 12.874 12.498 12.122 11.743 11.362 10.980 10.759 11.101 11.448 11.801 12.158 12.520 12.888 13.260 13.638 14.021 14.408 14.801 17.216 22.267 27.298 32.308 37.298 42.267 47.217 52.145 57.053 61.941 66.808 71.655 70.260 65.345 60.436 55.534 50.639 45.751 40.870 35.996 31.129 26.268 21.415 16.568 15.269 14.604 13.921 13.220 12.501 11.763 11.007 10.233 9.440 8.630
10.272 9.456 8.674 7.928 8.329 8.999 9.668 10.334 10.999 11.661 12.321 12.980 13.636 14.291 14.943 15.594 15.315 14.964 14.611 14.256 13.899 13.528 13.145 12.759 12.372 11.984 11.593 11.277 11.641 12.011 12.385 12.765 13.150 13.539 13.934 14.334 14.739 15.150 15.565 17.400 22.363 27.305 32.227 37.129 42.010 46.871 51.711 56.531 61.330 66.109 70.868 70.596 65.710 60.830 55.957 51.091 46.231 41.379 36.534 31.695 26.863 22.039 17.221 15.390 14.645 13.882 13.101 12.301 11.483 10.647 9.793 8.920 8.029
10.711 10.015 9.354 8.728 8.979 9.642 10.304 10.964 11.621 12.277 12.931 13.582 14.232 14.880 15.525 16.169 16.012 15.653 15.292 14.928 14.563 14.184 13.792 13.399 13.004 12.607 12.208 11.807 12.175 12.567 12.964 13.366 13.773 14.185 14.602 15.024 15.452 15.884 16.322 17.604 22.479 27.333 32.167 36.980 41.773 46.546 51.298 56.029 60.741 65.431 70.102 70.926 66.068 61.217 56.372 51.535 46.705 41.881 37.064 32.254 27.452 22.655 17.866 15.529 14.704 13.841 12.945 12.098 11.303 10.557 9.861 9.216 8.620
11.117 10.541 10.000 9.495 9.630 10.286 10.941 11.594 12.245 12.894 13.541 14.186 14.829 15.470 16.109 16.746 16.710 16.343 15.973 15.602 15.228 14.841 14.441 14.040 13.636 13.231 12.824 12.415 12.702 13.116 13.536 13.960 14.389 14.824 15.263 15.708 16.158 16.612 17.072 17.830 22.616 27.382 32.128 36.853 41.558 46.242 50.906 55.549 60.172 64.775 69.357 71.248 66.419 61.597 56.781 51.973 47.102 41.869 36.743 31.726 26.817 22.016 17.324 14.616 13.839 13.112 12.435 11.809 11.232 10.706 10.230 9.804 9.428
11.489 11.034 10.613 10.228 10.281 10.931 11.580 12.226 12.870 13.512 14.152 14.790 15.426 16.061 16.693 17.323 17.409 17.034 16.657 16.277 15.895 15.500 15.092 14.682 14.270 13.857 13.441 13.024 13.223 13.660 14.101 14.548 15.000 15.456 15.918 16.385 16.857 17.334 17.816 18.304 22.774 27.452 32.110 36.747 41.363 45.959 50.535 55.079 59.033 62.837 66.491 68.528 63.227 58.034 52.949 47.972 43.103 38.343 33.690 29.146 24.710 20.381 16.162 13.399 12.841 12.334 11.876 11.469 11.112 10.805 10.549 10.342 10.185
11.829 11.493 11.193 10.928 10.934 11.577 12.219 12.858 13.495 14.131 14.764 15.396 16.025 16.653 17.278 17.902 18.110 17.727 17.341 16.953 16.563 16.160 15.743 15.325 14.905 14.484 14.060 13.635 13.738 14.197 14.660 15.129 15.603 16.083 16.567 17.056 17.550 18.050 18.554 19.062 22.851 27.198 31.396 35.444 39.342 43.090 46.688 50.136 53.435 56.583 59.582 62.059 57.230 52.510 47.898 43.394 38.998 34.710 30.530 26.458 22.495 18.639 14.891 12.132 11.794 11.506 11.268 11.080 10.942 10.855 10.817 10.829 10.892
12.135 11.920 11.740 11.594 11.588 12.224 12.859 13.491 14.122 14.751 15.377 16.002 16.625 17.246 17.864 18.481 18.812 18.421 18.027 17.631 17.233 16.821 16.397 15.970 15.542 15.112 14.681 14.247 14.246 14.727 15.173 15.624 16.091 16.573 17.072 17.585 18.115 18.660 19.222 19.798 22.658 26.350 29.893 33.285 36.528 39.620 42.563 45.356 48.000 50.493 52.837 55.031 51.128 46.881 42.741 38.710 34.786 30.971 27.263 23.664 20.172 16.789 13.514 10.816 10.697 10.628 10.610 10.641 10.722 10.854 11.035 11.267 11.548
12.408 12.313 12.253 12.227 12.242 12.872 13.500 14.126 14.750 15.372 15.992 16.610 17.226 17.840 18.452 19.062 19.516 19.116 18.714 18.310 17.904 17.420 16.903 16.393 15.889 15.393 14.903 14.419 14.277 14.765 15.270 15.790 16.325 16.877 17.444 18.027 18.626 19.240 19.871 20.517 22.627 25.663 28.550 31.288 33.875 36.313 38.601 40.740 42.729 44.567 46.257 47.796 44.921 41.146 37.479 33.919 30.468 27.125 23.890 20.762 17.743 14.831 12.028 9.451 9.551 9.701 9.902 10.152 10.452 10.803 11.203 11.654 12.155
