DATA/SHG/ECMWF/20170628/EN-26/20170703.en-26.asc
ncols        190
nrows        64
xllcorner    -5100000.000000000000
yllcorner    4130000.000000000000
cellsize     10000.000000000000
NODATA_value  -99999.000
[rows 32 to 63 of 64, columns 73 to 145 of 190]
4.028 3.881 3.734 3.586 3.439 3.290 3.142 2.993 2.844 2.694 2.544 2.394 2.426 3.384 4.348 5.319 6.296 7.281 8.272 9.269 10.274 11.286 12.304 13.327 14.093 13.965 13.836 13.706 13.575 13.444 13.312 13.179 13.046 12.912 12.778 12.642 12.814 13.581 14.379 15.208 16.068 16.959 17.881 18.834 20.094 22.099 24.030 25.887 27.484 28.740 29.850 30.813 31.629 32.298 32.821 33.197 33.425 33.507 33.442 33.231 32.882 32.463 31.985 31.447 30.849 30.192 29.475 28.699 27.863 26.968 26.013 24.998 25.163
4.039 3.891 3.743 3.594 3.445 3.295 3.146 2.995 2.845 2.694 2.543 2.392 2.281 3.262 4.250 5.244 6.245 7.253 8.267 9.289 10.317 11.352 12.394 13.441 14.373 14.242 14.110 13.977 13.843 13.709 13.574 13.438 13.302 13.165 13.027 13.217 14.803 17.068 19.260 21.379 23.425 25.397 27.296 29.122 30.874 32.553 34.159 35.692 36.894 37.500 37.960 38.273 38.440 38.459 38.332 38.058 37.638 37.070 36.356 35.495 34.682 34.000 33.258 32.457 31.596 30.675 29.695 28.655 27.556 26.398 25.179 23.902 23.649
4.052 3.901 3.752 3.602 3.451 3.301 3.150 2.998 2.847 2.695 2.542 2.389 2.236 3.134 4.145 5.163 6.187 7.219 8.257 9.302 10.353 11.412 12.478 13.549 14.625 14.519 14.491 14.986 15.677 16.565 17.650 18.932 20.410 22.085 23.956 26.024 28.250 30.190 32.057 33.850 35.570 37.217 38.791 40.292 41.719 43.073 44.353 45.561 46.447 46.404 46.215 45.878 45.395 44.765 43.989 43.066 41.997 40.780 39.417 37.908 36.541 35.596 34.590 33.526 32.401 31.218 29.974 28.672 27.309 25.888 24.407 22.866 22.182
4.071 3.912 3.761 3.610 3.458 3.306 3.154 3.001 2.849 2.695 2.542 2.388 2.234 2.999 4.034 5.075 6.124 7.179 8.407 9.889 11.373 12.817 14.219 15.623 17.028 18.077 19.245 20.609 22.171 23.928 25.882 28.033 30.380 32.924 35.664 38.600 41.733 43.374 44.916 46.384 47.779 49.101 50.350 51.525 52.628 53.657 54.613 55.495 56.144 55.451 54.612 53.627 52.495 51.217 49.792 48.220 46.502 44.637 42.626 40.468 38.459 37.250 35.982 34.654 33.267 31.820 30.314 28.748 27.123 25.438 23.694 21.891 20.762
4.097 3.923 3.771 3.618 3.465 3.312 3.159 3.005 2.851 2.696 2.542 2.570 2.847 3.913 5.392 6.873 8.356 9.841 11.329 12.818 14.309 15.760 17.169 18.580 19.993 21.736 23.774 26.007 28.437 31.064 33.886 36.905 40.121 43.533 47.141 50.946 54.947 56.621 57.838 58.981 60.052 61.049 61.973 62.823 63.601 64.305 64.936 65.494 65.979 64.642 63.154 61.520 59.740 57.813 55.739 53.520 51.153 48.641 45.981 43.176 40.435 38.963 37.432 35.841 34.191 32.481 30.712 28.884 26.996 25.049 23.042 20.976 19.388
4.129 3.934 3.781 3.627 3.595 3.709 3.869 4.075 4.327 4.626 4.970 5.361 5.797 6.794 8.280 9.768 11.258 12.750 14.245 15.741 17.239 18.697 20.114 21.532 22.952 25.171 28.077 31.179 34.477 37.972 41.663 45.550 49.633 53.913 58.388 63.060 67.929 69.931 70.823 71.642 72.387 73.060 73.659 74.185 74.638 75.018 75.325 75.559 75.719 73.975 71.839 69.557 67.129 64.554 61.833 58.965 55.951 52.791 49.484 46.031 42.470 40.735 38.941 37.088 35.175 33.203 31.171 29.080 26.930 24.720 22.451 20.122 18.061
4.793 4.680 4.816 4.997 5.224 5.498 5.817 6.183 6.594 7.052 7.556 8.106 8.702 9.669 11.162 12.657 14.154 15.654 17.155 18.658 20.164 21.629 23.053 24.478 25.905 28.381 32.155 36.125 40.291 44.653 49.212 53.966 58.917 64.063 69.406 74.945 80.680 83.304 83.871 84.365 84.787 85.135 85.409 85.611 85.740 85.796 85.778 85.688 85.524 83.452 80.668 77.738 74.662 71.440 68.071 64.556 60.895 57.087 53.133 49.033 44.787 42.566 40.509 38.393 36.218 33.983 31.689 29.336 26.923 24.451 21.919 19.328 16.780
6.112 5.786 6.081 6.422 6.808 7.241 7.720 8.245 8.816 9.433 10.096 10.805 11.560 12.538 14.039 15.541 17.045 18.551 20.060 21.570 23.083 24.555 25.986 27.418 28.853 31.367 36.008 40.846 45.879 51.108 56.534 62.155 67.972 73.985 80.195 86.600 93.201 96.740 96.983 97.152 97.249 97.273 97.224 97.102 96.906 96.638 96.297 95.882 95.395 93.071 89.640 86.063 82.340 78.470 74.454 70.292 65.984 61.530 56.930 52.183 47.290 44.456 42.136 39.758 37.320 34.723 31.908 29.162 26.483 23.872 21.328 18.853 16.445
7.497 6.847 7.301 7.801 8.348 8.940 9.578 10.262 10.992 11.769 12.591 13.459 14.373 15.402 16.909 18.418 19.930 21.443 22.958 24.476 25.995 27.475 28.913 30.353 31.794 34.129 39.637 45.341 51.241 57.337 63.629 70.116 76.799 83.679 90.754 98.025 105.492 110.238 110.157 110.003 109.775 109.475 109.102 108.656 108.137 107.545 106.880 106.141 105.330 102.834 98.756 94.531 90.161 85.645 80.983 76.174 70.965 64.870 58.855 52.920 47.064 43.262 40.474 37.755 35.103 32.519 30.002 27.554 25.173 22.860 20.615 18.438 16.328
8.947 7.971 8.477 9.136 9.842 10.593 11.391 12.234 13.123 14.059 15.040 16.067 17.140 18.260 19.774 21.290 22.809 24.329 25.851 27.376 28.902 30.389 31.834 33.282 34.730 36.667 43.042 49.612 56.378 63.340 70.497 77.850 85.399 93.144 101.084 109.221 117.553 123.799 123.394 122.916 122.365 121.741 121.044 120.274 119.432 118.516 117.527 116.125 112.977 108.560 102.259 96.037 89.894 83.832 77.848 71.944 66.119 60.374 54.709 49.123 43.616 39.799 37.310 34.889 32.535 30.249 28.031 25.881 23.798 21.783 19.835 17.956 16.144
10.462 9.239 9.608 10.427 11.291 12.202 13.158 14.161 15.209 16.303 17.443 18.630 19.862 21.140 22.633 24.156 25.682 27.209 28.739 30.270 31.804 33.297 34.750 36.204 37.660 39.118 46.222 53.658 61.289 69.116 77.139 85.358 93.772 102.381 111.187 120.187 129.384 137.423 136.402 132.860 129.404 126.035 122.751 119.552 116.440 113.414 110.473 107.618 104.849 101.194 95.242 89.370 83.577 77.863 72.229 66.674 61.199 55.803 50.487 45.249 40.092 36.273 34.082 31.958 29.903 27.915 25.994 24.142 22.357 20.639 18.990 17.408 15.894
12.044 10.572 10.694 11.672 12.696 13.765 14.881 16.042 17.249 18.502 19.802 21.147 22.537 23.974 25.487 27.017 28.549 30.084 31.620 33.159 34.699 36.200 37.660 39.122 40.585 42.050 49.178 57.479 65.976 74.597 81.895 89.006 95.931 102.669 109.221 115.587 121.766 127.652 124.404 121.241 118.165 115.174 112.269 109.450 106.717 104.069 101.507 99.031 96.641 93.755 88.152 82.629 77.185 71.821 66.536 61.330 56.203 51.156 46.189 41.301 36.492 32.682 30.789 28.963 27.205 25.515 23.892 22.337 20.850 19.430 18.078 16.794 15.577
13.690 11.972 11.736 12.873 14.056 15.284 16.558 17.879 19.245 20.657 22.114 23.618 25.168 26.763 28.334 29.872 31.411 32.953 34.496 36.042 37.589 38.490 39.330 40.148 40.946 41.723 47.158 54.195 61.046 67.711 74.189 80.481 86.587 92.506 98.239 103.786 109.146 114.320 112.328 109.544 106.847 104.235 101.709 99.268 96.914 94.645 92.462 90.364 88.353 86.242 80.988 75.814 70.719 65.704 60.767 55.911 51.133 46.435 41.816 37.276 32.816 29.027 27.431 25.903 24.443 23.050 21.725 20.468 19.278 18.155 17.101 16.114 15.194
15.402 13.437 12.734 14.029 15.371 16.758 18.191 19.670 21.195 22.766 24.382 26.044 27.753 29.507 30.551 31.399 32.221 33.017 33.787 34.530 35.248 35.979 36.727 37.455 38.162 38.848 42.942 49.160 55.192 61.038 66.697 72.170 77.457 82.558 87.473 92.201 96.743 101.099 100.174 97.769 95.450 93.217 91.070 89.008 87.032 85.141 83.336 81.617 79.984 78.436 73.751 68.926 64.179 59.512 54.925 50.416 45.987 41.638 37.367 33.176 29.064 25.308 24.009 22.779 21.616 20.521 19.493 18.533 17.640 16.815 16.057 15.367 14.745
17.179 14.967 13.687 15.141 16.641 18.187 19.779 21.051 22.276 23.460 24.602 25.704 26.764 27.784 28.695 29.454 30.186 30.892 31.572 32.225 32.853 33.493 34.151 34.788 35.404 35.999 38.938 44.337 49.550 54.578 59.419 64.074 68.542 72.825 76.922 80.832 84.557 88.095 87.943 85.916 83.976 82.121 80.352 78.668 77.070 75.558 74.131 72.790 71.535 70.365 66.440 61.963 57.565 53.247 49.008 44.848 40.767 36.765 32.843 29.000 25.236 21.552 20.523 19.590 18.724 17.926 17.195 16.532 15.937 15.409 14.948 14.555 14.229
18.765 16.172 14.143 15.432 16.679 17.886 19.051 20.176 21.259 22.301 23.302 24.263 25.182 26.060 26.866 27.534 28.177 28.793 29.383 29.947 30.484 31.034 31.601 32.147 32.672 33.177 35.145 39.726 44.121 48.330 52.353 56.190 59.842 63.307 66.586 69.679 72.587 75.308 75.633 73.985 72.423 70.946 69.555 68.250 67.030 65.895 64.847 63.884 63.006 62.214 59.055 54.927 50.877 46.907 43.016 39.204 35.472 31.818 28.244 24.749 21.333 17.996 16.972 16.336 15.768 15.266 14.833 14.467 14.168 13.937 13.773 13.677 13.648
18.855 16.409 14.014 15.161 16.267 17.332 18.356 19.339 20.281 21.182 22.041 22.860 23.638 24.375 25.062 25.641 26.193 26.720 27.220 27.694 28.142 28.602 29.077 29.533 29.967 30.381 31.562 35.326 38.903 42.295 45.501 48.521 51.355 54.003 56.465 58.742 60.832 62.737 63.246 61.976 60.792 59.693 58.680 57.752 56.910 56.153 55.482 54.897 54.397 53.982 51.597 47.816 44.115 40.493 36.950 33.486 30.101 26.796 23.569 20.422 17.354 14.365 13.357 13.018 12.746 12.542 12.405 12.336 12.334 12.435 12.643 12.851 13.061
18.907 16.606 14.347 14.929 15.893 16.817 17.699 18.541 19.342 20.101 20.820 21.497 22.133 22.729 23.283 23.773 24.236 24.673 25.083 25.467 25.825 26.195 26.580 26.944 27.288 27.611 28.191 31.137 33.898 36.472 38.861 41.064 43.082 44.913 46.559 48.019 49.294 50.382 50.781 49.889 49.082 48.361 47.725 47.175 46.711 46.332 46.038 45.830 45.707 45.670 44.065 40.633 37.279 34.005 30.810 27.693 24.656 21.698 18.819 16.020 13.389 11.132 10.462 10.669 10.876 11.083 11.292 11.501 11.710 11.920 12.131 12.343 12.555
18.918 16.764 14.651 14.735 15.558 16.340 17.082 17.782 18.441 19.059 19.637 20.173 20.668 21.122 21.536 21.932 22.304 22.651 22.972 23.267 23.535 23.815 24.109 24.382 24.635 24.868 25.079 27.160 29.104 30.862 32.434 33.821 35.022 36.038 36.868 37.512 37.970 38.243 38.238 37.724 37.294 36.951 36.693 36.520 36.433 36.431 36.514 36.683 36.938 37.278 36.460 33.471 31.278 29.071 26.849 24.614 22.364 20.101 17.824 15.532 13.227 10.908 9.928 10.137 10.347 10.557 10.769 10.980 11.193 11.406 11.619 11.834 12.049
18.891 16.882 14.915 14.579 15.261 15.902 16.502 17.061 17.579 18.056 18.493 18.888 19.242 19.555 19.827 20.116 20.399 20.656 20.887 21.092 21.271 21.460 21.664 21.847 22.009 22.151 22.271 23.393 24.521 25.463 26.220 26.791 27.176 27.376 27.390 27.219 26.862 26.320 25.617 25.480 25.428 25.462 25.611 27.010 28.415 29.826 31.242 32.664 34.092 35.525 36.125 33.883 31.628 29.358 27.075 24.777 22.466 20.140 17.801 15.448 13.080 10.699 9.393 9.605 9.818 10.031 10.245 10.460 10.675 10.891 11.108 11.325 11.543
18.824 16.961 15.140 14.462 15.003 15.503 15.961 16.379 16.756 17.092 17.387 17.642 17.855 18.027 18.158 18.325 18.519 18.687 18.828 18.943 19.033 19.132 19.245 19.337 19.409 19.460 19.490 19.837 20.150 20.276 20.217 19.973 19.543 18.928 19.084 19.294 19.506 19.717 19.930 21.235 22.643 24.056 25.475 26.899 28.330 29.765 31.207 32.654 34.107 35.565 36.614 34.310 31.992 29.661 27.315 24.956 22.582 20.195 17.793 15.378 12.949 10.505 8.858 9.073 9.289 9.505 9.722 9.940 10.158 10.376 10.596 10.816 11.037
18.718 17.000 15.325 14.383 14.783 15.141 15.459 15.736 15.972 16.167 16.321 16.434 16.507 16.538 16.528 16.561 16.665 16.743 16.795 16.821 16.821 16.830 16.852 16.854 16.835 17.044 17.283 17.501 17.709 17.919 18.129 18.339 18.551 18.763 18.976 19.190 19.404 19.620 19.836 21.017 22.450 23.888 25.332 26.782 28.237 29.698 31.165 32.637 34.115 35.598 37.088 34.751 32.371 29.978 27.570 25.149 22.713 20.264 17.800 15.323 12.832 10.326 8.323 8.541 8.760 8.979 9.199 9.419 9.640 9.862 10.084 10.307 10.530
18.573 17.000 15.470 14.342 14.601 14.818 14.995 15.131 15.226 15.280 15.293 15.266 15.197 15.088 14.938 14.822 14.836 15.027 15.307 15.576 15.834 16.080 16.315 16.542 16.759 16.968 17.167 17.369 17.581 17.794 18.007 18.221 18.436 18.652 18.868 19.085 19.303 19.521 19.741 20.793 22.251 23.715 25.184 26.659 28.139 29.625 31.117 32.614 34.117 35.626 37.140 35.207 32.765 30.310 27.840 25.357 22.859 20.348 17.822 15.283 12.730 10.162 7.788 8.009 8.230 8.452 8.675 8.898 9.122 9.347 9.572 9.798 10.024
18.388 16.961 15.576 14.340 14.457 14.534 14.570 14.565 14.519 14.432 14.519 14.655 14.740 14.773 14.755 14.754 15.018 15.271 15.513 15.743 15.963 16.169 16.366 16.553 16.732 16.901 17.062 17.237 17.452 17.668 17.885 18.102 18.320 18.539 18.759 18.979 19.200 19.422 19.645 20.563 22.046 23.535 25.029 26.529 28.035 29.546 31.063 32.585 34.113 35.647 37.186 35.677 33.174 30.656 28.125 25.579 23.020 20.446 17.859 15.258 12.643 10.013 7.370 7.477 7.701 7.926 8.151 8.378 8.604 8.832 9.060 9.288 9.518
18.164 16.883 15.643 14.695 14.942 15.208 15.423 15.587 15.699 15.761 15.771 15.730 15.638 15.495 15.301 15.086 15.311 15.525 15.728 15.920 16.101 16.269 16.426 16.575 16.714 16.845 16.966 17.104 17.322 17.542 17.762 17.982 18.204 18.426 18.649 18.873 19.097 19.322 19.548 20.327 21.835 23.349 24.868 26.393 27.924 29.460 31.002 32.550 34.103 35.662 37.226 36.162 33.597 31.017 28.424 25.816 23.195 20.560 17.910 15.247 12.570 9.879 7.174 6.945 7.172 7.399 7.628 7.857 8.086 8.317 8.548 8.779 9.011
19.423 18.658 17.953 17.307 17.298 17.388 17.426 17.413 17.349 17.234 17.068 16.851 16.583 16.264 15.893 15.472 15.614 15.789 15.954 16.107 16.249 16.378 16.497 16.606 16.706 16.798 16.881 16.970 17.192 17.414 17.638 17.862 18.087 18.312 18.538 18.765 18.993 19.222 19.451 20.084 21.618 23.157 24.701 26.251 27.807 29.368 30.935 32.508 34.086 35.670 37.260 36.662 34.034 31.393 28.738 26.068 23.385 20.688 17.977 15.252 12.513 9.760 6.993 6.412 6.642 6.873 7.104 7.336 7.568 7.802 8.035 8.270 8.505
21.360 20.800 20.300 19.860 19.699 19.612 19.474 19.285 19.045 18.753 18.411 18.018 17.573 17.078 16.531 15.934 15.926 16.063 16.189 16.304 16.407 16.498 16.577 16.647 16.709 16.762 16.805 16.840 17.061 17.287 17.513 17.741 17.969 18.197 18.427 18.657 18.888 19.120 19.353 19.836 21.394 22.958 24.528 26.103 27.684 29.271 30.863 32.460 34.064 35.672 37.287 37.176 34.486 31.783 29.066 26.335 23.590 20.831 18.058 15.271 12.470 9.656 6.827 5.880 6.113 6.362 6.680 7.038 7.434 7.870 8.344 8.857 9.409
23.238 22.884 22.589 22.354 22.145 21.882 21.567 21.202 20.785 20.318 19.799 19.230 18.609 17.938 17.215 16.441 16.248 16.347 16.434 16.510 16.575 16.627 16.667 16.699 16.721 16.735 16.740 16.736 16.929 17.158 17.388 17.619 17.850 18.082 18.315 18.549 18.783 19.018 19.254 19.581 21.165 22.754 24.349 25.949 27.555 29.166 30.783 32.406 34.035 35.668 37.308 37.705 34.953 32.188 29.409 26.616 23.774 20.746 17.785 14.892 12.065 9.306 6.615 5.489 5.901 6.351 6.840 7.368 7.935 8.541 9.185 9.869 10.591
25.058 24.909 24.819 24.790 24.636 24.196 23.706 23.164 22.571 21.928 21.233 20.488 19.691 18.843 17.945 16.995 16.580 16.640 16.689 16.726 16.753 16.766 16.767 16.760 16.743 16.718 16.684 16.641 16.796 17.029 17.262 17.496 17.731 17.966 18.202 18.439 18.677 18.915 19.154 19.394 20.929 22.543 24.163 25.788 27.419 29.056 30.698 32.339 33.621 34.841 35.996 36.393 33.323 30.320 27.384 24.516 21.715 18.981 16.314 13.715 11.182 8.718 6.320 5.098 5.680 6.300 6.960 7.658 8.396 9.172 9.987 10.841 11.733
26.820 26.876 26.991 27.167 27.171 26.556 25.889 25.171 24.403 23.583 22.712 21.791 20.818 19.795 18.720 17.595 16.922 16.943 16.953 16.952 16.940 16.915 16.877 16.831 16.776 16.711 16.638 16.557 16.663 16.899 17.135 17.372 17.611 17.849 18.089 18.329 18.570 18.812 19.054 19.243 20.516 21.966 23.352 24.674 25.933 27.129 28.261 29.330 30.335 31.277 32.156 32.797 30.020 27.312 24.670 22.096 19.589 17.149 14.776 12.471 10.232 8.061 5.958 4.668 5.420 6.211 7.041 7.909 8.817 9.763 10.749 11.773 12.836
28.523 28.785 29.105 29.486 29.752 28.960 28.117 27.224 26.279 25.283 24.237 23.140 21.991 20.792 19.542 18.240 17.273 17.256 17.228 17.188 17.138 17.073 16.997 16.912 16.818 16.715 16.603 16.482 16.529 16.768 17.019 17.260 17.484 17.694 17.888 18.066 18.229 18.376 18.508 18.625 19.518 20.690 21.799 22.844 23.826 24.744 25.599 26.391 27.119 27.784 28.386 28.924 26.652 24.237 21.889 19.609 17.396 15.250 13.171 11.159 9.215 7.338 5.528 4.198 5.120 6.082 7.082 8.121 9.199 10.315 11.471 12.665 13.898
30.169 30.635 31.161 31.746 32.377 31.409 30.391 29.321 28.201 27.029 25.807 24.534 23.210 21.835 20.409 18.932 17.634 17.578 17.512 17.434 17.345 17.270 17.194 17.107 17.010 16.901 16.782 16.652 16.636 16.840 17.028 17.200 17.357 17.499 17.625 17.736 17.831 17.911 17.975 18.023 18.589 19.484 20.315 21.083 21.788 22.429 23.007 23.522 23.974 24.362 24.686 24.948 23.217 21.096 19.042 17.056 15.136 13.284 11.499 9.781 8.130 6.547 5.030 3.689 4.782 5.914 7.084 8.293 9.541 10.828 12.153 13.518 14.921
