DATA/SHG/ECMWF/20170628/EN-26/20170628.en-26.asc
ncols        190
nrows        64
xllcorner    -5100000.000000000000
yllcorner    4130000.000000000000
cellsize     10000.000000000000
NODATA_value  -99999.000
[rows 0 to 32 of 64, columns 0 to 73 of 190]
2.057 1.991 1.927 1.866 1.808 1.752 1.700 1.650 1.603 1.632 1.672 1.696 1.704 1.696 1.673 1.634 1.579 1.508 1.422 1.418 1.437 1.697 2.073 2.452 2.834 3.220 3.608 3.999 4.394 4.792 5.193 5.597 6.004 6.409 6.808 7.205 7.599 7.990 8.379 8.766 9.150 9.531 9.910 10.286 10.660 10.856 10.902 10.953 11.009 11.070 11.137 11.208 11.284 11.366 11.453 11.544 11.641 11.777 11.959 12.149 12.345 12.549 12.760 12.978 13.203 13.435 13.674 13.920 14.174 14.191 13.792 13.358 12.888 12.382
1.580 1.524 1.470 1.419 1.371 1.325 1.283 1.243 1.206 1.190 1.174 1.142 1.189 1.232 1.268 1.298 1.321 1.337 1.346 1.349 1.345 1.547 1.934 2.325 2.718 3.114 3.514 3.917 4.323 4.731 5.144 5.559 5.977 6.385 6.775 7.163 7.548 7.931 8.311 8.688 9.063 9.436 9.806 10.173 10.538 10.782 10.846 10.914 10.988 11.068 11.152 11.241 11.335 11.435 11.539 11.649 11.764 11.909 12.117 12.331 12.553 12.782 13.017 13.260 13.510 13.767 14.031 14.303 14.581 14.670 14.146 13.587 12.993 12.363
1.101 1.054 1.010 0.969 0.946 0.986 1.033 1.084 1.142 1.195 1.234 1.267 1.293 1.312 1.325 1.331 1.330 1.322 1.308 1.288 1.260 1.394 1.793 2.194 2.598 3.006 3.417 3.831 4.248 4.668 5.091 5.517 5.947 6.363 6.744 7.123 7.500 7.873 8.245 8.613 8.979 9.343 9.704 10.062 10.418 10.702 10.784 10.871 10.963 11.060 11.162 11.269 11.381 11.499 11.621 11.748 11.881 12.035 12.267 12.507 12.753 13.007 13.267 13.535 13.810 14.092 14.381 14.677 14.795 14.800 14.038 13.299 12.582 11.887
0.855 0.893 0.937 0.986 1.041 1.101 1.166 1.238 1.314 1.377 1.392 1.401 1.404 1.399 1.388 1.371 1.346 1.315 1.278 1.233 1.182 1.238 1.648 2.060 2.476 2.894 3.316 3.741 4.169 4.601 5.035 5.472 5.913 6.344 6.717 7.087 7.454 7.819 8.181 8.541 8.898 9.253 9.605 9.954 10.301 10.618 10.718 10.822 10.932 11.047 11.167 11.292 11.422 11.557 11.697 11.843 11.993 12.153 12.410 12.675 12.931 13.013 13.101 13.195 13.294 13.400 13.511 13.628 13.750 13.879 13.210 12.549 11.911 11.296
0.866 0.924 0.987 1.056 1.130 1.209 1.294 1.385 1.481 1.565 1.557 1.543 1.521 1.494 1.459 1.418 1.370 1.315 1.254 1.186 1.112 1.079 1.499 1.923 2.350 2.780 3.213 3.649 4.088 4.530 4.976 5.424 5.876 6.328 6.691 7.052 7.411 7.767 8.120 8.471 8.820 9.165 9.508 9.849 10.187 10.523 10.646 10.769 10.897 11.029 11.167 11.310 11.458 11.573 11.561 11.537 11.503 11.456 11.530 11.621 11.718 11.821 11.929 12.043 12.163 12.289 12.421 12.559 12.702 12.851 12.362 11.780 11.221 10.684
0.872 0.949 1.031 1.119 1.213 1.311 1.416 1.526 1.641 1.761 1.729 1.691 1.646 1.595 1.537 1.472 1.401 1.323 1.238 1.146 1.048 0.944 1.348 1.783 2.221 2.662 3.106 3.553 4.003 4.457 4.913 5.373 5.836 6.302 6.669 7.021 7.370 7.717 8.062 8.404 8.743 9.080 9.415 9.747 10.076 10.402 10.529 10.556 10.572 10.577 10.571 10.553 10.524 10.483 10.432 10.369 10.295 10.209 10.271 10.383 10.501 10.624 10.753 10.888 11.029 11.175 11.327 11.486 11.650 11.819 11.494 10.991 10.510 10.052
0.871 0.968 1.069 1.177 1.289 1.408 1.531 1.660 1.795 1.935 1.908 1.846 1.778 1.703 1.621 1.533 1.438 1.337 1.229 1.114 0.992 0.864 1.193 1.639 2.088 2.540 2.995 3.454 3.915 4.380 4.847 5.318 5.792 6.269 6.648 6.992 7.332 7.671 8.006 8.320 8.602 8.861 9.099 9.315 9.509 9.681 9.728 9.715 9.692 9.657 9.611 9.554 9.486 9.406 9.315 9.213 9.100 8.975 9.009 9.141 9.279 9.423 9.573 9.729 9.890 10.057 10.230 10.409 10.593 10.783 10.606 10.181 9.780 9.400
0.865 0.980 1.101 1.228 1.360 1.497 1.640 1.789 1.943 2.102 2.094 2.009 1.917 1.818 1.713 1.601 1.483 1.358 1.226 1.088 0.943 0.792 1.036 1.493 1.953 2.416 2.882 3.352 3.824 4.300 4.778 5.260 5.764 6.273 6.674 6.988 7.280 7.551 7.799 8.026 8.230 8.413 8.574 8.714 8.831 8.926 8.938 8.887 8.824 8.750 8.665 8.569 8.461 8.342 8.212 8.070 7.918 7.754 7.743 7.896 8.054 8.219 8.389 8.565 8.747 8.935 9.128 9.328 9.533 9.743 9.698 9.352 9.029 8.728
0.852 0.987 1.127 1.273 1.424 1.581 1.743 1.911 2.084 2.263 2.286 2.178 2.062 1.941 1.812 1.677 1.535 1.386 1.231 1.070 0.901 0.726 0.875 1.343 1.814 2.330 2.847 3.362 3.874 4.384 4.892 5.397 5.900 6.400 6.786 7.023 7.238 7.432 7.604 7.754 7.882 7.988 8.073 8.135 8.176 8.195 8.162 8.071 7.969 7.856 7.731 7.595 7.448 7.290 7.121 6.940 6.748 6.545 6.472 6.646 6.825 7.010 7.201 7.398 7.600 7.809 8.023 8.243 8.468 8.699 8.771 8.503 8.259 8.036
0.833 0.987 1.147 1.312 1.483 1.659 1.840 2.027 2.220 2.417 2.486 2.354 2.215 2.070 1.918 1.759 1.594 1.425 1.275 1.134 1.000 0.874 0.985 1.501 2.014 2.526 3.034 3.541 4.045 4.547 5.046 5.543 6.037 6.530 6.920 7.080 7.219 7.336 7.431 7.504 7.556 7.586 7.594 7.580 7.544 7.486 7.397 7.267 7.126 6.973 6.810 6.635 6.448 6.251 6.042 5.822 5.591 5.349 5.198 5.393 5.592 5.798 6.010 6.227 6.450 6.679 6.913 7.153 7.400 7.651 7.823 7.634 7.468 7.324
0.808 0.982 1.161 1.345 1.535 1.730 1.931 2.137 2.349 2.566 2.683 2.506 2.338 2.177 2.024 1.879 1.741 1.612 1.490 1.375 1.269 1.170 1.207 1.715 2.220 2.723 3.224 3.722 4.218 4.711 5.202 5.691 6.177 6.661 7.076 7.160 7.222 7.262 7.281 7.278 7.253 7.206 7.137 7.047 6.935 6.801 6.645 6.476 6.295 6.104 5.901 5.686 5.461 5.224 4.977 4.718 4.447 4.166 3.921 4.135 4.356 4.582 4.814 5.052 5.295 5.544 5.799 6.060 6.327 6.599 6.856 6.746 6.658 6.592
0.777 0.970 1.168 1.370 1.570 1.767 1.961 2.151 2.339 2.524 2.670 2.521 2.380 2.247 2.121 2.003 1.893 1.790 1.695 1.608 1.529 1.457 1.432 1.931 2.428 2.923 3.415 3.905 4.392 4.878 5.360 5.841 6.319 6.795 7.254 7.261 7.247 7.211 7.153 7.073 6.972 6.849 6.704 6.537 6.348 6.138 5.906 5.697 5.477 5.246 5.004 4.751 4.486 4.210 3.923 3.625 3.316 2.995 2.663 2.874 3.115 3.362 3.614 3.873 4.137 4.406 4.682 5.112 5.656 6.199 6.742 6.920 7.057 7.185
0.790 0.988 1.183 1.375 1.565 1.751 1.934 2.114 2.291 2.465 2.636 2.528 2.414 2.308 2.209 2.118 2.035 1.960 1.892 1.833 1.780 1.736 1.700 2.149 2.638 3.124 3.608 4.090 4.569 5.046 5.521 5.993 6.463 6.930 7.395 7.385 7.294 7.182 7.047 6.891 6.713 6.514 6.293 6.049 5.785 5.498 5.190 4.931 4.672 4.402 4.120 3.828 3.524 3.209 2.883 2.546 2.197 1.837 1.467 1.609 2.069 2.613 3.157 3.701 4.244 4.788 5.331 5.874 6.416 6.959 7.501 7.704 7.806 7.899
0.830 1.017 1.202 1.384 1.562 1.738 1.910 2.080 2.246 2.410 2.571 2.526 2.439 2.360 2.289 2.225 2.170 2.121 2.081 2.048 2.023 2.006 1.997 2.369 2.850 3.328 3.804 4.277 4.748 5.217 5.683 6.147 6.609 7.068 7.525 7.531 7.364 7.175 6.964 6.732 6.478 6.202 5.904 5.585 5.244 4.881 4.496 4.176 3.878 3.569 3.249 2.917 2.574 2.404 2.280 2.171 2.077 1.999 1.936 2.291 2.835 3.378 3.921 4.464 5.007 5.549 6.092 6.634 7.176 7.718 8.259 8.496 8.564 8.621
0.873 1.050 1.224 1.395 1.563 1.728 1.890 2.049 2.205 2.358 2.508 2.516 2.456 2.405 2.360 2.324 2.295 2.274 2.261 2.256 2.258 2.268 2.286 2.592 3.064 3.534 4.001 4.467 4.929 5.390 5.848 6.304 6.757 7.208 7.656 7.699 7.455 7.190 6.903 6.595 6.264 5.912 5.538 5.143 4.725 4.287 3.944 3.705 3.543 3.396 3.264 3.148 3.047 2.961 2.890 2.834 2.794 2.768 2.758 3.056 3.599 4.142 4.684 5.226 5.768 6.310 6.852 7.393 7.935 8.476 9.016 9.296 9.329 9.352
0.919 1.086 1.249 1.410 1.567 1.722 1.873 2.022 2.167 2.309 2.449 2.498 2.465 2.441 2.424 2.414 2.413 2.419 2.433 2.455 2.484 2.521 2.566 2.816 3.280 3.742 4.201 4.658 5.112 5.565 6.015 6.462 6.907 7.350 7.790 7.889 7.569 7.228 6.856 6.439 6.044 5.670 5.317 4.986 4.676 4.388 4.121 3.928 3.819 3.725 3.646 3.583 3.535 3.502 3.484 3.481 3.494 3.522 3.564 3.820 4.362 4.904 5.446 5.987 6.529 7.070 7.611 8.152 8.692 9.233 9.773 10.105 10.103 10.091
0.969 1.125 1.278 1.428 1.574 1.718 1.859 1.997 2.132 2.264 2.393 2.471 2.466 2.468 2.478 2.496 2.522 2.555 2.596 2.645 2.701 2.766 2.837 3.042 3.498 3.951 4.403 4.851 5.298 5.742 6.183 6.590 6.911 7.217 7.507 7.565 7.159 6.774 6.411 6.069 5.749 5.450 5.172 4.916 4.682 4.469 4.277 4.135 4.079 4.039 4.013 4.003 4.007 4.027 4.063 4.113 4.178 4.259 4.355 4.583 5.124 5.666 6.207 6.747 7.288 7.829 8.369 8.909 9.449 9.988 10.528 10.921 10.885 10.838
1.021 1.167 1.309 1.449 1.585 1.718 1.849 1.976 2.101 2.222 2.340 2.436 2.458 2.487 2.525 2.570 2.622 2.683 2.751 2.827 2.910 3.002 3.100 3.271 3.690 4.066 4.426 4.771 5.100 5.413 5.711 5.994 6.261 6.512 6.748 6.873 6.543 6.233 5.945 5.678 5.433 5.209 5.006 4.825 4.666 4.528 4.411 4.327 4.324 4.337 4.364 4.407 4.464 4.537 4.625 4.729 4.847 4.981 5.129 5.345 5.886 6.426 6.966 7.507 8.047 8.586 9.126 9.665 10.204 10.743 11.282 11.746 11.675 11.594
1.077 1.212 1.344 1.473 1.599 1.722 1.842 1.958 2.072 2.183 2.291 2.393 2.442 2.498 2.563 2.635 2.715 2.779 2.834 2.891 2.950 3.012 3.076 3.154 3.491 3.812 4.118 4.408 4.683 4.943 5.186 5.415 5.627 5.825 6.006 6.161 5.905 5.670 5.457 5.266 5.095 4.947 4.819 4.713 4.628 4.565 4.523 4.504 4.554 4.619 4.699 4.795 4.906 5.032 5.173 5.329 5.500 5.687 5.888 6.106 6.646 7.186 7.725 8.265 8.804 9.343 9.882 10.421 10.959 11.497 12.035 12.573 12.474 12.357
1.136 1.261 1.382 1.500 1.616 1.728 1.838 1.944 2.047 2.148 2.231 2.304 2.355 2.406 2.459 2.515 2.574 2.635 2.698 2.763 2.831 2.901 2.974 3.048 3.308 3.575 3.827 4.063 4.283 4.488 4.678 4.852 5.011 5.154 5.281 5.393 5.246 5.087 4.949 4.832 4.737 4.663 4.610 4.579 4.569 4.581 4.614 4.669 4.768 4.886 5.019 5.168 5.332 5.510 5.704 5.913 6.137 6.377 6.631 6.901 7.405 7.944 8.483 9.022 9.560 10.099 10.637 11.175 11.713 12.250 12.788 13.325 13.280 13.130
1.199 1.313 1.423 1.536 1.640 1.735 1.821 1.897 1.965 2.024 2.073 2.114 2.166 2.226 2.288 2.352 2.419 2.488 2.559 2.633 2.709 2.787 2.868 2.952 3.142 3.355 3.552 3.734 3.900 4.051 4.186 4.306 4.411 4.500 4.573 4.631 4.567 4.483 4.419 4.378 4.357 4.358 4.380 4.424 4.489 4.576 4.683 4.813 4.967 5.138 5.324 5.525 5.742 5.973 6.220 6.482 6.759 7.051 7.358 7.680 8.163 8.702 9.240 9.778 10.316 10.854 11.391 11.843 12.148 12.438 12.713 12.974 12.853 12.635
1.339 1.439 1.529 1.610 1.682 1.745 1.799 1.844 1.880 1.907 1.925 1.934 1.975 2.043 2.113 2.186 2.261 2.338 2.418 2.500 2.585 2.672 2.761 2.852 2.992 3.151 3.294 3.421 3.534 3.630 3.712 3.777 3.828 3.862 3.882 3.886 3.867 3.857 3.869 3.902 3.956 4.032 4.129 4.248 4.388 4.549 4.731 4.935 5.150 5.374 5.613 5.867 6.136 6.421 6.720 7.035 7.365 7.709 8.069 8.444 8.835 9.192 9.534 9.861 10.174 10.472 10.755 11.024 11.277 11.516 11.741 11.950 11.986 11.951
1.518 1.586 1.644 1.694 1.734 1.765 1.788 1.801 1.806 1.801 1.787 1.765 1.782 1.858 1.937 2.018 2.101 2.187 2.275 2.365 2.458 2.553 2.651 2.751 2.859 2.963 3.052 3.126 3.184 3.226 3.253 3.265 3.261 3.242 3.207 3.157 3.146 3.211 3.297 3.405 3.534 3.685 3.857 4.050 4.265 4.501 4.758 5.036 5.318 5.595 5.887 6.194 6.516 6.781 7.006 7.230 7.454 7.677 7.901 8.124 8.389 8.695 8.986 9.262 9.524 9.770 10.002 10.220 10.422 10.610 10.783 10.942 11.071 11.218
1.706 1.742 1.769 1.787 1.796 1.795 1.786 1.768 1.741 1.704 1.659 1.605 1.587 1.671 1.758 1.847 1.939 2.033 2.129 2.228 2.329 2.433 2.538 2.647 2.742 2.792 2.827 2.846 2.850 2.839 2.812 2.769 2.712 2.638 2.550 2.445 2.404 2.544 2.705 2.888 3.091 3.317 3.563 3.831 4.120 4.431 4.728 5.007 5.263 5.488 5.713 5.937 6.162 6.386 6.609 6.833 7.056 7.278 7.501 7.723 7.958 8.213 8.453 8.678 8.888 9.084 9.264 9.431 9.582 9.719 9.841 9.948 10.108 10.437
1.904 1.908 1.904 1.890 1.867 1.835 1.794 1.744 1.686 1.618 1.541 1.455 1.389 1.482 1.577 1.675 1.775 1.877 1.982 2.089 2.198 2.310 2.424 2.540 2.641 2.637 2.618 2.583 2.533 2.468 2.387 2.290 2.179 2.051 1.909 1.750 1.641 1.856 2.092 2.408 2.724 3.030 3.325 3.609 3.883 4.146 4.399 4.641 4.873 5.097 5.321 5.544 5.768 5.991 6.214 6.436 6.658 6.880 7.102 7.323 7.542 7.746 7.934 8.108 8.267 8.412 8.542 8.657 8.757 8.843 8.914 8.970 9.098 9.608
2.110 2.084 2.048 2.003 1.948 1.885 1.812 1.731 1.640 1.541 1.433 1.315 1.189 1.290 1.394 1.500 1.608 1.718 1.831 1.947 2.064 2.184 2.307 2.432 2.556 2.499 2.426 2.337 2.233 2.113 1.978 1.830 1.756 1.680 1.601 1.520 1.446 1.757 2.058 2.347 2.627 2.895 3.154 3.401 3.639 3.865 4.081 4.287 4.483 4.707 4.930 5.152 5.375 5.597 5.819 6.040 6.262 6.483 6.703 6.924 7.141 7.293 7.431 7.553 7.662 7.755 7.834 7.898 7.947 7.982 8.002 8.007 8.039 8.731
2.297 2.270 2.202 2.125 2.039 1.944 1.840 1.727 1.605 1.474 1.334 1.185 1.027 1.096 1.208 1.322 1.439 1.558 1.679 1.802 1.928 2.057 2.187 2.320 2.462 2.429 2.361 2.291 2.218 2.143 2.065 1.985 1.903 1.818 1.732 1.642 1.551 1.780 2.044 2.297 2.540 2.772 2.993 3.204 3.405 3.595 3.774 3.943 4.102 4.317 4.539 4.761 4.982 5.204 5.425 5.645 5.866 6.086 6.306 6.525 6.744 6.855 6.942 7.014 7.071 7.113 7.141 7.154 7.152 7.136 7.105 7.060 6.999 7.806
2.483 2.465 2.366 2.257 2.140 2.013 1.878 1.733 1.580 1.417 1.246 1.065 0.876 0.900 1.020 1.142 1.267 1.424 1.637 1.838 2.027 2.202 2.365 2.515 2.653 2.636 2.560 2.481 2.400 2.317 2.231 2.143 2.052 1.959 1.864 1.767 1.667 1.814 2.041 2.258 2.464 2.659 2.844 3.018 3.182 3.335 3.478 3.611 3.732 3.928 4.149 4.370 4.591 4.811 5.031 5.251 5.471 5.690 5.909 6.127 6.346 6.432 6.468 6.489 6.495 6.486 6.463 6.425 6.373 6.305 6.224 6.127 6.016 6.834
2.669 2.670 2.539 2.399 2.250 2.092 1.925 1.749 1.564 1.370 1.230 1.150 1.055 1.134 1.354 1.561 1.755 1.937 2.106 2.263 2.407 2.538 2.657 2.763 2.857 2.846 2.761 2.674 2.585 2.493 2.399 2.303 2.204 2.103 1.999 1.893 1.785 1.859 2.049 2.229 2.398 2.557 2.705 2.843 2.970 3.087 3.193 3.289 3.374 3.540 3.760 3.980 4.200 4.420 4.639 4.858 5.076 5.295 5.513 5.730 5.948 6.024 6.008 5.978 5.933 5.874 5.800 5.711 5.608 5.490 5.357 5.210 5.048 5.813
2.853 2.885 2.722 2.648 2.618 2.573 2.514 2.441 2.353 2.251 2.134 2.003 1.858 1.837 2.012 2.175 2.326 2.463 2.588 2.701 2.801 2.888 2.962 3.024 3.074 3.058 2.965 2.869 2.772 2.672 2.569 2.465 2.358 2.248 2.137 2.023 1.906 1.914 2.067 2.211 2.343 2.465 2.577 2.678 2.769 2.849 2.919 2.978 3.027 3.153 3.372 3.591 3.810 4.029 4.247 4.465 4.683 4.900 5.117 5.334 5.551 5.630 5.564 5.483 5.387 5.277 5.152 5.012 4.876 4.768 4.663 4.562 4.465 5.092
3.826 4.040 3.988 3.921 3.840 3.745 3.636 3.512 3.373 3.220 3.053 2.871 2.675 2.552 2.684 2.802 2.908 3.002 3.083 3.151 3.207 3.250 3.280 3.298 3.303 3.271 3.170 3.067 2.961 2.853 2.742 2.629 2.514 2.396 2.276 2.154 2.029 1.979 2.096 2.203 2.299 2.385 2.460 2.524 2.578 2.622 2.655 2.678 2.690 2.766 2.984 3.203 3.421 3.638 3.856 4.073 4.290 4.506 4.723 4.938 5.154 5.243 5.121 5.003 4.888 4.778 4.671 4.568 4.469 4.374 4.283 4.195 4.112 4.510
5.195 5.429 5.326 5.209 5.078 4.932 4.771 4.596 4.407 4.204 3.986 3.753 3.506 3.281 3.368 3.442 3.504 3.553 3.590 3.614 3.626 3.625 3.611 3.585 3.546 3.488 3.378 3.266 3.152 3.036 2.917 2.796 2.672 2.546 2.418 2.287 2.154 2.056 2.136 2.206 2.266 2.315 2.353 2.381 2.399 2.406 2.403 2.389 2.364 2.380 2.598 2.815 3.032 3.249 3.491 3.737 3.962 4.167 4.353 4.519 4.666 4.739 4.631 4.526 4.425 4.328 4.235 4.145 4.060 3.978 3.900 3.825 3.755 3.965
6.573 6.799 6.679 6.511 6.329 6.132 5.921 5.696 5.456 5.202 4.933 4.650 4.352 4.041 4.064 4.094 4.112 4.117 4.110 4.090 4.057 4.012 3.954 3.884 3.801 3.706 3.588 3.468 3.346 3.221 3.094 2.964 2.833 2.698 2.562 2.423 2.282 2.142 2.186 2.220 2.243 2.255 2.257 2.249 2.230 2.201 2.161 2.169 2.202 2.249 2.524 2.779 3.015 3.231 3.427 3.603 3.760 3.897 4.014 4.111 4.189 4.233 4.138 4.047 3.959 3.875 3.795 3.719 3.647 3.578 3.513 3.452 3.395 3.459
