DATA/SHG/ECMWF/20170628/EN-26/20170629.en-26.asc
ncols        190
nrows        64
xllcorner    -5100000.000000000000
yllcorner    4130000.000000000000
cellsize     10000.000000000000
NODATA_value  -99999.000
[rows 0 to 32 of 64, columns 0 to 72 of 190]
1.219 1.151 1.085 1.019 0.954 0.891 0.828 0.767 0.707 0.687 0.673 0.652 0.623 0.586 0.541 0.488 0.427 0.359 0.283 0.262 0.260 0.284 0.319 0.353 0.385 0.416 0.445 0.474 0.500 0.526 0.550 0.572 0.593 0.633 0.685 0.734 0.781 0.826 0.869 0.910 0.949 0.986 1.020 1.053 1.084 1.103 1.114 1.127 1.141 1.158 1.176 1.196 1.217 1.241 1.266 1.293 1.321 1.346 1.363 1.381 1.398 1.416 1.434 1.451 1.469 1.487 1.505 1.523 1.541 1.686 2.043 2.411 2.788
0.911 0.847 0.784 0.723 0.662 0.602 0.544 0.486 0.430 0.387 0.346 0.297 0.298 0.300 0.301 0.300 0.299 0.297 0.293 0.289 0.283 0.297 0.327 0.356 0.383 0.409 0.434 0.457 0.479 0.500 0.519 0.536 0.553 0.582 0.626 0.668 0.708 0.746 0.782 0.815 0.847 0.877 0.904 0.930 0.954 0.973 0.991 1.010 1.030 1.053 1.077 1.103 1.131 1.161 1.192 1.225 1.260 1.290 1.308 1.326 1.344 1.362 1.380 1.398 1.416 1.434 1.452 1.470 1.489 1.598 1.991 2.393 2.805
0.602 0.542 0.483 0.425 0.378 0.369 0.362 0.356 0.352 0.351 0.352 0.353 0.352 0.350 0.347 0.343 0.338 0.332 0.325 0.317 0.307 0.312 0.337 0.361 0.383 0.404 0.424 0.442 0.459 0.475 0.489 0.502 0.514 0.533 0.570 0.604 0.637 0.668 0.697 0.723 0.748 0.770 0.791 0.809 0.826 0.842 0.866 0.891 0.918 0.947 0.977 1.010 1.044 1.079 1.117 1.156 1.197 1.235 1.253 1.271 1.289 1.307 1.326 1.344 1.362 1.380 1.399 1.417 1.467 1.570 1.998 2.413 2.814
0.447 0.438 0.430 0.423 0.418 0.415 0.414 0.414 0.415 0.417 0.415 0.411 0.407 0.401 0.394 0.387 0.378 0.368 0.357 0.345 0.333 0.327 0.348 0.367 0.384 0.401 0.416 0.429 0.441 0.452 0.461 0.469 0.476 0.486 0.516 0.543 0.569 0.592 0.614 0.633 0.651 0.666 0.679 0.691 0.700 0.710 0.739 0.771 0.804 0.839 0.876 0.914 0.954 0.996 1.040 1.085 1.133 1.180 1.198 1.216 1.235 1.262 1.295 1.337 1.385 1.440 1.503 1.573 1.651 1.735 2.111 2.479 2.833
0.463 0.459 0.457 0.456 0.457 0.460 0.464 0.470 0.477 0.484 0.478 0.471 0.462 0.453 0.443 0.431 0.419 0.405 0.391 0.375 0.359 0.344 0.360 0.374 0.387 0.398 0.408 0.417 0.424 0.430 0.435 0.438 0.440 0.441 0.464 0.484 0.502 0.519 0.533 0.545 0.556 0.564 0.570 0.574 0.576 0.576 0.611 0.649 0.688 0.729 0.772 0.817 0.863 0.911 0.959 1.005 1.050 1.094 1.126 1.163 1.208 1.260 1.319 1.386 1.460 1.541 1.629 1.724 1.827 1.937 2.237 2.557 2.864
0.477 0.479 0.482 0.488 0.494 0.503 0.512 0.524 0.537 0.552 0.542 0.531 0.519 0.506 0.492 0.477 0.461 0.444 0.426 0.406 0.386 0.365 0.374 0.383 0.391 0.398 0.403 0.407 0.409 0.410 0.410 0.408 0.405 0.401 0.414 0.427 0.438 0.447 0.455 0.460 0.463 0.464 0.463 0.460 0.455 0.448 0.486 0.538 0.589 0.639 0.687 0.734 0.780 0.824 0.867 0.909 0.949 0.989 1.041 1.104 1.174 1.252 1.336 1.428 1.527 1.634 1.747 1.868 1.996 2.132 2.375 2.648 2.907
0.489 0.497 0.506 0.517 0.529 0.543 0.559 0.576 0.595 0.616 0.607 0.593 0.577 0.560 0.543 0.524 0.504 0.483 0.461 0.438 0.414 0.389 0.389 0.393 0.397 0.398 0.399 0.398 0.395 0.391 0.386 0.380 0.372 0.363 0.366 0.372 0.376 0.378 0.378 0.382 0.388 0.393 0.397 0.399 0.400 0.399 0.432 0.480 0.526 0.571 0.615 0.657 0.698 0.738 0.777 0.814 0.850 0.884 0.949 1.038 1.133 1.236 1.346 1.463 1.588 1.720 1.859 2.005 2.158 2.319 2.526 2.752 2.964
0.500 0.513 0.528 0.545 0.563 0.582 0.604 0.627 0.651 0.678 0.673 0.655 0.636 0.615 0.594 0.572 0.548 0.524 0.498 0.471 0.444 0.415 0.406 0.405 0.403 0.400 0.396 0.390 0.383 0.374 0.364 0.353 0.347 0.341 0.344 0.353 0.360 0.365 0.370 0.372 0.374 0.373 0.372 0.369 0.364 0.358 0.379 0.422 0.464 0.505 0.544 0.582 0.618 0.654 0.688 0.720 0.751 0.782 0.850 0.964 1.085 1.213 1.349 1.492 1.641 1.799 1.963 2.134 2.313 2.499 2.689 2.868 3.032
0.508 0.527 0.548 0.570 0.594 0.620 0.647 0.675 0.706 0.738 0.741 0.719 0.696 0.672 0.647 0.620 0.593 0.565 0.536 0.506 0.474 0.442 0.424 0.418 0.412 0.413 0.413 0.411 0.408 0.403 0.396 0.388 0.378 0.366 0.361 0.365 0.367 0.367 0.366 0.364 0.360 0.355 0.348 0.340 0.330 0.319 0.328 0.367 0.404 0.440 0.474 0.508 0.540 0.570 0.600 0.628 0.655 0.680 0.745 0.884 1.030 1.184 1.345 1.513 1.688 1.870 2.060 2.257 2.461 2.672 2.865 2.996 3.114
0.515 0.540 0.566 0.594 0.624 0.655 0.688 0.722 0.758 0.796 0.809 0.783 0.757 0.729 0.700 0.670 0.640 0.608 0.578 0.551 0.527 0.506 0.495 0.494 0.491 0.487 0.481 0.474 0.465 0.454 0.441 0.427 0.411 0.394 0.380 0.379 0.376 0.371 0.365 0.357 0.348 0.338 0.326 0.313 0.298 0.282 0.278 0.312 0.345 0.376 0.406 0.435 0.463 0.489 0.514 0.537 0.559 0.580 0.632 0.797 0.968 1.147 1.333 1.527 1.727 1.935 2.150 2.372 2.602 2.838 3.053 3.137 3.208
0.520 0.551 0.583 0.616 0.652 0.689 0.727 0.767 0.809 0.852 0.874 0.834 0.796 0.762 0.731 0.702 0.677 0.655 0.635 0.619 0.606 0.596 0.588 0.582 0.573 0.563 0.551 0.538 0.523 0.506 0.488 0.468 0.446 0.422 0.401 0.394 0.386 0.376 0.365 0.352 0.338 0.322 0.305 0.287 0.267 0.246 0.230 0.259 0.287 0.314 0.340 0.364 0.387 0.408 0.429 0.448 0.465 0.482 0.513 0.703 0.900 1.104 1.315 1.534 1.760 1.993 2.233 2.481 2.735 2.997 3.254 3.291 3.314
0.523 0.560 0.597 0.635 0.670 0.704 0.736 0.767 0.796 0.824 0.844 0.814 0.787 0.764 0.743 0.725 0.710 0.699 0.690 0.684 0.681 0.681 0.683 0.671 0.657 0.641 0.623 0.604 0.583 0.560 0.536 0.510 0.482 0.453 0.423 0.411 0.397 0.382 0.366 0.348 0.329 0.308 0.286 0.263 0.238 0.211 0.183 0.208 0.231 0.253 0.274 0.294 0.312 0.329 0.345 0.360 0.373 0.384 0.395 0.601 0.824 1.053 1.290 1.534 1.785 2.043 2.309 2.584 2.855 3.118 3.372 3.429 3.488
0.531 0.566 0.599 0.630 0.660 0.689 0.716 0.741 0.765 0.788 0.809 0.791 0.775 0.762 0.752 0.745 0.740 0.739 0.741 0.746 0.753 0.764 0.778 0.762 0.742 0.720 0.696 0.671 0.644 0.616 0.586 0.554 0.520 0.485 0.448 0.429 0.410 0.390 0.369 0.346 0.322 0.296 0.269 0.240 0.210 0.178 0.145 0.157 0.176 0.194 0.210 0.226 0.239 0.252 0.263 0.273 0.281 0.289 0.295 0.494 0.784 1.085 1.378 1.662 1.938 2.205 2.463 2.713 2.954 3.187 3.411 3.540 3.662
0.544 0.573 0.601 0.627 0.652 0.675 0.697 0.717 0.736 0.753 0.769 0.766 0.760 0.757 0.758 0.761 0.767 0.776 0.789 0.804 0.822 0.843 0.867 0.854 0.828 0.801 0.771 0.740 0.707 0.673 0.637 0.599 0.560 0.519 0.476 0.449 0.425 0.400 0.373 0.345 0.316 0.285 0.253 0.219 0.183 0.147 0.109 0.108 0.123 0.136 0.148 0.158 0.168 0.232 0.307 0.385 0.464 0.546 0.629 0.852 1.132 1.403 1.666 1.920 2.166 2.403 2.631 2.851 3.062 3.264 3.458 3.634 3.819
0.558 0.582 0.604 0.625 0.645 0.663 0.680 0.695 0.709 0.721 0.732 0.737 0.741 0.749 0.760 0.774 0.791 0.810 0.833 0.859 0.887 0.919 0.954 0.948 0.916 0.883 0.848 0.811 0.772 0.732 0.690 0.647 0.601 0.555 0.506 0.470 0.441 0.411 0.379 0.346 0.311 0.275 0.238 0.199 0.159 0.117 0.127 0.173 0.244 0.317 0.392 0.468 0.547 0.627 0.709 0.793 0.879 0.967 1.056 1.238 1.488 1.729 1.962 2.186 2.401 2.608 2.806 2.996 3.177 3.349 3.513 3.711 3.959
0.574 0.592 0.610 0.626 0.640 0.653 0.664 0.674 0.683 0.690 0.696 0.704 0.720 0.738 0.759 0.784 0.811 0.841 0.874 0.911 0.950 0.992 1.037 1.044 1.006 0.967 0.926 0.883 0.839 0.793 0.745 0.696 0.645 0.592 0.538 0.492 0.458 0.423 0.389 0.371 0.362 0.360 0.366 0.380 0.402 0.432 0.470 0.528 0.605 0.684 0.766 0.849 0.933 1.020 1.109 1.199 1.292 1.386 1.482 1.632 1.852 2.063 2.265 2.459 2.645 2.821 2.990 3.149 3.300 3.442 3.576 3.770 4.081
0.591 0.604 0.617 0.627 0.637 0.644 0.651 0.655 0.659 0.661 0.661 0.669 0.695 0.724 0.755 0.790 0.828 0.869 0.912 0.959 1.009 1.061 1.117 1.142 1.098 1.053 1.006 0.957 0.907 0.855 0.801 0.744 0.684 0.624 0.565 0.519 0.506 0.500 0.503 0.513 0.531 0.557 0.590 0.632 0.682 0.739 0.804 0.880 0.964 1.049 1.137 1.226 1.318 1.411 1.506 1.603 1.702 1.802 1.905 2.034 2.223 2.404 2.577 2.741 2.896 3.043 3.181 3.310 3.431 3.543 3.647 3.812 4.186
0.610 0.618 0.625 0.631 0.635 0.637 0.638 0.638 0.636 0.633 0.628 0.630 0.667 0.706 0.748 0.794 0.842 0.893 0.947 1.004 1.064 1.128 1.194 1.241 1.184 1.119 1.056 0.994 0.932 0.872 0.813 0.754 0.697 0.641 0.586 0.542 0.556 0.578 0.608 0.646 0.692 0.745 0.806 0.876 0.953 1.038 1.131 1.229 1.320 1.412 1.506 1.602 1.700 1.799 1.901 2.004 2.109 2.216 2.325 2.443 2.603 2.754 2.896 3.030 3.155 3.272 3.380 3.479 3.570 3.652 3.726 3.836 4.274
0.630 0.633 0.635 0.636 0.634 0.632 0.628 0.622 0.615 0.607 0.597 0.589 0.635 0.685 0.738 0.794 0.852 0.909 0.963 1.017 1.071 1.125 1.179 1.229 1.167 1.106 1.047 0.988 0.930 0.873 0.818 0.763 0.709 0.657 0.605 0.557 0.599 0.648 0.706 0.771 0.844 0.925 1.014 1.111 1.216 1.328 1.449 1.577 1.673 1.772 1.873 1.975 2.079 2.185 2.293 2.403 2.514 2.628 2.743 2.860 2.990 3.111 3.223 3.327 3.422 3.509 3.587 3.656 3.717 3.770 3.813 3.848 4.345
0.652 0.650 0.647 0.642 0.636 0.628 0.619 0.608 0.596 0.582 0.569 0.552 0.599 0.653 0.707 0.761 0.815 0.869 0.923 0.978 1.032 1.087 1.141 1.196 1.150 1.092 1.036 0.981 0.927 0.874 0.822 0.771 0.721 0.672 0.624 0.577 0.633 0.710 0.795 0.888 0.989 1.097 1.214 1.338 1.470 1.611 1.758 1.914 2.025 2.130 2.237 2.346 2.456 2.569 2.683 2.799 2.917 3.037 3.159 3.282 3.385 3.476 3.558 3.632 3.697 3.754 3.802 3.841 3.872 3.895 3.908 3.914 4.398
0.676 0.669 0.660 0.660 0.656 0.648 0.637 0.622 0.603 0.580 0.554 0.525 0.557 0.611 0.666 0.720 0.774 0.829 0.884 0.938 0.993 1.048 1.103 1.158 1.131 1.077 1.025 0.973 0.923 0.873 0.825 0.777 0.731 0.685 0.641 0.598 0.659 0.764 0.876 0.997 1.125 1.261 1.405 1.557 1.717 1.884 2.060 2.243 2.374 2.485 2.599 2.714 2.831 2.950 3.071 3.193 3.318 3.444 3.572 3.702 3.787 3.848 3.901 3.945 3.980 4.007 4.025 4.023 4.010 4.006 4.012 4.028 4.415
0.769 0.763 0.753 0.740 0.723 0.702 0.678 0.650 0.618 0.583 0.544 0.501 0.516 0.570 0.625 0.679 0.734 0.789 0.844 0.899 0.954 1.009 1.064 1.120 1.111 1.061 1.012 0.964 0.917 0.871 0.826 0.783 0.740 0.698 0.657 0.618 0.677 0.809 0.949 1.097 1.253 1.417 1.588 1.768 1.955 2.150 2.353 2.564 2.720 2.838 2.958 3.080 3.203 3.329 3.456 3.585 3.716 3.848 3.983 4.119 4.151 4.101 4.062 4.033 4.014 4.005 4.006 4.017 4.038 4.069 4.110 4.162 4.444
0.891 0.873 0.850 0.824 0.794 0.760 0.723 0.682 0.638 0.589 0.537 0.482 0.474 0.529 0.584 0.639 0.694 0.749 0.804 0.859 0.915 0.970 1.026 1.081 1.090 1.044 0.999 0.954 0.911 0.869 0.827 0.787 0.748 0.710 0.673 0.636 0.687 0.847 1.014 1.190 1.373 1.564 1.763 1.970 2.185 2.407 2.638 2.876 3.065 3.189 3.315 3.443 3.573 3.647 3.686 3.725 3.763 3.802 3.840 3.878 3.889 3.875 3.870 3.876 3.892 3.918 3.954 4.001 4.057 4.123 4.199 4.286 4.496
1.018 0.986 0.951 0.912 0.869 0.822 0.772 0.718 0.661 0.600 0.535 0.466 0.433 0.488 0.543 0.598 0.654 0.709 0.764 0.820 0.876 0.931 0.987 1.043 1.069 1.026 0.984 0.943 0.903 0.865 0.827 0.790 0.755 0.720 0.687 0.654 0.689 0.876 1.071 1.274 1.485 1.703 1.930 2.164 2.406 2.656 2.857 3.035 3.165 3.204 3.243 3.282 3.321 3.360 3.398 3.436 3.474 3.512 3.550 3.587 3.617 3.638 3.669 3.710 3.761 3.822 3.894 3.975 4.066 4.167 4.278 4.400 4.572
1.149 1.104 1.056 1.003 0.948 0.888 0.825 0.759 0.688 0.614 0.536 0.455 0.391 0.447 0.502 0.558 0.613 0.669 0.725 0.781 0.836 0.892 0.949 1.005 1.046 1.007 0.968 0.931 0.895 0.860 0.826 0.793 0.761 0.730 0.700 0.671 0.683 0.897 1.120 1.327 1.525 1.718 1.904 2.085 2.260 2.429 2.592 2.749 2.881 2.919 2.958 2.996 3.035 3.073 3.110 3.148 3.186 3.223 3.260 3.297 3.337 3.393 3.459 3.535 3.621 3.717 3.823 3.939 4.066 4.202 4.348 4.504 4.671
1.282 1.225 1.164 1.099 1.031 0.958 0.882 0.803 0.719 0.632 0.542 0.448 0.350 0.405 0.461 0.517 0.573 0.629 0.685 0.741 0.797 0.854 0.910 0.966 1.022 0.986 0.952 0.918 0.885 0.854 0.823 0.794 0.760 0.727 0.696 0.665 0.642 0.838 1.027 1.211 1.389 1.561 1.727 1.887 2.042 2.190 2.333 2.469 2.597 2.635 2.673 2.711 2.749 2.786 2.824 2.861 2.898 2.935 2.971 3.008 3.047 3.138 3.239 3.350 3.471 3.602 3.743 3.894 4.056 4.227 4.408 4.599 4.793
1.407 1.351 1.277 1.199 1.117 1.032 0.943 0.851 0.755 0.655 0.551 0.444 0.333 0.364 0.420 0.476 0.532 0.589 0.645 0.701 0.758 0.815 0.871 0.928 0.984 0.957 0.919 0.883 0.848 0.815 0.783 0.752 0.723 0.694 0.668 0.642 0.618 0.769 0.939 1.102 1.259 1.411 1.556 1.696 1.830 1.958 2.080 2.196 2.306 2.351 2.389 2.426 2.463 2.500 2.537 2.574 2.610 2.647 2.683 2.719 2.755 2.874 3.010 3.156 3.312 3.478 3.654 3.840 4.036 4.242 4.458 4.685 4.921
1.532 1.480 1.393 1.302 1.208 1.110 1.008 0.903 0.794 0.681 0.565 0.445 0.321 0.322 0.379 0.435 0.492 0.557 0.637 0.706 0.766 0.815 0.855 0.885 0.906 0.885 0.852 0.821 0.791 0.762 0.735 0.709 0.684 0.661 0.639 0.618 0.599 0.707 0.856 0.999 1.135 1.266 1.392 1.511 1.624 1.732 1.833 1.929 2.019 2.068 2.105 2.142 2.178 2.215 2.251 2.288 2.324 2.360 2.395 2.431 2.466 2.600 2.771 2.952 3.143 3.344 3.555 3.776 4.007 4.248 4.499 4.760 5.031
1.659 1.613 1.513 1.410 1.302 1.191 1.077 0.959 0.837 0.711 0.621 0.552 0.456 0.453 0.537 0.611 0.676 0.730 0.775 0.810 0.835 0.851 0.856 0.852 0.838 0.812 0.784 0.757 0.732 0.708 0.685 0.664 0.644 0.625 0.608 0.592 0.578 0.651 0.779 0.901 1.018 1.128 1.233 1.332 1.425 1.512 1.593 1.668 1.737 1.785 1.822 1.858 1.894 1.930 1.966 2.002 2.037 2.073 2.108 2.143 2.178 2.317 2.523 2.739 2.965 3.201 3.447 3.702 3.968 4.244 4.530 4.826 5.132
1.786 1.750 1.637 1.628 1.659 1.662 1.636 1.582 1.499 1.388 1.248 1.080 0.883 0.773 0.823 0.863 0.893 0.913 0.924 0.925 0.915 0.896 0.868 0.829 0.781 0.738 0.715 0.693 0.672 0.653 0.635 0.618 0.603 0.589 0.576 0.565 0.555 0.601 0.708 0.810 0.906 0.996 1.080 1.159 1.231 1.298 1.358 1.413 1.462 1.503 1.539 1.575 1.610 1.646 1.681 1.716 1.752 1.786 1.821 1.856 1.890 2.024 2.265 2.516 2.777 3.048 3.329 3.619 3.913 4.199 4.484 4.769 5.053
2.835 3.038 3.026 2.985 2.916 2.819 2.693 2.539 2.356 2.145 1.905 1.637 1.341 1.104 1.120 1.125 1.121 1.107 1.083 1.049 1.006 0.952 0.889 0.816 0.734 0.662 0.644 0.627 0.611 0.596 0.583 0.571 0.560 0.551 0.543 0.537 0.532 0.557 0.644 0.725 0.801 0.870 0.934 0.992 1.044 1.090 1.130 1.165 1.193 1.221 1.256 1.292 1.327 1.362 1.397 1.432 1.466 1.501 1.535 1.569 1.603 1.732 2.020 2.307 2.593 2.879 3.165 3.450 3.734 4.018 4.302 4.585 4.867
4.321 4.624 4.512 4.372 4.203 4.006 3.780 3.526 3.243 2.932 2.593 2.225 1.828 1.445 1.426 1.397 1.359 1.310 1.252 1.184 1.106 1.019 0.921 0.814 0.697 0.586 0.572 0.559 0.548 0.538 0.529 0.522 0.516 0.512 0.509 0.507 0.506 0.519 0.585 0.646 0.701 0.750 0.794 0.831 0.863 0.889 0.908 0.922 0.931 0.940 0.975 1.010 1.044 1.079 1.186 1.321 1.426 1.499 1.542 1.554 1.535 1.565 1.851 2.137 2.422 2.706 2.990 3.273 3.556 3.838 4.120 4.402 4.682
5.782 6.185 6.027 5.787 5.519 5.222 4.896 4.542 4.160 3.749 3.310 2.842 2.346 1.822 1.743 1.679 1.607 1.524 1.431 1.329 1.217 1.095 0.964 0.822 0.671 0.510 0.498 0.490 0.484 0.479 0.475 0.472 0.471 0.471 0.473 0.476 0.480 0.486 0.533 0.573 0.608 0.637 0.660 0.677 0.688 0.693 0.693 0.829 1.021 1.207 1.389 1.539 1.660 1.749 1.808 1.835 1.833 1.799 1.735 1.639 1.514 1.399 1.683 1.967 2.250 2.533 2.815 3.097 3.378 3.659 3.939 4.219 4.498
