DATA/SHG/ECMWF/20170628/EN-26/20170708.en-26.asc
ncols        190
nrows        64
xllcorner    -5100000.000000000000
yllcorner    4130000.000000000000
cellsize     10000.000000000000
NODATA_value  -99999.000
[rows 0 to 32 of 64, columns 74 to 147 of 190]
0.812 0.744 0.675 0.604 0.531 0.457 0.381 0.329 0.360 0.405 0.453 0.502 0.554 0.607 0.663 0.722 0.782 0.844 0.909 0.976 1.040 1.103 1.169 1.238 1.309 1.382 1.458 1.536 1.617 1.700 1.786 1.980 2.520 3.060 3.602 4.144 4.687 5.231 5.775 6.321 6.867 7.413 7.961 8.420 8.602 8.787 8.974 9.163 9.355 9.549 9.746 9.945 10.146 10.349 10.556 10.668 10.490 10.297 10.088 9.864 9.624 9.369 9.099 8.813 8.512 8.195 7.863 7.586 7.505 7.432 7.368 7.311 7.262 7.222
0.752 0.695 0.644 0.596 0.550 0.507 0.466 0.443 0.493 0.546 0.601 0.658 0.717 0.779 0.842 0.908 0.976 1.046 1.118 1.193 1.268 1.343 1.420 1.499 1.581 1.665 1.752 1.841 1.933 2.027 2.124 2.273 2.817 3.361 3.906 4.452 4.998 5.546 6.094 6.642 7.192 7.743 8.294 8.800 8.993 9.188 9.386 9.586 9.788 9.993 10.200 10.410 10.621 10.836 11.052 11.207 10.961 10.698 10.421 10.127 9.819 9.495 9.156 8.801 8.431 8.045 7.645 7.285 7.240 7.203 7.174 7.153 7.140 7.135
0.821 0.776 0.734 0.695 0.658 0.623 0.592 0.566 0.624 0.685 0.747 0.812 0.879 0.948 1.019 1.092 1.168 1.245 1.325 1.407 1.493 1.579 1.667 1.757 1.850 1.945 2.043 2.143 2.246 2.351 2.459 2.569 3.112 3.660 4.209 4.758 5.308 5.859 6.411 6.963 7.516 8.070 8.625 9.177 9.381 9.587 9.795 10.005 10.218 10.434 10.651 10.871 11.094 11.319 11.546 11.762 11.446 11.115 10.768 10.406 10.029 9.636 9.228 8.805 8.366 7.912 7.442 6.999 7.026 7.048 7.067 7.081 7.090 7.095
0.891 0.856 0.822 0.792 0.764 0.738 0.715 0.694 0.753 0.821 0.891 0.963 1.038 1.114 1.193 1.274 1.357 1.442 1.530 1.620 1.715 1.812 1.911 2.012 2.116 2.222 2.331 2.442 2.556 2.672 2.790 2.911 3.406 3.958 4.510 5.063 5.616 6.171 6.726 7.282 7.839 8.396 8.955 9.514 9.766 9.982 10.201 10.422 10.645 10.871 11.100 11.330 11.563 11.798 12.036 12.276 11.947 11.547 11.106 10.642 10.183 9.730 9.282 8.840 8.404 7.974 7.549 7.130 7.108 7.111 7.110 7.104 7.094 7.079
0.959 0.932 0.908 0.886 0.867 0.850 0.835 0.824 0.879 0.955 1.033 1.112 1.194 1.279 1.365 1.454 1.544 1.637 1.732 1.830 1.934 2.042 2.152 2.264 2.379 2.496 2.616 2.738 2.862 2.989 3.119 3.251 3.699 4.254 4.810 5.366 5.923 6.481 7.040 7.600 8.160 8.721 9.283 9.846 10.147 10.374 10.604 10.835 11.069 11.278 11.458 11.631 11.798 11.957 12.109 12.254 11.920 11.469 11.024 10.585 10.152 9.724 9.301 8.885 8.474 8.069 7.669 7.276 7.195 7.178 7.157 7.132 7.102 7.068
1.025 1.007 0.991 0.978 0.967 0.959 0.954 0.950 1.004 1.087 1.172 1.259 1.349 1.441 1.535 1.631 1.729 1.830 1.932 2.037 2.150 2.269 2.389 2.513 2.638 2.766 2.897 3.030 3.166 3.303 3.444 3.587 3.991 4.549 5.108 5.668 6.229 6.791 7.353 7.916 8.469 9.012 9.554 10.093 10.403 10.587 10.764 10.934 11.098 11.254 11.402 11.544 11.679 11.807 11.927 12.041 11.782 11.357 10.937 10.523 10.115 9.712 9.315 8.924 8.538 8.158 7.784 7.415 7.286 7.250 7.209 7.164 7.115 7.061
1.088 1.079 1.072 1.067 1.066 1.066 1.069 1.075 1.126 1.216 1.309 1.404 1.501 1.601 1.702 1.806 1.912 2.020 2.130 2.243 2.363 2.492 2.624 2.758 2.895 3.034 3.175 3.319 3.466 3.615 3.766 3.915 4.271 4.823 5.373 5.920 6.465 7.008 7.548 8.086 8.622 9.155 9.686 10.215 10.544 10.697 10.842 10.981 11.112 11.237 11.354 11.465 11.568 11.664 11.753 11.835 11.639 11.239 10.844 10.455 10.072 9.695 9.323 8.957 8.596 8.242 7.892 7.549 7.381 7.325 7.265 7.201 7.132 7.058
1.149 1.148 1.150 1.154 1.161 1.171 1.183 1.197 1.246 1.344 1.444 1.547 1.652 1.759 1.868 1.979 2.092 2.208 2.326 2.446 2.573 2.713 2.828 2.941 3.063 3.194 3.335 3.485 3.645 3.813 3.992 4.179 4.508 5.050 5.589 6.126 6.661 7.193 7.723 8.251 8.777 9.300 9.821 10.339 10.692 10.813 10.928 11.035 11.135 11.228 11.314 11.392 11.464 11.529 11.586 11.637 11.490 11.115 10.746 10.382 10.024 9.672 9.325 8.984 8.649 8.319 7.995 7.677 7.481 7.405 7.326 7.241 7.153 7.060
1.207 1.215 1.226 1.239 1.255 1.273 1.293 1.316 1.363 1.469 1.577 1.687 1.800 1.914 2.024 2.107 2.181 2.248 2.307 2.359 2.425 2.561 2.706 2.860 3.024 3.197 3.380 3.572 3.773 3.983 4.203 4.432 4.747 5.279 5.808 6.335 6.859 7.381 7.901 8.419 8.934 9.447 9.957 10.466 10.848 10.938 11.020 11.096 11.164 11.226 11.280 11.328 11.368 11.401 11.427 11.447 11.336 10.986 10.642 10.303 9.970 9.643 9.322 9.006 8.696 8.391 8.092 7.799 7.584 7.490 7.390 7.287 7.179 7.066
1.263 1.280 1.299 1.321 1.345 1.372 1.402 1.434 1.478 1.579 1.673 1.759 1.837 1.908 1.971 2.027 2.075 2.115 2.148 2.173 2.209 2.386 2.573 2.769 2.975 3.190 3.414 3.647 3.890 4.142 4.404 4.675 4.988 5.510 6.029 6.545 7.059 7.571 8.081 8.588 9.093 9.596 10.096 10.594 11.011 11.069 11.120 11.164 11.201 11.232 11.255 11.270 11.279 11.281 11.276 11.264 11.176 10.851 10.532 10.219 9.911 9.609 9.313 9.022 8.737 8.457 8.184 7.916 7.692 7.578 7.459 7.336 7.208 7.076
1.318 1.347 1.377 1.409 1.442 1.477 1.514 1.552 1.591 1.666 1.733 1.793 1.844 1.889 1.925 1.954 1.975 1.989 1.995 1.994 1.988 2.201 2.430 2.668 2.915 3.172 3.437 3.713 3.997 4.291 4.594 4.906 5.232 5.743 6.251 6.758 7.262 7.763 8.263 8.760 9.255 9.747 10.237 10.725 11.181 11.208 11.228 11.240 11.246 11.245 11.236 11.221 11.198 11.169 11.132 11.088 11.010 10.711 10.417 10.129 9.846 9.569 9.298 9.032 8.772 8.518 8.269 8.026 7.805 7.671 7.532 7.390 7.243 7.091
1.398 1.432 1.467 1.505 1.543 1.583 1.625 1.668 1.713 1.760 1.801 1.833 1.859 1.876 1.886 1.888 1.883 1.870 1.850 1.822 1.789 2.006 2.277 2.556 2.845 3.143 3.451 3.767 4.093 4.429 4.773 5.127 5.491 5.978 6.476 6.973 7.466 7.958 8.447 8.934 9.418 9.900 10.380 10.858 11.333 11.354 11.342 11.323 11.298 11.265 11.225 11.178 11.124 11.063 10.995 10.920 10.838 10.565 10.296 10.033 9.775 9.523 9.277 9.037 8.802 8.573 8.349 8.133 7.936 7.889 7.917 8.019 8.195 8.446
1.476 1.515 1.556 1.598 1.642 1.688 1.735 1.783 1.833 1.861 1.875 1.881 1.880 1.870 1.854 1.830 1.798 1.758 1.711 1.657 1.597 1.801 2.113 2.434 2.764 3.104 3.453 3.812 4.179 4.556 4.942 5.338 5.743 6.215 6.704 7.189 7.673 8.154 8.633 9.110 9.584 10.056 10.526 10.993 11.458 11.507 11.464 11.414 11.357 11.293 11.222 11.143 11.058 10.966 10.866 10.760 10.647 10.413 10.152 9.883 9.629 9.390 9.165 8.955 8.760 8.579 8.414 8.263 8.126 8.384 8.742 9.173 9.679 10.259
1.552 1.597 1.643 1.691 1.740 1.791 1.843 1.896 1.951 1.968 1.956 1.935 1.907 1.872 1.829 1.778 1.719 1.653 1.580 1.499 1.412 1.585 1.939 2.301 2.674 3.055 3.445 3.845 4.255 4.673 5.101 5.538 5.984 6.455 6.933 7.408 7.882 8.353 8.821 9.288 9.752 10.214 10.673 11.130 11.585 11.668 11.593 11.512 11.423 11.309 11.167 11.016 10.855 10.685 10.506 10.318 10.121 9.897 9.678 9.475 9.286 9.112 8.953 8.809 8.679 8.564 8.463 8.378 8.306 8.804 9.491 10.252 11.088 11.997
1.628 1.677 1.729 1.782 1.836 1.892 1.949 2.008 2.068 2.083 2.044 1.997 1.942 1.880 1.810 1.733 1.648 1.556 1.456 1.348 1.235 1.359 1.754 2.159 2.572 2.995 3.427 3.869 4.319 4.779 5.249 5.727 6.215 6.696 7.164 7.629 8.093 8.553 9.012 9.468 9.921 10.360 10.783 11.189 11.579 11.650 11.504 11.348 11.183 11.009 10.826 10.634 10.433 10.222 10.003 9.774 9.536 9.343 9.191 9.053 8.929 8.821 8.727 8.647 8.583 8.533 8.498 8.478 8.472 9.150 10.166 11.257 12.421 13.660
1.701 1.756 1.813 1.871 1.930 1.992 2.054 2.118 2.184 2.204 2.138 2.065 1.984 1.895 1.799 1.695 1.584 1.465 1.338 1.204 1.065 1.123 1.560 2.005 2.461 2.925 3.399 3.881 4.374 4.875 5.386 5.933 6.513 7.062 7.543 8.007 8.455 8.887 9.302 9.701 10.084 10.450 10.799 11.132 11.449 11.523 11.336 11.140 10.934 10.720 10.496 10.263 10.021 9.770 9.509 9.239 8.961 8.776 8.688 8.616 8.558 8.514 8.486 8.472 8.472 8.488 8.518 8.563 8.622 9.421 10.766 12.186 13.679 15.247
1.773 1.833 1.895 1.959 2.023 2.090 2.158 2.227 2.298 2.332 2.240 2.140 2.032 1.917 1.795 1.664 1.526 1.381 1.228 1.067 0.901 0.877 1.382 1.919 2.465 3.021 3.587 4.162 4.747 5.342 5.946 6.560 7.183 7.752 8.160 8.552 8.927 9.286 9.628 9.954 10.263 10.557 10.833 11.094 11.338 11.407 11.179 10.942 10.695 10.440 10.175 9.902 9.619 9.327 9.026 8.715 8.396 8.194 8.172 8.164 8.171 8.193 8.230 8.281 8.347 8.428 8.523 8.633 8.758 9.618 11.292 13.040 14.862 16.758
1.844 1.909 1.976 2.045 2.115 2.186 2.260 2.334 2.410 2.467 2.348 2.222 2.088 1.946 1.797 1.650 1.513 1.387 1.271 1.166 1.067 1.040 1.610 2.190 2.779 3.378 3.987 4.605 5.233 5.871 6.518 7.175 7.841 8.460 8.795 9.114 9.416 9.702 9.971 10.224 10.461 10.681 10.885 11.072 11.243 11.300 11.031 10.753 10.466 10.170 9.865 9.551 9.227 8.894 8.553 8.202 7.841 7.597 7.641 7.698 7.771 7.858 7.960 8.076 8.207 8.353 8.514 8.689 8.878 9.741 11.743 13.820 15.970 18.195
1.913 1.983 2.056 2.129 2.205 2.282 2.360 2.434 2.475 2.504 2.345 2.192 2.050 1.918 1.797 1.686 1.586 1.496 1.416 1.347 1.286 1.229 1.827 2.449 3.082 3.724 4.375 5.037 5.707 6.388 7.078 7.778 8.487 9.184 9.446 9.692 9.921 10.134 10.331 10.511 10.675 10.823 10.954 11.068 11.167 11.203 10.893 10.575 10.247 9.911 9.565 9.210 8.845 8.472 8.090 7.698 7.297 6.987 7.095 7.218 7.356 7.508 7.675 7.857 8.053 8.264 8.489 8.730 8.984 9.789 12.120 14.525 17.004 19.556
1.985 2.068 2.140 2.199 2.246 2.281 2.304 2.315 2.313 2.299 2.189 2.073 1.967 1.872 1.787 1.713 1.649 1.595 1.552 1.520 1.494 1.475 2.032 2.697 3.373 4.058 4.752 5.457 6.171 6.894 7.627 8.370 9.122 9.884 10.115 10.288 10.444 10.585 10.708 10.816 10.907 10.982 11.040 11.082 11.108 11.116 10.766 10.407 10.038 9.661 9.274 8.879 8.474 8.060 7.637 7.205 6.763 6.362 6.536 6.724 6.926 7.144 7.376 7.622 7.884 8.160 8.450 8.756 9.075 9.764 12.423 15.156 17.962 20.843
2.174 2.215 2.245 2.261 2.266 2.258 2.239 2.207 2.162 2.106 2.024 1.944 1.875 1.816 1.768 1.730 1.702 1.685 1.679 1.682 1.694 1.711 2.226 2.934 3.653 4.381 5.118 5.865 6.622 7.388 8.165 8.950 9.745 10.550 10.800 10.900 10.984 11.052 11.103 11.137 11.156 11.158 11.144 11.113 11.066 11.003 10.648 10.248 9.839 9.421 8.994 8.558 8.112 7.658 7.194 6.721 6.240 5.748 5.962 6.215 6.483 6.765 7.062 7.374 7.700 8.041 8.397 8.767 9.369 10.400 13.712 16.940 20.085 23.147
2.375 2.374 2.360 2.335 2.297 2.247 2.184 2.110 2.023 1.925 1.850 1.807 1.774 1.751 1.739 1.737 1.746 1.766 1.795 1.835 1.883 1.937 2.408 3.160 3.921 4.692 5.472 6.263 7.062 7.871 8.690 9.519 10.357 11.205 11.503 11.530 11.541 11.536 11.514 11.476 11.422 11.352 11.265 11.161 11.042 10.906 10.540 10.100 9.650 9.192 8.724 8.247 7.761 7.266 6.762 6.248 5.726 5.194 5.373 5.859 6.619 7.414 8.246 9.113 10.016 10.955 11.929 12.940 13.986 15.068 17.886 20.745 23.520 26.212
2.587 2.543 2.487 2.419 2.339 2.246 2.142 2.025 1.896 1.755 1.666 1.659 1.663 1.677 1.701 1.736 1.781 1.836 1.902 1.979 2.063 2.154 2.580 3.374 4.178 4.992 5.815 6.648 7.491 8.343 9.205 10.076 10.957 11.848 12.222 12.177 12.115 12.037 11.943 11.832 11.706 11.562 11.403 11.227 11.035 10.827 10.442 9.961 9.471 8.972 8.509 8.161 7.879 7.664 7.517 7.436 7.421 7.474 8.126 9.008 9.927 10.881 11.871 12.896 13.958 15.055 16.188 17.357 18.562 19.802 22.137 24.626 27.032 29.355
2.810 2.724 2.626 2.515 2.392 2.257 2.110 1.951 1.780 1.596 1.474 1.503 1.543 1.593 1.653 1.724 1.806 1.898 2.000 2.113 2.234 2.361 2.740 3.577 4.424 5.281 6.147 7.023 7.908 8.803 9.708 10.622 11.546 12.479 12.958 12.840 12.706 12.555 12.389 12.206 12.006 11.769 11.479 11.171 10.845 10.501 10.137 9.817 9.565 9.379 9.260 9.208 9.222 9.304 9.452 9.667 9.949 10.298 11.076 12.117 13.194 14.306 15.455 16.639 17.858 19.114 20.405 21.732 23.095 24.494 26.464 28.584 30.622 32.575
3.045 2.916 2.775 2.622 2.457 2.280 2.090 1.888 1.675 1.449 1.271 1.337 1.413 1.500 1.596 1.704 1.822 1.950 2.088 2.237 2.395 2.558 2.889 3.769 4.659 5.558 6.467 7.386 8.314 9.252 10.199 11.156 12.108 13.035 13.591 13.347 13.085 12.806 12.508 12.192 11.858 11.506 11.136 10.748 10.342 9.918 9.632 9.609 9.652 9.763 9.940 10.184 10.494 10.872 11.316 11.827 12.405 13.049 13.986 15.185 16.420 17.691 18.997 20.340 21.718 23.131 24.581 26.066 27.587 29.144 30.868 32.620 34.288 35.873
3.290 3.119 2.936 2.740 2.533 2.313 2.081 1.837 1.581 1.313 1.060 1.162 1.274 1.397 1.530 1.674 1.828 1.992 2.167 2.352 2.546 2.746 3.026 3.956 4.898 5.837 6.773 7.706 8.635 9.562 10.486 11.407 12.325 13.239 13.908 13.585 13.243 12.883 12.505 12.109 11.695 11.263 10.813 10.345 9.859 9.355 9.057 9.330 9.670 10.076 10.549 11.089 11.695 12.368 13.108 13.915 14.788 15.728 16.855 18.212 19.605 21.034 22.499 23.999 25.536 27.107 28.715 30.358 32.037 33.752 35.348 36.732 38.032 39.248
3.547 3.333 3.107 2.870 2.620 2.358 2.084 1.798 1.499 1.189 0.866 0.977 1.126 1.285 1.454 1.641 1.882 2.126 2.375 2.628 2.878 3.127 3.378 4.294 5.222 6.148 7.071 7.991 8.907 9.821 10.732 11.640 12.544 13.446 14.246 13.842 13.420 12.980 12.522 12.046 11.552 11.040 10.510 9.962 9.396 8.812 8.413 8.981 9.616 10.318 11.087 11.922 12.824 13.793 14.828 15.930 17.099 18.335 19.683 21.199 22.750 24.337 25.960 27.618 29.312 31.042 32.807 34.609 36.445 38.318 39.905 40.920 41.852 42.701
3.814 3.558 3.290 3.010 2.718 2.414 2.098 1.769 1.438 1.145 0.860 0.999 1.237 1.480 1.726 1.977 2.231 2.490 2.752 3.019 3.284 3.546 3.812 4.634 5.549 6.462 7.372 8.278 9.182 10.083 10.980 11.875 12.767 13.656 14.541 14.118 13.616 13.096 12.558 12.003 11.429 10.837 10.227 9.599 8.953 8.289 7.698 8.562 9.493 10.491 11.555 12.685 13.883 15.147 16.477 17.875 19.339 20.869 22.471 24.144 25.854 27.599 29.379 31.196 33.048 34.935 36.859 38.818 40.812 42.843 44.539 45.186 45.750 46.231
4.093 3.787 3.464 3.149 2.842 2.545 2.255 1.974 1.702 1.438 1.183 1.274 1.527 1.783 2.044 2.308 2.577 2.849 3.126 3.406 3.685 3.962 4.242 4.976 5.879 6.779 7.675 8.569 9.459 10.347 11.232 12.114 12.992 13.868 14.741 14.414 13.832 13.232 12.614 11.979 11.325 10.653 9.963 9.255 8.530 7.786 7.024 8.073 9.299 10.592 11.952 13.378 14.870 16.429 18.055 19.747 21.506 23.331 25.218 27.050 28.917 30.819 32.758 34.732 36.742 38.787 40.868 42.985 45.137 47.325 49.248 49.528 49.724 49.837
4.139 3.836 3.543 3.257 2.980 2.712 2.452 2.201 1.958 1.723 1.497 1.545 1.812 2.082 2.357 2.635 2.918 3.204 3.495 3.789 4.083 4.373 4.667 5.322 6.211 7.098 7.981 8.862 9.740 10.614 11.486 12.355 13.220 14.083 14.943 14.729 14.067 13.388 12.690 11.974 11.241 10.489 9.719 8.932 8.126 7.303 6.461 7.514 9.036 10.624 12.278 13.999 15.786 17.640 19.561 21.548 23.602 25.722 27.909 29.914 31.939 34.000 36.096 38.228 40.395 42.598 44.837 47.111 49.421 51.767 53.598 52.440 51.291 50.150
4.151 3.878 3.614 3.358 3.110 2.871 2.641 2.419 2.205 2.000 1.804 1.813 2.093 2.377 2.666 2.958 3.255 3.555 3.860 4.168 4.476 4.780 5.089 5.670 6.546 7.420 8.290 9.158 10.023 10.884 11.743 12.599 13.451 14.301 15.148 15.064 14.322 13.562 12.785 11.989 11.176 10.345 9.495 8.628 7.742 6.839 5.918 6.885 8.702 10.585 12.534 14.550 16.632 18.781 20.996 23.278 25.626 28.041 30.522 32.738 34.921 36.978 38.659 40.229 41.690 43.042 44.283 45.415 46.438 47.350 48.154 47.154 46.044 44.941
4.155 3.912 3.677 3.450 3.232 3.023 2.822 2.629 2.445 2.269 2.102 2.076 2.370 2.668 2.971 3.277 3.588 3.902 4.221 4.543 4.864 5.183 5.506 6.020 6.884 7.744 8.602 9.457 10.308 11.157 12.003 12.845 13.685 14.522 15.356 15.417 14.596 13.757 12.899 12.024 11.131 10.220 9.291 8.344 7.379 6.396 5.395 6.187 8.298 10.475 12.719 15.030 17.475 20.044 22.522 24.906 27.197 29.396 31.502 33.169 34.584 35.890 37.087 38.174 39.151 40.018 40.777 41.425 41.964 42.393 42.713 41.867 40.795 39.731
4.152 3.938 3.732 3.535 3.346 3.166 2.994 2.831 2.676 2.530 2.392 2.335 2.643 2.955 3.272 3.592 3.916 4.245 4.577 4.914 5.249 5.582 5.919 6.374 7.224 8.072 8.917 9.758 10.597 11.432 12.265 13.095 13.922 14.745 15.566 15.790 14.889 13.970 13.033 12.078 11.105 10.115 9.106 8.256 7.888 7.500 7.091 8.131 10.755 13.285 15.724 18.069 20.322 22.482 24.549 26.524 28.406 30.195 31.892 33.161 34.093 34.915 35.628 36.231 36.725 37.109 37.384 37.549 37.605 37.551 37.388 36.578 35.544 34.519
