DATA/SHG/ECMWF/20170628/EN-26/20170711.en-26.asc
ncols        190
nrows        64
xllcorner    -5100000.000000000000
yllcorner    4130000.000000000000
cellsize     10000.000000000000
NODATA_value  -99999.000
[rows 32 to 63 of 64, columns 0 to 72 of 190]
7.101 6.702 6.556 6.440 6.324 6.209 6.094 5.979 5.865 5.751 5.638 5.525 5.413 5.301 5.204 5.120 5.049 4.989 4.943 4.908 4.885 4.875 4.878 4.892 4.919 4.958 5.391 5.819 6.235 6.638 7.029 7.408 7.775 8.130 8.473 8.803 9.122 9.414 9.007 8.587 8.154 7.709 7.251 6.780 6.297 5.801 5.292 4.987 4.776 4.593 4.826 5.023 5.184 5.309 5.398 5.451 5.467 5.448 5.393 5.301 5.174 5.049 5.284 5.521 5.760 6.000 6.242 6.486 6.731 6.978 7.226 7.476 7.728
7.354 6.668 6.402 6.288 6.173 6.059 5.946 5.833 5.720 5.608 5.496 5.385 5.274 5.163 5.099 5.059 5.030 5.014 5.010 5.018 5.038 5.071 5.116 5.173 5.243 5.325 5.671 6.056 6.430 6.791 7.140 7.477 7.801 8.114 8.414 8.702 8.978 9.242 8.877 8.413 8.148 7.934 7.721 7.508 7.297 7.087 6.878 6.670 6.462 6.256 6.336 6.407 6.442 6.441 6.404 6.332 6.223 6.078 5.897 5.680 5.427 5.138 5.355 5.598 5.842 6.088 6.336 6.585 6.836 7.088 7.343 7.598 7.856
7.696 6.725 6.248 6.135 6.022 5.910 5.798 5.686 5.575 5.464 5.354 5.244 5.135 5.026 4.982 4.984 4.998 5.025 5.064 5.115 5.178 5.253 5.341 5.441 5.554 5.678 5.963 6.306 6.637 6.956 7.263 7.557 7.839 8.300 8.781 9.267 9.759 10.255 10.232 10.019 9.807 9.596 9.385 9.176 8.968 8.761 8.555 8.349 8.145 7.941 7.879 7.824 7.734 7.608 7.445 7.247 7.012 6.742 6.436 6.093 5.715 5.300 5.425 5.673 5.923 6.175 6.428 6.683 6.939 7.198 7.457 7.719 7.982
8.129 6.872 6.094 5.982 5.871 5.760 5.650 5.539 5.430 5.321 5.212 5.103 4.995 4.888 4.852 4.896 4.953 5.023 5.104 5.198 5.304 5.423 5.553 5.696 5.851 6.025 6.419 6.882 7.350 7.824 8.302 8.786 9.275 9.768 10.267 10.771 11.280 11.794 11.882 11.672 11.463 11.254 11.047 10.841 10.636 10.432 10.228 10.026 9.825 9.624 9.456 9.276 9.060 8.808 8.520 8.196 7.836 7.441 7.009 6.541 6.037 5.498 5.492 5.747 6.002 6.260 6.518 6.779 7.041 7.305 7.570 7.837 8.106
8.651 7.108 5.940 5.829 5.720 5.610 5.501 5.392 5.284 5.177 5.069 4.962 4.856 4.750 4.708 4.796 4.896 5.008 5.163 5.477 5.791 6.107 6.423 6.740 7.057 7.376 7.758 8.238 8.724 9.215 9.711 10.212 10.719 11.230 11.746 12.267 12.794 13.325 13.529 13.322 13.115 12.910 12.706 12.503 12.301 12.099 11.899 11.700 11.501 11.304 11.066 10.761 10.420 10.042 9.629 9.180 8.695 8.174 7.617 7.024 6.395 5.730 5.558 5.818 6.080 6.343 6.607 6.873 7.141 7.411 7.682 7.954 8.229
9.263 7.435 5.785 5.676 5.568 5.460 5.352 5.245 5.139 5.032 4.926 4.869 4.947 5.059 5.236 5.550 5.864 6.178 6.494 6.810 7.127 7.445 7.764 8.083 8.403 8.724 9.089 9.588 10.091 10.600 11.113 11.632 12.155 12.684 13.218 13.756 14.300 14.849 15.173 14.968 14.765 14.563 14.362 14.162 13.962 13.764 13.567 13.370 13.175 12.980 12.710 12.280 11.813 11.310 10.772 10.197 9.587 8.941 8.259 7.540 6.786 5.996 5.623 5.888 6.155 6.424 6.694 6.966 7.239 7.514 7.791 8.069 8.349
9.965 7.851 5.657 5.523 5.431 5.386 5.375 5.399 5.459 5.553 5.683 5.848 6.048 6.283 6.554 6.870 7.187 7.504 7.822 8.141 8.460 8.781 9.102 9.424 9.747 10.070 10.414 10.930 11.451 11.977 12.508 13.044 13.585 14.131 14.682 15.238 15.800 16.366 16.814 16.612 16.412 16.213 16.015 15.818 15.621 15.426 15.231 15.038 14.845 14.654 14.388 13.832 13.240 12.613 11.949 11.249 10.514 9.742 8.935 8.092 7.212 6.297 5.685 5.956 6.229 6.503 6.779 7.057 7.336 7.617 8.219 9.090 10.028
10.325 8.063 5.832 5.472 5.513 5.590 5.702 5.849 6.031 6.248 6.500 6.787 7.110 7.467 7.860 8.188 8.507 8.827 9.147 9.469 9.791 10.114 10.438 10.762 11.088 11.414 11.741 12.265 12.803 13.347 13.895 14.449 15.007 15.571 16.139 16.713 17.292 17.876 18.451 18.253 18.056 17.860 17.665 17.470 17.277 17.084 16.893 16.702 16.513 16.324 16.100 15.419 14.702 13.949 13.160 12.335 11.474 10.578 9.646 8.677 7.673 6.633 5.746 6.227 6.864 7.567 8.337 9.173 10.075 11.044 12.079 13.181 14.349
10.253 8.099 5.975 5.393 5.557 5.756 5.990 6.260 6.564 6.903 7.278 7.688 8.132 8.612 9.127 9.503 9.825 10.147 10.470 10.794 11.119 11.445 11.771 12.098 12.426 12.754 13.084 13.593 14.149 14.710 15.275 15.846 16.422 17.003 17.590 18.181 18.777 19.378 19.984 19.891 19.697 19.504 19.311 19.120 18.930 18.740 18.552 18.364 18.177 17.992 17.807 17.039 16.196 15.318 14.404 13.455 12.496 11.577 10.700 9.865 9.071 8.318 7.610 8.410 9.277 10.210 11.210 12.276 13.408 14.607 15.872 17.203 18.601
10.148 8.101 6.084 5.275 5.562 5.883 6.240 6.632 7.058 7.520 8.017 8.549 9.116 9.718 10.355 10.816 11.140 11.465 11.791 12.117 12.444 12.772 13.101 13.431 13.761 14.093 14.425 14.914 15.487 16.065 16.649 17.237 17.830 18.429 19.032 19.641 20.255 20.873 21.497 21.526 21.335 21.145 20.955 20.767 20.579 20.393 20.207 20.023 19.839 19.506 19.122 18.228 17.245 16.305 15.405 14.547 13.731 12.956 12.223 11.531 10.880 10.271 9.704 10.526 11.623 12.787 14.016 15.312 16.674 18.102 19.597 21.158 22.785
10.010 8.070 6.160 5.119 5.528 5.972 6.451 6.965 7.514 8.098 8.717 9.371 10.060 10.784 11.543 12.126 12.452 12.780 13.108 13.437 13.767 14.098 14.429 14.761 15.094 15.428 15.763 16.227 16.818 17.414 18.015 18.621 19.231 19.847 20.468 21.094 21.725 22.361 23.002 23.158 22.970 22.783 22.513 22.213 21.889 21.542 21.170 20.774 20.354 19.911 19.443 18.703 17.864 17.067 16.311 15.597 14.924 14.293 13.703 13.155 12.648 12.182 11.758 12.576 13.903 15.296 16.755 18.280 19.872 21.530 23.254 25.045 26.901
9.839 8.005 6.202 4.925 5.456 6.023 6.624 7.260 7.931 8.637 9.378 10.154 10.965 11.812 12.693 13.433 13.762 14.092 14.423 14.755 15.087 15.421 15.755 16.089 16.425 16.761 17.098 17.534 18.142 18.756 19.374 19.997 20.625 21.259 21.894 22.439 23.019 23.634 24.285 24.532 24.221 23.886 23.527 23.143 22.736 22.305 21.849 21.370 20.866 20.339 19.788 19.137 18.442 17.788 17.176 16.605 16.076 15.588 15.142 14.737 14.373 14.051 13.770 14.559 16.115 17.738 19.426 21.181 23.003 24.890 26.844 28.864 30.950
9.634 7.907 6.211 4.693 5.346 6.035 6.758 7.516 8.309 9.137 10.000 10.899 11.832 12.800 13.803 14.738 15.070 15.402 15.736 16.070 16.405 16.741 17.077 17.415 17.753 18.092 18.431 18.807 19.228 19.684 20.175 20.702 21.263 21.860 22.492 23.159 23.862 24.599 25.372 25.821 25.426 25.007 24.564 24.097 23.606 23.091 22.552 21.989 21.402 20.791 20.156 19.529 18.978 18.468 17.999 17.571 17.186 16.841 16.538 16.276 16.056 15.877 15.740 16.475 18.261 20.113 22.031 24.015 26.066 28.183 30.366 32.615 34.930
9.396 7.776 6.187 4.629 5.198 6.008 6.853 7.734 8.649 9.599 10.584 11.604 12.659 13.749 14.874 16.034 16.375 16.710 17.046 17.383 17.655 17.718 17.800 17.900 18.019 18.156 18.311 18.511 19.054 19.633 20.247 20.895 21.579 22.299 23.053 23.842 24.667 25.527 26.422 27.132 26.653 26.151 25.624 25.073 24.499 23.900 23.278 22.631 21.960 21.266 20.547 19.880 19.472 19.106 18.780 18.496 18.254 18.052 17.892 17.774 17.697 17.661 17.667 18.325 20.340 22.421 24.569 26.782 29.062 31.408 33.820 36.298 38.842
9.126 7.612 6.130 4.678 5.011 5.943 6.911 7.913 8.950 10.022 11.129 12.271 13.447 14.573 15.518 16.429 16.601 16.655 16.727 16.818 16.927 17.054 17.200 17.365 17.548 17.750 17.970 18.208 18.845 19.546 20.282 21.053 21.859 22.700 23.577 24.488 25.435 26.417 27.434 28.466 27.904 27.317 26.707 26.073 25.415 24.733 24.027 23.297 22.543 21.765 20.963 20.190 19.926 19.702 19.520 19.379 19.280 19.222 19.205 19.230 19.296 19.403 19.552 20.108 22.353 24.663 27.040 29.483 31.991 34.566 37.207 39.914 42.687
8.822 7.415 6.039 4.694 4.786 5.840 6.923 7.984 9.012 10.007 10.969 11.898 12.794 13.658 14.488 15.286 15.596 15.714 15.851 16.006 16.179 16.371 16.582 16.811 17.058 17.324 17.609 17.912 18.599 19.422 20.280 21.173 22.102 23.065 24.064 25.097 26.166 27.270 28.409 29.583 29.177 28.507 27.813 27.096 26.354 25.588 24.799 23.985 23.148 22.287 21.401 20.492 20.337 20.257 20.218 20.221 20.264 20.349 20.476 20.643 20.852 21.103 21.395 21.825 24.299 26.838 29.444 32.116 34.853 37.657 40.527 43.463 46.430
8.547 7.311 6.126 4.990 4.851 5.863 6.843 7.790 8.703 9.584 10.432 11.247 12.029 12.779 13.495 14.179 14.573 14.755 14.956 15.176 15.413 15.670 15.945 16.238 16.550 16.880 17.229 17.596 18.316 19.261 20.242 21.257 22.307 23.393 24.514 25.669 26.860 28.086 29.347 30.643 30.473 29.720 28.943 28.142 27.316 26.467 25.594 24.698 23.777 22.832 21.863 20.871 20.708 20.771 20.875 21.020 21.207 21.435 21.705 22.015 22.367 22.761 23.195 23.671 26.179 28.891 31.015 33.082 35.093 37.047 38.944 40.784 42.567
8.448 7.386 6.374 5.412 5.035 5.933 6.798 7.631 8.431 9.197 9.931 10.632 11.301 11.936 12.538 13.108 13.530 13.777 14.043 14.327 14.629 14.950 15.289 15.647 16.023 16.417 16.830 17.262 17.997 19.064 20.167 21.304 22.477 23.684 24.927 26.205 27.517 28.865 30.248 31.666 31.792 30.956 30.095 29.210 28.302 27.370 26.413 25.433 24.429 23.401 22.349 21.273 21.038 21.243 21.491 21.779 22.109 22.480 22.827 22.820 22.822 22.834 22.854 22.884 24.467 26.453 28.381 30.253 32.068 33.827 35.529 37.174 38.762
8.294 7.405 6.567 5.778 5.254 6.038 6.789 7.508 8.194 8.846 9.466 10.053 10.608 11.129 11.618 12.074 12.470 12.781 13.111 13.459 13.826 14.211 14.614 15.036 15.477 15.935 16.413 16.908 17.642 18.831 20.055 21.315 22.609 23.939 25.303 26.703 28.137 29.607 31.112 32.651 33.134 32.214 31.270 30.302 29.310 28.295 27.255 26.192 25.104 23.993 22.858 21.626 20.911 20.881 20.861 20.849 20.847 20.854 20.870 20.895 20.929 20.972 21.024 21.085 22.281 24.071 25.804 27.481 29.101 30.665 32.171 33.622 35.015
8.085 7.370 6.705 6.090 5.524 6.179 6.816 7.421 7.992 8.531 9.037 9.511 9.951 10.359 10.733 11.075 11.391 11.767 12.161 12.573 13.004 13.453 13.921 14.407 14.912 15.435 15.976 16.536 17.250 18.561 19.908 21.289 22.705 24.156 25.643 27.164 28.720 30.312 31.938 33.599 34.499 33.496 32.468 31.417 30.209 28.655 27.116 25.591 24.081 22.584 21.102 19.634 18.756 18.759 18.770 18.790 18.820 18.858 18.906 18.962 19.028 19.103 19.187 19.280 20.151 21.746 23.284 24.766 26.191 27.560 28.871 30.127 31.325
7.822 7.280 6.788 6.346 5.954 6.355 6.878 7.369 7.827 8.252 8.644 9.004 9.330 9.624 9.885 10.113 10.309 10.733 11.192 11.668 12.163 12.677 13.209 13.759 14.328 14.915 15.521 16.145 16.822 18.255 19.723 21.226 22.764 24.338 25.946 27.589 29.267 30.819 32.061 33.266 34.019 32.458 30.911 29.378 27.860 26.356 24.866 23.391 21.929 20.482 19.049 17.631 16.595 16.629 16.672 16.724 16.786 16.856 16.935 17.024 17.121 17.228 17.344 17.468 18.077 19.477 20.821 22.107 23.338 24.511 25.629 26.689 27.693
7.504 7.136 6.817 6.548 6.329 6.566 6.976 7.353 7.697 8.008 8.287 8.532 8.745 8.926 9.073 9.188 9.269 9.682 10.204 10.745 11.304 11.882 12.478 13.093 13.726 14.377 15.047 15.735 16.441 17.913 19.419 20.795 22.133 23.434 24.697 25.922 27.110 28.260 29.372 30.447 31.462 29.950 28.452 26.969 25.500 24.045 22.605 21.179 19.767 18.369 16.985 15.616 14.428 14.494 14.568 14.652 14.745 14.847 14.958 15.079 15.208 15.346 15.493 15.650 16.060 17.265 18.414 19.506 20.541 21.520 22.443 23.309 24.118
7.132 6.937 6.791 6.695 6.649 6.813 7.109 7.372 7.603 7.800 7.965 8.097 8.196 8.263 8.297 8.298 8.266 8.612 9.198 9.803 10.427 11.069 11.729 12.386 13.016 13.632 14.233 14.821 15.395 16.525 17.809 19.055 20.264 21.435 22.568 23.663 24.721 25.742 26.724 27.669 28.576 27.431 25.983 24.549 23.129 21.724 20.333 18.956 17.593 16.244 14.910 13.590 12.284 12.351 12.458 12.574 12.698 12.832 12.975 13.127 13.288 13.458 13.637 13.825 14.099 15.110 16.064 16.961 17.802 18.586 19.314 19.986 20.600
6.706 6.683 6.711 6.788 6.914 7.095 7.278 7.427 7.544 7.628 7.679 7.697 7.683 7.636 7.557 7.444 7.333 7.614 8.280 8.932 9.569 10.193 10.803 11.398 11.980 12.548 13.101 13.641 14.166 15.086 16.240 17.357 18.435 19.476 20.480 21.446 22.374 23.264 24.117 24.933 25.710 24.901 23.502 22.118 20.747 19.391 18.049 16.721 15.408 14.108 12.823 11.552 10.295 10.203 10.341 10.488 10.645 10.810 10.985 11.168 11.361 11.563 11.773 11.993 12.222 13.011 13.770 14.473 15.119 15.709 16.243 16.720 17.140
6.225 6.376 6.576 6.825 7.125 7.413 7.481 7.517 7.521 7.455 7.366 7.276 7.182 7.087 6.990 6.891 6.789 6.932 7.550 8.153 8.743 9.318 9.879 10.427 10.960 11.480 11.985 12.476 12.953 13.688 14.712 15.699 16.648 17.559 18.433 19.269 20.068 20.828 21.552 22.237 22.886 22.360 21.011 19.675 18.354 17.047 15.754 14.475 13.211 11.961 10.725 9.503 8.296 8.048 8.218 8.397 8.585 8.782 8.988 9.203 9.428 9.661 9.903 10.155 10.415 10.968 11.533 12.042 12.494 12.889 13.228 13.511 13.737
5.691 6.013 6.359 6.697 7.029 7.329 7.241 7.151 7.060 6.966 6.869 6.771 6.671 6.568 6.464 6.357 6.248 6.266 6.835 7.391 7.932 8.459 8.972 9.471 9.956 10.427 10.884 11.327 11.756 12.330 13.224 14.081 14.901 15.682 16.426 17.133 17.802 18.433 19.027 19.583 20.102 19.808 18.508 17.222 15.950 14.692 13.448 12.219 11.003 9.802 8.615 7.443 6.284 5.886 6.088 6.299 6.518 6.747 6.985 7.232 7.488 7.753 8.027 8.310 8.602 8.982 9.352 9.667 9.924 10.433 10.999 11.518 11.992
5.254 5.583 5.906 6.222 6.532 6.836 6.776 6.679 6.580 6.479 6.375 6.270 6.162 6.052 5.940 5.826 5.710 5.616 6.137 6.643 7.136 7.615 8.080 8.531 8.968 9.391 9.800 10.194 10.575 11.012 11.777 12.504 13.194 13.846 14.461 15.038 15.577 16.079 16.544 16.971 17.360 17.245 15.994 14.757 13.534 12.325 11.131 9.950 8.784 7.632 6.495 5.371 4.262 3.718 3.952 4.194 4.445 4.706 4.975 5.254 5.541 5.838 6.436 7.133 7.850 8.523 9.114 9.659 10.158 10.611 11.019 11.381 11.697
4.851 5.158 5.459 5.754 6.042 6.324 6.314 6.210 6.104 5.995 5.884 5.771 5.656 5.539 5.420 5.299 5.175 5.049 5.453 5.912 6.357 6.787 7.204 7.607 7.995 8.370 8.731 9.077 9.410 9.735 10.370 10.968 11.528 12.051 12.536 12.984 13.394 13.766 14.101 14.399 14.659 14.671 13.469 12.281 11.107 9.948 8.802 7.671 6.554 5.451 4.362 3.288 2.228 1.544 1.809 2.359 2.986 3.632 4.298 4.984 5.689 6.415 7.160 7.926 8.711 9.374 9.807 10.194 10.536 10.832 11.082 11.287 11.446
4.455 4.741 5.020 5.293 5.560 5.820 5.855 5.744 5.630 5.514 5.396 5.276 5.153 5.029 4.902 4.774 4.643 4.510 4.786 5.196 5.592 5.975 6.343 6.698 7.038 7.365 7.677 7.976 8.260 8.531 9.003 9.472 9.903 10.296 10.652 10.970 11.251 11.494 11.700 11.868 11.999 12.086 10.933 9.794 8.669 7.559 6.463 5.380 4.612 3.893 3.179 2.470 1.766 1.253 1.908 2.583 3.278 3.993 4.728 5.482 6.256 7.050 7.864 8.698 9.551 10.267 10.543 10.773 10.957 11.096 11.189 11.236 11.238
4.067 4.331 4.588 4.840 5.084 5.323 5.399 5.280 5.159 5.036 4.910 4.783 4.653 4.522 4.388 4.252 4.114 3.973 4.133 4.496 4.844 5.178 5.498 5.805 6.097 6.376 6.640 6.890 7.127 7.349 7.677 8.016 8.318 8.582 8.808 8.997 9.149 9.263 9.339 9.378 9.380 9.689 9.100 8.368 7.641 6.919 6.201 5.489 4.782 4.080 3.383 2.691 2.003 1.321 2.044 2.787 3.551 4.334 5.137 5.960 6.803 7.666 8.548 9.450 10.372 11.204 11.322 11.394 11.421 11.403 11.338 11.228 11.073
3.686 3.928 4.164 4.394 4.617 4.833 4.946 4.820 4.691 4.561 4.428 4.293 4.156 4.017 3.876 3.733 3.587 3.440 3.497 3.811 4.111 4.397 4.669 4.927 5.172 5.402 5.618 5.821 6.009 6.183 6.391 6.601 6.773 6.908 7.270 7.630 7.980 8.321 8.653 8.976 9.290 9.595 9.163 8.448 7.738 7.032 6.332 5.637 4.947 4.262 3.582 2.906 2.236 1.571 2.160 2.972 3.804 4.655 5.527 6.418 7.330 8.261 9.211 10.182 11.172 12.182 12.143 12.059 11.928 11.752 11.531 11.264 10.951
3.313 3.533 3.747 3.955 4.156 4.351 4.496 4.362 4.226 4.088 3.948 3.806 3.662 3.516 3.367 3.217 3.064 2.909 2.875 3.141 3.393 3.631 3.856 4.066 4.262 4.444 4.619 4.961 5.304 5.647 6.002 6.367 6.722 7.068 7.405 7.733 8.052 8.362 8.662 8.954 9.237 9.510 9.220 8.522 7.829 7.141 6.458 5.780 5.107 4.439 3.775 3.117 2.464 1.816 2.256 3.136 4.037 4.957 5.897 6.857 7.836 8.836 9.855 10.894 11.953 13.031 13.007 12.766 12.478 12.145 11.767 11.342 10.873
