DATA/RAW-RASTER/ECMWF/20170628/EN-31/20170708.en-31.asc
ncols			31
nrows			16
xllcorner		69.5
yllcorner		19.5
cellsize		1.0
NODATA_value	-99999
0.24414 1.09100 1.81580 1.83868 5.83649 1.09100 1.77002 0.96893 0.25940 0.02289 0.60272 1.11389 0.63324 0.13733 0.32806 0.37384 0.48828 0.47302 0.92316 0.99182 0.44250 0.31281 0.83160 4.04358 1.63269 1.78528 3.79944 3.76129 1.86920 0.35858 3.47900
0.03815 0.00000 0.00000 0.26703 2.69318 0.15259 0.04578 0.12207 0.01526 0.00000 0.03052 0.00000 0.00763 0.01526 0.00763 0.00000 0.00000 0.00000 0.18311 0.00763 0.09918 2.18201 4.11987 0.99182 1.57166 5.53131 3.08990 6.46210 4.27246 2.67792 2.51770
0.49591 0.52643 0.79346 0.25940 0.99945 0.77820 1.65558 0.01526 0.00000 0.00000 0.00000 0.00000 0.00000 0.00000 0.00000 0.00000 0.00763 0.26703 1.06049 0.60272 0.86212 1.51062 23.68164 6.46973 11.55090 7.91168 10.44464 3.41034 5.67627 0.54169 1.49536
0.94604 0.20599 0.24414 0.27466 0.12207 1.20544 0.59509 14.35852 0.00000 0.01526 0.00000 0.00000 0.00000 0.00000 0.00000 0.03052 0.57983 0.19836 0.60272 1.97601 0.19836 2.04468 1.59454 17.02118 10.62775 2.53296 10.20050 6.89697 1.83868 1.66321 4.24194
1.36566 0.34332 0.26703 0.26703 1.60980 2.58636 4.12750 0.83923 0.28229 0.18311 0.00000 0.00000 0.03052 1.28937 0.39673 1.33514 1.22833 0.25177 2.77710 3.25775 11.20758 2.67029 4.66919 15.17487 5.63812 3.12042 3.73840 5.25665 3.90625 6.91986 1.77765
1.38092 0.08392 0.00763 0.01526 3.07465 4.66156 2.92969 1.49536 3.07465 1.97601 6.59943 1.25122 0.79346 2.87628 1.70898 8.55255 2.91443 7.31659 10.68115 4.71497 13.06152 3.52478 5.90515 15.35034 2.56348 3.05939 1.31989 6.38580 14.78577 5.68390 8.92639
0.00000 0.04578 0.00000 0.04578 0.03815 0.70953 1.30463 1.96075 1.48773 1.27411 6.80542 2.79999 2.92969 7.08771 1.88446 6.79016 12.13074 9.71985 1.84631 2.70081 4.58527 3.47137 4.40216 4.11987 10.42175 5.72205 7.03430 2.64740 7.78961 16.70074 17.53998
0.00000 0.00000 0.00000 0.00000 0.00000 0.67139 0.98419 1.89209 2.45667 2.22778 1.52588 7.13348 7.95746 9.92584 26.32904 7.29370 9.62830 4.08936 2.51007 11.14655 9.04846 12.29095 5.78308 13.13019 8.06427 20.66040 62.01172 16.11328 17.37976 16.21246 30.95245
0.00000 0.00000 0.00000 0.03052 0.11444 0.03815 0.11444 1.70135 2.64740 8.02612 6.05011 4.47845 11.77979 12.11548 0.99182 2.51007 19.84406 4.89807 6.99615 40.90881 27.85492 11.12366 22.49146 25.14648 7.47681 2.44904 16.64734 22.71271 64.75830 39.77203 22.37701
0.03052 0.17548 0.25940 0.71716 0.26703 0.08392 0.01526 0.32043 0.11444 1.79291 13.89313 14.69421 50.37689 12.82501 6.36292 10.29205 11.23047 10.17761 1.93024 3.60107 11.83319 27.02332 24.85657 0.54932 1.20544 13.02338 61.48529 43.96820 47.55402 35.30884 10.84137
0.43488 1.74713 1.81580 1.30463 0.63324 0.08392 0.39673 1.25122 1.17493 3.05939 7.45392 23.19336 130.60760 150.71869 32.13501 14.81628 29.70123 5.02777 11.99341 6.91223 26.63422 7.40814 21.11053 3.56293 5.52368 30.70068 9.43756 59.95178 44.45648 11.27625 2.83813
0.82397 0.77820 2.70844 3.79944 1.58691 2.47955 0.50354 5.60760 1.01471 3.50189 0.86975 9.68933 42.06848 130.88989 11.94000 4.00543 1.79291 37.69684 45.47119 25.54321 8.24738 3.67737 1.73187 1.72424 12.54272 6.75201 3.12042 17.42554 5.74493 3.86047 0.45776
0.89264 1.19019 0.54932 0.98419 1.83868 1.55640 1.79291 1.75476 2.03705 1.27411 3.54767 9.23920 3.62396 11.32965 4.75311 1.73950 5.21088 16.13617 14.34326 10.17761 9.25446 5.37109 2.18201 2.79236 16.09039 1.99890 1.37329 3.36456 21.18683 11.86371 5.64575
1.67084 1.60217 0.71716 2.71606 4.03595 1.71661 2.22015 1.04523 2.72369 0.57220 0.90027 1.17493 2.55585 2.59399 18.39447 48.56873 8.90350 13.00812 4.46320 12.54272 5.40161 22.20154 4.32587 10.34546 2.83813 0.65613 0.55695 1.12152 9.64355 2.76947 3.08228
3.56293 2.19727 3.04413 5.86700 3.77655 1.59454 0.72479 0.43488 1.19781 3.41797 2.38037 6.30951 16.68549 6.58417 0.25177 3.46375 6.56128 1.48773 5.42450 2.96021 13.64136 9.38416 24.39117 10.36835 0.36621 2.48718 1.40381 1.38092 0.90790 4.89807 8.83484
2.13623 4.26483 5.71442 8.36182 0.70953 2.00653 1.25885 0.30518 0.74768 0.10681 1.11389 1.80817 1.32751 3.84521 2.25830 2.06757 2.00653 3.56293 6.27136 4.63867 12.58850 9.67407 13.42773 21.72089 21.25549 8.07190 8.65936 12.67242 11.36017 2.04468 12.85553
