DATA/RAW-RASTER/ECMWF/20170628/EN-31/20170701.en-31.asc
ncols			31
nrows			16
xllcorner		69.5
yllcorner		19.5
cellsize		1.0
NODATA_value	-99999
0.33760 5.10979 4.12560 0.56267 6.66046 2.51007 1.15204 0.45586 0.65231 1.07574 0.27847 0.47112 2.13814 1.10054 1.22833 0.46730 0.49973 0.73433 1.18065 1.16730 0.99182 0.59891 0.97084 2.57301 2.68364 6.63757 14.35661 10.32639 6.26183 17.66777 24.58763
0.10681 0.57602 0.92888 2.10953 2.89345 0.00763 0.06104 1.57928 0.06104 0.03052 0.47112 1.13106 2.12479 1.85013 1.72043 0.98419 0.80109 1.17874 0.41199 1.18637 1.10435 3.58772 3.32642 4.58336 7.60078 10.87952 14.26697 16.47186 16.21819 17.60483 22.14432
0.03052 0.66376 0.01144 0.24796 0.73814 2.13623 5.55420 0.09537 0.03624 0.12779 0.07248 0.18501 1.66702 1.83678 1.20354 0.68283 1.39046 2.61688 2.12097 3.06702 4.17328 2.80571 7.06482 9.53674 7.08771 7.46155 8.50296 10.91766 11.55472 16.57677 14.99939
1.84631 0.05722 0.02289 0.00000 0.21553 0.96703 1.61552 2.63786 0.37003 0.03242 0.48256 0.23079 0.39101 1.72806 3.45230 3.19481 3.51334 4.93813 9.72176 6.41251 10.60867 15.19966 12.96806 14.77051 13.38387 8.07762 6.46782 2.91061 6.33812 7.81441 11.97433
2.71034 1.59836 0.00191 0.02670 0.16403 0.23651 1.15204 9.22203 8.59642 2.32697 0.33379 2.21062 3.14903 4.11224 0.98991 1.96075 0.35477 4.12178 3.97491 14.03046 11.86371 7.55501 9.37653 9.75990 8.66508 7.92122 5.37872 6.17027 6.39725 5.06592 11.75499
2.31934 0.33379 0.10109 0.00381 0.39864 0.93269 1.31607 2.57874 6.70624 10.03838 13.70430 4.34875 5.75256 1.37138 1.43623 0.74196 2.26212 2.92587 8.13866 7.16782 7.16209 14.30511 9.27162 4.88091 4.32777 11.18660 6.42014 7.15446 3.92342 1.88828 6.28471
0.21362 0.38528 0.52834 0.52261 0.45395 1.75667 1.30653 2.12860 4.67110 23.26775 86.47537 32.86934 32.09496 11.92474 1.04332 1.84631 1.46294 6.67763 6.54221 11.42311 5.23949 4.55475 12.45308 5.44357 6.79779 37.47368 14.43100 7.51305 1.27983 4.43459 1.64413
0.21172 0.02861 0.02670 0.22697 1.17683 1.85585 2.65694 2.50053 8.58498 29.44946 28.03230 20.00809 2.37846 8.57735 23.13232 26.33667 7.09915 1.64032 2.12288 1.87874 2.77138 7.15828 1.65176 25.61378 14.67323 32.59087 28.85246 9.52721 30.83992 4.42314 2.71416
0.13161 0.00572 0.21172 0.51689 1.80435 3.51524 6.46400 15.44380 11.58524 4.66537 10.94818 24.33968 17.16995 6.60324 174.50142 107.13005 3.92914 4.21715 24.16611 19.33670 98.56224 25.40207 64.38255 20.57838 31.14700 5.65147 20.83588 27.28653 36.91864 11.36589 1.43051
0.01335 0.57030 0.58556 0.67139 6.14357 12.46262 7.33757 7.35092 22.35794 6.45638 6.43349 20.37430 24.09554 34.65080 31.68297 18.08739 1.98364 2.01225 1.81770 5.03540 13.13400 11.52802 45.67146 6.52504 10.81657 16.70456 26.15356 35.75516 110.50034 26.59416 14.35471
11.10458 6.28853 3.09181 0.98991 7.55692 1.70898 2.49100 2.49100 5.48172 8.54301 5.12505 24.08218 30.26581 20.32089 13.13019 28.08952 10.30159 6.71768 3.41034 4.45938 7.00760 10.86044 27.10724 8.92639 16.09230 20.51163 2.34222 17.91954 64.00108 10.69260 10.73647
22.66693 95.64018 31.09169 18.93044 9.27162 8.08525 3.42941 4.61578 1.06239 6.12831 8.52966 16.86287 31.70013 21.23260 15.67459 19.39583 3.32451 2.73705 11.81793 6.34766 21.19827 8.68225 9.62830 17.61055 14.70947 6.56319 1.90163 35.06279 11.91330 17.24052 14.03046
4.85802 13.07678 17.97295 82.21245 4.95338 3.77846 4.81987 7.42149 2.56729 1.55640 9.01222 25.70724 25.28000 42.91344 15.25116 7.86400 6.46591 12.49695 12.05444 9.34410 20.51926 12.65335 5.04303 25.56610 18.36205 4.24576 2.13814 11.62148 8.90350 19.39583 17.95769
2.00081 4.22668 78.92418 39.99519 8.46672 3.39127 5.97000 7.98035 2.26021 1.01280 5.75638 25.01869 19.85168 33.53500 41.27502 17.45224 7.27463 8.56209 14.14108 20.61844 11.11794 17.62581 58.94852 45.94421 4.31252 0.79918 4.59671 8.56781 10.73456 14.64081 13.26561
14.68468 4.51088 22.74704 36.15952 9.48906 12.55798 4.33922 3.29399 1.07956 3.08609 8.99887 1.50681 13.60893 29.31404 24.44267 10.60677 2.08473 5.17273 27.80151 23.72742 17.70973 22.08519 46.62895 40.10582 16.32309 1.08147 3.92723 2.18391 12.40730 32.76253 15.95306
5.62096 7.36046 17.30347 32.72820 4.34113 5.41496 1.89400 3.68500 2.43187 5.63812 13.80920 2.83623 5.42641 27.42767 5.87654 21.14105 20.02907 41.15486 36.72218 27.73857 32.98950 26.50642 29.25110 42.07420 99.99657 9.75418 9.40704 2.87056 4.69398 7.57599 22.10808
