DATA/RAW-RASTER/ECMWF/20170628/EN-31/20170711.en-31.asc
ncols			31
nrows			16
xllcorner		69.5
yllcorner		19.5
cellsize		1.0
NODATA_value	-99999
5.53131 4.15039 13.99994 5.53894 6.54602 14.49585 1.39618 0.34332 0.45013 3.64685 3.02124 0.99182 1.93024 0.87738 1.03760 1.12915 0.32806 0.07629 0.12207 0.61798 0.09155 0.13733 0.02289 0.03052 0.20599 0.04578 0.15259 0.05341 0.61035 2.68555 7.16400
1.73950 2.98309 14.74762 4.98199 9.59778 0.96893 1.94550 2.78473 1.86920 2.54822 6.23322 3.78418 1.98364 1.42670 2.11334 2.03705 0.18311 0.16022 0.18311 0.65613 0.50354 1.12915 1.12915 0.89264 0.83923 1.45721 1.47247 3.28064 5.88226 7.73621 8.56781
0.57983 16.53290 22.35413 8.51440 9.46808 6.17981 1.84631 0.54169 0.89264 0.21362 2.59399 2.68555 4.43268 1.31226 1.40381 1.76239 0.86212 0.71716 1.02234 0.74005 1.31989 0.53406 0.75531 1.82343 0.91553 4.68445 8.36945 11.60431 11.16943 9.26208 9.75037
2.50244 1.71661 4.86755 7.11060 9.10187 9.48334 3.62396 2.98309 0.28992 0.00000 0.22888 1.98364 3.18146 7.71332 5.51605 9.65118 3.13568 4.10461 1.19019 1.00708 1.27411 1.06812 0.07629 3.74603 8.11005 9.89532 10.00977 14.50348 13.33618 8.76617 5.28717
2.87628 0.00000 0.24414 0.00000 0.00763 0.31281 3.29590 2.13623 3.13568 0.51117 0.03052 0.03815 1.19019 8.15582 6.27899 9.57489 6.27899 12.47406 14.34326 3.03650 5.93567 3.67737 3.42560 5.88989 10.12421 15.26642 17.01355 11.39832 6.69098 13.62610 26.11542
0.14496 0.00000 0.00000 0.00000 0.00000 0.01526 0.16022 3.19672 2.49481 16.85333 9.05609 3.41797 3.32642 3.11279 7.05719 20.04242 9.08661 14.64844 23.79608 15.74707 5.98145 15.60211 13.00049 15.58685 27.72522 24.42932 11.16943 4.36401 7.93457 18.98193 13.90076
0.00000 0.00000 0.00000 0.00000 0.00000 0.00000 0.51117 0.45013 3.28827 5.20325 6.99615 20.21790 15.24353 12.82501 0.63324 8.02612 6.21033 13.91602 11.40594 13.07678 11.32965 12.95471 15.12909 19.97375 21.22498 31.47125 15.65552 7.48444 0.71716 2.41089 2.08282
0.00000 0.00000 0.00000 0.00000 0.00000 0.00000 0.90790 0.03815 1.75476 3.79181 3.09753 7.88116 95.09277 25.45929 14.58740 10.86426 17.21191 20.20264 9.55200 5.27191 7.57599 19.80591 5.78308 37.89520 15.74707 2.48718 1.91498 9.52911 24.59717 2.38800 2.21252
0.00000 0.01526 0.00000 0.00000 0.00000 0.00000 0.60272 0.21362 0.85449 6.56128 12.79449 9.42230 8.34656 7.94220 6.50787 3.74603 12.53510 54.76379 43.53333 14.46533 5.57709 7.05719 6.25610 8.22449 1.41144 3.27301 9.44519 7.35474 6.01959 1.44196 1.04523
0.12970 0.11444 0.19073 0.22888 0.02289 0.00000 0.05341 1.13678 2.45667 6.89697 11.32202 7.36237 1.27411 12.44354 10.81848 3.74603 6.46973 1.21307 2.74658 3.44849 16.18195 13.03864 10.08606 9.66644 18.15033 2.35748 9.02557 23.49854 13.46588 10.17761 2.09808
0.40436 1.13678 0.34332 0.19836 0.00000 0.00763 0.41199 7.81250 2.41852 3.59344 15.62500 4.31824 3.08990 2.23541 6.69861 9.39178 1.53351 1.46484 4.60052 5.97382 8.52203 15.91492 13.91602 57.11365 3.29590 7.40814 5.30243 15.02228 29.98352 11.23047 0.90027
0.28229 0.61798 1.41907 1.93024 0.27466 0.06104 2.25067 2.45667 13.52692 17.15851 5.59235 3.54767 0.64850 2.86865 2.87628 3.65448 4.05121 2.92969 9.25446 3.57819 7.88116 4.76837 2.70081 13.28278 2.61688 21.14105 6.42395 12.46643 3.46375 12.94708 8.54492
0.93842 1.27411 0.77820 1.56403 0.35095 0.26703 7.35474 12.22229 56.12183 186.30219 4.08173 5.14221 1.44196 8.83484 6.94275 17.35687 3.99780 9.69696 9.14764 3.97491 0.93842 2.82288 4.13513 17.78412 4.66919 3.76892 11.95526 8.89587 7.78961 2.02179 6.69861
2.27356 1.18256 0.26703 0.27466 0.96893 0.23651 2.76184 29.50287 58.87604 53.70331 22.44568 10.00214 11.01685 7.46918 7.64465 0.98419 12.79449 15.46478 5.72968 6.30951 4.88281 7.01904 8.29315 12.16888 4.56238 6.11877 6.32477 14.94598 2.03705 11.63483 2.12860
1.67084 2.41852 0.25940 2.98309 5.19562 1.94550 22.95685 38.35297 78.02582 10.81848 22.17865 50.46082 2.92206 6.64520 1.93787 9.85718 5.97382 3.79181 3.56293 4.15039 6.28662 6.59180 6.89697 7.24030 3.41034 0.61035 0.83160 2.31171 2.67029 3.86047 3.64685
1.17493 2.04468 3.48663 6.05774 0.90027 6.65283 6.26373 12.65717 6.62231 1.30463 2.59399 5.44739 7.14111 44.21234 2.08282 9.78851 6.10352 6.47736 6.14929 6.47736 7.91168 6.75201 14.20593 18.40973 18.43262 5.43976 4.75311 2.67792 4.59290 4.24194 4.21906
