DATA/RAW-RASTER/ECMWF/20170628/EN-31/20170707.en-31.asc
ncols			31
nrows			16
xllcorner		69.5
yllcorner		19.5
cellsize		1.0
NODATA_value	-99999
3.24249 3.34930 6.88934 2.46429 5.53131 2.25067 5.05829 0.54932 0.16785 0.00000 0.06104 0.03815 0.09918 0.09155 0.15259 0.04578 1.61743 1.13678 0.75531 3.61633 1.93787 1.09100 0.61035 0.17548 0.99182 0.83160 0.43488 0.83923 0.41962 1.38855 4.45557
2.11334 1.10626 3.34930 3.08990 5.37872 1.70135 0.13733 0.20599 0.00763 0.00000 0.00000 0.00000 0.00000 0.00000 0.00000 0.00000 0.00000 0.48828 1.95312 0.84686 0.95367 0.26703 0.96130 0.08392 0.33569 0.42725 0.35858 1.06049 0.55695 1.44196 1.57928
2.60162 5.29480 4.63104 2.70844 5.79071 6.05774 1.09863 0.01526 0.00000 0.00000 0.00000 0.00000 0.00000 0.00000 0.00000 0.00000 0.12207 2.04468 0.48065 1.62506 2.24304 0.83160 2.01416 0.64850 0.33569 0.14496 0.09918 0.25177 1.07574 2.30408 5.57709
1.67847 6.50787 0.45013 1.26648 1.91498 2.95258 0.93079 0.77057 0.00000 0.00000 0.00000 0.00000 0.00000 0.00000 0.00000 0.00000 1.15204 1.45721 1.08337 0.28992 0.33569 1.28937 0.71716 3.39508 0.96893 0.03815 0.26703 0.28229 0.86975 6.43921 10.29205
3.31879 4.16565 0.90790 1.50299 0.88501 3.47900 1.66321 1.16730 0.49591 0.00000 0.00000 0.00000 0.00000 3.57056 0.28229 0.69427 0.34332 0.34332 0.95367 5.34821 3.92914 2.33459 12.73346 25.12360 7.04193 1.82343 3.20435 2.22778 1.12152 4.90570 18.73779
5.60760 2.43378 4.71497 3.89862 2.21252 2.34985 1.28937 1.86920 1.97601 3.37219 9.87244 0.18311 0.23651 3.50952 0.56458 1.42670 6.94275 4.40979 2.22778 18.39447 19.14978 14.13727 9.62067 27.28271 5.09644 5.69153 2.22778 3.25012 3.86810 20.20264 9.42230
0.59509 0.70190 0.16785 1.64032 1.51062 0.27466 1.75476 3.36456 3.60870 2.54059 2.77710 3.34930 9.85718 4.34113 1.89209 7.61414 4.81415 8.21686 8.58307 14.30511 9.70459 22.17865 15.70892 5.40161 9.10187 18.56995 20.16449 5.96619 6.40869 17.31873 14.57977
0.00000 0.73242 0.01526 0.00000 0.04578 0.02289 0.14496 0.03815 0.19073 1.73187 3.41797 4.90570 15.13672 8.15582 1.86157 2.19727 6.38580 2.43378 4.29535 2.31934 7.20215 18.65387 12.77924 12.65717 20.27130 21.85059 18.68439 8.30078 26.90887 6.33240 8.04901
0.00000 0.00000 0.00763 0.07629 0.70190 0.00763 0.00000 0.00000 0.00763 5.14984 4.36401 26.15356 4.31061 5.23376 9.17053 8.88062 3.02124 1.56403 9.68933 17.01355 20.38574 10.49042 20.56885 28.40424 11.57379 4.65393 29.56390 5.98907 18.54706 12.23755 10.55908
0.31281 0.99945 1.95312 0.86975 1.28174 0.53406 0.04578 0.37384 1.04523 0.80109 8.38470 31.15845 37.57477 15.98358 8.04138 7.62177 7.99561 10.16235 11.08551 11.21521 7.37000 9.63593 30.19714 3.42560 5.24902 2.22015 36.25488 47.43958 34.08813 2.57874 0.85449
1.68610 2.37274 1.41144 1.80817 1.15967 0.25940 0.11444 1.13678 1.01471 0.96893 4.21906 31.67725 69.45038 68.67981 21.77429 1.77765 8.43048 10.79559 9.89532 12.95471 4.73022 11.51276 26.02386 5.81360 6.62994 17.99774 14.96887 73.54736 8.14819 15.66315 3.38745
0.57220 0.68665 2.67029 2.39563 2.10571 1.56403 1.41144 1.58691 1.02997 2.81525 0.48065 5.23376 34.90448 70.67871 77.50702 8.26263 9.55200 6.66046 16.74652 19.04297 19.90509 8.81958 2.99072 1.06812 7.73621 8.66699 6.21033 5.54657 2.48718 1.80054 2.65503
0.80872 0.54169 0.28229 1.88446 2.40326 3.04413 2.19727 0.77057 1.12915 1.27411 0.59509 4.35638 5.98907 24.52087 33.93555 6.32477 4.90570 14.73999 13.05389 23.78082 29.49524 6.37054 4.21143 8.94928 28.20587 1.67084 0.53406 2.02942 14.43481 1.96838 1.55640
1.15204 0.58746 0.06104 2.05994 3.44086 2.83813 1.09100 1.39618 1.89209 1.25885 1.77765 0.57983 0.42725 12.14600 12.05444 35.76660 8.98743 19.99664 12.84790 38.71155 9.05609 23.09418 6.71387 5.66864 7.91931 0.06866 0.77057 0.53406 6.89697 2.56348 2.52533
2.47192 1.83105 3.39508 2.00653 2.70844 1.42670 1.14441 0.68665 0.18311 0.38147 0.85449 1.26648 3.03650 0.50354 0.19836 5.05066 3.22723 2.34222 9.74274 18.13507 18.03589 18.68439 28.61023 13.19122 0.74005 0.61798 1.18256 1.41144 1.19019 13.43536 5.82886
1.40381 2.09808 3.79944 6.37054 1.48010 2.20490 1.12915 1.45721 0.03815 0.00000 0.49591 1.30463 2.47192 0.67902 1.85394 5.08118 3.66974 10.39124 9.77325 10.89478 18.37921 19.36340 23.47565 23.85712 20.96558 1.23596 9.60541 1.67084 1.10626 10.96344 22.53723
