DATA/RAW-RASTER/ECMWF/20170628/EN-31/20170702.en-31.asc
ncols			31
nrows			16
xllcorner		69.5
yllcorner		19.5
cellsize		1.0
NODATA_value	-99999
0.43106 2.24304 1.53351 0.84305 4.68063 2.07901 3.15475 0.18692 0.09918 0.01526 0.13733 0.02670 0.12589 0.34332 1.24359 0.93079 0.96512 1.60599 1.24359 1.80435 1.86539 1.44196 1.44196 2.02942 0.57602 0.73242 0.73242 0.45776 1.99890 1.54114 5.84793
0.72098 0.52643 4.21143 0.53787 2.87628 0.46921 0.09918 0.12207 0.05341 0.00000 0.00000 0.00000 0.24033 1.14441 0.96512 0.90027 0.86212 1.55640 1.99509 1.67847 1.82724 5.12314 1.92642 0.12970 0.30899 1.09863 1.44958 1.18637 2.28119 0.94604 1.44577
4.23050 5.58090 3.13950 1.80817 0.49973 2.83432 7.57217 0.17548 0.01526 0.00000 0.00000 0.00381 0.00000 0.06104 0.05722 0.46921 1.01089 1.29700 0.78201 2.28882 5.39780 3.31497 3.29971 1.10626 0.33569 0.25177 0.51498 0.80490 1.22452 0.42725 1.64032
2.52533 11.01303 7.79724 3.82614 2.57492 2.25067 3.55148 5.61142 0.02670 0.02289 0.00000 0.13351 0.43106 1.14441 1.37711 0.24414 0.77438 1.57547 4.35257 5.75638 7.06100 7.45392 6.27136 0.75150 0.19455 0.36621 1.07574 1.23215 1.26648 2.84195 2.91061
1.27792 0.66757 2.79999 5.97763 4.65393 3.42178 2.69318 3.21579 12.50076 0.28229 0.00000 0.24414 1.35422 1.42288 1.69754 1.33514 3.02124 6.33240 8.15201 5.00488 9.10950 11.36017 6.23703 3.09753 6.42014 6.81305 5.81741 4.85229 9.00269 5.70297 6.19888
1.59454 0.00763 0.00381 0.60654 0.27847 0.74387 0.35477 3.50952 1.84631 7.81250 15.36560 1.28937 1.71280 2.01035 1.02615 2.20108 15.10620 11.28387 7.53784 15.78903 22.59064 12.19177 19.84787 7.81250 20.65277 29.94537 19.77539 15.62119 11.05118 13.61847 5.74875
0.00000 0.00763 0.00000 0.24033 0.46158 1.28937 0.51880 0.34714 0.61798 1.26648 21.95358 6.05774 6.19507 6.01196 1.06430 6.75583 7.97272 11.10077 16.69693 24.16229 22.52960 20.98465 12.29858 25.81024 29.31595 70.03403 33.56171 10.76889 6.57654 14.16016 6.06155
0.00000 0.00000 0.01526 0.06866 0.77438 2.22778 1.78146 0.99564 1.34659 3.87573 9.62830 5.71823 2.55203 1.58691 12.93182 0.90790 2.93732 0.86594 0.34714 1.01852 4.80270 12.14600 8.30460 29.38080 15.33127 43.01834 131.25229 33.19550 19.67239 7.20596 7.19833
0.00000 0.00000 0.01907 0.45013 1.27029 0.99182 2.89917 2.09045 1.60980 2.22015 5.69153 20.44678 7.54929 4.04739 21.62170 3.96729 6.36292 15.22827 70.66727 26.69144 40.25269 153.51868 65.05203 25.66147 12.04681 2.88010 27.22931 19.28329 12.08496 10.69641 4.55856
0.00381 0.04578 0.38528 1.44958 0.95367 1.99890 4.67682 8.00705 6.16837 12.39395 23.47565 16.53671 11.47461 8.48770 56.09894 10.68497 16.06369 12.26425 10.27679 6.04248 5.74493 4.68063 14.95361 6.60706 2.94113 7.17163 45.14313 99.26605 261.83701 33.48541 8.55637
0.38910 0.34332 2.84195 2.47192 11.02829 13.40485 9.28497 14.79721 6.30188 8.31604 6.92368 4.22668 6.18362 10.76126 7.36237 15.01083 11.94382 6.62994 7.92313 5.35583 8.86917 15.89966 49.54529 27.35519 11.18851 2.17819 2.24304 6.16455 31.87180 24.10507 13.82065
0.88882 0.91934 15.70511 121.92154 23.70453 63.58337 9.93729 8.23975 6.98853 9.29642 4.08936 15.24353 21.30127 13.01575 4.82559 4.98199 16.33453 9.66644 5.30243 5.73349 8.79669 11.44791 0.85068 2.07520 2.25830 1.28174 2.82669 17.02118 39.95132 27.86255 11.64627
0.82779 2.41852 26.93558 14.44244 26.69907 28.78952 14.80103 21.23642 19.53506 5.25665 9.92203 5.31769 5.13077 8.96072 14.15634 12.63428 15.60593 6.72913 5.37109 5.62668 15.01083 18.76831 13.42010 13.84735 3.27301 0.27084 0.30518 14.51111 8.33893 16.52145 21.60263
2.31934 2.29645 1.21307 8.46100 8.25500 1.78146 1.74332 3.65829 1.54114 10.99014 16.42990 16.73889 12.83264 9.41849 14.43863 25.14648 3.58582 2.66647 1.94168 10.01358 17.91382 43.04886 29.99496 43.60199 0.95367 0.33569 1.63651 12.50076 9.43756 22.23587 15.70892
3.04794 1.12534 6.56128 13.11111 11.88278 1.67084 2.25830 2.29645 2.02560 4.87518 7.40051 2.63214 5.50461 4.68063 8.28171 10.59341 5.05447 1.51825 13.15689 13.41629 14.59885 22.34650 42.16003 22.70889 13.26370 0.38147 1.31989 5.24521 5.31769 18.37540 43.02216
3.60107 7.14111 28.19824 24.71542 5.00488 3.49808 1.48392 12.94708 13.09967 4.35257 10.85663 4.20761 1.90735 1.03760 1.00708 1.01089 1.81961 5.51987 9.33838 5.54657 6.66809 10.97870 19.76776 27.00043 76.16043 1.60980 9.78470 2.77710 7.05719 11.71112 12.32910
