DATA/RAW-RASTER/ECMWF/20170628/EN-31/20170710.en-31.asc
ncols			31
nrows			16
xllcorner		69.5
yllcorner		19.5
cellsize		1.0
NODATA_value	-99999
3.74603 3.66974 4.27246 3.62396 6.76727 11.58142 0.34332 0.18311 0.67902 1.96838 2.60162 3.08228 3.84521 0.70190 1.08337 0.97656 1.96075 2.79999 1.88446 4.21143 6.43921 5.95856 5.35583 5.19562 5.27191 5.74493 5.40161 4.24957 2.58636 3.53241 9.50623
0.32806 0.11444 0.91553 1.33514 3.21960 0.96130 0.45013 2.01416 0.99182 0.83160 3.28064 1.81580 3.64685 2.44904 1.07574 0.83160 1.02997 0.32043 2.16675 6.41632 1.46484 5.68390 5.40924 2.62451 10.42175 9.60541 6.21796 5.66101 3.76129 6.45447 16.00647
0.02289 3.11279 6.88171 6.05011 15.86914 5.40161 1.28937 0.16785 0.01526 0.02289 3.34167 2.85339 1.74713 4.60815 2.05231 2.39563 3.21960 1.48010 8.23975 13.61847 9.74274 15.99884 15.57159 19.72198 25.57373 25.28381 25.24567 17.63916 18.67676 24.75739 20.55359
0.01526 0.00000 0.05341 2.20490 4.07410 9.49097 8.49915 3.83759 0.01526 0.00000 0.42725 1.13678 6.15692 13.10730 16.41083 9.88007 8.42285 8.72803 7.38525 9.90295 11.36017 15.91492 30.69305 29.44946 15.33508 10.46753 8.64410 9.57489 20.50018 18.15796 14.90784
0.42725 0.00000 0.00000 0.00000 0.00000 0.80109 1.11389 2.27356 2.28119 2.40326 0.43488 5.21088 4.82178 6.36292 10.99396 12.52747 9.47571 20.85876 17.05170 5.78308 11.90948 19.88220 12.86316 6.32477 5.76019 7.62939 7.78961 12.64954 9.48334 7.65991 9.14001
0.01526 0.01526 0.00000 0.00000 0.00000 0.00000 0.11444 0.91553 3.11279 8.72040 15.37323 13.22174 9.71222 1.51062 5.90515 6.34766 10.62012 9.04083 20.30182 26.99280 18.52417 8.11005 6.75964 4.66156 8.58307 21.26312 20.13397 7.78961 6.57654 4.70734 8.90350
0.00000 0.01526 0.01526 0.00000 0.00000 0.00000 0.02289 0.56458 1.47247 3.04413 30.12848 18.69202 13.84735 10.23865 0.93079 1.04523 2.96783 7.01904 3.19672 12.11548 9.13239 2.77710 7.20215 3.15094 21.19446 74.99695 43.54095 19.91272 7.77435 6.76727 9.79614
0.00000 0.01526 0.00000 0.00000 0.01526 0.01526 0.06866 0.03815 2.92206 1.31226 9.29260 11.33728 13.77106 22.79663 29.81567 16.66260 25.79498 0.96130 1.42670 11.46698 12.09259 9.97162 4.44031 45.42542 34.95026 31.07452 44.25049 16.67786 15.91492 1.19781 1.67847
0.01526 0.00000 0.00000 0.00000 0.01526 0.00000 0.00000 0.12970 3.60870 3.61633 8.54492 11.63483 6.62231 8.95691 14.11438 13.48877 11.70349 31.34155 85.51025 189.65149 100.37994 27.83203 14.47296 16.96777 6.23322 7.74384 22.61353 8.64410 4.66156 1.76239 0.27466
0.09918 0.33569 0.14496 0.09918 0.01526 0.00000 0.00763 0.00000 0.76294 4.34113 9.46808 11.95526 10.51331 16.01410 15.83099 4.61578 14.48059 21.74377 14.32800 13.18359 4.18091 6.48499 14.55688 0.56458 1.44196 27.09198 12.14600 8.85010 2.82288 2.28882 0.83160
0.26703 1.69373 0.86212 0.65613 0.00000 0.02289 0.00763 0.19836 1.89209 4.29535 16.02173 13.09967 16.13617 17.50946 11.67297 0.93079 9.55963 9.97162 13.64136 5.63812 4.54712 5.25665 9.38416 1.14441 0.76294 11.20758 2.24304 15.05280 17.04407 9.45282 10.03265
0.16785 0.62561 1.19019 0.98419 0.16785 0.09918 1.11389 0.27466 1.81580 6.81305 16.02936 20.00427 18.02826 25.99335 11.68060 6.62231 9.58252 8.16345 10.55908 11.22284 13.13782 10.73456 1.66321 1.69373 1.79291 6.72150 2.58636 21.17157 17.98248 18.02826 18.37921
1.16730 1.57928 1.64032 1.52588 1.40381 2.93732 5.84412 0.57983 1.51062 3.23486 16.67786 18.51654 14.24408 19.85931 13.08441 5.20325 7.37762 11.39069 16.11328 17.79938 15.19012 16.61682 3.42560 1.14441 7.23267 9.99451 4.56238 6.35529 26.80206 6.30188 13.06915
2.45667 2.12097 0.23651 1.31226 1.89209 0.12970 0.48828 13.17596 14.25934 6.72150 16.34979 12.19940 24.04022 30.92957 12.05444 5.09644 3.95203 4.70734 11.92474 21.65222 7.65991 13.69476 3.12042 7.80487 3.63922 2.53296 0.86975 24.33014 13.38959 20.19501 6.21796
2.02942 2.53296 0.71716 2.86865 4.28772 0.40436 0.26703 7.19452 18.10455 14.48059 10.27679 13.66425 11.28387 10.21576 5.60760 12.55798 13.05389 16.15906 21.11053 16.28113 15.70129 8.76617 14.35089 6.93512 6.16455 0.73242 0.80872 1.46484 9.97925 16.44135 19.19556
0.84686 1.78528 2.54822 4.79126 0.86975 5.50079 3.34167 7.44629 26.87836 51.93329 51.17035 8.56018 18.02826 17.07458 1.98364 5.14221 17.31873 8.83484 14.12964 24.48273 25.65765 16.98303 11.81030 20.30945 8.05664 0.83160 2.19727 0.45776 1.28937 21.94977 28.23639
