DATA/RAW-RASTER/ECMWF/20170628/EN-31/20170703.en-31.asc
ncols			31
nrows			16
xllcorner		69.5
yllcorner		19.5
cellsize		1.0
NODATA_value	-99999
2.53296 5.63431 0.89264 2.41852 3.08228 1.39999 1.90353 0.06485 0.10300 0.00763 0.02670 0.03052 0.04578 0.20599 1.05286 1.93787 1.41907 0.42343 0.67902 1.51825 3.16620 7.52640 3.70026 7.78961 5.56946 6.10733 2.65503 0.19836 0.06485 0.14496 1.53351
0.72861 0.06104 0.21362 3.70789 0.67520 0.18311 0.11826 0.12970 0.03815 0.01526 0.00000 0.00763 0.04196 0.01907 0.33188 0.65613 0.82397 0.39673 0.11826 0.46158 1.36566 3.30353 8.86917 3.19672 4.90189 16.26205 2.18582 1.49536 0.58365 0.43488 1.35040
0.63324 2.60925 5.82504 5.43594 4.84085 2.24686 1.56784 0.09537 0.01526 0.00000 0.00000 0.00000 0.00000 0.00000 0.01526 0.13351 0.12589 0.21362 0.25177 0.69046 3.39127 4.25720 9.10568 8.96072 8.47626 9.42230 12.34055 1.88828 2.14005 0.67902 0.65994
2.28500 16.65497 6.44302 11.60049 8.29697 7.35092 1.89972 5.32532 0.05341 0.00763 0.00000 0.00000 0.00381 0.00000 0.22125 1.29318 0.44250 0.74768 1.02997 1.42670 0.99945 1.17874 2.44904 2.63596 2.43378 1.30463 7.04956 11.00159 4.86755 1.98746 1.03378
3.91769 3.49045 0.50735 0.37384 0.94223 6.46591 3.37601 1.31226 1.23978 0.10681 0.01526 0.00381 0.10300 1.74332 1.93787 3.13187 0.60654 1.21689 1.14059 2.63977 4.74167 3.71170 4.99725 0.81253 0.51117 0.85068 9.71985 8.21304 12.48169 22.36557 9.53674
0.19455 0.00381 0.00381 0.01526 0.14114 0.35477 5.37872 1.43433 3.12042 3.50189 6.79779 4.42505 1.53732 1.65939 1.20926 25.96664 6.54602 3.86047 4.43268 5.71060 7.58362 2.15149 2.34604 5.25284 6.61850 4.95911 3.82614 7.19833 12.96234 19.88602 25.44022
0.00000 0.00000 0.00763 0.01144 0.00763 0.50354 1.64032 3.19290 5.19943 4.57382 3.47519 14.93835 8.85773 4.20761 2.94876 5.48172 5.27954 15.65552 11.81412 2.50626 5.77545 8.24738 11.25336 12.17651 16.96014 39.20364 56.95724 18.64624 25.64240 17.26913 32.17316
0.00000 0.00381 0.00000 0.01144 0.14114 0.99182 1.46484 1.52206 8.89206 4.97437 3.28827 2.95639 4.36401 5.90897 22.59827 6.43539 8.89206 27.15683 5.21469 2.86484 10.85663 21.87347 8.08716 36.78894 35.56061 30.47943 46.95129 63.52615 27.79007 24.19662 29.24728
0.00000 0.01144 0.00000 0.00763 0.13351 0.77057 1.52588 2.62833 4.62723 5.68771 1.94168 5.47409 9.88770 18.84079 9.80759 12.76016 25.84076 40.29465 40.83633 29.27017 74.19586 29.25873 90.68680 13.95416 20.80154 7.35092 31.13556 140.45715 95.10040 38.89084 29.18625
0.34714 0.41580 0.65994 0.55695 0.38528 0.48065 2.01416 2.53296 3.61252 2.92587 2.96783 10.89478 12.38251 11.36780 33.87070 48.54965 4.69589 27.59933 13.33618 18.23425 6.95801 23.47946 50.38071 29.00696 15.09857 18.49365 10.23483 46.65375 102.66876 34.49249 16.20483
0.50354 1.12915 1.04904 0.54550 0.18311 0.54169 12.64954 3.50189 3.30734 3.33023 13.64899 5.43213 8.43048 16.09802 4.50516 6.74820 11.78741 20.63370 12.32147 23.94485 39.09302 29.03748 69.31305 32.52792 13.58414 19.58466 1.38855 19.13452 44.15131 20.34760 24.58191
0.73624 1.55258 3.99017 4.14276 1.65176 1.46103 4.40216 13.46970 10.40649 4.89426 12.95471 14.59122 11.43646 6.46210 6.79779 6.52313 18.64243 15.92255 30.22003 20.32471 45.47501 36.24725 7.35092 4.73785 15.41138 1.54877 2.17438 10.82611 18.64243 24.60098 26.24512
0.90790 1.25504 1.42288 1.83487 2.90298 2.34222 6.77872 18.73398 94.02084 189.76593 24.97101 27.62222 7.24411 27.99988 37.70828 18.03589 12.57324 10.15854 48.62595 11.95908 31.71539 28.16010 67.58499 22.50290 20.59937 4.19998 0.56458 7.59506 10.78415 11.46317 8.39233
1.95312 1.68228 0.25940 2.04468 2.57874 1.07193 1.00708 26.54648 11.85989 30.19333 42.63306 55.88913 21.64841 17.15469 21.19446 12.53891 3.10516 1.90353 6.43158 8.52585 29.38080 43.07938 53.26080 71.66290 16.86096 0.82779 0.53787 6.64902 17.37595 25.19989 8.66699
2.86484 2.82669 3.34167 4.22668 2.41089 1.13678 3.56293 2.01416 2.96402 2.35748 7.18689 2.07520 5.72968 5.32150 40.60745 4.99344 9.39560 0.50354 10.78415 21.98792 24.32632 33.09631 53.48587 42.92297 7.90787 3.06320 1.94550 3.00980 12.01630 25.49744 5.43213
2.83813 3.91006 12.77542 21.36993 2.10953 5.96237 3.23868 3.13187 6.59180 1.69754 1.59454 3.43323 1.40762 0.46921 5.66483 3.67355 18.46695 4.31442 7.52258 19.92416 17.05551 35.76279 31.76117 43.41507 54.41666 13.66425 5.19943 3.24631 12.49695 9.31549 7.85828
