DATA/RAW-RASTER/ECMWF/20170628/EN-31/20170629.en-31.asc
ncols			31
nrows			16
xllcorner		69.5
yllcorner		19.5
cellsize		1.0
NODATA_value	-99999
4.05693 2.00462 5.17845 8.33702 6.09970 3.86047 9.66644 17.71927 11.97815 5.12695 9.66454 10.43320 7.01904 5.68008 3.50571 1.03188 5.76401 1.70135 5.27191 9.35936 4.44794 5.76401 1.40953 0.77629 0.52643 0.64087 0.10300 0.12589 0.09918 0.00572 0.19455
0.55885 0.60844 3.77083 19.62471 9.28497 8.49915 56.56242 28.80859 19.96613 12.72583 10.45227 6.19698 5.51796 1.03569 4.38690 0.78392 0.54741 0.83733 1.20163 3.03841 3.55911 2.98309 3.93295 0.94795 0.56839 1.23024 1.13678 0.88120 0.63515 0.42725 0.37575
4.69589 8.05855 0.45967 1.41525 19.00291 95.45517 85.06775 45.86220 13.90457 3.79181 1.62697 0.69618 0.90218 0.64087 0.95177 0.74196 1.34468 3.44467 3.90625 2.05803 2.75803 6.02531 5.67818 6.79398 5.88417 1.19591 4.00352 0.24033 0.64850 0.93269 0.32043
0.72098 3.38364 0.61989 2.42424 18.57948 53.74527 130.10025 35.01511 23.01025 5.90134 2.62833 0.50163 0.82207 0.68855 0.22507 0.57983 0.73433 1.61552 0.75912 1.11771 0.68474 5.80597 3.71933 5.35202 6.36101 3.74413 10.18715 7.61604 5.10216 4.03976 0.30136
2.53677 2.28691 5.66292 28.79333 141.66451 51.62621 73.79341 20.10155 8.64983 8.06808 0.20218 0.39482 1.48201 1.15395 0.80490 0.44250 0.15450 8.92639 8.23212 7.62558 8.64983 8.12531 9.23920 9.52530 10.02502 16.42036 14.11057 32.46880 19.43207 10.34164 3.47519
3.12042 0.70572 21.54350 6.85883 23.08083 26.36719 41.29601 60.71091 8.31032 24.56284 14.97269 1.32370 1.51825 0.73624 0.94986 0.79536 9.55772 3.70407 7.89642 19.87267 11.70731 9.85146 8.39806 17.22336 19.52171 34.92546 18.26477 5.55229 15.08904 19.45686 24.68681
0.16022 4.49753 9.11903 16.87622 13.49831 5.08499 8.69942 18.81981 30.30396 2.43378 1.03760 11.19804 6.84738 2.25449 0.11635 0.42343 0.26321 1.06239 1.54686 10.84328 6.89507 8.61359 14.04381 25.59853 22.52579 117.15508 48.43330 15.08331 6.15883 11.18469 16.26587
1.38283 5.24330 9.70459 4.44603 5.28908 2.29263 1.62888 13.74626 15.96260 8.84438 5.35583 4.77791 0.44250 9.93538 7.74384 3.36456 14.81819 0.14114 0.18311 5.80406 7.23076 16.04652 9.77135 60.82344 36.90910 43.61534 15.51437 10.29205 100.59357 19.77921 15.81764
8.11768 4.26865 17.69638 5.10406 4.76074 1.25504 0.37193 3.57819 2.56920 8.40950 3.17764 1.74904 1.07956 2.88391 2.40135 6.57082 10.23674 9.75037 20.18166 57.36160 84.12933 77.41356 52.10495 27.49443 12.54654 4.02451 25.93613 29.49715 39.32190 12.48741 2.70462
8.00514 11.06262 4.11606 1.31226 1.52969 0.06104 0.10681 0.21172 5.23186 4.05312 6.00243 5.65910 1.09482 5.09071 5.27573 3.89099 2.49481 1.19400 4.13322 10.93483 6.29425 5.28526 19.01245 10.26344 4.69971 12.01248 13.27515 13.61847 58.23326 36.71646 14.32419
10.28824 2.57683 0.88692 0.50354 0.30899 0.57983 0.00381 0.01526 0.35667 2.75421 9.25446 8.93211 9.68742 11.01303 10.24246 6.40869 3.26729 0.86594 1.78909 1.27792 7.39098 9.68742 34.74998 5.57327 9.35555 18.05496 6.71959 32.45354 24.78790 20.72144 5.83458
3.33786 2.56348 2.26784 14.04190 1.81389 0.48828 0.15259 0.14496 0.09918 7.51686 4.70924 10.23102 25.11978 21.80099 12.45880 3.83377 1.33514 1.97029 4.69780 2.14767 1.73569 1.51634 0.49210 10.05173 12.72392 6.30569 6.61659 8.94737 9.21249 9.77516 7.72858
31.99196 47.47581 11.23810 32.24182 2.82097 2.30980 3.20435 2.84004 3.88527 7.92503 5.64003 5.71632 23.45467 23.09036 7.78008 1.90926 3.73459 7.67517 3.25966 1.12534 1.32179 1.20544 1.19209 12.45880 4.45938 3.49808 2.25639 9.83429 7.84302 16.39938 7.45392
45.34149 9.70840 0.80299 6.50215 7.86591 1.80817 3.16048 2.35748 1.13106 13.14163 25.02823 4.79698 3.30353 13.08250 8.83675 4.76837 2.43568 12.03728 2.45094 3.51334 3.95584 6.05583 2.96402 12.38441 5.63049 1.96266 4.83322 16.87813 2.71606 21.40808 16.69502
3.34549 6.88171 7.91359 30.16281 5.48744 0.86021 0.52452 6.50597 6.26183 6.57082 20.13206 71.35391 2.99263 1.52397 5.17082 81.58112 2.60925 2.92587 7.71713 9.38034 5.56564 4.80652 15.74135 17.07268 3.65448 2.47383 2.19154 1.68419 2.25449 19.15550 27.83585
3.71742 5.30815 8.07381 20.77293 32.46307 42.32025 48.38753 27.91214 5.79643 5.19943 2.75612 3.45993 1.26266 6.71005 1.10626 8.07762 1.99890 23.24867 12.63428 11.41167 6.02341 9.70078 14.32800 19.05060 10.66017 11.83891 3.31879 4.37737 3.65829 5.53703 9.80377
