DATA/RAW-RASTER/ECMWF/20170628/EN-31/20170706.en-31.asc
ncols			31
nrows			16
xllcorner		69.5
yllcorner		19.5
cellsize		1.0
NODATA_value	-99999
4.15039 9.95636 2.22778 3.97491 9.41467 1.38855 3.26538 4.32587 0.34332 0.06104 2.31171 2.20490 2.14386 0.55695 0.40436 0.67902 0.81635 1.43433 1.25885 1.94550 2.38800 4.15039 3.21198 0.96893 1.12915 4.27246 8.25500 9.03320 9.44519 11.20758 31.31104
0.28229 0.33569 2.31934 6.67572 4.44031 0.58746 0.36621 0.50354 0.34332 0.01526 0.00000 0.00763 0.12970 0.11444 0.18311 0.72479 1.69373 1.24359 1.09863 0.45776 0.39673 2.35748 5.72205 1.57166 2.38800 4.27246 6.48499 8.23975 15.41138 14.11438 14.93073
0.65613 1.36566 3.61633 3.86047 11.32965 2.83813 1.49536 0.03052 0.00000 0.00000 0.00000 0.00000 0.00000 0.00000 0.03052 0.65613 0.86212 0.88501 0.72479 1.55640 0.43488 1.64032 8.35419 7.85828 6.31714 5.27954 6.23322 10.50568 17.16614 23.49091 22.85767
3.41797 10.12421 3.04413 0.87738 3.33405 1.10626 2.79999 0.89264 0.03052 0.00000 0.00000 0.00000 0.00000 0.00000 0.83160 0.46539 0.62561 0.67902 2.76184 5.27954 9.53674 9.03320 3.74603 16.65497 11.10840 7.21741 7.87354 12.63428 12.90894 19.83643 16.63971
7.49969 6.10352 6.61469 13.95416 4.77600 1.68610 0.96130 0.83923 0.15259 0.06104 0.00000 0.00000 0.01526 1.11389 0.71716 1.97601 0.48828 4.74548 3.87573 8.60596 12.16125 7.53021 6.94275 6.05774 16.92963 5.34821 2.34222 5.55420 13.61084 11.81030 9.17053
8.21686 10.52856 6.88934 8.35419 5.18799 7.29370 5.78308 4.02832 2.36511 0.99945 10.87952 0.17548 1.04523 1.06812 0.96893 0.63324 7.87354 6.15692 4.53949 8.06427 6.66046 7.35474 6.50024 7.61414 6.37817 11.46698 2.28882 3.85284 5.85938 10.52856 5.20325
8.01849 0.03815 0.16022 0.04578 0.47302 0.01526 0.15259 1.12915 1.75476 2.27356 4.38690 10.39124 13.51929 17.96722 1.37329 1.09863 5.39398 3.47900 5.01251 0.91553 1.85394 2.10571 6.82068 2.10571 10.81085 14.77814 23.29254 7.54547 2.93732 1.77765 6.66809
3.27301 0.70190 0.00000 0.00000 0.00000 0.03815 0.00000 0.04578 0.18311 1.06812 4.85229 19.18030 6.85883 44.71588 25.14648 13.03101 4.70734 2.00653 2.41089 14.32800 21.59119 6.17981 1.62506 16.18958 10.49805 17.20428 93.42194 25.38300 13.94653 2.47955 5.74493
0.00000 0.01526 0.00000 0.08392 0.16022 0.24414 0.43488 0.03815 0.10681 0.08392 2.04468 10.66589 16.53290 7.26318 8.75854 2.34222 1.57928 5.05829 20.05768 42.48810 115.96680 49.87335 35.61401 9.38416 3.42560 1.25122 12.96997 11.32965 23.12469 3.80707 2.60925
0.07629 0.16785 1.30463 1.98364 0.90790 0.32806 0.69427 0.59509 0.38910 0.19836 0.91553 31.97479 36.78131 14.86969 12.03918 10.91766 6.72913 11.97052 26.84021 29.64020 9.59015 20.46204 9.33838 1.58691 5.45502 2.40326 37.88757 49.84283 95.71838 2.69318 6.12640
0.35095 1.49536 2.67029 3.47137 0.76294 0.10681 0.01526 0.90790 1.19781 1.15204 3.13568 26.22223 96.60339 100.37994 34.79004 19.42444 4.66156 15.15198 13.74817 15.22064 10.46753 26.44348 20.25604 5.16510 3.25775 7.73621 3.00598 8.99506 28.76282 6.43921 9.74274
0.69427 0.62561 3.18146 5.37109 1.82343 0.83160 0.52643 1.13678 1.22833 0.58746 1.86920 8.73566 32.52411 59.29565 14.32037 4.07410 1.21307 2.43378 11.39832 24.49036 7.56073 9.23157 0.64087 1.76239 1.42670 2.71606 0.53406 6.84357 5.66864 7.86591 10.12421
0.84686 0.99945 0.27466 1.12915 2.23541 0.55695 0.26703 0.39673 0.65613 0.27466 0.28229 2.60925 1.30463 18.34869 6.93512 5.51605 0.69427 4.58527 3.86047 7.82013 24.55139 10.92529 2.96783 3.60107 0.99182 0.53406 0.13733 6.30188 9.42993 14.98413 7.83539
0.82397 1.31989 0.08392 1.88446 2.73132 1.22833 1.57928 1.96838 2.31171 0.73242 3.06702 10.33783 2.48718 4.12750 7.17163 16.08276 9.32312 2.31171 2.64740 4.27246 7.01141 14.77814 1.51062 3.18909 2.69318 0.54169 0.36621 0.83923 5.36346 7.69806 8.62122
2.81525 2.02942 1.96075 3.73840 5.24902 1.06812 2.62451 1.55640 2.72369 0.53406 0.68665 0.48828 12.41302 12.21466 21.12579 5.33295 5.34058 2.28882 8.41522 5.04303 7.57599 9.14001 21.47675 5.72205 5.66864 0.93079 0.43488 0.16022 0.19073 11.43646 14.46533
2.02179 4.37164 4.79126 6.59943 1.31989 0.66376 1.61743 2.43378 1.21307 0.66376 0.22125 1.36566 0.60272 8.75854 4.64630 13.52692 7.01904 5.88226 3.98254 3.25012 9.84955 11.26099 12.03156 16.69312 11.00159 1.33514 4.24957 0.47302 0.57983 0.46539 2.08282
