DATA/RAW-RASTER/ECMWF/20170628/EN-31/20170712.en-31.asc
ncols			31
nrows			16
xllcorner		69.5
yllcorner		19.5
cellsize		1.0
NODATA_value	-99999
0.28992 7.12585 10.62775 8.72040 1.33514 2.54822 5.81360 1.39618 0.19836 2.11334 2.83813 7.35474 3.41034 0.87738 0.14496 0.00000 0.00000 0.00000 0.00000 0.00000 0.00000 0.01526 0.22125 0.86975 0.73242 0.11444 0.00000 0.00000 0.00000 0.00000 0.00000
2.76947 12.93945 7.53784 14.90784 3.19672 0.48065 0.64087 5.08881 1.22070 3.14331 3.02124 2.76947 7.01141 1.40381 3.51715 0.22125 0.00000 0.00000 0.10681 0.03052 0.12207 0.42725 1.60217 1.50299 1.78528 1.78528 0.00000 0.00000 0.00000 0.00000 0.00000
1.60217 10.31494 10.86426 42.89246 20.79010 6.89697 1.73950 0.35858 0.09918 0.24414 3.54767 5.82886 0.96893 1.92261 0.77057 1.05286 6.15692 1.47247 0.96130 0.27466 0.06104 0.03815 0.00000 0.17548 0.22888 0.19836 0.00000 0.04578 0.00000 0.00000 0.00000
3.76129 6.34766 14.90784 28.85437 12.20703 6.31714 8.49915 10.16235 0.38147 0.86212 2.20490 1.86920 1.41907 9.10187 7.72858 1.26648 1.92261 1.97601 0.81635 0.43488 0.09918 0.07629 0.00000 0.00000 0.00000 0.00000 0.00000 0.03052 0.09155 0.06866 0.01526
5.87463 3.72314 0.47302 3.66974 5.35583 2.16675 3.76892 1.48010 12.46643 1.90735 0.18311 2.60162 9.42230 4.27246 6.04248 5.09644 7.43866 3.71552 0.70190 0.14496 0.28992 0.00000 0.22125 0.83160 0.57220 1.70135 4.61578 8.05664 4.54712 0.83160 0.18311
0.11444 0.00000 0.00000 0.04578 0.12970 0.82397 13.58032 4.53186 10.07843 22.76611 28.97644 5.92041 4.53949 8.68225 5.18799 3.91388 9.25446 3.54767 7.82013 3.91388 4.73785 11.26099 8.16345 5.24139 3.69263 7.69806 11.81030 12.55035 9.17053 7.08771 8.10242
0.00000 0.00000 0.08392 0.18311 0.11444 0.96893 8.79669 12.51221 7.95746 10.36072 1.57166 3.60870 19.65332 10.27679 11.43646 16.44897 11.16180 6.88171 6.19507 13.63373 15.19012 25.95520 31.06689 24.52087 41.29028 33.57697 32.50122 21.58356 15.89203 30.99060 20.78247
0.00000 0.00000 0.05341 0.09918 0.01526 0.06104 3.34930 17.87567 9.19342 10.24628 4.18854 11.54327 0.64850 9.49860 20.68329 10.92529 11.03973 19.11926 19.63806 13.42010 9.47571 15.80048 5.92804 76.64490 25.29144 30.78461 24.26910 11.00159 75.13428 21.77429 22.76611
0.00000 0.00000 0.00000 0.12207 0.03815 2.57111 6.88934 14.19830 18.58521 14.26697 4.96674 3.44849 5.36346 12.65717 5.98907 18.21136 13.15308 23.36884 36.57532 26.50452 18.63861 3.89862 15.54871 21.18683 38.87177 36.05652 18.74542 71.62476 28.49579 16.45660 12.01630
0.09155 0.00000 0.00000 0.20599 2.73895 1.83105 7.68280 18.34869 2.15912 3.60870 1.77002 2.63977 1.63269 0.95367 0.89264 7.28607 12.33673 11.29150 10.71930 15.91492 54.36707 17.29584 12.87079 19.51599 15.89966 8.30841 7.65228 12.79449 11.92474 5.17273 1.91498
0.63324 0.94604 0.35858 0.40436 3.35693 4.00543 14.77051 17.95197 8.89587 1.37329 0.99182 2.08282 1.25885 0.71716 2.63214 2.00653 0.70190 2.34985 9.32312 4.24957 19.20319 15.86914 28.70941 83.54950 5.10406 16.47186 10.54382 13.69476 16.56342 3.57819 1.52588
0.96130 2.96783 1.56403 1.47247 17.37976 14.28986 7.22504 11.60431 6.10352 2.25067 0.73242 0.61035 0.56458 2.42615 0.17548 2.00653 1.84631 3.88336 5.57709 7.08008 16.33453 6.62231 7.41577 83.48846 7.25555 2.05231 4.18854 20.30945 5.18799 4.24194 4.10461
1.46484 1.58691 4.25720 10.34546 27.85492 30.92194 56.70166 6.69098 18.73779 1.44958 0.18311 0.18311 2.33459 0.48828 2.47955 1.33514 5.57709 7.05719 7.02667 9.64355 20.10345 11.00159 16.86096 44.62433 15.36560 1.93024 1.64032 8.01086 8.17108 2.28119 1.09863
2.31171 2.04468 4.44031 56.09131 89.31732 132.91168 129.68445 169.50989 28.21350 13.13782 2.55585 4.89044 5.02014 5.46265 13.58032 7.84302 8.80432 13.70239 14.22119 19.39392 7.38525 7.98035 1.05286 11.07788 3.99017 2.24304 1.99890 2.94495 15.78522 4.91333 0.90027
1.24359 2.33459 0.51117 7.27081 20.27893 25.27618 30.79987 79.40674 8.28552 2.48718 3.03650 11.45172 13.87787 4.60052 11.52802 16.50238 13.89313 15.30457 7.65991 5.33295 6.06537 3.91388 11.08551 10.77271 20.33234 3.87573 6.41632 13.11493 7.33948 2.47955 1.88446
1.46484 1.76239 3.32642 6.34003 0.86975 8.68988 5.11932 0.74768 0.68665 0.92316 3.96729 10.61249 11.61957 50.75836 33.02765 42.26685 22.76611 6.92749 5.66101 5.88989 8.31604 8.43048 15.60974 18.70728 23.15521 8.52966 2.93732 22.25494 9.97925 11.71875 1.94550
