DATA/RAW-RASTER/ECMWF/20170628/EN-31/20170630.en-31.asc
ncols			31
nrows			16
xllcorner		69.5
yllcorner		19.5
cellsize		1.0
NODATA_value	-99999
2.39182 2.57301 3.67737 1.80244 7.03049 5.22232 10.04601 13.38387 12.48932 9.36127 5.83839 8.88062 6.23131 8.30269 10.45227 7.21550 7.01714 5.41306 6.68716 3.60870 2.46620 3.45802 7.19452 7.32040 0.45204 0.44632 1.99699 0.00000 0.01335 0.43106 1.66321
0.04578 0.28610 0.97466 1.14250 14.53781 17.52090 19.75250 8.06427 7.26318 4.50516 3.19481 2.33459 7.55882 3.80325 2.35939 2.43187 1.37138 2.19727 1.80817 1.85585 1.24741 0.48256 6.54984 0.13924 0.18311 0.14687 0.24223 1.21689 0.65613 0.18120 0.94032
0.10109 0.01717 0.00572 0.22697 45.02869 30.57861 18.21518 16.22581 1.63841 1.78909 0.96893 0.69809 1.23215 2.51961 2.62833 0.60463 1.66321 0.32234 3.69453 2.55585 0.86784 1.12915 0.47493 0.27847 0.24605 0.31281 0.05913 0.30136 0.33379 0.12589 0.17166
4.19617 0.19646 0.00000 0.00763 1.14059 10.03838 13.17024 25.54893 13.77869 0.65041 1.13869 1.49727 1.47057 0.56267 1.07384 0.15259 2.39563 0.69427 0.89836 0.60272 1.07574 0.20218 0.21553 0.75722 0.44632 0.11826 1.65558 0.23460 0.27084 0.03815 0.42534
3.14522 0.57602 0.02480 0.59509 2.46239 6.76918 22.52197 14.03809 6.91223 1.64604 0.03242 1.87111 1.39999 1.66702 0.65231 0.15068 0.76103 0.32425 3.49998 2.90298 3.40843 0.69809 0.35477 0.09727 0.09346 0.94795 0.51689 2.07901 0.95558 1.49727 0.86784
2.21825 0.27466 0.02480 0.06294 0.28229 3.22723 25.62714 22.03941 16.37459 12.41875 3.15666 1.07193 1.70708 0.49782 0.54550 1.22643 2.34413 4.84276 7.50351 4.53758 2.50435 2.68364 2.18964 1.26457 2.07520 10.45418 13.80157 7.98798 3.53432 1.62888 0.47112
0.17738 0.01335 0.00763 0.95940 3.13187 17.26341 10.43892 9.40132 12.89177 6.49071 17.89856 9.81903 2.30980 0.82397 0.72479 2.17056 4.21906 3.96347 7.63130 3.77464 4.60434 4.07600 2.57683 3.39699 12.20512 65.10162 38.13362 12.85934 12.60185 11.49750 3.84140
0.08583 0.65422 0.68283 6.87408 12.00867 3.59535 0.96512 0.79727 0.61417 2.98119 8.78906 7.85255 19.18030 19.25659 111.91559 18.75305 45.83168 15.45334 5.62859 6.27136 6.32286 10.65063 5.57709 27.25792 21.25740 27.06718 32.77969 16.71600 56.74744 14.45198 11.17706
1.00708 1.02425 2.01797 5.26047 5.88036 2.88963 1.24359 0.19455 0.55122 0.99564 5.39017 9.34410 13.16452 8.78525 11.41548 15.48576 46.76819 40.00282 101.16196 52.51312 267.62772 100.60310 24.27101 18.08167 20.52689 13.57079 27.06909 86.69472 115.05508 25.62714 12.46452
2.34032 0.48637 0.64087 0.69809 2.14005 4.54330 1.39046 0.90790 1.42288 1.23978 0.07248 6.45447 20.21408 15.46860 15.46669 6.60706 17.44652 7.68089 8.80432 11.61385 8.52013 7.61414 25.41924 9.92966 15.66887 11.86752 21.62361 26.86501 54.58260 23.80180 16.62827
8.15964 12.67624 0.54932 0.25177 1.56021 1.20735 2.49100 1.60408 0.48637 2.81906 3.22914 7.23648 15.23781 16.03127 28.74947 33.62083 9.65500 9.71413 3.78036 4.96101 4.81987 5.31387 22.97592 6.79016 14.09721 9.84383 7.66182 10.46181 42.43279 8.67653 12.55798
23.32115 65.23514 13.10349 11.36398 3.89290 1.00708 2.30217 0.34904 0.42725 2.10762 14.53018 12.85744 43.04123 27.91786 11.50322 14.97269 8.48198 1.44196 1.65558 2.97165 9.83429 10.46562 9.82094 7.40051 23.33069 14.46915 7.37190 10.40840 11.58333 14.95743 14.75906
34.21211 14.87350 6.05583 1.90926 6.72722 2.21443 1.48964 13.36479 1.27602 2.89345 15.13290 79.28085 24.16039 15.26833 18.55087 23.42224 14.56833 1.81580 2.64168 12.14981 12.35771 19.35768 15.84435 15.71655 12.16507 1.63078 4.06647 16.27731 13.09013 14.49776 6.58607
35.04562 7.14493 2.27928 6.99615 3.51143 13.28850 38.26523 18.48602 18.74161 3.15475 24.15848 18.66531 23.33832 26.82877 6.93512 19.21082 5.61333 8.29697 12.33101 21.64078 27.95029 31.15654 7.01523 50.81367 18.27240 0.25177 2.03323 6.50215 14.54353 19.23180 16.54243
12.27951 7.11441 3.49236 8.85010 3.26729 2.40326 6.08826 5.52940 10.10513 18.06831 24.13177 13.45634 25.72441 18.90373 12.46834 18.06450 25.86555 18.08167 39.42871 19.72580 20.45059 18.78166 50.16708 54.62646 30.02930 4.00162 4.65584 2.17628 14.20784 21.49963 19.38820
5.60188 3.32260 5.30243 11.12366 2.46620 2.48337 0.52071 3.28064 6.03294 11.74927 21.39854 29.09470 18.37540 17.35687 6.81496 18.70918 18.61954 32.23419 9.89342 15.45334 16.09230 21.71516 43.60580 55.97115 63.32016 3.67165 16.20674 7.57408 8.21877 5.03349 15.64598
