DATA/RAW-RASTER/ECMWF/20170628/EN-31/20170704.en-31.asc
ncols			31
nrows			16
xllcorner		69.5
yllcorner		19.5
cellsize		1.0
NODATA_value	-99999
1.08337 1.26648 1.44958 0.70190 3.20435 1.19781 4.85229 3.42560 0.16785 0.01526 0.19836 0.03815 0.50354 0.23651 1.72424 1.96075 0.65613 0.67139 0.64087 1.53351 0.32043 0.92316 0.77057 0.48065 1.24359 1.11389 5.27191 2.12860 5.05066 15.94543 3.08990
1.07574 0.02289 3.92914 13.80157 3.41034 0.47302 0.38147 0.23651 0.57220 0.00763 0.00763 0.00000 0.00000 0.05341 0.96130 0.90790 1.34277 3.63922 3.43323 1.12152 1.33514 0.86212 0.38910 0.04578 0.62561 1.03760 4.63104 3.47137 2.83813 2.47955 4.95148
1.79291 5.90515 7.98798 11.75690 0.86212 0.57220 8.27026 0.23651 0.03815 0.00000 0.00000 0.00763 0.00000 0.74768 0.74768 0.91553 6.78253 9.81903 3.41034 1.04523 0.90790 0.93079 0.55695 0.33569 0.91553 1.11389 3.32642 4.53186 8.27026 9.60541 4.84467
3.40271 2.89154 9.84955 15.25116 13.12256 1.87683 0.29755 7.00378 0.00000 0.00000 0.00000 0.03815 0.80872 2.28119 1.44958 9.48334 10.55908 10.58197 0.29755 0.35095 0.43488 0.35858 0.64850 1.27411 0.66376 0.03815 4.15039 2.93732 8.10242 14.19067 7.88879
9.89532 3.75366 3.18146 0.12970 2.27356 6.66046 1.02997 0.83160 1.69373 0.06104 0.00000 0.35095 0.67902 3.90625 1.14441 7.57599 8.68225 22.58301 12.96234 6.25610 4.79889 4.42505 18.43262 0.48065 1.12915 3.12042 1.00708 7.40051 2.76947 2.00653 4.09698
6.98090 0.22888 0.06866 0.00000 0.11444 0.32043 3.07465 3.23486 4.03595 8.84247 30.18951 10.95581 6.39343 3.70789 5.42450 3.82233 7.30896 14.26697 9.89532 4.66919 2.88391 4.46320 6.97327 3.45612 7.40051 1.82343 2.17438 0.70953 8.87299 1.61743 6.69098
0.00000 0.00000 0.00000 0.00000 0.00000 0.05341 0.22888 0.48828 3.36456 9.33838 12.19940 21.92688 17.47131 10.94055 0.95367 12.39014 7.41577 11.90186 1.92261 18.55469 14.59503 15.67841 6.92749 9.78088 11.43646 20.22552 13.31329 10.18524 2.90680 1.99127 5.45502
0.00000 0.00000 0.00000 0.00000 0.00000 0.00000 0.09918 0.99182 2.89154 11.38306 10.11658 12.60376 12.90131 19.43207 18.69202 16.69312 19.10400 21.43860 9.47571 10.61249 9.63593 17.15851 15.55634 23.88000 40.10010 20.86639 14.54163 23.36121 18.44788 15.64026 7.56073
0.00000 0.02289 0.04578 0.09155 0.13733 0.00000 0.00000 0.11444 1.53351 10.65063 8.45337 9.56726 9.41467 10.01740 5.11169 28.38898 14.79340 28.18298 28.99170 88.63831 16.02936 52.09351 78.09448 14.96887 105.52216 29.09851 31.15082 156.62384 114.08997 20.70618 18.72253
0.20599 0.89264 0.45776 1.18256 0.49591 0.00000 0.00000 0.03052 1.02234 5.10406 3.73840 19.46259 9.75037 10.70404 24.29199 15.80048 21.28601 17.20428 20.63751 15.15961 19.98901 85.66284 155.54047 37.62817 20.27893 14.44244 18.44025 35.57587 56.56433 23.07892 21.04950
0.41962 1.33514 1.12915 0.64850 0.02289 0.14496 0.00763 0.05341 1.19019 3.41797 14.22119 25.42114 28.39661 22.27783 12.93945 11.87134 21.10291 16.46423 21.52252 24.77264 13.32855 36.81183 84.81598 17.03644 13.90076 17.52472 8.30841 19.53888 28.16772 16.99829 12.69531
0.47302 0.53406 2.22778 3.84521 1.47247 2.92206 0.53406 0.79346 0.77820 10.15472 27.68707 36.88812 37.05597 41.34369 12.29095 6.44684 28.75519 33.46252 21.29364 20.12634 38.85651 41.79382 9.10950 12.53510 43.16711 9.36127 6.43158 21.67511 15.10620 19.37866 13.11493
0.90790 0.83923 0.41199 0.98419 2.26593 1.67847 0.37384 0.54932 0.33569 19.35577 72.02148 158.38623 76.31683 28.10669 10.14709 22.17865 3.15094 4.33350 3.37219 2.86102 24.35303 57.99103 28.51868 48.95020 35.46143 3.49426 2.98309 6.15692 8.57544 7.43866 6.85120
1.80817 2.21252 0.45013 1.96075 4.91333 1.95312 1.08337 4.00543 3.66974 3.63922 2.80762 9.36127 28.70941 12.06970 2.23541 3.99017 0.79346 3.77655 5.15747 18.29529 16.96014 46.06628 64.61334 135.74219 7.01904 11.99341 3.41034 4.00543 7.89642 5.07355 2.95258
2.31934 3.65448 2.92969 5.45502 5.84412 2.28119 2.69318 2.54822 2.35748 4.73785 2.24304 1.92261 3.46375 1.44196 0.78583 0.75531 0.09155 0.93079 6.87408 16.93726 62.30927 57.97577 89.99634 53.66516 3.26538 2.80762 7.42340 4.02832 7.13348 14.55688 2.69318
2.36511 6.16455 6.73676 10.47516 1.37329 2.70844 1.62506 2.76184 2.29645 1.54877 1.65558 2.31934 0.25177 1.15967 1.01471 0.17548 6.90460 0.38147 6.85883 15.57922 34.50775 56.74744 52.84119 65.78827 75.18005 4.93622 22.63641 10.60486 4.75311 2.91443 2.04468
