DATA/RAW-RASTER/ECMWF/20170628/EN-31/20170705.en-31.asc
ncols			31
nrows			16
xllcorner		69.5
yllcorner		19.5
cellsize		1.0
NODATA_value	-99999
0.21362 0.85449 3.31116 2.83813 6.29425 8.59833 5.07355 4.14276 0.62561 0.03815 1.48010 1.22070 1.30463 0.46539 1.04523 0.83923 7.46155 10.01740 10.65063 5.71442 8.78906 6.85120 4.40979 8.72040 15.44189 7.97272 5.53131 0.72479 0.39673 1.31989 2.42615
0.01526 1.47247 2.34985 2.98309 3.28827 0.93842 0.55695 0.50354 0.72479 0.00763 0.20599 0.02289 0.03815 0.38147 0.82397 0.86212 1.31989 0.96130 1.02997 4.18091 3.87573 5.37872 6.33240 8.43048 10.78033 1.71661 1.12915 3.86047 4.08173 6.37817 2.98309
0.04578 2.67029 0.46539 6.06537 3.83759 3.54767 1.38855 0.25940 0.03815 0.00000 0.00000 0.00000 0.00000 0.00000 0.28229 0.46539 6.99615 2.01416 2.77710 7.60651 5.69916 7.67517 7.99561 4.50897 6.98853 6.75964 3.93677 1.89972 1.47247 1.22070 5.10406
0.25177 1.74713 0.86212 2.02942 14.82391 7.94983 0.66376 2.57111 0.03052 0.00000 0.00000 0.00000 0.00000 0.60272 4.82941 0.96130 7.91168 4.35638 2.14386 4.77600 3.67737 11.74164 13.99994 14.90784 6.47736 1.14441 1.54114 5.94330 8.41522 6.54602 6.62231
1.03760 0.58746 0.21362 8.62122 6.46210 5.07355 7.94983 1.29700 2.04468 0.06866 0.00000 0.06104 1.15967 0.94604 0.99945 6.08063 5.13458 10.60486 6.57654 4.03595 5.37109 6.08063 3.60107 1.50299 0.34332 1.28937 0.56458 1.39618 5.14221 6.79779 2.92969
6.01959 0.09918 1.09863 0.29755 5.47028 3.48663 0.90790 1.64032 3.49426 3.99017 7.09534 3.06702 2.33459 1.42670 6.95038 13.86261 7.53021 7.08008 8.43811 2.87628 1.86920 5.30243 6.90460 10.07080 6.29425 6.08826 1.15204 0.27466 5.71442 3.44849 8.90350
0.24414 0.59509 0.45776 0.01526 0.04578 0.00000 0.00000 0.18311 1.18256 5.99670 4.79889 12.06207 12.22229 11.21521 1.22833 8.06427 7.04956 9.75037 8.88062 6.86646 4.24194 14.55688 11.30676 10.52856 5.85175 12.30621 15.16724 5.95093 2.93732 5.24902 5.99670
0.00000 0.00000 0.00000 0.00000 0.00000 0.00000 0.00763 0.05341 0.29755 1.01471 5.99670 3.96729 12.09259 32.44781 35.82764 54.72565 15.41901 5.21851 5.73730 29.86145 9.10950 13.17596 12.91656 15.71655 22.88818 13.63373 64.59808 7.37000 17.90619 3.05939 20.33997
0.00763 0.36621 0.99182 0.54932 0.20599 0.03052 0.00000 0.00000 0.08392 0.41199 2.86102 7.73621 10.31494 18.27240 6.64520 12.24518 3.49426 29.80042 67.19208 172.47772 67.08527 86.76147 51.00250 12.27570 7.43866 3.87573 6.33240 106.68182 48.40851 6.91986 6.75964
0.22888 1.54114 0.93079 2.24304 0.73242 0.25940 0.00000 0.00000 0.01526 0.00000 0.16022 8.49152 13.90839 12.33673 16.28113 1.77765 5.60760 7.88879 11.45172 14.48822 19.56177 93.95599 23.27728 5.71442 17.89093 18.41736 19.78302 24.39117 20.21790 2.96783 3.37219
0.92316 1.87683 2.60925 1.84631 1.16730 1.36566 0.05341 0.14496 0.00000 0.25940 2.58636 14.41956 23.55194 266.81519 41.96167 10.26154 1.57166 11.39069 6.20270 15.18250 13.10730 48.40088 46.01288 19.12689 29.73175 21.53778 9.68933 5.28717 11.31439 7.33948 6.11115
0.70953 1.54114 2.66266 4.44794 2.06757 2.90680 3.37982 5.09644 3.24249 3.21960 17.96722 21.67511 53.71857 39.61945 124.16840 7.21741 8.57544 2.60162 1.57928 8.34656 17.83752 20.49255 5.64575 5.19562 12.08496 13.73291 3.32642 8.17871 7.02667 7.02667 6.66809
1.10626 0.74768 0.35858 1.38855 3.02124 2.24304 0.47302 0.19836 1.13678 9.92584 21.08002 15.76996 35.53009 45.76111 95.91675 5.68390 2.25067 0.49591 4.36401 12.16888 10.42175 22.96448 24.74976 12.06207 8.66699 1.06049 5.88226 10.77271 10.61249 14.16779 12.36725
1.26648 1.44196 0.28229 2.15149 4.55475 1.67847 1.38092 1.39618 0.99182 0.83923 5.99670 6.76727 17.31873 14.43481 2.79999 2.48718 2.76184 1.51825 5.02777 2.83051 13.72528 15.44189 24.48273 33.82874 0.28992 0.35858 2.18964 19.18793 30.02167 22.41516 8.31604
2.93732 2.13623 1.85394 3.97491 3.76129 1.65558 0.60272 0.81635 1.03760 0.61035 0.80109 2.19727 5.25665 9.07135 5.36346 3.23486 2.37274 0.56458 4.62341 7.56836 7.88116 15.36560 40.32898 26.50452 4.70734 0.05341 2.49481 1.10626 0.30518 6.83594 8.27789
1.64795 3.95203 4.76074 6.24084 1.02234 1.21307 1.51825 1.94550 0.72479 1.46484 1.51825 1.02234 1.16730 1.93024 3.38745 0.83160 0.38910 1.81580 2.50244 3.18146 6.69861 9.78088 20.68329 24.80316 23.62823 6.88171 5.22614 2.33459 1.19781 1.26648 4.44031
