DATA/RAW-RASTER/ECMWF/20170628/EN-11/20170707.en-11.asc
ncols			31
nrows			16
xllcorner		69.5
yllcorner		19.5
cellsize		1.0
NODATA_value	-99999
2.21252 0.35858 0.16022 0.84686 0.00000 0.00000 0.38910 0.41199 0.70953 0.41199 0.39673 0.59509 2.51770 4.65393 4.28009 0.67902 3.35693 3.27301 2.26593 2.57111 2.81525 1.85394 3.08990 3.37219 3.62396 3.88336 5.76782 3.31879 2.04468 0.75531 0.85449
0.51880 1.55640 0.46539 0.28229 2.01416 0.97656 0.31281 0.61798 0.10681 0.03815 0.07629 0.06866 0.45776 0.72479 0.75531 0.44250 0.37384 0.84686 1.29700 2.23541 2.93732 3.69263 2.27356 7.53784 6.60706 4.46320 3.18909 1.26648 0.14496 0.94604 3.41797
0.16785 2.23541 0.35858 0.90027 5.27954 1.91498 1.34277 0.01526 0.00000 0.01526 0.00000 0.11444 0.15259 0.12207 0.08392 0.09918 0.22888 0.31281 0.40436 0.86975 2.22778 2.84576 10.12421 7.08008 4.79126 1.71661 1.93787 0.18311 0.99945 1.21307 4.26483
0.77057 1.15204 0.45013 2.64740 4.15039 2.96021 0.57983 1.86920 0.01526 0.00000 0.00000 0.00000 0.00000 0.12207 0.50354 1.50299 0.45776 0.90027 3.05939 3.49426 4.47845 5.11169 8.28552 6.54602 0.16022 0.00000 0.86975 1.73950 0.54932 5.79071 3.92914
0.74768 0.15259 0.27466 0.53406 2.18201 1.35803 0.99945 0.09155 0.41199 0.03052 0.00000 0.07629 0.06866 1.03760 0.71716 1.75476 1.30463 6.71387 1.26648 4.04358 7.85828 9.04846 7.76672 1.08337 0.40436 0.80109 0.26703 0.99945 4.38690 4.28772 3.79944
0.86975 0.22888 1.04523 0.48065 0.62561 2.51770 2.15149 0.73242 1.13678 1.22833 10.40649 1.73187 0.61035 0.53406 0.67902 15.17487 17.36450 10.76508 8.38470 19.38629 25.71869 10.74982 3.80707 9.35364 3.94440 1.26648 0.84686 4.73022 4.25720 4.51660 5.55420
0.00000 0.00000 0.01526 0.04578 0.50354 0.58746 0.41199 0.35095 0.69427 1.25885 1.79291 6.05011 5.40161 2.12097 1.27411 3.28827 3.55530 6.34003 7.57599 12.68768 15.77759 21.78955 29.62494 4.11224 10.60486 56.58722 14.44244 6.65283 5.53894 14.37378 13.99994
0.00000 0.00000 0.00000 0.00000 0.06104 0.15259 0.00763 0.03052 0.11444 0.45776 2.17438 2.38800 7.64465 7.76672 9.78851 4.68445 7.19452 7.59125 3.95203 5.05066 7.15637 9.98688 9.74274 13.10730 29.54865 23.46039 74.00513 18.56995 27.14539 8.33130 16.79993
0.00000 0.00000 0.00763 0.10681 0.17548 0.07629 0.11444 0.06866 0.03052 0.09155 0.86212 2.64740 16.33453 9.33838 4.40979 6.10352 7.40051 3.65448 33.96606 12.19940 27.35901 13.70239 15.99884 16.07513 8.05664 4.64630 5.16510 6.34003 22.05658 24.17755 28.27454
0.12970 0.41962 0.41962 0.64087 0.99945 1.26648 0.89264 0.05341 0.00000 0.03052 0.32806 3.27301 7.23267 19.14978 3.74603 3.63922 5.15747 11.74164 8.33130 12.30621 5.07355 3.60107 10.10895 4.51660 4.66156 18.35632 10.36835 21.59119 22.17102 14.87732 5.24139
0.32806 0.71716 0.53406 0.81635 0.06104 0.44250 1.27411 0.99182 0.96130 0.30518 5.50842 3.00598 8.52203 29.56390 25.16174 4.36401 2.54822 8.31604 3.68500 2.62451 7.92694 7.11823 8.07953 4.50134 2.75421 7.85828 11.55853 22.70508 4.27246 13.86261 7.65991
0.45013 0.53406 0.92316 1.35803 0.37384 1.38855 1.33514 1.86920 0.67139 0.82397 0.86212 1.66321 3.76129 19.67621 14.40430 10.60486 7.41577 6.47736 9.42993 12.08496 4.66919 1.60217 1.97601 2.75421 15.28931 7.34711 4.21143 8.25500 7.10297 16.48712 27.68707
0.93842 2.17438 0.40436 1.57166 3.84521 2.43378 1.56403 2.01416 0.61035 0.67902 1.02997 3.11279 2.06757 10.13184 3.76129 10.68878 12.53510 25.53558 10.65063 9.39178 2.57111 3.09753 2.05231 4.37927 24.71924 12.77161 5.82123 19.28711 5.77545 6.71387 25.46692
1.05286 0.53406 0.14496 2.82288 3.21198 2.12097 2.44141 2.24304 3.01361 2.88391 5.21088 2.62451 1.03760 3.32642 20.00427 21.65985 21.26312 21.70563 12.40540 17.02881 4.31824 10.96344 0.96130 1.49536 11.24573 0.53406 1.38855 5.92804 14.95361 19.55414 7.38525
3.39508 1.57166 1.80054 5.41687 1.10626 1.25122 0.47302 1.25885 1.28937 0.36621 0.23651 1.30463 0.42725 1.00708 9.96399 36.95679 11.62720 10.10895 10.08606 8.14056 5.84412 3.10516 6.47736 1.60217 1.21307 3.13568 4.74548 7.10297 4.24957 11.71875 23.23151
2.22778 2.48718 4.53949 5.56946 2.33459 2.23541 1.75476 1.19019 1.77765 7.75909 2.93732 0.65613 0.49591 11.71112 7.46155 3.92914 6.75201 6.00433 11.53564 6.36292 7.80487 4.44794 7.88116 7.05719 5.82123 2.31934 3.48663 8.85010 6.66809 12.79449 6.78253
