DATA/RAW-RASTER/ECMWF/20170628/EN-11/20170710.en-11.asc
ncols			31
nrows			16
xllcorner		69.5
yllcorner		19.5
cellsize		1.0
NODATA_value	-99999
0.94604 3.89862 12.55035 3.54004 3.88336 1.04523 0.08392 0.28992 0.71716 0.43488 0.93842 0.90027 0.79346 0.26703 0.22125 0.22888 1.28937 7.72858 9.87244 10.71167 9.91821 7.75146 8.31604 7.71332 6.18744 0.77057 0.03052 0.00000 0.03815 0.00000 0.00000
0.11444 0.29755 4.31061 5.50842 4.88281 1.18256 2.64740 0.73242 0.20599 0.06104 2.18201 2.45667 0.89264 0.37384 0.15259 0.10681 0.65613 2.80762 2.46429 4.43268 3.28064 6.54602 6.98090 9.38416 18.77594 5.16510 0.68665 0.11444 0.00000 0.00000 0.00763
22.59064 53.72620 6.83594 13.91602 13.26752 23.30780 15.50293 2.96021 5.31769 0.35858 5.18799 3.13568 0.00763 0.04578 0.02289 0.00763 0.11444 0.38147 4.40216 1.90735 3.34167 2.63214 10.50568 6.82068 5.34058 4.66156 3.26538 0.35858 0.28229 0.04578 0.14496
20.88928 2.26593 97.54181 17.34161 4.62341 6.09589 4.69208 13.99231 1.02997 2.25067 6.15692 7.40814 0.38147 0.70190 0.00000 0.00763 0.12207 0.11444 1.09100 1.33514 5.82123 1.74713 2.91443 4.76837 4.67682 3.71552 11.84845 8.09479 5.98145 2.96783 0.36621
6.29425 0.53406 0.68665 0.00000 1.27411 17.99011 4.35638 3.88336 36.79657 2.12097 2.28882 4.60815 8.53729 0.12970 0.30518 0.04578 0.16022 0.10681 0.83160 0.62561 1.77765 5.13458 6.74438 12.33673 5.40161 6.06537 9.90295 11.32202 7.56836 2.01416 2.76947
1.07574 0.00000 0.00000 0.00000 0.00000 5.04303 13.11493 15.24353 13.15308 38.04779 22.52960 16.62445 6.06537 1.65558 1.12152 0.15259 0.12207 0.19836 0.30518 0.43488 0.41199 4.71497 7.24792 6.66809 11.98578 16.89911 6.37817 7.99561 19.74487 18.69202 15.03754
0.00000 0.00000 0.00000 0.04578 0.25177 0.77057 15.12909 23.10944 14.86969 34.95026 77.23236 43.64777 9.54437 9.45282 2.24304 1.56403 1.29700 0.88501 1.62506 1.22070 3.39508 5.24139 3.05176 4.75311 16.18958 7.71332 11.48987 14.36615 19.92035 27.94647 21.19446
0.00000 0.00000 0.00000 0.00000 0.06104 0.49591 2.73132 6.66046 14.37378 11.62720 14.33563 6.31714 6.41632 12.14600 2.46429 12.98523 5.81360 1.66321 0.74768 4.90570 6.65283 11.05499 4.85992 42.35077 46.34094 127.25067 28.08380 9.88770 62.83569 12.93182 23.38409
0.00000 0.00000 0.00000 0.00000 0.49591 0.97656 1.52588 7.10297 16.05988 12.94708 10.26917 7.78198 10.27679 16.99066 5.59998 4.13513 5.81360 4.80652 6.42395 23.17047 16.86859 29.28925 22.81952 18.66150 12.51221 10.99396 44.82269 45.20416 14.09912 14.22119 37.26196
0.00000 0.00000 0.06104 0.05341 0.66376 0.45776 0.71716 1.91498 5.44739 7.40814 8.39233 10.22339 11.36780 7.72858 5.63049 3.94440 5.58472 8.36945 13.80157 24.62769 14.15253 18.14270 22.90344 34.70612 1.83105 14.25934 16.33453 13.54980 51.59760 21.47675 20.75195
0.06866 0.03815 0.19073 1.91498 1.02997 0.70190 0.91553 3.34930 2.35748 3.50189 13.19885 13.05389 2.76947 6.30188 1.44958 0.90790 0.29755 0.39673 1.12915 3.47900 19.17267 25.09308 29.78516 43.09845 4.58527 12.16125 6.70624 5.14221 57.94525 16.76178 13.33618
0.18311 0.51880 2.51007 0.80109 1.48773 1.28174 1.49536 10.08606 8.01849 3.32642 10.26154 6.10352 1.70898 1.24359 0.84686 1.29700 0.28992 0.10681 0.45013 1.05286 1.93787 3.71552 11.99341 14.92310 24.03259 8.75854 0.83923 3.51715 10.74219 5.38635 13.71002
0.54932 1.02997 0.86975 0.45776 1.08337 5.95093 6.25610 15.25879 18.77594 13.83209 11.23810 8.69751 1.19781 2.06757 1.34277 2.94495 0.76294 0.88501 1.25122 0.93842 9.83429 6.62231 6.72150 26.50452 6.64520 1.50299 1.02997 20.86639 8.43048 5.88226 2.98309
1.38855 2.93732 0.25177 5.51605 1.57166 3.19672 18.27240 23.13232 12.29858 12.84790 7.69806 6.34003 1.24359 2.28882 0.69427 2.57874 1.55640 1.20544 1.60217 1.96838 3.75366 5.59998 12.18414 10.42175 1.97601 1.02234 1.51062 7.56836 27.27509 3.79181 2.32697
2.09045 5.78308 4.53186 5.52368 3.86047 1.55640 0.80109 3.31879 3.29590 2.88391 4.62341 12.39777 2.71606 1.70135 1.90735 1.92261 1.99890 2.51007 2.00653 1.00708 1.39618 2.17438 6.30951 4.51660 2.58636 2.14386 2.54059 1.38092 1.64032 5.85175 17.45605
0.71716 1.99890 5.72968 12.19177 0.82397 1.87683 1.27411 22.91107 8.41522 3.84521 9.55200 12.60376 1.63269 9.99451 3.86047 9.51385 15.24353 2.35748 4.34113 3.10516 2.44904 3.63922 11.58905 23.43750 12.90894 1.44958 2.89917 3.66211 1.73950 5.95856 3.15094
