DATA/RAW-RASTER/ECMWF/20170628/EN-11/20170708.en-11.asc
ncols			31
nrows			16
xllcorner		69.5
yllcorner		19.5
cellsize		1.0
NODATA_value	-99999
1.93787 1.27411 1.36566 1.38855 0.00000 0.00000 0.00000 0.04578 0.04578 0.00000 0.00000 0.05341 0.73242 2.91443 2.83813 8.45337 6.72913 8.85773 7.56836 23.44513 9.39941 3.52478 0.57983 1.38855 4.08173 3.41034 2.57874 5.20325 4.82178 4.94385 9.37653
1.03760 0.09918 6.99615 9.68170 1.98364 0.00000 0.00763 0.34332 0.01526 0.00763 0.34332 0.26703 0.59509 1.53351 1.08337 1.78528 1.71661 3.62396 8.75854 7.96509 13.50403 9.87244 2.81525 2.24304 4.39453 8.39233 10.52094 10.26154 13.72528 15.26642 14.59503
0.12207 0.53406 0.51880 2.82288 6.83594 10.72693 2.25067 0.00000 0.50354 0.00000 0.19836 0.00000 0.15259 0.07629 0.34332 0.36621 0.57220 0.96893 1.58691 7.12585 6.04248 3.29590 3.72314 8.90350 16.51764 24.74976 23.30780 26.61896 25.59662 17.02881 11.54327
0.22888 0.00000 0.38910 0.87738 4.92096 8.75854 10.96344 12.33673 0.03052 0.00763 0.00000 0.00000 0.01526 0.22125 0.32806 0.30518 0.31281 2.11334 1.89209 3.70789 6.71387 6.00433 8.09479 31.02875 14.54926 5.22614 3.99017 4.27246 7.11823 10.33783 11.14655
0.00000 0.00000 0.01526 0.22888 2.16675 6.67572 1.53351 4.52423 1.24359 0.04578 0.01526 0.01526 0.19836 1.53351 1.67847 0.72479 1.00708 5.27954 2.69318 4.50134 10.63538 7.89642 14.96887 11.87897 4.95148 3.00598 1.45721 0.81635 2.42615 4.92859 3.63922
2.02942 0.00763 0.02289 0.04578 0.46539 2.18201 1.99127 3.83759 5.84412 2.45667 10.76508 2.30408 10.58197 0.22125 0.88501 1.87683 13.59558 4.77600 12.03156 10.98633 3.92914 9.42230 12.96234 19.28711 8.47626 10.26154 4.85229 1.35040 2.84576 2.20490 9.44519
0.00000 0.00000 0.00000 0.05341 0.03815 2.34222 3.09753 4.25720 2.96783 4.95911 5.15747 5.95093 11.18469 7.68280 3.72314 10.43701 8.27789 9.22394 8.46100 10.93292 14.25171 23.02551 28.16772 9.12476 12.51984 33.34808 6.47736 4.53186 12.15363 9.37653 7.27081
0.00000 0.00000 0.00000 0.05341 0.12207 0.48065 1.01471 0.13733 0.00763 0.57220 1.78528 4.73022 18.18085 22.47620 22.11761 99.27368 17.74597 12.85553 20.47729 13.47351 13.78632 18.58521 3.63922 40.63416 5.43976 5.15747 10.70404 4.02832 15.44952 4.51660 4.69971
0.00000 0.00000 0.31281 0.83160 0.67139 0.25940 0.02289 0.00000 0.00000 0.02289 0.38147 0.16785 4.69971 5.85938 5.11169 10.33020 16.92963 14.64844 68.78662 21.98029 17.55524 16.03699 14.19830 17.48657 20.69855 37.50610 2.93732 10.93292 9.69696 5.74493 20.43152
0.04578 0.54169 1.41907 1.39618 1.29700 0.69427 0.86212 0.04578 0.00000 0.00000 0.00000 0.38910 1.74713 8.25500 8.43048 3.18909 4.37164 6.14166 5.53894 10.52856 9.29260 16.83044 36.30066 29.72412 31.76880 22.71271 12.83264 30.54810 5.40161 9.49860 12.72583
0.47302 1.15967 2.28882 1.09100 0.24414 0.64850 0.99182 1.30463 0.03815 0.00000 0.14496 1.86157 2.31171 7.58362 5.92041 7.82776 4.26483 4.83704 3.96729 5.47028 4.65393 10.55145 15.22827 12.05444 5.63049 21.15631 9.22394 17.46368 6.99615 7.40051 2.68555
1.02234 0.55695 1.65558 5.14984 3.48663 0.93079 0.69427 1.91498 0.57220 0.07629 0.12970 0.43488 3.71552 4.07410 10.07843 3.73840 3.57056 11.20758 6.10352 2.05994 2.30408 3.32642 15.57159 29.56390 8.91113 24.22333 14.38904 8.91113 6.27136 9.78088 13.92365
1.25885 2.02179 0.75531 2.25830 4.50897 2.73132 0.80109 1.99890 2.15149 0.46539 0.77820 0.98419 2.19727 5.33295 11.75690 8.81958 5.53894 3.79944 5.05829 5.09644 1.93787 6.82068 10.76508 18.51654 7.37000 10.48279 5.14221 14.75525 9.51385 3.89862 8.88062
2.02942 1.15204 1.59454 5.41687 4.60052 1.05286 2.15149 4.94385 1.57928 3.42560 2.35748 10.45227 5.45502 5.59998 25.45929 12.70294 5.59998 11.32965 4.27246 2.23541 1.52588 8.18634 2.22015 4.02069 3.10516 4.85229 6.02722 13.19122 3.59344 9.65118 4.69971
2.37274 2.01416 1.73950 5.92804 3.54004 1.85394 2.36511 0.43488 0.29755 0.52643 9.71985 7.33185 10.00977 10.53619 36.94153 20.85876 10.39124 4.32587 4.17328 1.91498 2.45667 5.62286 7.57599 2.31171 3.21960 0.77057 1.25885 9.39941 10.65063 5.63812 2.06757
1.86920 2.70844 6.73676 7.10297 0.93842 1.98364 0.38147 0.74768 0.65613 0.04578 0.41962 2.04468 2.17438 11.26862 8.99506 44.82269 16.75415 13.95416 7.58362 3.15857 1.48773 4.89807 6.75964 11.49750 6.34003 3.17383 1.17493 8.82721 10.87189 2.56348 7.70569
