DATA/RAW-RASTER/ECMWF/20170628/EN-11/20170709.en-11.asc
ncols			31
nrows			16
xllcorner		69.5
yllcorner		19.5
cellsize		1.0
NODATA_value	-99999
0.34332 0.23651 2.23541 1.64032 0.00763 0.00000 0.00000 0.00763 0.04578 0.00000 0.01526 0.01526 0.03052 0.06104 1.16730 3.15094 1.81580 3.93677 8.45337 11.07788 6.76727 3.66211 2.18964 0.14496 0.06104 0.00763 0.00763 0.00000 0.00000 0.00000 0.00000
0.00000 0.09155 7.13348 8.88062 6.80542 1.67847 0.25940 0.00000 0.00000 0.00000 0.01526 0.00000 0.00000 0.08392 0.50354 3.00598 2.06757 3.94440 9.08661 10.95581 8.22449 8.91113 4.24194 1.35040 0.54932 0.77057 1.19019 0.57983 0.66376 0.01526 0.09918
0.19073 1.51062 0.97656 6.19507 4.48608 12.29858 6.94275 0.13733 0.16022 0.00000 0.15259 0.96130 0.01526 0.00000 0.03815 0.03815 0.57220 1.45721 2.19727 5.81360 7.55310 8.32367 3.26538 2.54059 6.50024 10.78033 9.67407 7.27081 1.85394 0.36621 1.22833
0.86212 0.02289 0.80109 2.81525 3.70026 9.59015 6.02722 11.09314 0.83923 1.31989 1.60217 0.72479 0.12970 1.53351 0.46539 0.27466 2.47955 2.00653 1.76239 1.48010 3.09753 6.27899 2.12860 0.54932 4.72260 9.58252 20.39337 9.02557 4.77600 3.30353 3.63922
2.38037 0.00000 0.00000 0.15259 3.35693 6.29425 2.98309 2.88391 15.40375 0.67139 0.32806 2.14386 3.37219 2.45667 2.31171 1.44196 1.68610 5.47028 2.56348 3.41797 7.56836 15.03754 9.31549 7.37000 10.03265 11.06262 13.61847 12.11548 14.49585 9.93347 8.59833
0.05341 0.00000 0.00000 0.18311 0.39673 3.22723 2.60162 7.75146 10.75745 18.56232 19.68384 5.34821 3.45612 1.89972 4.80652 5.85938 7.41577 3.26538 10.10132 12.93182 7.98035 15.83862 6.07300 7.34711 16.02173 26.94702 9.16290 7.29370 17.79938 14.40430 19.64569
0.00000 0.00000 0.00000 0.01526 0.06866 1.46484 0.98419 1.39618 1.34277 17.35687 5.28717 37.98676 18.88275 9.65881 3.05176 13.32855 9.29260 11.29150 12.84790 12.47406 7.72858 3.53241 5.02014 10.76508 14.56451 50.12512 5.24139 8.79669 8.60596 4.98199 11.84082
0.00000 0.00000 0.00000 0.00000 0.06104 0.02289 0.48828 0.56458 4.02069 5.45502 2.24304 1.38855 23.25439 8.14819 43.60199 59.22699 17.48657 4.72260 5.53894 4.90570 12.16125 18.34106 5.44739 35.61401 30.27344 22.24731 17.53998 22.75848 30.26581 6.50024 11.08551
0.00000 0.00000 0.00763 0.29755 0.21362 0.18311 0.17548 0.62561 0.00000 0.96130 2.08282 1.47247 13.36670 10.95581 9.30023 11.56616 4.47083 4.44794 46.92841 54.31366 27.09961 44.17419 20.03479 21.78955 8.18634 13.22937 24.85657 10.65063 12.67242 8.30841 14.68658
0.00763 0.04578 0.25940 1.22833 2.73895 2.18201 0.48065 0.26703 0.05341 0.04578 3.28064 4.16565 5.68390 15.38086 7.64465 7.43866 1.73950 1.96075 6.06537 14.08386 10.24628 5.36346 25.06256 2.99072 12.36725 24.35303 8.94165 30.03693 18.54706 8.12531 4.52423
0.21362 1.17493 0.43488 3.47900 1.01471 0.74005 1.36566 6.17981 0.68665 0.12970 2.66266 1.76239 10.94055 3.22723 2.77710 7.48444 1.13678 4.40216 4.32587 2.54822 4.34113 19.32526 22.83478 21.62933 4.70734 2.28882 6.65283 10.23102 15.15198 9.36890 6.06537
0.54932 0.68665 1.69373 2.86102 9.16290 1.89209 0.61035 2.31171 19.00482 1.99890 1.38855 8.97217 1.22070 1.75476 2.22778 1.72424 1.60980 1.13678 1.64032 2.51007 8.83484 7.98798 10.69641 48.49243 5.93567 3.02124 9.23920 39.41345 7.31659 4.97437 11.88660
0.50354 1.89972 1.84631 6.35529 122.07794 2.88391 2.71606 3.76892 16.94489 16.50238 31.15082 9.74274 3.93677 1.31226 1.15967 1.22070 1.04523 1.67847 2.41852 4.08936 10.49805 1.19781 5.02777 35.44617 6.35529 9.20868 1.90735 11.32965 13.54980 24.72687 14.85443
3.04413 3.86047 3.18909 6.08063 11.94000 18.60046 1.35040 10.66589 7.48444 13.76343 41.74805 21.40808 11.93237 1.41144 1.24359 4.69208 2.19727 1.85394 3.99017 1.45721 2.05231 6.05774 2.67029 9.07898 6.91223 6.77490 8.12531 32.27997 12.69531 6.12640 1.93787
1.96838 2.15149 2.18964 5.09644 5.26428 3.63159 1.65558 2.48718 9.09424 8.34656 1.35803 14.73236 7.22504 13.77869 5.81360 2.05994 5.21851 1.50299 1.96075 1.07574 1.56403 2.10571 2.88391 8.23975 12.84027 1.14441 0.46539 7.74384 20.46967 3.21960 7.02667
1.56403 5.22614 3.48663 13.54980 1.64795 2.66266 1.76239 1.95312 4.98962 13.38196 9.96399 10.49805 15.42664 18.11981 7.87354 5.31006 2.34985 16.00647 2.35748 2.22015 0.88501 1.86157 4.40979 10.10132 79.66614 4.85992 4.35638 2.73132 24.41406 4.90570 11.69586
