DATA/RAW-RASTER/ECMWF/20170628/EN-11/20170701.en-11.asc
ncols			31
nrows			16
xllcorner		69.5
yllcorner		19.5
cellsize		1.0
NODATA_value	-99999
0.26703 3.39508 0.98038 2.17438 2.02942 0.04196 0.46158 0.14496 0.09918 0.08392 0.09537 0.30136 0.32043 0.13351 0.02670 0.21362 0.52643 4.22287 3.59344 3.93295 1.91116 2.17819 1.81961 1.69754 1.75476 4.18091 11.07025 17.59338 16.54053 11.92856 4.69589
0.02670 0.12589 0.85831 2.21252 2.10571 0.00000 0.01526 0.77820 0.03052 0.09537 2.62070 0.67139 0.57602 0.16022 0.08011 0.03052 0.54169 1.27792 3.73077 8.98361 7.65991 9.56726 5.90134 3.51334 4.38690 7.50351 10.73837 12.87842 18.25714 12.77161 5.24139
0.00763 0.10681 0.50354 2.38800 4.97055 4.29916 4.98962 0.06104 0.09537 2.02560 1.17111 4.50134 1.08337 0.09537 0.25940 0.05341 0.86975 0.49591 3.02505 4.63867 6.04248 12.18796 5.92041 10.80322 16.65878 12.61520 14.50348 15.44952 17.53998 17.68494 10.86807
0.03052 0.15259 0.09918 0.33188 0.60272 1.59454 4.52042 1.40381 0.13351 0.75912 1.59836 5.76401 4.56619 6.03104 1.47629 0.40054 0.61798 2.36511 2.29645 5.90515 6.47736 12.62665 16.65115 12.71439 10.07462 11.90948 15.37704 10.09369 13.25989 14.33945 16.47568
0.03815 0.27084 0.14877 0.37003 1.34277 4.77219 8.94547 22.36557 20.77866 2.42996 1.19019 3.89481 5.24902 7.71332 7.37000 1.01089 0.82779 2.70081 1.99890 3.95203 11.48605 13.40866 14.19449 9.55582 13.51547 12.55798 14.18686 9.05228 10.22339 9.61685 15.30838
1.04141 0.33188 0.22125 1.19781 4.72260 9.39178 15.74326 9.31549 6.38962 51.70822 32.23419 19.48166 7.43484 6.44302 8.92639 8.90732 6.09207 0.99182 1.66702 3.27682 12.16125 8.65936 9.71603 16.07513 9.45663 15.68222 7.64847 6.38580 8.20160 9.37271 12.28714
0.06866 0.44250 0.30518 4.69208 8.89969 11.96289 1.87302 9.70840 9.99069 9.94110 16.52527 40.41290 41.17203 11.11221 13.08823 9.93729 6.91223 3.54767 3.92532 12.76779 5.17654 5.27573 8.25119 11.00159 11.27243 45.17746 46.49353 15.19012 2.89536 8.46100 11.39069
0.17166 0.96512 2.02560 7.16782 4.49371 9.05228 7.14874 6.45065 10.18906 7.43866 6.96564 5.64575 22.70508 23.86856 17.68875 7.28989 12.15744 5.55038 1.03760 7.75146 4.53949 9.14764 3.97873 37.28104 35.49957 34.11865 68.63403 48.39706 41.37039 7.56454 6.13403
0.31281 5.02396 20.15305 7.44629 1.42288 0.97275 6.53839 7.99561 2.19345 15.94162 2.68555 2.62451 5.78690 1.72424 1.77383 8.23212 5.32532 8.44193 2.84958 7.86209 88.24158 83.72498 37.77313 73.97842 6.19888 27.95029 21.23260 108.00552 88.53531 23.66257 2.46429
0.18692 18.71490 34.76334 14.80103 2.07520 2.60162 1.22452 7.03049 11.96289 6.35910 14.57977 3.92914 9.90295 2.29263 2.44904 2.61307 2.52914 7.57217 12.30621 24.01733 15.08331 52.55890 75.16861 11.18851 13.34000 19.82117 32.62329 13.62610 33.45490 29.20151 7.01141
0.02289 6.46973 56.10657 70.02258 13.56506 4.96674 2.13623 3.65067 4.33350 7.98035 14.18304 9.34601 4.27628 3.76892 9.71222 1.81198 1.81580 1.33133 6.66046 11.21521 10.60104 21.05713 81.44379 25.00534 16.05606 2.75421 3.14331 5.81360 42.76276 15.63263 14.72092
0.19455 1.02997 37.90283 96.49277 63.30109 10.05936 6.98471 25.93231 66.30707 7.76291 27.09198 16.39557 14.53400 11.14655 18.13889 12.74109 3.96729 3.31116 3.46375 11.56235 13.25226 7.37381 9.20486 1.11771 7.09534 2.50244 0.71335 7.50351 13.28278 14.61792 11.49750
0.24796 1.66321 29.15573 27.00043 35.70175 27.91214 8.53348 30.18951 27.71378 33.32520 227.45895 11.18469 26.67618 38.07068 40.13062 4.20761 0.82779 1.23596 1.36948 3.49045 15.72800 21.93832 14.52255 16.94489 6.25610 1.70135 1.25885 2.39563 14.44626 24.15848 7.64847
1.50681 1.30081 0.21744 14.51492 18.99719 19.38248 50.07553 32.68051 33.30994 34.83963 64.09073 328.22418 68.43185 63.30109 24.26910 4.43268 0.96893 0.15259 3.76129 12.12692 72.04437 43.52951 21.99173 22.52197 1.02615 1.45721 1.45340 3.74603 12.15363 19.82880 20.24078
3.10516 0.67520 1.06430 15.35797 9.77325 13.03101 8.75854 18.39066 13.26370 23.29636 39.32571 56.69403 31.63910 63.31253 36.45325 1.43814 1.71661 3.31116 2.28882 32.35245 17.75742 9.66644 38.99765 23.31924 4.50516 0.59509 2.56348 1.02997 2.72369 12.90894 15.78522
4.00925 3.37219 6.80161 22.88055 7.17163 5.96237 2.67792 4.33350 6.92749 7.81631 13.72910 13.45825 9.41086 4.64249 2.38800 2.76947 0.63324 9.50623 15.86533 4.34494 4.80652 3.71933 14.26315 22.70889 46.11206 5.85556 11.14273 2.84958 3.69644 2.60925 1.41525
