DATA/RAW-RASTER/ECMWF/20170628/EN-11/20170628.en-11.asc
ncols			31
nrows			16
xllcorner		69.5
yllcorner		19.5
cellsize		1.0
NODATA_value	-99999
3.45802 12.96425 17.06982 5.96142 6.04248 4.54617 12.48264 15.95974 1.87302 0.00000 1.00899 3.62968 2.44141 4.19807 2.49767 4.20284 2.24113 0.61989 3.43895 2.00462 1.02139 0.74959 0.48828 0.93460 0.84305 0.77724 0.47588 1.62506 2.24304 1.02329 7.53689
3.22723 3.03745 16.37077 8.17394 5.38158 6.53076 6.06155 0.77629 2.59399 0.54646 1.20640 1.78051 6.09112 9.98688 6.81400 5.73158 2.79427 0.92125 8.63266 3.41797 1.41811 0.54932 1.36566 0.82111 2.08473 0.79536 0.98419 1.25408 0.90122 1.21880 0.81921
18.90659 25.67387 30.30682 5.71346 18.02826 14.08195 12.38728 9.13048 3.69358 3.19195 0.80776 0.98705 1.56307 3.93391 8.72421 4.04167 4.56333 7.17163 13.92174 12.85172 2.18678 6.93607 2.82955 5.16796 0.56458 0.77915 0.82588 1.28174 1.30939 0.56648 2.77901
30.45464 24.17469 30.24006 3.09467 7.81727 13.47160 11.43551 12.77447 5.22137 0.14305 0.68951 0.98705 1.06525 9.75037 10.55717 14.41765 6.55556 8.66222 9.02176 10.16045 19.18697 18.55564 6.00815 1.07956 0.15450 0.00000 1.02139 0.95558 0.39768 1.67179 7.00378
15.71178 24.88136 17.04884 9.73988 27.95982 12.43591 11.09028 4.07791 5.70107 6.83308 0.18883 0.98133 1.19877 2.73705 1.00231 2.60448 13.51929 10.72979 18.13507 7.40719 9.64165 9.60064 6.25134 1.60027 0.16594 3.33595 0.90313 2.96688 7.04956 4.20380 12.45975
15.65647 40.84206 9.11522 11.67488 15.44094 15.58685 22.02511 9.77516 5.43308 7.69615 5.82790 2.72083 4.48418 1.83010 3.25966 2.68841 4.73976 3.72696 9.60064 6.47736 5.77927 2.31743 7.47299 4.58145 4.39644 16.13522 0.40340 1.65844 8.15296 7.59602 9.45473
8.25310 48.33984 12.47120 3.62873 5.98907 3.22437 11.74641 9.68075 13.15117 6.75011 7.29752 10.01644 13.91602 14.50348 1.99509 3.48186 4.38499 4.33636 1.53542 3.90911 2.12479 6.28090 4.35448 2.57015 9.19437 13.70716 5.85365 2.95448 0.85449 6.27422 4.91142
23.89812 35.04848 10.56576 5.03731 2.28786 24.32823 9.14860 3.06702 11.54327 14.91261 6.76060 5.45692 5.78213 12.07733 18.88657 5.94711 26.77059 0.70763 2.39372 3.83091 3.37601 19.58179 4.71783 24.55521 23.08178 10.87093 4.62437 5.12981 51.39446 17.18330 13.17692
6.43253 9.96971 18.37254 5.17845 3.72028 38.67149 21.13914 37.97913 19.72389 13.76247 29.06990 5.89943 15.83576 3.94630 1.28365 1.57166 0.64087 51.50795 63.57193 35.73418 19.32526 80.01709 32.84454 36.85856 33.67519 9.50718 4.88472 25.94852 30.36118 6.64425 10.21004
12.88795 14.40907 13.03387 6.56033 5.05829 3.93295 3.09181 8.87012 7.13825 30.81989 11.82556 11.58047 1.86825 1.34277 1.14727 0.88978 2.13528 6.56986 64.97955 4.18758 10.34164 11.39927 31.57043 3.76129 14.51874 9.81045 22.89867 15.04707 19.50264 3.78418 3.45898
52.53506 3.20244 2.09332 0.74959 1.94836 1.05953 0.50068 0.34142 13.46588 7.15542 13.63373 17.15374 2.46048 4.47464 0.65231 1.19686 0.73624 8.16536 4.11987 7.53021 8.08620 18.12172 41.46290 32.10449 11.75213 19.50169 16.02745 13.81302 19.26994 6.19125 3.54862
10.76794 34.57451 1.00994 3.93391 5.23376 0.97942 0.61607 0.88215 0.62752 24.88136 13.32188 33.82015 5.90611 3.29399 1.50394 1.42193 1.83773 3.61919 6.76918 4.01592 1.82629 1.01948 4.22478 14.73522 5.64957 11.73496 4.13799 21.44527 4.44412 7.45964 7.66087
6.36864 7.65038 14.22977 11.76357 4.94957 1.62029 13.27133 7.17640 5.98717 12.67052 26.59607 27.89688 22.46857 10.07938 1.81198 9.04274 5.66864 9.84001 3.90148 4.90379 8.01182 1.96648 0.90504 8.65746 5.19753 2.85244 0.83160 11.87706 24.65534 9.84764 16.03413
32.09782 22.00794 4.47273 24.29390 14.59980 11.28006 11.39450 3.70026 2.32029 7.68948 25.35820 40.07816 13.07297 17.86518 9.53674 12.12502 11.82365 8.19874 4.76170 4.96960 3.62301 2.87819 1.18542 1.73473 4.70829 1.84631 1.42670 24.05071 22.96829 15.68508 12.16602
25.64049 24.99580 14.66084 41.41903 6.40774 2.69127 0.80299 1.03378 0.87643 4.47083 9.86671 27.51541 18.02921 0.51117 10.49328 9.18293 18.75496 22.62402 19.78779 2.27356 1.49155 4.06361 6.81305 2.71893 9.44614 0.31948 5.14507 1.19114 4.88758 34.36470 12.92038
11.36971 36.27777 19.88220 25.90466 3.38078 1.22070 5.40924 2.12097 1.20354 2.15340 3.09944 5.70488 0.94128 0.94223 2.29549 2.18487 26.62659 28.68557 32.14550 7.85446 5.26619 4.90665 9.69028 13.24749 21.09909 1.04427 10.77938 4.64344 1.83964 5.16415 11.80267
