DATA/RAW-RASTER/ECMWF/20170628/EN-11/20170704.en-11.asc
ncols			31
nrows			16
xllcorner		69.5
yllcorner		19.5
cellsize		1.0
NODATA_value	-99999
1.27411 1.78146 5.57709 2.41089 4.29916 0.56839 0.83542 1.49155 0.24414 0.06866 0.39291 0.70572 0.62943 0.94604 1.02234 2.76566 3.92532 2.04849 7.82394 4.16183 5.66864 4.67300 3.78799 3.00598 4.21524 6.17218 6.01959 0.98419 2.22015 2.56729 3.81851
0.00763 1.15967 13.37814 4.95148 2.32315 0.37384 0.04578 1.33133 0.10681 0.00000 1.28555 2.23160 4.47464 6.11496 14.44626 14.01520 7.41959 5.63049 2.79999 3.31116 1.94550 8.79288 9.51385 7.16400 10.10895 9.22394 4.70352 5.60379 8.85391 4.44794 12.80212
0.25177 15.46478 8.77380 3.92914 5.77545 4.59671 7.33566 0.21362 0.43488 2.81525 8.58307 11.46698 13.98849 15.24734 10.61249 8.45337 7.78198 6.30951 1.99890 3.95203 5.81360 4.68445 17.37595 12.46262 8.78906 11.34491 5.14603 20.93506 9.14001 5.29861 5.83267
4.01306 0.95749 2.89154 4.33350 3.06702 7.57980 4.71878 29.33884 6.33621 5.24521 12.57706 4.77982 12.71820 3.26157 5.19943 2.98691 6.69861 9.12094 7.29370 7.99942 6.48499 3.46756 3.47519 6.32858 6.52313 1.25885 14.88113 12.50839 11.66153 8.65173 0.40436
28.77045 0.67902 9.41849 5.21088 3.99780 4.22287 5.21469 12.15363 7.81250 10.68497 0.80109 2.41470 3.57437 1.53732 2.92969 4.42886 6.47354 6.27518 7.08389 6.71005 6.91605 12.91275 4.17709 6.62994 5.02396 6.43158 3.78036 10.47516 7.97272 1.17874 0.11063
5.72968 8.21686 5.47791 1.97601 2.84958 2.71225 4.49753 8.65555 6.44302 20.65277 29.70123 6.97327 10.33783 3.29208 3.37601 4.03976 1.92642 1.98746 0.84686 5.03159 4.68063 11.11221 10.54001 9.84192 17.04788 17.36450 13.35144 2.78473 2.83051 0.20218 0.45776
1.25122 0.62180 7.94220 3.63922 0.99182 2.16675 8.09097 8.01849 13.26370 14.82773 24.63150 50.48752 45.56274 12.88986 0.79346 3.58200 3.23105 11.89804 3.35312 2.46048 6.32858 10.05173 16.79230 17.71164 18.83316 60.02808 34.27505 17.42935 3.16238 1.68228 0.58746
0.01526 0.00381 0.03815 1.01471 5.04684 6.25610 6.57272 12.29477 24.98245 25.91705 30.42221 34.43146 12.78305 69.19098 23.69308 32.98187 39.42871 3.65067 1.80817 5.11551 22.03751 29.80423 16.46423 27.56500 17.46750 32.95517 50.24338 27.83203 27.98843 7.20978 9.49860
0.45013 0.52261 0.17166 0.32806 1.63269 5.74493 19.63043 72.83401 35.85815 12.07733 26.85547 22.79663 15.50674 12.34436 11.52802 10.96344 39.55841 75.83618 116.31393 197.35718 60.47821 121.90628 56.19812 17.87186 18.00156 33.73337 17.69257 43.75839 26.34811 3.97110 10.45990
0.31662 1.45721 1.40381 1.09863 1.27792 0.14114 2.24686 19.84024 27.47726 13.45825 20.56503 29.58298 35.49576 26.51215 6.41632 4.82178 6.76346 3.02887 18.37540 29.43802 19.88220 78.81165 24.01352 19.42444 66.82587 26.58081 29.35791 19.56177 29.69360 8.15582 11.31439
0.73242 0.71716 0.83923 1.07956 0.09537 1.24741 0.66376 3.19290 0.94986 1.95312 20.60699 6.05392 3.02887 2.81143 6.43539 14.04572 6.05011 0.76675 4.12369 11.33728 9.61304 40.63034 74.28741 19.58084 5.16510 16.92200 8.57544 15.74707 23.17429 10.19287 7.90024
0.59509 0.41580 1.21689 2.47955 0.87738 1.29318 0.37003 0.69809 0.74768 1.90735 4.74930 15.14053 9.48334 6.82831 16.03699 3.21579 2.76947 6.82068 2.84195 7.49969 23.23914 21.57974 6.70624 1.77383 14.32419 7.74002 3.49426 15.83862 8.82721 42.64069 14.95743
0.39673 1.65558 0.53787 0.21362 2.48337 2.26974 2.72751 5.54657 5.55801 1.94168 3.13187 2.92206 1.30081 6.26755 9.03320 5.26810 6.93893 5.93948 2.11716 1.47247 16.12854 31.96335 16.32690 9.38034 16.87241 0.77438 1.26648 3.58200 19.57703 48.88153 38.19275
1.51062 1.83487 0.58365 1.55258 2.11716 0.62561 0.70572 2.32315 2.10571 3.07083 5.58853 34.97696 34.34753 39.08920 26.71432 45.49408 2.56348 3.97873 2.31934 8.17490 7.52258 10.12802 9.83810 18.27621 12.55798 0.26321 3.42941 12.26425 22.57538 21.59119 15.77759
2.28500 1.02615 0.93842 3.12424 4.92859 1.91116 2.84195 2.23160 1.56784 0.34714 0.46539 0.24414 0.72861 2.31934 2.61688 4.79126 0.15259 0.79727 5.59616 8.03757 10.46371 25.82550 39.80255 22.44186 3.59726 10.08224 15.84625 11.55090 17.10892 18.52417 10.89859
3.32642 2.78091 3.36075 7.80869 0.99564 1.27029 1.22452 3.33405 6.59561 0.95749 1.52969 0.77438 0.40817 5.56564 2.12097 5.48553 5.59235 0.45776 2.45285 8.56400 15.57541 34.12628 36.10229 49.22485 35.80856 39.62326 6.05774 2.49863 0.73242 2.26593 2.70081
