DATA/RAW-RASTER/ECMWF/20170628/EN-11/20170711.en-11.asc
ncols			31
nrows			16
xllcorner		69.5
yllcorner		19.5
cellsize		1.0
NODATA_value	-99999
1.25122 1.96075 10.82611 9.79614 12.79449 11.61194 2.15912 0.57983 0.93842 5.46265 3.73840 1.75476 3.87573 4.95911 4.44794 1.02997 0.28992 1.22070 0.06104 0.17548 1.31226 2.57874 3.33405 4.21143 15.40375 7.40051 3.44849 0.35858 0.22888 0.23651 0.12207
0.03815 0.87738 15.50293 9.07135 4.99725 0.76294 2.83051 5.18036 6.04248 3.93677 17.15851 12.11548 4.59290 2.07520 1.24359 0.77057 0.93842 1.44958 0.62561 0.38910 0.45013 0.99945 1.15967 3.12805 13.82446 11.10077 9.18579 1.83868 1.91498 0.86975 0.37384
0.59509 3.48663 3.00598 8.79669 13.12256 7.06482 5.66101 3.41034 2.06757 1.01471 13.67188 10.57434 12.56561 7.82776 4.72260 7.80487 2.71606 0.62561 0.59509 1.12915 2.57111 4.02069 4.19617 9.11713 7.88879 7.08008 4.06647 2.67792 1.15204 1.77765 0.54169
0.98419 15.44189 10.35309 12.97760 42.62543 32.77588 2.86865 4.70734 0.51880 1.16730 2.45667 2.68555 4.03595 6.10352 5.67627 10.29205 2.60162 0.53406 0.04578 0.10681 1.24359 1.49536 1.92261 1.29700 1.86920 0.25940 1.67084 4.60052 8.69751 17.03644 1.27411
1.22833 0.01526 5.37109 4.51660 7.45392 20.35522 1.61743 2.94495 9.84955 1.87683 0.16785 9.01031 4.18854 7.46155 5.33295 3.19672 4.85992 1.70135 0.16022 0.83160 0.89264 1.17493 1.77002 0.80872 6.11115 6.72150 5.05066 4.89044 13.26752 5.68390 2.86865
2.08282 0.01526 0.00000 0.00763 0.03052 4.61578 4.55475 1.81580 2.63977 13.62610 9.66644 7.44629 4.42505 5.81360 7.03430 11.13129 4.60815 3.28064 0.25177 3.05176 1.17493 1.40381 2.18964 1.32751 3.39508 2.30408 3.89862 12.33673 14.61029 11.13892 6.95801
0.00000 0.00000 0.00000 0.00000 0.00000 0.80109 2.17438 7.31659 4.18854 4.31824 16.60156 22.96448 11.54327 11.82556 7.06482 4.86755 4.24194 3.28827 3.28827 4.82178 6.11877 3.57819 1.17493 2.81525 8.68225 15.06805 21.62933 22.69745 7.94983 9.07135 9.08661
0.00000 0.00000 0.00000 0.00000 0.03052 0.25177 9.65118 6.98090 4.11224 15.50293 13.07678 23.68164 29.53339 15.21301 15.63263 9.39941 12.05444 3.66211 4.81415 1.79291 5.66101 14.41956 7.91931 46.27228 45.27283 158.08105 45.53223 27.00043 34.20258 17.18903 18.08929
0.01526 0.00000 0.00000 0.00000 0.11444 1.60217 6.92749 20.98846 22.14813 23.05603 22.52197 18.67676 30.87616 27.58789 32.01294 29.49524 22.36938 51.63574 39.16931 49.17908 10.53619 19.43207 21.62933 14.25934 29.57153 12.32147 39.88647 226.93634 53.67279 35.10284 12.10785
0.00000 0.03052 0.01526 0.00000 0.02289 0.41962 3.73077 9.27734 24.49036 16.58630 20.82062 19.27185 13.42773 14.21356 17.21191 8.44574 12.90894 13.25226 9.86481 27.45056 16.86096 11.01685 27.19116 7.17163 13.25989 25.68054 15.14435 2.15912 13.08441 17.79175 27.93884
0.01526 0.51880 0.43488 0.22888 0.22125 0.07629 0.55695 2.58636 31.99005 22.15576 10.85663 13.56506 3.63922 3.31879 5.55420 5.86700 0.51880 10.73456 3.28827 5.66101 13.83972 5.95856 35.40039 7.03430 7.59888 11.96289 2.07520 9.42993 21.40808 13.53455 11.22284
0.09918 0.38910 1.57928 2.10571 1.33514 0.73242 1.84631 6.40869 13.11493 11.92474 7.57599 5.11169 2.79236 4.58527 3.86810 1.36566 0.80872 2.00653 2.12860 4.92096 11.48987 10.05554 4.28009 12.69531 20.74432 5.93567 1.59454 5.53894 4.15039 4.53949 5.63812
0.48065 1.57166 1.48010 1.26648 1.90735 1.22070 0.32806 0.57983 9.98688 9.33075 6.30951 7.22504 1.68610 7.78198 2.40326 2.21252 0.90027 0.13733 1.01471 1.54114 3.34930 5.59998 14.72473 17.19666 3.41797 1.81580 1.25122 6.02722 7.14874 5.97382 7.91931
2.48718 2.56348 0.80109 5.43976 2.12860 2.63214 0.93079 3.77655 2.95258 7.51495 6.40106 4.04358 1.21307 1.62506 3.58582 9.36890 1.00708 2.09808 5.97382 4.89044 10.28442 13.79395 4.17328 3.73840 8.59070 1.20544 0.51880 7.17926 10.43701 9.53674 7.77435
0.99182 2.81525 3.37982 4.66156 1.69373 0.99945 0.89264 5.95093 7.18689 11.48987 16.13617 3.71552 0.79346 2.72369 2.36511 3.28827 11.33728 4.25720 5.73730 5.50079 5.92041 7.54547 11.32202 9.97925 5.50079 1.99890 2.10571 2.07520 0.90790 13.28278 4.65393
1.30463 2.06757 5.33295 5.85938 0.86212 1.58691 5.33295 7.05719 10.74982 8.24738 4.51660 6.45447 9.26208 9.74274 2.13623 6.21796 9.58252 6.38580 11.54327 11.11603 11.03210 12.45117 13.51166 17.45605 10.00977 2.76184 1.11389 5.20325 1.28937 7.24030 3.37219
