DATA/RAW-RASTER/ECMWF/20170628/EN-11/20170705.en-11.asc
ncols			31
nrows			16
xllcorner		69.5
yllcorner		19.5
cellsize		1.0
NODATA_value	-99999
0.72479 1.82343 1.12915 2.59399 1.77765 0.92316 4.73785 9.65118 3.29590 0.17548 0.54932 2.88391 5.95856 3.94440 5.31769 4.58527 3.75366 2.25067 3.52478 4.22668 5.39398 3.62396 5.69153 2.02179 3.51715 8.97980 13.02338 8.56018 8.34656 12.03156 10.86426
0.29755 0.25940 0.89264 4.76074 2.45667 0.90790 0.72479 1.63269 1.30463 0.48828 1.25885 2.67029 5.57709 4.01306 4.63104 2.83813 4.15039 5.13458 3.60870 4.69208 7.04956 7.50732 18.15796 15.42664 18.73016 19.99664 17.66968 12.29858 6.52313 2.99835 8.27789
1.27411 1.46484 0.48065 15.10620 8.59070 2.94495 6.42395 0.79346 0.48065 0.28992 4.38690 6.00433 3.57056 2.16675 2.13623 4.73785 4.05121 4.19617 2.38037 1.59454 4.43268 4.71497 8.30078 4.98199 6.33240 12.32147 15.83099 16.34216 12.39014 12.13074 14.12964
3.03650 6.01196 14.64081 16.12854 11.62720 8.90350 3.13568 8.52966 0.23651 0.02289 2.31934 4.00543 7.40051 12.84027 7.19452 7.43103 5.49316 5.56183 5.42450 2.02179 2.22778 6.98853 5.88226 11.50513 8.71277 4.44031 6.81305 9.79614 16.03699 13.27515 9.86481
4.63104 5.61523 12.71057 12.36725 12.51221 14.61029 2.08282 2.11334 8.08716 10.47516 1.07574 5.32532 5.48553 7.72095 5.44739 10.62012 4.26483 4.95148 1.45721 2.52533 6.93512 6.98853 6.30951 3.37982 1.57166 2.47192 2.87628 3.49426 15.09094 11.52039 7.02667
2.88391 7.89642 1.60217 1.80817 3.59344 4.97437 8.82721 5.49316 2.79236 18.54706 7.63702 18.83698 12.93182 2.30408 10.93292 3.99780 2.08282 0.80872 1.80817 7.43866 5.29480 10.11658 7.84302 9.68933 6.12640 9.93347 6.65283 0.99182 6.96564 12.53510 7.24030
2.06757 0.29755 0.09918 0.08392 0.34332 0.73242 3.53241 4.85229 9.33075 6.66046 23.63586 46.15021 36.43799 55.52673 6.62994 3.30353 6.66809 4.89044 4.95148 11.81030 2.38800 5.60760 7.27081 7.78198 12.12311 86.80725 38.20801 16.63971 6.43921 1.52588 4.09698
0.02289 0.00000 0.02289 0.03052 0.09918 0.36621 1.94550 1.97601 6.06537 7.26318 10.79559 21.52252 19.83643 92.72766 17.65442 17.00592 31.55518 15.28168 5.95856 4.31824 9.18579 15.61737 4.50134 19.28711 37.84180 51.25427 76.70593 13.48877 40.58838 5.34058 12.50458
0.03815 0.06866 0.50354 0.54932 0.73242 0.09155 0.52643 0.22125 0.96130 4.17328 6.48499 6.69098 16.93726 41.06903 18.89038 20.54596 19.09637 39.00909 32.69196 100.04425 38.74207 16.70074 7.39288 34.07288 3.39508 11.93237 20.68329 18.90564 19.09637 10.26154 6.95038
0.25940 1.74713 1.38855 2.11334 1.37329 0.93079 0.09918 0.12207 0.09155 0.17548 0.45013 9.45282 17.99774 17.90619 25.20752 22.93396 23.76556 20.65277 15.24353 11.10077 17.70020 8.76617 12.14600 24.84894 57.41119 22.03369 12.14600 12.79449 69.64111 4.99725 7.65228
0.38147 0.95367 0.90027 1.27411 0.09918 0.03815 0.09155 1.47247 0.82397 0.77057 1.72424 5.30243 8.40759 5.99670 7.19452 16.90674 10.63538 8.63647 18.55469 18.38684 10.89478 16.89148 22.93396 7.40814 3.53241 11.02448 7.94220 9.14001 18.17322 6.64520 1.72424
0.26703 0.42725 1.69373 3.67737 1.48773 0.67902 0.31281 0.29755 0.07629 0.54932 1.00708 5.67627 13.52692 9.39178 25.50507 6.85120 15.29694 15.80811 13.19122 19.53888 11.96289 10.54382 2.05231 1.46484 18.08167 2.81525 1.26648 13.39722 6.33240 2.81525 2.17438
1.10626 0.51117 0.04578 0.35095 1.70135 1.07574 0.41962 1.57928 2.52533 1.77765 2.22015 2.37274 1.89972 3.70026 1.27411 2.54059 13.26752 17.27295 8.92639 20.95032 30.96771 19.90509 2.79236 7.64465 22.39227 0.60272 2.57111 13.47351 4.94385 17.05933 2.95258
1.01471 1.07574 0.41962 1.37329 1.38855 0.19073 0.83923 0.93079 0.98419 0.95367 17.20428 3.27301 0.77057 7.72095 2.79236 2.96783 11.87897 9.14001 23.81134 37.62054 8.80432 12.49695 3.60870 7.51495 9.69696 0.65613 3.28064 4.26483 6.52313 8.11005 11.26099
2.00653 1.55640 1.28937 2.60925 3.91388 1.43433 1.67847 0.22888 0.00000 0.43488 0.69427 2.23541 6.11877 2.17438 3.69263 3.47900 1.85394 6.78253 17.87567 29.54865 11.10840 10.88715 16.85333 10.52856 11.32965 2.71606 11.13892 1.33514 3.04413 20.26367 8.95691
1.81580 2.11334 4.09698 6.98090 1.40381 1.33514 1.52588 1.06049 0.10681 0.01526 1.26648 1.72424 6.75964 13.83972 4.59290 13.72528 14.51874 3.55530 7.75146 15.45715 14.99176 18.60046 25.39825 29.83856 48.40851 3.86810 32.52411 2.93732 0.51880 0.71716 4.91333
