DATA/RAW-RASTER/ECMWF/20170628/EN-11/20170630.en-11.asc
ncols			31
nrows			16
xllcorner		69.5
yllcorner		19.5
cellsize		1.0
NODATA_value	-99999
0.03052 0.18311 0.64087 0.24414 0.88882 0.34523 1.11008 0.96512 1.23215 2.04849 1.22833 2.71416 2.06566 3.54004 4.84085 5.34248 7.48634 1.71471 3.12424 6.48499 6.39725 11.71494 10.45418 9.37653 5.87845 4.67682 1.26457 1.56212 0.20218 0.02861 0.14114
0.00000 0.00000 0.00954 0.34904 3.26920 0.35286 0.32806 2.01988 0.93269 1.68991 3.69644 5.09453 6.39343 6.16074 11.63101 7.31850 5.47028 6.59370 5.77736 4.11606 8.55064 3.89099 8.47435 9.21631 7.16972 7.24602 1.63269 0.88692 0.73433 0.04005 0.04196
0.00191 0.09537 0.10681 1.00708 1.72424 1.63841 3.58582 3.63922 4.92859 8.48961 4.82178 4.17328 7.04002 3.39508 5.39589 1.21307 7.36237 7.32040 6.56700 2.58636 3.42751 4.76265 2.25067 2.40326 3.01743 4.10080 2.70271 1.53351 1.67847 0.53978 0.68474
0.07820 0.60463 0.42725 0.23079 0.20790 3.14140 1.07193 4.29916 1.82152 0.21362 1.49918 3.34549 8.58307 3.44658 4.06265 3.00980 4.07982 7.96127 6.48880 5.11742 4.58145 10.89096 7.13539 7.11441 5.13649 3.01361 3.83949 1.68800 2.94495 8.36754 1.75858
0.10681 0.38719 0.49400 0.75340 11.45172 12.08496 8.35609 15.35606 10.53238 5.58472 0.33379 3.75175 3.39699 3.55911 2.33078 4.74358 0.56267 1.45912 1.67656 2.89345 1.71280 5.03540 4.86374 2.77901 1.79482 2.05040 3.63350 16.49094 14.30130 2.29836 4.93431
0.42343 0.19455 0.52643 11.24573 7.95937 5.94902 8.84247 16.57677 11.16562 12.92610 9.10568 7.38335 5.28336 0.65422 1.26266 0.82779 2.01797 5.56183 9.03893 7.15637 2.72751 3.33786 2.60353 2.29263 9.11903 7.29179 4.92287 2.19154 4.73213 11.81793 5.84984
0.06866 2.95067 8.29887 7.60460 13.35144 13.21983 14.58931 20.98274 21.22879 6.04439 6.41441 17.68112 18.50128 3.16429 3.91960 0.65422 1.90735 3.14522 6.26373 2.92587 1.57928 1.67465 5.02968 8.84438 16.60728 33.86497 39.45541 14.56833 4.22287 9.07707 13.34953
2.94876 5.41306 9.95064 5.08308 1.39046 3.26729 5.48935 14.80293 16.04080 13.57079 14.67133 17.91763 17.32445 11.49940 48.48289 30.33066 31.97861 2.47574 1.18256 6.45065 11.52611 14.54735 6.11877 10.92148 19.35768 49.55673 22.52960 11.07597 21.72661 9.11331 3.51715
5.77545 8.01086 26.61133 9.79424 19.14978 1.18065 1.66130 2.43187 4.14085 17.58766 17.67159 32.81975 27.98843 19.50836 8.45146 3.54004 2.00653 5.34058 3.76701 7.33185 53.90358 80.04379 19.95087 34.18732 19.21654 9.12666 33.72383 131.76346 138.64136 30.19905 3.12996
17.47894 12.11929 12.87460 20.69855 1.57547 0.67329 0.92506 1.47438 2.59590 5.79453 13.59177 11.26099 18.57948 25.13313 5.96809 1.15013 3.27682 2.91443 9.58252 9.81522 7.70378 16.37650 51.91231 12.36343 44.67583 18.34297 39.39438 6.40869 31.63528 23.55576 11.62148
51.96953 15.32364 11.01303 2.08855 0.76485 0.61989 0.76485 1.32942 1.16920 6.58035 19.48929 16.11137 5.03349 32.30858 7.93266 9.74083 2.32697 5.16319 6.17409 1.42479 3.18909 11.26480 54.25072 14.83154 54.42619 39.97231 2.96593 7.76672 65.09399 9.14001 9.74846
28.56445 41.60500 15.08904 7.67326 2.65503 0.99945 0.25368 0.32997 1.31989 9.07135 10.82230 19.00101 27.55547 44.29817 19.70482 11.21712 3.32642 4.38309 3.40652 1.97411 6.15311 9.49287 5.52750 5.47409 15.86151 3.05557 1.56403 10.27298 12.62093 13.16261 5.14984
31.64673 12.97569 9.69696 9.01794 8.27217 1.50681 1.46675 1.26076 1.80817 3.81660 10.77652 13.45825 29.89960 56.09512 18.41354 11.12175 12.23755 10.02884 6.31142 5.39589 6.70242 9.98688 7.15637 3.29781 7.51305 1.98174 0.44823 12.36534 8.83484 13.53645 5.92232
3.78609 11.54518 3.75748 3.98064 1.79291 0.84496 1.13487 0.68283 1.93024 1.54305 10.93102 21.26503 184.98802 45.32051 22.38846 15.80429 48.07472 23.69308 10.29205 8.84438 6.35147 13.91792 11.37924 18.09502 3.99017 7.65228 0.71907 7.31468 11.51276 5.23567 6.80733
3.10135 3.26347 1.74904 7.72476 3.35121 1.30081 0.71716 0.78773 0.57793 1.18446 10.37979 29.99878 106.75049 314.96429 344.52246 8.66318 10.27107 9.59778 14.85825 22.99118 37.05978 13.26752 27.82440 25.12741 26.13258 2.20680 4.00162 0.92888 6.38199 3.73268 6.56891
3.20625 3.45802 9.30977 15.61546 3.17383 1.55640 0.41008 3.12996 0.54550 3.53241 12.12311 23.85139 74.83101 72.10350 53.89214 19.66476 13.63754 26.39389 36.57341 9.77325 5.43022 3.74222 10.46181 46.24176 43.63632 10.57243 8.20541 9.81140 2.88010 14.98032 2.08282
