DATA/SHG/ECMWF/20170628/EN-7/20170710.en-7.asc
ncols        190
nrows        64
xllcorner    -5100000.000000000000
yllcorner    4130000.000000000000
cellsize     10000.000000000000
NODATA_value  -99999.000
[rows 32 to 63 of 64, columns 0 to 71 of 190]
20.594 21.524 22.442 23.364 24.298 25.245 26.204 27.175 28.159 29.155 30.164 31.185 32.219 33.265 34.816 36.371 37.902 39.408 40.890 42.348 43.782 45.191 46.576 47.936 49.272 50.584 48.411 46.098 43.704 41.226 38.667 36.025 33.300 30.494 27.605 24.633 21.579 18.492 17.715 16.919 16.103 15.268 14.413 13.538 12.644 11.730 10.797 10.374 10.239 10.207 10.821 11.375 11.868 12.302 12.675 12.988 13.241 13.433 13.566 13.638 13.650 13.618 13.697 13.743 13.756 13.736 13.683 13.596 13.477 13.324 13.138 12.919
24.927 26.352 27.441 28.406 29.383 30.372 31.374 32.388 33.415 34.454 35.505 36.569 37.645 38.734 40.145 41.615 43.060 44.481 45.877 47.250 48.598 49.922 51.221 52.496 53.747 54.974 53.058 50.456 47.773 45.007 42.158 39.228 36.215 33.120 29.942 26.682 23.340 19.916 18.746 17.881 17.371 17.009 16.711 16.477 16.308 16.202 16.162 16.185 16.273 16.425 16.808 17.151 17.434 17.657 17.820 17.923 17.965 17.948 17.870 17.732 17.534 17.275 17.227 17.157 17.055 16.919 16.749 16.547 16.312 16.043 15.741 15.406
29.097 31.017 32.420 33.427 34.447 35.479 36.524 37.581 38.650 39.732 40.826 41.932 43.051 44.182 45.493 46.877 48.237 49.572 50.884 52.171 53.433 54.672 55.886 57.076 58.241 59.382 57.785 54.895 51.923 48.868 45.731 42.512 39.211 37.031 34.439 31.314 27.656 23.465 22.021 21.753 21.550 21.410 21.335 21.325 21.378 21.496 21.678 21.924 22.235 22.610 22.847 22.980 23.053 23.065 23.018 22.910 22.743 22.515 22.227 21.879 21.471 21.003 20.785 20.599 20.381 20.129 19.844 19.526 19.174 18.790 18.373 17.922
33.106 35.521 37.378 38.428 39.491 40.566 41.653 42.752 43.864 44.989 46.125 47.275 48.436 49.610 50.860 52.158 53.433 54.683 55.909 57.110 58.288 59.441 60.570 61.674 62.754 63.935 65.632 64.909 63.653 61.865 59.543 56.689 53.302 49.382 44.929 39.944 34.425 28.374 25.683 25.638 25.658 25.742 25.890 26.102 26.378 26.719 27.123 27.592 28.125 28.723 28.938 28.860 28.723 28.526 28.268 27.951 27.573 27.135 26.638 26.080 25.462 24.784 24.370 24.069 23.734 23.366 22.966 22.532 22.065 21.565 21.032 20.466
36.953 39.862 42.316 43.409 44.514 45.631 46.761 47.904 49.058 50.225 51.405 52.596 53.800 55.017 56.245 57.458 58.647 59.812 61.248 64.312 67.689 71.381 75.386 79.705 84.338 89.284 91.546 88.961 85.843 82.193 78.010 73.295 68.047 62.267 55.955 49.110 41.732 33.822 29.275 29.453 29.696 30.002 30.373 30.808 31.307 31.870 32.497 33.189 33.944 34.764 35.080 34.793 34.446 34.038 33.571 33.043 32.456 31.808 31.101 30.333 29.506 28.618 27.982 27.565 27.115 26.632 26.116 25.566 24.984 24.368 23.720 23.038
40.639 44.041 47.234 48.369 49.517 50.677 51.849 53.034 54.232 55.441 56.663 58.183 60.409 62.694 65.104 68.006 71.221 74.750 78.592 82.748 87.218 92.001 97.098 102.509 108.233 114.271 117.984 113.538 108.559 103.048 97.006 90.431 83.324 75.685 67.514 58.811 49.576 39.809 32.797 33.198 33.663 34.192 34.786 35.443 36.165 36.950 37.800 38.714 39.692 40.734 41.275 40.777 40.220 39.603 38.926 38.189 37.392 36.534 35.617 34.640 33.603 32.506 31.622 31.090 30.524 29.925 29.293 28.628 27.931 27.200 26.435 25.638
44.163 48.058 52.094 53.309 54.842 56.863 58.942 61.080 63.275 65.528 67.839 70.209 72.636 75.122 77.722 81.716 86.024 90.645 95.579 100.827 106.388 112.263 118.451 124.952 131.767 138.896 144.945 138.639 131.801 124.431 116.530 108.097 99.132 89.635 79.607 69.047 57.956 46.333 36.250 36.873 37.561 38.312 39.128 40.008 40.952 41.960 43.032 44.168 45.368 46.632 47.521 46.814 46.047 45.220 44.333 43.386 42.380 41.313 40.187 39.000 37.754 36.447 35.290 34.642 33.960 33.246 32.499 31.719 30.905 30.059 29.763 29.575
49.821 55.058 60.525 63.216 65.381 67.603 69.884 72.222 74.618 77.073 79.585 82.156 84.784 87.471 90.215 95.073 100.472 106.184 112.210 118.549 125.201 132.166 139.444 147.036 154.941 163.159 171.690 164.264 155.568 146.340 136.582 126.292 115.470 104.118 92.234 79.819 66.872 53.394 39.632 40.478 41.388 42.362 43.400 44.502 45.668 46.898 48.192 49.550 50.973 52.459 53.818 52.902 51.925 50.889 49.793 48.637 47.421 46.145 44.809 43.413 41.957 40.442 38.985 39.643 40.696 41.397 41.746 41.742 41.387 40.680 39.620 38.209
57.526 63.569 69.843 73.476 75.842 78.265 80.747 83.286 85.884 88.539 91.253 94.024 96.854 99.741 102.686 108.076 114.566 121.369 128.485 135.914 143.656 151.711 160.079 168.760 177.754 187.061 196.681 190.412 179.860 168.776 157.161 145.016 132.339 119.132 105.393 91.124 76.323 60.992 45.130 44.014 45.146 46.342 47.602 48.926 50.314 51.766 53.282 54.862 56.506 58.214 59.986 59.042 57.856 56.610 55.305 53.939 53.001 52.644 52.778 53.401 54.514 56.117 58.206 58.386 58.215 57.692 56.817 55.590 54.012 52.081 49.799 47.165
64.965 71.814 78.895 83.658 86.225 88.849 91.532 94.273 97.071 99.927 102.842 105.814 108.844 111.933 115.079 120.726 128.307 136.199 144.405 152.924 161.755 170.899 180.356 190.125 200.207 210.602 221.310 217.084 204.676 191.737 178.268 164.268 149.738 134.676 119.085 102.963 86.310 69.126 51.412 47.479 48.833 50.252 51.734 53.280 54.890 56.564 58.301 60.103 61.969 63.084 64.087 63.062 61.956 61.340 61.213 61.575 62.427 63.769 65.600 67.921 70.731 74.031 77.821 77.445 76.050 74.304 72.206 69.757 66.956 63.803 60.299 56.444
72.138 79.793 87.679 93.763 96.531 99.356 102.240 105.181 108.181 111.238 114.353 117.526 120.757 124.046 127.392 133.025 141.694 150.676 159.971 169.578 179.497 189.730 200.274 211.132 222.302 233.784 245.579 244.278 230.016 215.224 199.901 184.048 167.665 150.752 133.308 115.335 96.830 77.796 58.232 50.875 52.451 54.091 54.962 55.813 56.707 57.644 58.624 59.648 60.715 61.825 62.979 63.507 64.100 65.182 66.753 68.813 71.363 74.402 77.930 81.947 86.454 91.449 96.934 96.819 94.201 91.233 87.913 84.242 80.219 75.845 71.120 66.044
79.045 87.506 96.196 103.791 106.760 109.786 112.870 116.012 119.212 122.470 125.786 129.160 132.591 136.080 139.627 144.971 154.729 164.799 175.182 185.877 196.884 208.204 219.836 231.781 244.038 256.607 269.488 271.995 255.880 239.235 222.061 204.356 186.122 167.357 147.980 125.244 103.140 81.667 60.827 49.860 50.732 51.647 52.606 53.607 54.652 55.740 56.871 58.046 59.264 60.525 61.829 63.468 65.758 68.537 71.806 75.563 79.809 84.544 89.767 95.480 101.681 108.372 115.551 116.507 112.668 108.478 103.937 99.045 93.802 88.207 82.262 75.965
85.688 94.952 104.447 113.742 116.911 120.138 123.423 126.766 130.167 133.625 137.141 140.715 144.347 148.037 151.784 156.565 167.411 178.569 190.039 201.822 213.916 226.323 239.041 252.072 265.415 279.070 293.038 299.292 274.327 249.994 226.292 203.221 180.782 158.974 137.797 117.252 97.337 78.055 59.403 47.010 48.033 49.099 50.208 51.360 52.556 53.795 55.077 56.402 57.771 59.183 60.638 62.944 66.931 71.407 76.371 81.823 87.765 94.194 101.113 108.520 116.415 124.799 133.671 136.511 131.451 126.040 120.278 114.166 107.703 100.889 93.724 86.208
92.065 102.134 112.433 122.962 126.986 130.414 133.899 137.443 141.044 144.702 148.419 152.193 156.025 159.915 163.863 167.868 179.742 191.987 204.544 217.412 229.345 236.945 244.197 251.103 257.661 263.872 269.736 273.142 250.369 228.228 206.717 185.837 165.588 145.970 126.983 108.627 90.902 73.808 57.344 44.119 45.293 46.509 47.769 49.073 50.419 51.809 53.241 54.718 56.237 57.799 59.405 61.937 67.620 73.790 80.449 87.596 95.232 103.355 111.967 121.067 130.655 140.731 151.296 156.829 150.549 143.918 136.937 129.605 121.923 113.890 105.506 96.772
98.178 109.050 120.152 131.484 136.984 140.612 144.298 148.042 151.843 155.702 159.619 163.594 167.626 170.542 170.983 171.159 177.987 185.773 193.212 200.304 207.050 213.448 219.500 225.204 230.562 235.573 240.237 244.553 225.791 205.840 186.519 167.828 149.769 132.339 115.540 99.372 83.834 68.927 54.650 41.187 42.512 43.879 45.290 46.744 48.241 49.781 51.365 52.991 54.661 56.374 58.130 60.447 67.824 75.689 84.041 92.882 102.210 112.026 122.330 133.122 144.402 156.170 168.426 177.461 169.962 162.112 153.912 145.362 136.461 127.210 117.609 107.657
104.026 115.701 127.606 139.741 146.906 150.734 153.570 154.941 156.049 156.892 157.472 157.788 157.840 157.628 157.152 156.413 160.888 167.473 173.711 179.602 185.147 190.345 195.197 199.701 203.859 207.670 211.135 214.253 200.593 182.830 165.698 149.195 133.323 118.081 103.468 89.486 76.134 63.412 51.320 39.858 39.690 41.208 42.770 44.374 46.022 47.712 49.446 51.223 53.044 54.907 56.813 58.763 67.545 77.102 87.147 97.680 108.700 120.208 132.204 144.687 157.657 171.115 185.061 198.408 189.690 180.622 171.204 161.436 151.317 140.849 130.031 118.862
107.604 118.338 128.944 139.420 145.666 146.648 147.367 147.821 148.013 147.940 147.604 147.004 146.140 145.013 143.622 141.967 144.178 149.562 154.600 159.292 163.636 167.635 171.287 174.592 177.552 180.164 182.430 184.350 174.775 159.200 144.254 129.938 116.252 103.195 90.768 78.971 67.803 57.265 47.357 38.078 36.828 38.496 40.208 41.963 43.761 45.603 47.487 49.414 51.385 53.398 55.455 57.555 66.782 78.032 89.768 101.992 114.703 127.901 141.587 155.760 170.420 185.568 201.202 217.324 209.733 198.988 183.485 168.408 153.758 139.533 125.735 112.362
104.049 114.337 124.496 134.526 141.590 141.656 141.458 140.997 140.272 139.284 138.032 136.517 134.739 132.697 130.391 127.822 127.856 132.041 135.879 139.372 142.518 145.317 147.771 149.878 151.639 153.053 154.122 154.844 148.338 134.949 122.189 110.057 98.556 87.683 77.440 67.826 58.841 50.486 42.760 35.663 33.925 35.744 37.606 39.511 41.460 43.451 45.486 47.564 49.685 51.848 54.055 56.306 65.537 78.477 91.904 105.818 120.219 135.107 149.955 161.685 172.974 183.822 194.228 204.193 194.904 180.448 166.418 152.814 139.635 126.883 114.556 102.655
100.638 110.480 120.193 129.776 137.806 136.957 135.844 134.467 132.827 130.924 128.758 126.328 123.635 120.679 117.459 113.976 111.923 114.909 117.548 119.842 121.790 123.391 124.647 125.557 126.120 126.338 126.209 125.734 121.283 110.078 99.501 89.554 80.235 71.546 63.485 56.053 49.250 43.075 37.530 32.613 30.981 32.951 34.963 37.019 39.118 41.259 43.444 45.672 47.943 50.257 52.614 54.915 62.903 75.758 88.172 100.145 111.677 122.768 133.419 143.628 153.397 162.724 171.611 180.057 174.509 161.525 148.967 136.835 125.128 113.846 102.990 92.560
97.372 106.767 116.034 125.171 134.179 132.551 130.523 128.232 125.678 122.860 119.780 116.436 112.829 108.959 104.826 100.429 96.377 98.164 99.606 100.702 101.452 101.857 101.915 101.628 100.995 100.016 98.692 97.021 93.609 84.587 76.193 68.428 61.291 54.783 48.903 43.651 39.028 35.034 31.668 28.930 27.997 30.117 32.279 34.485 36.726 38.909 41.011 43.033 44.975 46.835 48.616 50.316 55.937 67.270 78.163 88.616 98.627 108.198 117.329 126.018 134.267 142.076 149.444 156.371 153.733 142.220 131.133 120.472 110.235 100.424 91.038 82.077
94.248 103.198 112.019 120.711 129.273 128.438 125.496 122.291 118.823 115.092 111.097 106.840 102.320 97.537 92.490 87.181 81.609 81.808 82.053 81.952 81.505 80.713 79.576 78.092 76.263 74.089 71.569 68.703 65.318 58.477 52.264 46.680 41.723 37.395 33.694 30.622 28.178 26.746 26.244 25.767 25.729 27.956 30.103 32.169 34.154 36.060 37.884 39.629 41.292 42.876 44.379 45.801 49.411 59.224 68.597 77.530 86.022 94.073 101.685 108.856 115.586 121.876 127.726 133.136 132.576 122.533 112.916 103.724 94.957 86.616 78.699 71.207
91.269 99.773 108.148 116.394 124.512 124.618 120.762 116.644 112.262 107.618 102.711 97.541 92.108 86.412 80.453 74.232 67.748 65.839 64.887 63.590 61.948 59.960 57.627 54.948 51.924 48.555 44.840 40.780 36.374 31.748 29.104 28.514 27.948 27.408 26.893 26.403 25.938 25.499 25.084 24.695 24.352 26.301 28.170 29.958 31.666 33.294 34.841 36.308 37.694 39.000 40.226 41.371 43.325 51.619 59.473 66.886 73.859 80.393 86.486 92.139 97.352 102.125 106.458 110.350 111.037 102.465 94.317 86.594 79.295 72.422 65.973 59.949
88.432 96.491 104.421 112.222 119.895 121.091 116.322 111.290 105.996 100.439 94.619 88.537 82.192 75.584 68.714 61.581 54.185 50.257 48.110 45.617 42.780 39.597 36.069 33.666 32.603 31.546 30.497 29.455 28.420 27.750 27.222 26.719 26.241 25.788 25.360 24.957 24.580 24.228 23.901 23.599 23.322 24.729 26.320 27.831 29.261 30.612 31.882 33.071 34.180 35.209 36.157 37.025 37.813 44.454 50.789 56.685 62.140 67.156 71.732 75.868 79.565 82.821 85.638 88.015 89.118 82.014 75.335 69.080 63.249 57.843 52.861 48.304
85.739 93.353 100.838 108.195 115.422 117.855 112.174 106.230 100.023 93.554 86.823 79.829 72.572 65.053 57.271 49.227 41.882 37.938 36.856 35.782 34.715 33.655 32.602 31.556 30.517 29.485 28.461 27.443 26.433 25.757 25.316 24.900 24.509 24.143 23.803 23.488 23.198 22.933 22.693 22.478 22.289 23.239 24.553 25.787 26.940 28.013 29.006 29.918 30.750 31.502 32.173 32.764 33.275 37.729 42.547 46.925 50.864 54.363 57.423 60.043 62.223 63.964 65.266 66.128 66.550 61.183 55.970 51.182 46.819 42.879 39.364 36.273
83.189 90.358 97.399 104.311 111.094 114.911 108.318 101.462 94.344 87.102 79.994 73.018 66.176 59.467 52.891 46.448 40.138 35.674 34.617 33.568 32.525 31.490 30.461 29.440 28.426 27.419 26.419 25.426 24.441 23.739 23.386 23.057 22.754 22.475 22.222 21.994 21.791 21.614 21.461 21.334 21.231 21.832 22.869 23.825 24.701 25.497 26.213 26.848 27.403 27.878 28.273 28.587 28.821 31.443 34.745 37.607 40.030 42.013 43.557 44.662 45.328 45.554 45.341 44.689 43.598 39.970 36.224 32.902 30.004 27.531 25.481 23.855
80.781 87.506 93.719 99.609 105.278 109.922 102.743 95.696 88.782 82.001 75.353 68.838 62.456 56.206 50.090 44.106 38.256 33.405 32.373 31.348 30.331 29.320 28.316 27.320 26.330 25.348 24.373 23.405 22.444 21.698 21.432 21.191 20.974 20.783 20.617 20.477 20.361 20.271 20.205 20.165 20.150 20.508 21.267 21.947 22.546 23.065 23.504 23.862 24.141 24.339 24.457 24.494 24.452 25.597 27.382 28.729 29.637 30.106 30.135 29.726 28.878 27.590 25.864 23.699 21.094 18.376 16.096 14.239 12.807 13.445 14.676 15.890
76.208 81.775 87.120 92.243 97.144 101.824 96.127 89.540 83.086 76.765 70.577 64.521 58.598 52.809 47.151 41.627 36.236 31.132 30.125 29.124 28.131 27.145 26.167 25.195 24.230 23.273 22.322 21.379 20.443 19.634 19.455 19.300 19.171 19.068 18.989 18.935 18.907 18.903 18.925 18.972 19.044 19.266 19.749 20.151 20.474 20.716 20.878 20.960 20.962 20.883 20.724 20.486 20.167 20.188 20.460 20.292 19.686 18.640 17.157 15.234 12.872 10.072 8.921 8.314 7.734 8.164 9.404 10.628 11.836 13.028 14.205 15.365
71.393 76.193 80.771 85.127 89.262 93.174 89.376 83.249 77.255 71.393 65.664 60.068 54.604 49.274 44.076 39.010 34.078 29.278 27.871 26.896 25.928 24.966 24.012 23.065 22.125 21.192 20.266 19.348 18.436 17.546 17.454 17.387 17.345 17.328 17.336 17.370 17.428 17.512 17.621 17.755 17.914 18.106 18.312 18.438 18.484 18.450 18.335 18.141 17.866 17.511 17.076 16.561 15.966 15.218 13.976 13.114 12.410 11.733 11.083 10.461 9.866 9.299 8.759 8.247 7.762 7.979 9.164 10.334 11.488 12.626 13.749 14.855
66.828 70.860 74.672 78.261 81.629 84.776 82.491 76.823 71.288 65.885 60.615 55.478 50.474 45.602 40.863 36.256 31.782 27.441 25.614 24.663 23.719 22.783 21.853 20.931 20.015 19.107 18.206 17.312 16.425 15.545 15.429 15.449 15.494 15.565 15.660 15.781 15.926 16.097 16.293 16.513 16.759 17.029 16.958 16.808 16.577 16.266 15.875 15.405 15.070 14.768 14.472 14.183 13.899 13.566 12.901 12.264 11.654 11.072 10.517 9.989 9.489 9.016 8.571 8.154 7.763 7.809 8.940 10.056 11.156 12.240 13.308 14.361
62.510 65.777 68.822 71.645 74.248 76.628 75.470 70.262 65.185 60.242 55.431 50.753 46.207 41.794 37.513 33.365 29.349 25.466 23.351 22.425 21.506 20.594 19.689 18.791 17.901 17.017 16.141 15.271 14.409 13.554 13.381 13.488 13.620 13.777 13.960 14.167 14.400 14.658 14.940 15.248 15.581 15.893 15.654 15.336 15.024 14.718 14.419 14.126 13.839 13.559 13.285 13.017 12.755 12.500 11.930 11.388 10.873 10.385 9.924 9.491 9.086 8.708 8.357 8.034 7.738 7.653 8.731 9.792 10.838 11.868 12.883 13.881
58.441 60.942 63.221 65.279 67.116 68.731 68.315 63.565 58.948 54.463 50.111 45.891 41.803 37.848 34.026 30.336 26.779 23.354 21.084 20.182 19.288 18.401 17.521 16.647 15.781 14.922 14.071 13.226 12.388 11.558 11.309 11.503 11.722 11.966 12.434 12.862 13.244 13.580 13.870 14.115 14.315 14.469 14.287 13.991 13.701 13.417 13.140 12.869 12.604 12.345 12.093 11.847 11.607 11.373 10.934 10.486 10.065 9.672 9.306 8.968 8.657 8.373 8.117 7.888 7.687 7.513 8.537 9.544 10.536 11.512 12.472 13.417
54.619 56.355 57.869 59.162 60.233 61.084 61.026 56.734 52.575 48.549 44.654 40.893 37.264 33.767 30.402 27.170 24.071 21.104 18.812 17.935 17.065 16.203 15.347 14.499 13.657 12.823 12.007 11.514 11.058 10.637 10.622 11.074 11.481 11.843 12.158 12.428 12.653 12.832 12.965 13.053 13.095 13.092 12.916 12.642 12.373 12.111 11.856 11.606 11.363 11.126 10.896 10.671 10.453 10.241 9.912 9.558 9.232 8.933 8.662 8.418 8.202 8.013 7.851 7.716 7.609 7.530 8.358 9.311 10.249 11.171 12.077 12.968
