DATA/SHG/ECMWF/20170628/EN-7/20170630.en-7.asc
ncols        190
nrows        64
xllcorner    -5100000.000000000000
yllcorner    4130000.000000000000
cellsize     10000.000000000000
NODATA_value  -99999.000
[rows 0 to 32 of 64, columns 74 to 147 of 190]
0.419 0.487 0.556 0.628 0.702 0.778 0.856 0.928 0.977 1.039 1.118 1.214 1.327 1.458 1.607 1.772 1.955 2.156 2.373 2.589 2.729 2.847 2.952 3.045 3.126 3.195 3.252 3.297 3.330 3.351 3.359 3.428 3.731 4.042 4.360 4.687 5.020 5.362 5.711 6.068 6.432 6.804 7.184 7.412 7.147 6.876 6.598 6.313 6.022 5.725 5.421 5.110 4.793 4.469 4.138 3.896 3.920 3.927 3.917 3.889 3.843 3.781 3.701 3.603 3.489 3.357 3.207 3.133 3.326 3.540 3.773 4.028 4.302 4.598
0.440 0.509 0.576 0.642 0.706 0.769 0.831 0.898 1.003 1.125 1.265 1.421 1.596 1.787 1.996 2.223 2.466 2.727 3.006 3.280 3.366 3.429 3.481 3.520 3.547 3.561 3.564 3.555 3.533 3.500 3.454 3.442 3.779 4.124 4.477 4.838 5.206 5.581 5.965 6.356 6.754 7.160 7.574 7.905 7.611 7.310 7.003 6.689 6.368 6.041 5.708 5.368 5.021 4.668 4.308 3.987 3.933 3.863 3.775 3.669 3.547 3.407 3.249 3.075 2.883 2.674 2.447 2.283 2.567 2.872 3.197 3.542 3.908 4.295
0.421 0.485 0.548 0.609 0.669 0.728 0.785 0.846 1.012 1.195 1.395 1.613 1.848 2.100 2.370 2.657 2.961 3.282 3.621 3.978 4.016 4.025 4.022 4.007 3.980 3.940 3.889 3.826 3.750 3.662 3.563 3.451 3.819 4.198 4.585 4.980 5.382 5.792 6.210 6.635 7.067 7.508 7.956 8.405 8.081 7.751 7.414 7.071 6.721 6.365 6.001 5.632 5.256 4.873 4.484 4.095 3.964 3.816 3.651 3.468 3.268 3.051 2.816 2.565 2.295 2.009 1.705 1.524 2.103 2.668 3.217 3.752 4.271 4.775
0.403 0.462 0.520 0.577 0.633 0.688 0.741 0.793 1.005 1.249 1.510 1.788 2.084 2.397 2.727 3.074 3.439 3.821 4.221 4.637 4.679 4.634 4.576 4.507 4.426 4.332 4.227 4.109 3.980 3.838 3.684 3.518 3.850 4.263 4.685 5.114 5.550 5.994 6.446 6.905 7.372 7.847 8.329 8.819 8.558 8.198 7.832 7.459 7.080 6.694 6.302 5.903 5.497 5.085 4.667 4.241 4.013 3.788 3.596 3.457 3.330 3.215 3.111 3.019 2.939 2.871 2.814 2.769 3.243 3.740 4.222 4.689 5.141 5.578
0.385 0.440 0.494 0.547 0.598 0.648 0.697 0.745 0.983 1.287 1.609 1.947 2.304 2.677 3.068 3.476 3.901 4.344 4.803 5.281 5.354 5.255 5.143 5.020 4.885 4.737 4.578 4.406 4.222 4.027 3.819 3.599 3.872 4.320 4.776 5.239 5.709 6.187 6.673 7.167 7.668 8.177 8.693 9.217 9.041 8.652 8.256 7.854 7.446 7.021 6.601 6.198 5.812 5.443 5.092 4.758 4.596 4.486 4.387 4.300 4.226 4.162 4.111 4.071 4.043 4.027 4.022 4.029 4.395 4.826 5.241 5.641 6.026 6.395
0.369 0.420 0.469 0.518 0.565 0.611 0.655 0.699 0.944 1.309 1.691 2.091 2.507 2.941 3.392 3.861 4.346 4.849 5.370 5.907 6.042 5.889 5.723 5.546 5.356 5.155 4.941 4.716 4.478 4.228 3.967 3.693 3.886 4.368 4.858 5.355 5.860 6.372 6.892 7.420 7.927 8.404 8.866 9.314 9.175 8.745 8.333 7.938 7.560 7.199 6.855 6.529 6.219 5.927 5.652 5.394 5.269 5.211 5.165 5.131 5.108 5.097 5.097 5.109 5.133 5.169 5.217 5.276 5.561 5.924 6.272 6.605 6.923 7.226
0.354 0.400 0.445 0.490 0.532 0.574 0.614 0.653 0.890 1.315 1.758 2.217 2.695 3.189 3.701 4.229 4.775 5.339 5.920 6.517 6.743 6.535 6.316 6.085 5.841 5.586 5.318 5.038 4.747 4.443 4.127 3.826 3.963 4.493 5.008 5.508 5.993 6.464 6.920 7.361 7.787 8.198 8.595 8.976 8.952 8.599 8.263 7.944 7.643 7.358 7.091 6.841 6.608 6.392 6.194 6.012 5.930 5.924 5.930 5.948 5.977 6.018 6.070 6.135 6.210 6.298 6.398 6.509 6.741 7.037 7.318 7.584 7.834 8.070
0.340 0.382 0.423 0.463 0.501 0.538 0.575 0.609 0.819 1.305 1.808 2.328 2.866 3.421 3.993 4.582 5.188 5.812 6.453 7.111 7.456 7.195 6.846 6.482 6.138 5.814 5.511 5.228 4.965 4.722 4.500 4.298 4.367 4.830 5.279 5.714 6.133 6.538 6.927 7.302 7.663 8.008 8.339 8.655 8.711 8.434 8.175 7.933 7.707 7.499 7.309 7.135 6.978 6.839 6.717 6.611 6.578 6.624 6.682 6.751 6.833 6.925 7.030 7.146 7.274 7.414 7.565 7.728 7.933 8.162 8.376 8.575 8.759 8.928
0.327 0.365 0.402 0.437 0.471 0.504 0.536 0.567 0.733 1.279 1.843 2.423 3.021 3.636 4.265 4.862 5.419 5.936 6.412 6.847 7.089 6.774 6.481 6.207 5.954 5.720 5.508 5.315 5.143 4.991 4.859 4.747 4.785 5.183 5.566 5.935 6.288 6.627 6.951 7.260 7.555 7.835 8.100 8.350 8.452 8.252 8.069 7.903 7.754 7.623 7.508 7.411 7.330 7.267 7.221 7.192 7.213 7.311 7.421 7.542 7.675 7.820 7.977 8.145 8.325 8.516 8.719 8.934 9.139 9.301 9.448 9.580 9.697 9.799
0.315 0.349 0.381 0.412 0.442 0.471 0.499 0.574 0.842 1.541 2.199 2.817 3.395 3.932 4.429 4.885 5.301 5.676 6.011 6.305 6.520 6.296 6.093 5.910 5.747 5.604 5.482 5.380 5.298 5.236 5.195 5.173 5.220 5.552 5.869 6.172 6.459 6.732 6.991 7.234 7.463 7.677 7.876 8.061 8.176 8.052 7.945 7.856 7.783 7.728 7.689 7.668 7.664 7.677 7.707 7.754 7.835 7.985 8.147 8.320 8.505 8.702 8.910 9.130 9.362 9.605 9.860 10.127 10.358 10.453 10.534 10.599 10.649 10.684
0.333 0.445 0.580 0.739 0.921 1.127 1.356 1.609 1.889 2.447 2.964 3.441 3.877 4.273 4.629 4.944 5.219 5.453 5.647 5.800 5.923 5.796 5.683 5.590 5.518 5.466 5.434 5.422 5.430 5.459 5.508 5.577 5.670 5.936 6.187 6.424 6.646 6.853 7.046 7.224 7.387 7.535 7.669 7.788 7.882 7.834 7.803 7.790 7.794 7.814 7.852 7.907 7.979 8.069 8.175 8.298 8.444 8.646 8.859 9.085 9.321 9.570 9.830 10.102 10.386 10.681 10.988 11.306 11.591 11.619 11.632 11.631 11.614 11.582
0.771 0.965 1.182 1.423 1.687 1.975 2.286 2.621 2.979 3.388 3.764 4.100 4.396 4.651 4.865 5.039 5.173 5.267 5.320 5.332 5.314 5.274 5.251 5.249 5.267 5.305 5.363 5.441 5.540 5.659 5.798 5.957 6.137 6.336 6.521 6.692 6.849 6.990 7.117 7.229 7.327 7.409 7.477 7.531 7.569 7.598 7.644 7.706 7.786 7.883 7.997 8.128 8.276 8.442 8.624 8.823 9.040 9.294 9.559 9.836 10.125 10.425 10.737 11.061 11.396 11.743 12.102 12.419 12.675 12.639 12.679 12.796 12.989 13.258
1.187 1.463 1.762 2.084 2.431 2.800 3.193 3.610 4.050 4.366 4.601 4.796 4.950 5.064 5.138 5.171 5.164 5.117 5.029 4.901 4.741 4.729 4.797 4.885 4.993 5.121 5.270 5.438 5.627 5.836 6.065 6.315 6.584 6.751 6.871 6.976 7.067 7.143 7.204 7.251 7.282 7.300 7.302 7.290 7.263 7.344 7.466 7.605 7.761 7.934 8.124 8.331 8.555 8.797 9.055 9.330 9.623 9.929 10.184 10.385 10.601 10.833 11.080 11.343 11.621 11.914 12.222 12.546 12.886 13.194 13.573 14.028 14.559 15.167
1.579 1.937 2.318 2.723 3.151 3.602 4.077 4.576 5.097 5.379 5.473 5.527 5.540 5.514 5.446 5.339 5.191 5.003 4.775 4.506 4.205 4.163 4.321 4.499 4.697 4.915 5.154 5.413 5.692 5.991 6.310 6.650 7.009 7.181 7.236 7.276 7.301 7.311 7.307 7.288 7.254 7.206 7.143 7.065 6.972 7.073 7.271 7.486 7.718 7.955 8.173 8.379 8.572 8.751 8.918 9.071 9.211 9.426 9.680 9.950 10.234 10.535 10.850 11.181 11.527 11.889 12.266 12.658 13.066 13.672 14.390 15.183 16.053 16.998
1.950 2.389 2.852 3.338 3.848 4.381 4.938 5.518 6.122 6.427 6.380 6.294 6.167 5.999 5.791 5.543 5.255 4.927 4.558 4.149 3.706 3.575 3.823 4.091 4.379 4.687 5.016 5.365 5.734 6.123 6.532 6.962 7.411 7.627 7.616 7.591 7.550 7.495 7.425 7.341 7.241 7.143 7.051 6.965 6.887 6.989 7.202 7.402 7.589 7.762 7.923 8.070 8.205 8.326 8.434 8.529 8.611 8.839 9.161 9.499 9.852 10.221 10.605 11.004 11.418 11.848 12.294 12.754 13.230 14.074 15.130 16.261 17.469 18.752
2.297 2.818 3.363 3.931 4.523 5.138 5.776 6.438 7.123 7.511 7.324 7.096 6.829 6.521 6.172 5.784 5.355 4.886 4.377 3.828 3.244 2.964 3.302 3.660 4.039 4.437 4.856 5.294 5.753 6.232 6.731 7.220 7.680 7.896 7.780 7.671 7.569 7.473 7.384 7.302 7.226 7.157 7.094 7.038 6.989 7.044 7.198 7.340 7.469 7.584 7.686 7.776 7.852 7.915 7.965 8.002 8.026 8.236 8.627 9.033 9.455 9.892 10.344 10.811 11.294 11.792 12.306 12.835 13.379 14.400 15.793 17.262 18.807 20.429
2.622 3.225 3.851 4.501 5.174 5.871 6.591 7.334 8.101 8.631 8.303 7.935 7.527 7.078 6.590 6.061 5.492 4.882 4.233 3.543 2.818 2.332 2.801 3.301 3.792 4.274 4.747 5.212 5.667 6.114 6.552 6.981 7.402 7.668 7.582 7.502 7.430 7.363 7.304 7.250 7.204 7.164 7.131 7.104 7.084 7.112 7.208 7.292 7.362 7.420 7.464 7.495 7.513 7.518 7.510 7.489 7.455 7.619 8.078 8.552 9.042 9.547 10.068 10.603 11.155 11.721 12.303 12.900 13.512 14.649 16.380 18.186 20.069 22.028
2.924 3.609 4.317 5.049 5.803 6.581 7.383 8.208 9.056 9.786 9.317 8.809 8.260 7.672 7.034 6.278 5.552 4.856 4.189 3.552 2.939 2.454 2.924 3.384 3.836 4.279 4.713 5.139 5.555 5.963 6.362 6.753 7.134 7.434 7.377 7.327 7.283 7.246 7.216 7.192 7.175 7.164 7.160 7.162 7.172 7.194 7.232 7.258 7.270 7.269 7.256 7.229 7.189 7.136 7.070 6.990 6.898 6.986 7.514 8.056 8.614 9.188 9.776 10.380 10.999 11.634 12.284 12.949 13.630 14.822 16.890 19.034 21.254 23.550
3.204 3.971 4.760 5.573 6.410 7.269 8.152 9.015 9.662 10.288 9.520 8.750 8.008 7.297 6.614 5.961 5.338 4.744 4.180 3.644 3.135 2.647 3.056 3.477 3.890 4.294 4.689 5.076 5.453 5.822 6.182 6.534 6.876 7.192 7.165 7.144 7.130 7.122 7.121 7.126 7.138 7.157 7.182 7.214 7.252 7.290 7.270 7.238 7.192 7.133 7.061 6.976 6.878 6.767 6.643 6.506 6.356 6.339 6.934 7.545 8.171 8.813 9.470 10.142 10.829 11.532 12.250 12.983 13.731 14.919 17.324 19.805 22.361 24.994
3.436 4.161 4.864 5.545 6.204 6.842 7.457 8.051 8.623 9.173 8.665 7.997 7.358 6.749 6.169 5.619 5.098 4.606 4.144 3.711 3.305 2.920 3.197 3.580 3.954 4.319 4.675 5.022 5.361 5.691 6.012 6.324 6.628 6.923 6.946 6.954 6.969 6.991 7.019 7.054 7.095 7.143 7.197 7.258 7.326 7.400 7.322 7.231 7.127 7.011 6.881 6.738 6.582 6.413 6.231 6.035 5.827 5.676 6.340 7.019 7.713 8.423 9.148 9.888 10.643 11.414 12.200 13.001 13.818 14.939 17.681 20.499 23.392 26.362
3.024 3.673 4.300 4.905 5.489 6.051 6.591 7.109 7.605 8.080 7.784 7.219 6.682 6.175 5.698 5.250 4.831 4.442 4.082 3.751 3.448 3.166 3.348 3.692 4.027 4.353 4.670 4.979 5.279 5.570 5.852 6.125 6.390 6.646 6.720 6.758 6.802 6.853 6.910 6.974 7.045 7.122 7.205 7.296 7.392 7.496 7.387 7.238 7.077 6.902 6.714 6.513 6.299 6.072 5.832 5.579 5.313 5.034 5.731 6.478 7.240 8.018 8.811 9.619 10.442 11.281 12.135 13.004 13.949 15.049 18.254 21.543 24.917 28.375
2.633 3.206 3.757 4.287 4.795 5.281 5.745 6.188 6.609 7.007 6.878 6.415 5.981 5.576 5.201 4.855 4.538 4.251 3.994 3.765 3.564 3.386 3.509 3.814 4.110 4.397 4.675 4.945 5.206 5.458 5.701 5.936 6.162 6.379 6.487 6.554 6.628 6.708 6.794 6.888 6.987 7.094 7.206 7.326 7.452 7.584 7.466 7.260 7.040 6.807 6.561 6.303 6.031 5.746 5.448 5.137 4.813 4.476 5.106 6.077 7.253 8.391 9.491 10.553 11.578 12.564 13.513 14.424 15.297 16.132 19.531 23.195 26.944 30.776
2.262 2.760 3.235 3.690 4.122 4.532 4.921 5.288 5.633 5.957 5.946 5.585 5.253 4.951 4.678 4.434 4.220 4.035 3.879 3.753 3.654 3.580 3.679 3.945 4.202 4.450 4.690 4.921 5.143 5.356 5.561 5.756 5.943 6.122 6.248 6.344 6.447 6.556 6.672 6.794 6.923 7.058 7.200 7.349 7.504 7.666 7.559 7.295 7.017 6.726 6.483 6.374 6.328 6.345 6.426 6.570 6.778 7.048 7.925 8.970 9.978 10.949 11.881 12.776 13.632 14.451 15.232 15.976 16.681 17.349 20.723 24.761 28.884 33.090
1.912 2.334 2.735 3.113 3.470 3.805 4.118 4.409 4.679 4.927 4.989 4.730 4.500 4.300 4.129 3.987 3.875 3.792 3.738 3.714 3.718 3.747 3.859 4.086 4.304 4.514 4.714 4.906 5.090 5.264 5.430 5.587 5.735 5.874 6.002 6.127 6.259 6.397 6.542 6.693 6.852 7.029 7.215 7.383 7.533 7.664 7.649 7.567 7.549 7.593 7.702 7.873 8.108 8.406 8.767 9.192 9.680 10.231 11.021 11.899 12.739 13.542 14.306 15.033 15.722 16.374 16.987 17.563 18.101 18.601 21.828 26.240 30.737 35.318
1.583 1.930 2.255 2.558 2.839 3.098 3.336 3.552 3.746 3.919 4.006 3.849 3.722 3.623 3.554 3.515 3.504 3.523 3.572 3.649 3.756 3.887 4.049 4.237 4.416 4.587 4.748 4.902 5.046 5.182 5.309 5.427 5.577 5.801 6.041 6.275 6.491 6.688 6.866 7.026 7.167 7.290 7.394 7.479 7.546 7.594 7.677 7.876 8.138 8.463 8.852 9.304 9.819 10.397 11.039 11.744 12.512 13.344 14.152 14.862 15.535 16.170 16.767 17.326 17.848 18.332 18.778 19.186 19.556 19.889 22.848 27.634 32.504 37.458
1.275 1.546 1.795 2.023 2.229 2.413 2.575 2.716 2.835 2.932 2.997 2.943 2.917 2.921 2.954 3.016 3.108 3.229 3.379 3.558 3.767 4.002 4.247 4.395 4.547 4.716 4.899 5.099 5.314 5.544 5.790 6.052 6.329 6.622 6.900 7.052 7.185 7.299 7.395 7.472 7.531 7.571 7.592 7.594 7.578 7.544 7.638 8.117 8.660 9.265 9.934 10.667 11.462 12.321 13.243 14.228 15.276 16.387 17.317 17.860 18.365 18.832 19.262 19.654 20.008 20.325 20.604 20.845 21.048 21.213 23.781 28.941 34.185 39.512
0.988 1.183 1.357 1.509 1.640 1.748 1.835 1.901 1.944 1.966 1.966 2.011 2.087 2.193 2.328 2.507 2.794 3.070 3.337 3.593 3.838 4.073 4.300 4.507 4.729 4.966 5.219 5.487 5.772 6.071 6.386 6.717 7.063 7.425 7.779 7.848 7.899 7.930 7.943 7.938 7.914 7.871 7.810 7.730 7.631 7.514 7.532 8.291 9.114 10.000 10.949 11.962 13.037 14.176 15.378 16.643 17.971 19.362 20.517 20.892 21.230 21.530 21.792 22.017 22.204 22.353 22.465 22.539 22.575 22.573 24.629 30.162 35.779 41.480
0.721 0.841 0.940 1.016 1.071 1.105 1.116 1.106 1.112 1.256 1.410 1.686 1.978 2.260 2.532 2.793 3.045 3.286 3.517 3.738 3.947 4.147 4.338 4.601 4.892 5.199 5.521 5.858 6.211 6.580 6.964 7.364 7.780 8.210 8.657 8.664 8.631 8.580 8.511 8.423 8.316 8.191 8.047 7.884 7.703 7.503 7.359 8.398 9.501 10.667 11.896 13.189 14.544 15.962 17.444 18.989 20.597 22.268 23.751 23.959 24.130 24.263 24.358 24.415 24.435 24.417 24.362 24.268 24.137 23.969 25.392 31.298 37.287 43.361
0.475 0.538 0.643 0.760 0.887 1.025 1.174 1.333 1.504 1.685 1.877 2.122 2.379 2.625 2.862 3.088 3.304 3.510 3.706 3.892 4.066 4.229 4.385 4.678 5.038 5.414 5.805 6.211 6.633 7.071 7.524 7.993 8.478 8.977 9.493 9.498 9.383 9.250 9.098 8.927 8.738 8.530 8.304 8.059 7.795 7.513 7.212 8.439 9.821 11.267 12.776 14.348 15.983 17.681 19.442 21.266 23.154 25.104 27.019 27.061 27.064 27.030 26.958 26.848 26.701 26.516 26.294 26.034 25.736 25.400 26.068 32.347 38.710 45.156
0.524 0.656 0.799 0.953 1.118 1.294 1.480 1.677 1.885 2.104 2.334 2.567 2.788 3.000 3.201 3.392 3.573 3.743 3.904 4.054 4.193 4.321 4.441 4.737 5.166 5.611 6.071 6.546 7.038 7.544 8.066 8.604 9.157 9.726 10.311 10.352 10.155 9.939 9.704 9.451 9.179 8.889 8.580 8.253 7.907 7.542 7.159 8.412 10.074 11.799 13.588 15.439 17.354 19.331 21.372 23.475 25.642 27.872 30.165 30.197 30.033 29.832 29.593 29.317 29.003 28.651 28.261 27.834 27.370 26.867 26.517 32.632 38.596 44.408
0.594 0.764 0.945 1.136 1.338 1.552 1.776 2.010 2.256 2.512 2.779 3.020 3.206 3.383 3.548 3.704 3.850 3.985 4.111 4.226 4.329 4.421 4.506 4.779 5.277 5.790 6.319 6.864 7.424 7.999 8.591 9.197 9.819 10.457 11.110 11.225 10.945 10.647 10.330 9.995 9.640 9.268 8.876 8.467 8.038 7.591 7.126 8.318 10.260 12.265 14.332 16.463 18.657 20.914 23.233 25.616 28.062 30.571 33.142 33.367 33.037 32.576 31.882 31.130 30.320 29.452 28.527 27.543 26.502 25.403 24.247 29.261 34.557 39.701
0.654 0.861 1.080 1.309 1.549 1.799 2.061 2.333 2.616 2.910 3.215 3.482 3.633 3.774 3.905 4.025 4.136 4.236 4.326 4.406 4.474 4.531 4.580 4.803 5.369 5.952 6.550 7.163 7.792 8.437 9.097 9.772 10.463 11.170 11.892 12.118 11.755 11.374 10.975 10.557 10.121 9.666 9.192 8.700 8.189 7.660 7.112 8.158 10.379 12.663 15.009 17.419 19.907 22.430 24.923 27.385 29.816 32.217 34.587 34.723 33.889 32.997 32.047 31.039 29.974 28.850 27.669 26.430 25.134 23.779 22.367 26.043 30.671 35.147
0.703 0.949 1.204 1.471 1.748 2.037 2.336 2.645 2.966 3.297 3.639 3.953 4.069 4.175 4.270 4.355 4.431 4.496 4.551 4.595 4.628 4.649 4.662 4.809 5.445 6.096 6.763 7.445 8.143 8.856 9.585 10.329 11.089 11.864 12.655 13.029 12.584 12.121 11.640 11.139 10.621 10.083 9.527 9.047 8.797 8.499 8.153 9.155 11.696 14.207 16.687 19.137 21.556 23.944 26.302 28.629 30.926 33.192 35.428 35.714 34.624 33.476 32.270 31.007 29.686 28.307 26.871 25.377 23.825 22.215 20.548 22.978 26.939 30.747
