DATA/SHG/ECMWF/20170628/EN-7/20170708.en-7.asc
ncols        190
nrows        64
xllcorner    -5100000.000000000000
yllcorner    4130000.000000000000
cellsize     10000.000000000000
NODATA_value  -99999.000
[rows 0 to 31 of 64, columns 72 to 143 of 190]
2.888 2.720 2.550 2.378 2.204 2.028 1.849 1.668 1.485 1.330 1.256 1.192 1.128 1.064 1.000 0.936 0.872 0.808 0.744 0.680 0.616 0.620 0.854 1.096 1.348 1.609 1.880 2.161 2.451 2.752 3.062 3.382 3.711 3.980 4.017 4.048 4.073 4.093 4.107 4.115 4.117 4.113 4.104 4.089 4.068 4.183 4.732 5.277 5.817 6.354 6.886 7.414 7.938 8.457 8.973 9.484 9.991 10.421 10.655 10.919 11.213 11.539 11.895 12.281 12.698 13.145 13.623 14.132 14.671 15.419 16.699 18.010
2.998 2.823 2.645 2.525 2.403 2.261 2.099 1.917 1.715 1.523 1.459 1.395 1.330 1.266 1.202 1.138 1.075 1.011 0.947 0.883 0.819 0.791 1.069 1.354 1.650 1.955 2.269 2.594 2.928 3.272 3.626 3.990 4.363 4.704 4.715 4.720 4.719 4.713 4.700 4.682 4.658 4.629 4.593 4.552 4.505 4.526 5.056 5.583 6.104 6.622 7.136 7.645 8.150 8.651 9.148 9.640 10.128 10.594 10.964 11.365 11.796 12.257 12.750 13.272 13.825 14.409 15.023 15.668 16.343 17.153 18.577 20.033
3.623 3.491 3.339 3.167 2.975 2.763 2.530 2.278 2.006 1.725 1.661 1.597 1.533 1.469 1.405 1.341 1.277 1.213 1.149 1.086 1.022 0.958 1.272 1.601 1.940 2.289 2.647 3.016 3.394 3.781 4.179 4.586 5.003 5.430 5.418 5.397 5.370 5.338 5.299 5.255 5.205 5.149 5.088 5.020 4.947 4.873 5.385 5.892 6.396 6.895 7.389 7.880 8.366 8.848 9.326 9.800 10.270 10.736 11.242 11.779 12.346 12.944 13.572 14.231 14.920 15.640 16.390 17.171 17.982 18.859 20.369 21.818
4.495 4.292 4.070 3.827 3.565 3.282 2.980 2.657 2.314 1.952 1.862 1.798 1.735 1.671 1.607 1.543 1.479 1.416 1.352 1.288 1.225 1.161 1.463 1.836 2.219 2.611 3.014 3.425 3.847 4.278 4.720 5.170 5.631 6.101 6.126 6.079 6.027 5.968 5.904 5.833 5.757 5.676 5.588 5.495 5.395 5.290 5.717 6.206 6.691 7.171 7.647 8.119 8.586 9.050 9.509 9.964 10.415 10.862 11.488 12.161 12.918 13.741 14.575 15.420 16.275 17.140 18.016 18.903 19.800 20.707 21.920 23.097
5.384 5.111 4.818 4.505 4.173 3.820 3.447 3.054 2.641 2.208 2.064 2.000 1.936 1.872 1.809 1.745 1.681 1.617 1.554 1.490 1.427 1.363 1.644 2.060 2.487 2.923 3.368 3.824 4.289 4.764 5.249 5.743 6.247 6.761 6.840 6.767 6.689 6.604 6.513 6.417 6.315 6.207 6.094 5.974 5.849 5.718 6.054 6.524 6.989 7.451 7.908 8.408 8.953 9.510 10.079 10.660 11.252 11.857 12.650 13.499 14.359 15.229 16.110 17.001 17.903 18.816 19.739 20.672 21.616 22.571 23.530 24.434
6.291 5.947 5.584 5.201 4.798 4.375 3.932 3.469 2.986 2.483 2.265 2.201 2.137 2.074 2.010 1.946 1.883 1.819 1.756 1.692 1.629 1.565 1.813 2.273 2.743 3.222 3.712 4.211 4.719 5.238 5.766 6.304 6.852 7.409 7.560 7.461 7.356 7.245 7.129 7.006 6.878 6.745 6.649 6.560 6.444 6.301 6.592 7.131 7.682 8.244 8.819 9.405 10.002 10.612 11.233 11.866 12.511 13.168 13.984 14.880 15.787 16.704 17.632 18.570 19.519 20.478 21.448 22.428 23.419 24.420 25.198 25.829
7.215 6.802 6.368 5.915 5.442 4.948 4.435 3.902 3.349 2.776 2.466 2.402 2.338 2.275 2.211 2.148 2.084 2.021 1.957 1.894 1.830 1.767 1.970 2.474 2.987 3.510 4.043 4.586 5.138 5.700 6.272 6.853 7.444 8.150 8.550 8.558 8.538 8.491 8.417 8.315 8.186 8.030 7.846 7.636 7.397 7.132 7.312 7.904 8.507 9.122 9.749 10.387 11.038 11.700 12.373 13.059 13.756 14.465 15.306 16.249 17.202 18.166 19.141 20.126 21.121 22.128 23.144 24.171 25.209 26.257 26.925 27.284
8.157 7.673 7.170 6.646 6.103 5.540 4.956 4.353 3.730 3.087 2.666 2.603 2.539 2.475 2.412 2.348 2.285 2.222 2.158 2.095 2.032 1.968 2.116 2.663 3.266 3.915 4.595 5.306 6.048 6.821 7.625 8.460 9.325 10.222 10.752 10.638 10.496 10.327 10.130 9.906 9.655 9.377 9.071 8.738 8.378 7.991 8.019 8.663 9.319 9.986 10.665 11.356 12.059 12.773 13.499 14.237 14.987 15.748 16.614 17.604 18.604 19.615 20.637 21.668 22.711 23.764 24.827 25.901 26.985 28.080 28.710 28.797
9.116 8.563 7.989 7.396 6.782 6.149 5.495 4.822 4.129 3.416 2.866 2.803 2.739 2.676 2.612 2.549 2.510 2.552 2.569 2.563 2.533 2.478 2.575 3.300 4.057 4.844 5.663 6.512 7.392 8.303 9.245 10.218 11.222 12.257 12.981 12.744 12.480 12.189 11.871 11.525 11.152 10.752 10.324 9.869 9.387 8.878 8.713 9.409 10.117 10.837 11.568 12.311 13.066 13.833 14.611 15.401 16.203 17.017 17.910 18.946 19.994 21.051 22.119 23.198 24.287 25.387 26.497 27.617 28.748 29.890 30.554 30.369
10.093 9.470 8.826 8.163 7.479 6.776 6.052 5.309 4.546 3.818 3.320 3.422 3.499 3.552 3.582 3.587 3.569 3.527 3.461 3.371 3.257 3.119 3.053 3.917 4.812 5.737 6.694 7.681 8.699 9.749 10.829 11.940 13.082 14.255 15.237 14.878 14.492 14.079 13.638 13.171 12.676 12.154 11.604 11.028 10.424 9.793 9.392 10.141 10.901 11.673 12.457 13.253 14.060 14.879 15.709 16.552 17.406 18.271 19.193 20.276 21.370 22.474 23.589 24.714 25.850 26.997 28.153 29.320 30.498 31.686 32.456 31.999
11.088 10.394 9.668 8.945 8.258 7.608 6.993 6.415 5.872 5.366 4.901 4.919 4.912 4.882 4.828 4.750 4.648 4.522 4.372 4.199 4.001 3.780 3.526 4.497 5.530 6.594 7.688 8.814 9.970 11.158 12.376 13.625 14.905 16.215 17.520 17.039 16.531 15.996 15.434 14.844 14.227 13.583 12.912 12.214 11.488 10.735 10.059 10.859 11.672 12.496 13.332 14.180 15.039 15.911 16.793 17.688 18.594 19.512 20.463 21.593 22.733 23.884 25.046 26.218 27.400 28.593 29.797 31.011 32.235 33.470 34.416 33.688
11.605 10.936 10.303 9.705 9.144 8.619 8.130 7.677 7.260 6.878 6.533 6.435 6.345 6.231 6.094 5.932 5.747 5.537 5.304 5.047 4.767 4.462 4.123 5.042 6.213 7.414 8.647 9.910 11.205 12.530 13.886 15.273 16.690 18.139 19.618 19.226 18.597 17.940 17.256 16.545 15.806 15.041 14.248 13.428 12.581 11.706 10.805 11.564 12.429 13.306 14.194 15.094 16.005 16.929 17.864 18.810 19.769 20.739 21.721 22.897 24.084 25.282 26.490 27.708 28.938 30.177 31.427 32.688 33.959 35.060 35.856 34.709
11.954 11.411 10.903 10.431 9.996 9.596 9.232 8.904 8.612 8.356 8.136 7.972 7.798 7.601 7.380 7.135 6.866 6.573 6.257 5.916 5.552 5.164 4.742 5.551 6.859 8.199 9.569 10.971 12.403 13.866 15.359 16.884 18.439 20.025 21.642 21.441 20.690 19.911 19.105 18.272 17.412 16.525 15.611 14.669 13.701 12.705 11.682 12.255 13.172 14.101 15.042 15.994 16.957 17.933 18.920 19.919 20.929 21.952 22.985 24.188 25.304 26.279 27.234 28.169 29.085 29.982 30.860 31.718 32.556 33.376 34.176 33.739
12.270 11.851 11.469 11.123 10.812 10.538 10.299 10.096 9.929 9.798 9.703 9.528 9.271 8.991 8.686 8.357 8.005 7.629 7.229 6.806 6.358 5.887 5.381 6.024 7.470 8.947 10.456 11.994 13.564 15.165 16.796 18.458 20.151 21.875 23.630 23.682 22.809 21.909 20.982 20.028 19.046 18.037 17.001 15.939 14.848 13.731 12.587 12.933 13.902 14.883 15.876 16.854 17.783 18.678 19.538 20.363 21.154 21.910 22.632 23.504 24.412 25.301 26.170 27.020 27.851 28.662 29.454 30.226 30.979 31.713 32.427 32.632
12.551 12.258 12.001 11.779 11.594 11.445 11.331 11.253 11.212 11.206 11.236 11.105 10.764 10.400 10.012 9.600 9.165 8.705 8.222 7.715 7.184 6.630 6.040 6.461 8.045 9.660 11.306 12.982 14.689 16.428 18.196 19.996 21.827 23.688 25.580 25.950 24.956 23.934 22.886 21.810 20.707 19.577 18.350 17.094 15.899 14.765 13.692 13.831 14.745 15.624 16.469 17.279 18.054 18.795 19.502 20.174 20.811 21.414 21.983 22.719 23.541 24.344 25.128 25.892 26.637 27.362 28.069 28.756 29.423 30.071 30.700 31.389
12.798 12.630 12.498 12.402 12.342 12.317 12.329 12.376 12.459 12.578 12.733 12.700 12.277 11.829 11.358 10.863 10.344 9.801 9.235 8.645 8.031 7.393 6.720 6.862 8.584 10.336 12.120 13.934 15.778 17.654 19.560 21.497 23.465 25.243 26.804 27.102 25.690 24.339 23.049 21.820 20.653 19.546 18.500 17.515 16.592 15.729 14.928 14.905 15.665 16.391 17.082 17.739 18.361 18.949 19.502 20.021 20.505 20.955 21.370 21.954 22.691 23.408 24.106 24.785 25.444 26.084 26.705 27.306 27.888 28.451 28.994 30.010
13.011 12.968 12.961 12.990 13.055 13.155 13.291 13.463 13.671 13.915 14.195 14.316 13.809 13.278 12.724 12.146 11.544 10.918 10.268 9.595 8.898 8.177 7.421 7.228 9.028 10.760 12.455 14.112 15.732 17.314 18.859 20.367 21.837 23.270 24.665 25.287 24.146 23.067 22.049 21.091 20.195 19.359 18.585 17.871 17.219 16.627 16.097 16.013 16.620 17.192 17.730 18.234 18.703 19.138 19.538 19.903 20.235 20.531 20.794 21.211 21.862 22.493 23.106 23.699 24.273 24.827 25.363 25.878 26.375 26.852 27.310 28.496
13.190 13.272 13.390 13.544 13.733 13.958 14.220 14.516 14.849 15.218 15.622 15.951 15.361 14.747 14.110 13.448 12.746 11.827 10.929 10.052 9.195 8.360 7.543 6.988 8.591 10.157 11.686 13.177 14.631 16.048 17.427 18.768 20.073 21.340 22.570 23.408 22.539 21.730 20.983 20.297 19.672 19.107 18.604 18.161 17.780 17.459 17.199 17.156 17.610 18.029 18.414 18.765 19.081 19.362 19.609 19.822 20.000 20.144 20.254 20.487 21.053 21.599 22.126 22.634 23.122 23.592 24.041 24.472 24.883 25.275 25.647 26.845
13.335 13.542 13.785 14.063 14.377 14.727 15.113 15.535 15.992 16.432 16.631 16.825 15.900 14.970 14.061 13.173 12.306 11.459 10.633 9.828 9.044 8.281 7.538 6.811 8.197 9.597 10.959 12.285 13.573 14.824 16.037 17.214 18.352 19.454 20.518 21.465 20.867 20.330 19.853 19.438 19.084 18.790 18.557 18.386 18.275 18.225 18.236 18.334 18.635 18.901 19.133 19.331 19.494 19.623 19.717 19.777 19.802 19.793 19.750 19.785 20.265 20.726 21.168 21.590 21.993 22.377 22.741 23.086 23.412 23.719 24.006 25.059
13.446 13.778 14.101 14.319 14.531 14.738 14.940 15.136 15.327 15.513 15.694 15.870 15.152 14.295 13.458 12.642 11.847 11.073 10.320 9.587 8.875 8.184 7.514 6.860 7.844 9.079 10.276 11.435 12.558 13.643 14.691 15.702 16.675 17.611 18.510 19.371 19.131 18.865 18.659 18.514 18.431 18.408 18.446 18.544 18.704 18.925 19.206 19.547 19.695 19.809 19.888 19.932 19.942 19.918 19.860 19.767 19.640 19.478 19.282 19.103 19.498 19.874 20.230 20.567 20.885 21.183 21.462 21.722 21.963 22.184 22.386 23.137
12.900 13.110 13.315 13.514 13.708 13.897 14.081 14.259 14.432 14.600 14.763 14.920 14.386 13.601 12.837 12.094 11.371 10.669 9.988 9.328 8.688 8.069 7.471 6.891 7.534 8.603 9.634 10.629 11.586 12.505 13.388 14.233 15.041 15.811 16.545 17.241 17.331 17.335 17.400 17.526 17.713 17.960 18.269 18.638 19.068 19.558 20.110 20.722 20.790 20.751 20.677 20.569 20.427 20.250 20.039 19.793 19.513 19.199 18.850 18.467 18.752 19.042 19.313 19.565 19.797 20.010 20.204 20.379 20.534 20.671 20.826 21.191
12.156 12.348 12.534 12.715 12.892 13.062 13.228 13.388 13.543 13.693 13.838 13.977 13.603 12.890 12.198 11.527 10.877 10.247 9.638 9.050 8.483 7.936 7.410 6.903 7.266 8.169 9.035 9.864 10.656 11.410 12.127 12.807 13.450 14.055 14.623 15.154 15.467 15.741 16.077 16.473 16.930 17.448 18.026 18.666 19.366 20.127 20.948 21.830 21.920 21.728 21.502 21.241 20.946 20.617 20.253 19.855 19.422 18.956 18.455 17.919 18.026 18.304 18.655 18.967 19.242 19.477 19.674 19.832 19.952 20.033 20.075 20.079
11.417 11.591 11.760 11.923 12.081 12.234 12.381 12.523 12.660 12.792 12.919 13.040 12.802 12.161 11.541 10.942 10.364 9.807 9.270 8.754 8.259 7.784 7.331 6.896 7.040 7.778 8.478 9.142 9.768 10.358 10.909 11.424 11.902 12.342 12.745 13.111 13.539 14.084 14.689 15.356 16.083 16.871 17.719 18.628 19.598 20.629 21.720 22.872 23.085 22.740 22.362 21.948 21.493 21.034 20.600 20.190 19.806 19.447 19.113 18.804 18.912 19.131 19.311 19.453 19.556 19.620 19.646 19.633 19.582 19.492 19.363 19.196
10.685 10.841 10.991 11.136 11.276 11.411 11.540 11.664 11.783 11.897 12.005 12.109 11.983 11.414 10.867 10.340 9.834 9.348 8.884 8.440 8.017 7.614 7.234 6.872 6.855 7.428 7.964 8.462 8.924 9.348 9.735 10.084 10.397 10.672 10.910 11.111 11.547 12.362 13.238 14.174 15.171 16.228 17.347 18.564 19.823 21.029 22.180 23.278 23.526 23.077 22.653 22.255 21.881 21.533 21.210 20.911 20.638 20.390 20.167 19.969 19.949 19.997 20.006 19.977 19.909 19.802 19.657 19.473 19.251 18.990 18.691 18.353
9.958 10.096 10.228 10.355 10.477 10.594 10.705 10.811 10.912 11.008 11.098 11.184 11.146 10.649 10.174 9.719 9.285 8.872 8.479 8.108 7.756 7.426 7.118 6.829 6.713 7.121 7.492 7.825 8.121 8.380 8.602 8.787 8.934 9.045 9.300 9.852 10.697 12.094 13.438 14.728 15.964 17.146 18.274 19.349 20.370 21.337 22.251 23.111 23.443 23.105 22.793 22.505 22.243 22.005 21.793 21.605 21.443 21.305 21.193 21.106 21.024 20.901 20.739 20.539 20.300 20.023 19.707 19.353 18.960 18.528 18.058 17.550
9.237 9.357 9.471 9.580 9.684 9.783 9.876 9.964 10.047 10.125 10.197 10.264 10.291 9.867 9.463 9.081 8.719 8.378 8.057 7.757 7.478 7.220 6.984 6.767 6.613 6.936 7.388 7.861 8.357 8.874 9.413 9.974 10.557 11.161 11.787 12.435 13.207 14.366 15.471 16.522 17.520 18.464 19.354 20.191 20.974 21.703 22.378 23.000 23.334 23.108 22.906 22.729 22.577 22.451 22.349 22.272 22.221 22.194 22.192 22.216 22.137 21.843 21.511 21.140 20.730 20.282 19.796 19.271 18.707 18.105 17.465 16.786
8.559 8.624 8.720 8.811 8.897 8.978 9.053 9.123 9.188 9.248 9.302 9.351 9.395 9.066 8.735 8.424 8.134 7.890 7.833 7.806 7.809 7.843 7.887 7.937 8.010 8.527 9.075 9.646 10.238 10.852 11.487 12.145 12.824 13.525 14.247 14.992 15.771 16.692 17.559 18.372 19.132 19.838 20.490 21.089 21.634 22.125 22.563 22.947 23.199 23.083 22.992 22.926 22.885 22.870 22.879 22.913 22.972 23.056 23.165 23.299 23.289 22.824 22.321 21.779 21.199 20.581 19.923 19.228 18.494 17.722 16.911 16.061
7.922 7.897 7.975 8.048 8.116 8.179 8.236 8.288 8.335 8.377 8.448 8.644 8.829 8.781 8.707 8.665 8.652 8.670 8.718 8.797 8.906 9.045 9.195 9.351 9.531 10.091 10.737 11.403 12.092 12.802 13.534 14.288 15.064 15.861 16.680 17.521 18.383 19.073 19.702 20.278 20.799 21.268 21.682 22.043 22.350 22.604 22.804 22.950 23.038 23.033 23.052 23.097 23.167 23.262 23.381 23.526 23.696 23.890 24.110 24.355 24.478 23.843 23.169 22.457 21.706 20.917 20.090 19.224 18.320 17.377 16.396 15.376
7.298 7.176 7.236 7.346 7.577 7.799 8.010 8.211 8.401 8.582 8.752 8.912 9.061 9.111 9.143 9.206 9.299 9.422 9.575 9.759 9.973 10.218 10.473 10.736 11.022 11.629 12.371 13.134 13.919 14.726 15.554 16.405 17.276 18.170 19.085 20.023 20.981 21.510 21.901 22.239 22.523 22.753 22.930 23.053 23.123 23.139 23.102 23.011 22.866 22.956 23.086 23.242 23.422 23.627 23.858 24.113 24.393 24.698 25.028 25.383 25.705 24.900 24.055 23.173 22.252 21.293 20.295 19.259 18.184 17.071 15.920 14.730
7.479 7.484 7.701 7.907 8.103 8.289 8.464 8.629 8.785 8.929 9.064 9.188 9.303 9.413 9.551 9.719 9.917 10.145 10.404 10.693 11.012 11.362 11.723 12.092 12.484 13.141 13.979 14.838 15.720 16.623 17.548 18.494 19.462 20.452 21.464 22.497 23.552 24.002 24.155 24.255 24.302 24.295 24.234 24.120 23.952 23.731 23.456 23.128 22.746 22.853 23.094 23.360 23.650 23.966 24.307 24.673 25.063 25.479 25.920 26.385 26.876 25.995 24.980 23.927 22.836 21.707 20.539 19.333 18.088 16.805 15.484 14.124
8.124 8.126 8.306 8.477 8.637 8.788 8.928 9.057 9.177 9.286 9.385 9.474 9.553 9.688 9.930 10.203 10.506 10.840 11.204 11.598 12.022 12.477 12.944 13.419 13.918 14.626 15.560 16.516 17.494 18.493 19.514 20.557 21.621 22.707 23.815 24.945 26.096 26.549 26.465 26.327 26.136 25.892 25.594 25.242 24.837 24.379 23.867 23.302 22.683 22.723 23.075 23.451 23.852 24.279 24.730 25.206 25.707 26.233 26.784 27.360 27.961 27.128 25.943 24.702 23.405 22.095 20.773 19.437 18.089 16.728 15.354 13.968
8.736 8.775 8.921 9.056 9.181 9.295 9.400 9.494 9.578 9.652 9.716 9.769 9.812 9.934 10.281 10.659 11.068 11.506 11.975 12.474 13.004 13.563 14.136 14.717 15.322 16.084 17.115 18.167 19.241 20.336 21.454 22.592 23.753 24.935 26.139 27.365 28.612 29.151 28.829 28.455 28.026 27.545 27.010 26.421 25.779 25.083 24.334 23.532 22.676 22.568 23.029 23.516 24.028 24.565 25.282 26.266 27.081 27.725 28.200 28.505 28.639 27.716 26.387 25.046 23.692 22.325 20.946 19.553 18.148 16.730 15.299 13.856
