DATA/SHG/ECMWF/20170628/EN-7/20170705.en-7.asc
ncols        190
nrows        64
xllcorner    -5100000.000000000000
yllcorner    4130000.000000000000
cellsize     10000.000000000000
NODATA_value  -99999.000
[rows 0 to 33 of 64, columns 0 to 74 of 190]
8.542 9.134 9.718 10.293 10.859 11.416 11.964 12.503 13.034 13.367 13.665 13.994 14.354 14.744 15.164 15.615 16.096 16.608 17.150 17.527 17.850 17.879 17.767 17.654 17.539 17.422 17.303 17.182 17.060 16.935 16.809 16.680 16.550 16.054 15.361 14.715 14.116 13.565 13.061 12.604 12.194 11.832 11.517 11.249 11.029 10.951 10.964 10.971 10.972 10.967 10.956 10.939 10.916 10.887 10.852 10.811 10.765 10.993 11.551 12.108 12.662 13.215 13.766 14.315 14.862 15.407 15.951 16.492 17.031 17.188 16.699 16.169 15.600 14.990 14.340
8.888 9.450 10.002 10.546 11.080 11.606 12.123 12.631 13.130 13.556 13.962 14.399 14.696 14.995 15.301 15.613 15.933 16.260 16.593 16.934 17.281 17.382 17.264 17.144 17.022 16.899 16.773 16.646 16.517 16.386 16.253 16.118 15.981 15.647 15.120 14.640 14.208 13.823 13.485 13.195 12.952 12.756 12.607 12.505 12.451 12.439 12.431 12.416 12.396 12.370 12.338 12.299 12.255 12.205 12.149 12.087 12.019 12.147 12.699 13.249 13.797 14.343 14.887 15.429 15.969 16.508 17.044 17.579 18.112 18.360 17.729 17.058 16.347 15.596 14.805
9.244 9.774 10.295 10.808 11.285 11.645 11.997 12.341 12.678 12.994 13.297 13.607 13.924 14.247 14.578 14.915 15.259 15.610 15.969 16.334 16.705 16.888 16.763 16.637 16.509 16.379 16.247 16.113 15.977 15.839 15.700 15.559 15.415 15.191 14.831 14.518 14.252 14.033 13.861 13.737 13.660 13.630 13.647 13.712 13.823 13.931 13.901 13.866 13.824 13.777 13.723 13.664 13.599 13.527 13.450 13.367 13.278 13.302 13.847 14.390 14.931 15.470 16.007 16.543 17.077 17.608 18.138 18.666 18.913 18.984 17.977 16.976 15.982 14.994 14.013
9.138 9.501 9.857 10.206 10.546 10.879 11.205 11.522 11.832 12.142 12.469 12.804 13.145 13.493 13.848 14.210 14.579 14.955 15.337 15.727 16.123 16.397 16.266 16.133 15.998 15.861 15.723 15.582 15.440 15.296 15.150 15.002 14.852 14.688 14.494 14.347 14.247 14.194 14.189 14.231 14.319 14.455 14.638 14.869 15.146 15.426 15.375 15.319 15.256 15.187 15.113 15.032 14.946 14.853 14.755 14.651 14.541 14.456 14.994 15.531 16.045 16.313 16.569 16.812 17.043 17.261 17.467 17.661 17.843 18.012 17.048 16.070 15.098 14.134 13.175
8.516 8.853 9.182 9.503 9.817 10.123 10.422 10.713 10.996 11.283 11.635 11.994 12.360 12.733 13.112 13.499 13.892 14.293 14.700 15.114 15.535 15.908 15.771 15.631 15.490 15.347 15.202 15.055 14.906 14.755 14.602 14.448 14.292 14.137 14.109 14.128 14.194 14.307 14.468 14.675 14.930 15.232 15.581 15.976 16.420 16.910 16.853 16.775 16.692 16.602 16.506 16.404 16.297 16.127 15.767 15.400 15.024 14.641 14.845 15.095 15.332 15.557 15.769 15.970 16.157 16.333 16.497 16.648 16.787 16.913 16.114 15.159 14.211 13.269 12.333
7.904 8.214 8.516 8.811 9.097 9.377 9.648 9.912 10.169 10.418 10.795 11.178 11.569 11.966 12.370 12.781 13.199 13.624 14.056 14.494 14.940 15.392 15.278 15.132 14.985 14.835 14.683 14.530 14.374 14.217 14.058 13.897 13.734 13.569 13.676 13.861 14.093 14.372 14.698 15.072 15.492 15.959 16.474 17.035 17.644 18.299 18.242 17.909 17.568 17.219 16.863 16.499 16.128 15.748 15.362 14.967 14.565 14.155 14.231 14.437 14.631 14.813 14.983 15.140 15.285 15.418 15.539 15.647 15.743 15.827 15.176 14.244 13.318 12.399 11.486
7.301 7.584 7.859 8.127 8.387 8.640 8.884 9.122 9.351 9.573 9.948 10.356 10.771 11.193 11.622 12.057 12.500 12.949 13.405 13.868 14.338 14.815 14.789 14.636 14.482 14.326 14.168 14.008 13.846 13.682 13.516 13.349 13.179 13.008 13.196 13.547 13.944 14.389 14.881 15.377 15.850 16.319 16.785 17.248 17.708 18.165 18.060 17.699 17.332 16.956 16.573 16.182 15.784 15.378 14.964 14.543 14.114 13.677 13.628 13.792 13.944 14.083 14.209 14.324 14.426 14.516 14.594 14.660 14.713 14.754 14.233 13.324 12.421 11.525 10.635
6.707 6.963 7.212 7.453 7.686 7.912 8.130 8.340 8.543 8.738 9.095 9.528 9.967 10.414 10.867 11.327 11.794 12.267 12.748 13.236 13.730 14.231 14.302 14.143 13.982 13.819 13.655 13.488 13.320 13.150 12.977 12.803 12.666 12.563 12.819 13.296 13.771 14.242 14.709 15.174 15.636 16.095 16.550 17.003 17.452 17.898 17.885 17.498 17.104 16.701 16.291 15.874 15.448 15.015 14.575 14.127 13.671 13.207 13.039 13.160 13.269 13.365 13.449 13.521 13.580 13.628 13.663 13.685 13.696 13.694 13.286 12.399 11.519 10.646 9.779
6.122 6.352 6.573 6.788 6.994 7.193 7.385 7.568 7.744 7.913 8.236 8.693 9.157 9.628 10.105 10.590 11.081 11.580 12.085 12.597 13.115 13.641 13.818 13.653 13.485 13.272 13.081 12.915 12.774 12.659 12.570 12.506 12.467 12.454 12.673 13.140 13.603 14.064 14.521 14.975 15.426 15.874 16.318 16.760 17.199 17.634 17.719 17.305 16.884 16.454 16.017 15.573 15.121 14.661 14.194 13.719 13.236 12.746 12.463 12.541 12.607 12.660 12.701 12.730 12.747 12.752 12.744 12.724 12.692 12.648 12.334 11.470 10.613 9.762 8.918
5.547 5.749 5.945 6.132 6.312 6.484 6.649 6.806 6.955 7.097 7.371 7.852 8.340 8.836 9.338 9.847 10.362 10.882 11.367 11.831 12.272 12.692 12.878 12.700 12.547 12.420 12.318 12.242 12.191 12.166 12.166 12.191 12.242 12.319 12.531 12.987 13.439 13.889 14.335 14.779 15.219 15.656 16.090 16.521 16.949 17.374 17.561 17.120 16.672 16.216 15.752 15.281 14.802 14.315 13.821 13.319 12.810 12.293 11.899 11.934 11.957 11.968 11.967 11.953 11.927 11.889 11.839 11.776 11.701 11.614 11.377 10.536 9.702 8.874 8.053
4.981 5.157 5.325 5.486 5.639 5.784 5.922 6.052 6.175 6.290 6.523 7.085 7.625 8.143 8.640 9.114 9.566 9.997 10.405 10.792 11.156 11.499 11.731 11.642 11.579 11.542 11.530 11.543 11.582 11.646 11.736 11.851 11.992 12.158 12.392 12.837 13.279 13.717 14.153 14.586 15.015 15.442 15.865 16.285 16.702 17.116 17.411 16.943 16.468 15.985 15.494 14.996 14.490 13.977 13.456 12.928 12.391 11.847 11.348 11.340 11.321 11.289 11.245 11.188 11.120 11.039 10.946 10.841 10.723 10.594 10.416 9.598 8.786 7.981 7.223
4.424 4.573 4.714 4.886 5.086 5.281 5.469 5.652 5.829 6.001 6.202 6.687 7.150 7.591 8.010 8.408 8.783 9.137 9.468 9.778 10.065 10.331 10.558 10.560 10.586 10.639 10.716 10.819 10.947 11.101 11.280 11.485 11.715 11.970 12.256 12.690 13.121 13.549 13.974 14.396 14.815 15.231 15.643 16.053 16.459 16.863 17.263 16.774 16.272 15.762 15.245 14.720 14.187 13.647 13.100 12.544 11.981 11.411 10.832 10.759 10.697 10.622 10.536 10.437 10.325 10.202 10.066 9.952 9.855 9.750 9.638 8.984 8.301 7.637 6.992
4.202 4.399 4.590 4.776 4.956 5.130 5.299 5.462 5.620 5.771 5.917 6.313 6.699 7.063 7.405 7.726 8.024 8.301 8.555 8.788 8.999 9.188 9.355 9.452 9.568 9.710 9.877 10.070 10.287 10.531 10.799 11.093 11.413 11.757 12.128 12.547 12.967 13.384 13.799 14.210 14.618 15.023 15.425 15.824 16.220 16.612 17.002 16.613 16.084 15.547 15.003 14.452 13.892 13.326 12.751 12.169 11.579 10.982 10.377 10.191 10.116 10.045 9.967 9.881 9.787 9.686 9.578 9.461 9.338 9.207 9.068 8.538 7.922 7.323 6.744
4.157 4.335 4.506 4.672 4.832 4.987 5.135 5.279 5.416 5.548 5.674 5.963 6.272 6.559 6.825 7.068 7.290 7.489 7.667 7.823 7.957 8.070 8.160 8.319 8.525 8.756 9.013 9.295 9.602 9.934 10.292 10.676 11.084 11.518 11.978 12.406 12.816 13.223 13.626 14.027 14.424 14.819 15.210 15.598 15.983 16.365 16.744 16.460 15.904 15.341 14.770 14.192 13.606 12.985 12.375 11.785 11.214 10.662 10.128 9.907 9.817 9.720 9.615 9.503 9.383 9.256 9.121 8.978 8.828 8.671 8.506 8.076 7.525 6.993 6.479
4.119 4.277 4.428 4.574 4.714 4.849 4.978 5.101 5.219 5.331 5.437 5.637 5.869 6.079 6.268 6.435 6.580 6.703 6.804 6.883 6.940 6.976 6.990 7.161 7.456 7.777 8.123 8.494 8.891 9.312 9.760 10.232 10.730 11.253 11.802 12.269 12.668 13.064 13.457 13.847 14.234 14.618 14.998 15.376 15.750 16.121 16.373 16.088 15.431 14.794 14.175 13.575 12.995 12.433 11.890 11.366 10.861 10.375 9.908 9.642 9.526 9.403 9.272 9.133 8.987 8.833 8.672 8.503 8.327 8.143 7.952 7.597 7.112 6.645 6.197
4.087 4.225 4.357 4.483 4.603 4.718 4.827 4.931 5.028 5.121 5.207 5.335 5.490 5.624 5.736 5.826 5.894 5.940 5.965 5.967 5.948 5.907 5.844 5.978 6.363 6.773 7.208 7.668 8.154 8.665 9.202 9.763 10.350 10.963 11.600 12.136 12.524 12.909 13.286 13.617 13.925 14.210 14.473 14.712 14.930 15.124 15.296 15.121 14.531 13.959 13.407 12.874 12.359 11.863 11.387 10.929 10.490 10.070 9.669 9.385 9.243 9.093 8.936 8.771 8.598 8.418 8.231 8.036 7.833 7.623 7.406 7.101 6.681 6.280 5.898
4.062 4.179 4.291 4.397 4.498 4.593 4.682 4.766 4.844 4.916 4.983 5.056 5.135 5.192 5.227 5.241 5.232 5.202 5.150 5.076 4.980 4.862 4.723 4.770 5.244 5.743 6.267 6.817 7.392 7.992 8.618 9.290 10.012 10.718 11.408 11.977 12.296 12.593 12.867 13.118 13.347 13.553 13.736 13.897 14.035 14.150 14.243 14.137 13.613 13.108 12.622 12.154 11.706 11.276 10.866 10.474 10.101 9.747 9.412 9.136 8.968 8.791 8.608 8.417 8.218 8.012 7.798 7.577 7.348 7.112 6.868 6.588 6.234 5.898 5.581
4.042 4.140 4.232 4.319 4.399 4.475 4.544 4.608 4.666 4.719 4.766 4.802 4.804 4.785 4.743 4.680 4.595 4.488 4.359 4.209 4.037 3.842 3.627 3.537 4.202 4.979 5.739 6.484 7.214 7.927 8.626 9.308 9.975 10.626 11.261 11.819 12.059 12.277 12.471 12.644 12.793 12.920 13.024 13.105 13.164 13.200 13.214 13.135 12.678 12.239 11.819 11.417 11.035 10.672 10.327 10.002 9.695 9.407 9.138 8.895 8.700 8.497 8.287 8.070 7.845 7.613 7.373 7.125 6.870 6.608 6.338 6.058 5.769 5.499 5.248
4.029 4.107 4.179 4.246 4.307 4.362 4.412 4.456 4.495 4.527 4.555 4.572 4.497 4.401 4.283 4.143 3.982 3.880 3.835 3.806 3.793 3.797 3.817 3.882 4.619 5.341 6.047 6.737 7.411 8.070 8.714 9.341 9.953 10.550 11.130 11.685 11.846 11.984 12.099 12.192 12.263 12.310 12.335 12.338 12.317 12.275 12.209 12.117 11.725 11.352 10.998 10.663 10.347 10.049 9.771 9.511 9.270 9.048 8.845 8.661 8.440 8.211 7.975 7.731 7.480 7.221 6.955 6.682 6.400 6.112 5.815 5.512 5.288 5.083 4.897
4.022 4.080 4.133 4.180 4.221 4.256 4.286 4.311 4.329 4.342 4.371 4.377 4.298 4.228 4.175 4.138 4.117 4.113 4.125 4.153 4.198 4.260 4.338 4.432 5.051 5.718 6.369 7.005 7.625 8.229 8.818 9.391 9.948 10.490 11.016 11.526 11.655 11.714 11.751 11.765 11.756 11.724 11.670 11.594 11.495 11.373 11.228 11.061 10.755 10.448 10.160 9.891 9.641 9.409 9.197 9.003 8.828 8.672 8.535 8.416 8.187 7.932 7.670 7.400 7.123 6.838 6.546 6.246 5.938 5.623 5.301 4.971 4.789 4.650 4.539
4.021 4.060 4.092 4.229 4.337 4.415 4.465 4.485 4.476 4.438 4.370 4.273 4.225 4.213 4.217 4.237 4.274 4.327 4.397 4.483 4.586 4.704 4.840 4.991 5.499 6.112 6.708 7.289 7.854 8.404 8.938 9.456 9.959 10.446 10.917 11.373 11.489 11.468 11.426 11.361 11.273 11.162 11.029 10.874 10.696 10.495 10.272 10.026 9.768 9.527 9.305 9.102 8.917 8.752 8.605 8.477 8.368 8.278 8.207 8.154 7.943 7.662 7.373 7.077 6.773 6.462 6.144 5.836 5.557 5.283 5.013 4.748 4.611 4.515 4.411
4.788 4.881 4.944 4.979 4.984 4.960 4.906 4.824 4.712 4.571 4.401 4.202 4.134 4.179 4.241 4.319 4.413 4.524 4.651 4.795 4.955 5.131 5.324 5.533 5.963 6.520 7.062 7.588 8.099 8.594 9.073 9.537 9.985 10.418 10.835 11.236 11.345 11.246 11.124 10.980 10.813 10.624 10.412 10.177 9.920 9.641 9.339 9.014 8.763 8.588 8.432 8.295 8.176 8.077 7.996 7.934 7.891 7.866 7.860 7.874 7.708 7.414 7.124 6.838 6.557 6.281 6.009 5.741 5.478 5.219 4.965 4.715 4.545 4.421 4.290
5.877 5.867 5.828 5.759 5.662 5.535 5.379 5.194 4.980 4.737 4.464 4.162 4.025 4.128 4.247 4.383 4.535 4.703 4.888 5.089 5.306 5.540 5.790 6.057 6.442 6.945 7.432 7.904 8.360 8.800 9.225 9.634 10.028 10.406 10.768 11.115 11.225 11.047 10.846 10.623 10.377 10.109 9.818 9.505 9.169 8.811 8.430 8.026 7.741 7.632 7.542 7.470 7.418 7.414 7.435 7.461 7.490 7.524 7.563 7.605 7.502 7.223 6.948 6.678 6.413 6.152 5.895 5.643 5.395 5.151 4.912 4.678 4.486 4.336 4.177
6.997 6.884 6.742 6.571 6.371 6.142 5.883 5.596 5.279 4.933 4.558 4.154 3.899 4.059 4.236 4.429 4.638 4.864 5.106 5.365 5.640 5.931 6.238 6.562 6.937 7.385 7.818 8.235 8.636 9.022 9.392 9.747 10.086 10.410 10.718 11.010 11.128 10.871 10.591 10.289 9.965 9.618 9.248 8.856 8.441 8.004 7.596 7.202 6.936 6.951 6.970 6.994 7.021 7.053 7.090 7.130 7.175 7.224 7.278 7.335 7.291 7.028 6.769 6.514 6.264 6.018 5.777 5.540 5.308 5.079 4.856 4.636 4.435 4.257 4.072
8.147 7.932 7.687 7.414 7.111 6.779 6.418 6.028 5.609 5.161 4.684 4.177 3.755 3.973 4.207 4.458 4.724 5.008 5.307 5.623 5.955 6.304 6.669 7.050 7.447 7.841 8.219 8.582 8.929 9.260 9.576 9.876 10.161 10.430 10.683 10.921 11.054 10.718 10.360 9.967 9.572 9.177 8.782 8.388 7.994 7.601 7.208 6.816 6.497 6.527 6.561 6.600 6.642 6.689 6.741 6.796 6.856 6.920 6.988 7.061 7.077 6.829 6.586 6.346 6.112 5.881 5.655 5.433 5.216 5.004 4.795 4.591 4.391 4.186 3.974
9.327 9.010 8.663 8.287 7.882 7.448 6.985 6.492 5.971 5.420 4.841 4.232 3.594 3.869 4.161 4.469 4.793 5.133 5.490 5.863 6.253 6.659 7.081 7.519 7.973 8.312 8.636 8.944 9.236 9.513 9.775 10.018 10.151 10.292 10.442 10.600 10.754 10.359 9.964 9.570 9.176 8.782 8.389 7.996 7.604 7.212 6.821 6.429 6.054 6.099 6.148 6.202 6.260 6.322 6.388 6.458 6.533 6.612 6.696 6.783 6.859 6.627 6.398 6.174 5.955 5.740 5.529 5.323 5.121 4.924 4.731 4.542 4.355 4.123 3.883
10.515 10.119 9.669 9.191 8.684 8.148 7.582 6.987 6.364 5.711 5.029 4.319 3.579 3.748 4.097 4.462 4.844 5.241 5.656 6.086 6.533 6.996 7.475 7.971 8.452 8.585 8.696 8.816 8.945 9.082 9.228 9.382 9.545 9.716 9.896 10.084 10.281 9.959 9.565 9.172 8.780 8.388 7.996 7.605 7.214 6.823 6.433 6.044 5.654 5.668 5.732 5.800 5.873 5.950 6.031 6.117 6.207 6.301 6.399 6.501 6.608 6.420 6.207 5.999 5.794 5.595 5.399 5.208 5.022 4.840 4.662 4.489 4.320 4.067 3.800
11.694 11.258 10.707 10.126 9.517 8.878 8.210 7.514 6.788 6.033 5.249 4.436 3.594 3.610 4.016 4.438 4.877 5.324 5.738 6.123 6.478 6.804 7.100 7.366 7.602 7.760 7.902 8.052 8.210 8.377 8.553 8.737 8.930 9.132 9.342 9.560 9.787 9.559 9.167 8.776 8.384 7.994 7.603 7.213 6.824 6.435 6.046 5.658 5.270 5.233 5.312 5.395 5.483 5.575 5.671 5.771 5.876 5.985 6.098 6.216 6.338 6.210 6.012 5.819 5.630 5.445 5.265 5.090 4.919 4.752 4.589 4.431 4.278 4.019 3.725
12.864 12.428 11.775 11.092 10.380 9.640 8.870 8.071 7.243 6.386 5.500 4.634 3.805 3.692 4.121 4.521 4.891 5.232 5.543 5.824 6.075 6.297 6.490 6.652 6.785 6.927 7.099 7.279 7.468 7.665 7.871 8.085 8.308 8.539 8.779 9.028 9.285 9.160 8.769 8.379 7.989 7.600 7.211 6.822 6.434 6.047 5.659 5.272 4.886 4.794 4.888 4.986 5.089 5.196 5.307 5.422 5.542 5.666 5.794 5.927 6.063 5.995 5.813 5.635 5.461 5.292 5.128 4.967 4.811 4.660 4.513 4.370 4.231 3.978 3.657
14.026 13.629 12.873 11.938 10.939 9.978 9.055 8.169 7.322 6.512 5.740 5.006 4.309 4.046 4.372 4.668 4.935 5.172 5.379 5.556 5.704 5.823 5.911 5.970 6.000 6.086 6.288 6.498 6.717 6.944 7.180 7.424 7.677 7.939 8.209 8.487 8.774 8.760 8.371 7.982 7.594 7.206 6.819 6.431 6.045 5.658 5.273 4.887 4.502 4.351 4.460 4.574 4.691 4.813 4.939 5.069 5.204 5.343 5.486 5.634 5.785 5.777 5.610 5.447 5.289 5.135 4.986 4.841 4.686 4.510 4.334 4.159 3.984 3.738 3.445
13.826 13.058 12.116 11.212 10.345 9.516 8.725 7.972 7.256 6.579 5.939 5.336 4.772 4.432 4.654 4.847 5.010 5.143 5.247 5.321 5.365 5.380 5.365 5.321 5.247 5.238 5.469 5.710 5.958 6.216 6.482 6.756 7.039 7.330 7.630 7.939 8.256 8.361 7.973 7.586 7.199 6.813 6.427 6.041 5.656 5.271 4.886 4.502 4.118 3.905 4.029 4.157 4.290 4.427 4.568 4.713 4.862 5.016 5.174 5.337 5.503 5.544 5.367 5.191 5.015 4.839 4.663 4.488 4.312 4.137 3.963 3.788 3.614 3.417 3.199
13.034 12.027 11.217 10.445 9.710 9.014 8.355 7.733 7.150 6.604 6.096 5.626 5.194 4.849 4.968 5.057 5.116 5.146 5.146 5.117 5.058 4.969 4.851 4.703 4.526 4.381 4.643 4.913 5.192 5.479 5.775 6.079 6.392 6.714 7.043 7.382 7.729 7.962 7.576 7.190 6.804 6.419 6.035 5.650 5.266 4.883 4.500 4.117 3.735 3.455 3.594 3.737 3.885 4.036 4.256 4.495 4.700 4.870 5.006 5.108 5.176 5.165 4.989 4.813 4.638 4.463 4.288 4.114 3.939 3.765 3.591 3.418 3.245 3.076 2.933
12.338 11.016 10.278 9.638 9.035 8.471 7.944 7.455 7.003 6.589 6.213 5.875 5.575 5.312 5.313 5.298 5.254 5.180 5.077 4.944 4.782 4.590 4.369 4.118 3.837 3.527 3.809 4.109 4.417 4.735 5.060 5.395 5.738 6.089 6.449 6.817 7.194 7.564 7.179 6.794 6.410 6.026 5.643 5.260 4.878 4.495 4.114 3.869 3.695 3.561 3.851 4.108 4.330 4.519 4.672 4.792 4.878 4.929 4.946 4.929 4.878 4.785 4.611 4.436 4.262 4.087 3.913 3.740 3.566 3.393 3.221 3.048 2.876 2.715 2.647
11.737 10.115 9.298 8.790 8.320 7.887 7.492 7.135 6.816 6.534 6.290 6.083 5.914 5.783 5.689 5.571 5.423 5.246 5.040 4.804 4.538 4.243 3.918 3.564 3.180 2.767 2.966 3.296 3.635 3.982 4.338 4.702 5.075 5.456 5.846 6.244 6.651 7.066 6.782 6.399 6.139 5.921 5.715 5.523 5.342 5.175 5.020 4.877 4.748 4.631 4.777 4.915 5.018 5.087 5.122 5.122 5.089 5.021 4.919 4.783 4.613 4.409 4.233 4.059 3.885 3.712 3.539 3.366 3.194 3.022 2.850 2.678 2.507 2.335 2.341
