DATA/SHG/ECMWF/20170628/EN-7/20170712.en-7.asc
ncols        190
nrows        64
xllcorner    -5100000.000000000000
yllcorner    4130000.000000000000
cellsize     10000.000000000000
NODATA_value  -99999.000
[rows 0 to 32 of 64, columns 0 to 74 of 190]
1.345 1.398 1.450 1.502 1.552 1.603 1.653 1.702 1.751 1.718 1.655 1.585 1.510 1.429 1.342 1.250 1.151 1.047 0.937 0.848 0.774 0.874 1.055 1.235 1.416 1.597 1.779 1.961 2.144 2.327 2.510 2.694 2.878 2.919 2.870 2.825 2.783 2.745 2.711 2.680 2.653 2.629 2.608 2.592 2.578 2.714 2.968 3.211 3.441 3.660 3.866 4.060 4.242 4.411 4.569 4.714 4.847 5.077 5.436 5.801 6.172 6.550 6.933 7.323 7.719 8.120 8.528 8.942 9.363 9.570 9.419 9.260 9.093 8.918 8.735
1.462 1.512 1.562 1.612 1.661 1.709 1.757 1.804 1.851 1.821 1.737 1.647 1.544 1.447 1.357 1.273 1.195 1.124 1.060 1.001 0.949 1.025 1.206 1.388 1.570 1.753 1.936 2.120 2.304 2.488 2.672 2.857 3.043 3.124 3.088 3.055 3.026 3.001 2.978 2.960 2.945 2.933 2.925 2.921 2.920 3.007 3.219 3.419 3.607 3.782 3.946 4.097 4.236 4.363 4.478 4.581 4.671 4.846 5.227 5.614 6.007 6.406 6.811 7.222 7.639 8.063 8.492 8.928 9.370 9.662 9.483 9.297 9.102 8.900 8.690
1.579 1.627 1.675 1.723 1.763 1.777 1.793 1.809 1.827 1.793 1.699 1.613 1.532 1.458 1.390 1.329 1.274 1.225 1.183 1.147 1.118 1.174 1.357 1.540 1.724 1.908 2.093 2.277 2.463 2.648 2.834 3.021 3.207 3.326 3.302 3.282 3.265 3.252 3.242 3.236 3.233 3.234 3.238 3.246 3.257 3.312 3.482 3.639 3.784 3.917 4.037 4.146 4.242 4.327 4.399 4.459 4.507 4.611 5.013 5.421 5.836 6.256 6.683 7.116 7.555 7.999 8.451 8.908 9.415 9.839 9.684 9.530 9.377 9.224 9.072
1.568 1.582 1.597 1.613 1.630 1.649 1.669 1.690 1.713 1.706 1.636 1.571 1.513 1.462 1.416 1.378 1.345 1.319 1.300 1.286 1.279 1.323 1.507 1.692 1.877 2.063 2.248 2.435 2.621 2.808 2.995 3.183 3.371 3.524 3.512 3.504 3.500 3.499 3.501 3.507 3.517 3.530 3.547 3.567 3.590 3.629 3.756 3.870 3.973 4.063 4.141 4.207 4.261 4.303 4.332 4.350 4.355 4.369 4.793 5.223 5.669 6.227 6.773 7.305 7.823 8.328 8.820 9.298 9.763 10.215 10.072 9.920 9.768 9.617 9.467
1.416 1.434 1.453 1.474 1.496 1.519 1.544 1.570 1.597 1.613 1.565 1.523 1.488 1.459 1.436 1.420 1.410 1.406 1.409 1.418 1.434 1.471 1.657 1.843 2.029 2.216 2.403 2.591 2.779 2.967 3.156 3.345 3.534 3.717 3.718 3.723 3.730 3.742 3.757 3.775 3.797 3.822 3.851 3.884 3.920 3.959 4.042 4.113 4.173 4.221 4.256 4.280 4.291 4.311 4.405 4.522 4.662 4.823 5.341 5.879 6.404 6.916 7.414 7.899 8.371 8.829 9.274 9.705 10.123 10.528 10.459 10.309 10.159 10.009 9.860
1.262 1.285 1.309 1.334 1.361 1.389 1.418 1.448 1.480 1.513 1.487 1.468 1.455 1.449 1.448 1.455 1.467 1.486 1.512 1.543 1.582 1.626 1.806 1.993 2.181 2.369 2.558 2.747 2.936 3.125 3.315 3.506 3.697 3.888 3.921 3.937 3.957 3.981 4.008 4.039 4.073 4.111 4.152 4.197 4.245 4.296 4.325 4.342 4.382 4.443 4.527 4.633 4.761 4.912 5.084 5.279 5.496 5.735 6.182 6.674 7.152 7.617 8.068 8.506 8.931 9.342 9.740 10.125 10.496 10.853 10.845 10.696 10.548 10.400 10.253
1.107 1.134 1.163 1.193 1.224 1.257 1.290 1.326 1.362 1.400 1.403 1.406 1.416 1.432 1.454 1.483 1.518 1.560 1.607 1.662 1.722 1.789 1.954 2.143 2.332 2.522 2.711 2.902 3.092 3.283 3.475 3.666 3.858 4.051 4.119 4.148 4.180 4.216 4.256 4.263 4.249 4.244 4.245 4.255 4.272 4.296 4.358 4.453 4.571 4.710 4.872 5.056 5.262 5.490 5.741 6.013 6.308 6.625 7.035 7.480 7.911 8.329 8.734 9.125 9.503 9.867 10.218 10.556 10.880 11.191 11.230 11.083 10.936 10.790 10.645
0.951 0.982 1.016 1.050 1.086 1.123 1.162 1.202 1.243 1.285 1.312 1.338 1.370 1.408 1.453 1.504 1.562 1.626 1.696 1.773 1.856 1.945 2.102 2.292 2.482 2.673 2.864 3.056 3.248 3.440 3.633 3.826 3.966 4.085 4.112 4.088 4.071 4.061 4.060 4.065 4.079 4.099 4.128 4.164 4.207 4.258 4.370 4.543 4.738 4.955 5.195 5.456 5.740 6.046 6.374 6.724 7.096 7.491 7.900 8.298 8.682 9.053 9.411 9.755 10.086 10.404 10.708 10.999 11.276 11.541 11.614 11.469 11.324 11.179 11.036
0.793 0.830 0.867 0.907 0.947 0.989 1.032 1.076 1.122 1.169 1.214 1.262 1.317 1.378 1.445 1.519 1.599 1.685 1.778 1.877 1.982 2.094 2.249 2.440 2.632 2.776 2.912 3.043 3.169 3.290 3.406 3.517 3.623 3.724 3.775 3.777 3.786 3.804 3.828 3.861 3.900 3.948 4.003 4.065 4.135 4.213 4.359 4.610 4.882 5.178 5.495 5.834 6.195 6.579 6.985 7.412 7.862 8.334 8.777 9.127 9.465 9.789 10.100 10.397 10.682 10.952 11.210 11.454 11.685 11.902 11.997 11.853 11.710 11.567 11.425
0.634 0.676 0.718 0.762 0.807 0.853 0.901 0.950 1.000 1.052 1.110 1.180 1.257 1.341 1.430 1.526 1.629 1.737 1.836 1.927 2.010 2.083 2.175 2.309 2.437 2.561 2.679 2.793 2.901 3.005 3.103 3.196 3.285 3.368 3.430 3.459 3.495 3.539 3.590 3.649 3.715 3.789 3.870 3.959 4.055 4.159 4.326 4.654 5.005 5.377 5.772 6.189 6.628 7.089 7.572 8.078 8.605 9.155 9.665 9.969 10.259 10.537 10.801 11.052 11.289 11.513 11.724 11.921 12.105 12.276 12.379 12.237 12.095 11.954 11.814
0.474 0.520 0.567 0.616 0.665 0.716 0.769 0.822 0.877 0.933 1.013 1.143 1.264 1.376 1.479 1.574 1.661 1.739 1.808 1.869 1.921 1.965 2.018 2.134 2.245 2.351 2.452 2.548 2.639 2.725 2.806 2.882 2.953 3.018 3.078 3.133 3.196 3.266 3.344 3.429 3.522 3.622 3.730 3.846 3.968 4.099 4.271 4.677 5.105 5.555 6.027 6.522 7.038 7.577 8.138 8.720 9.325 9.952 10.564 10.822 11.065 11.296 11.513 11.717 11.908 12.086 12.250 12.400 12.538 12.662 12.760 12.620 12.480 12.340 12.199
0.313 0.364 0.415 0.486 0.578 0.675 0.777 0.884 0.997 1.115 1.236 1.335 1.426 1.508 1.581 1.646 1.702 1.750 1.789 1.820 1.842 1.855 1.867 1.965 2.058 2.147 2.230 2.309 2.382 2.450 2.514 2.572 2.626 2.674 2.719 2.801 2.890 2.986 3.091 3.202 3.322 3.448 3.583 3.725 3.874 4.031 4.195 4.677 5.183 5.710 6.260 6.832 7.426 8.042 8.680 9.340 10.023 10.727 11.453 11.686 11.883 12.067 12.238 12.395 12.539 12.670 12.787 12.847 12.875 12.910 12.952 12.826 12.706 12.607 12.528
0.283 0.377 0.477 0.582 0.692 0.807 0.928 1.054 1.186 1.323 1.465 1.537 1.597 1.649 1.692 1.727 1.753 1.771 1.779 1.780 1.771 1.755 1.729 1.801 1.877 1.948 2.014 2.075 2.131 2.182 2.228 2.269 2.305 2.336 2.362 2.461 2.576 2.700 2.830 2.968 3.114 3.267 3.428 3.596 3.772 3.955 4.146 4.655 5.238 5.843 6.471 7.120 7.791 8.485 9.200 9.938 10.697 11.479 12.282 12.562 12.607 12.610 12.621 12.639 12.664 12.695 12.734 12.779 12.831 12.891 12.957 12.919 12.871 12.844 12.837
0.316 0.429 0.547 0.671 0.800 0.934 1.074 1.219 1.369 1.524 1.685 1.748 1.778 1.799 1.812 1.817 1.813 1.800 1.779 1.749 1.711 1.664 1.608 1.643 1.701 1.755 1.803 1.847 1.885 1.919 1.947 1.971 1.989 2.003 2.011 2.114 2.256 2.405 2.562 2.727 2.899 3.079 3.266 3.460 3.662 3.872 4.089 4.611 5.272 5.954 6.659 7.385 8.134 8.830 9.506 10.174 10.834 11.486 12.130 12.342 12.363 12.391 12.426 12.468 12.517 12.573 12.636 12.705 12.782 12.865 12.955 12.993 13.017 13.061 13.127
0.343 0.475 0.612 0.754 0.902 1.055 1.213 1.377 1.546 1.720 1.899 1.967 1.967 1.959 1.941 1.916 1.881 1.839 1.787 1.727 1.659 1.582 1.496 1.490 1.531 1.567 1.598 1.624 1.645 1.661 1.672 1.678 1.679 1.675 1.666 1.759 1.928 2.104 2.287 2.478 2.677 2.883 3.096 3.317 3.546 3.782 4.038 4.552 5.248 5.937 6.617 7.289 7.953 8.610 9.258 9.898 10.530 11.154 11.770 12.068 12.113 12.166 12.225 12.291 12.364 12.444 12.531 12.625 12.725 12.833 12.947 13.046 13.142 13.259 13.396
0.365 0.515 0.671 0.832 0.998 1.170 1.347 1.529 1.716 1.909 2.107 2.196 2.165 2.127 2.079 2.024 1.959 1.886 1.805 1.715 1.616 1.509 1.393 1.343 1.366 1.385 1.398 1.407 1.410 1.409 1.403 1.391 1.375 1.354 1.327 1.398 1.593 1.795 2.009 2.255 2.504 2.756 3.011 3.269 3.530 3.794 4.062 4.508 5.176 5.837 6.489 7.133 7.770 8.398 9.018 9.630 10.234 10.830 11.419 11.787 11.857 11.934 12.017 12.107 12.205 12.309 12.420 12.538 12.663 12.794 12.933 13.081 13.249 13.437 13.646
0.380 0.549 0.724 0.903 1.088 1.278 1.474 1.675 1.881 2.092 2.309 2.433 2.373 2.304 2.226 2.140 2.046 1.943 1.831 1.711 1.582 1.445 1.300 1.201 1.207 1.208 1.204 1.195 1.181 1.162 1.139 1.120 1.121 1.119 1.116 1.190 1.438 1.688 1.942 2.198 2.458 2.721 2.987 3.256 3.529 3.804 4.083 4.472 5.112 5.745 6.369 6.985 7.594 8.194 8.786 9.371 9.947 10.515 11.075 11.501 11.595 11.695 11.803 11.917 12.039 12.167 12.302 12.444 12.593 12.749 12.912 13.095 13.335 13.596 13.877
0.390 0.577 0.770 0.969 1.172 1.381 1.595 1.815 2.040 2.270 2.505 2.679 2.589 2.490 2.382 2.266 2.142 2.009 1.867 1.717 1.558 1.391 1.215 1.064 1.063 1.071 1.076 1.080 1.082 1.082 1.080 1.076 1.070 1.062 1.052 1.086 1.344 1.606 1.871 2.138 2.409 2.683 2.960 3.241 3.524 3.811 4.101 4.443 5.056 5.660 6.257 6.845 7.426 7.998 8.563 9.119 9.667 10.208 10.740 11.208 11.326 11.451 11.582 11.721 11.867 12.019 12.178 12.344 12.517 12.697 12.884 13.091 13.402 13.734 14.087
0.393 0.600 0.811 1.028 1.250 1.478 1.711 1.949 2.192 2.441 2.695 2.934 2.814 2.685 2.547 2.401 2.247 2.064 1.877 1.697 1.525 1.362 1.207 1.066 1.068 1.069 1.068 1.065 1.060 1.053 1.044 1.033 1.021 1.006 0.989 0.979 1.248 1.521 1.796 2.075 2.357 2.642 2.931 3.222 3.516 3.814 4.115 4.423 5.008 5.584 6.153 6.713 7.266 7.811 8.347 8.876 9.396 9.908 10.413 10.908 11.051 11.200 11.355 11.518 11.688 11.864 12.048 12.238 12.435 12.639 12.850 13.068 13.450 13.854 14.278
0.391 0.616 0.846 1.082 1.323 1.569 1.820 2.077 2.339 2.606 2.823 3.013 2.843 2.643 2.452 2.268 2.092 1.925 1.766 1.615 1.472 1.337 1.210 1.091 1.075 1.070 1.062 1.052 1.040 1.026 1.011 0.993 0.974 0.952 0.929 0.904 1.149 1.432 1.719 2.009 2.302 2.598 2.898 3.200 3.506 3.814 4.126 4.441 4.967 5.516 6.057 6.589 7.114 7.631 8.139 8.640 9.133 9.617 10.094 10.563 10.769 10.942 11.122 11.309 11.503 11.703 11.911 12.125 12.346 12.574 12.809 13.051 13.478 13.953 14.438
0.383 0.626 0.875 1.139 1.386 1.617 1.831 2.029 2.210 2.376 2.524 2.657 2.553 2.382 2.218 2.063 1.916 1.777 1.646 1.524 1.409 1.303 1.205 1.115 1.085 1.072 1.057 1.041 1.022 1.002 0.979 0.955 0.929 0.901 0.871 0.839 1.046 1.341 1.639 1.940 2.244 2.551 2.861 3.175 3.491 3.811 4.134 4.460 4.935 5.456 5.968 6.473 6.970 7.459 7.940 8.413 8.878 9.334 9.783 10.224 10.481 10.678 10.883 11.093 11.311 11.536 11.767 11.993 12.213 12.448 12.699 12.966 13.377 13.839 14.302
0.593 0.832 1.054 1.260 1.450 1.623 1.780 1.921 2.045 2.152 2.244 2.319 2.254 2.111 1.977 1.850 1.731 1.621 1.519 1.425 1.339 1.261 1.191 1.129 1.096 1.077 1.055 1.032 1.007 0.979 0.950 0.919 0.886 0.851 0.814 0.776 0.941 1.246 1.555 1.867 2.182 2.501 2.822 3.146 3.474 3.805 4.139 4.476 4.910 5.403 5.888 6.365 6.834 7.295 7.748 8.193 8.630 9.059 9.480 9.893 10.155 10.320 10.500 10.695 10.907 11.134 11.377 11.636 11.910 12.201 12.506 12.828 13.238 13.701 14.165
0.905 1.087 1.251 1.400 1.532 1.648 1.747 1.830 1.897 1.947 1.981 1.999 1.947 1.833 1.727 1.628 1.538 1.456 1.383 1.317 1.259 1.210 1.169 1.135 1.109 1.083 1.055 1.025 0.993 0.959 0.923 0.885 0.845 0.804 0.760 0.715 0.832 1.149 1.468 1.791 2.118 2.447 2.779 3.115 3.453 3.795 4.140 4.488 4.893 5.359 5.816 6.265 6.706 7.098 7.458 7.809 8.152 8.487 8.814 9.133 9.397 9.617 9.852 10.103 10.369 10.652 10.950 11.264 11.593 11.938 12.299 12.676 13.099 13.564 14.028
1.235 1.359 1.466 1.557 1.632 1.690 1.732 1.758 1.767 1.760 1.736 1.697 1.632 1.546 1.468 1.398 1.337 1.283 1.238 1.201 1.172 1.151 1.138 1.133 1.125 1.092 1.057 1.020 0.981 0.940 0.898 0.853 0.807 0.758 0.708 0.656 0.720 1.048 1.379 1.713 2.050 2.390 2.733 3.080 3.430 3.782 4.097 4.390 4.704 5.076 5.440 5.795 6.143 6.482 6.813 7.136 7.451 7.758 8.057 8.348 8.625 8.900 9.190 9.496 9.818 10.155 10.508 10.877 11.261 11.661 12.077 12.509 12.961 13.426 13.892
1.582 1.648 1.698 1.732 1.749 1.750 1.735 1.703 1.655 1.591 1.510 1.413 1.308 1.251 1.202 1.160 1.127 1.102 1.085 1.076 1.076 1.083 1.098 1.122 1.142 1.102 1.061 1.017 0.971 0.924 0.875 0.823 0.770 0.715 0.658 0.599 0.605 0.944 1.286 1.621 1.948 2.264 2.572 2.870 3.158 3.438 3.708 3.968 4.237 4.581 4.916 5.244 5.563 5.874 6.177 6.473 6.759 7.038 7.309 7.572 7.839 8.168 8.514 8.875 9.251 9.644 10.052 10.475 10.915 11.370 11.841 12.327 12.821 13.288 13.755
1.946 1.955 1.948 1.924 1.884 1.828 1.755 1.666 1.561 1.439 1.301 1.147 0.976 0.947 0.927 0.914 0.909 0.912 0.924 0.943 0.971 1.007 1.051 1.103 1.161 1.115 1.066 1.016 0.964 0.910 0.854 0.796 0.750 0.700 0.645 0.586 0.533 0.855 1.167 1.470 1.763 2.047 2.322 2.588 2.844 3.091 3.328 3.556 3.779 4.094 4.402 4.701 4.992 5.275 5.550 5.817 6.076 6.327 6.570 6.804 7.038 7.423 7.823 8.239 8.670 9.118 9.581 10.059 10.554 11.064 11.589 12.131 12.682 13.150 13.618
2.307 2.280 2.215 2.134 2.037 1.924 1.794 1.647 1.485 1.306 1.111 0.899 0.671 0.636 0.643 0.659 0.683 0.714 0.754 0.802 0.858 0.922 0.994 1.075 1.167 1.155 1.119 1.079 1.035 0.987 0.935 0.878 0.818 0.753 0.684 0.610 0.533 0.777 1.057 1.327 1.588 1.840 2.082 2.315 2.539 2.753 2.958 3.154 3.340 3.616 3.895 4.167 4.430 4.685 4.932 5.171 5.402 5.625 5.839 6.046 6.245 6.663 7.118 7.589 8.075 8.577 9.095 9.629 10.178 10.743 11.324 11.920 12.532 13.011 13.480
2.664 2.622 2.501 2.362 2.208 2.037 1.850 1.646 1.426 1.190 0.938 0.669 0.385 0.316 0.352 0.396 0.448 0.525 0.644 0.761 0.877 0.992 1.106 1.219 1.331 1.329 1.279 1.224 1.166 1.103 1.036 0.965 0.890 0.810 0.726 0.639 0.547 0.710 0.957 1.195 1.423 1.642 1.852 2.053 2.244 2.426 2.598 2.761 2.915 3.147 3.398 3.641 3.876 4.103 4.322 4.533 4.736 4.931 5.118 5.296 5.467 5.889 6.399 6.924 7.466 8.023 8.595 9.184 9.788 10.408 11.043 11.694 12.361 12.873 13.343
3.017 2.982 2.803 2.608 2.396 2.168 1.923 1.663 1.386 1.093 0.812 0.558 0.300 0.247 0.366 0.484 0.601 0.716 0.831 0.944 1.057 1.168 1.279 1.388 1.497 1.508 1.443 1.374 1.300 1.223 1.141 1.056 0.966 0.872 0.774 0.671 0.565 0.652 0.867 1.072 1.268 1.454 1.632 1.800 1.958 2.108 2.248 2.379 2.500 2.686 2.909 3.124 3.331 3.531 3.722 3.905 4.079 4.246 4.405 4.556 4.698 5.100 5.665 6.246 6.842 7.454 8.081 8.724 9.383 10.058 10.748 11.453 12.175 12.734 13.205
3.365 3.360 3.123 2.882 2.641 2.397 2.148 1.896 1.639 1.379 1.114 0.846 0.573 0.453 0.569 0.683 0.796 0.908 1.019 1.129 1.238 1.346 1.452 1.558 1.663 1.690 1.611 1.527 1.439 1.347 1.251 1.151 1.046 0.938 0.825 0.708 0.587 0.603 0.786 0.958 1.122 1.276 1.421 1.557 1.683 1.800 1.907 2.006 2.095 2.233 2.429 2.616 2.795 2.966 3.129 3.284 3.431 3.570 3.701 3.824 3.938 4.298 4.917 5.553 6.204 6.870 7.552 8.250 8.969 9.690 10.391 11.075 11.740 12.220 12.524
3.712 3.784 3.537 3.286 3.032 2.773 2.510 2.244 1.973 1.698 1.420 1.137 0.851 0.660 0.772 0.882 0.992 1.100 1.208 1.314 1.419 1.523 1.627 1.729 1.830 1.877 1.783 1.685 1.582 1.476 1.365 1.250 1.131 1.008 0.880 0.749 0.613 0.565 0.714 0.855 0.986 1.107 1.220 1.323 1.417 1.501 1.577 1.642 1.699 1.789 1.957 2.116 2.267 2.411 2.546 2.673 2.792 2.903 3.005 3.100 3.187 3.546 4.331 5.098 5.846 6.576 7.288 7.981 8.656 9.313 9.951 10.571 11.173 11.614 11.811
4.047 4.220 3.959 3.694 3.426 3.153 2.876 2.595 2.311 2.022 1.729 1.433 1.132 0.868 0.976 1.083 1.189 1.293 1.397 1.500 1.602 1.702 1.802 1.900 1.998 2.068 1.959 1.846 1.729 1.608 1.483 1.353 1.220 1.082 0.940 0.794 0.644 0.535 0.652 0.760 0.859 0.948 1.028 1.099 1.160 1.213 1.255 1.289 1.313 1.354 1.494 1.625 1.748 1.863 2.039 2.260 2.481 2.701 2.921 3.140 3.359 3.695 4.416 5.119 5.804 6.470 7.118 7.748 8.360 8.953 9.528 10.085 10.623 11.037 11.128
4.369 4.613 4.385 4.106 3.824 3.537 3.246 2.951 2.652 2.350 2.043 1.732 1.418 1.099 1.181 1.284 1.386 1.487 1.588 1.687 1.785 1.882 1.978 2.073 2.167 2.259 2.140 2.012 1.881 1.745 1.605 1.461 1.313 1.161 1.004 0.844 0.679 0.515 0.600 0.676 0.742 0.799 0.846 0.885 0.914 0.934 0.944 1.052 1.148 1.189 1.411 1.632 1.854 2.074 2.294 2.514 2.732 2.951 3.168 3.386 3.602 3.860 4.518 5.158 5.779 6.382 6.967 7.533 8.082 8.611 9.123 9.616 10.092 10.490 10.474
