DATA/SHG/ECMWF/20170628/EN-7/20170706.en-7.asc
ncols        190
nrows        64
xllcorner    -5100000.000000000000
yllcorner    4130000.000000000000
cellsize     10000.000000000000
NODATA_value  -99999.000
[rows 0 to 32 of 64, columns 75 to 149 of 190]
3.202 3.351 3.508 3.671 3.841 4.018 4.168 4.217 4.276 4.357 4.462 4.589 4.740 4.913 5.110 5.329 5.571 5.837 6.361 7.665 8.950 10.226 11.495 12.756 14.008 15.253 16.490 17.718 18.938 20.151 21.023 20.802 20.556 20.287 19.995 19.680 19.340 18.978 18.592 18.183 17.750 17.294 16.763 16.059 15.346 14.625 13.894 13.156 12.408 11.652 10.888 10.114 9.332 8.542 7.903 7.738 7.580 7.430 7.288 7.153 7.026 6.907 6.796 6.692 6.596 6.508 6.400 6.221 6.050 5.885 5.727 5.576 5.432 5.296 5.166
3.334 3.489 3.638 3.781 3.918 4.049 4.171 4.287 4.426 4.588 4.773 4.980 5.211 5.465 5.742 6.041 6.364 6.710 7.173 8.441 9.690 10.931 12.164 13.389 14.605 15.814 17.015 18.207 19.392 20.568 21.568 21.241 20.891 20.517 20.120 19.700 19.256 18.789 18.298 17.784 17.246 16.685 16.083 15.340 14.588 13.828 13.059 12.282 11.496 10.701 9.898 9.086 8.265 7.436 6.696 6.565 6.442 6.327 6.219 6.119 6.027 5.942 5.865 5.796 5.735 5.681 5.619 5.471 5.330 5.197 5.070 4.950 4.837 4.731 4.633
3.418 3.552 3.680 3.803 3.919 4.030 4.139 4.335 4.554 4.797 5.062 5.350 5.661 5.995 6.352 6.732 7.135 7.561 8.010 9.225 10.438 11.643 12.840 14.029 15.210 16.383 17.548 18.704 19.853 20.994 22.126 21.706 21.251 20.773 20.271 19.746 19.197 18.625 18.029 17.411 16.768 16.103 15.413 14.631 13.841 13.042 12.235 11.419 10.594 9.761 8.918 8.068 7.208 6.340 5.483 5.387 5.298 5.217 5.144 5.079 5.021 4.971 4.928 4.894 4.867 4.848 4.856 4.789 4.728 4.673 4.624 4.580 4.542 4.509 4.483
3.507 3.620 3.728 3.830 3.926 4.016 4.100 4.362 4.662 4.984 5.330 5.698 6.090 6.504 6.941 7.401 7.884 8.390 8.919 10.017 11.194 12.364 13.525 14.678 15.823 16.960 18.089 19.210 20.322 21.427 22.524 22.197 21.637 21.053 20.447 19.817 19.164 18.487 17.787 17.063 16.316 15.546 14.753 13.934 13.105 12.267 11.421 10.566 9.703 8.830 7.950 7.060 6.162 5.256 4.340 4.202 4.148 4.156 4.214 4.268 4.317 4.362 4.402 4.438 4.469 4.495 4.517 4.481 4.445 4.415 4.391 4.373 4.360 4.354 4.352
3.601 3.694 3.781 3.863 3.938 4.008 4.072 4.368 4.748 5.151 5.576 6.025 6.496 6.991 7.508 8.048 8.611 9.197 9.806 10.817 11.958 13.091 14.217 15.334 16.443 17.544 18.638 19.723 20.800 21.869 22.930 22.712 22.047 21.359 20.648 19.914 19.156 18.374 17.570 16.742 15.890 15.016 14.118 13.246 12.378 11.502 10.617 9.724 8.838 7.980 7.144 6.330 5.538 4.767 4.019 3.909 3.957 3.999 4.037 4.071 4.100 4.124 4.144 4.160 4.171 4.177 4.179 4.167 4.157 4.153 4.154 4.161 4.174 4.192 4.217
3.701 3.773 3.840 3.901 3.956 4.005 4.048 4.352 4.813 5.296 5.801 6.330 6.882 7.456 8.053 8.674 9.317 9.983 10.672 11.624 12.729 13.827 14.917 15.998 17.072 18.137 19.194 20.244 21.285 22.318 23.344 23.252 22.483 21.691 20.875 20.036 19.173 18.288 17.379 16.367 15.314 14.282 13.271 12.345 11.476 10.628 9.802 8.998 8.215 7.455 6.716 5.999 5.304 4.631 3.979 3.797 3.824 3.847 3.865 3.878 3.887 3.892 3.892 3.887 3.878 3.865 3.846 3.848 3.863 3.884 3.911 3.944 3.982 4.026 4.075
3.806 3.858 3.904 3.944 3.979 4.008 4.030 4.316 4.856 5.419 6.005 6.614 7.245 7.900 8.577 9.277 10.000 10.746 11.515 12.439 13.508 14.570 15.624 16.670 17.708 18.737 19.759 20.773 21.778 22.776 23.559 23.302 22.175 21.069 19.984 18.920 17.876 16.854 15.853 14.872 13.913 12.974 12.056 11.215 10.442 9.692 8.963 8.256 7.571 6.907 6.266 5.646 5.048 4.472 3.918 3.690 3.697 3.700 3.698 3.691 3.680 3.664 3.644 3.619 3.590 3.557 3.519 3.524 3.564 3.611 3.663 3.721 3.785 3.854 3.929
3.916 3.948 3.973 3.993 4.007 4.015 4.018 4.258 4.879 5.522 6.188 6.876 7.588 8.322 9.079 9.859 10.662 11.488 12.337 13.261 14.295 15.166 15.947 16.698 17.419 18.111 18.773 19.405 20.008 20.581 21.124 21.040 20.006 18.994 18.002 17.031 16.081 15.152 14.244 13.357 12.491 11.646 10.821 10.063 9.387 8.734 8.102 7.492 6.904 6.338 5.794 5.271 4.770 4.291 3.833 3.588 3.575 3.557 3.535 3.508 3.477 3.441 3.401 3.357 3.307 3.254 3.196 3.194 3.260 3.332 3.410 3.493 3.582 3.676 3.777
4.032 4.043 4.048 4.047 4.041 4.029 4.011 4.180 4.880 5.603 6.349 7.117 7.909 8.720 9.492 10.208 10.867 11.469 12.014 12.569 13.277 13.955 14.604 15.223 15.812 16.372 16.902 17.402 17.873 18.314 18.725 18.758 17.818 16.899 16.000 15.123 14.266 13.431 12.616 11.822 11.049 10.297 9.566 8.889 8.311 7.755 7.220 6.707 6.216 5.747 5.299 4.874 4.470 4.088 3.727 3.490 3.457 3.419 3.377 3.331 3.279 3.224 3.163 3.099 3.029 2.956 2.877 2.859 2.951 3.048 3.151 3.260 3.374 3.494 3.619
4.153 4.143 4.128 4.107 4.080 4.047 4.081 4.381 5.296 6.154 6.955 7.700 8.388 9.019 9.594 10.111 10.572 10.976 11.323 11.658 12.233 12.779 13.296 13.783 14.240 14.668 15.066 15.435 15.773 16.083 16.362 16.457 15.610 14.784 13.979 13.195 12.431 11.689 10.967 10.267 9.587 8.928 8.290 7.694 7.213 6.754 6.316 5.900 5.506 5.134 4.783 4.454 4.147 3.862 3.598 3.398 3.344 3.287 3.224 3.158 3.086 3.011 2.930 2.846 2.756 2.663 2.564 2.519 2.636 2.759 2.887 3.021 3.161 3.306 3.457
4.499 4.650 4.818 5.003 5.205 5.424 5.661 5.920 6.637 7.297 7.900 8.447 8.937 9.370 9.746 10.066 10.328 10.535 10.684 10.789 11.224 11.639 12.023 12.378 12.704 13.000 13.266 13.503 13.710 13.887 14.035 14.136 13.382 12.649 11.938 11.247 10.577 9.927 9.299 8.692 8.105 7.539 6.994 6.478 6.094 5.731 5.391 5.072 4.775 4.499 4.245 4.013 3.803 3.614 3.448 3.309 3.236 3.158 3.076 2.989 2.898 2.802 2.702 2.598 2.488 2.375 2.256 2.174 2.316 2.464 2.618 2.777 2.942 3.112 3.289
5.703 5.913 6.141 6.386 6.648 6.927 7.223 7.536 8.029 8.491 8.896 9.244 9.536 9.771 9.950 10.071 10.136 10.145 10.096 10.003 10.250 10.532 10.785 11.009 11.202 11.367 11.501 11.606 11.682 11.727 11.744 11.731 11.135 10.495 9.877 9.279 8.702 8.146 7.610 7.096 6.603 6.130 5.678 5.247 4.953 4.688 4.444 4.222 4.021 3.842 3.685 3.550 3.436 3.345 3.274 3.226 3.133 3.035 2.933 2.826 2.715 2.599 2.479 2.354 2.225 2.091 1.997 1.974 2.233 2.491 2.745 2.998 3.248 3.495 3.741
6.889 7.160 7.447 7.751 8.073 8.411 8.767 9.140 9.470 9.734 9.941 10.092 10.186 10.223 10.204 10.128 9.995 9.806 9.560 9.268 9.310 9.461 9.582 9.674 9.736 9.769 9.772 9.745 9.689 9.603 9.488 9.343 8.868 8.322 7.796 7.291 6.807 6.344 5.902 5.481 5.080 4.700 4.341 4.003 3.791 3.622 3.475 3.350 3.246 3.164 3.104 3.065 3.048 3.053 3.079 3.127 3.035 2.927 2.837 2.759 2.693 2.638 2.596 2.565 2.545 2.538 2.542 2.557 2.791 3.037 3.281 3.523 3.762 3.999 4.233
8.058 8.388 8.735 9.098 9.479 9.878 10.293 10.725 10.962 11.028 11.037 10.990 10.887 10.726 10.509 10.236 9.906 9.519 9.076 8.585 8.405 8.425 8.414 8.374 8.305 8.206 8.077 7.919 7.732 7.515 7.268 6.992 6.582 6.128 5.696 5.284 4.893 4.523 4.173 3.845 3.537 3.250 2.984 2.739 2.608 2.535 2.485 2.456 2.493 2.581 2.668 2.752 2.834 2.914 2.992 3.068 3.040 2.991 2.953 2.927 2.913 2.911 2.920 2.941 2.973 3.017 3.073 3.141 3.350 3.585 3.818 4.049 4.278 4.504 4.727
9.209 9.598 10.005 10.428 10.869 11.326 11.801 12.292 12.503 12.371 12.183 11.939 11.638 11.280 10.865 10.395 9.867 9.283 8.643 7.954 7.535 7.423 7.281 7.109 6.909 6.678 6.418 6.129 5.810 5.462 5.084 4.677 4.276 3.915 3.576 3.257 2.959 2.681 2.425 2.282 2.238 2.198 2.162 2.131 2.172 2.259 2.344 2.427 2.509 2.588 2.665 2.741 2.814 2.885 2.955 3.022 3.040 3.043 3.057 3.083 3.121 3.170 3.232 3.304 3.389 3.485 3.593 3.712 3.910 4.135 4.357 4.577 4.795 5.010 5.223
10.342 10.791 11.257 11.740 12.240 12.757 13.291 13.842 14.094 13.765 13.380 12.937 12.439 11.884 11.272 10.604 9.880 9.099 8.261 7.374 6.699 6.455 6.182 5.879 5.547 5.186 4.794 4.374 3.924 3.444 3.051 2.757 2.565 2.510 2.460 2.414 2.372 2.334 2.300 2.270 2.244 2.223 2.205 2.192 2.224 2.303 2.379 2.454 2.526 2.596 2.665 2.731 2.796 2.859 2.919 2.978 3.029 3.083 3.149 3.227 3.317 3.418 3.531 3.656 3.792 3.940 4.099 4.271 4.472 4.686 4.898 5.107 5.314 5.519 5.721
11.458 11.966 12.491 13.034 13.593 14.169 14.763 15.373 15.735 15.209 14.626 13.987 13.291 12.539 11.730 10.865 9.943 8.966 7.931 6.846 5.897 5.551 5.226 4.908 4.597 4.292 3.995 3.705 3.422 3.146 2.876 2.614 2.421 2.385 2.353 2.325 2.301 2.281 2.266 2.254 2.246 2.243 2.244 2.248 2.279 2.348 2.416 2.482 2.545 2.607 2.667 2.724 2.780 2.834 2.886 2.936 3.005 3.111 3.229 3.359 3.501 3.654 3.818 3.995 4.183 4.383 4.594 4.817 5.036 5.239 5.440 5.639 5.835 6.029 6.220
12.556 13.124 13.708 14.310 14.929 15.564 16.217 16.887 17.426 16.702 15.922 15.086 14.193 13.224 11.995 10.799 9.635 8.504 7.405 6.345 5.391 5.090 4.796 4.509 4.229 3.956 3.689 3.430 3.178 2.933 2.695 2.463 2.273 2.255 2.242 2.232 2.226 2.224 2.227 2.233 2.244 2.259 2.278 2.300 2.335 2.396 2.455 2.512 2.567 2.620 2.671 2.720 2.767 2.812 2.855 2.896 2.969 3.127 3.297 3.479 3.672 3.877 4.093 4.322 4.561 4.813 5.076 5.351 5.601 5.794 5.984 6.172 6.357 6.540 6.721
13.637 14.263 14.907 15.568 16.246 16.941 17.577 17.831 18.049 16.804 15.558 14.345 13.165 12.016 10.901 9.818 8.767 7.750 6.764 5.818 4.906 4.621 4.358 4.102 3.853 3.611 3.376 3.148 2.927 2.713 2.506 2.305 2.121 2.122 2.126 2.134 2.147 2.163 2.184 2.209 2.237 2.270 2.307 2.348 2.394 2.446 2.496 2.544 2.590 2.634 2.676 2.717 2.755 2.791 2.825 2.858 2.922 3.132 3.353 3.587 3.831 4.088 4.356 4.636 4.928 5.231 5.546 5.872 6.168 6.350 6.529 6.706 6.881 7.053 7.223
14.343 14.689 14.999 15.272 15.509 15.709 15.873 16.000 16.091 15.116 13.984 12.884 11.816 10.781 9.779 8.809 7.872 6.967 6.095 5.263 4.465 4.146 3.914 3.689 3.471 3.260 3.056 2.859 2.669 2.485 2.309 2.140 1.978 1.983 2.006 2.032 2.063 2.098 2.136 2.179 2.226 2.277 2.332 2.391 2.454 2.498 2.539 2.578 2.616 2.651 2.684 2.716 2.745 2.773 2.798 2.822 2.862 3.124 3.397 3.682 3.979 4.287 4.607 4.939 5.282 5.637 6.003 6.381 6.736 6.908 7.076 7.243 7.407 7.568 7.727
13.434 13.653 13.836 13.983 14.093 14.167 14.204 14.205 14.170 13.401 12.381 11.395 10.441 9.519 8.630 7.773 6.949 6.157 5.398 4.679 3.996 3.663 3.462 3.268 3.081 2.901 2.728 2.562 2.403 2.251 2.106 1.967 1.836 1.841 1.882 1.926 1.975 2.028 2.085 2.146 2.211 2.280 2.353 2.430 2.512 2.552 2.584 2.615 2.643 2.670 2.694 2.717 2.738 2.756 2.773 2.788 2.801 3.104 3.429 3.766 4.114 4.474 4.846 5.229 5.624 6.030 6.448 6.876 7.264 7.430 7.622 7.841 8.086 8.357 8.655
12.560 12.653 12.709 12.729 12.713 12.660 12.571 12.446 12.284 11.658 10.752 9.878 9.037 8.229 7.453 6.709 5.998 5.319 4.673 4.068 3.499 3.173 3.003 2.840 2.684 2.535 2.393 2.258 2.130 2.009 1.894 1.787 1.687 1.694 1.753 1.816 1.883 1.954 2.029 2.108 2.191 2.278 2.369 2.465 2.564 2.607 2.631 2.653 2.673 2.691 2.706 2.720 2.732 2.742 2.750 2.756 2.760 3.072 3.551 4.152 4.709 5.221 5.688 6.111 6.490 6.824 7.113 7.358 7.559 7.835 8.144 8.480 8.842 9.230 9.645
11.721 11.687 11.617 11.511 11.368 11.189 10.974 10.722 10.434 9.888 9.095 8.335 7.607 6.911 6.248 5.617 5.019 4.453 3.920 3.428 2.973 2.676 2.537 2.405 2.280 2.162 2.051 1.947 1.850 1.759 1.676 1.600 1.530 1.543 1.620 1.701 1.786 1.875 1.968 2.065 2.167 2.272 2.381 2.495 2.612 2.665 2.680 2.693 2.704 2.754 2.902 3.104 3.359 3.667 4.029 4.444 4.913 5.404 5.852 6.255 6.614 6.929 7.199 7.425 7.606 7.743 7.836 7.884 7.887 8.214 8.640 9.093 9.572 10.077 10.609
10.917 10.757 10.561 10.328 10.059 9.754 9.413 9.035 8.621 8.091 7.411 6.764 6.149 5.566 5.016 4.498 4.012 3.559 3.139 2.760 2.419 2.172 2.064 1.963 1.869 1.782 1.702 1.628 1.562 1.503 1.450 1.405 1.366 1.388 1.483 1.582 1.685 1.792 1.904 2.019 2.148 2.282 2.396 2.491 2.567 2.665 2.837 3.062 3.340 3.672 4.057 4.495 4.986 5.531 6.129 6.780 7.485 7.944 8.195 8.401 8.563 8.680 8.753 8.782 8.766 8.706 8.602 8.453 8.259 8.566 9.109 9.678 10.274 10.896 11.545
10.149 9.862 9.540 9.181 8.786 8.354 7.887 7.383 6.843 6.267 5.700 5.165 4.663 4.193 3.756 3.351 2.978 2.638 2.330 2.065 1.838 1.661 1.584 1.514 1.451 1.394 1.345 1.302 1.267 1.239 1.217 1.243 1.347 1.489 1.672 1.835 1.980 2.105 2.211 2.297 2.365 2.413 2.442 2.452 2.442 2.581 2.989 3.450 3.965 4.533 5.154 5.828 6.556 7.337 8.171 9.058 9.999 10.526 10.580 10.589 10.554 10.474 10.351 10.182 9.970 9.713 9.411 9.065 8.675 8.891 9.551 10.237 10.949 11.688 12.454
9.415 9.003 8.554 8.069 7.548 6.990 6.397 5.767 5.100 4.416 3.961 3.540 3.150 2.793 2.468 2.176 1.916 1.688 1.493 1.341 1.228 1.143 1.121 1.152 1.198 1.261 1.339 1.434 1.545 1.672 1.815 1.974 2.149 2.323 2.420 2.498 2.557 2.597 2.618 2.619 2.601 2.564 2.508 2.433 2.338 2.440 3.084 3.782 4.532 5.336 6.194 7.104 8.068 9.084 10.155 11.278 12.454 13.151 13.007 12.820 12.588 12.311 11.991 11.626 11.216 10.762 10.264 9.721 9.135 9.189 9.966 10.769 11.598 12.454 13.336
8.717 8.178 7.603 6.992 6.345 5.662 4.942 4.186 3.394 2.566 2.196 1.887 1.610 1.365 1.177 1.159 1.144 1.131 1.121 1.114 1.110 1.108 1.192 1.294 1.411 1.545 1.695 1.862 2.044 2.242 2.456 2.687 2.933 3.177 3.189 3.182 3.155 3.110 3.045 2.961 2.858 2.736 2.595 2.434 2.254 2.243 3.123 4.057 5.043 6.083 7.176 8.323 9.522 10.775 12.081 13.440 14.852 15.817 15.477 15.093 14.664 14.191 13.673 13.112 12.506 11.855 11.160 10.421 9.638 9.461 10.354 11.274 12.220 13.192 14.190
8.053 7.388 6.688 5.951 5.178 4.368 3.523 2.682 1.991 1.315 1.172 1.153 1.136 1.122 1.111 1.103 1.097 1.094 1.093 1.096 1.101 1.108 1.244 1.417 1.607 1.812 2.033 2.271 2.524 2.794 3.079 3.381 3.698 4.032 3.977 3.885 3.773 3.643 3.493 3.324 3.136 2.928 2.702 2.456 2.191 1.989 3.106 4.275 5.498 6.773 8.102 9.484 10.919 12.408 13.949 15.544 17.191 18.526 17.989 17.408 16.783 16.113 15.399 14.641 13.838 12.991 12.100 11.165 10.185 9.706 10.716 11.752 12.814 13.903 15.018
7.428 6.682 5.951 5.236 4.537 3.853 3.184 2.530 1.892 1.269 1.067 1.057 1.050 1.045 1.043 1.044 1.048 1.054 1.063 1.075 1.089 1.106 1.279 1.523 1.784 2.060 2.353 2.661 2.986 3.327 3.683 4.056 4.445 4.850 4.786 4.608 4.411 4.196 3.961 3.707 3.433 3.141 2.829 2.498 2.148 1.779 3.032 4.437 5.895 7.406 8.971 10.588 12.259 13.983 15.760 17.590 19.473 21.277 20.543 19.766 18.944 18.078 17.167 16.213 15.214 14.171 13.083 11.951 10.775 9.925 11.051 12.203 13.382 14.588 15.819
6.889 6.196 5.519 4.857 4.211 3.580 2.964 2.364 1.779 1.210 0.959 0.959 0.961 0.966 0.973 0.983 0.996 1.012 1.030 1.051 1.076 1.102 1.295 1.611 1.942 2.290 2.654 3.034 3.429 3.841 4.269 4.713 5.173 5.649 5.614 5.351 5.069 4.769 4.449 4.109 3.751 3.374 2.977 2.561 2.126 1.672 2.902 4.542 6.236 7.983 9.783 11.636 13.542 15.501 17.513 19.578 21.696 23.868 23.140 22.166 21.148 20.085 18.979 17.828 16.632 15.393 14.109 12.781 11.409 10.070 11.168 12.256 13.335 14.403 15.461
6.336 5.697 5.073 4.465 3.872 3.294 2.731 2.184 1.653 1.136 0.849 0.858 0.869 0.884 0.900 0.920 0.942 0.967 0.995 1.026 1.059 1.095 1.293 1.680 2.083 2.502 2.937 3.388 3.855 4.338 4.837 5.352 5.883 6.430 6.462 6.114 5.747 5.362 4.957 4.532 4.089 3.627 3.145 2.644 2.125 1.586 2.715 4.591 6.520 8.503 10.538 12.626 14.767 16.961 19.208 21.509 23.862 26.269 25.778 24.608 23.243 21.586 19.957 18.356 16.784 15.239 13.723 12.235 10.774 9.342 10.237 11.282 12.318 13.343 14.359
5.770 5.184 4.614 4.059 3.519 2.994 2.485 1.991 1.512 1.049 0.737 0.755 0.776 0.799 0.825 0.854 0.886 0.920 0.957 0.998 1.041 1.086 1.273 1.731 2.205 2.695 3.201 3.723 4.261 4.815 5.385 5.971 6.574 7.192 7.330 6.897 6.445 5.975 5.485 4.976 4.447 3.900 3.334 2.748 2.143 1.519 2.473 4.584 6.748 8.966 11.236 13.502 15.613 17.663 19.654 21.584 23.454 25.265 24.646 23.057 21.496 19.963 18.458 16.981 15.532 14.112 12.719 11.355 10.018 8.710 9.317 10.319 11.311 12.294 13.266
5.191 4.658 4.141 3.639 3.152 2.681 2.224 1.784 1.358 0.948 0.622 0.649 0.680 0.712 0.748 0.786 0.827 0.871 0.917 0.967 1.020 1.074 1.235 1.764 2.309 2.870 3.447 4.041 4.650 5.275 5.916 6.573 7.246 7.935 8.217 7.700 7.163 6.608 6.033 5.439 4.826 4.194 3.554 2.955 2.383 1.838 2.589 4.735 6.821 8.847 10.813 12.719 14.564 16.350 18.075 19.741 21.346 22.891 22.624 21.159 19.722 18.313 16.932 15.579 14.254 12.958 11.689 10.448 9.236 8.051 8.408 9.367 10.316 11.255 12.185
