DATA/SHG/ECMWF/20170628/EN-7/20170628.en-7.asc
ncols        190
nrows        64
xllcorner    -5100000.000000000000
yllcorner    4130000.000000000000
cellsize     10000.000000000000
NODATA_value  -99999.000
[rows 0 to 32 of 64, columns 74 to 147 of 190]
8.618 8.943 9.294 9.671 10.073 10.501 10.954 11.391 11.684 11.935 12.174 12.402 12.618 12.822 13.015 13.196 13.365 13.523 13.669 13.812 14.010 14.245 14.497 14.765 15.049 15.350 15.667 16.001 16.351 16.718 17.102 17.305 16.888 16.485 16.096 15.722 15.362 15.017 14.686 14.370 14.068 13.780 13.507 13.156 12.520 11.876 11.225 10.566 9.900 9.226 8.545 7.857 7.161 6.457 5.747 5.123 4.776 4.431 4.087 3.744 3.403 3.062 2.724 2.386 2.050 1.715 1.381 1.172 1.311 1.455 1.605 1.761 1.922 2.089
7.751 8.217 8.677 9.113 9.525 9.912 10.274 10.594 10.816 11.027 11.225 11.413 11.588 11.752 11.904 12.045 12.174 12.291 12.396 12.506 12.778 13.088 13.413 13.755 14.113 14.488 14.879 15.287 15.711 16.152 16.609 16.987 16.634 16.296 15.972 15.662 15.367 15.086 14.820 14.568 14.330 14.107 13.899 13.644 12.974 12.297 11.612 10.920 10.220 9.513 8.799 8.077 7.348 6.611 5.866 5.172 4.831 4.492 4.153 3.816 3.481 3.146 2.813 2.481 2.151 1.822 1.494 1.241 1.405 1.574 1.749 1.930 2.116 2.307
7.501 7.901 8.275 8.626 8.951 9.252 9.529 9.779 9.960 10.130 10.289 10.435 10.570 10.694 10.805 10.905 10.994 11.071 11.136 11.190 11.530 11.913 12.312 12.728 13.160 13.609 14.074 14.556 15.054 15.569 16.100 16.647 16.365 16.091 15.832 15.586 15.356 15.139 14.938 14.750 14.577 14.418 14.274 14.140 13.436 12.725 12.007 11.282 10.549 9.808 9.060 8.305 7.542 6.772 5.994 5.220 4.885 4.551 4.218 3.887 3.557 3.229 2.901 2.575 2.250 1.927 1.605 1.334 1.579 1.822 2.063 2.304 2.543 2.780
7.294 7.608 7.897 8.161 8.401 8.617 8.808 8.975 9.116 9.246 9.364 9.470 9.564 9.647 9.719 9.778 9.827 9.863 9.888 9.901 10.264 10.721 11.194 11.684 12.190 12.713 13.252 13.807 14.379 14.968 15.572 16.194 16.081 15.871 15.676 15.495 15.329 15.177 15.040 14.917 14.808 14.714 14.634 14.568 13.906 13.161 12.410 11.651 10.884 10.110 9.329 8.540 7.744 6.940 6.129 5.311 4.937 4.609 4.302 4.018 3.740 3.469 3.204 2.946 2.694 2.449 2.210 1.978 2.184 2.421 2.657 2.891 3.124 3.355
7.110 7.338 7.541 7.720 7.875 8.005 8.111 8.192 8.284 8.373 8.451 8.516 8.571 8.613 8.644 8.663 8.671 8.667 8.652 8.625 8.982 9.512 10.059 10.623 11.203 11.799 12.412 13.041 13.687 14.349 15.028 15.722 15.781 15.636 15.505 15.389 15.287 15.199 15.126 15.067 15.023 14.993 14.978 14.976 14.382 13.605 12.820 12.027 11.227 10.392 9.546 8.720 7.911 7.122 6.352 5.600 5.231 4.963 4.701 4.445 4.197 3.954 3.718 3.489 3.266 3.049 2.839 2.635 2.790 3.021 3.250 3.478 3.705 3.931
6.949 7.091 7.209 7.303 7.372 7.417 7.437 7.433 7.464 7.513 7.550 7.575 7.589 7.591 7.582 7.561 7.528 7.484 7.428 7.361 7.682 8.287 8.908 9.545 10.199 10.869 11.555 12.258 12.977 13.713 14.465 15.234 15.466 15.385 15.319 15.267 15.229 15.206 15.197 15.202 15.156 15.072 14.993 14.919 14.324 13.468 12.631 11.813 11.013 10.232 9.470 8.727 8.003 7.297 6.610 5.941 5.566 5.326 5.093 4.866 4.646 4.432 4.225 4.024 3.830 3.642 3.460 3.285 3.396 3.621 3.844 4.067 4.287 4.507
6.811 6.868 6.901 6.909 6.892 6.852 6.787 6.697 6.656 6.664 6.660 6.646 6.619 6.581 6.531 6.470 6.397 6.313 6.217 6.109 6.366 7.044 7.739 8.450 9.177 9.921 10.681 11.457 12.250 13.060 13.885 14.688 15.016 14.915 14.819 14.727 14.641 14.559 14.482 14.410 14.344 14.282 14.225 14.173 13.728 12.955 12.202 11.467 10.751 10.054 9.375 8.715 8.074 7.452 6.848 6.263 5.893 5.682 5.478 5.280 5.088 4.903 4.724 4.552 4.386 4.227 4.074 3.928 4.002 4.221 4.439 4.655 4.870 5.084
6.696 6.668 6.615 6.538 6.436 6.310 6.160 5.985 5.859 5.827 5.783 5.728 5.661 5.583 5.493 5.391 5.278 5.153 5.017 4.869 5.033 5.785 6.621 7.472 8.305 9.119 9.916 10.695 11.456 12.198 12.923 13.629 14.023 13.944 13.870 13.800 13.736 13.676 13.622 13.572 13.527 13.487 13.452 13.422 13.113 12.424 11.754 11.102 10.470 9.856 9.260 8.684 8.126 7.587 7.067 6.565 6.214 6.032 5.856 5.686 5.523 5.367 5.217 5.073 4.936 4.805 4.681 4.563 4.609 4.822 5.034 5.244 5.453 5.661
6.605 6.491 6.353 6.190 6.003 5.792 5.557 5.297 5.074 5.002 4.918 4.822 4.715 4.597 4.499 4.518 4.531 4.538 4.539 4.534 4.711 5.518 6.306 7.077 7.829 8.564 9.280 9.979 10.659 11.321 11.966 12.592 13.026 12.969 12.917 12.869 12.827 12.789 12.757 12.729 12.706 12.688 12.675 12.667 12.479 11.873 11.286 10.718 10.169 9.638 9.126 8.633 8.159 7.703 7.266 6.847 6.527 6.374 6.226 6.086 5.951 5.823 5.702 5.587 5.478 5.376 5.280 5.191 5.217 5.424 5.629 5.833 6.036 6.238
6.536 6.337 6.114 5.866 5.594 5.298 4.977 4.671 4.487 4.521 4.550 4.572 4.588 4.599 4.603 4.601 4.592 4.578 4.558 4.532 4.577 5.304 6.012 6.702 7.375 8.029 8.665 9.283 9.884 10.466 11.030 11.576 12.025 11.990 11.960 11.934 11.914 11.898 11.888 11.882 11.881 11.885 11.894 11.908 11.826 11.304 10.800 10.315 9.849 9.402 8.973 8.563 8.172 7.799 7.445 7.110 6.834 6.709 6.590 6.478 6.372 6.273 6.180 6.093 6.013 5.940 5.872 5.812 5.825 6.026 6.225 6.423 6.620 6.816
6.483 6.211 5.953 5.711 5.483 5.270 5.073 4.890 4.724 4.737 4.744 4.745 4.740 4.729 4.712 4.688 4.659 4.624 4.582 4.534 4.481 5.110 5.738 6.348 6.940 7.515 8.071 8.609 9.129 9.631 10.115 10.581 11.020 11.007 10.999 10.995 10.997 11.003 11.015 11.031 11.052 11.078 11.109 11.145 11.154 10.715 10.295 9.893 9.510 9.146 8.801 8.474 8.166 7.876 7.605 7.353 7.133 7.037 6.947 6.863 6.786 6.715 6.651 6.593 6.541 6.496 6.457 6.425 6.433 6.628 6.822 7.014 7.205 7.394
6.323 6.103 5.898 5.707 5.531 5.371 5.225 5.094 4.978 4.958 4.944 4.923 4.897 4.865 4.826 4.782 4.731 4.674 4.612 4.543 4.468 4.937 5.485 6.015 6.527 7.021 7.497 7.955 8.395 8.817 9.221 9.607 9.976 10.020 10.034 10.052 10.076 10.104 10.138 10.176 10.219 10.267 10.320 10.378 10.441 10.108 9.771 9.452 9.153 8.871 8.609 8.365 8.140 7.934 7.746 7.577 7.426 7.358 7.296 7.241 7.192 7.150 7.114 7.085 7.062 7.045 7.035 6.984 6.890 6.991 7.102 7.224 7.357 7.501
6.150 5.982 5.828 5.690 5.566 5.457 5.363 5.284 5.220 5.184 5.149 5.107 5.059 5.006 4.946 4.880 4.809 4.731 4.647 4.557 4.461 4.784 5.252 5.702 6.134 6.548 6.944 7.322 7.682 8.024 8.349 8.655 8.943 9.029 9.065 9.105 9.151 9.201 9.257 9.317 9.382 9.452 9.527 9.607 9.691 9.482 9.228 8.992 8.775 8.577 8.398 8.237 8.095 7.972 7.867 7.781 7.713 7.672 7.600 7.489 7.379 7.272 7.166 7.063 6.962 6.863 6.766 6.672 6.579 6.711 6.871 7.041 7.222 7.413
5.963 5.847 5.745 5.658 5.587 5.530 5.488 5.461 5.448 5.415 5.359 5.296 5.227 5.152 5.071 4.984 4.891 4.792 4.687 4.576 4.458 4.652 5.040 5.410 5.762 6.096 6.412 6.710 6.990 7.252 7.497 7.723 7.931 8.034 8.092 8.154 8.222 8.294 8.371 8.454 8.541 8.633 8.729 8.831 8.938 8.836 8.665 8.513 8.379 8.268 8.161 8.050 7.933 7.812 7.686 7.556 7.420 7.306 7.202 7.100 7.000 6.902 6.806 6.712 6.620 6.531 6.443 6.358 6.274 6.422 6.629 6.847 7.076 7.315
5.762 5.698 5.648 5.613 5.594 5.589 5.598 5.623 5.663 5.652 5.574 5.490 5.400 5.304 5.202 5.094 4.980 4.859 4.733 4.601 4.462 4.540 4.848 5.138 5.410 5.664 5.900 6.119 6.319 6.501 6.666 6.812 6.941 7.035 7.115 7.199 7.289 7.383 7.482 7.586 7.732 7.915 8.099 8.282 8.465 8.477 8.368 8.255 8.136 8.013 7.885 7.752 7.615 7.472 7.325 7.173 7.016 6.898 6.803 6.710 6.619 6.530 6.444 6.359 6.277 6.196 6.118 6.042 5.968 6.122 6.377 6.643 6.919 7.207
5.548 5.535 5.538 5.555 5.587 5.633 5.695 5.772 5.863 5.894 5.795 5.690 5.578 5.461 5.338 5.209 5.073 4.932 4.784 4.631 4.471 4.448 4.676 4.887 5.079 5.253 5.410 5.548 5.669 5.771 5.856 5.966 6.106 6.262 6.445 6.629 6.812 6.996 7.179 7.362 7.545 7.729 7.912 8.095 8.278 8.313 8.183 8.048 7.908 7.764 7.615 7.461 7.302 7.138 6.969 6.796 6.618 6.487 6.402 6.318 6.237 6.157 6.080 6.005 5.932 5.861 5.792 5.725 5.660 5.811 6.114 6.428 6.752 7.088
5.320 5.359 5.413 5.482 5.566 5.665 5.778 5.906 6.049 6.141 6.021 5.894 5.762 5.624 5.479 5.329 5.172 5.010 4.841 4.666 4.485 4.377 4.536 4.696 4.852 5.003 5.150 5.293 5.431 5.565 5.694 5.820 5.940 6.077 6.260 6.443 6.627 6.810 6.993 7.176 7.359 7.542 7.725 7.908 8.090 8.155 8.003 7.847 7.686 7.520 7.350 7.174 6.994 6.809 6.619 6.425 6.225 6.075 5.999 5.925 5.852 5.782 5.714 5.649 5.585 5.523 5.464 5.406 5.351 5.491 5.841 6.203 6.575 6.958
5.079 5.170 5.275 5.396 5.532 5.682 5.847 6.027 6.222 6.393 6.252 6.104 5.951 5.791 5.626 5.452 5.278 5.103 4.928 4.751 4.572 4.424 4.569 4.710 4.846 4.978 5.106 5.229 5.348 5.462 5.573 5.678 5.780 5.892 6.075 6.258 6.441 6.624 6.807 6.990 7.173 7.356 7.538 7.721 7.903 8.002 7.829 7.651 7.469 7.282 7.090 6.893 6.692 6.485 6.274 6.059 5.838 5.662 5.595 5.530 5.467 5.406 5.347 5.291 5.236 5.184 5.134 5.086 5.039 5.159 5.558 5.967 6.387 6.818
4.823 4.966 5.124 5.296 5.483 5.685 5.902 6.134 6.370 6.602 6.439 6.266 6.092 5.918 5.743 5.566 5.390 5.212 5.034 4.854 4.673 4.488 4.607 4.728 4.845 4.958 5.066 5.170 5.270 5.365 5.456 5.542 5.625 5.708 5.891 6.073 6.256 6.439 6.622 6.804 6.987 7.170 7.352 7.534 7.717 7.854 7.660 7.461 7.257 7.049 6.836 6.618 6.395 6.167 5.935 5.698 5.456 5.246 5.189 5.133 5.080 5.028 4.979 4.932 4.886 4.843 4.802 4.763 4.727 4.818 5.264 5.721 6.189 6.668
4.572 4.819 5.062 5.303 5.540 5.775 6.006 6.235 6.460 6.683 6.568 6.392 6.215 6.038 5.860 5.681 5.502 5.321 5.140 4.958 4.774 4.587 4.649 4.751 4.849 4.942 5.031 5.116 5.196 5.272 5.344 5.411 5.474 5.533 5.706 5.889 6.071 6.254 6.437 6.619 6.801 6.984 7.166 7.348 7.530 7.711 7.496 7.276 7.051 6.821 6.587 6.348 6.104 5.855 5.601 5.343 5.080 4.830 4.781 4.735 4.691 4.649 4.609 4.571 4.535 4.501 4.469 4.440 4.412 4.466 4.960 5.465 5.981 6.507
4.748 4.984 5.218 5.448 5.675 5.899 6.120 6.338 6.553 6.765 6.697 6.518 6.339 6.159 5.978 5.797 5.614 5.431 5.248 5.063 4.876 4.686 4.697 4.779 4.858 4.932 5.002 5.067 5.128 5.185 5.237 5.285 5.329 5.368 5.522 5.705 5.887 6.069 6.252 6.434 6.616 6.798 6.980 7.162 7.344 7.526 7.337 7.096 6.850 6.599 6.343 6.083 5.818 5.548 5.273 4.993 4.709 4.420 4.372 4.335 4.300 4.267 4.237 4.208 4.181 4.157 4.134 4.114 4.207 4.479 5.335 6.246 7.212 8.231
4.927 5.153 5.375 5.595 5.812 6.026 6.236 6.444 6.649 6.851 6.826 6.645 6.463 6.280 6.097 5.913 5.728 5.542 5.355 5.168 4.978 4.786 4.749 4.812 4.871 4.926 4.977 5.023 5.064 5.102 5.135 5.164 5.188 5.208 5.338 5.520 5.703 5.885 6.067 6.249 6.431 6.613 6.795 6.977 7.158 7.340 7.184 6.921 6.654 6.382 6.105 5.824 5.537 5.246 4.950 4.649 4.344 4.033 3.962 4.040 4.277 4.516 4.756 4.998 5.242 5.488 5.735 5.985 6.236 6.489 7.532 8.682 9.887 11.146
5.108 5.324 5.536 5.745 5.952 6.155 6.355 6.553 6.747 6.939 6.957 6.773 6.588 6.403 6.216 6.029 5.842 5.653 5.464 5.274 5.081 4.886 4.806 4.850 4.890 4.925 4.956 4.983 5.006 5.024 5.038 5.047 5.052 5.053 5.155 5.337 5.519 5.701 5.883 6.064 6.246 6.428 6.610 6.791 6.973 7.154 7.036 6.752 6.464 6.170 5.904 5.717 5.575 5.478 5.426 5.420 5.459 5.544 5.751 5.994 6.239 6.485 6.733 6.983 7.235 7.488 7.744 8.001 8.260 8.521 9.671 11.061 12.506 14.004
5.292 5.497 5.699 5.898 6.094 6.287 6.477 6.664 6.848 7.029 7.087 6.901 6.713 6.525 6.336 6.146 5.956 5.765 5.573 5.380 5.185 4.987 4.868 4.893 4.913 4.929 4.941 4.949 4.952 4.951 4.945 4.936 4.922 4.903 4.971 5.153 5.335 5.517 5.699 5.880 6.062 6.246 6.421 6.577 6.714 6.832 6.773 6.605 6.483 6.406 6.374 6.387 6.446 6.550 6.699 6.893 7.133 7.418 7.693 7.943 8.196 8.450 8.706 8.964 9.223 9.485 9.748 10.013 10.280 10.549 11.754 13.383 15.067 16.805
5.478 5.673 5.864 6.053 6.239 6.421 6.601 6.778 6.952 7.122 7.219 7.029 6.839 6.648 6.457 6.264 6.071 5.877 5.682 5.487 5.289 5.088 4.934 4.940 4.941 4.938 4.931 4.919 4.903 4.883 4.858 4.829 4.821 4.858 4.966 5.190 5.395 5.581 5.748 5.896 6.024 6.134 6.224 6.295 6.348 6.381 6.392 6.425 6.503 6.626 6.795 7.009 7.269 7.573 7.923 8.318 8.758 9.243 9.630 9.888 10.148 10.410 10.674 10.940 11.207 11.476 11.747 12.020 12.295 12.572 13.780 15.649 17.571 19.548
5.667 5.851 6.032 6.211 6.386 6.558 6.728 6.894 7.058 7.218 7.351 7.159 6.966 6.772 6.578 6.383 6.187 5.990 5.793 5.594 5.394 5.190 5.006 4.989 4.975 4.972 4.980 5.000 5.031 5.074 5.128 5.193 5.270 5.359 5.467 5.607 5.727 5.828 5.910 5.973 6.017 6.042 6.048 6.034 6.002 5.950 5.963 6.197 6.476 6.800 7.169 7.583 8.043 8.548 9.098 9.693 10.334 11.020 11.562 11.828 12.096 12.366 12.638 12.911 13.187 13.464 13.742 14.023 14.306 14.590 15.749 17.857 20.019 22.235
5.858 6.032 6.203 6.371 6.536 6.698 6.857 7.013 7.166 7.316 7.463 7.288 7.093 6.896 6.699 6.493 6.236 5.992 5.759 5.538 5.331 5.136 4.950 4.970 5.006 5.054 5.113 5.184 5.265 5.359 5.463 5.579 5.707 5.846 5.989 6.044 6.079 6.096 6.093 6.071 6.031 5.971 5.892 5.794 5.677 5.541 5.487 5.921 6.400 6.925 7.495 8.109 8.769 9.475 10.225 11.020 11.861 12.747 13.490 13.764 14.040 14.318 14.597 14.878 15.162 15.446 15.733 16.022 16.312 16.604 17.662 20.009 22.410 24.864
6.051 6.215 6.376 6.533 6.688 6.840 6.989 7.134 7.257 7.300 7.341 7.125 6.863 6.612 6.373 6.146 5.930 5.727 5.536 5.357 5.191 5.038 4.894 4.938 5.025 5.124 5.233 5.354 5.487 5.631 5.786 5.952 6.130 6.320 6.521 6.501 6.452 6.384 6.296 6.190 6.065 5.920 5.757 5.574 5.373 5.152 4.964 5.598 6.278 7.003 7.772 8.587 9.448 10.353 11.303 12.299 13.340 14.425 15.414 15.696 15.979 16.265 16.552 16.841 17.132 17.425 17.719 18.016 18.314 18.614 19.519 22.104 24.744 27.437
6.248 6.372 6.425 6.475 6.522 6.567 6.609 6.648 6.685 6.719 6.751 6.602 6.380 6.171 5.974 5.788 5.614 5.453 5.303 5.165 5.041 4.930 4.828 4.894 5.031 5.180 5.340 5.512 5.695 5.889 6.095 6.312 6.541 6.781 7.032 6.978 6.844 6.692 6.520 6.329 6.119 5.890 5.642 5.376 5.089 4.784 4.460 5.228 6.108 7.033 8.002 9.017 10.078 11.183 12.333 13.529 14.769 16.055 17.333 17.623 17.914 18.208 18.503 18.800 19.098 19.399 19.701 20.005 20.311 20.619 21.319 24.143 27.021 29.953
5.822 5.868 5.911 5.952 5.991 6.026 6.059 6.089 6.117 6.142 6.164 6.068 5.888 5.720 5.564 5.420 5.288 5.167 5.059 4.963 4.880 4.811 4.751 4.837 5.025 5.224 5.435 5.657 5.890 6.135 6.392 6.659 6.938 7.228 7.530 7.475 7.257 7.020 6.764 6.489 6.194 5.881 5.549 5.197 4.827 4.437 4.029 4.810 5.890 7.015 8.185 9.400 10.660 11.965 13.315 14.710 16.151 17.636 19.167 19.546 19.845 20.146 20.449 20.754 21.060 21.368 21.679 21.991 22.304 22.620 22.909 25.483 27.986 30.418
5.330 5.367 5.401 5.433 5.462 5.489 5.512 5.533 5.552 5.567 5.580 5.524 5.386 5.259 5.145 5.042 4.951 4.872 4.805 4.750 4.709 4.682 4.663 4.767 5.005 5.255 5.516 5.789 6.073 6.368 6.675 6.993 7.322 7.663 8.015 7.993 7.690 7.369 7.028 6.668 6.290 5.892 5.475 5.040 4.585 4.111 3.618 4.346 5.625 6.950 8.319 9.734 11.194 12.699 14.248 15.843 17.483 19.168 20.898 21.464 21.771 22.028 22.149 22.218 22.235 22.199 22.111 21.971 21.779 21.535 21.238 23.330 25.519 27.637
4.841 4.869 4.894 4.917 4.937 4.954 4.969 4.981 4.990 4.996 5.000 4.970 4.873 4.788 4.715 4.653 4.604 4.566 4.541 4.527 4.528 4.542 4.565 4.684 4.973 5.273 5.585 5.908 6.242 6.588 6.945 7.314 7.694 8.085 8.487 8.530 8.143 7.738 7.313 6.869 6.405 5.923 5.422 4.902 4.363 3.805 3.228 3.833 5.313 6.837 8.406 10.021 11.692 13.413 15.141 16.877 18.620 20.370 22.129 22.674 22.669 22.611 22.502 22.340 22.126 21.860 21.541 21.171 20.748 20.274 19.747 21.249 23.124 24.929
4.356 4.375 4.391 4.404 4.415 4.423 4.428 4.431 4.431 4.428 4.423 4.406 4.350 4.307 4.275 4.255 4.246 4.250 4.266 4.293 4.336 4.392 4.457 4.589 4.928 5.279 5.641 6.014 6.399 6.795 7.203 7.622 8.052 8.493 8.946 9.088 8.617 8.127 7.617 7.089 6.542 5.975 5.390 4.808 4.290 3.788 3.302 3.856 5.572 7.296 9.028 10.767 12.514 14.268 16.030 17.799 19.576 21.360 23.152 23.771 23.535 23.247 22.907 22.514 22.070 21.573 21.025 20.424 19.771 19.066 18.309 19.241 20.803 22.294
