DATA/SHG/ECMWF/20170628/EN-7/20170629.en-7.asc
ncols        190
nrows        64
xllcorner    -5100000.000000000000
yllcorner    4130000.000000000000
cellsize     10000.000000000000
NODATA_value  -99999.000
[rows 0 to 32 of 64, columns 74 to 147 of 190]
10.168 11.639 13.179 14.787 16.463 18.208 20.020 20.964 19.528 17.983 16.484 15.029 13.620 12.257 10.938 9.665 8.438 7.255 6.118 5.358 5.703 6.024 6.338 6.645 6.944 7.236 7.520 7.797 8.066 8.328 8.582 8.793 8.874 8.943 9.000 9.044 9.075 9.094 9.100 9.094 9.075 9.044 9.001 8.963 8.983 9.009 9.041 9.080 9.125 9.176 9.234 9.297 9.368 9.444 9.527 9.598 9.617 9.632 9.643 9.649 9.651 9.648 9.641 9.630 9.615 9.595 9.571 9.455 9.095 8.738 8.382 8.029 7.678 7.330
10.624 12.246 13.809 15.328 16.800 18.228 19.610 20.456 19.024 17.637 16.296 15.000 13.749 12.543 11.383 10.268 9.198 8.174 7.194 6.391 6.702 6.990 7.271 7.544 7.810 8.068 8.319 8.562 8.798 9.026 9.247 9.440 9.465 9.478 9.479 9.467 9.442 9.405 9.355 9.293 9.218 9.131 9.031 8.940 8.988 9.042 9.102 9.169 9.242 9.321 9.407 9.499 9.597 9.702 9.813 9.914 9.914 9.909 9.900 9.887 9.869 9.848 9.821 9.791 9.756 9.717 9.674 9.580 9.230 8.882 8.537 8.194 7.853 7.515
10.667 12.118 13.523 14.883 16.197 17.467 18.691 19.753 18.479 17.251 16.067 14.929 13.836 12.789 11.786 10.829 9.917 9.051 8.229 7.453 7.709 7.963 8.210 8.450 8.682 8.907 9.124 9.334 9.536 9.731 9.919 10.099 10.070 10.026 9.971 9.903 9.822 9.729 9.623 9.505 9.374 9.231 9.076 8.909 8.986 9.068 9.157 9.251 9.353 9.460 9.574 9.694 9.820 9.953 10.092 10.233 10.214 10.190 10.162 10.129 10.092 10.051 10.006 9.956 9.902 9.843 9.780 9.712 9.417 9.159 8.936 8.750 8.599 8.485
10.740 12.032 13.279 14.480 15.637 16.748 17.814 18.835 17.894 16.823 15.798 14.818 13.883 12.993 12.148 11.349 10.595 9.886 9.222 8.603 8.722 8.943 9.157 9.363 9.562 9.753 9.937 10.113 10.282 10.444 10.598 10.744 10.687 10.587 10.476 10.352 10.215 10.066 9.904 9.730 9.544 9.345 9.133 8.909 8.977 9.087 9.204 9.327 9.456 9.592 9.734 9.882 10.037 10.197 10.364 10.538 10.518 10.475 10.437 10.405 10.368 10.327 10.281 10.232 10.178 10.120 10.058 9.991 9.863 9.764 9.702 9.676 9.686 9.732
10.854 11.988 13.077 14.120 15.119 16.072 16.980 17.843 17.268 16.355 15.488 14.665 13.888 13.156 12.469 11.827 11.231 10.679 10.173 9.712 9.742 9.930 10.110 10.283 10.448 10.606 10.757 10.900 11.035 11.163 11.284 11.397 11.316 11.161 10.994 10.814 10.621 10.416 10.199 9.969 9.726 9.471 9.204 8.924 8.961 9.100 9.245 9.396 9.553 9.726 9.913 10.107 10.308 10.517 10.733 10.956 10.971 10.928 10.881 10.829 10.773 10.713 10.649 10.580 10.507 10.430 10.349 10.263 10.271 10.333 10.431 10.565 10.735 10.941
11.010 11.986 12.917 13.803 14.643 15.439 16.189 16.894 16.602 15.847 15.137 14.472 13.853 13.278 12.749 12.264 11.825 11.431 11.082 10.778 10.769 10.924 11.070 11.210 11.342 11.466 11.583 11.693 11.795 11.890 11.977 12.057 11.959 11.748 11.525 11.289 11.040 10.780 10.506 10.220 9.929 9.632 9.322 8.999 9.001 9.184 9.374 9.572 9.777 9.989 10.208 10.434 10.668 10.909 11.158 11.413 11.456 11.394 11.328 11.257 11.182 11.103 11.020 10.932 10.840 10.744 10.644 10.539 10.644 10.866 11.124 11.418 11.747 12.113
11.208 12.026 12.799 13.527 14.210 14.848 15.441 15.988 15.895 15.298 14.746 14.238 13.776 13.359 12.987 12.660 12.378 12.141 11.950 11.803 11.803 11.924 12.038 12.144 12.242 12.334 12.417 12.494 12.563 12.624 12.678 12.728 12.632 12.376 12.109 11.829 11.537 11.234 10.918 10.590 10.250 9.899 9.535 9.159 9.094 9.309 9.532 9.762 9.999 10.243 10.495 10.754 11.020 11.294 11.574 11.862 11.945 11.864 11.779 11.689 11.595 11.497 11.395 11.288 11.177 11.062 10.943 10.819 10.979 11.361 11.779 12.233 12.723 13.248
11.448 12.108 12.724 13.294 13.820 14.300 14.735 15.125 15.148 14.709 14.314 13.964 13.659 13.399 13.185 13.015 12.890 12.810 12.776 12.786 12.844 12.932 12.951 12.954 12.970 12.999 13.041 13.095 13.162 13.242 13.335 13.440 13.395 13.086 12.764 12.431 12.086 11.728 11.359 10.977 10.584 10.178 9.761 9.331 9.178 9.426 9.681 9.943 10.213 10.490 10.774 11.065 11.364 11.670 11.983 12.303 12.438 12.338 12.233 12.125 12.012 11.895 11.773 11.648 11.518 11.384 11.246 11.103 11.279 11.821 12.398 13.012 13.661 14.346
11.729 12.232 12.690 13.103 13.471 13.794 14.072 14.305 14.361 14.079 13.841 13.649 13.501 13.398 13.339 13.291 13.241 13.191 13.140 13.089 13.054 13.089 13.136 13.197 13.270 13.355 13.454 13.565 13.689 13.826 13.975 14.137 14.171 13.808 13.432 13.045 12.646 12.235 11.812 11.377 10.930 10.471 9.999 9.516 9.254 9.535 9.822 10.117 10.419 10.728 11.045 11.368 11.700 12.038 12.383 12.736 12.934 12.815 12.692 12.564 12.432 12.296 12.156 12.011 11.863 11.710 11.552 11.391 11.542 12.243 12.981 13.754 14.563 15.408
12.053 12.398 12.699 12.954 13.165 13.331 13.451 13.561 13.708 13.662 13.614 13.566 13.517 13.468 13.417 13.366 13.314 13.261 13.208 13.153 13.111 13.203 13.308 13.425 13.554 13.697 13.852 14.020 14.201 14.394 14.600 14.819 14.959 14.542 14.113 13.672 13.219 12.754 12.278 11.789 11.288 10.775 10.251 9.714 9.323 9.636 9.956 10.283 10.617 10.959 11.308 11.664 12.027 12.398 12.776 13.161 13.434 13.296 13.154 13.007 12.856 12.701 12.542 12.379 12.211 12.039 11.863 11.682 11.769 12.630 13.527 14.459 15.428 16.432
12.358 12.461 12.587 12.735 12.905 13.097 13.312 13.548 13.804 13.754 13.704 13.653 13.602 13.549 13.496 13.442 13.387 13.332 13.275 13.218 13.159 13.303 13.464 13.638 13.825 14.024 14.236 14.460 14.698 14.948 15.210 15.486 15.758 15.288 14.805 14.311 13.804 13.286 12.756 12.213 11.659 11.093 10.514 9.924 9.384 9.729 10.081 10.440 10.807 11.181 11.562 11.951 12.347 12.749 13.160 13.577 13.938 13.781 13.620 13.454 13.284 13.110 12.932 12.750 12.563 12.372 12.177 11.978 11.960 12.980 14.036 15.128 16.256 17.419
11.780 11.961 12.164 12.390 12.638 12.908 13.201 13.515 13.852 13.847 13.794 13.741 13.686 13.631 13.575 13.519 13.461 13.403 13.344 13.284 13.222 13.388 13.606 13.837 14.080 14.336 14.604 14.886 15.180 15.486 15.806 16.138 16.482 16.046 15.510 14.962 14.402 13.830 13.246 12.650 12.042 11.423 10.791 10.147 9.491 9.814 10.199 10.590 10.989 11.396 11.809 12.230 12.658 13.093 13.536 13.985 14.442 14.269 14.089 13.905 13.716 13.523 13.326 13.125 12.919 12.709 12.495 12.295 12.185 13.387 14.603 15.833 17.077 18.336
11.181 11.440 11.722 12.025 12.351 12.699 13.069 13.462 13.877 13.941 13.885 13.829 13.772 13.714 13.655 13.596 13.536 13.475 13.413 13.350 13.286 13.459 13.734 14.021 14.321 14.633 14.958 15.296 15.647 16.010 16.386 16.775 17.176 16.817 16.227 15.625 15.012 14.386 13.749 13.100 12.438 11.765 11.080 10.383 9.674 9.891 10.308 10.732 11.164 11.602 12.048 12.501 12.961 13.429 13.903 14.385 14.875 14.762 14.537 14.295 14.069 13.859 13.665 13.488 13.326 13.181 13.052 12.939 12.843 14.016 15.296 16.590 17.898 19.221
10.563 10.900 11.259 11.640 12.044 12.470 12.918 13.388 13.880 14.035 13.977 13.918 13.858 13.797 13.736 13.674 13.611 13.547 13.482 13.417 13.350 13.516 13.847 14.190 14.547 14.916 15.298 15.692 16.099 16.519 16.951 17.397 17.854 17.599 16.956 16.301 15.634 14.955 14.264 13.561 12.847 12.120 11.381 10.631 9.868 9.961 10.410 10.866 11.330 11.804 12.272 12.725 13.164 13.588 13.997 14.392 14.771 14.704 14.518 14.347 14.193 14.055 13.933 13.827 13.738 13.664 13.607 13.566 13.541 14.631 15.974 17.332 18.704 20.090
9.924 10.339 10.776 11.235 11.716 12.220 12.745 13.293 13.863 14.130 14.069 14.007 13.944 13.881 13.817 13.752 13.686 13.620 13.553 13.485 13.415 13.558 13.945 14.346 14.759 15.184 15.622 16.073 16.537 17.013 17.502 18.004 18.518 18.394 17.697 16.989 16.268 15.536 14.792 14.036 13.276 12.528 11.786 11.050 10.321 10.307 10.768 11.215 11.648 12.065 12.468 12.855 13.229 13.587 13.931 14.260 14.574 14.596 14.481 14.383 14.300 14.234 14.184 14.150 14.132 14.131 14.145 14.176 14.223 15.230 16.637 18.058 19.494 20.944
9.265 9.758 10.272 10.809 11.368 11.949 12.553 13.178 13.826 14.225 14.161 14.097 14.032 13.965 13.899 13.831 13.763 13.694 13.624 13.553 13.480 13.585 14.029 14.486 14.956 15.438 15.932 16.440 16.960 17.493 18.038 18.571 19.091 19.082 18.317 17.558 16.806 16.060 15.321 14.588 13.861 13.141 12.426 11.719 11.017 10.845 11.241 11.623 11.989 12.341 12.678 13.001 13.308 13.601 13.879 14.143 14.392 14.472 14.429 14.402 14.391 14.397 14.418 14.456 14.510 14.580 14.666 14.769 14.887 15.814 17.284 18.770 20.269 21.783
8.587 9.157 9.749 10.363 11.000 11.659 12.340 13.043 13.768 14.321 14.255 14.187 14.119 14.051 13.981 13.911 13.840 13.768 13.695 13.622 13.546 13.598 14.083 14.565 15.056 15.555 16.062 16.577 17.101 17.633 18.174 18.723 19.280 19.463 18.726 17.996 17.272 16.554 15.842 15.137 14.438 13.746 13.059 12.380 11.706 11.398 11.729 12.045 12.346 12.632 12.904 13.161 13.403 13.631 13.843 14.041 14.225 14.331 14.360 14.405 14.466 14.543 14.636 14.745 14.871 15.013 15.170 15.344 15.534 16.382 17.917 19.465 21.028 22.605
7.888 8.536 9.206 9.898 10.612 11.348 12.106 12.887 13.689 14.418 14.348 14.278 14.208 14.136 14.061 13.951 13.842 13.734 13.626 13.520 13.418 13.379 13.890 14.410 14.938 15.474 16.018 16.571 17.132 17.701 18.279 18.865 19.459 19.837 19.128 18.426 17.730 17.040 16.356 15.679 15.008 14.343 13.685 13.033 12.387 11.966 12.231 12.482 12.717 12.938 13.145 13.336 13.513 13.675 13.823 13.955 14.073 14.174 14.274 14.391 14.524 14.672 14.837 15.018 15.215 15.428 15.658 15.903 16.165 16.935 18.533 20.146 21.772 23.413
7.169 7.895 8.642 9.411 10.203 11.017 11.852 12.708 13.558 14.401 14.311 14.200 14.090 13.982 13.874 13.767 13.662 13.557 13.453 13.351 13.251 13.155 13.688 14.245 14.810 15.383 15.965 16.555 17.153 17.760 18.375 18.998 19.629 20.204 19.523 18.849 18.180 17.518 16.863 16.213 15.570 14.933 14.303 13.679 13.061 12.549 12.749 12.934 13.104 13.260 13.401 13.527 13.638 13.735 13.817 13.885 13.937 14.001 14.172 14.361 14.565 14.785 15.021 15.274 15.543 15.827 16.128 16.445 16.778 17.473 19.135 20.811 22.501 24.205
6.456 7.331 8.200 9.061 9.915 10.761 11.601 12.433 13.259 14.077 14.109 14.002 13.895 13.790 13.686 13.583 13.481 13.380 13.279 13.180 13.084 12.992 13.477 14.071 14.673 15.284 15.902 16.530 17.165 17.809 18.461 19.121 19.790 20.467 19.911 19.264 18.624 17.989 17.362 16.740 16.125 15.516 14.914 14.317 13.727 13.146 13.281 13.400 13.505 13.596 13.671 13.732 13.779 13.810 13.827 13.829 13.817 13.811 14.054 14.314 14.590 14.881 15.189 15.513 15.853 16.210 16.582 16.970 17.375 17.996 19.721 21.460 23.214 24.981
6.361 7.211 8.055 8.891 9.721 10.543 11.358 12.165 12.966 13.760 13.906 13.803 13.700 13.598 13.498 13.398 13.299 13.202 13.105 13.009 12.917 12.828 13.257 13.888 14.527 15.175 15.831 16.495 17.167 17.848 18.538 19.235 19.941 20.655 20.291 19.672 19.060 18.453 17.853 17.260 16.672 16.091 15.517 14.948 14.386 13.831 13.828 13.882 13.922 13.947 13.957 13.953 13.934 13.900 13.852 13.789 13.711 13.619 13.919 14.251 14.598 14.961 15.340 15.736 16.147 16.575 17.019 17.478 17.938 18.425 20.124 21.809 23.480 25.137
6.272 7.098 7.917 8.729 9.533 10.331 11.121 11.904 12.680 13.449 13.703 13.603 13.504 13.406 13.309 13.212 13.117 13.023 12.930 12.837 12.749 12.663 13.027 13.695 14.372 15.056 15.750 16.451 17.161 17.879 18.605 19.339 20.082 20.833 20.664 20.073 19.488 18.910 18.338 17.772 17.213 16.659 16.112 15.572 15.038 14.510 14.389 14.379 14.353 14.313 14.258 14.189 14.104 14.006 13.892 13.764 13.621 13.463 13.768 14.215 14.719 15.207 15.679 16.134 16.573 16.996 17.403 17.793 18.167 18.525 20.077 21.700 23.310 24.906
6.190 6.991 7.785 8.573 9.353 10.125 10.891 11.650 12.401 13.146 13.500 13.403 13.307 13.213 13.119 13.026 12.934 12.844 12.754 12.665 12.580 12.498 12.788 13.493 14.207 14.929 15.659 16.398 17.144 17.899 18.663 19.434 20.214 21.003 21.030 20.467 19.910 19.359 18.815 18.277 17.745 17.220 16.701 16.188 15.682 15.181 14.966 14.890 14.799 14.694 14.549 14.389 14.269 14.191 14.154 14.159 14.204 14.290 14.660 15.109 15.541 15.957 16.356 16.740 17.107 17.458 17.792 18.110 18.412 18.698 20.043 21.605 23.153 24.688
6.114 6.891 7.661 8.423 9.179 9.927 10.668 11.402 12.129 12.849 13.295 13.202 13.110 13.019 12.928 12.839 12.751 12.664 12.577 12.492 12.410 12.332 12.540 13.283 14.033 14.792 15.559 16.335 17.119 17.911 18.711 19.520 20.337 21.162 21.389 20.853 20.324 19.801 19.285 18.774 18.271 17.719 17.071 16.405 15.721 15.020 14.593 14.451 14.350 14.290 14.271 14.293 14.356 14.460 14.605 14.792 15.019 15.287 15.642 16.018 16.378 16.722 17.050 17.361 17.656 17.935 18.197 18.444 18.674 18.887 20.023 21.524 23.010 24.483
6.045 6.797 7.543 8.280 9.011 9.735 10.452 11.161 11.863 12.558 13.091 13.001 12.912 12.824 12.737 12.652 12.567 12.483 12.400 12.319 12.240 12.165 12.283 13.062 13.850 14.646 15.450 16.263 17.084 17.913 18.750 19.596 20.431 21.243 21.609 21.005 20.385 19.746 19.090 18.416 17.725 17.016 16.290 15.546 14.784 14.005 13.544 13.584 13.665 13.787 13.950 14.154 14.399 14.686 15.013 15.381 15.791 16.241 16.639 16.943 17.231 17.503 17.758 17.998 18.221 18.427 18.618 18.792 18.951 19.092 20.016 21.456 22.881 24.293
5.983 6.710 7.431 8.144 8.851 9.550 10.242 10.927 11.604 12.275 12.885 12.799 12.713 12.629 12.546 12.464 12.382 12.302 12.223 12.144 12.069 11.998 12.017 12.818 13.602 14.391 15.187 15.990 16.798 17.612 18.432 19.259 20.091 20.930 21.474 20.792 20.093 19.376 18.642 17.890 17.121 16.334 15.529 14.707 13.867 13.009 12.452 12.674 12.938 13.242 13.587 13.973 14.400 14.868 15.377 15.928 16.519 17.151 17.651 17.883 18.099 18.299 18.482 18.650 18.801 18.936 19.055 19.157 19.243 19.313 20.023 21.401 22.765 24.116
5.927 6.630 7.326 8.015 8.697 9.371 10.039 10.699 11.352 11.998 12.638 12.596 12.514 12.433 12.354 12.269 12.146 12.022 11.899 11.775 11.659 11.551 11.442 12.225 13.037 13.854 14.677 15.507 16.342 17.184 18.032 18.885 19.745 20.611 21.358 20.599 19.821 19.026 18.214 17.384 16.536 15.671 14.788 13.888 12.969 12.034 11.319 11.723 12.168 12.654 13.181 13.749 14.358 15.008 15.699 16.431 17.204 18.017 18.678 18.838 18.982 19.110 19.222 19.318 19.397 19.460 19.507 19.538 19.552 19.550 20.044 21.361 22.663 23.952
5.878 6.556 7.228 7.892 8.549 9.199 9.842 10.478 11.096 11.673 12.248 12.256 12.132 12.009 11.886 11.762 11.639 11.515 11.391 11.268 11.152 11.043 10.934 11.627 12.466 13.310 14.161 15.018 15.880 16.749 17.624 18.506 19.393 20.286 21.185 20.425 19.569 18.696 17.806 16.897 15.971 15.028 14.067 13.089 12.092 11.079 10.143 10.729 11.356 12.024 12.732 13.482 14.273 15.104 15.977 16.891 17.845 18.841 19.720 19.809 19.881 19.937 19.977 20.001 20.008 20.000 19.975 19.934 19.876 19.803 20.078 21.333 22.575 23.803
5.835 6.468 7.046 7.625 8.202 8.779 9.355 9.931 10.506 11.080 11.653 11.750 11.627 11.503 11.380 11.256 11.133 11.009 10.885 10.761 10.645 10.536 10.427 11.022 11.888 12.760 13.638 14.522 15.412 16.309 17.211 18.119 19.034 19.954 20.881 20.270 19.337 18.386 17.417 16.430 15.427 14.405 13.366 12.310 11.235 10.144 9.034 9.693 10.502 11.351 12.242 13.173 14.145 15.158 16.212 17.307 18.443 19.620 20.778 20.795 20.795 20.780 20.748 20.700 20.635 20.555 20.458 20.346 20.217 20.071 20.126 21.320 22.500 23.667
5.315 5.892 6.469 7.045 7.620 8.195 8.769 9.343 9.916 10.488 11.060 11.246 11.122 10.999 10.875 10.751 10.627 10.503 10.379 10.255 10.139 10.030 9.921 10.411 11.304 12.204 13.109 14.020 14.938 15.861 16.791 17.727 18.668 19.616 20.570 20.136 19.124 18.095 17.048 15.983 14.901 13.802 12.685 11.550 10.398 9.229 8.041 8.615 9.605 10.636 11.708 12.821 13.975 15.169 16.405 17.681 18.999 20.357 21.756 21.796 21.725 21.637 21.534 21.414 21.278 21.126 20.958 20.773 20.572 20.356 20.209 21.362 22.447 23.465
4.742 5.318 5.892 6.467 7.040 7.613 8.185 8.757 9.327 9.898 10.467 10.742 10.618 10.494 10.370 10.247 10.123 9.998 9.874 9.750 9.633 9.524 9.415 9.794 10.714 11.641 12.573 13.512 14.457 15.408 16.365 17.328 18.297 19.272 20.253 20.020 18.930 17.823 16.698 15.556 14.396 13.219 12.024 10.811 9.581 8.334 7.069 7.495 8.667 9.879 11.133 12.427 13.762 15.138 16.554 18.012 19.511 21.050 22.630 22.813 22.670 22.504 22.320 22.137 21.955 21.774 21.595 21.417 21.240 21.064 20.889 21.676 22.463 23.183
4.171 4.745 5.317 5.889 6.461 7.032 7.602 8.171 8.740 9.308 9.876 10.239 10.115 9.991 9.867 9.743 9.619 9.494 9.370 9.246 9.129 9.020 8.910 9.170 10.118 11.072 12.032 12.998 13.970 14.948 15.932 16.922 17.918 18.921 19.929 19.924 18.757 17.571 16.369 15.148 13.911 12.655 11.383 10.092 8.784 7.459 6.116 6.333 7.686 9.080 10.514 11.990 13.522 15.112 16.712 18.321 19.940 21.569 23.207 23.561 23.380 23.200 23.021 22.843 22.666 22.491 22.317 22.143 21.972 21.801 21.631 22.056 22.546 22.968
3.601 4.173 4.743 5.313 5.883 6.452 7.020 7.587 8.154 8.720 9.286 9.736 9.612 9.488 9.364 9.240 9.115 8.991 8.867 8.742 8.625 8.516 8.406 8.541 9.516 10.497 11.484 12.477 13.476 14.481 15.493 16.510 17.534 18.563 19.599 19.848 18.602 17.339 16.059 14.761 13.445 12.112 10.761 9.420 8.151 6.885 5.623 5.696 7.281 8.876 10.480 12.094 13.717 15.350 16.993 18.646 20.308 21.979 23.661 24.245 24.069 23.894 23.720 23.547 23.376 23.205 23.036 22.868 22.701 22.536 22.371 22.503 22.695 22.819
