DATA/SHG/ECMWF/20170628/EN-7/20170711.en-7.asc
ncols        190
nrows        64
xllcorner    -5100000.000000000000
yllcorner    4130000.000000000000
cellsize     10000.000000000000
NODATA_value  -99999.000
[rows 0 to 32 of 64, columns 0 to 73 of 190]
2.214 2.262 2.311 2.362 2.415 2.470 2.527 2.585 2.646 2.650 2.618 2.565 2.492 2.399 2.285 2.151 1.996 1.821 1.625 1.532 1.481 1.578 1.743 1.910 2.078 2.248 2.420 2.593 2.768 2.945 3.123 3.303 3.485 3.599 3.672 3.751 3.834 3.923 4.016 4.115 4.218 4.327 4.441 4.559 4.683 5.041 5.597 6.144 6.683 7.215 7.738 8.253 8.761 9.260 9.752 10.235 10.711 10.897 10.748 10.601 10.458 10.317 10.179 10.044 9.912 9.782 9.656 9.532 9.411 9.392 9.537 9.682 9.828 9.975
2.088 2.142 2.198 2.256 2.316 2.377 2.441 2.506 2.574 2.547 2.442 2.318 2.241 2.172 2.108 2.050 1.996 1.949 1.906 1.869 1.838 1.916 2.086 2.259 2.433 2.609 2.787 2.966 3.147 3.329 3.513 3.699 3.887 4.029 4.120 4.216 4.317 4.423 4.534 4.651 4.772 4.898 5.029 5.166 5.307 5.604 6.132 6.651 7.162 7.665 8.161 8.648 9.128 9.599 10.063 10.518 10.966 11.220 11.081 10.944 10.811 10.680 10.552 10.426 10.304 10.184 10.068 9.954 9.842 9.797 9.945 10.093 10.242 10.392
1.960 2.021 2.084 2.148 2.218 2.305 2.398 2.495 2.598 2.623 2.557 2.495 2.440 2.389 2.344 2.305 2.271 2.242 2.218 2.200 2.187 2.251 2.427 2.606 2.786 2.968 3.151 3.336 3.523 3.711 3.902 4.093 4.287 4.453 4.562 4.676 4.794 4.918 5.047 5.181 5.319 5.463 5.612 5.766 5.925 6.174 6.673 7.165 7.648 8.123 8.591 9.050 9.502 9.946 10.381 10.809 11.229 11.541 11.411 11.285 11.161 11.040 10.921 10.806 10.693 10.583 10.476 10.372 10.292 10.269 10.470 10.684 10.909 11.147
1.867 1.952 2.042 2.137 2.237 2.342 2.452 2.568 2.688 2.759 2.711 2.669 2.632 2.601 2.575 2.554 2.539 2.529 2.524 2.525 2.531 2.583 2.766 2.950 3.136 3.324 3.513 3.704 3.897 4.091 4.287 4.485 4.684 4.872 4.998 5.129 5.266 5.407 5.553 5.705 5.861 6.022 6.189 6.360 6.537 6.751 7.222 7.686 8.141 8.589 9.028 9.460 9.883 10.299 10.707 11.107 11.498 11.858 11.738 11.622 11.501 11.319 11.166 11.043 10.949 10.884 10.849 10.843 10.866 10.918 11.159 11.414 11.681 11.961
1.809 1.912 2.020 2.133 2.251 2.374 2.502 2.635 2.773 2.888 2.859 2.836 2.818 2.806 2.799 2.797 2.801 2.809 2.824 2.843 2.869 2.914 3.102 3.292 3.484 3.678 3.873 4.070 4.269 4.469 4.671 4.874 5.080 5.284 5.428 5.577 5.731 5.890 6.054 6.223 6.397 6.576 6.759 6.948 7.142 7.341 7.778 8.214 8.641 9.061 9.472 9.876 10.272 10.634 10.899 11.149 11.384 11.603 11.470 11.332 11.224 11.145 11.095 11.074 11.083 11.121 11.188 11.285 11.411 11.566 11.835 12.132 12.441 12.762
1.746 1.866 1.992 2.123 2.259 2.399 2.545 2.696 2.852 3.012 3.002 2.998 2.999 3.005 3.017 3.034 3.056 3.084 3.117 3.156 3.200 3.249 3.436 3.632 3.830 4.029 4.231 4.433 4.638 4.844 5.052 5.261 5.472 5.685 5.852 6.019 6.190 6.367 6.548 6.735 6.926 7.123 7.324 7.531 7.742 7.959 8.308 8.628 8.932 9.221 9.494 9.752 9.994 10.221 10.432 10.627 10.807 10.972 10.959 10.925 10.919 10.943 10.995 11.078 11.189 11.330 11.500 11.699 11.928 12.186 12.499 12.838 13.188 13.550
1.677 1.816 1.959 2.108 2.261 2.420 2.583 2.752 2.926 3.104 3.138 3.153 3.173 3.198 3.229 3.265 3.306 3.353 3.405 3.462 3.525 3.593 3.768 3.970 4.173 4.379 4.586 4.794 5.005 5.217 5.430 5.646 5.863 6.081 6.271 6.455 6.644 6.838 7.037 7.190 7.312 7.442 7.581 7.728 7.883 8.047 8.292 8.557 8.807 9.042 9.260 9.464 9.651 9.824 9.980 10.121 10.247 10.357 10.421 10.489 10.586 10.712 10.868 11.053 11.267 11.510 11.783 12.085 12.416 12.776 13.151 13.531 13.923 14.327
1.603 1.759 1.921 2.087 2.258 2.434 2.616 2.802 2.993 3.190 3.269 3.302 3.341 3.385 3.435 3.489 3.550 3.615 3.686 3.762 3.844 3.931 4.097 4.305 4.514 4.726 4.939 5.153 5.369 5.587 5.807 6.028 6.178 6.303 6.414 6.524 6.642 6.769 6.903 7.046 7.198 7.357 7.525 7.702 7.886 8.079 8.292 8.503 8.698 8.878 9.042 9.191 9.324 9.442 9.545 9.631 9.703 9.758 9.855 10.026 10.225 10.454 10.712 11.000 11.316 11.662 12.037 12.442 12.875 13.338 13.790 14.212 14.645 15.091
1.523 1.697 1.876 2.060 2.250 2.444 2.643 2.847 3.056 3.270 3.393 3.446 3.503 3.566 3.634 3.708 3.787 3.871 3.961 4.056 4.156 4.262 4.424 4.638 4.853 4.987 5.115 5.242 5.369 5.494 5.619 5.743 5.866 5.989 6.116 6.255 6.403 6.558 6.722 6.895 7.075 7.264 7.462 7.667 7.881 8.103 8.307 8.463 8.604 8.730 8.840 8.934 9.013 9.077 9.125 9.157 9.174 9.176 9.261 9.534 9.837 10.168 10.529 10.919 11.338 11.786 12.263 12.770 13.306 13.871 14.418 14.881 15.355 15.842
1.438 1.630 1.827 2.029 2.235 2.447 2.664 2.886 3.112 3.344 3.512 3.583 3.659 3.741 3.828 3.921 4.018 4.114 4.156 4.193 4.225 4.253 4.315 4.442 4.569 4.695 4.820 4.945 5.068 5.191 5.314 5.435 5.556 5.676 5.810 5.978 6.155 6.340 6.533 6.735 6.945 7.163 7.389 7.624 7.867 8.119 8.337 8.439 8.526 8.597 8.653 8.693 8.718 8.727 8.721 8.699 8.662 8.609 8.640 9.016 9.420 9.854 10.317 10.809 11.331 11.881 12.461 13.070 13.708 14.375 15.033 15.537 16.053 16.581
1.348 1.557 1.772 1.991 2.216 2.445 2.680 2.919 3.164 3.413 3.616 3.674 3.728 3.777 3.821 3.860 3.895 3.925 3.950 3.971 3.987 3.998 4.031 4.156 4.280 4.403 4.526 4.648 4.769 4.890 5.010 5.129 5.247 5.365 5.495 5.693 5.899 6.113 6.336 6.566 6.805 7.053 7.309 7.573 7.845 8.125 8.383 8.431 8.463 8.480 8.481 8.467 8.438 8.393 8.332 8.256 8.165 8.058 7.991 8.469 8.976 9.512 10.078 10.672 11.296 11.949 12.631 13.342 14.082 14.851 15.635 16.181 16.739 17.308
1.252 1.479 1.711 1.981 2.267 2.532 2.778 3.003 3.209 3.394 3.548 3.590 3.627 3.659 3.687 3.710 3.728 3.741 3.750 3.754 3.754 3.748 3.748 3.870 3.992 4.113 4.233 4.353 4.472 4.590 4.707 4.824 4.940 5.055 5.172 5.399 5.635 5.878 6.130 6.390 6.658 6.935 7.220 7.513 7.814 8.124 8.442 8.438 8.416 8.378 8.326 8.257 8.174 8.075 7.960 7.830 7.684 7.523 7.347 7.895 8.504 9.143 9.810 10.507 11.233 11.988 12.772 13.489 14.125 14.740 15.336 15.661 15.958 16.249
1.632 1.907 2.162 2.397 2.612 2.807 2.982 3.137 3.272 3.387 3.483 3.511 3.531 3.547 3.558 3.564 3.566 3.563 3.555 3.543 3.526 3.504 3.478 3.586 3.705 3.824 3.942 4.059 4.175 4.291 4.405 4.520 4.633 4.746 4.858 5.098 5.362 5.635 5.916 6.205 6.503 6.808 7.122 7.445 7.775 8.114 8.461 8.460 8.384 8.292 8.185 8.063 7.925 7.772 7.603 7.419 7.219 7.004 6.774 7.293 8.009 8.715 9.401 10.067 10.713 11.339 11.945 12.531 13.097 13.644 14.170 14.501 14.777 15.047
2.279 2.484 2.668 2.833 2.978 3.103 3.207 3.292 3.357 3.402 3.427 3.436 3.440 3.440 3.434 3.424 3.409 3.390 3.366 3.337 3.303 3.265 3.222 3.303 3.420 3.536 3.651 3.766 3.879 3.993 4.105 4.217 4.327 4.438 4.547 4.788 5.082 5.384 5.694 6.012 6.339 6.674 7.017 7.368 7.728 8.096 8.472 8.498 8.368 8.222 8.061 7.884 7.692 7.466 7.247 7.040 6.845 6.663 6.493 6.902 7.559 8.195 8.811 9.408 9.984 10.541 11.077 11.594 12.090 12.567 13.024 13.347 13.603 13.852
2.948 3.082 3.197 3.291 3.365 3.420 3.454 3.469 3.464 3.438 3.393 3.367 3.355 3.338 3.316 3.289 3.258 3.222 3.181 3.136 3.086 3.032 2.972 3.021 3.135 3.249 3.362 3.474 3.585 3.696 3.806 3.915 4.023 4.131 4.238 4.470 4.793 5.124 5.463 5.811 6.167 6.531 6.903 7.283 7.672 8.069 8.364 8.336 8.086 7.848 7.622 7.409 7.208 7.020 6.844 6.680 6.529 6.390 6.264 6.541 7.127 7.694 8.241 8.768 9.275 9.762 10.229 10.677 11.104 11.511 11.899 12.202 12.436 12.664
3.638 3.702 3.746 3.770 3.774 3.758 3.723 3.667 3.592 3.496 3.381 3.304 3.275 3.241 3.203 3.160 3.112 3.059 3.002 2.941 2.874 2.803 2.727 2.740 2.852 2.963 3.073 3.183 3.292 3.400 3.507 3.614 3.720 3.825 3.930 4.144 4.496 4.856 5.221 5.558 5.883 6.196 6.496 6.784 7.060 7.324 7.575 7.618 7.411 7.217 7.034 6.865 6.707 6.562 6.430 6.310 6.202 6.106 6.023 6.199 6.716 7.213 7.691 8.148 8.586 9.004 9.402 9.779 10.137 10.476 10.794 11.063 11.276 11.483
4.349 4.342 4.316 4.270 4.204 4.118 4.012 3.887 3.741 3.576 3.390 3.245 3.199 3.149 3.095 3.035 2.971 2.902 2.829 2.750 2.668 2.580 2.488 2.460 2.570 2.678 2.786 2.893 3.000 3.105 3.210 3.324 3.449 3.562 3.662 3.831 4.162 4.481 4.788 5.082 5.364 5.634 5.892 6.137 6.370 6.591 6.799 6.888 6.725 6.574 6.435 6.309 6.195 6.093 6.004 5.927 5.863 5.811 5.771 5.877 6.325 6.752 7.161 7.549 7.917 8.265 8.594 8.903 9.191 9.460 9.709 9.931 10.124 10.310
5.080 5.004 4.907 4.791 4.655 4.499 4.323 4.128 3.912 3.676 3.421 3.191 3.129 3.063 2.992 2.916 2.835 2.750 2.660 2.565 2.466 2.362 2.254 2.182 2.322 2.490 2.646 2.789 2.921 3.040 3.146 3.241 3.323 3.393 3.450 3.539 3.828 4.104 4.368 4.619 4.858 5.085 5.300 5.503 5.693 5.871 6.037 6.147 6.027 5.920 5.824 5.741 5.671 5.613 5.567 5.533 5.512 5.503 5.507 5.574 5.953 6.311 6.650 6.969 7.268 7.547 7.806 8.046 8.265 8.465 8.644 8.807 8.978 9.144
5.833 5.686 5.520 5.333 5.127 4.901 4.655 4.390 4.104 3.799 3.473 3.143 3.065 2.982 2.894 2.802 2.705 2.676 2.673 2.653 2.617 2.564 2.494 2.416 2.553 2.678 2.791 2.892 2.980 3.056 3.119 3.171 3.210 3.237 3.251 3.261 3.506 3.739 3.960 4.169 4.366 4.550 4.722 4.882 5.029 5.164 5.287 5.395 5.319 5.254 5.202 5.163 5.135 5.120 5.118 5.128 5.150 5.184 5.231 5.291 5.600 5.890 6.159 6.409 6.639 6.849 7.039 7.209 7.359 7.490 7.600 7.691 7.841 7.985
6.606 6.390 6.153 5.897 5.621 5.325 5.009 4.673 4.318 3.942 3.648 3.400 3.412 3.434 3.440 3.428 3.400 3.355 3.293 3.214 3.118 3.006 2.877 2.731 2.797 2.879 2.949 3.007 3.052 3.085 3.105 3.114 3.110 3.094 3.065 3.025 3.198 3.388 3.566 3.732 3.886 4.028 4.157 4.274 4.378 4.471 4.551 4.619 4.598 4.577 4.569 4.572 4.588 4.617 4.658 4.711 4.776 4.854 4.944 5.046 5.268 5.488 5.688 5.869 6.029 6.170 6.291 6.392 6.473 6.535 6.576 6.598 6.710 6.833
7.400 7.114 6.807 6.430 6.081 5.761 5.470 5.209 4.976 4.773 4.598 4.453 4.405 4.368 4.314 4.243 4.156 4.051 3.930 3.792 3.637 3.466 3.277 3.072 3.054 3.093 3.120 3.134 3.136 3.126 3.104 3.069 3.022 2.963 2.892 2.808 2.902 3.050 3.185 3.308 3.419 3.518 3.605 3.679 3.741 3.791 3.828 3.854 3.867 3.889 3.924 3.971 4.030 4.102 4.186 4.282 4.391 4.512 4.645 4.791 4.955 5.106 5.237 5.348 5.440 5.511 5.563 5.622 5.711 5.792 5.865 5.931 6.115 6.352
7.549 7.215 6.910 6.634 6.387 6.169 5.980 5.821 5.690 5.589 5.516 5.473 5.414 5.318 5.205 5.075 4.928 4.764 4.584 4.387 4.173 3.942 3.695 3.430 3.323 3.319 3.303 3.274 3.233 3.180 3.115 3.038 2.948 2.846 2.732 2.605 2.619 2.724 2.817 2.898 2.966 3.022 3.066 3.097 3.117 3.124 3.119 3.102 3.124 3.190 3.268 3.358 3.460 3.575 3.702 3.842 3.994 4.158 4.334 4.523 4.675 4.792 4.901 5.003 5.096 5.182 5.259 5.328 5.390 5.443 5.488 5.526 5.687 5.943
7.414 7.182 6.979 6.806 6.661 6.545 6.458 6.401 6.372 6.372 6.402 6.460 6.440 6.285 6.112 5.923 5.717 5.495 5.255 4.999 4.726 4.436 4.129 3.806 3.605 3.558 3.498 3.427 3.343 3.247 3.139 3.019 2.886 2.741 2.584 2.415 2.349 2.412 2.462 2.500 2.525 2.539 2.540 2.529 2.506 2.470 2.422 2.363 2.370 2.479 2.600 2.734 2.879 3.080 3.307 3.533 3.757 3.980 4.202 4.422 4.584 4.674 4.755 4.829 4.894 4.952 5.001 5.043 5.076 5.102 5.120 5.129 5.255 5.529
7.248 7.118 7.017 6.945 6.902 6.889 6.904 6.948 7.021 7.123 7.254 7.415 7.483 7.268 7.037 6.789 6.524 6.242 5.943 5.628 5.296 4.947 4.581 4.199 3.899 3.809 3.707 3.592 3.466 3.327 3.176 3.012 2.837 2.649 2.449 2.237 2.092 2.112 2.119 2.115 2.098 2.068 2.027 1.973 1.908 1.829 1.820 1.823 1.889 2.119 2.347 2.574 2.799 3.023 3.245 3.466 3.685 3.903 4.120 4.335 4.501 4.563 4.617 4.662 4.700 4.730 4.752 4.765 4.771 4.769 4.759 4.741 4.818 5.110
7.051 7.022 7.023 7.053 7.112 7.200 7.317 7.463 7.638 7.842 8.075 8.336 8.542 8.268 7.978 7.671 7.347 7.006 6.648 6.274 5.883 5.475 5.051 4.609 4.205 4.072 3.927 3.770 3.601 3.419 3.225 3.019 2.801 2.570 2.327 2.072 1.848 1.825 1.790 1.846 1.901 1.941 1.967 1.977 1.973 1.954 1.920 1.871 1.859 2.083 2.306 2.528 2.748 2.967 3.184 3.400 3.615 3.828 4.039 4.249 4.427 4.460 4.486 4.504 4.514 4.516 4.510 4.496 4.474 4.444 4.406 4.360 4.376 4.687
6.824 6.895 6.997 7.129 7.290 7.479 7.698 7.945 8.222 8.528 8.862 9.226 9.618 9.285 8.936 8.570 8.187 7.787 7.370 6.937 6.487 6.020 5.537 5.037 4.524 4.348 4.160 3.960 3.748 3.524 3.287 3.041 2.912 2.766 2.601 2.419 2.226 2.274 2.307 2.325 2.328 2.316 2.289 2.248 2.192 2.120 2.034 1.933 1.830 2.049 2.267 2.484 2.699 2.913 3.125 3.336 3.546 3.753 3.960 4.165 4.359 4.365 4.364 4.354 4.336 4.310 4.276 4.234 4.185 4.127 4.061 3.987 3.930 4.260
6.610 6.735 6.940 7.173 7.435 7.727 8.047 8.396 8.774 9.181 9.617 10.082 10.576 10.319 9.911 9.485 9.044 8.585 8.109 7.617 7.108 6.583 6.040 5.481 4.932 4.813 4.729 4.626 4.506 4.368 4.213 4.039 3.849 3.640 3.414 3.170 2.908 2.871 2.852 2.818 2.769 2.705 2.627 2.533 2.425 2.301 2.163 2.010 1.843 2.016 2.230 2.441 2.651 2.860 3.068 3.273 3.478 3.681 3.882 4.082 4.281 4.278 4.249 4.211 4.165 4.112 4.050 3.981 3.903 3.818 3.724 3.623 3.514 3.828
6.392 6.544 6.850 7.185 7.549 7.942 8.363 8.814 9.294 9.802 10.340 10.906 11.502 11.369 10.902 10.418 9.917 9.522 9.335 9.067 8.717 8.286 7.773 7.178 6.502 6.202 6.055 5.890 5.708 5.508 5.290 5.055 4.802 4.532 4.243 3.937 3.614 3.483 3.412 3.326 3.225 3.109 2.978 2.833 2.672 2.497 2.307 2.102 1.883 1.985 2.193 2.400 2.605 2.809 3.011 3.212 3.412 3.610 3.806 4.001 4.195 4.199 4.142 4.076 4.003 3.922 3.832 3.735 3.630 3.517 3.396 3.267 3.129 3.391
6.169 6.321 6.729 7.165 7.631 8.125 8.648 9.200 9.781 10.391 11.250 12.431 13.700 14.255 14.109 13.881 13.571 13.179 12.706 12.152 11.516 10.798 9.999 9.118 8.155 7.606 7.397 7.171 6.926 6.664 6.385 6.088 5.773 5.440 5.090 4.722 4.337 4.109 3.986 3.848 3.695 3.527 3.344 3.147 2.935 2.708 2.466 2.209 1.938 1.955 2.158 2.360 2.560 2.759 2.957 3.152 3.347 3.540 3.731 3.922 4.110 4.128 4.043 3.950 3.848 3.739 3.622 3.497 3.365 3.224 3.075 2.918 2.753 2.951
5.942 6.067 6.576 7.278 8.154 9.117 10.167 11.305 12.530 13.842 15.241 16.728 18.301 19.140 18.707 18.193 17.597 16.919 16.160 15.319 14.397 13.393 12.308 11.141 9.893 9.028 8.757 8.468 8.162 7.838 7.496 7.137 6.760 6.366 5.954 5.524 5.077 4.749 4.574 4.384 4.179 3.960 3.725 3.476 3.212 2.933 2.639 2.331 2.007 1.927 2.125 2.322 2.517 2.711 2.903 3.094 3.284 3.472 3.658 3.843 4.027 4.064 3.951 3.831 3.702 3.565 3.420 3.268 3.152 3.108 3.070 3.037 3.011 3.257
6.592 6.931 7.938 9.032 10.214 11.482 12.838 14.281 15.811 17.428 19.132 20.924 22.802 24.107 23.388 22.587 21.705 20.741 19.696 18.569 17.361 16.071 14.700 13.248 11.714 10.466 10.133 9.782 9.414 9.028 8.625 8.203 7.765 7.308 6.835 6.343 5.834 5.404 5.177 4.935 4.678 4.407 4.121 3.819 3.503 3.173 2.827 2.467 2.092 1.900 2.093 2.285 2.475 2.664 2.851 3.037 3.222 3.405 3.586 3.767 3.945 4.041 3.977 3.919 3.866 3.819 3.778 3.742 3.713 3.688 3.670 3.657 3.650 3.816
7.652 7.977 9.289 10.689 12.175 13.749 15.410 17.157 18.992 20.914 22.923 25.020 27.203 29.154 28.149 27.062 25.894 24.644 23.314 21.901 20.407 18.832 17.176 15.438 13.618 11.920 11.525 11.113 10.683 10.235 9.770 9.287 8.786 8.268 7.732 7.179 6.608 6.073 5.794 5.500 5.192 4.868 4.530 4.177 3.810 3.427 3.030 2.618 2.191 1.874 2.062 2.249 2.434 2.618 2.855 3.121 3.378 3.625 3.862 4.090 4.308 4.458 4.414 4.375 4.342 4.315 4.294 4.278 4.267 4.263 4.264 4.270 4.283 4.390
8.683 9.033 10.543 12.247 14.038 15.917 17.882 19.935 22.075 24.301 26.615 29.016 31.503 34.078 32.991 31.619 30.165 28.630 27.014 25.316 23.537 21.676 19.734 17.711 15.606 13.420 12.935 12.460 11.968 11.459 10.932 10.387 9.825 9.245 8.647 8.032 7.400 6.756 6.425 6.080 5.720 5.344 4.955 4.550 4.130 3.696 3.247 2.876 2.513 2.154 2.435 2.706 2.968 3.220 3.462 3.695 3.918 4.131 4.335 4.529 4.714 4.870 4.845 4.826 4.813 4.805 4.803 4.807 4.816 4.831 4.851 4.878 4.909 4.980
