DATA/SHG/ECMWF/20170628/EN-7/20170702.en-7.asc
ncols        190
nrows        64
xllcorner    -5100000.000000000000
yllcorner    4130000.000000000000
cellsize     10000.000000000000
NODATA_value  -99999.000
[rows 0 to 31 of 64, columns 0 to 71 of 190]
0.333 0.316 0.301 0.290 0.282 0.277 0.275 0.277 0.281 0.313 0.355 0.398 0.443 0.489 0.536 0.585 0.634 0.686 0.738 0.785 0.823 0.933 1.074 1.211 1.344 1.472 1.595 1.714 1.828 1.938 2.044 2.144 2.241 2.256 2.223 2.192 2.163 2.137 2.113 2.091 2.072 2.054 2.039 2.026 2.015 2.061 2.149 2.231 2.308 2.380 2.445 2.505 2.560 2.608 2.651 2.689 2.721 2.907 3.294 3.696 4.115 4.549 4.999 5.465 5.946 6.444 6.957 7.487 8.032 8.642 9.308 9.934
0.245 0.239 0.236 0.235 0.238 0.244 0.254 0.266 0.281 0.316 0.362 0.410 0.484 0.551 0.609 0.659 0.701 0.734 0.760 0.777 0.785 0.856 0.981 1.102 1.219 1.331 1.438 1.541 1.640 1.734 1.823 1.908 1.989 2.017 1.992 1.969 1.949 1.930 1.914 1.900 1.888 1.879 1.872 1.867 1.864 1.892 1.960 2.023 2.080 2.132 2.178 2.218 2.253 2.282 2.305 2.323 2.335 2.478 2.921 3.379 3.853 4.343 4.849 5.370 5.908 6.461 7.030 7.615 8.216 8.815 9.340 9.825
0.154 0.159 0.166 0.177 0.199 0.259 0.322 0.388 0.457 0.527 0.589 0.643 0.688 0.726 0.755 0.776 0.788 0.792 0.789 0.776 0.756 0.783 0.893 0.998 1.099 1.195 1.287 1.374 1.456 1.534 1.608 1.677 1.742 1.777 1.760 1.745 1.732 1.721 1.713 1.707 1.703 1.702 1.703 1.706 1.711 1.729 1.778 1.821 1.858 1.890 1.916 1.937 1.952 1.961 1.964 1.962 1.955 2.034 2.532 3.047 3.576 4.122 4.684 5.261 5.854 6.463 7.088 7.728 8.473 9.202 9.670 10.093
0.206 0.264 0.326 0.390 0.458 0.528 0.602 0.679 0.758 0.827 0.860 0.885 0.901 0.909 0.909 0.901 0.884 0.859 0.826 0.785 0.736 0.716 0.810 0.899 0.984 1.064 1.140 1.211 1.278 1.340 1.398 1.451 1.500 1.534 1.525 1.518 1.513 1.511 1.510 1.512 1.516 1.523 1.531 1.542 1.555 1.573 1.601 1.625 1.642 1.654 1.661 1.661 1.656 1.646 1.630 1.608 1.581 1.575 2.129 2.699 3.294 4.017 4.748 5.488 6.236 6.992 7.757 8.530 9.311 10.101 10.417 10.680
0.418 0.487 0.559 0.634 0.712 0.794 0.878 0.965 1.056 1.136 1.140 1.135 1.122 1.101 1.072 1.035 0.989 0.935 0.873 0.802 0.724 0.653 0.731 0.805 0.874 0.938 0.998 1.053 1.104 1.151 1.192 1.230 1.263 1.290 1.289 1.290 1.293 1.298 1.306 1.315 1.327 1.342 1.358 1.377 1.398 1.421 1.431 1.434 1.432 1.424 1.411 1.392 1.367 1.363 1.446 1.536 1.632 1.736 2.409 3.144 3.888 4.640 5.401 6.170 6.947 7.733 8.527 9.330 10.141 10.960 11.206 11.308
0.625 0.705 0.788 0.874 0.963 1.055 1.150 1.248 1.350 1.453 1.428 1.394 1.352 1.302 1.244 1.177 1.102 1.019 0.928 0.829 0.721 0.605 0.658 0.715 0.768 0.817 0.861 0.900 0.935 0.966 0.992 1.014 1.031 1.043 1.050 1.059 1.070 1.083 1.099 1.117 1.137 1.159 1.183 1.210 1.239 1.270 1.292 1.351 1.416 1.489 1.568 1.654 1.747 1.847 1.954 2.068 2.189 2.317 2.934 3.699 4.472 5.254 6.044 6.843 7.649 8.465 9.288 10.120 10.960 11.809 12.037 11.979
0.829 0.920 1.014 1.110 1.210 1.313 1.419 1.528 1.640 1.755 1.724 1.661 1.590 1.511 1.424 1.328 1.224 1.112 0.992 0.863 0.727 0.582 0.589 0.631 0.668 0.701 0.729 0.752 0.772 0.786 0.797 0.802 0.804 0.800 0.810 0.827 0.846 0.867 0.890 0.946 1.029 1.116 1.208 1.305 1.406 1.512 1.599 1.682 1.771 1.868 1.972 2.082 2.199 2.324 2.455 2.593 2.738 2.891 3.450 4.245 5.048 5.859 6.678 7.506 8.342 9.187 10.040 10.901 11.771 12.649 12.910 12.692
1.030 1.131 1.236 1.343 1.453 1.567 1.684 1.803 1.926 2.052 2.029 1.937 1.837 1.729 1.613 1.488 1.355 1.214 1.065 0.907 0.741 0.567 0.525 0.551 0.572 0.589 0.602 0.609 0.613 0.612 0.606 0.596 0.620 0.646 0.696 0.771 0.852 0.937 1.026 1.121 1.220 1.324 1.432 1.545 1.663 1.785 1.898 2.005 2.119 2.240 2.368 2.502 2.644 2.793 2.948 3.111 3.280 3.456 3.958 4.781 5.614 6.454 7.303 8.160 9.026 9.900 10.782 11.673 12.572 13.479 13.825 13.447
1.226 1.339 1.454 1.572 1.693 1.817 1.945 2.075 2.208 2.345 2.343 2.222 2.093 1.955 1.810 1.656 1.494 1.324 1.146 0.959 0.765 0.562 0.466 0.476 0.481 0.558 0.628 0.685 0.729 0.761 0.779 0.785 0.778 0.758 0.783 0.875 0.972 1.074 1.180 1.291 1.406 1.526 1.651 1.781 1.915 2.054 2.190 2.321 2.459 2.604 2.756 2.915 3.081 3.254 3.434 3.621 3.814 4.015 4.456 5.309 6.171 7.040 7.919 8.805 9.700 10.604 11.515 12.435 13.364 14.300 14.782 14.245
1.419 1.542 1.668 1.797 1.929 2.064 2.202 2.343 2.487 2.634 2.665 2.515 2.357 2.190 2.016 1.833 1.642 1.447 1.290 1.150 1.028 0.924 0.893 0.956 1.007 1.044 1.069 1.081 1.080 1.066 1.040 1.001 0.949 0.884 0.866 0.975 1.088 1.206 1.328 1.456 1.587 1.724 1.865 2.011 2.162 2.317 2.474 2.630 2.792 2.961 3.138 3.321 3.511 3.708 3.912 4.123 4.341 4.565 4.945 5.827 6.718 7.618 8.525 9.441 10.366 11.298 12.239 13.188 14.146 15.112 15.780 15.084
1.609 1.742 1.879 2.019 2.161 2.307 2.456 2.607 2.762 2.920 2.976 2.756 2.554 2.370 2.203 2.055 1.925 1.812 1.717 1.641 1.582 1.541 1.527 1.545 1.550 1.542 1.522 1.489 1.443 1.385 1.313 1.229 1.132 1.023 0.944 1.069 1.199 1.333 1.472 1.615 1.764 1.917 2.074 2.236 2.403 2.575 2.751 2.931 3.117 3.311 3.512 3.719 3.933 4.155 4.383 4.618 4.860 5.108 5.425 6.337 7.257 8.186 9.123 10.068 11.021 11.983 12.954 13.932 14.919 15.915 16.821 15.965
1.795 1.939 2.086 2.217 2.328 2.435 2.538 2.637 2.731 2.821 2.880 2.723 2.584 2.463 2.359 2.274 2.207 2.157 2.125 2.111 2.115 2.137 2.173 2.146 2.106 2.053 1.988 1.910 1.819 1.716 1.600 1.471 1.329 1.174 1.017 1.158 1.304 1.455 1.610 1.770 1.935 2.104 2.278 2.457 2.640 2.828 3.021 3.225 3.435 3.653 3.878 4.110 4.348 4.593 4.846 5.105 5.371 5.644 5.924 6.837 7.787 8.745 9.711 10.685 11.668 12.659 13.659 14.578 15.408 16.205 16.970 16.059
1.858 1.967 2.072 2.172 2.269 2.361 2.448 2.532 2.611 2.686 2.757 2.671 2.595 2.536 2.496 2.474 2.469 2.482 2.513 2.563 2.629 2.714 2.817 2.759 2.674 2.577 2.467 2.344 2.208 2.060 1.899 1.725 1.538 1.339 1.127 1.243 1.405 1.572 1.744 1.920 2.101 2.287 2.477 2.672 2.872 3.076 3.285 3.511 3.746 3.988 4.237 4.493 4.755 5.025 5.301 5.585 5.875 6.172 6.476 7.328 8.300 9.243 10.153 11.031 11.877 12.690 13.471 14.220 14.937 15.622 16.274 15.673
1.863 1.957 2.047 2.133 2.214 2.291 2.364 2.432 2.496 2.557 2.612 2.599 2.586 2.591 2.613 2.654 2.712 2.788 2.882 2.994 3.124 3.271 3.437 3.385 3.256 3.113 2.958 2.790 2.610 2.417 2.211 1.992 1.761 1.517 1.260 1.322 1.501 1.684 1.872 2.065 2.262 2.464 2.671 2.882 3.098 3.319 3.544 3.790 4.049 4.315 4.588 4.868 5.155 5.563 5.961 6.325 6.655 6.952 7.214 7.899 8.761 9.591 10.389 11.154 11.887 12.588 13.257 13.894 14.498 15.070 15.610 15.255
1.873 1.952 2.027 2.097 2.164 2.226 2.284 2.337 2.387 2.432 2.472 2.508 2.558 2.626 2.711 2.814 2.935 3.074 3.231 3.406 3.598 3.809 4.037 4.024 3.849 3.662 3.462 3.250 3.024 2.786 2.536 2.272 1.996 1.707 1.405 1.397 1.592 1.791 1.996 2.205 2.418 2.637 2.860 3.087 3.320 3.556 4.059 4.579 5.061 5.509 5.923 6.304 6.651 6.964 7.244 7.489 7.701 7.880 8.024 8.503 9.252 9.970 10.655 11.308 11.928 12.517 13.073 13.598 14.090 14.550 14.977 14.807
1.887 1.951 2.011 2.067 2.118 2.165 2.208 2.247 2.281 2.312 2.337 2.399 2.511 2.642 2.790 2.956 3.140 3.341 3.561 3.798 4.053 4.327 4.617 4.675 4.455 4.223 3.979 3.721 3.451 3.169 2.873 2.565 2.244 1.910 1.564 1.466 1.678 1.894 2.131 2.492 2.894 3.337 3.821 4.347 4.913 5.520 6.168 6.722 7.085 7.415 7.711 7.973 8.202 8.397 8.558 8.685 8.779 8.839 8.866 9.137 9.774 10.379 10.951 11.492 12.000 12.477 12.921 13.333 13.713 14.060 14.376 14.328
1.906 1.955 2.000 2.041 2.077 2.110 2.138 2.161 2.181 2.196 2.207 2.270 2.445 2.638 2.849 3.078 3.324 3.589 3.871 4.171 4.489 4.825 5.178 5.338 5.074 4.797 4.508 4.206 3.891 3.564 3.223 2.866 2.509 2.175 1.866 1.778 2.160 2.583 3.047 3.552 4.097 4.684 5.312 5.981 6.691 7.442 8.233 8.895 9.140 9.352 9.530 9.674 9.784 9.861 9.904 9.913 9.888 9.830 9.739 9.801 10.326 10.818 11.279 11.707 12.103 12.467 12.799 13.099 13.366 13.602 13.805 13.818
1.930 1.964 1.994 2.020 2.041 2.059 2.072 2.081 2.085 2.086 2.082 2.122 2.360 2.615 2.889 3.180 3.490 3.817 4.162 4.524 4.905 5.303 5.719 6.014 5.637 5.197 4.781 4.388 4.019 3.674 3.352 3.055 2.781 2.531 2.304 2.220 2.745 3.312 3.919 4.568 5.257 5.988 6.759 7.571 8.425 9.319 10.254 11.099 11.226 11.319 11.379 11.405 11.397 11.355 11.280 11.172 11.029 10.853 10.643 10.495 10.908 11.288 11.636 11.952 12.236 12.488 12.708 12.896 13.051 13.175 13.266 13.278
1.958 1.977 1.992 2.003 2.010 2.012 2.011 2.005 1.994 1.980 1.961 1.955 2.255 2.574 2.910 3.264 3.636 3.979 4.288 4.583 4.864 5.131 5.385 5.600 5.219 4.862 4.529 4.220 3.934 3.672 3.434 3.219 3.028 2.861 2.718 2.619 3.288 3.998 4.749 5.541 6.374 7.247 8.162 9.118 10.115 11.152 12.231 13.334 13.342 13.317 13.259 13.167 13.041 12.881 12.688 12.461 12.201 11.907 11.579 11.220 11.520 11.788 12.024 12.228 12.400 12.540 12.648 12.723 12.767 12.778 12.758 12.705
1.991 1.995 1.996 1.992 1.983 1.971 1.954 1.933 1.908 1.879 1.863 1.849 2.156 2.486 2.801 3.103 3.391 3.666 3.926 4.173 4.406 4.625 4.830 5.022 4.777 4.503 4.253 4.027 3.824 3.645 3.490 3.358 3.251 3.167 3.106 3.069 3.787 4.641 5.535 6.471 7.447 8.464 9.522 10.621 11.761 12.942 14.164 15.426 15.489 15.346 15.170 14.960 14.716 14.438 14.127 13.783 13.404 12.993 12.547 12.068 12.162 12.319 12.443 12.534 12.594 12.622 12.618 12.582 12.513 12.413 12.281 12.116
2.028 2.018 2.003 1.997 1.989 1.980 1.969 1.955 1.940 1.923 1.905 1.884 2.099 2.381 2.648 2.902 3.141 3.367 3.580 3.778 3.963 4.133 4.290 4.434 4.310 4.120 3.953 3.809 3.690 3.594 3.522 3.473 3.448 3.447 3.470 3.516 4.244 5.241 6.279 7.357 8.477 9.637 10.839 12.081 13.364 14.688 16.052 17.458 17.667 17.406 17.111 16.783 16.422 16.026 15.598 15.135 14.639 14.110 13.546 12.950 12.835 12.879 12.891 12.871 12.819 12.735 12.619 12.527 12.544 12.603 12.704 12.848
2.118 2.109 2.098 2.086 2.072 2.056 2.038 2.019 1.997 1.974 1.949 1.922 2.058 2.291 2.510 2.715 2.906 3.084 3.248 3.398 3.535 3.657 3.766 3.861 3.820 3.712 3.628 3.568 3.531 3.518 3.529 3.564 3.622 3.703 3.809 3.938 4.658 5.798 6.979 8.201 9.464 10.767 12.112 13.497 14.923 16.390 17.897 19.446 19.875 19.496 19.084 18.638 18.158 17.645 17.099 16.519 15.905 15.258 14.577 13.863 13.478 13.346 13.257 13.210 13.205 13.243 13.322 13.444 13.608 13.814 14.062 14.352
2.227 2.212 2.195 2.177 2.156 2.134 2.110 2.084 2.056 2.026 1.995 1.962 2.031 2.215 2.386 2.543 2.686 2.816 2.932 3.034 3.122 3.196 3.257 3.304 3.305 3.280 3.279 3.302 3.348 3.418 3.512 3.629 3.770 3.935 4.123 4.335 5.030 6.313 7.637 9.002 10.407 11.854 13.341 14.869 16.438 18.048 19.699 21.390 22.113 21.617 21.087 20.523 19.926 19.039 18.030 17.070 16.159 15.298 14.486 13.724 13.324 13.339 13.397 13.497 13.639 13.824 14.050 14.319 14.629 14.982 15.377 15.815
2.339 2.318 2.294 2.269 2.242 2.214 2.183 2.151 2.117 2.081 2.043 2.004 2.019 2.155 2.277 2.386 2.481 2.563 2.630 2.684 2.724 2.750 2.763 2.762 2.766 2.824 2.906 3.012 3.141 3.294 3.470 3.670 3.894 4.141 4.412 4.707 5.358 6.785 8.252 9.760 11.308 12.898 14.528 16.199 17.910 19.663 21.034 22.228 22.666 21.582 20.548 19.563 18.628 17.742 16.905 16.117 15.378 14.689 14.049 13.459 13.129 13.291 13.496 13.743 14.032 14.364 14.737 15.152 15.610 16.110 16.651 17.235
2.452 2.425 2.395 2.364 2.330 2.295 2.258 2.220 2.179 2.137 2.093 2.047 2.021 2.109 2.184 2.244 2.291 2.324 2.344 2.349 2.341 2.320 2.284 2.235 2.203 2.344 2.509 2.697 2.909 3.145 3.404 3.687 3.993 4.323 4.677 5.054 5.645 7.214 8.824 10.258 11.621 12.936 14.202 15.421 16.592 17.715 18.790 19.817 20.462 19.551 18.689 17.876 17.112 16.398 15.733 15.117 14.551 14.033 13.565 13.146 12.893 13.203 13.554 13.948 14.384 14.862 15.382 15.945 16.549 17.195 17.884 18.614
2.566 2.534 2.498 2.460 2.420 2.379 2.336 2.291 2.244 2.195 2.145 2.093 2.039 2.078 2.105 2.117 2.116 2.101 2.072 2.030 1.974 1.904 1.820 1.723 1.616 1.840 2.087 2.358 2.653 2.971 3.313 3.678 4.018 4.354 4.685 5.012 5.358 6.698 7.989 9.233 10.429 11.576 12.676 13.728 14.732 15.688 16.596 17.456 18.212 17.473 16.783 16.142 15.551 15.008 14.515 14.071 13.676 13.330 13.033 12.786 12.617 13.073 13.572 14.113 14.695 15.320 15.987 16.696 17.446 18.239 19.074 19.951
2.665 2.644 2.602 2.558 2.512 2.464 2.415 2.363 2.310 2.255 2.198 2.140 2.079 2.062 2.041 2.005 1.956 1.893 1.816 1.726 1.621 1.503 1.372 1.226 1.078 1.372 1.724 2.072 2.415 2.753 3.086 3.415 3.740 4.059 4.374 4.685 4.991 6.057 7.181 8.258 9.286 10.267 11.200 12.085 12.922 13.711 14.453 15.146 15.791 15.350 14.831 14.362 13.942 13.572 13.250 12.978 12.754 12.580 12.455 12.379 12.352 12.904 13.549 14.236 14.965 15.737 16.550 17.405 18.303 19.242 20.223 21.247
2.765 2.757 2.708 2.658 2.605 2.551 2.496 2.438 2.378 2.317 2.254 2.189 2.122 2.061 1.991 1.908 1.810 1.714 1.641 1.558 1.466 1.365 1.254 1.134 1.005 1.211 1.547 1.878 2.205 2.527 2.845 3.158 3.466 3.770 4.069 4.363 4.653 5.465 6.422 7.332 8.194 9.008 9.774 10.492 11.163 11.785 12.360 12.887 13.365 13.180 12.834 12.536 12.288 12.089 11.939 11.838 11.786 11.783 11.829 11.925 12.069 12.693 13.485 14.319 15.194 16.112 17.072 18.074 19.117 20.203 21.331 22.500
2.868 2.871 2.816 2.760 2.701 2.641 2.578 2.514 2.448 2.381 2.342 2.321 2.274 2.211 2.142 2.064 1.977 1.880 1.774 1.659 1.534 1.400 1.256 1.104 0.942 1.054 1.374 1.690 2.000 2.306 2.608 2.905 3.197 3.485 3.768 4.046 4.320 4.922 5.713 6.456 7.151 7.799 8.398 8.950 9.453 9.909 10.318 10.678 10.990 10.965 10.790 10.664 10.587 10.560 10.581 10.651 10.771 10.939 11.157 11.423 11.739 12.442 13.380 14.361 15.383 16.447 17.553 18.701 19.891 21.123 22.397 23.712
2.972 2.988 2.926 2.956 3.020 3.060 3.075 3.066 3.031 2.972 2.889 2.780 2.647 2.517 2.416 2.305 2.185 2.055 1.917 1.769 1.611 1.444 1.268 1.083 0.888 0.903 1.206 1.506 1.801 2.091 2.376 2.657 2.934 3.205 3.472 3.735 3.993 4.429 5.053 5.630 6.158 6.639 7.072 7.457 7.794 8.084 8.326 8.520 8.666 8.704 8.701 8.746 8.841 8.984 9.177 9.418 9.709 10.048 10.437 10.875 11.361 12.151 13.235 14.362 15.530 16.741 17.993 19.287 20.492 21.484 22.449 23.388
3.930 4.105 4.132 4.134 4.112 4.065 3.994 3.897 3.777 3.631 3.461 3.266 3.046 2.833 2.699 2.555 2.403 2.240 2.069 1.888 1.698 1.499 1.290 1.072 0.845 0.756 1.044 1.327 1.606 1.880 2.150 2.415 2.675 2.931 3.182 3.428 3.670 3.985 4.443 4.853 5.215 5.529 5.796 6.014 6.186 6.309 6.384 6.412 6.392 6.398 6.566 6.782 7.048 7.363 7.726 8.139 8.600 9.111 9.671 10.279 10.937 11.773 12.859 13.917 14.950 15.956 16.936 17.889 18.816 19.716 20.590 21.438
5.317 5.482 5.422 5.338 5.229 5.096 4.938 4.755 4.548 4.316 4.059 3.778 3.472 3.158 2.992 2.815 2.630 2.435 2.231 2.018 1.795 1.563 1.322 1.071 0.812 0.614 0.886 1.153 1.416 1.674 1.928 2.177 2.421 2.661 2.896 3.127 3.353 3.590 3.882 4.125 4.321 4.469 4.569 4.622 4.627 4.584 4.493 4.355 4.169 4.046 4.384 4.772 5.209 5.695 6.369 7.117 7.819 8.474 9.084 9.648 10.165 10.764 11.758 12.726 13.667 14.581 15.470 16.332 17.167 17.976 18.759 19.515
