DATA/SHG/ECMWF/20170628/EN-7/20170701.en-7.asc
ncols        190
nrows        64
xllcorner    -5100000.000000000000
yllcorner    4130000.000000000000
cellsize     10000.000000000000
NODATA_value  -99999.000
[rows 0 to 31 of 64, columns 73 to 145 of 190]
9.989 10.079 10.165 10.246 10.323 10.396 10.464 10.527 10.465 10.040 9.611 9.231 8.901 8.620 8.388 8.206 8.073 7.989 7.954 7.969 7.998 7.878 7.695 7.478 7.228 6.943 6.625 6.273 5.886 5.466 5.012 4.524 4.145 4.217 4.282 4.342 4.395 4.442 4.483 4.519 4.548 4.571 4.588 4.599 4.595 4.572 4.563 4.567 4.584 4.614 4.658 4.716 4.786 4.871 4.968 5.079 5.146 5.041 4.920 4.782 4.628 4.457 4.271 4.067 3.848 3.612 3.360 3.091 2.886 2.902 2.925 2.955 2.992
10.957 11.032 10.921 10.777 10.653 10.551 10.469 10.407 10.313 10.008 9.751 9.544 9.386 9.277 9.218 9.207 9.246 9.335 9.472 9.659 9.845 9.572 9.238 8.869 8.466 8.029 7.559 7.054 6.516 5.944 5.337 4.697 4.107 4.152 4.190 4.222 4.248 4.269 4.283 4.291 4.293 4.289 4.279 4.263 4.248 4.285 4.335 4.399 4.476 4.566 4.670 4.787 4.918 5.062 5.219 5.390 5.524 5.346 5.151 4.940 4.713 4.470 4.210 3.934 3.641 3.332 3.007 2.665 2.369 2.416 2.469 2.528 2.594
10.396 10.283 10.191 10.120 10.069 10.039 10.030 10.041 10.064 9.930 9.846 9.811 9.825 9.889 10.001 10.163 10.374 10.634 10.944 11.302 11.710 11.303 10.816 10.295 9.740 9.152 8.529 7.873 7.182 6.458 5.700 4.908 4.082 4.093 4.104 4.109 4.109 4.102 4.089 4.070 4.045 4.015 3.978 3.935 3.887 3.983 4.094 4.217 4.354 4.504 4.668 4.844 5.035 5.238 5.455 5.686 5.917 5.666 5.399 5.115 4.815 4.498 4.166 3.816 3.451 3.069 2.671 2.257 1.903 2.094 2.288 2.485 2.687
9.503 9.463 9.443 9.444 9.466 9.509 9.572 9.656 9.761 9.808 9.896 10.033 10.219 10.454 10.739 11.072 11.455 11.887 12.368 12.899 13.478 13.070 12.431 11.758 11.051 10.311 9.536 8.728 7.886 7.010 6.100 5.156 4.178 4.041 4.025 4.004 3.976 3.942 3.902 3.857 3.805 3.747 3.683 3.613 3.537 3.668 3.838 4.021 4.218 4.428 4.651 4.888 5.138 5.401 5.678 5.968 6.271 6.003 5.663 5.296 4.927 4.571 4.229 3.900 3.585 3.283 2.995 2.720 2.460 2.634 2.845 3.059 3.277
8.591 8.624 8.677 8.751 8.845 8.960 9.096 9.253 9.430 9.640 9.900 10.209 10.567 10.974 11.431 11.936 12.491 13.094 13.747 14.449 15.200 14.873 14.082 13.257 12.398 11.506 10.580 9.620 8.626 7.598 6.536 5.441 4.312 3.996 3.953 3.904 3.850 3.789 3.722 3.650 3.571 3.486 3.395 3.298 3.195 3.339 3.569 3.812 4.068 4.338 4.623 4.908 5.184 5.452 5.711 5.962 6.204 5.975 5.639 5.316 5.007 4.711 4.429 4.161 3.906 3.665 3.437 3.223 3.022 3.170 3.397 3.628 3.862
7.662 7.767 7.893 8.039 8.206 8.393 8.602 8.830 9.080 9.427 9.859 10.340 10.870 11.449 12.077 12.754 13.480 14.255 15.079 15.952 16.875 16.711 15.768 14.792 13.782 12.738 11.660 10.548 9.403 8.223 7.010 5.763 4.483 3.957 3.887 3.812 3.730 3.643 3.549 3.449 3.344 3.262 3.203 3.149 3.099 3.277 3.566 3.847 4.119 4.383 4.638 4.885 5.124 5.353 5.575 5.788 5.992 5.860 5.584 5.322 5.073 4.838 4.616 4.408 4.213 4.032 3.865 3.711 3.570 3.702 3.945 4.192 4.443
6.714 6.892 7.090 7.309 7.548 7.808 8.089 8.390 8.712 9.170 9.773 10.426 11.127 11.878 12.677 13.526 14.423 15.370 16.365 17.410 18.503 18.586 17.491 16.363 15.201 14.006 12.776 11.513 10.216 8.886 7.521 6.123 4.682 3.936 3.861 3.790 3.724 3.662 3.606 3.553 3.506 3.463 3.425 3.392 3.363 3.490 3.741 3.984 4.219 4.445 4.662 4.871 5.072 5.264 5.448 5.623 5.790 5.731 5.515 5.313 5.125 4.950 4.788 4.641 4.506 4.385 4.278 4.184 4.104 4.229 4.489 4.752 5.020
5.749 5.999 6.269 6.560 6.872 7.204 7.557 7.931 8.325 8.868 9.642 10.466 11.339 12.261 13.232 14.252 15.320 16.438 17.605 18.820 20.085 20.496 19.250 17.719 16.115 14.551 13.029 11.548 10.107 8.707 7.348 6.030 4.753 3.965 3.911 3.861 3.815 3.775 3.739 3.708 3.681 3.659 3.642 3.629 3.622 3.711 3.925 4.130 4.327 4.515 4.695 4.866 5.029 5.184 5.330 5.467 5.596 5.589 5.433 5.291 5.163 5.048 4.947 4.859 4.785 4.725 4.677 4.644 4.624 4.752 5.028 5.308 5.592
4.765 5.087 5.430 5.793 6.177 6.582 7.007 7.453 7.919 8.520 9.467 10.462 11.506 12.599 13.741 14.866 15.733 16.566 17.364 18.128 18.857 19.072 17.569 16.106 14.684 13.303 11.963 10.664 9.405 8.188 7.011 5.875 4.779 3.989 3.955 3.926 3.902 3.882 3.867 3.857 3.851 3.850 3.853 3.862 3.875 3.941 4.117 4.285 4.444 4.594 4.737 4.870 4.995 5.112 5.221 5.320 5.412 5.432 5.337 5.256 5.188 5.133 5.092 5.064 5.050 5.050 5.063 5.089 5.129 5.270 5.562 5.859 6.159
3.763 4.158 4.573 5.008 5.465 5.942 6.439 6.957 7.484 8.042 8.996 9.916 10.802 11.653 12.469 13.251 13.998 14.711 15.388 16.032 16.640 17.052 15.730 14.450 13.210 12.011 10.853 9.736 8.659 7.624 6.629 5.675 4.761 4.008 3.995 3.987 3.983 3.984 3.990 4.000 4.015 4.035 4.060 4.089 4.123 4.180 4.318 4.448 4.569 4.682 4.787 4.883 4.970 5.050 5.120 5.183 5.236 5.263 5.228 5.206 5.198 5.204 5.223 5.255 5.301 5.361 5.434 5.520 5.620 5.784 6.093 6.405 6.722
2.743 3.279 3.883 4.454 4.991 5.495 5.966 6.403 6.806 7.182 8.017 8.816 9.582 10.312 11.008 11.670 12.296 12.889 13.446 13.970 14.458 14.948 13.849 12.751 11.693 10.676 9.700 8.764 7.870 7.016 6.202 5.430 4.698 4.021 4.029 4.042 4.059 4.081 4.107 4.139 4.175 4.215 4.260 4.310 4.365 4.427 4.528 4.620 4.704 4.779 4.846 4.904 4.954 4.996 5.029 5.054 5.070 5.079 5.104 5.143 5.195 5.260 5.339 5.432 5.538 5.658 5.791 5.937 6.097 6.293 6.618 6.947 7.280
2.929 3.450 3.938 4.392 4.812 5.199 5.553 5.873 6.160 6.414 7.070 7.749 8.394 9.005 9.580 10.122 10.628 11.101 11.538 11.941 12.310 12.679 11.925 11.008 10.132 9.297 8.503 7.749 7.036 6.363 5.732 5.141 4.591 4.081 4.058 4.092 4.130 4.172 4.220 4.272 4.329 4.390 4.456 4.527 4.602 4.682 4.746 4.801 4.847 4.884 4.914 4.935 4.947 4.951 4.947 4.934 4.912 4.882 4.967 5.066 5.178 5.303 5.442 5.595 5.761 5.940 6.133 6.340 6.557 6.781 7.232 7.783 8.436
3.248 3.652 4.023 4.360 4.664 4.935 5.172 5.376 5.546 5.683 6.156 6.715 7.240 7.730 8.186 8.607 8.994 9.346 9.664 9.947 10.195 10.444 9.957 9.222 8.528 7.875 7.262 6.690 6.158 5.667 5.217 4.808 4.439 4.111 4.082 4.136 4.195 4.259 4.327 4.400 4.477 4.559 4.646 4.738 4.834 4.935 4.973 4.990 4.999 4.999 4.990 4.974 4.949 4.915 4.873 4.823 4.764 4.696 4.816 5.001 5.218 5.435 5.652 5.869 6.085 6.302 6.518 6.735 6.951 7.167 8.023 9.023 10.124
3.598 3.885 4.139 4.360 4.547 4.701 4.822 4.909 4.963 4.984 5.275 5.714 6.119 6.489 6.825 7.126 7.392 7.625 7.823 7.986 8.115 8.243 7.947 7.394 6.881 6.409 5.977 5.587 5.236 4.927 4.658 4.430 4.242 4.096 4.101 4.176 4.256 4.340 4.429 4.523 4.621 4.724 4.831 4.944 5.060 5.182 5.208 5.188 5.159 5.122 5.066 5.009 4.968 4.943 4.934 4.942 4.965 5.005 5.182 5.399 5.616 5.832 6.049 6.265 6.481 6.697 6.913 7.129 7.345 7.560 8.713 10.161 11.711
3.978 4.149 4.287 4.391 4.462 4.499 4.504 4.475 4.412 4.316 4.426 4.745 5.030 5.280 5.496 5.678 5.825 5.937 6.015 6.059 6.068 6.076 5.894 5.522 5.190 4.900 4.649 4.440 4.271 4.143 4.055 4.008 4.002 4.036 4.115 4.211 4.311 4.416 4.526 4.640 4.759 4.866 4.946 5.009 5.057 5.089 5.060 5.010 4.976 4.959 4.957 4.972 5.003 5.049 5.112 5.191 5.286 5.397 5.581 5.797 6.013 6.229 6.445 6.661 6.876 7.092 7.308 7.523 7.738 7.953 9.301 11.198 13.195
4.389 4.444 4.465 4.453 4.407 4.329 4.217 4.071 3.893 3.681 3.611 3.810 3.975 4.105 4.201 4.263 4.290 4.283 4.241 4.165 4.054 3.942 3.797 3.607 3.457 3.347 3.278 3.250 3.262 3.314 3.408 3.542 3.757 4.018 4.226 4.347 4.451 4.540 4.612 4.669 4.709 4.733 4.742 4.734 4.711 4.671 4.649 4.671 4.708 4.762 4.832 4.919 5.021 5.139 5.273 5.424 5.590 5.773 5.978 6.194 6.410 6.625 6.841 7.056 7.271 7.486 7.701 7.916 8.131 8.346 9.788 12.132 14.577
4.831 4.769 4.674 4.546 4.384 4.189 3.961 3.699 3.405 3.077 2.828 2.907 2.952 2.963 2.939 2.881 2.789 2.662 2.500 2.305 2.075 1.842 1.658 1.793 2.048 2.305 2.562 2.822 3.082 3.343 3.606 3.871 4.136 4.403 4.610 4.659 4.692 4.709 4.711 4.696 4.665 4.618 4.556 4.477 4.382 4.271 4.221 4.315 4.424 4.549 4.691 4.848 5.022 5.212 5.417 5.639 5.877 6.131 6.376 6.591 6.806 7.021 7.236 7.451 7.666 7.880 8.095 8.309 8.524 8.738 10.174 12.965 15.857
5.303 5.125 4.914 4.670 4.392 4.081 3.736 3.359 2.948 2.504 2.077 2.037 1.962 1.853 1.710 1.552 1.617 1.675 1.725 1.768 1.803 1.824 1.859 2.119 2.380 2.642 2.906 3.171 3.437 3.704 3.972 4.242 4.513 4.785 5.010 4.988 4.950 4.896 4.826 4.740 4.639 4.521 4.387 4.237 4.071 3.889 3.777 3.942 4.123 4.320 4.532 4.761 5.006 5.267 5.544 5.838 6.147 6.472 6.772 6.987 7.202 7.416 7.631 7.845 8.060 8.274 8.488 8.702 8.915 9.129 10.458 13.696 17.035
5.807 5.512 5.185 4.824 4.431 4.004 3.543 3.050 2.546 2.154 1.791 1.858 1.927 1.989 2.043 2.089 2.128 2.159 2.183 2.199 2.207 2.202 2.185 2.444 2.710 2.978 3.247 3.518 3.789 4.062 4.336 4.612 4.888 5.166 5.428 5.335 5.226 5.100 4.959 4.802 4.629 4.440 4.235 4.014 3.777 3.524 3.317 3.553 3.805 4.073 4.357 4.658 4.974 5.306 5.655 6.019 6.400 6.796 7.169 7.383 7.597 7.811 8.025 8.239 8.453 8.667 8.880 9.094 9.307 9.520 10.642 14.326 18.111
6.340 5.907 5.418 4.957 4.523 4.118 3.739 3.389 3.066 2.771 2.504 2.508 2.550 2.585 2.613 2.633 2.645 2.650 2.647 2.636 2.618 2.587 2.543 2.766 3.038 3.312 3.587 3.863 4.140 4.419 4.698 4.979 5.262 5.545 5.830 5.698 5.518 5.322 5.109 4.881 4.637 4.377 4.101 3.809 3.501 3.177 2.840 3.147 3.471 3.810 4.166 4.537 4.925 5.328 5.748 6.184 6.635 7.103 7.565 7.778 7.992 8.206 8.419 8.633 8.846 9.059 9.272 9.485 9.698 9.911 10.724 14.855 19.086
6.147 5.727 5.335 4.970 4.633 4.323 4.041 3.787 3.560 3.361 3.190 3.163 3.179 3.188 3.189 3.182 3.168 3.146 3.117 3.080 3.035 2.977 2.906 3.087 3.365 3.644 3.924 4.206 4.489 4.773 5.058 5.345 5.633 5.922 6.213 6.078 5.827 5.560 5.277 4.978 4.662 4.331 3.984 3.622 3.243 2.848 2.437 2.725 3.120 3.531 3.957 4.400 4.859 5.334 5.825 6.331 6.854 7.393 7.948 8.173 8.387 8.600 8.813 9.026 9.239 9.451 9.664 9.876 10.089 10.305 10.711 15.075 19.362
5.846 5.522 5.226 4.957 4.716 4.503 4.317 4.159 4.029 3.926 3.851 3.825 3.815 3.797 3.771 3.738 3.697 3.649 3.593 3.530 3.459 3.374 3.276 3.406 3.689 3.974 4.260 4.547 4.836 5.125 5.417 5.709 6.002 6.297 6.593 6.476 6.153 5.815 5.461 5.091 4.705 4.303 3.885 3.451 3.001 2.536 2.054 2.287 2.752 3.234 3.732 4.246 4.776 5.322 5.884 6.462 7.056 7.666 8.292 8.568 8.797 9.044 9.286 9.520 9.749 9.970 10.185 10.394 10.596 10.792 10.981 14.746 18.691
5.519 5.291 5.091 4.919 4.774 4.657 4.567 4.505 4.471 4.464 4.485 4.493 4.456 4.412 4.360 4.300 4.233 4.158 4.076 3.986 3.888 3.777 3.653 3.722 4.012 4.302 4.594 4.886 5.181 5.476 5.773 6.071 6.370 6.670 6.972 6.890 6.497 6.088 5.663 5.222 4.765 4.292 3.803 3.298 2.778 2.241 1.689 1.831 2.369 2.922 3.491 4.109 4.788 5.471 6.160 6.854 7.553 8.257 8.966 9.324 9.549 9.768 9.980 10.186 10.385 10.578 10.764 10.944 11.118 11.284 11.445 14.494 18.096
5.166 5.035 4.931 4.855 4.806 4.785 4.791 4.825 4.887 4.976 5.093 5.167 5.103 5.033 4.954 4.868 4.774 4.673 4.565 4.448 4.324 4.186 4.035 4.037 4.332 4.628 4.925 5.224 5.524 5.825 6.127 6.431 6.735 7.041 7.349 7.321 6.857 6.377 5.881 5.369 4.842 4.298 3.763 3.266 2.774 2.286 1.803 1.938 2.619 3.305 3.996 4.692 5.393 6.099 6.811 7.527 8.248 8.975 9.707 10.110 10.307 10.497 10.680 10.857 11.028 11.192 11.349 11.500 11.645 11.782 11.914 14.319 17.579
4.788 4.753 4.745 4.765 4.812 4.887 4.989 5.119 5.277 5.462 5.674 5.847 5.757 5.660 5.555 5.442 5.322 5.195 5.059 4.917 4.766 4.602 4.424 4.350 4.651 4.952 5.255 5.559 5.865 6.171 6.479 6.789 7.099 7.410 7.713 7.749 7.240 6.736 6.237 5.741 5.251 4.765 4.284 3.807 3.334 2.867 2.403 2.423 3.127 3.835 4.549 5.268 5.992 6.721 7.455 8.194 8.938 9.687 10.442 10.903 11.070 11.231 11.386 11.534 11.676 11.811 11.940 12.062 12.177 12.286 12.389 14.219 17.138
4.385 4.446 4.534 4.649 4.792 4.963 5.161 5.387 5.641 5.922 6.230 6.533 6.417 6.293 6.161 6.023 5.876 5.722 5.561 5.391 5.215 5.024 4.819 4.661 4.988 5.340 5.681 6.011 6.331 6.639 6.938 7.225 7.502 7.769 8.024 8.124 7.635 7.151 6.672 6.196 5.726 5.260 4.799 4.342 3.889 3.442 2.998 2.903 3.629 4.360 5.096 5.838 6.584 7.336 8.093 8.854 9.621 10.393 11.170 11.701 11.839 11.972 12.097 12.217 12.330 12.436 12.536 12.629 12.716 12.796 12.870 14.196 16.773
3.956 4.113 4.297 4.508 4.747 5.014 5.308 5.630 5.979 6.355 6.760 7.191 7.082 6.932 6.774 6.609 6.440 6.298 6.160 6.028 5.901 5.765 5.620 5.480 5.784 6.088 6.382 6.665 6.937 7.199 7.450 7.690 7.920 8.139 8.347 8.494 8.025 7.561 7.101 6.646 6.196 5.750 5.308 4.871 4.439 4.011 3.588 3.376 4.125 4.879 5.638 6.402 7.171 7.945 8.724 9.509 10.298 11.093 11.892 12.504 12.614 12.718 12.815 12.905 12.989 13.067 13.138 13.202 13.260 13.312 13.357 14.250 16.485
3.502 3.755 4.034 4.342 4.677 5.039 5.429 5.846 6.291 6.766 7.272 7.791 7.767 7.622 7.481 7.346 7.216 7.091 6.972 6.857 6.748 6.630 6.504 6.382 6.591 6.848 7.094 7.330 7.555 7.769 7.973 8.166 8.348 8.520 8.681 8.831 8.409 7.965 7.525 7.090 6.660 6.234 5.812 5.395 4.983 4.575 4.172 3.843 4.614 5.391 6.172 6.959 7.751 8.548 9.350 10.157 10.969 11.786 12.608 13.313 13.394 13.469 13.537 13.599 13.654 13.703 13.745 13.781 13.810 13.833 13.850 14.379 16.273
3.023 3.371 3.767 4.228 4.702 5.189 5.688 6.200 6.725 7.262 7.812 8.375 8.466 8.338 8.216 8.098 7.986 7.879 7.777 7.681 7.590 7.490 7.382 7.277 7.408 7.618 7.817 8.005 8.183 8.350 8.507 8.652 8.788 8.912 9.026 9.129 8.788 8.364 7.944 7.529 7.119 6.713 6.311 5.914 5.522 5.134 4.751 4.372 5.098 5.897 6.701 7.510 8.325 9.144 9.969 10.798 11.633 12.473 13.317 14.128 14.180 14.226 14.266 14.299 14.325 14.345 14.359 14.366 14.366 14.361 14.348 14.584 16.138
2.968 3.448 3.940 4.446 4.964 5.495 6.039 6.595 7.164 7.746 8.340 8.947 9.159 9.049 8.944 8.845 8.751 8.661 8.578 8.499 8.426 8.344 8.254 8.167 8.237 8.399 8.551 8.692 8.823 8.943 9.052 9.150 9.238 9.316 9.382 9.438 9.162 8.757 8.358 7.963 7.572 7.186 6.804 6.427 6.055 5.687 5.324 4.965 5.575 6.397 7.224 8.056 8.893 9.735 10.582 11.434 12.291 13.153 14.021 14.893 14.972 14.989 15.000 15.004 15.002 14.993 14.978 14.956 14.928 14.894 14.852 14.826 15.981
3.041 3.565 4.102 4.652 5.214 5.789 6.377 6.977 7.591 8.216 8.855 9.506 9.846 9.754 9.667 9.586 9.509 9.438 9.372 9.311 9.256 9.192 9.120 9.052 9.076 9.191 9.296 9.390 9.473 9.546 9.608 9.659 9.700 9.730 9.750 9.759 9.530 9.146 8.766 8.391 8.020 7.654 7.292 6.935 6.583 6.235 5.891 5.552 6.046 6.891 7.740 8.595 9.454 10.319 11.188 12.063 12.943 13.828 14.718 15.613 15.769 15.757 15.724 15.647 15.550 15.433 15.298 15.143 14.969 14.775 14.562 14.330 15.334
3.101 3.670 4.251 4.845 5.452 6.071 6.703 7.348 8.005 8.675 9.358 10.053 10.528 10.454 10.385 10.321 10.262 10.209 10.161 10.118 10.080 10.035 9.980 9.930 9.926 9.994 10.052 10.098 10.135 10.160 10.175 10.179 10.173 10.156 10.128 10.090 9.893 9.528 9.169 8.813 8.463 8.116 7.775 7.438 7.105 6.777 6.453 6.134 6.511 7.378 8.250 9.127 10.009 10.937 11.931 12.878 13.780 14.635 15.444 16.206 16.345 16.221 16.077 15.914 15.731 15.530 15.309 15.069 14.809 14.531 14.233 13.915 14.701
