DATA/SHG/ECMWF/20170628/EN-7/20170709.en-7.asc
ncols        190
nrows        64
xllcorner    -5100000.000000000000
yllcorner    4130000.000000000000
cellsize     10000.000000000000
NODATA_value  -99999.000
[rows 31 to 61 of 64, columns 0 to 70 of 190]
28.935 30.558 30.601 30.538 30.367 30.090 29.706 29.216 28.619 27.915 27.104 26.187 25.162 24.130 23.913 23.609 23.220 22.743 22.181 21.532 20.797 19.975 19.067 18.073 16.992 15.952 15.725 15.504 15.290 15.083 14.883 14.689 14.503 14.323 14.150 13.984 13.825 13.590 12.913 12.194 11.433 10.630 9.784 8.897 7.967 6.996 5.982 4.926 3.828 2.926 2.971 3.004 3.026 3.036 3.270 3.649 4.001 4.325 4.623 4.894 5.138 5.482 6.227 6.952 7.656 8.339 9.002 9.643 10.265 10.865 11.445
38.191 40.433 40.333 39.894 39.348 38.696 37.937 37.072 36.100 35.021 33.835 32.543 31.145 29.639 29.062 28.456 27.763 26.984 26.119 25.167 24.130 23.006 21.795 20.499 19.116 17.647 17.421 17.224 17.034 16.850 16.673 16.503 16.340 16.184 16.035 15.892 15.757 15.614 14.790 13.924 13.015 12.065 11.072 10.038 8.961 7.842 6.682 5.772 4.968 4.215 4.634 5.026 5.392 5.730 6.041 6.326 6.583 6.814 7.018 7.195 7.344 7.521 8.194 8.846 9.478 10.089 10.680 11.249 11.798 12.327 12.834
47.274 50.024 50.169 49.355 48.434 47.407 46.274 45.033 43.687 42.233 40.673 39.007 37.234 35.354 34.297 33.388 32.393 31.311 30.144 28.890 27.550 26.124 24.611 23.012 21.328 19.556 19.109 18.935 18.768 18.608 18.455 18.308 18.169 18.036 17.910 17.791 17.679 17.574 16.707 15.694 14.917 14.186 13.434 12.661 11.867 11.052 10.216 9.360 8.482 7.584 7.805 8.103 8.374 8.618 8.836 9.026 9.189 9.326 9.435 9.518 9.574 9.603 10.178 10.758 11.318 11.857 12.375 12.873 13.350 13.806 14.242
56.183 59.441 60.109 58.920 57.625 56.224 54.716 53.101 51.380 49.552 47.618 45.578 43.430 41.177 39.618 38.406 37.109 35.725 34.255 32.699 31.057 29.329 27.515 25.614 23.627 21.554 20.787 20.636 20.493 20.357 20.227 20.104 19.988 21.338 22.250 22.574 22.310 21.457 20.584 19.821 19.037 18.232 17.406 16.560 15.692 14.804 13.894 12.964 12.013 11.041 10.999 11.202 11.379 11.529 11.652 11.749 11.818 11.861 11.876 11.865 11.827 11.761 12.179 12.688 13.175 13.642 14.088 14.514 14.919 15.303 15.667
64.919 68.685 70.153 68.590 66.921 65.145 63.263 61.274 59.179 56.977 54.669 52.255 49.734 47.107 45.024 43.510 41.911 40.225 38.453 36.596 34.652 32.622 30.506 28.303 26.015 23.797 26.321 29.295 31.682 33.481 34.692 35.316 35.351 34.799 33.659 31.931 29.615 26.712 24.867 24.031 23.173 22.294 21.395 20.475 19.534 18.572 17.589 16.585 15.561 14.515 14.215 14.324 14.407 14.463 14.492 14.494 14.470 14.418 14.340 14.235 14.103 13.944 14.198 14.634 15.050 15.445 15.819 16.172 16.505 16.818 17.109
73.483 77.756 80.302 78.365 76.321 74.171 71.915 69.553 67.084 64.508 61.827 59.039 56.145 53.144 50.516 48.700 46.799 44.812 42.925 42.295 42.305 42.956 44.246 46.177 48.748 51.960 54.736 55.657 55.991 55.737 54.896 53.467 51.451 48.848 45.657 41.879 37.513 32.560 29.167 28.256 27.325 26.373 25.400 24.406 23.391 22.356 21.300 20.223 19.125 18.006 17.453 17.469 17.458 17.420 17.355 17.263 17.144 16.999 16.827 16.628 16.402 16.149 16.234 16.598 16.942 17.265 17.567 17.849 18.110 18.350 18.570
81.874 86.654 90.555 88.244 85.826 83.303 80.673 77.937 75.094 72.146 69.091 65.690 61.776 57.987 54.767 53.809 53.491 53.812 54.773 56.374 58.615 61.495 65.016 69.176 73.975 79.415 83.728 82.597 80.879 78.574 75.682 72.203 68.137 63.483 58.243 52.416 46.002 39.001 33.482 32.498 31.493 30.467 29.421 28.354 27.265 26.157 25.027 23.876 22.705 21.513 20.714 20.636 20.531 20.399 20.240 20.054 19.842 19.603 19.337 19.044 18.724 18.377 18.287 18.579 18.851 19.102 19.332 19.542 19.731 19.900 20.048
90.093 95.380 100.811 98.227 94.727 90.374 86.146 82.043 78.065 74.211 70.482 66.878 63.398 60.043 56.998 58.271 60.183 62.735 65.926 69.756 74.226 79.335 85.083 91.471 98.498 106.164 113.297 110.115 106.347 101.992 97.050 91.522 85.407 78.706 71.418 63.543 55.082 46.035 37.813 36.755 35.677 34.578 33.458 32.317 31.156 29.974 28.770 27.547 26.302 25.036 23.997 23.825 23.626 23.401 23.148 22.869 22.563 22.229 21.870 21.483 21.070 20.629 20.357 20.578 20.777 20.957 21.115 21.253 21.371 21.467 22.313
92.142 95.892 99.628 96.782 92.739 88.821 85.027 81.358 77.814 74.395 71.100 67.930 64.885 61.964 59.168 62.044 66.185 70.965 76.385 82.443 89.139 96.475 104.450 113.063 122.316 132.207 142.738 138.210 132.393 125.989 119.000 111.424 103.262 94.514 85.180 75.260 64.753 53.661 42.160 41.029 39.877 38.705 37.511 36.297 35.063 33.807 32.531 31.233 29.915 28.577 27.303 27.038 26.745 26.425 26.079 25.706 25.306 24.879 24.426 23.945 23.438 22.904 22.445 22.929 23.741 24.755 25.969 27.385 29.002 30.820 32.839
88.187 91.888 95.573 94.226 90.618 87.134 83.775 80.540 77.430 74.445 71.584 68.848 66.236 63.749 61.386 65.128 71.496 78.504 86.149 94.434 103.356 112.917 123.117 133.955 145.431 157.546 170.299 166.882 159.017 150.567 141.531 131.909 121.702 110.908 99.529 87.564 75.014 61.877 48.155 45.318 44.093 42.848 41.581 40.294 38.986 37.657 36.307 34.937 33.545 32.133 30.701 30.272 29.886 29.473 29.033 28.566 28.191 27.892 27.637 27.427 27.261 27.140 27.066 28.375 29.884 31.594 33.506 35.618 37.932 40.446 43.161
84.253 87.904 91.539 91.538 88.364 85.314 82.389 79.588 76.912 74.360 71.933 69.630 67.452 65.398 63.469 67.523 76.118 85.351 95.222 105.730 116.877 128.662 141.085 154.146 167.844 182.181 197.156 196.130 186.219 175.724 164.643 152.976 140.724 127.887 114.465 100.457 85.864 70.685 54.921 49.624 48.326 47.007 45.667 44.306 42.925 41.523 40.100 38.656 37.192 35.583 34.074 33.459 33.091 32.767 32.488 32.253 32.063 31.918 31.817 31.761 31.749 31.782 31.859 33.620 35.826 38.233 40.840 43.649 46.658 49.868 53.280
80.339 83.940 87.526 88.718 85.978 83.362 80.870 78.503 76.260 74.142 72.148 70.279 68.534 66.913 65.417 69.232 80.051 91.507 103.602 116.334 129.703 143.710 158.354 173.637 189.556 206.113 223.308 225.954 213.999 201.459 188.334 174.625 160.330 145.451 129.986 113.937 97.302 80.083 62.278 53.946 52.574 51.182 49.117 47.131 45.279 43.563 41.981 40.535 39.223 38.046 37.004 36.513 36.298 36.129 36.004 35.923 35.887 35.896 35.949 36.046 36.188 36.375 36.606 38.665 41.567 44.670 47.973 51.477 55.182 59.088 63.194
76.445 79.996 83.532 85.767 83.460 81.277 79.219 77.285 75.475 73.790 72.229 70.793 69.480 68.292 67.229 70.254 83.295 96.974 111.291 126.244 141.834 158.062 174.927 192.429 210.568 229.344 248.757 256.353 242.355 227.773 212.606 196.855 180.519 163.598 146.007 124.859 104.302 84.337 64.964 53.532 51.610 49.822 48.169 46.651 45.268 44.019 42.905 41.926 41.081 40.371 39.796 39.519 39.458 39.443 39.471 39.545 39.662 39.825 40.032 40.283 40.579 40.919 41.304 43.510 47.108 50.906 54.905 59.104 63.504 68.104 72.906
72.572 76.073 79.559 82.683 80.809 79.060 77.435 75.934 74.557 73.304 72.176 71.172 70.293 69.537 68.906 70.590 85.853 101.753 118.289 135.462 153.272 171.719 190.803 210.523 230.880 251.873 273.504 286.360 263.125 240.481 218.428 196.967 176.097 155.818 136.130 117.034 98.529 80.615 63.292 51.047 49.592 48.272 47.087 46.037 45.121 44.339 43.693 43.181 42.803 42.561 42.452 42.477 42.571 42.709 42.891 43.118 43.390 43.706 44.066 44.471 44.920 45.414 45.952 48.155 52.448 56.941 61.635 66.529 71.624 76.919 82.414
68.718 72.170 75.606 79.028 78.027 76.710 75.518 74.449 73.505 72.685 71.989 71.418 70.970 70.647 70.448 70.373 87.723 105.842 124.598 143.990 163.142 179.221 194.746 209.716 224.132 237.993 251.299 261.530 240.348 219.757 199.756 180.347 161.528 143.301 125.664 108.618 92.163 76.299 61.025 48.428 47.441 46.589 45.871 45.288 44.839 44.525 44.345 44.300 44.389 44.613 44.972 45.388 45.635 45.927 46.263 46.644 47.069 47.538 48.052 48.611 49.214 49.861 50.553 52.601 57.588 62.776 68.164 73.752 79.541 85.530 91.720
64.885 68.286 71.673 75.045 75.112 74.228 73.468 72.832 72.320 71.933 71.669 71.529 71.514 71.366 70.763 70.176 84.301 100.677 116.498 131.765 146.477 160.635 174.239 187.288 199.783 211.724 223.110 233.942 216.990 198.451 180.501 163.142 146.374 130.196 114.609 99.612 85.205 71.389 58.164 45.677 45.157 44.772 44.521 44.404 44.422 44.575 44.862 45.283 45.839 46.530 47.355 48.251 48.652 49.097 49.587 50.121 50.700 51.323 51.990 52.702 53.458 54.259 55.104 56.847 62.529 68.410 74.493 80.775 87.257 93.940 100.823
61.072 64.423 67.760 71.083 72.066 71.615 71.117 70.458 69.814 69.187 68.577 67.982 67.404 66.842 66.296 65.766 75.925 90.378 104.278 117.624 130.416 142.654 154.337 165.467 176.043 186.065 195.532 204.446 193.053 176.563 160.663 145.353 130.634 116.504 102.965 90.015 77.656 65.887 54.708 44.119 42.739 42.821 43.036 43.387 43.871 44.490 45.244 46.131 47.154 48.310 49.601 51.026 51.621 52.220 52.863 53.551 54.283 55.059 55.880 56.745 57.655 58.609 59.607 60.894 67.269 73.845 80.620 87.596 94.772 102.148 109.724
57.095 60.193 63.209 66.143 67.435 66.800 66.182 65.579 64.993 64.423 63.869 63.332 62.811 62.306 61.817 61.344 68.145 80.678 92.658 104.084 114.957 125.275 135.040 144.252 152.910 161.014 168.564 175.561 168.535 154.094 140.242 126.980 114.308 102.225 90.733 79.830 69.516 59.793 50.659 42.115 40.188 40.736 41.418 42.235 43.186 44.271 45.490 46.844 48.332 49.954 51.711 53.602 54.543 55.295 56.092 56.933 57.818 58.748 59.722 60.740 61.803 62.910 64.062 65.257 71.811 78.956 84.758 90.314 95.622 100.685 105.500
52.535 55.349 58.080 60.729 62.374 61.796 61.235 60.690 60.160 59.648 59.151 58.670 58.206 57.758 57.326 56.910 60.962 71.576 81.637 91.145 100.099 108.500 116.348 123.642 130.383 136.571 142.206 147.287 143.438 131.044 119.239 108.023 97.397 87.361 77.913 69.055 60.786 53.107 46.017 39.516 37.504 38.518 39.667 40.949 42.366 43.917 45.602 47.422 49.375 51.463 53.685 56.041 57.417 58.323 59.273 60.267 61.305 62.388 63.392 63.686 63.966 64.232 64.485 64.723 68.968 74.166 79.117 83.822 88.280 92.492 96.457
48.070 50.599 53.046 55.411 57.302 56.781 56.277 55.788 55.316 54.860 54.421 53.997 53.590 53.198 52.824 52.465 54.375 63.071 71.215 78.805 85.842 92.327 98.258 103.637 108.463 112.735 116.455 119.622 117.762 107.413 97.654 88.484 79.902 71.910 64.506 57.692 51.466 45.830 40.782 36.323 34.687 36.167 37.781 39.530 41.412 43.429 45.579 47.864 50.283 52.836 55.523 58.214 59.438 59.767 60.083 60.384 60.672 60.947 61.207 61.454 61.686 61.906 62.111 62.303 65.269 69.616 73.717 77.572 81.180 84.542 87.658
43.701 45.946 48.108 50.189 52.187 51.754 51.307 50.876 50.460 50.061 49.679 49.312 48.962 48.627 48.309 48.007 48.383 55.163 61.390 67.064 72.186 76.755 80.772 84.236 87.147 89.506 91.312 92.566 91.507 83.203 75.488 68.361 61.823 55.874 50.513 45.741 41.557 37.962 34.956 32.538 31.737 33.683 35.762 37.976 40.290 42.560 44.827 47.088 49.345 51.598 53.845 56.088 57.552 57.834 58.102 58.357 58.597 58.824 59.038 59.237 59.423 59.595 59.753 59.898 61.810 65.308 68.559 71.564 74.322 76.835 79.101
39.427 41.387 43.266 45.062 46.776 46.716 46.326 45.951 45.593 45.251 44.925 44.615 44.322 44.045 43.783 43.538 43.309 47.850 52.162 55.922 59.129 61.784 63.887 65.438 66.436 66.883 66.776 66.118 64.674 58.414 52.741 47.657 43.161 39.253 35.934 33.202 31.059 29.865 29.521 29.167 29.206 31.480 33.750 36.015 38.275 40.531 42.782 45.029 47.271 49.508 51.741 53.969 55.681 55.916 56.137 56.345 56.538 56.718 56.884 57.037 57.176 57.301 57.412 57.509 58.591 61.239 63.641 65.797 67.706 69.370 70.787
35.248 36.924 38.519 40.031 41.461 41.667 41.333 41.016 40.714 40.429 40.160 39.907 39.671 39.450 39.246 39.057 38.885 41.133 43.531 45.377 46.671 47.414 47.604 47.243 46.329 44.864 42.847 40.278 37.157 33.045 30.766 30.456 30.136 29.807 29.468 29.120 28.762 28.394 28.017 27.631 27.258 29.517 31.771 34.021 36.267 38.508 40.744 42.975 45.202 47.425 49.643 51.856 53.826 54.014 54.188 54.348 54.495 54.628 54.747 54.852 54.944 55.022 55.086 55.137 55.611 57.410 58.963 60.270 61.332 62.147 62.716
31.164 32.556 33.867 35.096 36.242 36.606 36.329 36.068 35.824 35.596 35.383 35.187 35.007 34.844 34.696 34.565 34.449 35.010 35.496 35.429 34.812 33.642 31.922 30.784 30.619 30.471 30.342 30.230 30.136 29.871 29.537 29.194 28.841 28.479 28.107 27.726 27.335 26.935 26.525 26.106 25.677 27.560 29.799 32.034 34.265 36.491 38.712 40.929 43.141 45.348 47.551 49.750 51.943 52.128 52.255 52.368 52.467 52.553 52.625 52.684 52.728 52.759 52.776 52.780 52.871 53.821 54.526 54.985 55.198 55.166 54.887
27.174 28.283 29.310 30.256 31.119 31.534 31.314 31.110 30.922 30.750 30.595 30.456 30.333 30.226 30.135 30.060 30.211 30.243 30.032 29.839 29.665 29.508 29.369 29.248 29.145 29.059 28.992 28.943 28.911 28.686 28.320 27.944 27.558 27.163 26.758 26.344 25.920 25.487 25.045 24.592 24.131 25.609 27.834 30.054 32.269 34.480 36.687 38.888 41.086 43.278 45.466 47.650 49.828 50.257 50.337 50.403 50.456 50.494 50.519 50.531 50.528 50.512 50.483 50.439 50.382 50.472 50.329 49.940 49.306 48.426 47.300
23.280 24.105 24.849 25.511 26.091 26.450 26.287 26.139 26.008 26.270 26.676 27.042 27.368 27.655 27.903 28.111 28.280 28.316 28.168 28.037 27.925 27.830 27.754 27.695 27.654 27.631 27.625 27.638 27.669 27.513 27.113 26.705 26.286 25.858 25.421 24.974 24.517 24.051 23.576 23.091 22.596 23.665 25.875 28.080 30.280 32.476 34.668 36.855 39.037 41.214 43.388 45.556 47.720 48.402 48.435 48.454 48.460 48.451 48.429 48.394 48.345 48.282 48.205 48.114 48.010 47.362 46.371 45.136 43.654 41.927 39.955
19.480 20.022 20.976 22.009 22.983 23.869 24.295 24.682 25.030 25.339 25.607 25.837 26.027 26.178 26.289 26.361 26.394 26.373 26.287 26.219 26.168 26.136 26.121 26.125 26.146 26.185 26.242 26.317 26.409 26.351 25.919 25.477 25.026 24.565 24.094 23.615 23.125 22.627 22.118 21.600 21.073 21.727 23.922 26.112 28.298 30.479 32.655 34.827 36.994 39.157 41.315 43.469 45.618 46.563 46.549 46.521 46.479 46.424 46.355 46.273 46.176 46.066 45.943 45.805 45.654 44.491 42.653 40.571 38.243 36.036 33.970
19.359 20.305 21.191 22.018 22.786 23.493 23.816 24.067 24.279 24.450 24.583 24.676 24.730 24.744 24.719 24.655 24.551 24.413 24.389 24.383 24.395 24.425 24.472 24.538 24.621 24.722 24.841 24.978 25.133 25.200 24.735 24.260 23.776 23.283 22.780 22.267 21.745 21.213 20.672 20.122 19.562 19.795 21.975 24.151 26.321 28.487 30.649 32.806 34.958 37.106 39.250 41.388 43.522 44.739 44.678 44.603 44.515 44.413 44.297 44.167 44.024 43.867 43.516 43.112 42.705 41.350 39.253 37.213 35.228 33.299 31.427
20.052 20.792 21.472 22.093 22.654 23.155 23.381 23.495 23.570 23.606 23.602 23.559 23.477 23.355 23.194 22.993 22.753 22.474 22.475 22.531 22.605 22.697 22.806 22.934 23.079 23.242 23.423 23.622 23.839 24.061 23.563 23.056 22.539 22.012 21.476 20.931 20.376 19.812 19.238 18.654 18.062 17.870 20.035 22.195 24.351 26.503 28.649 30.791 32.929 35.062 37.190 39.314 41.433 42.931 42.823 42.479 42.084 41.688 41.288 40.886 40.481 40.073 39.663 39.250 38.834 37.791 35.887 34.040 32.248 30.513 28.833
20.810 21.343 21.817 22.232 22.587 22.882 22.989 22.967 22.906 22.805 22.665 22.486 22.267 22.009 21.712 21.375 20.999 20.584 20.543 20.662 20.798 20.952 21.123 21.313 21.520 21.746 21.989 22.249 22.528 22.825 22.402 21.862 21.312 20.753 20.184 19.606 19.019 18.421 17.815 17.199 16.573 15.951 18.101 20.247 22.388 24.524 26.656 28.783 30.817 32.765 34.634 36.425 38.137 39.493 39.095 38.695 38.292 37.886 37.478 37.067 36.653 36.236 35.817 35.395 34.970 34.182 32.472 30.817 29.219 27.676 26.190
21.632 21.959 22.227 22.436 22.585 22.674 22.640 22.482 22.284 22.048 21.772 21.456 21.101 20.707 20.274 19.801 19.289 18.738 18.595 18.776 18.974 19.190 19.424 19.675 19.945 20.232 20.537 20.860 21.200 21.559 21.253 20.680 20.097 19.505 18.904 18.293 17.673 17.043 16.403 15.755 15.096 14.573 16.416 18.565 20.635 22.627 24.540 26.374 28.130 29.808 31.407 32.927 34.369 35.733 35.328 34.919 34.507 34.092 33.675 33.255 32.832 32.406 31.978 31.547 31.113 30.525 29.007 27.546 26.140 24.791 23.497
