DATA/SHG/ECMWF/20170628/EN-50/20170702.en-50.asc
ncols        190
nrows        64
xllcorner    -5100000.000000000000
yllcorner    4130000.000000000000
cellsize     10000.000000000000
NODATA_value  -99999.000
[rows 0 to 32 of 64, columns 73 to 145 of 190]
8.306 8.761 9.224 9.694 10.170 10.654 11.145 11.644 11.827 11.217 10.589 9.977 9.384 8.808 8.250 7.710 7.187 6.682 6.195 5.725 5.360 5.281 5.198 5.119 5.043 4.971 4.903 4.839 4.779 4.722 4.669 4.620 4.681 5.078 5.458 5.820 6.165 6.493 6.803 7.097 7.373 7.632 7.874 8.098 8.289 8.422 8.557 8.694 8.833 8.973 9.116 9.260 9.406 9.554 9.703 9.855 9.874 9.499 9.128 8.758 8.391 8.027 7.665 7.305 6.948 6.594 6.242 5.892 5.629 5.603 5.579 5.557 5.536
8.583 9.063 9.510 9.935 10.348 10.749 11.139 11.517 11.714 11.129 10.562 10.013 9.481 8.967 8.471 7.992 7.532 7.088 6.663 6.255 5.899 5.837 5.771 5.709 5.650 5.595 5.544 5.497 5.453 5.414 5.378 5.346 5.358 5.678 5.980 6.265 6.533 6.784 7.018 7.234 7.433 7.615 7.780 7.928 8.060 8.202 8.345 8.490 8.637 8.786 8.936 9.089 9.243 9.399 9.557 9.716 9.804 9.441 9.080 8.721 8.365 8.012 7.661 7.312 6.966 6.622 6.281 5.942 5.654 5.635 5.618 5.603 5.589
8.659 9.066 9.462 9.846 10.218 10.578 10.927 11.264 11.548 11.025 10.520 10.033 9.563 9.110 8.676 8.259 7.860 7.478 7.114 6.768 6.440 6.389 6.339 6.294 6.252 6.214 6.180 6.150 6.123 6.100 6.081 6.066 6.055 6.295 6.521 6.729 6.920 7.094 7.251 7.390 7.512 7.617 7.705 7.776 7.830 7.980 8.132 8.285 8.440 8.597 8.755 8.916 9.078 9.242 9.408 9.576 9.732 9.380 9.030 8.682 8.337 7.994 7.654 7.316 6.981 6.648 6.317 5.989 5.650 5.594 5.554 5.530 5.523
8.704 9.070 9.425 9.768 10.099 10.418 10.726 11.021 11.305 10.905 10.462 10.036 9.628 9.237 8.864 8.509 8.172 7.852 7.549 7.265 6.998 6.935 6.903 6.874 6.849 6.828 6.811 6.797 6.787 6.781 6.779 6.781 6.786 6.931 7.079 7.211 7.325 7.422 7.502 7.564 7.610 7.638 7.649 7.643 7.620 7.757 7.916 8.078 8.241 8.406 8.573 8.741 8.912 9.084 9.258 9.434 9.612 9.317 8.977 8.613 8.224 7.838 7.453 7.071 6.690 6.311 5.935 5.560 5.187 5.178 5.211 5.261 5.327
8.760 9.085 9.399 9.701 9.991 10.269 10.536 10.790 11.033 10.770 10.388 10.023 9.677 9.348 9.037 8.743 8.467 8.209 7.968 7.745 7.539 7.476 7.461 7.449 7.441 7.437 7.436 7.439 7.446 7.457 7.472 7.491 7.513 7.584 7.656 7.710 7.748 7.768 7.771 7.757 7.725 7.677 7.611 7.528 7.428 7.532 7.699 7.869 8.040 8.213 8.359 8.482 8.608 8.735 8.864 8.995 9.128 8.849 8.465 8.083 7.704 7.326 6.950 6.576 6.204 5.834 5.466 5.100 4.736 4.746 4.852 4.976 5.115
8.827 9.112 9.384 9.645 9.894 10.131 10.357 10.570 10.772 10.618 10.297 9.995 9.710 9.442 9.193 8.961 8.746 8.549 8.370 8.208 8.064 8.012 8.014 8.019 8.028 8.040 8.056 8.077 8.101 8.128 8.160 8.195 8.234 8.255 8.250 8.228 8.188 8.132 8.058 7.967 7.859 7.684 7.472 7.261 7.051 7.058 7.180 7.305 7.431 7.559 7.689 7.822 7.956 8.092 8.230 8.370 8.512 8.301 7.926 7.553 7.182 6.813 6.446 6.080 5.717 5.356 4.997 4.639 4.284 4.298 4.478 4.674 4.887
8.905 9.149 9.380 9.600 9.808 10.004 10.189 10.361 10.523 10.450 10.191 9.950 9.727 9.521 9.333 9.162 9.009 8.874 8.756 8.656 8.573 8.544 8.562 8.583 8.609 8.638 8.672 8.709 8.749 8.794 8.842 8.894 8.845 8.685 8.470 8.256 8.043 7.830 7.619 7.408 7.199 6.990 6.782 6.575 6.368 6.343 6.474 6.607 6.743 6.880 7.019 7.160 7.303 7.448 7.595 7.744 7.894 7.752 7.385 7.021 6.659 6.298 5.940 5.583 5.229 4.876 4.526 4.177 3.830 3.835 4.088 4.357 4.643
8.994 9.196 9.387 9.566 9.733 9.888 10.032 10.164 10.284 10.266 10.069 9.890 9.728 9.583 9.456 9.347 9.256 9.182 9.125 9.086 9.065 9.070 9.105 9.035 8.923 8.814 8.706 8.600 8.496 8.394 8.294 8.196 8.099 7.959 7.748 7.538 7.329 7.120 6.913 6.706 6.500 6.296 6.092 5.888 5.686 5.627 5.767 5.909 6.053 6.199 6.347 6.497 6.649 6.803 6.958 7.116 7.276 7.201 6.844 6.488 6.134 5.783 5.433 5.085 4.739 4.395 4.053 3.714 3.375 3.355 3.681 4.024 4.383
9.094 9.255 9.405 9.543 9.669 9.783 9.886 9.977 10.056 10.067 9.931 9.813 9.712 9.629 9.564 9.488 9.309 9.128 8.947 8.765 8.582 8.422 8.315 8.211 8.108 8.006 7.907 7.810 7.714 7.621 7.529 7.440 7.352 7.234 7.027 6.820 6.615 6.411 6.207 6.004 5.802 5.601 5.401 5.202 5.004 4.910 5.059 5.210 5.363 5.518 5.674 5.833 5.994 6.156 6.321 6.487 6.656 6.650 6.301 5.954 5.609 5.266 4.925 4.586 4.249 3.913 3.580 3.249 2.919 2.861 3.260 3.675 4.107
9.204 9.325 9.433 9.530 9.616 9.689 9.751 9.801 9.813 9.744 9.568 9.390 9.211 9.032 8.851 8.669 8.487 8.304 8.119 7.934 7.748 7.580 7.481 7.385 7.291 7.198 7.108 7.019 6.932 6.847 6.764 6.683 6.604 6.508 6.305 6.103 5.901 5.701 5.501 5.302 5.104 4.907 4.711 4.516 4.321 4.192 4.350 4.509 4.671 4.835 5.000 5.168 5.337 5.509 5.682 5.857 6.035 6.097 5.757 5.419 5.082 4.748 4.416 4.085 3.757 3.430 3.106 2.783 2.462 2.350 2.822 3.310 3.815
9.326 9.355 9.316 9.273 9.228 9.178 9.126 9.070 9.011 8.947 8.767 8.586 8.404 8.222 8.038 7.853 7.668 7.481 7.294 7.105 6.916 6.738 6.646 6.559 6.473 6.389 6.307 6.227 6.148 6.072 5.998 5.925 5.854 5.783 5.584 5.385 5.188 4.991 4.795 4.601 4.407 4.213 4.021 3.830 3.639 3.473 3.639 3.808 3.978 4.151 4.325 4.501 4.680 4.860 5.042 5.226 5.412 5.543 5.212 4.882 4.554 4.229 3.905 3.583 3.263 2.946 2.630 2.316 2.004 1.824 2.368 2.930 3.507
8.685 8.637 8.587 8.533 8.476 8.415 8.351 8.284 8.213 8.140 7.969 7.785 7.600 7.414 7.227 7.039 6.850 6.660 6.470 6.278 6.086 5.905 5.811 5.731 5.654 5.579 5.505 5.434 5.364 5.296 5.230 5.166 5.104 5.044 4.862 4.668 4.474 4.282 4.090 3.899 3.709 3.520 3.331 3.144 2.957 2.771 2.928 3.105 3.284 3.466 3.649 3.834 4.021 4.210 4.401 4.594 4.789 4.985 4.665 4.344 4.025 3.708 3.393 3.080 2.769 2.460 2.153 1.847 1.571 1.372 2.064 2.783 3.529
7.983 7.924 7.862 7.796 7.728 7.656 7.580 7.502 7.420 7.335 7.173 6.985 6.797 6.608 6.418 6.227 6.035 5.842 5.648 5.453 5.258 5.073 4.974 4.903 4.834 4.767 4.703 4.639 4.578 4.519 4.462 4.406 4.353 4.301 4.141 3.950 3.761 3.572 3.384 3.197 3.011 2.826 2.641 2.458 2.275 2.093 2.215 2.401 2.589 2.780 2.971 3.165 3.361 3.559 3.759 3.960 4.164 4.370 4.118 3.820 3.544 3.276 3.016 2.765 2.522 2.287 2.060 1.841 1.631 1.429 2.173 3.011 3.877
7.285 7.214 7.141 7.064 6.984 6.901 6.814 6.724 6.630 6.534 6.378 6.188 5.996 5.804 5.611 5.417 5.221 5.025 4.828 4.630 4.432 4.244 4.136 4.074 4.014 3.955 3.899 3.844 3.792 3.741 3.692 3.645 3.600 3.557 3.420 3.233 3.047 2.863 2.679 2.496 2.313 2.132 1.952 1.772 1.593 1.415 1.502 1.696 1.893 2.092 2.333 2.605 2.864 3.108 3.338 3.555 3.757 3.945 3.791 3.543 3.304 3.072 2.849 2.634 2.427 2.229 2.038 1.856 1.682 1.516 2.254 3.212 4.198
6.591 6.509 6.424 6.336 6.244 6.150 6.051 5.950 5.845 5.737 5.586 5.392 5.198 5.002 4.806 4.608 4.410 4.211 4.011 3.810 3.608 3.417 3.297 3.244 3.192 3.142 3.094 3.048 3.004 2.962 2.922 2.883 2.847 2.812 2.699 2.516 2.334 2.153 1.973 1.794 1.616 1.491 1.423 1.363 1.312 1.269 1.418 1.684 1.936 2.174 2.399 2.609 2.804 2.986 3.154 3.308 3.447 3.573 3.471 3.259 3.056 2.861 2.674 2.496 2.325 2.163 2.009 1.863 1.725 1.596 2.309 3.386 4.491
5.901 5.808 5.712 5.612 5.509 5.403 5.293 5.180 5.064 4.945 4.796 4.599 4.401 4.202 4.003 3.802 3.601 3.398 3.195 2.991 2.786 2.592 2.457 2.412 2.369 2.328 2.289 2.251 2.216 2.182 2.150 2.120 2.133 2.183 2.173 2.085 2.005 1.932 1.868 1.812 1.764 1.725 1.693 1.670 1.655 1.647 1.749 1.952 2.142 2.318 2.479 2.627 2.760 2.879 2.984 3.076 3.153 3.216 3.143 2.968 2.801 2.642 2.491 2.349 2.215 2.089 1.971 1.861 1.760 1.667 2.336 3.533 4.757
5.215 5.111 5.003 4.892 4.778 4.660 4.539 4.415 4.287 4.157 4.007 3.807 3.606 3.405 3.202 2.998 2.794 2.588 2.381 2.174 1.966 1.769 1.617 1.626 1.671 1.717 1.764 1.812 1.861 1.911 1.963 2.015 2.068 2.123 2.145 2.093 2.049 2.013 1.985 1.965 1.953 1.950 1.955 1.967 1.988 2.017 2.094 2.235 2.362 2.475 2.574 2.659 2.730 2.787 2.830 2.858 2.873 2.874 2.806 2.668 2.537 2.415 2.300 2.194 2.097 2.007 1.925 1.852 1.787 1.730 2.337 3.653 4.996
4.533 4.418 4.299 4.176 4.050 3.921 3.789 3.653 3.515 3.372 3.221 3.018 2.814 2.609 2.403 2.204 2.102 1.998 1.893 1.785 1.675 1.564 1.469 1.518 1.568 1.618 1.670 1.723 1.777 1.832 1.888 1.945 2.003 2.062 2.108 2.092 2.084 2.084 2.093 2.109 2.133 2.166 2.207 2.256 2.313 2.378 2.454 2.532 2.597 2.648 2.684 2.707 2.715 2.709 2.690 2.656 2.608 2.546 2.462 2.360 2.265 2.179 2.101 2.032 1.970 1.917 1.871 1.834 1.805 1.784 2.310 3.746 5.208
3.856 3.729 3.598 3.464 3.327 3.187 3.043 2.896 2.764 2.717 2.673 2.575 2.474 2.372 2.267 2.160 2.051 1.941 1.828 1.713 1.596 1.478 1.360 1.409 1.464 1.519 1.576 1.633 1.692 1.751 1.812 1.874 1.936 2.000 2.063 2.083 2.111 2.147 2.191 2.244 2.304 2.373 2.450 2.535 2.628 2.729 2.828 2.844 2.846 2.834 2.808 2.769 2.715 2.647 2.565 2.468 2.358 2.234 2.110 2.044 1.986 1.936 1.894 1.861 1.835 1.818 1.809 1.808 1.815 1.831 2.257 3.812 5.393
3.182 3.067 3.015 2.965 2.916 2.868 2.823 2.779 2.737 2.696 2.657 2.561 2.454 2.344 2.232 2.118 2.002 1.885 1.765 1.643 1.519 1.394 1.269 1.300 1.359 1.419 1.480 1.542 1.605 1.670 1.735 1.801 1.869 1.937 2.007 2.064 2.128 2.201 2.281 2.370 2.466 2.571 2.684 2.805 2.934 3.072 3.216 3.170 3.110 3.036 2.947 2.845 2.729 2.599 2.454 2.296 2.123 1.937 1.750 1.720 1.698 1.685 1.679 1.682 1.693 1.712 1.739 1.774 1.818 1.869 2.177 3.851 5.551
3.046 2.998 2.952 2.907 2.864 2.822 2.782 2.744 2.708 2.673 2.640 2.549 2.435 2.318 2.199 2.078 1.955 1.831 1.704 1.575 1.444 1.312 1.180 1.189 1.253 1.317 1.383 1.450 1.518 1.587 1.657 1.728 1.800 1.873 1.947 2.037 2.137 2.245 2.362 2.487 2.619 2.760 2.909 3.066 3.231 3.405 3.586 3.511 3.388 3.252 3.101 2.936 2.758 2.565 2.359 2.138 1.903 1.655 1.392 1.389 1.403 1.426 1.456 1.495 1.542 1.597 1.661 1.732 1.812 2.010 2.443 4.400 6.304
2.970 2.927 2.887 2.848 2.810 2.775 2.741 2.708 2.677 2.648 2.621 2.539 2.418 2.294 2.168 2.040 1.910 1.779 1.645 1.509 1.371 1.232 1.093 1.077 1.146 1.215 1.285 1.357 1.430 1.503 1.578 1.653 1.730 1.808 1.887 2.001 2.137 2.281 2.434 2.595 2.763 2.940 3.125 3.318 3.520 3.729 3.946 3.866 3.681 3.482 3.269 3.042 2.801 2.547 2.278 1.995 1.698 1.387 1.062 1.049 1.191 1.482 1.787 2.108 2.445 2.796 3.163 3.546 3.944 4.357 4.786 6.422 8.091
2.892 2.855 2.820 2.787 2.755 2.725 2.697 2.671 2.646 2.622 2.601 2.531 2.402 2.272 2.139 2.004 1.867 1.728 1.588 1.445 1.300 1.154 1.007 0.964 1.037 1.112 1.187 1.263 1.340 1.418 1.498 1.578 1.659 1.742 1.825 1.956 2.128 2.308 2.497 2.694 2.898 3.111 3.332 3.561 3.799 4.044 4.297 4.235 3.988 3.727 3.452 3.178 2.949 2.755 2.597 2.474 2.388 2.336 2.321 2.565 2.908 3.267 3.640 4.029 4.433 4.853 5.288 5.739 6.205 6.686 7.183 8.493 9.928
2.812 2.781 2.752 2.725 2.699 2.675 2.652 2.632 2.612 2.595 2.579 2.525 2.389 2.251 2.112 1.970 1.826 1.680 1.532 1.382 1.231 1.078 0.924 0.851 0.928 1.007 1.087 1.168 1.250 1.332 1.416 1.501 1.587 1.674 1.763 1.902 2.110 2.327 2.551 2.784 3.025 3.273 3.531 3.775 3.990 4.179 4.341 4.279 4.065 3.887 3.744 3.637 3.566 3.530 3.530 3.565 3.636 3.743 3.885 4.196 4.607 5.033 5.475 5.932 6.404 6.892 7.395 7.913 8.447 8.996 9.561 10.613 11.814
2.731 2.706 2.683 2.661 2.641 2.623 2.606 2.591 2.578 2.566 2.556 2.521 2.378 2.233 2.086 1.937 1.787 1.634 1.479 1.322 1.163 1.003 0.843 0.736 0.818 0.901 0.986 1.071 1.158 1.245 1.334 1.424 1.514 1.659 1.886 2.144 2.457 2.742 3.001 3.232 3.436 3.613 3.763 3.885 3.981 4.049 4.090 4.068 4.012 3.992 4.007 4.058 4.145 4.267 4.424 4.618 4.847 5.111 5.411 5.809 6.288 6.782 7.292 7.816 8.357 8.912 9.483 10.069 10.671 11.288 11.920 12.783 13.750
2.649 2.630 2.612 2.596 2.582 2.569 2.558 2.549 2.541 2.536 2.531 2.518 2.368 2.216 2.063 1.907 1.749 1.589 1.428 1.264 1.098 0.931 0.763 0.620 0.771 1.019 1.262 1.501 1.736 1.965 2.190 2.411 2.627 2.838 3.044 3.248 3.440 3.605 3.743 3.854 3.937 3.994 4.023 4.025 4.000 3.948 3.869 3.820 3.922 4.060 4.233 4.441 4.686 4.965 5.281 5.632 6.018 6.440 6.898 7.404 7.951 8.513 9.090 9.683 10.291 10.914 11.553 12.207 12.877 13.561 14.262 15.003 15.735
2.565 2.552 2.540 2.530 2.521 2.514 2.509 2.506 2.504 2.504 2.505 2.508 2.361 2.202 2.041 1.878 1.729 1.694 1.684 1.700 1.742 1.789 1.840 1.910 2.139 2.366 2.589 2.807 3.021 3.230 3.434 3.634 3.829 4.020 4.205 4.379 4.451 4.496 4.513 4.504 4.467 4.403 4.312 4.194 4.049 3.876 3.677 3.535 3.795 4.090 4.421 4.787 5.189 5.626 6.099 6.608 7.152 7.731 8.347 8.981 9.596 10.225 10.871 11.531 12.207 12.898 13.605 14.327 15.064 15.817 16.584 17.272 17.770
2.480 2.472 2.466 2.462 2.459 2.458 2.458 2.461 2.465 2.478 2.529 2.592 2.547 2.498 2.475 2.478 2.506 2.559 2.637 2.741 2.870 3.007 3.146 3.305 3.511 3.717 3.919 4.117 4.310 4.498 4.682 4.861 5.035 5.205 5.370 5.531 5.491 5.415 5.312 5.182 5.025 4.841 4.630 4.391 4.126 3.834 3.514 3.213 3.630 4.083 4.571 5.095 5.654 6.249 6.879 7.545 8.247 8.984 9.757 10.540 11.223 11.920 12.633 13.362 14.105 14.864 15.638 16.428 17.233 18.053 18.889 19.590 19.855
2.393 2.391 2.391 2.398 2.418 2.450 2.494 2.550 2.619 2.700 2.793 2.899 2.947 2.987 3.052 3.142 3.258 3.399 3.566 3.758 3.975 4.199 4.428 4.676 4.886 5.072 5.253 5.430 5.602 5.770 5.933 6.091 6.245 6.394 6.538 6.678 6.558 6.362 6.139 5.889 5.612 5.308 4.976 4.618 4.232 3.820 3.380 2.913 3.427 4.038 4.683 5.365 6.082 6.834 7.622 8.445 9.304 10.198 11.128 12.081 12.832 13.597 14.378 15.174 15.985 16.812 17.654 18.511 19.384 20.272 21.175 21.958 21.989
2.239 2.265 2.303 2.353 2.415 2.490 2.576 2.676 2.787 2.911 3.046 3.195 3.324 3.452 3.605 3.783 3.987 4.216 4.470 4.750 5.055 5.368 5.685 6.022 6.264 6.429 6.590 6.746 6.898 7.045 7.187 7.325 7.458 7.586 7.710 7.829 7.654 7.338 6.995 6.624 6.227 5.803 5.351 4.873 4.367 3.834 3.275 2.688 3.188 3.955 4.758 5.597 6.471 7.381 8.326 9.306 10.322 11.374 12.461 13.584 14.423 15.256 16.104 16.968 17.847 18.742 19.651 20.576 21.516 22.472 23.443 24.199 23.585
2.055 2.123 2.203 2.296 2.401 2.518 2.648 2.789 2.943 3.109 3.288 3.479 3.678 3.893 4.134 4.400 4.692 5.009 5.351 5.718 6.111 6.512 6.918 7.344 7.646 7.791 7.931 8.066 8.197 8.323 8.445 8.562 8.675 8.782 8.886 8.984 8.778 8.342 7.878 7.388 6.871 6.326 5.755 5.156 4.531 3.878 3.199 2.492 2.910 3.835 4.796 5.792 6.823 7.890 8.992 10.130 11.303 12.512 13.756 15.035 15.996 16.897 17.799 18.628 19.380 20.055 20.653 21.174 21.619 21.986 22.276 22.489 21.985
1.859 1.970 2.093 2.228 2.376 2.535 2.707 2.892 3.088 3.297 3.518 3.751 4.007 4.311 4.639 4.993 5.373 5.777 6.207 6.662 7.143 7.632 8.127 8.642 9.031 9.155 9.275 9.390 9.500 9.605 9.707 9.803 9.895 9.982 10.064 10.142 9.930 9.374 8.791 8.180 7.543 6.879 6.187 5.469 4.723 3.951 3.152 2.325 2.596 3.678 4.796 5.949 7.137 8.399 9.779 11.181 12.607 14.056 15.527 17.022 17.966 18.609 19.175 19.664 20.075 20.410 20.669 20.850 20.954 20.981 20.932 20.805 20.373
1.652 1.805 1.971 2.149 2.339 2.541 2.756 2.982 3.221 3.473 3.736 4.012 4.313 4.705 5.121 5.563 6.030 6.522 7.040 7.583 8.151 8.728 9.312 9.915 10.420 10.523 10.622 10.716 10.806 10.891 10.971 11.047 11.118 11.185 11.247 11.304 11.110 10.434 9.731 9.001 8.243 7.459 6.648 5.810 4.983 4.243 3.485 2.709 2.925 4.291 5.680 7.093 8.528 9.987 11.469 12.974 14.502 16.053 17.627 19.224 20.098 20.401 20.626 20.775 20.847 20.843 20.761 20.602 20.367 20.055 19.666 19.200 18.749
