DATA/SHG/ECMWF/20170628/EN-50/20170703.en-50.asc
ncols        190
nrows        64
xllcorner    -5100000.000000000000
yllcorner    4130000.000000000000
cellsize     10000.000000000000
NODATA_value  -99999.000
[rows 32 to 63 of 64, columns 0 to 73 of 190]
13.944 12.553 12.036 11.587 11.112 10.613 10.088 9.539 8.964 8.365 7.740 7.091 6.417 5.717 5.542 5.386 5.217 5.037 4.845 4.641 4.425 4.197 3.958 3.707 3.444 3.170 3.069 2.986 2.918 2.865 2.827 2.804 2.795 2.802 2.823 2.860 2.911 2.974 2.877 2.770 2.653 2.526 2.390 2.243 2.087 1.920 1.744 1.701 1.698 1.675 1.758 1.824 1.873 1.905 1.919 1.916 1.896 1.858 1.803 1.731 1.642 1.555 1.657 1.767 1.883 2.007 2.137 2.275 2.419 2.571 2.730 2.895 3.068 3.258
15.658 13.906 13.074 12.537 11.975 11.388 10.776 10.139 9.477 8.790 8.078 7.341 6.579 5.793 5.480 5.283 5.073 4.851 4.618 4.373 4.116 3.847 3.567 3.275 2.971 2.655 2.565 2.535 2.519 2.518 2.532 2.560 2.604 2.663 2.736 2.825 2.928 3.046 2.946 2.804 2.867 2.957 3.020 3.056 3.066 3.049 3.006 2.936 2.839 2.716 2.725 2.731 2.719 2.690 2.644 2.581 2.501 2.403 2.288 2.155 2.006 1.839 1.953 2.087 2.228 2.376 2.531 2.693 2.862 3.038 3.221 3.411 3.608 3.812
17.483 15.370 14.138 13.514 12.864 12.189 11.490 10.765 10.016 9.241 8.442 7.618 6.769 5.895 5.431 5.192 4.941 4.679 4.404 4.118 3.820 3.510 3.189 2.856 2.511 2.154 2.047 2.068 2.104 2.155 2.221 2.302 2.398 2.916 3.416 3.858 4.244 4.574 4.705 4.755 4.779 4.775 4.745 4.689 4.605 4.495 4.359 4.196 4.006 3.789 3.707 3.653 3.581 3.492 3.386 3.262 3.122 2.964 2.788 2.596 2.386 2.159 2.241 2.400 2.565 2.737 2.916 3.103 3.296 3.497 3.704 3.919 4.140 4.369
19.420 16.947 15.229 14.516 13.779 13.017 12.230 11.418 10.581 9.720 8.833 7.921 6.985 6.024 5.395 5.115 4.823 4.519 4.203 3.876 3.537 3.186 2.824 2.449 2.063 1.695 2.241 2.940 3.582 4.167 4.695 5.167 5.582 5.940 6.241 6.485 6.673 6.804 6.828 6.785 6.715 6.618 6.495 6.346 6.169 5.966 5.737 5.481 5.198 4.888 4.705 4.591 4.459 4.310 4.143 3.960 3.759 3.541 3.305 3.053 2.783 2.496 2.522 2.705 2.895 3.091 3.295 3.506 3.724 3.949 4.180 4.419 4.665 4.918
21.468 18.635 16.345 15.545 14.721 13.871 12.997 12.098 11.173 10.224 9.250 8.252 7.228 6.179 5.371 5.050 4.717 4.372 4.066 4.063 4.158 4.350 4.640 5.028 5.513 6.096 6.709 7.209 7.652 8.039 8.369 8.642 8.858 9.018 9.121 9.167 9.156 9.089 8.975 8.839 8.676 8.486 8.270 8.027 7.758 7.462 7.140 6.790 6.415 6.012 5.719 5.544 5.352 5.143 4.917 4.673 4.412 4.134 3.838 3.526 3.196 2.849 2.796 3.003 3.217 3.439 3.667 3.902 4.144 4.393 4.649 4.912 5.183 5.460
23.628 20.435 17.488 16.600 15.689 14.752 13.790 12.803 11.792 10.756 9.695 8.599 7.499 6.445 5.606 5.553 5.598 5.740 5.979 6.317 6.751 7.284 7.914 8.641 9.466 10.389 11.230 11.531 11.776 11.965 12.096 12.171 12.189 12.150 12.055 11.903 11.695 11.429 11.146 10.917 10.661 10.379 10.069 9.734 9.372 8.983 8.567 8.125 7.657 7.161 6.749 6.514 6.262 5.993 5.706 5.402 5.081 4.743 4.388 4.015 3.625 3.218 3.063 3.294 3.533 3.778 4.031 4.290 4.557 4.830 5.111 5.398 5.693 5.994
25.899 22.346 18.690 17.682 16.560 15.306 14.095 12.929 11.808 10.730 9.696 8.707 7.762 6.861 6.052 6.340 6.724 7.207 7.786 8.464 9.238 10.110 11.080 12.147 13.312 14.574 15.804 15.907 15.954 15.944 15.877 15.754 15.574 15.337 15.044 14.694 14.288 13.824 13.342 13.020 12.671 12.296 11.893 11.465 11.010 10.528 10.020 9.485 8.923 8.336 7.795 7.500 7.188 6.858 6.511 6.148 5.767 5.368 4.953 4.520 4.070 3.603 3.323 3.578 3.841 4.111 4.388 4.672 4.962 5.260 5.691 6.206 6.717 7.225
26.288 22.260 18.322 16.688 15.543 14.443 13.387 12.375 11.407 10.483 9.604 8.768 7.977 7.230 6.527 7.021 7.746 8.568 9.487 10.504 11.618 12.830 14.139 15.546 17.050 18.652 20.350 20.337 20.185 19.977 19.712 19.391 19.013 18.579 18.088 17.540 16.935 16.274 15.562 15.147 14.705 14.237 13.742 13.221 12.673 12.098 11.497 10.870 10.215 9.535 8.856 8.501 8.129 7.740 7.333 6.909 6.468 6.010 5.534 5.042 4.532 4.005 3.575 4.022 4.549 5.072 5.592 6.108 6.621 7.130 7.636 8.139 8.638 9.134
24.647 20.933 17.310 15.470 14.480 13.533 12.631 11.773 10.959 10.189 9.463 8.782 8.144 7.551 7.002 7.597 8.661 9.823 11.082 12.439 13.892 15.443 17.092 18.838 20.681 22.621 24.659 24.819 24.470 24.064 23.601 23.082 22.507 21.874 21.185 20.440 19.638 18.779 17.864 17.299 16.764 16.203 15.615 15.001 14.360 13.693 12.999 12.279 11.532 10.759 9.959 9.519 9.086 8.637 8.170 7.686 7.284 6.932 6.604 6.301 6.021 5.765 5.535 6.053 6.567 7.078 7.586 8.090 8.591 9.088 9.582 10.073 10.560 11.043
22.909 19.510 16.201 14.206 13.369 12.577 11.829 11.124 10.464 9.848 9.276 8.748 8.264 7.824 7.429 8.068 9.472 10.973 12.571 14.267 16.060 17.950 19.938 22.022 24.204 26.484 28.861 29.355 28.808 28.205 27.544 26.827 26.054 25.224 24.338 23.395 22.395 21.339 20.226 19.475 18.847 18.193 17.513 16.806 16.073 15.313 14.527 13.714 12.874 11.980 11.118 10.622 10.233 9.869 9.528 9.211 8.919 8.650 8.405 8.184 7.987 7.814 7.665 8.084 8.587 9.086 9.581 10.073 10.562 11.047 11.529 12.007 12.482 12.954
21.075 17.990 14.995 12.896 12.213 11.574 10.979 10.429 9.922 9.460 9.041 8.667 8.336 8.050 7.808 8.434 10.177 12.017 13.955 15.989 18.121 20.350 22.677 25.100 27.621 30.239 32.954 33.945 33.200 32.399 31.541 30.626 29.655 28.628 27.544 26.404 25.207 23.953 22.643 21.675 20.955 20.208 19.169 18.150 17.176 16.247 15.361 14.520 13.724 12.972 12.264 11.817 11.512 11.230 10.972 10.738 10.528 10.342 10.180 10.042 9.927 9.837 9.771 10.117 10.607 11.094 11.577 12.057 12.534 13.007 13.476 13.943 14.406 14.865
19.145 16.374 13.693 11.539 11.009 10.524 10.083 9.686 9.333 9.024 8.759 8.538 8.361 8.229 8.140 8.695 10.777 12.956 15.233 17.606 20.077 22.644 25.309 28.071 30.930 33.887 36.940 38.588 37.645 36.647 35.591 34.479 33.311 32.086 30.789 28.846 26.955 25.115 23.328 21.899 20.902 19.949 19.040 18.175 17.355 16.579 15.847 15.160 14.517 13.918 13.364 12.988 12.765 12.566 12.391 12.239 12.112 12.009 11.929 11.874 11.842 11.835 11.851 12.149 12.627 13.102 13.574 14.041 14.506 14.967 15.425 15.879 16.330 16.777
17.119 14.662 12.294 10.135 9.760 9.428 9.140 8.897 8.697 8.542 8.430 8.363 8.339 8.360 8.424 8.852 11.272 13.790 16.405 19.117 21.926 24.832 27.835 30.936 34.133 37.428 40.819 43.155 41.028 38.953 36.930 34.959 33.040 31.173 29.358 27.596 25.885 24.227 22.620 21.265 20.421 19.621 18.866 18.155 17.489 16.866 16.288 15.755 15.265 14.820 14.419 14.133 13.993 13.877 13.784 13.716 13.671 13.650 13.653 13.681 13.732 13.806 13.905 14.183 14.649 15.112 15.571 16.027 16.479 16.928 17.374 17.816 18.254 18.690
14.997 12.853 10.799 8.835 8.463 8.285 8.151 8.061 8.015 8.012 8.054 8.140 8.269 8.443 8.661 8.922 11.663 14.519 17.472 20.522 23.555 26.196 28.774 31.289 33.741 36.130 38.456 40.407 38.461 36.567 34.725 32.934 31.196 29.510 27.876 26.294 24.764 23.287 21.861 20.586 19.896 19.250 18.649 18.091 17.578 17.109 16.685 16.305 15.969 15.677 15.429 15.253 15.196 15.162 15.152 15.166 15.204 15.266 15.352 15.462 15.595 15.753 15.934 16.217 16.671 17.122 17.569 18.013 18.453 18.890 19.323 19.753 20.180 20.603
12.779 10.948 9.208 7.557 7.121 7.096 7.115 7.178 7.285 7.436 7.631 7.870 8.153 8.467 8.758 9.030 11.372 14.047 16.659 19.208 21.694 24.117 26.477 28.774 31.008 33.179 35.287 37.333 35.844 34.130 32.469 30.859 29.302 27.796 26.343 24.942 23.592 22.295 21.049 19.864 19.327 18.835 18.387 17.983 17.623 17.308 17.037 16.810 16.627 16.489 16.395 16.349 16.374 16.423 16.496 16.592 16.713 16.857 17.025 17.218 17.434 17.674 17.937 18.252 18.694 19.132 19.568 19.999 20.428 20.852 21.274 21.692 22.106 22.518
10.465 8.948 7.520 6.182 5.732 5.860 6.119 6.481 6.823 7.145 7.447 7.729 7.991 8.233 8.455 8.657 10.451 12.908 15.302 17.633 19.901 22.106 24.248 26.327 28.344 30.297 32.188 34.015 33.176 31.643 30.162 28.733 27.356 26.031 24.758 23.537 22.368 21.251 20.186 19.173 18.714 18.375 18.080 17.830 17.624 17.462 17.344 17.270 17.241 17.256 17.315 17.418 17.527 17.658 17.814 17.993 18.196 18.423 18.674 18.948 19.247 19.569 19.915 20.288 20.718 21.144 21.567 21.987 22.403 22.816 23.225 23.631 24.018 23.914
8.699 7.807 6.929 6.063 5.747 6.080 6.392 6.685 6.957 7.210 7.442 7.655 7.848 8.020 8.173 8.306 9.598 11.837 14.013 16.126 18.176 20.163 22.088 23.950 25.748 27.484 29.157 30.767 30.458 29.106 27.805 26.557 25.360 24.216 23.123 22.082 21.093 20.157 19.272 18.439 18.057 17.871 17.730 17.633 17.580 17.571 17.607 17.686 17.810 17.978 18.190 18.446 18.655 18.869 19.107 19.368 19.654 19.963 20.296 20.653 21.034 21.439 21.867 22.320 22.742 23.114 23.032 22.945 22.851 22.751 22.645 22.533 22.415 22.290
9.170 8.324 7.490 6.670 6.181 6.444 6.687 6.910 7.113 7.297 7.460 7.603 7.726 7.830 7.913 7.976 8.812 10.833 12.791 14.687 16.519 18.289 19.996 21.640 23.221 24.740 26.195 27.588 27.690 26.518 25.398 24.329 23.313 22.349 21.436 20.576 19.767 19.010 18.306 17.653 17.356 17.324 17.336 17.392 17.492 17.636 17.825 18.057 18.334 18.655 19.020 19.429 19.758 20.054 20.375 20.719 21.087 21.478 21.835 21.855 21.864 21.865 21.856 21.837 21.761 21.665 21.563 21.454 21.339 21.219 21.092 20.959 20.820 20.674
9.626 8.825 8.037 7.262 6.636 6.830 7.003 7.157 7.291 7.405 7.499 7.572 7.626 7.660 7.675 7.669 8.094 9.897 11.638 13.316 14.931 16.483 17.973 19.399 20.763 22.064 23.302 24.478 24.871 23.879 22.939 22.051 21.215 20.431 19.699 19.018 18.390 17.813 17.288 16.815 16.611 16.732 16.897 17.106 17.360 17.657 17.998 18.384 18.814 19.288 19.805 20.309 20.475 20.519 20.553 20.578 20.593 20.599 20.595 20.582 20.559 20.527 20.485 20.434 20.341 20.224 20.101 19.971 19.836 19.694 19.546 19.392 19.232 19.066
10.067 9.311 8.569 7.840 7.123 7.237 7.341 7.425 7.490 7.534 7.559 7.563 7.548 7.513 7.458 7.383 7.443 9.029 10.552 12.012 13.410 14.745 16.017 17.227 18.373 19.457 20.478 21.437 22.002 21.190 20.431 19.723 19.067 18.463 17.910 17.410 16.961 16.564 16.219 15.926 15.823 16.097 16.415 16.777 17.152 17.461 17.768 18.072 18.373 18.671 18.967 19.259 19.441 19.452 19.454 19.446 19.428 19.402 19.365 19.319 19.264 19.199 19.125 19.041 18.929 18.790 18.646 18.496 18.339 18.177 18.008 17.833 17.652 17.465
10.493 9.783 9.086 8.402 7.731 7.665 7.700 7.715 7.710 7.685 7.640 7.576 7.491 7.387 7.263 7.118 6.954 8.228 9.533 10.777 11.957 13.075 14.130 15.122 16.052 16.919 17.723 18.464 19.083 18.451 17.872 17.344 16.867 16.443 16.071 15.750 15.481 15.284 15.143 15.008 14.944 15.255 15.564 15.869 16.172 16.472 16.769 17.064 17.355 17.644 17.930 18.214 18.418 18.396 18.365 18.325 18.275 18.215 18.146 18.068 17.980 17.882 17.775 17.659 17.524 17.365 17.199 17.028 16.851 16.667 16.478 16.282 16.080 15.872
10.905 10.240 9.588 8.949 8.324 8.114 8.080 8.025 7.951 7.857 7.744 7.610 7.456 7.282 7.089 6.876 6.642 7.494 8.583 9.609 10.572 11.473 12.311 13.086 13.799 14.449 15.036 15.560 16.022 15.662 15.358 15.201 15.049 14.901 14.759 14.621 14.487 14.359 14.235 14.116 14.006 14.307 14.606 14.902 15.196 15.486 15.774 16.059 16.342 16.621 16.898 17.172 17.405 17.351 17.288 17.214 17.132 17.040 16.938 16.827 16.706 16.576 16.437 16.288 16.126 15.946 15.760 15.568 15.370 15.165 14.955 14.738 14.516 14.287
11.302 10.682 10.075 9.482 8.902 8.584 8.481 8.357 8.214 8.051 7.868 7.665 7.442 7.200 6.937 6.654 6.352 6.827 7.699 8.508 9.255 9.938 10.560 11.219 11.935 12.614 13.257 13.864 14.435 14.459 14.313 14.173 14.037 13.906 13.780 13.659 13.542 13.430 13.323 13.221 13.123 13.363 13.653 13.940 14.224 14.505 14.783 15.059 15.332 15.602 15.870 16.134 16.396 16.317 16.220 16.115 15.999 15.875 15.740 15.597 15.444 15.281 15.109 14.928 14.736 14.535 14.329 14.115 13.896 13.671 13.440 13.202 12.959 12.709
11.684 11.109 10.548 10.000 9.465 9.076 8.903 8.711 8.498 8.266 8.014 7.742 7.450 7.138 6.806 6.455 6.146 6.415 7.222 7.992 8.727 9.426 10.088 10.715 11.305 11.860 12.378 12.861 13.307 13.393 13.265 13.141 13.022 12.908 12.798 12.693 12.593 12.498 12.407 12.322 12.240 12.423 12.703 12.980 13.255 13.527 13.796 14.063 14.326 14.587 14.845 15.100 15.353 15.292 15.164 15.025 14.877 14.720 14.553 14.377 14.192 13.997 13.792 13.578 13.354 13.132 12.904 12.670 12.430 12.184 11.932 11.674 11.409 11.139
12.051 11.522 11.006 10.503 10.013 9.589 9.347 9.085 8.804 8.514 8.231 7.953 7.678 7.409 7.143 6.882 6.625 6.696 7.378 8.024 8.634 9.208 9.746 10.248 10.714 11.144 11.538 11.896 12.218 12.325 12.213 12.106 12.003 11.905 11.812 11.724 11.641 11.562 11.488 11.419 11.354 11.486 11.757 12.025 12.291 12.553 12.813 13.070 13.324 13.576 13.824 14.070 14.313 14.279 14.117 13.947 13.766 13.576 13.377 13.168 12.950 12.723 12.486 12.239 11.983 11.737 11.488 11.233 10.972 10.705 10.432 10.153 9.868 9.576
12.404 11.920 11.444 10.964 10.478 9.999 9.714 9.432 9.156 8.883 8.615 8.352 8.093 7.838 7.587 7.341 7.100 7.015 7.572 8.094 8.579 9.029 9.442 9.820 10.161 10.467 10.737 10.970 11.168 11.252 11.157 11.066 10.980 10.899 10.823 10.751 10.684 10.622 10.565 10.512 10.464 10.554 10.815 11.074 11.330 11.583 11.833 12.081 12.326 12.568 12.807 13.044 13.278 13.276 13.082 12.878 12.666 12.443 12.212 11.970 11.720 11.459 11.190 10.911 10.622 10.348 10.079 9.803 9.521 9.403 9.331 9.247 9.150 9.041
12.827 12.338 11.843 11.343 10.836 10.324 10.032 9.766 9.504 9.247 8.994 8.746 8.502 8.262 8.026 7.796 7.569 7.372 7.804 8.201 8.562 8.887 9.177 9.430 9.647 9.828 9.973 10.083 10.156 10.176 10.098 10.024 9.954 9.890 9.830 9.775 9.724 9.679 9.638 9.601 9.570 9.625 9.877 10.126 10.373 10.617 10.858 11.096 11.332 11.564 11.795 12.022 12.246 12.283 12.057 11.821 11.576 11.321 11.056 10.783 10.500 10.207 10.079 10.002 9.933 9.873 9.807 9.729 9.639 9.537 9.423 9.296 9.158 9.008
13.272 12.763 12.248 11.727 11.201 10.669 10.345 10.094 9.848 9.606 9.368 9.134 8.905 8.681 8.460 8.245 8.033 7.826 8.074 8.347 8.583 8.784 8.949 9.078 9.171 9.228 9.249 9.234 9.183 9.097 9.035 8.977 8.924 8.876 8.833 8.794 8.760 8.731 8.707 8.687 8.672 8.700 8.942 9.182 9.420 9.654 9.886 10.115 10.341 10.565 10.785 11.003 11.218 11.301 11.042 10.910 10.810 10.717 10.631 10.551 10.478 10.411 10.351 10.297 10.250 10.184 10.077 9.957 9.825 9.682 9.526 9.358 9.177 8.985
13.723 13.193 12.658 12.118 11.571 11.019 10.654 10.418 10.186 9.959 9.736 9.518 9.304 9.094 8.889 8.688 8.492 8.300 8.382 8.530 8.642 8.719 8.759 8.764 8.733 8.665 8.562 8.423 8.248 8.037 7.968 7.927 7.891 7.859 7.832 7.810 7.793 7.780 7.772 7.769 7.771 7.778 8.012 8.243 8.471 8.696 8.918 9.138 9.484 9.844 10.202 10.555 10.905 11.191 11.101 11.017 10.940 10.870 10.806 10.748 10.698 10.653 10.616 10.585 10.560 10.508 10.358 10.197 10.023 9.838 9.640 9.430 9.208 8.974
14.179 13.630 13.075 12.514 11.948 11.376 10.957 10.736 10.520 10.308 10.100 9.897 9.698 9.503 9.313 9.127 8.946 8.769 8.727 8.751 8.739 8.692 8.608 8.488 8.333 8.141 7.914 7.651 7.352 7.017 6.897 6.873 6.853 6.838 6.828 6.822 6.822 6.826 6.834 6.848 6.866 7.027 7.374 7.744 8.110 8.473 8.832 9.188 9.540 9.889 10.233 10.575 10.912 11.246 11.179 11.118 11.064 11.016 10.974 10.940 10.911 10.890 10.874 10.866 10.864 10.842 10.651 10.448 10.232 10.005 9.766 9.514 9.251 8.975
14.642 14.073 13.498 12.917 12.330 11.738 11.255 11.049 10.848 10.651 10.458 10.270 10.086 9.907 9.732 9.561 9.394 9.232 9.110 9.010 8.874 8.702 8.494 8.251 7.971 7.656 7.304 6.917 6.494 6.035 5.823 5.815 5.812 5.814 5.945 6.091 6.246 6.413 6.591 6.779 6.978 7.188 7.508 7.866 8.220 8.570 8.917 9.260 9.600 9.936 10.268 10.597 10.922 11.244 11.251 11.212 11.181 11.155 11.136 11.124 11.118 11.119 11.126 11.140 11.161 11.188 10.955 10.710 10.453 10.184 9.903 9.610 9.305 8.987
15.111 14.521 13.926 13.325 12.719 12.106 11.548 11.358 11.171 10.989 10.812 10.638 10.470 10.305 10.145 9.989 9.838 9.691 9.531 9.307 9.047 8.751 8.419 8.051 7.647 7.208 6.734 6.278 5.832 5.398 5.212 5.351 5.501 5.662 5.834 6.016 6.210 6.414 6.628 6.854 7.090 7.337 7.646 7.991 8.333 8.671 9.005 9.336 9.663 9.987 10.307 10.624 10.936 11.246 11.316 11.300 11.291 11.288 11.292 11.302 11.319 11.342 11.372 11.408 11.451 11.501 11.270 10.983 10.685 10.374 10.051 9.717 9.370 9.011
