DATA/SHG/ECMWF/20170628/EN-50/20170709.en-50.asc
ncols        190
nrows        64
xllcorner    -5100000.000000000000
yllcorner    4130000.000000000000
cellsize     10000.000000000000
NODATA_value  -99999.000
[rows 0 to 33 of 64, columns 75 to 149 of 190]
8.168 8.840 9.528 10.231 10.949 11.683 12.355 12.830 13.248 13.621 13.948 14.230 14.466 14.657 14.802 14.903 14.957 14.966 14.816 14.281 13.762 13.246 12.733 12.223 11.715 11.210 10.708 10.209 9.713 9.219 8.807 8.663 8.530 8.409 8.300 8.203 8.118 8.045 7.984 7.935 7.898 7.873 7.776 7.419 7.055 6.685 6.307 5.923 5.533 5.135 4.731 4.320 3.902 3.478 3.143 3.086 3.028 2.969 2.908 2.846 2.782 2.717 2.650 2.582 2.512 2.441 2.345 2.190 2.045 1.913 1.791 1.680 1.581 1.493 1.416
8.936 9.670 10.404 11.137 11.870 12.602 13.263 13.567 13.826 14.040 14.208 14.331 14.409 14.441 14.427 14.369 14.265 14.115 13.886 13.364 12.858 12.354 11.854 11.356 10.861 10.368 9.879 9.392 8.908 8.427 7.991 7.900 7.821 7.754 7.698 7.655 7.624 7.604 7.597 7.601 7.617 7.646 7.632 7.245 6.851 6.450 6.042 5.628 5.207 4.780 4.345 3.904 3.456 3.001 2.596 2.533 2.468 2.402 2.335 2.266 2.196 2.124 2.050 1.976 1.899 1.821 1.737 1.632 1.537 1.454 1.382 1.322 1.272 1.234 1.206
9.839 10.571 11.303 12.035 12.766 13.497 14.200 14.346 14.446 14.500 14.510 14.474 14.393 14.266 14.094 13.877 13.614 13.306 12.953 12.446 11.952 11.461 10.973 10.487 10.004 9.525 9.047 8.573 8.101 7.633 7.167 7.126 7.100 7.086 7.084 7.095 7.117 7.151 7.197 7.255 7.324 7.406 7.495 7.078 6.654 6.223 5.785 5.341 4.889 4.432 3.967 3.495 3.017 2.532 2.051 1.982 1.911 1.838 1.764 1.688 1.611 1.533 1.453 1.371 1.288 1.204 1.156 1.168 1.182 1.197 1.214 1.232 1.251 1.271 1.292
10.741 11.472 12.202 12.932 13.661 14.390 15.119 15.164 15.105 15.001 14.852 14.658 14.418 14.132 13.802 13.426 13.005 12.539 12.027 11.526 11.044 10.566 10.090 9.617 9.147 8.679 8.214 7.752 7.293 6.837 6.383 6.339 6.367 6.407 6.458 6.522 6.598 6.685 6.784 6.896 7.019 7.154 7.301 6.919 6.464 6.003 5.535 5.061 4.579 4.091 3.596 3.095 2.586 2.071 1.549 1.433 1.355 1.337 1.369 1.390 1.399 1.397 1.384 1.360 1.325 1.278 1.221 1.233 1.253 1.274 1.296 1.319 1.343 1.369 1.396
11.642 12.371 13.100 13.828 14.556 15.283 16.009 16.023 15.806 15.543 15.235 14.882 14.484 14.040 13.552 13.017 12.438 11.813 11.143 10.604 10.135 9.669 9.205 8.745 8.287 7.832 7.380 6.930 6.483 6.039 5.598 5.541 5.622 5.715 5.820 5.937 6.066 6.207 6.360 6.524 6.701 6.890 7.090 6.767 6.283 5.791 5.293 4.788 4.302 3.851 3.422 3.015 2.629 2.265 1.922 1.866 1.870 1.863 1.845 1.816 1.775 1.724 1.661 1.587 1.502 1.406 1.298 1.297 1.322 1.348 1.376 1.405 1.435 1.466 1.499
12.542 13.270 13.997 14.723 15.449 16.174 16.899 16.923 16.547 16.126 15.660 15.148 14.591 13.990 13.342 12.650 11.913 11.130 10.302 9.681 9.224 8.770 8.319 7.871 7.426 6.983 6.543 6.106 5.671 5.240 4.811 4.731 4.865 5.012 5.170 5.340 5.523 5.717 5.923 6.148 6.367 6.569 6.754 6.499 6.037 5.596 5.177 4.779 4.403 4.049 3.716 3.405 3.115 2.847 2.601 2.502 2.457 2.400 2.332 2.253 2.162 2.061 1.948 1.825 1.690 1.544 1.386 1.359 1.390 1.422 1.455 1.489 1.525 1.562 1.600
13.442 14.167 14.892 15.617 16.341 17.065 17.788 17.863 17.328 16.749 16.125 15.455 14.740 13.980 13.175 12.324 11.429 10.488 9.502 8.756 8.311 7.870 7.431 6.996 6.562 6.132 5.705 5.280 4.858 4.439 4.108 4.119 4.397 4.658 4.903 5.131 5.342 5.536 5.713 5.874 6.018 6.145 6.256 6.096 5.730 5.386 5.063 4.761 4.482 4.223 3.987 3.772 3.579 3.407 3.257 3.149 3.054 2.947 2.829 2.700 2.560 2.409 2.247 2.073 1.889 1.693 1.486 1.421 1.457 1.494 1.533 1.573 1.614 1.656 1.700
14.340 15.063 15.787 16.510 17.232 17.954 18.675 18.843 18.150 17.413 16.630 15.802 14.930 14.011 13.048 12.040 10.987 9.888 8.744 7.829 7.397 7.027 6.692 6.371 6.064 5.771 5.492 5.226 4.973 4.735 4.510 4.461 4.664 4.851 5.021 5.174 5.310 5.430 5.533 5.619 5.688 5.741 5.777 5.671 5.401 5.153 4.926 4.721 4.537 4.375 4.235 4.116 4.019 3.943 3.889 3.807 3.662 3.505 3.338 3.159 2.969 2.768 2.556 2.333 2.099 1.853 1.596 1.480 1.522 1.565 1.609 1.654 1.701 1.749 1.798
15.237 15.959 16.680 17.402 18.122 18.842 19.562 19.863 19.013 18.117 17.177 16.191 15.160 14.061 12.871 11.705 10.563 9.444 8.350 7.451 7.150 6.863 6.590 6.330 6.084 5.852 5.634 5.429 5.237 5.060 4.896 4.821 4.949 5.061 5.157 5.235 5.297 5.342 5.370 5.382 5.377 5.355 5.316 5.223 5.049 4.897 4.767 4.658 4.570 4.504 4.460 4.437 4.436 4.457 4.499 4.475 4.280 4.074 3.856 3.628 3.389 3.138 2.876 2.603 2.319 2.024 1.718 1.539 1.586 1.634 1.684 1.735 1.787 1.840 1.895
16.133 16.853 17.573 18.293 19.011 19.730 20.346 20.498 19.247 18.021 16.818 15.640 14.485 13.355 12.248 11.165 10.107 9.072 8.062 7.150 6.911 6.685 6.472 6.274 6.089 5.918 5.760 5.616 5.486 5.370 5.267 5.198 5.252 5.290 5.310 5.314 5.301 5.272 5.226 5.163 5.083 4.987 4.874 4.753 4.675 4.619 4.585 4.572 4.581 4.611 4.663 4.736 4.831 4.947 5.085 5.153 4.909 4.653 4.386 4.108 3.819 3.519 3.207 2.885 2.551 2.207 1.851 1.596 1.648 1.702 1.758 1.814 1.872 1.931 1.991
16.672 17.115 17.536 17.933 18.306 18.657 18.984 19.269 18.102 16.959 15.840 14.745 13.674 12.627 11.604 10.605 9.630 8.679 7.752 6.851 6.656 6.491 6.340 6.202 6.078 5.968 5.871 5.789 5.719 5.664 5.622 5.594 5.573 5.536 5.482 5.411 5.324 5.220 5.100 4.962 4.808 4.638 4.450 4.261 4.279 4.319 4.381 4.464 4.568 4.694 4.842 5.011 5.202 5.414 5.648 5.843 5.548 5.243 4.926 4.599 4.260 3.910 3.549 3.177 2.794 2.400 1.994 1.651 1.710 1.769 1.830 1.892 1.955 2.019 2.085
15.821 16.183 16.522 16.838 17.130 17.399 17.645 17.867 16.936 15.877 14.842 13.830 12.843 11.879 10.940 10.025 9.133 8.266 7.422 6.605 6.386 6.282 6.192 6.115 6.052 6.003 5.967 5.945 5.937 5.942 5.961 5.994 5.912 5.800 5.672 5.527 5.365 5.187 4.992 4.780 4.552 4.307 4.045 3.767 3.861 3.996 4.154 4.333 4.533 4.755 4.999 5.264 5.550 5.858 6.188 6.539 6.199 5.844 5.477 5.100 4.712 4.312 3.902 3.480 3.048 2.604 2.140 1.693 1.751 1.813 1.879 1.949 2.023 2.101 2.182
14.992 15.274 15.531 15.766 15.977 16.165 16.329 16.470 15.750 14.775 13.823 12.895 11.991 11.111 10.255 9.423 8.615 7.831 7.071 6.338 6.102 6.059 6.029 6.014 6.011 6.023 6.048 6.087 6.139 6.205 6.285 6.379 6.268 6.082 5.879 5.660 5.424 5.171 4.902 4.616 4.314 3.994 3.658 3.306 3.420 3.652 3.905 4.180 4.476 4.794 5.133 5.494 5.876 6.280 6.705 7.152 6.859 6.401 5.886 5.382 4.887 4.402 3.927 3.462 3.006 2.561 2.125 1.700 1.742 1.821 1.904 1.991 2.082 2.177 2.276
14.187 14.387 14.564 14.717 14.847 14.954 15.037 15.097 14.544 13.652 12.784 11.940 11.119 10.323 9.550 8.802 8.077 7.376 6.699 6.050 5.802 5.820 5.851 5.896 5.955 6.028 6.114 6.213 6.326 6.453 6.594 6.748 6.642 6.382 6.105 5.811 5.501 5.174 4.831 4.470 4.094 3.700 3.290 2.863 2.957 3.284 3.633 4.004 4.396 4.782 5.153 5.508 5.847 6.171 6.479 6.772 6.463 5.982 5.511 5.051 4.600 4.159 3.727 3.306 2.894 2.493 2.101 1.719 1.728 1.825 1.925 2.030 2.138 2.250 2.366
13.405 13.524 13.619 13.691 13.740 13.766 13.768 13.747 13.318 12.510 11.725 10.964 10.227 9.514 8.824 8.159 7.518 6.900 6.307 5.741 5.488 5.566 5.658 5.764 5.884 6.017 6.164 6.324 6.498 6.686 6.887 7.102 7.034 6.700 6.348 5.981 5.596 5.195 4.777 4.361 3.964 3.573 3.190 2.813 2.894 3.274 3.637 3.986 4.318 4.635 4.936 5.222 5.491 5.746 5.984 6.207 5.991 5.554 5.127 4.710 4.303 3.906 3.518 3.140 2.773 2.415 2.066 1.728 1.711 1.824 1.942 2.064 2.189 2.319 2.452
12.645 12.683 12.697 12.689 12.656 12.601 12.522 12.420 12.072 11.347 10.645 9.968 9.314 8.684 8.078 7.496 6.938 6.404 5.893 5.411 5.158 5.297 5.450 5.617 5.797 5.991 6.199 6.420 6.654 6.903 7.143 7.367 7.322 6.907 6.499 6.098 5.703 5.316 4.935 4.562 4.195 3.835 3.483 3.137 3.111 3.421 3.715 3.994 4.257 4.504 4.736 4.952 5.152 5.337 5.506 5.660 5.510 5.117 4.734 4.360 3.997 3.643 3.299 2.965 2.641 2.327 2.022 1.728 1.689 1.820 1.955 2.094 2.237 2.383 2.534
11.909 11.865 11.799 11.709 11.596 11.459 11.300 11.117 10.806 10.164 9.546 8.952 8.381 7.835 7.312 6.813 6.338 5.887 5.459 5.061 4.814 5.035 5.274 5.509 5.741 5.969 6.194 6.416 6.634 6.849 7.061 7.269 7.301 6.916 6.539 6.168 5.805 5.448 5.098 4.755 4.419 4.090 3.768 3.453 3.344 3.584 3.809 4.018 4.212 4.389 4.552 4.698 4.830 4.945 5.045 5.129 5.020 4.670 4.331 4.001 3.681 3.371 3.071 2.781 2.500 2.229 1.969 1.718 1.664 1.812 1.965 2.121 2.281 2.444 2.612
11.195 11.070 10.923 10.752 10.558 10.341 10.100 9.836 9.520 8.961 8.426 7.915 7.428 6.972 6.630 6.299 5.981 5.673 5.377 5.091 4.863 5.090 5.314 5.534 5.751 5.965 6.175 6.381 6.585 6.785 6.981 7.175 7.272 6.918 6.571 6.231 5.898 5.572 5.253 4.941 4.636 4.337 4.046 3.761 3.593 3.764 3.919 4.059 4.183 4.292 4.384 4.462 4.524 4.570 4.600 4.615 4.520 4.214 3.918 3.632 3.356 3.090 2.833 2.586 2.349 2.122 1.905 1.698 1.635 1.801 1.970 2.143 2.320 2.501 2.686
10.504 10.298 10.070 9.818 9.543 9.245 8.942 8.720 8.505 8.148 7.800 7.464 7.139 6.825 6.523 6.233 5.954 5.687 5.432 5.186 4.948 5.149 5.358 5.563 5.765 5.964 6.159 6.351 6.539 6.724 6.906 7.085 7.235 6.912 6.596 6.287 5.984 5.689 5.401 5.119 4.844 4.577 4.316 4.062 3.858 3.959 4.045 4.116 4.171 4.210 4.234 4.242 4.234 4.211 4.172 4.118 4.011 3.749 3.496 3.254 3.021 2.798 2.586 2.382 2.189 2.006 1.832 1.668 1.602 1.785 1.971 2.162 2.356 2.554 2.756
9.853 9.615 9.383 9.158 8.939 8.727 8.521 8.322 8.129 7.831 7.523 7.226 6.942 6.668 6.407 6.157 5.918 5.691 5.476 5.270 5.073 5.212 5.406 5.596 5.783 5.967 6.147 6.324 6.497 6.668 6.835 6.998 7.158 6.899 6.613 6.335 6.063 5.798 5.540 5.289 5.045 4.808 4.578 4.355 4.139 4.171 4.188 4.189 4.175 4.145 4.099 4.038 3.961 3.869 3.761 3.637 3.492 3.274 3.065 2.866 2.677 2.498 2.328 2.169 2.019 1.879 1.749 1.629 1.565 1.765 1.969 2.177 2.388 2.603 2.823
9.291 9.076 8.867 8.664 8.468 8.278 8.095 7.919 7.749 7.503 7.235 6.979 6.734 6.501 6.280 6.070 5.871 5.685 5.509 5.344 5.187 5.278 5.457 5.632 5.805 5.973 6.139 6.301 6.459 6.615 6.767 6.915 7.061 6.878 6.623 6.375 6.134 5.900 5.673 5.452 5.239 5.032 4.833 4.640 4.454 4.400 4.347 4.279 4.196 4.096 3.982 3.851 3.705 3.544 3.367 3.174 2.966 2.789 2.624 2.469 2.323 2.188 2.062 1.946 1.839 1.743 1.656 1.599 1.579 1.833 2.090 2.351 2.615 2.882 3.152
8.724 8.531 8.345 8.165 7.991 7.825 7.664 7.510 7.363 7.165 6.937 6.721 6.517 6.324 6.142 5.973 5.814 5.668 5.532 5.408 5.292 5.348 5.512 5.673 5.830 5.984 6.134 6.281 6.425 6.566 6.703 6.836 6.967 6.850 6.625 6.408 6.198 5.994 5.797 5.608 5.425 5.249 5.080 4.917 4.762 4.644 4.523 4.385 4.232 4.064 3.880 3.681 3.466 3.235 2.989 2.727 2.450 2.296 2.225 2.227 2.221 2.207 2.185 2.156 2.119 2.075 2.023 1.963 1.895 2.141 2.413 2.688 2.967 3.249 3.534
8.151 7.981 7.817 7.660 7.509 7.365 7.227 7.096 6.971 6.816 6.629 6.453 6.289 6.136 5.995 5.865 5.747 5.641 5.545 5.461 5.385 5.422 5.571 5.716 5.859 5.998 6.133 6.266 6.394 6.520 6.642 6.761 6.877 6.814 6.620 6.434 6.254 6.081 5.915 5.755 5.603 5.458 5.319 5.187 5.063 4.905 4.714 4.508 4.286 4.057 3.850 3.660 3.487 3.331 3.192 3.071 2.966 2.928 2.903 2.871 2.831 2.783 2.727 2.664 2.593 2.514 2.428 2.334 2.232 2.446 2.733 3.023 3.316 3.612 3.911
7.574 7.426 7.285 7.150 7.022 6.900 6.785 6.677 6.574 6.458 6.311 6.175 6.051 5.939 5.837 5.748 5.670 5.603 5.548 5.504 5.469 5.499 5.633 5.764 5.891 6.015 6.136 6.253 6.368 6.478 6.586 6.690 6.790 6.771 6.608 6.452 6.302 6.160 6.024 5.895 5.765 5.617 5.463 5.303 5.137 4.944 4.744 4.561 4.396 4.247 4.116 4.002 3.904 3.824 3.761 3.716 3.687 3.648 3.589 3.522 3.448 3.365 3.276 3.178 3.073 2.960 2.840 2.712 2.576 2.748 3.049 3.353 3.660 3.971 4.285
6.991 6.866 6.747 6.635 6.530 6.430 6.338 6.252 6.172 6.090 5.983 5.887 5.803 5.731 5.670 5.620 5.582 5.555 5.540 5.536 5.542 5.579 5.699 5.815 5.927 6.037 6.143 6.245 6.344 6.440 6.533 6.627 6.736 6.777 6.645 6.508 6.364 6.213 6.057 5.894 5.725 5.550 5.368 5.180 4.986 4.812 4.688 4.582 4.492 4.419 4.363 4.325 4.304 4.299 4.312 4.342 4.389 4.374 4.281 4.180 4.072 3.955 3.831 3.700 3.561 3.414 3.259 3.097 2.927 3.045 3.361 3.679 4.002 4.327 4.655
6.402 6.300 6.204 6.115 6.032 5.955 5.885 5.822 5.764 5.712 5.645 5.589 5.545 5.513 5.492 5.482 5.484 5.497 5.522 5.559 5.604 5.664 5.745 5.798 5.864 5.942 6.031 6.134 6.248 6.375 6.515 6.666 6.830 6.939 6.780 6.614 6.443 6.264 6.080 5.889 5.692 5.489 5.279 5.063 4.841 4.663 4.615 4.584 4.570 4.573 4.593 4.630 4.684 4.756 4.844 4.950 5.073 5.107 4.980 4.845 4.703 4.552 4.394 4.229 4.055 3.874 3.686 3.489 3.286 3.339 3.669 4.002 4.339 4.679 5.022
5.809 5.729 5.656 5.589 5.528 5.474 5.427 5.386 5.351 5.323 5.297 5.281 5.277 5.284 5.299 5.287 5.272 5.254 5.232 5.214 5.201 5.186 5.279 5.387 5.507 5.639 5.784 5.941 6.110 6.292 6.486 6.692 6.911 7.109 6.922 6.728 6.528 6.322 6.110 5.891 5.666 5.435 5.197 4.953 4.703 4.496 4.523 4.568 4.630 4.708 4.804 4.917 5.047 5.194 5.358 5.539 5.738 5.848 5.686 5.517 5.341 5.156 4.964 4.764 4.557 4.342 4.119 3.889 3.651 3.629 3.974 4.322 4.673 5.027 5.385
5.210 5.153 5.102 5.058 5.020 4.988 4.963 4.947 4.942 4.936 4.928 4.919 4.905 4.889 4.869 4.846 4.819 4.789 4.756 4.726 4.702 4.675 4.799 4.961 5.136 5.323 5.523 5.734 5.958 6.195 6.443 6.704 6.977 7.263 7.070 6.849 6.621 6.387 6.146 5.900 5.647 5.388 5.122 4.850 4.572 4.311 4.414 4.534 4.671 4.826 4.997 5.186 5.391 5.614 5.854 6.110 6.384 6.595 6.399 6.196 5.986 5.767 5.541 5.307 5.066 4.817 4.560 4.296 4.024 3.916 4.275 4.637 5.003 5.371 5.744
4.618 4.619 4.619 4.616 4.612 4.606 4.599 4.589 4.578 4.565 4.548 4.527 4.502 4.474 4.442 4.407 4.369 4.328 4.283 4.242 4.206 4.167 4.306 4.523 4.752 4.994 5.248 5.515 5.793 6.084 6.387 6.703 7.031 7.371 7.225 6.976 6.720 6.458 6.190 5.915 5.634 5.347 5.054 4.754 4.448 4.136 4.287 4.482 4.695 4.925 5.172 5.436 5.717 6.016 6.331 6.663 7.012 7.349 7.120 6.882 6.638 6.385 6.125 5.857 5.582 5.299 5.008 4.710 4.404 4.199 4.572 4.949 5.329 5.712 6.099
4.304 4.300 4.293 4.285 4.274 4.262 4.249 4.233 4.216 4.197 4.171 4.138 4.102 4.062 4.019 3.973 3.923 3.870 3.814 3.762 3.714 3.663 3.800 4.071 4.355 4.652 4.960 5.281 5.615 5.960 6.318 6.688 7.070 7.465 7.387 7.110 6.826 6.536 6.240 5.937 5.629 5.314 4.993 4.665 4.331 3.991 4.141 4.413 4.701 5.007 5.329 5.669 6.025 6.399 6.790 7.197 7.622 8.064 7.847 7.575 7.297 7.010 6.716 6.414 6.105 5.788 5.463 5.131 4.791 4.457 4.785 5.109 5.429 5.745 6.057
3.993 3.982 3.969 3.955 3.939 3.921 3.901 3.879 3.856 3.831 3.798 3.754 3.706 3.655 3.600 3.542 3.481 3.416 3.348 3.284 3.225 3.163 3.280 3.606 3.945 4.296 4.659 5.035 5.423 5.823 6.235 6.660 7.096 7.545 7.555 7.250 6.939 6.621 6.297 5.967 5.630 5.287 4.938 4.583 4.221 3.853 3.978 4.325 4.689 5.070 5.468 5.883 6.315 6.764 7.230 7.713 8.214 8.731 8.581 8.276 7.942 7.560 7.173 6.780 6.380 5.975 5.563 5.146 4.722 4.293 4.555 4.862 5.164 5.462 5.756
3.683 3.666 3.648 3.627 3.605 3.581 3.555 3.528 3.498 3.467 3.428 3.372 3.313 3.250 3.184 3.115 3.042 2.966 2.887 2.811 2.740 2.666 2.747 3.128 3.522 3.927 4.345 4.775 5.217 5.672 6.138 6.618 7.109 7.612 7.730 7.397 7.058 6.712 6.361 6.002 5.638 5.267 4.890 4.507 4.118 3.722 3.797 4.220 4.659 5.116 5.589 6.082 6.584 7.080 7.569 8.051 8.527 8.996 8.856 8.460 8.058 7.650 7.236 6.816 6.390 5.958 5.520 5.076 4.626 4.170 4.330 4.619 4.903 5.184 5.460
3.376 3.353 3.328 3.301 3.273 3.243 3.211 3.178 3.142 3.105 3.062 2.995 2.924 2.850 2.772 2.691 2.607 2.519 2.428 2.341 2.258 2.173 2.202 2.637 3.085 3.545 4.017 4.501 4.998 5.507 6.029 6.562 7.108 7.666 7.912 7.551 7.184 6.811 6.431 6.045 5.653 5.254 4.862 4.509 4.165 3.832 3.899 4.405 4.904 5.397 5.883 6.363 6.836 7.302 7.762 8.215 8.662 9.102 9.032 8.609 8.181 7.746 7.305 6.859 6.406 5.947 5.483 5.012 4.535 4.053 4.109 4.380 4.647 4.910 5.169
3.070 3.041 3.010 2.978 2.943 2.907 2.870 2.830 2.789 2.746 2.700 2.620 2.538 2.452 2.363 2.271 2.175 2.076 1.974 1.875 1.780 1.683 1.643 2.132 2.635 3.149 3.676 4.215 4.766 5.329 5.905 6.493 7.093 7.705 8.078 7.689 7.310 6.940 6.581 6.232 5.892 5.563 5.244 4.934 4.634 4.345 4.332 4.809 5.279 5.743 6.200 6.650 7.094 7.531 7.962 8.386 8.803 9.214 9.214 8.765 8.309 7.848 7.381 6.907 6.428 5.943 5.451 4.954 4.451 3.942 3.892 4.146 4.395 4.640 4.881
