DATA/SHG/ECMWF/20170628/EN-50/20170712.en-50.asc
ncols        190
nrows        64
xllcorner    -5100000.000000000000
yllcorner    4130000.000000000000
cellsize     10000.000000000000
NODATA_value  -99999.000
[rows 32 to 63 of 64, columns 0 to 73 of 190]
11.621 10.867 10.530 10.237 9.947 9.660 9.376 9.094 8.816 8.540 8.267 7.996 7.729 7.464 7.463 7.443 7.389 7.301 7.178 7.022 6.831 6.606 6.347 6.054 5.727 5.365 5.548 5.723 5.879 6.018 6.139 6.243 6.328 6.396 6.446 6.478 6.493 6.478 5.912 5.380 4.880 4.414 3.982 3.582 3.217 2.884 2.585 2.485 2.464 2.461 2.769 3.038 3.271 3.466 3.623 3.744 3.826 3.872 3.880 3.850 3.784 3.726 4.100 4.461 4.808 5.143 5.465 5.774 6.070 6.354 6.624 6.881 7.126 7.251
12.109 11.334 10.929 10.646 10.365 10.088 9.813 9.541 9.272 9.006 8.743 8.482 8.224 7.969 7.831 7.692 7.518 7.311 7.069 6.793 6.483 6.139 5.760 5.348 4.901 4.421 4.447 4.560 4.655 4.732 4.791 4.833 4.856 4.862 4.851 4.821 4.774 4.709 4.307 3.891 3.799 3.781 3.762 3.742 3.722 3.700 3.677 3.653 3.628 3.603 3.761 3.901 4.003 4.068 4.095 4.085 4.038 3.953 3.831 3.671 3.474 3.240 3.543 3.859 4.163 4.453 4.730 4.994 5.246 5.484 5.710 5.923 6.122 6.309
12.602 11.807 11.324 11.050 10.780 10.512 10.247 9.985 9.725 9.469 9.215 8.964 8.716 8.470 8.235 7.976 7.684 7.357 6.996 6.601 6.171 5.708 5.210 4.679 4.113 3.513 3.366 3.417 3.450 3.465 3.463 3.443 3.405 3.726 4.063 4.383 4.686 4.973 5.032 5.013 4.992 4.971 4.948 4.924 4.900 4.875 4.848 4.821 4.792 4.763 4.789 4.799 4.771 4.705 4.602 4.462 4.285 4.070 3.818 3.529 3.202 2.838 3.000 3.272 3.530 3.775 4.008 4.228 4.435 4.628 4.809 4.977 5.133 5.275
13.100 12.286 11.716 11.452 11.191 10.933 10.677 10.425 10.175 9.928 9.684 9.442 9.204 8.968 8.675 8.297 7.885 7.439 6.959 6.445 5.896 5.314 4.697 4.046 3.362 2.659 2.727 3.123 3.502 3.864 4.210 4.538 4.850 5.145 5.423 5.685 5.929 6.157 6.232 6.209 6.184 6.159 6.133 6.106 6.078 6.049 6.019 5.988 5.956 5.923 5.853 5.732 5.574 5.379 5.146 4.876 4.568 4.224 3.842 3.422 2.966 2.472 2.470 2.697 2.910 3.111 3.299 3.474 3.637 3.786 3.922 4.046 4.156 4.254
13.605 12.771 12.104 11.850 11.598 11.350 11.104 10.861 10.621 10.384 10.149 9.917 9.688 9.462 9.152 8.655 8.123 7.558 6.993 6.595 6.215 5.854 5.512 5.189 4.885 4.599 4.574 4.911 5.231 5.535 5.821 6.091 6.344 6.580 6.799 7.002 7.187 7.356 7.431 7.404 7.376 7.347 7.318 7.287 7.255 7.223 7.189 7.154 7.119 7.082 6.953 6.702 6.414 6.088 5.726 5.326 4.888 4.414 3.902 3.353 2.766 2.142 1.953 2.135 2.304 2.460 2.604 2.734 2.852 2.956 3.048 3.127 3.193 3.246
14.115 13.261 12.488 12.244 12.002 11.763 11.527 11.294 11.063 10.836 10.611 10.399 10.238 10.121 9.975 9.567 9.177 8.806 8.454 8.121 7.807 7.511 7.234 6.976 6.737 6.517 6.436 6.714 6.975 7.220 7.448 7.658 7.853 8.030 8.191 8.334 8.461 8.572 8.629 8.599 8.567 8.535 8.502 8.467 8.432 8.396 8.359 8.320 8.281 8.241 8.088 7.707 7.289 6.834 6.341 5.811 5.244 4.640 3.998 3.319 2.603 1.850 1.449 1.586 1.711 1.822 1.921 2.007 2.080 2.140 2.188 2.222 2.244 2.252
14.631 13.757 12.877 12.635 12.354 12.044 11.776 11.551 11.369 11.230 11.133 11.079 11.068 11.099 11.154 10.811 10.486 10.181 9.894 9.626 9.377 9.146 8.935 8.742 8.568 8.412 8.312 8.532 8.734 8.920 9.089 9.241 9.377 9.496 9.597 9.683 9.751 9.802 9.827 9.793 9.758 9.722 9.685 9.647 9.608 9.569 9.528 9.486 9.443 9.399 9.259 8.748 8.200 7.615 6.993 6.333 5.636 4.902 4.131 3.323 2.477 1.594 0.958 1.051 1.131 1.198 1.252 1.293 1.322 1.337 1.506 1.777 2.040 2.294
14.514 13.502 12.513 12.148 11.944 11.782 11.664 11.588 11.555 11.565 11.617 11.712 11.850 12.031 12.255 12.033 11.774 11.533 11.312 11.109 10.925 10.759 10.613 10.485 10.376 10.286 10.215 10.365 10.509 10.636 10.746 10.840 10.916 10.976 11.020 11.046 11.056 11.049 11.025 10.987 10.948 10.909 10.868 10.827 10.784 10.741 10.696 10.651 10.605 10.557 10.465 9.825 9.147 8.432 7.680 6.891 6.065 5.201 4.300 3.362 2.387 1.374 0.480 0.704 1.005 1.297 1.581 1.857 2.124 2.382 2.632 2.874 3.107 3.332
13.743 12.807 11.891 11.541 11.487 11.474 11.505 11.578 11.695 11.853 12.055 12.299 12.586 12.916 13.288 13.233 13.039 12.864 12.708 12.570 12.451 12.351 12.269 12.207 12.163 12.138 12.131 12.213 12.298 12.367 12.418 12.453 12.471 12.473 12.457 12.425 12.376 12.311 12.228 12.180 12.138 12.095 12.051 12.006 11.960 11.913 11.865 11.816 11.766 11.715 11.663 10.937 10.130 9.285 8.404 7.485 6.572 5.694 4.847 4.030 3.244 2.488 1.764 2.044 2.315 2.578 2.832 3.078 3.316 3.545 3.765 3.977 4.181 4.376
12.951 12.089 11.248 10.889 10.983 11.120 11.300 11.522 11.787 12.095 12.446 12.839 13.275 13.753 14.274 14.413 14.284 14.173 14.082 14.009 13.955 13.920 13.904 13.906 13.927 13.967 14.026 14.076 14.103 14.113 14.106 14.082 14.042 13.984 13.910 13.820 13.712 13.588 13.447 13.373 13.327 13.281 13.233 13.184 13.135 13.084 13.032 12.980 12.926 12.781 12.563 11.752 10.828 9.934 9.071 8.238 7.435 6.662 5.920 5.208 4.527 3.876 3.255 3.390 3.632 3.865 4.090 4.307 4.515 4.714 4.905 5.088 5.262 5.427
12.137 11.348 10.582 10.191 10.434 10.720 11.049 11.420 11.834 12.291 12.790 13.332 13.916 14.543 15.213 15.570 15.506 15.461 15.435 15.427 15.438 15.468 15.517 15.584 15.670 15.775 15.898 15.955 15.923 15.874 15.808 15.726 15.627 15.511 15.379 15.230 15.064 14.881 14.681 14.566 14.516 14.466 14.509 14.502 14.435 14.308 14.121 13.874 13.568 13.201 12.775 12.060 11.241 10.452 9.694 8.966 8.268 7.600 6.963 6.356 5.779 5.233 4.717 4.743 4.955 5.159 5.354 5.541 5.720 5.890 6.051 6.204 6.349 6.485
11.300 10.586 9.893 9.447 9.839 10.274 10.751 11.271 11.834 12.439 13.087 13.778 14.511 15.287 16.105 16.706 16.707 16.727 16.766 16.823 16.899 16.994 17.108 17.240 17.391 17.560 17.749 17.848 17.758 17.650 17.526 17.386 17.228 17.054 16.867 16.842 16.814 16.784 16.750 16.733 16.697 16.601 16.445 16.230 15.955 15.620 15.225 14.770 14.255 13.681 13.047 12.338 11.624 10.940 10.286 9.663 9.070 8.507 7.975 7.473 7.001 6.560 6.148 6.102 6.285 6.459 6.625 6.782 6.931 7.072 7.204 7.328 7.443 7.550
10.441 9.801 9.183 8.657 9.198 9.781 10.407 11.076 11.788 12.542 13.338 14.177 15.059 15.983 16.950 17.821 17.887 17.972 18.076 18.198 18.339 18.499 18.677 18.874 19.090 19.324 19.578 19.773 19.758 19.741 19.720 19.697 19.670 19.640 19.608 19.572 19.533 19.491 19.446 19.352 19.107 18.803 18.440 18.016 17.533 16.990 16.387 15.724 15.002 14.220 13.378 12.586 11.976 11.397 10.848 10.330 9.842 9.384 8.956 8.559 8.192 7.855 7.549 7.467 7.621 7.766 7.902 8.030 8.150 8.261 8.363 8.458 8.543 8.621
9.559 8.994 8.450 7.927 8.511 9.243 10.018 10.835 11.695 12.597 13.542 14.530 15.560 16.633 17.748 18.906 19.045 19.195 19.364 19.551 19.764 20.039 20.359 20.724 21.134 21.589 22.089 22.590 22.565 22.536 22.505 22.470 22.432 22.392 22.348 22.301 22.251 22.198 22.143 22.028 21.576 21.064 20.492 19.860 19.169 18.418 17.608 16.737 15.807 14.817 13.768 12.803 12.299 11.824 11.380 10.967 10.583 10.230 9.907 9.614 9.352 9.120 8.918 8.839 8.963 9.079 9.186 9.284 9.374 9.456 9.529 9.594 9.651 9.698
8.656 8.165 7.694 7.246 7.778 8.658 9.582 10.547 11.556 12.607 13.700 14.836 16.015 17.238 18.486 19.739 20.114 20.365 20.662 21.003 21.389 21.820 22.296 22.818 23.384 23.995 24.651 25.352 25.371 25.331 25.289 25.243 25.194 25.143 25.088 25.030 24.969 24.906 24.839 24.762 24.102 23.382 22.602 21.763 20.864 19.905 18.887 17.809 16.671 15.474 14.217 12.990 12.591 12.221 11.882 11.573 11.294 11.046 10.827 10.639 10.481 10.354 10.257 10.218 10.312 10.398 10.476 10.545 10.606 10.658 10.702 10.737 10.764 10.783
7.731 7.313 6.917 6.542 6.999 8.028 9.161 10.387 11.619 12.857 14.101 15.351 16.607 17.870 19.139 20.414 21.064 21.471 21.924 22.421 22.964 23.551 24.184 24.861 25.583 26.351 27.163 28.020 28.177 28.126 28.073 28.016 27.956 27.894 27.828 27.759 27.687 27.612 27.535 27.454 26.685 25.757 24.770 23.723 22.617 21.450 20.225 18.939 17.594 16.189 14.724 13.200 12.853 12.588 12.353 12.149 11.975 11.831 11.717 11.634 11.580 11.557 11.564 11.603 11.668 11.724 11.772 11.812 11.844 11.866 11.881 11.887 11.877 11.619
7.072 6.914 6.776 6.660 7.157 8.392 9.633 10.881 12.134 13.394 14.659 15.931 17.209 18.494 19.784 21.081 21.964 22.528 23.137 23.790 24.489 25.233 26.021 26.854 27.733 28.656 29.624 30.637 30.983 30.921 30.856 30.789 30.718 30.644 30.567 30.488 30.405 30.319 30.230 30.138 29.326 28.191 26.996 25.742 24.428 23.054 21.621 20.128 18.575 16.963 15.291 13.560 13.085 12.925 12.794 12.695 12.625 12.586 12.576 12.597 12.648 12.730 12.841 12.983 13.029 13.036 12.817 12.588 12.347 12.095 11.833 11.559 11.274 10.979
7.418 7.332 7.269 7.226 7.578 8.835 10.097 11.366 12.642 13.923 15.210 16.504 17.804 19.110 20.422 21.740 22.816 23.535 24.300 25.110 25.965 26.864 27.809 28.798 29.832 30.911 32.036 33.204 33.788 33.715 33.640 33.561 33.479 33.395 33.307 33.216 33.122 33.026 32.926 32.823 32.025 30.682 29.280 27.818 26.296 24.715 23.075 21.375 19.615 17.796 15.917 13.978 13.287 13.231 13.205 13.210 13.245 13.310 13.401 13.451 13.454 13.410 13.317 13.177 12.956 12.710 12.454 12.186 11.907 11.618 11.317 11.006 10.683 10.350
7.739 7.727 7.737 7.768 7.991 9.269 10.554 11.845 13.141 14.444 15.754 17.069 18.390 19.718 21.052 22.392 23.618 24.494 25.415 26.380 27.391 28.446 29.547 30.692 31.882 33.117 34.397 35.721 36.593 36.510 36.423 36.333 36.241 36.145 36.046 35.944 35.840 35.732 35.621 35.507 34.781 33.231 31.621 29.952 28.223 26.435 24.587 22.680 20.713 18.687 16.601 14.499 13.711 13.883 14.007 14.083 14.112 14.093 14.026 13.911 13.749 13.539 13.282 12.977 12.679 12.396 12.101 11.796 11.479 11.152 10.813 10.464 10.103 9.732
8.037 8.099 8.182 8.286 8.412 9.697 11.003 12.315 13.634 14.958 16.289 17.626 18.969 20.319 21.674 23.036 24.371 25.403 26.479 27.601 28.767 29.979 31.235 32.536 33.882 35.272 36.708 38.188 39.398 39.303 39.206 39.105 39.002 38.895 38.785 38.673 38.557 38.438 38.316 38.192 37.594 35.837 34.020 32.144 30.167 28.086 26.046 24.045 22.085 20.165 18.285 16.445 15.373 15.379 15.338 15.249 15.113 14.928 14.697 14.417 14.090 13.715 13.293 12.823 12.414 12.092 11.759 11.416 11.062 10.696 10.320 9.933 9.534 9.125
8.310 8.446 8.603 8.780 8.979 10.116 11.444 12.778 14.118 15.465 16.817 18.176 19.541 20.912 22.289 23.672 25.061 26.263 27.495 28.773 30.095 31.462 32.874 34.330 35.832 37.378 38.969 40.605 42.203 42.097 41.989 41.877 41.763 41.645 41.524 41.401 41.274 40.980 40.431 39.951 39.275 37.172 35.109 33.087 31.104 29.162 27.259 25.397 23.575 21.793 20.051 18.349 17.080 16.921 16.714 16.460 16.159 15.810 15.413 14.969 14.477 13.937 13.350 12.715 12.159 11.799 11.429 11.047 10.655 10.252 9.838 9.413 8.977 8.530
8.561 8.770 9.000 9.251 9.523 10.528 11.878 13.234 14.595 15.963 17.337 18.718 20.104 21.497 22.895 24.300 25.711 27.074 28.462 29.895 31.373 32.895 34.463 36.075 37.732 39.434 41.180 42.971 44.808 44.891 44.461 43.664 42.937 42.281 41.693 41.176 40.728 40.350 40.042 39.804 39.619 37.654 35.730 33.845 32.001 30.196 28.432 26.708 25.024 23.380 21.776 20.212 18.831 18.507 18.136 17.717 17.251 16.737 16.175 15.566 14.909 14.205 13.453 12.653 11.914 11.517 11.109 10.690 10.260 9.819 9.367 8.904 8.430 7.945
8.787 9.070 9.373 9.698 10.043 10.933 12.304 13.681 15.065 16.454 17.850 19.252 20.660 22.074 23.495 24.921 26.354 27.835 29.379 30.968 32.601 34.279 36.002 37.479 38.656 39.793 40.890 41.946 42.962 42.692 42.068 41.513 41.029 40.613 40.268 39.992 39.786 39.650 39.583 39.586 39.659 38.096 36.309 34.563 32.857 31.190 29.564 27.978 26.431 24.925 23.459 22.033 20.647 20.139 19.603 19.019 18.388 17.709 16.983 16.209 15.387 14.518 13.602 12.637 11.681 11.246 10.800 10.343 9.875 9.396 8.906 8.406 7.894 7.372
8.991 9.346 9.723 10.121 10.540 11.330 12.722 14.121 15.526 16.938 18.355 19.779 21.208 22.644 24.086 25.534 26.820 28.056 29.336 30.576 31.775 32.934 34.053 35.131 36.170 37.167 38.125 39.042 39.919 39.989 39.606 39.293 39.050 38.877 38.773 38.738 38.774 38.879 39.054 39.298 39.612 38.497 36.849 35.240 33.672 32.143 30.655 29.206 27.798 26.430 25.101 23.813 22.564 21.816 21.115 20.366 19.570 18.727 17.836 16.897 15.911 14.877 13.796 12.668 11.492 10.986 10.502 10.007 9.502 8.985 8.457 7.919 7.369 6.809
9.170 9.599 10.049 10.520 11.012 11.719 13.133 14.554 15.981 17.274 18.492 19.693 20.878 22.047 23.200 24.338 25.459 26.588 27.729 28.829 29.890 30.910 31.889 32.829 33.728 34.587 35.405 36.183 36.921 37.217 37.076 37.004 37.002 37.070 37.208 37.415 37.692 38.038 38.454 38.939 39.495 38.858 37.347 35.876 34.446 33.055 31.705 30.394 29.123 27.893 26.702 25.551 24.441 23.537 22.672 21.758 20.798 19.790 18.734 17.631 16.481 15.283 14.037 12.744 11.404 10.737 10.215 9.682 9.139 8.585 8.019 7.443 6.856 6.258
9.326 9.828 10.260 10.663 11.061 11.507 12.733 13.943 15.137 16.315 17.477 18.624 19.754 20.869 21.967 23.050 24.117 25.164 26.166 27.127 28.049 28.930 29.770 30.571 31.331 32.051 32.731 33.370 33.969 34.375 34.476 34.646 34.885 35.194 35.573 36.021 36.539 37.127 37.784 38.510 39.307 39.178 37.805 36.472 35.179 33.926 32.714 31.541 30.408 29.315 28.262 27.249 26.275 25.304 24.274 23.196 22.071 20.898 19.678 18.411 17.096 15.733 14.324 12.866 11.361 10.498 9.939 9.368 8.787 8.431 8.111 7.744 7.331 6.871
8.937 9.332 9.722 10.106 10.484 10.857 11.955 13.111 14.250 15.374 16.481 17.573 18.648 19.708 20.752 21.780 22.792 23.784 24.647 25.470 26.252 26.994 27.696 28.358 28.979 29.560 30.101 30.601 31.062 31.465 31.807 32.218 32.699 33.249 33.869 34.558 35.317 36.146 37.044 38.011 39.048 39.457 38.222 37.027 35.872 34.757 33.682 32.646 31.651 30.696 29.780 28.905 28.069 27.115 25.921 24.679 23.389 22.052 20.668 19.236 17.757 16.230 14.882 13.629 12.418 11.741 11.447 11.105 10.717 10.283 9.801 9.273 8.698 8.077
8.444 8.820 9.191 9.555 9.915 10.268 11.196 12.297 13.381 14.450 15.503 16.540 17.561 18.566 19.555 20.529 21.486 22.427 23.173 23.857 24.500 25.103 25.666 26.189 26.672 27.114 27.516 27.878 28.200 28.486 29.069 29.721 30.443 31.234 32.095 33.025 34.025 35.094 36.233 37.441 38.719 39.697 38.599 37.542 36.524 35.547 34.609 33.711 32.853 32.035 31.257 30.519 29.821 28.972 27.613 26.178 24.773 23.410 22.090 20.813 19.578 18.385 17.236 16.128 15.064 14.282 13.826 13.323 12.773 12.177 11.534 10.845 10.108 9.325
7.958 8.314 8.666 9.011 9.352 9.686 10.455 11.501 12.531 13.545 14.543 15.525 16.492 17.442 18.377 19.295 20.198 21.085 21.743 22.288 22.793 23.257 23.681 24.065 24.409 24.713 24.976 25.200 25.383 25.525 26.262 27.155 28.118 29.150 30.252 31.423 32.663 33.973 35.353 36.802 38.320 39.896 38.936 38.016 37.136 36.296 35.496 34.735 33.769 32.864 32.057 31.351 30.743 30.110 28.766 27.464 26.205 24.989 23.815 22.684 21.595 20.549 19.545 18.585 17.666 16.865 16.247 15.583 14.872 14.114 13.310 12.459 11.561 10.617
7.478 7.815 8.147 8.474 8.795 9.111 9.732 10.723 11.698 12.657 13.601 14.529 15.440 16.336 17.216 18.080 18.928 19.761 20.357 20.763 21.129 21.455 21.741 21.986 22.191 22.356 22.481 22.566 22.611 22.615 23.386 24.520 25.724 26.997 28.339 29.751 31.232 32.782 34.402 36.092 37.850 39.234 38.341 37.182 36.123 35.163 34.302 33.541 32.879 32.316 31.853 31.489 31.224 31.059 29.862 28.707 27.594 26.524 25.497 24.512 23.569 22.669 21.812 20.997 20.225 19.489 18.710 17.885 17.012 16.093 15.127 14.115 13.056 11.950
7.004 7.323 7.636 7.943 8.245 8.542 9.026 9.963 10.883 11.788 12.677 13.550 14.407 15.248 16.074 16.883 17.677 18.454 19.016 19.283 19.510 19.698 19.845 19.951 20.018 20.045 20.031 19.977 19.884 19.749 20.442 21.816 23.260 24.774 26.276 27.736 29.153 30.529 31.862 33.153 34.402 35.609 35.295 34.479 33.763 33.146 32.628 32.210 31.890 31.671 31.550 31.528 31.606 31.783 30.916 29.907 28.940 28.016 27.135 26.296 25.500 24.746 24.035 23.366 22.740 22.156 21.216 20.229 19.195 18.115 16.988 15.814 14.594 13.327
6.537 6.837 7.131 7.419 7.702 7.979 8.338 9.220 10.086 10.936 11.771 12.589 13.392 14.179 14.949 15.704 16.443 17.167 17.718 17.847 17.936 17.984 17.993 17.961 17.890 17.778 17.630 17.574 17.507 17.428 18.029 19.512 20.953 22.352 23.709 25.024 26.297 27.528 28.716 29.863 30.967 32.030 32.153 31.680 31.307 31.032 30.857 30.781 30.805 30.927 31.149 31.470 31.890 32.409 31.927 31.064 30.243 29.466 28.730 28.038 27.387 26.780 26.214 25.692 25.211 24.774 23.763 22.615 21.420 20.178 18.890 17.555 16.174 14.746
