DATA/SHG/ECMWF/20170628/EN-50/20170708.en-50.asc
ncols        190
nrows        64
xllcorner    -5100000.000000000000
yllcorner    4130000.000000000000
cellsize     10000.000000000000
NODATA_value  -99999.000
[rows 0 to 33 of 64, columns 0 to 75 of 190]
2.077 2.236 2.394 2.551 2.707 2.862 3.017 3.171 3.324 3.731 4.229 4.742 5.267 5.806 6.358 6.924 7.502 8.094 8.700 9.310 9.920 9.987 9.796 9.600 9.397 9.189 8.974 8.753 8.526 8.294 8.055 7.810 7.559 7.388 7.274 7.165 7.060 6.958 6.861 6.767 6.677 6.592 6.510 6.432 6.358 6.414 6.594 6.793 7.010 7.244 7.496 7.767 8.055 8.360 8.684 9.026 9.385 9.475 9.217 8.946 8.662 8.365 8.055 7.731 7.394 7.044 6.681 6.305 5.915 5.794 6.130 6.475 6.829 7.191 7.563 7.943
1.860 2.016 2.171 2.325 2.479 2.632 2.784 2.935 3.086 3.470 4.016 4.576 5.185 5.795 6.405 7.015 7.625 8.235 8.844 9.453 10.063 10.234 10.022 9.804 9.580 9.350 9.114 8.872 8.623 8.369 8.109 7.842 7.570 7.374 7.274 7.179 7.087 6.999 6.916 6.836 6.760 6.688 6.620 6.556 6.495 6.552 6.795 7.057 7.336 7.633 7.948 8.281 8.632 9.001 9.387 9.791 10.214 10.416 10.112 9.794 9.464 9.120 8.763 8.393 8.009 7.613 7.203 6.780 6.344 6.098 6.465 6.841 7.225 7.618 8.020 8.403
1.643 1.797 1.949 2.101 2.264 2.478 2.690 2.900 3.108 3.500 4.110 4.720 5.330 5.940 6.550 7.159 7.769 8.378 8.987 9.596 10.205 10.488 10.254 10.015 9.769 9.518 9.260 8.996 8.727 8.451 8.169 7.881 7.587 7.356 7.270 7.188 7.110 7.037 6.967 6.901 6.838 6.780 6.726 6.675 6.629 6.671 6.978 7.302 7.644 8.004 8.382 8.778 9.191 9.622 10.071 10.538 11.023 11.368 11.018 10.654 10.277 9.886 9.483 9.066 8.636 8.194 7.737 7.268 6.763 6.365 6.738 7.114 7.492 7.872 8.255 8.640
1.654 1.868 2.081 2.291 2.500 2.708 2.913 3.117 3.319 3.646 4.256 4.865 5.475 6.085 6.694 7.303 7.912 8.521 9.130 9.739 10.347 10.747 10.492 10.231 9.964 9.691 9.412 9.127 8.836 8.539 8.235 7.926 7.611 7.334 7.262 7.194 7.130 7.070 7.013 6.961 6.913 6.868 6.828 6.791 6.758 6.773 7.142 7.529 7.934 8.357 8.797 9.255 9.732 10.225 10.737 11.267 11.814 12.333 11.935 11.525 11.092 10.547 10.013 9.488 8.975 8.472 7.979 7.497 7.025 6.564 6.931 7.315 7.701 8.090 8.481 8.874
1.916 2.124 2.331 2.535 2.738 2.939 3.139 3.336 3.532 3.792 4.401 5.011 5.620 6.229 6.838 7.447 8.056 8.664 9.273 9.881 10.489 11.013 10.736 10.454 10.166 9.871 9.571 9.264 8.952 8.633 8.308 7.977 7.641 7.308 7.250 7.195 7.145 7.099 7.056 7.018 6.983 6.952 6.925 6.903 6.884 6.868 7.289 7.738 8.206 8.691 9.194 9.715 10.253 10.787 11.248 11.695 12.131 12.555 12.100 11.571 11.052 10.543 10.045 9.558 9.081 8.614 8.158 7.712 7.277 6.853 7.122 7.514 7.908 8.305 8.704 9.106
2.180 2.382 2.582 2.781 2.977 3.172 3.365 3.557 3.746 3.937 4.546 5.155 5.764 6.373 6.982 7.590 8.199 8.807 9.415 10.023 10.631 11.238 10.987 10.683 10.373 10.057 9.735 9.407 9.073 8.733 8.387 8.035 7.677 7.313 7.233 7.193 7.156 7.124 7.095 7.070 7.049 7.032 7.019 7.010 7.005 7.003 7.421 7.924 8.414 8.893 9.359 9.813 10.255 10.685 11.102 11.507 11.901 12.282 11.976 11.484 11.001 10.529 10.068 9.617 9.177 8.747 8.327 7.918 7.519 7.131 7.309 7.710 8.112 8.517 8.925 9.335
2.445 2.641 2.835 3.027 3.218 3.407 3.594 3.779 3.962 4.144 4.691 5.300 5.909 6.517 7.125 7.733 8.341 8.949 9.557 10.165 10.772 11.379 11.243 10.918 10.587 10.249 9.906 9.557 9.201 8.840 8.473 8.099 7.720 7.334 7.213 7.187 7.164 7.145 7.130 7.113 7.105 7.111 7.132 7.167 7.216 7.280 7.629 8.089 8.537 8.973 9.396 9.808 10.207 10.594 10.969 11.331 11.682 12.020 11.843 11.387 10.941 10.506 10.081 9.666 9.262 8.869 8.486 8.113 7.751 7.400 7.494 7.903 8.314 8.727 9.143 9.561
2.712 2.902 3.090 3.276 3.460 3.642 3.823 4.002 4.180 4.355 4.836 5.444 6.053 6.661 7.269 7.876 8.484 9.092 9.699 10.306 10.913 11.520 11.505 11.159 10.806 10.448 10.083 9.712 9.336 8.953 8.564 8.169 7.728 7.285 7.089 7.060 7.045 7.044 7.058 7.086 7.128 7.185 7.256 7.342 7.442 7.556 7.848 8.266 8.671 9.064 9.445 9.814 10.171 10.515 10.847 11.168 11.476 11.771 11.699 11.280 10.871 10.472 10.083 9.706 9.338 8.981 8.635 8.299 7.973 7.658 7.677 8.094 8.513 8.934 9.358 9.784
2.981 3.164 3.346 3.525 3.704 3.880 4.055 4.227 4.399 4.568 4.981 5.589 6.196 6.804 7.412 8.019 8.626 9.233 9.840 10.447 11.054 11.661 11.774 11.406 11.032 10.531 10.036 9.556 9.091 8.641 8.206 7.787 7.382 6.993 6.794 6.815 6.850 6.900 6.965 7.043 7.136 7.244 7.366 7.502 7.652 7.817 8.079 8.454 8.817 9.168 9.506 9.832 10.146 10.448 10.738 11.016 11.281 11.535 11.546 11.163 10.790 10.428 10.076 9.735 9.404 9.083 8.773 8.474 8.185 7.906 7.857 8.282 8.709 9.139 9.571 10.005
3.250 3.428 3.603 3.777 3.949 4.119 4.287 4.454 4.619 4.782 5.125 5.732 6.340 6.947 7.554 8.161 8.768 9.359 9.828 10.280 10.716 11.136 11.215 10.728 10.256 9.798 9.356 8.930 8.518 8.121 7.739 7.373 7.021 6.685 6.484 6.556 6.642 6.742 6.857 6.986 7.130 7.288 7.460 7.647 7.848 8.064 8.322 8.655 8.975 9.283 9.579 9.862 10.134 10.393 10.641 10.876 11.099 11.310 11.383 11.036 10.700 10.374 10.059 9.754 9.460 9.176 8.902 8.639 8.386 8.144 8.034 8.467 8.903 9.341 9.781 10.224
3.522 3.693 3.862 4.030 4.195 4.359 4.522 4.682 4.841 4.998 5.246 5.772 6.281 6.774 7.251 7.711 8.156 8.583 8.995 9.390 9.768 10.131 10.308 9.874 9.455 9.051 8.662 8.289 7.930 7.586 7.258 6.944 6.646 6.362 6.160 6.282 6.419 6.570 6.735 6.915 7.109 7.318 7.540 7.778 8.029 8.295 8.577 8.867 9.144 9.410 9.663 9.904 10.134 10.351 10.555 10.748 10.929 11.097 11.210 10.900 10.600 10.311 10.032 9.763 9.505 9.258 9.020 8.794 8.577 8.371 8.209 8.650 9.094 9.540 9.993 10.446
3.794 3.959 4.122 4.252 4.350 4.444 4.533 4.618 4.699 4.775 4.890 5.358 5.810 6.246 6.666 7.069 7.455 7.826 8.180 8.518 8.839 9.144 9.388 9.007 8.641 8.290 7.954 7.633 7.327 7.037 6.761 6.501 6.255 6.025 5.821 5.994 6.181 6.383 6.599 6.829 7.073 7.332 7.606 7.893 8.195 8.512 8.843 9.090 9.325 9.549 9.759 9.958 10.145 10.320 10.482 10.632 10.771 10.897 11.011 10.754 10.490 10.237 9.995 9.763 9.541 9.330 9.129 8.974 8.840 8.699 8.548 8.956 9.404 9.844 10.274 10.696
3.805 3.901 3.992 4.079 4.162 4.241 4.315 4.385 4.450 4.512 4.569 4.963 5.358 5.736 6.098 6.444 6.774 7.087 7.384 7.664 7.929 8.177 8.408 8.124 7.811 7.513 7.231 6.963 6.710 6.472 6.250 6.042 5.850 5.672 5.510 5.691 5.929 6.181 6.448 6.728 7.023 7.333 7.656 7.995 8.347 8.714 9.095 9.326 9.518 9.699 9.868 10.024 10.168 10.301 10.421 10.529 10.625 10.708 10.780 10.598 10.462 10.359 10.248 10.127 9.998 9.860 9.714 9.559 9.395 9.223 9.042 9.337 9.754 10.163 10.563 10.954
3.682 3.763 3.839 3.911 3.979 4.042 4.101 4.156 4.207 4.253 4.295 4.586 4.923 5.245 5.549 5.838 6.110 6.366 6.606 6.829 7.037 7.227 7.402 7.227 6.967 6.723 6.493 6.278 6.078 5.893 5.724 5.569 5.429 5.305 5.195 5.375 5.663 5.965 6.282 6.613 6.959 7.318 7.693 8.081 8.484 8.901 9.332 9.573 9.723 9.861 9.988 10.102 10.204 10.334 10.494 10.679 10.889 11.125 11.386 11.393 11.269 11.135 10.993 10.842 10.682 10.514 10.337 10.152 9.957 9.754 9.543 9.726 10.112 10.490 10.860 11.220
3.564 3.630 3.691 3.748 3.800 3.849 3.893 3.933 3.968 3.999 4.026 4.227 4.507 4.771 5.019 5.250 5.465 5.664 5.847 6.013 6.163 6.297 6.414 6.316 6.109 5.917 5.740 5.578 5.431 5.300 5.183 5.081 4.994 4.922 4.866 5.044 5.382 5.735 6.102 6.484 6.879 7.290 7.714 8.153 8.606 9.073 9.483 9.698 9.795 9.917 10.065 10.237 10.435 10.658 10.907 11.180 11.479 11.803 12.153 12.238 12.082 11.918 11.745 11.564 11.374 11.175 10.968 10.752 10.527 10.294 10.052 10.122 10.478 10.825 11.164 11.493
3.451 3.501 3.548 3.590 3.627 3.660 3.689 3.714 3.735 3.751 3.763 3.885 4.108 4.315 4.506 4.680 4.838 4.980 5.106 5.215 5.308 5.385 5.445 5.390 5.236 5.097 4.973 4.864 4.770 4.691 4.627 4.578 4.544 4.525 4.521 4.698 5.087 5.490 5.911 6.353 6.786 7.209 7.623 8.027 8.423 8.809 9.185 9.467 9.652 9.863 10.099 10.360 10.646 10.958 11.294 11.656 12.044 12.456 12.894 13.089 12.903 12.708 12.505 12.293 12.073 11.844 11.606 11.359 11.104 10.841 10.568 10.526 10.851 11.168 11.476 11.775
3.343 3.378 3.409 3.436 3.459 3.477 3.491 3.501 3.506 3.507 3.504 3.562 3.728 3.878 4.011 4.129 4.230 4.314 4.383 4.435 4.471 4.491 4.494 4.450 4.349 4.263 4.192 4.135 4.094 4.068 4.057 4.085 4.179 4.278 4.384 4.599 5.036 5.464 5.883 6.292 6.692 7.083 7.464 7.837 8.200 8.553 8.898 9.211 9.485 9.784 10.108 10.457 10.832 11.232 11.657 12.107 12.582 13.083 13.609 13.948 13.731 13.506 13.273 13.030 12.779 12.520 12.251 11.975 11.689 11.395 11.092 10.938 11.233 11.518 11.796 12.064
3.239 3.260 3.276 3.288 3.295 3.298 3.297 3.292 3.282 3.268 3.250 3.257 3.366 3.458 3.535 3.595 3.639 3.667 3.679 3.674 3.653 3.616 3.562 3.496 3.500 3.573 3.652 3.737 3.828 3.925 4.027 4.136 4.251 4.371 4.497 4.677 5.082 5.477 5.863 6.240 6.608 6.966 7.316 7.655 7.986 8.307 8.619 8.930 9.292 9.679 10.092 10.529 10.992 11.480 11.993 12.532 13.095 13.684 14.298 14.813 14.567 14.311 14.047 13.774 13.493 13.203 12.904 12.597 12.281 11.957 11.624 11.357 11.621 11.877 12.123 12.361
3.141 3.146 3.147 3.144 3.136 3.125 3.109 3.088 3.064 3.035 3.002 2.969 3.021 3.057 3.077 3.080 3.067 3.093 3.144 3.188 3.227 3.260 3.287 3.311 3.399 3.493 3.593 3.699 3.810 3.928 4.051 4.181 4.316 4.458 4.605 4.764 5.136 5.500 5.853 6.198 6.533 6.859 7.176 7.484 7.782 8.071 8.351 8.624 9.074 9.550 10.050 10.576 11.127 11.704 12.305 12.931 13.583 14.260 14.962 15.687 15.409 15.124 14.829 14.526 14.214 13.894 13.565 13.227 12.881 12.526 12.163 11.790 12.018 12.242 12.458 12.665
3.047 3.038 3.024 3.005 2.983 2.956 2.925 2.890 2.850 2.806 2.801 2.805 2.864 2.923 2.976 3.023 3.065 3.101 3.131 3.155 3.174 3.186 3.194 3.195 3.292 3.407 3.528 3.654 3.787 3.925 4.069 4.220 4.376 4.538 4.706 4.880 5.201 5.531 5.853 6.165 6.468 6.762 7.046 7.322 7.588 7.844 8.092 8.330 8.832 9.395 9.984 10.598 11.237 11.902 12.591 13.306 14.045 14.810 15.600 16.415 16.259 15.943 15.618 15.285 14.943 14.592 14.233 13.865 13.488 13.103 12.709 12.307 12.422 12.616 12.761 12.802
2.958 2.934 2.905 2.906 2.908 2.910 2.914 2.918 2.923 2.929 2.936 2.943 2.978 3.017 3.050 3.077 3.098 3.114 3.124 3.128 3.126 3.119 3.106 3.087 3.179 3.314 3.456 3.603 3.757 3.916 4.081 4.252 4.429 4.612 4.801 4.995 5.274 5.572 5.862 6.141 6.412 6.674 6.926 7.169 7.403 7.627 7.842 8.048 8.564 9.216 9.893 10.595 11.322 12.075 12.852 13.654 14.482 15.335 16.213 17.116 17.117 16.770 16.415 16.051 15.679 15.298 14.908 14.434 13.841 13.252 12.668 12.088 11.962 12.014 12.073 12.139
3.011 3.013 3.016 3.020 3.025 3.030 3.036 3.044 3.051 3.060 3.070 3.080 3.098 3.117 3.129 3.136 3.138 3.133 3.123 3.107 3.085 3.058 3.025 2.986 3.060 3.216 3.378 3.546 3.720 3.900 4.086 4.278 4.476 4.680 4.889 5.105 5.356 5.623 5.880 6.127 6.366 6.595 6.815 7.026 7.227 7.419 7.602 7.776 8.272 9.012 9.777 10.567 11.382 12.222 13.088 13.978 14.894 15.834 16.800 17.791 17.859 17.249 16.644 16.043 15.448 14.856 14.270 13.688 13.111 12.538 11.970 11.407 11.220 11.296 11.379 11.469
3.116 3.121 3.127 3.133 3.141 3.149 3.158 3.168 3.179 3.190 3.203 3.216 3.224 3.223 3.215 3.202 3.183 3.159 3.128 3.092 3.050 3.003 2.950 2.891 2.934 3.111 3.294 3.483 3.678 3.879 4.086 4.298 4.517 4.741 4.971 5.208 5.448 5.682 5.907 6.122 6.329 6.525 6.713 6.892 7.061 7.221 7.372 7.513 7.955 8.783 9.636 10.514 11.417 12.274 13.080 13.871 14.646 15.406 16.150 16.879 16.995 16.402 15.813 15.229 14.649 14.074 13.504 12.938 12.377 11.821 11.269 10.722 10.472 10.572 10.680 10.794
3.219 3.227 3.236 3.245 3.256 3.267 3.279 3.292 3.305 3.319 3.334 3.350 3.357 3.335 3.307 3.274 3.235 3.190 3.140 3.084 3.022 2.954 2.881 2.802 2.803 3.000 3.204 3.414 3.630 3.851 4.079 4.312 4.551 4.796 5.047 5.304 5.549 5.751 5.944 6.127 6.301 6.465 6.621 6.767 6.904 7.032 7.144 7.250 7.587 8.417 9.231 10.030 10.814 11.582 12.334 13.071 13.793 14.499 15.189 15.865 16.128 15.551 14.978 14.410 13.847 13.288 12.734 12.185 11.640 11.100 10.565 10.035 9.718 9.843 9.975 10.114
3.322 3.333 3.344 3.357 3.370 3.384 3.398 3.414 3.430 3.447 3.465 3.484 3.495 3.453 3.405 3.352 3.293 3.228 3.157 3.081 2.999 2.911 2.818 2.719 2.665 2.884 3.108 3.339 3.575 3.817 4.065 4.320 4.579 4.845 5.117 5.395 5.660 5.829 5.989 6.109 6.223 6.334 6.444 6.551 6.657 6.760 6.862 6.961 7.179 7.956 8.716 9.461 10.191 10.906 11.604 12.288 12.956 13.608 14.245 14.866 15.258 14.697 14.141 13.589 13.042 12.499 11.962 11.429 10.900 10.377 9.858 9.343 8.959 9.108 9.264 9.427
3.426 3.437 3.452 3.467 3.483 3.499 3.517 3.535 3.554 3.574 3.595 3.617 3.639 3.577 3.509 3.436 3.356 3.272 3.181 3.085 2.982 2.875 2.761 2.642 2.521 2.761 3.006 3.257 3.514 3.777 4.046 4.320 4.573 4.822 5.067 5.310 5.546 5.659 5.769 5.878 5.984 6.089 6.191 6.292 6.391 6.487 6.582 6.674 6.788 7.510 8.217 8.909 9.585 10.245 10.890 11.520 12.134 12.733 13.316 13.884 14.384 13.840 13.300 12.764 12.233 11.707 11.186 10.669 10.157 9.650 9.147 8.649 8.195 8.368 8.548 8.736
3.562 3.541 3.558 3.576 3.595 3.614 3.634 3.656 3.678 3.700 3.724 3.748 3.773 3.707 3.619 3.526 3.426 3.321 3.211 3.094 2.972 2.844 2.711 2.571 2.428 2.637 2.897 3.154 3.408 3.659 3.906 4.151 4.392 4.629 4.864 5.095 5.324 5.443 5.547 5.649 5.748 5.846 5.942 6.035 6.127 6.216 6.304 6.390 6.473 7.080 7.734 8.372 8.994 9.601 10.192 10.769 11.329 11.874 12.404 12.918 13.417 12.979 12.455 11.936 11.422 10.912 10.407 9.906 9.410 8.919 8.433 7.951 7.473 7.622 7.827 8.038
3.702 3.643 3.663 3.684 3.706 3.728 3.751 3.775 3.800 3.825 3.851 3.879 3.906 3.843 3.735 3.621 3.502 3.386 3.279 3.161 3.032 2.893 2.742 2.580 2.407 2.538 2.787 3.033 3.275 3.515 3.751 3.984 4.214 4.441 4.664 4.884 5.101 5.230 5.327 5.422 5.514 5.605 5.694 5.781 5.865 5.948 6.029 6.108 6.184 6.666 7.266 7.850 8.419 8.973 9.510 10.033 10.540 11.032 11.508 11.969 12.414 12.115 11.608 11.105 10.607 10.113 9.624 9.140 8.660 8.185 7.715 7.249 6.788 6.871 7.099 7.335
3.846 3.745 3.768 3.791 3.815 3.840 3.866 3.893 3.921 3.949 4.006 4.084 4.146 4.118 4.017 3.904 3.781 3.647 3.501 3.345 3.178 2.999 2.810 2.610 2.398 2.442 2.680 2.915 3.146 3.375 3.600 3.822 4.040 4.256 4.468 4.677 4.883 5.020 5.109 5.197 5.283 5.367 5.449 5.528 5.606 5.682 5.756 5.828 5.898 6.268 6.814 7.345 7.860 8.360 8.844 9.313 9.767 10.205 10.628 11.035 11.427 11.249 10.757 10.271 9.789 9.311 8.838 8.370 7.907 7.448 6.994 6.545 6.100 6.114 6.367 6.630
3.994 3.845 3.871 3.972 4.105 4.222 4.324 4.409 4.479 4.533 4.572 4.594 4.601 4.544 4.404 4.253 4.092 3.919 3.735 3.540 3.334 3.117 2.890 2.651 2.401 2.350 2.577 2.800 3.021 3.238 3.452 3.662 3.870 4.074 4.275 4.473 4.667 4.811 4.894 4.975 5.054 5.131 5.206 5.279 5.349 5.418 5.485 5.550 5.613 5.886 6.378 6.855 7.317 7.763 8.194 8.610 9.010 9.394 9.764 10.118 10.456 10.378 9.903 9.433 8.967 8.506 8.049 7.597 7.175 6.785 6.384 5.973 5.551 5.489 5.748 6.002
4.734 4.739 4.848 4.942 5.019 5.081 5.127 5.157 5.172 5.170 5.153 5.120 5.072 4.982 4.804 4.614 4.414 4.202 3.980 3.747 3.502 3.247 2.981 2.704 2.416 2.261 2.477 2.689 2.898 3.104 3.307 3.506 3.703 3.896 4.086 4.272 4.456 4.605 4.681 4.755 4.827 4.897 4.965 5.031 5.095 5.157 5.217 5.275 5.331 5.519 5.958 6.381 6.790 7.182 7.560 7.922 8.269 8.600 8.916 9.216 9.501 9.562 9.209 8.845 8.471 8.087 7.692 7.286 6.870 6.443 6.006 5.558 5.099 4.913 5.150 5.380
5.733 5.836 5.890 5.928 5.950 5.956 5.947 5.921 5.881 5.824 5.751 5.663 5.559 5.431 5.214 4.986 4.747 4.497 4.236 3.965 3.682 3.388 3.084 2.768 2.442 2.176 2.380 2.581 2.779 2.974 3.166 3.354 3.539 3.721 3.900 4.075 4.248 4.401 4.470 4.537 4.602 4.665 4.727 4.786 4.843 4.898 4.951 5.003 5.052 5.167 5.553 5.923 6.278 6.617 6.994 7.400 7.799 8.192 8.578 8.957 9.330 9.525 9.135 8.735 8.324 7.903 7.471 7.029 6.576 6.112 5.638 5.153 4.658 4.343 4.558 4.766
6.688 6.926 6.947 6.929 6.896 6.847 6.782 6.702 6.605 6.493 6.366 6.222 6.063 5.887 5.636 5.369 5.092 4.804 4.504 4.194 3.873 3.541 3.198 2.844 2.479 2.103 2.287 2.477 2.664 2.848 3.028 3.205 3.379 3.550 3.718 3.882 4.043 4.199 4.261 4.322 4.380 4.436 4.490 4.543 4.593 4.641 4.688 4.788 4.899 5.013 5.429 5.838 6.240 6.637 7.026 7.409 7.786 8.155 8.519 8.876 9.226 9.499 9.072 8.635 8.188 7.730 7.261 6.782 6.292 5.792 5.281 4.759 4.228 3.781 3.973 4.158
7.601 7.970 8.020 7.947 7.858 7.754 7.634 7.498 7.347 7.179 6.996 6.797 6.583 6.352 6.068 5.764 5.448 5.121 4.784 4.435 4.076 3.705 3.324 2.931 2.528 2.114 2.197 2.376 2.552 2.724 2.894 3.060 3.223 3.382 3.539 3.692 3.842 3.989 4.055 4.108 4.266 4.434 4.586 4.722 4.841 4.945 5.032 5.103 5.157 5.195 5.558 5.944 6.324 6.698 7.064 7.425 7.778 8.126 8.466 8.800 9.128 9.449 9.020 8.546 8.061 7.567 7.061 6.545 6.019 5.482 4.934 4.376 3.807 3.228 3.395 3.557
