DATA/SHG/ECMWF/20170628/EN-50/20170710.en-50.asc
ncols        190
nrows        64
xllcorner    -5100000.000000000000
yllcorner    4130000.000000000000
cellsize     10000.000000000000
NODATA_value  -99999.000
[rows 0 to 32 of 64, columns 75 to 149 of 190]
1.978 2.132 2.289 2.450 2.615 2.783 2.868 2.748 2.631 2.526 2.430 2.345 2.270 2.205 2.151 2.107 2.074 2.051 2.092 2.305 2.504 2.696 2.881 3.060 3.231 3.396 3.553 3.704 3.848 3.985 4.103 4.185 4.280 4.387 4.506 4.637 4.781 4.937 5.106 5.286 5.480 5.685 5.770 5.440 5.097 4.741 4.371 3.989 3.594 3.185 2.763 2.328 1.880 1.419 1.129 1.381 1.643 1.913 2.192 2.480 2.777 3.083 3.398 3.721 4.054 4.395 4.807 5.404 6.013 6.632 7.263 7.906 8.560 9.225 9.902
2.117 2.295 2.461 2.616 2.760 2.893 2.976 2.886 2.805 2.736 2.676 2.627 2.588 2.560 2.542 2.534 2.536 2.549 2.590 2.772 2.940 3.102 3.256 3.404 3.544 3.678 3.805 3.925 4.038 4.145 4.248 4.385 4.535 4.697 4.871 5.058 5.257 5.468 5.691 5.927 6.175 6.435 6.624 6.236 5.834 5.419 4.990 4.549 4.095 3.627 3.146 2.653 2.146 1.625 1.207 1.500 1.801 2.111 2.430 2.757 3.094 3.439 3.794 4.157 4.529 4.910 5.337 5.985 6.644 7.315 7.997 8.690 9.395 10.111 10.839
2.416 2.554 2.681 2.796 2.901 2.993 3.068 3.014 2.970 2.936 2.913 2.900 2.897 2.904 2.922 2.951 2.989 3.038 3.097 3.247 3.384 3.515 3.638 3.755 3.865 3.968 4.064 4.154 4.236 4.312 4.381 4.572 4.777 4.993 5.223 5.464 5.718 5.984 6.262 6.553 6.856 7.171 7.492 7.044 6.583 6.109 5.622 5.122 4.609 4.083 3.543 2.990 2.425 1.846 1.277 1.609 1.949 2.299 2.657 3.025 3.401 3.786 4.180 4.583 4.995 5.415 5.823 6.433 7.025 7.600 8.157 8.696 9.218 9.722 10.208
2.726 2.824 2.911 2.987 3.051 3.104 3.146 3.132 3.124 3.127 3.139 3.162 3.196 3.239 3.293 3.357 3.432 3.516 3.611 3.728 3.835 3.934 4.027 4.113 4.193 4.265 4.331 4.389 4.441 4.486 4.524 4.745 5.004 5.276 5.560 5.857 6.165 6.486 6.819 7.165 7.523 7.893 8.275 7.866 7.346 6.813 6.268 5.709 5.136 4.551 3.953 3.342 2.717 2.079 1.429 1.708 2.089 2.489 2.894 3.289 3.673 4.046 4.409 4.761 5.103 5.435 5.756 6.271 6.785 7.281 7.759 8.220 8.663 9.088 9.496
3.045 3.104 3.151 3.187 3.212 3.225 3.228 3.241 3.269 3.308 3.356 3.415 3.485 3.564 3.654 3.754 3.864 3.985 4.116 4.216 4.292 4.362 4.424 4.479 4.528 4.569 4.604 4.632 4.653 4.668 4.675 4.903 5.218 5.545 5.884 6.235 6.598 6.974 7.362 7.763 8.175 8.600 9.037 8.700 8.122 7.530 6.926 6.308 5.642 4.963 4.308 3.676 3.067 2.481 1.919 2.116 2.496 2.864 3.222 3.570 3.907 4.234 4.550 4.856 5.151 5.435 5.709 6.127 6.562 6.980 7.380 7.762 8.126 8.473 8.802
3.375 3.394 3.402 3.398 3.383 3.357 3.320 3.341 3.405 3.479 3.564 3.659 3.764 3.879 4.005 4.141 4.287 4.444 4.611 4.712 4.757 4.796 4.827 4.852 4.870 4.881 4.885 4.882 4.873 4.856 4.833 5.049 5.418 5.799 6.193 6.599 7.018 7.448 7.891 8.277 8.603 8.911 9.200 8.830 8.138 7.470 6.825 6.203 5.605 5.030 4.478 3.950 3.445 2.963 2.504 2.596 2.928 3.250 3.561 3.862 4.152 4.432 4.701 4.960 5.209 5.446 5.674 6.001 6.358 6.697 7.018 7.321 7.607 7.875 8.126
3.715 3.694 3.662 3.619 3.565 3.499 3.422 3.431 3.531 3.641 3.761 3.892 4.033 4.184 4.346 4.518 4.700 4.892 5.095 5.214 5.229 5.237 5.238 5.232 5.219 5.199 5.173 5.140 5.100 5.053 5.010 5.196 5.589 5.964 6.319 6.656 6.973 7.272 7.553 7.814 8.057 8.281 8.486 8.249 7.661 7.097 6.556 6.038 5.543 5.072 4.624 4.199 3.798 3.419 3.065 3.085 3.370 3.645 3.910 4.164 4.408 4.641 4.863 5.075 5.277 5.468 5.648 5.893 6.171 6.431 6.674 6.899 7.106 7.296 7.468
4.064 4.004 3.933 3.850 3.756 3.651 3.534 3.511 3.647 3.793 3.949 4.116 4.293 4.480 4.677 4.885 5.103 5.331 5.570 5.724 5.708 5.681 5.649 5.616 5.581 5.543 5.504 5.464 5.421 5.377 5.330 5.425 5.734 6.024 6.296 6.549 6.783 6.998 7.194 7.372 7.531 7.671 7.792 7.645 7.161 6.700 6.263 5.848 5.457 5.090 4.745 4.424 4.126 3.852 3.600 3.584 3.823 4.051 4.269 4.476 4.673 4.859 5.035 5.201 5.356 5.500 5.634 5.802 6.001 6.183 6.348 6.494 6.623 6.735 6.828
4.424 4.325 4.214 4.091 3.958 3.813 3.657 3.581 3.753 3.935 4.127 4.330 4.543 4.771 5.022 5.269 5.512 5.751 5.985 6.152 6.116 6.078 6.038 5.996 5.953 5.907 5.860 5.811 5.760 5.707 5.652 5.673 5.899 6.105 6.293 6.462 6.613 6.744 6.857 6.951 7.026 7.083 7.120 7.017 6.636 6.279 5.945 5.635 5.347 5.083 4.842 4.625 4.430 4.259 4.111 4.093 4.285 4.467 4.638 4.799 4.949 5.089 5.218 5.336 5.445 5.542 5.630 5.729 5.850 5.954 6.039 6.108 6.158 6.192 6.207
4.794 4.655 4.505 4.343 4.170 3.986 3.809 3.736 3.998 4.256 4.509 4.758 5.003 5.244 5.480 5.712 5.940 6.164 6.383 6.567 6.523 6.477 6.428 6.378 6.326 6.273 6.217 6.160 6.100 6.039 5.976 5.942 6.084 6.207 6.311 6.396 6.463 6.511 6.540 6.550 6.542 6.515 6.469 6.365 6.088 5.834 5.604 5.397 5.213 5.052 4.915 4.801 4.710 4.642 4.597 4.613 4.758 4.893 5.017 5.131 5.235 5.328 5.410 5.483 5.544 5.595 5.636 5.673 5.716 5.741 5.749 5.739 5.712 5.666 5.604
5.125 4.949 4.792 4.655 4.537 4.438 4.359 4.302 4.549 4.792 5.030 5.264 5.494 5.720 5.941 6.158 6.371 6.580 6.784 6.979 6.932 6.877 6.820 6.762 6.702 6.640 6.576 6.510 6.442 6.373 6.301 6.231 6.289 6.328 6.349 6.351 6.334 6.298 6.244 6.171 6.079 5.968 5.839 5.689 5.516 5.366 5.239 5.135 5.055 4.997 4.963 4.952 4.965 5.000 5.059 5.142 5.241 5.329 5.407 5.474 5.531 5.578 5.614 5.639 5.654 5.659 5.653 5.636 5.600 5.547 5.477 5.388 5.283 5.159 5.018
5.254 5.145 5.056 4.985 4.934 4.902 4.890 4.896 5.103 5.331 5.554 5.773 5.988 6.199 6.406 6.608 6.806 6.999 7.189 7.368 7.342 7.279 7.214 7.147 7.078 7.008 6.936 6.862 6.786 6.708 6.628 6.547 6.515 6.470 6.407 6.326 6.225 6.106 5.968 5.812 5.636 5.442 5.230 4.998 4.920 4.873 4.849 4.849 4.872 4.918 4.987 5.080 5.195 5.334 5.496 5.681 5.734 5.775 5.807 5.827 5.838 5.837 5.827 5.806 5.774 5.732 5.727 5.791 5.889 6.046 6.261 6.533 6.864 7.252 7.698
5.365 5.323 5.300 5.297 5.313 5.348 5.402 5.475 5.660 5.872 6.081 6.285 6.486 6.681 6.873 7.060 7.243 7.422 7.597 7.761 7.753 7.682 7.609 7.534 7.457 7.378 7.298 7.215 7.131 7.045 6.957 6.867 6.760 6.633 6.486 6.321 6.137 5.935 5.713 5.473 5.215 4.937 4.641 4.326 4.300 4.357 4.436 4.539 4.665 4.814 4.987 5.182 5.401 5.643 5.908 6.196 6.237 6.208 6.168 6.151 6.156 6.184 6.234 6.308 6.404 6.523 6.664 6.828 7.174 7.588 8.059 8.589 9.176 9.821 10.524
5.457 5.483 5.527 5.591 5.673 5.775 5.896 6.036 6.220 6.417 6.611 6.801 6.986 7.167 7.343 7.516 7.684 7.848 8.008 8.157 8.167 8.087 8.005 7.922 7.837 7.750 7.661 7.570 7.478 7.383 7.287 7.189 7.026 6.815 6.585 6.337 6.069 5.784 5.479 5.156 4.814 4.453 4.074 3.675 3.657 3.816 3.999 4.205 4.457 4.731 4.992 5.241 5.478 5.702 5.915 6.116 6.175 6.213 6.273 6.357 6.463 6.592 6.743 6.918 7.115 7.334 7.577 7.842 8.399 9.070 9.798 10.584 11.428 12.329 13.289
5.532 5.624 5.735 5.866 6.015 6.184 6.372 6.579 6.783 6.966 7.144 7.319 7.489 7.655 7.817 7.975 8.128 8.277 8.422 8.557 8.581 8.493 8.403 8.312 8.218 8.123 8.026 7.927 7.826 7.723 7.619 7.512 7.312 7.018 6.705 6.373 6.022 5.653 5.265 4.889 4.549 4.221 3.905 3.603 3.648 3.916 4.172 4.415 4.647 4.866 5.073 5.268 5.451 5.622 5.781 5.928 6.054 6.193 6.355 6.540 6.747 6.976 7.229 7.504 7.802 8.122 8.466 8.831 9.565 10.492 11.477 12.519 13.619 14.777 15.993
5.589 5.748 5.926 6.123 6.339 6.575 6.829 7.103 7.349 7.517 7.681 7.840 7.996 8.147 8.294 8.437 8.575 8.709 8.839 8.959 8.997 8.901 8.803 8.703 8.601 8.498 8.392 8.285 8.176 8.065 7.921 7.749 7.491 7.118 6.757 6.410 6.075 5.752 5.443 5.146 4.861 4.589 4.330 4.083 4.065 4.279 4.481 4.671 4.848 5.014 5.167 5.309 5.438 5.555 5.660 5.753 5.911 6.151 6.414 6.699 7.007 7.337 7.691 8.066 8.465 8.886 9.330 9.797 10.672 11.855 13.096 14.395 15.751 17.165 18.637
5.628 5.853 6.098 6.362 6.645 6.947 7.268 7.608 7.918 8.071 8.220 8.365 8.506 8.642 8.774 8.902 9.026 9.145 9.260 9.365 9.415 9.271 9.095 8.921 8.747 8.574 8.402 8.231 8.060 7.891 7.722 7.553 7.340 7.023 6.719 6.428 6.149 5.882 5.629 5.388 5.159 4.944 4.741 4.550 4.495 4.655 4.803 4.939 5.062 5.174 5.274 5.361 5.437 5.500 5.551 5.590 5.745 6.085 6.449 6.835 7.243 7.675 8.129 8.605 9.104 9.626 10.171 10.738 11.719 13.159 14.656 16.211 17.823 19.493 21.221
5.648 5.941 6.252 6.583 6.932 7.301 7.689 8.096 8.490 8.629 8.763 8.893 9.018 9.133 9.155 9.174 9.189 9.201 9.211 9.220 9.213 9.040 8.868 8.697 8.527 8.358 8.189 8.021 7.854 7.688 7.522 7.357 7.176 6.915 6.667 6.432 6.209 5.999 5.801 5.616 5.444 5.284 5.137 5.003 4.936 5.043 5.137 5.219 5.289 5.347 5.393 5.427 5.448 5.458 5.455 5.441 5.555 5.997 6.461 6.947 7.457 7.989 8.543 9.120 9.720 10.343 10.988 11.656 12.708 14.403 16.156 17.967 19.835 21.761 23.744
5.651 6.010 6.388 6.785 7.201 7.637 8.079 8.466 8.844 8.879 8.902 8.923 8.940 8.954 8.965 8.972 8.977 8.978 8.976 8.975 8.974 8.809 8.641 8.473 8.306 8.140 7.975 7.811 7.647 7.484 7.322 7.161 6.998 6.793 6.601 6.422 6.255 6.101 5.960 5.831 5.715 5.611 5.520 5.441 5.390 5.443 5.483 5.512 5.528 5.532 5.524 5.504 5.472 5.428 5.372 5.304 5.343 5.885 6.449 7.036 7.646 8.279 8.934 9.612 10.312 11.035 11.781 12.549 13.637 15.588 17.597 19.664 21.787 23.969 26.208
5.661 6.072 6.475 6.867 7.250 7.623 7.986 8.339 8.683 8.748 8.760 8.769 8.775 8.778 8.778 8.775 8.768 8.758 8.745 8.732 8.720 8.577 8.413 8.248 8.085 7.923 7.761 7.600 7.440 7.280 7.122 6.964 6.807 6.658 6.522 6.399 6.288 6.190 6.104 6.032 5.971 5.924 5.888 5.866 5.856 5.855 5.842 5.816 5.779 5.730 5.668 5.595 5.509 5.411 5.301 5.179 5.107 5.749 6.415 7.102 7.813 8.546 9.301 10.080 10.880 11.704 12.550 13.419 14.508 16.715 18.979 21.301 23.680 26.117 28.611
5.779 6.158 6.526 6.884 7.233 7.572 7.902 8.221 8.531 8.620 8.621 8.619 8.614 8.606 8.594 8.580 8.562 8.541 8.517 8.493 8.470 8.345 8.184 8.023 7.863 7.704 7.546 7.388 7.232 7.076 6.921 6.766 6.612 6.509 6.429 6.362 6.307 6.265 6.235 6.219 6.214 6.222 6.243 6.277 6.323 6.280 6.213 6.134 6.043 5.940 5.824 5.697 5.558 5.407 5.243 5.068 4.880 5.591 6.357 7.145 7.956 8.789 9.645 10.524 11.425 12.349 13.295 14.213 15.118 17.329 19.506 21.649 23.758 25.835 27.877
5.907 6.251 6.586 6.911 7.226 7.531 7.827 8.112 8.388 8.495 8.485 8.472 8.456 8.436 8.414 8.388 8.359 8.327 8.292 8.257 8.222 8.113 7.955 7.797 7.641 7.485 7.331 7.176 7.023 6.871 6.719 6.568 6.418 6.347 6.323 6.311 6.313 6.326 6.353 6.392 6.443 6.507 6.584 6.673 6.775 6.716 6.596 6.463 6.319 6.162 5.993 5.812 5.620 5.415 5.198 4.969 4.728 5.410 6.295 7.206 8.103 8.985 9.852 10.704 11.541 12.364 13.172 13.965 14.744 16.720 18.748 20.743 22.705 24.633 26.527
6.044 6.354 6.655 6.946 7.227 7.499 7.760 8.012 8.255 8.373 8.352 8.328 8.301 8.270 8.237 8.200 8.160 8.116 8.070 8.024 7.978 7.879 7.725 7.571 7.418 7.266 7.115 6.964 6.814 6.665 6.517 6.369 6.222 6.171 6.203 6.247 6.304 6.374 6.456 6.551 6.658 6.778 6.911 7.056 7.214 7.165 6.991 6.805 6.607 6.398 6.193 5.999 5.815 5.641 5.477 5.324 5.180 5.787 6.648 7.494 8.326 9.142 9.944 10.731 11.504 12.262 13.005 13.733 14.447 16.144 18.025 19.872 21.686 23.466 25.212
6.189 6.466 6.733 6.990 7.237 7.475 7.703 7.921 8.130 8.254 8.222 8.187 8.149 8.107 8.062 8.014 7.963 7.909 7.851 7.794 7.737 7.646 7.495 7.344 7.195 7.046 6.898 6.751 6.604 6.459 6.314 6.170 6.026 5.981 6.069 6.170 6.283 6.408 6.546 6.697 6.857 7.012 7.161 7.304 7.441 7.392 7.192 7.002 6.822 6.652 6.493 6.344 6.205 6.077 5.958 5.850 5.752 6.220 7.016 7.797 8.563 9.315 10.051 10.774 11.481 12.174 12.852 13.515 14.164 15.602 17.335 19.034 20.700 22.332 23.931
6.344 6.586 6.820 7.043 7.257 7.461 7.655 7.839 8.014 8.139 8.096 8.049 8.000 7.947 7.891 7.832 7.770 7.704 7.636 7.567 7.499 7.412 7.264 7.117 6.971 6.826 6.681 6.537 6.394 6.252 6.111 5.990 5.911 5.920 6.091 6.256 6.415 6.568 6.714 6.854 6.988 7.115 7.237 7.352 7.461 7.455 7.300 7.155 7.021 6.896 6.782 6.678 6.585 6.501 6.428 6.365 6.312 6.667 7.397 8.113 8.815 9.501 10.173 10.831 11.473 12.101 12.714 13.313 13.896 15.094 16.679 18.231 19.749 21.233 22.684
6.507 6.716 6.915 7.105 7.285 7.455 7.616 7.767 7.908 8.026 7.972 7.915 7.854 7.790 7.723 7.653 7.580 7.503 7.423 7.344 7.265 7.177 7.032 6.896 6.772 6.661 6.562 6.476 6.402 6.340 6.292 6.255 6.232 6.251 6.394 6.532 6.663 6.788 6.906 7.019 7.125 7.225 7.319 7.406 7.488 7.507 7.397 7.297 7.208 7.129 7.060 7.002 6.953 6.915 6.887 6.869 6.862 7.128 7.793 8.444 9.081 9.703 10.310 10.902 11.480 12.043 12.591 13.125 13.644 14.619 16.057 17.460 18.831 20.168 21.471
6.679 6.854 7.020 7.176 7.322 7.458 7.585 7.703 7.810 7.908 7.852 7.783 7.711 7.637 7.556 7.454 7.353 7.252 7.152 7.057 6.967 6.877 6.784 6.704 6.635 6.579 6.536 6.505 6.487 6.481 6.488 6.507 6.538 6.588 6.704 6.813 6.917 7.014 7.105 7.190 7.269 7.341 7.407 7.467 7.521 7.548 7.483 7.429 7.385 7.351 7.327 7.314 7.311 7.318 7.335 7.362 7.400 7.603 8.204 8.790 9.362 9.918 10.461 10.988 11.501 11.999 12.483 12.952 13.406 14.178 15.468 16.724 17.947 19.136 20.292
6.859 7.001 7.133 7.255 7.368 7.471 7.564 7.637 7.671 7.713 7.639 7.537 7.435 7.335 7.234 7.134 7.035 6.936 6.837 6.744 6.655 6.567 6.523 6.497 6.485 6.484 6.496 6.521 6.558 6.607 6.669 6.744 6.831 6.930 7.019 7.102 7.177 7.247 7.311 7.368 7.419 7.464 7.502 7.535 7.561 7.578 7.559 7.550 7.551 7.562 7.583 7.615 7.657 7.709 7.771 7.844 7.926 8.092 8.629 9.150 9.657 10.149 10.626 11.089 11.537 11.970 12.389 12.793 13.183 13.770 14.913 16.021 17.097 18.139 19.147
7.016 7.024 7.039 7.062 7.093 7.131 7.176 7.229 7.289 7.357 7.311 7.211 7.111 7.012 6.913 6.815 6.717 6.619 6.522 6.431 6.344 6.257 6.248 6.278 6.320 6.375 6.443 6.523 6.615 6.720 6.837 6.967 7.110 7.264 7.341 7.396 7.444 7.486 7.522 7.552 7.575 7.593 7.604 7.608 7.607 7.599 7.623 7.659 7.706 7.762 7.829 7.905 7.992 8.089 8.197 8.314 8.442 8.596 9.068 9.524 9.966 10.394 10.806 11.204 11.588 11.956 12.310 12.650 12.974 13.396 14.391 15.352 16.280 17.175 18.036
6.419 6.453 6.495 6.544 6.600 6.664 6.735 6.814 6.900 6.994 6.983 6.885 6.787 6.689 6.592 6.495 6.399 6.303 6.208 6.117 6.032 5.947 5.959 6.044 6.142 6.252 6.375 6.511 6.658 6.819 6.991 7.176 7.374 7.584 7.670 7.697 7.718 7.732 7.740 7.743 7.738 7.728 7.712 7.689 7.660 7.625 7.677 7.758 7.850 7.951 8.063 8.185 8.317 8.459 8.611 8.774 8.946 9.129 9.521 9.913 10.290 10.653 11.001 11.334 11.653 11.957 12.246 12.521 12.781 13.052 13.910 14.760 15.603 16.438 17.267
5.817 5.877 5.944 6.019 6.102 6.191 6.289 6.393 6.505 6.625 6.656 6.559 6.462 6.366 6.271 6.176 6.081 5.987 5.893 5.804 5.720 5.637 5.656 5.797 5.950 6.116 6.294 6.485 6.688 6.903 7.131 7.372 7.625 7.890 8.005 8.004 7.997 7.984 7.965 7.940 7.908 7.870 7.826 7.776 7.719 7.657 7.720 7.846 7.983 8.129 8.286 8.453 8.630 8.817 9.014 9.222 9.440 9.668 9.989 10.316 10.605 10.842 11.078 11.313 11.547 11.780 12.011 12.241 12.470 12.698 13.485 14.303 15.114 15.917 16.713
5.208 5.294 5.387 5.488 5.596 5.712 5.835 5.966 6.104 6.250 6.328 6.233 6.138 6.044 5.950 5.856 5.763 5.670 5.578 5.491 5.409 5.327 5.340 5.536 5.745 5.966 6.199 6.445 6.703 6.974 7.257 7.553 7.861 8.182 8.346 8.318 8.283 8.243 8.196 8.143 8.084 8.019 7.947 7.869 7.785 7.695 7.752 7.923 8.105 8.296 8.498 8.704 8.891 9.067 9.231 9.384 9.526 9.657 9.860 10.094 10.327 10.560 10.791 11.021 11.249 11.477 11.703 11.928 12.152 12.375 13.068 13.854 14.632 15.404 16.168
4.593 4.705 4.824 4.951 5.085 5.227 5.376 5.532 5.696 5.868 6.001 5.907 5.814 5.721 5.628 5.536 5.445 5.354 5.263 5.178 5.097 5.017 5.011 5.262 5.526 5.802 6.090 6.392 6.705 7.031 7.369 7.720 8.084 8.459 8.693 8.637 8.576 8.508 8.433 8.353 8.266 8.174 8.079 7.997 7.923 7.856 7.918 8.111 8.294 8.465 8.624 8.773 8.910 9.036 9.151 9.254 9.347 9.428 9.594 9.823 10.051 10.279 10.504 10.729 10.953 11.175 11.396 11.617 11.835 12.053 12.658 13.412 14.158 14.898 15.630
