DATA/SHG/ECMWF/20170628/EN-50/20170629.en-50.asc
ncols        190
nrows        64
xllcorner    -5100000.000000000000
yllcorner    4130000.000000000000
cellsize     10000.000000000000
NODATA_value  -99999.000
[rows 0 to 32 of 64, columns 0 to 72 of 190]
3.153 3.017 2.885 2.756 2.631 2.509 2.392 2.277 2.167 2.315 2.548 2.786 3.029 3.276 3.528 3.784 4.045 4.311 4.581 4.849 5.100 5.150 5.120 5.099 5.087 5.085 5.092 5.109 5.135 5.170 5.214 5.268 5.331 5.385 5.418 5.439 5.447 5.443 5.425 5.395 5.352 5.297 5.229 5.148 5.054 4.967 4.893 4.814 4.732 4.646 4.557 4.463 4.366 4.265 4.160 4.052 3.939 3.844 3.780 3.725 3.681 3.646 3.622 3.607 3.602 3.607 3.623 3.648 3.683 3.679 3.592 3.498 3.395
2.858 2.735 2.616 2.500 2.387 2.279 2.173 2.072 1.974 2.086 2.336 2.590 2.917 3.229 3.524 3.800 4.060 4.301 4.525 4.732 4.921 5.000 5.003 5.015 5.037 5.067 5.107 5.157 5.215 5.283 5.360 5.446 5.542 5.596 5.585 5.561 5.524 5.475 5.413 5.338 5.250 5.150 5.036 4.911 4.772 4.648 4.560 4.469 4.373 4.274 4.171 4.065 3.954 3.840 3.722 3.600 3.475 3.376 3.347 3.327 3.318 3.318 3.328 3.349 3.379 3.419 3.469 3.529 3.599 3.631 3.517 3.395 3.266
2.560 2.450 2.343 2.240 2.162 2.177 2.195 2.216 2.239 2.398 2.701 2.986 3.253 3.503 3.735 3.950 4.147 4.327 4.489 4.634 4.761 4.841 4.877 4.922 4.976 5.040 5.112 5.194 5.286 5.386 5.496 5.615 5.744 5.821 5.765 5.696 5.614 5.520 5.413 5.293 5.161 5.015 4.858 4.687 4.504 4.333 4.232 4.128 4.019 3.907 3.791 3.671 3.547 3.420 3.288 3.154 3.015 2.899 2.904 2.920 2.945 2.981 3.026 3.081 3.147 3.222 3.307 3.402 3.567 3.704 3.637 3.573 3.513
2.644 2.657 2.674 2.693 2.716 2.741 2.769 2.801 2.835 2.938 3.179 3.402 3.607 3.795 3.965 4.118 4.254 4.372 4.472 4.555 4.620 4.673 4.741 4.819 4.906 5.002 5.108 5.222 5.346 5.480 5.622 5.774 5.935 6.058 5.957 5.843 5.717 5.578 5.426 5.262 5.084 4.894 4.692 4.476 4.248 4.023 3.909 3.791 3.669 3.543 3.414 3.281 3.144 3.003 2.859 2.711 2.559 2.413 2.453 2.504 2.574 2.770 2.959 3.140 3.314 3.481 3.641 3.793 3.939 4.077 4.025 3.973 3.925
3.152 3.176 3.203 3.232 3.265 3.301 3.340 3.382 3.426 3.496 3.675 3.836 3.979 4.105 4.214 4.305 4.379 4.435 4.473 4.494 4.498 4.495 4.596 4.707 4.826 4.955 5.093 5.241 5.398 5.564 5.739 5.923 6.117 6.308 6.162 6.004 5.833 5.649 5.452 5.243 5.021 4.786 4.539 4.279 4.006 3.721 3.589 3.458 3.323 3.184 3.042 2.895 2.745 2.621 2.599 2.591 2.596 2.616 2.793 2.978 3.155 3.326 3.489 3.645 3.794 3.935 4.070 4.197 4.317 4.430 4.409 4.370 4.333
3.656 3.690 3.728 3.768 3.811 3.857 3.906 3.958 4.014 4.072 4.189 4.288 4.370 4.434 4.481 4.510 4.522 4.516 4.493 4.452 4.394 4.318 4.441 4.584 4.737 4.898 5.069 5.249 5.439 5.637 5.845 6.063 6.289 6.525 6.381 6.177 5.961 5.733 5.491 5.238 4.971 4.692 4.400 4.095 3.778 3.448 3.298 3.228 3.171 3.128 3.099 3.084 3.083 3.095 3.122 3.162 3.217 3.285 3.431 3.590 3.743 3.888 4.026 4.156 4.280 4.396 4.505 4.607 4.701 4.789 4.790 4.762 4.738
4.156 4.201 4.248 4.299 4.353 4.409 4.469 4.531 4.597 4.665 4.721 4.759 4.779 4.781 4.766 4.734 4.684 4.616 4.531 4.429 4.309 4.172 4.277 4.453 4.638 4.832 5.035 5.248 5.470 5.702 5.942 6.192 6.451 6.719 6.611 6.363 6.103 5.829 5.544 5.247 4.953 4.662 4.373 4.088 3.805 3.526 3.417 3.395 3.387 3.393 3.413 3.447 3.494 3.555 3.631 3.720 3.823 3.940 4.075 4.209 4.336 4.456 4.568 4.673 4.772 4.863 4.946 5.023 5.092 5.155 5.167 5.151 5.138
4.652 4.707 4.765 4.826 4.890 4.957 5.027 5.100 5.176 5.255 5.272 5.247 5.206 5.146 5.070 4.975 4.864 4.735 4.588 4.424 4.243 4.044 4.103 4.311 4.529 4.756 4.992 5.237 5.492 5.756 6.029 6.312 6.574 6.834 6.756 6.457 6.161 5.868 5.578 5.291 5.007 4.726 4.448 4.173 3.901 3.633 3.522 3.549 3.590 3.644 3.713 3.795 3.891 4.001 4.125 4.263 4.414 4.580 4.725 4.833 4.935 5.029 5.117 5.197 5.270 5.335 5.394 5.445 5.489 5.526 5.540 5.536 5.535
5.144 5.209 5.278 5.349 5.424 5.501 5.581 5.664 5.751 5.840 5.840 5.754 5.651 5.530 5.391 5.236 5.062 4.872 4.664 4.438 4.195 3.935 3.919 4.160 4.411 4.644 4.883 5.127 5.378 5.635 5.898 6.167 6.442 6.724 6.744 6.456 6.170 5.888 5.608 5.332 5.058 4.788 4.520 4.256 3.995 3.736 3.613 3.689 3.778 3.881 3.998 4.129 4.274 4.432 4.605 4.791 4.991 5.205 5.381 5.464 5.540 5.610 5.672 5.726 5.774 5.814 5.848 5.874 5.893 5.904 5.910 5.917 5.928
5.632 5.708 5.786 5.868 5.953 6.041 6.131 6.225 6.321 6.421 6.427 6.279 6.114 5.931 5.732 5.514 5.279 5.018 4.685 4.359 4.038 3.722 3.610 3.852 4.099 4.353 4.614 4.880 5.152 5.431 5.716 6.007 6.304 6.607 6.729 6.451 6.176 5.904 5.635 5.369 5.106 4.846 4.589 4.335 4.085 3.837 3.690 3.814 3.952 4.104 4.269 4.449 4.642 4.849 5.070 5.305 5.554 5.816 6.042 6.101 6.152 6.196 6.232 6.262 6.284 6.300 6.308 6.309 6.302 6.289 6.276 6.295 6.318
6.116 6.202 6.291 6.383 6.478 6.576 6.677 6.781 6.888 6.998 6.980 6.628 6.282 5.941 5.606 5.277 4.953 4.635 4.322 4.016 3.715 3.419 3.247 3.511 3.780 4.056 4.338 4.626 4.921 5.221 5.528 5.841 6.160 6.485 6.711 6.443 6.179 5.917 5.659 5.404 5.151 4.902 4.655 4.412 4.171 3.934 3.753 3.926 4.112 4.312 4.527 4.755 4.996 5.252 5.522 5.805 6.102 6.413 6.710 6.743 6.769 6.788 6.799 6.804 6.801 6.791 6.774 6.750 6.718 6.679 6.638 6.669 6.703
6.596 6.692 6.792 6.822 6.786 6.745 6.700 6.652 6.599 6.542 6.452 6.120 5.794 5.473 5.158 4.848 4.545 4.247 3.954 3.667 3.386 3.111 2.879 3.164 3.455 3.753 4.057 4.367 4.683 5.005 5.334 5.668 6.009 6.356 6.690 6.433 6.179 5.928 5.680 5.435 5.193 4.954 4.718 4.485 4.255 4.028 3.805 4.023 4.258 4.507 4.770 5.046 5.336 5.641 5.958 6.290 6.636 6.995 7.368 7.392 7.393 7.386 7.373 7.352 7.324 7.289 7.246 7.162 7.055 6.956 6.865 6.863 6.874
6.478 6.440 6.397 6.350 6.299 6.244 6.185 6.122 6.055 5.983 5.908 5.607 5.300 4.999 4.704 4.415 4.131 3.853 3.580 3.314 3.053 2.797 2.547 2.811 3.124 3.444 3.769 4.101 4.439 4.783 5.133 5.489 5.852 6.221 6.595 6.419 6.176 5.935 5.698 5.463 5.232 5.003 4.778 4.556 4.336 4.120 3.906 4.107 4.390 4.687 4.999 5.323 5.662 6.015 6.381 6.761 7.155 7.563 7.985 8.047 7.942 7.810 7.684 7.567 7.456 7.354 7.258 7.170 7.090 7.017 6.951 6.956 6.981
6.054 6.001 5.944 5.883 5.818 5.749 5.675 5.598 5.516 5.430 5.340 5.088 4.801 4.521 4.245 3.976 3.712 3.454 3.201 2.954 2.713 2.478 2.248 2.452 2.787 3.128 3.475 3.829 4.189 4.554 4.926 5.304 5.689 6.079 6.476 6.403 6.170 5.940 5.713 5.489 5.268 5.050 4.835 4.623 4.414 4.208 4.005 4.176 4.508 4.854 5.213 5.587 5.974 6.330 6.667 6.989 7.298 7.592 7.872 7.875 7.761 7.655 7.555 7.464 7.380 7.303 7.234 7.172 7.117 7.071 7.031 7.044 7.084
5.636 5.568 5.497 5.421 5.342 5.258 5.170 5.078 4.982 4.882 4.778 4.564 4.297 4.036 3.781 3.532 3.288 3.049 2.817 2.590 2.369 2.153 1.943 2.087 2.444 2.807 3.176 3.551 3.932 4.320 4.714 5.113 5.519 5.931 6.350 6.383 6.161 5.941 5.725 5.511 5.301 5.093 4.889 4.687 4.488 4.293 4.138 4.298 4.670 5.028 5.371 5.701 6.016 6.318 6.605 6.878 7.137 7.382 7.613 7.661 7.573 7.493 7.420 7.354 7.296 7.245 7.202 7.166 7.138 7.117 7.104 7.127 7.183
5.222 5.140 5.055 4.965 4.871 4.773 4.671 4.564 4.454 4.340 4.221 4.035 3.788 3.547 3.312 3.082 2.858 2.640 2.427 2.220 2.018 1.823 1.633 1.716 2.094 2.479 2.870 3.267 3.670 4.079 4.494 4.916 5.344 5.777 6.217 6.361 6.149 5.939 5.729 5.507 5.304 5.120 4.956 4.811 4.685 4.579 4.491 4.595 4.918 5.226 5.520 5.800 6.067 6.319 6.556 6.780 6.990 7.186 7.367 7.440 7.378 7.324 7.277 7.237 7.205 7.180 7.163 7.154 7.151 7.157 7.169 7.207 7.278
4.814 4.718 4.618 4.513 4.405 4.293 4.176 4.056 3.931 3.802 3.670 3.500 3.273 3.052 2.837 2.627 2.423 2.224 2.032 1.844 1.663 1.487 1.317 1.339 1.739 2.145 2.558 2.976 3.401 3.832 4.269 4.707 5.125 5.528 5.916 6.103 5.890 5.697 5.523 5.368 5.233 5.117 5.020 4.942 4.884 4.845 4.825 4.906 5.179 5.438 5.683 5.914 6.131 6.333 6.522 6.697 6.857 7.003 7.136 7.212 7.176 7.148 7.127 7.113 7.107 7.109 7.118 7.134 7.158 7.189 7.227 7.282 7.368
4.410 4.300 4.186 4.067 3.944 3.818 3.687 3.552 3.413 3.270 3.123 2.960 2.754 2.552 2.357 2.167 1.983 1.804 1.631 1.464 1.302 1.146 0.995 0.955 1.405 1.875 2.331 2.772 3.197 3.608 4.003 4.384 4.749 5.099 5.435 5.675 5.530 5.404 5.298 5.210 5.142 5.094 5.064 5.054 5.063 5.091 5.139 5.230 5.454 5.663 5.859 6.041 6.208 6.362 6.501 6.627 6.738 6.835 6.918 6.977 6.967 6.965 6.970 6.982 7.002 7.030 7.065 7.107 7.157 7.214 7.279 7.353 7.455
4.012 3.887 3.759 3.626 3.489 3.348 3.203 3.054 2.901 2.743 2.582 2.415 2.228 2.047 1.871 1.701 1.537 1.420 1.335 1.256 1.184 1.120 1.063 1.032 1.465 1.883 2.286 2.674 3.047 3.405 3.748 4.076 4.389 4.687 4.969 5.228 5.150 5.092 5.053 5.033 5.033 5.051 5.089 5.146 5.223 5.318 5.433 5.567 5.742 5.903 6.049 6.182 6.300 6.404 6.495 6.571 6.633 6.681 6.715 6.735 6.751 6.775 6.806 6.845 6.891 6.944 7.005 7.073 7.149 7.232 7.323 7.421 7.537
3.619 3.480 3.337 3.190 3.039 2.883 2.724 2.561 2.393 2.222 2.105 1.980 1.873 1.777 1.687 1.605 1.530 1.462 1.402 1.348 1.301 1.262 1.230 1.204 1.541 1.907 2.257 2.592 2.913 3.218 3.509 3.784 4.044 4.290 4.520 4.735 4.752 4.761 4.789 4.837 4.903 4.989 5.095 5.219 5.363 5.525 5.707 5.909 6.044 6.155 6.253 6.336 6.405 6.460 6.502 6.529 6.542 6.541 6.526 6.496 6.528 6.578 6.635 6.700 6.772 6.851 6.938 7.032 7.134 7.243 7.359 7.483 7.615
3.231 3.078 2.920 2.905 2.866 2.802 2.714 2.600 2.462 2.298 2.110 1.898 1.783 1.711 1.647 1.590 1.540 1.497 1.461 1.432 1.410 1.396 1.389 1.388 1.633 1.946 2.244 2.526 2.794 3.047 3.285 3.508 3.716 3.909 4.087 4.250 4.334 4.410 4.506 4.621 4.755 4.908 5.080 5.272 5.483 5.713 5.962 6.231 6.360 6.422 6.470 6.504 6.524 6.530 6.522 6.500 6.464 6.414 6.350 6.272 6.299 6.374 6.458 6.548 6.646 6.751 6.864 6.959 7.014 7.068 7.120 7.170 7.199
3.778 3.726 3.649 3.548 3.421 3.270 3.094 2.893 2.668 2.417 2.142 1.842 1.684 1.638 1.599 1.566 1.541 1.523 1.512 1.509 1.512 1.522 1.540 1.565 1.740 2.000 2.246 2.476 2.691 2.892 3.077 3.248 3.403 3.544 3.669 3.780 3.897 4.041 4.204 4.386 4.587 4.807 5.047 5.306 5.584 5.881 6.197 6.533 6.689 6.702 6.701 6.686 6.657 6.614 6.557 6.486 6.401 6.302 6.188 6.061 6.046 6.107 6.167 6.225 6.281 6.335 6.388 6.440 6.489 6.537 6.583 6.627 6.636
4.709 4.569 4.405 4.216 4.003 3.764 3.501 3.213 2.901 2.563 2.201 1.814 1.579 1.557 1.543 1.536 1.536 1.542 1.557 1.578 1.606 1.641 1.684 1.733 1.862 2.070 2.263 2.441 2.604 2.752 2.885 3.003 3.107 3.195 3.268 3.326 3.441 3.652 3.882 4.131 4.400 4.687 4.994 5.320 5.665 6.030 6.413 6.816 7.031 6.995 6.945 6.881 6.803 6.657 6.478 6.302 6.130 5.960 5.794 5.630 5.569 5.625 5.679 5.731 5.781 5.830 5.877 5.923 5.966 6.008 6.049 6.087 6.084
5.665 5.439 5.187 4.911 4.611 4.285 3.935 3.560 3.160 2.736 2.286 1.812 1.466 1.469 1.480 1.497 1.522 1.554 1.593 1.639 1.692 1.752 1.820 1.894 2.001 2.156 2.297 2.422 2.533 2.628 2.709 2.775 2.826 2.861 2.882 2.888 2.966 3.244 3.541 3.858 4.194 4.548 4.922 5.315 5.727 6.159 6.532 6.867 7.028 6.844 6.664 6.486 6.312 6.141 5.973 5.808 5.646 5.488 5.333 5.180 5.095 5.145 5.193 5.239 5.284 5.327 5.368 5.408 5.446 5.482 5.517 5.550 5.542
6.648 6.334 5.996 5.633 5.245 4.832 4.395 3.933 3.446 2.935 2.399 1.838 1.345 1.374 1.409 1.452 1.501 1.558 1.622 1.693 1.771 1.856 1.948 2.047 2.154 2.257 2.345 2.419 2.477 2.520 2.549 2.562 2.561 2.544 2.513 2.466 2.472 2.817 3.182 3.590 3.987 4.366 4.728 5.072 5.398 5.707 5.998 6.272 6.454 6.282 6.112 5.946 5.782 5.622 5.465 5.312 5.161 5.013 4.869 4.728 4.623 4.667 4.709 4.750 4.789 4.826 4.862 4.896 4.928 4.958 4.987 5.014 5.010
7.649 7.255 6.830 6.380 5.905 5.406 4.881 4.333 3.759 3.161 2.538 1.890 1.217 1.270 1.331 1.398 1.473 1.554 1.643 1.739 1.842 1.952 2.069 2.193 2.323 2.374 2.410 2.431 2.437 2.428 2.404 2.366 2.352 2.346 2.350 2.362 2.391 2.779 3.150 3.503 3.838 4.156 4.456 4.739 5.005 5.252 5.483 5.696 5.878 5.717 5.558 5.403 5.251 5.101 4.956 4.813 4.673 4.536 4.403 4.273 4.153 4.191 4.228 4.263 4.296 4.328 4.357 4.385 4.412 4.437 4.460 4.481 4.490
8.571 8.203 7.691 7.154 6.592 6.006 5.394 4.759 4.098 3.413 2.703 1.969 1.209 1.160 1.245 1.337 1.437 1.543 1.657 1.777 1.905 2.040 2.182 2.331 2.478 2.454 2.419 2.392 2.374 2.364 2.363 2.371 2.387 2.412 2.445 2.487 2.538 2.831 3.141 3.432 3.707 3.964 4.203 4.425 4.629 4.816 4.985 5.137 5.271 5.150 5.002 4.858 4.716 4.578 4.443 4.311 4.183 4.057 3.935 3.815 3.699 3.718 3.749 3.778 3.806 3.831 3.855 3.878 3.898 3.917 3.935 3.950 3.964
9.475 9.177 8.577 7.953 7.305 6.632 5.934 5.211 4.464 3.692 2.895 2.074 1.228 1.042 1.152 1.269 1.393 1.552 1.752 1.920 2.057 2.161 2.234 2.274 2.283 2.270 2.265 2.268 2.280 2.301 2.330 2.367 2.413 2.468 2.532 2.604 2.684 2.901 3.149 3.380 3.593 3.789 3.968 4.128 4.272 4.398 4.506 4.597 4.670 4.580 4.444 4.310 4.180 4.053 3.929 3.808 3.690 3.575 3.464 3.355 3.250 3.247 3.272 3.296 3.317 3.337 3.355 3.372 3.387 3.400 3.412 3.422 3.430
10.360 10.176 9.490 8.779 8.044 7.284 6.499 5.690 4.856 3.998 3.175 2.426 1.693 1.500 1.716 1.900 2.052 2.173 2.261 2.318 2.342 2.335 2.295 2.224 2.121 2.077 2.102 2.136 2.177 2.228 2.287 2.355 2.431 2.516 2.609 2.711 2.822 2.989 3.176 3.346 3.498 3.633 3.750 3.850 3.932 3.997 4.045 4.075 4.087 4.008 3.883 3.760 3.641 3.525 3.412 3.302 3.195 3.091 2.991 2.893 2.799 2.779 2.798 2.815 2.831 2.845 2.858 2.869 2.878 2.885 2.891 2.895 2.898
11.227 11.202 10.429 9.622 8.818 8.030 7.257 6.501 5.759 5.034 4.324 3.630 2.951 2.601 2.705 2.778 2.818 2.827 2.803 2.748 2.661 2.542 2.391 2.208 1.993 1.876 1.931 1.994 2.066 2.147 2.236 2.333 2.440 2.554 2.678 2.810 2.950 3.094 3.220 3.329 3.420 3.494 3.550 3.589 3.611 3.615 3.601 3.571 3.522 3.434 3.320 3.208 3.100 2.994 2.892 2.793 2.697 2.605 2.515 2.428 2.345 2.312 2.326 2.337 2.347 2.356 2.363 2.368 2.387 2.430 2.471 2.510 2.547
12.000 11.917 11.136 10.371 9.622 8.888 8.170 7.468 6.781 6.110 5.455 4.815 4.191 3.735 3.727 3.688 3.617 3.514 3.379 3.212 3.013 2.782 2.520 2.226 1.899 1.666 1.751 1.844 1.946 2.056 2.175 2.303 2.439 2.584 2.737 2.899 3.070 3.217 3.282 3.330 3.360 3.373 3.369 3.347 3.307 3.251 3.176 3.085 2.975 2.858 2.754 2.653 2.556 2.462 2.371 2.282 2.198 2.116 2.037 1.961 1.889 1.868 1.918 1.966 2.013 2.057 2.099 2.139 2.177 2.213 2.248 2.280 2.310
12.827 12.539 11.813 11.102 10.407 9.728 9.065 8.417 7.785 7.168 6.567 5.982 5.412 4.902 4.783 4.631 4.449 4.234 3.987 3.709 3.399 3.056 2.682 2.277 1.839 1.447 1.562 1.685 1.817 1.957 2.106 2.264 2.430 2.605 2.788 2.980 3.180 3.357 3.361 3.348 3.318 3.270 3.205 3.122 3.022 2.904 2.769 2.617 2.447 2.279 2.186 2.097 2.010 1.927 1.879 1.854 1.829 1.802 1.776 1.748 1.720 1.708 1.751 1.793 1.832 1.869 1.904 1.938 1.969 1.999 2.026 2.052 2.075
13.768 13.143 12.472 11.815 11.175 10.550 9.941 9.348 8.770 8.208 7.661 7.130 6.615 6.116 5.870 5.608 5.313 4.987 4.629 4.239 3.817 3.364 2.878 2.361 1.812 1.231 1.364 1.517 1.679 1.850 2.028 2.216 2.412 2.617 2.830 3.052 3.282 3.515 3.459 3.385 3.294 3.185 3.059 2.915 2.754 2.576 2.380 2.205 2.038 1.873 1.849 1.824 1.799 1.774 1.747 1.720 1.692 1.664 1.635 1.605 1.575 1.550 1.586 1.621 1.653 1.684 1.712 1.739 1.763 1.786 1.807 1.825 1.842
