DATA/SHG/ECMWF/20170628/EN-50/20170630.en-50.asc
ncols        190
nrows        64
xllcorner    -5100000.000000000000
yllcorner    4130000.000000000000
cellsize     10000.000000000000
NODATA_value  -99999.000
[rows 0 to 32 of 64, columns 75 to 149 of 190]
2.440 2.539 2.610 2.654 2.672 2.662 2.726 3.166 3.676 4.175 4.661 5.135 5.598 6.048 6.486 6.912 7.326 7.728 8.139 8.611 9.076 9.529 9.971 10.401 10.819 11.226 11.621 12.005 12.377 12.737 12.851 12.199 11.550 10.905 10.263 9.625 8.991 8.360 7.732 7.109 6.489 5.872 5.389 5.313 5.244 5.180 5.123 5.072 5.027 4.988 4.955 4.929 4.908 4.894 4.890 4.906 4.933 4.971 5.019 5.077 5.146 5.226 5.316 5.417 5.528 5.650 5.816 6.090 6.379 6.683 7.002 7.336 7.685 8.049 8.427
1.719 1.891 2.070 2.256 2.449 2.649 2.904 3.384 3.853 4.309 4.753 5.186 5.606 6.014 6.410 6.794 7.166 7.526 7.883 8.303 8.716 9.118 9.508 9.886 10.252 10.607 10.951 11.282 11.602 11.911 12.102 11.466 10.833 10.204 9.578 8.956 8.337 7.722 7.111 6.503 5.899 5.298 4.770 4.722 4.680 4.644 4.614 4.590 4.572 4.561 4.556 4.557 4.564 4.577 4.601 4.664 4.738 4.823 4.918 5.023 5.139 5.266 5.403 5.550 5.708 5.877 6.079 6.419 6.775 7.145 7.531 7.931 8.346 8.776 9.221
1.888 2.084 2.287 2.496 2.712 2.935 3.175 3.614 4.040 4.454 4.856 5.247 5.625 5.991 6.345 6.687 7.018 7.336 7.642 8.009 8.370 8.720 9.058 9.384 9.699 10.002 10.294 10.574 10.842 11.099 11.344 10.730 10.113 9.500 8.890 8.284 7.681 7.082 6.487 5.895 5.306 4.721 4.145 4.124 4.110 4.101 4.099 4.102 4.112 4.128 4.151 4.179 4.213 4.254 4.302 4.412 4.533 4.664 4.806 4.959 5.122 5.295 5.479 5.673 5.878 6.093 6.304 6.659 7.021 7.391 7.769 8.155 8.548 8.949 9.358
2.050 2.270 2.496 2.729 2.969 3.216 3.469 3.853 4.238 4.610 4.970 5.319 5.655 5.979 6.291 6.592 6.880 7.156 7.420 7.728 8.038 8.336 8.622 8.896 9.159 9.411 9.651 9.879 10.095 10.300 10.494 9.992 9.391 8.793 8.199 7.609 7.022 6.439 5.859 5.283 4.711 4.142 3.576 3.521 3.534 3.553 3.578 3.609 3.646 3.690 3.739 3.795 3.857 3.925 3.999 4.150 4.317 4.531 4.770 4.994 5.202 5.396 5.574 5.738 5.886 6.019 6.137 6.507 6.904 7.308 7.721 8.140 8.568 9.003 9.446
2.206 2.449 2.699 2.956 3.219 3.489 3.766 4.104 4.446 4.776 5.095 5.401 5.696 5.978 6.248 6.507 6.753 6.987 7.210 7.461 7.719 7.965 8.199 8.422 8.633 8.833 9.021 9.198 9.363 9.516 9.658 9.250 8.665 8.084 7.506 6.931 6.360 5.793 5.229 4.669 4.112 3.559 3.010 2.912 2.953 2.999 3.052 3.110 3.228 3.398 3.578 3.766 3.964 4.171 4.388 4.604 4.806 4.993 5.164 5.320 5.462 5.588 5.699 5.795 5.876 5.942 5.992 6.347 6.779 7.218 7.664 8.118 8.580 9.050 9.527
2.355 2.622 2.895 3.175 3.462 3.756 4.056 4.365 4.665 4.953 5.230 5.494 5.747 5.987 6.216 6.433 6.637 6.830 7.010 7.208 7.414 7.608 7.791 7.962 8.121 8.269 8.406 8.530 8.644 8.745 8.835 8.507 7.937 7.372 6.810 6.251 5.696 5.144 4.597 4.097 3.636 3.188 2.751 2.706 2.871 3.045 3.229 3.422 3.624 3.835 4.056 4.286 4.525 4.773 5.031 5.215 5.349 5.469 5.573 5.662 5.736 5.795 5.839 5.867 5.881 5.880 5.863 6.181 6.646 7.119 7.600 8.088 8.584 9.088 9.600
2.498 2.788 3.085 3.388 3.699 4.016 4.340 4.636 4.895 5.141 5.376 5.598 5.809 6.008 6.195 6.369 6.532 6.683 6.822 6.967 7.122 7.264 7.395 7.515 7.623 7.719 7.804 7.877 7.939 7.989 8.051 7.829 7.328 6.839 6.361 5.894 5.439 4.996 4.564 4.144 3.735 3.338 2.953 2.885 3.091 3.307 3.532 3.766 4.009 4.262 4.524 4.795 5.075 5.365 5.663 5.840 5.907 5.959 5.996 6.018 6.025 6.017 5.993 5.955 5.902 5.833 5.749 6.006 6.506 7.013 7.528 8.051 8.581 9.119 9.665
2.634 2.947 3.268 3.595 3.929 4.269 4.617 4.918 5.135 5.340 5.532 5.713 5.882 6.039 6.184 6.317 6.438 6.547 6.644 6.740 6.843 6.920 6.991 7.062 7.135 7.207 7.281 7.355 7.430 7.505 7.581 7.453 7.003 6.565 6.138 5.724 5.320 4.928 4.548 4.179 3.822 3.476 3.142 3.054 3.302 3.558 3.824 4.100 4.384 4.678 4.981 5.293 5.615 5.945 6.285 6.480 6.480 6.465 6.435 6.389 6.329 6.254 6.163 6.058 5.937 5.801 5.651 5.825 6.358 6.900 7.449 8.006 8.570 9.142 9.722
2.763 3.100 3.444 3.795 4.152 4.516 4.887 5.211 5.386 5.549 5.700 5.839 5.966 6.067 6.107 6.143 6.177 6.208 6.236 6.277 6.349 6.422 6.496 6.571 6.646 6.722 6.799 6.876 6.954 7.033 7.112 7.064 6.666 6.279 5.904 5.541 5.189 4.848 4.519 4.202 3.896 3.601 3.319 3.213 3.502 3.800 4.107 4.423 4.749 5.084 5.428 5.782 6.144 6.516 6.897 7.135 7.068 6.985 6.888 6.776 6.648 6.506 6.348 6.175 5.988 5.785 5.567 5.635 6.203 6.779 7.362 7.953 8.552 9.158 9.772
2.886 3.247 3.614 3.988 4.369 4.756 5.122 5.386 5.434 5.478 5.519 5.558 5.593 5.626 5.655 5.682 5.706 5.727 5.745 5.772 5.848 5.924 6.001 6.079 6.157 6.236 6.316 6.397 6.478 6.560 6.642 6.664 6.317 5.982 5.658 5.346 5.045 4.756 4.478 4.212 3.957 3.714 3.483 3.362 3.692 4.031 4.379 4.737 5.104 5.480 5.865 6.259 6.663 7.076 7.498 7.804 7.670 7.520 7.356 7.176 6.982 6.772 6.548 6.308 6.054 5.784 5.499 5.439 6.041 6.650 7.268 7.893 8.526 9.166 9.814
2.962 3.294 3.613 3.919 4.212 4.492 4.758 5.010 5.047 5.081 5.112 5.140 5.166 5.188 5.208 5.224 5.238 5.248 5.256 5.269 5.346 5.426 5.506 5.587 5.668 5.751 5.834 5.917 6.002 6.087 6.173 6.251 5.956 5.672 5.399 5.138 4.889 4.651 4.425 4.210 4.007 3.815 3.635 3.500 3.871 4.252 4.641 5.040 5.448 5.865 6.291 6.727 7.172 7.626 8.089 8.488 8.286 8.070 7.839 7.592 7.331 7.054 6.763 6.456 6.135 5.798 5.446 5.234 5.871 6.514 7.166 7.825 8.492 9.166 9.848
2.884 3.170 3.444 3.704 3.952 4.186 4.407 4.616 4.663 4.687 4.708 4.726 4.741 4.754 4.763 4.769 4.773 4.773 4.771 4.773 4.845 4.927 5.011 5.095 5.180 5.265 5.351 5.438 5.526 5.614 5.703 5.792 5.582 5.350 5.129 4.919 4.721 4.534 4.359 4.196 4.044 3.903 3.774 3.656 4.041 4.462 4.893 5.333 5.782 6.240 6.707 7.184 7.670 8.165 8.669 9.182 8.918 8.634 8.336 8.023 7.694 7.351 6.992 6.619 6.230 5.827 5.452 5.191 6.076 7.051 8.114 9.267 10.508 11.839 13.259
2.817 3.058 3.286 3.502 3.704 3.893 4.069 4.232 4.282 4.296 4.307 4.315 4.320 4.322 4.322 4.318 4.311 4.302 4.289 4.281 4.343 4.429 4.515 4.603 4.691 4.779 4.868 4.959 5.049 5.141 5.233 5.325 5.197 5.016 4.846 4.688 4.541 4.405 4.281 4.169 4.068 3.979 3.901 3.834 4.201 4.663 5.135 5.616 6.106 6.605 7.113 7.631 8.158 8.694 9.239 9.793 9.564 9.166 8.730 8.323 7.943 7.590 7.265 6.967 6.697 6.455 6.240 6.052 7.237 8.607 10.066 11.614 13.251 14.977 16.792
2.763 2.959 3.142 3.311 3.468 3.612 3.743 3.860 3.905 3.909 3.910 3.907 3.902 3.894 3.884 3.870 3.853 3.833 3.811 3.793 3.841 3.930 4.020 4.110 4.201 4.293 4.386 4.479 4.573 4.667 4.763 4.859 4.800 4.670 4.551 4.444 4.348 4.264 4.191 4.130 4.080 4.042 4.015 4.000 4.350 4.854 5.366 5.888 6.381 6.830 7.271 7.704 8.128 8.544 8.952 9.352 9.165 8.825 8.512 8.226 7.969 7.738 7.535 7.360 7.212 7.092 6.999 6.934 8.308 10.073 11.927 13.870 15.902 18.023 20.232
2.721 2.871 3.009 3.133 3.245 3.343 3.429 3.501 3.531 3.524 3.515 3.503 3.488 3.470 3.449 3.425 3.398 3.368 3.336 3.307 3.339 3.431 3.524 3.618 3.712 3.807 3.903 3.999 4.096 4.194 4.292 4.391 4.391 4.312 4.244 4.188 4.144 4.111 4.089 4.070 4.048 4.027 4.009 3.993 4.256 4.701 5.139 5.568 5.989 6.402 6.806 7.203 7.591 7.971 8.343 8.706 8.674 8.456 8.265 8.102 7.967 7.858 7.778 7.724 7.699 7.701 7.730 7.787 9.288 11.448 13.697 16.035 18.462 20.977 23.581
2.691 2.796 2.888 2.968 3.034 3.087 3.127 3.155 3.160 3.143 3.124 3.102 3.076 3.048 3.017 2.983 2.946 2.906 2.864 2.825 2.837 2.932 3.029 3.125 3.223 3.321 3.420 3.519 3.619 3.720 3.833 3.953 4.009 3.980 3.954 3.930 3.909 3.889 3.872 3.858 3.845 3.835 3.827 3.822 4.017 4.427 4.828 5.221 5.605 5.982 6.350 6.711 7.063 7.407 7.742 8.070 8.156 8.060 7.991 7.950 7.937 7.951 7.992 8.061 8.157 8.281 8.432 8.611 10.179 12.733 15.377 18.109 20.930 23.840 26.838
2.673 2.733 2.780 2.814 2.835 2.843 2.838 2.820 2.792 2.766 2.736 2.704 2.668 2.630 2.589 2.545 2.498 2.448 2.395 2.346 2.335 2.457 2.594 2.727 2.857 2.982 3.104 3.223 3.337 3.448 3.554 3.657 3.722 3.704 3.688 3.674 3.663 3.654 3.647 3.643 3.641 3.641 3.643 3.648 3.788 4.161 4.526 4.883 5.231 5.572 5.904 6.228 6.544 6.852 7.151 7.443 7.610 7.636 7.689 7.770 7.879 8.015 8.178 8.369 8.587 8.833 9.106 9.407 10.979 13.928 16.966 20.092 23.307 26.611 30.003
2.668 2.683 2.684 2.673 2.649 2.612 2.562 2.499 2.428 2.391 2.351 2.309 2.263 2.218 2.205 2.195 2.188 2.185 2.185 2.189 2.210 2.334 2.454 2.571 2.683 2.792 2.897 2.999 3.096 3.190 3.280 3.366 3.433 3.425 3.420 3.416 3.415 3.417 3.420 3.426 3.434 3.445 3.457 3.472 3.567 3.904 4.233 4.553 4.866 5.170 5.466 5.754 6.034 6.306 6.569 6.825 7.036 7.185 7.360 7.563 7.793 8.051 8.336 8.649 8.989 9.356 9.751 10.174 11.689 15.032 18.464 21.984 25.593 29.290 33.076
2.674 2.644 2.600 2.544 2.475 2.393 2.298 2.203 2.110 2.091 2.076 2.065 2.057 2.052 2.050 2.051 2.056 2.063 2.074 2.090 2.110 2.215 2.319 2.418 2.514 2.606 2.695 2.779 2.860 2.937 3.010 3.080 3.143 3.145 3.149 3.156 3.165 3.177 3.191 3.207 3.225 3.246 3.269 3.294 3.355 3.656 3.949 4.233 4.510 4.778 5.038 5.290 5.533 5.769 5.996 6.216 6.436 6.705 7.003 7.328 7.680 8.059 8.466 8.901 9.363 9.852 10.368 10.912 12.310 16.047 19.872 23.786 27.788 31.879 36.058
2.640 2.540 2.441 2.345 2.251 2.159 2.070 1.982 1.896 1.878 1.874 1.874 1.877 1.883 1.892 1.905 1.920 1.939 1.961 1.988 2.019 2.101 2.187 2.270 2.350 2.425 2.497 2.564 2.628 2.689 2.745 2.798 2.847 2.862 2.877 2.894 2.913 2.935 2.959 2.986 3.014 3.045 3.078 3.114 3.152 3.417 3.674 3.922 4.162 4.394 4.618 4.834 5.042 5.241 5.433 5.616 5.807 6.199 6.618 7.065 7.538 8.040 8.568 9.125 9.708 10.319 10.957 11.623 12.841 16.971 21.190 25.497 29.892 34.376 38.949
2.366 2.273 2.182 2.094 2.007 1.922 1.839 1.759 1.680 1.662 1.670 1.681 1.695 1.712 1.732 1.756 1.782 1.812 1.845 1.883 1.926 1.991 2.061 2.127 2.189 2.248 2.303 2.354 2.401 2.445 2.484 2.520 2.553 2.577 2.602 2.630 2.659 2.691 2.725 2.762 2.801 2.842 2.885 2.931 2.979 3.187 3.407 3.620 3.824 4.020 4.208 4.388 4.559 4.723 4.878 5.025 5.164 5.665 6.206 6.774 7.369 7.992 8.643 9.320 10.025 10.758 11.517 12.305 13.237 17.573 21.871 26.129 30.347 34.526 38.666
2.091 2.005 1.922 1.840 1.761 1.683 1.608 1.534 1.463 1.444 1.463 1.485 1.510 1.538 1.569 1.604 1.642 1.683 1.727 1.776 1.829 1.885 1.938 1.988 2.034 2.075 2.114 2.148 2.178 2.205 2.228 2.248 2.263 2.290 2.325 2.363 2.403 2.445 2.490 2.536 2.585 2.637 2.691 2.746 2.805 2.966 3.150 3.326 3.495 3.655 3.806 3.950 4.086 4.213 4.333 4.444 4.547 5.103 5.881 6.810 7.705 8.565 9.390 10.181 10.937 11.659 12.345 12.997 13.615 17.541 21.665 25.750 29.796 33.803 37.770
1.815 1.736 1.660 1.585 1.513 1.443 1.374 1.308 1.244 1.223 1.253 1.286 1.322 1.362 1.404 1.450 1.499 1.551 1.606 1.666 1.730 1.784 1.820 1.853 1.882 1.907 1.929 1.946 1.960 1.970 1.977 1.979 1.978 2.001 2.046 2.094 2.144 2.197 2.252 2.309 2.368 2.429 2.493 2.559 2.628 2.753 2.902 3.042 3.174 3.349 3.634 3.970 4.355 4.791 5.277 5.812 6.398 7.179 7.990 8.765 9.506 10.213 10.884 11.521 12.124 12.692 13.225 13.723 14.187 17.547 21.498 25.410 29.283 33.117 36.912
1.536 1.465 1.396 1.329 1.264 1.201 1.140 1.081 1.024 1.000 1.041 1.085 1.132 1.182 1.236 1.293 1.353 1.416 1.482 1.553 1.629 1.687 1.707 1.723 1.735 1.744 1.748 1.749 1.746 1.740 1.729 1.715 1.697 1.709 1.765 1.823 1.884 1.946 2.011 2.079 2.164 2.264 2.343 2.404 2.445 2.601 2.908 3.265 3.673 4.130 4.637 5.194 5.802 6.459 7.166 7.923 8.730 9.474 10.131 10.753 11.340 11.893 12.411 12.895 13.344 13.758 14.138 14.483 14.793 17.590 21.369 25.109 28.809 32.471 36.093
1.257 1.193 1.131 1.071 1.013 0.957 0.903 0.852 0.802 0.774 0.826 0.881 0.939 1.001 1.065 1.133 1.204 1.278 1.355 1.438 1.525 1.595 1.598 1.597 1.593 1.584 1.572 1.556 1.537 1.514 1.487 1.496 1.581 1.701 1.849 1.979 2.089 2.180 2.251 2.303 2.336 2.349 2.343 2.318 2.273 2.442 2.971 3.550 4.179 4.858 5.587 6.365 7.194 8.073 9.001 9.980 11.008 11.801 12.305 12.773 13.207 13.606 13.971 14.301 14.597 14.858 15.084 15.276 15.433 17.672 21.278 24.846 28.374 31.863 35.312
0.975 0.918 0.864 0.811 0.760 0.712 0.665 0.621 0.578 0.545 0.608 0.674 0.744 0.816 0.892 0.971 1.053 1.138 1.226 1.319 1.417 1.507 1.496 1.501 1.524 1.565 1.622 1.698 1.790 1.901 2.028 2.173 2.336 2.494 2.557 2.600 2.624 2.629 2.615 2.581 2.528 2.455 2.363 2.252 2.122 2.231 2.981 3.782 4.632 5.532 6.482 7.482 8.532 9.632 10.782 11.982 13.231 14.161 14.511 14.826 15.106 15.352 15.564 15.741 15.883 15.990 16.063 16.102 16.106 17.792 21.226 24.621 27.976 31.293 34.570
0.692 0.643 0.595 0.550 0.506 0.465 0.426 0.388 0.353 0.320 0.388 0.465 0.546 0.629 0.718 0.821 0.921 1.018 1.113 1.206 1.299 1.390 1.456 1.539 1.639 1.757 1.893 2.045 2.216 2.403 2.608 2.831 3.071 3.307 3.284 3.242 3.180 3.099 2.999 2.879 2.740 2.582 2.404 2.207 1.991 1.966 2.938 3.960 5.032 6.153 7.325 8.546 9.817 11.138 12.509 13.930 15.400 16.553 16.750 16.911 17.039 17.131 17.189 17.213 17.202 17.156 17.076 16.962 16.813 17.950 21.211 24.434 27.617 30.762 33.867
0.408 0.366 0.325 0.287 0.251 0.217 0.184 0.162 0.166 0.170 0.258 0.362 0.464 0.563 0.659 0.752 0.842 0.930 1.014 1.098 1.181 1.262 1.396 1.557 1.735 1.930 2.143 2.373 2.621 2.886 3.168 3.468 3.786 4.120 4.031 3.903 3.756 3.589 3.403 3.198 2.973 2.729 2.466 2.183 1.881 1.650 2.843 4.086 5.378 6.721 8.114 9.556 11.048 12.590 14.182 15.823 17.515 18.977 19.021 19.029 19.003 18.943 18.848 18.718 18.554 18.356 18.123 17.855 17.553 18.145 21.235 24.285 27.297 30.269 33.202
0.134 0.139 0.144 0.149 0.153 0.157 0.161 0.165 0.169 0.173 0.240 0.335 0.427 0.516 0.602 0.685 0.766 0.844 0.919 0.992 1.066 1.136 1.317 1.555 1.810 2.083 2.373 2.681 3.006 3.348 3.708 4.086 4.480 4.892 4.799 4.585 4.352 4.100 3.828 3.537 3.226 2.897 2.548 2.180 1.792 1.385 2.694 4.158 5.672 7.236 8.849 10.512 12.225 13.988 15.800 17.663 19.575 21.434 21.324 21.180 21.001 20.787 20.539 20.257 19.940 19.588 19.202 18.782 18.327 18.379 21.296 24.175 27.014 29.815 32.576
0.142 0.146 0.151 0.155 0.158 0.162 0.166 0.169 0.173 0.176 0.225 0.310 0.392 0.472 0.548 0.622 0.692 0.760 0.825 0.889 0.953 1.014 1.219 1.534 1.867 2.217 2.584 2.969 3.371 3.791 4.228 4.683 5.155 5.644 5.587 5.287 4.968 4.630 4.273 3.896 3.500 3.085 2.651 2.197 1.724 1.231 2.493 4.178 5.913 7.697 9.531 11.415 13.349 15.332 17.365 19.448 21.581 23.764 23.660 23.363 23.031 22.664 22.263 21.828 21.358 20.854 20.315 19.741 19.134 18.615 21.239 23.780 26.239 28.616 30.911
0.150 0.153 0.157 0.161 0.164 0.167 0.170 0.173 0.176 0.179 0.213 0.288 0.360 0.430 0.497 0.560 0.621 0.680 0.735 0.789 0.843 0.894 1.100 1.493 1.903 2.330 2.775 3.237 3.717 4.214 4.728 5.260 5.809 6.376 6.394 6.009 5.605 5.181 4.738 4.276 3.795 3.294 2.774 2.235 1.676 1.098 2.240 4.145 6.100 8.105 10.160 12.265 14.419 16.623 18.876 21.180 23.533 25.936 26.028 25.578 24.996 24.217 23.447 22.686 21.935 21.193 20.460 19.736 19.021 18.316 20.383 22.563 24.659 26.674 28.607
0.157 0.161 0.164 0.167 0.170 0.173 0.175 0.178 0.180 0.182 0.203 0.269 0.331 0.391 0.448 0.502 0.553 0.602 0.647 0.692 0.735 0.776 0.963 1.433 1.920 2.425 2.947 3.486 4.043 4.617 5.209 5.818 6.444 7.088 7.222 6.751 6.261 5.752 5.224 4.676 4.109 3.523 2.918 2.293 1.649 0.986 1.933 4.059 6.235 8.461 10.736 13.028 15.244 17.433 19.595 21.730 23.838 25.920 25.987 25.230 24.482 23.744 23.014 22.294 21.583 20.881 20.189 19.505 18.831 18.166 19.610 21.427 23.162 24.815 26.385
0.165 0.168 0.171 0.173 0.176 0.178 0.180 0.182 0.184 0.185 0.196 0.252 0.304 0.354 0.402 0.446 0.487 0.526 0.562 0.597 0.630 0.662 0.806 1.353 1.917 2.499 3.098 3.715 4.349 5.000 5.669 6.355 7.058 7.779 8.070 7.514 6.938 6.344 5.730 5.097 4.444 3.773 3.104 2.487 1.860 1.224 1.941 4.173 6.377 8.556 10.707 12.832 14.930 17.001 19.045 21.063 23.054 25.018 25.384 24.668 23.960 23.262 22.573 21.894 21.223 20.562 19.909 19.266 18.632 18.008 18.919 20.374 21.747 23.038 24.247
