DATA/SHG/ECMWF/20170628/EN-50/20170706.en-50.asc
ncols        190
nrows        64
xllcorner    -5100000.000000000000
yllcorner    4130000.000000000000
cellsize     10000.000000000000
NODATA_value  -99999.000
[rows 0 to 32 of 64, columns 74 to 147 of 190]
3.796 4.016 4.240 4.468 4.701 4.939 5.182 5.406 5.578 5.740 5.893 6.036 6.169 6.291 6.404 6.507 6.599 6.682 6.755 6.887 7.243 7.591 7.935 8.273 8.606 8.934 9.256 9.573 9.885 10.191 10.493 10.697 10.602 10.511 10.423 10.338 10.257 10.179 10.105 10.034 9.967 9.902 9.842 9.684 9.210 8.726 8.232 7.728 7.213 6.688 6.153 5.608 5.052 4.486 3.910 3.432 3.272 3.117 2.965 2.818 2.674 2.535 2.400 2.269 2.142 2.019 1.900 1.780 1.650 1.525 1.408 1.296 1.192 1.093
4.233 4.458 4.689 4.931 5.184 5.446 5.720 5.978 6.116 6.243 6.361 6.469 6.566 6.654 6.732 6.799 6.857 6.905 6.942 7.003 7.335 7.660 7.980 8.295 8.604 8.908 9.206 9.500 9.788 10.071 10.348 10.580 10.501 10.425 10.352 10.283 10.217 10.154 10.095 10.039 9.987 9.938 9.892 9.790 9.271 8.741 8.201 7.651 7.090 6.519 5.938 5.347 4.745 4.133 3.511 2.948 2.806 2.669 2.536 2.407 2.282 2.161 2.044 1.931 1.823 1.718 1.618 1.520 1.418 1.322 1.233 1.151 1.074 1.004
4.546 4.804 5.072 5.350 5.639 5.939 6.249 6.559 6.662 6.754 6.837 6.910 6.972 7.025 7.068 7.100 7.123 7.136 7.139 7.131 7.433 7.734 8.031 8.322 8.607 8.888 9.163 9.432 9.697 9.956 10.210 10.458 10.396 10.335 10.278 10.224 10.173 10.126 10.082 10.041 10.004 9.970 9.939 9.908 9.342 8.767 8.181 7.584 6.978 6.361 5.734 5.097 4.450 3.792 3.124 2.460 2.337 2.218 2.103 1.992 1.886 1.783 1.685 1.590 1.500 1.414 1.332 1.301 1.314 1.320 1.318 1.309 1.292 1.267
4.844 5.139 5.444 5.759 6.085 6.421 6.768 7.125 7.216 7.274 7.322 7.359 7.387 7.405 7.412 7.410 7.398 7.376 7.343 7.301 7.537 7.815 8.087 8.354 8.616 8.873 9.125 9.371 9.611 9.847 10.077 10.302 10.288 10.242 10.200 10.161 10.125 10.093 10.064 10.039 10.017 9.998 9.983 9.971 9.425 8.803 8.171 7.529 6.877 6.214 5.542 4.859 4.165 3.462 2.748 2.024 1.864 1.763 1.719 1.728 1.740 1.755 1.773 1.794 1.818 1.845 1.875 1.908 1.891 1.863 1.827 1.784 1.734 1.676
5.132 5.464 5.805 6.157 6.520 6.893 7.276 7.670 7.779 7.802 7.815 7.817 7.810 7.793 7.766 7.728 7.681 7.624 7.557 7.480 7.646 7.901 8.149 8.393 8.632 8.865 9.092 9.315 9.532 9.744 9.951 10.152 10.177 10.146 10.119 10.095 10.074 10.057 10.043 10.033 10.026 10.023 10.022 10.026 9.518 8.851 8.173 7.485 6.787 6.078 5.385 4.716 4.069 3.446 2.846 2.270 2.166 2.182 2.201 2.224 2.249 2.277 2.309 2.343 2.381 2.421 2.465 2.511 2.475 2.413 2.344 2.267 2.183 2.091
5.410 5.778 6.156 6.545 6.944 7.354 7.774 8.204 8.351 8.338 8.316 8.284 8.242 8.189 8.127 8.055 7.973 7.881 7.779 7.667 7.762 7.992 8.218 8.438 8.652 8.862 9.066 9.265 9.459 9.647 9.830 10.008 10.061 10.046 10.034 10.025 10.020 10.018 10.019 10.024 9.980 9.900 9.817 9.731 9.226 8.521 7.838 7.179 6.543 5.931 5.342 4.776 4.233 3.714 3.218 2.745 2.618 2.647 2.680 2.716 2.754 2.796 2.841 2.889 2.940 2.994 3.051 3.110 3.065 2.970 2.867 2.756 2.638 2.513
5.678 6.082 6.497 6.922 7.358 7.804 8.261 8.728 8.930 8.883 8.826 8.759 8.682 8.594 8.497 8.391 8.274 8.147 8.010 7.863 7.883 8.090 8.292 8.488 8.679 8.865 9.046 9.221 9.391 9.556 9.716 9.831 9.840 9.769 9.696 9.619 9.541 9.459 9.375 9.288 9.199 9.107 9.012 8.914 8.536 7.934 7.355 6.800 6.268 5.759 5.274 4.811 4.372 3.957 3.564 3.195 3.066 3.109 3.155 3.204 3.256 3.311 3.369 3.431 3.495 3.562 3.633 3.706 3.663 3.534 3.397 3.253 3.101 2.942
5.935 6.376 6.827 7.289 7.762 8.245 8.738 9.241 9.518 9.436 9.344 9.242 9.130 9.008 8.876 8.734 8.583 8.421 8.250 8.068 8.010 8.193 8.330 8.445 8.554 8.657 8.754 8.845 8.930 9.009 9.082 9.150 9.157 9.075 8.989 8.901 8.811 8.718 8.622 8.523 8.422 8.318 8.211 8.102 7.821 7.323 6.848 6.397 5.968 5.563 5.181 4.823 4.487 4.175 3.886 3.621 3.510 3.566 3.626 3.688 3.754 3.822 3.894 3.969 4.046 4.127 4.211 4.298 4.267 4.104 3.934 3.756 3.570 3.377
6.182 6.659 7.147 7.646 8.155 8.674 9.204 9.744 10.114 9.997 9.871 9.734 9.587 9.430 9.239 8.953 8.674 8.400 8.133 7.871 7.699 7.799 7.894 7.982 8.065 8.141 8.212 8.277 8.336 8.388 8.436 8.477 8.479 8.384 8.287 8.187 8.085 7.980 7.872 7.762 7.649 7.533 7.414 7.293 7.084 6.689 6.318 5.970 5.645 5.343 5.065 4.810 4.578 4.369 4.184 4.022 3.950 4.020 4.093 4.169 4.248 4.330 4.415 4.503 4.594 4.688 4.785 4.885 4.877 4.681 4.477 4.266 4.047 3.820
6.418 6.933 7.457 7.992 8.538 9.094 9.660 10.195 10.498 10.197 9.903 9.614 9.331 9.055 8.784 8.520 8.261 8.009 7.762 7.522 7.323 7.396 7.464 7.527 7.583 7.633 7.677 7.716 7.749 7.775 7.796 7.811 7.804 7.698 7.589 7.477 7.363 7.246 7.126 7.004 6.879 6.752 6.621 6.489 6.322 6.031 5.763 5.519 5.298 5.099 4.924 4.773 4.644 4.539 4.457 4.398 4.387 4.470 4.556 4.646 4.738 4.833 4.932 5.033 5.138 5.245 5.356 5.469 5.495 5.265 5.027 4.782 4.530 4.269
6.733 7.415 8.016 8.536 8.975 9.332 9.608 9.803 9.912 9.632 9.359 9.091 8.830 8.574 8.325 8.081 7.844 7.612 7.387 7.168 6.959 7.001 7.042 7.078 7.108 7.132 7.150 7.163 7.169 7.169 7.164 7.153 7.133 7.015 6.894 6.771 6.645 6.516 6.385 6.251 6.114 5.975 5.833 5.688 5.537 5.350 5.185 5.044 4.926 4.831 4.760 4.712 4.686 4.684 4.706 4.750 4.819 4.916 5.016 5.119 5.224 5.333 5.445 5.560 5.678 5.798 5.922 6.049 6.119 5.855 5.584 5.306 5.019 4.726
8.405 8.803 9.120 9.356 9.510 9.584 9.576 9.487 9.316 9.063 8.810 8.564 8.323 8.089 7.860 7.638 7.422 7.211 7.007 6.808 6.621 6.612 6.627 6.637 6.641 6.639 6.630 6.616 6.597 6.571 6.539 6.502 6.458 6.337 6.204 6.069 5.931 5.790 5.647 5.501 5.353 5.202 5.048 4.891 4.732 4.645 4.584 4.546 4.531 4.540 4.571 4.626 4.704 4.805 4.930 5.077 5.248 5.359 5.472 5.588 5.707 5.829 5.954 6.083 6.214 6.348 6.485 6.571 6.573 6.173 5.782 5.398 5.021 4.653
10.150 10.265 10.298 10.250 10.120 9.910 9.618 9.245 8.791 8.489 8.257 8.032 7.812 7.599 7.391 7.190 6.994 6.805 6.622 6.444 6.278 6.231 6.220 6.203 6.181 6.152 6.118 6.078 6.032 5.980 5.922 5.858 5.788 5.662 5.517 5.370 5.221 5.068 4.913 4.756 4.596 4.433 4.267 4.099 3.928 3.916 3.958 4.023 4.112 4.224 4.359 4.517 4.698 4.902 5.130 5.381 5.654 5.798 5.891 5.942 5.987 6.025 6.055 6.079 6.096 6.105 6.108 6.103 6.092 5.750 5.393 5.042 4.700 4.365
11.970 11.800 11.549 11.218 10.805 10.311 9.736 9.079 8.342 7.910 7.699 7.495 7.296 7.104 6.917 6.737 6.563 6.394 6.232 6.075 5.930 5.856 5.819 5.777 5.728 5.673 5.613 5.546 5.474 5.396 5.312 5.222 5.126 4.991 4.835 4.676 4.514 4.350 4.184 4.014 3.842 3.667 3.490 3.310 3.127 3.163 3.309 3.477 3.669 3.931 4.234 4.516 4.778 5.019 5.240 5.439 5.619 5.684 5.711 5.732 5.745 5.752 5.751 5.744 5.729 5.708 5.679 5.643 5.601 5.321 4.996 4.680 4.371 4.070
13.863 13.410 12.875 12.260 11.564 10.786 9.928 8.989 7.968 7.326 7.137 6.953 6.776 6.604 6.439 6.279 6.126 5.979 5.837 5.702 5.577 5.489 5.426 5.357 5.282 5.201 5.115 5.022 4.924 4.819 4.709 4.593 4.471 4.324 4.156 3.985 3.812 3.636 3.458 3.277 3.184 3.185 3.192 3.205 3.224 3.418 3.712 3.985 4.237 4.469 4.680 4.871 5.041 5.190 5.319 5.428 5.515 5.543 5.539 5.528 5.511 5.486 5.454 5.416 5.370 5.317 5.258 5.191 5.117 4.884 4.593 4.310 4.035 3.767
15.829 15.093 14.275 13.377 12.397 11.337 10.195 8.973 7.670 6.738 6.570 6.407 6.251 6.100 5.956 5.817 5.685 5.558 5.438 5.323 5.220 5.129 5.040 4.945 4.844 4.737 4.624 4.505 4.381 4.250 4.114 4.046 4.045 4.038 4.022 4.014 4.011 4.014 4.024 4.040 4.062 4.090 4.125 4.166 4.212 4.343 4.545 4.726 4.887 5.027 5.147 5.246 5.325 5.383 5.420 5.437 5.433 5.409 5.374 5.332 5.284 5.228 5.165 5.095 5.019 4.935 4.844 4.746 4.641 4.440 4.183 3.934 3.692 3.458
17.869 16.849 15.749 14.567 13.305 11.962 10.538 9.033 7.447 6.145 5.998 5.856 5.721 5.591 5.468 5.350 5.238 5.133 5.033 4.940 4.858 4.777 4.715 4.697 4.683 4.673 4.666 4.662 4.663 4.667 4.674 4.685 4.700 4.715 4.728 4.746 4.771 4.802 4.839 4.883 4.932 4.988 5.050 5.118 5.192 5.288 5.398 5.488 5.558 5.606 5.635 5.642 5.630 5.596 5.542 5.468 5.373 5.283 5.217 5.144 5.064 4.977 4.883 4.783 4.675 4.560 4.438 4.309 4.173 3.989 3.766 3.551 3.343 3.142
19.982 18.680 17.296 15.832 14.287 12.661 10.954 9.167 7.299 5.548 5.421 5.301 5.186 5.077 4.982 4.992 5.010 5.037 5.074 5.119 5.167 5.211 5.205 5.204 5.205 5.211 5.220 5.233 5.249 5.269 5.293 5.320 5.351 5.385 5.425 5.471 5.524 5.582 5.647 5.717 5.794 5.878 5.967 6.063 6.165 6.254 6.273 6.271 6.249 6.206 6.143 6.060 5.955 5.831 5.685 5.520 5.333 5.164 5.067 4.963 4.852 4.734 4.609 4.477 4.338 4.192 4.040 3.880 3.713 3.532 3.342 3.160 2.986 2.819
22.168 20.583 18.917 17.171 15.343 13.435 11.446 9.366 7.247 5.199 5.149 5.153 5.167 5.189 5.221 5.262 5.312 5.371 5.439 5.517 5.597 5.678 5.691 5.705 5.723 5.744 5.770 5.798 5.831 5.867 5.906 5.950 5.997 6.048 6.115 6.189 6.268 6.354 6.446 6.544 6.649 6.760 6.876 6.999 7.129 7.240 7.168 7.075 6.961 6.827 6.673 6.498 6.302 6.086 5.850 5.593 5.315 5.052 4.924 4.789 4.647 4.498 4.342 4.180 4.010 3.833 3.649 3.458 3.260 3.068 2.912 2.763 2.622 2.489
24.263 21.895 19.597 17.370 15.214 13.129 11.114 9.171 7.298 5.496 5.252 5.288 5.333 5.387 5.451 5.524 5.605 5.696 5.796 5.905 6.017 6.131 6.171 6.202 6.236 6.273 6.314 6.359 6.408 6.460 6.515 6.575 6.638 6.704 6.797 6.898 7.005 7.119 7.238 7.364 7.496 7.634 7.778 7.928 8.085 8.247 8.083 7.899 7.694 7.469 7.223 6.957 6.670 6.363 6.035 5.687 5.318 4.948 4.789 4.623 4.450 4.270 4.083 3.889 3.688 3.480 3.265 3.044 2.815 2.596 2.474 2.359 2.252 2.152
22.278 20.156 18.105 16.124 14.215 12.376 10.608 8.910 7.284 5.728 5.346 5.414 5.491 5.577 5.672 5.777 5.890 6.013 6.144 6.285 6.429 6.575 6.647 6.694 6.744 6.797 6.854 6.915 6.980 7.048 7.119 7.195 7.274 7.356 7.472 7.600 7.734 7.875 8.022 8.175 8.334 8.500 8.672 8.849 9.033 9.223 9.019 8.743 8.448 8.131 7.794 7.437 7.059 6.661 6.242 5.802 5.342 4.862 4.661 4.464 4.260 4.049 3.831 3.606 3.375 3.136 2.890 2.637 2.491 2.524 2.661 2.757 2.813 2.829
20.230 18.354 16.549 14.815 13.152 11.559 10.037 8.585 7.205 5.895 5.432 5.532 5.640 5.758 5.885 6.021 6.166 6.321 6.484 6.656 6.832 7.010 7.118 7.181 7.247 7.316 7.390 7.467 7.547 7.631 7.719 7.810 7.905 8.003 8.138 8.294 8.456 8.624 8.798 8.979 9.165 9.358 9.557 9.762 9.974 10.191 9.975 9.609 9.222 8.814 8.386 7.938 7.469 6.979 6.469 5.939 5.388 4.817 4.541 4.350 4.234 4.149 4.096 4.074 4.083 4.124 4.197 4.301 4.436 4.603 4.574 4.490 4.366 4.202
18.118 16.489 14.930 13.442 12.025 10.678 9.402 8.196 7.061 5.997 5.509 5.641 5.781 5.931 6.089 6.257 6.434 6.620 6.815 7.019 7.227 7.436 7.585 7.663 7.745 7.831 7.920 8.013 8.109 8.210 8.313 8.420 8.531 8.646 8.797 8.981 9.170 9.365 9.567 9.775 9.989 10.209 10.435 10.668 10.906 11.151 10.952 10.495 10.016 9.518 8.956 8.338 7.746 7.179 6.637 6.120 5.628 5.162 5.017 5.008 5.031 5.086 5.172 5.289 5.438 5.618 5.830 6.073 6.347 6.653 6.524 6.261 5.957 5.613
15.943 14.560 13.247 12.005 10.834 9.733 8.702 7.743 6.854 6.035 5.578 5.741 5.913 6.095 6.285 6.484 6.693 6.910 7.137 7.373 7.612 7.854 8.047 8.141 8.239 8.341 8.446 8.555 8.667 8.783 8.903 9.026 9.153 9.283 9.449 9.659 9.876 10.099 10.328 10.563 10.804 10.992 11.071 11.129 11.167 11.185 10.853 10.247 9.665 9.109 8.578 8.072 7.591 7.136 6.705 6.300 5.920 5.565 5.503 5.634 5.796 5.990 6.215 6.471 6.759 7.078 7.429 7.811 8.224 8.669 8.513 8.070 7.586 7.062
13.706 12.568 11.501 10.505 9.579 8.724 7.939 7.225 6.581 6.008 5.639 5.833 6.037 6.250 6.472 6.703 6.943 7.192 7.451 7.718 7.989 8.263 8.504 8.614 8.728 8.846 8.967 9.092 9.220 9.352 9.488 9.627 9.747 9.836 9.947 10.078 10.189 10.280 10.350 10.400 10.429 10.438 10.426 10.394 10.341 10.268 10.004 9.509 9.039 8.594 8.174 7.780 7.411 7.067 6.748 6.454 6.185 5.942 5.956 6.226 6.527 6.860 7.224 7.620 8.046 8.505 8.994 9.515 10.068 10.652 10.539 9.916 9.253 8.550
11.406 10.514 9.692 8.941 8.261 7.651 7.112 6.643 6.244 5.916 5.691 5.917 6.152 6.397 6.650 6.913 7.185 7.466 7.755 8.054 8.357 8.663 8.956 9.056 9.120 9.190 9.265 9.345 9.431 9.523 9.620 9.723 9.831 9.945 10.050 10.091 10.111 10.111 10.091 10.050 9.988 9.906 9.804 9.681 9.538 9.374 9.128 8.745 8.386 8.053 7.745 7.462 7.204 6.972 6.764 6.582 6.424 6.292 6.376 6.785 7.226 7.697 8.200 8.735 9.301 9.898 10.526 11.186 11.877 12.600 12.602 11.800 10.958 10.075
9.042 8.396 7.820 7.314 6.879 6.515 6.220 5.996 5.843 5.760 5.748 5.992 6.259 6.535 6.820 7.105 7.336 7.571 7.810 8.053 8.305 8.563 8.825 8.912 9.001 9.095 9.195 9.300 9.410 9.527 9.648 9.776 9.908 10.047 10.176 10.126 10.056 9.965 9.854 9.722 9.570 9.398 9.205 8.991 8.757 8.503 8.228 7.956 7.709 7.487 7.290 7.119 6.972 6.851 6.754 6.683 6.637 6.616 6.764 7.312 7.891 8.502 9.144 9.817 10.521 11.257 12.025 12.823 13.653 14.515 14.704 13.722 12.701 11.639
6.616 6.215 5.884 5.624 5.434 5.314 5.265 5.286 5.385 5.532 5.662 5.868 6.097 6.330 6.567 6.808 7.053 7.302 7.556 7.814 8.079 8.353 8.629 8.762 8.875 8.994 9.118 9.248 9.383 9.524 9.670 9.822 9.980 10.143 10.311 10.184 10.023 9.841 9.640 9.417 9.175 8.912 8.628 8.324 8.000 7.655 7.302 7.141 7.005 6.895 6.809 6.749 6.714 6.704 6.719 6.759 6.824 6.914 7.119 7.805 8.523 9.273 10.054 10.866 11.709 12.583 13.489 14.427 15.395 16.395 16.843 15.682 14.481 13.240
4.127 4.073 4.275 4.460 4.631 4.785 4.924 5.048 5.155 5.248 5.324 5.509 5.752 6.000 6.251 6.507 6.767 7.030 7.298 7.570 7.851 8.138 8.429 8.606 8.744 8.887 9.036 9.190 9.350 9.515 9.686 9.863 10.045 10.232 10.425 10.264 10.012 9.740 9.448 9.135 8.802 8.448 8.074 7.680 7.265 6.830 6.374 6.301 6.277 6.277 6.303 6.354 6.430 6.531 6.657 6.808 6.985 7.186 7.441 8.266 9.123 10.011 10.930 11.881 12.863 13.876 14.921 15.997 17.104 18.242 19.019 17.679 16.300 14.880
4.074 4.237 4.384 4.516 4.632 4.732 4.817 4.887 4.940 4.978 5.001 5.147 5.405 5.666 5.932 6.202 6.477 6.755 7.037 7.324 7.618 7.921 8.226 8.444 8.606 8.774 8.947 9.126 9.311 9.501 9.696 9.897 10.103 10.315 10.533 10.365 10.023 9.661 9.278 8.875 8.451 8.007 7.543 7.058 6.553 6.027 5.481 5.436 5.522 5.634 5.771 5.933 6.120 6.332 6.570 6.832 7.119 7.432 7.769 8.694 9.690 10.716 11.774 12.863 13.984 15.136 16.319 17.533 18.779 20.056 21.117 19.373 17.696 16.087
4.307 4.415 4.508 4.586 4.648 4.694 4.725 4.740 4.740 4.724 4.692 4.781 5.053 5.330 5.610 5.895 6.183 6.476 6.773 7.074 7.383 7.700 8.020 8.276 8.463 8.655 8.853 9.056 9.265 9.480 9.700 9.925 10.156 10.393 10.635 10.489 10.057 9.604 9.131 8.637 8.123 7.589 7.034 6.459 5.863 5.248 4.611 4.545 4.743 4.966 5.214 5.487 5.785 6.108 6.456 6.829 7.228 7.651 8.099 9.090 10.224 11.356 12.424 13.479 14.519 15.545 16.557 17.555 18.539 19.508 20.464 19.175 17.797 16.487
4.553 4.608 4.647 4.670 4.678 4.670 4.647 4.608 4.554 4.484 4.398 4.412 4.699 4.990 5.284 5.583 5.886 6.193 6.505 6.820 7.144 7.475 7.810 8.102 8.313 8.530 8.752 8.980 9.214 9.453 9.697 9.947 10.203 10.464 10.730 10.635 10.113 9.569 9.006 8.422 7.818 7.193 6.548 5.882 5.197 4.491 3.764 3.629 3.938 4.271 4.630 5.014 5.460 5.985 6.485 6.961 7.412 7.837 8.238 9.091 10.125 11.146 12.152 13.145 14.123 15.087 16.037 16.973 17.895 18.802 19.696 18.910 17.831 16.820
4.814 4.815 4.800 4.769 4.723 4.661 4.584 4.491 4.382 4.258 4.119 4.040 4.341 4.646 4.955 5.269 5.586 5.908 6.233 6.563 6.901 7.247 7.596 7.921 8.157 8.399 8.646 8.898 9.156 9.419 9.688 9.963 10.243 10.528 10.819 10.804 10.190 9.557 8.903 8.229 7.534 6.819 6.084 5.374 4.804 4.263 3.752 3.755 4.295 4.809 5.299 5.764 6.205 6.620 7.011 7.376 7.718 8.034 8.325 9.019 9.992 10.950 11.895 12.825 13.741 14.643 15.531 16.405 17.265 18.111 18.943 18.580 17.799 17.086
