DATA/SHG/ECMWF/20170628/EN-50/20170701.en-50.asc
ncols        190
nrows        64
xllcorner    -5100000.000000000000
yllcorner    4130000.000000000000
cellsize     10000.000000000000
NODATA_value  -99999.000
[rows 0 to 32 of 64, columns 74 to 147 of 190]
12.760 12.578 12.392 12.199 12.001 11.796 11.587 11.434 11.356 11.242 11.122 10.996 10.863 10.724 10.579 10.427 10.269 10.105 9.935 9.750 9.549 9.358 9.168 8.979 8.792 8.607 8.422 8.240 8.058 7.878 7.700 7.491 7.179 6.866 6.551 6.235 5.917 5.598 5.277 4.955 4.631 4.306 3.980 3.709 3.618 3.525 3.433 3.340 3.246 3.153 3.058 2.964 2.869 2.773 2.677 2.557 2.371 2.191 2.018 1.852 1.692 1.538 1.392 1.252 1.118 0.991 0.870 0.786 0.788 0.793 0.801 0.811 0.826 0.843
13.204 12.928 12.628 12.325 12.021 11.714 11.406 11.128 10.999 10.863 10.721 10.572 10.418 10.257 10.089 9.915 9.735 9.549 9.356 9.157 8.962 8.777 8.594 8.412 8.231 8.052 7.874 7.697 7.522 7.349 7.176 6.989 6.670 6.351 6.029 5.706 5.382 5.056 4.729 4.400 4.069 3.738 3.404 3.100 3.006 2.913 2.818 2.723 2.628 2.533 2.437 2.340 2.243 2.146 2.049 1.942 1.785 1.635 1.491 1.354 1.223 1.099 0.982 0.871 0.767 0.669 0.578 0.508 0.524 0.542 0.564 0.588 0.616 0.647
12.973 12.668 12.360 12.050 11.739 11.425 11.109 10.799 10.648 10.490 10.326 10.155 9.978 9.795 9.606 9.410 9.208 9.000 8.785 8.564 8.374 8.196 8.019 7.843 7.669 7.496 7.324 7.154 6.986 6.818 6.652 6.488 6.164 5.837 5.509 5.180 4.849 4.516 4.182 3.847 3.510 3.171 2.831 2.492 2.397 2.301 2.205 2.108 2.011 1.914 1.816 1.718 1.619 1.520 1.421 1.320 1.193 1.072 0.958 0.850 0.749 0.654 0.566 0.485 0.410 0.342 0.280 0.279 0.410 0.537 0.659 0.778 0.894 1.005
12.723 12.410 12.095 11.778 11.459 11.138 10.815 10.490 10.303 10.123 9.937 9.745 9.546 9.341 9.129 8.911 8.687 8.457 8.220 7.977 7.786 7.614 7.443 7.274 7.106 6.939 6.774 6.610 6.448 6.287 6.128 5.969 5.660 5.327 4.992 4.656 4.318 3.979 3.638 3.296 2.953 2.607 2.261 1.913 1.788 1.691 1.593 1.494 1.396 1.297 1.197 1.097 0.997 0.896 0.795 0.693 0.595 0.504 0.492 0.549 0.605 0.660 0.714 0.767 0.818 0.869 0.918 0.965 1.074 1.184 1.289 1.391 1.489 1.583
12.474 12.154 11.832 11.508 11.182 10.853 10.523 10.191 9.965 9.763 9.555 9.340 9.119 8.892 8.659 8.419 8.173 7.920 7.661 7.396 7.197 7.032 6.867 6.704 6.542 6.382 6.223 6.066 5.910 5.755 5.602 5.450 5.159 4.819 4.477 4.135 3.790 3.444 3.097 2.748 2.398 2.046 1.693 1.338 1.181 1.082 0.982 0.882 0.782 0.748 0.776 0.814 0.861 0.918 0.985 1.062 1.123 1.178 1.231 1.283 1.334 1.383 1.432 1.479 1.525 1.569 1.613 1.655 1.741 1.834 1.922 2.007 2.088 2.165
12.229 11.901 11.572 11.240 10.907 10.571 10.234 9.894 9.633 9.409 9.179 8.942 8.699 8.450 8.195 7.933 7.665 7.390 7.109 6.822 6.608 6.448 6.290 6.133 5.978 5.824 5.672 5.521 5.371 5.223 5.076 4.930 4.660 4.313 3.965 3.616 3.265 2.912 2.558 2.203 1.893 1.619 1.352 1.092 1.014 1.037 1.069 1.111 1.163 1.225 1.297 1.378 1.468 1.569 1.679 1.799 1.874 1.923 1.970 2.017 2.062 2.106 2.149 2.191 2.231 2.270 2.308 2.345 2.411 2.486 2.558 2.625 2.689 2.749
11.985 11.651 11.314 10.975 10.634 10.292 9.947 9.600 9.308 9.062 8.810 8.551 8.286 8.015 7.737 7.453 7.163 6.867 6.564 6.255 6.018 5.864 5.713 5.562 5.413 5.266 5.119 4.975 4.831 4.689 4.549 4.437 4.237 3.940 3.650 3.366 3.089 2.819 2.555 2.298 2.047 1.804 1.567 1.337 1.264 1.330 1.406 1.491 1.587 1.692 1.806 1.931 2.065 2.209 2.362 2.526 2.624 2.668 2.710 2.751 2.791 2.829 2.866 2.903 2.937 2.971 3.004 3.035 3.084 3.142 3.196 3.247 3.294 3.337
11.744 11.402 11.058 10.712 10.364 10.014 9.662 9.308 8.989 8.721 8.446 8.166 7.879 7.586 7.286 6.980 6.668 6.350 6.025 5.694 5.427 5.280 5.166 5.066 4.967 4.869 4.772 4.677 4.583 4.490 4.398 4.307 4.147 3.879 3.619 3.365 3.117 2.877 2.643 2.416 2.195 1.981 1.774 1.573 1.503 1.612 1.732 1.860 1.999 2.147 2.305 2.473 2.650 2.837 3.034 3.241 3.375 3.413 3.450 3.485 3.519 3.552 3.584 3.615 3.644 3.672 3.699 3.725 3.759 3.800 3.838 3.871 3.901 3.927
11.505 11.156 10.805 10.452 10.097 9.739 9.380 9.018 8.676 8.386 8.090 7.787 7.478 7.163 6.841 6.525 6.223 5.934 5.658 5.395 5.181 5.083 4.987 4.893 4.799 4.706 4.615 4.524 4.435 4.347 4.261 4.175 4.049 3.811 3.580 3.356 3.139 2.928 2.724 2.526 2.335 2.151 1.974 1.803 1.731 1.884 2.047 2.219 2.400 2.592 2.793 3.004 3.225 3.455 3.695 3.944 4.126 4.159 4.190 4.220 4.248 4.276 4.302 4.327 4.351 4.374 4.395 4.416 4.438 4.462 4.482 4.499 4.511 4.520
11.269 10.913 10.554 10.194 9.831 9.467 9.100 8.711 8.290 7.940 7.604 7.281 6.971 6.675 6.393 6.123 5.868 5.625 5.396 5.181 4.991 4.899 4.808 4.718 4.630 4.542 4.456 4.371 4.287 4.204 4.123 4.042 3.944 3.736 3.535 3.340 3.153 2.971 2.797 2.629 2.468 2.314 2.166 2.025 1.949 2.145 2.351 2.566 2.791 3.026 3.270 3.524 3.788 4.061 4.345 4.637 4.878 4.904 4.930 4.954 4.978 5.000 5.021 5.040 5.059 5.076 5.092 5.106 5.119 5.126 5.129 5.129 5.125 5.116
11.006 10.576 10.145 9.714 9.282 8.849 8.416 7.981 7.548 7.245 6.956 6.680 6.417 6.168 5.932 5.710 5.501 5.306 5.123 4.955 4.802 4.714 4.628 4.543 4.460 4.378 4.297 4.217 4.138 4.060 3.983 3.908 3.832 3.654 3.482 3.317 3.159 3.008 2.863 2.725 2.594 2.469 2.351 2.239 2.156 2.396 2.644 2.903 3.171 3.449 3.736 4.034 4.340 4.657 4.983 5.319 5.629 5.650 5.670 5.689 5.707 5.724 5.739 5.753 5.766 5.778 5.788 5.797 5.803 5.793 5.779 5.762 5.741 5.715
10.295 9.863 9.430 8.996 8.561 8.126 7.690 7.253 6.816 6.539 6.297 6.068 5.852 5.650 5.461 5.285 5.123 4.974 4.839 4.717 4.611 4.527 4.447 4.367 4.289 4.212 4.136 4.061 3.987 3.915 3.843 3.773 3.704 3.564 3.422 3.287 3.159 3.037 2.922 2.814 2.712 2.617 2.528 2.447 2.372 2.635 2.927 3.229 3.540 3.861 4.192 4.532 4.882 5.242 5.611 5.990 6.379 6.396 6.411 6.425 6.437 6.448 6.458 6.466 6.474 6.480 6.485 6.457 6.397 6.358 6.359 6.397 6.475 6.591
9.587 9.152 8.716 8.280 7.843 7.405 6.966 6.527 6.087 5.822 5.626 5.444 5.275 5.120 4.978 4.849 4.733 4.631 4.543 4.467 4.409 4.340 4.264 4.190 4.117 4.045 3.974 3.904 3.836 3.768 3.702 3.637 3.573 3.467 3.355 3.250 3.151 3.059 2.974 2.895 2.823 2.757 2.699 2.646 2.601 2.864 3.199 3.544 3.898 4.262 4.636 5.020 5.413 5.815 6.228 6.650 7.082 7.143 7.108 7.026 6.950 6.877 6.810 6.747 6.688 6.634 6.585 6.540 6.500 6.622 6.794 7.004 7.253 7.540
8.880 8.443 8.005 7.566 7.126 6.686 6.245 5.803 5.360 5.094 4.945 4.809 4.687 4.578 4.483 4.401 4.332 4.277 4.235 4.206 4.194 4.151 4.081 4.012 3.944 3.877 3.811 3.747 3.683 3.621 3.560 3.500 3.441 3.363 3.281 3.205 3.136 3.074 3.018 2.969 2.926 2.891 2.861 2.839 2.823 3.083 3.461 3.849 4.246 4.633 4.998 5.356 5.707 6.052 6.390 6.722 7.047 7.069 7.003 6.942 6.885 6.834 6.786 6.743 6.705 6.671 6.642 6.618 6.598 6.847 7.190 7.572 7.991 8.450
8.176 7.736 7.295 6.853 6.411 5.968 5.524 5.080 4.635 4.354 4.252 4.163 4.088 4.026 3.977 3.942 3.919 3.911 3.916 3.934 3.969 3.962 3.897 3.833 3.770 3.708 3.647 3.588 3.530 3.473 3.417 3.362 3.308 3.252 3.200 3.154 3.114 3.081 3.055 3.036 3.025 3.020 3.020 3.023 3.030 3.251 3.613 3.968 4.316 4.658 4.994 5.322 5.645 5.961 6.270 6.573 6.870 6.939 6.894 6.853 6.817 6.785 6.758 6.735 6.717 6.704 6.695 6.691 6.691 7.034 7.548 8.100 8.691 9.321
7.473 7.030 6.587 6.143 5.698 5.252 4.806 4.359 3.911 3.603 3.548 3.506 3.477 3.462 3.459 3.471 3.495 3.533 3.585 3.649 3.731 3.772 3.711 3.653 3.595 3.538 3.483 3.428 3.375 3.323 3.272 3.231 3.198 3.171 3.157 3.147 3.141 3.138 3.139 3.144 3.153 3.165 3.181 3.200 3.224 3.398 3.731 4.057 4.376 4.689 4.996 5.296 5.590 5.877 6.157 6.431 6.699 6.805 6.780 6.760 6.744 6.732 6.725 6.723 6.725 6.732 6.743 6.759 6.780 7.181 7.866 8.590 9.352 10.152
6.771 6.326 5.880 5.434 4.986 4.538 4.090 3.640 3.190 2.841 2.833 2.837 2.855 2.886 2.931 2.989 3.060 3.144 3.242 3.353 3.482 3.580 3.539 3.507 3.475 3.443 3.410 3.377 3.344 3.309 3.275 3.240 3.204 3.179 3.182 3.188 3.198 3.212 3.230 3.251 3.276 3.305 3.337 3.374 3.414 3.551 3.855 4.152 4.443 4.727 5.005 5.276 5.541 5.799 6.051 6.297 6.535 6.667 6.662 6.662 6.666 6.675 6.688 6.706 6.729 6.756 6.787 6.823 6.864 7.291 8.146 9.041 9.973 10.944
6.072 5.624 5.176 4.727 4.277 3.826 3.375 2.923 2.470 2.068 2.106 2.157 2.222 2.299 2.398 2.596 2.786 2.968 3.142 3.309 3.467 3.599 3.566 3.533 3.499 3.465 3.430 3.395 3.359 3.323 3.286 3.249 3.211 3.182 3.202 3.225 3.251 3.282 3.316 3.354 3.396 3.441 3.490 3.543 3.599 3.711 3.986 4.255 4.517 4.772 5.021 5.264 5.500 5.729 5.952 6.169 6.379 6.524 6.539 6.559 6.584 6.613 6.646 6.684 6.727 6.774 6.826 6.883 6.943 7.361 8.388 9.453 10.556 11.698
5.374 4.924 4.473 4.021 3.569 3.116 2.662 2.231 1.925 1.641 1.840 2.042 2.236 2.422 2.601 2.771 2.933 3.088 3.234 3.373 3.503 3.626 3.595 3.559 3.523 3.487 3.450 3.413 3.375 3.336 3.298 3.258 3.219 3.182 3.218 3.257 3.301 3.348 3.398 3.453 3.511 3.573 3.638 3.707 3.780 3.878 4.124 4.364 4.597 4.824 5.044 5.257 5.465 5.665 5.860 6.047 6.229 6.376 6.412 6.452 6.497 6.546 6.600 6.658 6.721 6.789 6.861 6.937 7.018 7.393 8.590 9.826 11.100 12.412
4.693 4.309 3.947 3.607 3.289 2.994 2.721 2.470 2.241 2.035 2.160 2.334 2.501 2.659 2.810 2.952 3.087 3.214 3.333 3.444 3.547 3.642 3.624 3.586 3.548 3.510 3.470 3.431 3.391 3.351 3.310 3.268 3.227 3.184 3.230 3.286 3.346 3.409 3.476 3.547 3.622 3.700 3.782 3.868 3.957 4.051 4.268 4.479 4.684 4.882 5.073 5.258 5.436 5.608 5.774 5.933 6.086 6.224 6.280 6.341 6.406 6.475 6.549 6.628 6.711 6.798 6.890 6.987 7.088 7.387 8.754 10.160 11.604 13.087
4.370 4.063 3.779 3.516 3.276 3.058 2.862 2.689 2.537 2.408 2.486 2.633 2.772 2.903 3.026 3.141 3.248 3.347 3.439 3.522 3.597 3.664 3.653 3.613 3.573 3.533 3.492 3.450 3.408 3.365 3.322 3.279 3.235 3.191 3.238 3.310 3.387 3.467 3.550 3.638 3.729 3.824 3.922 4.024 4.130 4.240 4.419 4.602 4.777 4.946 5.109 5.265 5.415 5.558 5.695 5.825 5.949 6.067 6.144 6.225 6.310 6.399 6.493 6.592 6.695 6.803 6.916 7.032 7.233 7.617 9.225 10.770 12.252 13.671
4.027 3.797 3.590 3.405 3.242 3.101 2.983 2.887 2.812 2.760 2.819 2.939 3.050 3.153 3.249 3.336 3.416 3.488 3.551 3.607 3.654 3.694 3.683 3.641 3.599 3.556 3.513 3.469 3.425 3.381 3.336 3.290 3.244 3.198 3.242 3.331 3.424 3.520 3.620 3.724 3.832 3.943 4.058 4.177 4.299 4.425 4.577 4.731 4.877 5.018 5.152 5.279 5.400 5.515 5.623 5.725 5.820 5.909 6.003 6.147 6.370 6.616 6.883 7.174 7.486 7.821 8.179 8.558 8.960 9.385 10.653 11.919 13.122 14.262
3.663 3.511 3.381 3.273 3.188 3.124 3.083 3.064 3.067 3.092 3.159 3.251 3.335 3.411 3.479 3.539 3.591 3.635 3.671 3.699 3.719 3.731 3.713 3.670 3.625 3.580 3.535 3.489 3.443 3.397 3.349 3.302 3.254 3.205 3.242 3.347 3.456 3.569 3.686 3.806 3.930 4.058 4.190 4.325 4.464 4.606 4.741 4.866 4.984 5.096 5.213 5.352 5.502 5.661 5.830 6.009 6.198 6.398 6.658 6.958 7.280 7.625 7.992 8.381 8.793 9.227 9.683 10.162 10.663 11.186 12.141 13.128 14.052 14.914
3.280 3.205 3.152 3.121 3.113 3.126 3.162 3.220 3.300 3.403 3.506 3.570 3.627 3.675 3.715 3.748 3.772 3.789 3.798 3.798 3.790 3.774 3.744 3.698 3.652 3.605 3.558 3.510 3.462 3.413 3.364 3.314 3.264 3.213 3.237 3.359 3.485 3.614 3.748 3.884 4.025 4.181 4.348 4.500 4.639 4.762 4.887 5.031 5.185 5.349 5.522 5.706 5.899 6.102 6.316 6.539 6.772 7.015 7.346 7.745 8.167 8.610 9.076 9.564 10.075 10.608 11.163 11.741 12.341 12.963 13.689 14.398 15.043 15.626
2.876 2.878 2.902 2.949 3.017 3.108 3.221 3.356 3.513 3.692 3.860 3.896 3.925 3.946 3.959 3.964 3.961 3.950 3.931 3.904 3.869 3.825 3.776 3.728 3.679 3.630 3.581 3.531 3.480 3.430 3.378 3.327 3.308 3.352 3.458 3.661 3.851 4.026 4.186 4.332 4.464 4.581 4.684 4.773 4.847 4.907 5.010 5.198 5.395 5.603 5.821 6.048 6.286 6.533 6.790 7.057 7.335 7.622 8.011 8.509 9.029 9.571 10.136 10.723 11.333 11.965 12.619 13.295 13.994 14.715 15.298 15.728 16.095 16.400
2.451 2.531 2.632 2.756 2.901 3.069 3.259 3.471 3.705 3.962 4.220 4.229 4.230 4.224 4.209 4.186 4.156 4.118 4.072 4.017 3.954 3.882 3.808 3.768 3.755 3.754 3.766 3.790 3.827 3.877 3.939 4.014 4.102 4.202 4.321 4.460 4.586 4.697 4.793 4.876 4.943 4.997 5.036 5.060 5.070 5.066 5.121 5.353 5.595 5.847 6.108 6.380 6.661 6.952 7.254 7.565 7.886 8.217 8.651 9.248 9.867 10.508 11.172 11.858 12.566 13.297 14.050 14.825 15.622 16.442 16.966 17.118 17.208 17.234
2.007 2.163 2.342 2.543 2.765 3.010 3.277 3.566 3.877 4.210 4.565 4.569 4.543 4.508 4.466 4.413 4.337 4.268 4.206 4.152 4.102 4.056 4.015 4.043 4.086 4.141 4.209 4.289 4.382 4.488 4.606 4.737 4.880 5.036 5.198 5.274 5.335 5.382 5.415 5.433 5.437 5.427 5.402 5.363 5.309 5.241 5.222 5.498 5.784 6.079 6.385 6.700 7.026 7.361 7.706 8.062 8.427 8.802 9.268 9.964 10.681 11.422 12.184 12.969 13.776 14.605 15.457 16.330 17.227 18.145 18.695 18.569 18.381 18.129
1.542 1.776 2.031 2.309 2.608 2.930 3.274 3.640 4.020 4.379 4.734 4.730 4.650 4.577 4.512 4.454 4.403 4.359 4.323 4.293 4.268 4.247 4.232 4.304 4.402 4.514 4.637 4.774 4.923 5.084 5.258 5.445 5.644 5.856 6.081 6.102 6.100 6.083 6.052 6.006 5.946 5.872 5.783 5.680 5.562 5.431 5.312 5.632 5.962 6.301 6.651 7.010 7.380 7.759 8.148 8.547 8.956 9.375 9.861 10.655 11.472 12.311 13.172 14.055 14.961 15.889 16.839 17.811 18.806 19.823 20.484 20.080 19.614 19.085
1.058 1.385 1.756 2.124 2.488 2.848 3.205 3.559 3.909 4.255 4.598 4.664 4.609 4.562 4.522 4.488 4.462 4.444 4.432 4.428 4.428 4.432 4.442 4.550 4.704 4.871 5.051 5.243 5.448 5.665 5.895 6.138 6.393 6.661 6.942 6.945 6.879 6.798 6.703 6.594 6.470 6.332 6.179 6.012 5.831 5.635 5.425 5.755 6.129 6.513 6.906 7.309 7.723 8.146 8.579 9.022 9.475 9.937 10.430 11.323 12.238 13.176 14.136 15.118 16.122 17.148 18.197 19.268 20.361 21.477 22.333 21.652 20.908 20.101
1.000 1.362 1.721 2.077 2.429 2.777 3.122 3.463 3.801 4.135 4.466 4.592 4.562 4.540 4.525 4.516 4.515 4.522 4.535 4.556 4.581 4.611 4.646 4.782 4.992 5.215 5.450 5.698 5.959 6.232 6.518 6.816 7.127 7.451 7.787 7.802 7.672 7.528 7.369 7.196 7.008 6.806 6.590 6.359 6.114 5.855 5.581 5.868 6.286 6.713 7.151 7.598 8.055 8.522 8.999 9.486 9.982 10.489 11.005 11.967 12.981 14.017 15.075 16.156 17.259 18.384 19.531 20.701 21.892 23.106 24.113 22.871 21.640 20.418
0.993 1.344 1.690 2.034 2.373 2.709 3.042 3.371 3.696 4.018 4.336 4.514 4.509 4.511 4.521 4.538 4.562 4.593 4.631 4.677 4.728 4.782 4.842 4.999 5.265 5.543 5.835 6.139 6.455 6.784 7.126 7.480 7.847 8.226 8.618 8.674 8.480 8.272 8.050 7.813 7.561 7.296 7.016 6.722 6.413 6.090 5.753 5.970 6.432 6.903 7.384 7.875 8.376 8.887 9.408 9.938 10.479 11.029 11.590 12.587 13.700 14.879 16.099 17.239 18.297 19.274 20.171 20.986 21.721 22.374 22.947 21.862 20.676 19.499
0.990 1.328 1.663 1.994 2.321 2.645 2.965 3.282 3.595 3.905 4.211 4.429 4.449 4.476 4.511 4.553 4.602 4.658 4.721 4.792 4.867 4.947 5.033 5.201 5.523 5.858 6.205 6.564 6.937 7.321 7.719 8.129 8.551 8.986 9.434 9.561 9.303 9.031 8.745 8.444 8.129 7.800 7.457 7.099 6.726 6.340 5.939 6.062 6.567 7.082 7.607 8.142 8.873 9.984 10.993 11.900 12.706 13.411 14.014 14.944 15.969 16.912 17.775 18.556 19.257 19.877 20.416 20.874 21.251 21.548 21.763 20.844 19.703 18.572
0.990 1.316 1.638 1.957 2.272 2.583 2.892 3.196 3.497 3.794 4.088 4.337 4.382 4.435 4.494 4.561 4.635 4.716 4.804 4.900 5.000 5.105 5.216 5.389 5.767 6.157 6.560 6.976 7.404 7.844 8.297 8.763 9.241 9.732 10.235 10.462 10.141 9.805 9.455 9.091 8.712 8.319 7.912 7.671 8.013 8.482 9.078 10.029 11.198 12.265 13.230 14.095 14.858 15.519 16.079 16.538 16.895 17.151 17.305 17.772 18.439 19.025 19.530 19.954 20.298 20.560 20.742 20.843 20.863 20.803 20.661 19.817 18.721 17.636
