DATA/SHG/ECMWF/20170628/EN-50/20170628.en-50.asc
ncols        190
nrows        64
xllcorner    -5100000.000000000000
yllcorner    4130000.000000000000
cellsize     10000.000000000000
NODATA_value  -99999.000
[rows 32 to 63 of 64, columns 0 to 72 of 190]
7.585 7.976 7.858 7.667 7.455 7.219 6.961 6.680 6.376 6.049 5.700 5.327 4.933 4.515 4.439 4.364 4.268 4.152 4.016 3.860 3.684 3.487 3.271 3.034 2.777 2.500 2.669 2.835 2.992 3.139 3.275 3.402 3.519 3.626 3.722 3.809 3.886 3.949 3.831 3.709 3.582 3.451 3.316 3.177 3.034 2.887 2.735 2.912 3.210 3.487 3.857 4.162 4.402 4.576 4.685 4.729 4.708 4.621 4.469 4.252 3.970 3.639 3.439 3.241 3.047 2.855 2.666 2.480 2.296 2.115 1.938 1.762 1.590
9.296 9.667 9.567 9.297 9.004 8.689 8.351 7.989 7.606 7.199 6.770 6.318 5.843 5.345 5.140 4.994 4.827 4.641 4.434 4.208 3.961 3.694 3.407 3.100 2.772 2.425 2.484 2.616 2.738 2.850 2.952 3.044 3.126 3.198 3.260 3.312 3.354 3.386 3.273 3.136 3.454 3.857 4.230 4.573 4.886 5.170 5.423 5.647 5.841 6.005 6.146 6.223 6.235 6.182 6.064 5.881 5.632 5.319 4.940 4.495 3.986 3.412 3.203 3.015 2.830 2.648 2.469 2.292 2.118 1.947 1.779 1.613 1.451
11.011 11.362 11.300 10.950 10.577 10.182 9.763 9.322 8.859 8.372 7.863 7.331 6.777 6.200 5.861 5.644 5.407 5.150 4.873 4.576 4.259 3.922 3.564 3.186 2.789 2.371 2.310 2.407 2.494 2.571 2.639 2.696 2.743 3.299 3.909 4.530 5.163 5.806 6.261 6.619 6.947 7.245 7.514 7.753 7.961 8.140 8.290 8.409 8.498 8.558 8.496 8.346 8.131 7.851 7.506 7.095 6.619 6.079 5.473 4.802 4.066 3.264 2.965 2.787 2.612 2.439 2.269 2.102 1.938 1.777 1.618 1.462 1.309
12.730 13.061 13.055 12.625 12.173 11.697 11.199 10.679 10.135 9.569 8.980 8.369 7.734 7.077 6.603 6.315 6.008 5.681 5.333 4.966 4.578 4.170 3.742 3.294 2.826 2.358 2.654 3.225 3.807 4.400 5.004 5.619 6.245 6.883 7.531 8.190 8.861 9.542 9.989 10.242 10.466 10.660 10.824 10.958 11.062 11.137 11.182 11.197 11.182 11.137 10.908 10.531 10.089 9.581 9.009 8.372 7.669 6.902 6.069 5.171 4.208 3.180 2.725 2.556 2.391 2.228 2.068 1.910 1.756 1.604 1.455 1.308 1.165
14.453 14.764 14.833 14.324 13.791 13.236 12.658 12.058 11.435 10.789 10.120 9.429 8.715 7.978 7.365 7.007 6.630 6.232 5.842 5.616 5.454 5.355 5.319 5.347 5.438 5.593 5.955 6.564 7.184 7.815 8.458 9.111 9.775 10.451 11.137 11.834 12.543 13.263 13.742 13.891 14.010 14.100 14.159 14.189 14.189 14.160 14.100 14.011 13.892 13.743 13.381 12.777 12.108 11.374 10.575 9.711 8.782 7.787 6.728 5.604 4.414 3.160 2.482 2.323 2.167 2.014 1.863 1.716 1.571 1.428 1.289 1.152 1.018
16.180 16.471 16.634 16.045 15.433 14.798 14.140 13.460 12.757 12.032 11.283 10.474 9.603 8.788 8.116 7.858 7.663 7.531 7.463 7.458 7.516 7.638 7.823 8.071 8.383 8.758 9.240 9.888 10.546 11.215 11.895 12.587 13.289 14.002 14.727 15.462 16.209 16.966 17.520 17.565 17.580 17.565 17.521 17.446 17.342 17.208 17.045 16.851 16.628 16.375 15.916 15.085 14.190 13.229 12.203 11.112 9.956 8.736 7.450 6.099 4.683 3.202 2.237 2.088 1.942 1.798 1.657 1.519 1.383 1.251 1.121 0.993 0.869
17.911 18.181 18.446 17.789 16.917 15.847 14.835 13.878 12.978 12.135 11.348 10.617 9.943 9.325 8.785 8.747 8.773 8.862 9.014 9.230 9.509 9.851 10.256 10.725 11.257 11.852 12.510 13.195 13.891 14.599 15.317 16.046 16.787 17.538 18.301 19.074 19.859 20.654 21.324 21.265 21.176 21.057 20.908 20.729 20.521 20.283 20.015 19.718 19.391 19.034 18.512 17.455 16.333 15.145 13.893 12.576 11.194 9.746 8.234 6.657 5.015 3.308 1.990 1.851 1.714 1.579 1.448 1.319 1.194 1.070 1.590 2.664 3.893
17.995 17.724 17.421 16.550 15.621 14.749 13.933 13.173 12.470 11.823 11.233 10.699 10.222 9.801 9.437 9.568 9.814 10.124 10.497 10.932 11.432 11.994 12.620 13.309 14.061 14.876 15.755 16.487 17.221 17.966 18.722 19.490 20.268 21.058 21.858 22.670 23.492 24.326 25.154 24.990 24.797 24.574 24.321 24.038 23.726 23.384 23.012 22.611 22.179 21.718 21.170 19.886 18.537 17.124 15.645 14.101 12.493 10.820 9.081 7.278 5.410 3.477 1.741 1.970 2.504 3.191 4.031 5.023 6.169 7.468 8.920 10.525 12.283
16.465 16.082 15.666 14.997 14.265 13.590 12.971 12.408 11.902 11.452 11.058 10.721 10.440 10.216 10.048 10.320 10.787 11.317 11.910 12.566 13.285 14.068 14.913 15.822 16.794 17.830 18.928 19.762 20.534 21.318 22.112 22.918 23.734 24.561 25.400 26.249 27.110 27.981 28.864 28.741 28.444 28.116 27.760 27.373 26.957 26.511 26.035 25.529 24.994 24.429 23.835 22.379 20.804 19.164 17.459 15.689 13.761 11.904 10.174 8.571 7.094 5.744 4.525 5.436 6.500 7.717 9.087 10.610 12.286 14.115 16.096 18.231 20.518
14.972 14.477 13.950 13.385 12.850 12.371 11.949 11.583 11.273 11.020 10.823 10.682 10.598 10.570 10.598 11.004 11.691 12.440 13.254 14.130 15.069 16.072 17.137 18.266 19.458 20.713 22.032 23.022 23.832 24.654 25.486 26.329 27.184 28.049 28.925 29.813 30.711 31.621 32.541 32.518 32.116 31.685 31.224 30.733 30.213 29.663 29.084 28.474 27.835 26.570 25.188 23.183 21.132 19.208 17.411 15.740 14.196 12.778 11.487 10.323 9.285 8.374 7.589 8.750 10.344 12.091 13.991 16.043 18.249 20.607 23.118 25.782 28.599
13.516 12.909 12.271 11.713 11.375 11.093 10.867 10.697 10.584 10.527 10.527 10.582 10.694 10.863 11.087 11.619 12.526 13.495 14.529 15.625 16.784 18.006 19.292 20.640 22.052 23.527 25.065 26.266 27.114 27.974 28.844 29.725 30.617 31.521 32.435 33.360 34.297 35.244 36.202 36.320 35.814 35.279 33.952 32.567 31.183 29.800 28.418 27.036 25.656 24.277 22.899 21.298 19.687 18.202 16.844 15.612 14.507 13.528 12.676 11.950 11.351 10.878 10.532 11.912 14.036 16.312 18.742 21.324 24.058 26.946 29.986 33.179 36.525
12.098 11.380 10.629 9.982 9.840 9.754 9.725 9.752 9.835 9.974 10.170 10.422 10.730 11.095 11.516 12.165 13.292 14.482 15.735 17.050 18.429 19.871 21.377 22.945 24.576 26.270 28.028 29.494 30.380 31.278 32.186 33.105 34.035 34.977 35.908 35.987 36.082 36.194 36.323 35.788 34.403 33.020 31.637 30.255 28.874 27.495 26.116 24.738 23.362 21.986 20.611 19.292 18.120 17.074 16.154 15.361 14.694 14.154 13.740 13.452 13.291 13.257 13.349 14.922 17.576 20.382 23.340 26.451 29.715 33.131 36.700 40.422 44.296
10.717 9.887 9.025 8.191 8.246 8.356 8.523 8.746 9.026 9.361 9.753 10.201 10.706 11.266 11.883 12.643 13.990 15.399 16.872 18.407 20.006 21.667 23.392 25.180 27.030 28.944 30.921 32.595 32.616 32.653 32.707 32.778 32.865 32.969 33.090 33.227 33.380 33.550 33.737 33.464 32.083 30.703 29.323 27.945 26.568 25.192 23.817 22.443 21.069 19.697 18.326 17.163 16.429 15.822 15.341 14.986 14.758 14.655 14.680 14.830 15.107 15.510 16.040 17.782 20.964 24.299 27.786 31.426 35.219 39.163 43.261 47.511 51.913
9.373 8.432 7.458 6.453 6.592 6.899 7.262 7.681 8.157 8.688 9.276 9.920 10.620 11.377 12.189 13.058 14.619 16.248 17.940 19.695 21.401 22.715 23.973 25.175 26.321 27.410 28.444 29.356 29.435 29.531 29.643 29.772 29.917 30.079 30.258 30.453 30.665 30.893 31.138 31.142 29.765 28.388 27.012 25.638 24.264 22.891 21.520 20.149 18.779 17.411 16.043 14.912 14.617 14.448 14.405 14.488 14.697 15.033 15.495 16.084 16.798 17.639 18.606 20.490 24.201 28.065 32.081 36.249 40.569 45.042 49.668 54.446 59.376
8.067 7.014 5.929 4.812 4.879 5.382 5.941 6.556 7.227 7.955 8.739 9.578 10.474 11.394 12.245 13.058 14.358 15.702 16.990 18.222 19.397 20.517 21.581 22.588 23.540 24.435 25.275 26.058 26.241 26.395 26.565 26.752 26.956 27.176 27.412 27.666 27.935 28.222 28.525 28.823 27.448 26.075 24.703 23.332 21.962 20.593 19.225 17.857 16.491 15.126 13.762 12.539 12.682 12.951 13.346 13.867 14.514 15.287 16.187 17.213 18.365 19.643 21.047 23.048 27.287 31.679 36.223 40.919 45.768 50.768 55.922 61.227 66.685
6.798 5.633 4.437 3.209 3.106 3.805 4.667 5.649 6.593 7.500 8.370 9.203 9.998 10.757 11.478 12.162 13.193 14.343 15.436 16.474 17.455 18.381 19.250 20.064 20.821 21.523 22.168 22.757 23.033 23.245 23.474 23.719 23.980 24.259 24.553 24.865 25.192 25.537 25.898 26.275 25.135 23.765 22.396 21.029 19.662 18.296 16.932 15.568 14.205 12.844 11.483 10.123 10.625 11.331 12.164 13.122 14.207 15.418 16.755 18.218 19.807 21.522 23.363 25.455 30.222 35.142 40.213 45.437 50.813 56.342 62.022 67.855 73.772
5.999 5.060 4.135 3.225 3.158 4.084 4.974 5.826 6.642 7.420 8.160 8.864 9.531 10.160 10.752 11.307 12.089 13.045 13.944 14.788 15.575 16.306 16.982 17.601 18.165 18.672 19.123 19.519 19.812 20.082 20.369 20.672 20.992 21.328 21.681 22.050 22.436 22.838 23.257 23.693 22.823 21.457 20.091 18.727 17.364 16.002 14.641 13.281 11.922 10.564 9.206 7.850 8.446 9.589 10.859 12.255 13.777 15.425 17.198 19.098 21.124 23.276 25.554 27.958 33.006 38.368 42.809 47.083 51.189 55.128 58.899 62.502 65.938
6.742 5.853 4.979 4.118 3.763 4.560 5.321 6.044 6.730 7.379 7.991 8.566 9.103 9.603 10.066 10.493 11.046 11.808 12.513 13.162 13.756 14.293 14.775 15.200 15.570 15.883 16.141 16.343 16.578 16.906 17.251 17.612 17.990 18.384 18.795 19.222 19.666 20.126 20.603 21.096 20.513 19.151 17.789 16.428 15.069 13.710 12.352 10.996 9.640 8.285 6.932 5.579 6.144 7.725 9.432 11.265 13.223 15.308 17.486 19.497 21.462 23.379 25.249 27.071 30.711 34.742 38.606 42.302 45.830 49.192 52.385 55.412 58.270
7.469 6.630 5.805 4.995 4.408 5.076 5.708 6.302 6.859 7.379 7.862 8.307 8.716 9.087 9.421 9.719 10.064 10.631 11.143 11.598 11.998 12.341 12.629 12.861 13.036 13.156 13.220 13.228 13.330 13.717 14.119 14.538 14.974 15.426 15.895 16.380 16.882 17.400 17.935 18.486 18.206 16.847 15.488 14.131 12.775 11.420 10.066 8.713 7.360 6.009 4.659 3.383 4.092 6.224 8.309 10.347 12.338 14.281 16.177 18.026 19.827 21.582 23.288 24.948 27.827 31.281 34.567 37.685 40.637 43.421 46.038 48.487 50.769
8.179 7.390 6.615 5.855 5.109 5.632 6.134 6.599 7.027 7.418 7.772 8.089 8.369 8.611 8.817 8.985 9.143 9.516 9.834 10.095 10.301 10.451 10.545 10.583 10.565 10.491 10.362 10.176 10.069 10.514 10.974 11.451 11.945 12.455 12.981 13.524 14.084 14.660 15.253 15.862 15.900 14.545 13.190 11.836 10.566 9.520 8.489 7.475 6.476 5.493 4.526 3.575 3.808 5.777 7.700 9.574 11.402 13.183 14.916 16.602 18.240 19.832 21.376 22.873 25.106 27.983 30.692 33.233 35.608 37.815 39.855 41.728 43.434
8.873 8.133 7.409 6.698 6.002 6.227 6.600 6.937 7.236 7.498 7.723 7.911 8.062 8.176 8.253 8.293 8.295 8.461 8.585 8.653 8.665 8.621 8.522 8.366 8.155 7.888 7.565 7.186 6.795 7.297 7.816 8.351 8.902 9.470 10.054 10.655 11.273 12.025 12.976 13.895 14.485 13.430 12.391 11.368 10.360 9.368 8.393 7.433 6.488 5.560 4.648 3.751 3.571 5.377 7.137 8.849 10.513 12.131 13.701 15.225 16.701 18.129 19.511 20.845 22.549 24.848 26.980 28.946 30.744 32.375 33.838 35.135 36.265
9.550 8.860 8.185 7.525 6.878 6.861 7.106 7.314 7.484 7.618 7.714 7.773 7.796 7.781 7.729 7.640 7.514 7.467 7.397 7.272 7.090 6.853 6.560 6.211 5.807 5.346 4.830 4.258 3.630 4.067 4.864 5.935 6.973 7.977 8.947 9.884 10.786 11.655 12.491 13.293 14.045 13.045 12.060 11.092 10.139 9.202 8.280 7.375 6.485 5.611 4.753 3.911 3.380 5.024 6.620 8.169 9.672 11.126 12.534 13.895 15.208 16.474 17.693 18.865 20.154 21.877 23.433 24.822 26.044 27.099 27.987 28.707 29.261
10.210 9.571 8.945 8.335 7.738 7.536 7.652 7.731 7.772 7.777 7.745 7.676 7.569 7.426 7.246 7.028 6.774 6.534 6.271 5.952 5.577 5.146 4.660 4.301 4.121 3.963 3.825 3.708 3.612 4.356 5.345 6.300 7.221 8.108 8.962 9.782 10.568 11.321 12.040 12.725 13.377 12.644 11.714 10.800 9.902 9.019 8.153 7.302 6.467 5.647 4.844 4.056 3.284 4.716 6.150 7.537 8.876 10.169 11.414 12.612 13.763 14.867 15.923 16.932 17.922 19.069 20.049 20.862 21.508 21.987 22.299 22.445 22.423
10.854 10.264 9.689 9.128 8.581 8.250 8.237 8.187 8.100 7.977 7.816 7.618 7.383 7.111 6.803 6.457 6.132 5.859 5.627 5.415 5.224 5.054 4.904 4.776 4.669 4.582 4.517 4.472 4.448 4.988 5.860 6.698 7.503 8.274 9.011 9.715 10.385 11.021 11.624 12.192 12.728 12.229 11.353 10.494 9.650 8.822 8.009 7.213 6.432 5.667 4.918 4.185 3.468 4.456 5.727 6.951 8.128 9.258 10.341 11.376 12.365 13.306 14.200 15.047 15.847 16.424 16.828 17.066 17.136 17.040 16.777 16.347 15.751
11.482 10.942 10.416 9.905 9.408 9.003 8.862 8.683 8.468 8.214 7.946 7.669 7.383 7.089 6.786 6.474 6.154 5.878 5.717 5.578 5.459 5.362 5.285 5.229 5.193 5.179 5.186 5.213 5.262 5.654 6.409 7.131 7.819 8.474 9.095 9.682 10.236 10.756 11.242 11.694 12.113 11.798 10.977 10.172 9.382 8.609 7.851 7.109 6.383 5.672 4.977 4.299 3.635 4.241 5.350 6.412 7.426 8.394 9.314 10.187 11.014 11.793 12.524 13.209 13.847 13.942 13.771 13.433 12.928 12.257 11.419 10.415 9.243
12.093 11.603 11.071 10.544 10.037 9.564 9.300 9.028 8.747 8.457 8.159 7.851 7.535 7.211 6.877 6.535 6.185 5.874 5.786 5.719 5.673 5.647 5.642 5.659 5.696 5.754 5.832 5.932 6.053 6.354 6.993 7.598 8.170 8.708 9.213 9.684 10.121 10.525 10.895 11.231 11.534 11.352 10.585 9.834 9.099 8.380 7.677 6.989 6.317 5.661 5.021 4.396 3.788 4.073 5.020 5.919 6.771 7.576 8.335 9.046 9.709 10.326 10.896 11.419 11.894 11.622 10.876 9.963 8.884 8.083 7.430 6.801 6.196
12.230 11.733 11.256 10.799 10.363 9.948 9.644 9.341 9.030 8.709 8.381 8.043 7.697 7.342 6.978 6.606 6.225 5.849 5.833 5.838 5.864 5.910 5.978 6.066 6.175 6.306 6.457 6.628 6.821 7.087 7.610 8.099 8.555 8.977 9.365 9.720 10.041 10.328 10.582 10.802 10.989 10.890 10.178 9.482 8.801 8.136 7.487 6.854 6.237 5.635 5.049 4.479 3.924 3.952 4.736 5.473 6.163 6.806 7.402 7.951 8.452 8.907 9.406 9.906 10.385 10.221 9.556 8.914 8.295 7.701 7.129 6.582 6.058
12.251 11.824 11.418 11.033 10.668 10.323 9.996 9.663 9.321 8.971 8.612 8.244 7.867 7.482 7.088 6.686 6.274 5.854 5.857 5.934 6.032 6.151 6.291 6.451 6.633 6.835 7.058 7.302 7.567 7.855 8.261 8.634 8.973 9.279 9.551 9.790 9.995 10.166 10.304 10.408 10.479 10.414 9.756 9.114 8.488 7.877 7.283 6.704 6.140 5.593 5.061 4.546 4.045 3.876 4.498 5.093 5.669 6.223 6.756 7.268 7.758 8.228 8.676 9.102 9.508 9.491 8.907 8.347 7.810 7.296 6.807 6.341 5.899
12.249 11.893 11.558 11.243 10.949 10.675 10.358 9.994 9.622 9.242 8.852 8.454 8.047 7.632 7.208 6.775 6.333 5.883 5.859 6.008 6.179 6.370 6.581 6.814 7.068 7.342 7.637 7.953 8.290 8.647 8.946 9.203 9.426 9.616 9.772 9.894 9.983 10.039 10.060 10.048 10.003 9.922 9.318 8.731 8.159 7.603 7.062 6.538 6.026 5.529 5.047 4.580 4.127 3.827 4.372 4.895 5.398 5.879 6.339 6.777 7.195 7.591 7.966 8.320 8.653 8.740 8.237 7.758 7.302 6.871 6.462 6.078 5.717
12.224 11.939 11.675 11.431 11.208 11.005 10.728 10.335 9.932 9.521 9.102 8.673 8.236 7.791 7.336 6.873 6.401 5.921 5.839 6.061 6.303 6.566 6.850 7.155 7.480 7.826 8.194 8.582 8.990 9.420 9.665 9.806 9.913 9.987 10.027 10.033 10.006 9.945 9.851 9.723 9.562 9.366 8.866 8.331 7.811 7.306 6.816 6.340 5.880 5.434 5.002 4.586 4.184 3.797 4.268 4.718 5.148 5.556 5.943 6.308 6.653 6.976 7.278 7.559 7.818 7.966 7.545 7.147 6.773 6.423 6.096 5.793 5.513
12.177 11.963 11.770 11.597 11.444 11.312 11.108 10.684 10.252 9.810 9.361 8.902 8.435 7.959 7.474 6.981 6.479 5.968 5.797 6.090 6.405 6.740 7.096 7.473 7.870 8.288 8.728 9.188 9.668 10.170 10.418 10.443 10.434 10.391 10.201 10.006 9.810 9.613 9.415 9.216 9.015 8.813 8.400 7.916 7.447 6.993 6.553 6.128 5.718 5.323 4.943 4.577 4.226 3.890 4.185 4.562 4.918 5.254 5.567 5.860 6.132 6.382 6.611 6.819 7.006 7.171 6.831 6.515 6.222 5.953 5.708 5.486 5.287
12.107 11.964 11.842 11.739 11.658 11.596 11.497 11.043 10.580 10.109 9.629 9.140 8.642 8.136 7.621 7.098 6.565 6.024 5.733 6.098 6.485 6.892 7.320 7.768 8.238 8.728 9.236 9.638 10.013 10.360 10.462 10.268 10.073 9.877 9.679 9.481 9.281 9.079 8.877 8.674 8.469 8.263 7.919 7.486 7.068 6.665 6.276 5.902 5.543 5.198 4.869 4.554 4.253 3.968 4.122 4.427 4.710 4.972 5.213 5.433 5.632 5.809 5.965 6.100 6.214 6.307 6.096 5.861 5.649 5.462 5.297 5.157 5.040
