DATA/SHG/ECMWF/20170628/EN-50/20170705.en-50.asc
ncols        190
nrows        64
xllcorner    -5100000.000000000000
yllcorner    4130000.000000000000
cellsize     10000.000000000000
NODATA_value  -99999.000
[rows 0 to 32 of 64, columns 0 to 73 of 190]
0.073 0.087 0.099 0.111 0.121 0.130 0.138 0.145 0.152 0.175 0.202 0.226 0.248 0.266 0.282 0.295 0.305 0.313 0.317 0.338 0.363 0.397 0.436 0.474 0.510 0.546 0.580 0.613 0.645 0.676 0.706 0.735 0.763 0.843 0.962 1.085 1.213 1.345 1.482 1.623 1.769 1.920 2.075 2.235 2.399 2.601 2.832 3.065 3.298 3.532 3.766 4.001 4.237 4.473 4.711 4.949 5.187 5.179 4.872 4.558 4.236 3.906 3.569 3.225 2.873 2.513 2.147 1.772 1.390 1.215 1.391 1.579 1.780 1.992
0.053 0.063 0.071 0.079 0.086 0.091 0.096 0.099 0.101 0.114 0.131 0.145 0.177 0.208 0.238 0.265 0.291 0.315 0.338 0.358 0.377 0.404 0.439 0.473 0.505 0.537 0.567 0.597 0.625 0.652 0.678 0.703 0.727 0.800 0.935 1.074 1.218 1.367 1.520 1.677 1.839 2.006 2.177 2.353 2.533 2.737 2.971 3.206 3.441 3.678 3.914 4.152 4.390 4.629 4.869 5.109 5.351 5.409 5.076 4.735 4.387 4.031 3.667 3.296 2.918 2.532 2.139 1.738 1.330 1.071 1.289 1.519 1.761 2.014
0.034 0.040 0.045 0.049 0.054 0.070 0.088 0.108 0.130 0.158 0.188 0.216 0.243 0.268 0.291 0.312 0.332 0.350 0.366 0.380 0.393 0.412 0.443 0.473 0.502 0.529 0.556 0.581 0.606 0.629 0.651 0.672 0.692 0.753 0.904 1.059 1.219 1.383 1.552 1.726 1.904 2.087 2.274 2.466 2.663 2.872 3.109 3.346 3.584 3.823 4.062 4.302 4.543 4.784 5.026 5.269 5.513 5.646 5.287 4.919 4.544 4.162 3.772 3.375 2.971 2.558 2.139 1.712 1.409 1.213 1.588 1.950 2.297 2.631
0.035 0.050 0.068 0.087 0.108 0.131 0.157 0.184 0.214 0.243 0.267 0.290 0.310 0.329 0.346 0.361 0.374 0.386 0.396 0.404 0.411 0.421 0.448 0.474 0.499 0.523 0.546 0.567 0.588 0.607 0.625 0.643 0.659 0.700 0.867 1.039 1.215 1.395 1.581 1.770 1.965 2.163 2.367 2.575 2.787 3.006 3.245 3.485 3.726 3.967 4.209 4.451 4.694 4.938 5.183 5.428 5.674 5.891 5.504 5.111 4.712 4.345 3.999 3.674 3.371 3.089 2.828 2.588 2.369 2.172 2.489 2.801 3.098 3.382
0.058 0.080 0.105 0.131 0.160 0.191 0.223 0.258 0.295 0.331 0.349 0.365 0.379 0.391 0.402 0.411 0.418 0.424 0.428 0.430 0.430 0.431 0.454 0.477 0.498 0.518 0.536 0.554 0.571 0.586 0.601 0.614 0.626 0.643 0.826 1.014 1.206 1.403 1.604 1.810 2.020 2.235 2.454 2.678 2.907 3.140 3.381 3.623 3.866 4.110 4.354 4.599 4.845 5.085 5.309 5.538 5.771 6.009 5.706 5.371 5.057 4.764 4.493 4.242 4.013 3.805 3.618 3.453 3.308 3.185 3.402 3.664 3.911 4.145
0.078 0.108 0.140 0.174 0.210 0.248 0.288 0.330 0.374 0.420 0.432 0.441 0.450 0.456 0.460 0.463 0.464 0.464 0.461 0.457 0.451 0.444 0.462 0.480 0.497 0.513 0.528 0.542 0.555 0.567 0.577 0.587 0.595 0.603 0.781 0.985 1.193 1.405 1.623 1.844 2.071 2.302 2.537 2.777 3.022 3.271 3.501 3.709 3.922 4.140 4.362 4.588 4.819 5.055 5.295 5.539 5.788 6.042 5.883 5.622 5.382 5.163 4.966 4.789 4.634 4.500 4.388 4.296 4.225 4.176 4.327 4.539 4.737 4.920
0.096 0.133 0.172 0.213 0.257 0.302 0.349 0.399 0.450 0.504 0.516 0.520 0.522 0.522 0.521 0.517 0.512 0.505 0.497 0.487 0.475 0.461 0.470 0.485 0.498 0.510 0.521 0.531 0.540 0.548 0.555 0.561 0.565 0.569 0.731 0.950 1.175 1.403 1.637 1.870 2.096 2.317 2.532 2.741 2.944 3.142 3.354 3.579 3.808 4.041 4.279 4.521 4.768 5.020 5.275 5.536 5.801 6.070 6.038 5.851 5.686 5.541 5.418 5.315 5.234 5.174 5.135 5.118 5.121 5.146 5.264 5.426 5.574 5.708
0.112 0.156 0.202 0.251 0.301 0.354 0.409 0.466 0.524 0.585 0.603 0.600 0.596 0.590 0.583 0.573 0.562 0.549 0.534 0.518 0.500 0.480 0.480 0.491 0.500 0.508 0.516 0.522 0.527 0.531 0.534 0.536 0.556 0.576 0.726 0.961 1.190 1.414 1.631 1.843 2.050 2.250 2.445 2.634 2.817 2.995 3.204 3.444 3.689 3.938 4.192 4.450 4.713 4.980 5.252 5.528 5.809 6.094 6.173 6.060 5.968 5.898 5.849 5.820 5.813 5.827 5.862 5.918 5.996 6.094 6.212 6.325 6.423 6.507
0.125 0.177 0.230 0.286 0.344 0.404 0.466 0.530 0.596 0.664 0.691 0.683 0.672 0.660 0.646 0.631 0.613 0.594 0.573 0.551 0.526 0.500 0.491 0.498 0.503 0.551 0.594 0.631 0.662 0.685 0.701 0.711 0.714 0.710 0.806 1.021 1.230 1.433 1.631 1.823 2.009 2.189 2.364 2.533 2.696 2.854 3.048 3.305 3.565 3.830 4.100 4.374 4.653 4.936 5.224 5.516 5.812 6.113 6.287 6.248 6.231 6.234 6.258 6.304 6.371 6.459 6.567 6.698 6.849 7.021 7.173 7.236 7.285 7.319
0.136 0.195 0.256 0.319 0.384 0.451 0.521 0.592 0.665 0.741 0.781 0.767 0.750 0.732 0.712 0.690 0.666 0.645 0.654 0.673 0.701 0.739 0.784 0.825 0.858 0.884 0.904 0.917 0.923 0.922 0.915 0.900 0.879 0.851 0.891 1.086 1.275 1.458 1.636 1.808 1.974 2.134 2.289 2.438 2.581 2.719 2.889 3.161 3.438 3.719 4.004 4.294 4.589 4.888 5.191 5.499 5.811 6.128 6.380 6.416 6.472 6.549 6.647 6.767 6.907 7.069 7.252 7.455 7.680 7.926 8.146 8.159 8.158 8.143
0.144 0.211 0.279 0.349 0.422 0.496 0.573 0.652 0.732 0.815 0.870 0.845 0.831 0.825 0.830 0.844 0.867 0.901 0.944 0.996 1.058 1.130 1.197 1.213 1.222 1.225 1.221 1.209 1.191 1.167 1.135 1.096 1.051 0.999 0.982 1.156 1.325 1.489 1.646 1.798 1.944 2.085 2.220 2.349 2.472 2.590 2.725 3.013 3.306 3.603 3.904 4.210 4.520 4.835 5.154 5.478 5.806 6.139 6.453 6.562 6.692 6.843 7.015 7.209 7.423 7.658 7.915 8.192 8.491 8.810 9.131 9.095 9.044 8.979
0.151 0.224 0.300 0.381 0.462 0.541 0.616 0.688 0.757 0.822 0.878 0.888 0.907 0.935 0.974 1.021 1.079 1.146 1.222 1.309 1.404 1.510 1.616 1.608 1.594 1.572 1.544 1.508 1.466 1.417 1.362 1.299 1.230 1.154 1.078 1.233 1.382 1.525 1.663 1.795 1.921 2.042 2.156 2.266 2.369 2.467 2.559 2.861 3.169 3.482 3.799 4.121 4.447 4.777 5.112 5.452 5.796 6.145 6.498 6.688 6.892 7.117 7.363 7.630 7.917 8.227 8.557 8.929 9.286 9.597 9.862 9.786 9.691 9.604
0.222 0.302 0.379 0.452 0.523 0.590 0.653 0.714 0.771 0.825 0.876 0.920 0.973 1.035 1.107 1.189 1.280 1.380 1.491 1.611 1.740 1.879 2.028 2.010 1.971 1.926 1.873 1.814 1.748 1.675 1.595 1.509 1.415 1.315 1.208 1.315 1.444 1.568 1.685 1.797 1.903 2.004 2.099 2.188 2.271 2.349 2.421 2.705 3.029 3.357 3.690 4.027 4.369 4.716 5.067 5.422 5.782 6.146 6.515 6.793 7.266 7.785 8.257 8.683 9.063 9.397 9.684 9.926 10.122 10.271 10.374 10.331 10.263 10.203
0.332 0.400 0.465 0.527 0.586 0.642 0.694 0.743 0.789 0.832 0.871 0.941 1.028 1.124 1.230 1.345 1.470 1.604 1.748 1.902 2.065 2.238 2.420 2.419 2.356 2.286 2.210 2.126 2.036 1.939 1.836 1.725 1.608 1.484 1.353 1.403 1.512 1.615 1.713 1.805 1.891 1.972 2.047 2.116 2.180 2.238 2.290 2.544 2.884 3.228 3.577 3.930 4.287 4.928 5.627 6.333 7.047 7.769 8.499 9.034 9.436 9.793 10.104 10.368 10.587 10.759 10.885 10.965 11.000 10.988 10.929 10.868 10.827 10.794
0.444 0.501 0.555 0.606 0.653 0.698 0.739 0.776 0.811 0.842 0.870 0.953 1.073 1.203 1.342 1.491 1.650 1.818 1.995 2.183 2.380 2.586 2.802 2.834 2.747 2.653 2.553 2.445 2.331 2.210 2.083 1.948 1.807 1.659 1.504 1.497 1.586 1.669 1.747 1.819 1.885 1.946 2.001 2.050 2.094 2.132 2.469 3.013 3.692 4.379 5.073 5.776 6.486 7.204 7.930 8.663 9.404 10.153 10.910 11.407 11.648 11.843 11.992 12.095 12.152 12.163 12.128 12.047 11.920 11.747 11.528 11.396 11.382 11.376
0.560 0.606 0.649 0.688 0.724 0.757 0.786 0.813 0.836 0.856 0.872 0.953 1.107 1.271 1.444 1.627 1.819 2.021 2.232 2.453 2.683 2.923 3.173 3.255 3.145 3.027 2.902 2.771 2.633 2.488 2.337 2.178 2.013 1.841 1.662 1.596 1.665 1.728 1.800 1.978 2.202 2.472 2.787 3.149 3.556 4.010 4.509 5.116 5.822 6.536 7.257 7.987 8.724 9.469 10.221 10.982 11.750 12.526 13.310 13.821 13.901 13.935 13.923 13.864 13.760 13.610 13.414 13.171 12.883 12.549 12.169 11.917 11.930 11.950
0.680 0.714 0.745 0.773 0.798 0.819 0.838 0.853 0.864 0.873 0.878 0.944 1.132 1.329 1.535 1.752 1.978 2.213 2.458 2.712 2.976 3.250 3.533 3.684 3.549 3.407 3.259 3.104 2.941 2.773 2.597 2.410 2.213 2.022 1.836 1.766 1.967 2.214 2.507 2.845 3.230 3.660 4.137 4.659 5.227 5.840 6.500 7.208 7.941 8.681 9.430 10.186 10.951 11.722 12.502 13.290 14.085 14.888 15.699 16.277 16.195 16.068 15.895 15.675 15.410 15.099 14.741 14.338 13.889 13.394 12.853 12.429 12.469 12.517
0.803 0.826 0.845 0.862 0.875 0.885 0.892 0.896 0.896 0.894 0.888 0.924 1.145 1.376 1.616 1.866 2.126 2.395 2.673 2.961 3.259 3.566 3.883 4.118 3.932 3.716 3.506 3.301 3.101 2.907 2.719 2.536 2.358 2.186 2.019 1.942 2.304 2.712 3.165 3.665 4.210 4.801 5.437 6.120 6.848 7.623 8.443 9.288 10.048 10.816 11.592 12.375 13.166 13.965 14.772 15.586 16.409 17.239 18.076 18.774 18.531 18.243 17.908 17.528 17.102 16.629 16.111 15.547 14.937 14.281 13.579 12.933 13.000 13.075
0.929 0.941 0.949 0.954 0.956 0.955 0.950 0.943 0.932 0.918 0.900 0.894 1.149 1.413 1.687 1.971 2.264 2.543 2.810 3.076 3.343 3.608 3.874 4.120 3.918 3.721 3.530 3.344 3.163 2.989 2.819 2.655 2.497 2.344 2.196 2.072 2.594 3.162 3.776 4.436 5.142 5.893 6.690 7.533 8.422 9.356 10.336 11.358 12.145 12.940 13.743 14.553 15.371 16.197 17.031 17.872 18.721 19.578 20.443 21.312 20.908 20.459 19.964 19.422 18.835 18.202 17.523 16.798 16.027 15.211 14.348 13.440 13.524 13.625
1.059 1.059 1.056 1.050 1.040 1.028 1.012 0.993 0.971 0.945 0.909 0.872 1.111 1.378 1.646 1.913 2.179 2.445 2.711 2.976 3.241 3.505 3.769 4.033 3.898 3.720 3.548 3.381 3.220 3.064 2.914 2.769 2.630 2.496 2.367 2.244 2.837 3.565 4.340 5.160 6.026 6.937 7.895 8.898 9.947 11.041 12.181 13.368 14.232 15.053 15.883 16.720 17.565 18.418 19.278 20.147 21.023 21.907 22.798 23.697 23.327 22.717 22.060 21.358 20.610 19.817 18.977 18.092 17.160 16.183 15.160 14.091 14.039 14.167
1.192 1.180 1.166 1.124 1.082 1.042 1.003 0.966 0.929 0.894 0.861 0.828 1.021 1.288 1.553 1.819 2.084 2.349 2.613 2.877 3.140 3.403 3.666 3.928 3.872 3.714 3.561 3.413 3.271 3.134 3.003 2.877 2.757 2.642 2.533 2.429 3.032 3.921 4.855 5.836 6.862 7.934 9.051 10.214 11.423 12.678 13.978 15.324 16.307 17.156 18.012 18.876 19.748 20.628 21.515 22.411 23.313 24.224 25.143 26.069 25.787 25.016 24.199 23.336 22.428 21.473 20.473 19.323 18.026 16.779 15.583 14.436 14.158 14.193
1.160 1.120 1.080 1.042 1.005 0.970 0.935 0.902 0.871 0.840 0.811 0.783 0.932 1.197 1.462 1.726 1.989 2.253 2.515 2.778 3.040 3.301 3.562 3.823 3.841 3.702 3.568 3.439 3.316 3.199 3.086 2.980 2.878 2.783 2.692 2.608 3.180 4.229 5.324 6.464 7.650 8.882 10.159 11.483 12.851 14.266 15.726 17.232 18.372 19.247 20.131 21.022 21.920 22.827 23.741 24.663 25.593 26.531 27.476 28.429 27.981 26.508 25.085 23.713 22.390 21.118 19.895 18.723 17.601 16.528 15.506 14.534 14.159 14.167
1.064 1.028 0.993 0.959 0.927 0.896 0.866 0.838 0.811 0.785 0.760 0.737 0.844 1.107 1.370 1.633 1.895 2.157 2.418 2.679 2.940 3.200 3.460 3.719 3.804 3.684 3.569 3.460 3.356 3.257 3.164 3.076 2.994 2.917 2.846 2.780 3.281 4.490 5.744 7.045 8.391 9.783 11.220 12.703 14.231 15.806 17.425 19.091 20.425 21.328 22.238 23.156 24.082 24.658 25.009 25.348 25.673 25.986 26.286 26.573 26.114 24.815 23.567 22.369 21.221 20.123 19.075 18.077 17.129 16.231 15.383 14.584 14.167 14.149
0.966 0.934 0.904 0.875 0.847 0.821 0.796 0.772 0.749 0.728 0.708 0.689 0.756 1.018 1.280 1.541 1.802 2.062 2.322 2.581 2.840 3.099 3.357 3.615 3.762 3.661 3.565 3.474 3.389 3.310 3.236 3.167 3.104 3.046 2.994 2.947 3.334 4.703 6.118 7.578 9.084 10.635 12.232 13.875 15.563 17.297 18.750 20.055 21.038 21.409 21.767 22.112 22.445 22.764 23.071 23.365 23.647 23.915 24.171 24.414 24.201 23.077 22.004 20.980 20.006 19.082 18.208 17.384 16.610 15.886 15.212 14.588 14.182 14.138
0.867 0.840 0.814 0.789 0.766 0.744 0.724 0.704 0.686 0.670 0.654 0.640 0.668 0.929 1.189 1.449 1.708 1.967 2.226 2.484 2.742 2.999 3.256 3.512 3.714 3.632 3.555 3.483 3.418 3.357 3.302 3.252 3.208 3.170 3.136 3.109 3.341 4.870 6.444 7.987 9.473 10.908 12.291 13.623 14.903 16.131 17.308 18.433 19.381 19.707 20.021 20.322 20.610 20.886 21.149 21.399 21.636 21.860 22.072 22.270 22.243 21.293 20.394 19.544 18.745 17.995 17.295 16.645 16.045 15.495 14.995 14.544 14.205 14.133
0.767 0.744 0.723 0.703 0.684 0.667 0.651 0.636 0.622 0.610 0.599 0.590 0.581 0.841 1.099 1.358 1.616 1.873 2.130 2.387 2.643 2.899 3.154 3.409 3.660 3.597 3.539 3.487 3.440 3.399 3.363 3.333 3.355 3.392 3.445 3.512 3.627 5.088 6.498 7.856 9.162 10.417 11.621 12.773 13.873 14.922 15.919 16.865 17.738 18.020 18.290 18.547 18.791 19.022 19.241 19.447 19.640 19.820 19.987 20.142 20.239 19.464 18.739 18.063 17.437 16.861 16.336 15.859 15.433 15.057 14.731 14.454 14.234 14.136
0.674 0.647 0.630 0.615 0.601 0.588 0.576 0.566 0.557 0.549 0.543 0.538 0.534 0.753 1.010 1.267 1.524 1.780 2.035 2.291 2.545 2.800 3.054 3.307 3.562 3.572 3.558 3.557 3.572 3.602 3.647 3.706 3.780 3.870 3.974 4.093 4.227 5.369 6.599 7.777 8.904 9.979 11.003 11.976 12.896 13.766 14.583 15.349 16.064 16.348 16.574 16.787 16.986 17.174 17.348 17.510 17.659 17.795 17.918 18.029 18.127 17.589 17.037 16.536 16.084 15.682 15.330 15.027 14.775 14.572 14.420 14.317 14.263 14.146
0.583 0.548 0.536 0.525 0.516 0.508 0.501 0.495 0.490 0.487 0.486 0.485 0.486 0.665 0.921 1.177 1.432 1.707 2.017 2.311 2.589 2.851 3.097 3.328 3.543 3.618 3.655 3.707 3.774 3.855 3.952 4.063 4.190 4.331 4.487 4.658 4.844 5.702 6.752 7.751 8.698 9.594 10.438 11.231 11.972 12.662 13.300 13.887 14.423 14.691 14.872 15.041 15.197 15.340 15.470 15.588 15.693 15.785 15.864 15.931 15.985 15.668 15.291 14.963 14.685 14.456 14.278 14.149 14.070 14.041 14.062 14.132 14.253 14.164
0.493 0.449 0.441 0.435 0.430 0.426 0.424 0.422 0.423 0.424 0.483 0.596 0.695 0.915 1.233 1.534 1.820 2.090 2.345 2.583 2.806 3.013 3.204 3.380 3.540 3.648 3.737 3.841 3.959 4.093 4.242 4.405 4.583 4.776 4.984 5.207 5.445 6.087 6.957 7.776 8.544 9.261 9.925 10.539 11.101 11.612 12.071 12.478 12.835 13.049 13.186 13.310 13.422 13.521 13.608 13.681 13.742 13.790 13.826 13.848 13.858 13.702 13.498 13.344 13.239 13.185 13.180 13.224 13.319 13.463 13.657 13.901 14.195 14.188
0.406 0.348 0.345 0.455 0.619 0.770 0.905 1.025 1.131 1.222 1.298 1.359 1.406 1.535 1.798 2.044 2.275 2.490 2.689 2.872 3.040 3.192 3.328 3.449 3.553 3.662 3.803 3.959 4.129 4.315 4.515 4.730 4.961 5.206 5.465 5.740 6.029 6.523 7.214 7.854 8.443 8.980 9.465 9.900 10.282 10.614 10.894 11.123 11.300 11.421 11.514 11.595 11.662 11.717 11.760 11.789 11.806 11.810 11.802 11.780 11.746 11.691 11.660 11.679 11.748 11.867 12.035 12.254 12.549 12.884 13.193 13.475 13.731 13.705
1.228 1.378 1.521 1.648 1.761 1.859 1.943 2.011 2.065 2.104 2.128 2.137 2.132 2.172 2.379 2.570 2.745 2.905 3.049 3.178 3.290 3.387 3.468 3.534 3.583 3.660 3.853 4.061 4.283 4.521 4.773 5.040 5.322 5.619 5.931 6.257 6.598 7.011 7.523 7.984 8.393 8.751 9.057 9.313 9.516 9.669 9.770 9.820 9.818 9.808 9.857 9.894 9.918 9.929 9.927 9.912 9.885 9.846 9.793 9.728 9.650 9.799 10.229 10.631 11.008 11.357 11.680 11.976 12.246 12.489 12.705 12.895 13.058 13.054
2.483 2.690 2.781 2.856 2.917 2.963 2.995 3.011 3.013 3.000 2.972 2.930 2.872 2.824 2.976 3.112 3.232 3.337 3.426 3.499 3.557 3.599 3.625 3.635 3.630 3.643 3.888 4.148 4.422 4.711 5.015 5.334 5.668 6.016 6.380 6.758 7.151 7.550 7.883 8.165 8.395 8.574 8.702 8.778 8.803 8.777 8.699 8.570 8.390 8.210 8.215 8.208 8.187 8.154 8.397 8.800 9.149 9.446 9.690 9.881 10.018 10.169 10.506 10.816 11.100 11.357 11.587 11.791 11.968 12.119 12.242 12.340 12.410 12.395
3.716 3.995 4.056 4.079 4.088 4.082 4.062 4.027 3.976 3.911 3.832 3.737 3.628 3.504 3.589 3.670 3.735 3.785 3.819 3.837 3.840 3.826 3.798 3.753 3.693 3.617 3.907 4.219 4.545 4.886 5.242 5.612 5.998 6.398 6.813 7.243 7.688 8.142 8.296 8.398 8.450 8.450 8.398 8.296 8.142 7.937 7.681 7.745 7.975 8.230 8.713 9.142 9.519 9.843 10.114 10.332 10.497 10.609 10.669 10.675 10.629 10.565 10.809 11.027 11.218 11.382 11.520 11.631 11.716 11.774 11.806 11.811 11.789 11.728
