DATA/SHG/ECMWF/20170628/EN-50/20170711.en-50.asc
ncols        190
nrows        64
xllcorner    -5100000.000000000000
yllcorner    4130000.000000000000
cellsize     10000.000000000000
NODATA_value  -99999.000
[rows 0 to 32 of 64, columns 74 to 147 of 190]
2.618 2.820 3.029 3.244 3.465 3.692 3.926 4.028 3.814 3.606 3.408 3.219 3.040 2.871 2.712 2.563 2.423 2.293 2.173 2.087 2.078 2.060 2.040 2.018 1.994 1.967 1.939 1.908 1.875 1.840 1.802 1.764 1.729 1.692 1.652 1.610 1.566 1.520 1.471 1.421 1.368 1.313 1.256 1.202 1.164 1.124 1.083 1.041 0.997 0.952 0.906 0.858 0.809 0.759 0.707 0.674 0.696 0.720 0.744 0.769 0.796 0.823 0.850 0.879 0.909 0.939 0.970 0.998 1.014 1.030 1.047 1.063 1.079 1.096
2.496 2.744 2.992 3.231 3.462 3.683 3.895 4.030 3.846 3.672 3.508 3.354 3.209 3.075 2.949 2.834 2.729 2.633 2.547 2.477 2.457 2.430 2.400 2.368 2.334 2.298 2.260 2.219 2.176 2.131 2.084 2.036 1.990 1.943 1.894 1.842 1.788 1.732 1.674 1.613 1.551 1.486 1.419 1.354 1.309 1.264 1.217 1.168 1.119 1.068 1.015 0.962 0.906 0.850 0.792 0.745 0.772 0.799 0.827 0.856 0.886 0.917 0.949 0.981 1.014 1.049 1.084 1.117 1.133 1.150 1.167 1.183 1.200 1.218
2.641 2.867 3.084 3.292 3.491 3.681 3.862 4.019 3.870 3.730 3.600 3.480 3.369 3.268 3.177 3.096 3.025 2.963 2.911 2.869 2.839 2.802 2.762 2.721 2.677 2.631 2.582 2.532 2.479 2.425 2.368 2.309 2.254 2.197 2.137 2.076 2.012 1.946 1.878 1.808 1.736 1.661 1.585 1.506 1.456 1.404 1.351 1.297 1.241 1.184 1.126 1.066 1.005 0.942 0.879 0.816 0.846 0.877 0.909 0.942 0.976 1.011 1.046 1.082 1.119 1.157 1.196 1.251 1.298 1.340 1.376 1.408 1.434 1.455
2.803 2.997 3.183 3.360 3.528 3.687 3.837 3.979 3.884 3.779 3.683 3.596 3.520 3.453 3.396 3.349 3.312 3.284 3.266 3.257 3.223 3.176 3.126 3.075 3.021 2.965 2.907 2.847 2.785 2.720 2.653 2.584 2.519 2.452 2.383 2.312 2.238 2.163 2.085 2.005 1.923 1.839 1.752 1.664 1.603 1.546 1.487 1.426 1.365 1.302 1.237 1.171 1.104 1.036 0.966 0.895 0.920 0.955 1.010 1.085 1.159 1.233 1.307 1.380 1.454 1.527 1.601 1.674 1.701 1.719 1.732 1.740 1.743 1.741
2.972 3.136 3.291 3.437 3.574 3.702 3.821 3.931 3.890 3.818 3.756 3.704 3.662 3.629 3.606 3.593 3.589 3.595 3.611 3.637 3.608 3.551 3.492 3.431 3.368 3.302 3.234 3.164 3.092 3.018 2.941 2.862 2.786 2.710 2.631 2.550 2.467 2.381 2.294 2.204 2.112 2.018 1.922 1.823 1.752 1.689 1.624 1.557 1.490 1.428 1.377 1.334 1.298 1.269 1.248 1.233 1.290 1.364 1.438 1.512 1.585 1.658 1.732 1.805 1.877 1.950 2.022 2.095 2.108 2.103 2.093 2.078 2.058 2.032
3.150 3.283 3.406 3.521 3.627 3.724 3.812 3.892 3.886 3.849 3.821 3.803 3.794 3.796 3.807 3.827 3.858 3.898 3.948 4.007 3.996 3.929 3.860 3.789 3.716 3.640 3.563 3.483 3.401 3.317 3.231 3.142 3.056 2.969 2.881 2.790 2.697 2.602 2.504 2.405 2.306 2.199 2.080 1.950 1.863 1.808 1.761 1.721 1.688 1.663 1.645 1.634 1.630 1.633 1.644 1.662 1.719 1.792 1.865 1.938 2.011 2.084 2.156 2.228 2.300 2.372 2.444 2.515 2.520 2.492 2.459 2.420 2.377 2.328
3.336 3.438 3.530 3.614 3.689 3.755 3.812 3.860 3.874 3.871 3.877 3.892 3.918 3.953 3.998 4.053 4.117 4.191 4.275 4.368 4.385 4.309 4.230 4.149 4.066 3.981 3.894 3.804 3.712 3.618 3.522 3.451 3.396 3.330 3.252 3.162 3.061 2.949 2.825 2.689 2.542 2.383 2.213 2.032 1.929 1.907 1.892 1.884 1.883 1.890 1.904 1.925 1.954 1.990 2.032 2.083 2.148 2.220 2.292 2.364 2.436 2.508 2.580 2.651 2.723 2.794 2.865 2.936 2.936 2.885 2.829 2.767 2.700 2.629
3.530 3.600 3.662 3.715 3.759 3.794 3.820 3.837 3.853 3.883 3.923 3.973 4.032 4.102 4.180 4.269 4.367 4.475 4.593 4.720 4.777 4.690 4.581 4.475 4.382 4.301 4.234 4.180 4.139 4.110 4.095 4.093 4.056 3.938 3.809 3.668 3.515 3.351 3.176 2.989 2.790 2.580 2.359 2.126 1.987 1.997 2.014 2.039 2.071 2.110 2.156 2.209 2.270 2.338 2.413 2.495 2.576 2.647 2.719 2.790 2.861 2.932 3.003 3.074 3.145 3.215 3.285 3.355 3.357 3.283 3.203 3.119 3.029 2.934
3.732 3.771 3.802 3.824 3.837 3.841 3.836 3.823 3.823 3.887 3.961 4.045 4.138 4.241 4.356 4.475 4.579 4.668 4.743 4.803 4.821 4.747 4.686 4.637 4.602 4.580 4.571 4.575 4.592 4.622 4.665 4.721 4.728 4.558 4.377 4.185 3.981 3.765 3.539 3.300 3.050 2.789 2.516 2.232 2.038 2.080 2.129 2.186 2.250 2.321 2.399 2.485 2.578 2.678 2.785 2.899 3.003 3.074 3.145 3.215 3.286 3.356 3.426 3.496 3.566 3.636 3.705 3.775 3.783 3.685 3.583 3.475 3.362 3.244
3.942 3.950 3.950 3.941 3.923 3.896 3.860 3.842 3.897 4.052 4.193 4.320 4.431 4.528 4.610 4.678 4.730 4.769 4.792 4.801 4.794 4.778 4.775 4.785 4.808 4.844 4.893 4.955 5.030 5.118 5.219 5.333 5.411 5.190 4.958 4.714 4.459 4.192 3.914 3.624 3.323 3.010 2.686 2.350 2.080 2.155 2.236 2.325 2.421 2.525 2.635 2.753 2.878 3.010 3.149 3.296 3.430 3.500 3.570 3.640 3.710 3.780 3.849 3.918 3.987 4.056 4.125 4.194 4.213 4.092 3.967 3.836 3.700 3.558
4.175 4.197 4.223 4.254 4.289 4.328 4.371 4.419 4.472 4.576 4.665 4.740 4.801 4.846 4.877 4.893 4.895 4.882 4.854 4.812 4.755 4.795 4.850 4.918 4.999 5.093 5.200 5.320 5.453 5.599 5.758 5.930 6.106 5.833 5.550 5.255 4.948 4.630 4.300 3.959 3.607 3.243 2.868 2.481 2.115 2.222 2.336 2.457 2.585 2.720 2.863 3.013 3.170 3.334 3.505 3.684 3.857 3.926 3.996 4.065 4.134 4.202 4.271 4.340 4.408 4.476 4.544 4.612 4.648 4.504 4.355 4.201 4.042 3.878
4.643 4.680 4.721 4.766 4.816 4.870 4.928 4.991 5.058 5.112 5.150 5.174 5.183 5.177 5.157 5.122 5.073 5.008 4.929 4.836 4.728 4.797 4.910 5.036 5.175 5.327 5.492 5.670 5.861 6.065 6.282 6.512 6.755 6.489 6.154 5.807 5.449 5.080 4.699 4.307 3.903 3.488 3.062 2.623 2.174 2.281 2.427 2.580 2.741 2.908 3.083 3.265 3.454 3.650 3.854 4.064 4.282 4.352 4.420 4.489 4.557 4.625 4.693 4.761 4.828 4.896 4.963 5.034 5.106 4.973 4.852 4.743 4.646 4.561
5.106 5.158 5.214 5.274 5.339 5.408 5.481 5.558 5.640 5.661 5.648 5.620 5.578 5.521 5.450 5.364 5.263 5.148 5.018 4.873 4.714 4.784 4.955 5.139 5.336 5.546 5.769 6.005 6.254 6.516 6.791 7.079 7.379 7.156 6.769 6.372 5.963 5.542 5.110 4.667 4.212 3.745 3.267 2.778 2.277 2.333 2.511 2.696 2.888 3.088 3.295 3.509 3.730 3.958 4.194 4.437 4.686 4.777 4.829 4.871 4.921 4.980 5.048 5.125 5.211 5.306 5.409 5.522 5.643 5.577 5.508 5.451 5.407 5.373
5.565 5.631 5.702 5.777 5.857 5.941 6.029 6.121 6.217 6.222 6.158 6.079 5.986 5.878 5.756 5.618 5.467 5.300 5.119 4.923 4.713 4.756 4.985 5.227 5.482 5.750 6.031 6.325 6.632 6.952 7.284 7.630 7.989 7.834 7.397 6.948 6.488 6.016 5.533 5.038 4.532 4.015 3.486 2.945 2.393 2.377 2.587 2.804 3.028 3.303 3.604 3.876 4.119 4.334 4.520 4.678 4.807 4.882 4.954 5.035 5.125 5.223 5.330 5.447 5.572 5.706 5.848 6.000 6.160 6.168 6.151 6.147 6.154 6.173
6.019 6.100 6.186 6.276 6.370 6.469 6.572 6.679 6.790 6.796 6.681 6.551 6.407 6.248 6.074 5.886 5.683 5.466 5.234 4.987 4.725 4.714 5.001 5.301 5.614 5.940 6.278 6.630 6.995 7.372 7.763 8.167 8.583 8.525 8.036 7.536 7.025 6.502 5.967 5.422 4.911 4.463 4.039 3.640 3.267 3.306 3.594 3.853 4.084 4.286 4.459 4.603 4.719 4.807 4.865 4.895 4.897 4.958 5.070 5.190 5.319 5.456 5.603 5.758 5.923 6.096 6.278 6.468 6.668 6.746 6.782 6.830 6.889 6.961
6.468 6.564 6.665 6.770 6.879 6.992 7.110 7.232 7.358 7.383 7.217 7.036 6.840 6.630 6.406 6.166 5.913 5.644 5.361 5.063 4.750 4.657 5.002 5.360 5.731 6.114 6.511 6.920 7.343 7.778 8.227 8.679 9.110 9.133 8.620 8.132 7.670 7.232 6.820 6.432 6.069 5.732 5.419 5.131 4.869 4.827 4.988 5.119 5.222 5.297 5.342 5.360 5.348 5.308 5.239 5.142 5.016 5.026 5.176 5.335 5.504 5.681 5.866 6.061 6.264 6.477 6.698 6.928 7.166 7.312 7.400 7.500 7.612 7.736
6.913 7.024 7.139 7.259 7.383 7.511 7.643 7.780 7.921 7.983 7.765 7.533 7.287 7.026 6.750 6.460 6.155 5.836 5.501 5.153 4.788 4.586 5.071 5.604 6.115 6.603 7.069 7.512 7.932 8.330 8.705 9.058 9.387 9.485 9.084 8.707 8.356 8.029 7.727 7.451 7.199 6.972 6.771 6.594 6.442 6.377 6.410 6.414 6.389 6.336 6.255 6.145 6.006 5.839 5.643 5.418 5.165 5.084 5.273 5.472 5.679 5.895 6.120 6.354 6.597 6.848 7.108 7.377 7.655 7.865 8.006 8.158 8.322 8.498
7.353 7.479 7.609 7.743 7.882 8.025 8.172 8.324 8.480 8.595 8.326 8.043 7.746 7.434 7.110 6.836 6.598 6.395 6.227 6.095 5.977 5.925 6.380 6.813 7.223 7.610 7.975 8.317 8.637 8.934 9.208 9.460 9.689 9.810 9.520 9.254 9.014 8.798 8.607 8.441 8.301 8.185 8.094 8.028 7.987 7.954 7.860 7.737 7.585 7.405 7.196 6.959 6.693 6.398 6.075 5.724 5.343 5.132 5.361 5.599 5.845 6.101 6.365 6.638 6.920 7.210 7.509 7.817 8.134 8.406 8.599 8.803 9.019 9.247
7.788 7.929 8.074 8.223 8.377 8.534 8.696 8.850 8.937 9.018 8.699 8.407 8.150 7.928 7.742 7.592 7.477 7.397 7.353 7.345 7.351 7.367 7.713 8.045 8.354 8.641 8.905 9.147 9.366 9.562 9.736 9.887 10.016 10.108 9.928 9.773 9.644 9.539 9.459 9.404 9.374 9.369 9.389 9.433 9.503 9.560 9.338 9.088 8.809 8.502 8.166 7.802 7.409 6.987 6.537 6.058 5.551 5.172 5.440 5.717 6.003 6.297 6.600 6.912 7.233 7.563 7.901 8.248 8.604 8.934 9.179 9.436 9.704 9.984
8.208 8.318 8.422 8.519 8.609 8.694 8.772 8.843 8.908 8.967 8.804 8.635 8.502 8.404 8.341 8.314 8.323 8.367 8.446 8.561 8.692 8.832 9.070 9.301 9.510 9.696 9.859 10.000 10.119 10.214 10.288 10.338 10.367 10.372 10.309 10.265 10.246 10.252 10.282 10.338 10.419 10.524 10.655 10.810 10.991 11.194 10.845 10.468 10.062 9.628 9.165 8.673 8.153 7.605 7.027 6.422 5.788 5.203 5.510 5.826 6.150 6.484 6.826 7.177 7.537 7.906 8.283 8.669 9.065 9.450 9.747 10.056 10.376 10.708
8.364 8.451 8.532 8.607 8.676 8.738 8.793 8.842 8.885 8.922 8.876 8.831 8.821 8.846 8.907 9.004 9.136 9.303 9.506 9.744 9.998 10.263 10.449 10.580 10.688 10.774 10.837 10.878 10.895 10.891 10.864 10.814 10.742 10.647 10.661 10.728 10.820 10.936 11.078 11.244 11.436 11.652 11.893 12.159 12.450 12.766 12.381 11.876 11.343 10.782 10.192 9.574 8.927 8.251 7.547 6.815 6.054 5.264 5.570 5.925 6.289 6.662 7.043 7.433 7.832 8.240 8.656 9.081 9.517 9.925 10.210 10.471 10.708 10.920
8.525 8.590 8.649 8.701 8.748 8.787 8.821 8.848 8.868 8.883 8.916 8.994 9.107 9.256 9.440 9.660 9.915 10.206 10.532 10.893 11.271 11.661 11.853 11.883 11.891 11.876 11.839 11.779 11.696 11.591 11.464 11.314 11.141 10.946 10.986 11.164 11.366 11.593 11.845 12.122 12.424 12.751 13.102 13.479 13.880 14.307 13.944 13.313 12.653 11.965 11.248 10.503 9.729 8.927 8.096 7.237 6.349 5.433 5.622 6.103 6.688 7.236 7.746 8.217 8.652 9.048 9.406 9.727 10.010 10.255 10.435 10.588 10.717 10.821
8.692 8.735 8.771 8.802 8.825 8.843 8.854 8.859 8.857 8.849 8.923 9.124 9.361 9.633 9.941 10.283 10.662 11.075 11.525 12.009 12.511 13.025 13.280 13.210 13.117 13.002 12.864 12.704 12.521 12.316 12.088 11.837 11.564 11.269 11.284 11.572 11.885 12.222 12.585 12.972 13.385 13.822 14.284 14.771 15.282 15.819 15.536 14.778 13.991 13.176 12.309 11.437 10.625 9.872 9.179 8.544 7.969 7.453 7.686 8.141 8.559 8.939 9.281 9.585 9.852 10.081 10.272 10.425 10.541 10.618 10.684 10.729 10.750 10.746
8.864 8.885 8.899 8.908 8.909 8.904 8.893 8.876 8.852 8.822 8.898 9.222 9.582 9.977 10.408 10.874 11.375 11.912 12.484 13.092 13.718 14.356 14.730 14.560 14.367 14.151 13.913 13.653 13.370 13.064 12.736 12.385 12.012 11.617 11.554 11.952 12.375 12.823 13.296 13.794 14.317 14.795 15.161 15.514 15.855 16.184 15.860 15.014 14.228 13.500 12.832 12.223 11.673 11.182 10.750 10.378 10.065 9.810 9.928 10.216 10.466 10.678 10.853 10.990 11.089 11.150 11.174 11.160 11.108 11.018 10.956 10.893 10.807 10.695
9.043 9.041 9.033 9.019 8.999 8.972 8.938 8.899 8.853 8.800 8.840 9.287 9.770 10.289 10.842 11.431 12.056 12.716 13.411 14.141 14.891 15.653 16.204 15.933 15.640 15.324 14.986 14.625 14.242 13.836 13.408 12.957 12.454 11.910 11.681 12.079 12.464 12.837 13.198 13.546 13.882 14.205 14.517 14.815 15.102 15.376 15.272 14.688 14.164 13.699 13.292 12.945 12.657 12.428 12.259 12.148 12.097 12.104 12.205 12.326 12.408 12.453 12.461 12.430 12.362 12.256 12.113 11.931 11.712 11.456 11.252 11.082 10.887 10.669
9.227 9.203 9.173 9.137 9.094 9.045 8.989 8.928 8.859 8.785 8.749 9.320 9.926 10.567 11.244 11.956 12.703 13.486 14.304 15.157 16.030 16.917 17.701 17.223 16.584 15.966 15.368 14.791 14.235 13.700 13.186 12.692 12.219 11.767 11.489 11.832 12.162 12.481 12.787 13.080 13.361 13.630 13.886 14.130 14.362 14.582 14.622 14.301 14.038 13.835 13.690 13.605 13.579 13.612 13.704 13.855 14.065 14.334 14.518 14.472 14.387 14.265 14.105 13.907 13.672 13.399 13.088 12.740 12.353 11.930 11.572 11.294 10.992 10.666
9.417 9.371 9.319 9.260 9.195 9.124 9.046 8.962 8.872 8.775 8.672 9.320 10.049 10.814 11.613 12.419 13.042 13.656 14.258 14.851 15.454 16.069 16.675 16.136 15.589 15.063 14.557 14.073 13.609 13.166 12.744 12.342 11.961 11.601 11.310 11.598 11.874 12.138 12.389 12.628 12.854 13.069 13.270 13.460 13.637 13.801 13.911 13.851 13.850 13.909 14.026 14.202 14.438 14.732 15.086 15.498 15.970 16.501 16.867 16.653 16.401 16.112 15.785 15.420 15.018 14.578 14.100 13.585 13.032 12.441 11.915 11.530 11.121 10.687
9.612 9.544 9.470 9.389 9.302 9.209 9.109 9.003 8.864 8.631 8.404 8.881 9.511 10.130 10.738 11.337 11.925 12.503 13.071 13.628 14.196 14.775 15.346 15.027 14.572 14.138 13.725 13.332 12.961 12.610 12.280 11.970 11.681 11.414 11.166 11.379 11.600 11.809 12.005 12.190 12.361 12.521 12.668 12.803 12.925 13.036 13.138 13.340 13.601 13.921 14.299 14.737 15.234 15.790 16.405 17.079 17.812 18.603 19.252 18.871 18.452 17.995 17.501 16.970 16.400 15.793 15.149 14.466 13.746 12.989 12.283 11.790 11.273 10.732
9.814 9.674 9.421 9.173 8.931 8.695 8.465 8.241 8.022 7.810 7.603 7.951 8.545 9.129 9.702 10.266 10.819 11.361 11.894 12.416 12.948 13.492 14.027 13.896 13.533 13.191 12.870 12.570 12.290 12.031 11.793 11.576 11.379 11.203 11.048 11.173 11.339 11.494 11.635 11.765 11.882 11.987 12.080 12.160 12.228 12.284 12.327 12.767 13.289 13.870 14.511 15.210 15.968 16.785 17.661 18.596 19.590 20.643 21.672 21.124 20.538 19.915 19.254 18.555 17.819 17.045 16.234 15.385 14.498 13.574 12.674 12.074 11.450 10.801
8.923 8.684 8.451 8.223 8.002 7.787 7.577 7.374 7.176 6.984 6.798 7.031 7.590 8.138 8.677 9.205 9.722 10.230 10.727 11.214 11.711 12.219 12.719 12.743 12.473 12.223 11.994 11.785 11.598 11.431 11.285 11.159 11.054 10.971 10.907 10.980 11.092 11.192 11.279 11.354 11.417 11.467 11.506 11.531 11.545 11.546 11.534 12.132 12.916 13.758 14.660 15.620 16.639 17.717 18.854 20.050 21.305 22.619 23.991 23.413 22.660 21.870 21.042 20.177 19.274 18.334 17.355 16.340 15.287 14.196 13.086 12.382 11.665 10.935
7.907 7.689 7.476 7.270 7.069 6.874 6.685 6.502 6.325 6.154 5.989 6.122 6.645 7.158 7.661 8.154 8.637 9.109 9.571 10.023 10.485 10.957 11.421 11.569 11.390 11.232 11.095 10.979 10.883 10.808 10.754 10.720 10.708 10.715 10.744 10.801 10.859 10.904 10.937 10.957 10.966 10.962 10.945 10.916 10.875 10.822 10.756 11.436 12.481 13.584 14.747 15.968 17.248 18.587 19.984 21.441 22.957 24.531 26.164 25.737 24.818 24.047 23.519 22.832 21.986 20.979 19.812 18.486 17.000 15.354 13.548 12.714 11.940 11.154
6.887 6.690 6.498 6.312 6.132 5.957 5.789 5.627 5.470 5.319 5.175 5.222 5.711 6.189 6.657 7.114 7.562 7.999 8.426 8.843 9.269 9.706 10.134 10.373 10.286 10.220 10.175 10.150 10.147 10.163 10.201 10.259 10.338 10.438 10.558 10.636 10.639 10.630 10.608 10.574 10.528 10.470 10.399 10.315 10.220 10.112 9.992 10.679 11.984 13.348 14.771 16.253 18.088 20.623 23.131 25.612 28.066 30.493 32.892 33.042 32.127 31.052 29.817 28.423 26.869 25.155 23.281 21.248 19.055 16.702 14.189 13.057 12.227 11.385
5.863 5.686 5.515 5.350 5.190 5.036 4.889 4.747 4.611 4.481 4.356 4.334 4.787 5.230 5.662 6.085 6.497 6.899 7.291 7.673 8.064 8.465 8.858 9.155 9.160 9.186 9.233 9.300 9.388 9.497 9.626 9.776 9.947 10.138 10.350 10.485 10.433 10.370 10.293 10.205 10.104 9.991 9.866 9.985 10.904 11.954 13.132 15.017 17.567 20.090 22.586 25.055 27.497 29.911 32.299 34.659 36.993 39.299 41.578 41.616 39.994 38.212 36.270 34.169 31.908 29.487 26.907 24.167 21.267 18.208 14.989 13.413 12.527 11.628
