DATA/SHG/ECMWF/20170628/EN-50/20170704.en-50.asc
ncols        190
nrows        64
xllcorner    -5100000.000000000000
yllcorner    4130000.000000000000
cellsize     10000.000000000000
NODATA_value  -99999.000
[rows 0 to 32 of 64, columns 0 to 73 of 190]
1.971 1.932 1.896 1.863 1.833 1.806 1.782 1.762 1.745 1.746 1.753 1.761 1.769 1.778 1.787 1.796 1.806 1.817 1.828 1.860 1.900 1.901 1.883 1.863 1.841 1.817 1.792 1.765 1.737 1.706 1.674 1.641 1.605 1.570 1.541 1.518 1.502 1.493 1.491 1.495 1.506 1.523 1.547 1.578 1.616 1.651 1.676 1.697 1.713 1.726 1.733 1.737 1.736 1.730 1.721 1.707 1.689 1.694 1.731 1.765 1.796 1.825 1.852 1.877 1.899 1.919 1.936 1.951 1.963 2.031 2.190 2.351 2.514 2.678
1.768 1.740 1.715 1.693 1.675 1.659 1.647 1.638 1.632 1.636 1.644 1.654 1.688 1.723 1.760 1.798 1.837 1.878 1.919 1.962 2.005 2.013 1.989 1.963 1.935 1.906 1.874 1.842 1.807 1.771 1.733 1.693 1.651 1.624 1.618 1.619 1.627 1.641 1.662 1.690 1.724 1.765 1.813 1.867 1.928 1.974 1.984 1.989 1.990 1.987 1.979 1.967 1.951 1.931 1.906 1.876 1.843 1.827 1.855 1.881 1.904 1.925 1.943 1.959 1.973 1.985 1.994 2.000 2.004 2.047 2.212 2.378 2.546 2.716
1.562 1.545 1.531 1.521 1.519 1.541 1.564 1.590 1.616 1.648 1.684 1.721 1.760 1.800 1.841 1.883 1.926 1.970 2.015 2.062 2.109 2.128 2.097 2.065 2.031 1.996 1.958 1.920 1.879 1.837 1.793 1.747 1.699 1.671 1.688 1.713 1.744 1.782 1.826 1.878 1.935 2.000 2.071 2.149 2.234 2.301 2.295 2.285 2.271 2.252 2.229 2.202 2.171 2.135 2.095 2.050 2.001 1.962 1.981 1.999 2.014 2.026 2.036 2.044 2.050 2.053 2.053 2.052 2.129 2.232 2.466 2.684 2.887 3.074
1.458 1.480 1.503 1.527 1.553 1.581 1.610 1.640 1.672 1.707 1.747 1.788 1.831 1.875 1.919 1.965 2.012 2.061 2.110 2.161 2.212 2.243 2.207 2.169 2.129 2.087 2.044 1.999 1.953 1.904 1.854 1.802 1.749 1.710 1.752 1.800 1.854 1.916 1.984 2.058 2.140 2.228 2.322 2.424 2.532 2.631 2.610 2.585 2.555 2.522 2.483 2.441 2.394 2.343 2.287 2.228 2.163 2.099 2.110 2.119 2.131 2.213 2.295 2.377 2.461 2.545 2.630 2.715 2.802 2.889 3.066 3.230 3.379 3.512
1.471 1.498 1.526 1.555 1.586 1.619 1.653 1.688 1.725 1.764 1.808 1.854 1.900 1.948 1.997 2.047 2.098 2.150 2.203 2.258 2.314 2.361 2.318 2.274 2.228 2.181 2.131 2.080 2.028 1.973 1.917 1.860 1.800 1.743 1.808 1.880 1.958 2.043 2.134 2.232 2.337 2.448 2.566 2.691 2.823 2.961 2.929 2.889 2.844 2.795 2.741 2.684 2.621 2.561 2.529 2.515 2.519 2.541 2.618 2.700 2.783 2.867 2.951 3.037 3.122 3.209 3.296 3.384 3.473 3.562 3.681 3.790 3.884 3.963
1.482 1.514 1.547 1.582 1.618 1.656 1.695 1.735 1.777 1.820 1.869 1.918 1.969 2.020 2.073 2.127 2.182 2.238 2.296 2.354 2.414 2.474 2.431 2.381 2.329 2.276 2.220 2.163 2.105 2.044 1.982 1.919 1.853 1.786 1.858 1.953 2.054 2.162 2.277 2.399 2.527 2.662 2.803 2.952 3.106 3.268 3.231 3.137 3.061 3.003 2.963 2.940 2.936 2.948 2.979 3.027 3.093 3.177 3.264 3.348 3.434 3.520 3.607 3.694 3.782 3.871 3.961 4.051 4.142 4.234 4.309 4.364 4.404 4.428
1.491 1.528 1.567 1.607 1.648 1.691 1.735 1.780 1.827 1.876 1.928 1.981 2.036 2.091 2.148 2.206 2.265 2.325 2.386 2.449 2.512 2.577 2.546 2.490 2.432 2.372 2.311 2.248 2.183 2.117 2.049 1.979 1.908 1.835 1.900 2.019 2.144 2.275 2.414 2.549 2.674 2.790 2.897 2.997 3.089 3.173 3.164 3.133 3.120 3.124 3.146 3.185 3.243 3.318 3.411 3.521 3.649 3.795 3.908 3.995 4.082 4.171 4.260 4.350 4.440 4.532 4.624 4.716 4.810 4.904 4.951 4.952 4.937 4.907
1.499 1.541 1.585 1.630 1.676 1.724 1.773 1.824 1.876 1.930 1.985 2.043 2.101 2.161 2.222 2.283 2.346 2.410 2.476 2.542 2.610 2.678 2.662 2.600 2.536 2.471 2.403 2.334 2.264 2.191 2.117 2.042 1.981 1.930 1.997 2.133 2.261 2.381 2.493 2.596 2.692 2.780 2.859 2.930 2.994 3.049 3.080 3.111 3.160 3.226 3.310 3.412 3.532 3.669 3.824 3.997 4.187 4.395 4.550 4.639 4.730 4.820 4.912 5.004 5.097 5.191 5.285 5.380 5.476 5.572 5.606 5.553 5.484 5.400
1.505 1.553 1.601 1.651 1.703 1.756 1.810 1.866 1.923 1.982 2.042 2.103 2.166 2.229 2.294 2.360 2.427 2.495 2.564 2.634 2.705 2.778 2.780 2.712 2.642 2.575 2.511 2.451 2.394 2.340 2.291 2.244 2.201 2.162 2.194 2.302 2.402 2.493 2.576 2.652 2.719 2.778 2.829 2.872 2.907 2.933 2.979 3.072 3.183 3.311 3.457 3.621 3.803 4.002 4.220 4.454 4.707 4.977 5.191 5.282 5.375 5.468 5.562 5.656 5.752 5.848 5.944 6.042 6.140 6.239 6.275 6.168 6.045 5.906
1.510 1.562 1.616 1.671 1.728 1.786 1.845 1.906 1.968 2.032 2.097 2.162 2.228 2.296 2.365 2.434 2.505 2.580 2.669 2.747 2.815 2.873 2.881 2.819 2.760 2.705 2.654 2.605 2.561 2.520 2.482 2.448 2.417 2.390 2.400 2.479 2.550 2.613 2.668 2.715 2.754 2.784 2.807 2.822 2.828 2.826 2.859 3.015 3.188 3.378 3.587 3.813 4.056 4.318 4.597 4.894 5.208 5.540 5.830 5.924 6.019 6.114 6.210 6.307 6.405 6.503 6.602 6.702 6.803 6.904 6.958 6.797 6.619 6.427
1.513 1.570 1.629 1.689 1.751 1.814 1.879 1.945 2.012 2.081 2.171 2.296 2.411 2.515 2.609 2.692 2.765 2.828 2.880 2.921 2.952 2.973 2.971 2.921 2.875 2.832 2.792 2.757 2.724 2.695 2.670 2.647 2.629 2.614 2.614 2.664 2.707 2.742 2.768 2.787 2.797 2.799 2.793 2.779 2.757 2.727 2.723 2.940 3.175 3.428 3.698 3.986 4.292 4.615 4.956 5.315 5.692 6.086 6.467 6.564 6.661 6.759 6.857 6.957 7.057 7.157 7.259 7.361 7.464 7.567 7.655 7.439 7.208 6.961
1.514 1.577 1.641 1.725 1.835 1.955 2.084 2.222 2.370 2.528 2.687 2.775 2.853 2.920 2.977 3.024 3.060 3.086 3.101 3.106 3.100 3.084 3.057 3.020 2.985 2.955 2.928 2.904 2.883 2.867 2.853 2.843 2.837 2.834 2.835 2.858 2.872 2.878 2.876 2.866 2.848 2.822 2.788 2.745 2.695 2.637 2.570 2.848 3.145 3.459 3.792 4.142 4.510 4.895 5.298 5.719 6.157 6.613 7.086 7.202 7.301 7.402 7.503 7.604 7.707 7.810 7.913 7.925 7.864 7.799 7.729 7.372 7.000 6.639
1.629 1.744 1.869 2.003 2.146 2.299 2.461 2.633 2.815 3.006 3.206 3.264 3.305 3.336 3.356 3.366 3.366 3.355 3.333 3.301 3.259 3.206 3.143 3.114 3.092 3.074 3.059 3.047 3.039 3.034 3.033 3.035 3.041 3.050 3.063 3.059 3.045 3.022 2.992 2.954 2.907 2.853 2.790 2.720 2.641 2.554 2.459 2.738 3.097 3.473 3.868 4.280 4.709 5.157 5.621 6.104 6.604 7.122 7.657 7.838 7.839 7.795 7.745 7.691 7.632 7.569 7.502 7.429 7.352 7.271 7.185 6.895 6.560 6.235
1.795 1.944 2.102 2.269 2.446 2.632 2.828 3.033 3.248 3.473 3.706 3.764 3.769 3.763 3.746 3.719 3.682 3.634 3.576 3.507 3.428 3.339 3.239 3.205 3.196 3.189 3.186 3.187 3.191 3.198 3.209 3.223 3.241 3.263 3.287 3.268 3.225 3.175 3.116 3.050 2.975 2.892 2.801 2.702 2.595 2.480 2.357 2.610 3.031 3.470 3.926 4.400 4.891 5.354 5.797 6.227 6.642 7.044 7.432 7.516 7.460 7.399 7.334 7.264 7.189 7.110 7.027 6.938 6.846 6.748 6.646 6.409 6.110 5.822
1.951 2.132 2.324 2.525 2.735 2.955 3.184 3.423 3.671 3.928 4.196 4.275 4.242 4.200 4.146 4.083 4.009 3.924 3.830 3.724 3.609 3.483 3.346 3.293 3.295 3.301 3.310 3.322 3.339 3.358 3.381 3.408 3.438 3.471 3.508 3.485 3.414 3.335 3.248 3.153 3.050 2.939 2.820 2.693 2.558 2.414 2.309 2.548 3.025 3.489 3.939 4.376 4.798 5.207 5.602 5.984 6.351 6.705 7.046 7.158 7.085 7.009 6.927 6.842 6.751 6.656 6.557 6.452 6.344 6.230 6.113 5.914 5.652 5.400
2.095 2.310 2.535 2.769 3.013 3.266 3.529 3.801 4.082 4.373 4.674 4.796 4.727 4.647 4.557 4.457 4.346 4.225 4.094 3.952 3.800 3.637 3.464 3.376 3.390 3.408 3.430 3.454 3.483 3.514 3.550 3.588 3.630 3.676 3.725 3.710 3.611 3.504 3.383 3.236 3.101 2.978 2.867 2.768 2.680 2.605 2.541 2.702 3.131 3.547 3.949 4.338 4.712 5.073 5.421 5.754 6.074 6.381 6.673 6.804 6.716 6.623 6.526 6.424 6.318 6.207 6.092 5.972 5.847 5.718 5.584 5.410 5.184 4.968
2.229 2.478 2.736 3.003 3.280 3.567 3.863 4.168 4.483 4.807 5.141 5.327 5.221 5.105 4.979 4.842 4.695 4.537 4.369 4.191 4.002 3.803 3.593 3.456 3.482 3.512 3.546 3.583 3.623 3.667 3.714 3.747 3.738 3.727 3.714 3.657 3.516 3.387 3.270 3.165 3.072 2.990 2.921 2.863 2.818 2.784 2.762 2.869 3.250 3.618 3.973 4.313 4.640 4.953 5.253 5.539 5.811 6.069 6.314 6.455 6.351 6.243 6.130 6.012 5.890 5.763 5.632 5.496 5.355 5.210 5.061 4.896 4.707 4.528
2.352 2.634 2.925 3.226 3.537 3.856 4.186 4.524 4.873 5.230 5.597 5.869 5.727 5.574 5.411 5.237 5.054 4.859 4.655 4.440 4.214 3.979 3.733 3.532 3.552 3.550 3.547 3.541 3.533 3.524 3.512 3.498 3.482 3.464 3.443 3.407 3.308 3.220 3.145 3.081 3.030 2.990 2.962 2.947 2.943 2.950 2.970 3.049 3.383 3.703 4.010 4.302 4.582 4.847 5.099 5.337 5.561 5.772 5.969 6.112 5.992 5.867 5.738 5.605 5.467 5.324 5.177 5.025 4.869 4.708 4.542 4.374 4.221 4.078
2.464 2.780 3.104 3.439 3.782 4.135 4.498 4.870 5.251 5.642 6.042 6.421 6.242 6.053 5.853 5.643 5.423 5.127 4.801 4.487 4.186 3.896 3.618 3.363 3.356 3.347 3.336 3.324 3.309 3.292 3.272 3.251 3.228 3.202 3.175 3.145 3.087 3.042 3.008 2.986 2.976 2.978 2.992 3.018 3.055 3.105 3.166 3.243 3.529 3.801 4.060 4.305 4.536 4.754 4.958 5.149 5.325 5.488 5.638 5.773 5.637 5.497 5.352 5.202 5.048 4.890 4.727 4.559 4.387 4.210 4.029 3.843 3.726 3.619
2.566 2.915 3.273 3.640 4.017 4.403 4.799 5.204 5.619 6.043 6.348 6.613 6.318 5.974 5.643 5.324 5.016 4.720 4.437 4.165 3.906 3.658 3.422 3.199 3.163 3.147 3.129 3.109 3.086 3.062 3.036 3.007 2.977 2.944 2.909 2.872 2.855 2.851 2.859 2.879 2.910 2.954 3.010 3.077 3.156 3.247 3.350 3.465 3.688 3.913 4.124 4.321 4.505 4.675 4.831 4.974 5.103 5.218 5.320 5.408 5.287 5.131 4.970 4.805 4.635 4.461 4.282 4.099 3.911 3.718 3.521 3.319 3.222 3.151
2.657 3.039 3.430 3.751 4.060 4.356 4.639 4.910 5.169 5.415 5.649 5.871 5.690 5.388 5.099 4.821 4.556 4.302 4.061 3.831 3.613 3.408 3.214 3.032 2.972 2.949 2.923 2.896 2.866 2.835 2.801 2.766 2.728 2.688 2.646 2.602 2.611 2.648 2.698 2.759 2.833 2.918 3.015 3.124 3.245 3.378 3.522 3.679 3.861 4.038 4.201 4.351 4.487 4.609 4.718 4.813 4.894 4.962 5.016 5.056 4.942 4.770 4.594 4.413 4.227 4.037 3.842 3.669 3.538 3.409 3.284 3.160 3.149 3.187
2.502 2.804 3.094 3.371 3.636 3.888 4.128 4.356 4.572 4.775 4.965 5.143 5.049 4.790 4.542 4.307 4.083 3.872 3.672 3.485 3.309 3.145 2.993 2.853 2.784 2.753 2.720 2.686 2.649 2.610 2.569 2.526 2.481 2.434 2.385 2.334 2.355 2.434 2.525 2.628 2.743 2.870 3.008 3.159 3.321 3.496 3.682 3.880 4.047 4.176 4.291 4.393 4.482 4.557 4.618 4.665 4.699 4.719 4.726 4.719 4.624 4.483 4.346 4.211 4.078 3.949 3.821 3.697 3.575 3.455 3.338 3.224 3.211 3.273
2.266 2.524 2.771 3.004 3.226 3.435 3.632 3.816 3.988 4.148 4.295 4.430 4.397 4.180 3.974 3.781 3.599 3.429 3.272 3.126 2.992 2.870 2.761 2.663 2.598 2.560 2.520 2.478 2.434 2.388 2.340 2.290 2.238 2.183 2.127 2.069 2.087 2.208 2.340 2.485 2.641 2.810 2.990 3.182 3.386 3.602 3.829 4.069 4.246 4.327 4.395 4.450 4.490 4.498 4.498 4.507 4.523 4.548 4.580 4.621 4.586 4.455 4.326 4.200 4.076 3.956 3.837 3.722 3.609 3.498 3.390 3.285 3.266 3.353
2.043 2.259 2.462 2.652 2.830 2.996 3.150 3.291 3.419 3.536 3.640 3.731 3.733 3.557 3.394 3.242 3.103 2.975 2.859 2.755 2.663 2.583 2.515 2.459 2.414 2.369 2.322 2.273 2.222 2.169 2.113 2.056 1.996 1.935 1.871 1.806 1.807 1.970 2.144 2.330 2.528 2.738 2.959 3.193 3.438 3.696 3.910 4.099 4.219 4.207 4.203 4.207 4.220 4.240 4.269 4.305 4.350 4.403 4.464 4.533 4.545 4.423 4.304 4.187 4.072 3.960 3.851 3.744 3.640 3.539 3.440 3.344 3.315 3.426
1.835 2.007 2.166 2.314 2.449 2.571 2.681 2.779 2.865 2.938 2.998 3.047 3.057 2.923 2.802 2.692 2.594 2.509 2.435 2.373 2.323 2.284 2.258 2.244 2.233 2.181 2.127 2.070 2.012 1.951 1.889 1.824 1.758 1.689 1.618 1.545 1.516 1.720 1.935 2.161 2.380 2.591 2.793 2.987 3.173 3.351 3.521 3.682 3.811 3.828 3.852 3.885 3.926 3.974 4.031 4.097 4.170 4.251 4.341 4.438 4.503 4.389 4.279 4.171 4.065 3.963 3.862 3.765 3.670 3.577 3.487 3.400 3.357 3.492
1.645 1.769 1.885 1.989 2.081 2.160 2.227 2.282 2.324 2.354 2.371 2.376 2.369 2.277 2.198 2.130 2.074 2.030 1.998 1.978 1.969 1.973 1.989 2.016 2.054 1.995 1.933 1.870 1.804 1.737 1.667 1.596 1.550 1.504 1.456 1.406 1.361 1.576 1.783 1.981 2.171 2.353 2.527 2.693 2.851 3.000 3.141 3.274 3.396 3.441 3.494 3.555 3.624 3.701 3.786 3.880 3.982 4.091 4.209 4.335 4.457 4.353 4.252 4.153 4.056 3.962 3.871 3.782 3.696 3.613 3.532 3.454 3.392 3.552
1.522 1.545 1.618 1.679 1.727 1.763 1.787 1.798 1.797 1.784 1.758 1.720 1.670 1.620 1.582 1.556 1.542 1.539 1.549 1.571 1.604 1.650 1.707 1.776 1.862 1.842 1.801 1.758 1.714 1.668 1.620 1.571 1.521 1.469 1.416 1.361 1.304 1.461 1.639 1.809 1.971 2.124 2.270 2.407 2.536 2.657 2.770 2.874 2.971 3.046 3.128 3.217 3.314 3.420 3.534 3.656 3.786 3.924 4.070 4.224 4.386 4.314 4.222 4.132 4.044 3.960 3.877 3.798 3.721 3.646 3.574 3.505 3.438 3.604
1.404 1.335 1.365 1.382 1.388 1.380 1.361 1.329 1.285 1.228 1.160 1.078 0.985 0.950 0.954 0.970 0.997 1.070 1.214 1.348 1.471 1.584 1.687 1.780 1.862 1.851 1.804 1.756 1.706 1.655 1.603 1.548 1.493 1.436 1.377 1.317 1.255 1.355 1.504 1.646 1.779 1.904 2.021 2.130 2.230 2.323 2.407 2.483 2.551 2.644 2.754 2.872 2.997 3.131 3.274 3.424 3.582 3.748 3.923 4.105 4.296 4.273 4.190 4.109 4.030 3.954 3.881 3.810 3.742 3.677 3.614 3.553 3.496 3.651
1.291 1.139 1.125 1.100 1.062 1.011 0.949 0.874 0.787 0.687 0.653 0.690 0.709 0.798 0.947 1.086 1.215 1.333 1.441 1.539 1.626 1.703 1.770 1.827 1.873 1.861 1.809 1.756 1.701 1.644 1.587 1.527 1.466 1.404 1.340 1.275 1.208 1.256 1.378 1.491 1.596 1.692 1.781 1.861 1.933 1.997 2.053 2.101 2.141 2.235 2.373 2.519 2.673 2.835 3.006 3.184 3.371 3.565 3.768 3.979 4.198 4.230 4.155 4.083 4.014 3.947 3.883 3.821 3.762 3.705 3.651 3.600 3.551 3.690
1.183 0.956 0.900 0.948 1.050 1.133 1.198 1.244 1.273 1.283 1.274 1.248 1.203 1.215 1.328 1.431 1.524 1.606 1.678 1.740 1.791 1.833 1.864 1.884 1.895 1.873 1.815 1.757 1.697 1.635 1.572 1.508 1.442 1.374 1.305 1.235 1.163 1.167 1.260 1.344 1.421 1.489 1.549 1.601 1.645 1.680 1.708 1.727 1.738 1.817 1.984 2.158 2.341 2.531 2.730 2.937 3.152 3.375 3.606 3.845 4.092 4.184 4.118 4.055 3.995 3.937 3.881 3.829 3.782 3.747 3.723 3.708 3.703 3.821
2.081 1.909 1.982 2.038 2.075 2.094 2.095 2.077 2.041 1.987 1.915 1.824 1.715 1.642 1.719 1.786 1.843 1.889 1.926 1.951 1.967 1.973 1.968 1.953 1.927 1.886 1.823 1.760 1.694 1.627 1.559 1.489 1.418 1.346 1.271 1.196 1.119 1.086 1.150 1.206 1.254 1.294 1.326 1.349 1.365 1.372 1.371 1.362 1.345 1.393 1.587 1.790 2.001 2.220 2.447 2.682 2.925 3.176 3.435 3.703 3.978 4.127 4.059 4.000 3.951 3.912 3.882 3.862 3.852 3.852 3.861 3.880 3.909 3.995
3.514 3.145 3.155 3.146 3.119 3.074 3.010 2.929 2.829 2.711 2.574 2.420 2.247 2.080 2.121 2.152 2.173 2.183 2.184 2.174 2.154 2.123 2.083 2.032 1.971 1.900 1.833 1.764 1.693 1.621 1.548 1.473 1.397 1.319 1.239 1.158 1.076 1.013 1.049 1.076 1.096 1.108 1.111 1.106 1.093 1.072 1.043 1.006 0.960 0.961 1.183 1.414 1.654 1.901 2.245 2.621 2.954 3.245 3.494 3.700 3.864 3.952 3.917 3.892 3.877 3.871 3.876 3.889 3.913 3.946 3.989 4.042 4.105 4.184
4.991 4.446 4.345 4.273 4.182 4.072 3.945 3.799 3.635 3.453 3.253 3.034 2.797 2.542 2.533 2.528 2.513 2.488 2.453 2.407 2.351 2.285 2.208 2.121 2.024 1.917 1.844 1.770 1.694 1.617 1.538 1.458 1.376 1.293 1.209 1.123 1.035 0.948 0.956 0.955 0.947 0.930 0.905 0.872 0.830 0.781 0.723 0.830 1.035 1.279 1.719 2.117 2.472 2.785 3.055 3.283 3.469 3.613 3.714 3.773 3.789 3.767 3.766 3.775 3.793 3.822 3.860 3.907 3.965 4.032 4.109 4.195 4.291 4.389
