DATA/SHG/ECMWF/20170628/EN-41/20170711.en-41.asc
ncols        190
nrows        64
xllcorner    -5100000.000000000000
yllcorner    4130000.000000000000
cellsize     10000.000000000000
NODATA_value  -99999.000
[rows 0 to 32 of 64, columns 0 to 73 of 190]
1.262 1.284 1.304 1.324 1.342 1.360 1.377 1.392 1.407 1.547 1.731 1.919 2.111 2.306 2.506 2.710 2.918 3.129 3.345 3.523 3.680 3.652 3.550 3.457 3.376 3.304 3.243 3.192 3.152 3.122 3.102 3.093 3.093 3.088 3.071 3.053 3.033 3.011 2.987 2.962 2.935 2.906 2.875 2.842 2.808 2.765 2.721 2.685 2.655 2.632 2.615 2.605 2.603 2.607 2.617 2.635 2.659 2.626 2.513 2.394 2.268 2.136 1.997 1.852 1.700 1.542 1.378 1.206 1.029 0.937 0.993 1.048 1.102 1.155
1.273 1.291 1.308 1.324 1.339 1.353 1.366 1.379 1.390 1.513 1.711 1.913 2.109 2.297 2.476 2.646 2.807 2.959 3.103 3.238 3.364 3.380 3.314 3.258 3.213 3.178 3.153 3.139 3.135 3.141 3.158 3.185 3.222 3.236 3.214 3.189 3.163 3.134 3.104 3.073 3.039 3.004 2.966 2.927 2.887 2.851 2.832 2.819 2.812 2.813 2.820 2.835 2.856 2.883 2.918 2.959 3.007 3.002 2.866 2.724 2.575 2.420 2.259 2.091 1.916 1.735 1.548 1.354 1.153 1.012 1.064 1.116 1.168 1.218
1.284 1.299 1.312 1.325 1.338 1.359 1.380 1.403 1.428 1.528 1.711 1.886 2.051 2.208 2.355 2.495 2.625 2.746 2.859 2.963 3.058 3.097 3.068 3.049 3.040 3.041 3.053 3.075 3.107 3.150 3.203 3.267 3.340 3.387 3.358 3.327 3.294 3.259 3.223 3.185 3.145 3.103 3.060 3.014 2.967 2.931 2.935 2.946 2.963 2.988 3.019 3.057 3.102 3.153 3.211 3.277 3.348 3.383 3.225 3.060 2.889 2.711 2.526 2.335 2.138 1.934 1.724 1.507 1.284 1.099 1.155 1.211 1.267 1.321
1.307 1.327 1.348 1.370 1.394 1.419 1.446 1.474 1.503 1.573 1.725 1.868 2.002 2.128 2.245 2.353 2.452 2.543 2.624 2.697 2.761 2.804 2.811 2.828 2.856 2.894 2.942 3.000 3.069 3.148 3.238 3.337 3.447 3.539 3.504 3.466 3.427 3.386 3.343 3.299 3.253 3.204 3.154 3.103 3.049 3.003 3.031 3.066 3.107 3.155 3.210 3.272 3.340 3.416 3.498 3.587 3.682 3.771 3.590 3.402 3.204 2.959 2.720 2.488 2.261 2.041 1.828 1.620 1.419 1.224 1.274 1.327 1.381 1.433
1.341 1.366 1.392 1.419 1.448 1.478 1.509 1.542 1.577 1.627 1.748 1.860 1.963 2.058 2.144 2.221 2.289 2.349 2.399 2.441 2.475 2.501 2.544 2.598 2.662 2.736 2.820 2.915 3.020 3.136 3.261 3.397 3.543 3.693 3.651 3.607 3.562 3.515 3.465 3.415 3.362 3.307 3.251 3.193 3.133 3.071 3.120 3.179 3.244 3.316 3.395 3.480 3.572 3.660 3.711 3.758 3.801 3.840 3.623 3.387 3.158 2.935 2.718 2.507 2.303 2.104 1.912 1.727 1.547 1.374 1.393 1.444 1.495 1.545
1.374 1.403 1.434 1.466 1.500 1.535 1.572 1.609 1.649 1.690 1.780 1.861 1.933 1.997 2.052 2.098 2.136 2.164 2.184 2.195 2.198 2.191 2.267 2.357 2.457 2.567 2.688 2.819 2.961 3.112 3.274 3.446 3.629 3.822 3.800 3.750 3.698 3.645 3.589 3.532 3.473 3.412 3.349 3.285 3.219 3.151 3.199 3.265 3.327 3.384 3.437 3.486 3.531 3.572 3.608 3.641 3.669 3.693 3.527 3.313 3.106 2.905 2.709 2.521 2.338 2.161 1.991 1.827 1.669 1.518 1.512 1.561 1.610 1.658
1.405 1.439 1.475 1.512 1.551 1.591 1.632 1.675 1.719 1.765 1.821 1.872 1.913 1.946 1.970 1.985 1.992 1.990 1.979 1.959 1.930 1.893 1.979 2.105 2.241 2.388 2.545 2.713 2.890 3.078 3.276 3.485 3.704 3.933 3.951 3.895 3.836 3.776 3.715 3.650 3.583 3.513 3.440 3.365 3.286 3.206 3.218 3.269 3.316 3.359 3.398 3.432 3.462 3.488 3.510 3.527 3.541 3.550 3.426 3.234 3.048 2.869 2.695 2.528 2.367 2.212 2.064 1.922 1.785 1.656 1.631 1.678 1.725 1.771
1.434 1.473 1.514 1.556 1.600 1.645 1.691 1.739 1.788 1.838 1.872 1.892 1.902 1.904 1.898 1.882 1.858 1.825 1.783 1.732 1.673 1.605 1.680 1.843 2.016 2.199 2.392 2.596 2.809 3.034 3.268 3.513 3.780 4.043 4.106 4.042 3.976 3.907 3.836 3.762 3.685 3.606 3.523 3.439 3.351 3.261 3.242 3.278 3.310 3.338 3.362 3.382 3.397 3.408 3.415 3.418 3.417 3.411 3.319 3.149 2.985 2.827 2.675 2.530 2.390 2.257 2.131 2.010 1.896 1.787 1.751 1.796 1.841 1.884
1.462 1.506 1.552 1.599 1.647 1.697 1.748 1.801 1.855 1.910 1.933 1.921 1.901 1.872 1.835 1.788 1.733 1.669 1.596 1.515 1.425 1.326 1.371 1.570 1.779 2.091 2.397 2.690 2.971 3.239 3.495 3.739 3.969 4.188 4.267 4.194 4.119 4.041 3.960 3.876 3.790 3.701 3.609 3.515 3.418 3.319 3.269 3.291 3.309 3.322 3.331 3.336 3.336 3.333 3.325 3.313 3.297 3.277 3.206 3.058 2.915 2.779 2.649 2.525 2.408 2.297 2.191 2.092 2.000 1.913 1.872 1.914 1.957 1.998
1.488 1.537 1.588 1.640 1.693 1.748 1.804 1.861 1.920 1.981 2.002 1.960 1.909 1.849 1.781 1.704 1.618 1.539 1.562 1.584 1.603 1.619 1.740 2.040 2.326 2.601 2.863 3.112 3.349 3.573 3.785 3.984 4.171 4.345 4.431 4.349 4.264 4.176 4.086 3.993 3.897 3.799 3.698 3.595 3.488 3.379 3.301 3.308 3.311 3.309 3.304 3.294 3.280 3.262 3.239 3.213 3.182 3.147 3.087 2.961 2.840 2.725 2.617 2.515 2.419 2.330 2.246 2.169 2.098 2.033 1.992 2.033 2.073 2.112
1.513 1.567 1.622 1.679 1.737 1.797 1.858 1.920 1.984 2.049 2.114 2.146 2.175 2.203 2.227 2.250 2.270 2.287 2.303 2.315 2.326 2.334 2.395 2.650 2.893 3.124 3.341 3.547 3.739 3.920 4.087 4.242 4.385 4.515 4.598 4.506 4.411 4.314 4.215 4.112 4.007 3.900 3.789 3.676 3.561 3.442 3.337 3.329 3.317 3.301 3.281 3.256 3.228 3.195 3.158 3.117 3.071 3.022 2.963 2.858 2.759 2.666 2.579 2.499 2.425 2.357 2.295 2.239 2.190 2.147 2.113 2.152 2.190 2.227
1.536 1.595 1.655 1.801 2.011 2.205 2.383 2.544 2.690 2.819 2.924 2.947 2.968 2.987 3.003 3.017 3.028 3.037 3.044 3.048 3.050 3.050 3.062 3.273 3.472 3.658 3.832 3.993 4.142 4.278 4.402 4.513 4.612 4.698 4.766 4.665 4.562 4.455 4.346 4.234 4.120 4.003 3.883 3.761 3.636 3.508 3.378 3.355 3.328 3.297 3.262 3.223 3.180 3.132 3.080 3.025 2.964 2.900 2.832 2.749 2.672 2.601 2.536 2.477 2.424 2.378 2.338 2.307 2.288 2.279 2.280 2.315 2.348 2.376
2.446 2.647 2.833 3.002 3.155 3.292 3.412 3.517 3.605 3.678 3.734 3.750 3.762 3.772 3.780 3.786 3.788 3.789 3.787 3.783 3.776 3.768 3.756 3.909 4.063 4.206 4.335 4.452 4.557 4.649 4.729 4.796 4.851 4.893 4.923 4.827 4.714 4.598 4.480 4.359 4.235 4.109 3.980 3.848 3.713 3.576 3.437 3.384 3.343 3.297 3.248 3.194 3.136 3.074 3.007 2.937 2.862 2.783 2.700 2.634 2.573 2.518 2.473 2.438 2.414 2.400 2.396 2.402 2.418 2.445 2.481 2.506 2.522 2.533
3.834 3.978 4.106 4.218 4.314 4.394 4.458 4.505 4.537 4.552 4.551 4.554 4.558 4.560 4.559 4.556 4.550 4.542 4.532 4.519 4.504 4.487 4.467 4.556 4.667 4.765 4.851 4.924 4.985 5.033 5.069 5.092 5.103 5.101 5.087 4.992 4.869 4.744 4.616 4.486 4.353 4.217 4.079 3.937 3.794 3.647 3.498 3.418 3.362 3.302 3.237 3.169 3.096 2.993 2.887 2.784 2.684 2.587 2.493 2.438 2.408 2.389 2.380 2.381 2.392 2.414 2.445 2.487 2.539 2.601 2.673 2.702 2.700 2.694
5.238 5.325 5.396 5.451 5.490 5.513 5.519 5.510 5.484 5.443 5.385 5.360 5.355 5.348 5.339 5.327 5.313 5.296 5.278 5.256 5.233 5.207 5.179 5.216 5.282 5.337 5.378 5.408 5.425 5.429 5.421 5.400 5.367 5.322 5.264 5.159 5.027 4.893 4.755 4.615 4.473 4.328 4.180 4.030 3.877 3.721 3.507 3.349 3.235 3.125 3.017 2.913 2.811 2.713 2.617 2.525 2.436 2.349 2.266 2.229 2.235 2.251 2.277 2.314 2.361 2.418 2.485 2.562 2.650 2.747 2.855 2.902 2.883 2.859
6.657 6.687 6.701 6.699 6.681 6.647 6.597 6.531 6.448 6.350 6.235 6.166 6.153 6.138 6.120 6.100 6.077 6.052 6.025 5.995 5.963 5.929 5.892 5.888 5.910 5.921 5.918 5.904 5.877 5.837 5.785 5.721 5.644 5.555 5.453 5.329 5.187 5.043 4.889 4.689 4.485 4.276 4.064 3.849 3.629 3.405 3.178 3.002 2.899 2.800 2.703 2.609 2.518 2.430 2.346 2.264 2.185 2.109 2.037 2.010 2.051 2.103 2.165 2.237 2.320 2.412 2.515 2.628 2.751 2.884 3.027 3.107 3.070 3.029
8.092 8.065 8.023 7.964 7.889 7.798 7.691 7.567 7.428 7.273 7.101 6.975 6.953 6.929 6.903 6.874 6.843 6.810 6.774 6.736 6.695 6.652 6.607 6.571 6.550 6.517 6.471 6.412 6.341 6.258 6.162 6.034 5.855 5.672 5.484 5.290 5.088 4.882 4.672 4.458 4.240 4.018 3.793 3.564 3.331 3.094 2.853 2.654 2.561 2.472 2.386 2.303 2.223 2.145 2.071 2.000 1.932 1.867 1.805 1.781 1.858 1.946 2.043 2.151 2.269 2.397 2.535 2.683 2.842 3.010 3.189 3.316 3.262 3.203
9.543 9.459 9.360 9.244 9.112 8.964 8.800 8.620 8.424 8.212 7.984 7.784 7.754 7.722 7.687 7.650 7.611 7.569 7.524 7.478 7.429 7.377 7.324 7.267 7.159 6.993 6.824 6.651 6.474 6.292 6.107 5.917 5.723 5.526 5.324 5.117 4.901 4.681 4.458 4.231 4.000 3.765 3.526 3.283 3.037 2.787 2.533 2.303 2.221 2.142 2.067 1.994 1.924 1.858 1.794 1.734 1.676 1.622 1.570 1.543 1.656 1.779 1.912 2.055 2.208 2.372 2.546 2.729 2.923 3.127 3.341 3.529 3.458 3.382
11.009 10.869 10.712 10.540 10.351 10.147 9.926 9.689 9.436 9.167 8.882 8.596 8.557 8.516 8.473 8.427 8.379 8.267 8.116 7.963 7.807 7.648 7.486 7.321 7.146 6.967 6.783 6.595 6.404 6.208 6.008 5.804 5.596 5.384 5.168 4.948 4.718 4.485 4.249 4.008 3.763 3.515 3.263 3.007 2.748 2.484 2.217 1.949 1.878 1.810 1.745 1.683 1.624 1.568 1.515 1.465 1.418 1.374 1.333 1.296 1.444 1.602 1.771 1.949 2.138 2.337 2.546 2.765 2.995 3.234 3.484 3.743 3.658 3.565
12.492 12.294 12.081 11.852 11.606 11.345 11.068 10.774 10.464 10.139 9.727 9.268 9.091 8.945 8.796 8.644 8.490 8.332 8.172 8.008 7.842 7.673 7.501 7.326 7.138 6.944 6.746 6.544 6.338 6.128 5.914 5.696 5.473 5.247 5.017 4.782 4.540 4.294 4.043 3.789 3.532 3.270 3.005 2.735 2.463 2.186 1.905 1.621 1.532 1.475 1.420 1.369 1.321 1.275 1.233 1.193 1.157 1.124 1.093 1.066 1.222 1.416 1.620 1.834 2.058 2.293 2.537 2.792 3.056 3.331 3.616 3.911 3.863 3.752
13.989 13.735 13.465 13.152 12.806 12.427 12.016 11.572 11.096 10.588 10.046 9.473 9.210 9.054 8.895 8.733 8.568 8.400 8.230 8.056 7.880 7.701 7.519 7.334 7.134 6.926 6.714 6.498 6.277 6.053 5.824 5.592 5.355 5.114 4.870 4.621 4.366 4.106 3.842 3.575 3.304 3.029 2.750 2.468 2.182 1.892 1.598 1.300 1.184 1.137 1.093 1.053 1.015 0.980 0.948 0.919 0.893 0.871 0.851 0.834 0.991 1.220 1.460 1.709 1.969 2.239 2.518 2.800 3.066 3.324 3.573 3.813 3.774 3.640
15.494 15.131 14.735 14.307 13.846 13.353 12.828 12.270 11.679 11.056 10.401 9.713 9.331 9.165 8.996 8.824 8.649 8.471 8.291 8.107 7.921 7.732 7.540 7.345 7.135 6.912 6.686 6.455 6.221 5.982 5.739 5.492 5.241 4.986 4.727 4.464 4.196 3.922 3.646 3.365 3.081 2.792 2.500 2.205 1.905 1.602 1.294 0.984 0.834 0.797 0.764 0.734 0.706 0.682 0.661 0.643 0.627 0.615 0.606 0.600 0.773 1.070 1.358 1.637 1.908 2.170 2.424 2.668 2.905 3.132 3.351 3.561 3.582 3.485
17.026 16.548 16.038 15.496 14.921 14.313 13.674 13.002 12.297 11.560 10.790 9.989 9.456 9.279 9.100 8.918 8.733 8.545 8.355 8.161 7.965 7.766 7.564 7.359 7.140 6.903 6.662 6.417 6.168 5.915 5.658 5.397 5.132 4.862 4.589 4.312 4.030 3.743 3.453 3.159 2.862 2.560 2.255 1.946 1.633 1.316 0.996 0.671 0.480 0.455 0.432 0.412 0.396 0.423 0.474 0.524 0.573 0.620 0.667 0.711 0.860 1.126 1.384 1.634 1.874 2.106 2.330 2.545 2.751 2.949 3.137 3.318 3.381 3.320
18.592 18.000 17.375 16.719 16.030 15.308 14.554 13.768 12.949 12.098 11.215 10.299 9.583 9.397 9.208 9.015 8.820 8.623 8.422 8.218 8.012 7.803 7.591 7.376 7.149 6.898 6.643 6.384 6.120 5.853 5.582 5.306 5.027 4.743 4.455 4.164 3.868 3.568 3.265 2.958 2.647 2.332 2.013 1.691 1.365 1.035 0.753 0.493 0.336 0.389 0.441 0.492 0.541 0.589 0.636 0.682 0.726 0.769 0.810 0.850 0.955 1.191 1.419 1.638 1.849 2.051 2.245 2.429 2.606 2.773 2.932 3.083 3.169 3.145
20.191 19.485 18.747 17.976 17.173 16.337 15.469 14.569 13.636 12.671 11.673 10.643 9.714 9.517 9.318 9.116 8.911 8.703 8.492 8.278 8.062 7.843 7.621 7.396 7.163 6.897 6.628 6.354 6.077 5.795 5.509 5.220 4.926 4.628 4.326 4.020 3.710 3.397 3.081 2.793 2.515 2.242 1.975 1.712 1.454 1.202 0.955 0.713 0.526 0.575 0.623 0.669 0.714 0.757 0.799 0.840 0.880 0.918 0.955 0.990 1.058 1.264 1.462 1.651 1.832 2.004 2.168 2.323 2.469 2.607 2.736 2.856 2.948 2.961
21.818 21.004 20.152 19.267 18.350 17.400 16.418 15.404 14.357 13.278 12.167 11.023 9.847 9.640 9.431 9.219 9.004 8.786 8.565 8.341 8.115 7.886 7.654 7.419 7.180 6.901 6.617 6.329 6.037 5.742 5.442 5.138 4.836 4.539 4.247 3.959 3.675 3.400 3.129 2.864 2.604 2.349 2.099 1.854 1.615 1.381 1.152 0.928 0.718 0.762 0.805 0.847 0.887 0.926 0.963 1.000 1.035 1.068 1.101 1.132 1.169 1.345 1.513 1.672 1.823 1.965 2.099 2.224 2.340 2.448 2.547 2.638 2.718 2.767
23.433 22.557 21.591 20.592 19.561 18.497 17.401 16.273 15.113 13.920 12.695 11.437 10.148 9.767 9.547 9.325 9.100 8.872 8.641 8.407 8.171 7.932 7.690 7.445 7.193 6.880 6.567 6.258 5.954 5.655 5.360 5.070 4.784 4.503 4.227 3.955 3.687 3.429 3.176 2.929 2.687 2.450 2.218 1.992 1.770 1.554 1.343 1.137 0.936 0.951 0.989 1.026 1.061 1.096 1.129 1.160 1.191 1.220 1.247 1.274 1.299 1.434 1.572 1.702 1.823 1.935 2.039 2.134 2.220 2.298 2.367 2.428 2.480 2.563
25.132 24.144 23.064 21.951 20.806 19.629 18.419 17.177 15.903 14.596 13.257 11.886 10.483 9.896 9.666 9.434 9.199 8.986 8.807 8.595 8.350 8.072 7.761 7.417 7.040 6.712 6.415 6.122 5.834 5.551 5.272 4.997 4.728 4.462 4.202 3.946 3.694 3.453 3.218 2.989 2.765 2.546 2.332 2.123 1.920 1.721 1.528 1.340 1.157 1.140 1.173 1.206 1.237 1.266 1.295 1.322 1.348 1.372 1.395 1.417 1.438 1.532 1.640 1.739 1.830 1.913 1.986 2.052 2.108 2.156 2.196 2.226 2.249 2.350
26.916 25.764 24.570 23.344 22.085 20.794 19.471 18.115 16.727 15.307 13.898 12.541 11.200 10.526 10.363 10.167 9.938 9.676 9.381 9.054 8.694 8.300 7.874 7.415 6.923 6.539 6.258 5.981 5.709 5.442 5.179 4.920 4.667 4.417 4.173 3.933 3.697 3.472 3.255 3.044 2.838 2.636 2.441 2.250 2.064 1.884 1.709 1.538 1.373 1.330 1.359 1.387 1.413 1.438 1.462 1.485 1.506 1.526 1.544 1.561 1.577 1.637 1.716 1.785 1.846 1.899 1.943 1.978 2.005 2.023 2.032 2.033 2.026 2.127
28.783 27.419 26.111 24.719 23.303 21.905 20.522 19.157 17.808 16.475 15.159 13.859 12.577 11.711 11.433 11.121 10.777 10.400 9.990 9.547 9.072 8.563 8.022 7.448 6.840 6.362 6.097 5.836 5.580 5.328 5.081 4.839 4.601 4.368 4.139 3.915 3.695 3.485 3.287 3.093 2.905 2.722 2.544 2.371 2.203 2.041 1.883 1.731 1.584 1.521 1.546 1.569 1.591 1.611 1.631 1.648 1.665 1.680 1.694 1.707 1.718 1.751 1.799 1.839 1.870 1.893 1.907 1.912 1.928 1.974 2.025 2.082 2.144 2.303
30.059 28.325 26.934 25.559 24.201 22.860 21.535 20.227 18.935 17.660 16.401 15.159 13.933 12.930 12.536 12.110 11.650 11.158 10.633 10.075 9.484 8.861 8.204 7.515 6.793 6.180 5.931 5.686 5.446 5.210 4.979 4.753 4.531 4.313 4.100 3.892 3.689 3.494 3.313 3.137 2.967 2.802 2.642 2.487 2.337 2.193 2.053 1.919 1.790 1.714 1.734 1.752 1.769 1.785 1.800 1.813 1.825 1.836 1.845 1.853 1.860 1.872 1.899 1.931 1.969 2.012 2.060 2.114 2.174 2.239 2.309 2.385 2.466 2.610
31.084 29.032 27.698 26.381 25.081 23.797 22.529 21.278 20.044 18.826 17.624 16.439 15.271 14.183 13.674 13.132 12.558 11.950 11.310 10.637 9.931 9.193 8.421 7.617 6.780 5.994 5.761 5.532 5.308 5.088 4.873 4.662 4.456 4.254 4.057 3.865 3.677 3.497 3.334 3.176 3.024 2.877 2.734 2.597 2.466 2.339 2.217 2.101 1.990 1.907 1.922 1.936 1.949 1.960 2.038 2.134 2.193 2.215 2.201 2.150 2.063 1.980 2.026 2.077 2.134 2.196 2.263 2.336 2.414 2.498 2.587 2.682 2.782 2.918
32.191 29.821 28.444 27.184 25.941 24.714 23.504 22.310 21.133 19.972 18.828 17.701 16.589 15.495 14.846 14.189 13.499 12.777 12.021 11.233 10.413 9.559 8.672 7.753 6.801 5.816 5.586 5.373 5.165 4.961 4.762 4.567 4.377 4.191 4.010 3.833 3.662 3.494 3.350 3.210 3.075 2.946 2.822 2.703 2.589 2.480 2.376 2.443 2.560 2.655 2.807 2.921 2.999 3.040 3.045 3.013 2.945 2.840 2.698 2.519 2.304 2.083 2.148 2.218 2.293 2.374 2.461 2.552 2.649 2.752 2.860 2.973 3.092 3.228
