DATA/SHG/ECMWF/20170628/EN-41/20170702.en-41.asc
ncols        190
nrows        64
xllcorner    -5100000.000000000000
yllcorner    4130000.000000000000
cellsize     10000.000000000000
NODATA_value  -99999.000
[rows 32 to 63 of 64, columns 74 to 147 of 190]
4.180 4.067 3.958 3.854 3.754 3.660 3.570 3.484 3.404 3.328 3.257 3.300 3.916 4.558 5.224 5.916 6.632 7.374 8.142 8.934 9.747 10.574 11.422 12.094 12.099 12.098 12.092 12.081 12.064 12.042 12.015 11.982 11.944 11.900 11.851 11.629 11.084 10.532 9.972 9.403 8.827 8.243 7.650 7.247 7.381 7.486 7.562 8.705 11.097 13.518 15.967 18.444 20.950 23.484 26.047 28.638 31.258 33.906 36.583 39.333 41.930 44.286 46.403 48.279 49.916 51.313 52.470 53.387 54.065 54.502 54.700 55.592 56.744 57.800
3.733 3.636 3.543 3.456 3.373 3.294 3.221 3.152 3.087 3.028 2.973 2.950 3.653 4.382 5.136 5.915 6.720 7.549 8.404 9.284 10.185 11.101 12.037 12.894 12.875 12.851 12.821 12.786 12.745 12.699 12.648 12.591 12.529 12.461 12.583 13.230 13.464 13.669 13.847 13.996 14.116 14.208 14.272 14.307 14.313 14.291 14.241 15.073 17.590 20.136 22.711 25.314 27.945 30.605 33.294 36.010 38.756 41.529 44.332 46.626 48.162 49.459 50.516 51.333 51.911 52.249 52.347 52.206 51.825 51.204 50.343 50.422 51.154 51.791
3.282 3.201 3.125 3.054 2.987 2.925 2.868 2.815 2.767 2.724 2.685 2.651 3.367 4.184 5.025 5.892 6.784 7.701 8.644 9.611 10.600 11.605 12.629 13.674 13.657 13.784 14.573 15.355 16.132 16.901 17.665 18.422 19.173 19.918 20.656 21.325 21.432 21.511 21.562 21.584 21.577 21.542 21.479 21.387 21.267 21.119 20.942 21.401 24.044 26.716 29.416 32.145 34.902 37.687 40.501 43.343 46.214 49.113 52.041 54.153 54.631 54.869 54.867 54.626 54.145 53.425 52.465 51.266 49.827 48.149 46.231 45.353 45.666 45.883
2.827 2.763 2.703 2.648 2.598 2.552 2.511 2.474 2.443 2.416 2.394 2.376 3.058 3.962 4.892 5.846 6.825 8.432 10.872 13.196 15.260 17.083 18.814 20.452 21.346 22.112 22.872 23.626 24.373 25.114 25.849 26.578 27.300 28.016 28.726 29.430 29.422 29.374 29.297 29.193 29.060 28.898 28.708 28.490 28.243 27.968 27.664 27.691 30.460 33.257 36.083 38.937 41.819 44.730 47.670 50.637 53.633 56.658 59.711 61.917 61.336 60.516 59.456 58.157 56.619 54.841 52.824 50.567 48.071 45.335 42.361 40.383 40.277 40.076
2.369 2.320 2.277 2.238 2.204 2.175 2.150 2.130 2.115 2.104 2.883 4.813 7.323 9.940 12.440 14.825 17.094 19.247 21.285 23.206 24.865 26.281 27.605 28.837 29.698 30.436 31.167 31.892 32.611 33.324 34.030 34.730 35.424 36.111 36.792 37.467 37.432 37.257 37.054 36.823 36.563 36.275 35.959 35.614 35.240 34.839 34.409 33.950 36.838 39.760 42.711 45.690 48.698 51.734 54.799 57.892 61.013 64.163 67.341 69.915 68.277 66.399 64.282 61.926 59.331 56.496 53.422 50.109 46.556 42.765 38.734 35.514 34.990 34.370
1.906 1.874 1.847 2.146 2.975 4.114 5.565 7.327 9.401 11.786 14.482 17.490 20.242 22.456 24.554 26.536 28.402 30.153 31.787 33.306 34.561 35.571 36.488 37.314 38.047 38.756 39.459 40.155 40.846 41.530 42.207 42.879 43.544 44.202 44.855 45.501 45.463 45.162 44.833 44.475 44.088 43.674 43.231 42.759 42.259 41.731 41.175 40.590 43.176 46.224 49.301 52.405 55.538 58.700 61.890 65.108 68.355 71.630 74.933 78.149 75.454 72.519 69.346 65.933 62.281 58.390 54.260 49.891 45.283 40.436 35.349 30.745 29.802 28.764
2.044 3.018 4.303 5.899 7.806 10.024 12.553 15.393 18.545 22.008 25.782 29.867 33.250 35.061 36.757 38.336 39.800 41.148 42.381 43.498 44.349 44.952 45.463 45.883 46.393 47.073 47.747 48.415 49.077 49.732 50.381 51.024 51.660 52.291 52.915 53.532 53.516 53.088 52.632 52.147 51.635 51.094 50.524 49.926 49.300 48.646 47.963 47.251 49.477 52.650 55.852 59.082 62.340 65.627 68.942 72.285 75.657 79.057 82.485 85.942 82.866 78.875 74.646 70.177 65.470 60.523 55.338 49.914 44.250 38.348 32.207 26.076 24.715 23.466
2.266 4.318 6.682 9.356 12.341 15.637 19.244 23.162 27.390 31.930 36.781 41.942 46.348 47.756 49.049 50.227 51.288 52.235 53.065 53.780 54.227 54.424 54.530 54.545 54.735 55.387 56.032 56.672 57.305 57.931 58.552 59.166 59.774 60.376 60.971 61.560 61.589 61.035 60.452 59.841 59.202 58.535 57.839 57.115 56.362 55.582 54.772 53.935 55.739 59.038 62.365 65.720 69.103 72.515 75.955 79.423 82.920 86.445 89.999 93.581 90.514 85.468 80.183 74.659 68.696 62.218 55.819 49.498 43.255 37.091 31.005 24.997 23.829 23.006
2.195 5.326 8.767 12.518 16.581 20.954 25.638 30.632 35.938 41.554 47.480 53.718 59.534 60.540 61.431 62.207 62.867 63.411 63.840 64.154 64.197 63.989 63.689 63.298 63.074 63.697 64.314 64.925 65.529 66.127 66.719 67.305 67.884 68.457 69.024 69.585 69.683 69.003 68.294 67.557 66.791 65.998 65.176 64.325 63.447 62.540 61.604 60.641 61.964 65.387 68.839 72.319 75.828 79.364 82.930 86.291 88.766 91.080 93.233 95.225 91.431 84.984 78.615 72.324 66.112 59.978 53.922 47.945 42.046 36.225 30.483 24.819 23.236 22.523
2.138 6.040 10.558 15.387 20.526 25.975 31.735 37.806 44.187 50.879 57.881 65.193 72.809 73.413 73.903 74.277 74.535 74.678 74.706 74.618 74.258 73.644 72.939 72.143 71.409 72.004 72.592 73.174 73.750 74.320 74.883 75.441 75.991 76.536 77.075 77.607 77.798 76.992 76.157 75.293 74.402 73.482 72.534 71.557 70.552 69.519 68.378 66.924 67.382 70.276 73.009 75.580 77.990 80.239 82.327 84.254 86.019 87.623 89.067 90.349 87.397 81.293 75.268 69.321 63.453 57.663 51.951 46.317 40.762 35.285 29.886 24.565 22.619 22.016
2.329 6.462 12.056 17.961 24.176 30.701 37.537 44.683 52.139 59.905 67.982 76.369 85.067 86.376 86.464 86.436 86.294 86.035 85.662 85.173 84.410 83.391 82.281 81.080 79.787 80.308 80.867 81.421 81.968 82.510 83.044 83.573 84.096 84.612 85.122 85.625 85.935 84.846 82.501 80.349 78.392 76.629 75.060 73.685 72.504 71.517 70.724 70.125 70.482 72.666 74.688 76.550 78.250 79.790 81.168 82.385 83.441 84.336 85.070 85.643 83.289 77.529 71.848 66.244 60.719 55.272 49.904 44.614 39.402 34.268 29.212 24.235 21.978 21.485
2.544 6.591 13.261 20.241 27.532 35.132 43.042 51.263 59.794 68.634 77.785 87.246 97.017 99.427 99.114 98.686 98.142 97.483 96.709 95.819 94.653 93.229 91.715 90.109 88.412 88.608 89.139 89.664 90.100 88.960 87.819 86.679 85.539 84.398 83.257 82.117 80.968 79.285 77.795 76.500 75.398 74.490 73.777 73.257 72.931 72.800 72.862 73.118 73.747 75.221 76.534 77.686 78.677 79.507 80.177 80.685 81.032 81.218 81.243 81.107 79.107 73.691 68.353 63.093 57.911 52.808 47.782 42.835 37.966 33.176 28.463 23.829 21.313 20.931
2.784 6.428 14.174 22.229 30.593 39.268 48.253 57.547 67.151 77.066 87.290 97.824 108.667 112.568 111.854 111.025 110.080 109.021 107.846 106.556 102.898 99.182 95.571 92.063 88.659 86.917 85.778 84.638 83.498 82.358 81.218 80.077 78.937 77.796 76.655 75.514 74.373 73.520 72.886 72.446 72.200 72.147 72.288 72.623 73.152 73.875 74.792 75.903 77.177 77.942 78.546 78.989 79.271 79.393 79.353 79.153 78.791 78.269 77.586 76.742 74.852 69.779 64.784 59.867 55.028 50.268 45.586 40.982 36.456 32.008 27.638 23.347 20.625 20.352
3.047 5.974 14.793 23.922 33.361 43.110 53.168 63.535 74.213 85.200 96.496 108.103 120.019 122.498 118.095 113.824 109.685 105.676 101.798 98.052 94.560 91.303 88.150 85.101 82.155 80.324 79.184 78.045 76.904 75.764 74.624 73.484 72.343 71.202 70.061 68.920 67.779 67.553 67.774 68.188 68.797 69.599 70.594 71.784 73.167 74.744 76.515 78.479 80.637 80.829 80.724 80.459 80.032 79.445 78.697 77.789 76.719 75.489 74.098 72.546 70.523 65.793 61.141 56.567 52.071 47.654 43.314 39.053 34.870 30.765 26.738 22.789 19.913 19.750
3.335 5.228 15.121 25.324 35.836 46.657 56.308 65.622 74.621 83.306 91.675 99.730 107.470 110.875 106.927 103.110 99.424 95.869 92.445 89.152 86.116 83.318 80.623 78.031 75.544 73.739 72.600 71.460 70.319 69.179 68.039 66.898 65.757 64.617 63.476 62.335 61.193 61.383 62.458 63.727 65.189 66.845 68.695 70.738 72.975 75.405 78.030 80.847 83.859 83.881 83.068 82.094 80.960 79.665 78.209 76.593 74.816 72.878 70.779 68.520 66.100 61.733 57.424 53.193 49.040 44.965 40.968 37.049 33.209 29.446 25.761 22.155 19.177 19.123
3.878 4.478 14.281 23.769 32.942 41.801 50.345 58.575 66.490 74.091 81.376 88.348 95.004 99.147 95.653 92.290 89.057 85.956 82.985 80.146 77.566 75.225 72.988 70.854 68.825 67.163 66.023 64.883 63.743 62.602 61.462 60.321 59.180 58.039 56.898 55.757 54.616 55.010 56.939 59.062 61.378 63.887 66.590 69.487 72.577 75.860 79.337 83.008 86.872 87.098 85.578 83.896 82.054 80.052 77.889 75.565 73.080 70.435 67.630 64.663 61.536 57.600 53.633 49.745 45.934 42.202 38.547 34.971 31.472 28.052 24.709 21.445 18.417 18.473
4.984 4.234 12.952 21.355 29.444 37.219 44.679 51.825 58.657 65.174 71.376 77.265 82.838 87.315 84.274 81.364 78.585 75.937 73.420 71.033 68.909 67.025 65.246 63.570 61.998 60.595 59.455 58.314 57.174 56.034 54.893 53.752 52.611 51.470 50.329 49.188 48.046 48.435 51.218 54.193 57.362 60.725 64.281 68.030 71.973 76.109 80.438 84.961 89.677 90.481 88.253 85.864 83.315 80.605 77.735 74.704 71.513 68.161 64.649 60.976 57.143 53.392 49.768 46.222 42.754 39.364 36.051 32.817 29.720 26.804 23.911 21.041 18.194 18.305
6.063 5.381 11.916 19.236 26.241 32.932 39.309 45.372 51.120 56.555 61.675 66.481 70.972 75.150 72.791 70.334 68.008 65.813 63.748 61.815 60.145 58.719 57.397 56.178 55.063 54.034 52.894 51.754 50.614 49.473 48.332 47.191 46.050 44.909 43.768 42.626 41.485 41.658 45.293 49.122 53.143 57.358 61.766 66.368 71.163 76.151 81.332 86.707 92.275 94.029 91.093 87.998 84.742 81.325 77.749 74.011 70.114 66.055 61.837 57.512 53.367 49.979 47.002 44.048 41.117 38.209 35.325 32.463 29.624 26.808 24.015 21.245 18.497 18.439
7.115 6.528 11.174 17.410 23.332 28.941 34.235 39.215 43.881 48.233 52.272 55.996 59.406 62.502 61.203 59.199 57.326 55.583 53.971 52.490 51.275 50.306 49.441 48.680 48.022 47.467 46.342 45.202 44.061 42.920 41.780 40.639 39.498 38.356 37.215 36.073 34.932 34.679 39.166 43.847 48.720 53.787 59.047 64.501 70.147 75.987 82.019 88.245 94.664 97.741 94.018 89.606 85.252 80.956 76.718 72.537 68.415 64.349 60.342 56.393 52.501 49.159 46.282 43.429 40.598 37.790 35.006 32.244 29.505 26.789 24.096 21.426 18.778 18.530
8.140 7.647 10.724 15.878 20.717 25.243 29.456 33.354 36.939 40.209 43.166 45.810 48.139 50.155 49.511 47.959 46.538 45.247 44.088 43.059 42.299 41.787 41.378 41.073 40.872 40.774 39.798 38.658 37.517 36.376 35.235 34.094 32.953 31.811 30.670 29.528 28.386 27.497 32.836 38.369 44.094 50.022 56.366 62.574 68.646 74.583 80.384 86.049 91.579 94.782 90.566 86.407 82.307 78.263 74.278 70.350 66.480 62.668 58.913 55.216 51.577 48.318 45.541 42.788 40.057 37.349 34.664 32.003 29.364 26.748 24.154 21.584 19.037 18.578
9.138 8.740 10.567 14.638 18.396 21.841 24.972 27.789 30.292 32.482 34.359 35.922 37.171 38.106 37.713 36.614 35.645 34.807 34.099 33.522 33.216 33.161 33.209 33.360 33.615 33.974 33.262 32.121 30.981 29.840 28.699 27.557 26.416 26.267 26.185 26.106 26.032 25.963 31.729 37.885 43.906 49.790 55.540 61.153 66.631 71.973 77.180 82.251 87.187 91.022 87.059 83.153 79.305 75.515 71.782 68.107 64.489 60.930 57.428 53.983 50.597 47.455 44.778 42.125 39.494 36.886 34.301 31.739 29.200 26.684 24.191 21.721 19.273 18.582
10.110 9.806 10.701 13.692 16.369 18.732 20.782 22.519 23.942 25.052 25.849 26.332 26.501 26.358 25.811 25.164 24.647 24.260 24.004 23.879 24.027 24.428 24.932 25.540 27.188 29.021 29.703 29.608 29.517 29.431 29.349 29.273 29.200 29.133 29.069 29.011 28.957 28.907 33.425 38.987 44.413 49.703 54.858 59.877 64.761 69.509 74.122 78.599 82.941 87.147 83.496 79.843 76.248 72.710 69.230 65.807 62.442 59.135 55.885 52.694 49.559 46.570 43.993 41.440 38.909 36.401 33.916 31.454 29.015 26.598 24.205 21.835 19.487 18.544
11.054 10.845 11.128 13.038 14.634 15.917 16.887 17.544 17.888 17.918 17.635 17.039 16.130 14.907 13.805 13.609 14.695 16.427 18.200 20.015 21.849 23.695 25.575 27.487 29.432 31.409 32.421 32.346 32.275 32.209 32.147 32.090 32.037 31.989 31.946 31.907 31.873 31.843 35.265 40.232 45.064 49.760 54.321 58.747 63.037 67.191 71.210 75.094 78.842 82.454 79.878 76.477 73.134 69.849 66.621 63.451 60.339 57.284 54.287 51.347 48.465 45.663 43.186 40.733 38.302 35.894 33.509 31.146 28.807 26.491 24.197 21.926 19.679 18.461
11.972 11.857 11.846 12.676 13.193 13.396 13.287 12.864 12.129 11.759 11.685 11.653 11.663 11.715 12.123 13.915 15.748 17.623 19.539 21.497 23.475 25.466 27.490 29.546 31.635 33.757 35.132 35.076 35.025 34.979 34.937 34.899 34.866 34.838 34.814 34.795 34.781 34.771 37.247 41.621 45.859 49.961 53.929 57.761 61.457 65.018 68.444 71.734 74.889 77.909 76.204 73.056 69.965 66.932 63.957 61.039 58.179 55.376 52.631 49.943 47.313 44.741 42.358 40.004 37.673 35.365 33.079 30.817 28.577 26.360 24.167 21.996 19.848 18.336
12.863 12.842 12.659 12.434 12.253 12.114 12.017 11.962 11.949 11.978 12.049 12.162 12.317 12.514 12.852 14.787 16.763 18.781 20.840 22.940 25.061 27.197 29.365 31.566 33.800 36.066 37.834 37.799 37.767 37.740 37.718 37.700 37.687 37.679 37.674 37.675 37.680 37.690 39.373 43.153 46.797 50.307 53.681 56.919 60.023 62.991 65.823 68.521 71.083 73.510 72.475 69.579 66.740 63.960 61.236 58.571 55.962 53.412 50.919 48.483 46.105 43.785 41.508 39.253 37.022 34.813 32.628 30.465 28.325 26.208 24.114 22.043 19.994 18.167
12.456 12.168 11.866 11.746 11.710 11.716 11.764 11.853 11.985 12.159 12.375 12.632 12.932 13.274 13.657 15.619 17.739 19.899 22.101 24.344 26.609 28.888 31.201 33.546 35.924 38.335 40.529 40.512 40.501 40.494 40.491 40.493 40.500 40.511 40.526 40.547 40.571 40.601 41.641 44.828 47.879 50.796 53.577 56.223 58.733 61.108 63.349 65.453 67.423 69.257 68.690 66.046 63.460 60.931 58.460 56.046 53.690 51.391 49.150 46.966 44.840 42.771 40.635 38.481 36.349 34.240 32.154 30.091 28.051 26.034 24.039 22.067 20.119 18.161
11.775 11.438 11.088 11.020 11.128 11.279 11.471 11.706 11.982 12.301 12.661 13.063 13.508 13.994 14.522 16.413 18.675 20.978 23.323 25.708 28.117 30.541 32.998 35.487 38.009 40.564 43.152 43.218 43.226 43.239 43.256 43.278 43.304 43.335 43.370 43.410 43.454 43.503 44.052 46.646 49.105 51.429 53.617 55.670 57.588 59.371 61.019 62.532 63.909 65.151 64.850 62.458 60.124 57.847 55.627 53.465 51.361 49.314 47.325 45.393 43.518 41.701 39.741 37.687 35.593 33.368 31.200 29.089 27.036 25.040 23.100 21.218 19.393 17.626
11.107 10.722 10.323 10.255 10.508 10.803 11.140 11.520 11.941 12.404 12.909 13.456 14.044 14.675 15.348 17.169 19.573 22.019 24.506 27.034 29.586 32.154 34.755 37.388 40.055 42.754 45.485 45.916 45.944 45.976 46.013 46.054 46.100 46.150 46.205 46.265 46.329 46.398 46.606 48.608 50.474 52.205 53.801 55.262 56.588 57.779 58.835 59.755 60.541 61.191 60.955 58.814 56.732 54.707 52.739 50.797 48.708 46.659 44.651 42.683 40.755 38.869 36.874 34.785 32.753 30.778 28.860 26.999 25.196 23.449 21.760 20.128 18.553 17.035
10.454 10.020 9.573 9.451 9.849 10.289 10.771 11.295 11.860 12.468 13.117 13.809 14.542 15.317 16.134 17.885 20.432 23.020 25.650 28.320 31.015 33.728 36.473 39.250 42.061 44.904 47.779 48.606 48.653 48.705 48.761 48.822 48.888 48.958 49.033 49.112 49.196 49.284 49.377 50.712 51.986 53.125 54.130 54.999 55.733 56.332 56.788 56.791 56.761 56.699 56.266 54.151 52.077 50.044 48.051 46.099 44.187 42.315 40.484 38.694 36.944 35.235 33.480 31.641 29.859 28.134 26.466 24.855 23.301 21.804 20.365 18.982 17.657 16.389
9.814 9.333 8.837 8.610 9.153 9.737 10.363 11.031 11.741 12.493 13.287 14.123 15.001 15.920 16.882 18.563 21.252 23.983 26.755 29.568 32.406 35.262 38.151 41.073 44.027 47.014 50.034 51.287 51.354 51.426 51.502 51.583 51.668 51.758 51.852 51.951 52.054 52.162 51.561 51.543 51.632 51.689 51.713 51.704 51.662 51.588 51.481 51.341 51.169 50.964 50.643 48.706 46.810 44.954 43.138 41.364 39.629 37.935 36.282 34.669 33.096 31.564 30.032 28.443 26.910 25.435 24.017 22.656 21.352 20.105 18.915 17.782 16.706 15.687
9.189 8.659 8.115 7.730 8.417 9.146 9.917 10.729 11.584 12.480 13.418 14.399 15.420 16.484 17.590 19.202 22.034 24.907 27.821 30.776 33.757 36.758 39.791 42.856 45.955 49.085 52.249 53.961 54.047 53.445 52.692 51.960 51.251 50.564 49.899 49.256 48.636 48.038 47.461 47.277 47.223 47.137 47.018 46.866 46.682 46.465 46.215 45.933 45.617 45.270 44.889 43.225 41.506 39.828 38.190 36.592 35.035 33.519 32.042 30.607 29.212 27.857 26.531 25.191 23.908 22.683 21.514 20.402 19.348 18.350 17.410 16.526 15.700 14.930
8.578 7.999 7.407 6.812 7.644 8.517 9.432 10.389 11.388 12.428 13.511 14.635 15.801 17.009 18.259 19.802 22.776 25.791 28.848 31.945 34.757 37.341 39.825 42.211 44.498 46.686 48.774 49.827 49.127 48.448 47.792 47.159 46.547 45.957 45.390 44.845 44.322 43.821 43.343 43.050 42.854 42.625 42.363 42.069 41.742 41.382 40.989 40.564 40.106 39.616 39.093 37.709 36.167 34.666 33.205 31.785 30.405 29.066 27.767 26.508 25.290 24.113 22.975 21.885 20.852 19.876 18.957 18.094 17.289 16.541 15.850 15.216 14.639 14.119
