DATA/SHG/ECMWF/20170628/EN-41/20170708.en-41.asc
ncols        190
nrows        64
xllcorner    -5100000.000000000000
yllcorner    4130000.000000000000
cellsize     10000.000000000000
NODATA_value  -99999.000
[rows 32 to 63 of 64, columns 0 to 71 of 190]
7.729 8.477 8.245 7.864 7.429 6.940 6.397 5.800 5.149 4.444 3.685 2.872 2.005 1.084 1.354 1.702 2.060 2.427 2.804 3.191 3.588 3.995 4.412 4.838 5.275 5.721 6.176 6.609 7.018 7.405 7.768 8.109 8.426 8.721 8.992 9.241 9.467 9.677 10.291 10.935 11.609 12.313 13.047 13.812 14.606 15.431 16.285 17.241 18.258 19.312 20.478 21.618 22.730 23.814 24.872 25.902 26.905 27.881 28.830 29.751 30.646 31.335 30.290 29.267 28.265 27.284 26.325 25.387 24.470 23.575 22.701 21.848
9.962 10.837 10.659 10.089 9.465 8.786 8.054 7.268 6.428 5.533 4.585 3.583 2.527 1.417 1.483 1.865 2.257 2.659 3.071 3.492 3.924 4.365 4.816 5.277 5.747 6.228 6.620 6.972 7.301 7.608 7.891 8.151 8.389 8.603 8.795 8.963 9.109 9.231 9.877 10.626 11.486 12.395 13.336 14.306 15.308 16.340 17.402 18.495 19.619 20.773 21.852 22.896 23.914 24.904 25.867 26.802 27.711 28.592 29.446 30.273 31.073 31.846 30.950 30.001 29.073 28.166 27.280 26.416 25.573 24.751 23.951 23.172
12.150 13.154 13.130 12.371 11.557 10.689 9.768 8.793 7.763 6.680 5.543 4.352 3.107 1.808 1.601 2.017 2.444 2.880 3.326 3.782 4.248 4.723 5.209 5.704 6.209 6.724 7.087 7.359 7.608 7.834 8.037 8.218 8.375 8.602 8.813 9.001 9.165 9.307 10.021 10.977 11.962 12.979 14.026 15.103 16.211 17.349 18.518 19.718 20.947 22.208 23.250 24.200 25.123 26.018 26.887 27.728 28.542 29.329 30.089 30.821 31.527 32.205 31.590 30.714 29.859 29.026 28.214 27.424 26.654 25.906 25.180 24.474
14.295 15.427 15.657 14.708 13.706 12.649 11.539 10.374 9.156 7.884 6.558 5.178 3.745 2.257 1.707 2.158 2.619 3.090 3.570 4.061 4.561 5.071 5.591 6.120 6.660 7.214 7.683 7.976 8.246 8.492 8.716 8.915 9.092 9.245 9.375 9.481 9.564 9.624 10.254 11.315 12.408 13.530 14.684 15.867 17.082 18.326 19.602 20.907 22.244 23.610 24.673 25.529 26.357 27.158 27.932 28.679 29.398 30.091 30.756 31.394 32.005 32.589 32.208 31.405 30.625 29.865 29.127 28.410 27.714 27.040 26.387 25.755
16.396 17.656 18.240 17.103 15.911 14.665 13.366 12.013 10.606 9.145 7.630 6.062 4.440 2.764 1.803 2.289 2.784 3.289 3.864 4.703 5.486 6.212 6.882 7.496 8.053 8.554 8.920 9.131 9.320 9.485 9.626 9.745 9.840 9.911 9.960 9.984 9.986 9.964 10.454 11.622 12.821 14.050 15.310 16.600 17.921 19.272 20.653 22.065 23.508 24.980 26.121 26.882 27.616 28.323 29.002 29.655 30.280 30.878 31.449 31.993 32.510 32.999 32.804 32.076 31.369 30.683 30.018 29.375 28.753 28.152 27.572 27.014
18.454 19.842 20.880 19.553 18.172 16.738 15.250 13.708 12.113 10.463 8.760 7.099 5.691 4.354 3.506 4.374 5.185 5.940 6.639 7.281 7.867 8.397 8.870 9.287 9.648 9.952 10.179 10.310 10.416 10.500 10.560 10.597 10.610 10.601 10.568 10.511 10.431 10.328 10.623 11.898 13.203 14.538 15.904 17.300 18.727 20.185 21.672 23.190 24.739 26.318 27.594 28.261 28.900 29.512 30.098 30.656 31.187 31.691 32.167 32.617 33.040 33.435 33.380 32.725 32.092 31.479 30.888 30.318 29.770 29.243 28.736 28.252
20.469 21.984 23.537 22.059 20.434 18.773 17.184 15.667 14.221 12.846 11.544 10.313 9.153 8.066 7.125 7.796 8.410 8.968 9.470 9.916 10.305 10.638 10.915 11.135 11.299 11.407 11.462 11.511 11.536 11.538 11.517 11.472 11.404 11.313 11.199 11.061 10.900 10.716 10.761 12.141 13.553 14.994 16.467 17.969 19.502 21.065 22.659 24.284 25.938 27.623 29.092 29.664 30.209 30.727 31.218 31.682 32.119 32.529 32.911 33.267 33.595 33.896 33.935 33.353 32.793 32.255 31.737 31.241 30.766 30.312 29.776 29.185
21.741 23.068 24.380 23.305 21.822 20.410 19.070 17.802 16.605 15.480 14.427 13.445 12.535 11.696 10.929 11.273 11.691 12.053 12.358 12.607 12.799 12.936 13.016 13.040 13.007 12.919 12.774 12.734 12.678 12.599 12.496 12.371 12.221 12.049 11.853 11.634 11.392 11.126 10.867 12.354 13.871 15.419 16.997 18.606 20.245 21.914 23.614 25.345 27.105 28.896 30.614 31.092 31.543 31.967 32.364 32.733 33.076 33.392 33.680 33.942 34.176 34.383 34.468 33.870 33.241 32.622 32.014 31.416 30.829 30.253 29.687 29.132
22.319 23.590 24.845 24.363 23.130 21.967 20.877 19.857 18.910 18.034 17.229 16.496 15.835 15.245 14.727 14.807 15.028 15.192 15.301 15.354 15.350 15.290 15.173 15.001 14.772 14.488 14.146 13.981 13.843 13.683 13.499 13.292 13.061 12.808 12.531 12.231 11.907 11.560 11.190 12.534 14.158 15.812 17.496 19.211 20.956 22.731 24.537 26.373 28.240 30.137 32.065 32.545 32.902 33.232 33.534 33.810 33.951 34.034 34.094 34.133 34.150 34.145 34.117 33.514 32.921 32.339 31.767 31.206 30.656 30.116 29.587 29.069
22.914 24.128 25.327 25.343 24.358 23.445 22.603 21.833 21.134 20.507 19.951 19.467 19.054 18.713 18.443 18.395 18.420 18.388 18.300 18.157 17.956 17.700 17.388 17.019 16.594 16.113 15.576 15.250 15.031 14.789 14.524 14.236 13.924 13.590 13.231 12.850 12.445 12.018 11.566 12.683 14.413 16.173 17.963 19.784 21.635 23.516 25.428 27.370 29.343 31.272 33.110 33.580 33.696 33.790 33.863 33.913 33.942 33.948 33.933 33.896 33.837 33.756 33.653 33.148 32.592 32.046 31.511 30.987 30.473 29.970 29.478 28.996
23.525 24.683 25.825 26.242 25.507 24.842 24.249 23.728 23.278 22.899 22.592 22.357 22.192 22.100 22.078 22.039 21.868 21.640 21.356 21.016 20.619 20.167 19.658 19.094 18.473 17.796 17.063 16.542 16.242 15.919 15.573 15.203 14.810 14.394 13.955 13.493 13.007 12.498 11.966 12.801 14.636 16.502 18.706 20.850 22.907 24.878 26.762 28.559 30.269 31.892 33.428 33.973 34.013 34.031 34.027 34.002 33.954 33.885 33.794 33.680 33.545 33.388 33.209 32.772 32.252 31.744 31.245 30.758 30.281 29.815 29.359 28.914
24.153 25.255 26.341 27.063 26.576 26.160 25.816 25.543 25.342 25.212 25.153 25.166 25.250 25.405 25.632 25.739 25.371 24.947 24.467 23.931 23.338 22.690 21.986 21.225 20.408 19.535 18.607 17.856 17.475 17.071 16.644 16.193 15.719 15.222 14.706 14.429 14.283 14.270 14.389 15.471 17.574 19.591 21.520 23.363 25.119 26.788 28.370 29.866 31.275 32.597 33.832 34.387 34.351 34.293 34.213 34.112 33.988 33.843 33.675 33.486 33.275 33.042 32.787 32.386 31.904 31.431 30.970 30.519 30.079 29.649 29.230 28.822
24.798 25.844 26.874 27.805 27.566 27.399 27.303 27.279 27.326 27.444 27.634 27.895 28.227 28.631 29.106 29.494 28.930 28.310 27.634 26.902 26.114 25.269 24.369 23.413 22.400 21.332 20.207 19.148 18.404 17.792 17.312 16.965 16.750 16.667 16.716 16.897 17.210 17.656 18.234 19.274 21.075 22.790 24.418 25.960 27.414 28.782 30.064 31.258 32.366 33.387 34.321 34.822 34.710 34.576 34.420 34.243 34.043 33.822 33.579 33.314 33.027 32.718 32.387 31.991 31.545 31.110 30.685 30.271 29.867 29.474 29.091 28.720
25.460 26.449 27.423 28.380 28.477 28.558 28.711 28.935 29.230 29.596 30.034 30.543 31.123 31.775 32.498 33.292 32.544 31.728 30.857 29.929 28.804 27.186 25.579 23.984 22.400 20.827 19.266 17.804 17.520 17.367 17.347 17.459 17.702 18.078 18.587 19.227 19.999 20.903 21.940 23.159 24.660 26.073 27.400 28.640 29.794 30.861 31.841 32.735 33.542 34.262 34.895 35.278 35.090 34.881 34.649 34.395 34.120 33.823 33.504 33.163 32.800 32.415 32.009 31.586 31.177 30.778 30.390 30.012 29.645 29.289 28.943 28.608
26.138 27.072 27.989 28.890 29.309 29.638 30.039 30.511 31.054 31.668 32.354 33.111 33.939 34.776 35.189 35.116 33.684 32.060 30.447 28.846 27.256 25.677 24.110 22.553 21.009 19.475 17.953 16.442 16.499 16.806 17.245 17.815 18.518 19.353 20.319 21.418 22.649 24.012 25.506 27.128 28.327 29.439 30.465 31.405 32.257 33.023 33.703 34.296 34.802 35.222 35.555 35.756 35.492 35.206 34.899 34.569 34.218 33.845 33.450 33.033 32.595 32.134 31.652 31.172 30.799 30.437 30.085 29.744 29.414 29.094 28.785 28.486
26.833 27.710 28.572 29.417 30.062 30.639 32.099 34.223 35.860 37.011 37.677 37.856 37.550 36.757 35.479 33.714 31.969 30.384 28.811 27.249 25.698 24.158 22.630 21.113 19.608 18.113 16.630 15.159 15.343 16.108 17.006 18.035 19.196 20.489 21.914 23.471 25.160 26.981 28.934 31.019 32.077 32.889 33.614 34.252 34.804 35.270 35.649 35.941 36.147 36.266 36.299 36.245 35.915 35.553 35.170 34.765 34.337 33.889 33.418 32.925 32.411 31.874 31.316 30.748 30.412 30.086 29.771 29.467 29.173 28.890 28.617 28.355
30.265 33.396 36.958 40.951 44.123 45.525 46.442 46.872 46.818 46.277 45.251 43.739 41.741 39.257 36.288 32.834 30.245 28.699 27.165 25.642 24.130 22.630 21.141 19.663 18.197 16.742 15.298 13.865 14.050 15.274 16.630 18.118 19.737 21.488 23.371 25.386 27.533 29.812 32.222 34.765 35.910 36.421 36.846 37.184 37.435 37.600 37.679 37.671 37.576 37.395 37.128 36.774 36.359 35.921 35.462 34.981 34.478 33.953 33.407 32.839 32.248 31.637 31.003 30.347 30.015 29.741 29.627 29.507 29.383 29.253 29.119 28.980
43.044 47.673 52.733 58.223 62.361 62.071 61.295 60.034 58.288 56.057 53.340 50.137 46.450 42.277 37.618 32.474 28.511 27.004 25.509 24.025 22.553 21.092 19.642 18.203 16.776 15.360 13.956 12.562 12.622 14.304 16.118 18.063 20.141 22.350 24.691 27.164 29.768 32.504 35.372 38.372 39.826 40.037 40.161 40.199 40.150 40.015 39.793 39.485 39.090 38.609 38.042 37.388 36.824 36.310 35.775 35.219 34.640 34.040 33.416 32.806 32.249 31.746 31.296 30.899 30.722 30.595 30.463 30.326 30.185 30.038 29.887 29.730
55.332 61.458 68.015 75.001 81.107 79.126 76.659 73.708 70.272 66.350 61.944 57.052 51.676 45.814 39.468 32.636 26.767 25.300 23.844 22.399 20.966 19.544 18.133 16.734 15.346 13.969 12.603 11.249 11.058 13.198 15.469 17.873 20.408 23.075 25.873 28.803 31.865 35.058 38.383 41.840 43.825 43.735 43.559 43.297 42.948 42.513 41.991 41.383 40.689 39.908 39.041 38.025 37.020 36.275 35.583 34.944 34.358 33.826 33.347 32.921 32.549 32.229 31.963 31.750 31.597 31.453 31.304 31.150 30.991 30.827 30.658 30.484
67.129 74.751 82.803 91.286 100.198 96.689 92.533 87.893 82.768 77.158 71.063 64.483 57.419 49.870 41.836 33.317 25.014 23.586 22.169 20.764 19.370 17.987 16.615 15.255 13.906 12.568 11.241 9.926 9.358 11.956 14.685 17.546 20.538 23.662 26.918 30.305 33.823 37.474 41.256 45.169 47.906 47.517 47.041 46.478 45.599 44.133 42.729 41.389 40.111 38.897 37.745 36.657 35.794 35.233 34.726 34.271 33.870 33.521 33.226 32.984 32.796 32.660 32.578 32.549 32.475 32.314 32.148 31.976 31.800 31.619 31.433 31.242
78.435 87.552 97.100 107.076 117.483 114.761 108.917 102.588 95.775 88.478 80.696 72.429 63.678 54.443 44.723 34.518 23.830 21.863 20.485 19.119 17.763 16.420 15.087 13.766 12.456 11.157 9.870 8.594 7.523 10.578 13.764 17.082 20.532 24.113 27.825 31.669 35.644 39.468 42.737 45.901 48.266 46.765 45.328 43.954 42.643 41.395 40.209 39.087 38.028 37.032 36.099 35.228 34.518 34.141 33.817 33.547 33.329 33.165 33.054 32.996 32.991 33.040 33.141 33.296 33.358 33.179 32.996 32.807 32.614 32.415 32.212 32.003
89.252 99.863 110.904 122.375 134.274 133.342 125.810 117.794 109.294 100.310 90.842 80.890 70.453 59.532 48.128 36.239 23.865 20.130 18.791 17.464 16.148 14.843 13.549 12.267 10.996 9.737 8.488 7.251 6.025 9.065 12.726 16.374 19.915 23.350 26.678 29.899 33.015 36.023 38.926 41.721 44.376 43.094 41.876 40.720 39.627 38.597 37.630 36.726 35.885 35.107 34.392 33.739 33.190 32.998 32.858 32.771 32.738 32.757 32.830 32.956 33.135 33.367 33.652 33.991 34.244 34.048 33.847 33.642 33.431 33.215 32.994 32.769
99.579 111.684 124.217 137.180 150.573 152.430 143.212 133.510 123.325 112.655 101.502 89.865 77.744 65.139 52.050 38.477 24.421 18.387 17.088 15.799 14.522 13.256 12.002 11.084 10.385 9.556 8.596 7.507 6.287 8.581 11.967 15.247 18.421 21.487 24.448 27.302 30.050 32.691 35.226 37.654 39.976 39.365 38.364 37.426 36.551 35.740 34.991 34.305 33.682 33.122 32.624 32.190 31.819 31.803 31.847 31.945 32.095 32.298 32.555 32.864 33.227 33.643 34.112 34.634 35.134 34.921 34.703 34.480 34.252 34.019 33.781 33.538
109.418 123.014 137.040 151.495 166.379 172.025 161.122 149.736 137.865 125.512 112.674 99.354 85.549 71.261 56.489 41.234 25.993 18.346 17.975 17.475 16.844 16.083 15.193 14.172 13.021 11.740 10.329 8.789 7.118 8.300 11.319 14.231 17.037 19.736 22.329 24.816 27.197 29.471 31.638 33.700 35.655 35.576 34.793 34.073 33.417 32.823 32.292 31.824 31.419 31.076 30.797 30.580 30.427 30.558 30.786 31.067 31.401 31.788 32.228 32.721 33.267 33.867 34.519 35.224 35.983 35.798 35.562 35.322 35.077 34.826 34.571 34.311
118.768 133.856 149.373 165.318 181.692 192.128 179.541 166.470 152.916 136.869 120.297 104.299 88.873 74.021 59.742 46.037 32.905 24.276 23.454 22.501 21.419 20.207 18.865 17.393 15.791 14.059 12.197 10.205 8.083 8.129 10.780 13.325 15.763 18.096 20.322 22.441 24.455 26.362 28.163 29.857 31.445 31.728 31.163 30.661 30.223 29.847 29.533 29.283 29.096 28.971 28.909 28.910 28.974 29.262 29.673 30.138 30.655 31.226 31.850 32.526 33.256 34.039 34.874 35.763 36.705 36.678 36.425 36.168 35.905 35.638 35.365 35.088
127.631 144.209 158.152 170.906 183.255 193.359 176.480 160.174 144.440 129.280 114.693 100.679 87.237 74.368 62.073 50.350 39.200 30.338 29.064 27.660 26.126 24.463 22.670 20.746 18.693 16.510 14.198 11.755 9.183 8.068 10.351 12.529 14.601 16.566 18.425 20.178 21.824 23.365 24.799 26.127 27.348 27.821 27.474 27.190 26.969 26.811 26.715 26.683 26.713 26.806 26.962 27.180 27.462 27.915 28.510 29.158 29.859 30.613 31.420 32.280 33.193 34.159 35.178 36.250 37.375 37.562 37.292 37.017 36.738 36.288 35.828 35.418
118.127 130.294 142.057 153.417 164.374 174.927 162.333 148.011 134.262 121.085 108.481 96.449 84.990 74.104 63.790 54.049 44.880 36.531 34.806 32.951 30.966 28.852 26.607 24.233 21.730 19.096 16.333 13.440 10.417 8.116 10.033 11.844 13.548 15.147 16.639 18.025 19.305 20.479 21.546 22.508 23.363 23.855 23.726 23.660 23.657 23.716 23.838 24.023 24.270 24.581 24.954 25.390 25.888 26.517 27.296 28.127 29.012 29.949 30.939 31.982 33.079 34.228 35.212 36.136 37.052 37.178 36.689 36.252 35.865 35.530 35.246 35.013
105.275 116.049 126.420 136.387 145.952 155.114 147.583 135.244 123.478 112.283 101.661 91.611 82.134 73.228 64.895 57.134 49.945 43.329 40.679 38.373 35.938 33.373 30.678 27.853 24.899 21.815 18.601 15.258 11.785 8.274 9.824 11.268 12.606 13.838 14.964 15.983 16.897 17.704 18.406 19.001 19.490 19.831 19.919 20.071 20.285 20.561 20.901 21.303 21.768 22.296 22.886 23.539 24.255 25.069 26.031 26.993 27.942 28.884 29.819 30.748 31.669 32.583 33.491 34.391 35.285 35.666 35.354 35.093 34.883 34.725 34.617 34.561
92.880 102.261 111.240 119.817 127.990 135.761 132.232 121.874 112.089 102.876 94.235 86.165 78.668 71.742 65.388 59.606 54.396 49.758 46.684 43.927 41.041 38.026 34.881 31.606 28.202 24.668 21.004 17.211 13.288 9.235 9.725 10.802 11.774 12.640 13.399 14.052 14.600 15.041 15.377 15.606 15.729 15.748 16.054 16.422 16.854 17.348 17.904 18.524 19.387 20.261 21.114 21.947 22.759 23.573 24.513 25.445 26.371 27.290 28.201 29.106 30.004 30.895 31.779 32.656 33.525 34.108 33.972 33.887 33.854 33.872 33.940 34.060
80.939 88.930 96.518 103.704 110.487 116.868 116.278 107.902 100.097 92.863 86.202 80.111 74.593 69.646 65.270 61.466 58.233 55.573 52.820 49.613 46.277 42.811 39.216 35.491 31.637 27.653 23.540 19.297 14.924 10.422 9.735 10.447 11.052 11.551 11.945 12.232 12.414 12.489 12.459 12.322 12.080 12.185 13.020 13.947 14.853 15.739 16.604 17.448 18.272 19.075 19.858 20.619 21.360 22.081 22.997 23.906 24.808 25.703 26.592 27.473 28.347 29.214 30.075 30.928 31.775 32.501 32.542 32.634 32.777 32.971 33.216 33.512
69.454 76.055 82.253 88.049 93.442 98.434 99.724 93.327 87.501 82.246 77.563 73.450 69.909 66.940 64.541 62.714 61.458 60.773 59.087 55.431 51.645 47.729 43.684 39.510 35.206 30.772 26.209 21.517 16.695 11.743 9.855 10.201 10.440 10.573 10.682 10.799 10.924 11.058 11.200 11.350 11.509 11.676 12.352 13.208 14.043 14.858 15.652 16.426 17.178 17.911 18.622 19.313 19.984 20.633 21.489 22.375 23.254 24.125 24.990 25.848 26.699 27.543 28.379 29.209 30.032 30.848 31.065 31.333 31.652 32.023 32.444 32.916
58.424 63.635 68.444 72.851 76.855 80.458 82.569 78.150 74.302 71.025 68.318 66.183 64.618 63.625 63.202 63.350 64.069 65.360 65.486 61.379 57.144 52.779 48.284 43.660 38.907 34.024 28.988 23.311 17.787 12.414 9.463 9.576 9.697 9.826 9.964 10.110 10.264 10.426 10.597 10.776 10.963 11.159 11.705 12.490 13.255 13.999 14.722 15.425 16.107 16.768 17.409 18.029 18.628 19.207 19.990 20.853 21.708 22.556 23.397 24.231 25.059 25.879 26.693 27.499 28.299 29.091 29.541 29.985 30.481 31.027 31.624 32.272
