DATA/SHG/ECMWF/20170628/EN-41/20170706.en-41.asc
ncols        190
nrows        64
xllcorner    -5100000.000000000000
yllcorner    4130000.000000000000
cellsize     10000.000000000000
NODATA_value  -99999.000
[rows 0 to 32 of 64, columns 73 to 145 of 190]
4.214 4.337 4.473 4.621 4.781 4.954 5.139 5.337 5.391 5.140 4.927 4.729 4.545 4.378 4.225 4.087 3.964 3.856 3.763 3.686 3.633 3.583 3.497 3.392 3.270 3.131 2.973 2.798 2.606 2.396 2.168 1.923 1.817 2.221 2.631 3.050 3.475 3.908 4.349 4.797 5.252 5.715 6.186 6.663 6.998 6.863 6.716 6.557 6.386 6.204 6.010 5.804 5.586 5.357 5.116 4.863 4.667 4.667 4.665 4.662 4.657 4.650 4.642 4.633 4.622 4.609 4.595 4.579 4.698 5.195 5.689 6.181 6.670
4.056 4.223 4.475 4.751 5.028 5.305 5.584 5.864 6.062 5.886 5.726 5.580 5.449 5.334 5.233 5.148 5.078 5.022 4.982 4.957 4.937 4.809 4.643 4.459 4.258 4.040 3.803 3.549 3.278 2.989 2.682 2.358 2.105 2.542 2.986 3.438 3.897 4.363 4.837 5.318 5.807 6.303 6.807 7.318 7.747 7.559 7.360 7.148 6.925 6.690 6.443 6.185 5.915 5.633 5.339 5.033 4.760 4.753 4.744 4.734 4.722 4.709 4.694 4.678 4.660 4.640 4.619 4.597 4.650 5.136 5.620 6.101 6.580
4.515 4.792 5.070 5.349 5.629 5.911 6.193 6.477 6.741 6.618 6.510 6.417 6.338 6.275 6.227 6.194 6.176 6.173 6.185 6.212 6.254 6.052 5.807 5.545 5.265 4.967 4.652 4.319 3.969 3.601 3.215 2.812 2.391 2.854 3.332 3.817 4.309 4.809 5.316 5.830 6.353 6.882 7.419 7.963 8.508 8.268 8.015 7.751 7.475 7.188 6.888 6.577 6.255 5.920 5.574 5.216 4.855 4.841 4.825 4.808 4.790 4.769 4.748 4.724 4.699 4.673 4.645 4.615 4.616 5.120 5.628 6.141 6.657
5.100 5.381 5.663 5.946 6.229 6.514 6.800 7.087 7.376 7.335 7.279 7.238 7.212 7.202 7.206 7.225 7.259 7.309 7.373 7.452 7.547 7.314 6.990 6.649 6.290 5.913 5.519 5.107 4.678 4.231 3.767 3.285 2.785 3.158 3.669 4.187 4.713 5.246 5.786 6.334 6.889 7.452 8.022 8.600 9.184 8.987 8.682 8.366 8.037 7.697 7.345 6.982 6.606 6.219 5.821 5.410 4.988 4.931 4.908 4.916 4.945 4.964 4.974 4.973 4.962 4.941 4.911 4.870 4.819 5.302 5.830 6.362 6.899
5.684 5.968 6.254 6.540 6.828 7.116 7.406 7.697 7.988 8.037 8.033 8.045 8.071 8.113 8.169 8.241 8.327 8.429 8.546 8.677 8.824 8.594 8.191 7.771 7.333 6.877 6.404 5.914 5.406 4.880 4.337 3.776 3.198 3.453 3.997 4.549 5.107 5.674 6.247 6.828 7.417 8.013 8.616 9.227 9.845 9.718 9.361 8.992 8.611 8.218 7.800 7.383 6.987 6.611 6.255 5.919 5.603 5.552 5.557 5.551 5.536 5.511 5.475 5.430 5.374 5.309 5.233 5.148 5.052 5.479 6.027 6.579 7.136
6.265 6.553 6.842 7.133 7.424 7.716 8.009 8.304 8.599 8.724 8.773 8.837 8.915 9.009 9.118 9.242 9.380 9.534 9.703 9.887 10.085 9.892 9.410 8.911 8.394 7.860 7.308 6.739 6.152 5.548 4.926 4.287 3.630 3.739 4.317 4.901 5.493 6.093 6.700 7.314 7.936 8.536 9.091 9.612 10.101 9.970 9.543 9.136 8.748 8.381 8.034 7.708 7.401 7.115 6.848 6.602 6.376 6.287 6.247 6.197 6.136 6.066 5.986 5.896 5.796 5.686 5.565 5.435 5.295 5.652 6.219 6.791 7.368
6.845 7.137 7.429 7.723 8.018 8.314 8.611 8.909 9.208 9.396 9.497 9.613 9.745 9.891 10.052 10.227 10.418 10.624 10.845 11.081 11.332 11.208 10.647 10.070 9.474 8.861 8.231 7.583 6.917 6.234 5.534 4.816 4.154 4.210 4.883 5.523 6.130 6.703 7.242 7.749 8.221 8.661 9.067 9.439 9.778 9.735 9.397 9.079 8.782 8.505 8.247 8.010 7.793 7.597 7.420 7.264 7.127 7.031 6.946 6.851 6.746 6.631 6.507 6.372 6.227 6.072 5.907 5.733 5.548 5.819 6.407 6.999 7.595
7.423 7.718 8.014 8.312 8.610 8.910 9.210 9.512 9.815 10.054 10.207 10.376 10.559 10.757 10.970 11.198 11.441 11.699 11.972 12.260 12.563 12.542 11.903 11.136 10.357 9.619 8.922 8.267 7.653 7.080 6.548 6.058 5.609 5.564 6.088 6.578 7.036 7.460 7.850 8.207 8.531 8.822 9.079 9.302 9.492 9.478 9.230 9.002 8.794 8.606 8.439 8.292 8.164 8.057 7.970 7.903 7.856 7.784 7.654 7.515 7.366 7.206 7.037 6.857 6.668 6.468 6.259 6.040 5.810 5.982 6.589 7.201 7.817
7.999 8.298 8.598 8.899 9.201 9.504 9.808 10.113 10.420 10.697 10.902 11.123 11.358 11.608 11.874 12.106 12.155 12.202 12.246 12.287 12.326 12.203 11.525 10.889 10.294 9.740 9.227 8.756 8.325 7.936 7.589 7.282 7.017 6.952 7.327 7.669 7.977 8.252 8.493 8.702 8.876 9.018 9.126 9.201 9.242 9.200 9.041 8.903 8.785 8.687 8.609 8.551 8.514 8.496 8.498 8.521 8.564 8.546 8.372 8.188 7.994 7.790 7.576 7.352 7.118 6.874 6.620 6.356 6.082 6.140 6.767 7.399 8.034
8.572 8.875 9.179 9.483 9.789 10.096 10.404 10.713 10.965 11.086 11.142 11.195 11.246 11.294 11.340 11.383 11.423 11.461 11.497 11.529 11.559 11.541 11.048 10.596 10.184 9.814 9.486 9.198 8.951 8.746 8.582 8.459 8.377 8.375 8.601 8.793 8.953 9.079 9.172 9.231 9.257 9.250 9.209 9.135 9.028 8.901 8.832 8.783 8.755 8.746 8.758 8.790 8.841 8.913 9.005 9.117 9.249 9.318 9.099 8.871 8.632 8.384 8.125 7.856 7.578 7.289 6.991 6.682 6.364 6.294 6.940 7.592 8.247
9.145 9.375 9.510 9.644 9.776 9.907 10.038 10.167 10.294 10.420 10.467 10.512 10.554 10.593 10.630 10.664 10.695 10.724 10.751 10.774 10.795 10.826 10.525 10.257 10.029 9.843 9.698 9.594 9.531 9.509 9.528 9.589 9.691 9.832 9.909 9.953 9.964 9.941 9.885 9.796 9.673 9.517 9.328 9.106 8.850 8.581 8.602 8.643 8.704 8.785 8.886 9.007 9.148 9.309 9.490 9.692 9.913 10.099 9.836 9.563 9.280 8.986 8.683 8.370 8.047 7.714 7.371 7.018 6.655 6.442 7.109 7.780 8.455
8.601 8.734 8.864 8.994 9.123 9.250 9.376 9.501 9.625 9.748 9.796 9.832 9.865 9.895 9.923 9.948 9.971 9.991 10.008 10.023 10.035 10.057 9.957 9.872 9.828 9.825 9.863 9.943 10.063 10.225 10.428 10.672 10.957 11.283 11.252 11.148 11.010 10.838 10.634 10.396 10.125 9.820 9.483 9.112 8.707 8.270 8.351 8.481 8.631 8.801 8.992 9.202 9.433 9.683 9.954 10.245 10.555 10.886 10.582 10.264 9.936 9.599 9.251 8.893 8.526 8.148 7.761 7.364 6.938 6.544 7.190 7.831 8.468
7.966 8.094 8.221 8.347 8.471 8.595 8.717 8.838 8.958 9.077 9.128 9.155 9.179 9.200 9.219 9.235 9.249 9.260 9.269 9.275 9.278 9.291 9.343 9.441 9.581 9.761 9.983 10.246 10.550 10.895 11.281 11.708 12.176 12.685 12.630 12.377 12.090 11.770 11.417 11.031 10.611 10.159 9.673 9.153 8.601 8.015 8.078 8.298 8.538 8.797 9.077 9.377 9.696 10.036 10.396 10.776 11.176 11.596 11.337 10.906 10.407 9.920 9.447 8.986 8.539 8.104 7.682 7.274 6.878 6.495 7.053 7.673 8.290
7.332 7.456 7.579 7.701 7.822 7.942 8.060 8.177 8.293 8.408 8.463 8.481 8.496 8.509 8.519 8.526 8.531 8.533 8.533 8.530 8.524 8.528 8.683 8.965 9.288 9.652 10.057 10.503 10.990 11.518 12.087 12.697 13.348 14.040 14.042 13.641 13.206 12.737 12.236 11.701 11.134 10.532 9.898 9.231 8.530 7.796 7.785 8.094 8.423 8.772 9.107 9.406 9.699 9.985 10.265 10.539 10.806 11.067 10.770 10.315 9.874 9.445 9.029 8.626 8.236 7.859 7.495 7.144 6.806 6.481 6.920 7.521 8.116
6.700 6.821 6.940 7.058 7.175 7.290 7.405 7.518 7.630 7.741 7.802 7.811 7.817 7.821 7.822 7.821 7.816 7.810 7.801 7.789 7.774 7.769 7.978 8.443 8.949 9.496 10.084 10.713 11.383 12.094 12.846 13.639 14.473 15.348 15.489 14.939 14.356 13.739 13.090 12.407 11.691 10.874 10.001 9.151 8.326 7.525 7.384 7.681 7.971 8.255 8.532 8.803 9.068 9.326 9.578 9.824 10.063 10.296 10.109 9.712 9.328 8.957 8.598 8.253 7.921 7.601 7.295 7.001 6.721 6.453 6.793 7.372 7.948
6.070 6.187 6.302 6.416 6.529 6.641 6.751 6.861 6.969 7.076 7.144 7.144 7.141 7.136 7.128 7.118 7.105 7.089 7.071 7.051 7.027 7.013 7.228 7.876 8.565 9.295 10.066 10.877 11.730 12.624 13.559 14.535 15.392 16.102 16.117 15.182 14.272 13.385 12.523 11.684 10.869 10.079 9.312 8.569 7.850 7.155 6.930 7.198 7.460 7.716 7.965 8.208 8.444 8.675 8.898 9.116 9.327 9.531 9.436 9.097 8.770 8.456 8.155 7.868 7.593 7.331 7.082 6.846 6.623 6.413 6.670 7.229 7.784
5.443 5.555 5.666 5.777 5.886 5.993 6.100 6.206 6.310 6.413 6.489 6.480 6.469 6.455 6.438 6.419 6.397 6.373 6.346 6.316 6.284 6.261 6.432 7.252 8.055 8.839 9.601 10.344 11.066 11.768 12.449 13.110 13.750 14.370 14.551 13.723 12.919 12.139 11.383 10.651 9.943 9.259 8.598 7.962 7.350 6.761 6.483 6.723 6.957 7.184 7.405 7.620 7.828 8.030 8.226 8.415 8.598 8.775 8.751 8.469 8.199 7.943 7.700 7.470 7.252 7.048 6.856 6.678 6.512 6.360 6.551 7.090 7.624
4.817 4.925 5.033 5.139 5.244 5.348 5.451 5.552 5.653 5.752 5.838 5.820 5.800 5.777 5.751 5.730 5.788 5.821 5.828 5.810 5.767 5.706 5.715 6.448 7.162 7.854 8.527 9.179 9.810 10.422 11.013 11.583 12.133 12.663 12.962 12.241 11.543 10.870 10.220 9.594 8.992 8.415 7.861 7.331 6.824 6.342 6.043 6.255 6.461 6.660 6.853 7.040 7.220 7.394 7.561 7.722 7.877 8.026 8.053 7.828 7.617 7.418 7.232 7.059 6.899 6.752 6.618 6.497 6.389 6.294 6.438 6.956 7.470
4.192 4.297 4.401 4.503 4.604 4.704 4.803 4.901 5.021 5.268 5.531 5.631 5.702 5.748 5.768 5.763 5.733 5.677 5.596 5.490 5.359 5.209 5.046 5.669 6.292 6.894 7.476 8.038 8.579 9.100 9.601 10.081 10.541 10.980 11.349 10.734 10.143 9.575 9.032 8.513 8.017 7.546 7.098 6.674 6.274 5.898 5.611 5.795 5.972 6.143 6.308 6.467 6.619 6.765 6.904 7.037 7.164 7.284 7.343 7.176 7.021 6.880 6.752 6.636 6.534 6.444 6.367 6.304 6.253 6.215 6.329 6.827 7.320
3.570 3.692 3.878 4.082 4.302 4.540 4.794 5.066 5.355 5.660 5.983 6.039 6.022 5.979 5.912 5.819 5.700 5.557 5.388 5.194 4.974 4.736 4.483 4.913 5.446 5.958 6.449 6.921 7.372 7.803 8.213 8.603 8.972 9.322 9.651 9.203 8.718 8.257 7.820 7.407 7.018 6.653 6.311 5.994 5.700 5.430 5.185 5.341 5.491 5.634 5.771 5.901 6.025 6.143 6.254 6.359 6.458 6.550 6.620 6.510 6.414 6.330 6.259 6.201 6.155 6.123 6.104 6.097 6.104 6.123 6.224 6.702 7.175
3.363 3.592 3.838 4.101 4.381 4.678 4.992 5.323 5.672 6.037 6.419 6.470 6.364 6.234 6.078 5.897 5.691 5.459 5.202 4.920 4.613 4.286 3.945 4.181 4.624 5.045 5.447 5.828 6.189 6.529 6.849 7.149 7.429 7.688 7.927 7.648 7.270 6.915 6.584 6.277 5.994 5.735 5.500 5.288 5.101 4.937 4.797 4.895 5.017 5.132 5.240 5.343 5.439 5.528 5.612 5.689 5.759 5.824 5.882 5.833 5.794 5.767 5.753 5.753 5.765 5.790 5.828 5.879 5.942 6.105 6.420 7.052 7.655
3.188 3.477 3.782 4.104 4.444 4.800 5.174 5.565 5.972 6.397 6.839 6.923 6.730 6.511 6.267 5.998 5.704 5.384 5.040 4.670 4.274 3.860 3.429 3.473 3.825 4.157 4.468 4.759 5.030 5.280 5.510 5.720 5.909 6.078 6.227 6.070 5.797 5.549 5.324 5.123 4.946 4.793 4.664 4.558 4.477 4.419 4.385 4.456 4.550 4.637 4.717 4.792 4.860 4.921 4.977 5.026 5.068 5.104 5.134 5.143 5.224 5.418 5.635 5.874 6.137 6.423 6.732 7.065 7.420 7.798 8.200 8.692 9.160
2.997 3.345 3.710 4.092 4.491 4.907 5.340 5.790 6.257 6.741 7.242 7.399 7.117 6.811 6.479 6.122 5.740 5.333 4.900 4.442 3.959 3.456 2.937 2.789 3.051 3.292 3.514 3.714 3.895 4.055 4.195 4.315 4.414 4.493 4.552 4.467 4.301 4.158 4.040 3.945 3.874 3.827 3.803 3.804 3.828 3.876 3.948 4.025 4.090 4.149 4.202 4.279 4.410 4.553 4.709 4.877 5.058 5.251 5.457 5.699 5.972 6.268 6.587 6.929 7.294 7.682 8.094 8.528 8.986 9.466 9.970 10.359 10.692
2.790 3.198 3.622 4.063 4.522 4.997 5.489 5.999 6.525 7.068 7.629 7.897 7.528 7.134 6.714 6.269 5.799 5.304 4.784 4.238 3.667 3.076 2.468 2.128 2.300 2.452 2.583 2.694 2.784 2.854 2.904 2.934 2.943 2.932 2.901 2.841 2.780 2.744 2.731 2.742 2.777 2.836 2.961 3.155 3.338 3.511 3.673 3.813 3.950 4.098 4.260 4.433 4.620 4.818 5.029 5.252 5.488 5.736 5.996 6.320 6.695 7.093 7.514 7.958 8.426 8.916 9.430 9.966 10.526 11.109 11.715 12.054 12.253
2.568 3.034 3.518 4.019 4.536 5.071 5.623 6.191 6.777 7.380 7.999 8.418 7.961 7.479 6.971 6.439 5.881 5.298 4.690 4.057 3.399 2.719 2.023 1.491 1.573 1.635 1.676 1.697 1.697 1.678 1.638 1.577 1.497 1.482 1.597 1.745 1.966 2.176 2.375 2.564 2.743 2.911 3.069 3.216 3.353 3.480 3.596 3.735 3.926 4.130 4.346 4.575 4.816 5.069 5.335 5.613 5.904 6.207 6.522 6.916 7.393 7.893 8.417 8.963 9.533 10.125 10.741 11.380 12.041 12.726 13.434 13.777 13.842
2.329 2.855 3.398 3.958 4.535 5.129 5.740 6.368 7.013 7.675 8.354 8.961 8.416 7.847 7.251 6.631 5.986 5.315 4.620 3.899 3.153 2.385 1.600 0.878 0.929 1.063 1.193 1.319 1.441 1.558 1.671 1.779 1.883 1.983 2.079 2.188 2.362 2.526 2.679 2.822 2.954 3.076 3.188 3.289 3.379 3.460 3.530 3.643 3.889 4.148 4.420 4.703 4.999 5.307 5.628 5.961 6.307 6.665 7.035 7.487 8.066 8.669 9.295 9.943 10.615 11.309 12.027 12.768 13.531 14.318 15.128 15.527 15.458
2.075 2.660 3.263 3.882 4.518 5.171 5.842 6.529 7.233 7.954 8.692 9.447 8.894 8.237 7.554 6.846 6.112 5.371 4.661 3.981 3.332 2.704 2.092 1.504 1.607 1.722 1.833 1.939 2.042 2.140 2.233 2.322 2.407 2.488 2.564 2.641 2.769 2.886 2.993 3.090 3.176 3.252 3.317 3.372 3.417 3.451 3.474 3.538 3.840 4.154 4.480 4.818 5.169 5.532 5.908 6.296 6.696 7.109 7.534 8.034 8.716 9.420 10.148 10.898 11.672 12.468 13.288 14.131 14.996 15.885 16.797 17.305 17.103
1.805 2.450 3.111 3.790 4.485 5.198 5.927 6.673 7.437 8.197 8.868 9.503 8.980 8.223 7.497 6.801 6.135 5.501 4.897 4.323 3.780 3.259 2.754 2.273 2.289 2.385 2.476 2.564 2.647 2.725 2.800 2.870 2.936 2.997 3.054 3.107 3.187 3.258 3.319 3.369 3.409 3.439 3.458 3.467 3.465 3.453 3.431 3.421 3.777 4.146 4.527 4.920 5.326 5.744 6.174 6.617 7.072 7.540 8.020 8.557 9.340 10.147 10.976 11.829 12.704 13.603 14.524 15.469 16.436 17.427 18.440 19.111 18.775
1.519 2.223 2.973 3.773 4.537 5.264 5.955 6.609 7.227 7.808 8.353 8.861 8.552 7.901 7.281 6.691 6.132 5.603 5.105 4.637 4.200 3.785 3.388 3.014 2.975 3.051 3.124 3.192 3.256 3.315 3.370 3.421 3.468 3.510 3.548 3.582 3.616 3.641 3.655 3.659 3.653 3.637 3.610 3.572 3.524 3.466 3.398 3.319 3.701 4.125 4.561 5.009 5.469 5.942 6.427 6.925 7.435 7.957 8.492 9.055 9.940 10.849 11.780 12.734 13.712 14.712 15.736 16.782 17.851 18.943 20.059 20.945 20.475
2.048 2.794 3.504 4.178 4.815 5.415 5.980 6.507 6.998 7.453 7.871 8.253 8.096 7.552 7.037 6.553 6.100 5.678 5.285 4.924 4.593 4.284 3.994 3.727 3.665 3.722 3.775 3.824 3.869 3.909 3.945 3.977 4.004 4.027 4.046 4.060 4.055 4.034 4.002 3.960 3.908 3.845 3.772 3.689 3.595 3.491 3.376 3.251 3.612 4.091 4.581 5.084 5.600 6.127 6.667 7.220 7.784 8.361 8.951 9.552 10.516 11.526 12.559 13.616 14.695 15.797 16.922 18.070 19.241 20.435 21.652 22.658 21.696
2.866 3.486 4.069 4.616 5.126 5.600 6.038 6.439 6.804 7.132 7.424 7.679 7.614 7.175 6.767 6.389 6.041 5.725 5.438 5.183 4.958 4.755 4.572 4.412 4.358 4.397 4.431 4.460 4.486 4.507 4.524 4.536 4.544 4.548 4.548 4.543 4.505 4.438 4.360 4.272 4.174 4.065 3.946 3.816 3.676 3.526 3.365 3.194 3.511 4.044 4.589 5.147 5.717 6.299 6.894 7.501 8.120 8.752 9.396 10.053 11.067 12.179 13.249 14.187 15.104 16.000 16.876 17.732 18.567 19.382 20.177 20.951 20.158
3.717 4.210 4.667 5.088 5.471 5.819 6.130 6.405 6.643 6.845 7.010 7.139 7.104 6.771 6.469 6.197 5.955 5.744 5.564 5.414 5.294 5.199 5.122 5.069 5.056 5.075 5.090 5.101 5.107 5.109 5.106 5.100 5.089 5.074 5.054 5.030 4.966 4.853 4.729 4.595 4.450 4.296 4.130 3.955 3.769 3.572 3.366 3.148 3.396 3.983 4.584 5.196 5.821 6.484 7.175 7.810 8.388 8.910 9.374 9.782 10.531 11.419 12.287 13.135 13.962 14.769 15.555 16.322 17.067 17.793 18.498 19.183 18.608
4.602 4.968 5.299 5.592 5.850 6.071 6.256 6.404 6.516 6.591 6.630 6.633 6.567 6.340 6.143 5.977 5.841 5.736 5.661 5.617 5.603 5.614 5.644 5.698 5.758 5.758 5.753 5.745 5.732 5.715 5.693 5.667 5.637 5.603 5.564 5.521 5.438 5.278 5.109 4.928 4.738 4.537 4.326 4.104 3.996 4.159 4.201 4.122 4.391 5.116 5.784 6.395 6.949 7.446 7.887 8.271 8.598 8.869 9.082 9.239 9.769 10.568 11.347 12.105 12.842 13.560 14.257 14.933 15.589 16.225 16.841 17.436 17.046
