DATA/SHG/ECMWF/20170628/EN-41/20170703.en-41.asc
ncols        190
nrows        64
xllcorner    -5100000.000000000000
yllcorner    4130000.000000000000
cellsize     10000.000000000000
NODATA_value  -99999.000
[rows 0 to 32 of 64, columns 73 to 145 of 190]
4.448 4.623 4.806 4.997 5.195 5.402 5.616 5.837 6.092 6.369 6.615 6.849 7.072 7.283 7.484 7.672 7.849 8.015 8.169 8.312 8.411 8.421 8.461 8.528 8.621 8.741 8.887 9.060 9.259 9.485 9.737 10.016 10.387 10.957 11.487 11.978 12.430 12.843 13.216 13.551 13.846 14.102 14.318 14.496 14.473 13.930 13.379 12.817 12.246 11.666 11.076 10.477 9.868 9.249 8.622 7.984 7.351 6.766 6.199 5.649 5.117 4.603 4.106 3.626 3.165 2.721 2.294 1.885 1.565 1.459 1.364 1.281 1.208
4.796 4.999 5.225 5.442 5.641 5.824 5.989 6.136 6.285 6.502 6.708 6.902 7.085 7.257 7.417 7.565 7.703 7.828 7.943 8.046 8.139 8.267 8.426 8.612 8.824 9.062 9.327 9.618 9.936 10.280 10.651 11.048 11.470 11.864 12.219 12.535 12.812 13.049 13.247 13.406 13.526 13.607 13.649 13.651 13.548 12.963 12.369 11.765 11.152 10.529 9.896 9.255 8.603 7.942 7.272 6.592 5.928 5.422 4.933 4.462 4.008 3.572 3.154 2.753 2.370 2.004 1.656 1.325 1.049 0.993 0.947 0.913 0.890
5.419 5.610 5.783 5.939 6.078 6.200 6.305 6.392 6.468 6.645 6.811 6.965 7.108 7.240 7.360 7.469 7.566 7.652 7.727 7.790 7.841 8.084 8.361 8.665 8.996 9.353 9.736 10.146 10.582 11.045 11.534 12.050 12.592 12.813 12.993 13.134 13.235 13.297 13.321 13.305 13.250 13.155 13.022 12.849 12.634 12.007 11.370 10.724 10.068 9.403 8.729 8.044 7.351 6.648 5.935 5.213 4.489 4.061 3.651 3.258 2.883 2.525 2.185 1.863 1.558 1.271 1.001 0.749 0.559 0.621 0.688 0.759 0.835
6.113 6.243 6.356 6.452 6.531 6.592 6.636 6.663 6.673 6.799 6.925 7.039 7.142 7.234 7.314 7.383 7.440 7.487 7.521 7.544 7.556 7.870 8.266 8.689 9.138 9.613 10.115 10.643 11.198 11.779 12.386 13.020 13.681 13.804 13.809 13.774 13.701 13.588 13.436 13.245 13.015 12.746 12.438 12.091 11.704 11.063 10.384 9.695 8.997 8.289 7.572 6.846 6.110 5.364 4.609 3.845 3.071 2.684 2.352 2.135 2.008 1.873 1.731 1.581 1.423 1.258 1.084 0.904 0.715 0.779 0.865 0.957 1.053
6.822 6.892 6.945 6.980 6.998 6.999 6.983 6.950 6.900 6.963 7.049 7.123 7.186 7.238 7.279 7.308 7.325 7.331 7.326 7.310 7.282 7.627 8.141 8.682 9.250 9.843 10.463 11.110 11.783 12.482 13.208 13.960 14.739 14.836 14.666 14.457 14.208 13.921 13.594 13.229 12.824 12.380 11.897 11.375 10.814 10.130 9.409 8.678 7.937 7.187 6.503 5.893 5.302 4.730 4.178 3.644 3.130 2.916 2.770 2.617 2.455 2.286 2.110 1.925 1.733 1.533 1.326 1.111 0.888 0.931 1.038 1.150 1.266
7.546 7.556 7.548 7.523 7.481 7.422 7.346 7.252 7.142 7.137 7.183 7.218 7.241 7.253 7.253 7.243 7.220 7.187 7.142 7.085 7.018 7.354 7.987 8.646 9.332 10.044 10.782 11.547 12.338 13.155 13.999 14.869 15.766 15.910 15.565 15.181 14.758 14.296 13.794 13.254 12.675 12.042 11.398 10.761 10.132 9.500 8.879 8.278 7.695 7.132 6.588 6.063 5.557 5.070 4.603 4.155 3.725 3.474 3.294 3.106 2.910 2.707 2.496 2.277 2.050 1.816 1.575 1.325 1.068 1.079 1.206 1.338 1.474
8.285 8.235 8.167 8.082 7.980 7.860 7.724 7.570 7.399 7.321 7.327 7.322 7.306 7.278 7.239 7.188 7.126 7.053 6.968 6.872 6.764 7.052 7.803 8.580 9.384 10.214 11.070 11.953 12.862 13.798 14.760 15.748 16.624 16.676 16.006 15.344 14.688 14.040 13.399 12.766 12.140 11.521 10.909 10.305 9.708 9.138 8.603 8.087 7.589 7.111 6.652 6.213 5.792 5.390 5.008 4.644 4.300 4.039 3.824 3.602 3.372 3.134 2.889 2.636 2.375 2.107 1.831 1.547 1.256 1.222 1.369 1.521 1.677
9.040 8.929 8.801 8.655 8.493 8.314 8.117 7.903 7.672 7.515 7.482 7.437 7.381 7.313 7.234 7.144 7.042 6.929 6.804 6.669 6.521 6.720 7.589 8.463 9.321 10.165 10.995 11.811 12.613 13.402 14.176 14.937 15.684 15.889 15.251 14.621 13.998 13.382 12.774 12.173 11.579 10.992 10.413 9.841 9.276 8.757 8.307 7.876 7.464 7.071 6.697 6.342 6.006 5.690 5.392 5.114 4.855 4.611 4.362 4.105 3.841 3.569 3.289 3.002 2.707 2.405 2.095 1.777 1.451 1.361 1.528 1.700 1.876
9.809 9.638 9.450 9.244 9.022 8.782 8.526 8.252 7.961 7.720 7.647 7.562 7.466 7.359 7.240 7.114 6.992 6.860 6.718 6.566 6.404 6.460 7.284 8.094 8.890 9.672 10.441 11.195 11.936 12.662 13.375 14.074 14.759 15.095 14.490 13.892 13.301 12.718 12.142 11.573 11.011 10.457 9.910 9.370 8.838 8.356 7.991 7.645 7.318 7.010 6.721 6.451 6.201 5.969 5.757 5.563 5.389 5.190 4.907 4.616 4.317 4.011 3.697 3.376 3.047 2.710 2.366 2.014 1.654 1.495 1.682 1.873 2.069
10.593 10.362 10.114 9.849 9.566 9.266 8.950 8.616 8.266 7.955 7.858 7.752 7.635 7.508 7.371 7.224 7.067 6.900 6.722 6.535 6.338 6.230 6.992 7.740 8.475 9.196 9.902 10.595 11.274 11.939 12.591 13.228 13.852 14.294 13.721 13.156 12.597 12.046 11.503 10.966 10.437 9.915 9.400 8.893 8.392 7.936 7.655 7.394 7.152 6.929 6.725 6.541 6.375 6.228 6.100 5.992 5.902 5.776 5.459 5.134 4.801 4.461 4.113 3.757 3.394 3.023 2.644 2.258 1.864 1.624 1.831 2.042 2.259
11.393 11.064 10.688 10.321 9.961 9.610 9.266 8.931 8.603 8.286 8.154 8.012 7.860 7.698 7.526 7.343 7.151 6.948 6.736 6.513 6.280 6.039 6.716 7.403 8.076 8.735 9.380 10.011 10.629 11.232 11.822 12.398 12.960 13.486 12.946 12.413 11.887 11.368 10.857 10.352 9.855 9.366 8.883 8.408 7.940 7.496 7.300 7.124 6.967 6.829 6.710 6.610 6.529 6.467 6.424 6.400 6.396 6.369 6.018 5.659 5.292 4.917 4.535 4.145 3.748 3.343 2.930 2.510 2.082 1.748 1.975 2.207 2.443
11.555 11.199 10.851 10.511 10.180 9.856 9.540 9.232 8.932 8.641 8.459 8.282 8.094 7.897 7.689 7.472 7.244 7.006 6.758 6.501 6.233 5.955 6.456 7.081 7.693 8.290 8.874 9.444 10.000 10.542 11.070 11.585 12.085 12.572 12.164 11.663 11.169 10.683 10.204 9.732 9.267 8.810 8.359 7.916 7.480 7.052 6.925 6.834 6.762 6.708 6.674 6.659 6.663 6.686 6.728 6.789 6.869 6.968 6.584 6.191 5.790 5.381 4.965 4.541 4.109 3.670 3.223 2.769 2.335 1.979 2.317 2.672 3.045
11.654 11.326 11.006 10.694 10.390 10.094 9.806 9.526 9.254 8.990 8.772 8.560 8.337 8.105 7.862 7.609 7.346 7.073 6.790 6.497 6.194 5.881 6.212 6.776 7.325 7.861 8.384 8.892 9.387 9.867 10.334 10.787 11.227 11.652 11.375 10.907 10.445 9.991 9.544 9.104 8.672 8.247 7.828 7.418 7.014 6.618 6.531 6.524 6.537 6.568 6.619 6.688 6.777 6.884 7.011 7.156 7.321 7.505 7.158 6.687 6.186 5.709 5.258 4.833 4.433 4.058 3.708 3.384 3.085 2.812 3.181 3.612 4.061
11.746 11.446 11.154 10.870 10.593 10.325 10.065 9.812 9.568 9.331 9.095 8.847 8.589 8.321 8.043 7.755 7.457 7.149 6.831 6.502 6.164 5.816 5.983 6.486 6.974 7.449 7.909 8.356 8.790 9.209 9.615 10.006 10.384 10.748 10.580 10.144 9.714 9.292 8.878 8.470 8.070 7.677 7.291 6.912 6.541 6.176 6.117 6.195 6.292 6.408 6.527 6.631 6.728 6.820 6.907 6.988 7.063 7.132 6.813 6.399 6.010 5.646 5.308 4.995 4.707 4.445 4.208 3.996 3.810 3.649 4.027 4.534 5.058
11.831 11.559 11.294 11.037 10.789 10.548 10.315 10.091 9.874 9.665 9.426 9.143 8.850 8.547 8.234 7.911 7.577 7.234 6.881 6.517 6.144 5.760 5.771 6.212 6.639 7.052 7.451 7.837 8.209 8.567 8.911 9.241 9.558 9.861 9.778 9.374 8.977 8.587 8.204 7.829 7.461 7.108 6.773 6.450 6.139 5.839 5.783 5.883 5.979 6.068 6.152 6.231 6.303 6.371 6.432 6.488 6.538 6.583 6.387 6.085 5.809 5.558 5.332 5.131 4.956 4.806 4.681 4.582 4.508 4.460 4.854 5.437 6.037
11.908 11.663 11.426 11.198 10.977 10.764 10.559 10.361 10.172 9.991 9.766 9.448 9.120 8.782 8.433 8.075 7.706 7.328 6.939 6.541 6.132 5.713 5.574 5.953 6.319 6.671 7.009 7.333 7.644 7.941 8.224 8.493 8.749 8.991 8.971 8.608 8.255 7.914 7.585 7.267 6.961 6.666 6.383 6.111 5.850 5.601 5.513 5.589 5.660 5.724 5.783 5.837 5.885 5.927 5.964 5.995 6.020 6.040 5.935 5.746 5.582 5.443 5.330 5.242 5.179 5.141 5.129 5.142 5.180 5.244 5.663 6.322 6.998
11.978 11.760 11.551 11.350 11.157 10.971 10.794 10.625 10.463 10.309 10.115 9.762 9.399 9.025 8.642 8.248 7.845 7.431 7.007 6.574 6.130 5.676 5.392 5.717 6.030 6.327 6.609 6.875 7.126 7.360 7.579 7.782 7.970 8.141 8.160 7.847 7.546 7.256 6.978 6.711 6.456 6.212 5.980 5.759 5.550 5.352 5.251 5.302 5.347 5.387 5.421 5.450 5.473 5.490 5.502 5.508 5.509 5.504 5.458 5.381 5.330 5.303 5.302 5.326 5.376 5.450 5.550 5.675 5.826 6.002 6.454 7.189 7.940
12.040 11.850 11.669 11.495 11.329 11.172 11.022 10.880 10.746 10.620 10.473 10.085 9.686 9.278 8.859 8.427 7.948 7.479 7.018 6.565 6.121 5.685 5.326 5.585 5.828 6.056 6.267 6.464 6.644 6.809 6.958 7.091 7.209 7.310 7.337 7.076 6.826 6.587 6.360 6.144 5.940 5.747 5.566 5.396 5.238 5.091 4.994 5.020 5.041 5.056 5.065 5.069 5.067 5.060 5.047 5.028 5.004 4.974 4.956 4.991 5.052 5.138 5.249 5.385 5.547 5.733 5.946 6.183 6.446 6.733 7.227 8.037 8.865
12.094 11.932 11.778 11.632 11.494 11.364 11.242 11.128 11.006 10.814 10.621 10.136 9.654 9.179 8.714 8.257 7.808 7.368 6.937 6.515 6.101 5.695 5.296 5.471 5.644 5.802 5.944 6.070 6.181 6.275 6.355 6.418 6.466 6.498 6.503 6.293 6.094 5.906 5.730 5.565 5.412 5.270 5.140 5.021 4.914 4.818 4.744 4.745 4.741 4.731 4.715 4.694 4.668 4.636 4.598 4.554 4.505 4.451 4.428 4.576 4.749 4.947 5.170 5.418 5.692 5.991 6.315 6.664 7.039 7.439 7.982 8.868 9.770
12.141 11.992 11.804 11.615 11.425 11.234 11.041 10.848 10.653 10.457 10.260 9.839 9.386 8.942 8.506 8.079 7.661 7.251 6.850 6.457 6.073 5.697 5.328 5.374 5.478 5.566 5.638 5.694 5.735 5.760 5.770 5.763 5.741 5.704 5.650 5.498 5.350 5.214 5.088 4.975 4.873 4.782 4.702 4.635 4.578 4.533 4.500 4.476 4.447 4.412 4.372 4.326 4.275 4.218 4.155 4.087 4.013 3.934 3.875 4.135 4.420 4.730 5.065 5.426 5.811 6.222 6.658 7.120 7.606 8.118 8.718 9.680 10.658
11.859 11.669 11.477 11.284 11.090 10.894 10.698 10.500 10.301 10.101 9.900 9.534 9.111 8.696 8.291 7.894 7.505 7.126 6.754 6.392 6.038 5.692 5.353 5.296 5.330 5.348 5.350 5.337 5.308 5.263 5.203 5.127 5.035 4.928 4.805 4.692 4.595 4.510 4.435 4.373 4.321 4.282 4.253 4.236 4.231 4.237 4.254 4.214 4.160 4.100 4.035 3.965 3.888 3.807 3.719 3.626 3.528 3.423 3.314 3.669 4.066 4.488 4.935 5.407 5.905 6.428 6.976 7.549 8.148 8.943 10.006 11.309 12.520
11.542 11.347 11.151 10.954 10.756 10.557 10.356 10.154 9.951 9.747 9.542 9.221 8.828 8.444 8.068 7.701 7.343 6.993 6.652 6.319 5.995 5.679 5.371 5.235 5.199 5.148 5.080 4.997 4.899 4.784 4.654 4.508 4.347 4.170 3.977 3.875 3.829 3.794 3.771 3.759 3.759 3.770 3.792 3.826 3.871 3.928 3.996 3.957 3.879 3.794 3.705 3.609 3.508 3.402 3.289 3.172 3.048 2.920 2.785 3.177 3.859 4.816 5.792 6.789 7.806 8.844 9.901 10.979 12.077 13.195 14.333 15.241 16.043
11.226 11.027 10.827 10.626 10.424 10.220 10.016 9.810 9.603 9.394 9.185 8.901 8.538 8.184 7.838 7.501 7.172 6.852 6.541 6.238 5.944 5.659 5.380 5.192 5.087 4.965 4.828 4.676 4.507 4.323 4.124 3.908 3.677 3.431 3.168 3.046 3.051 3.067 3.095 3.134 3.184 3.246 3.320 3.404 3.500 3.608 3.727 3.707 3.604 3.495 3.380 3.340 3.462 3.640 3.875 4.167 4.516 4.921 5.383 6.256 7.282 8.328 9.394 10.480 11.586 12.713 13.860 15.026 16.214 17.421 18.648 19.260 19.652
10.912 10.709 10.505 10.300 10.093 9.886 9.677 9.467 9.256 9.043 8.830 8.574 8.241 7.917 7.601 7.293 6.995 6.705 6.423 6.150 5.886 5.630 5.382 5.167 4.992 4.801 4.594 4.372 4.134 3.880 3.611 3.326 3.026 2.709 2.378 2.206 2.262 2.329 2.407 2.497 2.599 2.711 2.879 3.111 3.330 3.537 3.730 3.871 4.017 4.220 4.480 4.796 5.169 5.599 6.085 6.628 7.228 7.884 8.597 9.564 10.679 11.814 12.970 14.145 15.341 16.556 17.792 19.048 20.324 21.621 22.937 23.365 23.348
10.600 10.393 10.184 9.975 9.764 9.553 9.340 9.126 8.910 8.694 8.476 8.240 7.936 7.642 7.356 7.078 6.810 6.549 6.298 6.055 5.820 5.595 5.377 5.159 4.914 4.654 4.378 4.086 3.778 3.455 3.117 2.762 2.392 2.084 1.886 1.830 2.094 2.346 2.586 2.812 3.026 3.226 3.414 3.590 3.752 3.902 4.039 4.261 4.659 5.113 5.624 6.191 6.815 7.496 8.233 9.027 9.878 10.785 11.749 12.847 14.051 15.276 16.520 17.785 19.069 20.374 21.699 23.044 24.409 25.795 27.200 27.556 27.131
10.289 10.077 9.865 9.652 9.437 9.221 9.004 8.786 8.567 8.346 8.124 7.898 7.624 7.360 7.103 6.856 6.617 6.387 6.165 5.952 5.747 5.551 5.364 5.169 4.934 4.808 4.666 4.508 4.335 4.145 3.940 3.719 3.481 3.228 2.959 2.775 2.983 3.178 3.361 3.531 3.687 3.832 3.963 4.082 4.187 4.281 4.361 4.591 5.239 5.945 6.706 7.525 8.400 9.331 10.319 11.364 12.465 13.623 14.838 16.105 17.398 18.712 20.045 21.399 22.772 24.166 25.580 27.014 28.469 29.943 31.438 31.833 30.999
9.979 9.764 9.548 9.330 9.111 8.891 8.670 8.448 8.225 8.000 7.774 7.547 7.305 7.070 6.844 6.626 6.429 6.349 6.325 6.357 6.444 6.565 6.711 6.902 6.730 6.533 6.321 6.092 5.848 5.588 5.312 5.020 4.712 4.388 4.049 3.733 3.885 4.023 4.149 4.262 4.362 4.450 4.525 4.587 4.636 4.672 4.696 4.860 5.759 6.715 7.728 8.797 9.923 11.105 12.344 13.639 14.991 16.399 17.864 19.338 20.720 22.123 23.545 24.988 26.450 27.933 29.436 30.959 32.502 34.066 35.649 36.196 34.954
9.671 9.452 9.232 9.010 8.787 8.563 8.338 8.112 7.884 7.650 7.398 7.145 6.968 6.858 6.805 6.807 6.865 6.978 7.147 7.372 7.653 7.968 8.310 8.695 8.541 8.274 7.991 7.692 7.377 7.046 6.699 6.337 5.958 5.564 5.154 4.728 4.799 4.881 4.950 5.006 5.050 5.081 5.099 5.104 5.097 5.077 5.044 5.068 6.219 7.425 8.689 10.008 11.385 12.817 14.307 15.852 17.455 19.114 20.829 22.546 24.017 25.508 27.020 28.551 30.103 31.674 33.266 34.878 36.510 38.163 39.835 40.645 38.996
9.365 9.142 8.909 8.658 8.407 8.155 7.903 7.650 7.397 7.143 6.889 6.634 6.579 6.663 6.803 6.999 7.250 7.556 7.918 8.336 8.810 9.319 9.856 10.437 10.368 10.030 9.676 9.307 8.921 8.520 8.102 7.669 7.220 6.756 6.275 5.779 5.726 5.751 5.764 5.763 5.750 5.725 5.686 5.635 5.571 5.495 5.405 5.303 6.617 8.075 9.588 11.159 12.785 14.468 16.208 18.004 19.857 21.766 23.731 25.728 27.288 28.869 30.469 32.089 33.730 35.390 37.071 38.772 40.493 42.234 43.995 45.179 43.123
8.917 8.666 8.414 8.161 7.908 7.655 7.401 7.147 6.892 6.637 6.381 6.125 6.140 6.418 6.751 7.139 7.583 8.083 8.638 9.249 9.915 10.619 11.351 12.127 12.211 11.802 11.378 10.937 10.481 10.009 9.522 9.018 8.499 7.963 7.412 6.846 6.665 6.634 6.590 6.533 6.464 6.381 6.287 6.179 6.058 5.925 5.780 5.621 6.956 8.663 10.427 12.248 14.125 16.058 18.048 20.094 22.196 24.356 26.571 28.843 30.535 32.204 33.893 35.602 37.332 39.081 40.851 42.640 44.450 46.280 48.130 49.528 46.456
8.426 8.172 7.919 7.665 7.410 7.155 6.900 6.644 6.388 6.131 5.874 5.617 5.651 6.122 6.648 7.229 7.866 8.559 9.307 10.111 10.970 11.867 12.794 13.765 14.068 13.589 13.094 12.584 12.057 11.515 10.956 10.382 9.793 9.187 8.566 7.929 7.617 7.530 7.429 7.316 7.190 7.051 6.900 6.736 6.559 6.369 6.167 5.952 7.234 9.192 11.206 13.276 15.403 17.587 19.826 22.122 24.475 26.884 29.349 31.870 33.756 35.514 37.189 38.622 39.985 41.279 42.503 43.657 44.742 45.758 46.704 47.580 44.983
7.935 7.680 7.425 7.170 6.914 6.657 6.400 6.143 5.885 5.627 5.369 5.110 5.112 5.775 6.494 7.269 8.098 8.984 9.925 10.921 11.973 13.064 14.186 15.351 15.942 15.392 14.827 14.245 13.649 13.036 12.407 11.763 11.103 10.427 9.735 9.027 8.582 8.438 8.281 8.111 7.929 7.734 7.526 7.305 7.072 6.826 6.567 6.296 7.452 9.659 11.924 14.244 16.621 19.387 22.733 25.721 28.351 30.623 32.537 34.094 35.418 36.683 37.878 39.003 40.060 41.046 41.964 42.811 43.589 44.298 44.937 45.507 43.460
7.446 7.189 6.933 6.676 6.418 6.160 5.902 5.643 5.384 5.124 4.864 4.604 4.523 5.379 6.290 7.257 8.280 9.358 10.491 11.680 12.924 14.209 15.525 16.886 17.830 17.210 16.575 15.923 15.256 14.573 13.874 13.159 12.428 11.682 10.920 10.142 9.560 9.359 9.146 8.919 8.681 8.429 8.165 7.888 8.077 9.765 11.696 13.869 16.911 20.463 23.656 26.492 28.970 31.091 32.854 34.259 35.307 35.997 36.329 36.304 36.790 37.748 38.636 39.455 40.204 40.884 41.495 42.036 42.507 42.909 43.242 43.505 41.886
