DATA/SHG/ECMWF/20170628/EN-41/20170701.en-41.asc
ncols        190
nrows        64
xllcorner    -5100000.000000000000
yllcorner    4130000.000000000000
cellsize     10000.000000000000
NODATA_value  -99999.000
[rows 0 to 32 of 64, columns 74 to 147 of 190]
2.107 2.025 1.951 1.885 1.826 1.776 1.733 1.858 2.396 2.957 3.512 4.063 4.610 5.152 5.690 6.223 6.752 7.276 7.796 8.224 8.352 8.470 8.581 8.685 8.782 8.872 8.955 9.031 9.100 9.162 9.217 9.222 9.080 8.937 8.792 8.645 8.497 8.347 8.195 8.042 7.886 7.730 7.571 7.495 7.674 7.849 8.018 8.182 8.341 8.495 8.644 8.788 8.927 9.061 9.190 9.154 8.655 8.164 7.681 7.206 6.740 6.282 5.833 5.392 4.960 4.536 4.120 3.828 3.855 3.868 3.869 3.855 3.829 3.788
1.815 1.808 1.826 1.857 1.900 1.956 2.024 2.187 2.736 3.280 3.820 4.356 4.887 5.414 5.936 6.454 6.967 7.475 7.980 8.438 8.535 8.621 8.701 8.774 8.840 8.899 8.951 8.995 9.033 9.064 9.089 9.087 8.938 8.787 8.635 8.481 8.325 8.167 8.008 7.847 7.684 7.520 7.354 7.228 7.385 7.536 7.683 7.825 7.962 8.093 8.220 8.341 8.458 8.569 8.676 8.698 8.236 7.782 7.336 6.899 6.471 6.050 5.638 5.235 4.840 4.453 4.074 3.756 3.723 3.677 3.618 3.545 3.459 3.359
1.920 1.969 2.031 2.105 2.192 2.291 2.402 2.545 3.079 3.608 4.132 4.652 5.168 5.679 6.185 6.687 7.185 7.678 8.167 8.651 8.725 8.781 8.829 8.871 8.906 8.933 8.954 8.968 8.975 8.975 8.968 8.954 8.798 8.640 8.480 8.318 8.155 7.990 7.823 7.654 7.484 7.312 7.139 6.966 7.101 7.230 7.354 7.474 7.588 7.697 7.801 7.900 7.994 8.084 8.168 8.234 7.809 7.392 6.984 6.585 6.193 5.810 5.435 5.069 4.711 4.362 4.021 3.760 3.803 3.839 3.868 3.890 3.906 3.915
2.026 2.119 2.224 2.342 2.472 2.614 2.769 2.936 3.425 3.939 4.447 4.952 5.452 5.947 6.438 6.925 7.407 7.884 8.357 8.826 8.923 8.947 8.965 8.976 8.979 8.976 8.966 8.948 8.924 8.893 8.855 8.810 8.661 8.495 8.327 8.158 7.987 7.814 7.640 7.464 7.286 7.107 6.926 6.743 6.823 6.930 7.031 7.128 7.220 7.307 7.389 7.465 7.537 7.604 7.665 7.722 7.374 6.995 6.665 6.391 6.137 5.901 5.685 5.488 5.310 5.152 5.013 4.893 4.896 4.902 4.901 4.894 4.879 4.858
2.120 2.256 2.405 2.566 2.739 2.925 3.123 3.333 3.775 4.273 4.766 5.255 5.739 6.219 6.695 7.166 7.632 8.094 8.552 9.005 9.129 9.122 9.108 9.088 9.060 9.026 8.985 8.936 8.881 8.819 8.750 8.674 8.525 8.351 8.176 8.000 7.821 7.641 7.459 7.276 7.090 6.904 6.715 6.525 6.550 6.635 6.714 6.789 6.858 6.986 7.148 7.288 7.407 7.505 7.581 7.636 7.450 7.223 7.016 6.827 6.658 6.508 6.378 6.267 6.175 6.102 6.048 6.014 5.995 5.971 5.940 5.902 5.858 5.807
2.203 2.382 2.574 2.778 2.995 3.224 3.465 3.719 4.129 4.611 5.088 5.562 6.030 6.495 6.955 7.410 7.861 8.307 8.750 9.187 9.342 9.304 9.259 9.208 9.149 9.084 9.011 8.932 8.846 8.753 8.653 8.546 8.391 8.210 8.028 7.843 7.657 7.470 7.280 7.089 6.975 6.927 6.895 6.880 7.004 7.177 7.328 7.459 7.568 7.655 7.722 7.767 7.790 7.793 7.773 7.733 7.608 7.467 7.346 7.243 7.160 7.095 7.050 7.025 7.018 7.031 7.063 7.114 7.099 7.044 6.984 6.916 6.842 6.761
2.274 2.497 2.732 2.979 3.239 3.511 3.796 4.092 4.485 4.952 5.414 5.872 6.325 6.774 7.218 7.658 8.094 8.525 8.951 9.373 9.562 9.493 9.418 9.335 9.246 9.149 9.046 8.936 8.818 8.694 8.563 8.457 8.353 8.246 8.155 8.081 8.024 7.983 7.959 7.951 7.960 7.986 8.029 8.088 8.171 8.249 8.305 8.340 8.354 8.346 8.317 8.267 8.195 8.102 7.988 7.852 7.747 7.692 7.655 7.638 7.641 7.662 7.703 7.762 7.842 7.940 8.057 8.194 8.207 8.123 8.032 7.935 7.831 7.720
2.333 2.599 2.877 3.168 3.471 3.786 4.114 4.454 4.846 5.297 5.743 6.186 6.623 7.057 7.485 7.910 8.330 8.745 9.156 9.563 9.790 9.690 9.585 9.482 9.383 9.287 9.195 9.106 9.021 8.940 8.862 8.787 8.726 8.693 8.676 8.676 8.693 8.726 8.776 8.843 8.926 9.026 9.143 9.276 9.360 9.342 9.304 9.243 9.162 9.059 8.935 8.789 8.622 8.434 8.225 7.994 7.866 7.896 7.945 8.014 8.101 8.208 8.334 8.480 8.644 8.828 9.031 9.253 9.321 9.207 9.087 8.959 8.825 8.684
2.380 2.690 3.011 3.345 3.691 4.050 4.420 4.804 5.209 5.645 6.076 6.503 6.925 7.343 7.746 8.114 8.490 8.873 9.264 9.662 9.954 9.859 9.769 9.682 9.598 9.518 9.442 9.369 9.299 9.233 9.171 9.112 9.079 9.120 9.178 9.252 9.343 9.451 9.575 9.715 9.873 10.047 10.238 10.445 10.570 10.457 10.323 10.167 9.991 9.793 9.573 9.333 9.071 8.787 8.483 8.157 7.964 8.080 8.215 8.369 8.542 8.734 8.946 9.176 9.426 9.695 9.984 10.291 10.440 10.296 10.146 9.989 9.825 9.654
2.416 2.768 3.133 3.510 3.899 4.301 4.715 5.117 5.464 5.813 6.170 6.534 6.906 7.285 7.672 8.067 8.469 8.879 9.296 9.722 10.102 10.023 9.948 9.877 9.809 9.745 9.684 9.627 9.573 9.523 9.476 9.433 9.414 9.529 9.661 9.809 9.974 10.156 10.354 10.569 10.800 11.048 11.313 11.594 11.801 11.593 11.363 11.113 10.841 10.548 10.233 9.898 9.541 9.162 8.763 8.342 8.043 8.244 8.464 8.704 8.962 9.240 9.537 9.853 10.188 10.542 10.916 11.309 11.565 11.391 11.210 11.023 10.829 10.629
2.444 2.830 3.205 3.569 3.922 4.263 4.594 4.914 5.223 5.599 5.982 6.373 6.771 7.177 7.591 8.013 8.441 8.878 9.322 9.774 10.233 10.183 10.124 10.068 10.016 9.967 9.922 9.881 9.843 9.808 9.777 9.750 9.730 9.919 10.125 10.347 10.586 10.842 11.114 11.403 11.708 12.030 12.369 12.724 13.052 12.749 12.425 12.079 11.713 11.324 10.915 10.484 10.032 9.559 9.065 8.549 8.102 8.388 8.694 9.019 9.362 9.725 10.107 10.509 10.929 11.369 11.827 12.305 12.694 12.490 12.280 12.063 11.839 11.609
2.521 2.869 3.205 3.530 3.845 4.148 4.440 4.721 4.991 5.377 5.787 6.205 6.630 7.063 7.503 7.951 8.407 8.870 9.341 9.819 10.305 10.338 10.295 10.255 10.218 10.185 10.156 10.130 10.108 10.089 10.074 10.062 10.053 10.290 10.570 10.866 11.179 11.509 11.855 12.218 12.597 12.993 13.406 13.835 14.281 13.927 13.508 13.067 12.605 12.122 11.618 11.093 10.546 9.978 9.388 8.778 8.146 8.513 8.903 9.313 9.742 10.190 10.658 11.144 11.650 12.175 12.718 13.206 13.573 13.251 12.993 12.799 12.667 12.599
2.609 2.918 3.216 3.503 3.778 4.043 4.296 4.539 4.770 5.149 5.586 6.030 6.482 6.942 7.409 7.883 8.366 8.855 9.353 9.858 10.370 10.489 10.462 10.437 10.417 10.399 10.386 10.375 10.369 10.365 10.366 10.370 10.377 10.643 10.996 11.367 11.754 12.157 12.577 13.014 13.467 13.937 14.423 14.926 15.446 15.126 14.612 14.076 13.520 12.942 12.343 11.722 11.081 10.418 9.734 9.028 8.302 8.617 9.081 9.530 9.968 10.395 10.811 11.216 11.610 11.993 12.365 12.727 13.077 13.065 13.088 13.175 13.324 13.537
2.707 2.978 3.237 3.485 3.722 3.948 4.163 4.367 4.560 4.915 5.378 5.849 6.327 6.813 7.307 7.808 8.317 8.834 9.358 9.889 10.429 10.637 10.624 10.616 10.611 10.609 10.611 10.616 10.625 10.638 10.654 10.673 10.696 10.977 11.404 11.848 12.309 12.786 13.280 13.791 14.318 14.861 15.421 15.998 16.591 16.346 15.737 15.106 14.455 13.720 12.924 12.144 11.380 10.631 9.897 9.179 8.477 8.637 9.048 9.449 9.838 10.217 10.584 10.941 11.287 11.622 11.946 12.259 12.561 12.817 13.121 13.488 13.918 14.412
2.816 3.047 3.268 3.477 3.676 3.863 4.040 4.205 4.360 4.673 5.163 5.660 6.166 6.678 7.199 7.726 8.262 8.805 9.356 9.914 10.480 10.779 10.783 10.790 10.800 10.815 10.832 10.853 10.878 10.906 10.937 10.973 11.011 11.292 11.793 12.311 12.846 13.397 13.964 14.549 15.065 15.498 15.927 16.350 16.769 16.463 15.675 14.901 14.144 13.401 12.675 11.963 11.267 10.587 9.922 9.272 8.638 8.663 9.026 9.378 9.719 10.050 10.369 10.678 10.975 11.262 11.538 11.803 12.057 12.505 13.090 13.738 14.448 15.223
2.934 3.127 3.309 3.480 3.640 3.789 3.927 4.054 4.170 4.425 4.941 5.465 5.997 6.536 7.083 7.638 8.200 8.769 9.347 9.931 10.524 10.918 10.937 10.960 10.986 11.016 11.049 11.086 11.126 11.170 11.217 11.220 11.187 11.357 11.803 12.245 12.681 13.113 13.539 13.961 14.378 14.790 15.197 15.599 15.996 15.855 15.135 14.431 13.741 13.068 12.409 11.766 11.139 10.527 9.931 9.349 8.784 8.701 9.015 9.319 9.612 9.894 10.165 10.425 10.675 10.913 11.141 11.358 11.564 12.131 12.996 13.925 14.916 15.970
3.062 3.217 3.361 3.493 3.615 3.725 3.825 3.913 3.991 4.170 4.713 5.264 5.822 6.388 6.961 7.542 8.131 8.727 9.331 9.942 10.561 11.053 11.028 10.963 10.905 10.855 10.811 10.775 10.746 10.723 10.708 10.700 10.699 10.827 11.252 11.672 12.087 12.497 12.902 13.302 13.697 14.087 14.473 14.854 15.229 15.232 14.580 13.944 13.323 12.718 12.128 11.554 10.995 10.451 9.923 9.411 8.913 8.749 9.016 9.271 9.516 9.750 9.973 10.185 10.386 10.576 10.756 10.924 11.082 11.695 12.840 14.049 15.320 16.654
3.201 3.317 3.422 3.517 3.600 3.672 3.733 3.783 3.822 3.908 4.478 5.055 5.640 6.232 6.837 7.475 8.063 8.601 9.089 9.527 9.927 10.257 10.216 10.183 10.157 10.138 10.126 10.122 10.124 10.133 10.150 10.173 10.204 10.304 10.707 11.105 11.498 11.886 12.270 12.649 13.022 13.391 13.755 14.114 14.469 14.593 14.010 13.442 12.890 12.353 11.832 11.326 10.835 10.360 9.900 9.456 9.027 8.809 9.027 9.234 9.431 9.616 9.791 9.955 10.108 10.250 10.382 10.502 10.612 11.196 12.622 14.110 15.661 17.276
3.350 3.428 3.494 3.550 3.595 3.628 3.651 3.694 3.891 4.105 4.807 5.471 6.085 6.649 7.163 7.627 8.041 8.405 8.719 8.983 9.208 9.402 9.398 9.397 9.402 9.415 9.435 9.461 9.495 9.536 9.584 9.639 9.701 9.786 10.167 10.544 10.916 11.282 11.644 12.002 12.354 12.701 13.044 13.381 13.714 13.939 13.424 12.925 12.441 11.973 11.519 11.082 10.660 10.253 9.861 9.485 9.124 8.879 9.049 9.209 9.357 9.494 9.621 9.737 9.842 9.936 10.019 10.092 10.153 10.635 12.340 14.109 15.940 17.834
3.531 3.669 3.823 3.995 4.183 4.388 4.610 4.848 5.104 5.376 5.874 6.364 6.803 7.193 7.534 7.824 8.064 8.254 8.394 8.485 8.535 8.554 8.573 8.603 8.640 8.685 8.736 8.794 8.860 8.932 9.012 9.098 9.192 9.292 9.634 9.989 10.339 10.684 11.025 11.361 11.691 12.017 12.338 12.654 12.965 13.269 12.823 12.392 11.976 11.576 11.192 10.822 10.468 10.130 9.806 9.499 9.206 8.961 9.083 9.194 9.294 9.384 9.462 9.530 9.587 9.633 9.668 9.692 9.706 10.012 11.997 14.044 16.155 18.328
4.259 4.455 4.668 4.898 5.145 5.408 5.689 5.986 6.300 6.631 6.985 7.301 7.567 7.783 7.949 8.065 8.132 8.148 8.115 8.032 7.908 7.751 7.741 7.803 7.872 7.947 8.030 8.120 8.217 8.321 8.432 8.550 8.675 8.807 9.106 9.440 9.769 10.092 10.411 10.726 11.035 11.339 11.639 11.933 12.223 12.508 12.206 11.844 11.496 11.165 10.848 10.547 10.261 9.991 9.736 9.496 9.272 9.063 9.127 9.190 9.242 9.284 9.314 9.334 9.343 9.341 9.328 9.305 9.469 10.027 12.677 15.304 17.906 20.484
4.970 5.225 5.496 5.785 6.090 6.412 6.751 7.106 7.479 7.868 8.140 8.282 8.374 8.417 8.409 8.352 8.245 8.088 7.881 7.624 7.326 6.993 6.902 6.996 7.096 7.203 7.317 7.439 7.567 7.703 7.845 7.995 8.151 8.315 8.585 8.897 9.204 9.506 9.804 10.097 10.384 10.667 10.945 11.219 11.487 11.750 11.574 11.280 11.001 10.737 10.489 10.256 10.039 9.836 9.649 9.478 9.322 9.181 9.183 9.289 9.556 9.864 10.216 10.609 11.045 11.524 12.044 12.607 13.213 13.860 16.280 18.801 21.297 23.770
5.664 5.978 6.308 6.655 7.018 7.399 7.796 8.210 8.641 9.088 9.339 9.308 9.226 9.095 8.914 8.683 8.403 8.072 7.692 7.262 6.789 6.282 6.057 6.182 6.313 6.452 6.598 6.751 6.911 7.077 7.251 7.433 7.621 7.816 8.069 8.360 8.645 8.926 9.202 9.474 9.740 10.001 10.258 10.510 10.757 10.999 10.927 10.701 10.490 10.295 10.138 10.055 10.019 10.031 10.090 10.196 10.349 10.550 10.886 11.298 11.752 12.249 12.787 13.368 13.992 14.657 15.366 16.116 16.909 17.744 19.901 22.316 24.707 27.074
6.342 6.714 7.102 7.507 7.929 8.368 8.824 9.296 9.785 10.291 10.582 10.377 10.122 9.818 9.463 9.059 8.605 8.102 7.548 6.945 6.298 5.615 5.204 5.361 5.524 5.694 5.871 6.056 6.247 6.445 6.651 6.863 7.083 7.309 7.559 7.829 8.093 8.352 8.607 8.857 9.102 9.352 9.601 9.827 10.030 10.209 10.233 10.170 10.155 10.187 10.267 10.393 10.567 10.788 11.056 11.371 11.734 12.144 12.662 13.261 13.903 14.586 15.313 16.081 16.892 17.745 18.640 19.578 20.557 21.580 23.541 25.850 28.136 30.397
7.003 7.433 7.880 8.343 8.824 9.321 9.835 10.365 10.913 11.477 11.869 11.491 11.063 10.585 10.057 9.480 8.853 8.176 7.450 6.673 5.852 4.994 4.345 4.533 4.727 4.929 5.138 5.353 5.576 5.806 6.043 6.287 6.577 6.932 7.277 7.587 7.873 8.136 8.375 8.591 8.783 8.952 9.098 9.220 9.319 9.394 9.474 9.621 9.816 10.057 10.346 10.681 11.064 11.495 11.972 12.496 13.068 13.687 14.392 15.178 16.007 16.878 17.791 18.747 19.745 20.785 21.867 22.992 24.159 25.368 27.199 29.403 31.583 33.739
7.647 8.135 8.641 9.162 9.701 10.256 10.829 11.418 12.023 12.646 13.201 12.649 12.048 11.397 10.696 9.945 9.145 8.295 7.396 6.446 5.451 4.419 3.479 3.749 4.100 4.452 4.806 5.159 5.514 5.869 6.225 6.582 6.940 7.298 7.630 7.835 8.018 8.176 8.312 8.424 8.512 8.578 8.620 8.638 8.633 8.605 8.667 9.023 9.427 9.877 10.375 10.920 11.512 12.151 12.838 13.571 14.352 15.180 16.076 17.050 18.066 19.124 20.224 21.367 22.552 23.779 25.048 26.360 27.714 29.110 30.875 32.974 35.049 37.099
8.274 8.821 9.385 9.965 10.562 11.175 11.806 12.453 13.117 13.797 14.495 13.851 13.076 12.252 11.379 10.439 9.389 8.374 7.391 6.443 5.522 4.625 3.755 4.080 4.435 4.791 5.147 5.504 5.862 6.221 6.581 6.941 7.302 7.664 8.007 8.109 8.187 8.242 8.274 8.282 8.267 8.229 8.167 8.082 7.973 7.841 7.811 8.376 8.989 9.648 10.355 11.109 11.910 12.758 13.653 14.596 15.585 16.622 17.714 18.875 20.078 21.323 22.611 23.940 25.312 26.726 28.182 29.681 31.221 32.804 34.570 36.563 38.533 40.479
8.885 9.490 10.112 10.750 11.405 12.077 12.766 13.471 14.129 14.549 14.965 14.150 13.083 12.049 11.049 10.082 9.149 8.250 7.384 6.552 5.748 4.968 4.215 4.410 4.768 5.128 5.487 5.848 6.209 6.572 6.934 7.298 7.662 8.027 8.393 8.407 8.382 8.334 8.262 8.166 8.048 7.906 7.740 7.551 7.339 7.104 6.906 7.680 8.502 9.370 10.286 11.248 12.258 13.315 14.419 15.570 16.768 18.013 19.307 20.655 22.045 23.477 24.951 26.467 28.026 29.627 31.270 32.955 34.682 36.451 38.283 40.172 42.036 43.877
9.479 10.075 10.512 10.944 11.372 11.795 12.214 12.628 13.037 13.442 13.842 13.298 12.347 11.430 10.546 9.696 8.879 8.096 7.346 6.630 5.944 5.282 4.646 4.739 5.101 5.463 5.826 6.190 6.555 6.921 7.287 7.654 8.022 8.390 8.759 8.731 8.602 8.450 8.274 8.076 7.853 7.608 7.339 7.047 6.731 6.392 6.030 6.935 7.965 9.042 10.167 11.338 12.557 13.822 15.135 16.494 17.901 19.354 20.855 22.389 23.966 25.584 27.245 28.948 30.693 32.481 34.310 36.182 38.096 40.052 42.015 43.798 45.558 47.293
8.673 9.099 9.520 9.937 10.349 10.756 11.159 11.557 11.951 12.340 12.724 12.417 11.583 10.782 10.014 9.280 8.580 7.913 7.279 6.679 6.109 5.565 5.046 5.066 5.431 5.797 6.164 6.531 6.899 7.268 7.638 8.008 8.379 8.751 9.124 9.080 8.847 8.592 8.313 8.010 7.684 7.335 6.963 6.567 6.148 5.706 5.240 6.141 7.380 8.666 9.999 11.379 12.805 14.279 15.800 17.368 18.983 20.645 22.354 24.077 25.841 27.646 29.493 31.383 33.315 35.289 37.305 39.363 41.463 43.605 45.411 46.167 46.900 47.609
7.718 8.129 8.534 8.935 9.331 9.723 10.110 10.492 10.870 11.243 11.612 11.507 10.789 10.104 9.452 8.835 8.250 7.699 7.182 6.698 6.245 5.817 5.416 5.392 5.761 6.130 6.500 6.871 7.242 7.614 7.987 8.361 8.736 9.111 9.487 9.453 9.118 8.758 8.376 7.970 7.541 7.089 6.613 6.114 5.591 5.046 4.477 5.298 6.745 8.240 9.781 11.369 13.005 14.687 16.416 18.192 20.015 21.886 23.803 25.720 27.670 29.609 31.374 33.012 34.524 35.909 37.167 38.299 39.304 40.182 40.934 41.587 42.216 42.821
6.769 7.164 7.553 7.939 8.319 8.695 9.066 9.433 9.795 10.153 10.506 10.567 9.965 9.396 8.861 8.359 7.891 7.456 7.055 6.687 6.350 6.040 5.756 5.717 6.089 6.461 6.835 7.209 7.584 7.959 8.336 8.713 9.091 9.469 9.849 9.852 9.413 8.950 8.464 7.955 7.423 6.867 6.288 5.686 5.060 4.411 3.739 4.406 6.062 7.765 9.514 11.311 13.401 15.969 18.345 20.530 22.523 24.325 25.936 27.479 28.938 30.270 31.476 32.555 33.507 34.333 35.033 35.606 36.052 36.372 36.565 37.036 37.561 38.062
5.826 6.204 6.578 6.948 7.313 7.673 8.028 8.379 8.726 9.068 9.405 9.599 9.112 8.660 8.241 7.855 7.502 7.183 6.898 6.646 6.426 6.233 6.066 6.040 6.415 6.792 7.168 7.546 7.924 8.303 8.683 9.063 9.444 9.826 10.209 10.276 9.733 9.167 8.578 7.966 7.330 6.671 5.989 5.654 6.371 7.109 7.869 9.605 12.282 14.769 17.064 19.168 21.080 22.801 24.331 25.669 26.816 27.772 28.536 29.385 30.285 31.058 31.705 32.226 32.619 32.887 33.028 33.042 32.930 32.692 32.327 32.514 32.935 33.332
