DATA/SHG/ECMWF/20170628/EN-41/20170709.en-41.asc
ncols        190
nrows        64
xllcorner    -5100000.000000000000
yllcorner    4130000.000000000000
cellsize     10000.000000000000
NODATA_value  -99999.000
[rows 32 to 63 of 64, columns 72 to 143 of 190]
3.349 3.163 2.997 2.833 2.672 2.515 2.360 2.208 2.060 1.914 1.771 1.631 1.494 1.423 1.671 1.929 2.195 2.470 2.753 3.045 3.346 3.656 3.969 4.285 4.607 5.090 6.119 7.174 8.256 9.364 10.500 11.662 12.851 14.066 15.308 16.578 17.873 18.471 17.687 16.856 15.978 15.054 14.083 13.065 12.000 11.076 10.641 10.170 9.664 10.257 12.042 13.720 15.291 16.754 18.110 19.358 20.499 21.532 22.458 23.277 23.988 24.685 25.404 26.098 26.765 27.407 28.023 28.612 29.176 29.714 30.226 30.711
3.373 3.164 3.007 2.854 2.704 2.556 2.412 2.270 2.132 1.996 1.864 1.734 1.607 1.498 1.777 2.064 2.361 2.665 2.979 3.301 3.632 3.972 4.315 4.661 5.014 5.452 6.599 7.773 8.973 10.200 11.454 12.735 14.042 15.376 16.737 18.125 19.691 21.261 20.953 20.610 20.231 19.816 19.365 18.878 18.355 17.797 17.202 16.572 15.906 15.942 17.252 18.455 19.550 20.538 21.419 22.192 22.858 23.417 23.868 24.212 24.449 24.828 25.433 26.012 26.565 27.092 27.594 28.069 28.518 28.942 29.339 29.711
3.402 3.173 3.015 2.872 2.732 2.595 2.461 2.329 2.201 2.076 1.953 1.834 1.717 1.604 1.874 2.192 2.518 2.853 3.197 3.549 3.910 4.280 4.653 5.030 5.413 5.804 7.049 8.435 10.231 12.098 14.036 16.046 18.126 20.278 22.501 24.795 27.160 29.290 28.823 28.320 27.781 27.206 26.595 25.948 25.266 24.548 23.794 23.004 22.178 21.732 22.567 23.295 23.916 24.430 24.836 25.135 25.326 25.411 25.388 25.257 25.020 24.997 25.488 25.952 26.391 26.804 27.191 27.552 27.887 28.197 28.480 28.737
3.436 3.187 3.020 2.888 2.758 2.631 2.507 2.386 2.268 2.152 2.040 1.931 1.825 1.721 1.963 2.311 2.667 3.032 3.406 4.139 5.325 6.404 7.293 8.012 8.645 9.192 10.946 12.986 15.096 17.278 19.531 21.855 24.250 26.716 29.254 31.862 34.542 37.292 36.721 36.058 35.360 34.625 33.855 33.049 32.207 31.329 30.415 29.466 28.480 27.628 27.989 28.243 28.389 28.428 28.360 28.185 27.902 27.513 27.016 26.411 25.700 25.192 25.569 25.919 26.244 26.542 26.815 27.062 27.283 27.478 27.647 27.791
3.476 3.207 3.023 2.900 2.781 2.664 2.550 2.439 2.331 2.226 2.124 2.025 2.448 3.575 4.936 6.287 7.531 8.666 9.693 10.613 11.424 12.127 12.640 12.979 13.233 13.401 15.097 17.451 19.876 22.373 24.940 27.578 30.288 33.068 35.920 38.842 41.836 44.901 44.649 43.826 42.968 42.074 41.144 40.179 39.177 38.140 37.067 35.958 34.813 33.633 33.517 33.296 32.969 32.534 31.992 31.343 30.586 29.723 28.752 27.674 26.489 25.414 25.676 25.912 26.123 26.307 26.466 26.599 26.705 26.787 26.842 26.871
3.521 3.232 3.023 2.910 2.801 3.049 3.718 4.516 5.444 6.501 7.687 9.003 10.448 12.022 13.375 14.351 15.219 15.979 16.631 17.176 17.612 17.940 18.076 18.036 17.911 17.701 19.163 21.831 24.571 27.381 30.263 33.215 36.239 39.333 42.499 45.736 49.043 52.422 52.606 51.624 50.606 49.553 48.463 47.338 46.177 44.981 43.748 42.480 41.176 39.837 39.151 38.457 37.655 36.746 35.731 34.608 33.378 32.041 30.597 29.046 27.388 25.661 25.809 25.932 26.028 26.098 26.143 26.162 26.155 26.122 26.063 25.978
4.778 4.916 5.213 5.942 6.800 7.787 8.904 10.150 11.525 13.030 14.663 16.427 18.319 20.341 21.902 22.503 22.996 23.381 23.658 23.828 23.889 23.842 23.601 23.183 22.680 22.091 23.143 26.126 29.180 32.304 35.500 38.766 42.104 45.512 48.991 52.542 56.163 59.855 60.592 59.451 58.274 57.061 55.812 54.528 53.208 51.852 50.460 49.033 47.570 46.071 44.891 43.723 42.448 41.066 39.577 37.981 36.278 34.468 32.551 30.527 28.395 26.157 25.969 25.977 25.959 25.916 25.847 25.751 25.630 25.483 25.311 25.112
8.124 8.207 8.481 9.658 10.964 12.399 13.963 15.656 17.479 19.431 21.512 23.722 26.062 28.531 30.517 30.743 30.861 30.872 30.774 30.569 30.256 29.835 29.217 28.420 27.539 26.572 27.039 30.335 33.703 37.141 40.651 44.231 47.882 51.604 55.397 59.261 63.196 67.202 68.608 67.307 65.971 64.599 63.191 61.747 60.268 58.753 57.202 55.616 53.994 52.336 50.737 49.095 47.347 45.492 43.530 41.461 39.285 37.002 34.612 32.116 29.512 26.801 26.155 26.049 25.917 25.760 25.544 25.264 25.019 24.807 24.631 24.489
11.481 11.509 11.624 13.248 15.001 16.884 18.895 21.036 23.305 25.704 28.232 30.890 33.676 36.591 39.220 39.071 38.815 38.450 37.978 37.399 36.711 35.916 34.922 33.748 32.488 31.143 30.849 34.460 38.141 41.893 45.716 49.610 53.575 57.610 61.717 65.894 70.142 74.461 76.652 75.192 73.697 72.166 70.599 68.996 67.358 65.684 63.974 62.229 60.448 58.631 56.688 54.574 52.353 50.025 47.590 45.048 42.400 39.521 36.193 32.895 29.626 26.387 25.145 24.880 24.648 24.451 24.288 24.160 24.067 24.007 23.982 23.992
14.849 14.822 14.779 16.712 18.913 21.242 23.701 26.288 29.005 31.850 34.825 37.929 41.162 44.524 48.010 47.487 46.856 46.118 45.271 44.318 43.256 42.087 40.717 39.165 37.527 35.804 34.575 38.499 42.494 46.559 50.696 54.903 59.181 63.530 67.950 72.440 77.002 81.634 84.726 83.107 81.453 79.763 78.037 76.275 74.478 72.645 70.777 68.872 66.744 63.679 60.510 57.105 53.730 50.384 47.068 43.781 40.524 37.296 34.098 30.930 27.791 24.682 23.249 23.135 23.055 23.010 23.000 23.023 23.081 23.174 23.301 23.462
18.228 18.145 18.047 20.051 22.698 25.475 28.380 31.414 34.577 37.869 41.290 44.840 48.519 52.327 56.264 55.991 54.986 53.873 52.653 51.325 49.890 48.347 46.602 44.672 42.657 40.556 38.371 42.454 46.762 51.141 55.590 60.111 64.702 69.364 74.096 78.900 83.774 88.719 92.830 90.871 87.377 83.976 80.669 77.455 74.335 71.308 68.374 65.534 62.787 60.133 57.350 54.075 50.829 47.613 44.426 41.269 38.142 35.044 31.976 28.937 25.928 22.949 21.320 21.358 21.430 21.536 21.677 21.853 22.062 22.307 22.585 22.898
21.617 21.479 21.326 23.265 26.358 29.581 32.933 36.413 40.023 43.761 47.628 51.624 55.749 60.003 64.385 64.582 63.203 61.717 60.123 58.422 56.613 54.697 52.576 50.269 47.876 45.398 42.836 46.323 50.945 55.636 60.344 63.988 67.520 70.940 74.248 77.445 80.529 83.502 86.293 83.117 80.035 77.046 74.150 71.348 68.639 66.023 63.501 61.072 58.736 56.493 54.163 51.017 47.901 44.815 41.758 38.731 35.733 32.765 29.826 26.917 24.038 21.188 19.358 19.548 19.771 20.030 20.322 20.649 21.010 21.406 21.836 22.300
25.017 24.824 24.616 26.353 29.893 33.562 37.360 41.286 45.341 49.526 53.839 58.280 62.851 67.550 72.378 73.261 71.509 69.649 67.682 65.607 63.425 61.136 57.489 53.847 50.311 46.880 43.554 45.263 48.750 52.126 55.390 58.542 61.582 64.510 67.327 70.032 72.625 75.106 77.475 75.273 72.602 70.024 67.540 65.149 62.851 60.646 58.535 56.517 54.592 52.760 50.949 47.933 44.947 41.990 39.063 36.165 33.297 30.459 27.650 24.870 22.120 19.400 17.364 17.705 18.080 18.490 18.934 19.412 19.925 20.472 21.054 21.669
28.428 28.180 27.917 29.316 33.302 37.417 41.660 46.033 50.534 55.163 59.922 64.809 69.825 74.969 80.243 79.862 75.654 71.579 67.637 63.828 60.151 56.607 53.255 50.077 47.004 44.035 41.172 41.913 44.909 47.793 50.565 53.225 55.774 58.211 60.536 62.749 64.851 66.840 68.718 67.337 65.077 62.911 60.837 58.857 56.970 55.176 53.476 51.868 50.354 48.933 47.605 44.822 41.965 39.138 36.341 33.573 30.834 28.125 25.445 22.795 20.175 17.584 15.336 15.829 16.356 16.917 17.512 18.142 18.806 19.505 20.238 21.005
31.850 31.547 31.228 32.154 36.585 41.146 45.835 50.653 54.371 57.861 61.144 64.218 67.084 69.742 72.192 72.305 68.556 64.940 61.456 58.105 54.886 51.800 48.909 46.193 43.583 41.077 38.677 38.692 41.196 43.588 45.869 48.038 50.096 52.041 53.875 55.597 57.208 58.707 60.094 59.310 57.462 55.706 54.043 52.474 50.998 49.614 48.324 47.127 46.023 45.012 44.095 41.685 38.957 36.260 33.592 30.953 28.344 25.764 23.214 20.693 18.202 15.741 13.308 13.920 14.598 15.311 16.058 16.839 17.654 18.504 19.388 20.307
35.266 34.453 33.723 33.694 37.506 41.110 44.507 47.696 50.676 53.449 56.014 58.371 60.520 62.461 64.194 64.638 61.347 58.189 55.163 52.270 49.509 46.880 44.449 42.197 40.049 38.005 36.067 35.598 37.611 39.513 41.302 42.980 44.547 46.001 47.344 48.576 49.695 50.704 51.600 51.193 49.755 48.410 47.158 45.999 44.933 43.960 43.080 42.293 41.599 40.999 40.491 38.520 35.923 33.354 30.816 28.306 25.827 23.376 20.955 18.564 16.202 13.870 11.567 11.979 12.808 13.672 14.570 15.503 16.469 17.470 18.506 19.575
35.093 34.569 34.129 33.782 36.876 39.763 42.442 44.914 47.177 49.233 51.081 52.721 54.154 55.379 56.396 56.861 54.028 51.327 48.759 46.323 44.019 41.848 39.877 38.087 36.401 34.820 33.344 32.633 34.155 35.565 36.864 38.051 39.127 40.091 40.943 41.684 42.314 42.831 43.238 42.985 41.957 41.022 40.180 39.431 38.775 38.213 37.743 37.366 37.082 36.891 36.793 35.329 32.861 30.422 28.013 25.633 23.282 20.961 18.670 16.407 14.175 11.972 9.798 10.005 10.985 12.000 13.050 14.133 15.251 16.403 17.577 18.707
34.843 34.607 34.456 34.388 36.441 38.611 40.573 42.328 43.874 45.214 46.345 47.269 47.986 48.494 48.795 48.889 46.597 44.354 42.243 40.264 38.418 36.704 35.193 33.864 32.640 31.521 30.507 29.795 30.826 31.746 32.554 33.251 33.836 34.310 34.672 34.923 35.062 35.090 35.006 34.686 34.068 33.543 33.111 32.772 32.526 32.373 32.313 32.346 32.472 32.691 33.002 32.112 29.773 27.463 25.183 22.932 20.711 18.519 16.356 14.224 12.120 10.103 8.317 8.509 9.750 10.948 12.104 13.217 14.288 15.316 16.302 17.246
34.513 34.567 34.704 34.924 36.200 37.653 38.899 39.937 40.767 41.390 41.806 42.014 42.015 41.808 41.393 40.772 39.055 37.269 35.615 34.094 32.704 31.447 30.396 29.529 28.767 28.109 27.556 27.108 27.625 28.055 28.373 28.580 28.675 28.658 28.531 28.291 27.941 27.479 26.905 26.296 26.088 25.973 25.951 26.021 26.185 26.442 26.791 27.233 27.769 28.397 29.118 28.867 26.706 24.937 23.164 21.388 19.608 17.825 16.037 14.246 12.451 10.652 8.850 8.582 9.636 10.648 11.618 12.545 13.429 14.272 15.071 15.828
34.105 34.447 34.873 35.382 36.152 36.889 37.419 37.741 37.856 37.763 37.463 36.956 36.241 35.319 34.190 32.853 31.403 30.073 28.877 27.812 26.879 26.078 25.486 25.080 24.780 24.584 24.492 24.505 24.552 24.492 24.320 24.037 23.642 23.136 22.518 21.790 20.949 19.998 18.935 17.815 18.017 18.311 18.699 19.197 20.495 21.804 23.126 24.460 25.806 27.164 28.535 29.195 27.412 25.627 23.837 22.044 20.247 18.446 16.641 14.833 13.021 11.205 9.385 8.698 9.566 10.392 11.175 11.916 12.614 13.270 13.884 14.455
33.619 34.250 34.964 35.761 36.298 36.319 36.133 35.740 35.139 34.331 33.316 32.094 30.665 29.028 27.184 25.132 23.639 22.767 22.026 21.418 20.942 20.598 20.464 20.520 20.680 20.945 21.314 21.788 21.607 21.057 20.395 19.622 18.738 17.742 16.635 16.058 15.527 15.005 14.493 13.991 15.146 16.461 17.788 19.127 20.479 21.842 23.218 24.606 26.006 27.418 28.843 29.922 28.123 26.320 24.513 22.703 20.889 19.071 17.249 15.424 13.594 11.761 9.924 8.856 9.538 10.178 10.775 11.330 11.842 12.312 12.740 13.125
33.055 33.974 34.976 36.061 36.637 35.943 35.042 33.933 32.618 31.095 29.366 27.429 25.285 22.934 20.375 17.610 15.765 15.349 15.065 14.913 14.893 15.005 15.329 15.846 16.467 17.193 18.297 19.410 19.503 18.947 18.400 17.862 17.335 16.817 16.308 15.810 15.321 14.841 14.372 13.912 14.901 16.270 17.651 19.044 20.449 21.867 23.296 24.738 26.193 27.659 29.137 30.628 28.837 27.017 25.193 23.366 21.534 19.699 17.860 16.018 14.171 12.321 10.467 9.058 9.554 10.007 10.419 10.787 11.114 11.398 11.640 11.839
32.413 33.619 34.909 36.282 37.170 35.761 34.145 32.322 30.292 28.055 25.611 22.960 20.102 17.037 13.765 10.286 7.781 7.821 8.762 10.075 11.333 12.536 13.682 14.779 15.832 16.841 17.807 18.730 18.948 18.434 17.929 17.434 16.949 16.473 16.007 15.551 15.104 14.667 14.240 13.822 14.642 16.065 17.500 18.947 20.407 21.878 23.362 24.858 26.366 27.886 29.418 30.963 29.554 27.717 25.876 24.032 22.183 20.331 18.475 16.615 14.752 12.885 11.014 9.302 9.612 9.880 10.105 10.288 10.429 10.527 10.583 10.596
31.692 33.187 34.764 36.425 37.896 35.772 33.442 30.904 28.160 25.209 22.051 19.082 16.369 13.782 11.322 8.989 7.429 8.663 9.842 10.966 12.035 13.049 14.005 14.911 15.773 16.591 17.366 18.098 18.382 17.910 17.448 16.996 16.553 16.119 15.696 15.282 14.878 14.483 14.098 13.723 14.371 15.847 17.336 18.837 20.351 21.876 23.414 24.963 26.525 28.099 29.686 31.284 30.275 28.421 26.563 24.701 22.836 20.967 19.093 17.217 15.336 13.452 11.564 9.672 9.713 9.795 9.835 9.832 9.787 9.699 9.570 9.397
30.894 32.676 34.541 36.490 38.094 35.212 32.175 29.265 26.481 23.824 21.293 18.889 16.612 14.461 12.437 10.540 8.934 9.979 10.969 11.904 12.785 13.610 14.376 15.091 15.763 16.390 16.975 17.516 17.807 17.377 16.957 16.547 16.147 15.756 15.374 15.003 14.641 14.289 13.946 13.613 14.086 15.616 17.159 18.714 20.281 21.861 23.452 25.056 26.672 28.300 29.940 31.592 31.000 29.128 27.253 25.374 23.492 21.606 19.715 17.822 15.924 14.023 12.117 10.209 9.857 9.753 9.607 9.419 9.188 8.915 8.600 8.242
28.839 30.269 31.645 32.968 34.237 32.287 29.686 27.212 24.864 22.643 20.548 18.580 16.738 15.023 13.435 11.973 10.638 11.343 12.145 12.891 13.583 14.220 14.796 15.320 15.801 16.238 16.632 16.983 17.221 16.834 16.456 16.088 15.730 15.382 15.043 14.713 14.394 14.084 13.783 13.493 13.788 15.372 16.969 18.578 20.199 21.832 23.477 25.135 26.805 28.486 30.180 31.887 31.728 29.839 27.947 26.051 24.151 22.248 20.341 18.430 16.515 14.597 12.675 10.749 10.044 9.755 9.423 9.049 8.633 8.174 7.673 7.130
25.773 27.019 28.211 29.350 30.434 29.248 27.083 25.045 23.133 21.347 19.688 18.155 16.749 15.470 14.317 13.290 12.390 12.756 13.368 13.926 14.429 14.878 15.265 15.598 15.888 16.135 16.338 16.498 16.615 16.281 15.945 15.620 15.304 14.998 14.701 14.414 14.137 13.869 13.611 13.362 13.476 15.115 16.765 18.428 20.103 21.790 23.489 25.201 26.924 28.660 30.408 32.168 32.459 30.554 28.644 26.731 24.815 22.894 20.970 19.042 17.110 15.175 13.235 11.292 10.274 9.799 9.295 8.825 8.371 7.932 7.510 7.103
22.762 23.824 24.831 25.786 26.686 26.095 24.366 22.763 21.286 19.936 18.713 17.615 16.645 15.800 15.082 14.491 14.026 14.216 14.640 15.009 15.324 15.584 15.781 15.924 16.024 16.080 16.093 16.063 15.989 15.717 15.424 15.141 14.868 14.604 14.349 14.104 13.869 13.644 13.428 13.222 13.152 14.844 16.549 18.265 19.994 21.735 23.488 25.253 27.030 28.820 30.621 32.435 33.194 31.272 29.345 27.415 25.481 23.510 21.366 19.286 17.268 15.314 13.423 11.595 10.484 10.052 9.635 9.234 8.849 8.479 8.126 7.788
19.804 20.682 21.505 22.276 22.992 22.828 21.534 20.367 19.326 18.411 17.622 16.960 16.424 16.015 15.732 15.575 15.545 15.723 15.959 16.140 16.267 16.339 16.346 16.299 16.208 16.074 15.897 15.676 15.412 15.144 14.894 14.652 14.421 14.199 13.987 13.785 13.592 13.408 13.235 13.071 12.916 14.561 16.319 18.089 19.872 21.666 23.473 25.292 27.117 28.643 30.110 31.517 32.276 30.093 27.973 25.916 23.922 21.991 20.124 18.320 16.579 14.901 13.286 11.735 10.670 10.306 9.959 9.627 9.310 9.010 8.725 8.456
16.900 17.594 18.233 18.820 19.352 19.447 18.589 17.856 17.250 16.770 16.417 16.189 16.088 16.114 16.265 16.543 16.947 17.279 17.327 17.319 17.258 17.141 16.960 16.722 16.441 16.117 15.749 15.338 14.884 14.561 14.353 14.154 13.965 13.785 13.615 13.455 13.304 13.163 13.032 12.910 12.801 14.210 15.891 17.512 19.075 20.579 22.024 23.410 24.737 26.005 27.215 28.365 29.311 27.404 25.560 23.780 22.063 20.409 18.818 17.290 15.825 14.424 13.085 11.810 10.839 10.545 10.266 10.003 9.756 9.524 9.308 9.108
14.050 14.559 15.015 15.418 15.766 15.953 15.529 15.232 15.060 15.015 15.096 15.304 15.637 16.097 16.683 17.395 18.233 18.882 18.742 18.546 18.297 17.992 17.622 17.194 16.723 16.208 15.651 15.050 14.405 13.968 13.801 13.771 13.752 13.708 13.640 13.549 13.433 13.293 13.129 12.941 12.729 13.697 15.120 16.484 17.789 19.036 20.223 21.352 22.422 23.433 24.385 25.278 26.112 24.653 23.086 21.582 20.141 18.763 17.448 16.197 15.008 13.883 12.821 11.822 10.993 10.767 10.557 10.363 10.185 10.022 9.875 9.744
11.253 11.579 11.851 12.069 12.234 12.345 12.356 12.493 12.756 13.146 13.661 14.303 15.071 15.965 16.985 18.131 19.403 20.534 20.205 19.822 19.384 18.891 18.305 17.709 17.141 16.602 16.091 15.609 15.154 14.853 14.776 14.675 14.550 14.401 14.227 14.030 13.809 13.563 13.294 13.000 12.682 13.247 14.413 15.520 16.568 17.557 18.487 19.358 20.171 20.925 21.619 22.256 22.833 21.839 20.548 19.320 18.156 17.054 16.015 15.040 14.128 13.279 12.492 11.769 11.130 10.973 10.832 10.707 10.597 10.504 10.426 10.363
