DATA/SHG/ECMWF/20170628/EN-41/20170710.en-41.asc
ncols        190
nrows        64
xllcorner    -5100000.000000000000
yllcorner    4130000.000000000000
cellsize     10000.000000000000
NODATA_value  -99999.000
[rows 32 to 63 of 64, columns 72 to 143 of 190]
20.679 21.057 20.103 19.182 18.294 17.438 16.616 15.826 15.069 14.345 13.654 12.996 12.370 11.879 11.934 12.025 12.153 12.318 12.520 12.758 13.034 13.346 13.698 14.085 14.501 14.928 15.321 15.739 16.183 16.651 17.144 17.662 18.205 18.774 19.367 19.986 20.629 20.725 19.743 18.738 17.710 16.660 15.587 14.492 13.375 12.341 11.623 10.943 10.302 11.667 15.171 18.550 21.802 24.928 27.928 30.802 33.550 36.172 38.667 41.037 43.281 42.828 40.600 38.403 36.237 34.102 31.998 29.926 27.884 25.873 23.893 21.944
18.097 18.418 17.582 16.775 16.001 15.260 14.552 13.876 13.234 12.624 12.047 11.502 10.991 10.535 10.718 10.937 11.193 11.486 11.815 12.182 12.585 13.025 13.506 14.022 14.567 15.131 15.635 16.164 16.718 17.297 17.901 18.530 19.185 19.864 20.568 21.297 22.092 22.605 21.748 20.930 20.151 19.410 18.707 18.043 17.417 16.830 16.281 15.771 15.299 16.081 19.028 21.849 24.545 27.114 29.558 31.875 34.067 36.133 38.072 39.886 41.574 41.397 39.306 37.245 35.216 33.217 31.250 29.313 27.408 25.533 23.690 21.877
15.588 15.655 15.034 14.342 13.682 13.055 12.460 11.899 11.370 10.874 10.411 9.981 9.584 9.219 9.470 9.817 10.200 10.621 11.078 11.572 12.103 12.671 13.280 13.925 14.599 15.302 15.920 16.653 17.728 18.768 19.774 20.745 21.682 22.584 23.451 24.284 25.082 25.692 25.005 24.357 23.747 23.175 22.642 22.147 21.690 21.272 20.893 20.552 20.249 20.620 23.011 25.276 27.416 29.429 31.316 33.078 34.714 36.224 37.608 38.866 39.998 39.937 37.982 36.058 34.165 32.303 30.471 28.671 26.902 25.164 23.456 21.780
13.150 12.965 12.459 11.880 11.334 10.821 10.341 9.894 9.479 9.097 8.748 8.431 8.148 7.897 8.189 8.664 9.176 9.724 10.309 11.598 13.694 15.493 16.875 17.884 18.659 19.200 20.101 21.057 21.979 22.866 23.718 24.536 25.319 26.068 26.782 27.461 28.106 28.716 28.217 27.738 27.297 26.894 26.530 26.205 25.917 25.668 25.458 25.286 25.152 25.287 27.122 28.831 30.414 31.872 33.204 34.410 35.490 36.444 37.273 37.976 38.553 38.447 36.628 34.841 33.084 31.358 29.663 27.999 26.366 24.764 23.193 21.653
10.785 10.346 9.856 9.391 8.960 8.561 8.194 7.861 7.560 7.292 7.056 6.854 7.784 10.295 13.081 15.630 17.883 19.839 21.500 22.864 23.933 24.705 25.053 25.025 24.762 24.264 24.692 25.494 26.263 26.996 27.695 28.360 28.990 29.585 30.146 30.672 31.164 31.621 31.383 31.073 30.801 30.568 30.373 30.216 30.098 30.018 29.977 29.974 30.009 30.083 31.359 32.513 33.541 34.443 35.219 35.870 36.395 36.794 37.068 37.216 37.238 36.928 35.245 33.594 31.973 30.383 28.825 27.297 25.800 24.334 22.899 21.495
8.491 7.800 7.226 6.875 6.557 6.869 8.022 9.558 11.479 13.784 16.473 19.547 23.005 26.847 29.738 31.259 32.484 33.413 34.046 34.384 34.425 34.171 33.487 32.421 31.120 29.586 29.315 29.965 30.579 31.160 31.706 32.217 32.694 33.136 33.544 33.917 34.255 34.559 34.503 34.362 34.260 34.195 34.170 34.182 34.233 34.322 34.449 34.615 34.819 35.062 35.724 36.322 36.795 37.142 37.363 37.459 37.429 37.274 36.992 36.586 36.053 35.379 33.833 32.317 30.833 29.379 27.957 26.565 25.204 23.874 22.575 21.307
7.394 7.086 7.259 8.591 10.306 12.406 14.889 17.757 21.008 24.644 28.663 33.066 37.854 43.025 46.644 47.137 47.335 47.238 46.844 46.156 45.171 43.891 42.175 40.072 37.735 35.163 33.971 34.468 34.929 35.357 35.749 36.108 36.431 36.720 36.975 37.195 37.381 37.532 37.578 37.606 37.673 37.777 37.920 38.102 38.321 38.579 38.875 39.210 39.583 39.994 40.215 40.258 40.176 39.968 39.635 39.176 38.592 37.882 37.047 36.086 34.999 33.787 32.391 31.011 29.663 28.345 27.059 25.803 24.578 23.384 22.221 21.089
8.233 8.062 8.438 11.101 14.147 17.577 21.391 25.588 30.169 35.134 40.483 46.215 52.331 58.831 63.798 63.265 62.437 61.313 59.894 58.179 56.169 53.864 51.117 47.978 44.604 40.997 38.660 39.003 39.312 39.586 39.826 40.031 40.202 40.338 40.440 40.507 40.540 40.538 40.608 40.805 41.040 41.313 41.625 41.975 42.363 42.790 43.255 43.758 44.300 44.880 44.833 44.321 43.685 42.923 42.035 41.022 39.884 38.620 37.231 35.716 34.076 32.310 30.919 29.676 28.464 27.282 26.101 24.878 23.687 22.527 21.400 20.304
9.033 9.000 9.255 13.248 17.624 22.384 27.527 33.053 38.963 45.257 51.934 58.994 66.438 74.265 81.201 79.642 77.788 75.639 73.195 70.455 67.420 64.090 60.313 56.138 51.730 47.087 43.382 43.572 43.728 43.849 43.936 43.989 44.006 43.990 43.939 43.853 43.733 43.579 43.592 43.958 44.362 44.804 45.284 45.803 46.360 46.955 47.589 48.261 48.971 49.719 49.577 48.512 47.321 46.005 44.564 42.997 41.305 39.387 37.096 34.836 32.607 30.410 28.868 27.658 26.480 25.334 24.219 23.136 22.085 21.065 20.077 19.121
9.795 9.899 10.042 15.032 20.737 26.826 33.297 40.152 47.390 55.012 63.016 71.404 80.174 89.328 98.852 96.268 93.389 90.215 86.746 82.982 78.923 74.569 69.763 64.553 59.110 53.433 48.136 48.174 48.177 48.145 48.079 47.979 47.844 47.675 47.471 47.233 46.960 46.653 46.531 47.066 47.638 48.249 48.898 49.585 50.310 51.074 51.876 52.716 53.436 53.334 52.283 49.910 47.569 45.259 42.980 40.733 38.516 36.332 34.178 32.056 29.965 27.906 26.398 25.328 24.289 23.283 22.308 21.365 20.453 19.573 18.725 17.909
10.519 10.760 11.040 16.454 23.487 30.904 38.703 46.885 55.451 64.399 73.730 83.444 93.541 104.020 114.883 113.143 109.240 105.042 100.549 95.762 90.679 85.302 79.466 73.223 66.745 60.035 53.091 52.808 52.659 52.474 52.256 52.003 51.715 51.393 51.037 50.646 50.221 49.761 49.425 50.057 50.073 50.064 50.029 49.968 49.881 49.769 49.630 49.465 49.275 49.058 48.234 45.999 43.796 41.624 39.483 37.373 35.295 33.248 31.232 29.248 27.295 25.373 23.898 22.968 22.069 21.202 20.367 19.564 18.792 18.052 17.343 16.666
11.205 11.582 11.999 17.514 25.875 34.618 43.745 53.253 63.145 73.419 84.076 95.115 106.537 118.342 130.530 130.267 125.340 120.119 114.603 108.792 102.687 96.287 89.423 82.146 74.635 66.892 58.914 57.476 57.173 56.836 56.419 55.134 53.880 52.657 51.465 50.305 49.176 48.078 47.024 46.952 46.855 46.732 46.583 46.408 46.208 45.981 45.728 45.450 45.145 44.815 44.158 42.061 39.995 37.961 35.958 33.986 32.045 30.136 28.258 26.412 24.597 22.813 21.369 20.579 19.820 19.092 18.397 17.733 17.101 16.500 15.931 15.394
11.852 12.367 12.921 18.213 27.900 37.970 48.422 59.256 70.473 82.073 94.054 106.418 119.165 132.294 145.805 147.639 141.689 135.445 128.907 122.074 114.946 107.524 97.622 87.759 78.115 68.690 59.483 56.078 54.837 53.627 52.449 51.302 50.186 49.101 48.048 47.025 46.034 45.075 44.146 43.880 43.669 43.432 43.169 42.881 42.566 42.225 41.859 41.467 41.048 40.604 40.053 38.094 36.166 34.270 32.405 30.571 28.768 26.996 25.256 23.547 21.869 20.223 18.812 18.160 17.541 16.953 16.397 15.873 15.380 14.919 14.490 14.092
12.461 13.112 13.803 18.550 29.563 40.958 52.735 64.895 77.436 90.360 103.666 117.354 131.424 145.876 160.711 160.970 149.968 139.242 128.792 118.619 108.721 99.099 89.859 80.959 72.278 63.815 55.571 51.664 50.562 49.490 48.449 47.440 46.462 45.515 44.600 43.715 42.862 42.040 41.250 40.839 40.514 40.164 39.787 39.385 38.956 38.502 38.022 37.516 36.984 36.426 35.843 34.100 32.310 30.551 28.823 27.127 25.462 23.828 22.225 20.654 19.114 17.605 16.224 15.713 15.233 14.785 14.368 13.983 13.630 13.308 13.018 12.760
13.032 13.820 14.648 18.527 30.865 43.584 56.686 70.169 81.894 93.205 104.136 114.685 124.852 134.639 144.045 146.296 136.247 126.475 116.978 107.757 98.812 90.142 81.859 73.922 66.203 58.703 51.421 47.222 46.257 45.323 44.420 43.549 42.709 41.900 41.122 40.376 39.660 38.976 38.323 37.830 37.392 36.927 36.437 35.921 35.379 34.811 34.217 33.597 32.952 32.281 31.583 30.078 28.426 26.804 25.214 23.656 22.128 20.632 19.166 17.732 16.330 14.958 13.618 13.236 12.896 12.587 12.309 12.064 11.850 11.667 11.517 11.398
13.562 14.359 15.149 17.472 29.375 40.897 52.038 62.798 73.178 83.176 92.794 102.031 110.887 119.362 127.456 131.391 122.295 113.475 104.930 96.661 88.668 80.951 73.625 66.649 59.892 53.353 47.033 42.749 41.922 41.126 40.362 39.628 38.926 38.254 37.614 37.006 36.428 35.882 35.366 34.853 34.301 33.723 33.119 32.489 31.833 31.152 30.444 29.711 28.952 28.167 27.356 26.029 24.514 23.030 21.577 20.156 18.766 17.407 16.079 14.783 13.517 12.283 11.080 10.730 10.529 10.359 10.221 10.115 10.040 9.997 9.986 10.006
13.342 14.118 14.887 15.678 26.268 36.477 46.306 55.754 64.821 73.508 81.814 89.740 97.285 104.449 111.233 116.255 108.111 100.243 92.650 85.332 78.291 71.524 65.155 59.140 53.344 47.767 42.407 38.248 37.559 36.900 36.273 35.677 35.113 34.579 34.077 33.606 33.166 32.757 32.379 31.907 31.241 30.550 29.832 29.089 28.320 27.525 26.704 25.857 24.985 24.086 23.162 21.952 20.574 19.228 17.912 16.628 15.376 14.154 12.963 11.804 10.676 9.579 8.514 8.195 8.133 8.103 8.104 8.137 8.201 8.297 8.454 8.687
13.128 13.883 14.631 15.374 23.518 32.415 40.932 49.069 56.825 64.201 71.196 77.811 84.046 89.900 95.374 100.468 93.696 86.778 80.137 73.770 67.679 61.863 56.449 51.396 46.561 41.943 37.544 33.717 33.165 32.645 32.155 31.697 31.270 30.874 30.509 30.176 29.873 29.602 29.362 28.993 28.214 27.409 26.578 25.721 24.838 23.930 22.995 22.035 21.049 20.037 19.000 17.847 16.606 15.397 14.219 13.073 11.957 10.873 9.820 8.798 7.807 6.901 6.219 6.141 6.390 6.632 6.869 7.100 7.325 7.545 7.758 7.965
12.920 13.654 14.381 15.103 21.125 28.711 35.917 42.743 49.188 55.254 60.939 66.245 71.170 75.715 79.880 83.665 79.049 73.082 67.391 61.975 56.834 51.968 47.509 43.416 39.540 35.883 32.443 29.222 28.743 28.360 28.008 27.687 27.398 27.139 26.912 26.716 26.551 26.417 26.314 26.111 25.218 24.299 23.355 22.384 21.388 20.366 19.319 18.245 17.146 16.021 14.870 13.714 12.658 11.987 11.313 10.637 9.959 9.278 8.594 7.909 7.220 6.530 5.836 5.632 5.855 6.072 6.283 6.488 6.687 6.881 7.068 7.250
12.718 13.431 14.137 14.837 19.087 25.363 31.259 36.775 41.911 46.667 51.044 55.040 58.657 61.893 64.750 67.227 64.170 59.154 54.413 49.946 45.755 41.838 38.334 35.201 32.284 29.586 27.106 24.843 24.291 24.045 23.831 23.648 23.496 23.375 23.285 23.226 23.198 23.202 23.236 23.259 22.253 21.221 20.163 19.087 18.306 17.532 16.767 16.009 15.259 14.517 13.783 13.067 12.387 11.705 11.021 10.334 9.645 8.953 8.258 7.562 6.862 6.161 5.457 5.129 5.326 5.517 5.703 5.882 6.056 6.223 6.385 6.541
12.522 13.214 13.899 14.578 17.406 22.372 26.958 31.165 34.993 38.440 41.508 44.197 46.505 48.434 49.984 51.153 49.061 44.994 41.202 37.685 34.442 31.475 28.925 26.750 24.793 23.053 21.531 20.227 19.810 19.701 19.624 19.579 19.564 19.580 19.628 20.028 20.432 20.819 21.188 21.540 20.853 20.083 19.320 18.566 17.819 17.080 16.348 15.625 14.910 14.202 13.502 12.811 12.120 11.427 10.732 10.034 9.333 8.631 7.925 7.218 6.507 5.795 5.080 4.633 4.804 4.970 5.129 5.283 5.431 5.572 5.708 5.838
12.332 13.002 13.667 14.325 16.079 19.737 23.015 25.914 28.433 30.573 32.333 33.714 34.715 35.338 35.580 35.444 33.720 30.602 27.759 25.191 22.897 20.877 19.281 18.064 17.065 16.284 16.296 16.434 16.773 17.223 17.655 18.070 18.467 18.847 19.210 19.555 19.882 20.192 20.484 20.759 20.221 19.485 18.756 18.036 17.324 16.619 15.922 15.233 14.552 13.879 13.214 12.557 11.856 11.152 10.445 9.737 9.025 8.312 7.595 6.877 6.156 5.432 4.706 4.143 4.289 4.428 4.562 4.690 4.812 4.928 5.038 5.143
12.148 12.797 13.440 14.077 15.108 17.458 19.428 21.019 22.231 23.064 23.517 23.592 23.287 22.603 21.540 20.098 18.149 15.979 15.316 15.351 15.412 15.499 15.617 15.762 15.928 16.114 16.320 16.546 16.857 17.230 17.586 17.924 18.244 18.547 18.833 19.101 19.351 19.584 19.800 19.998 19.580 18.879 18.185 17.499 16.821 16.151 15.488 14.834 14.187 13.549 12.918 12.295 11.594 10.879 10.162 9.442 8.720 7.996 7.268 6.539 5.807 5.072 4.336 3.660 3.780 3.894 4.002 4.104 4.200 4.291 4.375 4.454
11.969 12.598 13.220 13.836 14.492 15.534 16.198 16.482 16.387 15.914 15.061 14.713 14.692 14.650 14.588 14.504 14.432 14.505 14.603 14.727 14.877 15.052 15.259 15.494 15.749 16.025 16.320 16.637 16.961 17.257 17.536 17.797 18.041 18.267 18.475 18.667 18.840 18.997 19.135 19.256 18.932 18.265 17.606 16.954 16.311 15.675 15.047 14.427 13.815 13.210 12.614 12.025 11.336 10.610 9.882 9.151 8.418 7.683 6.945 6.204 5.461 4.716 3.968 3.218 3.277 3.366 3.448 3.524 3.595 3.660 3.719 3.771
11.796 12.404 13.005 13.600 14.204 14.290 14.322 14.334 14.324 14.294 14.243 14.171 14.078 13.965 13.831 13.676 13.520 13.681 13.868 14.080 14.319 14.583 14.879 15.203 15.548 15.913 16.298 16.704 17.084 17.303 17.505 17.689 17.856 18.006 18.138 18.252 18.349 18.428 18.490 18.535 18.276 17.644 17.019 16.402 15.792 15.191 14.598 14.012 13.434 12.864 12.302 11.748 11.080 10.344 9.605 8.863 8.119 7.373 6.624 5.872 5.119 4.362 3.604 2.842 2.781 2.844 2.901 2.951 2.996 3.035 3.068 3.096
11.622 12.233 12.848 13.468 14.093 14.197 14.158 14.098 14.017 13.915 13.792 13.649 13.484 13.299 13.094 12.867 12.620 12.835 13.110 13.411 13.738 14.091 14.476 14.890 15.324 15.778 16.253 16.748 17.226 17.369 17.494 17.601 17.692 17.764 17.819 17.857 17.877 17.880 17.865 17.833 17.613 17.015 16.424 15.842 15.267 14.700 14.141 13.589 13.046 12.510 11.983 11.463 10.828 10.080 9.330 8.578 7.823 7.066 6.306 5.544 4.779 4.012 3.242 2.470 2.292 2.329 2.360 2.385 2.404 2.418 2.425 2.427
11.439 12.067 12.699 13.335 13.977 14.124 14.013 13.881 13.729 13.555 13.361 13.146 12.910 12.654 12.376 12.078 11.760 11.966 12.330 12.720 13.135 13.576 14.050 14.554 15.077 15.621 16.185 16.770 17.374 17.453 17.502 17.533 17.546 17.542 17.521 17.482 17.425 17.351 17.260 17.151 16.942 16.378 15.822 15.274 14.733 14.201 13.676 13.159 12.650 12.149 11.655 11.170 10.579 9.820 9.059 8.296 7.530 6.762 5.991 5.218 4.442 3.664 2.884 2.101 1.809 1.820 1.877 2.064 2.230 2.375 2.498 2.601
11.252 11.896 12.545 13.198 13.856 14.070 13.888 13.684 13.460 13.215 12.949 12.663 12.356 12.028 11.679 11.309 10.919 11.076 11.528 12.006 12.510 13.039 13.602 14.195 14.808 15.441 16.095 16.768 17.462 17.558 17.529 17.483 17.420 17.339 17.241 17.126 16.993 16.842 16.674 16.489 16.264 15.734 15.212 14.698 14.192 13.694 13.203 12.721 12.246 11.779 11.320 10.869 10.332 9.563 8.791 8.017 7.240 6.472 5.798 5.162 4.564 4.005 3.485 3.004 2.855 2.991 3.107 3.201 3.275 3.327 3.358 3.368
11.061 11.721 12.386 13.057 13.731 14.036 13.782 13.507 13.211 12.895 12.558 12.200 11.821 11.422 11.001 10.560 10.099 10.163 10.703 11.270 11.862 12.479 13.131 13.813 14.516 15.238 15.981 16.744 17.528 17.681 17.576 17.454 17.314 17.156 16.982 16.789 16.580 16.353 16.108 15.846 15.566 15.082 14.595 14.115 13.643 13.179 12.723 12.275 11.834 11.365 10.912 10.474 10.001 9.302 8.642 8.020 7.437 6.893 6.387 5.921 5.492 5.103 4.752 4.440 4.290 4.334 4.357 4.359 4.340 4.299 4.238 4.155
10.864 11.542 12.224 12.911 13.602 14.021 13.695 13.349 12.982 12.594 12.185 11.756 11.306 10.835 10.344 9.831 9.298 9.227 9.856 10.511 11.192 11.897 12.638 13.410 14.201 15.013 15.845 16.697 17.570 17.824 17.642 17.443 17.227 16.993 16.741 16.472 16.186 15.883 15.561 15.223 14.802 14.296 13.787 13.294 12.816 12.353 11.906 11.474 11.057 10.656 10.270 9.900 9.535 9.006 8.515 8.062 7.648 7.273 6.937 6.639 6.380 6.160 5.978 5.835 5.745 5.697 5.627 5.536 5.424 5.291 5.137 4.962
10.664 11.358 12.057 12.760 13.468 14.026 13.628 13.211 12.772 12.313 11.833 11.332 10.811 10.268 9.705 9.122 8.518 8.269 8.987 9.730 10.499 11.293 12.123 12.983 13.864 14.765 15.686 16.628 17.590 17.985 17.727 17.329 16.899 16.469 16.040 15.612 15.184 14.757 14.330 13.904 13.478 13.032 12.591 12.165 11.754 11.359 10.979 10.615 10.266 9.932 9.613 9.310 9.023 8.669 8.347 8.064 7.819 7.613 7.446 7.317 7.227 7.176 7.163 7.189 7.220 7.079 6.917 6.733 6.529 6.304 6.057 5.790
10.459 11.170 11.885 12.605 13.330 14.050 13.581 13.092 12.582 12.051 11.500 10.928 10.335 9.721 9.087 8.432 7.757 7.290 8.095 8.927 9.784 10.666 11.600 12.523 13.405 14.248 15.052 15.816 16.541 16.840 16.411 15.983 15.555 15.128 14.702 14.276 13.851 13.426 13.002 12.578 12.155 11.754 11.380 11.021 10.678 10.350 10.038 9.740 9.459 9.192 8.941 8.705 8.485 8.293 8.140 8.026 7.950 7.913 7.915 7.955 8.034 8.151 8.307 8.502 8.714 8.481 8.226 7.951 7.654 7.336 6.997 6.637
