DATA/SHG/ECMWF/20170628/EN-41/20170628.en-41.asc
ncols        190
nrows        64
xllcorner    -5100000.000000000000
yllcorner    4130000.000000000000
cellsize     10000.000000000000
NODATA_value  -99999.000
[rows 0 to 32 of 64, columns 75 to 149 of 190]
6.409 6.289 6.171 6.057 5.946 5.838 5.781 5.793 5.782 5.771 5.761 5.751 5.740 5.730 5.720 5.710 5.700 5.691 5.731 5.947 6.176 6.415 6.664 6.925 7.196 7.477 7.769 8.071 8.385 8.708 8.925 8.756 8.577 8.387 8.187 7.976 7.754 7.521 7.278 7.024 6.760 6.485 6.291 6.370 6.440 6.499 6.550 6.590 6.621 6.642 6.653 6.655 6.647 6.630 6.549 6.316 6.097 5.892 5.700 5.522 5.358 5.207 5.070 4.946 4.836 4.740 4.621 4.408 4.198 3.990 3.785 3.583 3.384 3.187 2.994
6.688 6.528 6.366 6.201 6.032 5.860 5.714 5.703 5.693 5.683 5.673 5.663 5.653 5.643 5.633 5.624 5.614 5.605 5.623 5.887 6.163 6.449 6.746 7.054 7.372 7.701 8.040 8.390 8.750 9.121 9.435 9.218 8.991 8.754 8.506 8.247 7.977 7.697 7.406 7.105 6.793 6.470 6.185 6.221 6.247 6.264 6.271 6.268 6.256 6.234 6.202 6.161 6.110 6.049 5.964 5.792 5.634 5.490 5.359 5.241 5.138 5.048 4.971 4.909 4.860 4.824 4.774 4.573 4.375 4.180 3.987 3.798 3.611 3.427 3.246
6.688 6.517 6.343 6.166 5.986 5.802 5.624 5.614 5.604 5.594 5.584 5.575 5.565 5.556 5.547 5.537 5.528 5.519 5.511 5.814 6.138 6.472 6.816 7.171 7.536 7.912 8.299 8.696 9.104 9.522 9.950 9.692 9.417 9.132 8.836 8.529 8.212 7.884 7.546 7.197 6.837 6.467 6.089 6.082 6.065 6.039 6.003 5.957 5.901 5.836 5.761 5.677 5.583 5.479 5.366 5.255 5.157 5.074 5.004 4.947 4.904 4.875 4.859 4.857 4.869 4.894 5.007 4.986 4.959 4.926 4.886 4.841 4.789 4.730 4.666
6.691 6.509 6.324 6.135 5.943 5.748 5.550 5.524 5.515 5.506 5.496 5.487 5.478 5.469 5.460 5.451 5.442 5.434 5.425 5.730 6.101 6.482 6.874 7.276 7.688 8.112 8.545 8.990 9.445 9.910 10.386 10.176 9.854 9.521 9.177 8.823 8.458 8.083 7.697 7.300 6.893 6.475 6.046 5.954 5.894 5.824 5.745 5.656 5.558 5.449 5.332 5.204 5.067 4.920 4.764 4.704 4.668 4.704 4.821 4.964 5.134 5.329 5.551 5.800 6.074 6.375 6.702 6.680 6.625 6.564 6.497 6.423 6.343 6.257 6.165
6.697 6.504 6.307 6.107 5.904 5.697 5.487 5.435 5.426 5.417 5.408 5.399 5.390 5.382 5.373 5.365 5.357 5.348 5.340 5.634 6.052 6.480 6.919 7.369 7.829 8.299 8.780 9.271 9.773 10.286 10.809 10.672 10.302 9.921 9.530 9.128 8.716 8.293 7.859 7.415 6.960 6.495 6.018 5.836 5.733 5.620 5.498 5.366 5.260 5.181 5.104 5.028 4.953 4.879 4.807 4.918 5.099 5.307 5.541 5.801 6.088 6.400 6.739 7.105 7.496 7.914 8.359 8.378 8.295 8.206 8.111 8.009 7.902 7.788 7.668
6.707 6.502 6.294 6.082 5.867 5.649 5.428 5.346 5.337 5.328 5.320 5.311 5.303 5.295 5.287 5.279 5.271 5.263 5.255 5.526 5.991 6.467 6.953 7.449 7.957 8.474 9.002 9.541 10.090 10.650 11.220 11.178 10.760 10.332 9.894 9.444 8.984 8.514 8.033 7.532 7.037 6.561 6.102 5.896 5.816 5.738 5.662 5.586 5.512 5.438 5.366 5.296 5.226 5.158 5.091 5.258 5.557 5.882 6.233 6.610 7.013 7.443 7.899 8.382 8.890 9.425 9.986 10.080 9.969 9.852 9.729 9.600 9.464 9.322 9.174
6.720 6.503 6.283 6.060 5.834 5.605 5.372 5.257 5.248 5.240 5.232 5.224 5.216 5.208 5.200 5.193 5.185 5.178 5.170 5.407 5.919 6.441 6.975 7.518 8.073 8.637 9.212 9.798 10.394 11.001 11.532 11.479 10.920 10.380 9.857 9.353 8.867 8.398 7.948 7.516 7.102 6.706 6.328 6.119 6.045 5.972 5.901 5.831 5.762 5.694 5.627 5.562 5.498 5.435 5.373 5.571 5.987 6.428 6.896 7.391 7.911 8.458 9.031 9.630 10.255 10.907 11.585 11.786 11.647 11.502 11.351 11.194 11.030 10.861 10.685
6.735 6.507 6.276 6.042 5.804 5.563 5.319 5.167 5.159 5.152 5.144 5.136 5.129 5.121 5.114 5.106 5.099 5.092 5.085 5.275 5.834 6.383 6.914 7.433 7.941 8.435 8.918 9.389 9.847 10.293 10.728 10.800 10.322 9.862 9.420 8.996 8.590 8.203 7.833 7.481 7.147 6.832 6.534 6.341 6.272 6.205 6.139 6.074 6.010 5.948 5.887 5.827 5.768 5.710 5.654 5.856 6.389 6.947 7.532 8.143 8.781 9.444 10.134 10.850 11.592 12.361 13.155 13.495 13.328 13.156 12.977 12.792 12.601 12.403 12.200
6.754 6.515 6.272 6.026 5.777 5.524 5.269 5.078 5.071 5.063 5.056 5.048 5.041 5.039 5.050 5.051 5.043 5.026 4.999 5.088 5.590 6.079 6.556 7.022 7.475 7.915 8.344 8.761 9.165 9.557 9.938 10.102 9.705 9.325 8.964 8.620 8.295 7.988 7.698 7.427 7.174 6.938 6.721 6.561 6.497 6.436 6.375 6.315 6.257 6.200 6.144 6.090 6.036 5.984 5.933 6.114 6.763 7.439 8.140 8.868 9.622 10.403 11.209 12.042 12.901 13.786 14.697 15.208 15.014 14.813 14.607 14.394 14.175 13.950 13.718
6.776 6.525 6.271 6.014 5.753 5.489 5.239 5.059 5.093 5.118 5.133 5.140 5.136 5.124 5.102 5.071 5.030 4.980 4.921 4.906 5.354 5.789 6.213 6.624 7.023 7.410 7.784 8.147 8.497 8.836 9.162 9.386 9.069 8.770 8.489 8.226 7.980 7.753 7.544 7.353 7.180 7.025 6.888 6.779 6.721 6.665 6.609 6.555 6.502 6.451 6.400 6.351 6.303 6.256 6.211 6.344 7.110 7.902 8.721 9.565 10.436 11.333 12.256 13.205 14.181 15.183 16.210 16.925 16.703 16.475 16.240 16.000 15.753 15.500 15.241
6.873 6.662 6.448 6.232 6.014 5.793 5.570 5.348 5.350 5.342 5.325 5.298 5.262 5.217 5.162 5.098 5.025 4.943 4.851 4.751 5.132 5.513 5.883 6.240 6.585 6.918 7.239 7.547 7.844 8.128 8.401 8.651 8.414 8.195 7.995 7.812 7.647 7.500 7.371 7.261 7.168 7.093 7.036 6.996 6.944 6.892 6.842 6.794 6.746 6.700 6.655 6.611 6.568 6.527 6.486 6.547 7.429 8.338 9.273 10.234 11.222 12.235 13.275 14.341 15.433 16.551 17.695 18.646 18.396 18.140 17.878 17.610 17.335 17.054 16.768
7.257 7.037 6.815 6.591 6.364 6.135 5.904 5.670 5.615 5.574 5.524 5.465 5.396 5.319 5.231 5.135 5.029 4.913 4.789 4.656 4.924 5.251 5.567 5.870 6.161 6.440 6.707 6.962 7.205 7.435 7.654 7.860 7.741 7.602 7.482 7.379 7.295 7.228 7.179 7.149 7.136 7.141 7.165 7.206 7.164 7.118 7.074 7.030 6.988 6.947 6.907 6.869 6.832 6.795 6.761 6.727 7.721 8.746 9.798 10.876 11.980 13.109 14.266 15.448 16.656 17.891 19.003 19.872 19.297 18.749 18.229 17.737 17.272 16.835 16.426
7.642 7.414 7.184 6.951 6.716 6.479 6.239 5.997 5.888 5.815 5.732 5.640 5.539 5.428 5.309 5.179 5.041 4.893 4.736 4.570 4.730 5.003 5.265 5.514 5.752 5.977 6.190 6.391 6.580 6.757 6.921 7.074 7.049 6.990 6.950 6.928 6.923 6.937 6.968 7.018 7.085 7.170 7.274 7.395 7.383 7.343 7.304 7.265 7.229 7.193 7.159 7.125 7.093 7.063 7.033 7.005 7.985 9.081 10.115 11.128 12.119 13.087 14.034 14.959 15.863 16.744 17.603 18.441 18.076 17.651 17.254 16.884 16.542 16.227 15.941
8.029 7.793 7.554 7.313 7.069 6.824 6.576 6.325 6.169 6.063 5.948 5.824 5.690 5.547 5.394 5.232 5.061 4.881 4.691 4.493 4.549 4.769 4.977 5.172 5.356 5.527 5.687 5.834 5.969 6.092 6.203 6.302 6.338 6.360 6.399 6.457 6.533 6.626 6.738 6.867 7.015 7.180 7.364 7.565 7.601 7.566 7.532 7.499 7.471 7.435 7.384 7.317 7.236 7.139 7.027 6.899 7.617 8.576 9.514 10.430 11.323 12.195 13.045 13.874 14.680 15.464 16.227 16.968 16.829 16.527 16.252 16.005 15.786 15.594 15.429
8.418 8.173 7.926 7.677 7.425 7.171 6.914 6.655 6.459 6.320 6.173 6.015 5.849 5.673 5.488 5.294 5.090 4.877 4.655 4.424 4.383 4.549 4.703 4.845 4.974 5.092 5.198 5.291 5.372 5.442 5.499 5.544 5.608 5.710 5.830 5.968 6.123 6.297 6.489 6.729 7.013 7.307 7.611 7.926 8.039 7.996 7.938 7.865 7.776 7.673 7.554 7.419 7.270 7.105 6.925 6.730 7.232 8.095 8.936 9.754 10.551 11.327 12.080 12.811 13.521 14.209 14.875 15.519 15.557 15.377 15.225 15.100 15.003 14.934 14.892
8.808 8.555 8.300 8.042 7.782 7.519 7.255 6.987 6.757 6.586 6.405 6.215 6.016 5.808 5.591 5.364 5.127 4.882 4.627 4.363 4.230 4.342 4.443 4.531 4.607 4.671 4.722 4.762 4.790 4.806 4.852 4.933 5.083 5.340 5.607 5.885 6.173 6.472 6.781 7.101 7.431 7.772 8.123 8.485 8.632 8.521 8.395 8.254 8.098 7.926 7.739 7.537 7.320 7.087 6.840 6.577 6.870 7.636 8.380 9.102 9.802 10.481 11.137 11.772 12.385 12.976 13.545 14.093 14.259 14.201 14.172 14.169 14.195 14.248 14.328
9.200 8.939 8.675 8.409 8.141 7.870 7.597 7.321 7.063 6.859 6.646 6.424 6.192 5.951 5.701 5.442 5.173 4.895 4.608 4.311 4.091 4.167 4.251 4.335 4.418 4.500 4.581 4.662 4.741 4.820 4.897 4.974 5.115 5.418 5.732 6.057 6.392 6.738 7.094 7.460 7.837 8.225 8.623 9.032 9.240 9.061 8.868 8.659 8.434 8.195 7.941 7.671 7.386 7.086 6.770 6.440 6.531 7.200 7.848 8.473 9.077 9.658 10.218 10.756 11.273 11.767 12.240 12.691 12.935 13.000 13.092 13.213 13.360 13.535 13.738
9.594 9.324 9.052 8.778 8.501 8.222 7.941 7.657 7.377 7.141 6.895 6.640 6.376 6.101 5.801 5.507 5.220 4.940 4.666 4.397 4.166 4.248 4.329 4.409 4.488 4.566 4.643 4.720 4.795 4.870 4.944 5.017 5.135 5.485 5.846 6.218 6.599 6.992 7.395 7.808 8.232 8.666 9.111 9.566 9.863 9.617 9.355 9.079 8.787 8.480 8.158 7.820 7.468 7.100 6.717 6.318 6.215 6.787 7.338 7.867 8.374 8.859 9.322 9.764 10.184 10.582 10.958 11.312 11.585 11.773 11.988 12.230 12.500 12.797 13.122
9.990 9.712 9.431 9.149 8.864 8.576 8.274 7.912 7.554 7.243 6.939 6.641 6.351 6.067 5.790 5.519 5.256 4.998 4.748 4.502 4.260 4.330 4.407 4.483 4.558 4.633 4.706 4.779 4.850 4.921 4.991 5.060 5.144 5.541 5.948 6.367 6.795 7.234 7.684 8.144 8.615 9.096 9.587 10.089 10.502 10.188 9.859 9.514 9.155 8.780 8.390 7.985 7.565 7.130 6.679 6.213 5.921 6.397 6.851 7.283 7.694 8.083 8.450 8.795 9.118 9.420 9.699 9.957 10.210 10.520 10.857 11.221 11.613 12.033 12.480
10.271 9.901 9.534 9.171 8.811 8.454 8.101 7.752 7.406 7.110 6.829 6.555 6.288 6.027 5.773 5.526 5.285 5.051 4.824 4.601 4.383 4.413 4.486 4.558 4.630 4.700 4.770 4.838 4.906 4.973 5.039 5.104 5.168 5.585 6.039 6.504 6.979 7.465 7.961 8.468 8.985 9.513 10.051 10.600 11.156 10.774 10.377 9.966 9.538 9.096 8.639 8.166 7.678 7.175 6.657 6.124 5.650 6.030 6.387 6.723 7.037 7.329 7.600 7.849 8.075 8.281 8.464 8.626 8.810 9.242 9.701 10.187 10.701 11.242 11.811
10.023 9.665 9.310 8.959 8.611 8.267 7.926 7.588 7.254 6.972 6.714 6.463 6.219 5.981 5.751 5.526 5.309 5.098 4.894 4.694 4.499 4.497 4.566 4.635 4.702 4.768 4.834 4.899 4.963 5.026 5.088 5.149 5.209 5.617 6.118 6.630 7.151 7.684 8.227 8.780 9.344 9.919 10.503 11.099 11.704 11.376 10.912 10.432 9.937 9.428 8.903 8.362 7.807 7.237 6.651 6.050 5.434 5.685 5.946 6.185 6.403 6.599 6.773 6.926 7.056 7.165 7.252 7.658 8.583 9.795 10.883 11.848 12.689 13.408 14.003
9.773 9.426 9.084 8.744 8.408 8.076 7.747 7.422 7.100 6.827 6.593 6.365 6.144 5.930 5.722 5.521 5.327 5.139 4.958 4.782 4.610 4.582 4.647 4.712 4.775 4.838 4.899 4.960 5.020 5.079 5.137 5.195 5.251 5.638 6.185 6.743 7.312 7.891 8.481 9.081 9.691 10.312 10.944 11.585 12.238 11.993 11.461 10.914 10.352 9.775 9.182 8.575 7.952 7.314 6.661 5.992 5.309 5.363 5.673 6.241 6.884 7.602 8.395 9.262 10.205 11.222 12.314 13.481 14.723 15.424 15.966 16.384 16.679 16.851 16.900
9.519 9.185 8.854 8.527 8.203 7.883 7.566 7.252 6.943 6.677 6.466 6.261 6.063 5.872 5.688 5.510 5.338 5.174 5.016 4.863 4.714 4.668 4.729 4.790 4.849 4.908 4.966 5.023 5.079 5.134 5.188 5.242 5.294 5.647 6.241 6.846 7.461 8.087 8.723 9.369 10.027 10.694 11.372 12.060 12.759 12.626 12.026 11.412 10.782 10.131 9.511 8.953 8.458 8.025 7.655 7.347 7.102 7.607 8.432 9.332 10.306 11.356 12.480 13.678 14.952 16.300 17.724 19.221 20.794 21.169 21.164 21.036 20.785 20.411 19.914
9.263 8.940 8.622 8.307 7.995 7.686 7.382 7.080 6.782 6.521 6.333 6.152 5.977 5.809 5.647 5.492 5.344 5.202 5.067 4.938 4.812 4.754 4.812 4.868 4.924 4.979 5.033 5.086 5.138 5.189 5.240 5.289 5.338 5.644 6.285 6.936 7.598 8.270 8.953 9.646 10.319 10.917 11.474 11.990 12.466 12.334 11.740 11.209 10.741 10.335 9.992 9.711 9.493 9.337 9.244 9.214 9.246 9.955 11.111 12.342 13.648 15.028 16.483 18.013 19.618 21.297 23.051 24.880 26.783 27.028 26.478 25.804 25.007 24.088 23.045
9.003 8.693 8.387 8.083 7.784 7.487 7.195 6.905 6.619 6.360 6.194 6.036 5.884 5.739 5.601 5.469 5.344 5.225 5.113 5.007 4.905 4.842 4.895 4.948 5.000 5.051 5.101 5.150 5.198 5.246 5.292 5.371 5.522 5.873 6.576 7.237 7.858 8.439 8.978 9.477 9.935 10.352 10.728 11.063 11.358 11.363 11.047 10.793 10.602 10.473 10.407 10.403 10.462 10.583 10.767 11.014 11.322 12.223 13.710 15.272 16.909 18.620 20.406 22.267 24.202 26.212 28.296 30.456 32.690 33.002 31.906 30.687 29.345 27.880 26.292
8.741 8.443 8.149 7.857 7.570 7.285 7.005 6.727 6.453 6.192 6.050 5.915 5.786 5.664 5.549 5.440 5.338 5.242 5.153 5.070 4.991 4.930 4.964 4.992 5.046 5.128 5.236 5.372 5.534 5.724 5.940 6.184 6.454 6.799 7.320 7.801 8.242 8.641 8.999 9.317 9.594 9.831 10.026 10.181 10.295 10.327 10.288 10.312 10.397 10.546 10.756 11.030 11.365 11.763 12.224 12.747 13.332 14.412 16.230 18.122 20.089 22.131 24.248 26.439 28.705 31.045 33.460 35.950 38.514 39.091 37.449 35.685 33.798 31.789 29.656
8.476 8.190 7.908 7.629 7.353 7.081 6.812 6.546 6.285 6.026 5.900 5.787 5.682 5.583 5.484 5.346 5.208 5.070 4.933 4.802 4.678 4.554 4.669 4.816 4.990 5.192 5.420 5.675 5.958 6.267 6.603 6.966 7.356 7.768 8.109 8.409 8.668 8.887 9.065 9.202 9.298 9.354 9.369 9.343 9.277 9.227 9.465 9.765 10.128 10.553 11.040 11.590 12.202 12.876 13.613 14.413 15.275 16.520 18.669 20.892 23.189 25.562 28.009 30.530 33.126 35.797 38.542 41.361 44.256 45.293 43.107 40.799 38.367 35.813 33.136
8.209 7.935 7.664 7.397 7.133 6.873 6.616 6.354 6.067 5.791 5.628 5.490 5.352 5.214 5.077 4.940 4.803 4.667 4.531 4.402 4.279 4.156 4.343 4.611 4.905 5.226 5.574 5.948 6.350 6.779 7.235 7.717 8.227 8.763 8.940 9.060 9.138 9.176 9.174 9.130 9.046 8.921 8.756 8.550 8.303 8.062 8.577 9.153 9.793 10.494 11.258 12.084 12.973 13.924 14.937 16.012 17.150 18.549 21.028 23.581 26.209 28.912 31.689 34.540 37.466 40.467 43.542 46.691 49.915 51.610 48.880 46.027 43.052 39.953 36.732
7.917 7.590 7.273 6.969 6.676 6.394 6.124 5.865 5.618 5.382 5.216 5.079 4.943 4.806 4.670 4.535 4.399 4.264 4.130 4.001 3.879 3.758 3.988 4.375 4.789 5.229 5.697 6.191 6.713 7.261 7.836 8.438 9.067 9.723 9.815 9.754 9.652 9.510 9.327 9.103 8.838 8.533 8.187 7.801 7.374 6.906 7.624 8.477 9.392 10.370 11.410 12.513 13.677 14.904 16.194 17.546 18.960 20.498 23.307 26.191 29.149 32.181 35.288 38.469 41.725 45.056 48.460 51.940 55.493 58.042 54.767 51.371 47.851 44.209 40.445
7.139 6.851 6.575 6.310 6.057 5.816 5.585 5.367 5.159 4.964 4.805 4.669 4.534 4.398 4.264 4.129 3.995 3.862 3.728 3.601 3.480 3.360 3.603 4.110 4.643 5.203 5.790 6.404 7.045 7.712 8.407 9.128 9.877 10.652 10.733 10.491 10.209 9.886 9.523 9.119 8.674 8.189 7.663 7.096 6.489 5.841 6.606 7.735 8.927 10.181 11.497 12.876 14.316 15.819 17.385 19.012 20.702 22.454 25.507 28.721 32.008 35.371 38.807 42.318 45.903 49.563 53.297 57.106 60.989 64.040 58.968 54.018 49.191 44.485 39.902
6.351 6.103 5.867 5.642 5.429 5.227 5.037 4.858 4.691 4.535 4.393 4.259 4.125 3.991 3.857 3.724 3.592 3.459 3.327 3.201 3.082 2.962 3.189 3.814 4.467 5.146 5.853 6.586 7.346 8.133 8.947 9.788 10.656 11.550 11.694 11.272 10.810 10.307 9.763 9.179 8.554 7.888 7.182 6.436 5.648 4.820 5.523 6.929 8.396 9.926 11.518 13.173 14.889 16.668 18.509 20.412 22.378 24.406 27.628 31.171 34.572 37.508 40.345 43.081 45.718 48.256 50.694 53.032 55.270 57.409 53.308 48.897 44.609 40.443 36.399
5.553 5.345 5.149 4.964 4.791 4.629 4.479 4.340 4.213 4.097 3.982 3.849 3.716 3.584 3.451 3.320 3.188 3.057 2.926 2.802 2.683 2.565 2.744 3.489 4.261 5.060 5.886 6.738 7.618 8.524 9.457 10.417 11.404 12.418 12.698 12.096 11.454 10.770 10.047 9.283 8.478 7.632 6.746 5.819 4.852 3.844 4.376 6.058 7.801 9.607 11.474 13.392 15.269 17.096 18.875 20.604 22.285 23.916 26.350 29.046 31.642 34.139 36.537 38.834 41.033 43.131 45.131 47.030 48.830 50.531 47.535 43.663 39.914 36.286 32.781
4.746 4.578 4.421 4.277 4.143 4.021 3.911 3.812 3.724 3.648 3.572 3.440 3.308 3.177 3.046 2.915 2.785 2.655 2.525 2.402 2.285 2.168 2.270 3.134 4.025 4.944 5.888 6.860 7.859 8.884 9.937 11.016 12.122 13.255 13.745 12.963 12.141 11.278 10.374 9.430 8.445 7.420 6.397 5.491 4.604 3.735 4.194 6.100 7.957 9.764 11.523 13.232 14.892 16.503 18.065 19.578 21.042 22.456 24.402 26.659 28.817 30.875 32.834 34.693 36.453 38.113 39.674 41.135 42.497 43.759 41.649 38.316 35.105 32.016 29.049
