DATA/SHG/ECMWF/20170628/EN-41/20170705.en-41.asc
ncols        190
nrows        64
xllcorner    -5100000.000000000000
yllcorner    4130000.000000000000
cellsize     10000.000000000000
NODATA_value  -99999.000
[rows 0 to 31 of 64, columns 0 to 72 of 190]
1.108 1.100 1.095 1.092 1.092 1.095 1.100 1.108 1.118 1.170 1.242 1.323 1.412 1.510 1.617 1.733 1.857 1.989 2.131 2.248 2.353 2.329 2.249 2.171 2.095 2.021 1.950 1.880 1.813 1.748 1.686 1.625 1.567 1.552 1.564 1.577 1.591 1.605 1.619 1.634 1.649 1.665 1.682 1.699 1.716 1.683 1.607 1.531 1.456 1.382 1.309 1.237 1.165 1.095 1.025 0.956 0.889 0.899 0.999 1.094 1.185 1.271 1.353 1.431 1.504 1.573 1.638 1.698 1.754 1.932 2.316 2.704 3.095
0.820 0.821 0.825 0.832 0.841 0.853 0.868 0.885 0.905 0.972 1.074 1.186 1.302 1.416 1.527 1.636 1.742 1.846 1.947 2.046 2.142 2.146 2.074 2.004 1.935 1.870 1.806 1.744 1.685 1.628 1.573 1.520 1.470 1.450 1.464 1.479 1.494 1.510 1.526 1.543 1.560 1.578 1.596 1.615 1.634 1.617 1.543 1.470 1.399 1.328 1.258 1.189 1.120 1.053 0.986 0.921 0.856 0.840 0.925 1.004 1.080 1.151 1.218 1.280 1.338 1.392 1.441 1.486 1.527 1.653 2.049 2.448 2.850
0.530 0.541 0.554 0.570 0.593 0.638 0.680 0.722 0.761 0.834 0.947 1.057 1.164 1.269 1.372 1.472 1.570 1.665 1.757 1.848 1.935 1.962 1.897 1.834 1.774 1.716 1.660 1.606 1.555 1.505 1.458 1.413 1.370 1.348 1.364 1.380 1.397 1.415 1.433 1.451 1.470 1.490 1.510 1.530 1.551 1.549 1.479 1.409 1.340 1.273 1.206 1.140 1.074 1.010 0.947 0.884 0.822 0.786 0.855 0.920 0.980 1.036 1.087 1.134 1.177 1.216 1.250 1.279 1.402 1.580 2.071 2.549 3.013
0.353 0.398 0.441 0.483 0.524 0.563 0.600 0.636 0.670 0.726 0.829 0.931 1.030 1.126 1.220 1.311 1.400 1.486 1.570 1.652 1.731 1.775 1.718 1.663 1.611 1.560 1.512 1.466 1.422 1.381 1.341 1.304 1.269 1.245 1.263 1.281 1.300 1.319 1.339 1.359 1.380 1.401 1.423 1.445 1.468 1.481 1.414 1.347 1.282 1.217 1.153 1.090 1.028 0.967 0.906 0.847 0.788 0.736 0.790 0.839 0.889 1.002 1.120 1.242 1.371 1.504 1.642 1.786 1.934 2.088 2.526 2.955 3.370
0.306 0.346 0.384 0.420 0.456 0.489 0.521 0.552 0.581 0.620 0.715 0.807 0.898 0.985 1.070 1.153 1.233 1.311 1.386 1.459 1.529 1.586 1.537 1.490 1.445 1.402 1.362 1.324 1.288 1.254 1.222 1.193 1.166 1.142 1.161 1.182 1.202 1.223 1.245 1.267 1.289 1.312 1.336 1.360 1.385 1.410 1.348 1.284 1.222 1.160 1.099 1.040 0.981 0.932 0.918 0.912 0.912 0.920 1.026 1.146 1.272 1.402 1.538 1.679 1.825 1.976 2.132 2.294 2.460 2.632 2.992 3.373 3.739
0.261 0.295 0.328 0.359 0.389 0.418 0.445 0.470 0.494 0.517 0.603 0.687 0.768 0.847 0.924 0.998 1.069 1.139 1.205 1.269 1.331 1.390 1.354 1.315 1.277 1.243 1.210 1.179 1.151 1.125 1.101 1.079 1.060 1.043 1.060 1.082 1.104 1.127 1.150 1.174 1.198 1.223 1.249 1.274 1.301 1.328 1.289 1.252 1.221 1.198 1.181 1.171 1.168 1.172 1.182 1.200 1.224 1.255 1.367 1.505 1.649 1.797 1.951 2.110 2.274 2.443 2.617 2.796 2.981 3.170 3.471 3.803 4.121
0.217 0.246 0.274 0.300 0.325 0.348 0.369 0.390 0.408 0.425 0.494 0.569 0.642 0.712 0.780 0.846 0.908 0.969 1.027 1.082 1.135 1.186 1.169 1.137 1.108 1.081 1.056 1.033 1.013 0.994 0.978 0.964 0.952 0.943 0.958 0.982 1.006 1.030 1.055 1.091 1.135 1.179 1.223 1.266 1.310 1.354 1.354 1.341 1.334 1.335 1.342 1.356 1.377 1.405 1.439 1.481 1.529 1.584 1.703 1.859 2.020 2.187 2.358 2.535 2.717 2.904 3.096 3.293 3.495 3.703 3.963 4.246 4.516
0.175 0.199 0.222 0.242 0.262 0.280 0.296 0.311 0.324 0.336 0.388 0.455 0.519 0.580 0.639 0.696 0.750 0.802 0.851 0.898 0.943 0.984 0.982 0.958 0.936 0.917 0.900 0.885 0.872 0.861 0.853 0.847 0.857 0.874 0.909 0.952 0.996 1.040 1.083 1.127 1.171 1.215 1.258 1.302 1.346 1.390 1.412 1.423 1.440 1.465 1.496 1.534 1.579 1.631 1.689 1.754 1.826 1.905 2.033 2.207 2.386 2.571 2.760 2.955 3.155 3.359 3.569 3.784 4.005 4.230 4.466 4.701 4.923
0.135 0.154 0.171 0.186 0.201 0.213 0.224 0.234 0.242 0.249 0.285 0.342 0.398 0.451 0.501 0.549 0.595 0.638 0.679 0.717 0.753 0.786 0.792 0.776 0.763 0.768 0.777 0.789 0.803 0.819 0.838 0.859 0.883 0.909 0.944 0.988 1.032 1.076 1.119 1.163 1.207 1.251 1.294 1.338 1.382 1.426 1.464 1.498 1.540 1.588 1.643 1.705 1.774 1.849 1.932 2.021 2.117 2.220 2.358 2.550 2.747 2.949 3.156 3.369 3.586 3.809 4.037 4.270 4.508 4.751 4.982 5.169 5.342
0.097 0.110 0.122 0.132 0.141 0.149 0.154 0.159 0.162 0.163 0.184 0.233 0.280 0.324 0.366 0.406 0.443 0.479 0.529 0.576 0.622 0.665 0.694 0.704 0.717 0.733 0.750 0.770 0.793 0.818 0.845 0.875 0.907 0.941 0.980 1.024 1.068 1.111 1.155 1.199 1.243 1.286 1.330 1.374 1.418 1.461 1.508 1.567 1.632 1.704 1.783 1.869 1.962 2.061 2.167 2.280 2.400 2.527 2.677 2.887 3.102 3.322 3.547 3.777 4.013 4.253 4.499 4.750 5.006 5.267 5.510 5.649 5.773
0.060 0.068 0.075 0.080 0.083 0.086 0.086 0.085 0.083 0.079 0.092 0.149 0.205 0.258 0.309 0.357 0.403 0.447 0.489 0.529 0.566 0.601 0.631 0.650 0.671 0.695 0.721 0.749 0.780 0.814 0.849 0.887 0.928 0.971 1.016 1.060 1.103 1.147 1.191 1.235 1.278 1.322 1.366 1.410 1.453 1.497 1.546 1.628 1.717 1.813 1.916 2.026 2.142 2.266 2.396 2.533 2.677 2.827 2.990 3.218 3.451 3.689 3.932 4.180 4.434 4.692 4.956 5.224 5.498 5.777 6.051 6.141 6.217
0.025 0.028 0.029 0.034 0.043 0.053 0.064 0.076 0.088 0.101 0.118 0.168 0.215 0.260 0.303 0.344 0.382 0.418 0.452 0.483 0.513 0.540 0.565 0.592 0.622 0.654 0.689 0.726 0.765 0.807 0.851 0.898 0.947 0.998 1.051 1.095 1.139 1.183 1.226 1.270 1.314 1.358 1.401 1.445 1.489 1.533 1.577 1.683 1.796 1.916 2.042 2.176 2.316 2.463 2.617 2.778 2.946 3.120 3.301 3.544 3.795 4.051 4.312 4.578 4.849 5.125 5.406 5.659 5.887 6.117 6.348 6.378 6.392
0.020 0.029 0.040 0.051 0.063 0.075 0.088 0.102 0.117 0.132 0.148 0.188 0.228 0.265 0.300 0.332 0.363 0.391 0.417 0.441 0.462 0.481 0.498 0.532 0.571 0.611 0.654 0.700 0.747 0.798 0.850 0.905 0.963 1.023 1.085 1.131 1.175 1.218 1.262 1.306 1.350 1.393 1.437 1.481 1.525 1.568 1.612 1.730 1.867 2.011 2.162 2.319 2.483 2.654 2.832 3.016 3.208 3.406 3.611 3.865 4.102 4.326 4.552 4.779 5.008 5.237 5.467 5.699 5.931 6.165 6.400 6.466 6.488
0.029 0.041 0.054 0.067 0.082 0.096 0.112 0.128 0.145 0.163 0.181 0.211 0.243 0.272 0.299 0.324 0.346 0.367 0.384 0.400 0.414 0.425 0.434 0.470 0.517 0.566 0.617 0.671 0.727 0.786 0.847 0.911 0.976 1.045 1.115 1.166 1.210 1.254 1.298 1.341 1.385 1.429 1.473 1.516 1.560 1.604 1.648 1.771 1.932 2.099 2.274 2.455 2.643 2.843 3.034 3.214 3.382 3.540 3.686 3.886 4.113 4.342 4.572 4.803 5.035 5.268 5.502 5.737 5.974 6.211 6.450 6.551 6.582
0.037 0.052 0.067 0.083 0.100 0.117 0.135 0.153 0.172 0.192 0.213 0.237 0.260 0.282 0.301 0.318 0.332 0.344 0.354 0.362 0.368 0.371 0.372 0.405 0.460 0.518 0.578 0.640 0.705 0.772 0.841 0.913 0.988 1.064 1.143 1.202 1.245 1.289 1.333 1.377 1.421 1.464 1.508 1.552 1.596 1.639 1.746 1.926 2.145 2.352 2.549 2.734 2.909 3.072 3.224 3.365 3.494 3.613 3.721 3.892 4.124 4.356 4.590 4.825 5.061 5.298 5.536 5.775 6.015 6.257 6.499 6.635 6.673
0.045 0.062 0.080 0.098 0.117 0.136 0.157 0.177 0.199 0.221 0.244 0.265 0.280 0.294 0.305 0.314 0.320 0.325 0.327 0.327 0.324 0.320 0.313 0.338 0.402 0.468 0.536 0.607 0.680 0.755 0.833 0.913 0.996 1.081 1.169 1.237 1.281 1.325 1.371 1.438 1.517 1.608 1.709 1.822 1.947 2.082 2.229 2.399 2.579 2.747 2.905 3.052 3.187 3.311 3.424 3.526 3.617 3.697 3.766 3.898 4.133 4.370 4.607 4.846 5.086 5.327 5.568 5.812 6.056 6.301 6.547 6.716 6.762
0.052 0.071 0.091 0.112 0.133 0.155 0.178 0.201 0.225 0.250 0.275 0.295 0.303 0.308 0.311 0.312 0.311 0.307 0.302 0.294 0.283 0.271 0.256 0.268 0.340 0.415 0.492 0.571 0.652 0.736 0.822 0.913 1.006 1.098 1.188 1.270 1.343 1.428 1.524 1.631 1.750 1.880 2.021 2.174 2.338 2.513 2.700 2.882 3.023 3.153 3.272 3.379 3.476 3.561 3.635 3.699 3.751 3.792 3.822 3.902 4.142 4.382 4.623 4.866 5.109 5.354 5.600 5.847 6.095 6.344 6.594 6.794 6.848
0.058 0.080 0.102 0.125 0.149 0.173 0.198 0.224 0.250 0.277 0.305 0.327 0.327 0.325 0.320 0.313 0.304 0.293 0.279 0.263 0.245 0.224 0.202 0.196 0.286 0.385 0.482 0.578 0.672 0.765 0.856 0.946 1.033 1.120 1.204 1.292 1.405 1.529 1.665 1.812 1.970 2.140 2.321 2.514 2.717 2.933 3.159 3.376 3.478 3.569 3.649 3.718 3.775 3.822 3.857 3.882 3.895 3.897 3.888 3.906 4.149 4.393 4.638 4.885 5.132 5.381 5.630 5.881 6.133 6.386 6.640 6.871 6.933
0.064 0.088 0.112 0.138 0.164 0.190 0.218 0.246 0.274 0.304 0.334 0.362 0.354 0.344 0.331 0.317 0.300 0.284 0.273 0.265 0.260 0.257 0.258 0.264 0.359 0.453 0.545 0.635 0.724 0.811 0.896 0.980 1.062 1.143 1.222 1.302 1.454 1.619 1.794 1.981 2.179 2.389 2.609 2.842 3.085 3.340 3.606 3.880 3.943 3.995 4.036 4.066 4.085 4.093 4.090 4.075 4.050 4.013 3.966 3.908 4.155 4.403 4.652 4.902 5.153 5.406 5.659 5.914 6.170 6.426 6.684 6.943 7.015
0.068 0.095 0.122 0.150 0.178 0.207 0.237 0.267 0.298 0.330 0.360 0.380 0.365 0.350 0.338 0.328 0.322 0.318 0.317 0.318 0.323 0.330 0.340 0.353 0.435 0.523 0.609 0.694 0.777 0.858 0.938 1.016 1.093 1.168 1.242 1.314 1.493 1.696 1.912 2.138 2.376 2.625 2.886 3.157 3.441 3.735 4.041 4.358 4.419 4.432 4.434 4.425 4.406 4.375 4.332 4.279 4.215 4.140 4.054 3.956 4.160 4.412 4.665 4.919 5.174 5.430 5.687 5.946 6.205 6.466 6.728 6.990 7.095
0.072 0.101 0.130 0.197 0.254 0.300 0.336 0.361 0.376 0.380 0.374 0.358 0.346 0.341 0.338 0.339 0.342 0.348 0.357 0.368 0.383 0.400 0.420 0.443 0.511 0.594 0.674 0.754 0.831 0.907 0.981 1.054 1.125 1.195 1.263 1.329 1.519 1.763 2.017 2.284 2.561 2.850 3.150 3.461 3.784 4.118 4.463 4.820 4.905 4.879 4.843 4.795 4.736 4.667 4.586 4.494 4.391 4.277 4.152 4.016 4.163 4.419 4.676 4.934 5.193 5.453 5.714 5.964 6.186 6.396 6.594 6.781 6.853
0.358 0.409 0.450 0.480 0.500 0.509 0.508 0.497 0.475 0.443 0.400 0.347 0.324 0.329 0.336 0.346 0.359 0.375 0.394 0.415 0.439 0.467 0.496 0.529 0.590 0.666 0.742 0.815 0.887 0.957 1.026 1.093 1.159 1.223 1.285 1.346 1.534 1.817 2.111 2.417 2.734 3.063 3.402 3.753 4.116 4.489 4.874 5.271 5.401 5.337 5.262 5.175 5.078 4.969 4.850 4.719 4.578 4.425 4.262 4.087 4.173 4.436 4.688 4.927 5.155 5.372 5.576 5.769 5.950 6.119 6.277 6.422 6.506
0.762 0.776 0.780 0.774 0.757 0.730 0.692 0.644 0.585 0.516 0.437 0.347 0.299 0.313 0.331 0.351 0.374 0.399 0.428 0.459 0.493 0.530 0.570 0.612 0.670 0.741 0.810 0.878 0.945 1.009 1.073 1.134 1.194 1.253 1.309 1.365 1.537 1.860 2.194 2.539 2.896 3.264 3.643 4.034 4.436 4.849 5.273 5.709 5.908 5.805 5.691 5.566 5.430 5.249 5.054 4.870 4.697 4.535 4.383 4.242 4.276 4.498 4.708 4.907 5.094 5.270 5.433 5.585 5.725 5.854 5.970 6.075 6.155
1.176 1.154 1.122 1.078 1.025 0.961 0.887 0.802 0.707 0.601 0.485 0.359 0.271 0.295 0.322 0.352 0.385 0.420 0.459 0.500 0.544 0.591 0.640 0.693 0.751 0.816 0.880 0.943 1.004 1.063 1.120 1.177 1.231 1.284 1.335 1.385 1.528 1.891 2.264 2.649 3.046 3.453 3.872 4.302 4.743 5.196 5.588 5.949 6.122 5.911 5.711 5.521 5.343 5.175 5.018 4.871 4.735 4.611 4.496 4.393 4.390 4.571 4.741 4.898 5.045 5.179 5.302 5.413 5.512 5.600 5.675 5.739 5.801
1.602 1.543 1.474 1.394 1.304 1.203 1.092 0.971 0.839 0.697 0.544 0.381 0.240 0.274 0.311 0.350 0.393 0.438 0.487 0.538 0.591 0.648 0.707 0.770 0.834 0.894 0.952 1.009 1.064 1.118 1.170 1.220 1.269 1.317 1.362 1.407 1.508 1.910 2.323 2.728 3.123 3.508 3.883 4.249 4.605 4.952 5.290 5.618 5.850 5.676 5.514 5.362 5.221 5.090 4.970 4.862 4.763 4.676 4.599 4.533 4.515 4.655 4.784 4.901 5.006 5.100 5.182 5.252 5.310 5.357 5.392 5.415 5.443
2.035 1.943 1.837 1.721 1.594 1.457 1.309 1.151 0.983 0.804 0.615 0.416 0.206 0.249 0.296 0.346 0.398 0.454 0.512 0.572 0.636 0.702 0.772 0.844 0.918 0.973 1.026 1.077 1.127 1.175 1.221 1.266 1.315 1.366 1.417 1.469 1.530 1.920 2.300 2.671 3.032 3.384 3.726 4.059 4.383 4.697 5.001 5.297 5.567 5.431 5.306 5.192 5.088 4.995 4.913 4.842 4.781 4.731 4.692 4.663 4.651 4.751 4.839 4.915 4.979 5.032 5.073 5.102 5.120 5.126 5.120 5.102 5.082
2.429 2.354 2.212 2.059 1.895 1.722 1.537 1.343 1.138 0.923 0.697 0.461 0.214 0.222 0.279 0.338 0.401 0.466 0.533 0.604 0.678 0.754 0.833 0.915 0.999 1.050 1.097 1.145 1.194 1.243 1.294 1.346 1.398 1.452 1.506 1.561 1.617 1.938 2.285 2.623 2.951 3.270 3.580 3.880 4.170 4.451 4.723 4.985 5.238 5.176 5.088 5.011 4.945 4.890 4.845 4.811 4.788 4.775 4.773 4.782 4.802 4.857 4.904 4.940 4.963 4.975 4.976 4.964 4.941 4.906 4.860 4.801 4.731
2.815 2.776 2.597 2.407 2.207 1.997 1.777 1.545 1.304 1.052 0.790 0.517 0.234 0.192 0.258 0.328 0.400 0.496 0.629 0.745 0.844 0.926 0.990 1.038 1.068 1.109 1.160 1.211 1.263 1.316 1.370 1.424 1.480 1.536 1.594 1.652 1.711 1.965 2.279 2.584 2.880 3.166 3.442 3.709 3.967 4.215 4.454 4.683 4.903 4.910 4.860 4.821 4.792 4.774 4.767 4.770 4.784 4.809 4.845 4.891 4.948 4.975 4.981 4.976 4.959 4.930 4.889 4.837 4.773 4.698 4.611 4.512 4.401
3.191 3.209 2.993 2.767 2.531 2.284 2.027 1.759 1.481 1.193 0.947 0.752 0.549 0.539 0.680 0.805 0.912 1.002 1.075 1.132 1.171 1.192 1.197 1.185 1.156 1.168 1.221 1.276 1.331 1.387 1.444 1.502 1.561 1.620 1.681 1.742 1.805 2.002 2.283 2.555 2.818 3.071 3.315 3.549 3.774 3.989 4.195 4.391 4.579 4.635 4.622 4.620 4.628 4.648 4.678 4.719 4.770 4.832 4.905 4.989 5.083 5.104 5.069 5.023 4.965 4.896 4.815 4.722 4.617 4.501 4.373 4.233 4.082
3.558 3.652 3.400 3.205 3.041 2.869 2.687 2.496 2.297 2.089 1.872 1.645 1.410 1.302 1.384 1.448 1.496 1.526 1.539 1.536 1.515 1.477 1.422 1.350 1.261 1.226 1.282 1.339 1.398 1.457 1.517 1.578 1.640 1.703 1.767 1.831 1.897 2.048 2.297 2.536 2.766 2.986 3.197 3.398 3.590 3.773 3.946 4.109 4.264 4.348 4.373 4.408 4.454 4.511 4.579 4.657 4.745 4.845 4.955 5.076 5.208 5.244 5.169 5.082 4.983 4.873 4.751 4.618 4.544 4.602 4.694 4.821 4.981
4.451 4.722 4.544 4.358 4.162 3.958 3.745 3.523 3.293 3.053 2.804 2.547 2.281 2.083 2.104 2.109 2.097 2.067 2.021 1.957 1.877 1.779 1.664 1.533 1.384 1.282 1.342 1.402 1.464 1.526 1.589 1.654 1.719 1.785 1.851 1.919 1.988 2.104 2.320 2.526 2.723 2.910 3.088 3.257 3.416 3.566 3.706 3.837 3.958 4.052 4.114 4.187 4.270 4.364 4.469 4.584 4.710 4.847 4.995 5.153 5.322 5.405 5.344 5.317 5.323 5.364 5.439 5.547 5.690 5.866 6.076 6.321 6.599
5.612 5.945 5.736 5.518 5.292 5.056 4.812 4.559 4.297 4.026 3.746 3.457 3.159 2.880 2.842 2.787 2.715 2.626 2.520 2.397 2.256 2.099 1.924 1.733 1.525 1.338 1.400 1.464 1.529 1.594 1.661 1.728 1.796 1.865 1.935 2.006 2.078 2.169 2.352 2.526 2.690 2.844 2.990 3.125 3.252 3.369 3.476 3.574 3.663 3.745 3.845 3.955 4.075 4.207 4.398 4.617 4.827 5.026 5.215 5.393 5.561 5.692 5.749 5.839 5.964 6.123 6.315 6.541 6.802 7.096 7.424 7.786 8.182
