DATA/SHG/ECMWF/20170628/EN-39/20170711.en-39.asc
ncols        190
nrows        64
xllcorner    -5100000.000000000000
yllcorner    4130000.000000000000
cellsize     10000.000000000000
NODATA_value  -99999.000
[rows 0 to 31 of 64, columns 73 to 145 of 190]
9.187 9.311 9.437 9.565 9.695 9.827 9.960 10.096 10.131 9.775 9.347 8.938 8.546 8.172 7.817 7.479 7.160 6.859 6.575 6.310 6.244 6.793 7.342 7.890 8.436 8.981 9.525 10.067 10.607 11.146 11.683 12.219 12.643 12.701 12.751 12.790 12.821 12.842 12.854 12.856 12.849 12.833 12.807 12.773 12.672 12.387 12.090 11.781 11.461 11.129 10.786 10.431 10.065 9.687 9.297 8.896 8.483 8.067 7.658 7.256 6.861 6.473 6.091 5.717 5.349 4.988 4.633 4.286 3.954 3.657 3.367 3.085 2.811
10.141 10.272 10.202 10.077 9.957 9.840 9.727 9.618 9.462 9.079 8.715 8.368 8.040 7.729 7.437 7.162 6.906 6.667 6.447 6.244 6.135 6.677 7.220 7.761 8.301 8.839 9.376 9.911 10.445 10.977 11.508 12.037 12.508 12.524 12.532 12.530 12.519 12.498 12.468 12.429 12.380 12.322 12.255 12.179 12.062 11.725 11.377 11.016 10.645 10.261 9.866 9.460 9.042 8.612 8.171 7.719 7.266 6.880 6.502 6.131 5.766 5.408 5.057 4.712 4.375 4.044 3.720 3.403 3.098 2.836 2.581 2.335 2.096
9.539 9.420 9.306 9.195 9.088 8.985 8.886 8.790 8.687 8.368 8.067 7.783 7.518 7.270 7.041 6.829 6.636 6.460 6.303 6.163 6.041 6.563 7.100 7.634 8.167 8.699 9.229 9.758 10.285 10.811 11.335 11.858 12.379 12.358 12.324 12.280 12.227 12.165 12.093 12.012 11.922 11.823 11.714 11.596 11.466 11.077 10.677 10.265 9.842 9.407 8.960 8.502 8.033 7.552 7.059 6.555 6.043 5.689 5.341 5.000 4.665 4.338 4.017 3.703 3.395 3.095 2.801 2.514 2.353 2.392 2.471 2.590 2.750
8.613 8.508 8.407 8.310 8.217 8.128 8.042 7.960 7.883 7.642 7.403 7.183 6.980 6.796 6.629 6.480 6.350 6.237 6.142 6.066 6.007 6.451 6.981 7.509 8.036 8.561 9.084 9.606 10.127 10.646 11.163 11.679 12.194 12.202 12.126 12.041 11.946 11.842 11.729 11.606 11.475 11.334 11.183 11.023 10.854 10.443 9.991 9.527 9.053 8.566 8.068 7.559 7.038 6.505 5.961 5.405 4.838 4.492 4.174 3.957 3.846 3.754 3.682 3.629 3.596 3.582 3.589 3.614 3.660 3.868 4.127 4.425 4.765
7.685 7.594 7.507 7.423 7.344 7.268 7.196 7.128 7.064 6.900 6.724 6.567 6.427 6.305 6.202 6.116 6.048 5.998 5.966 5.952 5.956 6.341 6.864 7.385 7.905 8.424 8.941 9.456 9.970 10.483 10.994 11.503 12.011 12.056 11.939 11.812 11.676 11.530 11.375 11.211 11.038 10.855 10.663 10.462 10.251 9.821 9.318 8.803 8.277 7.739 7.235 6.776 6.332 5.904 5.490 5.091 4.707 4.566 4.503 4.459 4.435 4.430 4.445 4.480 4.534 4.608 4.702 4.815 4.947 5.302 5.740 6.218 6.736
6.755 6.678 6.604 6.534 6.468 6.406 6.348 6.293 6.243 6.142 6.030 5.935 5.858 5.799 5.759 5.736 5.731 5.743 5.774 5.823 5.890 6.232 6.749 7.264 7.777 8.289 8.799 9.308 9.816 10.321 10.826 11.329 11.830 11.921 11.762 11.593 11.416 11.229 11.032 10.827 10.612 10.373 10.129 9.894 9.668 9.279 8.812 8.361 7.924 7.502 7.095 6.703 6.326 5.963 5.616 5.283 4.966 4.873 4.897 4.940 5.003 5.086 5.188 5.310 5.452 5.613 5.793 5.994 6.213 6.694 7.311 7.968 8.665
5.823 5.759 5.699 5.643 5.590 5.542 5.497 5.456 5.419 5.370 5.320 5.288 5.274 5.278 5.300 5.340 5.397 5.473 5.566 5.678 5.807 6.126 6.635 7.144 7.651 8.156 8.660 9.162 9.663 10.162 10.660 11.156 11.585 11.633 11.357 11.090 10.833 10.584 10.344 10.114 9.892 9.680 9.476 9.281 9.096 8.792 8.392 8.007 7.636 7.281 6.940 6.614 6.303 6.007 5.726 5.460 5.209 5.159 5.270 5.401 5.551 5.721 5.910 6.119 6.348 6.596 6.864 7.151 7.458 8.043 8.839 9.675 10.552
4.888 4.838 4.791 4.749 4.710 4.675 4.644 4.617 4.594 4.582 4.595 4.625 4.674 4.741 4.825 4.928 5.048 5.187 5.343 5.517 5.709 6.020 6.524 6.988 7.427 7.853 8.268 8.670 9.060 9.438 9.803 10.157 10.498 10.609 10.373 10.147 9.930 9.721 9.522 9.331 9.150 8.978 8.814 8.660 8.515 8.290 7.956 7.637 7.333 7.044 6.770 6.510 6.266 6.036 5.821 5.621 5.436 5.424 5.622 5.840 6.078 6.335 6.611 6.907 7.223 7.558 7.913 8.287 8.681 9.351 10.325 11.340 12.395
3.951 3.915 3.882 3.853 3.828 3.806 3.789 3.775 3.766 3.778 3.854 3.948 4.059 4.188 4.335 4.507 4.704 4.890 5.067 5.232 5.387 5.598 6.007 6.404 6.788 7.160 7.521 7.869 8.204 8.528 8.839 9.138 9.426 9.576 9.381 9.195 9.018 8.850 8.691 8.541 8.399 8.267 8.144 8.030 7.925 7.773 7.506 7.253 7.015 6.792 6.584 6.391 6.212 6.049 5.900 5.766 5.647 5.669 5.954 6.259 6.584 6.928 7.291 7.674 8.077 8.499 8.941 9.402 9.883 10.616 11.769 12.963 14.197
3.012 2.989 2.970 2.955 2.943 2.935 2.931 2.931 2.973 3.115 3.338 3.551 3.753 3.945 4.127 4.298 4.458 4.609 4.748 4.878 4.997 5.136 5.491 5.834 6.164 6.482 6.788 7.082 7.363 7.633 7.890 8.135 8.368 8.536 8.381 8.235 8.098 7.970 7.851 7.741 7.640 7.548 7.465 7.391 7.326 7.241 7.040 6.853 6.682 6.525 6.383 6.256 6.144 6.046 5.964 5.896 5.843 5.893 6.266 6.657 7.069 7.500 7.950 8.420 8.910 9.419 9.948 10.496 11.063 11.839 13.171 14.543 15.955
2.071 2.113 2.225 2.342 2.463 2.588 2.718 2.852 2.990 3.133 3.320 3.497 3.663 3.818 3.963 4.098 4.223 4.336 4.440 4.533 4.616 4.694 4.990 5.278 5.554 5.818 6.070 6.310 6.537 6.752 6.956 7.147 7.326 7.487 7.372 7.266 7.169 7.082 7.003 6.933 6.872 6.820 6.778 6.744 6.719 6.694 6.559 6.439 6.333 6.243 6.167 6.106 6.060 6.028 6.012 6.010 6.024 6.097 6.556 7.035 7.533 8.051 8.589 9.146 9.722 10.318 10.933 11.568 12.223 13.020 14.531 16.081 17.672
1.895 2.018 2.146 2.278 2.414 2.554 2.699 2.849 3.003 3.161 3.312 3.452 3.582 3.701 3.810 3.908 3.996 4.074 4.141 4.198 4.245 4.287 4.502 4.737 4.959 5.169 5.366 5.552 5.725 5.887 6.036 6.173 6.298 6.411 6.355 6.289 6.232 6.185 6.146 6.116 6.096 6.084 6.081 6.087 6.103 6.127 6.063 6.009 5.970 5.945 5.935 5.940 5.960 5.995 6.045 6.109 6.188 6.282 6.826 7.392 7.977 8.582 9.206 9.850 10.513 11.196 11.898 12.619 13.316 14.003 15.555 17.122 18.704
1.781 1.919 2.062 2.209 2.361 2.517 2.677 2.842 3.011 3.184 3.313 3.417 3.510 3.593 3.666 3.728 3.780 3.821 3.852 3.873 3.883 3.889 4.029 4.210 4.378 4.534 4.677 4.809 4.928 5.036 5.131 5.214 5.285 5.344 5.329 5.304 5.287 5.279 5.281 5.291 5.311 5.339 5.376 5.422 5.478 5.542 5.552 5.564 5.591 5.632 5.689 5.760 5.846 5.946 6.062 6.192 6.337 6.497 7.076 7.730 8.389 9.046 9.701 10.353 11.004 11.652 12.298 12.942 13.583 14.222 15.776 17.411 19.061
1.662 1.816 1.974 2.137 2.304 2.475 2.651 2.831 3.015 3.204 3.324 3.391 3.448 3.495 3.532 3.558 3.573 3.579 3.573 3.558 3.532 3.502 3.571 3.697 3.811 3.913 4.003 4.080 4.146 4.199 4.240 4.270 4.287 4.291 4.295 4.310 4.333 4.366 4.407 4.458 4.517 4.585 4.663 4.749 4.844 4.948 5.026 5.104 5.197 5.304 5.487 5.727 5.955 6.169 6.371 6.559 6.735 6.897 7.434 8.086 8.735 9.383 10.028 10.671 11.311 11.950 12.586 13.220 13.852 14.482 15.981 17.685 19.403
1.540 1.709 1.883 2.061 2.243 2.429 2.620 2.816 3.015 3.220 3.344 3.375 3.396 3.407 3.407 3.397 3.376 3.345 3.304 3.252 3.190 3.124 3.127 3.199 3.259 3.307 3.343 3.366 3.378 3.377 3.365 3.340 3.303 3.254 3.253 3.307 3.371 3.443 3.525 3.615 3.715 3.943 4.281 4.606 4.919 5.218 5.482 5.716 5.938 6.146 6.342 6.525 6.694 6.851 6.995 7.126 7.244 7.348 7.801 8.443 9.083 9.721 10.356 10.990 11.621 12.249 12.876 13.500 14.123 14.743 16.171 17.942 19.729
1.414 1.598 1.787 1.980 2.178 2.380 2.586 2.797 3.012 3.231 3.373 3.368 3.353 3.328 3.292 3.246 3.189 3.122 3.044 2.957 2.859 2.755 2.697 2.715 2.721 2.715 2.697 2.667 2.624 2.570 2.503 2.425 2.492 2.707 2.997 3.367 3.725 4.070 4.402 4.721 5.028 5.322 5.603 5.871 6.127 6.369 6.580 6.757 6.921 7.072 7.210 7.335 7.447 7.546 7.632 7.705 7.765 7.812 8.170 8.803 9.433 10.061 10.687 11.310 11.932 12.551 13.168 13.782 14.395 15.005 16.345 18.184 20.039
1.283 1.483 1.687 1.896 2.109 2.326 2.547 2.773 3.004 3.238 3.412 3.371 3.320 3.258 3.186 3.104 3.011 2.908 2.794 2.671 2.536 2.397 2.281 2.346 2.498 2.664 2.844 3.037 3.244 3.465 3.700 3.949 4.212 4.488 4.786 5.100 5.400 5.688 5.963 6.226 6.476 6.712 6.937 7.148 7.347 7.533 7.691 7.810 7.916 8.009 8.090 8.157 8.211 8.253 8.281 8.297 8.299 8.289 8.541 9.164 9.784 10.402 11.019 11.633 12.244 12.854 13.461 14.066 14.669 15.270 16.502 18.410 20.333
1.149 1.364 1.584 1.807 2.036 2.268 2.505 2.746 2.992 3.242 3.461 3.384 3.296 3.199 3.090 2.982 2.996 3.022 3.060 3.110 3.172 3.230 3.296 3.495 3.709 3.936 4.177 4.432 4.701 4.983 5.279 5.589 5.913 6.251 6.587 6.844 7.087 7.318 7.537 7.742 7.935 8.115 8.282 8.437 8.579 8.708 8.814 8.875 8.924 8.959 8.982 8.992 8.988 8.972 8.943 8.901 8.846 8.778 8.913 9.526 10.137 10.746 11.352 11.956 12.559 13.158 13.756 14.352 14.945 15.536 16.645 18.620 20.611
1.011 1.241 1.476 1.715 1.958 2.206 2.458 2.715 2.988 3.325 3.670 3.674 3.682 3.702 3.733 3.777 3.833 3.901 3.980 4.072 4.176 4.276 4.370 4.627 4.902 5.190 5.493 5.809 6.139 6.483 6.841 7.212 7.598 7.997 8.399 8.599 8.786 8.960 9.121 9.270 9.406 9.529 9.640 9.738 9.823 9.895 9.949 9.953 9.944 9.922 9.887 9.839 9.778 9.704 9.618 9.518 9.405 9.280 9.287 9.890 10.491 11.091 11.687 12.282 12.875 13.465 14.053 14.639 15.222 15.804 16.771 18.815 20.874
0.869 1.130 1.437 1.753 2.077 2.410 2.751 3.101 3.459 3.826 4.201 4.291 4.341 4.402 4.475 4.561 4.658 4.767 4.889 5.022 5.167 5.309 5.445 5.742 6.078 6.428 6.792 7.169 7.561 7.966 8.385 8.818 9.264 9.725 10.199 10.366 10.496 10.613 10.718 10.810 10.889 10.955 11.009 11.050 11.078 11.094 11.096 11.043 10.976 10.896 10.804 10.698 10.580 10.449 10.305 10.148 9.978 9.795 9.662 10.256 10.848 11.437 12.024 12.609 13.192 13.773 14.351 14.928 15.502 16.073 16.882 18.993 21.120
1.058 1.387 1.724 2.069 2.423 2.785 3.156 3.535 3.922 4.318 4.723 4.896 4.987 5.090 5.205 5.332 5.471 5.622 5.785 5.960 6.147 6.330 6.509 6.839 7.237 7.648 8.073 8.512 8.965 9.431 9.911 10.405 10.913 11.435 11.970 12.144 12.217 12.278 12.326 12.361 12.383 12.393 12.390 12.374 12.346 12.305 12.251 12.145 12.021 11.883 11.733 11.570 11.395 11.206 11.004 10.790 10.562 10.322 10.069 10.623 11.205 11.785 12.363 12.938 13.512 14.083 14.651 15.218 15.783 16.364 17.022 19.132 21.173
1.277 1.635 2.002 2.376 2.760 3.151 3.552 3.960 4.377 4.803 5.236 5.490 5.622 5.767 5.923 6.092 6.272 6.465 6.669 6.886 7.114 7.339 7.560 7.919 8.378 8.851 9.337 9.837 10.351 10.879 11.420 11.976 12.545 13.128 13.724 13.934 13.951 13.954 13.946 13.924 13.890 13.843 13.783 13.711 13.626 13.528 13.417 13.259 13.077 12.883 12.675 12.455 12.222 11.976 11.716 11.445 11.160 10.862 10.551 10.992 11.624 12.325 13.002 13.653 14.280 14.883 15.461 16.014 16.543 17.047 17.527 19.242 20.980
1.488 1.876 2.271 2.676 3.088 3.509 3.939 4.377 4.823 5.278 5.741 6.071 6.245 6.431 6.630 6.840 7.062 7.296 7.542 7.800 8.070 8.337 8.599 8.983 9.503 10.037 10.584 11.146 11.721 12.310 12.912 13.529 14.159 14.803 15.461 15.735 15.695 15.642 15.577 15.499 15.408 15.304 15.188 15.059 14.917 14.763 14.595 14.385 14.146 13.894 13.629 13.338 13.053 12.809 12.608 12.449 12.333 12.259 12.227 12.696 13.312 13.904 14.471 15.014 15.532 16.025 16.494 16.939 17.359 17.754 18.125 19.420 20.855
1.691 2.108 2.533 2.967 3.409 3.859 4.318 4.785 5.261 5.745 6.238 6.641 6.857 7.084 7.324 7.576 7.839 8.115 8.402 8.701 9.013 9.322 9.626 10.029 10.610 11.205 11.814 12.437 13.073 13.723 14.387 15.064 15.756 16.461 17.179 17.548 17.451 17.342 17.220 17.085 16.937 16.777 16.547 16.208 15.851 15.475 15.081 14.730 14.463 14.237 14.055 13.914 13.816 13.760 13.747 13.776 13.847 13.961 14.117 14.515 15.022 15.505 15.964 16.397 16.807 17.191 17.551 17.887 18.198 18.484 18.746 19.665 20.798
1.885 2.331 2.786 3.249 3.720 4.200 4.689 5.185 5.690 6.204 6.726 7.199 7.456 7.725 8.006 8.300 8.605 8.922 9.250 9.591 9.944 10.294 10.641 11.058 11.701 12.357 13.027 13.710 14.408 15.119 15.844 16.582 17.335 18.065 18.724 19.069 18.778 18.469 18.141 17.794 17.428 17.044 16.642 16.220 15.780 15.321 14.844 14.510 14.430 14.392 14.397 14.445 14.534 14.666 14.840 15.057 15.316 15.617 15.961 16.357 16.756 17.130 17.479 17.804 18.104 18.380 18.632 18.858 19.060 19.238 19.391 19.977 20.808
2.071 2.547 3.031 3.523 4.024 4.533 5.051 5.577 6.111 6.654 7.205 7.745 8.044 8.355 8.677 9.012 9.358 9.717 10.087 10.469 10.863 11.255 11.643 12.071 12.804 13.571 14.315 15.035 15.731 16.404 17.053 17.677 18.279 18.856 19.410 19.764 19.391 18.998 18.587 18.157 17.709 17.242 16.756 16.252 15.729 15.187 14.627 14.245 14.352 14.503 14.695 14.930 15.207 15.527 15.888 16.292 16.739 17.227 17.758 18.222 18.512 18.777 19.018 19.234 19.425 19.592 19.735 19.853 19.947 20.016 20.060 20.357 20.885
2.249 2.754 3.267 3.789 4.319 4.858 5.404 5.960 6.523 7.095 7.676 8.265 8.620 8.972 9.336 9.712 10.120 10.664 11.214 11.768 12.327 12.862 13.373 13.888 14.569 15.231 15.870 16.484 17.075 17.642 18.185 18.705 19.200 19.672 20.121 20.479 20.022 19.547 19.053 18.540 18.009 17.459 16.890 16.303 15.697 15.073 14.430 13.935 14.230 14.568 14.948 15.370 15.835 16.342 16.891 17.482 18.116 18.792 19.510 20.109 20.290 20.447 20.579 20.686 20.769 20.828 20.862 20.871 20.856 20.816 20.752 20.804 21.030
2.419 2.953 3.495 4.046 4.606 5.174 5.750 6.334 6.927 7.558 8.321 9.121 9.712 10.254 10.801 11.352 11.908 12.469 13.034 13.604 14.178 14.730 15.257 15.788 16.359 16.916 17.449 17.958 18.443 18.905 19.342 19.757 20.147 20.514 20.857 21.176 20.674 20.115 19.539 18.943 18.329 17.696 17.045 16.375 15.686 14.979 14.253 13.581 14.064 14.589 15.156 15.766 16.418 17.112 17.848 18.627 19.448 20.311 21.216 22.020 22.092 22.140 22.163 22.162 22.136 22.086 22.011 21.912 21.789 21.641 21.468 21.317 21.242
2.580 3.143 3.727 4.363 5.036 5.744 6.489 7.269 8.086 8.939 9.827 10.752 11.431 11.989 12.552 13.119 13.691 14.267 14.848 15.433 16.024 16.590 17.134 17.680 18.173 18.624 19.052 19.456 19.836 20.192 20.524 20.833 21.118 21.380 21.618 21.832 21.345 20.704 20.044 19.366 18.669 17.953 17.219 16.466 15.695 14.905 14.097 13.269 13.853 14.565 15.320 16.117 16.956 17.837 18.760 19.726 20.734 21.784 22.876 23.952 23.916 23.855 23.770 23.660 23.526 23.368 23.184 22.977 22.745 22.488 22.207 21.898 21.521
2.780 3.470 4.196 4.958 5.756 6.590 7.459 8.365 9.307 10.285 11.299 12.348 13.144 13.718 14.296 14.879 15.466 16.058 16.655 17.256 17.862 18.445 19.004 19.567 20.011 20.357 20.679 20.978 21.253 21.504 21.731 21.935 22.115 22.271 22.404 22.512 22.035 21.311 20.569 19.808 19.028 18.230 17.413 16.578 15.724 14.851 13.960 13.050 13.597 14.497 15.439 16.422 17.448 18.517 19.627 20.780 21.974 23.211 24.491 25.812 25.763 25.594 25.400 25.182 24.939 24.672 24.381 24.065 23.724 23.359 22.970 22.497 21.735
2.965 3.780 4.631 5.518 6.441 7.400 8.395 9.426 10.493 11.596 12.734 13.909 14.850 15.440 16.034 16.632 17.236 17.843 18.456 19.072 19.694 20.292 20.867 21.446 21.874 22.114 22.331 22.524 22.694 22.840 22.962 23.061 23.136 23.187 23.214 23.218 22.745 21.939 21.114 20.270 19.408 18.527 17.627 16.709 15.773 14.818 13.844 12.852 13.298 14.384 15.513 16.683 17.896 19.151 20.449 21.788 23.170 24.593 26.059 27.567 27.633 27.355 26.951 26.347 25.757 25.181 24.619 24.071 23.536 23.016 22.509 22.016 21.259
3.115 4.055 5.031 6.044 7.092 8.176 9.296 10.452 11.644 12.871 14.135 15.435 16.550 17.155 17.765 18.379 18.998 19.622 20.250 20.882 21.519 22.134 22.725 23.319 23.760 23.895 24.007 24.095 24.160 24.201 24.218 24.211 24.181 24.127 24.050 23.949 23.475 22.585 21.678 20.752 19.807 18.843 17.861 16.861 15.842 14.804 13.748 12.673 12.953 14.227 15.542 16.900 18.299 19.777 21.284 22.681 23.969 25.147 26.215 27.174 27.024 26.453 25.897 25.355 24.826 24.311 23.810 23.323 22.850 22.390 21.945 21.513 20.786
