DATA/SHG/ECMWF/20170628/EN-39/20170628.en-39.asc
ncols        190
nrows        64
xllcorner    -5100000.000000000000
yllcorner    4130000.000000000000
cellsize     10000.000000000000
NODATA_value  -99999.000
[rows 0 to 32 of 64, columns 74 to 147 of 190]
3.028 3.218 3.404 3.586 3.763 3.935 4.104 4.307 4.617 4.935 5.252 5.569 5.886 6.204 6.521 6.838 7.154 7.471 7.788 8.035 8.058 8.093 8.133 8.179 8.230 8.286 8.348 8.415 8.488 8.566 8.649 8.743 8.851 8.952 9.046 9.132 9.210 9.281 9.344 9.400 9.448 9.489 9.522 9.423 8.930 8.430 7.925 7.412 6.894 6.369 5.837 5.300 4.755 4.205 3.648 3.173 2.970 2.785 2.618 2.468 2.337 2.223 2.128 2.050 1.991 1.949 1.925 1.904 1.847 1.791 1.735 1.679 1.623 1.568
2.564 2.776 2.987 3.185 3.370 3.543 3.703 3.881 4.198 4.516 4.833 5.150 5.467 5.784 6.101 6.418 6.735 7.051 7.368 7.655 7.703 7.762 7.826 7.896 7.971 8.052 8.137 8.229 8.325 8.427 8.534 8.643 8.718 8.785 8.845 8.897 8.942 8.979 9.009 9.031 9.045 9.052 9.052 8.980 8.458 7.930 7.395 6.855 6.307 5.754 5.194 4.627 4.054 3.475 2.889 2.362 2.239 2.133 2.046 1.977 1.926 1.892 1.877 1.879 1.900 1.938 1.994 2.047 1.992 1.937 1.882 1.828 1.773 1.720
2.467 2.646 2.812 2.966 3.107 3.235 3.350 3.463 3.780 4.098 4.415 4.732 5.049 5.366 5.682 5.999 6.316 6.632 6.948 7.265 7.342 7.425 7.513 7.607 7.706 7.811 7.921 8.036 8.157 8.283 8.414 8.551 8.593 8.627 8.653 8.671 8.682 8.686 8.682 8.670 8.651 8.624 8.590 8.544 7.994 7.437 6.874 6.304 5.729 5.146 4.558 3.962 3.361 2.753 2.139 1.532 1.489 1.464 1.457 1.468 1.497 1.543 1.608 1.690 1.791 1.909 2.045 2.204 2.180 2.160 2.145 2.133 2.125 2.120
2.394 2.528 2.650 2.759 2.855 2.939 3.010 3.068 3.363 3.680 3.997 4.314 4.631 4.947 5.264 5.581 5.897 6.213 6.530 6.846 6.975 7.082 7.195 7.313 7.436 7.565 7.699 7.838 7.983 8.133 8.288 8.449 8.477 8.476 8.469 8.454 8.431 8.401 8.363 8.318 8.265 8.205 8.137 8.062 7.537 6.952 6.360 5.762 5.157 4.547 3.929 3.306 2.676 2.039 1.396 0.747 0.723 0.778 0.924 1.138 1.345 1.545 1.736 1.921 2.098 2.268 2.430 2.584 2.589 2.587 2.588 2.593 2.602 2.615
2.333 2.423 2.500 2.564 2.616 2.655 2.681 2.695 2.946 3.263 3.580 3.897 4.213 4.530 4.846 5.163 5.479 5.795 6.111 6.427 6.603 6.734 6.871 7.013 7.160 7.313 7.471 7.634 7.803 7.977 8.157 8.342 8.368 8.335 8.294 8.245 8.189 8.125 8.053 7.975 7.888 7.794 7.693 7.584 7.088 6.474 5.854 5.227 4.594 4.007 3.477 2.968 2.480 2.012 1.566 1.141 1.218 1.414 1.602 1.783 1.957 2.123 2.282 2.433 2.577 2.713 2.842 2.963 2.994 3.008 3.027 3.049 3.075 3.105
2.283 2.329 2.362 2.382 2.389 2.383 2.365 2.334 2.530 2.847 3.163 3.480 3.797 4.113 4.429 4.746 5.062 5.378 5.694 6.010 6.225 6.380 6.541 6.707 6.879 7.055 7.237 7.425 7.618 7.816 8.019 8.228 8.269 8.202 8.127 8.044 7.955 7.857 7.752 7.640 7.518 7.396 7.279 7.165 6.761 6.219 5.699 5.199 4.721 4.263 3.826 3.410 3.015 2.641 2.288 1.955 1.969 2.132 2.287 2.435 2.575 2.708 2.833 2.951 3.062 3.165 3.261 3.349 3.394 3.425 3.461 3.500 3.544 3.591
2.246 2.247 2.235 2.211 2.174 2.124 2.061 1.986 2.114 2.431 2.748 3.064 3.380 3.697 4.013 4.329 4.645 4.961 5.277 5.592 5.842 6.021 6.206 6.396 6.591 6.792 6.998 7.210 7.426 7.649 7.876 8.077 8.096 7.961 7.829 7.702 7.578 7.459 7.343 7.231 7.123 7.019 6.918 6.822 6.529 6.081 5.654 5.247 4.862 4.497 4.153 3.830 3.528 3.247 2.986 2.747 2.727 2.856 2.978 3.093 3.200 3.300 3.392 3.477 3.554 3.624 3.687 3.742 3.789 3.838 3.891 3.947 4.008 4.072
2.221 2.177 2.121 2.052 1.971 1.877 1.770 1.650 1.699 2.016 2.332 2.649 2.965 3.281 3.597 3.913 4.229 4.545 4.860 5.176 5.453 5.656 5.870 6.081 6.285 6.481 6.671 6.853 7.029 7.198 7.359 7.513 7.558 7.441 7.327 7.216 7.110 7.008 6.909 6.815 6.724 6.637 6.554 6.475 6.276 5.921 5.586 5.273 4.980 4.708 4.458 4.228 4.018 3.830 3.663 3.516 3.491 3.587 3.676 3.757 3.832 3.898 3.957 4.009 4.053 4.090 4.120 4.142 4.181 4.247 4.316 4.390 4.467 4.549
2.207 2.120 2.019 1.906 1.780 1.642 1.490 1.327 1.285 1.601 1.918 2.234 2.550 2.866 3.197 3.577 3.942 4.290 4.621 4.937 5.217 5.411 5.597 5.777 5.949 6.114 6.273 6.424 6.568 6.705 6.835 6.958 7.017 6.917 6.820 6.727 6.639 6.553 6.472 6.395 6.322 6.252 6.186 6.125 6.001 5.738 5.497 5.277 5.077 4.898 4.740 4.603 4.487 4.391 4.317 4.263 4.262 4.325 4.381 4.429 4.470 4.503 4.529 4.548 4.559 4.563 4.559 4.548 4.568 4.651 4.737 4.828 4.923 5.021
2.206 2.074 1.929 1.772 1.601 1.419 1.223 1.053 1.034 1.455 1.860 2.248 2.621 2.977 3.317 3.641 3.949 4.241 4.517 4.776 5.015 5.177 5.333 5.481 5.622 5.756 5.883 6.002 6.115 6.221 6.320 6.412 6.473 6.390 6.310 6.235 6.163 6.096 6.032 5.972 5.916 5.863 5.815 5.771 5.704 5.534 5.386 5.258 5.151 5.065 5.000 4.956 4.932 4.930 4.948 4.987 5.039 5.069 5.092 5.107 5.115 5.115 5.108 5.094 5.072 5.042 5.006 4.962 4.950 5.050 5.154 5.262 5.373 5.489
2.248 2.153 2.059 1.965 1.871 1.778 1.685 1.593 1.507 1.871 2.220 2.552 2.868 3.168 3.452 3.720 3.972 4.207 4.427 4.630 4.820 4.952 5.076 5.193 5.303 5.405 5.501 5.590 5.671 5.746 5.813 5.874 5.925 5.859 5.797 5.739 5.685 5.634 5.588 5.545 5.506 5.471 5.440 5.413 5.385 5.309 5.253 5.218 5.204 5.211 5.238 5.287 5.356 5.446 5.557 5.688 5.823 5.820 5.810 5.792 5.766 5.734 5.693 5.646 5.591 5.529 5.459 5.382 5.328 5.445 5.566 5.691 5.820 5.952
2.777 2.684 2.590 2.498 2.406 2.314 2.222 2.131 2.041 2.302 2.594 2.870 3.130 3.374 3.601 3.813 4.008 4.188 4.351 4.498 4.632 4.735 4.828 4.913 4.992 5.063 5.128 5.185 5.235 5.279 5.315 5.344 5.367 5.325 5.280 5.239 5.202 5.169 5.140 5.115 5.093 5.075 5.062 5.052 5.045 5.061 5.098 5.156 5.235 5.334 5.454 5.595 5.757 5.940 6.143 6.367 6.612 6.577 6.534 6.483 6.425 6.359 6.286 6.205 6.117 6.022 5.919 5.787 5.646 5.761 5.896 6.049 6.221 6.413
3.305 3.213 3.121 3.030 2.939 2.848 2.758 2.669 2.580 2.746 2.982 3.202 3.406 3.593 3.765 3.920 4.059 4.183 4.290 4.381 4.458 4.527 4.588 4.642 4.689 4.729 4.763 4.789 4.808 4.820 4.825 4.823 4.814 4.787 4.760 4.736 4.717 4.701 4.689 4.681 4.676 4.676 4.679 4.687 4.698 4.792 4.921 5.072 5.243 5.435 5.648 5.881 6.136 6.411 6.707 7.024 7.361 7.342 7.208 7.017 6.834 6.660 6.495 6.338 6.190 6.051 5.920 5.799 5.685 5.865 6.084 6.323 6.580 6.857
3.831 3.741 3.650 3.560 3.471 3.382 3.293 3.205 3.117 3.205 3.385 3.548 3.696 3.827 3.943 4.042 4.125 4.192 4.243 4.278 4.299 4.326 4.356 4.379 4.395 4.404 4.406 4.401 4.389 4.370 4.344 4.310 4.270 4.246 4.236 4.230 4.227 4.229 4.234 4.243 4.256 4.273 4.294 4.318 4.346 4.501 4.723 4.966 5.230 5.521 5.808 6.076 6.324 6.552 6.761 6.949 7.117 7.024 6.862 6.710 6.566 6.430 6.304 6.186 6.076 5.976 5.884 5.801 5.727 5.950 6.254 6.578 6.920 7.282
4.357 4.268 4.179 4.090 4.002 3.914 3.827 3.740 3.654 3.678 3.801 3.909 4.000 4.076 4.135 4.178 4.205 4.216 4.211 4.190 4.155 4.134 4.133 4.124 4.109 4.087 4.058 4.021 3.978 3.928 3.871 3.806 3.735 3.702 3.709 3.720 3.734 3.753 3.776 3.802 3.890 4.035 4.183 4.332 4.483 4.720 4.998 5.258 5.497 5.716 5.915 6.094 6.254 6.393 6.513 6.613 6.692 6.631 6.508 6.394 6.289 6.192 6.104 6.025 5.954 5.892 5.839 5.795 5.759 6.015 6.405 6.813 7.240 7.687
4.881 4.793 4.706 4.619 4.532 4.446 4.360 4.274 4.190 4.165 4.232 4.283 4.319 4.338 4.341 4.328 4.299 4.254 4.193 4.116 4.025 3.950 3.917 3.878 3.831 3.778 3.718 3.650 3.576 3.494 3.406 3.377 3.397 3.461 3.603 3.746 3.891 4.038 4.186 4.336 4.487 4.640 4.795 4.951 5.109 5.290 5.480 5.651 5.801 5.932 6.042 6.133 6.204 6.255 6.286 6.298 6.289 6.229 6.145 6.070 6.003 5.945 5.896 5.855 5.823 5.800 5.786 5.780 5.783 6.061 6.536 7.029 7.541 8.073
5.404 5.318 5.232 5.146 5.061 4.976 4.891 4.807 4.724 4.665 4.677 4.672 4.651 4.615 4.562 4.493 4.408 4.307 4.190 4.057 3.910 3.774 3.791 3.861 3.920 3.968 4.005 4.030 4.045 4.048 4.040 4.021 3.991 4.006 4.155 4.305 4.458 4.611 4.767 4.923 5.082 5.242 5.404 5.567 5.732 5.880 5.982 6.064 6.126 6.168 6.190 6.193 6.175 6.138 6.081 6.003 5.906 5.819 5.774 5.737 5.709 5.690 5.679 5.677 5.684 5.699 5.724 5.756 5.798 6.088 6.648 7.226 7.823 8.439
5.927 5.841 5.757 5.672 5.588 5.505 5.422 5.339 5.257 5.180 5.136 5.075 4.998 4.906 4.815 4.928 5.007 5.053 5.065 5.044 4.969 4.863 4.895 4.915 4.924 4.922 4.909 4.885 4.850 4.803 4.746 4.677 4.597 4.549 4.705 4.862 5.022 5.182 5.345 5.509 5.674 5.842 6.010 6.181 6.353 6.491 6.504 6.498 6.471 6.425 6.359 6.273 6.167 6.041 5.896 5.730 5.545 5.401 5.394 5.396 5.407 5.426 5.454 5.491 5.536 5.590 5.653 5.724 5.804 6.096 6.740 7.403 8.085 8.786
6.448 6.364 6.280 6.198 6.115 6.033 5.951 5.908 6.089 6.340 6.506 6.636 6.732 6.795 6.824 6.820 6.782 6.710 6.605 6.467 6.274 6.033 6.009 5.979 5.939 5.887 5.825 5.751 5.666 5.570 5.462 5.344 5.214 5.089 5.252 5.417 5.583 5.751 5.920 6.091 6.264 6.438 6.614 6.792 6.971 7.122 7.047 6.952 6.837 6.703 6.548 6.374 6.180 5.966 5.732 5.478 5.204 4.975 5.006 5.047 5.096 5.154 5.220 5.296 5.379 5.472 5.573 5.683 5.802 6.085 6.814 7.562 8.328 9.114
6.959 6.891 6.894 6.968 7.112 7.327 7.612 7.968 8.395 8.892 9.011 9.024 9.003 8.948 8.860 8.739 8.584 8.396 8.174 7.918 7.608 7.248 7.134 7.055 6.965 6.863 6.751 6.628 6.493 6.347 6.190 6.022 5.843 5.653 5.797 5.968 6.142 6.317 6.493 6.672 6.851 7.033 7.216 7.400 7.587 7.773 7.610 7.427 7.224 7.001 6.758 6.496 6.213 5.911 5.589 5.247 4.885 4.540 4.610 4.689 4.777 4.873 4.978 5.092 5.214 5.345 5.485 5.634 5.791 6.055 6.868 7.701 8.552 9.422
7.230 7.408 7.657 7.977 8.367 8.827 9.359 9.961 10.633 11.376 11.543 11.439 11.301 11.129 10.925 10.686 10.414 10.109 9.770 9.398 8.970 8.492 8.270 8.142 8.002 7.851 7.689 7.516 7.331 7.136 6.930 6.712 6.483 6.244 6.339 6.518 6.698 6.880 7.064 7.249 7.436 7.625 7.815 8.006 8.200 8.395 8.193 7.922 7.631 7.319 6.988 6.638 6.267 5.877 5.466 5.036 4.586 4.117 4.205 4.323 4.449 4.584 4.728 4.880 5.041 5.210 5.389 5.575 5.885 6.408 7.709 9.128 10.665 12.321
7.433 7.858 8.353 8.918 9.554 10.260 11.037 11.885 12.803 13.792 14.103 13.882 13.627 13.338 13.016 12.661 12.272 11.850 11.394 10.905 10.360 9.764 9.417 9.239 9.050 8.849 8.638 8.415 8.181 7.936 7.680 7.413 7.135 6.846 6.878 7.064 7.252 7.441 7.632 7.824 8.018 8.214 8.411 8.610 8.810 9.012 8.797 8.437 8.058 7.658 7.239 6.801 6.342 5.863 5.365 4.847 4.309 3.751 3.792 4.006 4.333 4.696 5.094 5.529 5.999 6.505 7.047 7.625 8.239 8.889 10.640 12.583 14.644 16.823
7.571 8.241 8.981 9.792 10.674 11.626 12.648 13.741 14.905 16.139 16.690 16.352 15.980 15.574 15.136 14.664 14.158 13.619 13.047 12.441 11.778 11.065 10.576 10.348 10.109 9.859 9.598 9.326 9.042 8.748 8.442 8.126 7.798 7.459 7.416 7.609 7.803 8.000 8.197 8.397 8.598 8.801 9.005 9.211 9.418 9.627 9.421 8.973 8.505 8.018 7.494 6.956 6.442 5.952 5.486 5.045 4.627 4.234 4.442 4.892 5.378 5.900 6.457 7.050 7.679 8.344 9.045 9.782 10.554 11.362 13.450 15.916 18.501 21.203
7.642 8.557 9.543 10.600 11.727 12.924 14.192 15.530 16.939 18.418 19.304 18.849 18.360 17.838 17.283 16.694 16.072 15.416 14.727 14.005 13.225 12.393 11.745 11.468 11.179 10.880 10.569 10.247 9.914 9.571 9.216 8.850 8.472 8.084 7.950 8.150 8.352 8.555 8.760 8.967 9.175 9.347 9.446 9.526 9.587 9.630 9.353 8.825 8.322 7.842 7.387 6.955 6.548 6.165 5.806 5.471 5.160 4.873 5.131 5.740 6.385 7.065 7.781 8.533 9.321 10.145 11.004 11.899 12.830 13.797 16.139 19.128 22.235 25.461
7.646 8.807 10.039 11.340 12.713 14.155 15.668 17.251 18.905 20.629 21.946 21.374 20.768 20.130 19.457 18.752 18.013 17.241 16.435 15.597 14.700 13.750 12.925 12.598 12.260 11.911 11.551 11.180 10.798 10.405 10.000 9.585 9.136 8.669 8.419 8.566 8.694 8.803 8.894 8.966 9.019 9.054 9.070 9.067 9.046 9.006 8.793 8.372 7.975 7.603 7.254 6.929 6.629 6.352 6.100 5.872 5.667 5.487 5.783 6.550 7.354 8.193 9.067 9.978 10.924 11.907 12.924 13.978 15.068 16.193 18.706 22.218 25.848 29.596
7.584 8.990 10.467 12.014 13.631 15.319 17.077 18.905 20.803 22.772 24.614 23.926 23.204 22.448 21.660 20.838 19.982 19.094 18.172 17.216 16.202 15.135 14.116 13.646 13.046 12.475 11.933 11.420 10.937 10.482 10.058 9.662 9.296 8.959 8.725 8.789 8.834 8.861 8.869 8.858 8.829 8.781 8.715 8.629 8.526 8.403 8.209 7.894 7.604 7.338 7.096 6.878 6.684 6.514 6.369 6.247 6.149 6.076 6.397 7.323 8.285 9.282 10.316 11.385 12.489 13.630 14.806 16.018 17.266 18.550 21.152 25.187 29.339 33.609
7.456 9.107 10.829 12.621 14.483 16.415 18.418 20.491 22.634 24.847 27.131 26.505 25.666 24.795 23.889 22.875 21.364 19.889 18.449 17.046 15.696 14.395 13.122 12.604 12.134 11.693 11.281 10.898 10.544 10.220 9.925 9.660 9.423 9.216 9.050 9.032 8.994 8.938 8.864 8.771 8.659 8.529 8.380 8.212 8.026 7.821 7.599 7.392 7.208 7.049 6.913 6.802 6.715 6.651 6.612 6.597 6.606 6.639 6.973 8.058 9.178 10.334 11.525 12.753 14.016 15.315 16.650 18.020 19.426 20.868 23.478 28.034 32.708 37.500
7.262 9.158 11.124 13.161 15.268 17.445 19.692 22.009 24.270 26.047 27.757 26.800 25.270 23.777 22.318 20.896 19.509 18.157 16.842 15.562 14.336 13.160 12.012 11.531 11.190 10.879 10.597 10.344 10.121 9.926 9.761 9.625 9.519 9.441 9.393 9.295 9.175 9.036 8.879 8.704 8.509 8.296 8.065 7.815 7.546 7.259 6.965 6.864 6.787 6.735 6.706 6.701 6.720 6.763 6.830 6.922 7.037 7.176 7.512 8.755 10.033 11.347 12.697 14.083 15.504 16.962 18.454 19.983 21.547 23.147 25.683 30.760 35.956 41.269
7.002 9.109 11.117 13.061 14.938 16.750 18.496 20.176 21.790 23.339 24.822 24.296 22.891 21.520 20.186 18.887 17.624 16.396 15.204 14.048 12.947 11.896 10.873 10.426 10.216 10.034 9.882 9.759 9.665 9.600 9.565 9.559 9.582 9.634 9.716 9.577 9.375 9.154 8.915 8.657 8.380 8.085 7.771 7.438 7.087 6.718 6.330 6.312 6.342 6.396 6.473 6.575 6.700 6.850 7.023 7.221 7.443 7.688 8.013 9.414 10.851 12.323 13.831 15.375 16.955 18.570 20.221 21.907 23.629 25.387 27.767 33.366 39.083 44.917
6.439 8.286 10.067 11.782 13.432 15.016 16.534 17.987 19.374 20.695 21.951 21.764 20.482 19.235 18.024 16.849 15.710 14.606 13.537 12.504 11.528 10.601 9.703 9.290 9.209 9.157 9.135 9.141 9.177 9.242 9.337 9.460 9.613 9.794 10.006 9.880 9.595 9.292 8.970 8.630 8.271 7.893 7.497 7.082 6.649 6.197 5.727 5.736 5.872 6.032 6.216 6.424 6.655 6.911 7.191 7.495 7.823 8.175 8.551 10.035 11.630 13.261 14.927 16.629 18.367 20.140 21.949 23.793 25.673 27.589 29.574 35.144 40.626 46.020
5.906 7.525 9.078 10.566 11.988 13.345 14.636 15.861 17.021 18.114 19.143 19.202 18.044 16.921 15.834 14.782 13.766 12.786 11.841 10.931 10.079 9.277 8.504 8.123 8.172 8.249 8.356 8.493 8.658 8.853 9.076 9.329 9.611 9.923 10.263 10.203 9.836 9.450 9.046 8.623 8.182 7.722 7.243 6.746 6.231 5.697 5.144 5.135 5.377 5.643 5.933 6.248 6.586 6.948 7.334 7.744 8.178 8.637 9.119 10.620 12.372 14.118 15.773 17.403 19.009 20.590 22.146 23.678 25.185 26.667 28.124 33.063 38.157 43.163
5.435 6.826 8.152 9.412 10.607 11.736 12.800 13.798 14.730 15.597 16.398 16.611 15.577 14.577 13.614 12.686 11.793 10.936 10.115 9.329 8.600 7.923 7.275 6.924 7.103 7.310 7.546 7.812 8.107 8.431 8.784 9.167 9.578 10.019 10.489 10.545 10.096 9.628 9.141 8.636 8.113 7.571 7.010 6.431 5.833 5.217 4.582 4.509 4.857 5.230 5.626 6.047 6.528 7.086 7.615 8.115 8.585 9.026 9.437 10.694 12.290 13.861 15.407 16.929 18.426 19.898 21.346 22.769 24.167 25.540 26.889 31.070 35.777 40.395
5.025 6.189 7.288 8.321 9.289 10.191 11.027 11.798 12.503 13.143 13.717 13.992 13.080 12.205 11.365 10.560 9.791 9.057 8.359 7.696 7.092 6.539 6.015 5.694 6.002 6.339 6.705 7.100 7.524 7.978 8.460 8.972 9.513 10.083 10.682 10.908 10.376 9.826 9.257 8.670 8.064 7.440 6.797 6.194 5.755 5.327 4.909 4.972 5.547 6.093 6.610 7.097 7.554 7.982 8.381 8.750 9.090 9.401 9.682 10.679 12.167 13.629 15.067 16.480 17.868 19.232 20.571 21.885 23.175 24.440 25.680 29.166 33.485 37.716
