DATA/SHG/ECMWF/20170628/EN-39/20170710.en-39.asc
ncols        190
nrows        64
xllcorner    -5100000.000000000000
yllcorner    4130000.000000000000
cellsize     10000.000000000000
NODATA_value  -99999.000
[rows 0 to 31 of 64, columns 72 to 143 of 190]
6.091 6.186 6.296 6.422 6.564 6.721 6.893 7.081 7.285 7.329 6.966 6.601 6.242 5.888 5.539 5.195 4.857 4.524 4.197 3.875 3.558 3.330 3.371 3.403 3.436 3.469 3.503 3.536 3.570 3.605 3.640 3.675 3.710 3.776 3.932 4.081 4.220 4.351 4.473 4.586 4.690 4.786 4.873 4.951 5.021 5.159 5.539 5.924 6.316 6.713 7.117 7.526 7.942 8.363 8.791 9.225 9.664 9.962 9.817 9.656 9.480 9.287 9.078 8.854 8.613 8.357 8.084 7.796 7.491 7.197 6.966 6.724
6.118 6.267 6.432 6.626 6.827 7.029 7.232 7.437 7.642 7.750 7.398 7.052 6.711 6.375 6.045 5.720 5.400 5.086 4.777 4.474 4.176 3.919 3.961 3.995 4.029 4.064 4.099 4.134 4.169 4.205 4.241 4.278 4.315 4.361 4.479 4.588 4.689 4.780 4.863 4.937 5.002 5.059 5.107 5.146 5.177 5.247 5.653 6.066 6.484 6.909 7.339 7.776 8.218 8.667 9.121 9.582 10.049 10.426 10.210 9.978 9.730 9.466 9.186 8.890 8.579 8.251 7.907 7.548 7.172 6.801 6.528 6.246
6.325 6.527 6.729 6.933 7.138 7.345 7.553 7.762 7.972 8.158 7.825 7.497 7.174 6.857 6.546 6.239 5.938 5.643 5.352 5.067 4.788 4.513 4.551 4.586 4.621 4.657 4.693 4.730 4.767 4.804 4.842 4.880 4.918 4.956 5.035 5.105 5.166 5.218 5.262 5.297 5.323 5.341 5.350 5.350 5.341 5.328 5.761 6.201 6.646 7.098 7.555 8.019 8.488 8.963 9.445 9.932 10.426 10.906 10.619 10.315 9.996 9.661 9.310 8.943 8.560 8.162 7.747 7.316 6.870 6.514 6.426 6.357
6.617 6.823 7.030 7.238 7.448 7.659 7.872 8.085 8.300 8.517 8.246 7.936 7.633 7.334 7.041 6.753 6.471 6.193 5.922 5.655 5.394 5.138 5.139 5.175 5.212 5.249 5.287 5.325 5.363 5.402 5.441 5.480 5.520 5.560 5.599 5.630 5.652 5.665 5.670 5.666 5.653 5.632 5.602 5.563 5.515 5.459 5.863 6.329 6.801 7.280 7.764 8.255 8.751 9.253 9.762 10.276 10.796 11.323 11.043 10.669 10.296 9.953 9.632 9.333 9.055 8.799 8.565 8.352 8.162 7.993 7.976 7.986
6.907 7.117 7.329 7.542 7.756 7.972 8.189 8.407 8.627 8.847 8.661 8.370 8.085 7.805 7.530 7.261 6.997 6.739 6.485 6.237 5.995 5.758 5.725 5.763 5.802 5.840 5.879 5.919 5.958 5.999 6.039 6.080 6.121 6.162 6.172 6.164 6.147 6.121 6.087 6.044 5.992 5.932 5.863 5.785 5.699 5.603 5.958 6.451 6.950 7.455 7.967 8.497 9.032 9.560 10.080 10.591 11.095 11.591 11.445 11.155 10.887 10.641 10.417 10.214 10.033 9.874 9.737 9.621 9.527 9.455 9.505 9.596
7.195 7.410 7.627 7.844 8.063 8.283 8.505 8.727 8.951 9.177 9.071 8.799 8.532 8.271 8.015 7.764 7.518 7.278 7.043 6.814 6.590 6.371 6.311 6.350 6.390 6.430 6.471 6.511 6.552 6.594 6.636 6.678 6.720 6.763 6.754 6.706 6.651 6.586 6.513 6.431 6.340 6.241 6.156 6.089 6.029 5.976 6.316 6.856 7.388 7.913 8.429 8.937 9.437 9.929 10.414 10.890 11.358 11.819 11.820 11.627 11.456 11.306 11.178 11.072 10.988 10.926 10.885 10.866 10.868 10.893 11.014 11.185
7.482 7.702 7.922 8.144 8.368 8.592 8.818 9.046 9.274 9.504 9.476 9.222 8.974 8.731 8.493 8.261 8.034 7.812 7.596 7.385 7.179 6.979 6.895 6.936 6.977 7.019 7.060 7.103 7.145 7.188 7.231 7.275 7.318 7.343 7.305 7.215 7.132 7.055 6.985 6.921 6.864 6.814 6.770 6.732 6.701 6.677 6.941 7.446 7.943 8.431 8.912 9.385 9.849 10.306 10.755 11.196 11.629 12.054 12.171 12.075 12.001 11.948 11.917 11.907 11.920 11.954 12.010 12.087 12.186 12.307 12.503 12.754
7.767 7.991 8.216 8.443 8.671 8.900 9.131 9.362 9.595 9.830 9.875 9.640 9.410 9.186 8.966 8.753 8.544 8.341 8.143 7.951 7.763 7.582 7.478 7.520 7.511 7.489 7.476 7.474 7.481 7.498 7.525 7.562 7.608 7.664 7.679 7.618 7.564 7.516 7.475 7.440 7.412 7.391 7.376 7.367 7.365 7.370 7.574 8.043 8.504 8.957 9.403 9.840 10.269 10.691 11.104 11.510 11.908 12.297 12.500 12.501 12.523 12.566 12.632 12.719 12.828 12.959 13.111 13.285 13.480 13.698 13.972 14.303
8.050 8.279 8.509 8.740 8.972 9.206 9.441 9.677 9.915 10.154 10.269 10.052 9.841 9.635 9.434 9.239 9.026 8.729 8.440 8.158 7.883 7.615 7.413 7.415 7.427 7.448 7.480 7.521 7.572 7.633 7.704 7.784 7.874 7.974 8.045 8.013 7.988 7.969 7.957 7.952 7.953 7.960 7.974 7.994 8.021 8.055 8.214 8.648 9.073 9.491 9.901 10.303 10.697 11.083 11.461 11.832 12.194 12.548 12.806 12.903 13.022 13.162 13.324 13.508 13.713 13.940 14.189 14.459 14.751 15.065 15.421 15.832
8.332 8.565 8.799 9.035 9.272 9.510 9.750 9.991 10.233 10.440 10.501 10.186 9.879 9.579 9.286 9.000 8.722 8.450 8.186 7.929 7.679 7.436 7.230 7.276 7.332 7.397 7.472 7.557 7.652 7.757 7.871 7.995 8.129 8.273 8.404 8.401 8.405 8.415 8.432 8.455 8.485 8.521 8.564 8.614 8.669 8.732 8.861 9.260 9.650 10.033 10.407 10.774 11.132 11.483 11.826 12.161 12.488 12.807 13.089 13.283 13.498 13.735 13.993 14.273 14.575 14.898 15.243 15.610 15.998 16.408 16.850 17.340
8.612 8.850 9.056 9.216 9.365 9.504 9.633 9.751 9.860 9.958 10.041 9.752 9.469 9.194 8.927 8.666 8.412 8.166 7.927 7.694 7.470 7.252 7.043 7.126 7.225 7.335 7.454 7.582 7.721 7.869 8.028 8.196 8.373 8.561 8.755 8.781 8.814 8.853 8.899 8.951 9.010 9.075 9.147 9.225 9.310 9.401 9.516 9.879 10.234 10.581 10.921 11.252 11.575 11.891 12.198 12.498 12.790 13.073 13.350 13.640 13.951 14.284 14.639 15.015 15.413 15.833 16.274 16.737 17.221 17.727 18.259 18.829
8.556 8.700 8.834 8.958 9.071 9.175 9.268 9.351 9.424 9.486 9.539 9.311 9.054 8.804 8.561 8.325 8.097 7.875 7.661 7.454 7.254 7.061 6.878 6.965 7.108 7.261 7.424 7.597 7.779 7.971 8.173 8.385 8.606 8.837 9.078 9.153 9.215 9.283 9.358 9.439 9.527 9.621 9.721 9.829 9.942 10.062 10.189 10.506 10.826 11.138 11.442 11.738 12.026 12.306 12.578 12.843 13.099 13.348 13.588 13.974 14.381 14.811 15.262 15.734 16.228 16.744 17.282 17.841 18.421 19.101 19.891 20.651
8.414 8.523 8.621 8.710 8.788 8.855 8.913 8.961 8.998 9.025 9.042 8.865 8.632 8.407 8.189 7.979 7.775 7.578 7.389 7.207 7.032 6.864 6.706 6.794 6.981 7.177 7.384 7.600 7.826 8.062 8.307 8.562 8.828 9.102 9.387 9.518 9.608 9.705 9.809 9.919 10.036 10.159 10.288 10.424 10.567 10.716 10.872 11.141 11.425 11.702 11.971 12.231 12.484 12.729 12.966 13.195 13.417 13.630 13.835 14.285 14.866 15.554 16.265 16.998 17.754 18.533 19.334 20.158 21.004 21.873 22.765 23.419
8.283 8.356 8.419 8.471 8.514 8.546 8.568 8.580 8.582 8.573 8.555 8.412 8.205 8.005 7.812 7.626 7.447 7.276 7.111 6.954 6.804 6.661 6.528 6.611 6.842 7.082 7.332 7.592 7.862 8.141 8.430 8.729 9.038 9.356 9.685 9.875 9.994 10.120 10.253 10.392 10.537 10.689 10.847 11.012 11.184 11.362 11.546 11.783 12.032 12.273 12.507 12.746 13.019 13.321 13.651 14.011 14.399 14.817 15.263 15.943 16.709 17.498 18.309 19.143 19.999 20.878 21.779 22.703 23.649 24.618 25.610 26.210
8.161 8.198 8.226 8.243 8.250 8.247 8.233 8.210 8.176 8.132 8.078 7.954 7.771 7.596 7.428 7.267 7.114 6.967 6.827 6.695 6.570 6.452 6.344 6.418 6.692 6.976 7.270 7.573 7.887 8.210 8.542 8.885 9.237 9.599 9.971 10.224 10.372 10.527 10.689 10.856 11.031 11.212 11.363 11.491 11.630 11.781 11.943 12.169 12.454 12.769 13.113 13.485 13.887 14.317 14.776 15.264 15.781 16.327 16.901 17.661 18.527 19.416 20.327 21.261 22.217 23.196 24.197 25.221 26.268 27.337 28.428 29.025
8.049 8.051 8.042 8.024 7.996 7.957 7.908 7.849 7.780 7.701 7.611 7.490 7.332 7.182 7.039 6.903 6.774 6.652 6.538 6.430 6.330 6.237 6.153 6.214 6.532 6.859 7.197 7.544 7.900 8.267 8.643 9.029 9.425 9.793 10.119 10.340 10.438 10.547 10.668 10.801 10.945 11.101 11.269 11.449 11.640 11.844 12.059 12.363 12.777 13.220 13.693 14.193 14.723 15.282 15.869 16.486 17.131 17.805 18.508 19.353 20.319 21.308 22.319 23.353 24.409 25.488 26.590 27.714 28.860 30.029 31.221 31.863
7.946 7.913 7.869 7.815 7.751 7.677 7.593 7.499 7.394 7.279 7.154 7.020 6.887 6.762 6.644 6.532 6.428 6.332 6.242 6.159 6.084 6.015 5.957 5.999 6.380 6.767 7.141 7.501 7.848 8.181 8.501 8.808 9.100 9.380 9.646 9.867 10.017 10.179 10.352 10.537 10.734 10.942 11.163 11.395 11.639 11.894 12.161 12.526 13.069 13.641 14.241 14.870 15.528 16.215 16.931 17.675 18.449 19.251 20.082 21.019 22.085 23.174 24.285 25.419 26.576 27.754 28.956 30.180 31.426 32.695 33.986 34.724
7.854 7.785 7.706 7.616 7.517 7.407 7.288 7.158 7.018 6.868 6.707 6.544 6.436 6.336 6.242 6.156 6.085 6.109 6.129 6.144 6.155 6.160 6.157 6.181 6.522 6.850 7.163 7.464 7.750 8.024 8.284 8.530 8.763 8.982 9.188 9.382 9.584 9.798 10.024 10.261 10.510 10.771 11.044 11.328 11.624 11.932 12.251 12.659 13.330 14.029 14.758 15.516 16.302 17.117 17.961 18.833 19.735 20.665 21.624 22.660 23.826 25.015 26.226 27.460 28.716 29.995 31.296 32.620 33.966 35.334 36.726 37.609
7.771 7.666 7.552 7.427 7.292 7.147 6.992 6.827 6.652 6.485 6.414 6.354 6.384 6.411 6.434 6.451 6.464 6.472 6.475 6.473 6.467 6.456 6.435 6.406 6.680 6.947 7.201 7.441 7.668 7.881 8.081 8.268 8.440 8.600 8.746 8.884 9.139 9.405 9.683 9.973 10.274 10.587 10.912 11.249 11.597 11.957 12.329 12.760 13.559 14.387 15.244 16.130 17.044 17.987 18.959 19.960 20.989 22.047 23.135 24.275 25.541 26.829 28.141 29.474 30.830 32.209 33.610 35.033 36.479 37.948 39.438 40.518
7.697 7.558 7.416 7.302 7.200 7.110 7.032 6.966 6.912 6.871 6.841 6.824 6.835 6.845 6.851 6.851 6.847 6.839 6.825 6.806 6.783 6.755 6.718 6.672 6.852 7.059 7.253 7.434 7.600 7.754 7.894 8.020 8.133 8.233 8.319 8.392 8.681 9.000 9.330 9.672 10.026 10.391 10.768 11.157 11.557 11.970 12.394 12.831 13.758 14.714 15.699 16.712 17.755 18.826 19.926 21.054 22.212 23.398 24.613 25.864 27.230 28.619 30.030 31.463 32.919 34.397 35.898 37.421 38.966 40.534 42.125 43.450
7.676 7.580 7.495 7.423 7.363 7.315 7.279 7.256 7.244 7.244 7.257 7.282 7.289 7.283 7.271 7.255 7.235 7.209 7.178 7.143 7.103 7.058 7.004 6.941 7.039 7.186 7.320 7.441 7.548 7.642 7.722 7.788 7.842 7.881 7.908 7.920 8.211 8.582 8.965 9.359 9.765 10.182 10.611 11.052 11.505 11.969 12.446 12.933 13.926 15.010 16.123 17.264 18.434 19.633 20.861 22.117 23.403 24.717 26.059 27.431 28.894 30.382 31.893 33.426 34.981 36.559 38.160 39.782 41.428 43.095 44.677 45.983
7.659 7.605 7.563 7.533 7.515 7.509 7.515 7.534 7.564 7.607 7.661 7.728 7.747 7.724 7.696 7.663 7.626 7.583 7.536 7.484 7.427 7.366 7.294 7.215 7.241 7.329 7.403 7.463 7.511 7.544 7.565 7.572 7.565 7.545 7.511 7.464 7.729 8.152 8.587 9.033 9.491 9.961 10.442 10.935 11.440 11.957 12.485 13.025 14.063 15.275 16.515 17.784 19.082 20.409 21.765 23.149 24.562 26.004 27.474 28.973 30.532 32.177 33.866 35.492 37.053 38.551 39.984 41.353 42.659 43.900 45.077 46.190
7.631 7.619 7.619 7.631 7.655 7.691 7.740 7.800 7.873 7.957 8.054 8.162 8.209 8.169 8.124 8.075 8.020 7.961 7.897 7.829 7.755 7.677 7.589 7.492 7.458 7.486 7.500 7.501 7.488 7.462 7.423 7.370 7.304 7.224 7.130 7.024 7.235 7.710 8.197 8.695 9.206 9.727 10.261 10.806 11.363 11.932 12.512 13.104 14.169 15.508 16.877 18.274 19.819 21.563 23.312 25.066 26.824 28.588 30.357 32.131 33.722 35.192 36.598 37.939 39.217 40.431 41.581 42.667 43.688 44.646 45.540 46.370
7.592 7.621 7.664 7.718 7.784 7.862 7.952 8.055 8.169 8.296 8.435 8.585 8.675 8.618 8.557 8.490 8.419 8.343 8.263 8.177 8.087 7.992 7.887 7.773 7.690 7.658 7.612 7.553 7.481 7.395 7.296 7.183 7.057 6.918 6.765 6.599 6.729 7.256 7.795 8.345 8.907 9.481 10.067 10.805 11.778 12.760 13.752 14.753 16.152 17.897 19.648 21.404 23.165 24.931 26.702 28.478 30.259 32.045 33.836 35.632 37.082 38.268 39.390 40.449 41.443 42.373 43.240 44.042 44.781 45.456 46.066 46.613
7.541 7.613 7.697 7.793 7.901 8.021 8.154 8.298 8.455 8.623 8.804 8.996 9.145 9.071 8.993 8.910 8.822 8.729 8.632 8.529 8.422 8.311 8.189 8.059 7.936 7.844 7.739 7.621 7.489 7.343 7.184 7.012 6.826 6.627 6.558 6.705 7.099 8.047 9.005 9.972 10.949 11.936 12.931 13.937 14.951 15.976 17.010 18.053 19.399 21.167 22.940 24.718 26.501 28.289 30.082 31.880 33.684 35.492 37.305 39.123 40.503 41.405 42.244 43.019 43.730 44.378 44.961 45.480 45.936 46.328 46.655 46.919
7.479 7.593 7.719 7.857 8.007 8.169 8.344 8.530 8.728 8.939 9.161 9.396 9.618 9.528 9.433 9.333 9.228 9.119 9.005 8.886 8.762 8.633 8.495 8.348 8.198 8.190 8.395 8.588 8.768 8.935 9.088 9.230 9.358 9.473 9.575 9.665 9.923 10.913 11.913 12.922 13.941 14.969 16.007 17.054 18.111 19.177 20.253 21.338 22.636 24.426 26.222 28.022 29.827 31.637 33.453 35.273 37.098 38.928 40.763 42.604 43.984 44.604 45.159 45.651 46.079 46.444 46.744 46.981 47.153 47.262 47.307 47.289
7.404 7.561 7.729 7.909 8.101 8.306 8.522 8.750 8.990 9.243 9.507 9.784 10.072 9.988 9.876 9.760 9.638 9.552 9.751 9.993 10.278 10.605 10.925 11.231 11.571 11.736 11.884 12.019 12.141 12.251 12.347 12.430 12.501 12.559 12.603 12.635 12.732 13.765 14.806 15.858 16.918 17.988 19.068 20.157 21.256 22.364 23.481 24.608 25.864 27.676 29.493 31.316 33.143 34.976 36.813 38.655 40.503 42.355 44.212 46.074 47.526 47.863 48.136 48.345 48.490 48.572 48.589 48.543 48.433 48.260 48.022 47.721
7.335 7.518 7.728 7.950 8.184 8.431 8.689 8.959 9.241 9.535 9.873 10.361 10.893 11.110 11.286 11.505 11.767 12.071 12.419 12.808 13.241 13.716 14.185 14.641 15.130 15.293 15.383 15.460 15.525 15.577 15.615 15.641 15.654 15.654 15.642 15.616 15.577 16.602 17.686 18.779 19.881 20.993 22.115 23.246 24.386 25.536 26.695 27.864 29.081 30.916 32.755 34.600 36.449 38.304 40.163 42.028 43.897 45.772 47.651 49.535 51.129 51.183 51.174 51.100 50.963 50.762 50.497 50.168 49.776 49.320 48.800 48.216
7.279 7.464 7.716 7.989 8.318 8.692 9.111 9.575 10.084 10.638 11.238 11.882 12.571 12.995 13.320 13.687 14.096 14.549 15.044 15.581 16.162 16.785 17.402 18.007 18.646 18.859 18.892 18.912 18.918 18.913 18.894 18.862 18.818 18.760 18.690 18.607 18.511 19.425 20.550 21.685 22.830 23.984 25.147 26.320 27.502 28.694 29.895 31.106 32.326 34.146 36.007 37.874 39.746 41.622 43.504 45.390 47.282 49.178 51.080 52.986 54.793 54.565 54.272 53.916 53.497 53.013 52.466 51.855 51.181 50.442 49.640 48.775
7.161 7.380 7.775 8.216 8.701 9.232 9.807 10.427 11.093 11.803 12.559 13.359 14.204 14.839 15.311 15.826 16.384 16.984 17.627 18.312 19.040 19.811 20.577 21.332 22.120 22.435 22.410 22.373 22.322 22.259 22.182 22.093 21.991 21.876 21.749 21.608 21.455 22.234 23.401 24.578 25.764 26.960 28.165 29.380 30.604 31.837 33.080 34.333 35.595 37.366 39.250 41.138 43.032 44.931 46.834 48.743 50.657 52.575 54.499 56.427 58.361 58.007 57.432 56.794 56.092 55.326 54.497 53.604 52.648 51.627 50.543 49.396
6.995 7.250 7.802 8.399 9.041 9.728 10.460 11.237 12.058 12.925 13.837 14.793 15.795 16.642 17.262 17.924 18.629 19.377 20.168 21.001 21.877 22.795 23.709 24.613 25.551 26.021 25.939 25.843 25.735 25.615 25.481 25.334 25.175 25.002 24.817 24.619 24.409 25.029 26.238 27.456 28.685 29.922 31.169 32.425 33.691 34.966 36.251 37.545 38.849 40.576 42.482 44.393 46.309 48.230 50.155 52.086 54.022 55.962 57.908 59.858 61.814 61.510 60.653 59.524 57.964 56.406 54.848 53.292 51.738 50.184 48.632 47.081
6.822 7.079 7.787 8.541 9.339 10.182 11.070 12.003 12.981 14.003 15.071 16.184 17.341 18.403 19.170 19.981 20.833 21.729 22.667 23.648 24.671 25.737 26.799 27.853 28.940 29.617 29.477 29.324 29.159 28.981 28.789 28.585 28.369 28.139 27.896 27.641 27.373 27.809 29.060 30.321 31.591 32.870 34.158 35.457 36.764 38.081 39.408 40.744 42.089 43.777 45.705 47.638 49.576 51.519 53.607 55.791 57.603 59.043 60.112 60.810 61.136 60.061 58.504 56.949 55.394 53.841 52.289 50.739 49.189 47.641 46.094 44.548
