DATA/SHG/ECMWF/20170628/EN-39/20170709.en-39.asc
ncols        190
nrows        64
xllcorner    -5100000.000000000000
yllcorner    4130000.000000000000
cellsize     10000.000000000000
NODATA_value  -99999.000
[rows 0 to 31 of 64, columns 0 to 72 of 190]
4.897 4.684 4.462 4.231 3.991 3.742 3.485 3.219 2.944 2.833 2.772 2.707 2.638 2.564 2.486 2.403 2.316 2.225 2.129 2.077 2.047 2.046 2.053 2.055 2.051 2.042 2.028 2.008 1.983 1.952 1.916 1.875 1.828 1.878 1.986 2.085 2.175 2.256 2.328 2.391 2.445 2.491 2.527 2.554 2.573 2.532 2.444 2.353 2.260 2.165 2.067 1.967 1.865 1.761 1.654 1.545 1.434 1.370 1.370 1.374 1.384 1.398 1.418 1.443 1.473 1.509 1.549 1.595 1.646 1.642 1.544 1.446 1.347
5.308 5.064 4.810 4.548 4.277 3.997 3.709 3.411 3.105 2.939 2.863 2.782 2.723 2.671 2.625 2.585 2.551 2.524 2.502 2.487 2.478 2.471 2.459 2.442 2.419 2.391 2.357 2.318 2.274 2.224 2.169 2.109 2.043 2.044 2.121 2.188 2.246 2.296 2.337 2.368 2.391 2.405 2.410 2.406 2.392 2.343 2.247 2.148 2.047 1.944 1.838 1.730 1.620 1.508 1.393 1.276 1.157 1.079 1.096 1.119 1.147 1.179 1.217 1.261 1.309 1.363 1.421 1.485 1.554 1.584 1.485 1.385 1.284
5.729 5.453 5.168 4.875 4.562 4.214 3.884 3.573 3.279 3.102 3.053 3.011 2.974 2.943 2.919 2.901 2.889 2.883 2.883 2.889 2.901 2.901 2.870 2.834 2.792 2.745 2.692 2.634 2.571 2.502 2.428 2.349 2.264 2.219 2.264 2.300 2.327 2.345 2.354 2.355 2.346 2.328 2.301 2.266 2.221 2.156 2.052 1.945 1.836 1.725 1.611 1.496 1.377 1.257 1.134 1.009 0.882 0.783 0.818 0.859 0.905 0.956 1.012 1.074 1.140 1.212 1.289 1.370 1.545 1.706 1.686 1.658 1.621
5.786 5.430 5.091 4.771 4.469 4.184 3.918 3.670 3.440 3.282 3.254 3.233 3.218 3.209 3.206 3.210 3.219 3.235 3.256 3.284 3.318 3.336 3.286 3.231 3.170 3.104 3.032 2.955 2.873 2.785 2.692 2.593 2.490 2.403 2.417 2.421 2.417 2.403 2.381 2.350 2.310 2.261 2.203 2.136 2.060 1.972 1.860 1.745 1.628 1.509 1.387 1.264 1.138 1.009 0.879 0.746 0.610 0.482 0.536 0.595 0.667 0.839 1.014 1.192 1.373 1.556 1.742 1.930 2.121 2.314 2.268 2.210 2.143
5.418 5.125 4.851 4.594 4.355 4.135 3.932 3.748 3.582 3.454 3.448 3.448 3.455 3.468 3.486 3.511 3.542 3.579 3.623 3.672 3.728 3.777 3.707 3.633 3.553 3.468 3.377 3.281 3.180 3.073 2.961 2.843 2.721 2.596 2.578 2.551 2.515 2.471 2.417 2.354 2.283 2.202 2.113 2.014 1.907 1.791 1.671 1.548 1.423 1.296 1.166 1.034 0.900 0.783 0.735 0.698 0.670 0.653 0.811 0.987 1.166 1.348 1.532 1.719 1.909 2.101 2.296 2.493 2.693 2.896 2.858 2.770 2.674
5.030 4.801 4.591 4.398 4.223 4.066 3.927 3.806 3.703 3.619 3.635 3.657 3.685 3.719 3.760 3.806 3.859 3.917 3.982 4.053 4.130 4.213 4.134 4.040 3.941 3.837 3.727 3.612 3.492 3.366 3.235 3.099 2.957 2.810 2.749 2.690 2.623 2.547 2.462 2.368 2.265 2.153 2.032 1.902 1.764 1.616 1.499 1.416 1.342 1.279 1.226 1.183 1.151 1.128 1.116 1.114 1.122 1.141 1.288 1.474 1.662 1.853 2.047 2.243 2.441 2.642 2.846 3.053 3.262 3.474 3.455 3.337 3.211
4.624 4.458 4.311 4.182 4.070 3.977 3.902 3.845 3.805 3.784 3.815 3.859 3.908 3.964 4.026 4.094 4.168 4.248 4.334 4.427 4.525 4.630 4.565 4.452 4.335 4.211 4.083 3.949 3.809 3.665 3.515 3.359 3.198 3.032 2.928 2.838 2.740 2.632 2.516 2.399 2.284 2.165 2.044 1.920 1.793 1.663 1.583 1.535 1.498 1.470 1.453 1.446 1.449 1.463 1.486 1.520 1.564 1.618 1.763 1.958 2.155 2.355 2.558 2.763 2.970 3.181 3.394 3.609 3.828 4.048 4.059 3.911 3.755
4.198 4.096 4.012 3.947 3.899 3.869 3.857 3.864 3.888 3.930 3.988 4.053 4.124 4.202 4.285 4.374 4.470 4.572 4.680 4.794 4.914 5.040 5.001 4.870 4.733 4.591 4.443 4.290 4.132 3.968 3.799 3.625 3.437 3.252 3.115 3.004 2.891 2.774 2.654 2.532 2.406 2.277 2.145 2.010 1.873 1.732 1.657 1.645 1.643 1.651 1.670 1.698 1.737 1.786 1.846 1.915 1.995 2.084 2.234 2.438 2.645 2.854 3.065 3.279 3.496 3.716 3.938 4.162 4.390 4.620 4.670 4.493 4.307
3.752 3.714 3.694 3.692 3.708 3.741 3.793 3.863 3.951 4.056 4.154 4.241 4.334 4.432 4.537 4.648 4.765 4.889 5.018 5.153 5.295 5.442 5.443 5.292 5.136 4.925 4.716 4.515 4.319 4.131 3.949 3.774 3.606 3.444 3.304 3.183 3.059 2.931 2.801 2.668 2.531 2.392 2.249 2.104 1.955 1.804 1.720 1.744 1.778 1.822 1.876 1.940 2.015 2.100 2.195 2.300 2.415 2.540 2.702 2.915 3.131 3.349 3.570 3.793 4.019 4.247 4.479 4.712 4.949 5.188 5.288 5.081 4.866
3.288 3.313 3.357 3.418 3.497 3.594 3.710 3.843 3.994 4.163 4.314 4.422 4.536 4.656 4.783 4.915 5.054 5.189 5.268 5.352 5.440 5.532 5.518 5.313 5.114 4.922 4.737 4.559 4.387 4.222 4.064 3.912 3.767 3.629 3.497 3.365 3.230 3.092 2.951 2.806 2.659 2.509 2.356 2.200 2.041 1.878 1.773 1.833 1.902 1.982 2.072 2.172 2.282 2.402 2.533 2.674 2.825 2.986 3.167 3.389 3.614 3.841 4.071 4.303 4.538 4.776 5.016 5.259 5.504 5.752 5.913 5.677 5.432
2.805 2.893 3.000 3.125 3.267 3.428 3.606 3.803 4.017 4.249 4.445 4.508 4.576 4.648 4.725 4.806 4.892 4.982 5.077 5.177 5.281 5.389 5.438 5.256 5.081 4.913 4.751 4.596 4.448 4.306 4.171 4.043 3.921 3.806 3.692 3.549 3.403 3.255 3.103 2.948 2.790 2.630 2.466 2.299 2.129 1.956 1.816 1.911 2.016 2.132 2.257 2.393 2.539 2.695 2.861 3.037 3.224 3.420 3.629 3.860 4.093 4.330 4.569 4.810 5.054 5.301 5.550 5.802 6.056 6.313 6.545 6.280 6.005
2.302 2.454 2.624 2.822 3.029 3.229 3.422 3.609 3.789 3.963 4.121 4.200 4.284 4.372 4.465 4.563 4.664 4.771 4.882 4.997 5.117 5.242 5.351 5.193 5.041 4.897 4.758 4.627 4.502 4.383 4.272 4.167 4.069 3.977 3.890 3.736 3.580 3.421 3.258 3.093 2.924 2.753 2.578 2.401 2.220 2.037 1.850 1.979 2.120 2.271 2.432 2.604 2.785 2.977 3.178 3.390 3.612 3.844 4.087 4.327 4.570 4.815 5.063 5.314 5.567 5.822 6.081 6.330 6.579 6.837 7.104 6.898 6.667
2.053 2.257 2.453 2.643 2.827 3.004 3.174 3.338 3.495 3.646 3.791 3.888 3.988 4.092 4.201 4.314 4.432 4.555 4.682 4.813 4.949 5.090 5.235 5.123 4.995 4.873 4.758 4.650 4.549 4.454 4.365 4.284 4.209 4.140 4.079 3.927 3.760 3.589 3.416 3.240 3.061 2.879 2.694 2.506 2.315 2.121 1.924 2.037 2.214 2.400 2.597 2.804 3.021 3.248 3.485 3.733 3.990 4.258 4.536 4.791 5.012 5.229 5.455 5.690 5.934 6.187 6.450 6.721 7.002 7.292 7.591 7.509 7.338
1.950 2.131 2.304 2.471 2.632 2.786 2.933 3.074 3.209 3.337 3.458 3.571 3.687 3.807 3.932 4.062 4.196 4.334 4.477 4.625 4.777 4.934 5.095 5.046 4.941 4.843 4.751 4.667 4.588 4.517 4.452 4.394 4.342 4.297 4.259 4.120 3.942 3.761 3.578 3.391 3.201 3.008 2.813 2.614 2.412 2.207 2.000 2.085 2.297 2.519 2.751 2.994 3.246 3.538 3.816 4.072 4.308 4.522 4.714 4.929 5.169 5.418 5.676 5.943 6.219 6.504 6.799 7.103 7.416 7.738 8.069 8.103 7.991
1.855 2.012 2.163 2.307 2.444 2.576 2.700 2.818 2.930 3.035 3.133 3.250 3.382 3.518 3.659 3.805 3.955 4.109 4.268 4.432 4.600 4.772 4.950 4.962 4.881 4.806 4.738 4.676 4.621 4.573 4.531 4.496 4.468 4.446 4.431 4.315 4.127 3.936 3.741 3.544 3.344 3.140 2.934 2.725 2.512 2.297 2.219 2.383 2.714 3.023 3.312 3.579 3.825 4.050 4.253 4.435 4.596 4.735 4.853 5.045 5.316 5.597 5.887 6.187 6.495 6.812 7.139 7.475 7.820 8.174 8.538 8.681 8.628
1.766 1.901 2.028 2.150 2.264 2.373 2.474 2.570 2.658 2.740 2.816 2.924 3.072 3.224 3.381 3.543 3.709 3.879 4.054 4.234 4.418 4.607 4.800 4.872 4.813 4.762 4.717 4.679 4.647 4.622 4.604 4.592 4.587 4.589 4.597 4.514 4.315 4.113 3.933 3.894 3.843 3.782 3.710 3.627 3.534 3.429 3.314 3.362 3.619 3.854 4.068 4.260 4.432 4.582 4.710 4.818 4.904 4.969 5.013 5.151 5.455 5.768 6.090 6.421 6.762 7.111 7.470 7.838 8.215 8.601 8.997 9.241 9.247
1.685 1.797 1.902 2.000 2.092 2.177 2.256 2.328 2.394 2.453 2.506 2.594 2.758 2.926 3.099 3.277 3.459 3.645 3.836 4.032 4.232 4.436 4.645 4.774 4.739 4.711 4.690 4.675 4.666 4.665 4.669 4.717 4.878 5.082 5.329 5.511 5.466 5.409 5.342 5.265 5.176 5.077 4.967 4.846 4.714 4.572 4.419 4.362 4.544 4.704 4.843 4.961 5.058 5.134 5.188 5.221 5.233 5.223 5.192 5.248 5.584 5.929 6.283 6.646 7.019 7.401 7.792 8.192 8.601 9.019 9.447 9.785 9.850
1.611 1.700 1.782 1.857 1.926 1.989 2.045 2.094 2.137 2.174 2.204 2.259 2.439 2.623 2.812 3.006 3.204 3.406 3.613 3.825 4.041 4.261 4.486 4.670 4.653 4.665 4.719 4.816 4.956 5.138 5.364 5.632 5.944 6.298 6.695 7.043 6.960 6.865 6.760 6.645 6.518 6.381 6.233 6.074 5.904 5.724 5.532 5.381 5.488 5.574 5.639 5.683 5.705 5.706 5.686 5.644 5.582 5.498 5.393 5.336 5.704 6.081 6.467 6.863 7.267 7.681 8.104 8.536 8.977 9.427 9.887 10.312 10.436
1.545 1.610 1.670 1.722 1.769 1.808 1.841 1.868 1.888 1.902 1.909 1.920 2.116 2.316 2.521 2.731 2.944 3.168 3.389 3.600 3.803 3.996 4.180 4.352 4.471 4.633 4.837 5.084 5.375 5.708 6.083 6.502 6.963 7.467 8.014 8.584 8.463 8.330 8.187 8.033 7.869 7.694 7.507 7.311 7.103 6.885 6.655 6.420 6.453 6.464 6.455 6.424 6.372 6.298 6.204 6.088 5.951 5.793 5.614 5.414 5.814 6.224 6.642 7.069 7.506 7.952 8.407 8.871 9.344 9.826 10.318 10.818 11.005
1.485 1.528 1.565 1.595 1.618 1.635 1.645 1.649 1.646 1.637 1.665 1.690 1.911 2.145 2.371 2.586 2.793 2.991 3.180 3.359 3.530 3.691 3.844 3.987 4.244 4.556 4.911 5.308 5.748 6.231 6.757 7.326 7.937 8.591 9.288 10.028 9.975 9.804 9.623 9.431 9.229 9.016 8.792 8.557 8.311 8.055 7.788 7.510 7.437 7.374 7.290 7.185 7.059 6.911 6.742 6.552 6.341 6.108 5.855 5.580 5.916 6.357 6.808 7.267 7.736 8.213 8.700 9.196 9.701 10.216 10.739 11.272 11.558
1.433 1.453 1.467 1.548 1.616 1.673 1.717 1.748 1.767 1.774 1.769 1.751 1.903 2.105 2.299 2.483 2.658 2.824 2.981 3.128 3.267 3.397 3.517 3.629 3.972 4.434 4.939 5.486 6.077 6.710 7.385 8.104 8.865 9.669 10.516 11.405 11.496 11.287 11.068 10.839 10.598 10.347 10.085 9.812 9.529 9.234 8.929 8.614 8.441 8.304 8.146 7.966 7.765 7.543 7.300 7.036 6.751 6.444 6.116 5.767 6.009 6.482 6.964 7.456 7.956 8.466 8.985 9.488 9.950 10.405 10.853 11.294 11.520
1.819 1.881 1.931 1.969 1.994 2.007 2.007 1.996 1.972 1.935 1.887 1.826 1.905 2.075 2.236 2.389 2.532 2.666 2.791 2.907 3.014 3.112 3.201 3.280 3.656 4.268 4.923 5.620 6.360 7.143 7.968 8.837 9.748 10.701 11.698 12.737 13.025 12.779 12.522 12.255 11.976 11.687 11.387 11.077 10.755 10.423 10.080 9.727 9.465 9.253 9.021 8.767 8.492 8.196 7.879 7.540 7.181 6.800 6.398 5.975 6.089 6.576 7.055 7.528 7.994 8.453 8.904 9.349 9.787 10.218 10.642 11.058 11.301
2.383 2.402 2.408 2.403 2.384 2.354 2.311 2.256 2.189 2.109 2.017 1.913 1.916 2.055 2.184 2.305 2.416 2.518 2.612 2.696 2.771 2.837 2.894 2.942 3.295 4.057 4.861 5.709 6.598 7.531 8.506 9.524 10.585 11.688 12.834 14.023 14.564 14.280 13.985 13.680 13.363 13.036 12.699 12.350 11.991 11.621 11.241 10.849 10.508 10.223 9.916 9.588 9.239 8.806 8.339 7.881 7.432 6.992 6.561 6.139 6.127 6.589 7.045 7.493 7.935 8.369 8.797 9.217 9.631 10.037 10.437 10.829 11.087
2.960 2.935 2.899 2.849 2.788 2.714 2.628 2.530 2.419 2.296 2.161 2.014 1.937 2.044 2.142 2.230 2.310 2.380 2.442 2.494 2.538 2.572 2.597 2.614 2.890 3.801 4.755 5.752 6.792 7.874 8.999 10.166 11.376 12.629 13.924 15.262 16.112 15.790 15.457 15.114 14.760 14.395 14.019 13.633 13.236 12.828 12.246 11.635 11.083 10.602 10.130 9.668 9.214 8.769 8.333 7.906 7.489 7.080 6.680 6.290 6.171 6.609 7.041 7.465 7.882 8.292 8.696 9.092 9.481 9.863 10.239 10.607 10.879
3.550 3.482 3.402 3.309 3.204 3.087 2.958 2.817 2.663 2.496 2.318 2.127 1.968 2.043 2.109 2.166 2.214 2.252 2.282 2.303 2.315 2.317 2.311 2.295 2.440 3.501 4.605 5.751 6.940 8.172 9.446 10.763 12.123 13.525 14.969 16.457 17.669 17.309 16.938 16.227 15.501 14.809 14.149 13.522 12.928 12.367 11.839 11.344 10.880 10.431 9.990 9.559 9.136 8.723 8.318 7.923 7.537 7.159 6.791 6.432 6.222 6.636 7.043 7.443 7.836 8.222 8.601 8.973 9.338 9.696 10.047 10.392 10.677
4.148 4.041 3.917 3.782 3.634 3.474 3.301 3.116 2.919 2.710 2.488 2.254 2.008 2.051 2.086 2.111 2.127 2.134 2.132 2.121 2.101 2.072 2.034 1.987 1.946 3.156 4.410 5.705 7.044 8.425 9.848 11.310 12.536 13.724 14.874 15.984 17.013 16.304 15.628 14.985 14.374 13.797 13.252 12.740 12.260 11.814 11.400 11.019 10.668 10.250 9.841 9.441 9.050 8.668 8.295 7.931 7.576 7.230 6.893 6.565 6.280 6.670 7.052 7.428 7.797 8.159 8.513 8.861 9.202 9.536 9.863 10.183 10.480
4.697 4.613 4.446 4.267 4.076 3.873 3.657 3.429 3.189 2.936 2.671 2.394 2.105 2.070 2.072 2.066 2.050 2.026 1.992 1.949 1.898 1.837 1.767 1.689 1.608 2.778 4.102 5.388 6.635 7.843 9.012 10.142 11.234 12.287 13.301 14.277 15.214 14.802 14.240 13.712 13.216 12.753 12.322 11.925 11.560 11.228 10.929 10.663 10.430 10.061 9.683 9.315 8.955 8.604 8.263 7.930 7.606 7.292 6.986 6.689 6.402 6.710 7.068 7.420 7.764 8.102 8.432 8.756 9.073 9.382 9.685 9.981 10.270
5.234 5.197 4.988 4.766 4.531 4.285 4.026 3.755 3.471 3.176 2.868 2.547 2.215 2.098 2.068 2.030 1.983 1.943 1.926 1.899 1.862 1.814 1.756 1.687 1.609 2.462 3.651 4.802 5.913 6.986 8.021 9.016 9.973 10.891 11.771 12.611 13.413 13.267 12.821 12.407 12.026 11.677 11.361 11.079 10.828 10.611 10.426 10.275 10.155 9.864 9.517 9.180 8.852 8.532 8.222 7.920 7.628 7.345 7.070 6.805 6.549 6.756 7.090 7.418 7.738 8.052 8.358 8.658 8.950 9.236 9.514 9.786 10.051
5.761 5.795 5.542 5.277 4.999 4.710 4.408 4.093 3.767 3.428 3.089 2.767 2.456 2.317 2.306 2.284 2.252 2.209 2.156 2.093 2.019 1.935 1.840 1.735 1.620 2.187 3.241 4.256 5.233 6.171 7.071 7.931 8.753 9.537 10.281 10.987 11.655 11.702 11.370 11.071 10.804 10.570 10.369 10.200 10.065 9.962 9.891 9.854 9.849 9.657 9.342 9.036 8.739 8.451 8.172 7.902 7.641 7.389 7.146 6.912 6.687 6.809 7.119 7.423 7.719 8.008 8.290 8.566 8.834 9.096 9.350 9.598 9.838
6.277 6.405 6.109 5.766 5.408 5.061 4.723 4.397 4.080 3.774 3.478 3.192 2.917 2.740 2.692 2.634 2.565 2.486 2.397 2.297 2.187 2.066 1.935 1.794 1.642 1.952 2.871 3.752 4.594 5.397 6.162 6.888 7.575 8.224 8.834 9.405 9.938 10.106 9.888 9.703 9.551 9.431 9.344 9.290 9.269 9.280 9.324 9.401 9.511 9.443 9.159 8.884 8.619 8.362 8.114 7.875 7.645 7.425 7.213 7.010 6.816 6.869 7.155 7.434 7.706 7.971 8.229 8.481 8.697 8.861 9.015 9.158 9.291
6.444 6.566 6.224 5.892 5.570 5.258 4.957 4.666 4.386 4.115 3.855 3.606 3.366 3.174 3.090 2.995 2.890 2.774 2.649 2.512 2.366 2.209 2.041 1.864 1.676 1.758 2.542 3.288 3.995 4.664 5.294 5.885 6.438 6.952 7.428 7.864 8.263 8.478 8.375 8.304 8.266 8.261 8.288 8.349 8.441 8.567 8.725 8.916 9.140 9.219 8.967 8.724 8.489 8.264 8.047 7.839 7.641 7.451 7.271 7.099 6.936 6.907 7.107 7.297 7.476 7.646 7.805 7.954 8.092 8.220 8.338 8.446 8.544
6.463 6.609 6.302 6.006 5.720 5.445 5.179 4.924 4.680 4.445 4.221 4.008 3.804 3.618 3.497 3.366 3.225 3.073 2.911 2.738 2.555 2.362 2.158 1.944 1.720 1.604 2.254 2.865 3.438 3.972 4.467 4.924 5.342 5.722 6.063 6.365 6.629 6.819 6.830 6.874 6.950 7.059 7.201 7.375 7.582 7.822 8.094 8.399 8.737 8.988 8.766 8.554 8.351 8.157 7.981 7.803 7.612 7.408 7.191 6.961 6.718 6.561 6.725 6.880 7.024 7.158 7.281 7.394 7.497 7.590 7.672 7.745 7.807
