DATA/SHG/ECMWF/20170628/EN-39/20170708.en-39.asc
ncols        190
nrows        64
xllcorner    -5100000.000000000000
yllcorner    4130000.000000000000
cellsize     10000.000000000000
NODATA_value  -99999.000
[rows 32 to 63 of 64, columns 74 to 147 of 190]
4.990 4.894 4.802 4.715 4.632 4.553 4.479 4.409 4.343 4.282 4.225 4.201 4.315 4.422 4.521 4.612 4.695 4.769 4.836 4.895 4.946 4.989 5.026 5.225 6.002 6.783 7.568 8.358 9.151 9.948 10.749 11.554 12.364 13.177 13.994 14.323 13.707 13.059 12.377 11.662 10.914 10.132 9.318 8.693 8.666 8.608 8.521 9.712 12.321 14.865 17.344 19.757 22.105 24.388 26.605 28.757 30.844 32.866 34.822 34.798 33.376 31.873 30.290 28.626 26.882 25.057 23.151 21.165 19.098 16.951 14.723 14.841 15.881 16.873
5.144 5.063 4.987 4.914 4.846 4.783 4.723 4.668 4.618 4.571 4.529 4.496 4.583 4.662 4.733 4.797 4.852 4.899 4.938 4.970 4.992 5.007 5.016 5.099 5.894 6.693 7.496 8.304 9.115 9.930 10.749 11.572 12.400 13.231 14.258 15.578 15.657 15.705 15.724 15.713 15.672 15.601 15.500 15.370 15.210 15.019 14.799 15.473 17.794 20.049 22.239 24.363 26.423 28.417 30.346 32.210 34.008 35.741 37.409 37.434 35.656 33.796 31.856 29.836 27.735 25.554 23.292 20.949 18.526 16.023 13.439 12.913 13.743 14.526
5.295 5.229 5.167 5.110 5.057 5.008 4.964 4.923 4.888 4.856 4.829 4.806 4.858 4.909 4.953 4.988 5.016 5.036 5.047 5.051 5.046 5.033 5.014 4.989 5.782 6.744 8.278 9.845 11.444 13.075 14.738 16.434 18.162 19.922 21.715 23.343 23.288 23.203 23.089 22.945 22.771 22.567 22.334 22.070 21.777 21.454 21.101 21.296 23.328 25.294 27.196 29.032 30.803 32.509 34.150 35.725 37.235 38.680 40.060 40.150 38.015 35.799 33.503 31.126 28.669 26.131 23.513 20.815 18.036 15.176 12.236 11.034 11.655 12.228
5.441 5.390 5.343 5.301 5.263 5.229 5.199 5.174 5.153 5.137 5.125 5.117 5.140 5.164 5.179 5.187 5.187 5.549 6.441 7.301 8.031 8.638 9.220 9.776 11.230 12.875 14.552 16.261 18.002 19.775 21.581 23.419 25.290 27.192 29.127 31.094 30.942 30.725 30.478 30.201 29.894 29.557 29.191 28.795 28.369 27.913 27.427 27.179 28.923 30.601 32.215 33.763 35.245 36.663 38.016 39.303 40.525 41.682 42.774 42.945 40.454 37.882 35.229 32.497 29.683 26.790 23.816 20.761 17.627 14.411 11.116 9.204 9.616 9.980
5.583 5.547 5.515 5.487 5.464 5.445 5.431 5.421 5.415 5.413 5.827 6.837 7.856 8.797 9.705 10.582 11.425 12.237 13.016 13.762 14.379 14.872 15.339 15.781 17.175 18.962 20.781 22.632 24.516 26.431 28.380 30.360 32.372 34.417 36.494 38.604 38.619 38.269 37.889 37.479 37.040 36.570 36.071 35.542 34.983 34.395 33.777 33.129 34.580 35.970 37.295 38.555 39.750 40.879 41.944 42.943 43.878 44.747 45.551 45.819 42.972 40.044 37.036 33.947 30.778 27.529 24.199 20.789 17.299 13.728 10.077 7.423 7.626 7.781
5.721 5.699 5.683 5.859 6.324 6.943 7.716 8.643 9.724 10.959 12.348 13.891 15.131 15.959 16.754 17.517 18.247 18.946 19.611 20.245 20.748 21.127 21.480 21.808 23.075 25.004 26.966 28.959 30.985 33.043 35.134 37.256 39.411 41.598 43.817 46.068 46.319 45.836 45.324 44.781 44.209 43.607 42.975 42.313 41.622 40.901 40.150 39.369 40.298 41.400 42.437 43.409 44.316 45.158 45.935 46.647 47.293 47.875 48.391 48.773 45.570 42.286 38.922 35.478 31.954 28.349 24.664 20.898 17.052 13.126 9.120 5.692 5.685 5.631
6.427 6.964 7.655 8.500 9.498 10.651 11.957 13.417 15.031 16.799 18.721 20.796 22.426 23.141 23.823 24.473 25.090 25.675 26.228 26.748 27.138 27.403 27.642 27.855 28.932 31.003 33.107 35.243 37.411 39.611 41.843 44.108 46.405 48.734 51.095 53.488 54.042 53.427 52.781 52.106 51.401 50.667 49.902 49.108 48.284 47.431 46.547 45.634 46.077 46.891 47.641 48.325 48.945 49.499 49.988 50.412 50.772 51.066 51.295 51.459 48.247 44.608 40.888 37.089 33.209 29.249 25.209 21.088 16.887 12.606 8.245 4.009 3.794 3.661
7.322 8.392 9.616 10.994 12.525 14.211 16.050 18.043 20.189 22.489 24.943 27.551 29.742 30.343 30.912 31.449 31.953 32.425 32.865 33.273 33.549 33.700 33.825 33.924 34.745 36.958 39.204 41.482 43.792 46.134 48.509 50.915 53.354 55.825 58.328 60.863 61.788 61.040 60.262 59.454 58.617 57.750 56.853 55.926 54.970 53.984 52.968 51.923 51.917 52.444 52.906 53.303 53.635 53.902 54.104 54.241 54.313 54.320 54.261 54.138 51.003 47.009 42.935 38.780 34.472 30.007 25.614 21.291 17.041 12.862 8.754 4.718 4.585 4.729
8.071 9.674 11.431 13.341 15.405 17.623 19.995 22.520 25.199 28.031 31.017 34.157 37.078 37.566 38.022 38.446 38.837 39.196 39.523 39.818 39.981 40.018 40.029 40.015 40.514 42.870 45.257 47.677 50.129 52.613 55.130 57.678 60.259 62.872 65.517 68.194 69.557 68.676 67.766 66.826 65.856 64.856 63.827 62.768 61.680 60.561 59.413 58.235 57.819 58.059 58.233 58.343 58.388 58.367 58.282 57.961 57.028 56.099 55.175 54.254 50.916 46.479 42.113 37.819 33.596 29.445 25.365 21.357 17.419 13.554 9.759 6.036 5.563 5.779
8.769 10.810 13.099 15.542 18.139 20.889 23.792 26.849 30.060 33.424 36.942 40.613 44.434 44.810 45.153 45.463 45.742 45.988 46.202 46.384 46.434 46.357 46.254 46.126 46.240 48.737 51.267 53.829 56.422 59.049 61.707 64.397 67.120 69.874 72.661 75.480 77.349 76.336 75.293 74.221 73.118 71.987 70.825 69.634 68.413 67.162 65.702 63.349 61.612 60.669 59.731 58.796 57.865 56.938 56.015 55.096 54.181 53.269 52.362 51.458 48.716 44.593 40.541 36.560 32.651 28.813 25.046 21.351 17.727 14.174 10.693 7.283 6.522 6.812
9.521 11.800 14.622 17.597 20.725 24.007 27.442 31.031 34.773 38.669 42.718 46.920 51.276 52.073 52.304 52.502 52.667 52.801 52.902 52.971 52.907 52.717 52.501 52.259 51.991 54.561 57.233 59.936 62.672 65.440 68.240 71.072 73.936 76.832 79.761 82.722 85.164 83.847 81.081 78.405 75.819 73.322 70.915 68.599 66.372 64.234 62.187 60.229 58.625 57.700 56.779 55.861 54.948 54.038 53.132 52.231 51.333 50.439 49.549 48.662 46.447 42.637 38.898 35.231 31.635 28.110 24.657 21.275 17.964 14.724 11.556 8.459 7.464 7.827
10.268 12.645 15.998 19.505 23.165 26.978 30.945 35.065 39.338 43.765 48.345 53.079 57.965 59.358 59.475 59.560 59.614 59.634 59.623 59.579 59.402 59.098 58.768 58.413 58.032 60.342 63.155 66.000 68.811 70.353 71.825 73.226 74.557 75.818 77.008 78.128 79.136 76.677 74.307 72.027 69.837 67.737 65.726 63.805 61.974 60.233 58.581 57.020 55.638 54.730 53.826 52.926 52.030 51.138 50.249 49.365 48.484 47.608 46.735 45.866 44.109 40.612 37.187 33.832 30.549 27.338 24.197 21.128 18.130 15.203 12.348 9.564 8.389 8.824
11.009 13.345 17.229 21.267 25.459 29.803 34.301 38.952 43.756 48.713 53.824 59.088 64.505 66.663 66.667 66.640 66.580 66.489 66.365 66.208 64.658 63.049 61.482 59.955 58.469 59.161 60.605 61.979 63.282 64.515 65.677 66.769 67.791 68.742 69.623 70.434 71.174 69.419 67.445 65.561 63.767 62.062 60.448 58.922 57.487 56.142 54.886 53.719 52.651 51.760 50.873 49.991 49.112 48.237 47.366 46.499 45.635 44.776 43.921 43.069 41.702 38.518 35.405 32.364 29.394 26.495 23.667 20.911 18.225 15.611 13.068 10.597 9.296 9.804
11.745 13.899 18.315 22.884 27.606 32.481 37.510 42.691 48.026 53.514 59.155 64.949 70.896 72.212 70.289 68.417 66.597 64.829 63.112 61.447 59.904 58.476 57.089 55.743 54.438 54.644 55.779 56.843 57.837 58.760 59.614 60.397 61.109 61.751 62.323 62.825 63.256 62.072 60.494 59.006 57.608 56.299 55.080 53.950 52.910 51.960 51.100 50.329 49.647 48.790 47.920 47.055 46.193 45.336 44.482 43.632 42.786 41.944 41.106 40.272 39.225 36.354 33.554 30.826 28.168 25.582 23.067 20.623 18.250 15.948 13.718 11.559 10.185 10.766
12.475 14.308 19.255 24.354 29.607 35.013 39.672 44.169 48.519 52.722 56.777 60.685 64.445 66.166 64.422 62.729 61.088 59.498 57.960 56.474 55.111 53.863 52.657 51.491 50.366 50.211 51.036 51.791 52.476 53.091 53.635 54.109 54.512 54.846 55.109 55.302 55.424 54.638 53.456 52.363 51.360 50.446 49.622 48.888 48.244 47.689 47.223 46.847 46.561 45.819 44.967 44.119 43.274 42.434 41.598 40.765 39.936 39.112 38.291 37.474 36.661 34.121 31.634 29.218 26.873 24.599 22.396 20.265 18.204 16.215 14.297 12.450 11.058 11.711
12.967 14.130 18.857 23.435 27.867 32.152 36.289 40.278 44.121 47.816 51.364 54.765 58.018 60.081 58.516 57.001 55.539 54.128 52.768 51.461 50.277 49.210 48.184 47.199 46.254 45.861 46.377 46.823 47.199 47.505 47.740 47.906 48.001 48.025 47.980 47.864 47.678 47.116 46.329 45.631 45.023 44.505 44.076 43.737 43.487 43.327 43.257 43.276 43.384 42.847 42.013 41.182 40.355 39.532 38.713 37.897 37.086 36.279 35.475 34.675 33.880 31.819 29.644 27.540 25.508 23.546 21.656 19.836 18.088 16.411 14.805 13.270 11.912 12.638
12.896 13.424 17.643 21.714 25.638 29.415 33.045 36.528 39.863 43.051 46.092 48.986 51.733 53.957 52.570 51.234 49.950 48.718 47.537 46.407 45.403 44.517 43.671 42.866 42.101 41.594 41.802 41.939 42.007 42.004 41.930 41.787 41.573 41.290 40.936 40.511 40.017 39.505 39.113 38.811 38.598 38.475 38.441 38.496 38.641 38.876 39.200 39.614 40.117 39.876 39.058 38.245 37.435 36.629 35.827 35.029 34.235 33.445 32.659 31.876 31.098 29.448 27.585 25.793 24.073 22.423 20.845 19.338 17.873 16.374 14.885 13.405 11.933 12.306
12.844 13.291 16.567 20.131 23.548 26.818 29.941 32.916 35.745 38.426 40.960 43.348 45.588 47.681 46.584 45.427 44.322 43.268 42.265 41.314 40.489 39.783 39.117 38.492 37.908 37.411 37.310 37.139 36.898 36.586 36.205 35.753 35.231 34.639 33.977 33.244 32.442 31.807 31.810 31.902 32.084 32.355 32.716 33.166 33.706 34.335 35.053 35.861 36.759 36.904 36.103 35.307 34.515 33.726 32.942 32.161 31.384 30.611 29.842 29.111 28.499 27.287 25.764 24.250 22.746 21.251 19.764 18.287 16.819 15.361 13.911 12.471 11.040 11.141
12.812 13.187 15.629 18.686 21.596 24.359 26.975 29.444 31.766 33.941 35.969 37.850 39.584 41.171 40.559 39.581 38.654 37.778 36.954 36.181 35.535 35.009 34.523 34.078 33.674 33.310 32.902 32.422 31.873 31.253 30.563 29.803 28.973 28.073 27.102 26.062 24.951 24.021 24.419 24.905 25.482 26.147 26.902 27.747 28.681 29.704 30.817 32.019 33.310 33.931 33.182 32.688 32.169 31.624 31.053 30.457 29.834 29.186 28.512 27.812 27.086 25.946 24.463 22.989 21.525 20.069 18.623 17.186 15.758 14.339 12.930 11.530 10.138 9.994
12.798 13.103 14.829 17.379 19.783 22.039 24.149 26.111 27.927 29.596 31.118 32.493 33.721 34.802 34.495 33.695 32.946 32.248 31.602 31.008 30.541 30.195 29.889 29.624 29.399 29.216 28.577 27.789 26.931 26.003 25.005 23.937 22.799 21.591 20.313 18.964 17.546 16.147 16.939 17.820 18.791 19.870 21.752 23.601 25.418 27.202 28.955 30.674 32.362 33.513 32.932 32.325 31.692 31.034 30.349 29.639 28.904 28.142 27.355 26.541 25.702 24.597 23.154 21.720 20.296 18.880 17.474 16.077 14.689 13.310 11.941 10.580 9.229 8.865
12.804 13.038 14.166 16.210 18.107 19.858 21.461 22.918 24.228 25.391 26.407 27.276 27.999 28.575 28.391 27.769 27.198 26.679 26.211 25.794 25.507 25.340 25.214 25.129 25.084 25.080 24.335 23.239 22.073 20.837 19.532 18.156 16.710 16.006 15.367 14.745 14.139 13.550 15.218 17.055 18.859 20.631 22.371 24.079 25.754 27.397 29.007 30.585 32.131 33.404 32.709 31.989 31.243 30.471 29.673 28.850 28.001 27.126 26.225 25.299 24.346 23.241 21.838 20.444 19.059 17.684 16.318 14.961 13.613 12.274 10.944 9.624 8.312 7.752
12.830 12.992 13.641 15.179 16.570 17.814 18.912 19.863 20.667 21.325 21.836 22.200 22.417 22.488 22.248 21.804 21.411 21.070 20.780 20.541 20.433 20.446 20.499 20.593 21.243 21.923 21.760 21.077 20.410 19.761 19.128 18.512 17.913 17.330 16.764 16.215 15.683 15.167 16.438 18.133 19.796 21.426 23.024 24.590 26.123 27.624 29.093 30.530 31.934 33.305 32.514 31.680 30.821 29.936 29.025 28.088 27.126 26.137 25.124 24.084 23.018 21.877 20.514 19.160 17.816 16.480 15.154 13.837 12.528 11.230 9.940 8.659 7.388 6.658
12.874 12.965 13.253 14.285 15.171 15.910 16.502 16.947 17.246 17.398 17.404 17.263 16.975 16.541 16.065 15.799 16.418 17.412 18.335 19.185 19.932 20.589 21.189 21.732 22.217 22.645 22.551 21.941 21.348 20.772 20.212 19.670 19.143 18.634 18.142 17.666 17.207 16.764 17.691 19.245 20.766 22.254 23.711 25.135 26.527 27.886 29.213 30.508 31.771 33.001 32.346 31.399 30.426 29.428 28.404 27.354 26.278 25.177 24.050 22.897 21.718 20.506 19.183 17.869 16.564 15.269 13.982 12.705 11.437 10.178 8.928 7.687 6.455 5.580
12.938 12.958 13.003 13.529 13.909 14.143 14.230 14.170 13.964 14.187 14.725 15.350 16.063 16.863 17.752 18.642 19.459 20.205 20.878 21.479 21.976 22.381 22.729 23.020 23.254 23.430 23.322 22.786 22.266 21.763 21.277 20.807 20.355 19.919 19.499 19.097 18.711 18.342 18.978 20.389 21.769 23.116 24.431 25.713 26.963 28.181 29.367 30.520 31.641 32.730 32.206 31.145 30.060 28.948 27.811 26.647 25.459 24.244 23.004 21.738 20.446 19.129 17.844 16.570 15.305 14.049 12.803 11.565 10.337 9.118 7.908 6.707 5.515 4.521
13.021 12.970 12.907 13.120 13.434 13.836 14.325 14.902 15.566 16.317 17.156 18.082 19.096 20.197 21.353 21.994 22.562 23.058 23.483 23.835 24.082 24.236 24.332 24.371 24.354 24.279 24.074 23.611 23.165 22.735 22.322 21.926 21.546 21.183 20.837 20.508 20.195 19.899 20.297 21.567 22.805 24.011 25.184 26.325 27.434 28.510 29.554 30.566 31.546 32.493 32.092 30.919 29.720 28.495 27.245 25.969 24.667 23.339 21.986 20.607 19.202 17.772 16.498 15.264 14.039 12.823 11.616 10.418 9.230 8.051 6.880 5.719 4.567 3.478
12.940 12.922 12.924 13.360 13.975 14.678 15.469 16.347 17.312 18.364 19.504 20.732 22.046 23.448 24.937 25.407 25.726 25.974 26.149 26.253 26.250 26.152 25.997 25.785 25.516 25.190 24.807 24.417 24.044 23.688 23.348 23.025 22.718 22.428 22.155 21.899 21.659 21.436 21.650 22.778 23.875 24.939 25.971 26.970 27.938 28.873 29.776 30.646 31.485 32.291 32.006 30.720 29.408 28.070 26.707 25.317 23.902 22.462 20.996 19.504 17.986 16.442 15.144 13.950 12.764 11.588 10.422 9.264 8.115 6.976 5.845 4.724 3.612 2.546
12.803 12.853 12.922 13.518 14.435 15.439 16.530 17.709 18.975 20.329 21.770 23.298 24.913 26.615 28.405 28.882 28.952 28.951 28.878 28.733 28.480 28.131 27.725 27.261 26.741 26.164 25.529 25.204 24.904 24.620 24.354 24.104 23.870 23.654 23.454 23.271 23.104 22.954 23.035 24.023 24.978 25.900 26.791 27.649 28.475 29.269 30.031 30.760 31.457 32.122 31.948 30.548 29.123 27.672 26.196 24.694 23.166 21.612 20.033 18.428 16.797 15.141 13.783 12.628 11.491 10.396 9.324 8.276 7.251 6.249 5.271 4.316 3.385 2.477
12.648 12.766 12.903 13.594 14.812 16.117 17.510 18.989 20.556 22.210 23.952 25.780 27.696 29.699 31.790 32.418 32.240 31.990 31.668 31.275 30.772 30.172 29.514 28.800 28.029 27.200 26.315 25.971 25.744 25.534 25.340 25.163 25.003 24.860 24.733 24.623 24.529 24.452 24.454 25.300 26.114 26.895 27.644 28.361 29.046 29.699 30.319 30.907 31.463 31.987 31.916 30.404 28.866 27.302 25.713 24.074 22.296 20.549 18.831 17.145 15.488 13.863 12.533 11.493 10.477 9.484 8.515 7.569 6.646 5.747 4.872 4.019 3.190 2.385
12.475 12.660 12.864 13.589 15.107 16.713 18.407 20.187 22.054 24.009 26.051 28.180 30.396 32.700 35.091 36.015 35.589 35.091 34.520 33.878 33.126 32.275 31.366 30.401 29.379 28.300 27.163 26.719 26.565 26.428 26.308 26.204 26.116 26.046 25.992 25.955 25.934 25.931 25.943 26.610 27.283 27.923 28.531 29.107 29.651 30.162 30.634 30.750 30.844 30.915 30.655 28.858 27.092 25.356 23.650 21.975 20.330 18.715 17.131 15.577 14.054 12.561 11.292 10.355 9.441 8.551 7.684 6.840 6.020 5.223 4.450 3.700 2.973 2.270
12.283 12.536 12.808 13.502 15.321 17.228 19.221 21.302 23.470 25.725 28.068 30.497 33.014 35.617 38.308 39.673 38.999 38.253 37.434 36.544 35.542 34.440 33.281 32.065 30.792 29.462 28.074 27.448 27.367 27.303 27.255 27.224 27.210 27.213 27.232 27.268 27.320 27.389 27.135 27.245 27.419 27.571 27.701 27.809 27.894 27.957 27.998 28.017 28.014 27.988 27.862 26.198 24.564 22.961 21.389 19.846 18.334 16.853 15.402 13.981 12.591 11.231 10.029 9.194 8.383 7.594 6.830 6.088 5.371 4.676 4.005 3.357 2.733 2.132
12.074 12.394 12.733 13.333 15.453 17.660 19.954 22.335 24.804 27.359 30.001 32.731 35.548 38.451 41.442 43.393 42.471 41.476 40.410 39.271 38.020 36.667 35.257 33.791 32.267 30.686 29.048 28.157 28.149 27.954 27.701 27.439 27.168 26.887 26.597 26.298 25.990 25.672 25.345 25.314 25.391 25.446 25.479 25.490 25.478 25.445 25.389 25.311 25.211 25.088 24.943 23.509 22.008 20.538 19.099 17.689 16.310 14.962 13.643 12.356 11.098 9.871 8.744 8.011 7.302 6.616 5.954 5.315 4.699 4.107 3.538 2.992 2.470 1.972
11.846 12.233 12.640 13.083 15.504 18.011 20.605 23.286 26.055 28.910 31.853 34.882 37.999 41.202 44.493 47.174 46.004 44.761 43.447 42.061 40.272 38.305 36.337 34.370 32.403 30.437 28.470 27.099 26.825 26.540 26.247 25.945 25.633 25.312 24.981 24.642 24.293 23.935 23.567 23.409 23.390 23.348 23.284 23.198 23.089 22.959 22.806 22.631 22.434 22.214 21.973 20.792 19.424 18.087 16.780 15.503 14.257 13.041 11.856 10.701 9.576 8.482 7.436 6.806 6.199 5.615 5.055 4.518 4.005 3.515 3.048 2.605 2.185 1.788
