DATA/SHG/ECMWF/20170628/EN-39/20170702.en-39.asc
ncols        190
nrows        64
xllcorner    -5100000.000000000000
yllcorner    4130000.000000000000
cellsize     10000.000000000000
NODATA_value  -99999.000
[rows 0 to 32 of 64, columns 0 to 72 of 190]
3.668 3.822 3.972 4.119 4.262 4.401 4.536 4.667 4.795 4.807 4.788 4.774 4.765 4.760 4.759 4.764 4.773 4.787 4.806 4.814 4.809 4.782 4.742 4.694 4.639 4.575 4.503 4.423 4.336 4.240 4.136 4.025 3.905 3.823 3.789 3.779 3.793 3.831 3.892 3.978 4.088 4.222 4.380 4.561 4.767 4.930 5.038 5.144 5.247 5.348 5.447 5.543 5.636 5.728 5.817 5.904 5.988 6.024 6.002 5.976 5.943 5.906 5.864 5.816 5.764 5.706 5.643 5.575 5.502 5.476 5.534 5.594 5.656
3.888 4.029 4.166 4.299 4.428 4.554 4.676 4.794 4.908 4.948 4.946 4.948 4.992 5.026 5.048 5.060 5.059 5.048 5.025 4.990 4.944 4.886 4.818 4.742 4.658 4.566 4.466 4.358 4.242 4.118 3.986 3.846 3.698 3.631 3.682 3.756 3.854 3.977 4.123 4.293 4.488 4.706 4.948 5.214 5.504 5.732 5.832 5.929 6.024 6.116 6.206 6.294 6.379 6.462 6.542 6.621 6.696 6.735 6.695 6.650 6.599 6.544 6.483 6.418 6.347 6.271 6.190 6.104 6.012 5.956 6.021 6.088 6.157
4.112 4.239 4.363 4.483 4.604 4.752 4.916 5.094 5.286 5.413 5.441 5.457 5.462 5.456 5.438 5.409 5.368 5.316 5.253 5.178 5.092 4.998 4.902 4.798 4.686 4.565 4.437 4.301 4.157 4.005 3.845 3.677 3.501 3.415 3.550 3.709 3.891 4.098 4.329 4.584 4.862 5.165 5.491 5.842 6.216 6.535 6.626 6.715 6.801 6.885 6.967 7.046 7.123 7.197 7.269 7.339 7.406 7.449 7.391 7.328 7.259 7.186 7.107 7.023 6.934 6.840 6.741 6.637 6.482 6.357 6.408 6.474 6.555
4.297 4.439 4.595 4.767 4.952 5.152 5.367 5.596 5.840 6.016 6.003 5.979 5.944 5.897 5.839 5.769 5.688 5.596 5.493 5.378 5.251 5.119 4.994 4.862 4.722 4.573 4.417 4.253 4.080 3.900 3.712 3.516 3.311 3.174 3.393 3.637 3.904 4.195 4.510 4.849 5.212 5.599 6.009 6.444 6.903 7.339 7.422 7.502 7.580 7.655 7.728 7.799 7.868 7.934 7.997 8.058 8.117 8.168 8.091 8.010 7.914 7.709 7.517 7.338 7.172 7.019 6.879 6.753 6.640 6.539 6.641 6.760 6.895
4.423 4.617 4.825 5.047 5.284 5.536 5.802 6.082 6.377 6.630 6.577 6.513 6.437 6.350 6.252 6.142 6.021 5.888 5.744 5.589 5.422 5.248 5.095 4.935 4.766 4.589 4.405 4.212 4.012 3.804 3.587 3.363 3.131 2.909 3.212 3.540 3.892 4.267 4.666 5.090 5.537 6.008 6.503 7.021 7.564 8.131 8.219 8.290 8.360 8.427 8.491 8.554 8.614 8.634 8.532 8.432 8.334 8.238 8.049 7.863 7.691 7.532 7.386 7.253 7.133 7.026 6.933 6.852 6.785 6.731 6.859 7.032 7.220
4.533 4.778 5.037 5.311 5.599 5.902 6.220 6.551 6.898 7.255 7.162 7.058 6.942 6.814 6.676 6.526 6.364 6.192 6.008 5.812 5.605 5.387 5.204 5.015 4.819 4.614 4.401 4.181 3.952 3.716 3.471 3.219 2.959 2.690 3.007 3.419 3.855 4.314 4.798 5.305 5.837 6.392 6.971 7.574 8.200 8.851 8.947 8.840 8.734 8.630 8.528 8.427 8.328 8.231 8.135 8.041 7.949 7.859 7.722 7.582 7.456 7.343 7.243 7.156 7.082 7.021 6.973 6.939 6.917 6.909 7.062 7.288 7.530
4.627 4.923 5.234 5.559 5.898 6.252 6.621 7.004 7.401 7.813 7.759 7.614 7.458 7.290 7.112 6.921 6.720 6.507 6.283 6.047 5.800 5.542 5.321 5.105 4.880 4.647 4.406 4.158 3.901 3.636 3.364 3.083 2.795 2.499 2.778 3.274 3.794 4.337 4.905 5.457 5.976 6.486 6.986 7.477 7.958 8.430 8.501 8.400 8.300 8.202 8.106 8.011 7.918 7.827 7.737 7.650 7.563 7.479 7.382 7.289 7.209 7.141 7.087 7.046 7.018 7.003 7.001 7.013 7.037 7.075 7.250 7.530 7.825
4.705 5.052 5.414 5.790 6.181 6.586 7.006 7.440 7.889 8.352 8.367 8.182 7.986 7.778 7.559 7.329 7.087 6.834 6.570 6.294 6.007 5.709 5.447 5.202 4.949 4.688 4.420 4.143 3.858 3.565 3.265 2.956 2.654 2.358 2.569 3.102 3.627 4.141 4.646 5.142 5.628 6.105 6.571 7.029 7.477 7.915 8.054 7.959 7.865 7.773 7.683 7.594 7.507 7.422 7.338 7.256 7.176 7.098 7.031 6.983 6.949 6.927 6.919 6.924 6.942 6.973 7.017 7.074 7.144 7.228 7.424 7.757 8.105
4.766 5.165 5.578 6.005 6.447 6.903 7.374 7.860 8.359 8.874 8.986 8.761 8.525 8.277 8.018 7.748 7.466 7.173 6.868 6.553 6.226 5.887 5.581 5.308 5.027 4.716 4.407 4.102 3.800 3.502 3.208 2.918 2.631 2.348 2.431 2.931 3.422 3.904 4.375 4.838 5.290 5.733 6.167 6.591 7.005 7.410 7.606 7.517 7.429 7.343 7.259 7.176 7.095 7.016 6.938 6.862 6.788 6.716 6.667 6.665 6.677 6.701 6.739 6.790 6.853 6.930 7.020 7.123 7.239 7.368 7.583 7.969 8.370
4.811 5.261 5.725 6.204 6.697 7.204 7.726 8.263 8.814 9.379 9.617 9.352 9.076 8.788 8.489 8.178 7.856 7.510 7.078 6.659 6.254 5.863 5.509 5.202 4.899 4.599 4.303 4.011 3.722 3.437 3.156 2.879 2.605 2.335 2.303 2.770 3.228 3.676 4.114 4.543 4.962 5.372 5.772 6.163 6.544 6.916 7.157 7.074 6.992 6.912 6.834 6.757 6.682 6.609 6.537 6.467 6.399 6.333 6.291 6.335 6.392 6.463 6.546 6.643 6.752 6.875 7.010 7.159 7.321 7.496 7.728 8.167 8.621
4.840 5.341 5.856 6.386 6.930 7.489 8.062 8.649 9.251 9.867 10.198 9.717 9.251 8.798 8.359 7.934 7.522 7.125 6.741 6.371 6.015 5.672 5.349 5.055 4.765 4.478 4.195 3.916 3.640 3.369 3.100 2.836 2.575 2.318 2.185 2.619 3.043 3.458 3.863 4.259 4.645 5.021 5.388 5.746 6.094 6.432 6.707 6.630 6.554 6.480 6.407 6.337 6.268 6.201 6.135 6.071 6.009 5.948 5.903 5.993 6.096 6.212 6.341 6.483 6.639 6.807 6.988 7.183 7.390 7.611 7.857 8.349 8.857
4.853 5.405 5.971 6.499 6.973 7.434 7.882 8.317 8.739 9.149 9.458 9.026 8.608 8.204 7.814 7.437 7.074 6.725 6.390 6.068 5.761 5.467 5.186 4.905 4.627 4.354 4.084 3.817 3.555 3.296 3.041 2.789 2.542 2.298 2.077 2.478 2.868 3.250 3.622 3.984 4.337 4.680 5.014 5.338 5.653 5.958 6.254 6.184 6.115 6.047 5.980 5.916 5.853 5.791 5.732 5.674 5.617 5.563 5.510 5.638 5.787 5.949 6.124 6.312 6.513 6.727 6.954 7.229 7.522 7.800 8.064 8.551 9.048
4.577 5.044 5.498 5.940 6.368 6.784 7.187 7.577 7.955 8.320 8.671 8.322 7.952 7.597 7.255 6.927 6.612 6.312 6.025 5.752 5.492 5.247 5.015 4.751 4.486 4.226 3.969 3.715 3.466 3.220 2.978 2.739 2.504 2.273 2.046 2.346 2.704 3.052 3.390 3.719 4.039 4.349 4.649 4.941 5.222 5.494 5.757 5.738 5.675 5.612 5.552 5.493 5.436 5.381 5.327 5.275 5.225 5.176 5.130 5.271 5.578 5.920 6.249 6.563 6.863 7.148 7.420 7.676 7.919 8.147 8.361 8.776 9.238
4.167 4.589 4.998 5.395 5.779 6.150 6.508 6.853 7.186 7.506 7.813 7.603 7.282 6.975 6.682 6.402 6.136 5.884 5.646 5.421 5.210 5.013 4.830 4.593 4.342 4.094 3.850 3.610 3.373 3.140 2.911 2.685 2.464 2.245 2.031 2.224 2.549 2.864 3.169 3.465 3.751 4.028 4.295 4.553 4.801 5.040 5.270 5.291 5.233 5.177 5.123 5.070 5.019 5.106 5.228 5.359 5.500 5.650 5.811 6.082 6.388 6.681 6.959 7.224 7.473 7.709 7.930 8.137 8.330 8.508 8.672 9.010 9.437
3.771 4.148 4.513 4.865 5.204 5.530 5.843 6.144 6.431 6.706 6.969 6.871 6.598 6.340 6.095 5.864 5.646 5.442 5.253 5.076 4.914 4.765 4.630 4.432 4.194 3.959 3.728 3.500 3.277 3.057 2.840 2.628 2.419 2.214 2.012 2.112 2.404 2.685 2.957 3.220 3.473 3.717 3.951 4.176 4.391 4.597 4.922 5.116 5.213 5.320 5.436 5.562 5.698 5.844 5.999 6.164 6.339 6.523 6.717 6.955 7.212 7.455 7.683 7.897 8.097 8.282 8.453 8.610 8.753 8.881 8.995 9.253 9.645
3.390 3.723 4.042 4.349 4.643 4.925 5.193 5.449 5.692 5.922 6.140 6.125 5.901 5.691 5.494 5.311 5.142 4.987 4.845 4.718 4.603 4.503 4.416 4.267 4.042 3.820 3.602 3.387 3.177 2.970 2.766 2.567 2.371 2.178 1.990 2.010 2.268 2.517 2.761 3.043 3.337 3.644 3.964 4.296 4.642 4.999 5.370 5.639 5.770 5.911 6.061 6.221 6.391 6.570 6.760 6.958 7.167 7.385 7.613 7.841 8.048 8.241 8.419 8.583 8.733 8.868 8.990 9.097 9.189 9.268 9.332 9.506 9.862
3.024 3.311 3.586 3.848 4.098 4.334 4.558 4.769 4.967 5.153 5.326 5.365 5.190 5.028 4.880 4.745 4.625 4.518 4.424 4.345 4.279 4.227 4.189 4.099 3.886 3.677 3.472 3.271 3.073 2.879 2.688 2.499 2.312 2.133 1.962 1.937 2.225 2.526 2.840 3.166 3.505 3.856 4.221 4.598 4.987 5.390 5.805 6.152 6.317 6.491 6.676 6.869 7.073 7.286 7.509 7.742 7.985 8.237 8.498 8.740 8.897 9.039 9.168 9.282 9.382 9.467 9.539 9.596 9.639 9.667 9.682 9.767 10.089
2.672 2.914 3.145 3.362 3.567 3.758 3.938 4.104 4.258 4.398 4.527 4.592 4.465 4.351 4.251 4.165 4.093 4.034 3.989 3.958 3.940 3.937 3.946 3.927 3.716 3.499 3.291 3.091 2.899 2.716 2.541 2.374 2.216 2.066 1.924 1.869 2.201 2.547 2.905 3.275 3.659 4.055 4.464 4.885 5.320 5.766 6.226 6.654 6.853 7.061 7.280 7.507 7.745 7.992 8.249 8.515 8.791 9.077 9.373 9.651 9.758 9.851 9.929 9.993 10.043 10.079 10.101 10.108 10.101 10.080 10.044 10.037 10.324
2.334 2.532 2.718 2.890 3.050 3.197 3.332 3.454 3.563 3.659 3.742 3.805 3.726 3.661 3.609 3.572 3.547 3.552 3.565 3.575 3.581 3.585 3.584 3.573 3.377 3.190 3.010 2.840 2.677 2.523 2.377 2.240 2.111 1.990 1.878 1.787 2.164 2.554 2.957 3.372 3.800 4.241 4.694 5.160 5.639 6.130 6.634 7.146 7.379 7.621 7.873 8.135 8.406 8.687 8.977 9.278 9.588 9.907 10.237 10.575 10.632 10.675 10.703 10.718 10.718 10.704 10.675 10.633 10.576 10.505 10.420 10.320 10.568
2.011 2.165 2.305 2.433 2.549 2.651 2.741 2.818 2.882 2.934 3.033 3.136 3.164 3.183 3.197 3.209 3.217 3.222 3.223 3.221 3.216 3.207 3.195 3.180 3.030 2.872 2.722 2.580 2.447 2.322 2.206 2.098 1.998 1.907 1.823 1.749 2.114 2.548 2.996 3.455 3.928 4.413 4.911 5.421 5.944 6.480 7.029 7.590 7.894 8.170 8.456 8.751 9.056 9.371 9.695 10.029 10.373 10.727 11.090 11.462 11.518 11.511 11.490 11.455 11.405 11.341 11.263 11.171 11.064 10.943 10.808 10.659 10.822
1.703 1.811 1.907 2.051 2.185 2.311 2.427 2.535 2.633 2.722 2.802 2.873 2.896 2.903 2.906 2.906 2.902 2.895 2.885 2.872 2.855 2.834 2.811 2.784 2.675 2.546 2.425 2.313 2.209 2.113 2.026 1.947 1.877 1.814 1.760 1.715 2.051 2.530 3.021 3.526 4.042 4.572 5.114 5.669 6.237 6.817 7.410 8.015 8.399 8.709 9.029 9.358 9.696 10.045 10.403 10.771 11.148 11.535 11.932 12.338 12.417 12.360 12.289 12.204 12.105 11.991 11.863 11.649 11.327 11.022 10.734 10.464 10.473
1.690 1.820 1.941 2.053 2.156 2.249 2.334 2.409 2.476 2.533 2.582 2.621 2.632 2.627 2.619 2.607 2.592 2.573 2.551 2.526 2.497 2.465 2.430 2.391 2.311 2.212 2.120 2.037 1.962 1.896 1.838 1.788 1.747 1.714 1.689 1.672 1.975 2.498 3.034 3.583 4.144 4.718 5.305 5.904 6.516 7.140 7.778 8.427 8.894 9.237 9.591 9.953 10.326 10.708 11.100 11.501 11.912 12.333 12.764 13.204 13.178 12.795 12.430 12.081 11.750 11.436 11.140 10.861 10.599 10.355 10.128 9.918 9.922
1.798 1.896 1.985 2.065 2.136 2.198 2.250 2.294 2.329 2.355 2.371 2.379 2.372 2.356 2.335 2.312 2.285 2.255 2.221 2.184 2.144 2.100 2.053 2.003 1.940 1.869 1.807 1.753 1.707 1.670 1.641 1.621 1.609 1.605 1.609 1.622 1.886 2.453 3.034 3.627 4.233 4.851 5.482 6.125 6.782 7.451 8.132 8.826 9.378 9.755 10.142 10.539 10.945 11.203 11.362 11.513 11.656 11.792 11.921 12.042 11.951 11.629 11.323 11.036 10.765 10.512 10.276 10.058 9.856 9.673 9.506 9.357 9.363
1.915 1.981 2.039 2.087 2.126 2.156 2.177 2.189 2.192 2.186 2.171 2.147 2.116 2.088 2.056 2.021 1.982 1.940 1.895 1.846 1.795 1.739 1.681 1.619 1.560 1.518 1.485 1.461 1.444 1.436 1.436 1.445 1.462 1.487 1.521 1.562 1.784 2.396 3.020 3.658 4.308 4.971 5.646 6.334 7.034 7.747 8.343 8.874 9.278 9.448 9.610 9.765 9.913 10.053 10.185 10.310 10.428 10.538 10.641 10.736 10.709 10.447 10.202 9.975 9.765 9.572 9.397 9.239 9.098 8.975 8.869 8.780 8.797
2.042 2.077 2.102 2.119 2.126 2.124 2.114 2.094 2.065 2.027 1.981 1.925 1.864 1.824 1.781 1.734 1.683 1.630 1.573 1.513 1.449 1.382 1.312 1.239 1.172 1.159 1.156 1.160 1.173 1.194 1.223 1.261 1.307 1.361 1.424 1.495 1.669 2.325 2.994 3.645 4.267 4.863 5.434 5.978 6.497 6.989 7.456 7.896 8.266 8.410 8.546 8.676 8.797 8.911 9.018 9.117 9.209 9.293 9.370 9.439 9.451 9.250 9.066 8.899 8.750 8.617 8.503 8.405 8.325 8.262 8.216 8.188 8.223
2.183 2.182 2.175 2.160 2.136 2.103 2.060 2.009 1.948 1.879 1.800 1.713 1.616 1.564 1.509 1.451 1.389 1.324 1.255 1.183 1.108 1.030 0.948 0.863 0.775 0.792 0.818 0.851 0.893 0.943 1.002 1.069 1.179 1.293 1.410 1.531 1.667 2.277 2.860 3.418 3.950 4.456 4.936 5.390 5.817 6.219 6.595 6.945 7.262 7.381 7.491 7.595 7.690 7.779 7.860 7.933 7.999 8.057 8.108 8.152 8.179 8.038 7.914 7.808 7.719 7.647 7.593 7.556 7.536 7.533 7.548 7.580 7.641
2.388 2.297 2.259 2.212 2.156 2.091 2.017 1.933 1.841 1.740 1.630 1.511 1.383 1.308 1.242 1.171 1.098 1.021 0.941 0.858 0.771 0.681 0.587 0.490 0.399 0.477 0.578 0.682 0.790 0.902 1.018 1.137 1.259 1.385 1.515 1.649 1.786 2.258 2.751 3.218 3.660 4.075 4.464 4.828 5.165 5.476 5.762 6.021 6.255 6.360 6.445 6.523 6.592 6.655 6.710 6.757 6.798 6.830 6.855 6.873 6.883 6.811 6.748 6.702 6.673 6.662 6.668 6.691 6.731 6.789 6.864 6.956 7.066
2.619 2.421 2.352 2.273 2.185 2.089 1.983 1.868 1.744 1.612 1.470 1.319 1.159 1.057 0.978 0.896 0.811 0.750 0.739 0.716 0.680 0.631 0.570 0.497 0.411 0.464 0.578 0.695 0.816 0.940 1.068 1.200 1.335 1.474 1.617 1.763 1.913 2.266 2.669 3.045 3.396 3.721 4.020 4.293 4.540 4.761 4.956 5.125 5.268 5.349 5.408 5.459 5.503 5.540 5.569 5.591 5.605 5.612 5.611 5.603 5.588 5.569 5.566 5.581 5.612 5.661 5.727 5.811 5.911 6.029 6.165 6.317 6.487
2.874 2.556 2.454 2.344 2.225 2.096 1.959 1.813 1.657 1.493 1.374 1.303 1.217 1.175 1.170 1.153 1.123 1.081 1.026 0.959 0.880 0.788 0.683 0.566 0.437 0.448 0.574 0.704 0.837 0.974 1.115 1.260 1.407 1.559 1.714 1.873 2.035 2.300 2.612 2.898 3.159 3.393 3.602 3.784 3.941 4.072 4.176 4.255 4.308 4.346 4.379 4.405 4.423 4.434 4.437 4.433 4.422 4.403 4.376 4.342 4.301 4.312 4.369 4.444 4.536 4.645 4.772 4.915 5.076 5.255 5.450 5.663 5.892
3.154 2.700 2.567 2.513 2.498 2.466 2.419 2.356 2.277 2.183 2.072 1.945 1.803 1.694 1.645 1.584 1.511 1.425 1.327 1.216 1.093 0.957 0.809 0.648 0.475 0.427 0.566 0.709 0.855 1.005 1.158 1.315 1.476 1.640 1.808 1.979 2.154 2.361 2.582 2.778 2.948 3.092 3.210 3.303 3.369 3.409 3.424 3.413 3.375 3.352 3.359 3.359 3.351 3.336 3.314 3.284 3.247 3.202 3.150 3.090 3.023 3.040 3.157 3.292 3.445 3.614 3.801 4.005 4.256 4.553 4.840 5.116 5.381
4.066 3.712 3.673 3.617 3.546 3.459 3.356 3.237 3.103 2.952 2.786 2.604 2.406 2.226 2.133 2.029 1.912 1.782 1.640 1.485 1.319 1.139 0.947 0.743 0.526 0.403 0.555 0.710 0.869 1.031 1.197 1.367 1.540 1.717 1.898 2.082 2.269 2.447 2.579 2.684 2.764 2.818 2.846 2.848 2.824 2.774 2.698 2.597 2.469 2.366 2.348 2.322 2.289 2.248 2.200 2.144 2.081 2.011 1.933 1.847 1.754 1.838 2.173 2.498 2.811 3.114 3.406 3.688 3.959 4.219 4.469 4.708 4.936
5.252 4.943 4.848 4.737 4.610 4.467 4.309 4.134 3.944 3.738 3.516 3.278 3.025 2.770 2.634 2.486 2.325 2.152 1.966 1.768 1.557 1.334 1.099 0.851 0.591 0.375 0.540 0.708 0.879 1.054 1.233 1.415 1.601 1.790 1.984 2.180 2.381 2.560 2.601 2.617 2.606 2.570 2.507 2.419 2.305 2.165 2.000 1.808 1.591 1.389 1.345 1.294 1.235 1.168 1.272 1.467 1.617 1.725 1.789 1.810 1.787 1.810 2.108 2.395 2.672 2.938 3.193 3.438 3.672 3.896 4.108 4.311 4.502
6.399 6.194 6.039 5.872 5.690 5.491 5.277 5.047 4.802 4.540 4.262 3.969 3.660 3.335 3.147 2.955 2.751 2.534 2.305 2.063 1.809 1.542 1.263 0.972 0.668 0.352 0.521 0.701 0.885 1.073 1.264 1.459 1.658 1.860 2.066 2.275 2.488 2.699 2.650 2.576 2.475 2.348 2.196 2.018 1.813 1.584 1.328 1.296 1.382 1.488 1.748 1.964 2.137 2.267 2.354 2.397 2.397 2.353 2.266 2.136 1.962 1.792 2.053 2.303 2.543 2.772 2.991 3.199 3.396 3.582 3.758 3.924 4.078
