DATA/SHG/ECMWF/20170628/EN-39/20170630.en-39.asc
ncols        190
nrows        64
xllcorner    -5100000.000000000000
yllcorner    4130000.000000000000
cellsize     10000.000000000000
NODATA_value  -99999.000
[rows 0 to 32 of 64, columns 74 to 147 of 190]
0.166 0.151 0.137 0.124 0.113 0.103 0.094 0.094 0.112 0.131 0.151 0.170 0.190 0.209 0.228 0.248 0.267 0.286 0.305 0.320 0.324 0.329 0.335 0.342 0.349 0.358 0.368 0.379 0.391 0.403 0.417 0.455 0.570 0.688 0.807 0.928 1.051 1.177 1.304 1.433 1.564 1.698 1.833 1.963 2.068 2.161 2.243 2.315 2.376 2.426 2.464 2.492 2.510 2.516 2.511 2.476 2.382 2.291 2.203 2.118 2.036 1.958 1.883 1.811 1.742 1.676 1.614 1.586 1.653 1.731 1.819 1.917 2.025 2.144
0.098 0.094 0.093 0.091 0.090 0.088 0.087 0.089 0.109 0.128 0.147 0.167 0.186 0.205 0.224 0.243 0.262 0.281 0.300 0.317 0.325 0.335 0.345 0.356 0.368 0.381 0.396 0.411 0.427 0.444 0.462 0.493 0.617 0.743 0.871 1.002 1.134 1.268 1.404 1.542 1.682 1.824 1.968 2.103 2.159 2.204 2.238 2.260 2.273 2.274 2.264 2.243 2.212 2.170 2.116 2.050 1.970 1.893 1.820 1.749 1.682 1.618 1.557 1.499 1.444 1.392 1.344 1.322 1.435 1.558 1.692 1.836 1.990 2.154
0.095 0.094 0.093 0.091 0.090 0.088 0.087 0.087 0.106 0.125 0.144 0.163 0.182 0.201 0.220 0.239 0.257 0.276 0.294 0.313 0.326 0.339 0.354 0.369 0.386 0.404 0.422 0.442 0.462 0.483 0.506 0.529 0.661 0.797 0.934 1.073 1.214 1.357 1.502 1.649 1.797 1.948 2.101 2.255 2.262 2.258 2.243 2.217 2.181 2.134 2.075 2.006 1.926 1.835 1.734 1.622 1.556 1.494 1.434 1.378 1.324 1.274 1.228 1.184 1.143 1.106 1.072 1.079 1.294 1.508 1.723 1.937 2.152 2.366
0.095 0.094 0.093 0.091 0.090 0.089 0.087 0.086 0.103 0.122 0.141 0.160 0.179 0.197 0.216 0.234 0.253 0.271 0.289 0.308 0.325 0.343 0.362 0.382 0.403 0.424 0.447 0.471 0.496 0.522 0.548 0.576 0.704 0.848 0.993 1.141 1.291 1.443 1.597 1.753 1.910 2.070 2.232 2.396 2.376 2.324 2.260 2.186 2.101 2.005 1.898 1.781 1.652 1.513 1.362 1.201 1.139 1.091 1.091 1.133 1.173 1.211 1.246 1.279 1.310 1.338 1.364 1.388 1.589 1.803 2.017 2.231 2.444 2.658
0.095 0.094 0.093 0.091 0.090 0.089 0.087 0.086 0.101 0.119 0.138 0.156 0.175 0.193 0.212 0.230 0.248 0.266 0.284 0.302 0.323 0.345 0.368 0.393 0.418 0.444 0.471 0.500 0.529 0.559 0.590 0.622 0.744 0.896 1.051 1.208 1.367 1.527 1.690 1.855 2.021 2.190 2.360 2.533 2.502 2.401 2.289 2.166 2.033 1.919 1.830 1.744 1.659 1.576 1.496 1.417 1.432 1.469 1.503 1.535 1.564 1.592 1.616 1.639 1.659 1.677 1.693 1.706 1.883 2.097 2.310 2.524 2.737 2.950
0.095 0.094 0.093 0.091 0.090 0.089 0.088 0.086 0.098 0.116 0.135 0.153 0.171 0.190 0.208 0.226 0.244 0.262 0.279 0.297 0.320 0.346 0.374 0.403 0.432 0.463 0.495 0.527 0.561 0.595 0.631 0.667 0.781 0.943 1.106 1.272 1.440 1.609 1.781 1.954 2.140 2.336 2.535 2.736 2.746 2.656 2.568 2.482 2.398 2.316 2.236 2.159 2.083 2.010 1.939 1.869 1.867 1.893 1.917 1.938 1.957 1.974 1.988 2.001 2.011 2.018 2.023 2.026 2.178 2.391 2.604 2.816 3.029 3.242
0.095 0.094 0.093 0.091 0.090 0.089 0.088 0.086 0.096 0.114 0.132 0.150 0.168 0.186 0.204 0.221 0.239 0.257 0.274 0.292 0.316 0.347 0.379 0.412 0.446 0.481 0.516 0.553 0.591 0.630 0.670 0.721 0.843 1.030 1.220 1.412 1.606 1.804 2.003 2.205 2.410 2.617 2.827 3.039 3.094 3.013 2.934 2.858 2.783 2.710 2.640 2.571 2.505 2.441 2.379 2.318 2.303 2.319 2.332 2.343 2.352 2.358 2.362 2.364 2.364 2.361 2.356 2.348 2.471 2.684 2.896 3.109 3.321 3.533
0.095 0.094 0.093 0.091 0.090 0.089 0.088 0.087 0.093 0.111 0.129 0.147 0.165 0.182 0.200 0.217 0.235 0.252 0.270 0.287 0.310 0.346 0.394 0.447 0.501 0.556 0.613 0.670 0.728 0.786 0.846 0.907 1.020 1.218 1.419 1.622 1.828 2.037 2.247 2.461 2.677 2.895 3.116 3.339 3.439 3.368 3.298 3.231 3.165 3.102 3.040 2.981 2.924 2.869 2.816 2.765 2.741 2.746 2.749 2.750 2.748 2.744 2.738 2.729 2.719 2.705 2.690 2.672 2.765 2.977 3.189 3.401 3.613 3.824
0.095 0.094 0.093 0.091 0.090 0.089 0.088 0.087 0.091 0.108 0.126 0.144 0.161 0.179 0.200 0.235 0.271 0.309 0.348 0.387 0.430 0.486 0.542 0.600 0.658 0.717 0.777 0.838 0.900 0.963 1.026 1.091 1.194 1.403 1.616 1.830 2.047 2.267 2.489 2.713 2.940 3.170 3.402 3.636 3.782 3.720 3.659 3.601 3.545 3.490 3.438 3.388 3.340 3.294 3.250 3.208 3.181 3.176 3.168 3.159 3.147 3.132 3.116 3.097 3.075 3.052 3.026 2.998 3.058 3.270 3.481 3.693 3.904 4.115
0.095 0.094 0.092 0.091 0.090 0.089 0.088 0.091 0.107 0.139 0.173 0.208 0.244 0.281 0.319 0.358 0.398 0.439 0.482 0.525 0.569 0.629 0.689 0.751 0.813 0.876 0.940 1.005 1.071 1.138 1.206 1.274 1.365 1.586 1.809 2.035 2.263 2.493 2.727 2.962 3.200 3.441 3.684 3.930 4.123 4.069 4.018 3.969 3.921 3.876 3.833 3.792 3.754 3.717 3.682 3.649 3.622 3.607 3.589 3.569 3.547 3.522 3.495 3.466 3.434 3.400 3.364 3.325 3.351 3.562 3.773 3.984 4.195 4.405
0.097 0.102 0.109 0.118 0.130 0.145 0.162 0.181 0.202 0.239 0.276 0.315 0.354 0.395 0.437 0.480 0.524 0.569 0.615 0.662 0.708 0.771 0.836 0.901 0.967 1.034 1.102 1.171 1.241 1.312 1.384 1.456 1.533 1.765 1.999 2.236 2.475 2.717 2.961 3.208 3.458 3.710 3.964 4.221 4.460 4.416 4.374 4.334 4.296 4.260 4.226 4.194 4.164 4.137 4.111 4.087 4.066 4.040 4.012 3.981 3.948 3.913 3.876 3.836 3.794 3.750 3.703 3.655 3.644 3.854 4.065 4.275 4.485 4.695
0.126 0.139 0.155 0.173 0.193 0.216 0.241 0.268 0.298 0.337 0.378 0.421 0.464 0.508 0.554 0.600 0.648 0.697 0.746 0.797 0.847 0.912 0.980 1.050 1.120 1.191 1.263 1.336 1.410 1.485 1.560 1.637 1.714 1.941 2.186 2.434 2.685 2.938 3.193 3.451 3.712 3.975 4.240 4.508 4.779 4.760 4.727 4.696 4.667 4.640 4.616 4.593 4.572 4.554 4.537 4.523 4.511 4.474 4.436 4.395 4.352 4.307 4.259 4.209 4.157 4.102 4.045 3.998 3.974 4.321 4.757 5.283 5.899 6.604
0.154 0.175 0.199 0.225 0.254 0.285 0.318 0.353 0.391 0.434 0.479 0.525 0.572 0.620 0.670 0.720 0.771 0.824 0.877 0.932 0.985 1.052 1.124 1.197 1.272 1.347 1.423 1.500 1.578 1.656 1.736 1.816 1.898 2.114 2.370 2.630 2.891 3.155 3.422 3.691 3.963 4.237 4.514 4.793 5.074 5.101 5.077 5.056 5.036 5.018 5.003 4.989 4.978 4.968 4.961 4.956 4.952 4.911 4.885 4.880 4.867 4.846 4.819 4.784 4.742 4.693 4.637 4.573 4.502 5.194 6.028 6.951 7.964 9.067
0.179 0.209 0.241 0.275 0.312 0.351 0.392 0.436 0.482 0.530 0.579 0.629 0.679 0.731 0.784 0.838 0.893 0.949 1.007 1.065 1.122 1.190 1.267 1.344 1.422 1.501 1.581 1.662 1.744 1.827 1.910 1.995 2.080 2.284 2.552 2.822 3.095 3.370 3.648 3.928 4.211 4.496 4.784 5.074 5.367 5.440 5.425 5.413 5.402 5.419 5.465 5.513 5.564 5.617 5.673 5.731 5.792 5.788 5.757 5.719 5.674 5.621 5.561 5.495 5.420 5.339 5.250 5.155 5.051 5.977 7.208 8.529 9.939 11.438
0.202 0.240 0.280 0.323 0.368 0.415 0.465 0.517 0.571 0.625 0.678 0.731 0.785 0.841 0.898 0.955 1.014 1.074 1.135 1.197 1.258 1.327 1.408 1.489 1.571 1.654 1.738 1.823 1.909 1.996 2.083 2.171 2.261 2.451 2.730 3.011 3.295 3.581 3.870 4.162 4.467 4.796 5.141 5.500 5.875 6.059 6.106 6.155 6.207 6.261 6.318 6.377 6.439 6.503 6.569 6.638 6.710 6.698 6.635 6.565 6.487 6.402 6.310 6.211 6.105 5.991 5.870 5.742 5.607 6.669 8.297 10.015 11.822 13.719
0.223 0.269 0.317 0.368 0.421 0.477 0.535 0.595 0.658 0.719 0.775 0.832 0.890 0.950 1.010 1.072 1.134 1.198 1.262 1.328 1.393 1.463 1.548 1.633 1.719 1.806 1.894 1.983 2.073 2.163 2.255 2.334 2.403 2.558 2.849 3.154 3.475 3.811 4.162 4.529 4.910 5.307 5.720 6.147 6.590 6.855 6.913 6.973 7.035 7.100 7.168 7.238 7.310 7.385 7.462 7.542 7.624 7.614 7.519 7.416 7.307 7.190 7.066 6.934 6.796 6.650 6.497 6.337 6.169 7.271 9.296 11.411 13.615 15.908
0.241 0.295 0.352 0.411 0.473 0.536 0.603 0.671 0.742 0.812 0.871 0.932 0.994 1.057 1.121 1.186 1.253 1.320 1.388 1.458 1.526 1.598 1.675 1.743 1.811 1.879 1.947 2.016 2.084 2.153 2.221 2.290 2.359 2.509 2.867 3.241 3.629 4.033 4.452 4.887 5.336 5.801 6.281 6.777 7.287 7.647 7.716 7.787 7.860 7.936 8.014 8.094 8.177 8.263 8.351 8.441 8.534 8.537 8.409 8.275 8.133 7.984 7.827 7.664 7.493 7.315 7.130 6.937 6.738 7.783 10.205 12.716 15.316 18.005
0.257 0.320 0.385 0.452 0.522 0.594 0.668 0.745 0.824 0.903 0.967 1.031 1.097 1.164 1.230 1.281 1.331 1.378 1.425 1.469 1.513 1.559 1.627 1.695 1.764 1.832 1.901 1.970 2.039 2.107 2.176 2.245 2.315 2.443 2.869 3.311 3.767 4.239 4.726 5.228 5.745 6.278 6.826 7.389 7.967 8.436 8.515 8.597 8.681 8.767 8.856 8.947 9.041 9.137 9.236 9.337 9.440 9.466 9.306 9.139 8.965 8.784 8.595 8.399 8.197 7.986 7.769 7.545 7.313 8.206 11.023 13.930 16.927 20.012
0.271 0.342 0.415 0.491 0.568 0.649 0.731 0.815 0.894 0.972 1.026 1.078 1.128 1.177 1.224 1.269 1.313 1.355 1.396 1.435 1.473 1.511 1.579 1.648 1.716 1.785 1.854 1.924 1.993 2.062 2.132 2.201 2.271 2.361 2.854 3.364 3.888 4.427 4.982 5.552 6.137 6.738 7.353 7.984 8.630 9.221 9.311 9.403 9.498 9.595 9.695 9.797 9.901 10.008 10.117 10.229 10.343 10.400 10.209 10.010 9.803 9.590 9.369 9.142 8.907 8.664 8.415 8.158 7.895 8.538 11.752 15.055 18.446 21.927
0.284 0.364 0.444 0.523 0.602 0.681 0.759 0.837 0.914 0.991 1.043 1.090 1.134 1.177 1.219 1.259 1.297 1.334 1.369 1.403 1.435 1.467 1.531 1.600 1.669 1.738 1.808 1.877 1.947 2.017 2.087 2.157 2.227 2.297 2.823 3.400 3.992 4.599 5.222 5.859 6.512 7.180 7.864 8.562 9.276 10.002 10.103 10.206 10.311 10.419 10.529 10.642 10.757 10.875 10.995 11.117 11.242 11.342 11.118 10.886 10.648 10.403 10.150 9.890 9.623 9.349 9.067 8.778 8.483 8.781 12.390 16.089 19.876 23.752
0.316 0.395 0.473 0.551 0.629 0.706 0.783 0.859 0.935 1.010 1.062 1.103 1.142 1.179 1.215 1.250 1.283 1.314 1.343 1.372 1.399 1.425 1.482 1.552 1.622 1.691 1.761 1.831 1.901 1.971 2.042 2.112 2.182 2.253 2.775 3.419 4.079 4.754 5.444 6.150 6.870 7.606 8.357 9.123 9.904 10.701 10.891 11.005 11.121 11.240 11.361 11.484 11.610 11.738 11.869 12.002 12.137 12.275 12.033 11.770 11.499 11.222 10.937 10.645 10.346 10.039 9.726 9.405 9.410 10.141 14.670 19.023 23.200 27.200
0.348 0.426 0.503 0.579 0.655 0.731 0.806 0.881 0.956 1.030 1.082 1.117 1.151 1.183 1.213 1.242 1.269 1.295 1.319 1.342 1.363 1.384 1.434 1.504 1.574 1.644 1.715 1.785 1.856 1.926 1.997 2.067 2.138 2.209 2.710 3.422 4.150 4.892 5.650 6.423 7.211 8.014 8.833 9.667 10.515 11.379 11.676 11.801 11.927 12.057 12.188 12.322 12.459 12.598 12.739 12.883 13.029 13.177 12.954 12.702 12.610 12.659 12.849 13.179 13.651 14.263 15.016 15.910 16.944 18.120 21.697 25.269 28.664 31.884
0.381 0.457 0.532 0.608 0.682 0.757 0.831 0.904 0.977 1.050 1.103 1.133 1.161 1.188 1.213 1.236 1.258 1.278 1.297 1.314 1.330 1.345 1.386 1.456 1.527 1.597 1.668 1.739 1.810 1.881 1.952 2.023 2.094 2.165 2.629 3.408 4.203 5.014 5.839 6.679 7.535 8.406 9.292 10.193 11.109 12.041 12.457 12.592 12.730 12.870 12.981 13.057 13.149 13.256 13.378 13.516 13.670 13.839 14.084 14.475 15.007 15.680 16.493 17.447 18.542 19.777 21.153 22.670 24.328 26.126 28.888 31.680 34.295 36.734
0.414 0.489 0.563 0.636 0.710 0.783 0.855 0.927 0.999 1.070 1.126 1.150 1.173 1.194 1.213 1.231 1.248 1.262 1.275 1.287 1.297 1.307 1.337 1.408 1.479 1.550 1.621 1.692 1.764 1.835 1.906 1.978 2.050 2.121 2.531 3.378 4.240 5.118 6.011 6.919 7.842 8.778 9.695 10.580 11.434 12.257 12.670 12.753 12.851 12.964 13.094 13.238 13.399 13.575 13.766 13.973 14.195 14.433 15.087 16.102 17.257 18.553 19.990 21.567 23.284 25.143 27.142 29.281 31.561 33.982 36.245 38.256 40.092 41.751
0.447 0.521 0.593 0.666 0.737 0.809 0.880 0.951 1.021 1.091 1.150 1.169 1.186 1.202 1.216 1.228 1.239 1.248 1.256 1.262 1.267 1.271 1.289 1.360 1.432 1.503 1.574 1.646 1.718 1.789 1.861 1.933 2.062 2.297 2.794 3.790 4.755 5.688 6.591 7.463 8.304 9.114 9.893 10.641 11.358 12.044 12.490 12.642 12.809 12.991 13.190 13.403 13.632 13.877 14.137 14.413 14.704 15.011 15.945 17.583 19.361 21.279 23.339 25.538 27.879 30.359 32.980 35.742 38.644 41.687 43.766 44.998 46.054 46.935
0.481 0.553 0.624 0.695 0.766 0.836 0.905 0.975 1.043 1.112 1.176 1.189 1.201 1.211 1.219 1.226 1.231 1.235 1.237 1.238 1.237 1.236 1.241 1.333 1.474 1.635 1.818 2.020 2.244 2.488 2.753 3.038 3.345 3.672 4.123 4.981 5.809 6.605 7.371 8.105 8.809 9.482 10.124 10.735 11.315 11.864 12.294 12.515 12.750 13.002 13.269 13.551 13.849 14.163 14.492 14.836 15.196 15.572 16.657 18.917 21.318 23.859 26.540 29.362 32.325 35.427 38.670 42.054 45.578 49.242 51.451 51.904 52.182 52.284
0.515 0.585 0.655 0.725 0.794 0.863 0.931 0.999 1.066 1.133 1.200 1.211 1.217 1.221 1.224 1.229 1.261 1.298 1.342 1.393 1.445 1.498 1.556 1.765 1.997 2.251 2.525 2.819 3.134 3.470 3.827 4.205 4.603 5.021 5.483 6.204 6.895 7.554 8.182 8.780 9.347 9.882 10.387 10.861 11.304 11.716 12.082 12.371 12.676 12.996 13.332 13.683 14.050 14.432 14.830 15.243 15.672 16.116 17.224 20.106 23.129 26.292 29.595 33.039 36.623 40.347 44.211 48.216 52.361 56.647 59.301 58.976 58.476 57.800
0.550 0.618 0.687 0.755 0.823 0.890 0.957 1.023 1.090 1.162 1.236 1.268 1.296 1.330 1.371 1.418 1.471 1.531 1.597 1.670 1.744 1.820 1.900 2.172 2.497 2.842 3.208 3.594 4.001 4.429 4.877 5.346 5.836 6.346 6.878 7.459 8.013 8.535 9.026 9.487 9.917 10.316 10.684 11.021 11.327 11.602 11.853 12.211 12.585 12.974 13.378 13.798 14.234 14.685 15.151 15.633 16.131 16.644 17.645 21.149 24.794 28.578 32.503 36.568 40.773 45.118 49.604 54.230 58.995 63.902 67.315 66.212 64.935 63.481
0.584 0.650 0.714 0.780 0.848 0.918 0.991 1.066 1.143 1.223 1.305 1.362 1.412 1.469 1.531 1.601 1.676 1.758 1.846 1.941 2.038 2.135 2.238 2.556 2.972 3.409 3.867 4.345 4.843 5.363 5.903 6.464 7.045 7.647 8.270 8.746 9.162 9.548 9.903 10.226 10.519 10.781 11.012 11.212 11.382 11.520 11.628 12.036 12.478 12.936 13.409 13.897 14.401 14.921 15.456 16.007 16.573 17.154 17.922 22.047 26.313 30.718 35.264 39.950 44.776 49.742 54.848 60.094 65.480 71.007 75.493 73.613 71.559 69.328
0.576 0.645 0.717 0.790 0.867 0.945 1.026 1.109 1.194 1.282 1.372 1.450 1.522 1.601 1.686 1.777 1.875 1.979 2.089 2.206 2.325 2.445 2.570 2.916 3.424 3.953 4.502 5.071 5.662 6.273 6.905 7.557 8.230 8.923 9.638 10.065 10.344 10.593 10.811 10.998 11.154 11.279 11.374 11.437 11.470 11.472 11.443 11.844 12.354 12.881 13.423 13.980 14.553 15.141 15.745 16.364 16.998 17.648 18.314 22.800 27.686 32.712 37.879 43.185 48.631 54.217 59.943 65.810 71.816 77.962 83.155 78.913 74.756 70.685
0.560 0.638 0.717 0.799 0.883 0.970 1.059 1.150 1.243 1.339 1.437 1.533 1.627 1.727 1.834 1.948 2.067 2.193 2.326 2.464 2.605 2.748 2.895 3.253 3.852 4.472 5.113 5.774 6.456 7.159 7.882 8.626 9.390 10.175 10.981 11.416 11.558 11.670 11.751 11.802 11.821 11.810 11.767 11.694 11.590 11.456 11.290 11.635 12.215 12.810 13.420 14.046 14.687 15.344 16.016 16.704 17.407 18.126 18.860 23.407 28.914 34.384 39.464 44.408 49.216 53.889 58.427 62.829 67.095 71.226 75.221 71.860 68.080 64.385
0.543 0.628 0.716 0.806 0.898 0.993 1.089 1.189 1.290 1.394 1.500 1.609 1.725 1.848 1.977 2.112 2.254 2.402 2.556 2.717 2.880 3.045 3.215 3.565 4.256 4.968 5.700 6.453 7.226 8.020 8.835 9.670 10.526 11.403 12.300 12.798 12.804 12.779 12.724 12.637 12.520 12.372 12.194 11.984 11.744 11.472 11.170 11.411 12.059 12.722 13.401 14.096 14.790 15.448 16.094 16.730 17.354 17.968 18.571 22.185 26.938 31.556 36.039 40.386 44.597 48.673 52.614 56.419 60.088 63.622 67.021 64.733 61.329 58.010
0.523 0.617 0.712 0.810 0.910 1.013 1.118 1.225 1.334 1.446 1.560 1.679 1.818 1.963 2.114 2.271 2.435 2.605 2.781 2.964 3.149 3.336 3.528 3.854 4.636 5.440 6.263 7.108 7.972 8.858 9.764 10.691 11.638 12.606 13.595 14.212 14.082 13.920 13.728 13.506 13.252 12.967 12.652 12.291 11.885 11.493 11.117 11.239 11.903 12.556 13.198 13.829 14.450 15.059 15.658 16.246 16.823 17.389 17.945 20.692 24.848 28.869 32.755 36.505 40.120 43.599 46.943 50.152 53.225 56.163 58.965 57.530 54.502 51.560
