DATA/SHG/ECMWF/20170628/EN-39/20170712.en-39.asc
ncols        190
nrows        64
xllcorner    -5100000.000000000000
yllcorner    4130000.000000000000
cellsize     10000.000000000000
NODATA_value  -99999.000
[rows 0 to 32 of 64, columns 0 to 73 of 190]
0.007 0.008 0.009 0.010 0.011 0.012 0.012 0.012 0.012 0.011 0.009 0.007 0.006 0.004 0.003 0.002 0.001 0.001 0.000 0.000 0.000 0.000 0.001 0.002 0.002 0.003 0.003 0.004 0.004 0.005 0.005 0.005 0.006 0.007 0.008 0.009 0.010 0.012 0.013 0.014 0.014 0.015 0.016 0.017 0.018 0.018 0.018 0.017 0.017 0.017 0.017 0.017 0.016 0.016 0.016 0.016 0.015 0.015 0.015 0.015 0.015 0.015 0.016 0.017 0.018 0.019 0.020 0.022 0.023 0.026 0.032 0.037 0.043 0.049
0.004 0.005 0.005 0.005 0.005 0.005 0.005 0.004 0.004 0.002 0.001 0.000 0.000 0.000 0.000 0.000 0.000 0.000 0.000 0.000 0.000 0.000 0.001 0.001 0.002 0.002 0.003 0.003 0.003 0.004 0.004 0.005 0.005 0.006 0.007 0.008 0.009 0.009 0.010 0.011 0.012 0.012 0.013 0.014 0.014 0.014 0.014 0.014 0.014 0.013 0.013 0.013 0.012 0.012 0.012 0.011 0.011 0.011 0.011 0.012 0.013 0.014 0.015 0.016 0.018 0.020 0.022 0.024 0.026 0.029 0.035 0.041 0.047 0.054
0.001 0.001 0.001 0.001 0.000 0.000 0.000 0.000 0.000 0.000 0.000 0.000 0.000 0.000 0.000 0.000 0.000 0.000 0.000 0.000 0.000 0.000 0.001 0.001 0.001 0.002 0.002 0.003 0.003 0.003 0.003 0.004 0.004 0.004 0.005 0.006 0.007 0.008 0.008 0.009 0.009 0.010 0.010 0.010 0.011 0.011 0.010 0.010 0.010 0.009 0.009 0.009 0.008 0.008 0.008 0.007 0.007 0.006 0.008 0.009 0.010 0.012 0.014 0.016 0.018 0.020 0.023 0.026 0.037 0.050 0.065 0.080 0.096 0.112
0.000 0.000 0.000 0.000 0.000 0.000 0.000 0.000 0.000 0.000 0.000 0.000 0.000 0.000 0.000 0.000 0.000 0.000 0.000 0.000 0.000 0.000 0.000 0.001 0.001 0.001 0.002 0.002 0.002 0.003 0.003 0.003 0.003 0.003 0.004 0.005 0.005 0.006 0.006 0.006 0.007 0.007 0.007 0.007 0.007 0.007 0.007 0.006 0.006 0.006 0.005 0.005 0.004 0.004 0.003 0.003 0.002 0.002 0.004 0.006 0.008 0.015 0.022 0.032 0.043 0.055 0.068 0.083 0.099 0.117 0.132 0.148 0.164 0.180
0.000 0.000 0.000 0.000 0.000 0.000 0.000 0.000 0.000 0.000 0.000 0.000 0.000 0.000 0.000 0.000 0.000 0.000 0.000 0.000 0.000 0.000 0.000 0.001 0.001 0.001 0.001 0.002 0.002 0.002 0.002 0.002 0.002 0.002 0.003 0.003 0.004 0.004 0.004 0.004 0.004 0.004 0.004 0.004 0.004 0.004 0.003 0.003 0.002 0.002 0.001 0.001 0.000 0.000 0.002 0.003 0.004 0.005 0.012 0.021 0.031 0.042 0.055 0.069 0.084 0.101 0.120 0.139 0.160 0.183 0.200 0.216 0.232 0.249
0.000 0.000 0.000 0.000 0.000 0.000 0.000 0.000 0.000 0.000 0.000 0.000 0.000 0.000 0.000 0.000 0.000 0.000 0.000 0.000 0.000 0.000 0.000 0.000 0.001 0.001 0.001 0.001 0.001 0.001 0.001 0.001 0.001 0.002 0.002 0.002 0.002 0.002 0.002 0.002 0.002 0.002 0.001 0.001 0.001 0.000 0.001 0.002 0.003 0.005 0.006 0.007 0.008 0.010 0.011 0.012 0.013 0.014 0.023 0.037 0.052 0.068 0.086 0.105 0.125 0.147 0.170 0.194 0.220 0.247 0.267 0.284 0.300 0.317
0.000 0.000 0.000 0.000 0.000 0.000 0.000 0.000 0.000 0.000 0.000 0.000 0.000 0.000 0.000 0.000 0.000 0.000 0.000 0.000 0.000 0.000 0.000 0.000 0.000 0.001 0.001 0.001 0.001 0.001 0.001 0.001 0.001 0.001 0.001 0.001 0.000 0.000 0.000 0.003 0.007 0.009 0.011 0.012 0.012 0.010 0.011 0.012 0.013 0.014 0.016 0.017 0.018 0.019 0.020 0.021 0.022 0.022 0.034 0.052 0.072 0.093 0.115 0.139 0.164 0.191 0.219 0.248 0.279 0.311 0.334 0.351 0.368 0.385
0.000 0.000 0.000 0.000 0.000 0.000 0.000 0.000 0.000 0.000 0.000 0.000 0.000 0.000 0.000 0.000 0.000 0.000 0.000 0.000 0.000 0.000 0.000 0.000 0.000 0.000 0.000 0.000 0.000 0.000 0.000 0.000 0.005 0.013 0.020 0.025 0.030 0.033 0.035 0.036 0.037 0.036 0.034 0.031 0.028 0.023 0.021 0.022 0.023 0.024 0.025 0.026 0.027 0.028 0.029 0.030 0.030 0.031 0.043 0.066 0.090 0.116 0.143 0.172 0.202 0.233 0.266 0.300 0.336 0.372 0.401 0.418 0.435 0.453
0.000 0.000 0.000 0.000 0.000 0.000 0.000 0.000 0.000 0.000 0.000 0.000 0.000 0.000 0.000 0.000 0.000 0.000 0.000 0.000 0.000 0.000 0.000 0.000 0.000 0.002 0.006 0.011 0.017 0.024 0.032 0.042 0.053 0.065 0.073 0.074 0.075 0.075 0.074 0.071 0.068 0.064 0.058 0.052 0.045 0.036 0.031 0.032 0.033 0.034 0.035 0.036 0.037 0.037 0.038 0.039 0.039 0.040 0.050 0.078 0.107 0.138 0.170 0.203 0.238 0.274 0.312 0.351 0.391 0.433 0.467 0.485 0.503 0.520
0.000 0.000 0.000 0.000 0.000 0.000 0.000 0.000 0.000 0.000 0.000 0.000 0.000 0.000 0.000 0.000 0.000 0.001 0.007 0.010 0.010 0.006 0.004 0.008 0.013 0.020 0.028 0.037 0.047 0.058 0.071 0.084 0.099 0.115 0.126 0.124 0.122 0.118 0.113 0.107 0.100 0.092 0.083 0.074 0.063 0.051 0.042 0.042 0.043 0.044 0.045 0.045 0.046 0.047 0.047 0.048 0.048 0.049 0.056 0.089 0.123 0.159 0.195 0.234 0.273 0.314 0.357 0.400 0.445 0.492 0.534 0.552 0.570 0.588
0.000 0.000 0.000 0.000 0.000 0.000 0.000 0.000 0.000 0.000 0.006 0.024 0.039 0.050 0.058 0.062 0.064 0.062 0.056 0.047 0.035 0.020 0.007 0.016 0.025 0.036 0.048 0.061 0.075 0.091 0.107 0.125 0.144 0.164 0.181 0.175 0.169 0.162 0.153 0.144 0.133 0.122 0.110 0.096 0.082 0.066 0.052 0.053 0.053 0.054 0.054 0.055 0.056 0.056 0.056 0.057 0.057 0.057 0.061 0.099 0.138 0.178 0.219 0.262 0.307 0.353 0.400 0.448 0.498 0.549 0.600 0.618 0.637 0.655
0.000 0.000 0.000 0.019 0.052 0.080 0.103 0.122 0.137 0.146 0.152 0.158 0.161 0.161 0.157 0.150 0.139 0.126 0.108 0.088 0.064 0.037 0.010 0.023 0.036 0.051 0.067 0.084 0.103 0.122 0.143 0.165 0.188 0.212 0.236 0.227 0.218 0.207 0.195 0.182 0.168 0.153 0.137 0.120 0.102 0.082 0.062 0.063 0.063 0.064 0.064 0.065 0.065 0.065 0.066 0.066 0.066 0.066 0.066 0.107 0.151 0.196 0.242 0.290 0.339 0.390 0.442 0.507 0.580 0.651 0.719 0.759 0.800 0.842
0.205 0.235 0.261 0.282 0.298 0.310 0.318 0.320 0.319 0.313 0.302 0.296 0.287 0.275 0.259 0.240 0.218 0.193 0.164 0.132 0.097 0.058 0.016 0.028 0.046 0.065 0.085 0.106 0.129 0.152 0.177 0.203 0.230 0.259 0.288 0.280 0.267 0.252 0.237 0.220 0.203 0.184 0.165 0.144 0.122 0.100 0.076 0.073 0.073 0.074 0.074 0.074 0.075 0.075 0.075 0.075 0.075 0.075 0.075 0.114 0.187 0.270 0.349 0.426 0.501 0.572 0.641 0.708 0.772 0.833 0.892 0.940 0.988 1.037
0.520 0.534 0.544 0.549 0.549 0.545 0.537 0.523 0.506 0.483 0.456 0.437 0.416 0.392 0.365 0.335 0.301 0.264 0.223 0.180 0.133 0.082 0.029 0.032 0.054 0.077 0.102 0.127 0.154 0.181 0.210 0.240 0.272 0.304 0.338 0.334 0.317 0.299 0.280 0.260 0.239 0.217 0.194 0.170 0.144 0.118 0.091 0.083 0.084 0.084 0.084 0.084 0.084 0.112 0.147 0.184 0.224 0.266 0.311 0.379 0.455 0.528 0.598 0.666 0.731 0.793 0.853 0.911 0.965 1.018 1.067 1.118 1.173 1.230
0.841 0.839 0.832 0.821 0.805 0.785 0.760 0.731 0.697 0.659 0.616 0.581 0.549 0.513 0.474 0.432 0.387 0.338 0.286 0.231 0.172 0.110 0.045 0.035 0.062 0.089 0.117 0.147 0.177 0.209 0.242 0.276 0.312 0.348 0.386 0.389 0.369 0.347 0.324 0.301 0.276 0.250 0.224 0.196 0.167 0.138 0.131 0.144 0.173 0.205 0.239 0.275 0.314 0.355 0.398 0.444 0.492 0.542 0.595 0.657 0.724 0.788 0.849 0.907 0.963 1.017 1.068 1.116 1.161 1.204 1.245 1.295 1.357 1.421
1.165 1.147 1.125 1.097 1.066 1.029 0.989 0.943 0.893 0.839 0.780 0.728 0.684 0.637 0.587 0.533 0.476 0.416 0.352 0.285 0.215 0.141 0.064 0.037 0.067 0.099 0.131 0.165 0.200 0.236 0.273 0.311 0.350 0.391 0.433 0.445 0.421 0.396 0.373 0.366 0.360 0.354 0.348 0.342 0.335 0.329 0.323 0.335 0.372 0.412 0.454 0.498 0.545 0.595 0.646 0.700 0.757 0.815 0.876 0.938 0.995 1.050 1.102 1.151 1.198 1.242 1.284 1.323 1.359 1.393 1.425 1.469 1.538 1.610
1.495 1.460 1.422 1.379 1.331 1.279 1.222 1.160 1.094 1.024 0.949 0.879 0.824 0.765 0.703 0.637 0.569 0.497 0.422 0.343 0.261 0.176 0.087 0.038 0.072 0.107 0.144 0.182 0.221 0.261 0.302 0.352 0.419 0.483 0.545 0.583 0.577 0.571 0.565 0.558 0.552 0.546 0.539 0.533 0.527 0.520 0.514 0.522 0.568 0.616 0.666 0.719 0.774 0.832 0.892 0.954 1.019 1.086 1.155 1.220 1.268 1.314 1.357 1.397 1.435 1.470 1.503 1.532 1.560 1.584 1.607 1.641 1.717 1.796
1.828 1.778 1.724 1.664 1.600 1.532 1.459 1.382 1.300 1.213 1.122 1.033 0.966 0.896 0.822 0.745 0.665 0.581 0.494 0.404 0.311 0.214 0.114 0.037 0.094 0.171 0.245 0.316 0.385 0.450 0.513 0.573 0.630 0.684 0.736 0.775 0.769 0.763 0.756 0.750 0.744 0.737 0.731 0.724 0.718 0.711 0.705 0.707 0.761 0.818 0.876 0.937 1.001 1.066 1.135 1.205 1.278 1.353 1.431 1.505 1.544 1.580 1.614 1.645 1.674 1.700 1.723 1.744 1.762 1.778 1.791 1.810 1.894 1.980
2.167 2.101 2.030 1.955 1.875 1.790 1.702 1.608 1.510 1.408 1.301 1.191 1.112 1.030 0.945 0.856 0.764 0.723 0.698 0.655 0.595 0.518 0.423 0.318 0.387 0.454 0.518 0.580 0.638 0.694 0.747 0.797 0.844 0.888 0.930 0.967 0.961 0.954 0.948 0.941 0.935 0.928 0.922 0.915 0.909 0.902 0.895 0.890 0.952 1.017 1.083 1.153 1.224 1.298 1.375 1.453 1.535 1.618 1.704 1.792 1.822 1.849 1.874 1.896 1.915 1.932 1.946 1.958 1.967 1.973 1.977 1.978 2.069 2.162
2.510 2.428 2.341 2.249 2.154 2.053 1.948 1.839 1.725 1.607 1.576 1.585 1.603 1.603 1.586 1.552 1.500 1.431 1.344 1.240 1.119 0.980 0.823 0.649 0.683 0.740 0.794 0.845 0.894 0.940 0.983 1.023 1.060 1.094 1.126 1.155 1.152 1.146 1.139 1.133 1.126 1.119 1.113 1.106 1.099 1.093 1.086 1.079 1.140 1.213 1.288 1.366 1.445 1.528 1.612 1.699 1.789 1.880 1.974 2.071 2.102 2.120 2.135 2.148 2.159 2.166 2.171 2.174 2.174 2.171 2.166 2.158 2.241 2.341
2.857 2.759 2.656 2.570 2.505 2.461 2.439 2.438 2.458 2.499 2.561 2.645 2.635 2.574 2.496 2.400 2.287 2.156 2.008 1.843 1.660 1.459 1.242 1.006 0.981 1.028 1.072 1.114 1.152 1.188 1.221 1.251 1.279 1.303 1.325 1.344 1.344 1.337 1.330 1.324 1.317 1.310 1.303 1.297 1.290 1.283 1.276 1.269 1.325 1.406 1.490 1.576 1.664 1.754 1.847 1.942 2.040 2.140 2.242 2.347 2.384 2.393 2.399 2.403 2.404 2.403 2.399 2.413 2.448 2.465 2.465 2.449 2.546 2.697
3.109 3.055 3.022 3.010 3.020 3.051 3.103 3.176 3.270 3.386 3.523 3.681 3.684 3.562 3.422 3.265 3.091 2.899 2.689 2.463 2.218 1.957 1.678 1.381 1.281 1.319 1.353 1.384 1.413 1.439 1.462 1.483 1.500 1.515 1.527 1.536 1.535 1.528 1.521 1.514 1.507 1.501 1.494 1.487 1.480 1.473 1.466 1.459 1.508 1.597 1.689 1.783 1.879 1.978 2.079 2.183 2.289 2.397 2.507 2.620 2.721 2.815 2.893 2.953 2.997 3.023 3.032 3.024 2.998 2.956 2.896 2.820 2.886 3.065
3.302 3.322 3.364 3.427 3.511 3.616 3.742 3.890 4.058 4.248 4.459 4.692 4.751 4.567 4.366 4.148 3.912 3.659 3.388 3.100 2.795 2.472 2.132 1.774 1.584 1.612 1.636 1.658 1.677 1.693 1.706 1.716 1.724 1.729 1.731 1.730 1.725 1.718 1.712 1.705 1.698 1.691 1.684 1.677 1.670 1.663 1.656 1.649 1.688 1.786 1.886 1.988 2.093 2.280 2.514 2.744 2.970 3.193 3.413 3.629 3.767 3.801 3.819 3.819 3.803 3.769 3.718 3.650 3.565 3.463 3.343 3.207 3.218 3.425
3.471 3.566 3.682 3.819 3.977 4.157 4.358 4.579 4.822 5.087 5.372 5.678 5.835 5.590 5.328 5.048 4.751 4.437 4.105 3.756 3.389 3.005 2.604 2.185 1.890 1.907 1.922 1.934 1.943 1.949 1.952 1.953 1.951 1.946 1.938 1.927 1.916 1.909 1.902 1.895 1.888 1.881 1.874 1.867 1.859 1.852 1.958 2.095 2.262 2.501 2.736 2.968 3.196 3.421 3.642 3.860 4.074 4.285 4.492 4.696 4.828 4.803 4.760 4.701 4.624 4.531 4.420 4.292 4.147 3.985 3.806 3.609 3.542 3.777
3.617 3.786 3.976 4.188 4.420 4.674 4.949 5.245 5.562 5.901 6.260 6.641 6.937 6.630 6.307 5.966 5.608 5.232 4.839 4.429 4.001 3.556 3.094 2.614 2.198 2.206 2.210 2.212 2.211 2.208 2.201 2.192 2.180 2.165 2.147 2.127 2.106 2.099 2.092 2.236 2.395 2.547 2.694 2.834 2.968 3.096 3.219 3.335 3.466 3.692 3.915 4.135 4.351 4.563 4.772 4.977 5.179 5.378 5.573 5.764 5.904 5.819 5.717 5.597 5.461 5.308 5.137 4.949 4.745 4.523 4.284 4.028 3.858 4.121
3.743 3.983 4.247 4.533 4.840 5.168 5.517 5.887 6.278 6.691 7.124 7.579 8.055 7.688 7.303 6.901 6.482 6.045 5.591 5.120 4.631 4.125 3.601 3.060 2.509 2.506 2.501 2.493 2.483 2.469 2.453 2.437 2.584 2.735 2.888 3.044 3.203 3.359 3.508 3.651 3.788 3.919 4.044 4.163 4.276 4.383 4.484 4.579 4.672 4.886 5.097 5.304 5.507 5.707 5.904 6.097 6.287 6.473 6.655 6.835 6.995 6.850 6.688 6.509 6.313 6.100 5.870 5.622 5.358 5.076 4.777 4.462 4.166 4.457
3.897 4.156 4.494 4.854 5.235 5.637 6.060 6.505 6.970 7.457 7.964 8.493 9.043 8.763 8.317 7.854 7.373 6.876 6.360 5.828 5.278 4.711 4.126 3.525 2.929 2.983 3.123 3.266 3.412 3.561 3.712 3.867 4.024 4.185 4.348 4.514 4.683 4.821 4.949 5.070 5.186 5.296 5.399 5.497 5.589 5.674 5.754 5.827 5.894 6.082 6.280 6.475 6.666 6.854 7.038 7.219 7.396 7.570 7.740 7.907 8.070 7.897 7.675 7.437 7.181 6.908 6.618 6.311 5.986 5.645 5.287 4.911 4.519 4.785
4.039 4.305 4.718 5.152 5.607 6.083 6.580 7.098 7.638 8.199 8.780 9.383 10.007 9.855 9.348 8.824 8.282 7.699 7.085 6.515 5.990 5.509 5.072 4.681 4.333 4.349 4.499 4.652 4.808 4.966 5.128 5.292 5.459 5.629 5.802 5.978 6.157 6.287 6.393 6.494 6.588 6.677 6.759 6.835 6.905 6.970 7.028 7.080 7.126 7.279 7.465 7.647 7.826 8.002 8.174 8.342 8.507 8.668 8.826 8.981 9.132 8.959 8.678 8.379 8.063 7.731 7.381 7.014 6.630 6.230 5.812 5.377 4.924 5.105
4.168 4.430 4.917 5.425 5.954 6.505 7.076 7.668 8.282 8.916 9.492 9.967 10.419 10.248 9.611 9.019 8.471 7.968 7.509 7.095 6.725 6.399 6.118 5.881 5.689 5.710 5.870 6.033 6.198 6.367 6.538 6.712 6.889 7.069 7.252 7.438 7.626 7.757 7.842 7.921 7.994 8.062 8.123 8.177 8.226 8.269 8.306 8.337 8.362 8.478 8.652 8.822 8.988 9.151 9.311 9.467 9.620 9.769 9.915 10.057 10.196 10.036 9.695 9.337 8.962 8.569 8.160 7.733 7.290 6.830 6.352 5.857 5.346 5.417
4.285 4.533 5.094 5.665 6.217 6.747 7.255 7.740 8.204 8.645 9.064 9.462 9.837 9.848 9.367 8.930 8.538 8.190 7.886 7.627 7.412 7.242 7.116 7.034 6.997 7.067 7.236 7.409 7.584 7.763 7.944 8.128 8.315 8.504 8.697 8.892 9.091 9.232 9.296 9.353 9.405 9.451 9.490 9.524 9.552 9.573 9.589 9.598 9.602 9.679 9.840 9.998 10.152 10.303 10.451 10.594 10.735 10.872 11.005 11.135 11.262 11.128 10.728 10.310 9.875 9.423 8.954 8.468 7.918 7.302 6.708 6.135 5.584 5.498
4.598 4.786 5.305 5.802 6.276 6.729 7.159 7.568 7.954 8.318 8.661 8.981 9.279 9.401 9.075 8.794 8.556 8.364 8.215 8.111 8.051 8.036 8.065 8.139 8.256 8.418 8.598 8.780 8.965 9.153 9.344 9.538 9.735 9.934 10.137 10.342 10.550 10.710 10.753 10.789 10.820 10.844 10.863 10.875 10.881 10.882 10.876 10.864 10.846 10.882 11.031 11.176 11.318 11.457 11.592 11.724 11.852 11.976 12.097 12.215 12.329 12.111 11.420 10.750 10.102 9.475 8.869 8.285 7.723 7.182 6.662 6.163 5.686 5.518
5.019 5.101 5.542 5.962 6.359 6.735 7.088 7.419 7.729 8.016 8.281 8.525 8.746 8.907 8.737 8.610 8.528 8.490 8.497 8.548 8.643 8.783 8.967 9.195 9.467 9.765 9.954 10.146 10.341 10.539 10.740 10.944 11.150 11.360 11.572 11.787 12.005 12.193 12.215 12.230 12.239 12.242 12.239 12.230 12.215 12.194 12.167 12.134 12.095 12.087 12.223 12.357 12.486 12.612 12.631 12.552 12.444 12.306 12.138 11.941 11.715 11.375 10.759 10.163 9.590 9.037 8.506 7.996 7.508 7.041 6.595 6.171 5.768 5.547
5.452 5.471 5.803 6.146 6.466 6.765 7.041 7.295 7.528 7.738 7.926 8.092 8.237 8.359 8.351 8.380 8.452 8.570 8.731 8.937 9.187 9.481 9.820 10.203 10.630 11.102 11.306 11.508 11.713 11.920 12.131 12.344 12.561 12.780 13.002 13.227 13.454 13.680 13.680 13.674 13.662 13.644 13.620 13.590 13.553 13.511 13.463 13.326 13.154 12.996 12.962 12.898 12.805 12.682 12.530 12.348 12.137 11.896 11.626 11.326 10.996 10.621 10.078 9.557 9.058 8.580 8.123 7.687 7.273 6.880 6.509 6.159 5.830 5.587
