DATA/SHG/ECMWF/20170628/EN-39/20170705.en-39.asc
ncols        190
nrows        64
xllcorner    -5100000.000000000000
yllcorner    4130000.000000000000
cellsize     10000.000000000000
NODATA_value  -99999.000
[rows 32 to 63 of 64, columns 73 to 145 of 190]
2.410 2.619 2.819 3.011 3.194 3.368 3.535 3.692 3.842 3.982 4.115 4.239 4.315 4.201 4.101 4.016 3.946 3.890 3.849 3.823 3.811 3.818 3.839 3.873 4.012 4.486 4.977 5.485 6.009 6.551 7.110 7.685 8.277 8.886 9.513 10.155 10.461 10.091 9.699 9.285 8.847 8.386 7.903 7.396 7.106 7.514 7.975 8.489 9.836 12.004 14.073 16.043 17.915 19.688 21.363 22.939 24.416 25.794 27.074 28.254 29.014 29.434 29.733 29.912 29.971 29.908 29.725 29.422 28.997 28.452 27.787 27.000 28.567
2.058 2.237 2.408 2.570 2.724 2.869 3.006 3.135 3.255 3.367 3.470 3.565 3.645 3.582 3.533 3.499 3.480 3.475 3.485 3.510 3.549 3.606 3.680 3.765 3.905 4.454 5.020 5.603 6.203 6.819 7.453 8.103 8.770 9.454 10.155 11.006 12.081 12.299 12.570 12.894 13.271 13.700 14.183 14.718 15.306 15.947 16.641 17.387 18.532 20.263 21.895 23.429 24.864 26.200 27.438 28.577 29.618 30.560 31.403 32.147 32.486 32.373 32.139 31.785 31.310 30.715 29.999 29.163 28.205 27.128 25.930 24.611 25.358
1.735 1.863 2.005 2.138 2.263 2.379 2.487 2.586 2.677 2.759 2.833 2.899 2.956 2.950 2.953 2.969 3.001 3.047 3.108 3.184 3.274 3.383 3.507 3.643 3.791 4.404 5.116 6.147 7.246 8.413 9.648 10.951 12.321 13.760 15.266 16.841 18.352 18.803 19.307 19.864 20.473 21.136 21.851 22.619 23.439 24.313 25.239 26.218 27.321 28.615 29.811 30.908 31.907 32.807 33.608 34.311 34.915 35.421 35.828 36.136 36.077 35.431 34.665 33.778 32.770 31.642 30.394 29.025 27.536 25.926 24.195 22.344 22.236
1.414 1.498 1.611 1.714 1.810 1.897 1.976 2.046 2.107 2.161 2.206 2.242 2.270 2.306 2.359 2.427 2.510 2.607 2.925 3.534 4.112 4.613 5.043 5.448 5.827 6.903 8.166 9.498 10.897 12.364 13.900 15.503 17.174 18.912 20.719 22.594 24.536 25.242 25.978 26.768 27.610 28.505 29.452 30.453 31.506 32.612 33.771 34.982 36.203 37.061 37.820 38.481 39.043 39.507 39.873 40.139 40.308 40.377 40.349 40.221 39.787 38.608 37.309 35.890 34.350 32.690 30.910 29.009 26.987 24.845 22.583 20.201 19.201
1.096 1.141 1.225 1.299 1.366 1.423 1.473 1.514 1.546 1.571 1.586 1.880 2.532 3.213 3.872 4.499 5.093 5.655 6.185 6.683 7.149 7.537 7.854 8.145 8.411 9.573 11.137 12.768 14.468 16.235 18.071 19.974 21.945 23.983 26.090 28.265 30.507 31.615 32.584 33.606 34.680 35.808 36.988 38.221 39.506 40.844 42.235 43.679 45.175 45.599 45.923 46.148 46.274 46.302 46.232 46.063 45.795 45.430 44.965 44.403 43.616 41.905 40.074 38.122 36.051 33.859 31.546 29.114 26.560 23.887 21.093 18.179 16.254
0.781 0.793 0.847 0.892 1.181 1.719 2.289 2.892 3.526 4.193 4.891 5.622 6.385 7.060 7.606 8.121 8.603 9.053 9.471 9.857 10.210 10.486 10.690 10.868 11.021 12.163 14.027 15.959 17.958 20.026 22.161 24.364 26.635 28.973 31.380 33.854 36.396 37.922 39.124 40.378 41.685 43.045 44.457 45.922 47.440 49.010 50.633 52.309 54.038 54.231 54.119 53.908 53.599 53.191 52.685 52.081 51.378 50.577 49.677 48.680 47.563 45.320 42.958 40.474 37.871 35.148 32.304 29.340 26.255 23.050 19.726 16.280 13.393
1.910 2.359 2.912 3.496 4.113 4.762 5.444 6.157 6.902 7.679 8.488 9.330 10.203 10.930 11.365 11.767 12.138 12.476 12.782 13.056 13.297 13.461 13.551 13.617 13.656 14.674 16.837 19.069 21.369 23.736 26.171 28.673 31.244 33.882 36.588 39.362 42.203 44.165 45.599 47.085 48.624 50.216 51.860 53.558 55.307 57.110 58.965 60.873 62.833 62.956 62.408 61.762 61.017 60.174 59.233 58.194 57.056 55.820 54.485 53.052 51.521 48.855 45.961 42.946 39.812 36.557 33.182 29.686 26.071 22.336 18.480 14.504 10.621
4.416 4.925 5.589 6.285 7.012 7.772 8.564 9.388 10.244 11.131 12.051 13.003 13.987 14.825 15.148 15.439 15.697 15.923 16.117 16.279 16.409 16.460 16.438 16.390 16.317 17.105 19.568 22.100 24.699 27.366 30.100 32.902 35.772 38.710 41.715 44.789 47.929 50.342 52.008 53.727 55.498 57.322 59.198 61.127 63.109 65.143 67.230 69.369 71.562 71.773 70.790 69.709 68.529 67.252 65.876 64.401 62.829 61.158 59.388 57.521 55.555 52.508 49.083 45.537 41.872 37.975 33.821 29.746 25.752 21.837 18.002 14.246 10.570
6.901 7.458 8.233 9.039 9.877 10.748 11.650 12.585 13.551 14.550 15.580 16.643 17.737 18.745 18.956 19.134 19.281 19.395 19.478 19.528 19.546 19.484 19.349 19.189 19.003 19.457 22.220 25.051 27.949 30.916 33.949 37.051 40.220 43.457 46.762 50.134 53.574 56.454 58.352 60.303 62.306 64.361 66.470 68.631 70.844 73.110 75.429 77.800 80.224 80.684 79.266 77.750 76.136 74.423 72.612 70.703 68.424 65.211 62.062 58.978 55.959 52.163 48.040 43.997 40.034 36.150 32.347 28.623 24.978 21.413 17.928 14.523 11.197
9.364 9.975 10.843 11.760 12.709 13.690 14.703 15.748 16.825 17.934 19.075 20.248 21.453 22.689 22.788 22.855 22.889 22.892 22.863 22.801 22.707 22.534 22.286 22.013 21.714 21.730 24.792 27.922 31.120 34.385 37.719 41.119 44.588 48.123 51.727 55.398 59.137 62.502 64.631 66.814 69.048 71.336 73.676 76.068 78.513 81.011 83.561 85.882 86.738 85.828 82.447 79.130 75.879 72.692 69.569 66.511 63.518 60.590 57.726 54.926 52.191 48.859 45.087 41.395 37.782 34.249 30.795 27.421 24.127 20.912 17.777 14.721 11.746
11.806 12.483 13.420 14.448 15.507 16.599 17.722 18.878 20.065 21.285 22.536 23.820 25.135 26.482 26.645 26.600 26.523 26.414 26.273 26.099 25.894 25.609 25.248 24.862 24.451 24.014 27.285 30.714 34.211 37.775 41.407 45.107 48.874 52.709 56.611 60.581 64.619 68.484 70.709 71.752 72.754 73.716 74.638 75.519 76.361 77.161 77.922 78.642 79.321 78.869 75.773 72.741 69.774 66.872 64.034 61.261 58.552 55.908 53.328 50.813 48.363 45.480 42.058 38.715 35.452 32.269 29.166 26.141 23.197 20.332 17.547 14.841 12.215
14.227 14.970 15.964 17.102 18.272 19.474 20.708 21.974 23.272 24.602 25.963 27.357 28.783 30.240 30.526 30.369 30.181 29.960 29.707 29.423 29.106 28.708 28.235 27.736 27.212 26.663 29.698 33.427 37.222 41.055 44.299 47.443 50.488 53.433 56.280 59.027 61.675 64.205 65.111 65.977 66.803 67.588 68.333 69.038 69.702 70.326 70.910 71.453 71.956 71.851 69.040 66.293 63.610 60.992 58.439 55.950 53.525 51.166 48.870 46.639 44.473 42.024 38.952 35.959 33.046 30.213 27.459 24.784 22.190 19.674 17.239 14.882 12.606
16.626 17.436 18.474 19.723 21.003 22.316 23.660 25.036 26.444 27.885 29.357 30.861 32.396 33.964 34.431 34.163 33.863 33.531 33.167 32.771 32.343 31.441 30.517 29.620 28.751 27.909 29.999 33.103 36.108 39.014 41.821 44.529 47.137 49.646 52.056 54.367 56.578 58.690 59.564 60.253 60.902 61.510 62.079 62.607 63.094 63.541 63.949 64.315 64.642 64.774 62.247 59.785 57.386 55.053 52.784 50.579 48.439 46.363 44.352 42.405 40.523 38.491 35.769 33.126 30.563 28.079 25.674 23.350 21.104 18.938 16.852 14.845 12.918
19.004 19.881 20.951 22.310 23.701 25.124 26.578 28.065 29.584 31.134 32.716 34.330 35.976 37.654 37.674 36.625 35.610 34.630 33.684 32.773 31.896 31.059 30.255 29.479 28.730 28.008 29.379 32.047 34.615 37.085 39.455 41.726 43.898 45.971 47.945 49.820 51.595 53.272 54.067 54.579 55.051 55.483 55.875 56.226 56.537 56.808 57.038 57.229 57.379 57.488 55.396 53.217 51.103 49.054 47.069 45.148 43.292 41.500 39.773 38.110 36.511 34.883 32.510 30.216 28.002 25.868 23.813 21.837 19.941 18.124 16.387 14.729 13.151
21.361 22.304 23.395 24.865 26.366 27.899 29.464 30.516 31.532 32.521 33.484 34.419 35.328 36.210 36.428 35.498 34.602 33.741 32.914 32.122 31.364 30.646 29.963 29.307 28.679 28.077 28.870 31.101 33.234 35.267 37.201 39.036 40.773 42.409 43.947 45.386 46.726 47.966 48.619 48.955 49.251 49.506 49.721 49.896 50.031 50.125 50.179 50.193 50.167 50.100 48.486 46.591 44.761 42.995 41.294 39.657 38.085 36.577 35.133 33.754 32.439 31.189 29.174 27.230 25.365 23.580 21.874 20.247 18.700 17.232 15.844 14.535 13.305
23.290 23.900 24.584 25.641 26.672 27.677 28.654 29.605 30.528 31.425 32.295 33.138 33.955 34.744 35.151 34.340 33.564 32.822 32.114 31.441 30.802 30.204 29.641 29.105 28.597 28.116 28.472 30.267 31.964 33.561 35.059 36.459 37.759 38.960 40.062 41.065 41.970 42.775 43.222 43.381 43.501 43.580 43.618 43.617 43.575 43.493 43.371 43.208 43.006 42.763 41.516 39.905 38.359 36.877 35.460 34.106 32.818 31.593 30.433 29.338 28.306 27.339 25.762 24.167 22.651 21.215 19.858 18.580 17.382 16.263 15.223 14.263 13.382
22.830 23.487 24.159 25.125 26.064 26.975 27.860 28.719 29.550 30.355 31.133 31.884 32.608 33.305 33.845 33.153 32.496 31.873 31.284 30.730 30.210 29.731 29.288 28.873 28.485 28.124 28.184 29.544 30.804 31.966 33.029 33.993 34.857 35.623 36.290 36.858 37.327 37.697 37.875 37.858 37.800 37.703 37.566 37.388 37.170 36.912 36.613 36.275 35.896 35.477 34.487 33.160 31.898 30.699 29.565 28.496 27.490 26.549 25.673 24.860 24.112 23.429 22.274 21.027 19.860 18.773 17.764 16.835 15.985 15.241 14.577 13.901 13.215
22.357 23.062 23.781 24.634 25.480 26.300 27.093 27.859 28.598 29.310 29.996 30.654 31.286 31.892 32.470 31.937 31.398 30.894 30.424 29.989 29.588 29.228 28.906 28.610 28.342 28.101 28.007 28.931 29.756 30.482 31.110 31.638 32.068 32.399 32.630 32.763 32.797 32.732 32.577 32.384 32.150 31.877 31.563 31.209 30.815 30.381 29.906 29.391 28.837 28.241 27.400 26.356 25.377 24.462 23.611 22.825 22.103 21.445 20.852 20.323 19.963 20.007 19.605 18.970 18.323 17.665 16.997 16.317 15.626 14.924 14.212 13.488 12.753
21.872 22.625 23.391 24.168 24.922 25.650 26.350 27.024 27.671 28.291 28.885 29.451 29.991 30.504 30.991 30.690 30.270 29.885 29.534 29.217 28.935 28.695 28.493 28.318 28.169 28.049 27.955 28.429 28.819 29.110 29.302 29.396 29.390 29.286 29.083 28.781 28.380 27.880 27.329 26.960 26.550 26.101 25.611 25.081 24.510 23.900 23.250 22.559 21.828 21.057 20.253 19.611 19.904 20.143 20.328 20.459 20.536 20.558 20.527 20.442 20.302 20.109 19.640 18.956 18.261 17.555 16.837 16.109 15.370 14.620 13.858 13.086 12.303
21.374 22.174 22.989 23.728 24.390 25.025 25.633 26.215 26.770 27.298 27.799 28.274 28.722 29.143 29.537 29.414 29.113 28.846 28.614 28.416 28.253 28.132 28.050 27.994 27.966 27.965 27.992 28.037 27.992 27.849 27.606 27.265 26.825 26.286 25.648 24.911 24.076 23.142 22.131 21.586 21.000 20.374 19.730 19.943 20.180 20.440 20.723 21.030 21.360 21.714 22.035 22.144 22.199 22.201 22.148 22.041 21.880 21.665 21.396 21.073 20.696 20.265 19.687 18.954 18.210 17.455 16.690 15.913 15.125 14.326 13.516 12.696 11.864
20.863 21.711 22.574 23.313 23.883 24.426 24.942 25.432 25.894 26.331 26.740 27.122 27.478 27.807 28.110 28.108 27.926 27.778 27.665 27.585 27.540 27.539 27.577 27.641 27.733 27.852 27.998 27.756 27.277 26.698 26.021 25.245 24.371 23.397 22.825 22.292 21.773 21.266 20.772 20.937 21.183 21.452 21.744 22.060 22.399 22.762 23.148 23.557 23.989 24.445 24.859 24.731 24.549 24.312 24.022 23.677 23.279 22.826 22.320 21.759 21.145 20.477 19.744 18.963 18.171 17.367 16.553 15.728 14.892 14.044 13.186 12.317 11.437
20.340 21.236 22.146 22.924 23.401 23.852 24.276 24.674 25.045 25.389 25.706 25.997 26.260 26.498 26.708 26.773 26.709 26.680 26.685 26.724 26.798 26.916 27.073 27.257 27.469 27.796 28.159 27.965 27.398 26.845 26.305 25.777 25.262 24.760 24.271 23.795 23.332 22.881 22.444 22.617 22.965 23.337 23.732 24.150 24.591 25.056 25.544 26.056 26.591 27.149 27.730 27.372 26.952 26.478 25.950 25.368 24.732 24.042 23.298 22.500 21.649 20.743 19.813 18.983 18.142 17.291 16.428 15.554 14.670 13.774 12.867 11.950 11.021
19.804 20.748 21.706 22.559 22.945 23.304 23.636 23.942 24.220 24.472 24.698 24.897 25.069 25.214 25.332 25.408 25.463 25.651 25.921 26.219 26.547 26.899 27.273 27.669 28.088 28.530 28.996 29.002 28.492 27.995 27.511 27.039 26.581 26.135 25.702 25.282 24.875 24.481 24.100 24.270 24.720 25.194 25.691 26.212 26.756 27.323 27.913 28.527 29.164 29.825 30.509 30.066 29.408 28.697 27.932 27.112 26.239 25.312 24.331 23.296 22.207 21.064 19.893 19.015 18.126 17.225 16.314 15.392 14.459 13.515 12.560 11.594 10.617
19.256 20.248 21.253 22.220 22.514 22.781 23.021 23.235 23.422 23.582 23.724 23.894 24.097 24.332 24.600 24.897 25.209 25.549 25.919 26.318 26.747 27.201 27.675 28.173 28.694 29.238 29.806 30.024 29.570 29.130 28.702 28.286 27.884 27.495 27.118 26.754 26.403 26.065 25.740 25.895 26.448 27.024 27.624 28.247 28.893 29.562 30.255 30.971 31.711 32.473 33.259 32.813 31.919 30.970 29.968 28.911 27.801 26.636 25.418 24.146 22.820 21.440 20.006 19.058 18.120 17.172 16.212 15.241 14.260 13.267 12.264 11.249 10.224
18.696 19.735 20.788 21.715 21.819 21.905 22.025 22.177 22.362 22.579 22.829 23.112 23.427 23.775 24.156 24.568 24.980 25.421 25.892 26.391 26.920 27.475 28.052 28.651 29.274 29.920 30.589 31.031 30.633 30.249 29.877 29.518 29.172 28.838 28.518 28.210 27.915 27.633 27.364 27.493 28.148 28.827 29.529 30.254 31.002 31.774 32.569 33.387 34.229 35.094 35.982 35.615 34.483 33.297 32.057 30.764 29.416 28.015 26.560 25.051 23.488 21.871 20.201 19.112 18.126 17.129 16.121 15.102 14.072 13.031 11.979 10.917 9.843
17.552 18.381 19.176 19.937 20.217 20.417 20.649 20.914 21.212 21.542 21.905 22.300 22.728 23.189 23.683 24.209 24.725 25.267 25.838 26.438 27.067 27.723 28.402 29.103 29.827 30.574 31.345 32.022 31.681 31.352 31.037 30.734 30.444 30.167 29.902 29.651 29.412 29.186 28.973 29.064 29.822 30.603 31.407 32.234 33.085 33.958 34.856 35.776 36.720 37.687 38.677 38.469 37.100 35.678 34.201 32.671 31.086 29.448 27.756 26.010 24.211 22.357 20.450 19.177 18.143 17.098 16.041 14.974 13.896 12.806 11.706 10.595 9.473
16.161 16.872 17.550 18.193 18.587 18.900 19.245 19.623 20.033 20.476 20.952 21.460 22.001 22.574 23.180 23.819 24.443 25.086 25.757 26.458 27.188 27.945 28.725 29.527 30.353 31.202 32.074 32.969 32.713 32.441 32.181 31.934 31.700 31.479 31.271 31.076 30.893 30.723 30.566 30.608 31.468 32.351 33.257 34.187 35.139 36.115 37.115 38.137 39.183 40.252 41.345 41.377 39.772 38.112 36.399 34.631 32.810 30.935 29.007 27.024 24.988 22.897 20.753 19.254 18.171 17.035 15.789 14.570 13.378 12.214 11.076 9.966 8.883
14.803 15.397 15.957 16.483 16.929 17.354 17.812 18.302 18.825 19.381 19.969 20.590 21.243 21.930 22.648 23.399 24.136 24.879 25.651 26.452 27.282 28.140 29.021 29.926 30.853 31.803 32.777 33.773 33.730 33.513 33.310 33.119 32.941 32.776 32.624 32.485 32.358 32.245 32.144 32.125 33.087 34.072 35.080 36.112 37.167 38.245 39.346 40.471 41.619 42.790 43.984 44.339 42.496 40.600 38.650 36.646 34.513 31.916 29.367 26.864 24.409 22.000 19.638 17.876 16.694 15.540 14.413 13.313 12.240 11.194 10.175 9.184 8.219
13.478 13.955 14.398 14.806 15.242 15.780 16.350 16.953 17.589 18.257 18.958 19.691 20.457 21.256 22.087 22.951 23.802 24.645 25.518 26.419 27.350 28.309 29.291 30.297 31.326 32.378 33.452 34.550 34.731 34.571 34.424 34.289 34.167 34.058 33.962 33.879 33.808 33.750 33.706 33.673 34.679 35.766 36.877 38.010 39.167 40.347 41.551 42.763 43.323 43.822 44.260 44.137 41.511 38.932 36.400 33.915 31.477 29.086 26.742 24.445 22.194 19.991 17.835 16.118 15.055 14.019 13.011 12.030 11.075 10.148 9.248 8.375 7.530
12.187 12.547 12.872 13.163 13.526 14.177 14.860 15.575 16.323 17.104 17.918 18.763 19.642 20.553 21.497 22.473 23.442 24.386 25.359 26.360 27.391 28.451 29.535 30.642 31.772 32.925 34.102 35.301 35.717 35.613 35.522 35.443 35.377 35.324 35.284 35.257 35.242 35.241 35.252 34.990 35.579 36.298 36.957 37.554 38.091 38.568 38.983 39.338 39.633 39.866 40.039 40.029 37.609 35.235 32.909 30.629 28.396 26.211 24.072 21.980 19.935 17.937 15.987 14.335 13.391 12.474 11.584 10.721 9.885 9.077 8.296 7.541 6.814
10.930 11.172 11.380 11.554 11.782 12.545 13.340 14.168 15.029 15.922 16.848 17.807 18.798 19.821 20.877 21.966 23.056 24.100 25.173 26.275 27.406 28.567 29.752 30.961 32.192 33.446 34.724 36.024 36.688 36.640 36.350 36.011 35.686 35.374 35.075 34.791 34.520 34.263 34.020 33.790 34.080 34.533 34.926 35.258 35.530 35.741 35.891 35.981 36.010 35.979 35.887 35.734 33.662 31.494 29.372 27.298 25.271 23.291 21.357 19.471 17.631 15.838 14.093 12.526 11.701 10.902 10.131 9.387 8.670 7.980 7.317 6.681 6.073
9.706 9.831 9.922 9.979 10.009 10.884 11.792 12.733 13.706 14.712 15.750 16.821 17.924 19.060 20.228 21.429 22.644 23.788 24.961 26.163 27.395 28.589 29.723 30.813 31.859 32.862 33.820 34.735 35.195 34.888 34.595 34.316 34.051 33.799 33.561 33.337 33.126 32.929 32.746 32.576 32.646 32.835 32.962 33.030 33.036 32.982 32.867 32.692 32.456 32.160 31.803 31.385 29.671 27.708 25.792 23.923 22.101 20.326 18.597 16.916 15.282 13.694 12.153 10.692 9.985 9.306 8.653 8.027 7.429 6.857 6.313 5.795 5.305
