DATA/SHG/ECMWF/20170628/EN-39/20170707.en-39.asc
ncols        190
nrows        64
xllcorner    -5100000.000000000000
yllcorner    4130000.000000000000
cellsize     10000.000000000000
NODATA_value  -99999.000
[rows 0 to 32 of 64, columns 0 to 72 of 190]
5.055 4.806 4.546 4.274 3.991 3.696 3.390 3.073 2.744 2.554 2.410 2.265 2.119 1.972 1.824 1.675 1.524 1.373 1.220 1.162 1.126 1.203 1.327 1.441 1.545 1.640 1.724 1.799 1.863 1.918 1.962 1.997 2.022 2.051 2.081 2.102 2.116 2.121 2.118 2.107 2.087 2.059 2.024 1.979 1.927 1.932 1.986 2.031 2.067 2.094 2.112 2.121 2.121 2.112 2.095 2.068 2.032 2.018 2.035 2.052 2.066 2.079 2.091 2.101 2.110 2.117 2.122 2.126 2.129 2.113 2.067 2.018 1.967
5.335 5.045 4.744 4.432 4.108 3.773 3.426 3.068 2.698 2.461 2.313 2.164 2.170 2.170 2.160 2.139 2.107 2.065 2.013 1.950 1.876 1.890 1.979 2.058 2.127 2.187 2.236 2.275 2.305 2.324 2.334 2.333 2.323 2.317 2.318 2.310 2.295 2.271 2.239 2.199 2.150 2.094 2.029 1.956 1.875 1.832 1.855 1.868 1.873 1.868 1.855 1.833 1.802 1.762 1.713 1.655 1.588 1.542 1.554 1.565 1.575 1.582 1.589 1.594 1.597 1.599 1.600 1.599 1.596 1.580 1.523 1.464 1.402
5.627 5.297 4.955 4.602 4.253 3.980 3.740 3.533 3.358 3.278 3.272 3.256 3.229 3.192 3.144 3.086 3.017 2.937 2.848 2.747 2.636 2.587 2.641 2.685 2.719 2.743 2.757 2.761 2.756 2.740 2.715 2.679 2.634 2.590 2.562 2.526 2.481 2.429 2.368 2.299 2.221 2.136 2.042 1.940 1.830 1.742 1.733 1.715 1.688 1.652 1.608 1.554 1.492 1.420 1.340 1.251 1.153 1.068 1.075 1.081 1.085 1.088 1.089 1.089 1.087 1.084 1.079 1.073 1.227 1.387 1.505 1.625 1.749
5.884 5.596 5.341 5.118 4.928 4.770 4.645 4.553 4.492 4.459 4.415 4.362 4.298 4.223 4.138 4.042 3.936 3.819 3.692 3.555 3.406 3.293 3.312 3.321 3.320 3.309 3.288 3.257 3.217 3.166 3.105 3.035 2.955 2.872 2.815 2.750 2.676 2.595 2.505 2.407 2.301 2.186 2.064 1.933 1.794 1.660 1.620 1.571 1.513 1.446 1.370 1.285 1.191 1.089 0.977 0.857 0.727 0.596 0.598 0.599 0.611 0.784 0.955 1.125 1.293 1.460 1.625 1.789 1.950 2.111 2.239 2.370 2.503
6.063 5.890 5.750 5.642 5.567 5.524 5.513 5.535 5.590 5.649 5.568 5.478 5.376 5.264 5.142 5.009 4.865 4.711 4.547 4.372 4.187 4.009 3.993 3.966 3.930 3.884 3.828 3.763 3.687 3.601 3.506 3.401 3.285 3.162 3.076 2.982 2.879 2.769 2.650 2.523 2.388 2.245 2.094 1.934 1.767 1.591 1.516 1.436 1.346 1.248 1.141 1.025 0.900 0.810 0.849 0.875 0.887 0.885 1.041 1.211 1.380 1.547 1.713 1.877 2.040 2.201 2.360 2.518 2.674 2.829 2.969 3.110 3.254
6.207 6.149 6.123 6.130 6.169 6.240 6.344 6.481 6.650 6.849 6.731 6.603 6.464 6.315 6.155 5.985 5.804 5.613 5.411 5.199 4.977 4.744 4.682 4.621 4.550 4.469 4.378 4.278 4.167 4.046 3.916 3.776 3.626 3.465 3.345 3.222 3.091 2.951 2.804 2.648 2.484 2.312 2.132 1.944 1.747 1.543 1.503 1.591 1.665 1.725 1.772 1.804 1.822 1.827 1.817 1.794 1.757 1.706 1.821 1.986 2.149 2.311 2.471 2.629 2.786 2.941 3.095 3.247 3.398 3.547 3.695 3.846 4.000
6.314 6.371 6.460 6.581 6.734 6.921 7.139 7.390 7.673 7.989 7.903 7.738 7.562 7.375 7.178 6.971 6.753 6.525 6.286 6.037 5.777 5.507 5.382 5.286 5.180 5.064 4.938 4.802 4.657 4.501 4.336 4.161 3.975 3.781 3.622 3.470 3.310 3.142 2.965 2.821 2.731 2.677 2.657 2.673 2.723 2.808 2.876 2.915 2.940 2.951 2.948 2.932 2.901 2.856 2.798 2.725 2.639 2.539 2.602 2.761 2.918 3.074 3.229 3.382 3.533 3.683 3.831 3.977 4.122 4.266 4.418 4.579 4.743
6.386 6.557 6.760 6.996 7.264 7.564 7.897 8.262 8.660 9.090 9.085 8.883 8.669 8.446 8.212 7.967 7.712 7.446 7.170 6.884 6.587 6.280 6.091 5.959 5.818 5.668 5.507 5.336 5.156 4.965 4.765 4.555 4.290 4.007 3.793 3.652 3.545 3.474 3.437 3.436 3.469 3.537 3.640 3.777 3.950 4.157 4.262 4.251 4.227 4.189 4.137 4.071 3.992 3.898 3.791 3.669 3.534 3.384 3.383 3.536 3.688 3.839 3.987 4.135 4.280 4.424 4.567 4.708 4.847 4.985 5.136 5.308 5.482
6.422 6.707 7.024 7.374 7.757 8.171 8.618 9.098 9.610 10.154 10.277 10.037 9.786 9.526 9.254 8.973 8.680 8.378 8.065 7.741 7.407 7.063 6.809 6.643 6.467 6.193 5.912 5.631 5.350 5.067 4.785 4.501 4.217 3.933 3.759 3.740 3.757 3.808 3.893 4.014 4.170 4.360 4.585 4.845 5.140 5.470 5.659 5.600 5.526 5.439 5.338 5.223 5.095 4.952 4.795 4.625 4.441 4.242 4.164 4.312 4.458 4.603 4.746 4.888 5.028 5.166 5.303 5.439 5.572 5.705 5.851 6.032 6.217
6.421 6.821 7.253 7.717 8.213 8.742 9.303 9.897 10.523 11.181 11.478 11.201 10.913 10.615 10.307 9.988 9.659 9.301 8.813 8.331 7.853 7.381 6.980 6.699 6.417 6.135 5.853 5.570 5.286 5.002 4.717 4.432 4.146 3.860 3.690 3.793 3.932 4.105 4.313 4.556 4.834 5.147 5.494 5.876 6.294 6.745 7.068 6.960 6.838 6.701 6.551 6.388 6.210 6.018 5.813 5.593 5.360 5.113 4.946 5.088 5.229 5.368 5.506 5.642 5.776 5.909 6.040 6.170 6.298 6.425 6.562 6.753 6.948
6.385 6.899 7.445 8.023 8.634 9.277 9.952 10.659 11.399 12.171 12.624 12.120 11.621 11.126 10.637 10.152 9.672 9.197 8.726 8.261 7.800 7.344 6.929 6.646 6.362 6.078 5.794 5.509 5.223 4.937 4.650 4.363 4.075 3.787 3.584 3.810 4.071 4.367 4.697 5.063 5.462 5.897 6.367 6.871 7.410 7.984 8.489 8.332 8.161 7.976 7.777 7.564 7.337 7.096 6.842 6.574 6.292 5.996 5.728 5.865 6.000 6.133 6.265 6.396 6.525 6.652 6.777 6.902 7.024 7.145 7.269 7.470 7.675
6.314 6.941 7.601 8.262 8.896 9.520 10.136 10.742 11.340 11.929 12.397 11.910 11.427 10.950 10.477 10.009 9.546 9.087 8.634 8.185 7.741 7.302 6.878 6.593 6.308 6.022 5.735 5.448 5.161 4.873 4.584 4.295 4.005 3.715 3.443 3.792 4.175 4.593 5.045 5.532 6.054 6.611 7.203 7.829 8.490 9.186 9.916 9.716 9.496 9.262 9.014 8.752 8.476 8.187 7.884 7.567 7.236 6.891 6.532 6.642 6.771 6.899 7.025 7.150 7.273 7.395 7.515 7.628 7.734 7.838 7.940 8.208 8.527
6.231 6.860 7.480 8.091 8.693 9.286 9.871 10.446 11.012 11.570 12.119 11.695 11.229 10.768 10.312 9.861 9.415 8.974 8.537 8.105 7.678 7.256 6.838 6.541 6.254 5.966 5.678 5.389 5.099 4.809 4.519 4.228 3.936 3.644 3.351 3.737 4.243 4.782 5.357 5.966 6.610 7.289 8.002 8.751 9.533 10.351 11.203 11.112 10.843 10.560 10.263 9.952 9.628 9.290 8.938 8.572 8.192 7.798 7.391 7.419 7.536 7.649 7.759 7.868 7.975 8.080 8.183 8.285 8.384 8.482 8.577 8.927 9.380
6.163 6.761 7.349 7.929 8.500 9.062 9.615 10.160 10.695 11.221 11.739 11.475 11.026 10.582 10.143 9.709 9.280 8.855 8.435 8.020 7.610 7.204 6.804 6.490 6.201 5.911 5.621 5.330 5.039 4.747 4.454 4.161 3.867 3.573 3.279 3.647 4.275 4.936 5.633 6.364 7.130 7.930 8.766 9.636 10.540 11.479 12.453 12.519 12.202 11.870 11.524 11.165 10.792 10.289 9.796 9.336 8.911 8.521 8.164 8.133 8.241 8.347 8.451 8.553 8.653 8.752 8.848 8.943 9.035 9.126 9.215 9.609 10.197
6.105 6.671 7.229 7.777 8.317 8.848 9.370 9.883 10.387 10.883 11.369 11.250 10.819 10.391 9.969 9.552 9.139 8.731 8.328 7.930 7.537 7.148 6.764 6.440 6.149 5.857 5.565 5.272 4.979 4.685 4.390 4.095 3.800 3.504 3.207 3.522 4.271 5.055 5.873 6.726 7.613 8.536 9.493 10.484 11.510 12.571 13.382 13.374 12.796 12.251 11.741 11.264 10.822 10.414 10.040 9.700 9.395 9.123 8.885 8.845 8.947 9.046 9.143 9.239 9.332 9.424 9.514 9.602 9.688 9.772 9.854 10.254 10.975
6.056 6.592 7.118 7.636 8.144 8.644 9.135 9.617 10.090 10.554 11.009 11.021 10.606 10.196 9.790 9.390 8.994 8.603 8.217 7.835 7.459 7.087 6.720 6.391 6.097 5.804 5.509 5.215 4.919 4.623 4.327 4.030 3.733 3.435 3.136 3.361 4.232 5.137 6.065 6.928 7.776 8.608 9.425 10.227 11.013 11.784 12.540 12.750 12.291 11.866 11.474 11.118 10.795 10.506 10.251 10.030 9.844 9.691 9.573 9.559 9.653 9.745 9.836 9.925 10.012 10.097 10.180 10.261 10.341 10.418 10.494 10.861 11.717
6.018 6.522 7.017 7.503 7.981 8.449 8.909 9.360 9.802 10.235 10.659 10.787 10.389 9.996 9.607 9.223 8.844 8.470 8.100 7.736 7.376 7.021 6.671 6.342 6.047 5.751 5.455 5.158 4.861 4.563 4.265 3.964 3.663 3.366 3.072 3.145 4.001 4.841 5.666 6.476 7.270 8.049 8.812 9.560 10.293 11.011 11.713 12.093 11.753 11.447 11.175 10.937 10.734 10.564 10.428 10.327 10.259 10.226 10.226 10.272 10.360 10.446 10.530 10.612 10.692 10.771 10.847 10.922 10.994 11.065 11.134 11.431 12.421
5.989 6.462 6.926 7.381 7.827 8.265 8.693 9.113 9.524 9.926 10.319 10.548 10.167 9.790 9.419 9.052 8.689 8.332 7.979 7.631 7.288 6.950 6.617 6.294 5.987 5.673 5.362 5.055 4.752 4.453 4.158 3.866 3.578 3.294 3.014 2.923 3.725 4.512 5.283 6.039 6.780 7.505 8.216 8.910 9.590 10.254 10.903 11.402 11.182 10.995 10.842 10.724 10.639 10.588 10.572 10.589 10.641 10.726 10.846 10.987 11.068 11.147 11.225 11.300 11.374 11.445 11.515 11.583 11.649 11.713 11.776 11.964 13.087
5.969 6.411 6.844 7.268 7.684 8.090 8.488 8.876 9.256 9.627 9.989 10.305 9.940 9.581 9.226 8.875 8.530 8.148 7.759 7.389 7.037 6.705 6.392 6.097 5.792 5.491 5.194 4.900 4.611 4.325 4.042 3.764 3.489 3.218 2.951 2.716 3.465 4.198 4.916 5.619 6.306 6.978 7.635 8.277 8.903 9.514 10.109 10.679 10.578 10.510 10.476 10.477 10.511 10.579 10.682 10.818 10.988 11.193 11.431 11.703 11.777 11.849 11.920 11.989 12.056 12.121 12.184 12.245 12.305 12.362 12.418 12.472 13.717
5.959 6.370 6.772 7.165 7.550 7.925 8.292 8.649 8.998 9.338 9.587 9.797 9.424 9.006 8.608 8.229 7.868 7.527 7.205 6.901 6.617 6.351 6.105 5.878 5.594 5.306 5.022 4.742 4.465 4.192 3.923 3.658 3.397 3.139 2.885 2.635 3.220 3.900 4.565 5.214 5.848 6.467 7.071 7.659 8.232 8.789 9.332 9.859 9.941 9.992 10.077 10.196 10.350 10.537 10.758 11.013 11.302 11.625 11.982 12.373 12.487 12.552 12.616 12.679 12.739 12.797 12.854 12.908 12.961 13.012 13.061 13.108 14.309
5.959 6.339 6.710 7.013 7.295 7.556 7.797 8.018 8.218 8.397 8.556 8.695 8.450 8.099 7.768 7.455 7.161 6.887 6.631 6.394 6.177 5.978 5.798 5.638 5.392 5.118 4.847 4.580 4.316 4.057 3.801 3.549 3.301 3.056 2.815 2.578 2.992 3.618 4.230 4.826 5.407 5.972 6.522 7.057 7.577 8.081 8.570 9.044 9.271 9.441 9.645 9.883 10.155 10.461 10.801 11.175 11.582 12.024 12.500 13.009 13.197 13.256 13.314 13.369 13.423 13.475 13.524 13.507 13.394 13.297 13.214 13.146 14.034
5.756 6.027 6.278 6.509 6.719 6.909 7.078 7.227 7.355 7.462 7.549 7.616 7.457 7.173 6.908 6.662 6.435 6.227 6.038 5.868 5.717 5.585 5.472 5.378 5.187 4.925 4.668 4.414 4.164 3.917 3.675 3.436 3.201 2.969 2.742 2.518 2.779 3.352 3.910 4.453 4.981 5.493 5.990 6.472 6.938 7.389 7.825 8.246 8.568 8.857 9.180 9.536 9.927 10.352 10.810 11.303 11.829 12.389 12.983 13.611 13.793 13.629 13.480 13.345 13.225 13.120 13.030 12.954 12.893 12.847 12.816 12.800 13.503
5.491 5.690 5.870 6.028 6.167 6.284 6.382 6.459 6.515 6.551 6.566 6.561 6.445 6.228 6.030 5.851 5.690 5.549 5.426 5.323 5.238 5.173 5.126 5.099 4.978 4.730 4.485 4.244 4.007 3.774 3.545 3.319 3.097 2.879 2.664 2.454 2.582 3.102 3.607 4.096 4.571 5.030 5.473 5.902 6.315 6.713 7.096 7.464 7.832 8.240 8.681 9.156 9.666 10.144 10.584 11.018 11.447 11.871 12.289 12.701 12.866 12.753 12.656 12.573 12.504 12.451 12.412 12.388 12.379 12.385 12.405 12.440 12.987
5.249 5.376 5.484 5.571 5.637 5.683 5.709 5.714 5.699 5.663 5.606 5.530 5.415 5.264 5.133 5.020 4.926 4.851 4.795 4.758 4.740 4.741 4.761 4.800 4.765 4.530 4.299 4.071 3.847 3.627 3.411 3.198 2.990 2.785 2.584 2.386 2.400 2.867 3.319 3.755 4.176 4.582 4.973 5.349 5.709 6.054 6.384 6.702 7.054 7.503 7.947 8.384 8.816 9.243 9.664 10.079 10.489 10.893 11.291 11.684 11.925 11.864 11.818 11.787 11.770 11.768 11.781 11.809 11.851 11.909 11.980 12.067 12.486
5.029 5.085 5.121 5.136 5.131 5.105 5.059 4.993 4.906 4.798 4.670 4.522 4.365 4.281 4.216 4.170 4.143 4.134 4.145 4.174 4.223 4.290 4.376 4.481 4.549 4.327 4.109 3.894 3.684 3.477 3.274 3.074 2.879 2.687 2.499 2.315 2.235 2.648 3.047 3.424 3.787 4.137 4.474 4.798 5.110 5.408 5.693 5.966 6.257 6.686 7.110 7.529 7.942 8.349 8.750 9.146 9.537 9.921 10.301 10.674 10.971 10.962 10.968 10.988 11.023 11.073 11.137 11.216 11.310 11.419 11.542 11.681 12.001
4.836 4.817 4.781 4.725 4.648 4.550 4.433 4.294 4.136 3.957 3.757 3.537 3.297 3.279 3.281 3.301 3.340 3.398 3.475 3.571 3.686 3.819 3.972 4.144 4.329 4.120 3.915 3.714 3.516 3.323 3.133 2.946 2.747 2.555 2.369 2.190 2.030 2.387 2.731 3.062 3.380 3.685 3.977 4.256 4.523 4.776 5.016 5.244 5.466 5.876 6.281 6.680 7.073 7.461 7.844 8.220 8.591 8.957 9.317 9.671 10.005 10.047 10.104 10.176 10.262 10.364 10.480 10.610 10.756 10.916 11.091 11.281 11.531
4.699 4.572 4.464 4.336 4.188 4.019 3.829 3.620 3.389 3.139 2.868 2.576 2.264 2.258 2.326 2.413 2.518 2.643 2.786 2.948 3.129 3.329 3.548 3.786 4.039 3.879 3.664 3.455 3.253 3.057 2.868 2.686 2.510 2.341 2.178 2.022 1.873 2.129 2.428 2.714 2.987 3.247 3.494 3.728 3.949 4.158 4.353 4.536 4.705 5.072 5.458 5.837 6.212 6.580 6.943 7.301 7.653 7.999 8.339 8.674 9.004 9.119 9.227 9.351 9.489 9.642 9.809 9.991 10.188 10.400 10.626 10.867 11.123
4.579 4.350 4.170 3.971 3.750 3.510 3.249 2.968 2.666 2.344 2.001 1.639 1.255 1.219 1.353 1.506 1.678 1.915 2.242 2.539 2.807 3.045 3.253 3.431 3.579 3.474 3.281 3.096 2.917 2.744 2.578 2.419 2.266 2.120 1.980 1.847 1.721 1.884 2.138 2.379 2.607 2.822 3.024 3.213 3.390 3.553 3.704 3.841 3.966 4.275 4.641 5.002 5.357 5.706 6.050 6.388 6.720 7.047 7.369 7.685 7.995 8.178 8.338 8.513 8.702 8.906 9.125 9.359 9.607 9.870 10.148 10.441 10.748
4.475 4.150 3.899 3.628 3.336 3.024 2.692 2.339 1.966 1.573 1.282 1.111 0.919 1.026 1.368 1.680 1.963 2.215 2.438 2.632 2.795 2.929 3.033 3.107 3.152 3.062 2.893 2.730 2.574 2.425 2.282 2.145 2.016 1.893 1.776 1.666 1.563 1.653 1.862 2.058 2.241 2.411 2.568 2.712 2.844 2.962 3.068 3.161 3.240 3.484 3.831 4.172 4.508 4.838 5.163 5.482 5.795 6.103 6.405 6.701 6.992 7.223 7.435 7.661 7.902 8.158 8.428 8.713 9.013 9.327 9.656 10.000 10.359
4.388 3.973 3.651 3.474 3.375 3.255 3.115 2.954 2.772 2.570 2.347 2.104 1.840 1.774 2.012 2.220 2.398 2.547 2.666 2.755 2.815 2.845 2.845 2.815 2.756 2.644 2.498 2.358 2.225 2.099 1.979 1.866 1.759 1.659 1.565 1.479 1.398 1.435 1.599 1.750 1.888 2.013 2.125 2.225 2.311 2.385 2.446 2.494 2.529 2.700 3.028 3.350 3.666 3.977 4.282 4.582 4.876 5.164 5.447 5.725 5.997 6.256 6.519 6.797 7.089 7.396 7.718 8.054 8.398 8.730 9.055 9.372 9.683
5.457 5.349 5.219 5.068 4.896 4.704 4.491 4.258 4.004 3.729 3.434 3.118 2.782 2.553 2.687 2.791 2.865 2.910 2.925 2.910 2.866 2.792 2.688 2.555 2.391 2.220 2.097 1.980 1.870 1.767 1.670 1.580 1.496 1.419 1.348 1.284 1.227 1.230 1.349 1.455 1.549 1.629 1.696 1.751 1.793 1.822 1.838 1.841 1.831 1.922 2.231 2.533 2.831 3.122 3.408 3.689 3.964 4.233 4.497 4.755 5.007 5.304 5.661 6.011 6.354 6.690 7.018 7.340 7.655 7.962 8.262 8.556 8.842
7.042 7.109 6.906 6.682 6.438 6.174 5.888 5.583 5.256 4.909 4.541 4.153 3.744 3.362 3.392 3.392 3.363 3.304 3.215 3.096 2.948 2.770 2.563 2.326 2.059 1.789 1.689 1.596 1.509 1.428 1.354 1.287 1.226 1.172 1.125 1.084 1.049 1.039 1.113 1.175 1.223 1.258 1.281 1.291 1.288 1.272 1.243 1.201 1.147 1.151 1.440 1.724 2.002 2.274 2.639 3.044 3.412 3.743 4.037 4.295 4.516 4.739 5.072 5.397 5.716 6.027 6.331 6.629 6.919 7.202 7.478 7.747 8.009
8.566 8.838 8.613 8.317 8.001 7.664 7.306 6.928 6.529 6.110 5.670 5.209 4.728 4.226 4.129 4.025 3.892 3.729 3.536 3.314 3.062 2.780 2.469 2.128 1.758 1.358 1.275 1.205 1.141 1.083 1.033 0.988 0.951 0.919 0.895 0.877 0.865 0.861 0.891 0.907 0.911 0.901 0.879 0.844 0.796 0.736 0.662 0.752 0.902 1.053 1.513 1.937 2.323 2.674 2.987 3.264 3.505 3.708 3.875 4.006 4.099 4.181 4.490 4.791 5.085 5.372 5.652 5.925 6.191 6.449 6.701 6.946 7.183
