DATA/SHG/ECMWF/20170628/EN-39/20170706.en-39.asc
ncols        190
nrows        64
xllcorner    -5100000.000000000000
yllcorner    4130000.000000000000
cellsize     10000.000000000000
NODATA_value  -99999.000
[rows 0 to 32 of 64, columns 74 to 147 of 190]
2.738 2.739 2.738 2.735 2.729 2.721 2.710 2.673 2.670 2.706 2.727 2.732 2.723 2.698 2.658 2.602 2.532 2.446 2.345 2.291 2.421 2.533 2.636 2.731 2.816 2.893 2.960 3.019 3.069 3.111 3.143 3.245 3.592 3.931 4.262 4.585 4.899 5.205 5.503 5.793 6.075 6.348 6.613 6.903 7.278 7.630 7.960 8.268 8.553 8.815 9.055 9.273 9.468 9.641 9.792 9.777 9.339 8.912 8.495 8.088 7.692 7.305 6.929 6.563 6.207 5.862 5.526 5.478 6.239 7.044 7.893 8.786 9.723 10.704
3.046 3.174 3.330 3.476 3.612 3.738 3.853 3.942 3.940 3.922 3.889 3.841 3.778 3.700 3.606 3.497 3.374 3.235 3.080 2.941 3.032 3.104 3.167 3.222 3.268 3.305 3.333 3.352 3.363 3.365 3.357 3.380 3.690 3.993 4.287 4.573 4.851 5.120 5.382 5.635 5.880 6.117 6.345 6.575 6.849 7.101 7.331 7.539 7.724 7.886 8.027 8.145 8.240 8.313 8.364 8.334 7.942 7.561 7.189 6.828 6.477 6.136 5.806 5.485 5.175 4.875 4.585 4.489 5.447 6.448 7.494 8.583 9.717 10.894
4.583 4.713 4.834 4.944 5.044 5.133 5.213 5.277 5.221 5.150 5.064 4.962 4.846 4.714 4.567 4.405 4.228 4.036 3.828 3.605 3.651 3.684 3.707 3.723 3.729 3.726 3.715 3.695 3.666 3.628 3.581 3.526 3.797 4.063 4.321 4.570 4.811 5.044 5.269 5.486 5.694 5.894 6.086 6.270 6.445 6.597 6.727 6.835 6.920 6.983 7.023 7.041 7.037 7.010 6.961 6.883 6.537 6.201 5.875 5.559 5.254 4.959 4.674 4.399 4.134 3.880 3.636 3.585 4.951 6.291 7.605 8.893 10.155 11.390
6.166 6.260 6.344 6.418 6.482 6.536 6.579 6.613 6.514 6.390 6.250 6.095 5.926 5.741 5.541 5.325 5.095 4.849 4.588 4.313 4.279 4.272 4.257 4.232 4.199 4.157 4.106 4.046 3.978 3.901 3.815 3.720 3.913 4.142 4.363 4.576 4.781 4.977 5.165 5.345 5.517 5.681 5.836 5.984 6.065 6.117 6.147 6.155 6.141 6.104 6.044 5.963 5.859 5.732 5.584 5.413 5.123 4.833 4.660 4.609 4.580 4.573 4.589 4.627 4.688 4.771 4.877 5.005 6.177 7.401 8.599 9.772 10.918 12.038
7.756 7.814 7.863 7.901 7.928 7.946 7.953 7.951 7.819 7.642 7.449 7.241 7.018 6.780 6.526 6.258 5.974 5.675 5.361 5.032 4.917 4.870 4.815 4.751 4.678 4.597 4.507 4.407 4.299 4.183 4.057 3.923 4.038 4.230 4.415 4.591 4.759 4.919 5.070 5.214 5.349 5.476 5.595 5.706 5.709 5.662 5.592 5.500 5.386 5.320 5.304 5.287 5.268 5.248 5.225 5.201 5.183 5.187 5.213 5.261 5.332 5.425 5.541 5.679 5.840 6.023 6.228 6.456 7.427 8.535 9.618 10.675 11.705 12.710
9.353 9.376 9.388 9.390 9.382 9.364 9.335 9.296 9.137 8.906 8.660 8.399 8.122 7.831 7.524 7.203 6.866 6.514 6.147 5.765 5.563 5.477 5.383 5.279 5.167 5.046 4.916 4.778 4.630 4.474 4.309 4.136 4.171 4.327 4.475 4.615 4.746 4.869 4.985 5.092 5.250 5.426 5.574 5.694 5.720 5.706 5.689 5.671 5.651 5.630 5.607 5.582 5.555 5.527 5.497 5.465 5.512 5.616 5.742 5.890 6.061 6.254 6.469 6.707 6.967 7.250 7.555 7.882 8.701 9.694 10.661 11.602 12.517 13.406
10.958 10.944 10.921 10.887 10.843 10.788 10.724 10.649 10.466 10.182 9.883 9.569 9.239 8.895 8.535 8.160 7.770 7.365 6.945 6.510 6.219 6.093 5.959 5.816 5.665 5.504 5.335 5.157 4.971 4.775 4.571 4.471 4.609 4.882 5.127 5.345 5.535 5.698 5.833 5.940 6.020 6.072 6.096 6.093 6.070 6.048 6.024 5.998 5.971 5.942 5.911 5.878 5.844 5.808 5.770 5.730 5.818 6.021 6.247 6.495 6.765 7.058 7.373 7.710 8.070 8.452 8.857 9.284 9.998 10.876 11.728 12.553 13.353 14.127
12.570 12.520 12.461 12.391 12.311 12.221 12.120 12.010 11.808 11.471 11.118 10.751 10.368 9.971 9.558 9.130 8.687 8.229 7.756 7.267 6.883 6.718 6.535 6.373 6.244 6.148 6.084 6.053 6.054 6.088 6.154 6.253 6.395 6.544 6.666 6.761 6.827 6.866 6.878 6.861 6.818 6.746 6.647 6.520 6.422 6.392 6.360 6.326 6.291 6.254 6.216 6.175 6.133 6.090 6.044 5.997 6.100 6.403 6.728 7.076 7.446 7.838 8.253 8.690 9.149 9.631 10.135 10.661 11.320 12.082 12.819 13.529 14.213 14.872
14.189 14.103 14.008 13.902 13.786 13.660 13.524 13.378 13.162 12.771 12.366 11.945 11.510 11.059 10.558 9.924 9.307 8.706 8.122 7.554 7.102 7.020 6.972 6.955 6.972 7.021 7.102 7.216 7.362 7.541 7.753 7.997 8.209 8.235 8.233 8.204 8.147 8.063 7.951 7.811 7.644 7.449 7.227 6.977 6.774 6.737 6.697 6.656 6.613 6.569 6.522 6.474 6.425 6.373 6.320 6.265 6.359 6.762 7.186 7.633 8.103 8.594 9.109 9.645 10.204 10.785 11.388 12.014 12.666 13.312 13.934 14.529 15.098 15.641
15.815 15.694 15.562 15.421 15.269 15.107 14.935 14.662 14.173 13.498 12.840 12.198 11.572 10.963 10.371 9.794 9.235 8.691 8.164 7.654 7.211 7.275 7.372 7.500 7.662 7.856 8.082 8.341 8.633 8.957 9.314 9.703 10.051 9.953 9.828 9.676 9.495 9.288 9.052 8.789 8.499 8.181 7.835 7.462 7.128 7.083 7.036 6.987 6.937 6.884 6.830 6.775 6.717 6.658 6.597 6.535 6.594 7.096 7.621 8.167 8.736 9.327 9.940 10.576 11.234 11.915 12.617 13.342 14.035 14.567 15.073 15.553 16.007 16.435
17.267 16.725 16.208 15.716 15.249 14.807 14.390 13.998 13.628 13.010 12.409 11.824 11.256 10.704 10.169 9.650 9.147 8.661 8.192 7.738 7.299 7.493 7.734 8.008 8.315 8.654 9.025 9.429 9.866 10.335 10.836 11.370 11.920 11.699 11.451 11.175 10.872 10.541 10.182 9.796 9.383 8.941 8.473 7.976 7.484 7.431 7.376 7.319 7.261 7.201 7.140 7.076 7.011 6.944 6.876 6.806 6.806 7.408 8.031 8.677 9.345 10.036 10.748 11.483 12.241 13.020 13.822 14.647 15.428 15.845 16.235 16.601 16.940 17.253
15.971 15.516 15.087 14.682 14.302 13.948 13.618 13.313 13.033 12.508 11.964 11.437 10.926 10.431 9.953 9.491 9.046 8.617 8.204 7.808 7.426 7.673 8.060 8.479 8.930 9.414 9.930 10.479 11.061 11.674 12.320 12.999 13.710 13.473 13.102 12.703 12.276 11.822 11.340 10.831 10.295 9.730 9.139 8.519 7.872 7.780 7.717 7.653 7.587 7.520 7.450 7.379 7.307 7.232 7.156 7.078 6.999 7.695 8.418 9.163 9.931 10.721 11.533 12.367 13.223 14.102 15.003 15.950 16.903 17.326 17.790 18.295 18.840 19.426
14.653 14.286 13.943 13.626 13.334 13.066 12.823 12.606 12.413 11.991 11.505 11.035 10.581 10.143 9.722 9.318 8.929 8.558 8.202 7.863 7.538 7.817 8.348 8.912 9.508 10.137 10.798 11.492 12.218 12.976 13.767 14.590 15.446 15.275 14.780 14.258 13.709 13.132 12.527 11.895 11.235 10.548 9.833 9.091 8.321 8.130 8.060 7.988 7.915 7.839 7.762 7.684 7.603 7.521 7.437 7.352 7.265 7.960 8.863 9.861 10.854 11.842 12.826 13.805 14.780 15.751 16.717 17.679 18.636 19.265 19.909 20.594 21.319 22.085
13.314 13.034 12.779 12.548 12.343 12.163 12.007 11.876 11.771 11.461 11.031 10.618 10.222 9.841 9.477 9.130 8.799 8.484 8.186 7.904 7.636 7.923 8.600 9.308 10.049 10.822 11.628 12.466 13.337 14.240 15.175 16.143 17.143 17.104 16.487 15.842 15.169 14.469 13.742 12.987 12.204 11.394 10.557 9.692 8.799 8.482 8.404 8.325 8.243 8.231 8.301 8.385 8.482 8.592 8.714 8.850 8.998 9.790 10.772 11.749 12.722 13.691 14.655 15.615 16.570 17.521 18.467 19.409 20.346 21.160 21.984 22.849 23.755 24.701
11.953 11.761 11.592 11.449 11.331 11.237 11.169 11.125 11.106 10.916 10.544 10.188 9.848 9.525 9.218 8.927 8.653 8.396 8.154 7.929 7.719 7.993 8.814 9.667 10.553 11.471 12.421 13.404 14.419 15.466 16.546 17.658 18.802 18.962 18.221 17.453 16.658 15.835 14.985 14.107 13.180 12.258 11.376 10.537 9.738 9.464 9.541 9.630 9.732 9.847 9.976 10.117 10.271 10.438 10.617 10.810 11.016 11.720 12.682 13.640 14.593 15.542 16.486 17.426 18.361 19.292 20.219 21.141 22.059 23.012 24.017 25.062 26.147 27.273
10.572 10.466 10.385 10.328 10.297 10.291 10.309 10.352 10.420 10.357 10.041 9.743 9.460 9.194 8.944 8.711 8.494 8.293 8.108 7.940 7.788 8.026 8.992 9.989 11.019 12.082 13.176 14.303 15.463 16.654 17.878 18.995 19.984 20.121 19.093 18.106 17.160 16.256 15.393 14.571 13.791 13.052 12.354 11.698 11.083 10.836 10.970 11.116 11.276 11.448 11.634 11.832 12.043 12.268 12.505 12.755 13.018 13.652 14.594 15.532 16.465 17.394 18.319 19.239 20.155 21.066 21.973 22.875 23.773 24.822 26.006 27.231 28.496 29.802
9.168 9.149 9.155 9.186 9.242 9.322 9.427 9.557 9.712 9.783 9.525 9.283 9.058 8.849 8.656 8.479 8.319 8.175 8.048 7.937 7.841 8.023 9.103 10.158 11.198 12.224 13.236 14.234 15.217 16.186 17.141 18.082 19.008 19.401 18.557 17.753 16.991 16.271 15.591 14.953 14.357 13.801 13.287 12.814 12.382 12.192 12.383 12.587 12.804 13.033 13.276 13.532 13.800 14.082 14.376 14.683 15.003 15.585 16.508 17.426 18.340 19.249 20.154 21.054 21.950 22.841 23.728 24.611 25.489 26.588 27.952 29.356 30.801 32.287
7.744 7.812 7.904 8.022 8.164 8.332 8.523 8.740 8.982 9.196 8.995 8.810 8.641 8.489 8.350 8.194 8.056 7.938 7.839 7.759 7.702 7.769 8.775 9.766 10.743 11.706 12.655 13.590 14.510 15.416 16.308 17.185 18.048 18.637 17.976 17.357 16.778 16.241 15.745 15.290 14.877 14.505 14.174 13.884 13.636 13.532 13.781 14.042 14.316 14.603 14.903 15.216 15.541 15.880 16.231 16.596 16.973 17.521 18.423 19.322 20.216 21.105 21.990 22.871 23.747 24.619 25.486 26.349 27.207 28.311 29.855 31.439 33.063 34.728
6.298 6.453 6.632 6.837 7.066 7.319 7.598 7.900 8.198 8.483 8.307 8.140 7.993 7.865 7.756 7.666 7.596 7.545 7.514 7.502 7.512 7.541 8.462 9.391 10.305 11.205 12.090 12.962 13.819 14.662 15.491 16.305 17.106 17.829 17.352 16.916 16.520 16.167 15.854 15.583 15.353 15.164 15.016 14.910 14.844 14.857 15.163 15.481 15.812 16.157 16.514 16.883 17.266 17.662 18.071 18.492 18.927 19.458 20.341 21.219 22.094 22.963 23.829 24.689 25.546 26.398 27.245 28.088 28.927 29.992 31.715 33.478 35.282 37.127
4.866 5.209 5.540 5.858 6.163 6.454 6.733 6.998 7.251 7.490 7.426 7.327 7.247 7.186 7.144 7.122 7.119 7.136 7.172 7.227 7.305 7.402 8.166 9.031 9.883 10.719 11.542 12.351 13.145 13.925 14.691 15.442 16.179 16.903 16.683 16.430 16.218 16.048 15.918 15.830 15.783 15.777 15.813 15.889 16.007 16.167 16.529 16.905 17.293 17.695 18.109 18.536 18.976 19.428 19.894 20.373 20.864 21.397 22.260 23.119 23.973 24.823 25.669 26.510 27.347 28.179 29.007 29.830 30.649 31.630 33.532 35.475 37.458 39.482
4.294 4.592 4.878 5.150 5.410 5.656 5.889 6.110 6.317 6.511 6.528 6.497 6.484 6.490 6.516 6.562 6.626 6.710 6.813 6.935 7.081 7.246 7.886 8.688 9.476 10.250 11.010 11.756 12.487 13.204 13.907 14.596 15.270 15.930 15.971 15.901 15.872 15.885 15.938 16.033 16.169 16.346 16.564 16.824 17.125 17.466 17.880 18.313 18.758 19.217 19.688 20.172 20.669 21.179 21.702 22.237 22.786 23.347 24.181 25.020 25.855 26.685 27.511 28.332 29.149 29.962 30.770 31.574 32.242 32.761 34.623 36.611 38.727 40.970
3.735 3.988 4.228 4.456 4.670 4.871 5.059 5.234 5.396 5.545 5.615 5.650 5.704 5.778 5.872 5.984 6.116 6.267 6.437 6.627 6.840 7.073 7.622 8.362 9.087 9.798 10.495 11.177 11.846 12.500 13.140 13.766 14.377 14.975 15.214 15.327 15.481 15.677 15.913 16.191 16.510 16.870 17.271 17.713 18.197 18.721 19.216 19.706 20.208 20.724 21.252 21.793 22.347 22.914 23.493 24.086 24.691 25.310 26.104 26.871 27.530 28.146 28.717 29.244 29.728 30.168 30.564 30.915 31.224 31.488 33.772 36.325 39.004 41.810
3.189 3.397 3.592 3.774 3.943 4.099 4.242 4.372 4.489 4.593 4.684 4.787 4.909 5.050 5.210 5.390 5.589 5.807 6.044 6.301 6.582 6.883 7.374 8.051 8.713 9.361 9.995 10.615 11.221 11.812 12.389 12.952 13.501 14.036 14.414 14.710 15.047 15.425 15.844 16.305 16.806 17.349 17.932 18.557 19.223 19.930 20.536 21.083 21.642 22.215 22.714 23.116 23.567 24.066 24.614 25.209 25.853 26.545 27.138 27.647 28.112 28.532 28.909 29.243 29.532 29.777 29.979 30.136 30.250 30.320 32.796 35.912 39.154 42.523
2.656 2.819 2.969 3.105 3.229 3.340 3.438 3.523 3.594 3.653 3.737 3.907 4.096 4.305 4.532 4.779 5.045 5.330 5.635 5.959 6.307 6.676 7.143 7.756 8.356 8.941 9.512 10.069 10.612 11.141 11.655 12.156 12.642 13.114 13.569 14.048 14.568 15.129 15.730 16.373 17.058 17.732 18.313 18.859 19.371 19.848 20.266 20.690 21.162 21.682 22.251 22.867 23.532 24.245 25.006 25.816 26.674 27.579 28.152 28.466 28.737 28.963 29.146 29.285 29.380 29.431 29.439 29.402 29.322 29.198 31.695 35.374 39.178 43.110
2.136 2.253 2.358 2.450 2.528 2.594 2.647 2.687 2.713 2.727 2.774 3.011 3.267 3.543 3.837 4.151 4.485 4.837 5.209 5.600 6.015 6.452 6.927 7.478 8.015 8.537 9.046 9.540 10.020 10.486 10.938 11.375 11.848 12.402 13.006 13.675 14.310 14.911 15.477 16.009 16.506 16.968 17.396 17.790 18.148 18.473 18.897 19.535 20.221 20.955 21.737 22.568 23.447 24.374 25.349 26.372 27.443 28.562 29.209 29.329 29.406 29.438 29.427 29.371 29.272 29.130 28.943 28.713 28.439 28.121 30.469 34.710 39.077 43.571
1.628 1.701 1.760 1.807 1.841 1.861 1.869 1.864 1.845 1.814 1.794 2.098 2.422 2.764 3.126 3.507 3.907 4.327 4.766 5.223 5.706 6.211 6.728 7.226 7.740 8.264 8.796 9.336 9.886 10.444 11.011 11.586 12.170 12.763 13.351 13.868 14.350 14.797 15.210 15.589 15.933 16.243 16.518 16.758 16.964 17.136 17.479 18.331 19.230 20.178 21.175 22.219 23.311 24.451 25.640 26.877 28.161 29.494 30.310 30.236 30.118 29.957 29.751 29.502 29.209 28.873 28.492 28.068 27.600 27.089 29.118 33.921 38.849 43.905
1.134 1.161 1.176 1.177 1.166 1.141 1.104 1.054 0.990 0.914 0.825 1.169 1.560 1.969 2.398 2.866 3.459 4.033 4.590 5.129 5.650 6.155 6.646 7.190 7.743 8.305 8.876 9.455 10.043 10.640 11.245 11.859 12.482 13.113 13.733 14.097 14.426 14.721 14.981 15.207 15.398 15.555 15.677 15.765 15.819 15.838 16.012 17.077 18.190 19.352 20.562 21.819 23.125 24.479 25.881 27.331 28.829 30.375 31.454 31.186 30.875 30.519 30.120 29.677 29.190 28.660 28.086 27.468 26.807 26.101 27.642 33.006 38.496 44.113
0.652 0.634 0.604 0.560 0.504 0.434 0.352 0.257 0.193 0.298 0.415 0.942 1.544 2.129 2.695 3.243 3.774 4.286 4.780 5.257 5.714 6.157 6.585 7.144 7.736 8.337 8.946 9.564 10.191 10.826 11.470 12.123 12.784 13.454 14.132 14.364 14.540 14.682 14.789 14.862 14.901 14.905 14.875 14.810 14.711 14.577 14.495 15.774 17.101 18.476 19.899 21.370 22.889 24.456 26.072 27.735 29.446 31.206 32.642 32.180 31.675 31.125 30.533 29.896 29.216 28.492 27.724 26.913 26.058 25.159 26.042 31.967 38.018 44.196
0.183 0.156 0.217 0.291 0.377 0.475 0.586 0.709 0.844 0.992 1.153 1.586 2.125 2.647 3.151 3.637 4.105 4.554 4.986 5.400 5.795 6.174 6.539 7.089 7.719 8.358 9.006 9.663 10.328 11.002 11.685 12.376 13.076 13.784 14.501 14.667 14.691 14.680 14.635 14.556 14.442 14.293 14.110 13.893 13.641 13.355 13.035 14.422 15.962 17.550 19.186 20.871 22.603 24.383 26.212 28.088 30.013 31.985 33.873 33.217 32.518 31.776 30.989 30.159 29.285 28.368 27.407 26.402 25.354 24.262 24.316 30.802 37.414 44.152
0.402 0.494 0.598 0.714 0.843 0.985 1.139 1.305 1.483 1.674 1.878 2.245 2.722 3.181 3.623 4.046 4.451 4.839 5.208 5.559 5.891 6.207 6.509 7.023 7.693 8.370 9.057 9.752 10.456 11.168 11.889 12.619 13.357 14.104 14.860 15.008 14.879 14.716 14.518 14.286 14.020 13.719 13.384 13.014 12.610 12.171 11.699 13.020 14.773 16.575 18.424 20.322 22.267 24.260 26.302 28.391 30.528 32.713 34.947 34.298 33.406 32.470 31.490 30.466 29.399 28.288 27.134 25.936 24.694 23.409 22.430 29.184 35.778 42.212
0.684 0.819 0.966 1.126 1.298 1.482 1.679 1.889 2.110 2.344 2.591 2.920 3.334 3.731 4.110 4.471 4.814 5.139 5.445 5.734 6.004 6.257 6.495 6.948 7.656 8.372 9.097 9.831 10.573 11.324 12.084 12.852 13.629 14.414 15.209 15.386 15.105 14.789 14.439 14.054 13.635 13.182 12.695 12.173 11.616 11.026 10.400 11.569 13.536 15.550 17.612 19.723 21.881 24.087 26.341 28.643 30.993 33.391 35.837 35.422 34.337 33.291 32.317 31.225 30.015 28.688 27.242 25.678 23.997 22.198 20.280 25.808 31.700 37.432
0.954 1.132 1.323 1.525 1.740 1.968 2.208 2.460 2.725 3.002 3.291 3.610 3.962 4.297 4.613 4.911 5.192 5.454 5.699 5.925 6.132 6.322 6.497 6.863 7.610 8.365 9.128 9.900 10.681 11.470 12.269 13.075 13.891 14.715 15.547 15.801 15.367 14.899 14.397 13.860 13.289 12.683 12.043 11.369 10.661 9.918 9.141 10.069 12.248 14.476 16.751 19.074 21.615 24.564 27.489 30.392 33.273 36.131 38.967 38.977 37.717 36.339 34.843 33.229 31.498 29.649 27.681 25.596 23.394 21.073 18.634 22.593 27.783 32.813
1.213 1.434 1.667 1.913 2.171 2.441 2.724 3.019 3.327 3.647 3.979 4.316 4.606 4.878 5.132 5.368 5.586 5.786 5.968 6.132 6.276 6.403 6.515 6.769 7.554 8.347 9.149 9.960 10.779 11.607 12.443 13.288 14.142 15.005 15.876 16.252 15.667 15.046 14.392 13.703 12.979 12.222 11.430 10.784 10.643 10.513 10.394 11.735 14.696 17.635 20.552 23.445 26.317 29.166 31.992 34.796 37.577 40.336 43.072 43.184 41.402 39.503 37.485 35.350 33.098 30.727 28.239 25.633 22.909 20.067 17.108 19.539 24.027 28.356
