DATA/SHG/ECMWF/20170628/EN-39/20170701.en-39.asc
ncols        190
nrows        64
xllcorner    -5100000.000000000000
yllcorner    4130000.000000000000
cellsize     10000.000000000000
NODATA_value  -99999.000
[rows 0 to 32 of 64, columns 0 to 73 of 190]
2.859 2.889 2.910 2.921 2.924 2.918 2.903 2.878 2.845 2.799 2.759 2.728 2.706 2.692 2.688 2.693 2.706 2.729 2.760 2.815 2.871 2.784 2.633 2.483 2.335 2.189 2.044 1.901 1.760 1.620 1.483 1.346 1.212 1.218 1.310 1.397 1.480 1.559 1.633 1.702 1.767 1.828 1.884 1.935 1.982 1.935 1.810 1.688 1.570 1.456 1.346 1.240 1.137 1.038 0.943 0.851 0.764 0.683 0.610 0.540 0.474 0.412 0.353 0.299 0.248 0.200 0.157 0.117 0.081 0.058 0.050 0.042 0.036 0.029
2.419 2.417 2.406 2.385 2.356 2.318 2.271 2.214 2.149 2.111 2.103 2.104 2.178 2.251 2.319 2.382 2.441 2.495 2.545 2.590 2.630 2.568 2.423 2.279 2.137 1.997 1.858 1.721 1.586 1.452 1.320 1.190 1.061 1.030 1.106 1.178 1.245 1.308 1.366 1.420 1.470 1.515 1.555 1.591 1.622 1.594 1.482 1.374 1.269 1.169 1.072 0.979 0.889 0.803 0.721 0.643 0.569 0.500 0.440 0.383 0.331 0.281 0.236 0.195 0.157 0.123 0.092 0.066 0.043 0.027 0.021 0.016 0.011 0.008
1.989 1.955 1.912 1.860 1.814 1.823 1.831 1.836 1.840 1.875 1.945 2.010 2.071 2.127 2.179 2.226 2.269 2.307 2.340 2.369 2.394 2.351 2.212 2.074 1.938 1.804 1.671 1.540 1.410 1.283 1.157 1.032 0.910 0.848 0.908 0.964 1.016 1.063 1.105 1.144 1.177 1.206 1.231 1.251 1.267 1.250 1.152 1.057 0.965 0.878 0.794 0.714 0.638 0.565 0.496 0.431 0.370 0.314 0.267 0.223 0.184 0.148 0.116 0.087 0.063 0.042 0.024 0.011 0.010 0.011 0.016 0.020 0.024 0.029
1.779 1.790 1.798 1.805 1.809 1.812 1.812 1.811 1.807 1.821 1.875 1.924 1.969 2.009 2.045 2.076 2.102 2.124 2.142 2.154 2.163 2.133 2.000 1.868 1.737 1.609 1.482 1.357 1.233 1.112 0.992 0.873 0.756 0.670 0.715 0.755 0.791 0.822 0.849 0.872 0.890 0.903 0.912 0.917 0.917 0.903 0.818 0.736 0.658 0.584 0.513 0.446 0.383 0.324 0.268 0.216 0.168 0.124 0.090 0.060 0.035 0.033 0.031 0.030 0.029 0.030 0.031 0.033 0.036 0.039 0.044 0.049 0.054 0.059
1.806 1.810 1.811 1.810 1.808 1.803 1.796 1.787 1.776 1.772 1.810 1.843 1.872 1.896 1.915 1.930 1.941 1.947 1.948 1.944 1.937 1.913 1.786 1.660 1.535 1.413 1.292 1.173 1.055 0.939 0.825 0.712 0.602 0.497 0.526 0.551 0.571 0.587 0.598 0.605 0.607 0.605 0.598 0.587 0.572 0.551 0.481 0.412 0.347 0.286 0.229 0.175 0.125 0.087 0.076 0.065 0.054 0.044 0.041 0.039 0.039 0.039 0.039 0.041 0.043 0.047 0.051 0.055 0.061 0.067 0.072 0.078 0.083 0.089
1.835 1.831 1.826 1.818 1.808 1.796 1.782 1.766 1.748 1.728 1.750 1.767 1.780 1.788 1.791 1.790 1.784 1.774 1.759 1.740 1.716 1.687 1.570 1.450 1.332 1.215 1.100 0.987 0.875 0.765 0.657 0.550 0.445 0.342 0.343 0.352 0.356 0.356 0.352 0.343 0.329 0.312 0.289 0.263 0.231 0.196 0.158 0.146 0.134 0.122 0.111 0.100 0.089 0.078 0.068 0.058 0.049 0.039 0.038 0.039 0.041 0.044 0.047 0.052 0.057 0.063 0.069 0.077 0.085 0.094 0.100 0.106 0.113 0.119
1.866 1.855 1.842 1.827 1.810 1.791 1.770 1.747 1.722 1.695 1.695 1.696 1.693 1.684 1.672 1.655 1.633 1.607 1.576 1.540 1.500 1.456 1.354 1.240 1.127 1.016 0.907 0.800 0.694 0.590 0.488 0.387 0.288 0.190 0.164 0.157 0.146 0.130 0.110 0.107 0.117 0.126 0.134 0.140 0.145 0.149 0.142 0.131 0.120 0.109 0.099 0.089 0.079 0.070 0.061 0.052 0.043 0.035 0.034 0.038 0.043 0.048 0.055 0.062 0.069 0.078 0.087 0.097 0.108 0.120 0.128 0.135 0.142 0.149
1.900 1.882 1.862 1.839 1.815 1.789 1.761 1.730 1.698 1.663 1.645 1.630 1.611 1.586 1.558 1.524 1.487 1.444 1.397 1.346 1.290 1.229 1.136 1.027 0.921 0.816 0.713 0.611 0.511 0.413 0.317 0.222 0.150 0.086 0.069 0.081 0.092 0.101 0.110 0.117 0.122 0.127 0.130 0.132 0.133 0.132 0.125 0.115 0.105 0.096 0.087 0.078 0.069 0.061 0.053 0.045 0.037 0.030 0.030 0.037 0.044 0.052 0.061 0.071 0.081 0.092 0.104 0.117 0.131 0.145 0.156 0.163 0.171 0.178
1.936 1.910 1.883 1.854 1.822 1.789 1.753 1.716 1.676 1.635 1.600 1.569 1.533 1.493 1.449 1.399 1.345 1.287 1.224 1.157 1.085 1.008 0.916 0.814 0.713 0.645 0.580 0.515 0.451 0.387 0.323 0.259 0.195 0.132 0.102 0.110 0.116 0.121 0.125 0.128 0.129 0.129 0.128 0.125 0.121 0.116 0.109 0.099 0.091 0.082 0.074 0.066 0.059 0.051 0.044 0.038 0.031 0.025 0.025 0.034 0.044 0.055 0.067 0.079 0.092 0.106 0.121 0.136 0.152 0.169 0.184 0.191 0.199 0.207
1.973 1.941 1.906 1.870 1.831 1.791 1.748 1.703 1.657 1.608 1.560 1.513 1.462 1.405 1.345 1.279 1.209 1.138 1.085 1.033 0.982 0.932 0.878 0.813 0.748 0.683 0.619 0.555 0.492 0.429 0.366 0.303 0.240 0.178 0.137 0.140 0.142 0.143 0.142 0.140 0.137 0.132 0.127 0.120 0.111 0.101 0.091 0.083 0.076 0.068 0.061 0.054 0.048 0.042 0.036 0.030 0.025 0.020 0.019 0.031 0.044 0.057 0.072 0.087 0.102 0.119 0.136 0.154 0.173 0.193 0.211 0.219 0.228 0.236
2.014 1.974 1.932 1.888 1.843 1.795 1.745 1.693 1.640 1.584 1.526 1.469 1.414 1.359 1.305 1.253 1.201 1.151 1.102 1.054 1.007 0.961 0.912 0.848 0.785 0.721 0.658 0.595 0.533 0.470 0.408 0.346 0.285 0.224 0.174 0.172 0.170 0.166 0.160 0.154 0.146 0.137 0.127 0.115 0.102 0.088 0.074 0.067 0.060 0.054 0.048 0.042 0.037 0.032 0.027 0.023 0.018 0.014 0.013 0.027 0.043 0.059 0.076 0.094 0.112 0.131 0.151 0.172 0.194 0.216 0.238 0.247 0.256 0.265
2.056 2.009 1.960 1.909 1.856 1.802 1.747 1.690 1.631 1.572 1.511 1.458 1.406 1.356 1.306 1.257 1.210 1.163 1.118 1.074 1.031 0.989 0.947 0.884 0.821 0.759 0.696 0.635 0.573 0.512 0.451 0.390 0.329 0.269 0.211 0.205 0.198 0.190 0.180 0.169 0.157 0.143 0.128 0.112 0.095 0.076 0.056 0.050 0.045 0.040 0.035 0.030 0.026 0.022 0.018 0.014 0.011 0.009 0.006 0.023 0.041 0.060 0.079 0.100 0.121 0.143 0.165 0.206 0.262 0.321 0.384 0.453 0.533 0.626
2.095 2.041 1.986 1.930 1.872 1.813 1.752 1.690 1.627 1.562 1.496 1.446 1.398 1.351 1.305 1.261 1.217 1.175 1.133 1.093 1.054 1.016 0.979 0.919 0.857 0.796 0.734 0.674 0.613 0.553 0.493 0.433 0.373 0.314 0.255 0.239 0.228 0.215 0.201 0.185 0.168 0.150 0.131 0.111 0.089 0.066 0.041 0.033 0.029 0.025 0.021 0.017 0.014 0.011 0.009 0.006 0.004 0.002 0.001 0.017 0.053 0.097 0.144 0.195 0.249 0.307 0.368 0.432 0.500 0.571 0.645 0.749 0.870 1.004
2.132 2.073 2.014 1.952 1.889 1.825 1.760 1.693 1.624 1.554 1.483 1.432 1.388 1.345 1.303 1.263 1.223 1.184 1.147 1.111 1.075 1.041 1.008 0.954 0.893 0.832 0.772 0.712 0.653 0.593 0.534 0.475 0.417 0.359 0.301 0.275 0.259 0.241 0.223 0.203 0.181 0.159 0.135 0.110 0.084 0.056 0.027 0.016 0.013 0.010 0.007 0.004 0.002 0.017 0.034 0.051 0.068 0.085 0.102 0.141 0.194 0.250 0.309 0.372 0.437 0.507 0.579 0.655 0.734 0.817 0.902 1.033 1.196 1.370
2.171 2.107 2.042 1.976 1.908 1.839 1.768 1.696 1.623 1.548 1.471 1.418 1.378 1.338 1.300 1.264 1.228 1.193 1.160 1.127 1.096 1.065 1.036 0.988 0.928 0.869 0.810 0.751 0.692 0.634 0.576 0.518 0.460 0.403 0.346 0.312 0.291 0.269 0.246 0.222 0.196 0.169 0.141 0.111 0.080 0.048 0.035 0.040 0.057 0.075 0.092 0.110 0.127 0.144 0.161 0.177 0.194 0.210 0.227 0.268 0.332 0.400 0.470 0.544 0.622 0.703 0.787 0.874 0.965 1.059 1.156 1.306 1.510 1.725
2.211 2.143 2.073 2.001 1.929 1.854 1.779 1.702 1.623 1.543 1.462 1.402 1.366 1.330 1.296 1.263 1.231 1.201 1.171 1.142 1.115 1.089 1.063 1.022 0.963 0.905 0.847 0.789 0.731 0.674 0.617 0.560 0.503 0.447 0.391 0.350 0.325 0.298 0.273 0.262 0.250 0.238 0.226 0.213 0.199 0.185 0.170 0.170 0.187 0.204 0.221 0.237 0.254 0.271 0.287 0.303 0.320 0.336 0.351 0.391 0.467 0.546 0.628 0.714 0.803 0.895 0.991 1.090 1.192 1.298 1.407 1.567 1.812 2.069
2.254 2.180 2.105 2.028 1.951 1.871 1.790 1.708 1.625 1.540 1.453 1.385 1.353 1.321 1.291 1.262 1.234 1.207 1.181 1.156 1.133 1.110 1.089 1.056 0.998 0.941 0.883 0.826 0.770 0.713 0.657 0.603 0.558 0.517 0.482 0.458 0.447 0.435 0.423 0.410 0.396 0.382 0.368 0.353 0.338 0.322 0.306 0.299 0.316 0.333 0.349 0.365 0.382 0.398 0.414 0.429 0.445 0.461 0.476 0.511 0.598 0.689 0.783 0.880 0.980 1.084 1.192 1.302 1.416 1.533 1.654 1.817 2.103 2.400
2.297 2.218 2.138 2.057 1.974 1.890 1.804 1.717 1.628 1.538 1.447 1.367 1.338 1.311 1.285 1.259 1.235 1.212 1.190 1.169 1.150 1.131 1.113 1.089 1.027 0.962 0.903 0.849 0.801 0.758 0.720 0.688 0.661 0.640 0.624 0.613 0.600 0.586 0.572 0.558 0.543 0.527 0.511 0.494 0.477 0.460 0.442 0.429 0.445 0.461 0.477 0.493 0.509 0.524 0.540 0.555 0.570 0.586 0.600 0.627 0.726 0.828 0.933 1.042 1.155 1.270 1.389 1.511 1.637 1.765 1.897 2.055 2.382 2.720
2.342 2.259 2.173 2.087 1.999 1.910 1.819 1.727 1.633 1.538 1.442 1.348 1.323 1.299 1.277 1.256 1.235 1.207 1.173 1.142 1.111 1.081 1.053 1.024 0.973 0.927 0.887 0.852 0.823 0.799 0.780 0.767 0.760 0.757 0.760 0.768 0.753 0.738 0.722 0.706 0.689 0.672 0.654 0.636 0.617 0.598 0.578 0.559 0.574 0.590 0.605 0.621 0.636 0.651 0.666 0.681 0.696 0.710 0.725 0.739 0.850 0.964 1.081 1.201 1.325 1.452 1.583 1.716 1.853 1.994 2.137 2.284 2.650 3.029
2.389 2.300 2.210 2.119 2.026 1.931 1.835 1.738 1.640 1.540 1.424 1.308 1.264 1.229 1.196 1.163 1.132 1.102 1.073 1.045 1.018 0.992 0.968 0.944 0.914 0.887 0.866 0.850 0.839 0.834 0.835 0.841 0.852 0.869 0.891 0.918 0.907 0.890 0.872 0.854 0.836 0.817 0.797 0.777 0.757 0.736 0.715 0.693 0.703 0.719 0.734 0.749 0.763 0.778 0.792 0.807 0.821 0.835 0.849 0.863 0.971 1.096 1.225 1.357 1.492 1.631 1.773 1.918 2.067 2.219 2.374 2.532 2.906 3.326
2.437 2.343 2.248 2.120 1.995 1.872 1.752 1.634 1.519 1.407 1.296 1.189 1.139 1.108 1.079 1.050 1.023 0.996 0.971 0.947 0.924 0.903 0.882 0.863 0.849 0.841 0.839 0.842 0.850 0.864 0.884 0.908 0.939 0.974 1.015 1.062 1.061 1.042 1.023 1.003 0.983 0.962 0.941 0.919 0.897 0.875 0.851 0.828 0.832 0.847 0.862 0.876 0.890 0.905 0.919 0.933 0.946 0.960 0.974 0.987 1.089 1.225 1.366 1.509 1.656 1.806 1.960 2.116 2.270 2.422 2.571 2.716 3.047 3.447
2.292 2.168 2.047 1.928 1.811 1.697 1.586 1.477 1.371 1.267 1.166 1.068 1.013 0.986 0.960 0.936 0.912 0.890 0.869 0.849 0.830 0.812 0.795 0.780 0.778 0.789 0.806 0.828 0.856 0.888 0.927 0.971 1.020 1.074 1.134 1.200 1.215 1.195 1.174 1.152 1.130 1.108 1.085 1.062 1.038 1.013 0.989 0.963 0.961 0.976 0.990 1.004 1.018 1.031 1.045 1.058 1.072 1.085 1.098 1.111 1.213 1.377 1.539 1.697 1.853 2.006 2.156 2.303 2.448 2.589 2.728 2.864 3.154 3.550
2.070 1.955 1.842 1.732 1.625 1.520 1.418 1.318 1.221 1.126 1.034 0.944 0.885 0.862 0.841 0.820 0.801 0.782 0.765 0.749 0.734 0.720 0.707 0.696 0.702 0.732 0.768 0.809 0.855 0.907 0.964 1.027 1.095 1.168 1.247 1.332 1.370 1.348 1.325 1.302 1.278 1.254 1.229 1.204 1.179 1.153 1.126 1.099 1.090 1.104 1.118 1.131 1.145 1.157 1.175 1.200 1.231 1.270 1.316 1.369 1.472 1.626 1.778 1.926 2.072 2.215 2.355 2.493 2.627 2.759 2.888 3.014 3.262 3.654
1.845 1.739 1.636 1.535 1.436 1.340 1.247 1.156 1.067 0.982 0.898 0.818 0.757 0.738 0.720 0.703 0.688 0.674 0.660 0.648 0.637 0.627 0.618 0.611 0.620 0.669 0.724 0.784 0.849 0.920 0.996 1.078 1.165 1.257 1.355 1.458 1.525 1.501 1.476 1.452 1.426 1.400 1.374 1.347 1.320 1.292 1.251 1.201 1.166 1.173 1.187 1.209 1.237 1.272 1.314 1.363 1.419 1.482 1.552 1.629 1.733 1.877 2.019 2.158 2.294 2.427 2.557 2.685 2.810 2.932 3.051 3.167 3.370 3.759
1.618 1.521 1.426 1.334 1.245 1.158 1.073 0.991 0.912 0.835 0.761 0.689 0.627 0.612 0.599 0.586 0.574 0.564 0.555 0.546 0.539 0.533 0.528 0.525 0.533 0.601 0.674 0.753 0.837 0.927 1.022 1.123 1.228 1.340 1.456 1.578 1.680 1.654 1.628 1.598 1.564 1.525 1.482 1.435 1.383 1.327 1.267 1.203 1.152 1.184 1.222 1.268 1.320 1.380 1.446 1.520 1.600 1.688 1.782 1.883 1.996 2.131 2.263 2.392 2.518 2.641 2.762 2.879 2.994 3.106 3.216 3.322 3.480 3.864
1.387 1.300 1.215 1.132 1.051 0.973 0.897 0.824 0.754 0.686 0.620 0.557 0.497 0.486 0.476 0.467 0.460 0.453 0.448 0.443 0.440 0.438 0.437 0.437 0.440 0.527 0.619 0.717 0.820 0.929 1.043 1.162 1.292 1.425 1.563 1.704 1.845 1.809 1.768 1.723 1.673 1.620 1.562 1.500 1.434 1.363 1.288 1.209 1.131 1.187 1.250 1.320 1.397 1.481 1.571 1.669 1.774 1.886 2.004 2.130 2.262 2.387 2.509 2.628 2.744 2.858 2.968 3.076 3.181 3.283 3.383 3.479 3.590 3.971
1.143 1.077 1.001 0.926 0.855 0.785 0.719 0.655 0.593 0.534 0.477 0.423 0.372 0.358 0.353 0.348 0.344 0.341 0.340 0.339 0.340 0.342 0.345 0.349 0.356 0.459 0.578 0.702 0.830 0.961 1.097 1.236 1.380 1.527 1.679 1.834 1.994 1.967 1.912 1.852 1.787 1.719 1.646 1.570 1.488 1.403 1.314 1.220 1.122 1.184 1.271 1.365 1.466 1.574 1.689 1.811 1.940 2.076 2.219 2.369 2.526 2.645 2.757 2.866 2.973 3.077 3.177 3.275 3.371 3.463 3.553 3.639 3.723 4.078
0.906 0.852 0.784 0.719 0.656 0.595 0.538 0.482 0.430 0.380 0.332 0.287 0.244 0.230 0.228 0.227 0.227 0.235 0.257 0.277 0.296 0.312 0.326 0.339 0.349 0.445 0.579 0.717 0.858 1.004 1.153 1.307 1.464 1.625 1.791 1.960 2.133 2.130 2.059 1.985 1.906 1.822 1.735 1.643 1.547 1.447 1.343 1.234 1.122 1.173 1.285 1.403 1.529 1.661 1.800 1.947 2.100 2.260 2.427 2.602 2.783 2.906 3.008 3.107 3.204 3.298 3.389 3.477 3.562 3.645 3.725 3.802 3.876 4.186
0.678 0.624 0.565 0.508 0.455 0.403 0.354 0.308 0.264 0.223 0.213 0.218 0.200 0.197 0.220 0.241 0.260 0.277 0.293 0.306 0.318 0.327 0.335 0.341 0.344 0.428 0.575 0.727 0.882 1.042 1.205 1.372 1.544 1.719 1.898 2.081 2.268 2.297 2.211 2.122 2.028 1.930 1.828 1.721 1.611 1.496 1.377 1.253 1.126 1.156 1.292 1.434 1.584 1.741 1.904 2.075 2.253 2.437 2.629 2.827 3.032 3.169 3.261 3.351 3.438 3.522 3.603 3.681 3.757 3.829 3.899 3.966 4.031 4.295
0.458 0.393 0.343 0.394 0.484 0.550 0.592 0.609 0.603 0.572 0.517 0.438 0.335 0.268 0.284 0.298 0.311 0.321 0.330 0.337 0.342 0.344 0.345 0.344 0.342 0.406 0.568 0.733 0.902 1.076 1.253 1.434 1.619 1.808 2.001 2.198 2.399 2.468 2.367 2.263 2.154 2.042 1.925 1.803 1.678 1.548 1.414 1.276 1.134 1.132 1.292 1.459 1.633 1.814 2.002 2.196 2.398 2.607 2.822 3.045 3.275 3.434 3.517 3.596 3.673 3.748 3.819 3.888 3.934 3.952 3.976 4.006 4.042 4.238
1.114 1.234 1.288 1.317 1.323 1.304 1.261 1.193 1.102 0.987 0.847 0.683 0.495 0.341 0.350 0.358 0.364 0.368 0.369 0.369 0.368 0.364 0.358 0.350 0.341 0.381 0.556 0.735 0.918 1.105 1.296 1.491 1.690 1.893 2.100 2.311 2.526 2.642 2.528 2.408 2.285 2.158 2.026 1.890 1.750 1.605 1.456 1.304 1.147 1.100 1.285 1.476 1.674 1.879 2.092 2.311 2.537 2.769 3.009 3.256 3.510 3.662 3.659 3.661 3.670 3.685 3.706 3.734 3.767 3.806 3.851 3.903 3.960 4.128
2.190 2.352 2.321 2.266 2.186 2.083 1.955 1.803 1.627 1.427 1.203 0.954 0.682 0.416 0.418 0.419 0.418 0.416 0.411 0.404 0.396 0.385 0.373 0.358 0.342 0.351 0.540 0.733 0.930 1.131 1.336 1.545 1.757 1.974 2.195 2.419 2.648 2.822 2.692 2.558 2.420 2.278 2.131 1.980 1.825 1.666 1.503 1.335 1.163 1.062 1.271 1.486 1.709 1.938 2.192 2.437 2.657 2.849 3.016 3.155 3.269 3.341 3.359 3.383 3.413 3.449 3.492 3.540 3.594 3.655 3.721 3.794 3.872 4.020
3.252 3.466 3.379 3.239 3.075 2.887 2.675 2.438 2.178 1.893 1.584 1.251 0.894 0.513 0.489 0.483 0.475 0.466 0.454 0.441 0.425 0.408 0.389 0.368 0.345 0.320 0.520 0.727 0.937 1.152 1.371 1.594 1.820 2.051 2.285 2.524 2.766 3.005 2.860 2.712 2.559 2.402 2.240 2.075 1.905 1.731 1.553 1.445 1.373 1.327 1.613 1.872 2.105 2.312 2.492 2.645 2.772 2.873 2.947 2.995 3.016 3.015 3.054 3.100 3.151 3.208 3.272 3.341 3.416 3.498 3.586 3.679 3.779 3.912
