DATA/SHG/ECMWF/20170628/EN-39/20170629.en-39.asc
ncols        190
nrows        64
xllcorner    -5100000.000000000000
yllcorner    4130000.000000000000
cellsize     10000.000000000000
NODATA_value  -99999.000
[rows 0 to 32 of 64, columns 0 to 73 of 190]
0.493 0.459 0.426 0.393 0.360 0.327 0.295 0.264 0.232 0.210 0.190 0.170 0.150 0.130 0.109 0.089 0.068 0.047 0.026 0.020 0.019 0.018 0.017 0.016 0.016 0.015 0.014 0.014 0.013 0.012 0.012 0.011 0.011 0.038 0.081 0.123 0.163 0.201 0.237 0.271 0.303 0.334 0.362 0.389 0.414 0.413 0.393 0.374 0.356 0.340 0.325 0.311 0.299 0.288 0.279 0.271 0.264 0.297 0.372 0.444 0.513 0.578 0.640 0.698 0.753 0.805 0.853 0.898 0.940 0.940 0.878 0.819 0.762 0.707
0.344 0.311 0.279 0.247 0.216 0.185 0.154 0.124 0.093 0.069 0.049 0.029 0.028 0.027 0.027 0.026 0.024 0.023 0.021 0.019 0.017 0.016 0.015 0.014 0.014 0.013 0.013 0.012 0.011 0.011 0.010 0.010 0.009 0.027 0.064 0.099 0.132 0.163 0.193 0.220 0.246 0.270 0.292 0.312 0.330 0.334 0.318 0.304 0.291 0.280 0.270 0.261 0.254 0.248 0.244 0.241 0.239 0.260 0.324 0.384 0.440 0.494 0.544 0.590 0.634 0.674 0.710 0.743 0.773 0.780 0.726 0.675 0.626 0.579
0.195 0.164 0.133 0.102 0.076 0.066 0.057 0.048 0.040 0.035 0.035 0.034 0.033 0.032 0.030 0.028 0.026 0.024 0.022 0.019 0.016 0.014 0.013 0.012 0.012 0.011 0.011 0.010 0.010 0.009 0.009 0.008 0.008 0.017 0.048 0.076 0.103 0.128 0.151 0.172 0.191 0.208 0.224 0.237 0.249 0.254 0.243 0.234 0.226 0.219 0.214 0.210 0.208 0.207 0.208 0.210 0.213 0.226 0.278 0.326 0.371 0.413 0.451 0.486 0.518 0.546 0.571 0.592 0.635 0.672 0.655 0.641 0.629 0.620
0.112 0.102 0.093 0.084 0.075 0.067 0.060 0.054 0.048 0.043 0.042 0.040 0.038 0.036 0.034 0.031 0.028 0.025 0.022 0.019 0.015 0.012 0.011 0.010 0.010 0.009 0.009 0.008 0.008 0.007 0.007 0.006 0.006 0.010 0.034 0.056 0.076 0.094 0.111 0.125 0.138 0.148 0.157 0.164 0.169 0.172 0.166 0.162 0.159 0.157 0.157 0.158 0.161 0.165 0.170 0.177 0.185 0.196 0.236 0.273 0.306 0.347 0.389 0.432 0.476 0.521 0.567 0.613 0.661 0.709 0.702 0.697 0.694 0.693
0.103 0.095 0.088 0.081 0.074 0.069 0.063 0.059 0.055 0.051 0.049 0.047 0.044 0.041 0.038 0.034 0.031 0.027 0.023 0.018 0.014 0.010 0.009 0.008 0.008 0.007 0.007 0.007 0.006 0.006 0.005 0.005 0.005 0.005 0.022 0.037 0.051 0.063 0.072 0.080 0.086 0.091 0.093 0.093 0.092 0.089 0.088 0.088 0.090 0.094 0.098 0.105 0.112 0.122 0.137 0.151 0.166 0.180 0.219 0.262 0.305 0.349 0.395 0.441 0.488 0.536 0.585 0.635 0.686 0.738 0.747 0.750 0.756 0.764
0.093 0.087 0.082 0.077 0.073 0.069 0.066 0.063 0.061 0.060 0.057 0.053 0.050 0.046 0.042 0.038 0.033 0.029 0.024 0.019 0.013 0.008 0.007 0.006 0.006 0.006 0.005 0.005 0.004 0.004 0.004 0.003 0.003 0.003 0.012 0.021 0.028 0.033 0.036 0.038 0.037 0.035 0.031 0.025 0.017 0.007 0.013 0.028 0.043 0.058 0.073 0.087 0.102 0.116 0.130 0.144 0.158 0.172 0.210 0.256 0.303 0.350 0.399 0.448 0.499 0.550 0.603 0.656 0.711 0.766 0.789 0.801 0.815 0.833
0.083 0.079 0.076 0.073 0.070 0.069 0.067 0.067 0.067 0.067 0.064 0.060 0.056 0.051 0.046 0.041 0.036 0.031 0.025 0.019 0.013 0.006 0.005 0.004 0.004 0.004 0.003 0.003 0.003 0.002 0.002 0.002 0.001 0.001 0.004 0.006 0.007 0.005 0.002 0.000 0.000 0.000 0.000 0.000 0.000 0.000 0.010 0.025 0.040 0.054 0.068 0.083 0.097 0.110 0.124 0.138 0.151 0.164 0.200 0.249 0.299 0.350 0.402 0.455 0.509 0.564 0.620 0.676 0.734 0.793 0.828 0.849 0.873 0.899
0.072 0.070 0.069 0.068 0.067 0.068 0.069 0.070 0.072 0.075 0.072 0.067 0.062 0.057 0.051 0.045 0.039 0.033 0.026 0.020 0.013 0.006 0.003 0.002 0.002 0.002 0.001 0.001 0.001 0.001 0.000 0.000 0.000 0.000 0.000 0.000 0.000 0.000 0.000 0.000 0.000 0.000 0.000 0.000 0.000 0.000 0.008 0.023 0.037 0.051 0.064 0.078 0.091 0.105 0.118 0.131 0.144 0.157 0.189 0.241 0.295 0.349 0.405 0.461 0.518 0.576 0.635 0.695 0.756 0.818 0.865 0.895 0.927 0.962
0.060 0.060 0.061 0.062 0.064 0.066 0.069 0.073 0.077 0.081 0.080 0.075 0.069 0.062 0.056 0.049 0.043 0.035 0.028 0.021 0.013 0.005 0.001 0.000 0.000 0.000 0.000 0.000 0.000 0.000 0.000 0.000 0.000 0.000 0.000 0.000 0.000 0.000 0.000 0.000 0.000 0.000 0.000 0.000 0.001 0.001 0.006 0.020 0.034 0.047 0.060 0.073 0.086 0.099 0.112 0.125 0.137 0.149 0.177 0.233 0.290 0.347 0.406 0.466 0.526 0.588 0.650 0.714 0.778 0.843 0.900 0.939 0.980 1.023
0.048 0.050 0.053 0.056 0.060 0.064 0.069 0.075 0.081 0.087 0.089 0.082 0.075 0.068 0.061 0.054 0.046 0.038 0.029 0.021 0.013 0.005 0.000 0.000 0.000 0.000 0.000 0.000 0.000 0.000 0.000 0.000 0.000 0.000 0.000 0.000 0.000 0.000 0.000 0.000 0.000 0.000 0.001 0.001 0.001 0.001 0.005 0.018 0.031 0.044 0.056 0.069 0.082 0.094 0.106 0.118 0.130 0.142 0.164 0.223 0.283 0.345 0.407 0.469 0.533 0.598 0.664 0.731 0.798 0.867 0.932 0.980 1.029 1.082
0.035 0.039 0.044 0.049 0.055 0.061 0.068 0.076 0.084 0.092 0.097 0.087 0.078 0.069 0.060 0.051 0.043 0.035 0.027 0.020 0.012 0.005 0.000 0.000 0.000 0.000 0.000 0.000 0.000 0.000 0.000 0.000 0.000 0.000 0.000 0.000 0.000 0.000 0.000 0.000 0.000 0.001 0.001 0.001 0.001 0.001 0.003 0.015 0.028 0.040 0.053 0.065 0.077 0.089 0.100 0.112 0.123 0.135 0.150 0.213 0.276 0.341 0.406 0.472 0.540 0.608 0.677 0.747 0.818 0.890 0.962 1.018 1.077 1.138
0.022 0.028 0.035 0.042 0.049 0.057 0.063 0.070 0.076 0.082 0.087 0.078 0.070 0.061 0.054 0.046 0.039 0.031 0.025 0.018 0.012 0.005 0.000 0.000 0.000 0.000 0.000 0.000 0.000 0.000 0.000 0.000 0.000 0.000 0.000 0.000 0.000 0.000 0.000 0.000 0.001 0.001 0.001 0.001 0.001 0.001 0.001 0.013 0.025 0.037 0.049 0.061 0.072 0.084 0.095 0.106 0.117 0.128 0.138 0.202 0.268 0.336 0.405 0.474 0.545 0.616 0.689 0.765 0.841 0.914 0.982 1.040 1.096 1.153
0.015 0.022 0.029 0.036 0.043 0.049 0.055 0.061 0.066 0.071 0.076 0.069 0.061 0.054 0.047 0.040 0.034 0.028 0.022 0.016 0.011 0.005 0.000 0.000 0.000 0.000 0.000 0.000 0.000 0.000 0.000 0.000 0.000 0.000 0.000 0.000 0.000 0.000 0.000 0.001 0.001 0.001 0.001 0.001 0.001 0.001 0.001 0.012 0.023 0.034 0.046 0.057 0.068 0.079 0.089 0.100 0.110 0.121 0.131 0.189 0.275 0.365 0.450 0.532 0.610 0.684 0.754 0.821 0.883 0.942 0.997 1.053 1.109 1.164
0.012 0.019 0.025 0.031 0.036 0.041 0.047 0.051 0.056 0.060 0.064 0.059 0.053 0.046 0.040 0.035 0.029 0.024 0.019 0.014 0.009 0.005 0.001 0.000 0.000 0.000 0.000 0.000 0.000 0.000 0.000 0.000 0.000 0.000 0.000 0.000 0.000 0.000 0.000 0.001 0.001 0.001 0.001 0.001 0.001 0.002 0.002 0.010 0.021 0.032 0.042 0.053 0.064 0.090 0.121 0.156 0.193 0.233 0.277 0.348 0.427 0.503 0.576 0.644 0.709 0.769 0.826 0.879 0.929 0.974 1.016 1.066 1.121 1.176
0.010 0.015 0.020 0.025 0.030 0.034 0.038 0.042 0.046 0.049 0.053 0.050 0.044 0.039 0.033 0.028 0.024 0.019 0.015 0.011 0.008 0.004 0.001 0.000 0.000 0.000 0.000 0.000 0.000 0.000 0.000 0.000 0.000 0.000 0.000 0.000 0.000 0.000 0.001 0.001 0.001 0.001 0.001 0.001 0.002 0.002 0.010 0.027 0.051 0.079 0.109 0.142 0.178 0.217 0.258 0.303 0.350 0.400 0.454 0.516 0.583 0.646 0.705 0.760 0.811 0.858 0.902 0.942 0.978 1.010 1.038 1.079 1.134 1.188
0.007 0.012 0.016 0.020 0.024 0.028 0.031 0.034 0.037 0.039 0.041 0.040 0.035 0.030 0.026 0.022 0.018 0.015 0.012 0.009 0.006 0.003 0.001 0.000 0.000 0.000 0.000 0.000 0.000 0.000 0.000 0.000 0.000 0.000 0.000 0.000 0.000 0.000 0.001 0.004 0.009 0.016 0.023 0.032 0.043 0.055 0.068 0.091 0.125 0.163 0.203 0.246 0.292 0.341 0.392 0.447 0.504 0.564 0.627 0.689 0.742 0.791 0.837 0.879 0.917 0.951 0.981 1.008 1.030 1.049 1.064 1.093 1.146 1.200
0.005 0.009 0.012 0.016 0.018 0.021 0.023 0.025 0.027 0.029 0.030 0.029 0.026 0.022 0.019 0.015 0.013 0.010 0.008 0.006 0.004 0.002 0.001 0.000 0.000 0.000 0.000 0.000 0.000 0.000 0.000 0.000 0.000 0.000 0.000 0.001 0.005 0.011 0.018 0.026 0.036 0.047 0.060 0.074 0.090 0.107 0.125 0.152 0.196 0.244 0.294 0.347 0.403 0.462 0.523 0.588 0.655 0.725 0.798 0.865 0.905 0.941 0.973 1.001 1.026 1.047 1.064 1.077 1.087 1.092 1.094 1.107 1.159 1.212
0.004 0.006 0.009 0.011 0.013 0.015 0.016 0.017 0.018 0.019 0.019 0.019 0.016 0.013 0.011 0.009 0.007 0.005 0.003 0.002 0.001 0.001 0.000 0.000 0.000 0.000 0.000 0.000 0.000 0.000 0.000 0.000 0.000 0.000 0.000 0.001 0.011 0.021 0.033 0.047 0.061 0.078 0.095 0.115 0.135 0.157 0.181 0.210 0.264 0.322 0.382 0.445 0.511 0.579 0.651 0.726 0.803 0.883 0.966 1.044 1.070 1.093 1.112 1.127 1.139 1.146 1.150 1.150 1.146 1.139 1.127 1.120 1.173 1.224
0.002 0.004 0.006 0.007 0.008 0.009 0.009 0.010 0.010 0.009 0.009 0.008 0.006 0.004 0.003 0.001 0.000 0.000 0.000 0.000 0.000 0.000 0.000 0.000 0.000 0.000 0.000 0.000 0.000 0.000 0.000 0.000 0.000 0.000 0.000 0.000 0.015 0.030 0.047 0.066 0.085 0.107 0.129 0.153 0.179 0.206 0.234 0.265 0.329 0.397 0.467 0.540 0.616 0.694 0.776 0.860 0.948 1.038 1.131 1.227 1.240 1.249 1.255 1.257 1.255 1.249 1.240 1.226 1.209 1.188 1.164 1.135 1.186 1.237
0.001 0.002 0.003 0.003 0.003 0.003 0.003 0.002 0.001 0.000 0.000 0.000 0.000 0.000 0.000 0.000 0.000 0.000 0.000 0.000 0.000 0.000 0.000 0.000 0.000 0.000 0.000 0.000 0.000 0.000 0.000 0.000 0.000 0.000 0.000 0.000 0.017 0.038 0.060 0.083 0.108 0.134 0.162 0.191 0.221 0.253 0.287 0.322 0.391 0.469 0.549 0.632 0.718 0.806 0.898 0.992 1.090 1.190 1.293 1.399 1.413 1.409 1.401 1.390 1.375 1.356 1.333 1.306 1.276 1.242 1.204 1.162 1.199 1.250
0.000 0.000 0.000 0.000 0.000 0.000 0.000 0.000 0.000 0.001 0.001 0.001 0.001 0.001 0.001 0.001 0.000 0.000 0.000 0.000 0.000 0.000 0.000 0.000 0.000 0.000 0.000 0.000 0.000 0.000 0.000 0.000 0.000 0.000 0.000 0.000 0.018 0.044 0.071 0.099 0.129 0.160 0.193 0.227 0.262 0.299 0.338 0.377 0.450 0.538 0.628 0.721 0.817 0.915 1.017 1.121 1.228 1.339 1.451 1.567 1.589 1.572 1.551 1.526 1.498 1.466 1.430 1.387 1.341 1.299 1.259 1.222 1.250 1.299
0.001 0.001 0.001 0.001 0.001 0.001 0.001 0.001 0.001 0.001 0.001 0.001 0.001 0.001 0.001 0.001 0.001 0.001 0.001 0.001 0.000 0.000 0.000 0.000 0.000 0.000 0.000 0.000 0.000 0.000 0.000 0.000 0.000 0.000 0.000 0.000 0.018 0.048 0.080 0.113 0.148 0.184 0.222 0.261 0.302 0.344 0.387 0.432 0.507 0.604 0.704 0.807 0.913 1.021 1.133 1.247 1.364 1.484 1.607 1.733 1.753 1.697 1.644 1.593 1.546 1.502 1.460 1.422 1.387 1.354 1.325 1.298 1.314 1.354
0.002 0.002 0.002 0.002 0.002 0.002 0.002 0.002 0.002 0.002 0.002 0.001 0.001 0.001 0.001 0.001 0.001 0.001 0.001 0.001 0.001 0.000 0.000 0.000 0.000 0.000 0.000 0.000 0.000 0.000 0.000 0.000 0.000 0.000 0.000 0.000 0.016 0.051 0.088 0.126 0.166 0.207 0.250 0.294 0.339 0.386 0.435 0.484 0.560 0.667 0.777 0.890 1.006 1.115 1.217 1.316 1.413 1.507 1.598 1.687 1.712 1.666 1.623 1.583 1.547 1.513 1.482 1.454 1.429 1.407 1.388 1.372 1.380 1.412
0.003 0.003 0.003 0.003 0.003 0.003 0.003 0.002 0.002 0.002 0.002 0.002 0.002 0.002 0.002 0.001 0.001 0.001 0.001 0.001 0.001 0.001 0.000 0.000 0.000 0.000 0.000 0.000 0.000 0.000 0.000 0.000 0.000 0.000 0.000 0.000 0.012 0.053 0.095 0.138 0.183 0.229 0.276 0.325 0.376 0.428 0.481 0.536 0.608 0.714 0.817 0.918 1.016 1.112 1.204 1.294 1.382 1.466 1.548 1.628 1.668 1.633 1.600 1.571 1.544 1.521 1.500 1.483 1.468 1.457 1.448 1.442 1.448 1.471
0.004 0.004 0.004 0.004 0.004 0.003 0.003 0.003 0.003 0.003 0.003 0.002 0.002 0.002 0.002 0.002 0.002 0.001 0.001 0.001 0.001 0.001 0.000 0.000 0.000 0.000 0.000 0.000 0.000 0.000 0.000 0.000 0.000 0.000 0.000 0.000 0.007 0.053 0.100 0.150 0.202 0.255 0.308 0.363 0.418 0.474 0.531 0.588 0.654 0.750 0.845 0.936 1.025 1.111 1.194 1.275 1.353 1.428 1.501 1.571 1.622 1.596 1.574 1.555 1.539 1.526 1.516 1.509 1.505 1.503 1.505 1.510 1.519 1.533
0.005 0.005 0.005 0.005 0.004 0.004 0.004 0.004 0.004 0.003 0.003 0.003 0.003 0.003 0.002 0.002 0.002 0.002 0.002 0.001 0.001 0.001 0.001 0.000 0.000 0.000 0.000 0.000 0.000 0.000 0.000 0.000 0.005 0.010 0.013 0.016 0.019 0.072 0.125 0.179 0.233 0.289 0.345 0.403 0.461 0.519 0.579 0.640 0.702 0.789 0.874 0.956 1.036 1.113 1.187 1.258 1.327 1.393 1.457 1.517 1.572 1.557 1.546 1.537 1.531 1.529 1.529 1.532 1.538 1.547 1.560 1.575 1.592 1.598
0.007 0.006 0.006 0.006 0.005 0.005 0.005 0.005 0.004 0.004 0.004 0.003 0.003 0.003 0.003 0.003 0.002 0.002 0.002 0.002 0.001 0.001 0.001 0.000 0.001 0.009 0.016 0.022 0.027 0.032 0.036 0.039 0.042 0.044 0.045 0.045 0.045 0.093 0.149 0.206 0.264 0.322 0.381 0.441 0.502 0.564 0.627 0.690 0.754 0.831 0.906 0.979 1.049 1.117 1.182 1.244 1.304 1.360 1.415 1.466 1.515 1.515 1.514 1.516 1.521 1.528 1.539 1.552 1.569 1.588 1.611 1.636 1.665 1.664
0.009 0.007 0.007 0.007 0.006 0.006 0.006 0.005 0.005 0.005 0.004 0.004 0.004 0.003 0.003 0.003 0.003 0.003 0.007 0.012 0.019 0.026 0.035 0.045 0.057 0.064 0.068 0.072 0.075 0.077 0.078 0.079 0.079 0.078 0.077 0.075 0.072 0.114 0.173 0.233 0.293 0.354 0.416 0.479 0.543 0.608 0.673 0.740 0.807 0.875 0.941 1.005 1.066 1.124 1.180 1.232 1.283 1.330 1.375 1.418 1.457 1.471 1.480 1.492 1.507 1.525 1.546 1.570 1.597 1.627 1.660 1.695 1.734 1.733
0.011 0.008 0.008 0.007 0.007 0.007 0.007 0.006 0.006 0.005 0.010 0.015 0.010 0.006 0.009 0.014 0.019 0.026 0.035 0.044 0.055 0.067 0.080 0.095 0.111 0.120 0.121 0.122 0.123 0.122 0.121 0.120 0.117 0.114 0.110 0.105 0.100 0.134 0.196 0.258 0.321 0.386 0.451 0.517 0.583 0.651 0.719 0.788 0.858 0.922 0.979 1.033 1.084 1.133 1.180 1.223 1.265 1.303 1.339 1.372 1.402 1.423 1.443 1.465 1.490 1.519 1.550 1.584 1.622 1.662 1.705 1.751 1.801 1.804
0.014 0.009 0.009 0.036 0.071 0.098 0.116 0.124 0.124 0.115 0.097 0.069 0.033 0.010 0.017 0.026 0.037 0.048 0.061 0.075 0.090 0.106 0.124 0.143 0.164 0.176 0.175 0.174 0.172 0.169 0.165 0.161 0.156 0.150 0.144 0.136 0.129 0.153 0.217 0.283 0.349 0.416 0.484 0.553 0.622 0.693 0.764 0.836 0.909 0.971 1.018 1.064 1.106 1.146 1.183 1.217 1.249 1.278 1.304 1.328 1.349 1.373 1.403 1.435 1.471 1.510 1.552 1.596 1.635 1.661 1.684 1.705 1.724 1.721
0.275 0.317 0.339 0.352 0.356 0.351 0.337 0.315 0.283 0.242 0.193 0.134 0.066 0.012 0.024 0.038 0.052 0.068 0.085 0.104 0.123 0.144 0.167 0.190 0.215 0.233 0.230 0.226 0.221 0.216 0.210 0.203 0.195 0.187 0.178 0.168 0.158 0.171 0.238 0.307 0.376 0.446 0.516 0.588 0.660 0.734 0.808 0.883 0.958 1.023 1.061 1.097 1.130 1.160 1.188 1.213 1.236 1.256 1.273 1.288 1.299 1.318 1.350 1.381 1.410 1.436 1.460 1.482 1.503 1.521 1.537 1.550 1.562 1.577
0.665 0.705 0.696 0.678 0.650 0.614 0.569 0.514 0.451 0.379 0.298 0.208 0.109 0.013 0.030 0.048 0.067 0.087 0.109 0.131 0.156 0.181 0.208 0.236 0.265 0.290 0.285 0.278 0.271 0.263 0.255 0.245 0.235 0.224 0.213 0.201 0.188 0.188 0.258 0.330 0.402 0.474 0.548 0.622 0.698 0.774 0.851 0.929 1.007 1.077 1.106 1.133 1.156 1.178 1.225 1.278 1.313 1.330 1.329 1.310 1.273 1.238 1.263 1.287 1.308 1.327 1.344 1.359 1.372 1.383 1.391 1.398 1.402 1.423
1.054 1.096 1.062 1.013 0.954 0.886 0.809 0.724 0.629 0.526 0.413 0.292 0.161 0.022 0.034 0.056 0.080 0.104 0.131 0.158 0.186 0.216 0.247 0.280 0.313 0.348 0.341 0.332 0.322 0.312 0.300 0.289 0.276 0.263 0.249 0.234 0.219 0.204 0.278 0.352 0.426 0.502 0.579 0.656 0.734 0.813 0.893 1.043 1.215 1.373 1.453 1.515 1.560 1.586 1.594 1.584 1.556 1.511 1.447 1.365 1.265 1.160 1.178 1.194 1.208 1.220 1.230 1.238 1.243 1.247 1.248 1.248 1.245 1.256
