DATA/RAW-RASTER/ECMWF/20170628/EN-30/20170702.en-30.asc
ncols			31
nrows			16
xllcorner		69.5
yllcorner		19.5
cellsize		1.0
NODATA_value	-99999
0.01526 0.03052 1.73187 3.80707 2.34604 0.74768 2.31171 0.43106 0.12970 0.00763 0.48065 0.64087 2.21634 3.16238 1.60599 7.54929 7.24411 8.49915 7.28607 10.65445 5.79834 0.99182 0.10681 0.30136 0.93460 1.04141 1.22452 0.75912 0.77820 1.83105 5.15366
0.00381 0.01907 0.14877 0.11063 4.34113 0.65994 0.06104 0.70953 0.03052 0.02289 1.98364 1.96457 6.13785 1.80435 1.40381 3.82614 4.53568 5.52368 12.10403 7.42722 7.33566 3.27682 0.48447 0.89645 1.62125 1.45721 1.33896 1.48010 1.78146 0.75912 1.64413
0.11444 0.51117 0.00763 0.38147 1.92642 3.65067 9.03702 0.03052 0.04196 0.64850 1.80435 5.17654 3.02124 7.45773 4.47083 2.08282 3.25775 4.21524 10.48660 5.88226 7.46918 1.00327 0.46539 1.89972 1.56784 1.10626 0.98801 1.67084 1.86157 0.52261 4.88281
0.61035 0.00381 0.01144 0.06104 1.01089 3.15094 5.93567 4.40216 3.01361 3.44086 6.48117 8.30460 7.55310 10.84518 5.27954 3.28827 4.39072 8.22830 5.49698 6.50406 2.91824 0.46158 0.92697 0.69427 0.38528 0.63705 3.02124 3.82996 3.76892 4.30679 5.42068
2.09045 0.49210 0.08011 0.00763 0.53787 6.64520 1.52206 26.33667 13.54599 2.89917 0.96893 0.99564 0.84305 11.61194 6.45828 4.85229 5.18036 5.39780 4.28772 7.05719 3.28827 3.98636 8.13293 1.46866 3.62778 5.47028 3.61633 7.37000 14.73618 8.78906 7.61032
2.17819 0.40817 0.00000 0.02670 0.35477 0.68283 4.53186 35.72083 9.13620 39.03580 2.10571 2.73514 0.28992 2.36511 0.67139 1.48773 16.25443 9.74274 9.43375 10.37598 8.28552 9.67789 5.93948 4.77219 3.10516 3.42560 6.43539 1.99509 13.84735 12.13074 7.91168
0.00763 0.12207 0.08392 0.06866 0.54932 0.80109 5.06592 4.81033 4.54712 11.61194 4.69208 5.14603 16.13235 6.91986 6.00052 6.48117 8.91495 12.19559 10.88715 12.66479 11.23428 2.60925 6.62231 13.59558 22.38464 15.70129 6.63376 2.50244 9.45282 14.60266 14.70184
0.00000 0.02289 0.45013 0.61798 4.52042 9.47952 12.82501 9.88007 4.15421 2.19345 5.63049 2.26974 4.00925 15.86914 19.70291 18.55469 29.64020 9.53674 5.38635 0.99945 9.18961 13.17215 10.46371 19.10019 11.42883 49.75128 77.35062 43.95676 22.57538 4.84085 11.05881
0.00000 0.00000 0.31662 1.21689 3.60107 8.85773 5.70297 12.71057 8.69370 1.51062 0.69809 0.56076 0.96130 5.34439 5.82123 7.00760 81.33698 4.44031 15.84244 89.37836 15.29694 90.83176 29.04892 32.52792 14.00375 21.29364 19.15359 101.40991 61.98120 15.30457 4.59671
0.00000 0.02670 0.00763 0.06104 6.87408 6.34766 13.53836 21.63696 13.21411 1.27792 1.38474 0.25177 0.10681 0.03433 0.49210 13.54599 5.30624 2.64740 11.95908 9.57108 13.58414 11.15417 56.70166 25.85220 6.26373 15.66696 66.26511 54.85535 163.65051 53.57742 16.04080
0.31281 0.14877 0.33951 0.60654 3.66592 15.69366 34.22928 154.21677 12.72583 2.08282 0.72479 1.17874 1.43051 0.58365 0.35477 0.23270 0.48065 10.93292 19.48166 15.71655 40.05432 50.56381 83.95004 34.40475 9.23157 7.32803 14.51874 27.49634 76.78223 34.18350 27.99606
0.17548 0.86975 2.52914 3.80325 1.74713 12.28333 93.14346 58.68912 11.23428 22.25113 5.12314 0.16022 0.44250 0.10300 0.08392 0.05341 2.91443 10.24628 9.51767 10.21194 32.24945 64.53705 9.38034 7.18689 6.31332 16.02173 11.53564 17.23480 30.97534 24.21188 10.28824
0.33569 2.01797 3.34167 2.10571 7.48062 7.33566 17.07077 8.85010 1.17493 0.40436 1.41907 1.25885 0.09537 3.24631 1.27792 1.96075 1.16730 4.75311 11.56998 8.43811 15.34653 33.87833 25.12741 24.19662 4.03595 0.68665 1.27411 10.63538 27.95410 55.83191 33.73718
0.94604 2.18201 1.85394 1.65939 4.12750 3.44086 5.75638 3.85666 1.92642 1.49918 1.24359 2.81906 0.96130 0.65613 0.88882 0.83923 2.32697 0.47302 6.80923 8.65173 8.85010 22.79663 53.26080 37.82272 8.30078 3.18527 1.54877 1.65939 12.63046 18.51654 10.92911
1.93024 1.67084 2.17819 4.61960 5.05066 1.84631 2.36511 1.74713 1.09482 0.69809 0.58365 0.87357 2.47192 0.40054 0.88120 4.56619 3.58200 0.32043 0.14496 8.70514 9.66263 12.87460 44.50989 24.60098 2.99072 0.42725 7.99942 3.00980 4.02832 11.52039 8.97217
2.94876 3.60870 5.34058 8.70895 2.00272 1.61743 0.72098 0.93079 0.72861 0.48065 1.37711 1.07956 1.23215 0.40054 1.41525 1.07193 0.06866 0.00000 1.80817 2.55203 3.79944 5.88989 23.50616 39.68811 59.25751 3.58200 9.65118 8.42285 2.47574 3.79181 11.05881
