DATA/RAW-RASTER/ECMWF/20170628/EN-30/20170710.en-30.asc
ncols			31
nrows			16
xllcorner		69.5
yllcorner		19.5
cellsize		1.0
NODATA_value	-99999
1.11389 9.50623 10.10895 4.21143 9.03320 17.41791 5.05066 3.31116 2.96021 1.57166 5.76782 4.24957 4.40216 1.97601 1.51062 0.79346 0.55695 0.20599 0.02289 0.23651 0.19073 2.14386 1.95312 1.37329 0.44250 0.25940 0.25940 0.30518 0.54932 0.99182 5.86700
0.02289 4.66919 14.65607 2.70844 24.39117 1.97601 2.67029 0.86975 2.60925 1.35040 5.21088 7.53784 13.12256 9.93347 8.37708 4.97437 0.97656 0.28992 0.23651 0.67902 0.26703 0.38910 1.01471 1.63269 0.50354 2.65503 0.87738 2.09808 3.36456 0.79346 4.99725
0.19073 3.61633 10.58960 9.62830 6.05774 4.98962 5.52368 0.36621 0.57983 0.29755 3.82996 7.46918 7.96509 2.53296 14.74762 0.88501 1.17493 0.34332 0.36621 0.38910 0.34332 0.24414 0.03052 1.57166 1.57166 1.38092 1.68610 0.94604 2.73132 6.57654 7.50732
0.47302 0.28992 0.36621 1.54114 17.31110 6.82831 6.60706 3.70026 0.48828 0.57220 1.01471 1.22833 1.02997 2.69318 3.28064 1.41144 1.49536 0.89264 0.78583 0.14496 0.03052 0.32806 1.48773 1.70135 2.14386 1.73187 4.87518 3.07465 3.41034 6.92749 8.37708
2.73132 0.28229 0.94604 0.13733 0.79346 1.35803 1.04523 3.08228 14.84680 1.66321 0.01526 0.13733 2.41852 11.39069 3.05939 4.85229 1.34277 1.84631 0.55695 0.49591 0.97656 0.34332 4.33350 5.94330 5.20325 12.77161 6.69098 5.45502 3.76129 5.71442 5.04303
0.09918 0.00000 0.00000 0.00000 0.03052 0.08392 1.84631 0.44250 72.05200 18.86749 14.09149 13.81683 4.43268 2.57111 2.76947 5.92804 1.88446 1.56403 1.88446 3.50189 3.57056 6.76727 8.00323 12.65717 14.82391 8.97980 5.57709 8.07190 9.97925 15.44952 15.57159
0.00000 0.00000 0.00000 0.00000 0.00000 0.00000 0.19836 0.54932 5.45502 61.53870 4.39453 10.58197 8.75854 9.01794 6.79016 12.68768 10.39124 8.09479 6.85883 4.52423 8.04138 7.08771 28.73230 20.58411 8.20160 11.65009 3.69263 6.68335 19.41681 16.25061 16.08276
0.00000 0.00000 0.00000 0.00000 0.00000 0.00000 0.38910 2.88391 6.87408 16.19720 2.65503 7.33185 2.03705 8.59833 8.29315 15.41138 9.04083 12.31384 9.95636 6.38580 5.10406 22.48383 8.13293 11.10077 41.57257 12.60376 2.44141 6.37817 35.25543 9.88007 7.31659
0.00000 0.00000 0.00000 0.00000 0.00000 0.17548 1.77002 3.18909 10.56671 15.15961 3.66211 7.14874 16.80756 3.47137 2.34985 2.91443 6.75201 4.53949 14.73236 12.07733 10.35309 28.76282 50.31586 26.56555 23.56720 16.24298 20.37811 34.21021 49.07990 8.00323 2.17438
0.00000 0.03052 0.19836 0.08392 0.10681 0.00000 0.22888 6.40106 8.50677 13.00812 10.71930 2.96783 3.96729 3.06702 4.90570 0.95367 1.93024 4.47083 4.79126 22.20917 9.98688 2.50244 15.08331 3.44086 6.87408 14.35852 23.60535 11.39832 22.33124 3.41034 2.17438
0.34332 1.19019 1.02997 0.44250 0.35095 1.15967 0.77057 2.25830 13.74817 12.80212 14.01520 15.53345 1.57166 3.53241 3.43323 1.15204 11.69586 9.04846 9.89532 12.96234 5.88226 19.32526 90.94238 110.25238 9.05609 29.35028 2.21252 33.58459 10.49042 3.60107 3.02887
0.80109 0.75531 2.18964 1.39618 0.02289 2.97546 9.39941 6.23322 10.95581 12.26044 26.66473 10.10895 1.93787 2.42615 0.51880 1.26648 2.75421 5.80597 6.28662 14.12201 1.89209 2.82288 5.49316 21.94977 10.92529 1.61743 1.70898 2.51770 14.84680 71.86890 4.77600
1.67084 3.21960 4.20380 7.43866 3.62396 0.88501 0.26703 1.99890 2.26593 19.50836 18.34869 8.19397 2.46429 8.08716 4.66919 1.48773 1.99127 1.22070 4.63867 1.72424 10.34546 5.02014 12.02393 10.62012 17.31873 1.96838 0.04578 9.99451 16.94489 13.12256 3.80707
3.80707 3.69263 2.35748 3.08990 8.41522 14.84680 1.06812 2.25830 11.20758 29.55627 95.67261 21.20972 16.75415 1.09863 3.02124 1.19019 2.11334 2.72369 9.27734 5.82886 4.06647 23.17047 1.14441 8.56018 3.18909 0.67902 0.46539 1.93787 15.64026 19.24896 7.61414
4.95148 3.99780 2.76184 30.12085 5.42450 2.76184 2.38800 5.34821 2.64740 3.91388 7.05719 3.00598 6.85883 4.87518 2.73132 7.26318 6.95801 7.67517 10.72693 12.20703 22.00317 19.13452 32.60803 19.85931 19.69910 9.19342 8.65173 3.29590 0.90790 10.52094 10.33020
6.91986 16.91437 20.44678 281.24237 56.93054 17.61627 23.56720 14.22882 25.88654 16.52527 24.83368 12.39014 17.90619 3.25775 8.58307 17.12799 9.69696 6.53076 16.02936 9.73511 22.70508 18.53943 27.45056 48.35510 24.87946 9.33075 10.65826 3.15857 2.47955 8.76617 4.02832
