DATA/RAW-RASTER/ECMWF/20170628/EN-30/20170712.en-30.asc
ncols			31
nrows			16
xllcorner		69.5
yllcorner		19.5
cellsize		1.0
NODATA_value	-99999
3.27301 2.98309 5.06592 6.21033 11.49750 1.80054 5.11169 0.94604 0.25940 1.32751 2.79236 1.56403 1.91498 1.91498 1.88446 0.06866 1.31226 0.96130 0.09918 0.74768 6.58417 12.87079 13.92365 17.31873 23.75031 13.01575 7.82776 2.15149 0.12970 0.57220 0.41199
0.09155 0.51117 24.07074 20.59174 3.69263 1.55640 1.25122 3.25012 2.83813 3.44086 3.49426 5.29480 4.98962 2.49481 1.16730 0.09918 0.03815 0.03815 0.21362 1.25122 4.23431 7.69043 10.54382 14.15253 10.28442 9.14764 10.21576 4.54712 0.37384 0.28992 3.07465
0.68665 5.34058 8.53729 9.80377 2.86102 11.59668 3.95966 0.10681 1.25885 0.08392 3.73840 10.91766 3.57056 1.06812 0.87738 0.52643 0.70953 0.16785 0.19836 0.28229 3.41797 4.73022 4.89044 4.85229 7.71332 6.80542 4.82178 3.75366 2.94495 4.44031 0.34332
1.02997 0.05341 4.76837 14.17542 17.55524 5.33295 12.55035 10.24628 0.20599 1.60217 3.84521 6.61469 2.60925 4.19617 0.77057 0.93079 0.38147 0.42725 0.66376 1.03760 3.70026 6.16455 9.22394 9.79614 13.55743 10.82611 9.26971 7.18689 4.78363 2.74658 3.60870
0.19836 0.00000 0.03052 0.51880 4.08936 5.09644 7.07245 19.66858 9.78088 3.18146 1.48010 4.52423 17.11273 5.43976 2.69318 4.71497 3.48663 6.37054 6.37054 1.96838 3.34167 2.47192 9.39178 10.28442 4.71497 4.11987 5.41687 6.64520 12.44354 12.74872 3.34930
0.30518 0.00000 0.00000 0.05341 0.12207 0.67902 2.99072 3.82996 16.39557 70.00732 59.02863 27.85492 27.17590 3.99017 9.10950 6.56128 4.32587 9.82666 13.73291 11.77216 19.00482 10.18524 9.13239 6.74438 10.10132 21.09528 4.63867 7.98035 9.49860 16.43372 16.03699
0.13733 0.00000 0.00000 0.00000 0.64850 0.29755 2.76184 5.85175 4.13513 2.80762 28.50342 70.32013 23.67401 18.20374 7.65991 13.19122 8.73566 11.81793 8.08716 7.32422 6.47736 3.18146 5.40161 6.18744 13.54980 57.35779 15.76233 18.47076 11.15417 20.50781 16.93726
0.00000 0.15259 0.16785 0.16785 0.02289 0.40436 8.59070 7.95746 4.93622 8.00323 38.31482 27.12250 5.08118 7.08771 8.78906 21.49963 14.13727 6.50024 8.29315 5.76782 8.65173 12.19940 7.46155 24.36829 22.15576 12.49695 38.34534 21.72852 27.59552 19.05060 0.53406
0.00000 0.00000 0.11444 0.79346 0.67139 0.45776 1.49536 8.60596 5.28717 8.42285 16.56342 17.66205 10.02502 14.56451 6.91986 7.07245 1.45721 16.99829 18.23425 37.95624 14.64844 12.40540 7.82013 8.72803 25.14648 2.79999 28.44238 26.66473 22.56012 6.79016 2.35748
0.24414 0.40436 2.73895 0.12970 0.38147 14.62555 6.85120 8.31604 15.76233 21.86584 11.71112 12.56561 11.61957 9.24683 10.98633 4.78363 1.43433 3.23486 8.73566 22.17102 8.86536 45.03632 21.32416 1.88446 14.96124 16.54816 81.52008 33.86688 19.56177 9.30023 1.27411
0.83160 0.34332 0.48828 2.26593 5.00488 3.56293 0.23651 3.11279 11.87897 2.97546 6.22559 19.08875 14.46533 19.90509 23.04840 9.63593 4.65393 23.19336 36.59058 1.18256 4.66156 42.39655 40.78674 3.89099 8.96454 10.16998 9.41467 11.44409 14.43481 3.12805 3.40271
0.70190 8.83484 24.73450 4.58527 8.62122 0.96893 0.88501 0.25177 3.34930 6.74438 3.82996 5.67627 11.79504 29.49524 38.61237 74.59259 5.46265 39.34479 13.14545 14.48059 3.64685 36.10229 9.94873 4.68445 10.98633 13.87787 8.77380 13.77869 3.43323 6.37054 12.59613
8.47626 29.25873 5.02014 1.64032 4.26483 2.57874 1.39618 0.83923 0.99945 1.83868 2.17438 6.15692 13.26752 26.93176 37.47559 5.31006 13.78632 66.13922 2.92206 2.32697 6.01196 113.34991 5.89752 11.48987 12.50458 0.90027 0.16022 2.99835 6.69098 5.03540 19.72961
7.69043 11.98578 4.12750 5.93567 3.14331 2.67792 0.72479 1.04523 0.63324 3.44849 3.95203 4.71497 13.83209 2.77710 22.62115 15.93018 1.89209 2.36511 3.53241 6.88171 14.32800 35.78186 32.30286 9.07135 20.11108 0.22888 0.38910 0.19073 5.18036 5.51605 6.04248
11.24573 4.84467 2.65503 20.38574 7.60651 1.23596 1.28174 1.33514 0.59509 1.51062 5.25665 2.44141 1.06049 7.24792 2.96783 11.90186 2.10571 1.02234 2.12860 6.89697 23.68927 17.74597 29.35028 12.72583 7.24030 0.43488 1.02234 0.22125 1.41907 0.31281 9.62067
5.31769 4.97437 8.69751 13.55743 3.15857 1.42670 0.80872 4.39453 3.16620 0.81635 4.21143 0.52643 3.85284 1.99127 1.48773 0.50354 0.89264 3.76892 13.03864 13.48114 14.61792 13.90839 20.47729 33.02002 20.15686 3.48663 59.92126 1.19781 0.19073 6.87408 3.78418
