DATA/RAW-RASTER/ECMWF/20170628/EN-30/20170629.en-30.asc
ncols			31
nrows			16
xllcorner		69.5
yllcorner		19.5
cellsize		1.0
NODATA_value	-99999
1.49345 3.35407 3.64304 3.86238 18.50510 7.51400 8.34942 5.92136 3.35312 2.25067 3.86143 6.39725 8.69560 4.51946 6.15978 6.88362 8.67462 3.68214 4.69589 9.63306 5.12981 2.33173 0.41676 0.17452 0.28038 0.52738 0.48351 0.10586 0.00095 0.00000 0.00477
0.12589 0.10490 1.08910 15.11669 7.60269 10.54859 14.30893 10.57339 11.19995 6.04725 2.88963 2.90966 4.72546 5.32913 7.74670 5.77545 6.91509 6.70910 10.21576 4.64249 3.43895 1.28365 0.35191 0.35572 0.62275 0.44155 0.20599 0.58270 0.38815 0.10109 0.04578
0.39959 3.46565 1.21212 1.97601 1.99223 23.77701 18.87321 13.44299 5.64957 2.76470 0.39673 1.25599 1.60122 2.61116 1.79863 1.69754 4.59003 7.22027 5.27668 5.24044 1.58501 0.91267 1.17016 2.38609 8.71754 8.54111 3.73459 0.36907 0.65804 0.64754 0.89931
0.74482 0.35763 0.57507 9.18293 10.04124 57.67059 121.65260 9.99928 8.99887 1.36948 1.09863 0.23842 0.20409 0.68283 1.32465 2.19440 0.92220 2.72465 4.03214 3.36266 4.37260 6.03390 6.79016 8.99982 10.05077 6.33430 12.93755 6.91223 2.85244 2.94685 0.92316
1.46866 0.15163 1.27888 3.13568 11.01303 84.07879 34.43718 28.89538 4.46129 3.80802 0.11063 0.36621 1.39332 0.67234 0.22125 0.64182 0.40817 2.43664 5.25665 7.65324 6.79970 6.79398 4.31633 4.55093 3.22151 5.94330 8.96549 19.83166 15.57159 6.70910 6.68812
0.80967 0.12589 0.78106 5.21755 13.59081 21.45290 40.80772 8.11958 7.75909 15.02037 7.83730 2.76566 1.02997 1.19019 0.69904 0.42820 0.82207 1.96838 9.25827 13.77296 7.31182 11.17516 15.40470 17.59624 15.13767 16.26778 8.26263 3.03745 6.92463 17.33875 15.46574
0.19264 0.28038 0.22316 6.67667 11.15227 14.86969 6.98471 8.84533 8.26073 13.15784 10.49232 16.70742 16.04462 3.61538 0.14114 0.31471 0.42152 1.24359 1.78909 7.20596 3.59440 11.16943 14.23931 17.90810 26.23367 71.23947 24.49417 9.71127 3.18813 7.17258 7.61127
1.54781 1.52397 3.15285 20.82729 5.32341 12.61330 8.46863 6.24943 8.53252 17.52472 13.84640 13.39245 7.27844 13.91697 17.46845 45.80021 9.66835 4.06933 0.88787 1.71757 6.92558 20.72811 9.33170 47.74952 25.75588 29.10328 31.31390 26.98326 107.78046 28.36704 14.38046
0.72479 11.63769 13.17120 6.22368 6.70147 6.17218 6.80733 10.76412 12.90035 10.96153 11.34109 5.51510 4.89235 4.70257 5.21851 8.58402 4.40121 11.86180 44.88087 18.51273 78.48835 94.30504 25.92182 52.37865 30.00164 13.34190 45.80116 71.65432 54.97456 16.87336 6.29902
6.61850 13.96751 3.00026 3.20339 2.08950 1.58405 2.13242 2.07710 85.04391 12.83360 26.82304 18.33439 15.99026 13.43346 8.56304 2.58255 10.33306 8.02422 5.58758 4.38499 2.21729 3.39985 29.60014 9.85241 4.35543 20.09964 24.56093 38.28049 39.14070 9.29928 12.79545
16.34789 3.67165 2.31266 0.49210 0.90790 4.17995 17.43793 21.16966 2.65217 4.68922 2.81143 21.32320 38.78689 36.36265 12.90894 6.44398 1.56116 7.99942 5.72395 5.23472 11.81602 6.23798 13.05771 3.85761 3.92151 31.86226 18.81790 21.21353 37.96577 11.37638 5.38158
95.46375 140.33890 15.73658 7.49683 2.91348 1.31130 1.34087 1.15299 0.41771 0.26512 4.79984 11.17420 97.66006 47.79530 8.96549 7.07340 5.66387 5.13649 5.50175 3.73459 4.83894 1.99223 2.16389 2.28500 20.97511 6.67858 3.32737 10.25486 3.26061 16.96968 12.58564
27.19212 110.35824 19.34624 2.06947 2.54154 3.57342 0.90981 3.99971 9.25922 67.08336 3.38936 7.49493 117.76924 15.18822 15.80524 10.75172 26.50833 5.07736 8.99410 3.66497 6.69765 4.68254 4.12560 3.40843 4.40311 1.59645 1.51920 4.83990 6.61564 5.71442 8.06332
52.34623 40.20691 19.41586 3.40652 2.69699 1.17970 2.15340 14.04858 3.05557 6.76346 10.95772 15.30075 150.92563 38.04874 6.47545 3.20911 3.39699 16.34979 4.45843 4.47083 14.27364 9.59206 5.13554 15.14912 6.92368 1.98841 1.52493 1.08624 7.61795 2.65312 9.60732
110.16369 27.37713 2.15244 13.44967 8.72517 5.03922 8.87108 53.41721 21.68751 26.49403 24.30630 26.73721 45.26901 16.18576 1.05381 2.50435 3.97491 1.61552 5.14793 22.28355 10.71453 12.24232 36.18813 33.00190 4.43268 0.49686 1.13869 1.08147 3.29876 5.49984 6.54793
9.01508 17.44747 17.23194 41.25690 27.15778 5.06592 2.13718 4.21906 1.78528 4.23050 27.09770 48.01941 55.07755 9.53674 0.16594 0.15926 12.58850 14.05811 3.20339 28.18680 8.34084 15.67554 24.91283 41.80050 27.92358 0.77343 2.37656 7.59888 3.06892 0.63419 2.81334
