DATA/RAW-RASTER/ECMWF/20170628/EN-30/20170705.en-30.asc
ncols			31
nrows			16
xllcorner		69.5
yllcorner		19.5
cellsize		1.0
NODATA_value	-99999
0.02289 0.00000 0.40436 5.56183 9.48334 0.54932 1.38855 0.85449 0.48828 0.03815 0.20599 0.39673 1.70135 0.98419 0.63324 0.62561 1.41907 1.28937 1.83868 5.43976 9.63593 8.82721 9.90295 16.75415 16.35742 8.49152 6.91223 6.89697 18.66913 30.50232 10.52094
0.00000 0.00000 6.23322 6.02722 2.02179 0.09918 0.59509 0.07629 0.17548 0.05341 0.01526 0.00000 0.53406 0.93079 1.83105 1.51062 0.31281 0.75531 1.34277 2.58636 5.76782 5.22614 5.66864 7.01904 14.63318 19.69147 20.91217 27.45056 29.08325 30.18188 30.05981
0.00000 0.06866 0.80109 0.14496 3.79181 1.08337 3.17383 0.21362 0.02289 0.00000 0.02289 0.48065 0.29755 1.41144 1.38092 1.66321 0.68665 0.89264 1.74713 1.93024 3.34167 4.89807 8.37708 13.45825 17.37976 16.13617 16.54053 10.26154 8.20923 21.08002 10.00214
0.77057 0.48828 0.07629 0.00763 1.87683 1.77002 2.87628 7.16400 0.04578 0.06866 0.74768 0.21362 0.38910 1.50299 2.93732 1.65558 4.77600 5.91278 5.62286 2.91443 10.10895 18.35632 13.70239 24.91760 15.22064 0.93842 2.45667 2.24304 4.52423 5.58472 3.66974
3.37982 0.00000 0.00763 0.01526 0.45776 1.83105 0.53406 4.66919 3.18146 0.47302 0.06104 0.63324 1.82343 4.81415 10.23865 8.24738 16.82281 5.31769 6.50024 12.35199 17.64679 22.37701 11.70349 2.39563 1.40381 0.24414 0.43488 2.41089 5.95856 6.14929 11.24573
6.68335 0.00000 0.00000 0.00000 0.00000 0.00000 0.25177 4.14276 5.69153 12.05444 45.35675 13.85498 2.99072 2.81525 9.29260 6.84357 7.72095 8.80432 4.92859 11.81030 14.26697 8.74329 4.04358 7.08008 3.52478 5.84412 9.14764 6.83594 9.69696 3.24249 6.37817
0.11444 0.00000 0.06866 0.03052 0.12207 0.00763 0.16785 0.26703 1.96838 6.34766 24.40643 27.13013 8.67462 4.86755 0.85449 3.46375 3.93677 2.94495 4.11987 5.30243 5.86700 6.24084 4.78363 1.32751 9.19342 53.69568 24.26910 9.11713 5.61523 2.79999 0.56458
0.00000 0.00000 0.00000 0.00000 0.00000 0.01526 0.05341 0.01526 0.24414 0.31281 1.70898 11.42883 97.64862 22.48383 11.62720 11.82556 3.54004 8.43048 4.68445 21.26312 22.60590 22.71271 10.24628 19.52362 28.85437 12.32147 4.25720 3.36456 12.03156 1.96075 3.44849
0.01526 0.00000 0.01526 0.07629 0.16022 0.06104 0.40436 0.07629 0.03052 0.51880 1.01471 5.51605 9.20105 44.41833 40.89355 18.24951 29.22821 8.31604 33.34808 169.36493 161.62872 94.44427 40.95459 16.02936 17.63916 0.38910 7.05719 20.43915 9.84192 4.11987 6.10352
0.01526 0.90027 0.61035 1.26648 1.50299 0.09918 0.11444 0.28229 0.10681 0.00000 0.07629 0.47302 3.65448 5.84412 8.72040 15.33508 3.18909 5.60760 37.32300 17.12799 29.40369 7.37762 71.19751 15.07568 1.74713 17.26532 29.09851 6.52313 0.55695 0.79346 0.78583
0.47302 1.06812 1.12152 0.68665 0.05341 0.30518 0.19836 0.96893 0.22888 0.16785 0.32043 4.42505 1.80054 34.31702 12.46643 35.89630 2.41852 4.37164 15.93781 37.11700 4.67682 15.89966 60.43243 4.18091 1.19019 6.40106 15.54108 11.71112 1.94550 0.80109 1.08337
0.30518 0.50354 2.21252 2.89154 1.41144 1.80054 1.68610 2.79999 2.69318 0.93842 3.40271 5.89752 11.10077 38.70392 28.93829 10.16998 0.63324 4.21906 12.20703 4.24194 2.83813 31.57806 0.27466 0.28992 4.95911 0.29755 0.47302 10.49805 1.25122 1.13678 1.85394
0.84686 0.79346 0.29755 0.77057 2.07520 1.31989 0.25940 0.83923 0.45776 0.09918 1.55640 1.27411 2.65503 1.06049 1.12152 0.28229 1.41144 1.99890 1.17493 2.53296 38.34534 32.21893 2.84576 5.97382 3.46375 0.17548 1.02234 25.51270 2.60925 62.12616 0.75531
1.37329 1.13678 0.18311 0.41199 1.13678 0.32043 0.98419 1.83105 1.18256 0.54932 0.80109 1.64795 0.57983 0.39673 0.41962 2.06757 0.33569 0.16022 0.96893 2.51770 3.15857 15.55634 0.81635 6.61469 1.26648 0.09155 3.21198 1.04523 11.17706 2.89917 21.11816
2.18201 1.59454 4.21906 2.31934 6.40106 1.27411 1.70898 1.77002 0.44250 0.93842 0.76294 0.31281 0.53406 0.67139 0.48828 0.06104 0.03052 0.00000 1.43433 2.49481 3.20435 10.16998 13.98468 7.94220 0.06104 0.45013 2.33459 1.89972 13.05389 13.67188 5.29480
1.28937 3.42560 4.30298 11.05499 1.06049 0.58746 0.29755 0.79346 0.84686 0.64087 0.32043 0.87738 0.38910 1.22070 0.75531 0.56458 0.41199 0.01526 0.47302 1.36566 4.14276 5.80597 12.80212 27.37427 20.36285 4.48608 1.44958 0.92316 0.74768 3.38745 6.51550
