DATA/RAW-RASTER/ECMWF/20170628/EN-30/20170711.en-30.asc
ncols			31
nrows			16
xllcorner		69.5
yllcorner		19.5
cellsize		1.0
NODATA_value	-99999
4.79889 4.30298 1.79291 2.93732 2.81525 3.62396 0.35858 0.65613 1.11389 2.41852 4.10461 2.96783 2.62451 0.04578 0.83923 6.03485 3.40271 6.53839 4.08173 4.84467 5.22614 2.70844 0.45013 0.48065 0.03815 0.02289 0.00763 0.05341 0.10681 0.19836 1.74713
0.06866 0.16022 14.90784 3.08990 3.44086 0.56458 0.37384 0.08392 0.64850 0.09155 1.90735 1.57928 0.64087 3.88336 7.69043 16.04462 14.73236 19.75250 23.20862 21.69037 7.01904 2.79999 0.65613 1.77002 2.16675 1.87683 0.11444 0.14496 0.04578 0.00763 1.08337
0.16022 1.03760 0.25940 1.85394 1.22070 2.35748 1.52588 0.09155 0.43488 0.03052 1.44196 0.43488 0.20599 2.76947 2.72369 4.41742 5.58472 3.58582 9.81140 8.10242 1.30463 0.37384 0.37384 0.35858 1.60980 1.99127 1.68610 0.68665 0.62561 0.27466 0.86975
0.04578 0.19073 0.35858 1.85394 1.09863 1.26648 4.36401 8.70514 0.08392 0.25940 2.09808 0.19836 0.35858 0.92316 0.67902 0.80109 3.12805 1.44958 4.08173 0.65613 0.43488 0.44250 0.63324 0.64850 1.01471 0.83160 4.96674 8.11005 1.87683 3.86047 3.90625
0.44250 0.00000 0.01526 0.09918 1.71661 2.39563 3.37219 3.05176 3.69263 1.83868 0.10681 0.54932 1.31989 1.44958 1.67847 4.02832 1.44958 1.77765 1.49536 0.39673 1.14441 0.71716 0.61035 0.01526 1.73950 5.79071 5.07355 2.95258 2.92206 2.73895 0.32806
0.12207 0.00000 0.00000 0.00000 0.00763 0.51117 0.61798 0.67902 10.17761 6.04248 31.95953 6.72150 11.68060 4.24194 3.37982 22.44568 15.83099 9.95636 0.88501 1.75476 2.16675 1.15967 0.15259 2.28119 1.77765 1.91498 3.37219 12.82501 11.75690 3.63159 0.86975
0.06866 0.01526 0.03815 0.00000 0.02289 0.25177 0.39673 0.97656 3.34930 8.75092 6.27899 21.65985 21.62933 12.45880 6.12640 4.64630 2.52533 4.18854 4.47083 1.20544 2.43378 1.14441 1.65558 6.95038 10.85663 6.36292 10.10132 10.97107 18.11218 12.42065 5.34821
0.00000 0.00000 0.00000 0.00000 0.01526 0.05341 2.58636 0.66376 2.54059 12.46643 10.48279 13.08441 6.61469 6.85120 25.82550 2.24304 7.75146 3.45612 5.14984 7.75146 2.99835 2.97546 4.95911 11.55090 7.39288 32.95898 24.33777 13.75580 18.74542 13.25226 15.22064
0.00000 0.00000 0.04578 0.09155 0.17548 0.04578 4.34113 4.57001 4.80652 9.53674 7.88879 16.76178 6.52313 6.01196 4.76074 8.93402 1.54877 6.15692 119.37714 25.96283 31.03638 21.78955 38.87939 8.32367 2.87628 10.71930 23.59772 15.57159 16.57104 11.31439 22.19391
0.00000 0.00000 0.00763 0.01526 1.76239 2.56348 2.10571 6.98090 4.79126 4.62341 6.56128 4.31824 6.75964 0.91553 1.16730 1.76239 1.70135 1.77765 2.20490 2.55585 17.12799 35.75134 41.12244 31.57043 1.12915 9.85718 48.90442 136.72638 31.21185 11.37543 20.85114
0.20599 0.00000 1.72424 13.08441 1.36566 1.89972 4.52423 8.27789 6.14929 5.16510 3.73840 5.15747 0.97656 3.77655 0.95367 1.16730 2.24304 2.56348 4.95911 1.45721 2.15912 25.41351 19.47784 9.14764 15.85388 32.44781 16.25824 30.16663 28.51105 12.01630 9.81903
1.96075 15.25116 9.52911 46.88263 81.26068 35.98785 6.09589 4.48608 1.82343 2.31934 4.87518 1.66321 9.21631 3.64685 0.57220 2.36511 0.97656 4.54712 7.19452 5.01251 3.30353 6.42395 1.22833 1.61743 13.92365 13.59558 11.17706 15.37323 13.05389 14.62555 6.75964
1.22070 8.20160 11.21521 2.15149 17.04407 102.19574 31.12030 7.28607 5.82123 58.92181 4.33350 4.40979 2.25067 3.57819 1.94550 9.62067 10.10895 12.47406 8.35419 20.90454 17.58575 36.42273 2.17438 7.00378 11.30676 2.73895 1.28937 11.31439 30.96771 18.11981 10.68878
2.56348 19.63043 286.87286 11.62720 2.83051 1.54877 1.57928 3.53241 5.62286 26.88599 9.83429 11.95526 8.76617 6.32477 1.50299 9.86481 24.64294 22.41516 16.83044 15.05280 31.25763 60.44769 10.99396 25.45929 7.56073 3.69263 2.35748 3.99780 19.15741 12.49695 1.54114
6.04248 6.62994 15.70129 32.62329 33.80585 28.35083 24.75739 1.88446 15.41138 11.27625 9.29260 1.76239 8.01849 41.41998 1.44958 5.34821 4.98962 10.81085 19.11926 36.34644 47.85919 32.69196 34.90448 32.29523 9.90295 2.36511 6.98090 1.89972 1.95312 9.29260 4.27246
2.07520 12.93945 16.06750 57.09076 58.33435 29.35791 14.96124 1.76239 8.85010 18.41736 1.98364 12.63428 16.41846 29.28925 0.90790 1.19019 2.03705 8.22449 12.15363 33.12683 20.01190 23.19336 25.46692 50.38452 26.46637 9.78851 4.82941 2.31171 0.67902 0.40436 0.70190
