DATA/RAW-RASTER/ECMWF/20170628/EN-30/20170630.en-30.asc
ncols			31
nrows			16
xllcorner		69.5
yllcorner		19.5
cellsize		1.0
NODATA_value	-99999
0.60081 1.51062 5.86128 0.68474 5.99480 1.61171 2.76375 1.37901 2.04468 0.84305 2.96974 7.15828 10.18906 12.41684 8.68988 12.19940 12.43591 15.14816 14.52827 10.99777 8.76236 12.49695 10.68497 9.75609 12.99095 13.69286 9.41467 18.29529 5.12886 0.53787 0.05341
0.00954 0.57983 5.02014 2.22397 4.02832 1.48773 0.73242 3.84521 4.13132 3.24059 5.23567 4.97627 8.03185 9.45473 18.12172 13.61847 11.51848 9.51576 7.70569 9.17053 8.46672 7.20024 9.60922 10.35118 10.81276 7.27844 3.49045 1.75285 1.98174 0.27657 0.17166
0.01907 0.38147 0.27275 0.84305 0.93079 3.02887 18.76831 29.21677 17.38930 7.74574 1.32751 3.60107 7.47490 4.06837 5.33295 4.32396 5.32341 4.15230 5.06783 16.64543 9.51385 13.58223 8.92067 6.66809 9.13048 13.52119 17.61818 11.12556 1.68610 1.04332 0.51689
0.28038 0.00000 0.00191 0.45204 0.67139 2.71606 246.54770 23.48518 21.15631 1.85013 4.54521 2.04277 1.97983 2.71797 3.82614 3.35503 1.10054 0.37956 0.53024 0.89073 4.86755 13.73863 14.14871 16.03508 9.11140 4.28200 9.86481 8.51822 4.64249 10.39696 1.20926
0.79727 0.40436 0.02670 0.03815 2.28500 13.26561 37.71400 67.35992 33.63228 14.04762 0.80872 2.46620 2.49863 0.52452 0.98991 0.66757 0.96703 0.68855 2.37083 7.34711 4.78745 6.99043 6.54602 2.92015 1.71089 2.95448 4.89044 3.48473 13.02719 2.86102 4.33540
1.19591 0.85258 0.01144 0.33760 0.50735 1.50299 12.63237 27.77672 17.77267 55.23491 10.89287 9.17816 5.63431 2.78854 3.05748 3.51715 2.18201 0.90408 2.28691 5.14984 6.66618 4.16946 3.08418 2.55585 7.94220 15.31792 9.31358 1.01089 14.97078 11.33728 8.56590
0.08965 0.00000 0.07820 0.45013 3.00980 21.17729 41.14151 20.65277 17.41219 32.60422 28.11623 50.41885 22.28165 10.94246 4.73022 2.46239 1.31226 1.21498 0.87547 6.90842 7.33376 7.52831 4.91333 4.24385 13.66997 123.76404 40.29846 12.35962 3.89862 9.94682 8.70323
0.11826 0.24223 1.13297 4.21715 5.07927 13.07487 20.81490 10.90813 31.15082 16.26205 21.41953 38.23853 30.28679 12.07733 14.09531 19.11354 20.73860 4.56619 5.36346 11.91711 8.04710 14.60457 6.13213 21.48819 12.50648 17.40646 58.96378 28.25356 52.20604 29.32167 21.10481
0.31662 0.24605 1.51062 5.37682 3.89862 6.07872 5.55038 15.51819 16.19911 31.37589 11.03401 24.38927 48.05183 30.13229 20.18738 6.72531 0.33760 8.74329 26.40915 22.30072 27.21786 32.07016 22.02415 24.84512 12.22992 8.52776 22.45331 93.21022 57.17278 31.41403 16.88385
0.37384 1.05858 2.40326 7.61223 6.37436 5.15175 0.59319 1.88637 28.55682 16.91818 18.92853 19.44351 26.77727 42.21344 34.19685 9.64928 4.58336 8.27408 13.27896 8.02231 12.56180 46.88263 42.80663 16.01601 11.10649 46.73576 41.15295 13.61465 32.03964 16.78848 17.36641
1.48010 6.61278 26.57509 29.88243 1.66321 0.58174 1.01280 2.23732 1.23024 3.66592 13.98087 26.87454 23.95058 29.67644 42.93442 14.69040 4.30107 7.24220 9.61876 25.69771 18.04352 112.54120 65.13977 29.18816 25.58327 28.57399 5.50079 10.85663 17.35306 9.47380 12.91275
9.92012 25.76828 102.43607 77.44408 35.04372 8.32367 1.35803 0.98801 1.34468 1.44005 3.54004 8.11195 39.03389 19.20128 30.42412 67.24358 11.40213 11.31439 21.11816 24.01161 15.23590 18.62144 13.18359 14.65225 27.60315 4.75121 2.55775 1.48392 15.52200 20.45441 14.19830
78.10402 133.96454 38.78403 62.99591 64.46266 10.40649 5.97191 3.15285 6.17981 4.42123 10.09178 3.72696 4.83131 11.85417 6.60324 10.10895 9.00459 30.33066 15.67078 6.52313 14.63318 42.83333 18.76831 66.07819 19.37294 15.92827 1.69754 4.33731 4.70924 8.76617 7.35474
3.23296 6.36673 17.77840 29.85001 16.93344 1.72806 4.52614 7.71713 1.30272 8.76617 9.91058 15.39040 9.99641 3.20244 7.60269 11.46126 1.90163 5.85365 6.34956 8.84819 11.98006 30.06172 48.52867 104.45404 12.80022 3.91006 0.69427 2.06757 3.05939 16.08276 18.76640
10.28442 10.93102 2.80380 17.82036 29.39796 7.39861 4.87709 11.75880 22.47429 15.26260 24.60289 34.91592 26.06964 16.54625 37.79793 49.92867 14.63318 2.29836 0.13542 2.37656 11.58524 16.90865 45.72868 70.14656 3.96729 1.28746 4.78172 0.99945 1.99509 6.61087 25.47646
8.83102 17.56287 33.27370 43.11943 10.96535 5.21851 3.78227 9.92012 9.96780 7.28035 7.90596 5.23376 3.98445 7.04575 6.12831 2.74658 1.51253 1.13487 2.29263 3.50189 6.79588 9.21440 31.95381 36.41510 42.23442 3.14140 13.55743 4.52614 2.12288 0.50545 2.88200
