DATA/RAW-RASTER/ECMWF/20170628/EN-30/20170708.en-30.asc
ncols			31
nrows			16
xllcorner		69.5
yllcorner		19.5
cellsize		1.0
NODATA_value	-99999
0.12970 1.27411 0.74768 0.48065 3.37219 0.39673 1.20544 0.50354 0.28229 0.32043 0.95367 2.22015 3.30353 5.61523 3.57056 5.04303 3.72314 8.15582 6.50787 3.66974 5.31769 6.21033 11.49750 11.52039 12.08496 21.90399 12.47406 1.62506 1.99127 1.65558 3.39508
0.00000 0.32806 0.13733 0.24414 2.90680 0.03052 0.17548 0.10681 0.14496 0.02289 0.03052 0.07629 1.80817 1.15204 5.50842 9.72748 11.71875 7.13348 2.02179 2.34222 3.36456 10.00214 19.08875 12.42065 11.16180 6.75964 1.57166 1.22070 1.11389 2.08282 10.19287
0.03815 0.63324 0.05341 5.14221 2.09045 1.67084 0.05341 0.06104 0.00000 0.00000 0.00000 0.00000 0.00000 0.07629 0.37384 0.90027 2.79999 4.89044 0.55695 2.39563 5.83649 11.73401 41.12244 7.05719 10.89478 5.47791 6.49261 8.23975 1.65558 1.13678 2.99072
0.00000 0.00000 0.00763 0.73242 2.65503 1.75476 3.71552 8.86536 0.00000 0.00000 0.00000 0.00000 0.00000 0.03815 0.12970 0.32806 3.09753 1.28937 0.75531 0.96130 3.34167 20.27893 11.25336 8.01086 15.00702 4.44794 9.03320 9.21631 12.35199 5.29480 6.50024
0.97656 0.00000 0.00000 0.00000 0.05341 0.20599 2.12860 3.82233 0.51117 0.00000 0.00000 0.00000 0.01526 0.77820 0.95367 0.78583 2.98309 6.11877 8.10242 1.04523 1.86157 11.35254 8.49152 8.49152 2.57874 0.25940 1.94550 5.87463 15.24353 3.63922 1.42670
0.06104 0.00000 0.00000 0.00000 0.00000 0.00000 0.00763 2.40326 3.73840 2.85339 12.18414 2.51007 0.90790 0.54932 0.33569 3.68500 9.36890 9.90295 7.74384 6.89697 8.70514 12.18414 8.45337 8.32367 10.10895 7.05719 11.55853 3.23486 9.01031 3.13568 1.99890
0.00000 0.00000 0.00000 0.00000 0.00000 0.00000 0.00000 0.17548 1.28174 4.89807 5.12695 3.92914 3.26538 1.30463 0.81635 2.49481 12.24518 23.79608 20.38574 12.53510 11.18469 16.05988 21.58356 10.00214 13.70239 27.85492 21.65985 11.63483 6.09589 5.08881 3.35693
0.00000 0.00000 0.00000 0.00000 0.00000 0.00000 0.13733 0.03815 1.11389 0.78583 3.22723 4.90570 3.17383 6.62231 3.91388 9.92584 18.74542 10.42938 13.16071 9.86481 11.35254 38.04779 12.20703 50.59052 105.58319 43.54095 16.79993 26.71051 32.26471 6.26373 7.40051
0.00000 0.00000 0.00000 0.00000 0.01526 0.00000 0.00000 0.17548 0.06866 0.16022 1.35803 3.95966 2.44141 4.95148 1.22833 17.82227 32.69958 35.24017 107.37610 88.31024 77.16370 63.49182 43.01453 37.67395 56.54907 18.56995 19.06586 65.28473 53.13873 13.42010 11.13129
0.00000 0.22888 0.15259 0.69427 0.26703 0.02289 0.00000 0.00000 0.02289 0.01526 0.18311 1.56403 1.94550 1.74713 8.28552 7.88879 4.80652 12.68005 6.79779 17.44843 15.48004 45.92133 22.87292 6.56128 20.74432 22.39227 16.34979 8.71277 18.73016 19.04297 8.30078
0.41962 1.06812 1.37329 1.40381 0.04578 0.21362 0.14496 0.16785 0.00000 0.06104 0.04578 0.02289 0.97656 0.07629 3.34930 13.19885 5.69153 6.88934 10.19287 22.29309 20.03479 28.22876 30.38788 25.98572 17.52472 24.64294 20.18738 26.38245 21.69037 7.09534 6.14929
1.06812 1.10626 2.83051 2.38037 0.74005 0.72479 0.61798 0.68665 0.34332 0.25177 0.67902 1.38855 2.32697 1.58691 1.29700 9.78851 13.78632 8.15582 17.51709 26.87836 8.69751 2.68555 15.99121 26.53503 54.38232 18.63098 8.73566 34.06525 10.29968 13.05389 19.96613
0.99182 1.93787 2.48718 1.22070 5.08118 4.80652 1.27411 0.92316 1.31989 0.58746 1.00708 6.86646 2.07520 1.05286 2.79999 21.67511 7.81250 17.70782 14.58740 1.98364 1.73950 9.01031 10.84137 73.82202 21.48438 5.22614 1.78528 31.89087 8.92639 8.16345 5.12695
1.60217 2.12097 0.44250 3.52478 5.56183 2.92969 1.51825 3.17383 2.88391 0.52643 1.01471 1.12152 10.58960 0.70953 16.63971 51.24664 21.40808 9.88770 3.76129 2.19727 7.33185 16.39557 12.48169 29.69360 15.57159 1.27411 2.47192 8.01849 2.18964 6.25610 2.09045
2.96783 0.75531 1.72424 1.60217 3.09753 1.54877 1.80054 2.70081 3.23486 1.63269 7.74384 15.60974 5.58472 15.99121 28.38135 16.38031 14.86969 7.04193 5.22614 4.50134 4.99725 6.92749 13.09204 5.78308 51.37634 1.02997 0.34332 3.54767 1.38855 3.25012 3.97491
1.83868 2.89154 3.21960 8.87299 1.40381 3.12042 2.28119 3.08990 2.67792 2.30408 14.50348 8.11768 3.54767 33.89740 41.32843 13.78632 21.70563 14.18304 5.05829 3.01361 5.92041 9.28497 7.12585 13.67188 17.73834 5.53131 3.93677 5.74493 4.82178 6.15692 4.87518
