DATA/RAW-RASTER/ECMWF/20170628/EN-30/20170707.en-30.asc
ncols			31
nrows			16
xllcorner		69.5
yllcorner		19.5
cellsize		1.0
NODATA_value	-99999
0.16022 2.11334 2.98309 1.46484 5.10406 2.25830 2.38800 3.36456 0.35095 0.00000 0.72479 2.86865 2.02179 0.75531 1.48773 0.71716 1.41144 1.03760 1.06812 3.75366 5.07355 9.94873 6.14166 1.15967 1.32751 0.30518 0.80109 0.87738 1.86157 2.18201 1.99127
2.58636 0.12207 0.09918 0.45013 1.46484 0.03052 1.17493 0.03052 0.74768 0.44250 0.28992 0.13733 0.68665 0.60272 1.12915 2.82288 1.55640 1.01471 1.55640 2.59399 8.14056 16.12091 0.36621 0.44250 0.17548 1.04523 0.72479 0.42725 0.69427 0.96893 2.30408
2.62451 1.81580 0.06104 0.18311 0.98419 0.74005 1.98364 0.25940 0.02289 0.00000 0.00763 0.00000 0.05341 0.07629 0.48065 1.28174 6.66046 8.50677 8.03375 7.62177 13.93127 11.29913 0.51880 0.51117 1.30463 0.43488 0.17548 0.06104 0.99945 5.01251 5.34821
1.42670 0.20599 0.19073 1.17493 3.35693 0.46539 1.13678 5.05829 0.00000 0.00000 0.00000 0.08392 0.01526 0.51117 0.54932 1.22833 3.86810 12.34436 11.13129 13.97705 9.28497 10.82611 0.59509 0.79346 1.14441 0.19073 8.17108 4.85229 3.37982 8.93402 4.78363
4.05884 0.09155 0.00000 0.00000 0.00763 0.25940 1.43433 0.37384 0.20599 0.03052 0.01526 0.00000 0.04578 0.41962 4.24194 4.77600 12.00104 7.55310 12.55798 14.90784 6.65283 9.56726 8.07190 0.95367 0.67902 0.59509 3.03650 5.62286 11.23047 7.53021 12.38251
1.54114 0.00000 0.00000 0.00000 0.00000 0.09155 0.28992 1.09100 0.84686 1.09100 14.93835 0.79346 2.19727 3.08990 2.97546 3.80707 1.22070 9.39941 18.65387 7.66754 1.93024 9.91058 3.40271 9.59015 3.77655 4.47845 2.30408 2.68555 13.02338 18.51654 9.49097
0.00000 0.00000 0.00000 0.00000 0.00000 0.13733 0.00000 0.04578 1.59454 2.83813 0.39673 9.95636 7.42340 4.76074 2.63977 4.11987 1.40381 6.59943 13.03864 16.02936 8.36182 4.98199 16.44897 9.39178 6.72150 41.95404 20.46204 5.76782 11.42883 16.59393 15.72418
0.00000 0.00000 0.00000 0.00000 0.00000 0.00000 0.00000 0.03052 0.27466 1.48010 3.23486 1.93787 2.04468 4.41742 68.37463 38.18512 14.38141 2.08282 1.73950 2.67029 9.77325 17.90619 11.59668 30.74646 50.70496 67.42859 12.06970 4.01306 65.04822 18.69965 24.51324
0.00763 0.01526 0.24414 0.22125 0.04578 0.00000 0.00763 0.00000 0.00000 0.33569 1.45721 2.77710 3.70789 13.39722 7.98035 32.19604 25.73395 13.93127 13.14545 42.31262 19.36340 9.91821 20.30945 35.61401 14.90784 8.90350 18.77594 15.90729 30.05219 14.32800 24.58954
0.49591 0.70953 1.15967 0.70953 1.01471 0.00763 0.00000 0.00763 0.00000 0.00000 0.00000 0.29755 0.99182 3.67737 11.99341 7.78198 13.96179 12.15363 6.69098 15.73181 4.80652 1.29700 4.95911 3.15094 1.63269 7.94220 11.33728 7.33948 14.71710 16.67786 4.54712
1.51062 1.75476 1.70898 1.57166 0.74768 0.09918 0.00000 0.03052 0.00000 0.42725 0.16785 0.11444 0.14496 1.17493 8.82721 12.22229 11.03210 9.45282 3.61633 3.26538 9.40704 6.88934 5.97382 3.20435 4.58527 5.84412 6.27136 9.57489 11.85608 7.65991 3.37982
0.62561 1.85394 2.99835 2.97546 1.07574 0.68665 0.34332 0.83923 0.02289 0.69427 0.67902 0.27466 0.24414 1.43433 8.07953 16.18195 23.75793 10.00977 1.70135 2.47955 1.93787 2.42615 1.77765 2.55585 4.31824 3.92151 1.25885 7.84302 6.27899 11.51276 11.87897
1.12915 1.26648 1.44196 3.80707 2.49481 1.80054 0.38910 0.43488 0.78583 1.06049 1.19781 0.48828 0.48065 3.76892 0.87738 22.14050 19.40918 5.75256 2.47955 2.42615 1.56403 4.01306 1.48010 2.22778 11.59668 3.78418 1.83105 6.30951 5.79071 11.13129 8.51440
1.98364 1.70898 0.76294 2.86102 4.29535 1.45721 0.92316 0.73242 0.17548 0.20599 0.74768 0.05341 4.44031 2.92969 29.30450 130.51605 29.40369 11.31439 6.57654 4.92096 2.28119 3.08990 0.92316 11.24573 5.19562 1.06812 0.29755 16.89911 18.89038 21.80481 9.95636
2.83051 2.58636 2.72369 6.93512 2.63977 1.15967 2.05231 2.43378 0.01526 0.04578 0.33569 0.25177 2.12097 0.93079 7.70569 46.47064 32.12738 16.09039 5.98145 4.10461 0.99182 1.77765 3.90625 2.09045 0.90790 1.52588 1.18256 10.71930 1.09863 6.71387 4.12750
1.75476 2.73895 4.83704 8.17871 1.44196 1.18256 1.33514 2.92969 1.83868 0.18311 0.61035 2.25067 1.31989 0.69427 4.18854 8.47626 70.13702 23.62823 6.79779 2.12860 1.15204 2.41852 3.83759 7.37000 6.53839 3.66211 10.74982 16.70074 0.33569 2.64740 2.89917
