DATA/RAW-RASTER/ECMWF/20170628/EN-30/20170701.en-30.asc
ncols			31
nrows			16
xllcorner		69.5
yllcorner		19.5
cellsize		1.0
NODATA_value	-99999
1.11389 2.92206 3.47519 3.54004 2.57492 1.72806 2.83432 0.55695 0.41199 0.37003 2.01797 3.07083 3.62015 1.33896 3.69644 0.50735 0.45013 0.44250 1.72806 3.44086 5.76401 6.88934 6.61087 4.08173 4.45557 2.96783 2.47955 1.53351 8.45337 17.42172 17.13562
0.00000 0.24414 1.60599 0.78964 6.90842 2.91443 0.17548 1.39999 1.31989 0.35858 2.50244 5.81741 6.63757 5.15366 6.53076 4.08173 0.69427 0.32043 0.48065 1.31989 2.08282 4.30679 5.98907 2.27737 1.89209 6.70242 3.41034 8.57544 6.71387 16.17432 10.58960
1.28174 0.99564 0.01907 0.07629 0.52261 3.02124 9.65881 4.63104 1.08719 3.33023 3.61252 4.19617 7.22885 11.00159 8.77380 7.99561 7.45773 0.96512 0.53406 0.53787 2.23923 4.06647 2.61307 10.21576 9.63593 11.93237 6.14166 2.30408 1.10626 5.90515 10.44846
2.97165 0.13351 0.00000 0.00381 0.40054 2.23160 14.07242 12.05826 9.68933 3.87955 6.99997 8.61359 8.65555 11.77979 4.80652 5.89371 11.90948 4.03595 9.64355 5.39398 1.78528 5.13840 5.84412 5.76019 11.37543 5.73730 9.01031 9.80759 13.58414 4.31061 11.36017
6.18362 2.59781 0.00763 0.07248 0.89645 2.28119 15.24353 17.67349 23.33832 15.49530 2.91824 5.35202 6.61469 6.25229 4.52423 3.73840 9.10950 11.11603 5.61523 12.37488 11.67679 9.43756 8.57925 3.52097 6.77872 6.68716 7.38525 5.20325 12.09641 9.97162 6.52313
4.68445 6.94656 0.15259 0.59509 1.36185 1.75858 12.24518 20.41626 31.16608 30.15518 14.51111 20.14160 5.59235 1.57166 4.47083 5.39398 7.49207 19.74487 15.56015 8.57162 19.33670 10.70023 10.53238 11.19995 8.39996 10.93674 13.29041 1.56403 3.25012 10.50949 6.08826
0.18692 1.19019 0.04196 0.85068 1.06812 0.58365 7.00378 11.78741 25.32959 30.80368 49.60632 32.20367 24.05167 5.95474 0.45776 1.97220 1.13678 5.19943 5.91278 5.90515 6.90460 17.44080 7.74002 5.48935 9.99069 44.71207 35.48813 16.48712 5.16510 4.11987 6.14548
0.00000 0.01144 0.10681 1.00327 3.93677 4.45557 15.05661 19.08112 29.52194 25.42496 7.19452 20.09583 23.39935 16.47949 24.09363 8.76617 13.01956 1.15204 0.86975 1.09482 4.67300 8.40378 1.86157 11.61957 34.92737 45.26520 140.13290 58.24280 29.40750 5.97382 6.25992
0.00000 0.00000 0.81253 2.57111 8.81195 8.21686 11.88660 34.30557 9.62067 10.46371 3.41034 29.75082 13.14163 18.15414 14.01901 17.82608 6.16455 20.46204 40.73715 14.62555 20.48111 25.09308 23.88000 45.03250 48.47717 25.85602 14.84680 67.55066 68.06564 18.92471 4.87137
0.00000 0.00000 0.90027 5.78690 5.72586 6.82068 10.07080 11.51657 1.16730 3.11279 5.38635 9.97162 2.78854 28.89633 83.62579 37.35733 12.98523 8.07571 4.83704 30.97916 20.33997 11.92093 33.24127 11.42120 7.82013 18.16177 33.03146 29.86526 83.47702 22.20535 11.02448
0.09155 0.06485 0.38528 6.57654 4.97437 23.40317 18.32199 7.74002 0.32043 0.54169 0.61417 5.90134 8.07571 7.65991 30.09415 23.54050 9.89151 4.23050 33.17642 12.32910 14.61029 32.34482 46.93985 20.36285 8.78906 5.40161 7.32422 14.09531 57.99484 27.23694 6.90460
0.58746 0.48828 1.64032 13.42010 91.09116 101.89056 178.37143 19.96613 3.69263 1.89209 1.98364 2.14767 3.77274 8.65173 7.91168 28.70941 3.45993 5.88608 44.18182 2.91824 17.83752 12.39395 2.26974 1.86157 5.11169 18.48221 3.27301 1.96075 17.05551 22.93015 17.36832
0.38528 1.86157 0.92316 13.38959 84.40399 36.21292 44.34967 6.88934 0.80109 1.01089 3.49426 3.66592 2.94495 6.03104 9.62448 4.90952 8.33511 14.69421 5.86319 12.90512 22.53342 26.72577 16.44516 16.34979 17.99774 0.68665 1.07956 3.02124 3.28445 16.86478 5.11932
1.12915 1.81580 0.12970 3.18909 12.96997 1.61362 4.15039 2.91443 3.39890 4.22287 1.43814 0.52643 0.95367 0.67902 3.52478 5.94330 3.65829 6.69098 6.87790 9.06754 6.94275 23.96011 36.07178 36.05652 2.98309 2.46429 0.78964 0.53406 16.13235 18.13889 16.31546
3.86429 3.28827 2.15149 14.71710 76.21384 17.05933 18.35632 16.77322 5.51224 2.23541 2.80762 2.44141 0.91171 4.34494 16.34216 17.35687 5.62286 5.61142 3.89099 1.11389 5.80215 22.26257 45.97473 86.87592 1.93405 0.64468 1.53351 1.62888 1.21689 3.17383 11.42502
3.44849 4.42886 7.52258 20.41245 6.82831 2.23923 1.93024 21.09146 13.14926 2.11716 1.28174 1.76239 0.10681 0.27847 1.44196 1.30081 1.11008 0.01907 4.54330 5.35583 8.02231 12.92419 18.93997 34.45816 49.84665 1.20163 1.86920 9.02939 18.04352 2.28119 2.63977
