DATA/RAW-RASTER/ECMWF/20170628/EN-30/20170704.en-30.asc
ncols			31
nrows			16
xllcorner		69.5
yllcorner		19.5
cellsize		1.0
NODATA_value	-99999
0.00000 0.06866 0.21362 4.08173 3.51334 2.14005 0.43488 0.13351 0.51880 0.01526 0.00000 0.64087 0.87738 5.67245 3.79181 8.76617 3.07846 14.40430 12.33292 9.96780 6.91223 9.65500 9.65118 16.56342 14.82773 9.47952 5.44357 3.47900 0.04196 0.00000 0.00000
0.03815 0.00381 0.70953 0.84686 2.76184 0.03815 0.03052 0.39673 0.06485 0.01144 0.00381 0.20218 1.14441 1.38092 3.65067 4.69589 1.00708 6.87027 17.81845 12.70676 11.09695 10.91003 13.54218 12.31003 15.40756 10.10513 4.05121 2.91824 5.21088 0.50735 0.04578
0.15640 1.64413 1.19019 7.05719 3.86810 1.76620 1.25885 0.10681 0.04196 0.02289 0.74387 1.29318 0.62561 2.22778 1.60217 5.21088 7.79724 10.74600 9.17816 9.34982 15.78522 15.49911 9.14764 7.96509 6.27136 3.57056 0.47302 1.87302 3.76892 1.27411 0.02670
1.58691 0.00763 0.00381 0.02670 6.01959 5.27573 10.31113 45.28046 0.45776 0.53787 0.85449 0.90027 1.53732 5.62668 8.39233 10.23865 15.56015 11.56235 10.93674 9.83047 17.03262 12.50458 8.02612 5.51224 3.20053 0.80490 0.67520 3.66974 5.01633 1.56403 0.02670
0.94604 0.00000 0.00000 0.00000 0.00000 0.73242 1.82343 19.66476 30.48325 6.69479 1.90353 2.83432 4.18854 3.13187 4.95911 13.67950 12.63428 12.07733 5.93948 6.70242 6.13403 2.97928 2.49100 0.66757 0.46539 0.59891 2.88773 5.68771 4.13132 1.58310 0.00000
0.03815 0.01144 0.01144 0.00000 0.00000 0.04196 0.42343 7.40051 10.32639 32.34482 49.71313 50.15182 13.56888 4.71115 6.21033 7.04193 10.56290 4.53186 3.80707 2.94876 2.79617 3.64304 6.56128 4.56619 5.55038 13.93890 9.90677 6.37054 2.26212 0.02670 0.01144
0.00000 0.00381 0.00381 0.00763 0.00000 0.00763 0.30518 2.70844 13.37433 9.08661 45.48645 68.26019 101.29929 16.70456 4.76456 16.36887 14.44626 5.66483 3.96729 7.04575 7.44247 8.60596 8.82721 1.72424 26.68381 70.11795 28.96500 14.56451 8.41522 0.72861 0.15259
0.00000 0.00000 0.00000 0.00000 0.00000 0.00000 0.16403 3.69263 6.31714 2.68173 16.18576 15.94925 27.82822 155.01785 37.27722 13.55362 10.02121 3.72314 1.62506 5.44357 21.16394 24.30344 16.43753 25.97809 33.91266 25.20752 28.82004 16.38794 31.47888 12.20703 14.30893
0.00000 0.01144 0.00763 0.04578 0.06104 0.00381 0.00763 3.66592 3.59344 7.08771 4.98581 5.17654 10.79941 42.12952 34.67941 7.47681 6.01578 14.04953 51.71967 46.90170 79.03290 82.35931 32.81403 42.26303 8.92258 11.76453 29.04510 41.14914 5.84793 7.63702 8.53729
0.03433 0.32425 0.35477 0.72861 0.46539 0.00000 0.00000 0.04578 4.01688 30.71976 19.97757 5.46265 4.91333 6.09207 4.83704 15.32745 22.46857 35.23254 9.34601 24.45221 34.25217 19.21844 30.77698 17.69257 2.22778 22.50671 78.80402 33.27560 44.39926 2.63596 5.84030
0.26321 0.90027 0.67139 0.60654 0.02670 0.16022 0.09155 1.61743 6.38962 6.67191 14.64081 6.49643 8.34274 1.52206 1.53732 2.07901 4.84467 9.96399 25.52795 25.99716 21.83533 34.45435 53.81775 34.94644 7.71332 9.66263 9.63211 6.99997 19.50836 13.88550 3.73077
0.34714 0.64087 1.38474 2.79617 1.56021 1.88446 0.92697 1.94168 0.64468 2.24686 3.33405 0.64468 2.53296 11.13892 34.15680 12.20322 3.61252 36.39221 122.95151 17.34161 41.72897 30.27344 6.95038 7.09915 7.11060 11.48224 10.82611 4.75693 9.27734 7.30896 4.18472
0.53787 0.60272 0.34332 1.01089 2.89917 2.77328 1.09100 1.89209 1.92642 1.79672 2.92587 1.62888 0.51117 1.55640 8.44193 1.43433 0.68283 3.81088 12.28333 10.50949 13.09967 23.79227 19.57321 22.16339 8.11768 11.60812 3.31879 8.01086 17.09366 18.87131 11.23047
1.22070 1.34659 0.48065 1.89972 5.63049 2.52533 2.18201 4.84085 2.65884 0.37003 1.32370 1.77002 0.74005 1.75858 1.43433 1.24741 0.31281 0.05341 0.22888 3.92151 3.00980 19.93942 21.97266 36.67450 11.46317 0.65613 0.83160 8.72040 14.93835 14.93454 15.89584
3.57056 3.11661 2.13623 2.66266 5.13458 0.59509 0.80872 1.96075 1.81580 1.43051 1.60217 0.74005 0.87357 0.54932 0.70190 1.38855 0.02670 0.00381 2.12097 4.91714 4.92859 10.57816 39.50882 24.84512 14.38904 8.50296 33.12683 10.05936 3.73459 25.86365 17.96722
3.33786 5.78308 7.48825 8.54492 1.80054 0.54550 0.69427 1.41525 1.80054 0.97656 0.63324 1.78528 0.96512 0.60272 2.09045 0.15259 1.16348 0.39291 4.59290 2.93350 1.70898 5.92041 30.33066 49.94965 28.81622 11.97815 14.71710 11.06262 10.32639 16.41083 31.77643
