DATA/RAW-RASTER/ECMWF/20170628/EN-30/20170709.en-30.asc
ncols			31
nrows			16
xllcorner		69.5
yllcorner		19.5
cellsize		1.0
NODATA_value	-99999
1.32751 2.95258 10.94055 1.17493 1.02997 2.12097 0.57220 0.09155 0.15259 0.92316 0.70190 1.06049 3.82996 0.76294 0.88501 0.72479 1.41907 1.58691 2.14386 3.28064 4.21906 2.92206 3.73840 4.70734 8.74329 8.72803 8.13293 2.73895 1.22833 8.13293 11.34491
0.00000 1.03760 2.27356 10.20813 10.71167 0.54932 3.89099 0.55695 0.12970 0.48065 2.14386 1.64032 2.10571 2.26593 2.32697 1.91498 0.51117 0.70190 1.45721 2.63977 5.05829 1.71661 1.99127 6.85883 4.58527 5.83649 2.48718 4.47083 9.74274 16.54816 10.11658
0.32806 0.72479 1.11389 5.45502 24.86420 19.00482 5.91278 0.41199 0.67139 0.19073 2.17438 1.57166 3.19672 1.37329 0.45013 1.22070 1.48773 0.35858 1.67847 1.18256 6.08063 2.68555 4.40979 6.37817 9.68170 10.65063 20.83588 37.81891 27.74048 18.37921 25.28381
0.06104 0.32043 1.25122 4.38690 29.58679 18.82172 9.74274 6.83594 0.07629 0.14496 0.06104 0.05341 0.22888 0.13733 0.70190 0.82397 3.66211 4.05121 1.90735 9.23920 6.43158 11.51276 6.59943 9.88007 15.54871 12.36725 15.38086 11.46698 7.94220 7.72858 8.43811
0.28992 0.00000 0.00000 0.19073 0.34332 0.40436 4.76837 4.75311 8.76617 1.50299 0.00000 0.12207 0.22888 0.38910 0.84686 1.96838 6.53076 8.04138 7.08008 8.79669 11.94763 11.48987 22.59827 23.98682 11.96289 2.48718 1.83105 1.06812 2.98309 7.24792 7.31659
0.00000 0.00000 0.00000 0.00000 0.00000 0.00763 0.15259 19.68384 14.20593 13.03101 8.12531 7.13348 3.81470 0.12970 0.35858 8.46863 14.06097 6.38580 8.57544 13.71002 6.46973 15.60974 13.87024 20.88165 6.72913 8.89587 4.57764 0.40436 6.51550 0.95367 0.80872
0.00000 0.00000 0.00000 0.00000 0.00000 0.00000 0.00000 1.48010 4.92859 5.80597 29.35028 4.60052 5.12695 13.22174 1.70898 12.90894 10.65063 3.83759 5.59998 8.70514 2.96783 6.27899 16.74652 1.98364 9.70459 46.66138 7.79724 8.11005 1.08337 0.49591 1.00708
0.00000 0.00000 0.00000 0.00000 0.00000 0.00000 0.00000 0.16785 0.91553 5.25665 3.91388 10.59723 2.77710 21.48438 11.38306 11.58905 19.95850 3.76892 10.40649 2.57874 9.34601 6.88934 4.52423 23.51379 7.85065 13.94653 4.99725 4.42505 23.02551 1.32751 1.64032
0.00000 0.00000 0.00000 0.00000 0.00000 0.00000 0.00000 0.00000 0.00000 0.58746 8.56018 10.72693 7.85065 13.60321 13.45062 15.57922 3.89862 85.59418 102.91290 17.18140 17.05170 84.99908 31.65436 22.60590 16.49475 6.69861 8.68988 28.96118 13.20648 4.79889 5.66101
0.00000 0.05341 0.02289 0.00000 0.14496 0.00000 0.00000 0.00000 0.00000 0.19073 0.47302 5.87463 5.31769 5.19562 12.20703 9.65881 13.70239 9.70459 11.74164 17.08221 11.16180 23.47565 39.03198 14.57214 15.51056 14.45770 15.17487 9.90295 9.97162 7.43866 7.27081
0.19073 0.14496 0.54932 1.04523 0.00000 0.06866 0.05341 0.12207 0.03052 0.27466 2.60925 18.89038 16.49475 9.58252 9.52148 19.54651 7.49207 5.88989 7.31659 11.26862 4.21906 93.22357 99.02954 21.06476 10.80322 29.83093 12.42065 27.74811 14.70947 6.93512 4.02832
0.37384 0.74768 1.82343 2.56348 0.52643 0.54169 0.09918 0.87738 0.19073 0.50354 4.08173 19.92798 28.69415 22.67456 8.73566 14.76288 3.83759 3.18146 6.26373 14.06860 13.93127 27.16064 54.74091 21.91925 21.11816 10.77271 8.65173 7.11060 7.62177 17.71545 13.19122
0.78583 3.05939 4.35638 2.23541 2.72369 3.31879 0.77057 0.61035 0.19073 0.29755 16.16669 18.58521 28.38898 11.16943 22.80426 10.62012 5.68390 3.39508 18.53943 10.71930 35.17151 6.95038 10.30731 9.33075 12.90894 0.93079 6.43921 24.39880 8.35419 9.27734 10.25391
3.22723 3.71552 0.97656 2.15912 2.96021 1.00708 0.59509 1.20544 2.10571 2.24304 16.61682 9.78851 29.09088 13.74817 8.06427 6.43158 2.84576 11.41357 9.78088 14.22119 18.14270 15.64789 1.29700 74.19586 16.73126 13.09204 1.21307 7.30896 10.13184 11.23047 1.99890
1.90735 1.86157 1.69373 2.58636 5.72205 2.21252 0.84686 0.49591 4.59290 1.23596 11.14655 44.87610 80.97839 26.94702 23.78082 12.39014 9.20105 9.32312 3.99017 3.21960 4.96674 7.37000 9.07898 13.63373 26.06201 1.39618 2.20490 16.04462 1.65558 6.91223 2.68555
2.67029 3.40271 3.32642 23.05603 4.41742 5.71442 3.45612 2.14386 8.06427 7.70569 25.09308 58.48694 56.92291 66.53595 50.12512 22.23969 8.68225 6.68335 3.81470 3.54767 4.28772 2.41089 6.23322 16.60919 69.55719 4.27246 1.03760 4.79126 3.89862 3.07465 3.29590
