DATA/RAW-RASTER/ECMWF/20170628/EN-19/20170629.en-19.asc
ncols			31
nrows			16
xllcorner		69.5
yllcorner		19.5
cellsize		1.0
NODATA_value	-99999
1.63651 3.62587 1.38664 3.02315 10.52475 9.14001 9.45663 4.91142 2.19345 1.35803 2.66075 8.65555 9.25827 6.58607 3.92342 3.17764 0.76675 9.34792 4.25529 10.57053 11.00731 5.54657 5.21469 1.39999 1.19019 0.67711 0.73814 0.18883 0.10300 0.06866 1.14632
1.64986 0.08965 0.99373 4.78554 6.15311 4.94194 6.25229 7.01523 10.14709 4.96483 5.23376 4.63104 7.07626 8.89969 8.41141 5.40352 4.37164 2.93732 6.60133 1.62697 4.67873 4.13704 6.02913 11.73401 6.07681 2.69318 1.86539 1.26076 1.36757 0.65231 0.85449
2.32506 0.15259 0.39482 0.16403 0.65804 36.97968 29.26445 23.80371 7.73621 3.84140 0.93842 1.50681 1.48964 5.42831 6.86455 8.49915 6.95992 7.10487 4.97818 4.97055 7.95746 1.29128 1.59836 6.84929 3.45421 3.22914 6.05011 1.32179 2.15530 1.51634 1.10626
0.04387 1.02425 2.37274 5.76401 8.36754 81.18248 147.72034 7.59697 11.47842 0.87357 0.80681 1.17493 3.86810 1.75095 3.24440 5.95284 5.89943 9.73511 14.82773 13.65280 7.66563 2.86865 4.67873 12.81929 10.82230 5.58281 15.59639 7.90596 1.31607 2.91252 2.57492
1.90544 0.49782 2.58446 9.36317 29.81949 19.66095 31.66389 19.50836 4.78745 3.27492 0.16403 4.89044 2.68173 0.75150 1.43433 0.47874 2.03896 1.81198 10.16808 7.02477 12.17842 7.94411 9.28879 9.76181 7.65800 2.66838 5.44548 22.68791 18.42499 7.59506 1.47247
1.97220 3.06892 0.83542 7.57599 2.46811 24.26147 14.12392 28.98788 25.97427 10.56099 3.49617 6.15692 5.06020 0.47874 1.77765 1.15013 3.05748 2.43950 5.08118 12.28333 11.41357 13.26752 12.21275 18.09311 15.54108 20.46585 9.46808 1.72424 9.02176 13.52882 7.96700
2.71225 2.20490 1.18637 2.46429 26.20506 12.48741 4.58527 30.69305 19.13452 37.46986 27.41051 15.92445 8.77762 4.22668 0.50735 0.80299 0.81253 1.92642 2.04659 3.94249 7.04956 12.72392 18.28766 16.55388 21.83533 55.74799 24.29008 15.92255 6.30379 4.66156 11.86371
1.33514 6.15120 9.13620 13.70430 12.01820 24.05930 19.37294 9.14001 10.06126 12.22610 12.51030 31.55518 11.94191 15.88631 15.97214 27.75955 40.05623 0.28801 7.61795 6.07491 11.68823 20.28084 6.26945 22.39227 19.91653 36.64589 25.09117 11.44409 23.87047 12.06398 10.34737
1.86157 14.31847 1.69754 17.41791 25.83885 4.06075 2.50626 1.02234 2.72751 7.10678 13.44299 9.76372 16.44325 6.60324 43.70880 20.73669 22.80426 27.44865 83.39119 62.25204 44.57283 102.51999 46.30661 36.69548 47.36710 10.58006 11.25908 76.81847 82.29446 25.80643 9.23729
3.88718 3.43323 1.55258 10.19287 6.49261 3.51715 1.14441 1.81198 1.73187 1.91116 2.45857 11.05309 11.53946 8.61931 21.15250 16.38222 6.25992 4.71497 3.33977 2.51770 11.01875 12.39586 13.70049 7.36809 10.74409 9.03702 56.69403 18.21709 50.59242 11.46507 4.23050
9.41467 4.31442 3.40080 3.57437 1.48010 1.87111 0.31471 0.83733 0.76866 1.09863 0.73242 8.97217 15.11192 28.31078 38.58566 39.69193 22.11380 1.22833 1.09100 3.12805 15.56587 25.05493 27.15683 11.32011 7.40814 8.23784 5.08881 3.68881 22.56393 8.17108 3.19672
57.67059 11.58905 13.26370 10.42175 4.40788 1.00708 0.42725 0.32234 0.45395 1.08910 6.20842 8.35419 6.83784 19.48738 9.87053 11.79886 9.17244 5.14984 2.45476 5.46646 11.66725 7.36237 6.63757 4.64821 7.85828 8.05283 3.27492 2.82860 17.66205 13.59367 13.71002
5.45311 10.22148 3.30353 3.46565 3.06320 1.94550 0.83542 0.66376 0.47302 0.51880 7.36427 4.83322 12.19368 30.44128 11.61766 8.92067 8.14438 3.57819 8.72612 17.62009 14.32610 13.95798 3.91579 10.83946 8.84628 3.37982 1.04141 2.98309 10.45799 8.98170 4.85802
3.24821 3.87573 0.56267 5.27000 1.47247 0.40054 1.15776 0.55122 1.36375 1.11389 9.24492 22.29500 1.50681 4.69971 11.99532 29.98352 17.83371 3.56293 8.04138 14.45389 8.60023 19.12498 7.67326 5.66864 2.73132 1.50490 1.84250 3.84140 10.59151 11.73210 10.72502
19.43779 8.89587 5.51033 12.17079 2.61879 1.01852 1.39809 0.99754 0.25177 0.87547 0.20218 0.65231 0.70190 9.79614 13.13972 1.63078 0.65041 2.48337 9.93919 11.95335 21.40617 16.22581 27.19498 25.71869 7.31850 1.62888 6.14929 1.64795 6.61278 14.93073 6.10161
10.31303 9.71031 8.76999 13.81302 2.94304 0.93269 0.67520 0.70381 1.34087 0.63133 1.06430 8.11768 2.89154 2.90680 5.92995 8.05473 1.74904 0.88692 9.30023 15.04326 15.58685 11.82938 24.11270 28.36227 30.07698 10.43129 10.26535 1.98746 2.38419 6.35338 30.97725
