DATA/RAW-RASTER/ECMWF/20170628/EN-19/20170706.en-19.asc
ncols			31
nrows			16
xllcorner		69.5
yllcorner		19.5
cellsize		1.0
NODATA_value	-99999
1.01471 2.33459 0.15259 0.88501 1.75476 1.13678 1.00708 0.06866 0.13733 0.03815 1.44196 2.15912 9.15527 9.46045 7.59125 6.60706 7.91168 0.57220 6.03485 1.64795 1.74713 1.86920 1.55640 1.82343 0.59509 0.28992 0.94604 0.57220 1.10626 0.94604 10.29968
0.23651 3.70789 2.36511 0.61035 3.25012 0.54932 0.03052 0.38910 0.08392 0.01526 2.01416 1.67847 7.25555 12.00104 13.08441 3.98254 3.44849 0.88501 1.05286 0.82397 0.67139 1.54114 3.26538 3.31879 8.22449 3.05176 1.22833 1.05286 3.66974 3.61633 3.82233
0.86975 0.19836 1.52588 0.74768 6.24084 1.69373 1.60980 0.06104 0.00763 0.01526 2.44904 1.76239 5.64575 18.86749 10.38361 7.90405 4.89044 2.85339 1.39618 1.64795 1.16730 1.73187 3.13568 12.74109 4.64630 13.49640 6.08826 4.24957 4.51660 8.78906 13.32855
1.44958 0.77820 0.09918 0.11444 0.16785 1.26648 2.22778 5.63812 0.04578 0.90027 2.22778 7.27081 10.91766 4.33350 6.69861 3.99017 6.41632 8.52966 3.99780 0.84686 1.53351 6.05011 8.56781 19.21082 8.88824 8.72803 12.55798 9.24683 20.88928 16.99829 23.26202
2.97546 0.54932 0.02289 0.00000 0.00000 0.28992 0.69427 1.87683 3.37219 2.68555 0.22888 1.41144 2.33459 2.73895 6.33240 5.06592 4.98199 4.63867 5.89752 4.57001 6.06537 21.29364 18.92853 5.50079 2.27356 3.74603 14.05334 15.02991 20.05768 12.14600 21.15631
0.22888 0.00000 0.00000 0.00000 0.00000 0.00000 0.02289 1.49536 1.44196 11.52039 4.23431 3.12042 3.89862 2.16675 4.72260 5.85175 11.94763 8.70514 16.44135 12.87079 37.97913 6.85883 6.74438 9.49097 10.08606 9.97925 12.16888 16.24298 28.96881 26.11542 8.61359
0.00000 0.00000 0.00000 0.00000 0.00000 0.00000 0.01526 0.09155 0.09918 1.83105 2.99835 13.19122 10.63538 6.43921 0.76294 4.95148 10.24628 10.43701 8.75854 10.74982 10.03265 9.26208 7.31659 3.17383 5.63049 22.72797 33.16498 22.28546 14.37378 8.72803 12.10022
0.00000 0.00000 0.00000 0.00000 0.00000 0.00000 0.00000 0.00763 0.06104 0.08392 1.15967 11.79504 3.99017 35.27832 17.70782 12.16888 10.49042 8.28552 12.00104 5.26428 3.89862 14.82391 7.08008 13.86261 21.33179 14.70947 35.85815 12.72583 17.82990 7.88116 13.64136
0.00000 0.02289 0.00000 0.00000 0.00000 0.00763 0.00000 0.00000 0.00000 0.00763 0.35095 2.41089 17.70020 9.01794 3.43323 70.08362 32.60040 78.05634 127.39563 80.55878 94.86389 31.96716 16.65497 10.69641 6.24084 6.43921 19.01245 31.31866 23.06366 4.92859 13.92365
0.19073 0.34332 0.22888 0.12970 0.03052 0.00000 0.00763 0.06104 0.25940 0.12207 0.44250 0.21362 6.21796 23.04840 39.26086 22.89581 30.39551 3.44849 7.34711 7.53021 8.32367 6.99615 15.88440 0.56458 3.63159 17.13562 26.22223 56.11420 20.30945 9.05609 13.61084
0.19073 0.22125 0.22888 0.20599 0.03815 0.51117 0.00763 0.22125 0.19836 0.21362 0.68665 0.29755 6.17981 6.05774 13.65662 36.73553 8.64410 2.51770 11.93237 7.41577 7.30133 8.47626 12.70294 17.56287 5.62286 13.29803 11.54327 25.65765 34.47723 16.70837 8.51440
0.32043 0.80109 0.61798 1.71661 0.31281 0.54932 0.49591 0.39673 0.02289 0.16785 0.69427 6.13403 13.45825 10.68115 11.39832 21.80481 39.33716 16.28876 9.83429 4.48608 12.40540 8.65173 0.95367 4.03595 18.52417 11.32202 10.00214 22.25494 29.09851 28.51105 17.25769
0.95367 0.35095 0.23651 1.29700 1.91498 1.50299 0.86975 0.90790 0.35858 0.30518 0.54169 5.24139 6.80542 11.11603 21.82007 29.25110 18.94379 1.35803 2.77710 4.95148 9.78851 1.95312 0.81635 9.64355 25.85602 5.48553 5.34058 12.00104 20.85876 30.26581 19.43207
1.77765 0.94604 0.65613 3.32642 2.16675 1.32751 0.74768 1.59454 1.07574 0.06104 0.17548 1.26648 11.05499 22.62115 107.88727 34.58405 8.94928 6.08826 7.54547 2.97546 6.43921 7.40814 7.64465 4.88281 7.06482 6.98090 4.67682 8.38470 36.20911 28.84674 17.09747
2.32697 2.24304 1.54114 3.71552 2.76184 3.04413 1.94550 0.64087 0.95367 0.45013 0.46539 0.70190 8.52203 16.24298 55.56488 81.29120 4.66156 1.67847 1.58691 2.98309 1.81580 1.62506 10.31494 6.79779 0.74005 1.09100 1.61743 4.99725 20.24841 27.29797 29.41895
2.05994 2.74658 3.47137 9.27734 1.28174 2.55585 2.76947 2.29645 3.66974 2.63214 6.14929 2.36511 3.03650 3.54767 12.69531 91.78162 7.69043 3.27301 0.77057 0.93842 1.22070 1.83868 11.21521 14.35089 11.98578 9.17816 7.20978 9.91058 11.58905 10.50568 24.59717
