DATA/RAW-RASTER/ECMWF/20170628/EN-19/20170711.en-19.asc
ncols			31
nrows			16
xllcorner		69.5
yllcorner		19.5
cellsize		1.0
NODATA_value	-99999
8.49915 14.28986 14.32800 7.88116 5.89752 11.68823 1.16730 0.32043 0.99945 6.45447 1.85394 0.88501 1.09863 0.46539 0.50354 0.20599 0.47302 0.26703 0.36621 0.12970 0.11444 0.79346 0.16785 0.97656 2.29645 0.74005 1.75476 4.69971 1.75476 1.33514 1.41907
0.57983 1.09100 4.05121 6.67572 8.78143 0.98419 0.71716 4.15802 3.37219 6.51550 11.55853 3.82996 1.52588 0.44250 0.90790 0.49591 0.28992 0.19836 1.06812 0.70190 1.22833 1.28937 0.00000 0.09918 0.52643 1.04523 1.23596 0.65613 1.25885 0.90027 8.63647
0.56458 3.46375 10.08606 22.16339 5.80597 9.23920 7.71332 0.71716 8.70514 14.46533 13.89313 1.77765 0.96893 0.47302 0.80872 0.66376 0.83923 1.04523 1.18256 1.30463 1.17493 1.03760 1.17493 1.62506 0.90790 5.86700 0.32043 0.61035 1.19019 3.41797 2.47192
16.74652 5.54657 5.57709 19.15741 11.97052 1.83105 4.37927 24.91760 2.83813 7.32422 15.28168 7.17163 0.55695 0.68665 0.78583 0.86212 0.35095 0.13733 1.87683 1.23596 0.08392 0.10681 0.49591 0.52643 0.88501 1.07574 1.48773 5.19562 2.51770 1.66321 2.43378
7.33948 4.40216 17.27295 31.43311 20.91217 18.13507 0.28229 20.94269 12.74109 5.18036 2.65503 11.45935 2.99835 0.53406 2.07520 0.74768 1.22833 0.29755 1.40381 1.74713 1.28937 0.46539 0.66376 0.35095 1.38092 2.35748 3.87573 1.55640 0.98419 4.56238 1.76239
1.51825 0.32806 14.81628 24.39117 18.25714 15.58685 4.03595 28.84674 4.89807 4.46320 5.31769 8.67462 9.71985 13.88550 6.70624 0.19836 0.07629 0.94604 1.96838 5.78308 3.21198 1.25122 0.75531 1.68610 5.14984 3.80707 1.73950 5.01251 6.35529 3.50189 10.93292
0.00000 0.00000 0.00763 1.98364 0.68665 15.57922 40.19928 49.33929 123.37494 13.83209 208.29773 65.50598 33.39386 17.60101 25.19226 7.76672 5.45502 4.40216 3.73077 2.14386 3.50952 5.72205 5.75256 5.96619 3.31879 2.90680 12.74109 9.49097 11.08551 13.61847 13.12256
0.00000 0.00000 0.00000 0.02289 0.41199 0.32806 7.27081 13.18359 38.35297 9.83429 7.05719 7.33948 10.80322 66.69617 29.86145 17.98248 12.48169 7.49207 10.09369 9.39941 10.78796 8.64410 3.12042 3.05939 0.80872 0.07629 1.60980 4.76074 12.08496 12.06970 11.64246
0.00000 0.00000 0.17548 0.51117 0.03052 0.46539 7.79724 11.77216 3.36456 6.43921 15.24353 15.26642 16.47949 8.90350 7.17163 2.87628 1.70135 19.92798 49.69025 23.07129 21.29364 9.17053 3.50952 15.31982 23.77319 3.37219 0.17548 4.98199 2.61688 1.32751 2.12097
0.20599 0.67902 1.02997 0.24414 0.54169 0.05341 3.35693 6.50024 20.01953 44.92188 12.33673 13.29041 10.60486 18.66913 19.63806 12.40540 6.44684 32.43256 39.17694 58.54034 143.13507 127.44904 32.02820 4.85992 66.69617 11.42883 2.03705 0.28992 3.00598 7.08771 5.62286
0.22888 1.14441 0.83923 1.30463 0.70190 0.46539 6.09589 29.83856 8.13293 91.50696 1.48773 2.43378 0.80109 0.83160 8.08716 32.42493 23.04077 34.66797 48.66791 63.40790 116.63055 56.48804 59.08966 13.76343 5.95093 8.62885 2.41089 14.78577 7.42340 3.50952 3.62396
0.85449 1.28937 3.39508 6.80542 4.37164 2.28119 1.55640 33.79822 24.29962 69.93866 10.11658 11.56616 2.03705 3.94440 5.05066 19.19556 17.75360 26.13068 31.83746 76.33972 25.16937 38.36060 26.72577 28.21350 3.98254 4.02069 74.94354 14.23645 3.19672 1.40381 3.15094
1.60217 1.61743 1.27411 1.96838 2.79999 3.71552 22.70508 28.36609 33.66089 22.49908 24.28436 8.91876 2.55585 4.84467 8.40759 6.56891 10.71930 9.81140 27.19879 36.05652 15.41138 27.85492 12.69531 23.75793 22.09473 17.72308 6.11877 17.39502 5.91278 12.36725 15.76996
3.18909 2.45667 0.35858 1.37329 2.88391 1.60980 3.28064 22.84241 39.86359 25.07782 0.86212 7.75146 1.14441 4.12750 10.29968 8.88062 4.21143 17.37213 44.66248 37.17041 11.28387 19.81354 12.13837 8.17871 23.38409 4.82178 3.86047 11.48224 30.60150 10.24628 12.93182
1.90735 3.63159 2.49481 7.59125 7.04956 1.41907 2.38037 2.40326 1.56403 3.77655 6.41632 0.79346 0.97656 0.68665 1.44958 2.68555 6.79779 7.37000 23.79608 13.98468 6.42395 7.30896 13.50403 9.79614 0.71716 3.16620 6.14166 16.83807 20.20264 7.91931 6.34766
0.90790 5.17273 8.38470 19.90509 25.99335 4.40216 1.17493 6.20270 5.45502 2.86102 14.49585 7.98798 0.41199 2.58636 2.02179 5.03540 9.68170 4.88281 10.38361 9.22394 7.38525 8.56781 7.88879 7.27844 2.94495 0.77820 8.26263 10.23865 16.34979 20.30945 34.88159
