DATA/RAW-RASTER/ECMWF/20170628/EN-19/20170701.en-19.asc
ncols			31
nrows			16
xllcorner		69.5
yllcorner		19.5
cellsize		1.0
NODATA_value	-99999
0.26321 3.15285 4.62914 2.14386 6.83212 0.70572 2.75421 0.04387 0.06676 0.11253 0.82397 0.77629 1.56593 2.22397 1.49918 1.52969 1.48010 1.03951 4.43840 4.29344 2.40707 3.28064 4.92668 4.84276 11.82938 7.45010 12.57515 9.89914 9.89151 5.46455 0.82207
0.00191 0.00000 0.96130 3.82423 2.52342 1.07765 0.04578 0.24414 0.02098 0.18883 1.25313 1.22261 0.86403 2.29263 0.98610 1.65176 0.69809 2.51389 3.04222 2.91443 2.54822 4.82559 8.02994 8.51822 11.40404 5.41306 6.74820 4.82178 7.98798 10.20050 2.59209
0.00000 0.13733 0.00763 1.93405 0.95558 2.77901 3.00026 0.07629 0.46539 0.01907 0.07439 0.39101 1.29509 1.41335 1.19781 1.30081 2.47765 3.54385 8.24356 5.04303 3.51334 9.96017 7.95555 3.01933 6.51932 3.14713 7.78389 13.32092 11.61575 16.15906 5.18990
0.00954 0.00191 0.29182 0.20409 0.50926 0.13733 0.90218 6.79398 0.03815 0.15259 1.03951 0.48637 0.78964 3.19099 2.59018 6.17981 3.65448 4.53568 7.22504 8.09479 10.72502 10.48851 8.69751 9.15527 8.93402 4.34685 7.52831 9.84764 12.04872 18.47839 10.44655
0.94223 0.08965 0.16022 1.69754 1.09863 1.93787 0.07439 3.34358 3.64494 0.23842 0.03242 1.80244 2.48337 9.04083 5.49507 16.47758 10.71930 11.56616 5.43976 9.53102 12.81929 7.46346 8.51440 7.48253 6.81305 1.64223 3.16048 12.39014 10.92148 14.71519 13.98468
0.26512 0.00191 0.00000 0.20409 5.20325 0.73624 8.98552 1.31226 1.10817 27.68898 7.18880 10.66780 7.61223 1.61743 9.40704 4.09126 5.47218 5.54276 5.88417 5.88036 7.59888 6.63948 5.19180 6.94275 14.39285 17.45415 8.35037 2.23732 7.69806 7.61032 16.48140
0.00000 0.00000 0.00000 0.03624 3.62968 1.54114 1.97411 4.85039 3.65829 4.86183 14.68849 38.02109 12.80785 11.23047 2.58064 2.52151 2.58446 5.61333 1.36757 4.45938 6.30379 8.66127 7.19261 5.72586 6.16837 94.00940 27.73094 17.99011 5.35202 3.89862 12.54272
0.00191 0.00191 0.00000 0.00000 0.05531 0.62370 1.58119 4.62532 9.47762 1.35422 7.29942 127.10381 20.10727 6.86646 48.29025 15.36560 9.92775 10.61440 2.56538 1.94359 7.14111 11.83128 9.08089 21.06857 101.16005 80.19066 48.91014 23.72551 31.74019 12.55226 7.67517
0.00000 0.00000 0.00191 0.03052 0.28992 0.34714 1.19400 3.61824 8.94928 11.80458 9.69887 36.84998 25.10643 36.63063 18.08739 70.08743 44.97719 41.09383 14.12201 26.81160 39.11781 61.90300 97.76878 216.19987 80.08003 22.21298 20.50972 243.51501 129.28581 33.04863 4.63867
0.00572 0.12207 0.18883 0.84496 1.82724 0.56648 0.55695 1.75667 2.73514 10.08797 10.96916 17.56287 10.00786 31.63910 9.07135 10.17570 31.19469 77.55280 23.34595 13.03864 16.54816 11.35445 105.82542 8.40187 14.00185 5.20897 24.19662 15.11765 29.20341 6.95419 4.86946
0.13924 0.41008 0.98801 1.49727 0.77438 16.20102 20.58792 4.21906 4.23050 4.14085 30.23148 5.08690 7.43866 3.96156 2.13432 24.83368 10.60867 14.26125 11.48415 12.29477 16.25824 34.69467 62.92534 15.97977 32.97615 65.40871 1.43623 4.21333 36.37886 20.45059 10.51712
0.26512 0.31662 2.56538 6.32095 2.11334 1.34277 2.79617 2.11525 0.71335 1.72234 14.14299 118.55125 76.19858 27.21405 20.75386 3.41034 4.55093 21.14296 11.93047 16.07513 26.21269 29.55055 4.37737 2.97165 8.39615 6.03104 2.80571 39.54697 16.73698 15.01656 12.13074
1.03951 1.49727 2.11906 62.06512 1.77956 0.78011 2.66838 3.95203 4.04358 2.14195 1.87111 10.97298 26.90506 144.73915 39.66522 13.38196 20.38956 53.66898 80.53780 16.17813 8.75473 18.54706 26.28326 12.40540 33.49495 8.10814 1.86920 2.14005 17.59338 8.19397 9.22775
2.59209 7.78961 1.37901 44.85893 17.70592 6.28090 16.71028 12.04109 53.73955 7.52449 3.92723 5.11932 7.42912 19.89746 12.17842 17.07268 15.90347 4.52614 9.99069 6.80733 9.18198 27.13203 32.28760 76.63536 9.48524 9.12285 5.27573 2.31552 3.66020 4.33922 10.26535
2.89345 2.00462 0.88692 5.95284 9.23920 1.85966 3.73650 2.41280 4.57573 1.09291 6.14738 27.98462 68.17436 57.44362 11.66725 8.74138 4.50516 5.61714 7.23267 11.50703 24.83368 25.78735 58.91800 42.96875 36.86905 1.69373 2.84576 2.44904 1.49345 4.60625 22.35031
1.92451 2.71797 3.65829 11.31248 3.00217 2.12288 2.09999 8.70514 12.22038 4.29916 1.89400 3.41225 3.38936 7.40623 10.88142 3.76320 17.01927 7.68661 13.01193 9.84764 16.38412 30.69878 40.78865 67.18636 75.30785 7.16972 3.97491 6.60515 2.79999 0.86975 0.71907
