DATA/RAW-RASTER/ECMWF/20170628/EN-19/20170712.en-19.asc
ncols			31
nrows			16
xllcorner		69.5
yllcorner		19.5
cellsize		1.0
NODATA_value	-99999
4.69971 21.65222 3.73077 13.13019 11.12366 8.80432 0.64850 0.19073 0.96130 4.05884 16.05225 1.41907 4.65393 5.20325 0.50354 0.32043 0.14496 0.76294 0.63324 0.38147 0.36621 1.57166 0.12970 0.03815 0.20599 0.80872 0.74005 0.32806 0.28992 0.67902 2.09045
0.32806 2.25067 8.25500 12.93182 19.63043 0.74768 0.35095 6.73676 3.32642 4.16565 15.78522 8.95691 6.17218 0.70953 0.59509 0.36621 0.73242 0.51880 0.63324 0.50354 0.79346 0.90027 0.68665 0.45013 1.09100 2.95258 1.96075 8.76617 1.41144 0.49591 1.35803
0.74005 18.70728 1.09863 0.27466 17.76123 15.28168 22.27783 2.25830 13.23700 7.22504 7.67517 9.92584 2.32697 0.49591 0.04578 0.13733 0.48828 0.59509 0.60272 0.56458 0.41199 0.66376 0.27466 1.13678 1.19019 3.48663 0.99945 0.68665 1.31989 1.40381 1.13678
3.55530 0.44250 0.38147 7.30133 9.64355 5.14221 8.43811 9.70459 1.48773 5.42450 6.60706 18.66913 5.92041 0.76294 0.32806 0.00763 0.25177 0.12207 0.32806 0.49591 0.35858 0.63324 1.92261 1.60217 3.35693 3.83759 1.88446 1.60980 6.77490 6.91223 6.65283
4.45557 2.90680 2.21252 11.82556 8.26263 2.60925 3.12805 1.57928 3.34930 6.64520 1.24359 29.33502 2.63214 0.86212 1.51825 2.14386 1.62506 1.45721 0.44250 0.70190 1.18256 2.51007 3.23486 1.20544 4.60052 3.23486 5.33295 4.00543 4.90570 9.57489 7.82013
6.59180 0.61035 7.59888 12.15363 18.70728 13.91602 46.77582 28.67889 33.32520 1.86920 2.80762 12.29095 9.58252 3.28827 11.61957 4.27246 1.19781 3.89862 4.24957 8.36945 9.90295 2.46429 5.12695 3.95203 5.53131 6.93512 6.71387 8.35419 8.58307 2.48718 12.51221
0.32806 1.15204 3.31116 5.07355 16.90674 73.53210 42.43469 66.36810 117.55371 7.91168 11.10077 0.86975 11.61194 15.60211 4.92096 6.77490 12.18414 10.86426 7.13348 2.87628 14.92310 9.45282 8.63647 4.56238 8.12531 9.03320 15.66315 12.80975 5.67627 6.58417 12.62665
0.00000 0.00000 0.82397 4.59290 12.23755 33.38623 115.21149 11.99341 8.62122 21.53015 5.02014 5.86700 18.01300 2.22015 2.94495 8.07953 16.47186 1.32751 0.72479 2.02942 12.76398 7.36237 4.63104 12.42065 14.57977 0.50354 0.52643 10.58960 12.27570 19.28711 13.10730
0.12207 0.14496 0.45013 0.18311 1.70898 13.04626 12.32910 11.95526 31.44836 4.61578 3.76129 4.76074 3.35693 12.06207 10.38361 8.97217 5.47791 4.82941 3.20435 9.67407 5.93567 12.64954 8.90350 6.12640 2.34985 3.37219 4.98962 21.27838 13.45062 13.56506 14.38904
0.00000 0.06866 0.24414 0.77057 1.83105 16.62445 10.00214 8.86536 27.71759 61.34796 16.14380 4.45557 7.01141 12.82501 9.37653 8.96454 95.80994 84.48792 37.10938 27.15302 29.38080 33.11920 10.36072 8.10242 7.81250 7.76672 11.00159 11.82556 18.33344 21.79718 15.86151
0.16785 1.06049 1.51062 1.73950 3.28827 1.54114 15.61737 5.64575 11.47461 14.69421 11.91711 24.23096 3.59344 6.98090 6.41632 11.45172 19.64569 21.48438 88.53149 17.34924 18.37921 12.44354 7.79724 7.77435 8.19397 9.07898 14.00757 8.10242 18.49365 8.72803 11.50513
1.52588 1.65558 2.83051 9.30786 10.23865 2.77710 4.48608 16.39557 8.09479 170.76874 98.36578 24.26910 6.88171 14.70947 21.08002 14.38141 19.91272 13.03101 22.51434 19.22607 7.61414 3.12805 19.25659 8.23975 10.68878 23.00262 6.92749 0.74768 10.00977 11.74927 2.62451
2.34222 2.18964 2.07520 1.41907 2.82288 7.87354 11.49750 21.81244 24.23096 47.22595 25.25330 5.72205 7.49207 29.61731 27.25983 26.00861 9.77325 15.44952 18.41736 38.43689 16.92200 10.39124 4.32587 11.83319 5.87463 9.46045 21.69037 10.43701 11.55090 1.83105 3.72314
2.11334 2.83813 0.55695 0.97656 4.57764 2.31934 3.37219 19.92035 12.68005 20.65277 22.23206 12.76398 38.19275 34.33990 25.71869 24.37592 8.11005 20.36285 22.12524 30.54047 5.97382 8.23212 9.49860 8.31604 7.20215 6.10352 1.64795 12.90131 6.51550 1.37329 1.78528
1.31989 3.07465 1.93787 1.70135 4.50134 1.94550 1.55640 20.40863 12.42065 8.42285 16.46423 11.04736 4.78363 22.61353 20.62225 16.28113 17.72308 20.73669 11.61194 13.31329 11.76453 5.27954 5.82123 7.56073 9.39178 24.30725 4.35638 6.81305 9.34601 4.54712 5.63049
0.95367 3.28827 6.30188 10.55145 1.23596 4.87518 2.47955 5.45502 24.04785 10.80322 14.91547 16.01410 8.32367 16.27350 8.39233 10.90240 19.85931 8.52203 5.09644 8.57544 7.82776 4.12750 5.02014 6.63757 7.40814 11.61957 14.20593 2.76947 6.11877 10.94055 13.80157
