DATA/RAW-RASTER/ECMWF/20170628/EN-19/20170704.en-19.asc
ncols			31
nrows			16
xllcorner		69.5
yllcorner		19.5
cellsize		1.0
NODATA_value	-99999
0.13733 0.00763 0.00000 0.90027 4.32587 0.00381 1.79672 0.05722 0.10681 0.00000 0.40436 1.63651 1.66321 1.02234 0.49591 1.15585 9.25064 10.97488 13.34381 1.72424 1.02997 1.22452 0.72479 2.23541 1.10245 16.70074 21.45004 17.22717 7.04956 6.42776 0.46921
0.12207 0.00000 0.00381 0.00000 0.78583 0.00381 0.00000 0.01907 0.01526 0.00381 0.00000 0.00763 0.70190 0.57983 1.48392 4.18091 9.32693 29.46854 7.91168 2.22778 1.02997 4.05884 7.93457 12.11166 3.26538 7.82394 12.40921 14.18686 2.23160 0.05341 0.17929
0.14496 0.46921 0.00000 0.00381 1.02615 0.86594 0.52261 0.07629 0.00000 0.00000 0.00000 0.00381 0.04959 0.50354 0.39291 4.37927 8.96454 14.94598 3.38364 4.44031 9.54056 7.94601 5.98526 2.94876 6.01196 10.68497 2.78473 3.10135 0.68665 0.19836 0.04578
0.01907 0.00000 0.00381 0.15259 0.51880 1.04523 1.38855 4.84848 0.09155 0.01526 0.00000 0.00381 0.00000 0.24033 4.07410 5.41687 6.89316 8.39996 3.78418 7.56454 1.88828 7.33566 2.96402 2.12479 4.82178 0.72479 8.20160 9.76181 0.96512 0.54550 1.01089
1.48392 0.00000 0.00381 0.00000 0.00381 0.02289 0.14496 0.80109 1.26648 0.96512 0.00000 0.06104 1.54495 4.27246 5.48553 9.46808 13.07678 17.04788 5.51224 3.79944 5.59998 2.70081 1.49918 0.37766 0.44250 0.74387 1.22452 14.37378 3.44467 8.44193 2.75803
1.08719 0.00381 0.00000 0.00000 0.00000 0.00000 0.04959 2.68173 1.79672 3.50189 7.09534 12.69531 6.56891 2.50244 9.98688 15.38849 1.11771 5.53131 2.94495 8.04520 9.20868 10.05173 5.36728 5.87082 3.10898 6.90079 2.15530 1.41907 5.79834 2.15912 4.87518
0.00000 0.00000 0.00381 0.00381 0.00381 0.00381 0.00000 0.00000 0.04959 1.35803 2.44904 67.03186 60.39047 14.47678 6.08063 8.94165 5.18036 4.02451 1.30844 5.83267 9.49097 1.74332 11.15036 12.95090 10.05554 56.51855 20.26749 11.56616 4.30298 5.52750 11.16943
0.00000 0.00381 0.00381 0.00000 0.00000 0.00000 0.00000 0.00000 0.00000 0.01144 0.11063 7.26700 85.25467 69.79752 47.36710 12.39777 16.41083 4.40598 0.45776 0.96512 6.66046 15.85007 1.43433 17.75742 38.05923 17.04025 35.93063 12.14600 20.48492 8.56400 9.56345
0.00000 0.00000 0.00763 0.02670 0.02289 0.00381 0.00381 0.00381 0.00000 0.00381 0.00000 0.70190 41.35895 97.84317 8.99124 35.73608 44.20853 28.38135 10.40268 42.57584 82.36313 49.28589 39.08920 15.57922 60.33707 6.10352 64.99100 95.51620 34.68323 5.07736 15.71274
0.06485 0.12589 0.10681 0.13351 0.12970 0.04196 0.00381 0.00381 0.00000 0.00000 0.00000 0.06485 3.34167 123.01254 98.65952 28.43475 15.11765 3.28064 4.13132 2.41470 25.01678 12.45499 34.70993 7.37000 29.32358 28.50342 24.48654 29.45709 27.21786 3.34930 12.02011
0.30136 0.23270 0.16403 0.12207 0.00381 0.53406 0.03815 0.00381 0.01907 0.00381 0.01526 0.02289 3.26538 87.73804 71.65527 13.83209 7.90405 7.06863 1.70898 16.91055 17.97104 14.04572 22.91107 14.14490 10.18143 6.77109 8.94165 14.37378 22.30072 12.60757 11.35635
0.28610 0.31662 0.71335 1.39618 0.74387 0.42725 0.12970 0.90027 0.25177 0.07248 0.12207 0.08011 6.16837 41.89682 62.27875 7.01904 0.91934 0.20218 0.62561 3.48663 16.13998 9.79614 4.42123 2.09808 20.32089 19.10782 11.32584 15.05661 2.47192 6.09207 12.42447
1.08337 0.41199 0.50354 0.39673 0.82779 1.20163 0.25177 0.71716 0.92697 0.64468 0.39673 0.69809 1.80817 14.20212 16.80756 1.30081 0.98419 1.24741 14.71329 36.51810 4.80652 12.12311 5.60379 7.67899 4.78745 4.13513 3.82233 6.07300 2.42996 48.45428 8.12912
0.85449 0.36621 0.88882 3.26157 2.22778 2.03323 0.70190 2.68936 0.99182 0.57983 0.58365 0.11063 0.53787 0.35095 0.65994 0.84686 1.83487 2.42233 1.23596 4.38309 8.09860 8.49152 2.40707 6.21414 1.72424 0.28610 3.39127 11.76834 20.89310 17.62009 4.55093
4.67682 3.81851 5.68008 5.46265 1.60980 1.33514 1.95312 0.88882 0.95749 0.77820 0.32425 0.47302 0.49591 1.26266 1.01471 0.82779 0.83160 0.22507 0.42343 2.68555 2.85721 4.36401 17.60101 12.67624 0.85831 0.69046 24.76501 5.08499 18.63098 10.12802 17.48657
4.98199 6.12640 12.54654 11.33728 1.05667 1.16730 1.08719 5.91660 1.73569 0.90790 1.23215 1.56021 0.80490 5.42450 1.40762 1.75095 0.75150 0.00000 1.65176 1.59836 4.19998 6.81305 16.14380 19.40536 23.26584 8.89969 5.56183 2.83051 2.32315 0.61035 1.19400
