DATA/RAW-RASTER/ECMWF/20170628/EN-19/20170709.en-19.asc
ncols			31
nrows			16
xllcorner		69.5
yllcorner		19.5
cellsize		1.0
NODATA_value	-99999
1.89972 3.61633 28.57971 24.85657 3.71552 2.86102 0.09918 0.11444 2.31934 2.66266 1.74713 0.47302 2.32697 1.60217 0.49591 1.67847 0.95367 0.59509 0.84686 1.06812 0.70190 0.70953 0.88501 1.70898 1.57166 1.78528 1.82343 8.01086 14.16779 2.15912 6.30188
0.00000 0.45013 29.91486 69.20624 48.63739 12.56561 5.06592 5.51605 2.48718 6.43158 7.53021 2.73895 1.59454 3.68500 1.84631 1.99127 2.92206 0.84686 0.69427 0.22125 0.45776 0.63324 0.41962 0.26703 0.29755 2.20490 6.12640 9.30023 3.38745 1.73187 1.28174
0.00000 0.02289 3.66974 19.82880 57.79266 17.03644 13.88550 3.32642 11.52802 13.72528 20.85876 14.83917 3.14331 1.93024 3.09753 1.55640 1.64795 0.74768 1.54877 1.07574 0.80109 0.56458 0.77057 0.61035 0.38147 1.07574 7.11823 4.71497 3.45612 0.86212 0.73242
0.00000 0.00000 0.00000 0.99182 13.09204 36.98730 21.01898 29.65546 6.51550 22.49908 22.36176 13.94653 30.50232 13.40485 4.28772 0.67902 1.33514 0.37384 0.57220 0.68665 0.03052 0.02289 0.18311 0.00763 0.12207 0.03815 2.73895 3.48663 1.35803 2.41852 4.13513
0.05341 0.00000 0.00000 0.00000 0.01526 4.55475 7.22504 90.01160 35.91919 19.40918 5.96619 4.28009 15.99884 9.06372 16.18195 4.36401 1.50299 1.26648 1.35803 1.28937 1.15204 0.73242 1.09863 0.08392 0.27466 0.89264 0.60272 6.56891 5.32532 10.07080 10.26154
0.12970 0.00000 0.00000 0.00000 0.00000 0.27466 5.46265 5.76019 3.99017 15.95306 29.44183 11.57379 13.16833 5.80597 15.54871 9.19342 16.42609 1.88446 1.89209 1.17493 0.74768 0.87738 1.12915 3.22723 1.14441 0.51880 4.94385 6.05774 5.90515 7.40051 13.60321
0.00000 0.00000 0.00000 0.00000 0.00000 0.00000 1.62506 41.09955 214.25629 209.16748 71.83075 21.28601 25.25330 15.55634 5.24139 5.45502 6.37817 12.88605 5.92804 11.39069 12.29095 12.61902 7.09534 3.93677 5.74493 7.58362 24.71924 29.59442 21.98792 18.93616 18.02826
0.00000 0.00000 0.00000 0.00000 0.40436 0.06104 1.50299 0.04578 14.95361 26.34430 10.70404 5.73730 1.63269 27.12250 154.10614 38.47504 26.96228 8.36182 9.01031 14.73236 10.98633 20.24841 9.26971 15.06805 9.10187 177.58942 115.98206 68.39752 75.59204 40.40527 33.07343
0.00000 0.00000 0.00000 0.00000 0.03815 3.70026 2.09045 2.16675 8.96454 9.41467 8.64410 3.64685 3.12805 0.78583 1.30463 7.82776 7.52258 11.88660 35.75134 245.87250 93.35327 43.30444 18.92090 18.22662 13.89313 22.90344 41.22925 97.41211 75.55389 52.77252 35.40802
0.00000 0.01526 0.00000 0.00000 0.37384 32.45544 7.52258 23.30017 11.66534 6.68335 34.22546 8.56018 1.51062 0.47302 0.37384 0.74005 6.35529 4.65393 13.17596 10.36835 3.86810 10.54382 21.47675 22.31598 20.82062 18.35632 33.28705 33.64563 95.89386 46.62323 27.40479
0.19073 0.17548 0.03815 0.18311 4.38690 11.01685 11.96289 18.89801 7.19452 8.58307 0.92316 2.31171 0.83923 1.68610 1.60217 2.38800 1.19019 2.34222 3.37982 2.75421 3.77655 10.56671 43.89191 13.90839 21.37756 10.07080 13.51929 20.88928 51.80359 19.21082 32.07397
0.32806 0.03052 0.78583 0.55695 1.89209 14.15253 6.16455 39.36768 18.96667 27.55737 2.63214 3.27301 3.58582 0.70190 0.64850 1.63269 5.62286 2.70081 2.31934 7.01141 5.72205 8.22449 8.52203 8.43048 20.57648 12.72583 8.49152 21.27838 18.21899 19.28711 21.64459
0.61798 0.93842 1.18256 5.92804 81.49719 91.30859 53.26843 49.91150 136.10077 20.00427 5.18036 2.87628 2.00653 6.47736 3.15857 4.74548 1.96838 2.70844 2.11334 3.97491 7.78961 20.59937 8.11005 10.78033 15.87677 9.16290 0.37384 9.81903 13.58795 14.63318 14.41193
3.63159 4.31061 2.25067 5.24902 6.05011 10.94818 20.39337 50.92621 128.05176 34.37042 2.20490 3.97491 1.14441 2.70844 4.45557 2.15912 2.59399 1.74713 8.42285 3.56293 3.60870 11.74927 10.97107 19.66095 11.72638 1.24359 1.26648 3.79944 7.93457 11.22284 9.88007
2.36511 2.96783 2.79236 12.25281 1.68610 1.86157 8.70514 26.79443 107.04041 6.27899 3.77655 2.04468 0.51880 1.24359 1.73950 2.55585 3.55530 2.65503 3.14331 2.85339 2.33459 6.09589 19.78302 9.32312 10.72693 0.99945 5.56183 1.41144 5.92804 12.60376 14.35089
6.24847 3.14331 5.50079 18.31055 13.63373 2.99835 1.22833 3.67737 13.46588 12.84790 18.08929 1.60980 0.57220 0.22888 1.51062 1.09863 1.35040 1.46484 2.30408 2.60162 2.39563 6.59180 15.19775 28.04565 23.95630 6.96564 10.48279 2.73132 5.78308 0.83160 0.61035
