DATA/RAW-RASTER/ECMWF/20170628/EN-19/20170703.en-19.asc
ncols			31
nrows			16
xllcorner		69.5
yllcorner		19.5
cellsize		1.0
NODATA_value	-99999
0.11444 0.01526 0.00763 0.70953 4.24576 0.44250 1.06430 0.10300 0.12207 0.01526 0.38528 0.99182 1.86920 0.99182 0.96130 3.06702 0.58746 0.24033 0.64087 4.01306 2.28500 3.65829 16.63589 2.17819 0.21362 0.03052 0.10300 0.62561 2.41852 0.69427 6.50406
0.00000 0.00000 0.00000 0.00000 0.32425 0.01526 0.06104 0.03052 0.01907 0.00000 0.08392 0.00000 0.57983 1.52588 2.25449 2.18964 0.51117 0.12589 0.30899 1.08337 4.61578 17.23862 6.86264 11.89423 2.24686 1.31989 0.18692 0.17929 0.84686 0.24033 1.50299
0.37384 0.09918 0.06104 0.00000 0.00000 0.27847 0.98801 0.06104 0.02670 0.00000 0.00000 0.00000 0.00000 0.04196 1.57547 1.43433 0.53787 0.51117 2.06757 2.53677 4.07410 6.95419 1.72043 5.00870 13.01575 4.46701 0.31281 0.31281 1.22070 0.48065 2.27356
3.97873 0.41199 0.11826 0.40054 0.00000 0.72098 0.37384 10.45227 0.04578 0.00000 0.00000 0.00000 0.00000 0.40436 0.93842 0.83923 1.37711 4.36020 3.19290 6.85883 0.62561 1.87683 2.84958 11.38687 4.71115 4.85611 10.60867 0.73624 0.48065 0.91934 1.77002
3.46756 0.00000 0.00000 0.00000 0.00763 0.06866 1.17111 1.06812 1.59836 0.00000 0.00000 0.04196 0.62180 3.52097 4.77219 5.13840 7.58743 7.44247 7.40051 20.76721 8.28552 3.58963 8.06046 3.35312 1.50681 1.35803 3.11661 4.37927 1.59073 1.22070 3.34930
1.38092 0.00000 0.00000 0.00000 0.00000 0.06485 0.30518 0.44632 3.45612 4.40598 9.28879 1.96838 2.62070 3.54767 7.41959 5.69153 9.09805 7.85065 8.60214 6.64520 3.97873 13.05008 6.99615 13.17215 4.21524 10.07462 2.61688 7.69806 11.65771 8.38852 3.42560
0.00000 0.00000 0.00000 0.00000 0.00000 0.00000 0.00000 0.03815 0.28610 3.42178 2.87628 3.28827 4.07410 1.80435 1.07574 9.96780 10.17380 6.80542 2.53677 2.01035 7.50351 11.67679 16.39175 7.25555 7.67899 65.95993 7.31277 4.52042 12.40921 14.34326 11.43265
0.00000 0.00000 0.00000 0.00000 0.00000 0.00000 0.00000 0.00381 0.12207 1.32751 5.89752 3.61252 2.01797 1.78909 6.43921 14.12964 24.29962 0.50354 1.72043 0.61035 2.63214 12.02393 5.46646 33.35953 23.39935 61.01608 46.23795 2.47955 16.75415 7.57980 14.98032
0.01526 0.00000 0.00000 0.04578 0.35095 0.04578 0.00000 0.00000 0.00000 0.63324 8.21686 10.30731 16.29639 1.86920 1.44577 2.96783 11.09314 31.44073 5.39398 28.81622 46.38672 30.96771 33.40530 39.98947 13.48877 30.51758 13.50784 46.61560 40.12680 8.65555 8.73184
0.02289 0.06104 0.02289 0.36621 0.65994 0.00000 0.00000 0.00763 0.01526 0.03433 13.80920 18.49365 9.26590 20.96558 4.98199 2.35367 0.60272 1.96457 1.30463 1.49918 11.65009 20.14923 97.75925 45.77255 8.33893 9.24301 27.11105 56.73981 187.45041 37.17804 7.14493
0.09155 0.06485 0.61417 0.46158 0.25177 1.19781 0.45013 0.08392 0.01526 0.05722 6.94275 5.85938 30.76935 64.67056 136.32965 2.63596 7.69043 1.01471 0.40054 0.51117 28.04565 38.66959 95.88623 21.73615 10.21194 6.39343 15.66315 12.46643 38.06686 23.57864 9.38416
0.14496 0.08011 0.98801 1.60980 1.17493 2.03705 0.48828 0.56839 0.00763 0.01907 1.56784 8.67844 30.68924 149.18900 242.05780 98.75870 48.99979 0.86212 0.45013 1.22452 6.03867 48.07281 4.07028 4.15421 9.57108 5.89371 5.00870 9.51004 30.04837 28.34702 9.25446
0.21744 0.82779 0.22507 1.46866 2.23160 1.02234 0.59891 1.37329 1.22452 0.39291 1.11389 6.96564 13.80539 60.04715 106.52161 46.56219 3.07083 0.04196 0.99182 9.68170 23.68546 12.03537 25.32578 16.63971 1.82724 0.45395 0.69046 16.66641 8.77380 13.13782 14.06097
1.66702 1.48773 1.07956 2.03323 2.02942 1.14059 2.16293 1.68228 2.11716 1.66702 1.19781 0.23270 3.20435 14.26697 26.76010 3.38364 2.05612 0.53406 2.58636 8.81958 4.05502 4.39072 23.84567 23.75793 5.72968 1.75858 0.37384 1.09863 4.62341 8.71658 5.95856
3.87192 3.78418 1.96075 6.72913 2.55585 1.05286 0.91171 1.33514 0.36240 0.02289 0.43106 0.29373 0.52261 0.51498 0.83160 0.64468 0.17929 0.20218 0.00000 0.15259 0.83160 1.88828 21.93451 36.32736 31.35681 6.40488 2.03705 1.80054 1.58691 13.56125 15.91110
2.76184 4.89426 7.15256 10.34164 1.15967 1.25504 2.49863 4.86374 1.88446 4.82941 5.26810 3.64304 1.15585 0.42343 1.29700 0.86975 0.16785 0.00000 0.55313 0.30899 2.20490 3.35693 8.66699 23.71216 42.68646 0.90408 5.00488 2.26593 2.42615 2.57874 10.26154
