DATA/RAW-RASTER/ECMWF/20170628/EN-19/20170707.en-19.asc
ncols			31
nrows			16
xllcorner		69.5
yllcorner		19.5
cellsize		1.0
NODATA_value	-99999
0.16022 2.76184 0.45776 0.32806 2.46429 2.68555 0.95367 0.09155 0.15259 0.39673 0.97656 0.42725 0.82397 1.21307 4.08173 2.61688 3.02887 4.19617 8.11005 2.40326 0.94604 1.54877 1.61743 0.65613 0.08392 0.16785 0.81635 0.96130 2.70844 7.04956 5.72205
0.99945 2.27356 0.04578 0.09918 2.59399 0.19836 0.19836 0.09918 0.19073 0.19836 2.81525 0.32043 0.13733 0.39673 1.58691 9.89532 6.43158 8.62885 6.72913 4.87518 1.73950 1.40381 1.04523 1.38855 6.11115 3.89099 3.37982 3.13568 2.75421 1.23596 1.06812
1.01471 0.06866 0.14496 0.36621 1.99890 2.01416 3.88336 0.07629 0.02289 0.00000 3.48663 1.19781 0.31281 0.13733 1.45721 4.37927 9.83429 8.86536 13.35907 8.94928 1.69373 0.53406 2.11334 4.62341 7.62939 0.83160 0.32806 1.48010 1.42670 0.81635 1.77765
1.84631 1.32751 0.22125 0.39673 0.38910 1.44958 1.38855 13.90839 0.01526 0.06104 0.40436 8.36945 4.14276 1.32751 1.91498 2.47955 7.78198 12.28333 7.37762 7.36237 2.58636 1.12152 1.29700 4.97437 9.03320 7.83539 8.95691 8.88824 1.18256 0.96130 1.12915
0.00000 0.00000 1.09100 0.00000 0.00000 0.17548 0.78583 2.53296 4.95911 1.67084 0.01526 1.48010 7.53021 17.12036 11.76453 7.37762 15.93018 16.41846 11.09314 4.44031 5.29480 7.61414 7.52258 7.04956 5.25665 6.71387 12.00104 14.69421 12.74872 6.93512 12.88605
1.11389 0.00000 0.00000 0.00000 0.01526 0.00000 0.42725 2.07520 12.55798 74.72229 65.58990 9.91821 4.73022 4.90570 9.42993 8.30841 11.27625 16.86859 18.07404 9.00269 5.88226 11.23047 12.32147 16.96014 16.41083 25.83313 10.36072 4.74548 20.69092 14.06097 17.92145
0.07629 0.00000 0.00000 0.00000 0.00000 0.09918 0.06866 0.54932 5.96619 33.47015 12.66479 16.61682 15.31219 6.53076 1.62506 4.28772 10.15472 9.59015 5.33295 3.51715 4.02069 11.46698 21.81244 12.13837 14.74762 55.82428 31.92139 15.44189 22.04895 16.84570 14.73999
0.00000 0.00000 0.00000 0.00000 0.00000 0.00000 0.00000 0.00000 0.01526 14.18304 12.48169 32.56226 4.40216 7.91168 13.99994 60.55450 21.65222 10.97870 21.03424 12.10785 14.31274 17.93671 6.50787 16.34979 18.38684 18.90564 24.29962 19.07349 28.89252 28.00751 23.68164
0.01526 0.00000 0.00000 0.00000 0.00000 0.03815 0.00763 0.03052 0.79346 5.18036 5.53894 9.09424 18.76831 24.81842 3.71552 5.21088 12.42065 19.13452 59.28040 69.46564 42.77039 27.74048 7.43866 19.63043 12.58087 5.46265 34.51538 37.27722 48.88153 20.24078 17.15088
0.00000 0.00000 0.00000 0.04578 0.00763 0.00000 0.00000 0.02289 0.38910 0.32806 2.89917 7.62939 16.31927 15.36560 4.40979 1.22833 2.40326 0.96893 4.00543 4.28009 3.50952 1.75476 26.78680 10.50568 4.02069 16.60919 29.56390 34.06525 83.88519 25.02441 12.98523
0.11444 0.20599 0.07629 0.16785 0.00000 0.02289 0.09155 0.09918 0.29755 0.16785 0.11444 7.47681 9.89532 10.62012 10.43701 1.10626 0.50354 0.73242 1.38855 1.97601 3.11279 7.49969 15.96832 5.97382 3.32642 15.40375 10.60486 19.07349 45.69244 24.98627 13.19885
0.11444 0.47302 1.52588 2.30408 0.62561 1.47247 0.31281 0.56458 0.84686 0.57220 1.00708 3.07465 24.03259 18.72253 20.75958 3.08228 2.15149 1.28937 2.25067 1.79291 2.20490 3.05176 2.47192 3.37982 11.39832 22.68219 30.16663 26.33667 27.77100 17.56287 13.29803
1.19019 0.72479 1.19019 2.34222 3.61633 1.63269 1.89972 0.22125 0.18311 3.02887 1.57166 3.30353 33.79059 23.30017 13.05389 3.74603 2.70081 1.31226 1.50299 2.13623 1.33514 2.60162 1.55640 3.18909 8.80432 3.34930 13.22937 15.82336 14.26697 9.84955 12.42828
1.85394 0.82397 0.09155 2.28119 3.20435 0.52643 1.12152 2.93732 1.22833 2.37274 4.81415 2.25830 23.35358 17.30347 10.00214 3.16620 2.35748 1.77002 5.36346 6.44684 2.65503 7.05719 1.32751 6.14166 6.84357 2.84576 10.32257 15.47241 18.87512 20.70618 11.50513
3.15094 2.79236 1.76239 2.71606 1.83105 0.95367 1.86920 1.30463 4.33350 9.11713 15.47241 25.77209 25.18463 33.87451 5.93567 6.40869 3.12805 3.86810 3.34930 2.36511 3.28827 3.60107 9.06372 4.89807 1.40381 1.26648 0.91553 4.60052 14.83154 12.53510 11.23810
2.63214 4.51660 9.12476 8.20923 1.71661 3.77655 2.11334 7.69806 6.02722 13.72528 18.77594 56.44989 51.39923 33.98895 29.35791 11.40594 5.27954 1.44196 2.00653 2.97546 3.66211 3.35693 9.17816 16.16669 11.00159 13.61084 4.88281 5.83649 4.60052 15.65552 20.40863
