DATA/RAW-RASTER/ECMWF/20170628/EN-19/20170708.en-19.asc
ncols			31
nrows			16
xllcorner		69.5
yllcorner		19.5
cellsize		1.0
NODATA_value	-99999
1.55640 2.38037 0.19836 2.72369 5.00488 1.57928 1.32751 0.09918 0.16785 1.73187 1.99127 0.97656 1.25885 0.04578 0.16785 0.05341 0.25177 0.31281 1.13678 0.61798 1.90735 2.35748 2.63214 1.99127 2.89917 4.08173 3.29590 5.88989 4.61578 9.98688 10.22339
0.00000 0.00000 0.00000 0.68665 1.28937 0.42725 0.06866 1.67847 0.14496 0.64087 6.36292 2.15912 0.83160 0.01526 0.00763 0.02289 0.03052 0.55695 0.89264 1.04523 2.37274 1.74713 1.02997 0.94604 6.18744 6.76727 8.33893 8.28552 5.40924 14.24408 4.37164
0.00763 0.06866 0.00000 0.00763 2.30408 6.04248 1.34277 0.09155 0.82397 0.50354 9.49097 0.46539 0.12970 0.32806 0.01526 0.06104 0.25940 1.50299 3.15857 5.11932 2.25830 1.28174 0.61035 3.59344 7.10297 6.29425 7.77435 14.48822 10.54382 20.88928 8.82721
0.09155 0.02289 0.00000 0.14496 0.04578 2.25067 7.98798 49.45374 1.05286 9.85718 10.36072 0.74005 0.60272 0.87738 0.93842 0.04578 1.09100 11.98578 6.34003 6.92749 2.82288 2.63977 6.33240 8.73566 5.11169 6.08826 13.77869 19.91272 16.73889 13.32855 18.02063
0.03815 0.00000 0.00763 0.00000 0.00000 0.00763 4.30298 9.36127 23.61298 15.28931 11.37543 13.22937 2.51770 1.25122 3.47900 3.02124 6.67572 16.82281 8.36945 11.92474 8.00323 7.01904 12.23755 6.22559 14.96887 13.64899 13.05389 23.77319 20.40100 22.75848 10.84900
3.04413 0.00000 0.00000 0.00000 0.00000 0.00000 0.06104 3.41034 7.72095 27.31323 29.22821 14.08386 9.20868 8.98743 6.21033 8.91876 16.09802 12.28333 7.94220 6.08063 8.23975 11.84082 10.87952 13.03864 8.91113 18.16559 17.57050 11.61957 24.36829 31.76880 11.25336
0.00000 0.00000 0.00000 0.00000 0.00000 0.01526 0.00000 0.24414 27.69470 43.97583 83.99963 45.58563 38.04779 17.92145 14.48059 17.30347 9.59778 15.26642 12.45880 7.56073 13.97705 7.79724 8.46100 12.65717 14.83917 56.63300 60.49347 27.00806 21.89636 24.63531 24.52850
0.00000 0.00000 0.00000 0.00000 0.00000 0.00000 1.99127 1.27411 5.26428 9.78088 19.92798 17.79175 4.73785 47.43958 53.76434 32.19604 22.14050 14.29749 11.07788 5.14984 9.38416 15.46478 19.70673 20.77484 29.49524 56.74744 97.97668 54.48151 53.50494 27.25983 27.08435
0.00000 0.00000 0.00000 0.00000 0.36621 0.83923 0.02289 0.64850 3.26538 3.49426 12.05444 10.72693 1.48010 1.48773 2.33459 2.10571 3.63922 42.90771 31.98242 65.42969 79.58221 86.93695 36.54480 28.52631 7.54547 16.31927 21.56067 36.03363 69.06128 29.54102 32.02820
0.00763 0.00000 0.00000 0.03052 0.16022 1.51825 2.25830 3.12805 0.96893 18.26477 15.04517 7.68280 0.66376 0.51117 0.41962 0.42725 0.85449 0.90790 1.40381 2.13623 1.35803 0.90790 5.99670 1.75476 2.18201 5.14984 25.70343 43.14423 100.33417 43.06030 36.05652
0.09155 0.05341 0.05341 0.30518 1.92261 3.91388 31.29578 1.68610 4.27246 17.74597 6.49261 9.19342 0.69427 0.49591 0.14496 0.78583 1.48773 2.38800 2.43378 2.77710 6.45447 7.13348 18.47076 5.17273 1.80054 13.03101 18.30292 22.75848 71.81549 44.72351 38.53607
0.13733 0.15259 0.43488 0.41962 0.80109 7.94220 7.51495 32.60040 20.87402 27.67944 11.40594 4.22668 1.94550 0.33569 1.11389 1.02997 1.25885 2.38800 2.07520 1.43433 2.30408 1.59454 2.09808 2.87628 14.00757 11.84082 17.47894 20.98846 23.42224 25.18463 25.87891
0.60272 1.42670 2.52533 2.09045 0.96130 2.44904 3.60107 7.74384 20.32471 62.27875 24.53613 7.43103 1.45721 0.31281 4.60815 3.15857 2.51007 2.91443 2.30408 1.82343 1.83868 4.41742 1.13678 1.60980 15.19775 1.49536 0.48065 4.44794 14.09912 14.47296 6.55365
1.57928 2.38800 2.54059 3.07465 1.41907 0.57983 2.27356 8.88824 13.76343 14.54926 13.04626 3.79181 2.10571 1.14441 1.82343 7.11060 2.54059 2.22778 5.20325 2.77710 4.57764 7.54547 3.20435 8.17871 1.80054 0.82397 0.35858 1.61743 8.46100 7.60651 2.44141
2.67029 1.57928 2.26593 7.09534 3.40271 0.47302 0.89264 3.11279 40.45105 118.16406 12.89368 5.57709 3.55530 1.39618 1.17493 6.09589 2.06757 3.49426 2.73132 3.75366 5.94330 7.70569 21.69037 10.61249 0.96893 0.13733 1.22070 0.60272 3.12042 11.22284 3.65448
2.73895 5.40161 10.14709 19.16504 2.09045 6.37817 1.70898 2.54822 18.48602 55.63354 254.54712 125.70190 15.30457 1.86920 1.70898 3.26538 5.34821 3.55530 2.51770 4.24194 6.46973 7.73621 22.22443 30.84564 13.45825 9.34601 6.21033 1.31989 4.55475 9.14001 8.80432
