DATA/RAW-RASTER/ECMWF/20170628/EN-19/20170630.en-19.asc
ncols			31
nrows			16
xllcorner		69.5
yllcorner		19.5
cellsize		1.0
NODATA_value	-99999
0.57793 0.04005 0.20981 0.91362 12.55798 2.58827 7.09534 10.93864 5.55992 1.93596 3.06892 6.74248 4.77982 2.70844 4.82559 2.78091 2.36511 2.42424 3.43704 3.54767 12.91084 19.83452 7.38716 5.04494 6.38199 0.84114 0.44060 0.44632 0.50354 1.50299 0.61607
0.00381 0.04768 0.04578 2.49100 2.85530 12.51984 20.71762 14.00375 12.00676 3.81851 5.53894 4.10461 4.35448 7.31659 5.65910 4.83131 5.97382 1.99699 6.85310 8.24547 6.40678 4.20952 8.52013 2.83241 6.59752 5.51224 7.27272 6.83212 1.85394 1.97220 2.38609
0.30327 0.25749 0.43869 1.45912 0.21172 17.96150 33.04100 7.65991 7.53403 2.38800 1.32561 3.06511 3.33214 4.18472 9.51195 5.89180 7.03239 10.05936 9.62067 16.14380 8.66890 5.63240 1.83678 1.93405 1.79291 1.07193 2.02370 9.62067 6.33812 6.10161 6.39725
0.27466 0.04959 0.00000 0.01335 0.33569 4.94576 31.31294 10.76126 4.52805 0.16022 1.27029 2.25449 0.44823 5.27573 7.15065 7.60460 15.83862 10.72121 7.85065 7.93839 11.91521 9.03511 20.35522 2.43378 2.40898 0.17166 6.09589 2.19917 2.33650 9.75609 4.37546
0.99182 0.02670 2.60735 2.71606 0.00191 1.54305 3.80516 51.93901 11.37733 1.16348 0.46730 2.34795 1.72424 1.04332 2.61688 1.45912 1.46675 0.61989 4.85229 8.29506 13.10349 12.49313 18.82744 4.24957 0.63133 0.58174 1.08910 2.14577 7.20787 9.02367 14.87732
0.05531 0.00000 0.00381 6.13403 2.62451 1.80244 8.54492 31.52084 29.32930 11.78169 5.77164 6.45638 4.81033 1.49536 2.76375 1.21498 4.16565 6.25229 8.71086 13.44299 15.12146 18.34679 10.11086 3.33595 7.67899 10.46944 2.19727 2.17628 4.01306 11.35254 12.88033
0.00000 0.00000 0.01526 0.75912 2.31171 2.37656 11.21902 12.33482 14.38141 29.88434 14.30130 16.60919 9.04083 3.80135 0.67329 5.93567 4.39644 2.82097 2.48909 2.52914 4.43268 7.29179 5.34439 15.36751 18.18085 70.89233 46.45920 13.02338 3.00026 6.49071 12.01057
0.00000 0.02289 0.65994 1.30653 2.32887 7.20596 3.37791 1.89400 25.46692 23.13805 31.97098 22.80235 17.33589 14.88304 94.12003 19.83452 13.92365 1.34277 2.75803 3.89481 10.65826 31.52657 24.52278 23.79608 48.95973 122.93243 46.03577 18.92662 57.57713 9.79424 4.75693
0.00000 0.22697 1.03188 5.35583 9.31168 5.21278 4.53568 10.67162 10.75554 13.06343 23.28110 21.68655 21.11626 13.60321 39.10255 140.03754 48.18344 9.26590 18.74733 129.40216 38.53989 217.76390 102.25296 87.60643 24.95575 14.86397 29.96063 128.90434 72.42966 25.53177 8.76045
0.00381 0.54741 4.04739 9.40514 6.51932 9.93538 3.87573 6.90842 3.03078 13.94081 16.54243 12.69341 13.00812 18.38875 25.18463 19.75441 21.49773 52.30331 7.95937 10.21194 16.41464 17.31491 53.56979 7.24602 14.34517 20.27130 47.25838 11.00540 43.39790 31.55327 22.76421
0.02289 2.16675 5.18036 28.81432 43.00117 87.13341 16.17432 6.24084 3.71361 5.72968 10.18333 10.04982 5.35774 17.93098 25.96092 21.55304 24.97864 23.14949 26.64566 10.62775 23.08083 18.38303 92.38243 8.99124 25.39635 23.96965 5.90324 11.44981 40.51781 12.46452 10.24055
0.16785 0.84686 24.35303 38.70392 25.02441 9.15909 6.54030 4.45557 1.71280 6.96182 3.02696 3.10326 4.11606 14.67323 16.59775 31.11267 27.21596 21.26122 30.35927 16.47186 18.35442 14.88304 3.68690 4.79317 7.74193 1.93405 2.50816 6.87408 14.06670 16.54053 16.63399
1.37711 1.02615 0.51117 0.65231 3.54576 1.45721 1.91498 3.79753 8.50487 3.31116 8.00133 3.53622 14.94598 23.09418 5.14030 46.47827 33.13065 24.63913 16.94489 23.62442 35.67123 14.01520 11.33728 10.34546 9.17816 1.97792 0.59700 3.80135 16.08276 10.60867 6.64711
1.60789 1.39618 0.11826 1.16158 2.69318 0.27084 0.79918 1.81580 1.11771 3.63541 6.53648 5.20134 23.67401 13.59367 47.01233 72.35146 40.59219 13.35526 20.74432 21.93832 7.28989 21.80481 18.43643 21.15440 5.17464 0.82779 1.06239 8.62694 9.50050 3.17574 12.74872
4.40598 2.35176 1.59454 6.56128 6.19507 0.57602 0.35286 0.45013 0.15259 0.14877 11.36780 31.45981 8.69942 14.34326 15.49721 65.74821 87.07237 23.13805 16.28685 24.58954 23.90480 27.27318 40.39001 28.63312 12.22038 0.78201 4.65012 1.30081 2.37274 1.95503 17.91573
3.77464 3.80516 3.71933 8.23021 0.57411 0.62752 0.59891 0.32616 0.37766 0.05341 1.13106 14.66560 7.38335 12.10785 16.55769 24.48654 86.49826 16.98112 22.81570 21.46149 14.79149 30.43747 36.45706 43.84041 42.29546 14.14871 4.69017 3.69835 1.52779 0.75912 0.94414
