DATA/RAW-RASTER/ECMWF/20170628/EN-19/20170702.en-19.asc
ncols			31
nrows			16
xllcorner		69.5
yllcorner		19.5
cellsize		1.0
NODATA_value	-99999
0.00000 0.08392 0.09537 1.49155 5.03922 1.10245 2.74658 0.16403 0.12970 0.00763 0.06104 0.63324 2.71606 1.36948 1.61362 3.67355 7.26318 3.85666 9.12857 1.40762 1.33896 2.63596 2.36893 1.41144 1.54877 0.91934 1.26266 0.61035 0.81253 3.43704 11.33347
0.00000 0.00381 0.00000 0.00000 0.04578 0.19836 0.06866 0.15640 0.03052 0.01907 0.00381 0.42725 0.74005 1.47247 1.24741 4.07410 4.70352 8.92258 5.87845 3.26157 0.82397 3.43323 5.31387 1.00327 1.22452 2.62833 1.83868 2.70081 4.84467 5.80215 7.82013
0.57220 0.68665 0.03052 1.48010 0.14496 1.02615 1.14822 0.16785 0.00000 0.00763 0.00000 0.01907 0.07248 0.30136 0.51117 2.73514 3.26920 11.61575 8.89969 5.06973 2.83813 7.61414 4.47083 6.80923 3.65829 2.16675 6.28281 5.93567 10.83374 2.65884 12.53128
2.41089 0.89645 3.06320 1.16730 0.44632 1.01471 2.60925 6.34384 0.04578 0.00000 0.04959 0.11063 0.01526 0.80490 0.70572 4.29916 12.00867 4.10080 16.48331 11.80649 11.61957 15.86151 4.53186 8.18253 4.61578 2.77328 11.33728 12.38251 5.74493 4.50897 21.17920
2.48718 0.25177 4.40216 0.00000 0.40817 1.10626 3.03650 2.05994 1.39236 0.13733 0.01526 0.41962 0.53024 0.89264 2.89917 13.08441 9.44138 8.44574 9.98688 13.35907 17.71927 39.25705 18.08548 33.48541 5.43594 4.66919 4.54330 11.53564 10.89859 8.52585 18.15414
1.13678 0.00000 0.00381 0.00000 0.03433 1.20926 0.81253 0.93460 4.02832 8.53348 9.76944 3.40652 6.37054 2.08664 6.71387 11.15799 15.11002 21.72089 27.75955 7.98416 9.99451 12.29477 10.25391 12.59613 6.64520 10.79559 2.62451 0.59891 10.74600 10.79178 8.95309
0.00000 0.00000 0.00000 0.00000 0.00000 0.00000 0.38147 1.73950 4.02451 9.10187 28.82004 5.01251 13.21793 41.75568 4.62341 4.94003 9.17435 11.25336 2.54440 2.96783 5.72586 0.35858 4.49371 4.66537 14.61792 34.48868 15.23590 8.22067 5.43594 2.55585 11.67679
0.00000 0.00000 0.00000 0.00763 0.00381 0.00763 0.00000 0.53024 1.47247 4.63867 17.95197 22.26639 32.19604 116.80222 29.60205 4.49371 16.04462 2.70081 2.04086 12.36725 9.12857 18.91708 3.50952 17.86423 18.21899 56.47278 50.37308 15.28931 33.22983 12.00867 8.12912
0.00000 0.00000 0.02670 0.04578 0.00000 0.00000 0.00381 0.03815 0.83542 4.92859 9.97543 16.69693 13.55362 24.05930 8.30841 2.44904 3.17764 31.29196 26.08871 113.47198 49.03793 32.57751 57.08313 80.37186 117.75208 61.21826 67.22260 187.53433 149.47510 53.90549 9.34601
0.03815 0.06866 0.20981 0.63705 0.89645 0.01144 0.00000 0.00381 0.62943 1.70517 19.35196 29.52576 15.17868 75.17624 4.74930 6.11877 20.91980 20.41626 11.66153 12.31766 11.22284 21.75140 85.25467 38.61237 27.08817 32.52411 27.19879 8.60596 36.83472 11.08170 9.05228
0.45776 0.99945 0.59128 0.51498 0.00763 0.33188 0.80490 2.14386 0.37384 3.04031 32.04346 26.57700 34.03854 18.49365 17.55524 25.69199 1.88065 1.19781 1.83868 3.04413 17.82227 32.00150 72.54410 47.33658 14.38904 25.18463 3.64304 6.06537 59.70764 24.00589 14.59503
0.66376 0.45776 0.67139 1.11389 1.47629 1.87302 0.86594 1.23978 1.89972 0.79727 37.53662 41.86249 76.27869 67.90924 75.88959 21.19827 1.70898 0.89645 0.21744 6.50787 13.72528 44.36874 27.47726 10.23483 39.36386 7.20978 10.81467 15.48004 7.90405 21.41190 5.19562
1.78909 0.90027 0.92316 0.70572 0.91934 0.31281 0.08011 0.97275 2.30408 4.98199 4.69208 39.03580 146.36993 97.33963 19.63043 4.29153 1.92261 1.14059 1.19781 11.05499 11.69205 19.92416 27.81677 23.23151 13.59177 1.70517 4.43649 14.46915 13.30185 10.90622 1.68228
1.52969 0.89264 0.56458 1.90735 4.65393 1.67465 0.80109 1.53732 23.16666 19.50836 39.32190 28.64838 24.73068 22.12143 6.14929 10.87952 4.55093 0.59509 0.84686 15.30838 2.86865 16.75415 39.82925 34.00421 11.21140 0.49210 2.41089 3.08228 10.73837 4.45175 7.05338
4.43268 1.27029 2.12479 10.01740 3.79562 4.20761 5.77545 2.65884 2.72369 2.36511 7.11441 6.50406 3.44086 0.99564 1.40381 1.37329 1.12152 0.49973 6.79016 10.47134 7.24030 9.35364 35.77423 46.84067 43.26630 9.47571 7.84302 6.51169 1.47629 23.62442 16.51001
2.76566 2.79999 3.00980 8.89969 0.67139 1.39618 1.32370 1.81198 5.32532 0.50354 3.50952 3.89481 0.59509 0.87357 0.76675 0.06104 0.17929 0.08392 1.34277 3.05939 5.28336 4.81033 20.96939 28.67126 75.44708 9.74274 7.98798 6.44684 9.09042 2.74658 1.94931
