DATA/RAW-RASTER/ECMWF/20170628/EN-49/20170629.en-49.asc
ncols			31
nrows			16
xllcorner		69.5
yllcorner		19.5
cellsize		1.0
NODATA_value	-99999
1.75858 1.75095 3.39317 2.14195 10.31685 9.13811 12.53128 10.47707 10.54382 4.53186 12.10976 9.46236 8.22639 7.29179 12.08878 10.10704 6.33049 8.22067 6.69098 4.75883 2.60544 2.90871 3.15285 1.73759 0.49973 0.72098 0.77057 0.10872 0.05341 0.00000 1.12915
0.24605 0.03433 0.83542 18.12744 14.37187 29.40559 37.79030 20.97130 14.53209 6.42586 3.11852 10.11467 9.19914 5.48744 7.41196 5.30434 7.77245 2.27928 2.41280 3.51143 1.35040 2.21252 3.82042 11.06071 12.96997 4.06837 0.60654 0.37766 0.29182 0.05913 0.31090
1.35612 6.03676 1.03569 34.89304 105.59273 58.54225 47.41096 16.08849 5.03349 2.62833 1.61171 1.28555 4.16374 1.07002 1.74332 4.38690 4.08554 6.06346 8.85963 3.08037 4.03214 3.54958 4.91142 3.94821 11.92093 12.39395 5.62096 0.74577 0.69809 0.40054 0.68283
3.25584 0.99945 4.03404 24.16611 55.83382 121.16623 43.03360 9.36127 13.29422 2.58636 2.80571 0.46539 0.32234 1.23024 1.62125 0.63133 1.86920 1.00899 2.92015 5.48363 7.09152 8.98170 11.31630 8.83484 6.34956 7.05719 17.64488 17.73643 7.85446 3.07083 0.73242
1.32942 4.38309 39.75105 17.88902 37.05597 74.74899 40.09438 3.17955 1.89209 3.94249 0.39482 0.78011 1.57547 0.51689 1.66130 0.93269 0.08392 0.96130 1.01471 4.03023 2.39563 8.50105 6.96182 8.27789 3.98064 1.58691 2.73323 12.21466 19.68956 7.33948 1.55830
3.02887 9.75609 10.41603 5.61523 18.55087 51.39542 64.09264 14.30321 0.44632 7.56454 7.37000 3.59917 6.90842 1.31035 4.28009 1.52397 0.43488 0.86594 1.75095 2.05994 5.28717 8.37326 3.07083 7.02667 7.36046 11.36017 6.67953 2.59590 6.15311 13.28087 8.21114
0.65804 2.75612 5.09262 16.60156 23.36121 21.85059 11.23619 14.86969 5.76210 2.55394 46.19408 32.94373 42.21725 6.97899 1.74522 0.24033 1.23596 2.17056 2.66838 1.29318 2.22969 10.91194 8.27789 15.98549 15.13100 26.72958 13.34000 8.66508 1.82343 0.90981 5.59998
7.15256 1.12343 4.55666 7.55119 10.89096 38.98239 12.35580 3.94249 6.74629 13.95416 95.47997 1.45721 0.29564 28.83720 42.11617 33.04672 12.99858 2.09427 0.43297 3.52859 6.28281 10.08987 1.72424 32.06635 82.57103 46.85974 10.56290 6.81686 59.99565 20.85876 10.17189
0.18120 1.19591 19.43016 13.77487 7.09152 10.59723 9.92203 17.47513 11.19804 24.88708 18.70346 7.64656 4.29916 51.87035 2.39563 38.42545 6.61659 1.95503 67.22069 56.62727 96.55380 116.56952 78.37677 76.08986 13.53836 4.56047 12.79068 55.70793 52.98996 13.89313 8.37898
1.78528 1.36185 31.70586 13.06343 23.62442 3.13759 7.54166 24.52278 3.27110 45.26711 14.76479 1.58882 2.65121 4.16565 8.81004 7.30324 15.11002 32.36961 43.99109 17.04407 2.70081 3.77655 33.76198 6.74248 3.37601 22.19582 75.52719 13.51738 17.97295 8.77190 8.47054
9.69505 8.24738 16.99448 5.61333 15.75089 7.27844 5.34248 3.76129 1.31607 5.07545 117.34390 1.67274 3.42178 3.09372 7.04956 5.52368 67.70515 2.05803 18.81981 3.93867 10.24628 19.19556 20.83015 7.39098 17.19856 18.89420 10.65826 5.51796 16.99638 3.40271 0.98038
17.90237 27.76909 39.27231 15.29694 10.07843 4.46892 7.67708 4.23813 1.95503 8.69370 48.45047 6.78444 15.84053 3.23296 1.15013 4.04739 1.34850 12.74300 3.02696 2.13814 43.45512 3.09944 3.55530 7.90596 5.00298 12.28523 0.83351 0.83351 4.32968 12.87460 4.23050
13.62801 14.38522 11.28960 6.23703 16.63399 7.57027 2.19727 5.76591 1.68228 3.99971 8.14056 115.33928 19.90509 2.77901 2.90489 1.76239 1.13678 2.51198 2.66647 3.60298 10.58388 8.45337 10.32066 22.93777 3.44849 0.87547 0.29945 2.75993 11.00349 11.47652 0.80490
13.95988 51.01776 10.78606 33.12683 5.39780 1.17874 4.03214 1.71852 0.92316 3.66783 3.68118 1.10054 1.53351 1.67274 0.99945 26.04103 8.98552 7.64847 5.04684 4.35066 3.22151 16.64352 6.84166 7.41005 1.11008 1.47057 0.20218 0.58174 8.77762 1.50108 2.44331
46.52786 10.05554 16.95633 17.02499 2.23160 0.56076 0.55885 1.97411 7.95174 5.90515 1.23978 1.24168 0.39291 0.63133 0.28801 2.55585 8.21877 4.67682 5.84602 7.46727 14.45198 19.88792 36.27205 10.24055 1.95885 2.92397 0.64087 1.88637 0.80490 3.95012 5.46837
16.29066 19.77730 29.17290 17.55714 7.74384 1.16730 1.58691 2.51389 4.69780 2.45857 3.90625 1.38092 0.55122 0.87357 4.99153 1.59264 6.78062 9.86862 9.65118 5.89561 2.95448 7.67136 28.65791 26.02959 22.12143 2.41470 9.50241 1.97601 0.70572 1.24168 4.93431
