DATA/RAW-RASTER/ECMWF/20170628/EN-49/20170701.en-49.asc
ncols			31
nrows			16
xllcorner		69.5
yllcorner		19.5
cellsize		1.0
NODATA_value	-99999
0.01907 2.20108 2.52151 4.86755 11.06262 4.57764 2.32315 0.47684 1.91498 1.40381 2.68936 1.50681 3.94821 4.70734 3.87955 2.34222 1.72424 2.87247 1.65558 5.08118 9.18198 6.17981 5.80215 1.15204 1.35422 3.78036 6.45447 12.43591 21.36612 29.03366 27.00424
0.10681 0.48065 10.55908 2.24686 4.38309 0.00000 3.41797 1.63651 0.54550 2.23160 4.67300 1.94931 4.08173 0.89645 0.49210 0.49210 0.42343 2.39563 1.71280 1.49155 2.70081 12.21466 12.32910 6.50787 3.67355 4.03976 4.46320 5.45120 8.16727 11.52039 14.35852
2.63214 6.77109 2.25449 2.10953 0.70953 1.72043 8.30078 5.95856 6.68716 6.36673 3.47137 2.65884 1.91879 1.99509 0.50354 1.51443 6.48117 4.19998 8.10623 6.23322 10.09369 3.86810 8.63647 12.45117 4.81415 5.84793 7.70569 14.94598 10.74600 7.61795 8.06427
8.99506 4.12369 2.21252 0.08774 0.00763 1.54114 14.93454 9.24301 8.17490 3.52478 4.58527 3.94440 4.16183 8.83102 6.07300 3.65067 3.73459 1.41525 4.95148 4.38690 5.89371 8.60977 8.01468 12.18796 16.49475 4.37927 5.12695 7.53784 13.32855 11.41739 5.35965
1.67465 3.63922 0.07629 0.13351 0.74768 1.61743 32.99332 10.34927 5.92804 10.74219 23.49854 14.12582 7.90024 5.30624 8.41522 10.35690 10.09369 5.03540 6.32477 7.05719 14.23264 17.62390 10.06317 9.50623 10.95963 8.70895 2.75421 2.84958 6.70242 9.03702 12.77542
0.41962 0.00763 0.64850 1.00708 0.75150 4.55856 7.69043 14.55307 27.84729 63.03024 79.27704 13.05771 3.00598 1.07574 3.66974 5.88608 16.96396 11.21521 18.51273 11.81030 10.97488 10.04028 5.37109 11.66534 13.79395 15.56396 5.79453 0.59128 0.74005 0.98038 5.69534
0.00381 0.00381 0.00000 0.41962 0.78964 2.57111 5.10025 4.96674 5.76401 20.81680 33.24890 18.71490 11.01685 2.33078 0.38528 2.67029 10.65063 8.41141 12.35962 17.09747 6.50787 0.47684 8.17108 5.39017 12.18033 34.84726 19.92416 11.32202 0.76675 0.88120 2.15149
0.00381 0.00381 0.00000 0.00000 0.09537 0.65994 2.76947 4.45938 3.16238 4.28391 8.21686 12.32529 11.41357 6.84738 12.44354 3.62015 5.72968 7.20215 0.96512 3.19290 5.13458 18.34106 6.38199 18.16177 34.06525 19.72198 11.16180 15.99121 32.41730 4.71115 4.08936
0.00000 0.00381 0.00000 0.00000 0.00763 0.34332 1.55258 2.70081 6.83594 6.51550 8.54874 16.17050 9.63593 22.12524 25.71106 12.06970 10.04791 10.66971 6.19507 32.61948 11.78360 176.94855 64.09836 65.29617 150.81787 20.03860 65.65094 104.66003 48.72131 8.77380 0.82779
0.02289 0.00763 0.06104 0.14496 0.16785 0.09537 1.92642 5.24521 6.07681 11.80649 7.22885 7.72095 3.49045 12.91656 21.20209 23.05984 36.67831 45.91751 24.87564 12.89368 32.07016 17.07458 59.50928 13.34000 9.86862 9.20868 103.49655 7.05719 32.24182 10.38742 4.54330
0.02670 0.10300 0.53024 0.50354 0.12207 1.23596 1.84631 3.53241 1.28937 4.25720 2.15530 1.96075 1.59454 6.22940 6.00815 11.80649 32.37915 29.43802 39.95514 28.35083 22.98737 21.27457 91.83884 11.85989 26.22986 54.43192 1.59836 3.29590 17.09747 5.86319 3.68881
0.11826 0.30518 1.63269 2.88773 1.37329 0.96893 1.19019 4.21524 2.34985 2.70462 2.78473 1.15585 1.99509 2.15912 1.02615 3.96729 9.44138 9.95636 12.26044 23.25058 42.11807 9.54437 0.64468 4.32968 35.30502 5.67245 2.12479 16.83044 13.88931 11.02066 6.61469
0.62180 0.55313 0.30136 0.39291 2.06375 6.33621 6.11496 2.78091 11.71875 0.90027 2.77328 0.51498 0.41962 4.24957 4.05884 2.43759 2.86102 1.73187 18.63098 9.52148 11.08170 23.09799 33.82111 12.79449 28.91159 5.71442 2.97928 3.65448 5.74112 4.14276 2.83432
0.94986 1.79672 1.40762 2.39944 5.29861 6.38199 4.61578 18.39447 8.30078 2.51389 1.69754 0.13733 0.15640 0.18692 1.65558 6.80923 7.41196 6.76727 13.32855 38.69629 18.17322 25.80261 9.38797 53.61938 2.99454 5.48553 1.28555 0.67139 5.27954 5.78690 4.57764
3.63922 4.93622 1.30463 8.02231 2.01797 2.34604 4.95911 2.37274 3.41415 2.81143 1.62125 0.35477 0.41962 0.19455 0.55695 4.68826 2.22015 5.34439 14.25171 12.23373 23.59390 19.56940 33.59985 28.19443 3.45230 1.62888 5.71442 1.44196 0.90027 3.26157 7.25174
3.46375 4.00543 4.67682 11.33728 3.41797 2.49100 0.72479 4.48990 1.27029 0.43106 5.34821 6.00433 0.06485 0.98801 1.97220 1.96838 2.53677 3.04794 5.44739 21.78574 28.98407 32.45163 31.18896 45.29572 38.56659 18.75687 19.66476 2.20490 1.54114 1.07193 3.56674
