DATA/RAW-RASTER/ECMWF/20170628/EN-49/20170705.en-49.asc
ncols			31
nrows			16
xllcorner		69.5
yllcorner		19.5
cellsize		1.0
NODATA_value	-99999
2.29645 0.39673 0.38528 0.98038 1.40762 1.47247 0.01526 0.00000 0.10681 1.16730 1.26266 0.87357 0.40054 0.10681 0.20218 2.28500 1.85013 1.62888 1.03760 2.62451 2.66647 4.58527 6.27518 1.40381 1.11389 5.11932 6.91986 8.13675 2.96402 4.77219 5.44739
0.04959 1.66321 0.59128 2.81525 2.33459 1.15967 0.03433 1.15204 0.05722 0.04959 0.01907 0.00000 0.00000 0.00000 0.01526 0.13733 0.74005 2.34222 1.66321 0.98038 1.39236 6.15311 1.46484 4.53568 6.96182 8.03375 6.34384 11.11603 11.98959 7.02286 6.86264
0.14496 2.06757 0.29755 1.38092 0.73242 0.02289 0.50354 0.03052 0.00000 0.00000 0.00000 0.00000 0.00000 0.00000 0.00000 0.00000 1.52588 1.62125 1.46103 4.11987 2.57874 6.69098 5.87082 4.28009 5.55420 7.96509 8.48007 13.97324 8.56018 5.28336 7.76672
0.46539 0.03433 0.04578 0.01526 0.00381 0.02670 0.42725 2.18582 0.00000 0.00000 0.00000 0.00000 0.00000 0.00000 0.00000 0.00000 0.56458 1.31989 1.69373 6.30951 7.50732 9.77707 16.62827 13.90457 12.82501 0.98419 11.42883 14.19449 11.27243 13.41248 9.83810
0.34714 0.00000 0.00000 0.02670 6.43158 0.43869 0.06485 0.13733 0.03433 0.00000 0.01526 0.00000 0.03052 0.00000 0.00000 0.00763 1.10626 3.26538 6.04630 9.67026 7.00760 2.44904 4.47464 2.81906 1.61362 1.22833 1.35040 0.56839 9.93729 7.80487 1.87683
2.55585 0.00000 0.00000 0.00000 0.01144 0.10300 0.20599 0.19455 0.23270 4.64630 9.51004 0.03433 0.88120 0.00000 0.00000 1.39618 5.79071 2.18964 10.09369 2.19727 1.08337 5.81360 8.04520 11.98578 7.59125 6.64520 0.94223 0.18311 12.73346 8.54492 14.44626
0.08774 0.00000 0.00000 0.00000 0.00000 0.00000 0.06485 0.02670 0.36621 1.01852 3.59726 3.63159 9.16290 0.25940 5.90515 14.41956 9.89532 9.68170 7.26700 2.86102 5.51605 6.64139 5.49698 8.64410 4.29916 20.98465 10.69641 3.64685 6.00815 7.93076 21.95740
0.00000 0.00000 0.00000 0.00000 0.00000 0.00000 0.00000 0.00381 0.00381 0.75150 0.92697 4.14658 4.98199 13.71002 19.09637 49.53003 12.48169 13.85498 19.38248 7.24411 9.32312 6.25992 5.10406 5.61523 10.95581 8.34656 1.59836 8.64410 46.82159 3.54385 12.50839
0.00000 0.00000 0.00000 0.04959 0.10681 0.00000 0.00000 0.00763 0.00000 1.12152 0.21362 0.69046 1.48010 6.32858 11.80267 22.83096 106.14014 10.74219 25.01678 55.25970 42.43851 10.34927 9.00650 5.55038 9.38416 1.75095 2.25067 27.21405 30.42603 14.73236 4.19998
0.00763 0.00763 0.13351 0.68665 0.86212 0.00000 0.00000 0.00000 0.08011 0.01526 0.39673 0.56076 1.99127 4.30298 12.55798 16.55960 13.53455 28.77426 6.82831 5.61523 8.50296 9.18961 33.73718 9.78470 6.75583 4.93622 1.84631 4.15802 10.65445 27.43149 17.45224
0.10681 0.30899 0.45776 0.35858 0.00381 0.11063 0.00000 0.00381 0.00763 0.17166 0.22888 0.29755 2.64359 2.65503 4.73022 15.25116 28.96118 9.43375 29.83475 33.06961 3.05557 7.08389 46.10062 6.17599 5.95856 12.96234 4.79889 22.30453 26.99280 17.91763 4.99344
0.07248 0.08774 1.33514 2.82669 1.07956 1.11008 0.96130 1.54877 0.43488 0.11826 1.46866 1.94931 0.30518 2.47574 4.08173 7.89261 17.98248 13.80157 19.43207 56.78177 5.27954 4.43268 32.95898 18.02063 7.85828 1.36948 1.01089 14.18686 2.75421 17.08221 14.76288
0.47302 0.30899 0.20599 0.28610 1.62506 1.73187 1.09482 0.89264 0.30136 0.92316 2.02560 2.64740 0.82016 7.69043 1.63269 12.63046 19.34052 44.95621 52.94418 39.82162 40.29846 7.02286 36.11755 21.32034 13.56506 1.89590 1.18637 1.57547 3.77655 4.92477 3.57056
0.86594 1.09482 0.03433 3.43704 1.30081 1.12534 1.52206 1.58691 1.59454 0.40817 2.23923 1.27411 2.96021 2.73514 8.74710 19.46259 16.65115 35.28595 59.83353 23.58627 24.63150 14.24026 29.03748 68.77899 8.88824 1.09100 0.71716 4.96292 3.06702 2.31552 1.02615
3.14331 1.71280 2.97546 3.49426 2.05231 2.01035 0.30518 0.38910 1.01852 0.97656 0.97275 1.04904 3.41415 4.52042 7.81250 11.98196 18.15414 10.36072 42.84668 58.94852 26.85928 18.81790 21.67511 36.59821 25.51270 1.30081 0.89645 1.41525 1.17493 5.94330 2.03705
3.21579 3.61252 4.03214 7.34711 0.78583 1.47247 2.12479 1.71280 0.63705 0.27847 1.06430 0.93842 2.59399 10.00595 5.45120 3.70407 4.85611 6.06537 18.38303 24.27673 11.26099 25.71869 28.46527 40.72571 21.99173 2.99835 3.41415 3.47137 1.38855 2.11716 6.48880
