DATA/RAW-RASTER/ECMWF/20170628/EN-49/20170703.en-49.asc
ncols			31
nrows			16
xllcorner		69.5
yllcorner		19.5
cellsize		1.0
NODATA_value	-99999
0.55695 2.22015 1.60980 1.12915 16.34979 8.80432 14.75525 12.34436 0.64087 0.20599 0.59891 0.48065 4.15802 2.71225 4.58908 4.37164 1.52969 0.69809 0.56076 1.51062 2.45667 2.56348 0.60654 1.57928 2.74277 4.68063 11.94382 7.90787 3.70026 3.66211 0.72479
0.43106 0.38528 6.71387 21.05713 4.62723 0.27084 0.19073 0.03052 0.06485 0.00381 0.01907 0.80490 1.99509 2.29645 3.47519 2.65884 1.78528 3.55148 3.52859 4.33350 2.88773 4.60815 2.67029 9.80759 17.70401 11.33728 5.27573 4.94766 2.67029 0.89264 2.10190
0.03815 28.13721 22.45331 12.99667 9.20105 6.87408 0.35858 0.02289 0.00763 0.00000 0.00000 0.00763 0.75150 1.36185 1.76620 1.70135 3.81470 1.04523 3.04794 2.92587 7.71713 8.20923 8.27026 9.40704 9.87625 4.92096 6.63757 4.60434 1.37329 1.80435 1.03378
0.75150 10.68497 18.02826 6.80542 17.75742 14.04190 5.64957 13.49258 0.06866 0.01526 0.07248 0.01526 0.00763 1.51825 1.30844 0.53787 1.43814 1.67084 2.54440 10.63156 5.27954 15.72418 20.58411 11.37161 2.20490 0.53406 12.64572 11.66916 6.72531 2.18964 1.14059
0.66376 0.27466 0.00763 0.30899 0.48447 3.50189 5.57709 5.18036 1.20544 0.04578 0.04196 0.07248 0.07629 2.04468 1.77765 1.25504 3.53241 9.15527 4.97437 5.43213 7.07626 4.84467 5.82886 4.36401 0.47684 0.68283 1.09863 5.39780 10.86807 6.40106 1.79672
0.32425 0.00000 0.00000 0.00000 0.00000 0.03815 1.52588 2.82669 4.93240 6.39343 26.09253 7.37381 2.81525 0.84305 6.62231 14.20975 5.04684 12.69150 17.70401 12.28714 5.47791 6.70624 2.89917 12.34055 3.93295 6.10352 4.13513 1.42288 10.38361 9.75037 6.89316
0.00000 0.00763 0.00381 0.00000 0.00763 0.00000 0.28229 1.22070 0.84686 3.04794 2.54822 8.28934 6.82068 6.04630 1.02997 4.65775 5.42450 5.39017 3.44086 1.06812 1.97983 1.75476 8.56400 5.21088 4.85992 21.19446 17.45987 8.62885 2.63596 6.39725 5.38635
0.00000 0.00381 0.00000 0.01144 0.00763 0.00000 0.00000 0.08011 0.33951 1.07193 2.06757 4.96674 9.44519 4.66537 36.59058 64.92615 9.67407 2.85721 18.41736 6.44302 28.92685 24.66583 6.31714 26.81351 35.86197 55.38559 90.14893 9.99069 22.09854 2.11334 4.36020
0.00381 0.00000 0.07248 0.12970 0.06866 0.00381 0.05722 0.43869 0.05341 0.05341 0.07248 0.70572 12.82501 9.95636 15.02991 53.19977 112.15210 37.15897 118.44635 113.52539 154.70505 64.06403 59.79538 17.33017 36.45706 23.01407 20.37048 110.75211 50.33112 6.64902 1.30463
0.01144 0.04196 0.46539 0.76294 0.98038 0.00000 0.18311 0.63705 0.24796 0.00381 0.00381 0.04959 0.21744 4.03976 9.36890 35.27069 30.61295 29.93774 37.06741 19.03534 15.74326 29.47617 68.14575 22.36557 22.18246 19.30237 15.80048 5.58090 11.69586 4.57382 2.76184
0.06485 0.29373 0.56458 0.64850 0.04196 0.27084 0.00000 0.25177 0.02670 0.31662 0.36621 0.53024 0.55695 2.35748 3.64304 41.67175 18.97812 21.04568 32.43637 90.76691 12.22229 18.31818 80.77621 35.12573 11.47842 21.10672 12.46643 16.00647 8.28934 2.42233 4.00543
0.13733 0.21362 1.50299 2.97546 1.28555 1.01852 0.20981 1.14822 0.94223 1.14059 2.26212 1.36185 5.53894 4.50897 4.79507 17.62772 7.57980 3.61633 15.07950 14.18686 18.85986 34.31320 2.75803 6.17599 10.15472 2.63977 3.21960 9.19342 9.95255 6.46973 3.37601
0.71716 0.51498 0.25558 0.75531 1.50299 1.51062 0.61798 1.34659 0.86594 1.20163 1.23596 2.89917 6.07681 18.94760 25.81787 2.96021 26.12305 82.65686 6.33240 29.36554 35.80475 32.02820 7.49969 9.17435 29.65927 1.54114 0.44632 4.16183 22.54868 11.81030 4.14658
1.74332 0.78201 0.06485 2.86484 3.29208 1.01852 1.51443 1.41525 1.09100 0.83923 2.15149 6.22177 21.97647 9.34601 6.54984 11.90186 7.05719 0.77820 9.07516 26.60370 10.63156 35.23254 18.40591 9.25446 29.51813 0.96893 0.75531 10.73837 16.34979 4.15802 1.96838
5.57709 0.66376 2.39944 4.63104 3.72696 1.34277 0.92697 1.37711 0.93079 0.35858 4.76456 1.96457 5.09262 8.73566 4.31061 3.34167 1.36566 1.89972 0.75912 17.82608 22.10999 32.85599 36.43417 25.52795 6.56128 2.54440 6.82068 23.09036 0.84686 3.72314 11.79886
2.46048 3.65829 3.88336 11.69205 0.57983 1.78146 0.85068 0.37384 0.19455 0.41962 1.59454 2.93732 0.74005 1.55640 4.73404 5.27191 1.41525 1.92261 8.99506 22.93015 22.62115 29.66309 37.52899 45.57800 48.40851 3.47519 41.92352 20.70618 14.79721 2.55203 2.81525
