DATA/RAW-RASTER/ECMWF/20170628/EN-49/20170712.en-49.asc
ncols			31
nrows			16
xllcorner		69.5
yllcorner		19.5
cellsize		1.0
NODATA_value	-99999
1.24359 5.62286 39.40582 7.14111 5.55420 8.65173 9.90295 7.94983 2.24304 1.77002 1.87683 4.69208 6.27136 4.89807 4.36401 4.40216 2.93732 3.54004 6.69098 1.03760 1.99890 0.07629 0.04578 0.12970 1.81580 2.26593 3.80707 3.75366 1.63269 11.39832 17.37213
0.75531 1.02997 21.71326 10.42938 13.69476 22.48383 11.01685 5.34821 4.54712 4.68445 5.35583 6.11877 3.60870 2.33459 2.65503 2.40326 1.70898 1.51825 14.86206 4.98962 2.05994 0.74768 0.09918 0.50354 0.45013 3.31116 6.28662 7.62177 9.52148 10.71930 5.13458
3.82996 2.87628 2.77710 6.34766 21.24786 22.58301 3.25775 8.16345 4.21906 9.34601 8.96454 6.03485 1.82343 5.60760 5.53131 4.57764 2.40326 1.87683 3.38745 4.37164 3.92914 1.43433 0.12207 0.70190 1.44958 2.37274 4.15039 4.20380 7.78198 4.66919 2.69318
15.48004 4.16565 4.76837 8.50677 21.02661 21.49200 18.28766 9.84955 10.65063 6.48499 8.92639 1.77765 0.93079 2.81525 1.69373 6.67572 5.44739 2.39563 3.27301 3.60107 2.81525 4.50134 1.27411 1.65558 2.67792 1.14441 5.81360 3.00598 4.96674 3.45612 3.70026
6.37054 3.89862 5.72205 8.67462 4.65393 23.36121 72.66998 25.13123 30.27344 8.20923 0.41962 1.66321 2.29645 6.23322 7.72095 5.30243 3.15857 14.04572 10.72693 2.47955 8.55255 2.41089 2.84576 6.39343 1.06049 1.19781 0.42725 7.39288 1.85394 3.96729 9.68170
4.46320 1.05286 1.48773 2.17438 4.44031 6.84357 132.06482 50.80414 11.96289 6.86646 2.62451 7.39288 5.99670 1.87683 6.98090 11.58142 8.58307 5.85938 6.24084 6.77490 2.21252 1.50299 1.06812 5.17273 0.91553 1.64795 0.16785 0.02289 1.77002 0.25177 0.56458
3.11279 3.28827 6.51550 0.66376 0.96893 11.26862 39.16168 39.26086 10.03265 3.41797 3.42560 0.90027 6.54602 6.97327 0.88501 1.12915 4.80652 9.13239 8.23975 5.12695 4.40216 3.55530 6.11877 1.37329 1.33514 1.43433 0.74768 0.57983 0.26703 0.23651 0.41962
0.26703 1.67847 0.80109 2.99835 1.38092 7.07245 12.45117 9.52148 8.81195 5.03540 14.37378 5.56183 3.92151 6.77490 31.72302 4.29535 13.99231 3.21960 2.22015 4.85229 2.39563 2.02942 5.27191 3.32642 4.03595 23.99445 25.07019 1.79291 12.44354 0.89264 0.54169
0.58746 1.83105 0.49591 1.56403 8.87299 32.37915 53.21503 17.00592 6.44684 19.37866 17.05933 4.15039 10.24628 19.35577 9.52911 10.32257 1.49536 7.77435 5.35583 18.87512 6.98853 8.04901 11.85608 10.54382 20.80536 20.89691 20.20264 9.63593 6.05011 2.69318 9.37653
0.49591 2.38037 1.53351 0.89264 2.89154 6.01196 19.19556 14.95361 7.45392 9.79614 6.73676 3.27301 3.14331 4.29535 3.67737 1.99127 2.10571 4.93622 13.10730 7.17926 12.61139 10.13184 20.39337 4.71497 12.90894 23.50616 14.61029 20.93506 7.16400 21.46149 5.99670
1.64795 1.82343 1.26648 0.73242 0.93842 1.45721 11.85608 14.73236 8.95691 15.93018 17.11273 13.70239 13.07678 3.72314 2.99072 7.30133 1.66321 6.50787 3.60107 5.28717 2.37274 6.94275 5.54657 3.65448 8.51440 11.15417 5.88989 10.56671 7.20978 10.05554 3.14331
1.22833 1.38855 4.78363 1.73950 1.24359 4.08936 12.97760 60.67657 32.21893 32.08160 22.25494 5.66101 13.39722 18.85986 0.84686 2.57874 11.13892 14.00757 4.95911 11.80267 6.73676 4.62341 1.37329 9.30786 5.94330 10.29968 22.19391 6.85120 2.33459 15.09094 7.98798
1.54114 0.69427 9.08661 12.74872 2.08282 5.32532 4.47083 9.30786 18.73016 68.74847 17.31110 10.04791 38.51318 6.01959 6.10352 10.05554 9.07898 7.40051 10.59723 8.08716 8.04138 5.73730 2.96021 24.23096 1.62506 4.20380 1.34277 4.73022 2.46429 11.10077 4.82178
2.27356 2.49481 2.33459 18.05115 10.87952 1.81580 1.48773 1.90735 2.60925 36.01074 19.02008 12.16888 14.91547 24.55139 8.27789 3.97491 7.26318 10.39886 13.51166 6.99615 12.31384 16.57867 6.98090 6.24847 0.97656 0.54169 0.86212 4.57001 9.66644 7.65228 8.07953
6.71387 2.28882 7.97272 30.48706 10.85663 34.23309 46.82922 2.17438 8.72803 22.88055 67.77191 1.82343 2.99072 13.18359 2.31171 2.02942 2.78473 11.71112 11.20758 8.63647 13.38959 10.76508 8.62885 3.95203 6.64520 5.19562 10.80322 11.19995 8.65936 16.47186 8.14819
3.89862 6.62994 27.49634 88.15002 53.61176 30.34210 1.95312 0.77057 1.17493 5.85938 1.48773 2.17438 26.43585 3.22723 2.89154 1.98364 1.73950 9.23157 14.06860 11.19232 9.74274 11.05499 3.70789 8.54492 6.79016 8.13293 5.43976 9.19342 2.33459 6.01196 6.62231
