DATA/RAW-RASTER/ECMWF/20170628/EN-49/20170708.en-49.asc
ncols			31
nrows			16
xllcorner		69.5
yllcorner		19.5
cellsize		1.0
NODATA_value	-99999
4.03595 0.69427 3.99780 3.09753 0.00000 0.00000 0.12970 0.00000 0.39673 1.54114 2.60925 2.50244 1.78528 5.11932 2.25830 0.15259 0.03052 0.03052 0.00000 0.09155 0.12970 0.13733 0.01526 0.19073 0.44250 0.36621 0.00763 0.00763 0.00000 0.35858 0.24414
0.07629 1.57166 1.93787 10.28442 4.65393 1.12915 0.01526 0.04578 0.30518 1.86920 4.24194 3.25012 4.55475 3.15094 0.83160 0.03815 0.00763 0.00000 0.27466 0.03052 0.00000 0.02289 0.03815 0.00000 0.02289 0.46539 0.19073 0.06866 0.12207 0.10681 0.11444
0.11444 0.00000 0.03815 1.98364 15.44189 9.16290 1.44196 0.00000 1.22070 2.72369 6.91223 2.10571 2.25067 0.63324 0.26703 0.00763 0.00000 0.00000 0.00000 0.00763 0.19073 0.79346 0.12970 0.36621 0.02289 0.01526 0.12970 0.05341 0.08392 0.00000 0.05341
0.00000 0.00000 0.07629 0.11444 2.95258 5.40161 10.16235 16.93726 0.01526 7.26318 11.87897 4.05121 3.25775 1.15204 0.69427 0.00000 0.00763 0.03815 0.13733 0.18311 0.21362 0.90790 3.24249 0.22888 0.03052 0.03815 0.00000 0.00000 0.00000 0.02289 0.12970
0.93842 0.00000 0.00000 0.00763 0.02289 0.21362 8.69751 27.70996 36.57532 8.86536 4.47083 11.52039 19.06586 3.43323 1.41144 0.19836 0.01526 0.16022 0.62561 1.63269 2.03705 8.85773 10.85663 10.17761 3.15094 1.26648 0.42725 0.20599 0.05341 0.00000 0.00000
0.85449 0.00000 0.00000 0.00000 0.09155 0.09918 2.52533 3.42560 3.56293 15.84625 7.29370 9.72748 7.88116 5.51605 6.05011 0.83160 1.98364 3.16620 5.33295 2.61688 5.03540 10.08606 14.73999 10.20813 3.67737 1.15204 0.68665 1.86157 0.77057 0.69427 1.43433
0.00000 0.00000 0.00000 0.00000 0.00763 0.22125 0.78583 1.64032 4.84467 7.14111 47.81342 13.63373 15.35797 17.61627 6.30951 14.14490 14.14490 8.61359 6.71387 6.15692 9.49860 15.09094 17.69257 11.23047 13.48877 8.04901 8.13293 2.94495 2.87628 5.50079 6.70624
0.00000 0.00000 0.00000 0.06866 0.29755 0.00000 0.18311 0.09918 1.35040 3.09753 7.77435 9.49097 2.89917 3.02124 6.06537 15.04517 29.99878 8.11768 8.56781 9.23157 3.83759 11.10840 7.82013 6.59943 5.50842 9.26208 12.21466 6.80542 11.57379 8.11768 20.40863
0.00000 0.00000 0.00000 0.00000 0.01526 0.55695 1.29700 0.16785 2.23541 5.07355 3.12805 1.39618 1.02234 4.80652 4.38690 4.84467 10.90240 3.86810 16.22772 3.31879 6.12640 7.24030 10.37598 7.82013 7.95746 9.97162 24.25385 14.67896 16.51764 21.83533 21.20209
0.00000 0.00000 0.25940 0.02289 0.00763 0.54932 0.06104 0.34332 24.34540 51.43738 8.62122 3.20435 0.90790 0.04578 0.52643 0.88501 1.16730 1.93787 3.33405 5.71442 2.49481 2.03705 5.92041 13.59558 13.98468 21.97266 27.66418 41.00037 16.87622 17.25006 32.09686
0.13733 0.23651 0.73242 0.55695 0.00000 0.01526 5.45502 15.09094 16.56342 28.83148 57.22046 1.67084 1.28174 0.48065 0.30518 0.06104 0.56458 0.69427 0.48065 0.85449 0.91553 1.08337 6.31714 12.29095 19.34052 7.00378 21.01135 28.03802 30.91431 9.55200 7.25555
0.70953 0.60272 2.01416 1.11389 0.06866 0.38910 1.79291 8.13293 13.17596 6.53076 4.91333 0.85449 0.80109 0.91553 0.16022 0.02289 1.19019 0.70190 0.55695 1.34277 0.54932 4.68445 10.94818 31.50177 14.80103 11.06262 2.72369 9.64355 6.23322 2.74658 1.51825
1.84631 3.75366 2.12860 1.79291 1.12152 1.00708 0.43488 1.30463 6.00433 35.35461 13.25226 2.60925 2.47192 0.53406 0.44250 0.17548 1.02997 0.45013 1.02234 1.82343 1.51825 1.93024 7.70569 8.09479 4.54712 1.34277 0.30518 6.52313 7.56073 6.27899 7.01904
2.08282 2.99072 0.28992 1.13678 2.68555 0.93842 0.52643 12.33673 3.70026 10.83374 47.49298 3.35693 5.65338 5.88226 2.18964 0.09918 2.26593 1.04523 2.14386 1.22070 2.31934 3.01361 6.45447 20.16449 0.42725 0.51117 0.16785 16.80756 5.59998 10.62775 7.96509
2.87628 2.67029 2.96021 2.93732 1.71661 0.95367 1.64032 2.70844 4.96674 8.02612 45.37964 4.84467 10.32257 1.20544 0.35095 0.33569 3.05176 0.84686 0.14496 0.67902 0.86975 1.13678 2.17438 58.14362 4.47083 0.73242 0.01526 4.44794 4.62341 12.21466 5.11932
1.09863 3.30353 2.59399 9.36127 1.94550 2.06757 1.43433 17.84515 15.38086 38.76495 35.50720 54.24500 10.36835 2.32697 18.15033 6.76727 2.96783 2.63214 0.99945 0.86975 1.37329 2.00653 2.54059 7.27081 42.69409 1.69373 0.63324 2.21252 2.98309 5.55420 1.64795
