DATA/RAW-RASTER/ECMWF/20170628/EN-49/20170707.en-49.asc
ncols			31
nrows			16
xllcorner		69.5
yllcorner		19.5
cellsize		1.0
NODATA_value	-99999
6.84357 0.48828 1.02997 0.19836 0.09155 0.00763 0.00000 0.00000 0.33569 1.91498 1.04523 1.11389 1.90735 0.58746 0.24414 0.01526 0.00763 0.00000 0.04578 0.15259 0.09155 0.15259 0.11444 0.36621 0.74768 0.31281 0.17548 0.12207 0.15259 0.96893 2.02942
0.41962 1.15204 0.66376 2.22015 1.51062 3.16620 0.00000 0.22125 0.12207 0.03815 0.46539 0.86212 1.81580 0.67139 0.74005 0.22125 0.60272 0.07629 0.07629 0.09918 0.13733 0.99945 1.18256 0.38147 1.01471 1.09100 0.56458 0.31281 0.64087 2.18964 2.57111
0.38147 0.35858 0.07629 0.81635 2.67029 3.35693 0.55695 0.00000 0.00763 0.00000 0.62561 0.48065 0.28992 0.07629 0.01526 0.15259 0.25177 0.09918 0.12970 0.05341 0.09155 0.47302 1.24359 3.70789 1.49536 2.45667 0.65613 0.66376 1.50299 3.31879 12.43591
0.00000 0.00000 0.00000 0.08392 0.94604 1.41144 3.68500 2.80762 0.00000 0.05341 0.77820 0.67139 0.39673 0.57220 0.21362 0.04578 0.52643 1.50299 1.80054 0.91553 8.99506 8.09479 5.58472 1.80054 3.57819 3.34930 6.05774 2.14386 1.59454 6.32477 10.45227
0.03815 0.00000 0.00000 0.00000 0.02289 0.00000 1.98364 1.54114 0.59509 0.17548 0.00000 1.58691 6.22559 5.56946 0.44250 2.98309 2.55585 4.22668 12.80212 22.26257 11.90948 11.25336 35.14099 7.58362 6.03485 12.42065 7.92694 7.39288 8.27789 10.20050 9.33075
0.00000 0.00000 0.00000 0.00000 0.00000 0.03052 0.03052 1.62506 3.47900 2.89154 3.95966 9.30023 8.42285 6.56128 9.03320 6.88171 8.08716 9.49860 8.93402 16.55579 13.25989 25.10834 8.12531 11.77216 13.42010 4.48608 6.06537 13.00049 15.51056 25.89417 13.62610
0.00000 0.00000 0.00000 0.00000 0.00000 0.04578 0.00000 0.03052 2.27356 7.77435 22.79663 17.53235 50.87280 14.28986 11.94763 11.26099 9.79614 14.44244 9.28497 13.44299 15.05280 8.99506 8.87299 2.53296 8.68988 11.05499 9.40704 6.75201 20.59174 13.78632 16.44135
0.00000 0.00000 0.00000 0.00000 0.05341 0.00763 0.19836 0.65613 1.98364 2.59399 4.12750 18.66150 10.33783 7.61414 12.53510 6.05774 10.12421 1.51062 0.70190 2.65503 8.49915 17.57812 5.12695 17.28058 16.89148 21.63696 12.41302 3.38745 13.99994 1.99127 4.34113
0.00000 0.00000 0.00000 0.01526 0.19836 0.29755 0.28992 0.15259 0.96893 9.82666 2.24304 18.45551 16.50238 3.35693 5.34821 2.89154 4.38690 3.50189 5.40161 8.51440 5.95093 9.24683 27.67181 11.59668 13.01575 9.42230 17.31873 10.36835 30.02167 5.12695 2.08282
0.00000 0.00000 0.00763 0.21362 0.25940 0.29755 0.12970 0.59509 2.56348 7.34711 16.64734 55.67932 10.36835 2.89917 9.04083 5.23376 4.12750 8.24738 7.71332 5.97382 11.08551 9.45282 12.99286 19.83643 6.11115 18.84460 14.75525 9.78088 7.04956 0.80872 2.38037
0.33569 0.40436 0.21362 0.28229 0.07629 0.38910 0.67902 0.61798 2.94495 12.64191 97.86987 130.61523 11.97815 2.24304 3.18146 4.21906 4.44794 7.89642 6.97327 5.42450 4.09698 4.31824 23.68164 13.86261 10.69641 1.68610 2.41089 5.64575 1.32751 0.25940 0.56458
0.13733 0.22125 1.13678 1.54877 0.38147 1.75476 0.28992 0.26703 1.51825 10.31494 46.72241 43.28156 13.74054 5.79071 1.87683 6.10352 8.77380 5.87463 4.24957 1.01471 2.61688 2.37274 0.64087 19.17267 5.66864 0.91553 0.85449 4.26483 0.43488 0.35095 0.55695
1.25122 1.41144 1.54877 1.27411 2.66266 1.49536 1.66321 0.96130 0.94604 2.47192 4.63867 8.20160 3.05939 6.12640 4.12750 11.23810 15.16724 3.55530 10.62775 4.47845 1.46484 1.01471 0.91553 6.80542 1.25122 1.62506 0.72479 2.89917 4.57001 2.12097 1.73187
2.23541 1.77002 1.09863 1.77002 1.22833 0.42725 1.11389 1.70135 1.03760 0.18311 1.43433 0.95367 3.21198 14.50348 7.63702 8.78906 10.25391 6.07300 4.84467 3.70026 2.80762 1.18256 4.78363 3.08228 0.86212 0.19836 1.44958 4.19617 4.75311 7.58362 3.79181
1.64032 0.77057 1.04523 2.02179 1.93024 1.09100 0.15259 0.32043 0.01526 1.41144 3.13568 6.07300 7.90405 21.15631 9.68170 14.10675 12.93182 7.12585 1.37329 0.51880 0.49591 0.48828 2.02179 6.42395 2.19727 0.99182 0.06866 2.04468 6.03485 7.63702 3.44849
2.65503 1.96838 2.67029 8.20160 1.31989 2.27356 0.53406 0.61798 0.18311 4.11987 2.20490 4.98199 4.52423 30.98297 23.56720 14.12964 25.96283 2.76184 1.04523 0.48065 0.41199 1.03760 2.60925 4.21143 7.01904 1.06812 0.51117 2.32697 3.97491 6.81305 5.87463
