DATA/RAW-RASTER/ECMWF/20170628/EN-49/20170630.en-49.asc
ncols			31
nrows			16
xllcorner		69.5
yllcorner		19.5
cellsize		1.0
NODATA_value	-99999
0.40436 2.57111 3.03078 2.71225 7.68471 5.46646 16.87241 11.76262 6.89316 3.21579 6.56891 5.73730 4.65584 4.81796 4.41933 4.28581 4.77219 5.79643 7.92503 7.58362 4.64249 4.75311 5.56564 2.48337 5.93376 8.69751 6.51550 0.28801 1.89781 0.45013 0.12016
0.00000 0.06866 0.00000 1.82915 4.71497 24.09363 17.16614 4.43268 9.39560 5.97954 3.75748 4.82559 4.79317 5.76019 3.06702 3.74985 2.80952 5.87273 6.59370 4.18282 6.52885 3.82805 9.21249 7.74384 11.09123 2.61116 2.00653 1.32561 1.05286 0.79727 0.76103
0.01907 0.00572 0.00191 0.04005 7.62177 29.05464 11.41930 6.16837 3.25012 1.14632 0.60654 0.18501 0.62752 0.52834 0.61607 1.78146 3.62778 4.43459 8.79288 14.39476 7.88498 8.77953 5.31578 9.52911 16.01028 9.74083 5.92613 1.46103 1.26457 1.03569 0.65231
0.24033 0.00000 0.00191 0.07629 1.07956 45.12978 13.19504 3.13568 3.12042 3.63922 2.28500 1.64032 0.30327 0.33951 2.87819 0.09918 2.04659 0.92316 2.36702 8.04138 10.10323 2.51579 18.98384 7.08008 5.62286 3.01743 3.39127 1.52779 1.34659 2.57874 2.35176
0.17166 0.05722 0.00000 0.19264 3.93105 48.76709 36.91673 8.14629 4.47083 16.09230 18.10265 10.12802 6.99425 0.71716 0.59128 1.41716 1.63078 4.76646 4.92859 9.46808 13.10730 2.59018 1.44386 0.31281 0.53978 0.96512 1.38855 3.44467 3.82423 2.24304 4.61197
2.35367 1.29318 0.12970 0.47112 2.09045 49.33548 30.57289 8.17871 21.02089 129.91142 42.10472 20.60318 12.14218 1.41525 4.00734 2.22206 0.46158 0.61989 3.19672 2.43759 6.35147 6.87218 3.63922 3.44276 3.33023 4.10652 2.82478 0.32806 5.46837 7.73048 3.66211
0.21744 0.00191 0.00000 0.27275 3.04604 1.68419 13.24654 3.58009 6.82068 163.47313 70.66536 45.92133 20.39909 24.12033 13.52310 2.76756 1.72043 1.10435 1.48010 2.86674 10.59723 5.10788 7.73621 3.40462 8.57925 37.43744 8.85963 4.66347 1.34277 1.95312 5.25093
0.09155 0.74387 0.49591 2.28691 4.04549 7.72667 37.92381 10.78224 18.02444 44.72160 23.01025 22.63451 75.46234 58.42018 90.82985 55.31883 57.04689 4.38690 1.03951 3.86620 8.71849 15.87868 6.94466 33.02002 77.96669 56.22864 56.71501 10.96535 28.97644 5.85556 4.33731
0.00000 0.21362 0.33760 3.72505 5.21469 3.18909 12.14790 12.22229 8.19016 8.32367 86.43341 17.68684 12.14981 25.84839 17.56668 29.09470 45.21751 26.93558 13.56697 74.90730 138.61084 66.27464 52.79350 31.62003 11.76071 11.14655 47.88780 82.90482 38.49411 14.05716 4.14085
0.00000 0.02480 1.23024 6.44112 2.43759 8.61549 5.10979 8.20351 5.11932 5.82504 2.44522 2.45857 1.64223 6.24466 13.64136 22.23015 13.01956 20.14160 143.61000 18.81409 2.51198 10.29015 175.13466 15.76233 4.86755 16.87431 35.91919 14.01520 55.01366 20.02716 2.15530
0.00000 0.15831 3.28636 12.58659 7.36809 12.48169 3.89481 3.29971 1.39809 0.77629 0.92125 0.85831 0.89836 5.11360 2.18201 13.91029 12.72583 27.80342 11.24763 4.54140 3.53622 8.04138 143.97621 4.50706 27.53258 17.96341 2.03133 4.99344 11.96480 8.96072 1.76620
0.26703 1.55067 8.64983 28.06473 31.45790 4.66537 12.56561 19.60182 2.57683 1.88255 1.85585 0.56267 0.57983 1.88255 1.27411 7.49207 4.81224 11.48224 11.69395 5.42068 8.32748 7.61604 1.63078 3.19481 18.28384 2.43759 1.08910 3.38173 8.15201 13.65471 5.76782
2.96211 5.43976 38.43689 64.13841 76.70784 26.73149 3.64304 3.08800 1.84441 0.96512 1.14059 1.29318 1.71661 1.43242 2.01416 1.97792 1.05286 7.80869 23.14377 12.03537 10.67734 9.57298 4.07982 8.19588 17.61055 6.21605 0.53787 2.13432 3.35693 5.33867 5.23758
0.45395 2.70844 1.01280 14.29939 8.62503 1.10054 2.89917 4.58717 1.66893 1.89209 0.93269 0.76675 0.71716 1.51825 1.11008 1.33133 1.63460 5.18036 11.84654 20.73288 3.01361 13.53073 10.30540 8.63075 7.05338 0.99182 0.67139 0.60654 49.51668 18.43452 10.82039
3.75366 5.46074 7.87926 17.88330 11.74927 4.50897 2.79427 0.73624 1.97601 0.49210 1.02806 0.59509 0.24605 0.36812 1.10626 0.62943 1.97792 4.89616 5.36919 19.90318 16.34026 11.28006 19.58656 20.81871 1.55067 3.33595 3.23677 1.61362 5.26619 10.19287 19.15359
2.68936 4.50134 15.70511 18.45932 18.96667 1.48773 9.10759 3.55530 5.21088 1.96648 5.28526 3.07846 0.58937 0.83160 0.46349 7.73811 7.54738 11.27052 27.18735 28.24974 18.10074 13.30566 23.48709 33.98705 21.25931 15.27023 19.06395 2.69318 8.41522 8.48198 12.60567
