DATA/RAW-RASTER/ECMWF/20170628/EN-49/20170706.en-49.asc
ncols			31
nrows			16
xllcorner		69.5
yllcorner		19.5
cellsize		1.0
NODATA_value	-99999
3.99399 0.65994 1.20163 0.12207 0.36621 0.12970 0.00381 0.01526 0.06104 1.42670 1.77002 0.52261 1.35803 0.17929 0.48447 0.20981 0.69809 0.67520 0.33951 0.90027 3.20816 2.26212 2.02942 8.02231 3.28064 1.80817 1.65558 4.36401 4.50897 7.49588 13.50021
1.63269 0.18311 0.09155 0.03815 2.23923 0.04959 0.04578 0.18692 0.08011 0.04959 0.25558 0.23270 0.24033 0.11826 0.23270 0.09537 0.11444 0.20599 0.21362 0.90027 1.25885 3.63541 3.83377 1.92642 2.50626 3.11279 1.90353 2.30026 8.13675 16.42227 7.93076
1.12915 0.27847 0.09155 0.00381 0.12207 0.80490 0.74387 0.03052 0.00381 0.00000 0.00381 0.00000 0.00000 0.00381 0.00000 0.00381 0.16785 0.14114 0.64850 1.78146 1.07574 2.18582 1.52206 5.19943 7.21741 5.65720 3.77274 1.38474 8.92639 18.27621 8.85010
0.14114 0.22507 0.12589 0.07629 0.22125 0.33569 4.28772 1.33133 0.00000 0.00381 0.00000 0.00381 0.00000 0.00000 0.00000 0.00000 0.11063 1.73569 7.46536 11.28769 6.77490 6.96564 3.20435 5.85556 7.72858 5.34058 20.71381 8.41141 10.33020 22.40372 13.67569
1.84631 0.00000 0.00000 0.00763 0.41580 0.31662 1.23596 0.44250 0.42343 0.00000 0.00000 0.00000 0.00000 0.00381 0.27847 1.25122 2.35367 7.85065 12.63046 14.14490 17.61627 16.05606 18.16559 4.47845 4.42123 6.41632 9.89914 17.55142 24.52087 9.89151 9.42612
0.98801 0.00000 0.00000 0.00381 0.02670 0.29755 0.03815 1.12152 3.57056 3.81470 4.17709 3.26538 1.20926 0.27847 0.42343 7.10678 13.97324 13.31711 17.80701 23.82278 24.18900 16.67404 10.20813 11.79504 2.23541 4.33350 0.96130 0.82779 10.15472 10.99014 3.45230
0.01144 0.00000 0.00381 0.00000 0.00000 0.00381 0.00000 0.01526 0.94604 7.90787 5.55801 3.55911 5.53894 3.12042 1.15204 10.41412 9.85336 12.73346 3.37982 7.52640 8.55255 6.28662 8.12531 2.55585 3.79944 22.49146 7.66754 6.86646 3.15857 2.55966 6.21033
0.00000 0.00000 0.00000 0.00381 0.00000 0.00000 0.08392 0.01526 0.81253 3.28064 8.44574 7.98035 23.19336 24.06311 8.08334 11.98578 6.85120 0.66757 0.25940 1.40762 3.03268 13.46970 3.60870 4.74930 6.93512 12.28714 9.22775 11.49750 19.58847 3.79944 4.69589
0.00000 0.00000 0.00381 0.00381 0.00000 0.00000 0.00763 0.02670 0.00381 2.06757 7.21741 8.06808 9.19342 8.68225 6.05392 7.24411 3.84903 8.13675 12.71057 31.02493 24.65439 14.63318 26.77155 40.41290 21.02280 16.88385 8.12912 16.87622 28.67889 1.65176 3.21198
0.04578 0.23270 0.48065 0.76675 0.01144 0.00000 0.00000 0.00381 0.03052 1.51443 17.93289 15.42664 7.35474 7.10678 22.07947 3.76892 2.38800 6.87027 19.63806 4.87518 7.31277 11.72638 28.49197 3.30734 13.13400 13.55743 4.13513 2.57874 3.32642 2.24686 1.59073
0.20218 0.46921 0.38910 0.37384 0.01526 0.00381 0.00000 0.01526 0.29755 0.46539 3.56293 6.86646 12.11548 6.90460 13.05771 16.10565 15.55252 7.81631 12.41684 8.75473 2.41089 13.16452 11.15417 4.94385 8.36182 3.30734 2.53296 6.62231 4.21524 1.78146 0.96130
0.27466 0.15259 0.78201 0.87738 0.51498 0.28992 0.15259 0.17548 0.01144 0.05341 2.65121 5.23376 6.68716 9.17435 23.53287 33.02002 18.41736 15.47241 14.24789 8.96454 2.77328 3.96347 9.67407 8.11768 9.17435 2.09427 1.49155 9.63593 7.17926 3.05557 2.17819
0.47684 0.18692 0.30136 0.48828 1.29700 0.67520 0.39291 1.01471 0.12207 0.59509 5.78690 8.42667 12.18414 18.66531 18.05878 52.65427 19.43970 19.81735 28.64456 13.91602 2.69318 7.23648 1.57166 4.46701 2.97165 1.65176 1.82343 1.71280 4.13132 8.67081 2.84958
1.92642 1.05667 0.53406 1.13297 1.64413 0.79346 0.74768 0.96893 0.99564 0.17548 4.27246 4.65775 3.17764 11.93237 17.48657 34.49631 13.23318 11.57379 25.99716 15.01083 2.84195 10.11276 1.17493 3.23486 1.94931 0.61035 0.53024 5.23758 2.19345 8.90350 4.32968
1.56021 2.45285 1.80054 4.24194 1.50299 1.23215 0.78201 0.21744 0.38528 0.01526 1.56021 3.26920 9.84573 23.05984 12.68768 3.63541 7.37381 4.16946 21.17920 20.38193 3.63159 5.38635 10.52094 1.71280 1.25504 1.32370 1.04904 2.58255 0.95367 5.64575 2.01797
3.09753 4.10080 4.14276 6.90079 1.49155 2.07520 1.32751 0.79346 0.65613 0.03052 0.17929 1.86920 12.01630 39.80255 4.87137 10.47516 7.03812 2.76184 5.92422 3.82614 1.70898 3.84140 3.52859 5.15747 2.24686 2.32697 2.43759 2.42615 0.77057 2.14386 7.35474
