DATA/RAW-RASTER/ECMWF/20170628/EN-49/20170711.en-49.asc
ncols			31
nrows			16
xllcorner		69.5
yllcorner		19.5
cellsize		1.0
NODATA_value	-99999
0.57983 3.43323 6.33240 7.43103 2.25830 1.63269 0.67902 1.19781 1.35040 2.49481 2.76184 1.24359 2.28119 1.35803 0.91553 0.66376 0.70953 0.37384 1.16730 1.11389 1.26648 1.91498 4.47845 5.68390 10.23102 7.17926 9.54437 2.41852 0.81635 0.54169 1.68610
0.68665 0.41199 37.59766 7.87354 11.12366 13.04626 18.47839 10.04028 9.42993 4.80652 6.91223 4.49371 2.55585 2.28882 3.46375 1.59454 1.08337 1.11389 0.72479 1.16730 1.67847 2.02179 0.67139 7.24792 9.71222 2.41852 2.61688 9.58252 0.52643 1.47247 0.33569
6.68335 9.90295 21.16394 18.63098 49.20197 55.99976 68.58826 9.12476 6.59943 6.17218 9.59015 9.54437 10.83374 9.55963 7.42340 3.72314 2.68555 0.64850 0.36621 0.99945 2.01416 1.13678 3.67737 4.66156 6.56128 7.45392 3.66974 0.77057 0.80109 1.99127 0.51880
1.71661 2.52533 1.73187 8.22449 8.79669 7.65228 11.42883 66.04767 6.22559 2.57874 6.88934 3.15094 6.67572 8.33130 8.97980 7.53021 3.41034 0.58746 2.14386 1.58691 2.05231 5.20325 10.29205 10.23865 5.41687 1.51825 5.75256 1.61743 0.89264 1.46484 0.83923
10.92529 0.36621 0.00000 0.03815 1.06812 1.65558 17.36450 19.32526 19.69147 5.43976 1.29700 3.73840 2.51770 5.56946 3.79944 5.08881 8.06427 12.81738 7.23267 2.63214 8.29315 3.50952 8.85773 5.08881 5.54657 5.39398 5.14984 0.85449 1.19019 1.29700 1.20544
0.48065 0.00000 0.00000 0.00000 0.25177 3.01361 4.53186 89.31732 38.87939 11.27625 36.42273 22.54486 17.77649 2.38800 7.47681 7.96509 10.58960 10.97107 14.10675 2.91443 6.49261 13.08441 9.49860 3.79181 2.22778 4.21906 1.83105 1.12915 0.38910 0.90790 1.09863
0.00000 0.00000 0.00000 0.00000 0.05341 4.94385 6.71387 74.90540 53.80249 71.70868 160.83527 42.28973 15.38086 9.90295 2.23541 5.75256 5.64575 9.72748 4.39453 5.95856 8.36945 1.77002 1.33514 0.71716 5.49316 4.66919 1.96838 1.96075 0.16785 1.06049 1.43433
0.00000 0.00000 0.00000 0.00000 0.10681 0.61798 6.98853 15.72418 52.03247 74.49341 43.51807 5.06592 2.73895 5.43976 27.14539 7.48444 11.15417 3.05939 2.00653 3.35693 8.37708 6.94275 4.02832 2.11334 0.51880 0.19073 0.05341 1.95312 8.14056 3.87573 0.76294
0.00000 0.00000 0.00000 0.00000 0.00000 4.28772 23.74268 24.10126 26.22986 54.50439 23.29254 7.08008 14.23645 7.58362 11.00159 11.29150 1.81580 6.86646 2.09045 10.61249 1.14441 0.24414 1.31226 0.96130 0.34332 11.93237 0.15259 1.93787 6.58417 0.28229 0.33569
0.01526 0.24414 0.54169 1.15967 4.38690 16.60919 41.48102 26.26801 9.20105 7.94220 10.93292 11.98578 19.80591 4.12750 8.11005 12.93945 3.17383 4.42505 34.27124 30.34973 4.69971 6.17981 1.05286 1.97601 24.77264 3.62396 0.67902 6.38580 5.62286 0.74005 0.07629
0.32043 0.57983 0.55695 8.78906 6.75201 11.64246 11.90948 23.40698 18.13507 10.22339 6.53076 13.45062 10.78796 16.02936 11.18469 5.45502 1.70898 0.65613 5.15747 8.81195 14.51874 21.12579 36.32355 0.80109 0.45776 0.82397 2.57874 17.18140 7.59888 5.14221 2.15149
0.57983 0.93842 4.21906 3.20435 1.44958 1.88446 4.49371 18.28003 29.80042 10.81085 13.05389 20.76721 35.40039 12.35199 2.63214 2.39563 3.90625 3.41797 2.92969 1.80054 7.72095 9.19342 3.75366 12.74872 2.98309 1.33514 15.54871 17.57812 11.42120 8.58307 12.15363
1.17493 1.23596 0.54932 0.76294 1.77765 2.09045 7.13348 29.98352 208.45795 16.86096 15.44189 35.60638 16.81519 23.13995 6.39343 5.36346 8.87299 14.03046 5.44739 12.10785 16.12091 14.82391 30.74646 10.58197 8.81195 9.96399 1.17493 10.58197 18.38684 8.46863 7.78961
1.83868 1.49536 0.84686 1.28937 0.85449 0.30518 1.93024 19.17267 48.49243 1.15967 17.68494 47.63794 24.76501 19.56177 12.82501 9.04083 5.20325 19.53125 10.71930 20.53070 18.66913 41.68701 11.49750 24.71924 7.28607 4.86755 2.00653 6.03485 13.91602 25.33722 7.04956
2.24304 1.78528 2.19727 4.66919 1.69373 0.89264 1.36566 2.41852 5.80597 16.60156 222.67914 15.22827 11.32202 26.28326 14.86969 9.93347 14.85443 16.61682 12.44354 16.17432 17.34924 31.87561 19.06586 8.04901 4.26483 1.21307 0.28229 4.22668 20.23315 39.91699 26.34430
1.43433 4.05121 4.57764 16.56342 0.46539 0.91553 1.51825 3.70026 6.67572 19.97375 37.07886 4.18091 15.21301 4.98962 4.37164 5.30243 7.06482 11.35254 11.94000 8.48389 11.56616 17.45605 23.65112 20.38574 32.19604 5.76782 6.01196 6.79779 14.77814 23.40698 23.77319
