DATA/RAW-RASTER/ECMWF/20170628/EN-49/20170628.en-49.asc
ncols			31
nrows			16
xllcorner		69.5
yllcorner		19.5
cellsize		1.0
NODATA_value	-99999
1.89972 6.80923 11.77979 3.08800 4.05884 4.83131 4.54330 6.19888 1.94931 0.46158 2.33269 6.74248 7.89261 3.63350 1.05858 9.01031 2.71416 12.95280 15.62691 17.54951 6.74438 2.39754 2.08855 1.24168 0.62370 1.30081 0.54932 0.61798 1.64986 1.09482 8.80623
1.46866 50.55237 32.88269 8.27599 3.61061 15.68413 2.87437 5.88417 8.81386 1.43433 2.61116 3.96156 4.46320 9.12285 13.34763 8.16917 4.05502 2.11334 11.50894 4.99725 13.47160 4.65965 13.78441 2.81334 0.28419 0.41962 0.58365 0.78392 0.16212 0.43297 0.96130
2.24113 11.94382 11.89804 4.37355 5.89943 8.20160 24.08600 6.56700 4.62151 3.21007 2.72942 0.79155 0.64468 3.79944 8.08525 3.86429 5.10025 10.12421 6.29234 5.69153 7.40814 14.17923 5.73730 2.59781 0.77820 0.19264 0.56458 1.27983 1.84441 1.02043 1.26648
33.06389 16.52908 7.85828 12.20703 3.09563 43.64204 9.82285 38.07068 10.74219 2.26593 2.04277 1.59836 1.60217 2.84767 2.59209 2.16103 2.83623 2.31361 3.15475 10.24437 13.97514 13.19885 8.51440 2.47192 0.70000 0.00000 0.73051 0.90790 1.74713 2.43378 1.94740
7.79915 23.39935 19.50645 8.39233 20.63179 40.83252 52.55508 8.65555 16.62064 10.18524 0.55313 0.85640 1.09291 0.70381 3.04604 5.52750 2.27928 11.17134 2.71988 0.85258 7.82013 4.31633 3.33595 0.69427 0.29755 1.71661 0.95177 1.15204 0.65613 1.16730 12.69341
20.40482 22.85576 15.97023 29.45137 23.48328 28.83148 32.45544 12.15553 6.22749 20.12062 7.61604 6.06346 2.63596 0.97084 4.75502 1.78909 1.95312 2.67601 2.63214 4.07791 0.98419 2.45476 3.81851 8.25691 2.18391 3.21770 0.80681 1.43242 2.25639 15.11002 7.31087
18.07976 26.87073 7.59506 43.58482 13.90266 25.96855 27.87399 55.60493 22.60017 4.25339 3.70407 17.76123 18.49556 12.81166 3.79753 8.79097 1.28174 2.46620 2.51198 15.86723 5.25093 1.15776 10.61630 3.42560 8.10051 5.45502 2.82860 1.30844 0.51880 1.55067 4.78172
16.38031 120.41664 17.43889 8.81958 13.63564 8.15010 4.94576 25.60043 33.41484 9.27162 1.52779 0.93651 0.15068 9.57489 53.61176 57.95860 8.75092 3.59344 0.98038 5.93376 7.91359 10.89668 2.92397 20.57266 9.20486 8.94547 4.24004 3.61824 47.12486 15.96069 5.46837
13.57269 56.08559 17.22717 10.18715 35.80475 11.97433 12.92610 36.90338 48.78426 8.34656 11.36398 7.92313 1.85776 5.07164 4.66537 2.25830 1.43051 5.64384 31.15845 12.55798 10.14328 11.62148 8.63075 15.33318 9.30405 15.91682 12.52556 62.12044 51.56326 15.35416 6.04248
65.85121 4.98772 34.69467 37.02545 25.40588 2.83432 8.59261 4.40979 5.75447 193.30406 15.35988 3.80707 1.65367 5.15747 1.75285 4.18472 1.56403 0.90981 2.71416 10.56671 25.06065 13.45253 23.26584 3.83568 13.93890 17.55905 22.48383 14.11247 29.29306 1.73378 10.26726
3.72505 6.78825 28.23448 18.27240 1.25313 2.66647 3.21007 8.57162 8.20351 17.26913 8.67271 9.50050 3.40080 2.04277 2.07901 2.96974 4.99535 1.54114 3.03650 7.41577 16.79230 28.63693 20.17975 3.74603 5.08881 13.99994 7.87926 15.22636 10.15091 7.84683 3.82996
6.27518 18.12363 9.42802 1.15204 5.80025 10.54955 1.64986 2.44331 5.09644 12.32338 93.85490 5.31769 8.78716 7.04575 3.99208 3.84140 8.49915 8.00896 5.93185 13.68523 6.84929 2.19727 4.98772 34.33609 3.45039 17.75551 8.04901 26.42822 7.03812 17.07649 16.93726
5.29099 13.57651 8.42094 13.97133 32.30667 68.69125 2.41089 3.83759 9.13811 11.91521 64.24332 58.51555 3.21198 10.69641 5.74684 21.80672 9.38797 18.30864 8.27026 19.91081 7.20406 2.31361 9.84955 15.15007 12.60185 12.52365 3.59535 7.23648 31.07643 15.67841 8.67462
61.73134 24.70398 7.33948 5.72014 4.23431 0.96703 0.72479 1.17874 2.33269 19.17458 30.19905 153.07045 8.61740 8.09288 50.55237 35.87532 55.66406 17.31491 12.87270 10.90050 2.27547 3.76511 16.97540 15.16342 8.20160 13.29231 3.71170 18.81599 13.79585 5.26428 3.70407
9.44519 9.43184 2.98500 13.21411 2.28500 0.83923 0.06866 0.66185 1.87874 8.94928 67.77000 70.81413 1.42860 1.87302 2.30598 40.47012 39.92462 11.80840 7.64084 4.81415 5.43976 5.58662 7.99179 13.89313 6.27518 1.35422 0.26894 1.34850 10.61058 16.85524 5.70107
34.59740 68.85338 35.29167 39.72435 14.06860 3.42560 1.46675 2.15912 5.37300 6.69861 55.87196 6.62994 0.54169 6.37436 3.68500 14.40811 16.59775 15.03563 29.88434 3.87955 2.29836 6.98853 20.64323 16.23535 15.94543 1.47629 0.51689 2.81525 3.94821 4.11606 7.98416
