DATA/RAW-RASTER/ECMWF/20170628/EN-49/20170702.en-49.asc
ncols			31
nrows			16
xllcorner		69.5
yllcorner		19.5
cellsize		1.0
NODATA_value	-99999
0.40817 3.09372 1.13297 11.56998 10.78415 4.71878 5.14221 0.43488 0.18311 0.03052 0.33188 0.10681 1.02234 0.87357 1.02234 3.63922 1.64795 1.43051 3.91769 2.56348 9.12476 5.99289 8.22830 2.05994 1.37329 0.94986 1.54495 0.94604 0.47684 1.87302 5.22614
0.00381 0.07248 24.20807 2.09045 1.39618 0.81635 0.08392 0.19455 0.01526 0.00763 0.50735 1.93787 2.47955 2.44522 0.62561 1.18637 1.41907 1.39236 0.83160 1.25885 0.96893 1.08719 1.84250 2.83432 5.11932 5.37872 3.33023 2.34222 1.99890 1.36185 2.19345
6.91223 10.18906 5.91278 12.87079 7.88498 3.39508 2.15149 0.16785 0.05722 0.62943 1.65176 2.56348 2.17819 3.05939 3.32642 2.23541 2.50244 2.68936 2.65503 1.24741 2.51770 3.66974 1.24359 1.91879 5.34439 4.65012 6.50024 2.05994 2.52533 0.91934 2.07520
2.49863 12.41684 7.61032 5.80597 1.32370 5.70679 3.60870 10.25772 0.03052 0.01907 0.01907 0.03052 0.37384 4.37546 3.45230 3.82996 7.03049 4.41360 17.15088 6.96564 5.43213 4.29916 2.63214 2.77328 4.58527 3.07465 2.52533 7.98798 9.29642 14.18304 12.88223
0.71335 0.76675 0.00381 0.17548 1.26266 2.20108 2.13623 5.04684 9.69315 0.19455 0.03052 0.00763 0.75150 5.78308 6.74438 9.21249 9.23157 10.87952 11.13129 6.67191 7.08389 6.26373 9.08661 11.50894 8.94165 8.15201 7.31659 5.86319 13.03482 20.90836 28.40042
0.27466 0.00000 0.00000 0.00763 0.00381 0.51117 26.92032 2.78473 3.06702 4.13132 10.21194 4.94385 1.70898 1.44577 3.93295 11.76834 12.86697 6.16455 12.43210 7.92313 3.12042 17.80319 6.99615 9.36508 11.72256 13.24844 9.14383 2.40707 7.19070 25.24948 14.72473
0.00000 0.00000 0.00000 0.00763 0.00763 0.00763 0.77438 1.70898 3.04413 3.29971 7.11060 10.21576 10.48279 1.90735 0.41962 6.70624 12.08878 6.00052 5.75256 9.12094 7.49969 2.13242 9.36508 8.03757 12.99667 28.98407 24.08218 12.05826 2.98309 2.06375 3.58200
0.00000 0.00000 0.00000 0.00000 0.00000 0.00000 0.07629 0.25940 0.78964 4.07791 6.68335 2.70081 9.49860 21.01517 12.03918 22.76230 12.53128 6.85501 2.84576 5.24521 9.17816 11.21902 7.10297 21.01898 62.37793 63.24005 32.34100 18.35251 35.50339 4.40979 1.97983
0.00763 0.00000 0.01144 0.02670 0.00763 0.00000 0.03815 0.11826 0.86594 1.46103 2.98691 2.83813 6.42395 9.19724 21.48438 33.90884 82.42035 116.05072 42.95349 45.84122 35.30502 75.16098 115.75699 113.71994 111.51886 22.25113 119.70139 228.35922 116.51993 7.76672 1.86539
0.02670 0.13351 0.29373 0.59128 0.48828 0.04578 0.19836 0.35477 0.82016 5.34821 8.09479 6.58417 6.67572 12.38632 7.45773 8.36182 20.46204 24.76120 17.88330 27.30942 36.04507 31.95572 61.76376 26.20316 11.99722 10.75745 14.75906 6.46210 14.12964 15.06805 6.00433
0.19073 0.49210 0.49973 0.34714 0.13733 0.31662 0.14877 0.78201 0.72098 2.22397 12.80212 9.75037 10.10513 11.60049 7.35474 9.55200 14.19449 12.35199 15.49149 44.28101 34.50394 32.23419 72.01004 11.57379 13.38196 3.37982 2.51007 5.55801 14.47296 11.77979 9.57870
0.29373 0.33188 0.98801 2.05612 1.20544 0.94604 0.60654 0.72098 5.40543 11.76834 16.53290 11.89041 17.90237 8.98361 14.19067 14.41956 3.58582 12.35199 22.93777 16.30402 36.59439 21.54541 2.39182 11.02066 17.17377 2.09427 1.52206 24.83368 7.37762 17.81845 5.88226
0.51880 0.57220 0.16022 0.58365 1.91879 1.54877 0.60272 1.12915 3.58963 16.34216 17.29584 13.24463 11.35635 12.46643 6.71387 5.70679 6.42776 5.98907 7.40433 29.37698 45.49789 30.64728 16.30783 16.45279 13.05389 0.70190 0.14877 2.80762 1.44577 5.95474 2.54440
0.88501 0.41962 0.26703 1.48392 2.68936 2.26212 1.55258 6.58417 18.82172 55.89676 79.06723 89.05411 35.75516 10.34927 6.33240 2.01035 2.16675 5.54276 9.53674 16.31927 6.29425 33.45490 30.09415 22.34650 9.77325 0.37766 0.48065 1.73950 2.46429 1.06812 0.86212
5.55420 2.47955 2.73132 6.08826 2.49100 0.99564 6.40488 1.59073 1.85394 3.55530 8.63266 10.38742 15.54871 11.69586 1.99509 0.93842 0.00763 0.47684 18.16177 16.94870 35.12573 23.46802 36.86523 40.72571 25.48599 0.80109 1.38092 3.16238 0.83542 10.08606 15.50293
3.73459 4.08173 5.13840 9.69696 1.62506 0.97275 1.03760 0.80490 0.09155 0.26703 1.59073 6.00815 12.40921 8.80814 4.01688 7.29370 7.00378 3.78036 8.79288 9.16672 10.52856 23.92578 31.91376 45.35294 64.15558 10.16617 15.23972 34.29794 4.30679 0.95367 0.42725
