DATA/RAW-RASTER/ECMWF/20170628/EN-1/20170710.en-1.asc
ncols			31
nrows			16
xllcorner		69.5
yllcorner		19.5
cellsize		1.0
NODATA_value	-99999
0.01526 0.11444 2.65503 2.02942 2.82288 0.86212 0.77057 0.57983 1.12915 6.20270 11.29913 5.61523 5.34821 0.44250 0.27466 0.00000 0.10681 0.00763 0.22125 0.90790 1.08337 0.70953 0.47302 0.54932 1.00708 0.86975 0.96893 0.49591 0.71716 0.45776 2.22015
0.00000 0.00000 0.49591 3.57056 5.63049 3.99780 0.57983 1.21307 2.32697 9.07898 14.67896 7.40814 3.57056 0.25177 0.76294 0.41962 0.32806 0.22125 0.58746 0.40436 0.66376 1.42670 1.25122 0.63324 1.25122 1.49536 1.02997 0.85449 0.95367 0.67139 0.49591
0.00000 0.01526 0.23651 3.62396 4.48608 7.44629 5.11932 0.21362 1.71661 2.46429 19.34814 4.31824 6.36292 7.95746 8.16345 4.08936 2.43378 1.57928 2.11334 0.54932 0.60272 0.22888 0.38910 0.59509 0.87738 1.84631 1.03760 0.67139 2.53296 3.91388 2.16675
0.00000 0.00000 0.00000 0.00763 0.11444 1.60217 18.23425 15.73181 1.75476 6.67572 22.32361 12.02393 7.08008 5.91278 2.70844 1.89209 3.28064 4.33350 4.33350 2.91443 2.56348 1.69373 3.20435 2.91443 1.60217 4.18091 4.42505 4.24194 3.63922 10.16998 6.52313
0.01526 0.00000 0.00000 0.00000 0.00763 0.15259 4.82178 44.66248 18.44788 2.49481 1.28937 5.34058 32.16553 23.03314 4.82941 9.42993 23.07129 8.65936 3.70026 2.43378 4.74548 1.25122 8.86536 3.11279 4.63104 5.12695 9.07135 10.81085 9.69696 10.13947 11.18469
0.00000 0.00000 0.00000 0.00000 0.00000 0.14496 2.02179 8.01086 50.81940 29.47235 29.94537 18.17322 4.55475 4.53949 6.15692 4.55475 9.40704 7.52258 5.28717 7.64465 10.79559 12.04681 6.64520 6.64520 11.48224 30.03693 21.32416 20.40863 14.85443 17.11273 21.14105
0.00000 0.00000 0.00000 0.00000 0.00000 0.03052 2.49481 3.43323 19.38629 82.37457 27.17590 10.25391 10.65063 7.56836 6.82068 9.65118 9.91058 8.15582 18.56995 10.91003 13.44299 14.29749 18.42499 10.98633 26.49689 73.79150 49.43848 31.81458 23.58246 23.26965 25.13123
0.00000 0.00000 0.00000 0.00000 0.00000 0.00763 0.93079 3.31879 4.85229 42.93823 35.17914 31.51703 20.31708 8.64410 10.01740 15.53345 14.31274 6.53839 7.49969 6.26373 2.75421 16.83044 19.42444 33.72192 64.43787 100.23499 92.89551 31.22711 44.68536 8.56018 15.74707
0.00000 0.00000 0.01526 0.01526 0.00000 0.03815 0.48828 1.67084 3.25012 10.29205 23.62823 24.59717 16.50238 13.66425 13.38196 12.38251 19.61517 20.38574 54.91638 150.47455 160.14862 199.51630 138.83972 58.00629 10.87189 11.63483 45.66956 17.92145 16.89911 5.20325 14.03046
0.00000 0.13733 0.35858 0.60272 0.32806 0.00763 0.56458 1.02997 0.63324 1.72424 11.55090 3.73840 8.83484 5.82123 3.37219 10.81848 15.32745 18.79883 21.95740 15.26642 39.17694 19.80591 43.65540 6.50024 5.91278 11.22284 42.25922 89.49280 69.95392 4.90570 3.80707
0.58746 1.16730 1.42670 2.45667 0.13733 0.03052 0.57220 1.70135 2.66266 2.70844 1.65558 2.68555 1.66321 2.20490 7.08008 4.07410 5.97382 9.95636 13.20648 23.98682 16.70074 26.96991 44.98291 9.04083 2.43378 10.07080 20.88928 21.65222 39.08539 8.78143 6.95801
0.99945 0.98419 3.18146 9.95636 3.26538 3.53241 2.02942 2.83051 1.88446 1.05286 4.31824 2.69318 1.71661 2.42615 8.71277 5.12695 4.47845 6.43921 21.76666 13.98468 11.71875 7.10297 2.89917 0.40436 3.63922 18.66150 14.50348 23.23151 22.04895 8.89587 24.28436
1.26648 1.86920 2.34985 4.21906 11.09314 12.72583 5.15747 1.97601 1.93024 4.21143 0.82397 1.87683 2.54059 14.26697 15.86914 7.94220 7.49207 5.24139 11.47461 10.39886 11.16943 10.24628 4.80652 2.86865 15.74707 3.45612 0.60272 6.26373 23.34595 20.66803 6.17218
2.00653 1.60980 0.60272 4.01306 7.20978 4.30298 5.83649 6.11877 7.72858 0.80109 0.84686 0.92316 0.67902 9.52911 6.95038 16.69312 10.84137 13.83209 21.32416 14.78577 18.60809 20.50018 4.28009 8.22449 0.76294 0.15259 0.28229 3.71552 19.31000 8.04138 11.63483
2.67792 3.38745 4.66156 7.04193 8.38470 2.58636 3.59344 2.58636 1.53351 1.52588 2.05994 1.31989 0.47302 0.51880 14.63318 10.91003 2.33459 13.10730 11.13129 10.43701 10.83374 11.95526 13.52692 5.27954 0.74005 0.22125 1.55640 0.33569 1.41144 21.96503 50.01068
1.26648 1.23596 5.26428 7.94983 1.60980 2.60925 2.62451 2.28882 1.00708 0.62561 4.63104 2.54822 0.94604 2.42615 4.34113 4.25720 2.86102 7.40051 4.15802 3.62396 4.13513 5.46265 12.01630 13.48877 9.24683 0.57220 1.59454 1.05286 0.82397 5.59998 10.46753
