DATA/RAW-RASTER/ECMWF/20170628/EN-1/20170628.en-1.asc
ncols			31
nrows			16
xllcorner		69.5
yllcorner		19.5
cellsize		1.0
NODATA_value	-99999
3.38554 4.39072 6.44684 1.30081 4.89807 2.76184 6.84929 5.68962 0.62943 0.07629 0.83923 2.30217 6.06728 11.61194 8.35228 3.53241 6.24275 2.53868 5.40733 12.77351 2.61307 1.35231 2.95830 1.06621 0.98419 0.58174 0.63133 0.74577 1.22452 0.39673 3.92342
8.63075 12.19749 26.74294 10.87952 6.01196 10.86044 3.13187 4.24957 0.64087 0.18501 1.20163 1.18637 3.78609 9.08661 11.05881 7.92122 3.27873 2.06757 14.17160 7.53593 4.95529 1.92070 0.78011 0.83542 1.16539 1.72043 0.60272 0.85258 0.63324 0.36240 0.84686
14.55307 39.53552 21.09909 24.00017 25.23613 16.99829 9.23920 5.26047 4.12941 1.76811 1.81961 2.70653 0.89455 1.05858 1.11198 3.15666 4.72450 3.05557 5.96619 8.77380 5.57518 9.29070 0.86784 0.90981 0.45586 0.65804 0.51689 0.94795 0.20409 0.10490 0.59128
32.44591 39.68239 24.71352 14.95743 10.64110 30.89142 9.13620 15.82336 6.73676 1.09482 2.10571 1.00517 0.36049 8.37898 3.91006 3.30162 8.51250 8.57544 5.71442 6.22559 12.69531 6.07109 5.12505 3.58009 0.88310 0.00000 1.16158 0.33569 0.31281 1.69754 2.72942
19.47594 46.94366 19.94133 23.62061 27.53067 26.89743 31.98242 7.85637 11.09123 3.01743 0.06676 0.07629 1.03378 0.78964 2.14767 4.31633 4.59290 4.94194 2.04277 11.46507 12.03346 8.06808 10.75363 3.15475 2.21252 6.65665 4.33922 6.26945 6.00052 4.38309 9.78851
31.25000 34.83009 19.78874 29.25682 21.78192 27.23885 45.96710 15.90729 6.58607 12.26616 12.26425 0.22888 0.55695 1.15204 3.01933 1.77383 2.04277 3.13377 4.85802 4.40025 4.25911 11.57570 17.09366 8.95691 10.03838 6.78825 1.97983 1.91879 7.34138 5.67245 5.46074
16.57867 136.73401 17.24815 8.19778 19.06776 9.76944 15.40756 22.59064 4.58717 6.56891 4.28200 4.56429 4.70161 1.81770 0.88692 4.13132 0.26512 1.81198 3.18146 6.53076 7.73239 15.28931 18.65768 9.26781 11.40404 31.45027 16.72745 5.87463 2.02751 4.74548 4.73785
25.88844 20.21217 19.02580 16.45088 9.80377 19.40727 12.23564 20.38193 9.13239 3.71361 1.47629 1.11008 0.90027 3.88336 1.33324 2.80952 4.13513 3.02887 0.87357 3.58009 6.72531 13.25798 11.70158 27.01950 75.69504 10.24246 10.10513 3.91769 45.68481 12.71629 11.63864
3.24440 32.48024 6.90269 3.42941 2.77710 9.66263 14.84299 26.77345 11.36589 3.23296 3.48091 0.45013 0.36430 2.18391 0.73433 1.41144 2.08473 9.26781 23.26584 22.75658 130.34630 71.29097 20.51926 8.98170 10.34737 10.21004 10.69069 81.03561 42.08374 12.57896 11.75308
8.64410 3.23105 0.77248 3.21960 1.75285 23.60725 13.81683 14.96506 18.81409 16.78276 0.54169 0.22125 1.92642 0.88501 1.27792 0.99564 1.18637 0.92125 2.94495 5.52940 27.02713 4.92287 20.44106 2.86865 17.69066 20.41435 11.10268 13.11111 22.25494 8.22830 4.45557
0.38147 0.42152 0.40817 1.15967 0.90218 1.48773 1.40190 10.47516 31.82793 26.43204 3.51334 4.36401 1.82533 1.13869 2.69318 4.82750 1.63269 4.32777 7.51686 15.10429 24.27292 12.14409 15.72800 12.97188 25.93422 13.86642 6.64520 7.92694 8.64029 5.05447 8.46481
3.47328 0.80490 0.55313 1.72043 11.85036 5.31006 3.85666 1.55067 12.13455 43.66493 23.31734 6.27327 6.35338 3.21960 1.28365 0.97656 2.56348 4.10652 4.15421 15.97023 3.07274 1.84250 8.23212 15.05852 23.52333 6.01387 1.64795 6.87981 8.56209 22.27402 17.93098
3.51715 1.95312 0.16022 3.01552 4.62151 0.81444 1.02234 2.84767 16.22009 5.35011 32.65762 20.69473 6.06346 3.77846 6.43539 7.56073 9.74083 9.86671 7.08008 14.07814 8.51440 4.08936 7.17545 16.46233 5.14030 1.10626 0.00000 10.45227 13.99803 21.21735 4.04739
11.74355 3.63541 0.71335 3.40652 3.82614 0.98801 7.37000 12.02202 5.77354 6.25420 16.70074 76.92146 19.33670 4.84657 1.22643 28.33557 9.67216 6.65092 6.52122 5.83076 2.41852 4.72641 7.57980 6.19888 5.29480 0.51498 0.00000 5.39780 10.11848 6.82068 13.21220
15.64980 8.64983 8.50296 16.87622 4.82750 2.37846 5.27191 8.79669 15.94353 5.76973 13.72147 15.97404 17.02118 21.05904 3.51715 6.86073 84.81407 7.49016 6.46782 3.92151 3.54385 9.92966 7.58934 5.14793 8.55827 0.24223 0.88120 2.80190 1.40190 19.13834 5.10979
8.67844 25.67482 32.32002 26.96037 6.97136 5.71823 17.66205 13.37433 8.37135 3.04222 15.34462 24.59526 4.84085 12.87842 5.31006 22.23396 87.46910 44.53278 9.04465 2.37846 3.07846 4.12941 10.30350 11.79504 11.06262 1.09100 1.56593 1.03951 0.46539 6.25038 9.52530
