DATA/RAW-RASTER/ECMWF/20170628/EN-1/20170711.en-1.asc
ncols			31
nrows			16
xllcorner		69.5
yllcorner		19.5
cellsize		1.0
NODATA_value	-99999
0.00000 1.51825 1.15204 8.05664 0.54932 0.93842 0.53406 0.25177 0.35095 1.70898 2.60162 2.59399 12.88605 13.17596 4.95911 2.42615 6.87408 6.03485 3.49426 3.98254 0.41962 3.51715 0.66376 0.32043 0.34332 0.07629 0.14496 0.00763 0.19073 0.14496 0.05341
0.00000 0.55695 4.52423 20.19501 12.96234 2.29645 2.91443 8.70514 2.46429 5.43976 2.63214 5.63812 10.41412 15.25879 21.74377 21.08002 10.90240 4.79126 2.92206 1.43433 1.96838 2.64740 0.67139 0.45013 0.17548 3.12805 0.57220 0.45013 0.82397 0.48065 0.49591
0.00000 0.10681 0.03815 8.87299 37.75787 39.55841 31.96716 1.89972 3.70026 9.22394 7.78961 12.76398 13.77869 16.55579 16.54816 9.55200 15.52582 4.62341 1.79291 1.28937 1.14441 5.40924 1.42670 2.27356 5.28717 2.83051 1.98364 0.22888 0.45776 3.69263 0.97656
0.00000 0.00000 0.00000 0.36621 1.51062 26.93176 18.22662 16.86096 1.96075 6.78253 8.18634 12.50458 6.84357 7.27844 3.15094 7.57599 11.67297 4.45557 6.77490 3.12805 2.62451 2.99072 2.39563 4.45557 1.88446 5.23376 1.13678 1.24359 2.67792 2.10571 2.30408
0.05341 0.00000 0.00000 0.00000 0.51117 1.21307 4.10461 9.71985 17.33398 9.53674 10.68115 19.67621 37.10175 23.66638 11.48224 9.62830 12.64191 16.48712 11.59668 5.07355 7.53784 12.80212 16.89911 3.89862 5.42450 7.46918 11.36017 4.26483 4.14276 2.78473 3.20435
0.46539 0.00000 0.00000 0.00000 0.00000 0.05341 1.14441 4.60052 13.77106 45.04395 101.47858 36.52954 21.75903 7.11060 16.21246 14.51111 15.53345 11.60431 9.87244 16.25824 8.60596 9.87244 14.97650 14.48822 5.79834 7.75146 6.53076 11.68823 8.43811 9.39941 11.43646
0.00000 0.00000 0.00000 0.00000 0.00000 0.00000 0.13733 0.74768 1.78528 10.23865 183.95233 68.30597 50.60577 26.52740 19.10400 25.07782 15.70129 12.97760 15.48004 15.07568 22.31598 15.41138 18.95142 19.21082 23.91815 14.35089 36.13281 32.81403 20.32471 12.49695 20.43915
0.00000 0.00000 0.00000 0.00000 0.00000 0.00000 0.00000 0.00000 0.77820 9.33075 42.39655 13.21411 57.86896 69.89288 129.31061 99.63989 63.26294 23.55194 10.04028 8.19397 45.95947 60.37140 23.18573 43.95294 57.36542 81.23016 129.79126 41.15295 10.02502 10.45990 12.25281
0.00000 0.00000 0.01526 0.03815 0.02289 0.01526 0.10681 0.00000 4.31061 2.99835 9.81140 24.60480 26.32141 16.27350 45.91370 71.25092 94.55109 56.79321 80.81055 68.82477 189.14032 174.43085 133.97217 124.57275 39.71863 23.52142 25.27618 29.43420 71.60187 10.12421 15.87677
0.00000 0.10681 0.61798 0.43488 0.39673 0.05341 0.12970 0.29755 0.02289 0.37384 0.23651 10.44464 3.38745 4.53949 17.60864 52.57416 42.71698 35.64453 36.64398 47.08862 47.37854 42.95349 33.76770 18.34869 3.18909 13.54218 25.00916 55.75562 56.99158 17.02881 6.41632
0.10681 0.66376 0.42725 0.48065 0.27466 0.16022 0.06104 2.55585 0.50354 0.35858 0.20599 0.49591 0.09918 0.87738 4.18854 17.95197 26.97754 41.21399 44.78455 72.02148 18.67676 29.27399 55.76324 5.48553 15.42664 42.54913 22.10999 14.57214 6.53076 1.56403 1.35040
0.19836 0.25177 1.12152 3.99780 3.53241 1.77765 1.59454 1.41144 1.13678 1.25122 1.43433 0.82397 0.53406 0.45013 8.55255 12.35962 51.81885 57.36542 32.75299 41.61072 22.36938 10.31494 1.96838 5.24139 8.56018 9.55963 6.82831 9.84955 7.82776 7.86591 2.13623
0.12970 0.45776 0.41962 0.83160 3.57819 2.57874 1.12915 1.53351 1.46484 1.28937 1.04523 1.48010 0.32806 0.93079 8.07953 25.77209 38.58948 14.61029 34.01184 15.31219 13.18359 7.31659 2.63214 5.04303 26.69525 6.24084 1.69373 5.30243 7.65991 7.95746 6.73676
0.46539 0.53406 0.07629 1.28937 2.03705 0.20599 0.83160 2.49481 3.37982 1.35803 1.79291 1.27411 0.44250 0.33569 3.76129 8.55255 8.56018 14.48059 15.33508 14.56451 10.73456 10.38361 2.40326 3.31116 9.69696 0.93842 1.20544 5.40161 10.71167 15.29694 6.96564
0.83923 1.24359 1.99890 3.31116 1.78528 0.15259 0.78583 0.64850 1.78528 0.93842 0.86212 0.55695 1.21307 0.16022 0.28992 4.05884 3.10516 8.74329 2.61688 4.31824 6.85883 6.49261 6.40106 4.87518 0.63324 1.29700 0.41962 2.50244 10.47516 14.41956 7.75909
0.18311 0.60272 1.74713 11.30676 0.47302 0.30518 0.71716 1.50299 1.55640 0.54169 0.72479 0.56458 0.96893 0.66376 7.46155 29.47235 9.97162 5.05829 3.62396 2.13623 2.83051 3.36456 5.27191 6.01196 2.96783 1.12152 4.75311 9.42993 5.43213 6.69861 10.82611
