DATA/RAW-RASTER/ECMWF/20170628/EN-1/20170704.en-1.asc
ncols			31
nrows			16
xllcorner		69.5
yllcorner		19.5
cellsize		1.0
NODATA_value	-99999
0.80490 3.59726 0.52643 1.02615 2.44522 1.08337 4.79126 0.82779 0.19836 0.00000 0.07629 0.15640 0.91553 0.46158 1.11771 4.44031 3.75748 2.91061 9.20868 9.47952 5.19180 10.62775 10.73456 10.71548 9.78088 10.62393 14.52637 15.68222 16.02173 16.37650 8.72803
0.57602 1.85013 0.95749 0.05341 2.21252 0.02670 0.29755 0.10300 0.10681 0.00381 0.00000 0.00000 1.33896 0.98038 5.48553 1.47629 0.89264 4.40216 7.70187 2.87247 3.62778 5.63812 5.26810 7.17163 11.13129 6.35529 6.40488 5.33676 4.64630 3.88718 2.23541
0.15259 0.56839 0.04959 0.08774 0.19073 1.34277 1.35040 0.27466 0.01526 0.00000 0.01526 0.55313 0.17929 0.78583 0.60654 0.65994 2.20490 1.44958 1.47629 2.39563 2.86865 7.53784 1.91116 1.15967 1.80054 1.37329 1.56021 5.59616 4.78745 1.54877 2.95639
1.45721 1.56021 0.52261 1.34659 0.09155 0.84305 0.77057 6.75583 0.03815 0.00000 0.06866 0.30518 0.29373 0.78201 0.93079 0.48828 2.15530 2.44522 3.48282 7.08389 4.92096 7.71713 6.12640 2.41089 1.36185 0.11444 0.76294 0.39291 3.26920 3.90625 1.49918
6.24084 1.66702 2.30026 1.30081 0.60654 0.86212 0.80872 0.64468 5.28717 0.35477 0.72479 4.14658 1.29700 1.08719 0.72861 0.37003 0.99945 3.24631 2.78854 3.71933 2.98691 4.57764 1.96075 1.66702 0.23651 0.39291 0.26321 0.85449 1.63269 4.97818 1.18637
4.53186 0.12589 5.54276 2.42996 1.08337 3.21960 0.64468 0.98419 1.19019 9.94110 8.12912 1.59836 0.64468 0.85068 0.45013 0.88120 3.02124 2.34985 9.43375 6.72150 2.59018 3.14713 2.03705 3.29208 2.81906 2.07901 2.33841 0.82397 0.89264 3.88336 4.24194
0.34714 0.00763 0.78964 0.00000 0.06866 1.35422 2.60925 1.86157 0.99945 3.97491 10.50949 13.72147 11.41739 2.61688 2.11716 1.06430 3.99780 12.44354 12.83646 18.97049 9.11331 6.31332 5.22995 7.87354 4.80270 5.44739 7.16400 7.41959 0.75531 1.27792 5.75256
0.00763 0.00000 0.00763 0.00000 0.00000 0.57602 1.73569 3.65448 2.93350 4.87137 7.55310 5.68008 4.46701 15.65552 32.28760 60.58121 37.25433 12.61139 5.53894 10.99777 16.27350 33.42056 10.75745 18.81409 3.86810 18.56613 4.89426 17.05551 18.80264 3.99017 2.48337
0.03052 0.01907 0.00763 0.03052 0.17166 0.23651 0.55695 4.86374 7.17545 10.33783 15.56778 22.41516 13.75198 12.54654 18.71490 24.03259 13.84354 56.75888 21.94977 12.04681 46.47064 67.03568 18.60809 14.16397 35.53391 23.49854 4.36401 62.49619 29.02985 2.76947 2.69318
0.28229 1.38855 1.93787 1.41525 0.87738 0.02670 1.56403 2.06757 6.09970 23.79608 19.69910 25.36011 12.11548 4.03976 10.98251 12.81738 53.18451 12.49695 18.46695 38.16986 72.31522 50.09460 79.01382 16.97159 27.05383 34.67941 18.75305 55.59540 8.01086 3.08990 2.25449
1.70517 1.33896 1.23978 1.16348 0.18311 0.19073 0.60272 3.21198 4.45175 19.17267 33.35953 36.17859 9.35745 1.45721 0.60272 9.02557 26.65710 24.89853 52.72293 35.32028 45.09354 64.36539 84.23615 16.02554 15.54108 23.89908 11.14655 14.68658 11.36780 3.11661 5.17273
0.88120 0.56458 2.97928 4.98962 6.21796 4.44031 0.26321 7.77054 10.76126 29.09851 49.47281 44.18182 18.98956 3.47900 2.48337 53.66135 20.72525 29.71649 8.41141 35.39276 63.01117 81.37131 12.19177 4.05121 44.45267 2.96021 3.71933 5.66483 10.36453 12.00104 10.84900
1.47247 0.87738 0.77438 1.43051 3.84521 6.67572 1.79672 11.91711 6.35147 20.57266 57.35397 64.70108 27.91214 14.78577 3.95203 10.82230 6.76727 14.60266 15.44952 50.77744 51.55945 40.58456 51.86081 10.42175 16.71982 2.20490 1.52588 23.84186 14.21356 6.74057 15.34271
2.18201 1.86539 0.53787 1.94550 2.58255 0.70953 1.83868 6.89316 7.44247 32.53937 35.36987 34.37805 34.07288 16.96396 6.76346 2.96402 5.47028 10.99014 8.87680 20.62988 20.85114 31.63910 40.57693 27.11487 3.90244 0.59128 0.90408 8.33511 23.13232 10.53619 3.95584
3.98254 2.71988 3.06702 5.38254 4.52423 3.17001 1.83105 1.99509 6.55365 5.00107 14.19067 10.11276 10.99014 12.90131 7.91168 6.71005 1.10245 0.61798 7.65610 4.41360 15.81955 34.70612 54.40140 34.77478 6.18744 1.08719 7.31277 3.36838 6.61469 8.36182 13.29803
3.45230 3.82996 4.92859 8.99124 0.72861 1.80817 0.32043 0.29373 0.40436 1.19400 4.09698 7.53021 5.29480 1.75858 5.88608 1.32751 0.30899 0.09155 4.10461 3.50189 11.82938 12.67624 28.32031 55.25970 40.55023 9.54056 9.77707 13.26370 7.19452 7.89261 12.09641
