DATA/RAW-RASTER/ECMWF/20170628/EN-1/20170706.en-1.asc
ncols			31
nrows			16
xllcorner		69.5
yllcorner		19.5
cellsize		1.0
NODATA_value	-99999
7.06482 1.88446 0.64468 0.71335 0.41580 0.10681 0.20981 0.02670 0.13733 0.00000 0.00000 0.31662 0.80872 0.67139 1.15204 1.86539 1.73950 1.62125 2.79999 3.38745 8.39615 7.41196 12.02011 8.15201 0.68283 0.67520 2.25449 5.02777 1.68228 6.93512 15.23209
0.81253 2.44522 0.01526 1.50299 2.09045 0.15259 0.00000 0.00000 0.01526 0.00000 0.00381 0.00000 0.52643 0.56839 2.65503 5.61142 2.25067 1.68228 3.02887 6.22940 2.13242 20.35141 6.39343 1.20926 1.96075 4.54712 1.44958 0.28610 1.15585 2.79617 2.32697
0.36621 0.61417 1.00327 0.59128 2.07138 2.63977 2.36893 0.01526 0.00000 0.00000 0.02670 0.08774 0.00000 0.18311 0.47302 10.70404 10.82230 16.05606 10.98633 6.13403 7.30896 9.00269 12.52747 2.90298 1.93024 1.74332 8.33130 3.16620 3.56293 2.39944 13.77106
2.03323 0.01526 0.28229 1.01471 0.61417 2.62070 2.77328 4.32587 0.08774 0.02670 0.62943 0.57220 0.07248 1.17874 7.36237 11.54709 17.65442 9.73129 12.26425 10.80704 9.54056 9.72748 7.80487 7.82394 4.00925 5.97382 7.90024 1.94168 1.25122 10.84900 16.01410
5.12314 0.29755 0.11444 0.08392 0.27466 2.55203 1.08719 4.81033 14.76669 4.47845 2.04086 1.94168 4.12750 8.80814 16.75034 18.76450 17.80701 13.71002 6.72913 11.94763 14.71329 9.73892 4.84085 0.73242 0.51880 2.46429 1.38855 4.67300 10.56290 10.40268 14.23645
0.31662 0.00000 0.22507 0.41199 0.31662 0.18692 5.50079 2.83432 1.00708 9.02557 4.95148 6.56891 5.77545 4.67682 6.62613 6.24847 8.56400 4.26865 2.84195 1.38092 1.83487 1.52588 0.51880 1.17493 1.14822 2.07901 1.33896 0.56458 8.75092 10.21576 7.81250
0.62561 0.00000 0.01526 0.18311 0.13733 2.26593 2.13242 25.02441 35.24399 9.12857 0.89645 5.50461 14.70184 8.51059 0.35477 1.97601 4.98581 2.60162 1.00327 0.52643 3.49045 0.33188 0.84305 0.69427 2.19727 1.82343 1.51062 1.59073 4.19235 1.82724 4.94766
0.00000 0.00000 0.00000 0.07629 2.11716 1.53351 7.12204 7.09915 16.49475 14.48822 9.69696 3.00980 1.26266 4.37927 8.52203 5.78308 9.10950 0.37766 0.67139 1.41907 4.15421 3.59726 2.18201 4.36020 6.32477 10.47897 23.92197 2.62833 7.26700 1.69373 2.74658
0.00000 0.00000 0.00000 0.00381 0.59128 4.45175 18.79883 32.21512 29.27780 37.17041 9.28497 3.44849 7.63702 7.44629 3.99780 5.80978 4.26865 8.31604 12.52747 41.92352 24.12033 8.35800 5.96237 11.58524 7.08771 3.28064 14.85825 14.55307 11.67679 2.56348 0.59128
0.03433 0.31281 0.53024 0.49591 11.34109 4.04358 12.56180 23.42987 28.60260 38.09357 19.83643 8.55637 6.78635 6.39343 6.10352 3.18527 3.03268 7.42340 15.01083 22.36176 11.82938 17.96341 12.64572 2.12097 2.89154 9.59015 30.08270 7.22885 38.85651 3.82614 1.34659
0.94604 1.24741 1.30081 2.08664 2.80380 7.66754 12.81357 24.37973 32.38297 54.38995 45.09735 30.19333 5.80597 3.29971 2.67410 1.88828 1.45340 2.75803 6.01959 7.06482 2.24686 6.34003 19.19556 3.51334 1.56784 4.62341 8.78143 13.48495 16.89148 6.83594 3.34930
0.62943 0.83542 1.73569 3.23105 2.23160 1.26266 0.74768 25.09308 24.00208 76.61819 197.90268 17.97485 11.45554 2.17438 1.63651 1.10245 0.72861 1.18256 2.04849 0.80109 7.04575 0.56076 4.83322 8.78143 9.39178 7.61032 6.40869 8.13293 7.42340 9.13620 2.61307
1.34659 0.83542 0.81253 1.36185 1.98746 2.35367 1.55640 2.66266 15.98358 31.48651 93.49060 32.10068 1.52206 2.17819 2.22397 1.29700 0.28610 0.88120 2.23923 8.04520 7.57599 2.68555 7.42722 13.55743 10.25391 4.17709 0.21744 2.35748 2.73514 6.05011 4.15421
2.25067 2.01416 0.51880 2.64740 3.09753 0.88501 2.32697 4.36020 2.10571 5.24521 5.38254 1.03378 0.62561 1.23215 1.27029 1.01852 0.10300 0.31662 3.42941 11.63483 1.75858 11.68823 9.66263 7.39288 4.00925 3.67737 0.81253 0.51880 1.02234 2.48718 8.56781
4.85611 3.38745 5.41306 4.11606 2.59018 0.94986 0.87738 0.79727 0.35477 0.69809 1.65176 0.69046 0.37003 0.27084 0.87357 0.38528 0.00763 0.03052 1.74332 4.73785 5.45883 8.94928 19.17648 13.85880 6.94275 5.17273 0.88120 1.47629 1.56021 13.87024 5.72586
4.04358 3.32642 5.53131 7.75146 0.50735 1.39999 1.39618 1.02615 0.27847 0.66376 1.14059 2.17438 0.82016 0.60272 0.32425 0.08392 0.11826 0.24414 0.87357 2.59018 6.50024 7.04575 13.33618 22.47238 8.82339 1.90735 1.25122 1.04523 2.59018 2.18201 3.41797
