DATA/RAW-RASTER/ECMWF/20170628/EN-1/20170708.en-1.asc
ncols			31
nrows			16
xllcorner		69.5
yllcorner		19.5
cellsize		1.0
NODATA_value	-99999
0.16022 1.08337 1.85394 1.60217 0.23651 0.54169 0.00000 0.16022 0.13733 1.04523 4.28772 1.60217 4.67682 3.81470 1.24359 0.48065 0.34332 0.32043 0.18311 0.09155 0.28992 0.12970 0.01526 0.00000 0.00763 0.00000 0.00000 0.06866 0.45013 0.17548 1.82343
0.03052 0.12970 4.04358 2.88391 1.67084 0.30518 0.03815 1.29700 0.04578 4.43268 0.84686 0.19073 0.10681 0.85449 0.28992 0.01526 0.00000 0.00000 0.01526 0.03052 0.00763 0.01526 0.02289 0.00000 0.00000 0.02289 0.19073 0.34332 0.82397 0.25177 1.07574
0.02289 0.27466 0.05341 2.20490 5.62286 6.70624 1.79291 0.09155 12.19177 1.34277 0.97656 0.46539 0.00000 0.00763 0.00000 0.00000 0.01526 0.05341 0.01526 0.00763 0.00763 0.61035 0.06104 0.10681 0.26703 0.56458 0.19073 0.08392 0.67902 0.82397 1.40381
0.32043 0.01526 0.05341 1.44196 7.68280 3.28064 10.72693 9.97925 3.41034 2.99835 5.35583 0.89264 1.31226 0.16785 0.19836 0.11444 0.84686 0.24414 0.25940 0.16785 0.60272 0.43488 1.19781 0.34332 1.03760 0.69427 0.55695 0.22888 0.23651 1.52588 2.83051
0.55695 0.00763 0.00000 0.30518 1.69373 10.12421 6.16455 19.08875 18.77594 4.63867 5.90515 11.13129 9.74274 7.16400 9.63593 6.38580 7.01141 1.51825 3.50952 5.87463 6.66046 1.22070 3.74603 3.82996 7.88879 9.30786 1.07574 1.23596 2.02179 5.27954 3.12805
0.45013 0.00000 0.00763 0.17548 0.03052 4.10461 9.35364 6.66046 6.65283 6.11115 8.31604 4.95911 4.42505 6.72913 6.45447 7.42340 7.38525 4.01306 7.14111 8.01086 3.78418 14.39667 9.29260 4.89044 15.83862 3.04413 2.07520 8.68988 12.60376 9.14001 5.75256
1.35803 0.29755 0.15259 0.64850 2.84576 9.31549 2.42615 1.18256 1.43433 1.86157 1.70135 2.63977 15.01465 9.67407 7.29370 10.07843 14.52637 25.97809 23.07129 10.51331 24.07837 22.91107 18.54706 10.26917 11.16943 4.02069 4.49371 3.15857 7.37762 15.89203 12.83264
0.04578 0.01526 7.78961 1.17493 18.97430 18.44788 5.62286 2.20490 0.67139 1.28937 2.85339 2.02179 3.70026 4.66919 4.18854 6.17218 18.05115 1.04523 3.06702 8.06427 7.51495 13.24463 9.14764 14.09912 2.92969 53.45154 48.23303 42.44995 17.70782 6.83594 17.60864
0.28229 0.49591 50.90332 106.50635 9.89532 2.51770 1.55640 0.64850 0.21362 0.62561 0.64087 5.10406 3.50189 2.25067 5.15747 2.89917 33.79822 17.20428 8.16345 10.33020 18.36395 39.32190 35.14862 17.63153 7.72858 2.86102 8.04138 14.03046 29.64020 4.85229 23.15521
0.10681 0.51117 0.53406 3.57056 10.85663 1.37329 0.75531 1.34277 0.47302 1.06812 1.34277 0.79346 1.93787 3.08990 2.38037 8.95691 7.12585 10.66589 2.87628 14.51874 2.18201 0.39673 3.84521 2.19727 0.77057 3.43323 6.91986 16.70837 9.49097 5.10406 12.24518
0.12207 1.16730 5.44739 3.28827 1.35040 1.21307 1.29700 1.67847 0.32043 0.16022 0.79346 2.24304 2.53296 5.37109 3.58582 1.28937 1.70135 1.66321 1.35040 3.34167 1.96838 14.73999 13.83972 6.46973 2.60925 23.82660 12.27570 36.97205 14.49585 5.46265 3.79181
0.17548 3.54004 5.15747 5.12695 1.58691 0.96130 0.50354 1.28174 1.31989 1.93024 1.06812 0.68665 2.92969 8.40759 4.66156 1.69373 1.14441 1.91498 1.29700 1.72424 0.70190 1.81580 1.33514 7.49207 1.17493 7.95746 15.59448 16.86096 4.62341 5.02777 1.52588
2.05231 5.62286 2.76184 8.29315 24.59717 4.08936 1.23596 1.52588 0.34332 0.92316 1.18256 3.09753 1.77002 7.07245 4.13513 1.90735 0.52643 0.25940 1.53351 1.38092 2.24304 4.21906 2.84576 3.10516 17.25006 9.01031 0.93842 4.01306 6.04248 1.79291 3.48663
2.10571 1.80817 1.57166 3.21960 6.59943 1.43433 0.47302 0.62561 1.01471 1.23596 1.50299 1.15967 1.51062 1.51825 4.73022 2.52533 1.65558 2.07520 2.16675 2.19727 2.46429 0.67902 0.84686 3.70789 3.31116 0.44250 0.59509 0.65613 0.53406 0.47302 3.48663
3.42560 2.99835 1.49536 6.75201 3.44086 1.43433 1.19019 0.41199 0.11444 0.37384 0.87738 0.28992 1.72424 0.78583 6.04248 9.54437 3.21198 1.33514 3.37219 2.18201 1.78528 0.57220 1.06049 2.16675 0.73242 0.05341 1.16730 0.47302 0.64087 1.02234 1.88446
1.51062 3.12042 10.78796 22.48383 0.51880 2.63214 0.65613 1.30463 0.25177 0.04578 0.77820 0.64850 0.49591 0.09918 0.56458 0.38910 1.94550 4.34113 3.27301 1.12915 0.47302 0.42725 0.95367 2.15149 6.99615 0.62561 1.70135 2.15912 2.41852 0.26703 0.75531
