DATA/RAW-RASTER/ECMWF/20170628/EN-1/20170709.en-1.asc
ncols			31
nrows			16
xllcorner		69.5
yllcorner		19.5
cellsize		1.0
NODATA_value	-99999
0.42725 1.48010 1.44196 1.77765 0.81635 0.19073 0.04578 0.28992 0.38147 2.53296 2.89154 9.29260 10.07080 5.61523 3.35693 2.04468 2.19727 0.58746 1.62506 1.75476 0.67902 2.70844 1.61743 2.96783 2.62451 0.90790 0.90790 0.04578 0.00000 0.23651 0.07629
0.03052 0.46539 2.12097 3.60870 4.81415 0.79346 0.23651 0.32806 1.89209 2.28119 10.98633 5.00488 5.18799 2.26593 3.41034 2.82288 5.90515 1.69373 2.89917 3.41797 2.41089 3.89862 2.34222 0.74005 0.22125 0.86975 0.63324 1.15967 2.67792 6.64520 2.04468
0.04578 0.96893 1.61743 2.13623 7.58362 5.80597 3.98254 0.07629 2.79999 0.28229 12.89368 6.87408 4.18091 2.57111 3.62396 2.38037 4.37164 3.17383 3.28827 4.90570 2.17438 2.92969 3.86047 2.73132 1.27411 1.20544 1.79291 1.79291 3.49426 15.57159 2.79236
0.06104 0.03815 0.03815 0.24414 4.81415 5.50842 6.05011 12.72583 1.20544 3.52478 14.67133 3.24249 1.42670 2.92969 0.87738 0.26703 2.25067 2.77710 5.49316 7.79724 11.49750 5.56183 7.12585 2.22778 2.89917 3.20435 1.13678 0.43488 2.76947 4.57764 7.73621
0.08392 0.00000 0.00000 0.06104 2.33459 9.37653 6.63757 3.79944 4.44031 7.57599 2.12097 2.89917 7.04956 1.96838 1.50299 0.60272 0.49591 0.22888 0.40436 0.41962 0.37384 0.15259 0.49591 3.00598 6.08826 6.91986 7.39288 1.06812 7.08008 13.93127 5.23376
0.18311 0.00000 0.00000 0.04578 0.51117 7.93457 2.60162 13.04626 9.28497 5.65338 23.94104 6.86646 4.66919 0.89264 0.45013 0.12207 2.80762 7.64465 9.11713 6.96564 4.94385 8.69751 8.85773 3.01361 10.92529 6.12640 7.27081 6.88171 16.34979 9.80377 12.53510
0.00000 0.00000 0.00000 0.14496 0.25177 0.26703 5.31769 3.44086 5.65338 3.98254 9.39941 19.98138 23.44513 9.35364 10.13947 10.23102 11.50513 10.20813 9.15527 5.27191 10.49042 14.92310 10.94818 14.77051 12.03156 6.72913 3.31116 13.32092 15.32745 10.26917 21.49200
0.00000 0.00000 0.00000 0.12970 0.77820 1.52588 3.08228 3.89099 3.80707 3.11279 1.36566 5.88226 9.46045 21.79718 17.93671 24.71161 14.72473 3.42560 19.88220 18.02063 11.12366 20.11108 10.19287 15.65552 11.55853 70.53375 39.66522 15.70892 5.27191 14.93835 5.08118
0.00000 0.00000 0.00000 0.19073 0.60272 3.47137 1.06049 1.62506 3.44086 3.12805 0.80109 0.28992 6.61469 7.85065 9.68933 8.01086 19.95087 15.53345 28.76282 50.23956 34.94263 53.61938 58.78448 39.90936 22.34650 9.89532 75.92010 47.34802 14.04572 14.54163 10.74219
0.00000 0.03815 0.21362 0.67139 0.85449 1.57928 1.37329 1.09100 1.08337 0.52643 0.59509 0.16785 1.30463 1.49536 15.85388 10.82611 20.27893 10.01740 5.89752 14.17542 7.11823 6.39343 17.79175 10.32257 4.54712 13.42773 25.77972 12.87079 16.16669 34.48486 20.15686
0.41199 0.24414 1.02997 1.61743 0.39673 0.57983 0.32806 4.61578 0.82397 0.93079 2.22015 1.97601 1.56403 3.70026 9.62830 24.16229 18.95142 11.02448 11.45935 13.43536 5.14221 32.12738 27.18353 11.22284 20.26367 15.71655 28.95355 20.21790 52.18506 22.61353 17.10510
0.99182 1.96075 2.76947 7.04956 1.99890 0.67902 1.45721 2.15149 2.21252 1.52588 1.46484 1.84631 3.21960 5.11932 10.84900 10.34546 13.90076 7.30896 13.79395 8.81195 12.23755 6.11115 2.87628 1.71661 5.99670 27.87018 20.92743 17.07458 32.15790 14.32800 10.23102
0.96130 1.61743 1.52588 5.08881 3.29590 1.51825 1.41907 2.66266 1.04523 0.41199 1.26648 1.11389 1.53351 12.07733 1.48773 4.95148 5.48553 13.06152 13.83972 25.00916 15.69366 3.78418 1.84631 2.68555 8.24738 2.19727 9.34601 19.18793 11.33728 13.22174 9.42230
1.25122 1.91498 1.06812 6.53076 7.38525 1.46484 0.81635 0.83923 2.55585 0.34332 0.54169 0.73242 0.15259 3.84521 10.55145 15.02228 15.31219 8.07953 8.94928 3.62396 1.42670 5.82123 3.18146 8.54492 3.95203 0.61035 5.08881 3.77655 18.61572 17.08221 34.25598
2.06757 4.53186 2.33459 2.34222 2.12860 1.35803 0.92316 0.16022 0.36621 0.23651 0.40436 0.54169 0.48065 1.22833 5.15747 16.21246 3.62396 23.94867 12.92419 5.03540 2.44904 3.05176 7.38525 4.21906 0.22888 0.12207 0.72479 1.28174 9.12476 11.69586 11.62720
1.17493 2.54059 4.18854 5.08118 0.99945 1.92261 0.48065 0.58746 0.08392 0.33569 0.70190 1.54114 2.17438 0.12970 2.04468 7.59125 13.04626 7.87354 5.40161 7.79724 4.92096 4.18854 4.35638 5.56183 4.61578 0.74005 1.70135 0.49591 0.61035 0.42725 1.63269
