DATA/RAW-RASTER/ECMWF/20170628/EN-1/20170701.en-1.asc
ncols			31
nrows			16
xllcorner		69.5
yllcorner		19.5
cellsize		1.0
NODATA_value	-99999
0.31662 1.00708 0.33188 2.30408 5.02777 2.79999 1.47247 0.75150 0.14877 0.03433 0.56458 1.36185 4.29916 6.92749 7.02286 7.49207 2.62070 3.87192 2.29263 6.69861 5.81360 5.12314 2.90680 4.39835 4.03595 5.35202 3.19290 1.23215 4.87137 16.67023 17.00211
0.00381 0.05341 0.00000 0.08774 2.02560 0.03815 0.01907 0.23651 0.08392 0.68283 1.76239 2.71606 3.69263 5.30243 11.31821 4.53568 4.10080 12.36343 12.80975 10.35309 10.84137 6.90842 7.65228 5.05829 5.01633 4.40979 3.94440 4.26865 4.95148 9.58252 21.90399
0.01144 0.34332 0.17166 0.05341 0.31281 2.19345 1.63651 0.22125 0.42725 0.62180 0.94986 2.47574 1.40762 1.43051 1.43433 1.00327 2.04849 1.24359 1.98364 6.22940 5.63049 5.58853 1.51062 3.02124 3.58200 14.15634 6.11877 14.91165 2.22015 7.57980 12.38632
4.03976 0.04959 0.04196 0.00000 0.09918 0.75531 0.29755 3.11279 0.89645 0.66376 2.66647 1.66702 1.18256 2.84576 2.39182 0.55313 0.37384 0.18692 0.64087 1.17111 2.97165 3.31879 3.90244 3.02505 4.64630 0.16022 8.12912 18.05496 4.02832 11.43265 16.49094
1.44577 1.26266 0.00763 0.01144 0.17166 0.97275 0.67520 4.50516 3.91388 6.61850 1.90353 4.71115 3.45993 1.50681 1.29318 0.54169 0.16785 0.20599 0.94223 0.83542 3.01361 2.63977 2.80380 0.25940 1.51062 2.18582 0.89264 1.35803 19.10400 13.89694 23.27347
1.38474 0.92316 0.38147 0.41199 0.00381 0.78583 0.54550 2.64740 2.03705 16.23535 6.35910 7.46918 3.07846 1.73187 0.58365 0.89264 2.04849 1.29700 2.71225 2.70081 3.95584 4.59671 2.70462 6.09207 7.73621 13.00430 10.73456 1.31607 5.64194 11.47842 15.63263
0.09537 0.46921 0.28992 0.97656 0.45395 0.54550 1.62125 1.23978 2.86484 4.81415 6.66809 8.09479 13.39340 4.91333 2.15912 2.19727 1.14822 2.60544 6.43158 8.58307 5.14984 11.23428 14.36234 9.44901 15.67459 83.19855 33.69904 14.06479 2.68555 1.15204 6.13403
0.00381 0.19073 1.10626 1.26648 1.68228 1.59454 1.89209 0.77057 2.73132 9.22775 15.41138 8.22067 7.03812 25.34103 41.77856 40.87067 37.04834 4.26865 10.10895 6.67572 9.76944 16.55960 8.94165 43.07175 20.56122 33.04672 26.45493 33.55789 35.63309 7.53021 2.66266
0.01144 0.77438 0.98038 0.90790 1.27792 0.49591 2.20871 2.73895 3.50952 5.95093 8.91113 16.50238 12.08115 1.40381 6.51550 5.97000 10.06699 20.59555 104.88510 34.32846 31.09741 62.94632 25.26093 15.96832 9.96017 9.01794 44.59381 149.64294 133.52203 31.70013 8.27408
0.01907 0.86975 1.53351 1.04904 2.74658 3.45993 0.86594 3.18146 5.39398 2.65503 14.88113 16.42227 18.93616 5.83267 4.38690 5.22995 1.83105 3.00980 9.98306 11.34109 7.32803 11.03592 29.36935 2.51007 1.15585 12.37488 9.26590 12.56561 37.78839 21.11435 16.26968
0.37384 1.53732 2.25449 1.87683 8.77380 10.40649 1.31989 10.97107 11.14655 10.71930 13.32092 18.71490 17.31873 2.89536 2.38800 7.04956 13.15689 4.52042 6.17599 4.92859 2.42233 7.63321 18.90945 5.21088 4.04739 17.54379 3.10135 23.63968 65.02151 36.96060 25.69580
0.76675 6.60706 9.38797 10.44083 2.47574 3.42560 2.25449 3.44849 1.57928 42.14859 12.68005 55.13763 82.88574 10.76889 4.44031 8.65555 7.23267 20.75577 9.61304 3.29590 6.85883 1.89209 1.64413 1.45340 8.49533 4.61960 2.48337 21.44623 20.28275 24.43314 11.04736
20.96558 13.84735 19.14215 25.42496 31.47507 7.68661 6.82068 19.33289 2.06757 2.71225 29.29688 89.93530 48.02322 14.79721 23.68546 17.09747 9.23157 11.88278 5.84412 3.93295 5.26810 5.10406 1.91879 1.70135 9.39560 1.84250 0.71716 4.37927 19.30237 12.68387 2.77710
16.28876 62.06512 44.20853 10.98251 15.55634 46.84067 4.11224 2.73132 2.05994 2.05612 2.06375 12.14600 10.18143 25.82932 56.88858 33.18405 15.96069 11.45554 5.35202 7.83539 10.00214 16.38031 5.72586 11.77597 5.55038 0.57983 1.04904 2.33078 19.75250 36.95297 51.42212
60.36377 56.50330 15.17868 35.44617 40.54642 26.61133 2.50626 1.97601 1.20544 0.42343 1.85776 0.73242 10.22720 23.44513 66.77246 68.18008 7.17163 3.54767 4.36020 11.10840 5.40161 13.54599 39.40964 35.77805 25.61569 1.97220 3.98636 2.89536 4.14276 26.58844 26.42441
5.59998 7.48062 45.94421 40.62653 34.79385 7.63702 2.63596 8.61359 5.98526 5.47028 26.33286 16.08276 3.78418 11.61575 24.08218 16.65497 0.93079 18.83698 11.29913 5.48935 6.06918 14.35852 32.02057 39.80255 51.96381 14.39285 12.74872 3.16620 1.34659 12.85553 20.10345
