DATA/RAW-RASTER/ECMWF/20170628/EN-1/20170703.en-1.asc
ncols			31
nrows			16
xllcorner		69.5
yllcorner		19.5
cellsize		1.0
NODATA_value	-99999
0.48447 4.00162 3.99399 1.39236 2.80762 4.63867 3.36838 0.12589 0.32043 0.03433 0.06866 0.05341 0.05722 0.36240 0.63324 3.39127 2.37656 0.88501 0.84305 0.92316 1.00708 0.99182 0.77057 1.00327 1.09863 1.77765 7.26700 4.96292 1.68610 1.50681 11.07788
0.71716 0.00000 2.27737 1.86157 1.83105 0.48828 0.32806 0.20981 0.48065 0.01907 0.06104 0.00000 0.00381 0.56076 0.90790 8.80814 1.79291 1.08719 2.20108 0.95367 0.52643 3.88336 1.72043 4.12750 17.38358 5.94711 1.90353 12.81357 3.48282 0.96512 2.55203
4.50897 2.38800 0.01907 2.32315 3.63159 0.80872 0.80872 0.93079 0.01526 0.00000 0.00000 1.33133 0.24796 2.96021 1.51825 4.96674 2.11716 4.52042 3.88336 2.30408 2.83813 6.13022 6.91605 13.93509 15.97977 6.71005 7.84683 6.56128 4.87900 1.44196 2.94113
9.27734 1.17111 0.45013 0.55313 0.45013 1.76620 1.06430 6.86264 0.17548 0.37766 3.60870 2.92206 4.40216 8.33511 0.52261 4.30298 1.52588 6.99615 5.02396 7.02667 4.08173 6.32858 17.02118 4.82178 4.67682 1.61362 6.02722 11.20377 8.56018 6.84357 1.13297
24.52850 3.34167 2.85721 5.49316 7.77817 3.82996 1.93405 3.73459 17.08221 3.64685 0.90027 6.56509 5.28336 3.62396 1.97601 1.35422 2.95639 5.53513 10.81085 6.78253 7.94601 10.63538 9.65500 0.89645 1.16730 1.34659 2.75421 15.60211 10.02502 4.94385 2.21634
5.88226 1.63269 5.50461 10.82993 3.84140 9.09424 2.47574 3.12042 12.58850 24.95575 6.74057 5.06592 1.45340 1.50299 0.37766 0.93460 3.15475 14.69421 8.96835 13.68713 22.97211 9.05991 16.84189 5.82504 6.17981 9.72748 2.16675 1.31226 5.30243 2.42615 6.69479
0.48828 0.24033 0.17548 8.39233 2.55585 2.72751 3.26538 2.30789 7.06482 16.20865 7.19833 20.35904 12.50839 7.30133 0.05341 0.69046 0.55313 4.55093 12.58087 12.53510 5.76019 5.17654 12.24899 13.06534 13.83972 44.44504 37.98294 6.72531 3.92532 1.58691 7.52640
0.00000 0.00000 0.01526 0.11444 2.44904 3.59726 8.08716 3.05176 9.41467 17.85660 13.97324 8.37326 7.57217 4.90189 3.77655 6.49643 5.58853 0.73242 9.26208 20.45059 30.22385 24.14703 30.71213 90.48462 104.56467 98.71674 51.95618 14.69421 11.28769 6.71768 3.97110
0.00000 0.00000 0.04578 0.86975 2.20871 2.97928 3.09372 5.96237 16.78848 21.77811 6.53076 10.18143 9.05228 8.28171 3.69263 4.50516 8.66699 4.75693 12.31003 15.06424 95.04318 152.27509 95.00504 67.42859 15.28931 15.08331 19.26422 149.35303 80.96313 4.73785 1.91498
0.06866 0.05341 0.02670 0.00000 1.28937 1.83487 5.40543 14.67896 33.91266 30.31921 13.93890 9.79233 8.53348 2.74658 4.22668 3.45993 3.71933 7.07626 15.23209 15.16724 21.83914 6.05392 55.70221 19.84406 4.89807 10.66971 22.14432 40.97366 27.14539 13.76343 11.94382
0.50735 0.46921 0.27466 0.10681 0.34714 3.97110 19.60754 7.71713 17.26151 32.18460 14.67133 12.68005 1.88065 2.91443 0.68283 1.73950 1.80054 10.42175 12.24518 13.58795 12.09259 18.53561 36.93008 13.52310 22.58301 9.12476 1.48392 8.39996 9.53293 12.19940 18.93997
0.51498 0.21362 0.75531 1.67465 1.33514 2.28500 11.94382 5.54276 12.90512 33.77914 2.75421 0.53406 0.55695 0.83160 0.64850 0.35858 3.34930 2.71988 3.53622 9.69315 10.51712 57.63245 3.08228 1.68610 8.94928 0.61417 2.31934 5.79071 8.59451 9.51767 7.80487
0.56076 1.91116 1.65176 3.88718 14.94598 24.16992 19.54269 85.81543 17.55142 1.83868 0.93842 2.74658 1.76239 1.61743 3.39508 0.75531 0.51117 0.03433 0.88120 4.77600 12.96616 28.55682 34.00421 25.79498 17.81082 2.12097 1.33896 7.11060 7.12967 4.08173 6.85501
1.00708 1.14059 3.30734 22.14432 14.33945 0.54169 1.46866 6.46210 8.75854 5.18799 1.62506 1.24741 0.64850 1.13297 0.85068 1.08719 0.94986 1.43433 1.66702 2.91061 3.83759 40.77148 60.15396 48.62976 5.60379 3.33786 1.20926 12.05063 6.17981 6.75201 10.38742
4.07410 1.93405 2.32315 8.79669 11.73401 10.31876 4.66537 2.71988 0.70190 0.56839 0.43869 0.19836 0.24796 0.03433 0.37384 0.18311 0.06104 0.35095 3.76892 5.39398 14.66751 23.01407 66.36810 53.34473 28.91159 14.37378 1.97220 10.66589 12.57706 25.95901 28.10287
2.61307 3.17001 7.73239 26.22986 51.42212 14.70947 6.24084 2.99454 4.14658 0.72098 2.57111 1.51825 0.08392 0.01144 0.06104 0.02670 0.04578 0.26703 3.96347 9.54819 11.34491 24.32251 45.59708 50.42648 71.30051 4.08554 14.78195 7.54166 2.96783 5.82504 19.02008
