DATA/RAW-RASTER/ECMWF/20170628/EN-1/20170705.en-1.asc
ncols			31
nrows			16
xllcorner		69.5
yllcorner		19.5
cellsize		1.0
NODATA_value	-99999
2.96783 0.79346 0.25940 1.02997 0.97656 0.00763 1.24741 0.04959 0.12207 0.01907 0.46921 0.34332 0.34332 0.88882 1.50681 7.51114 11.36017 2.88773 0.28229 0.48447 0.33569 0.18692 0.28610 0.54932 1.15204 1.94550 2.13242 1.36566 3.63922 5.58090 12.59232
0.04578 0.65994 0.73242 0.26703 0.99182 0.34714 0.00000 0.03433 1.15967 0.06104 0.00000 0.00000 0.12589 0.91553 1.39999 1.99127 2.69318 5.39780 0.52261 0.48065 0.18692 0.49210 0.47302 0.35477 1.59454 1.90735 4.73022 9.85336 5.84412 15.52200 15.30075
0.00763 0.15259 0.20599 0.80872 2.18201 0.67902 0.88882 0.07629 0.00000 0.00000 0.00000 0.84686 0.25940 0.44250 0.75912 1.07574 1.78909 2.12479 0.81253 3.12042 5.83649 3.47900 7.84683 8.56781 14.09531 10.26917 10.33783 9.57489 9.68552 4.03214 4.82941
0.00000 0.34714 0.68665 1.86157 0.25940 2.02560 2.79236 8.93402 0.08774 0.01526 0.63324 1.57928 0.57983 1.28555 0.76675 0.73624 2.65503 7.14874 1.60599 3.43323 6.65665 4.76074 8.87299 7.17163 1.52588 1.22070 0.53024 1.13678 6.48880 7.11823 4.89426
1.00327 0.00000 0.04578 0.89264 0.51117 0.48828 2.39182 3.52478 3.42178 1.30463 0.33951 1.82724 0.87357 1.10245 0.88120 1.78909 1.64032 6.17218 5.44357 5.81741 7.84683 2.73132 0.86975 1.58691 2.03323 0.22888 0.32425 0.61035 4.80652 5.88226 3.55911
0.03433 0.33188 0.00000 0.14496 0.94986 1.68228 2.83432 3.60107 4.20380 19.21463 35.50720 16.36887 5.55801 1.30081 2.32697 7.77054 6.62613 5.47409 1.55258 0.82779 1.43051 4.07791 2.27356 10.86044 3.76892 1.52588 3.36838 0.30136 11.56235 5.92804 3.10135
0.00000 0.00000 0.00000 0.00000 0.00381 0.26321 0.98419 5.55801 2.75803 14.24789 18.60428 30.14755 19.15359 9.42612 5.92041 3.90244 6.47354 4.31442 4.05884 1.45340 4.76837 4.06265 4.38690 3.70789 7.30896 17.07840 7.85065 8.23593 7.46918 2.05231 6.92749
0.00000 0.00000 0.00000 0.00000 0.00000 0.27466 1.80435 9.23157 4.58145 11.61575 26.20697 18.13889 26.55792 21.99936 22.79282 15.79285 5.47791 5.02014 2.25067 2.18201 5.36728 3.34167 3.62396 4.75311 2.46429 72.55554 0.68283 8.91495 17.13562 1.12915 1.60980
0.00000 0.00000 0.01907 0.01144 0.01907 0.00000 0.75912 10.79559 12.57706 12.25281 12.82501 16.35361 12.13455 9.36508 10.27298 5.22232 1.41525 5.96237 2.19727 8.65173 13.91602 5.90515 10.26917 21.47675 42.56439 5.51605 28.09143 46.71478 12.51984 9.35745 1.59073
0.06104 0.16022 0.74387 1.24741 1.57547 0.03815 0.06866 3.18146 28.50723 29.91104 21.10672 25.13885 25.20370 11.71494 15.40756 10.66589 13.42010 10.57434 8.77380 7.80106 52.56271 77.33536 46.07391 53.28369 24.82224 8.68607 17.22717 14.34326 15.21683 6.13785 1.97983
0.38528 0.65231 0.80109 1.25885 0.43106 0.30899 0.34332 4.08554 20.63751 33.96606 36.51428 30.14374 17.51709 7.40051 28.67889 16.05988 19.97757 19.82498 30.39932 13.11874 12.92038 39.40964 57.15942 62.41608 22.06802 18.83698 1.88446 12.72202 36.80801 11.90567 1.64413
0.10300 0.16785 0.91934 2.75040 1.58310 1.59073 1.10245 1.93024 10.18906 53.94745 80.17731 37.73880 22.65549 11.53946 11.62338 10.63919 8.78906 11.72256 18.50510 20.21027 70.94574 32.67288 7.69806 32.84073 9.39560 2.55966 1.43433 18.44025 42.70172 12.83264 2.65884
0.17548 0.53024 0.22888 1.14059 2.81525 2.61307 1.05286 1.25885 9.38416 51.76544 216.11023 104.56848 137.87842 50.32349 9.19724 1.56784 1.27029 1.97983 1.92261 11.13892 31.95572 7.58362 4.16183 40.11154 63.52615 1.97601 1.80435 6.90842 9.65881 17.63153 9.47952
0.94604 0.73242 0.37384 2.89917 5.21469 0.78964 1.49536 1.01471 17.30347 21.32034 70.46890 96.54236 36.39603 31.57425 1.56403 2.16293 1.22070 0.77438 2.19727 3.96729 7.57980 15.67841 9.90295 55.40085 26.97372 1.84250 3.45612 2.94113 13.28659 3.52478 5.86700
1.44958 2.13242 3.57819 3.15094 5.33676 1.28174 1.97601 2.83051 3.19290 16.20865 31.60477 41.77094 39.63470 14.26697 3.34167 3.70789 2.65503 1.56784 7.62939 13.53073 12.56943 5.69153 26.71814 22.66312 40.08484 1.49155 8.59070 1.65939 1.52588 7.64084 11.79504
0.46921 3.17764 5.58090 7.74384 0.91553 2.55203 1.26266 0.90790 0.35858 1.64413 17.95197 16.16287 5.74875 26.44730 5.86319 4.96674 1.44196 3.86810 5.28717 4.38690 13.95416 7.59125 12.61520 30.69305 17.89856 5.62668 11.52802 5.12314 4.00543 1.02234 1.19400
