DATA/RAW-RASTER/ECMWF/20170628/EN-1/20170630.en-1.asc
ncols			31
nrows			16
xllcorner		69.5
yllcorner		19.5
cellsize		1.0
NODATA_value	-99999
0.85068 2.45857 2.09236 2.69508 10.31494 3.95966 10.09178 15.66124 12.65717 4.78363 9.00269 11.93810 4.00162 2.67410 4.42886 4.14658 3.85857 4.66347 3.14331 3.64494 7.74193 3.16811 2.28119 6.80351 10.03838 14.52065 9.86099 6.04057 5.65338 0.63133 0.28992
0.09537 0.75150 1.55640 5.31197 4.36211 23.18001 18.72253 11.19804 5.21469 5.24712 3.00980 3.63350 3.49236 3.03459 1.92451 1.49345 0.82588 0.87929 1.78146 2.64931 3.58963 4.79126 10.86235 5.69344 7.58934 3.43895 6.46400 4.40025 0.33379 0.61226 0.61607
0.61417 0.70763 0.05722 0.12207 1.69182 31.91376 33.34618 9.91440 8.33893 2.43187 0.79155 1.15013 1.41907 0.28419 0.20218 0.35858 0.02480 0.28229 0.23079 2.67792 6.27899 1.85966 2.63023 8.10432 3.64876 4.80080 7.34711 4.18282 1.97792 0.75912 0.48065
1.51062 0.17548 0.00000 0.09727 2.47383 13.29231 10.35500 28.71895 11.60049 0.69427 2.03133 1.08719 3.59154 1.32179 0.24605 0.01717 0.02670 0.07248 0.33188 2.87819 9.42230 8.02612 4.44984 6.41251 4.32777 2.47955 1.52588 1.62506 2.30217 2.41089 0.70763
0.36621 0.05341 0.00572 0.26894 2.73514 9.47189 20.36858 10.13565 17.65823 5.69725 0.55885 1.34659 0.80109 1.15013 0.12207 0.02098 0.00000 0.03052 0.37384 3.24249 10.21576 2.66075 7.97272 7.60460 4.68063 0.89836 0.96893 4.66919 9.24301 8.06808 9.37653
1.20926 0.14305 0.08202 0.62943 1.79672 10.53619 32.57179 35.20012 20.54405 27.14157 6.21796 2.10953 0.38910 1.28174 0.50545 0.20790 0.47684 2.02179 3.18336 3.27873 2.76566 5.74875 6.50787 7.54547 14.19449 5.45883 1.41525 4.18472 2.78854 5.33485 7.19261
0.03052 0.27275 0.19073 1.03569 9.84192 14.46342 17.43507 30.41840 28.82767 31.15273 23.82851 8.92258 4.38499 0.22507 6.20842 0.33951 0.48256 0.43488 2.23351 7.33757 5.71251 9.69696 5.69534 5.44167 10.27489 43.79845 50.30441 12.29668 12.51411 5.40352 7.16972
0.27466 0.87357 1.64604 4.43649 5.17464 18.31055 16.26205 26.22223 27.33040 24.54948 12.91656 15.60211 4.73595 10.15472 38.17368 28.40042 9.08852 1.22261 0.25940 6.21223 8.64029 9.91631 5.50270 26.49117 19.76585 76.87569 71.06590 41.40091 46.14067 15.93971 10.46562
0.26321 1.04141 3.50571 17.39311 17.25578 25.48218 10.10132 9.88007 14.90974 9.15909 14.08195 7.21550 5.92232 3.61824 5.82314 5.05829 8.26263 9.51767 25.24757 49.19624 65.96756 34.72900 13.05771 33.06961 32.34482 12.11739 37.68158 68.73131 43.34259 31.41403 4.84848
1.35803 4.25529 16.58630 11.40022 5.54657 8.62312 2.15912 2.50626 1.02043 0.56267 4.43459 12.72583 12.53891 19.12689 18.93997 5.98145 2.93541 2.24495 5.13649 13.64708 15.82718 8.93211 33.20885 2.82478 2.64549 12.28905 26.47018 14.83536 74.17107 58.83217 21.60645
20.73860 8.28552 3.58009 8.05473 20.93506 13.24081 5.23567 7.10678 6.81686 7.90596 11.55090 19.39392 18.51273 13.47351 20.94460 13.24844 10.17761 2.75230 6.96754 9.16290 11.52420 13.93509 45.49217 11.21140 7.90405 30.38406 11.08742 15.26260 57.10411 25.01106 17.53616
16.69502 13.87024 18.71681 13.99040 14.72092 3.84903 7.10678 8.98552 7.89452 5.09453 12.64191 19.59229 28.26118 25.85983 9.13811 20.19501 6.08635 4.85420 12.10403 8.34656 10.42175 8.37517 4.65202 3.82423 7.51495 12.13264 1.36566 25.32387 7.71713 16.29448 8.28171
9.73892 8.59833 13.64899 12.00867 3.49045 0.93079 1.36566 7.42340 3.80135 11.31248 16.32118 12.67624 12.26234 31.29005 26.52550 17.38358 13.53455 10.07080 12.87842 16.74843 10.57243 3.34930 2.63786 3.49236 2.19917 1.34850 0.66376 4.34113 6.45828 5.48363 9.36890
7.69806 1.14059 0.30708 4.63867 1.22261 0.83160 0.47112 1.44386 2.23732 1.72043 9.16290 10.40649 37.03690 29.98161 12.40730 10.29396 14.63699 14.41765 14.03999 16.76750 6.88362 12.76970 7.14302 6.93130 3.74794 0.83733 1.03188 1.04332 16.40511 8.72040 12.56943
12.38441 5.42259 7.25937 10.92911 1.89400 0.68665 0.31853 0.46921 0.82397 0.08774 2.18964 4.36592 25.26855 24.85275 47.06192 6.08063 0.45967 2.69890 12.63046 15.76805 8.85201 12.00294 29.11186 9.10759 1.25504 3.81470 9.23538 0.94223 2.56920 25.84267 29.30069
7.18880 9.54819 18.56041 22.51244 1.30463 1.24359 0.35667 1.07574 3.64685 1.38092 1.31607 9.39178 9.76562 15.33890 37.74643 12.16125 10.37407 16.87241 16.39748 9.26781 6.45447 9.68742 20.67757 27.39143 22.59254 5.04684 8.02040 2.16866 1.23596 8.25500 19.51599
