DATA/RAW-RASTER/ECMWF/20170628/EN-1/20170629.en-1.asc
ncols			31
nrows			16
xllcorner		69.5
yllcorner		19.5
cellsize		1.0
NODATA_value	-99999
1.29890 2.90871 3.52287 6.32286 7.77054 6.17599 15.35034 23.72742 11.77216 2.68936 8.30078 10.01740 11.02257 7.63702 7.54738 7.30515 7.09152 3.44849 5.99480 3.86810 8.26454 25.87128 17.39311 5.00870 2.65694 0.39673 0.67711 0.11063 0.26703 0.02098 0.15450
0.63133 0.79536 0.57411 8.74519 0.87547 36.92818 60.21881 23.79417 12.38632 7.40433 5.10406 2.53868 5.51605 2.53105 6.77681 1.27029 1.64413 0.83351 1.51062 3.36456 3.79562 6.91414 11.88278 8.47816 4.42886 3.43513 4.93431 1.57166 0.44441 0.17738 0.61607
0.69809 5.63622 0.07629 0.16975 38.26904 116.31393 69.07845 20.45441 4.50706 0.77438 0.65422 0.67139 0.57030 0.75531 0.33379 1.48964 1.07193 1.40762 3.65257 3.87955 6.27708 11.36780 4.35638 3.33023 9.93347 3.42560 6.08635 3.98636 0.91553 0.60844 0.60654
1.02043 1.85204 1.08528 2.43187 22.39990 138.19313 45.17937 16.06178 20.50400 2.17438 0.98610 1.13106 0.31281 0.33188 0.04387 0.32806 0.86403 0.57983 2.56729 2.50053 1.49155 1.20354 4.84467 9.26018 3.79562 1.83868 8.18825 6.14548 2.27547 1.60599 3.92532
1.47438 5.63812 3.49426 12.90321 20.24078 69.26346 43.95103 17.66777 4.15611 3.68309 0.09537 0.14496 0.03052 0.86403 0.47684 0.27466 0.17929 2.67982 7.26891 2.84767 3.61443 4.11415 5.54657 7.00951 0.68665 3.27492 8.90923 19.06013 6.48117 6.77872 5.71442
1.36566 2.61307 2.46429 2.66457 21.91162 38.01155 82.21245 14.55879 3.75748 21.53206 10.74219 0.39673 0.22507 0.00000 0.00381 0.61226 0.81062 1.87492 17.33017 13.01193 13.56697 7.15065 5.45120 8.14438 9.32503 9.01222 10.96725 13.62610 17.04216 4.20570 5.53894
0.17929 1.05476 5.74303 13.47160 24.45412 16.37077 37.35924 13.49258 18.65959 10.53047 2.69318 7.31850 8.24738 0.01717 0.01144 0.01144 0.66376 2.84195 2.19154 6.86836 6.36864 15.24734 12.54272 14.10675 15.58304 53.41339 35.28595 26.31187 17.88712 15.89394 8.34846
4.41933 0.78773 9.08661 12.08687 9.06563 15.43236 9.03130 13.19504 6.27327 4.77600 8.04138 1.80054 1.89018 5.85175 16.76750 7.84874 3.70598 0.11253 0.26321 3.24631 9.40323 14.18686 16.04462 17.03072 24.11842 58.25233 50.85564 18.79883 28.64647 8.48389 13.29613
6.09398 2.99263 4.76646 8.92067 3.41606 5.10788 4.09317 2.67220 1.52969 3.38554 8.01849 3.51524 8.48007 5.20706 3.79944 1.59836 7.79533 9.39751 6.42967 20.56885 67.52205 35.31837 26.19553 20.79582 23.24867 11.84082 11.43837 44.55376 121.99783 26.09825 10.79559
2.68555 1.60789 2.83623 2.86674 2.48146 3.27682 0.85068 0.54550 2.08092 3.50571 3.81279 14.75525 14.14871 11.36780 9.41849 5.01633 10.79750 7.74384 6.59370 10.49805 9.16290 3.06702 22.22824 4.25911 2.71988 11.31058 31.96144 14.56451 25.99525 19.10210 7.20215
3.12996 2.00081 1.03188 0.55504 0.98991 0.45776 0.05341 0.97656 0.80681 1.37901 2.23541 12.37488 24.14131 15.73372 12.62856 1.72997 3.73840 12.20703 2.58636 3.59917 5.18799 8.50487 14.67323 1.40190 9.87053 7.26700 36.08131 13.31711 31.88896 20.62416 4.48227
20.96558 10.84137 6.96373 4.95720 1.49727 0.67520 1.17493 1.13678 0.60081 1.04523 4.55284 16.64925 18.83316 21.57974 1.85013 2.33078 2.07329 2.36893 2.80762 2.15721 1.92070 2.67220 3.96156 9.17053 14.07814 14.69803 1.20926 12.89368 25.57564 33.51021 29.31023
13.25607 17.60864 10.00977 8.68416 2.35558 3.17955 1.64032 1.25694 0.70000 0.45013 5.57518 20.66040 15.37704 12.49313 6.87981 6.76727 1.44386 2.05421 3.68881 4.39453 3.55721 2.50626 1.52779 10.45990 8.48770 0.97084 0.95367 15.27405 23.54622 8.06618 20.11871
10.73265 12.74872 4.53758 13.11874 1.62697 2.31934 0.63133 0.54169 1.37711 1.20735 14.11057 46.85020 16.75034 2.54059 7.54166 4.77409 21.32607 16.18195 5.08118 7.38144 8.26454 12.17842 0.97084 5.83267 1.92070 0.52834 3.76701 9.37843 13.14926 8.97217 6.52504
24.69635 13.54599 5.35965 17.48276 1.57166 5.72014 1.03569 1.48010 0.87929 1.05095 1.79672 2.38800 2.26212 2.63405 0.93460 3.17192 7.61795 3.07465 11.37352 6.27327 9.24110 10.93483 24.45602 12.05826 1.55067 3.22533 5.04303 2.11906 4.50897 8.72231 18.73207
13.29613 22.80235 26.93939 39.14261 6.65092 6.32095 8.75664 9.29260 8.70705 1.29128 9.89723 16.84761 6.50024 1.94550 2.20871 0.71526 2.09045 15.53345 7.48253 6.62994 5.50079 6.27899 16.34789 27.47536 25.57182 2.35748 19.34052 6.94275 1.99890 21.33751 21.64459
