DATA/RAW-RASTER/ECMWF/20170628/EN-1/20170712.en-1.asc
ncols			31
nrows			16
xllcorner		69.5
yllcorner		19.5
cellsize		1.0
NODATA_value	-99999
3.36456 4.73785 28.03802 24.96338 12.68005 31.21948 17.50183 24.29962 15.38849 8.61359 7.80487 10.16235 9.37653 10.38361 9.52148 7.16400 3.48663 7.99561 7.04956 4.89807 8.95691 10.00977 7.89642 11.49750 19.05060 10.40649 10.00214 7.50732 3.63159 0.83160 0.02289
0.34332 5.72205 6.60706 11.26099 15.35797 8.97217 9.36127 10.92529 9.66644 9.74274 7.88116 10.61249 8.62122 6.52313 2.00653 1.65558 1.35040 0.97656 4.15039 5.95856 7.59888 7.70569 8.78906 7.37762 7.14874 8.76617 15.58685 8.68225 7.69043 0.55695 1.07574
23.72742 61.15723 63.30872 63.17139 38.30719 88.11188 55.28259 14.41956 4.23431 6.00433 4.65393 4.72260 4.24194 6.14929 2.42615 1.23596 0.65613 0.60272 0.74005 1.95312 1.67847 5.05066 4.18854 5.58472 7.61414 3.67737 9.78851 14.13727 12.71057 4.24957 1.57166
17.09747 16.22009 37.61292 41.19873 52.04773 132.60651 40.08484 8.85010 2.99835 0.47302 1.64032 1.83868 1.86157 3.98254 2.63214 1.12915 1.46484 0.46539 0.34332 0.74768 3.92914 7.63702 5.72968 5.82886 7.92694 5.24139 2.76184 7.43866 18.37158 16.76178 7.28607
3.72314 1.49536 0.61798 1.57928 1.55640 5.21088 33.86688 5.02014 12.39777 4.72260 0.61035 5.06592 1.30463 0.16022 1.98364 7.71332 6.85883 19.31763 5.90515 4.13513 12.44354 15.76233 10.62775 6.54602 4.36401 3.81470 3.35693 1.75476 1.41907 2.43378 4.18854
1.00708 0.00000 0.00000 0.00000 0.01526 0.40436 3.84521 24.25385 56.21338 44.38019 39.10828 27.03857 13.37433 4.97437 7.07245 5.76782 6.15692 6.85883 7.23267 7.39288 6.19507 11.16180 15.00702 12.80212 12.83264 23.01788 8.86536 4.60052 1.64032 2.11334 1.37329
0.00000 0.00000 0.00000 0.00000 0.18311 0.19836 0.73242 4.28009 16.62445 34.19495 197.82257 18.37158 12.55035 12.72583 4.80652 4.04358 9.86481 9.00269 4.50897 4.56238 7.09534 3.02887 3.71552 7.93457 11.53564 21.61407 22.80426 10.66589 4.79889 3.92151 5.66864
0.00000 0.00000 0.00000 0.02289 0.50354 0.97656 0.38147 0.94604 3.90625 10.31494 5.50842 18.79120 28.83148 18.63098 105.92651 18.73016 20.88928 21.20209 7.39288 7.70569 24.27673 42.56439 12.55798 16.12091 22.07184 16.02936 50.10986 11.37543 16.42609 6.64520 9.51385
0.00000 0.03052 0.05341 0.88501 1.18256 1.19019 1.44958 0.26703 0.48065 4.35638 2.37274 2.06757 53.93219 20.03479 26.39008 20.94269 73.10486 109.30634 26.88599 56.02264 149.29199 142.41028 138.53455 72.12067 33.72955 13.81683 15.31982 47.59216 56.22864 8.49152 19.05060
0.01526 0.23651 0.44250 0.66376 1.57166 1.02234 0.70953 1.08337 0.28992 0.69427 1.07574 1.73187 5.64575 3.72314 2.34985 9.36890 9.36127 5.72968 18.02063 27.12250 51.37634 10.59723 27.51160 5.92041 11.19995 5.08881 10.04028 8.72803 19.20319 2.46429 4.08173
0.14496 1.12152 0.36621 0.36621 0.80109 1.17493 0.82397 1.69373 0.61035 0.86212 1.17493 5.72205 1.02997 0.61035 4.53186 5.01251 3.94440 13.09204 54.22974 14.56451 8.13293 13.68713 19.26422 5.25665 3.98254 7.46918 8.56781 17.14325 12.69531 7.49969 1.72424
0.00000 0.09155 1.18256 1.73950 2.00653 1.77765 2.31171 1.89209 1.19781 0.74005 0.91553 0.41199 0.45776 1.27411 4.95148 3.30353 13.44299 1.89972 6.98853 4.42505 13.99994 4.76074 7.79724 4.18091 12.80975 14.09912 3.64685 6.98853 4.66919 5.18799 11.12366
0.29755 0.15259 0.11444 0.55695 1.16730 1.92261 1.81580 2.51007 2.05994 1.73187 2.95258 1.83868 1.41144 0.69427 1.70898 0.79346 4.48608 4.40216 16.43372 10.68878 6.68335 7.92694 5.88226 6.84357 6.41632 6.40869 1.38855 12.93945 12.06207 6.84357 9.67407
0.09918 0.38910 0.08392 0.54932 1.48773 0.67139 0.74768 2.32697 2.09808 1.94550 2.65503 1.47247 0.63324 0.68665 0.23651 2.62451 1.64795 3.98254 5.38635 4.73022 4.41742 4.70734 2.99072 1.96075 2.52533 1.37329 8.43811 12.28333 6.92749 24.69635 6.88171
0.58746 1.52588 1.19781 2.45667 3.23486 0.28229 0.42725 0.67902 0.96130 0.57220 0.90790 0.43488 0.34332 0.53406 0.24414 0.92316 6.08063 5.93567 2.31934 1.69373 1.94550 2.57874 6.16455 3.18146 4.82941 10.81085 0.85449 0.45013 3.45612 9.24683 20.23315
0.25177 0.61035 1.68610 8.33893 0.89264 0.76294 0.87738 1.39618 0.39673 0.56458 0.45013 3.25012 1.17493 0.25940 0.88501 3.95966 7.11060 4.87518 0.78583 2.37274 2.09045 2.27356 3.44849 7.24030 4.76837 1.36566 0.91553 1.41907 0.87738 2.34222 3.60870
