DATA/SHG/ECMWF/20170628/EN-35/20170707.en-35.asc
ncols        190
nrows        64
xllcorner    -5100000.000000000000
yllcorner    4130000.000000000000
cellsize     10000.000000000000
NODATA_value  -99999.000
[rows 0 to 32 of 64, columns 0 to 73 of 190]
0.431 0.389 0.348 0.309 0.271 0.234 0.198 0.164 0.131 0.206 0.316 0.427 0.542 0.658 0.776 0.896 1.019 1.143 1.270 1.400 1.530 1.539 1.490 1.441 1.389 1.337 1.283 1.228 1.171 1.113 1.053 0.992 0.930 0.945 1.012 1.081 1.152 1.224 1.297 1.372 1.449 1.527 1.606 1.687 1.770 1.946 2.205 2.467 2.730 2.996 3.264 3.535 3.808 4.083 4.361 4.640 4.923 5.106 5.168 5.227 5.282 5.334 5.383 5.429 5.471 5.511 5.547 5.580 5.609 5.599 5.523 5.439 5.346 5.245
0.328 0.290 0.254 0.219 0.186 0.154 0.123 0.094 0.066 0.125 0.243 0.362 0.498 0.633 0.766 0.899 1.029 1.159 1.287 1.413 1.538 1.568 1.515 1.460 1.404 1.346 1.287 1.227 1.165 1.102 1.037 0.971 0.904 0.901 0.974 1.048 1.124 1.201 1.280 1.360 1.442 1.526 1.611 1.697 1.785 1.943 2.211 2.480 2.752 3.026 3.303 3.581 3.862 4.146 4.431 4.719 5.010 5.225 5.276 5.323 5.367 5.408 5.446 5.480 5.511 5.539 5.564 5.586 5.604 5.591 5.486 5.372 5.251 5.121
0.223 0.190 0.159 0.129 0.104 0.098 0.094 0.090 0.087 0.148 0.283 0.415 0.547 0.677 0.806 0.933 1.059 1.183 1.306 1.428 1.548 1.598 1.540 1.480 1.419 1.357 1.293 1.228 1.161 1.093 1.023 0.952 0.880 0.855 0.933 1.013 1.094 1.177 1.261 1.347 1.434 1.523 1.613 1.705 1.798 1.938 2.214 2.492 2.772 3.054 3.338 3.625 3.915 4.206 4.500 4.796 5.094 5.347 5.386 5.422 5.455 5.485 5.511 5.534 5.554 5.571 5.584 5.594 5.618 5.606 5.516 5.442 5.384 5.342
0.192 0.186 0.181 0.177 0.174 0.172 0.171 0.171 0.172 0.214 0.343 0.471 0.597 0.722 0.846 0.968 1.089 1.209 1.327 1.444 1.559 1.630 1.567 1.503 1.436 1.369 1.300 1.230 1.158 1.085 1.011 0.935 0.858 0.808 0.891 0.977 1.063 1.151 1.241 1.332 1.425 1.519 1.614 1.712 1.810 1.931 2.215 2.500 2.789 3.079 3.372 3.667 3.964 4.264 4.566 4.870 5.176 5.472 5.500 5.524 5.555 5.676 5.769 5.835 5.874 5.886 5.870 5.827 5.756 5.659 5.624 5.606 5.604 5.619
0.245 0.243 0.241 0.241 0.242 0.243 0.246 0.250 0.255 0.280 0.405 0.528 0.649 0.769 0.888 1.006 1.122 1.236 1.349 1.461 1.572 1.664 1.596 1.526 1.455 1.383 1.309 1.234 1.157 1.079 1.000 0.919 0.837 0.759 0.848 0.939 1.030 1.124 1.219 1.315 1.413 1.513 1.614 1.717 1.821 1.926 2.213 2.507 2.803 3.102 3.403 3.706 4.011 4.344 4.774 5.229 5.709 6.213 6.355 6.434 6.486 6.511 6.509 6.479 6.422 6.338 6.226 6.087 5.921 5.728 5.717 5.755 5.810 5.881
0.297 0.298 0.301 0.304 0.309 0.314 0.321 0.329 0.337 0.348 0.467 0.586 0.702 0.818 0.931 1.044 1.155 1.265 1.373 1.480 1.586 1.690 1.626 1.551 1.475 1.398 1.319 1.239 1.157 1.074 0.990 0.904 0.817 0.729 0.803 0.899 0.996 1.095 1.196 1.297 1.401 1.506 1.612 1.720 1.829 1.940 2.220 2.564 2.933 3.327 3.745 4.187 4.655 5.147 5.664 6.205 6.771 7.361 7.503 7.487 7.443 7.372 7.274 7.148 6.995 6.815 6.608 6.373 6.111 5.822 5.794 5.889 6.000 6.127
0.347 0.352 0.359 0.366 0.374 0.383 0.394 0.405 0.418 0.432 0.532 0.645 0.757 0.867 0.976 1.084 1.190 1.295 1.398 1.500 1.601 1.700 1.657 1.578 1.497 1.414 1.331 1.246 1.159 1.071 0.982 0.891 0.799 0.706 0.757 0.858 0.961 1.065 1.171 1.298 1.438 1.574 1.705 1.832 1.954 2.072 2.392 2.823 3.278 3.758 4.263 4.792 5.346 5.924 6.527 7.155 7.807 8.484 8.677 8.564 8.425 8.258 8.064 7.842 7.594 7.318 7.015 6.685 6.328 5.943 5.856 6.007 6.174 6.358
0.396 0.405 0.415 0.426 0.438 0.452 0.466 0.481 0.498 0.515 0.598 0.706 0.813 0.918 1.022 1.125 1.226 1.326 1.425 1.522 1.618 1.712 1.690 1.605 1.520 1.432 1.344 1.254 1.162 1.070 0.975 0.880 0.819 0.774 0.849 0.996 1.138 1.275 1.409 1.538 1.662 1.782 1.898 2.009 2.117 2.219 2.539 3.057 3.598 4.165 4.756 5.371 6.011 6.676 7.365 8.079 8.817 9.580 9.875 9.667 9.431 9.169 8.879 8.562 8.218 7.847 7.448 7.022 6.569 6.089 5.903 6.110 6.333 6.573
0.444 0.457 0.471 0.486 0.501 0.518 0.536 0.555 0.576 0.597 0.665 0.768 0.870 0.971 1.070 1.168 1.264 1.359 1.453 1.545 1.636 1.726 1.724 1.635 1.544 1.473 1.409 1.350 1.297 1.250 1.208 1.173 1.143 1.118 1.169 1.300 1.427 1.549 1.667 1.781 1.890 1.995 2.095 2.191 2.283 2.370 2.662 3.265 3.894 4.546 5.223 5.925 6.652 7.402 8.178 8.978 9.802 10.651 11.098 10.794 10.463 10.105 9.720 9.307 8.867 8.400 7.906 7.385 6.837 6.261 5.934 6.198 6.477 6.773
0.491 0.507 0.525 0.544 0.563 0.584 0.606 0.629 0.653 0.678 0.733 0.832 0.929 1.025 1.119 1.212 1.303 1.396 1.503 1.604 1.699 1.788 1.817 1.756 1.700 1.650 1.606 1.567 1.535 1.507 1.486 1.470 1.460 1.456 1.494 1.609 1.721 1.827 1.930 2.028 2.122 2.211 2.296 2.377 2.453 2.525 2.759 3.449 4.164 4.903 5.666 6.454 7.266 8.103 8.965 9.851 10.761 11.696 12.345 11.946 11.520 11.066 10.585 10.077 9.542 8.980 8.390 7.774 7.130 6.459 5.950 6.270 6.605 6.957
0.536 0.557 0.578 0.600 0.624 0.648 0.674 0.700 0.728 0.757 0.815 0.944 1.067 1.183 1.294 1.397 1.495 1.587 1.672 1.751 1.824 1.890 1.929 1.887 1.852 1.822 1.797 1.779 1.766 1.759 1.757 1.761 1.771 1.787 1.822 1.922 2.018 2.110 2.197 2.280 2.358 2.432 2.502 2.567 2.628 2.685 2.832 3.608 4.409 5.234 6.083 6.957 7.856 8.779 9.726 10.698 11.695 12.716 13.618 13.123 12.601 12.052 11.476 10.872 10.242 9.584 8.899 8.187 7.448 6.682 5.951 6.327 6.718 7.126
0.580 0.604 0.630 0.671 0.729 0.791 0.857 0.927 1.002 1.080 1.166 1.273 1.374 1.468 1.556 1.638 1.714 1.783 1.847 1.904 1.955 1.999 2.034 2.012 1.997 1.987 1.982 1.984 1.991 2.004 2.022 2.046 2.076 2.112 2.154 2.239 2.320 2.396 2.468 2.535 2.598 2.657 2.711 2.761 2.807 2.848 2.885 3.742 4.629 5.540 6.475 7.436 8.420 9.429 10.463 11.521 12.603 13.710 14.841 14.325 13.708 13.063 12.392 11.693 10.967 10.214 9.434 8.573 7.683 6.815 5.969 6.209 6.524 6.820
0.735 0.795 0.859 0.928 1.000 1.077 1.158 1.242 1.332 1.425 1.522 1.608 1.686 1.759 1.825 1.885 1.939 1.986 2.028 2.063 2.092 2.115 2.131 2.131 2.136 2.146 2.161 2.183 2.210 2.242 2.281 2.325 2.375 2.430 2.491 2.560 2.625 2.686 2.742 2.794 2.842 2.886 2.925 2.959 2.990 3.016 3.037 3.851 4.824 5.821 6.843 7.889 8.959 10.054 11.173 12.317 13.485 14.678 15.895 15.552 14.649 13.681 12.736 11.813 10.911 10.032 9.175 8.340 7.526 6.735 5.966 6.014 6.262 6.491
0.943 1.018 1.097 1.180 1.267 1.358 1.453 1.553 1.656 1.764 1.876 1.948 2.005 2.056 2.100 2.138 2.170 2.196 2.215 2.229 2.236 2.237 2.231 2.244 2.268 2.298 2.334 2.375 2.422 2.475 2.533 2.597 2.667 2.742 2.823 2.885 2.935 2.980 3.021 3.058 3.090 3.118 3.142 3.162 3.177 3.187 3.193 3.936 4.994 6.077 7.185 8.317 9.473 10.526 11.523 12.484 13.408 14.295 15.146 14.769 13.857 12.966 12.098 11.252 10.427 9.625 8.844 8.086 7.349 6.635 5.943 5.837 6.019 6.181
1.147 1.236 1.329 1.427 1.528 1.634 1.744 1.858 1.976 2.098 2.225 2.296 2.330 2.359 2.382 2.398 2.408 2.412 2.409 2.401 2.386 2.365 2.338 2.351 2.395 2.445 2.500 2.561 2.628 2.701 2.779 2.863 2.953 3.048 3.149 3.214 3.248 3.278 3.304 3.325 3.343 3.355 3.364 3.368 3.368 3.363 3.406 4.069 5.159 6.212 7.228 8.207 9.150 10.056 10.925 11.757 12.553 13.311 14.033 13.880 13.045 12.231 11.440 10.670 9.923 9.197 8.493 7.812 7.152 6.514 5.899 5.679 5.794 5.890
1.345 1.449 1.557 1.669 1.785 1.905 2.030 2.158 2.291 2.428 2.569 2.649 2.662 2.669 2.669 2.664 2.652 2.634 2.609 2.579 2.542 2.499 2.450 2.451 2.515 2.585 2.661 2.742 2.828 2.921 3.019 3.123 3.232 3.347 3.468 3.546 3.566 3.580 3.592 3.614 3.642 3.676 3.716 3.762 3.815 3.873 3.938 4.407 5.368 6.293 7.180 8.031 8.845 9.623 10.363 11.067 11.734 12.365 12.958 12.972 12.213 11.476 10.762 10.069 9.398 8.749 8.122 7.517 6.934 6.373 5.834 5.539 5.587 5.616
1.539 1.657 1.780 1.906 2.037 2.172 2.310 2.453 2.601 2.752 2.907 3.008 2.999 2.984 2.963 2.936 2.902 2.862 2.816 2.764 2.705 2.640 2.569 2.546 2.630 2.719 2.815 2.916 3.022 3.135 3.253 3.373 3.494 3.620 3.752 3.852 3.877 3.908 3.945 3.988 4.038 4.093 4.155 4.223 4.297 4.377 4.464 4.781 5.613 6.409 7.169 7.891 8.577 9.226 9.838 10.414 10.953 11.455 11.920 12.043 11.361 10.701 10.063 9.447 8.853 8.281 7.730 7.202 6.696 6.211 5.749 5.417 5.399 5.361
1.728 1.861 1.997 2.138 2.284 2.433 2.586 2.744 2.905 3.071 3.241 3.374 3.343 3.306 3.263 3.214 3.158 3.097 3.029 2.954 2.874 2.788 2.695 2.634 2.733 2.832 2.937 3.048 3.165 3.289 3.418 3.553 3.694 3.841 3.995 4.134 4.180 4.232 4.291 4.356 4.427 4.504 4.587 4.677 4.772 4.874 4.982 5.191 5.895 6.563 7.193 7.788 8.345 8.866 9.350 9.797 10.208 10.582 10.920 11.095 10.490 9.906 9.345 8.805 8.288 7.792 7.319 6.867 6.437 6.029 5.643 5.314 5.229 5.125
1.912 2.059 2.210 2.366 2.526 2.689 2.857 3.029 3.205 3.386 3.570 3.746 3.693 3.634 3.569 3.498 3.421 3.303 3.171 3.047 2.932 2.825 2.726 2.644 2.758 2.878 3.005 3.137 3.275 3.419 3.570 3.726 3.888 4.057 4.231 4.408 4.476 4.550 4.630 4.717 4.809 4.908 5.013 5.124 5.241 5.364 5.494 5.636 6.212 6.752 7.254 7.720 8.150 8.542 8.898 9.218 9.500 9.746 9.956 10.127 9.598 9.091 8.606 8.144 7.703 7.284 6.886 6.511 6.158 5.826 5.517 5.229 5.077 4.906
2.091 2.253 2.419 2.589 2.763 2.941 3.123 3.310 3.500 3.695 3.823 3.921 3.792 3.647 3.511 3.383 3.264 3.153 3.050 2.956 2.870 2.792 2.723 2.662 2.777 2.918 3.066 3.219 3.378 3.544 3.715 3.892 4.076 4.265 4.461 4.662 4.765 4.861 4.963 5.070 5.185 5.305 5.431 5.564 5.702 5.847 5.998 6.156 6.566 6.977 7.351 7.689 7.991 8.255 8.483 8.675 8.829 8.947 9.029 9.074 8.687 8.256 7.848 7.462 7.097 6.755 6.434 6.135 5.858 5.603 5.370 5.159 4.943 4.706
2.265 2.441 2.622 2.796 2.954 3.094 3.217 3.322 3.411 3.482 3.536 3.572 3.487 3.371 3.265 3.166 3.076 2.994 2.921 2.856 2.799 2.751 2.711 2.679 2.789 2.952 3.120 3.295 3.475 3.662 3.854 4.053 4.257 4.467 4.684 4.906 5.048 5.165 5.288 5.418 5.553 5.695 5.843 5.997 6.157 6.324 6.496 6.675 6.955 7.238 7.484 7.694 7.868 8.004 8.104 8.168 8.195 8.185 8.139 8.056 7.755 7.402 7.070 6.760 6.472 6.206 5.961 5.742 5.534 5.329 5.127 4.927 4.705 4.485
2.558 2.706 2.837 2.951 3.048 3.128 3.190 3.235 3.263 3.273 3.267 3.243 3.173 3.087 3.010 2.940 2.880 2.827 2.783 2.747 2.720 2.701 2.690 2.687 2.796 2.979 3.169 3.364 3.566 3.773 3.987 4.206 4.432 4.663 4.900 5.144 5.324 5.462 5.607 5.758 5.915 6.078 6.248 6.423 6.605 6.793 6.987 7.187 7.380 7.535 7.654 7.736 7.781 7.790 7.762 7.698 7.597 7.460 7.286 7.075 6.842 6.626 6.412 6.201 5.992 5.786 5.582 5.381 5.183 4.987 4.793 4.602 4.418 4.248
2.913 3.001 3.072 3.125 3.161 3.180 3.182 3.167 3.134 3.084 3.017 2.933 2.851 2.794 2.746 2.706 2.675 2.651 2.636 2.630 2.632 2.642 2.660 2.687 2.796 3.000 3.211 3.427 3.650 3.878 4.113 4.353 4.600 4.852 5.111 5.375 5.593 5.753 5.919 6.092 6.270 6.455 6.646 6.843 7.046 7.256 7.471 7.693 7.841 7.868 7.859 7.813 7.731 7.574 7.393 7.219 7.052 6.892 6.738 6.591 6.418 6.211 6.006 5.804 5.604 5.406 5.212 5.019 4.829 4.642 4.457 4.275 4.118 3.999
3.287 3.315 3.325 3.318 3.293 3.252 3.193 3.117 3.024 2.914 2.786 2.642 2.520 2.493 2.474 2.463 2.461 2.467 2.481 2.504 2.535 2.574 2.622 2.678 2.789 3.015 3.246 3.484 3.727 3.977 4.232 4.494 4.761 5.035 5.314 5.600 5.855 6.037 6.225 6.419 6.619 6.825 7.037 7.256 7.480 7.711 7.823 7.887 7.866 7.675 7.491 7.313 7.143 6.979 6.822 6.671 6.528 6.391 6.261 6.137 5.993 5.794 5.598 5.405 5.213 5.025 4.839 4.655 4.474 4.296 4.120 3.946 3.805 3.736
3.680 3.646 3.596 3.529 3.444 3.342 3.223 3.087 2.933 2.762 2.574 2.369 2.181 2.183 2.193 2.212 2.239 2.274 2.317 2.369 2.429 2.498 2.575 2.660 2.776 3.023 3.275 3.534 3.798 4.069 4.346 4.628 4.916 5.211 5.511 5.818 6.111 6.314 6.523 6.632 6.720 6.801 6.876 6.944 7.005 7.059 7.107 7.148 7.147 6.979 6.819 6.665 6.518 6.378 6.244 6.117 5.997 5.884 5.777 5.677 5.566 5.376 5.188 5.004 4.821 4.642 4.464 4.289 4.117 3.947 3.780 3.616 3.479 3.459
4.096 3.997 3.886 3.758 3.613 3.451 3.271 3.075 2.861 2.630 2.382 2.116 1.834 1.865 1.904 1.952 2.008 2.072 2.145 2.226 2.315 2.413 2.519 2.633 2.757 3.025 3.298 3.578 3.863 4.155 4.452 4.754 4.984 5.209 5.429 5.645 5.853 5.938 6.016 6.087 6.152 6.210 6.261 6.306 6.343 6.375 6.399 6.417 6.422 6.278 6.142 6.011 5.888 5.771 5.661 5.558 5.461 5.371 5.288 5.212 5.137 4.955 4.777 4.601 4.427 4.256 4.088 3.922 3.758 3.597 3.439 3.283 3.140 3.170
4.606 4.366 4.195 4.006 3.801 3.578 3.338 3.081 2.807 2.516 2.208 1.882 1.539 1.538 1.606 1.683 1.768 1.862 1.964 2.074 2.192 2.319 2.454 2.597 2.743 2.972 3.213 3.450 3.682 3.909 4.132 4.350 4.563 4.772 4.976 5.176 5.371 5.447 5.502 5.550 5.592 5.626 5.654 5.675 5.690 5.698 5.699 5.693 5.681 5.572 5.458 5.352 5.252 5.159 5.072 4.992 4.919 4.853 4.793 4.740 4.694 4.533 4.364 4.196 4.032 3.869 3.710 3.552 3.398 3.245 3.096 2.948 2.804 2.868
5.160 4.753 4.522 4.273 4.007 3.724 3.424 3.107 2.773 2.421 2.052 1.667 1.264 1.202 1.300 1.406 1.521 1.665 1.846 2.006 2.145 2.263 2.361 2.437 2.493 2.670 2.895 3.115 3.331 3.543 3.749 3.951 4.148 4.341 4.529 4.712 4.891 4.965 4.996 5.021 5.039 5.050 5.055 5.053 5.044 5.028 5.006 4.977 4.941 4.859 4.769 4.686 4.610 4.540 4.477 4.421 4.371 4.328 4.292 4.263 4.240 4.109 3.948 3.790 3.634 3.480 3.329 3.181 3.035 2.891 2.750 2.612 2.476 2.553
5.756 5.159 4.867 4.558 4.232 3.889 3.529 3.151 2.757 2.345 1.962 1.637 1.328 1.307 1.499 1.669 1.819 1.947 2.055 2.142 2.209 2.254 2.279 2.282 2.265 2.373 2.582 2.787 2.986 3.181 3.372 3.558 3.739 3.915 4.087 4.254 4.417 4.489 4.498 4.499 4.494 4.482 4.463 4.437 4.405 4.366 4.321 4.269 4.210 4.141 4.075 4.015 3.962 3.916 3.877 3.844 3.818 3.798 3.786 3.780 3.780 3.684 3.531 3.382 3.234 3.090 2.947 2.808 2.670 2.536 2.403 2.274 2.146 2.224
6.396 5.583 5.231 4.850 4.472 4.109 3.762 3.429 3.112 2.811 2.524 2.253 1.997 1.904 2.022 2.119 2.196 2.252 2.287 2.301 2.294 2.267 2.219 2.149 2.060 2.082 2.274 2.463 2.646 2.825 3.000 3.169 3.334 3.495 3.650 3.801 3.948 4.022 4.006 3.985 3.956 3.921 3.879 3.830 3.774 3.712 3.644 3.568 3.486 3.417 3.374 3.338 3.309 3.286 3.270 3.261 3.258 3.262 3.273 3.290 3.315 3.256 3.113 2.972 2.833 2.697 2.564 2.433 2.331 2.279 2.232 2.192 2.158 2.269
6.710 5.717 5.362 5.022 4.697 4.387 4.093 3.814 3.551 3.302 3.069 2.851 2.649 2.521 2.567 2.591 2.595 2.578 2.540 2.481 2.402 2.302 2.181 2.039 1.876 1.795 1.972 2.144 2.312 2.475 2.633 2.786 2.935 3.079 3.219 3.354 3.484 3.561 3.523 3.478 3.426 3.367 3.302 3.230 3.151 3.066 2.974 2.875 2.770 2.688 2.668 2.656 2.650 2.650 2.658 2.672 2.693 2.720 2.754 2.795 2.843 2.855 2.780 2.712 2.650 2.594 2.544 2.501 2.463 2.432 2.407 2.388 2.375 2.445
6.838 5.765 5.463 5.176 4.905 4.649 4.408 4.182 3.972 3.777 3.597 3.433 3.284 3.160 3.133 3.085 3.016 2.926 2.815 2.684 2.531 2.358 2.165 1.950 1.715 1.514 1.675 1.831 1.982 2.129 2.271 2.408 2.541 2.669 2.793 2.912 3.026 3.108 3.047 2.978 2.903 2.821 2.733 2.637 2.535 2.427 2.312 2.190 2.061 1.953 1.957 1.967 1.985 2.009 2.155 2.356 2.522 2.655 2.753 2.816 2.845 2.831 2.778 2.732 2.691 2.656 2.628 2.605 2.589 2.579 2.575 2.577 2.586 2.634
6.954 5.869 5.547 5.314 5.096 4.893 4.706 4.533 4.376 4.235 4.108 3.997 3.901 3.820 3.721 3.600 3.458 3.295 3.112 2.908 2.683 2.437 2.170 1.883 1.575 1.246 1.383 1.523 1.658 1.789 1.915 2.036 2.153 2.265 2.372 2.475 2.573 2.663 2.578 2.486 2.388 2.283 2.171 2.052 1.927 1.795 1.657 1.713 1.862 2.023 2.276 2.494 2.679 2.829 2.944 3.026 3.073 3.085 3.064 3.008 2.917 2.802 2.771 2.745 2.726 2.712 2.705 2.704 2.709 2.720 2.738 2.761 2.790 2.834
