DATA/SHG/ECMWF/20170628/EN-35/20170703.en-35.asc
ncols        190
nrows        64
xllcorner    -5100000.000000000000
yllcorner    4130000.000000000000
cellsize     10000.000000000000
NODATA_value  -99999.000
[rows 0 to 32 of 64, columns 74 to 147 of 190]
3.203 3.082 2.955 2.824 2.689 2.548 2.402 2.268 2.229 2.225 2.221 2.217 2.214 2.212 2.210 2.208 2.207 2.207 2.207 2.245 2.413 2.587 2.766 2.950 3.139 3.333 3.532 3.736 3.946 4.161 4.380 4.624 4.928 5.227 5.520 5.808 6.091 6.368 6.640 6.906 7.167 7.423 7.673 7.862 7.870 7.861 7.838 7.798 7.743 7.672 7.586 7.485 7.367 7.234 7.086 6.935 6.816 6.699 6.582 6.467 6.352 6.239 6.126 6.015 5.904 5.795 5.686 5.527 5.225 4.928 4.635 4.347 4.064 3.786
2.649 2.567 2.503 2.441 2.382 2.326 2.273 2.230 2.227 2.224 2.222 2.220 2.219 2.218 2.217 2.218 2.218 2.219 2.221 2.242 2.433 2.630 2.832 3.039 3.251 3.468 3.690 3.917 4.150 4.387 4.630 4.882 5.162 5.436 5.706 5.969 6.228 6.481 6.729 6.971 7.208 7.439 7.665 7.852 7.789 7.711 7.618 7.509 7.384 7.244 7.088 6.917 6.730 6.528 6.310 6.094 5.980 5.867 5.755 5.644 5.535 5.426 5.318 5.211 5.105 5.000 4.897 4.766 4.485 4.209 3.938 3.671 3.409 3.151
2.570 2.512 2.457 2.405 2.356 2.309 2.265 2.225 2.224 2.223 2.222 2.222 2.222 2.223 2.224 2.226 2.229 2.231 2.235 2.238 2.448 2.668 2.892 3.122 3.357 3.597 3.842 4.092 4.348 4.608 4.874 5.145 5.401 5.651 5.896 6.136 6.370 6.599 6.823 7.041 7.254 7.461 7.663 7.857 7.725 7.578 7.415 7.236 7.042 6.833 6.608 6.367 6.111 5.839 5.552 5.254 5.144 5.036 4.929 4.822 4.717 4.613 4.510 4.408 4.306 4.206 4.107 4.054 3.907 3.768 3.638 3.518 3.407 3.305
2.503 2.455 2.409 2.367 2.327 2.289 2.255 2.223 2.220 2.221 2.222 2.223 2.226 2.228 2.231 2.235 2.238 2.243 2.248 2.253 2.457 2.699 2.947 3.199 3.457 3.720 3.988 4.261 4.540 4.823 5.112 5.405 5.645 5.871 6.093 6.308 6.519 6.723 6.923 7.117 7.306 7.489 7.667 7.840 7.678 7.461 7.229 6.981 6.718 6.438 6.144 5.834 5.508 5.167 4.810 4.438 4.309 4.205 4.192 4.254 4.303 4.338 4.359 4.367 4.361 4.341 4.308 4.261 4.158 4.060 3.971 3.892 3.821 3.760
2.434 2.395 2.359 2.326 2.295 2.267 2.242 2.219 2.216 2.219 2.221 2.225 2.228 2.233 2.237 2.242 2.248 2.254 2.261 2.268 2.459 2.725 2.995 3.271 3.552 3.837 4.128 4.424 4.726 5.032 5.343 5.660 5.895 6.097 6.294 6.486 6.672 6.853 7.029 7.199 7.363 7.523 7.677 7.825 7.648 7.361 7.060 6.742 6.409 6.118 5.881 5.659 5.450 5.255 5.075 4.909 4.909 4.937 4.952 4.954 4.941 4.916 4.876 4.823 4.756 4.676 4.582 4.475 4.400 4.343 4.295 4.256 4.226 4.206
2.362 2.333 2.306 2.282 2.261 2.242 2.227 2.214 2.212 2.216 2.220 2.225 2.231 2.237 2.243 2.250 2.257 2.265 2.273 2.282 2.456 2.745 3.038 3.336 3.640 3.949 4.263 4.581 4.905 5.235 5.569 5.908 6.150 6.329 6.502 6.669 6.832 6.988 7.140 7.286 7.451 7.616 7.762 7.890 7.762 7.517 7.287 7.070 6.868 6.680 6.506 6.346 6.200 6.068 5.951 5.848 5.804 5.771 5.726 5.666 5.593 5.507 5.406 5.293 5.165 5.024 4.870 4.702 4.633 4.616 4.609 4.611 4.621 4.642
2.288 2.268 2.251 2.236 2.224 2.215 2.209 2.205 2.207 2.213 2.219 2.226 2.233 2.240 2.248 2.257 2.266 2.275 2.285 2.295 2.447 2.759 3.075 3.396 3.723 4.054 4.391 4.733 5.079 5.431 5.788 6.213 6.567 6.798 7.011 7.205 7.380 7.536 7.674 7.793 7.893 7.975 8.038 8.082 7.993 7.811 7.644 7.490 7.351 7.225 7.114 7.017 6.934 6.866 6.811 6.771 6.711 6.618 6.511 6.391 6.258 6.110 5.950 5.775 5.587 5.386 5.171 4.942 4.856 4.880 4.913 4.956 5.007 5.068
2.211 2.201 2.193 2.188 2.185 2.186 2.189 2.195 2.202 2.209 2.217 2.225 2.234 2.243 2.253 2.263 2.274 2.285 2.296 2.309 2.433 2.767 3.148 3.558 3.981 4.418 4.867 5.330 5.805 6.294 6.796 7.312 7.697 7.844 7.973 8.084 8.175 8.248 8.303 8.338 8.355 8.353 8.333 8.294 8.209 8.090 7.985 7.894 7.818 7.756 7.707 7.673 7.653 7.647 7.656 7.678 7.631 7.477 7.310 7.130 6.935 6.727 6.506 6.271 6.022 5.760 5.485 5.195 5.070 5.134 5.208 5.291 5.383 5.484
2.132 2.131 2.133 2.137 2.144 2.154 2.166 2.181 2.196 2.205 2.215 2.225 2.235 2.246 2.271 2.348 2.425 2.502 2.577 2.652 2.805 3.247 3.703 4.172 4.654 5.149 5.657 6.178 6.713 7.260 7.821 8.394 8.845 8.910 8.955 8.982 8.990 8.980 8.951 8.903 8.836 8.751 8.648 8.525 8.409 8.353 8.311 8.283 8.270 8.270 8.285 8.313 8.356 8.413 8.484 8.569 8.564 8.350 8.122 7.881 7.626 7.357 7.075 6.780 6.471 6.148 5.812 5.462 5.274 5.379 5.494 5.617 5.750 5.892
2.051 2.059 2.070 2.084 2.100 2.119 2.141 2.188 2.282 2.361 2.439 2.517 2.594 2.671 2.747 2.822 2.897 2.971 3.044 3.117 3.227 3.728 4.242 4.770 5.310 5.864 6.431 7.011 7.604 8.210 8.829 9.461 10.013 9.994 9.956 9.899 9.824 9.730 9.618 9.487 9.337 9.169 8.982 8.776 8.594 8.601 8.622 8.657 8.706 8.769 8.846 8.938 9.043 9.163 9.297 9.445 9.509 9.235 8.946 8.645 8.329 8.000 7.658 7.302 6.932 6.549 6.152 5.742 5.469 5.615 5.770 5.934 6.107 6.289
1.995 2.076 2.162 2.253 2.348 2.447 2.551 2.659 2.771 2.847 2.923 2.999 3.074 3.148 3.222 3.295 3.368 3.440 3.511 3.582 3.645 4.193 4.766 5.352 5.951 6.563 7.189 7.827 8.479 9.143 9.821 10.512 11.199 11.097 10.975 10.836 10.677 10.500 10.304 10.090 9.857 9.606 9.335 9.047 8.764 8.833 8.917 9.015 9.127 9.253 9.393 9.547 9.715 9.897 10.094 10.304 10.468 10.132 9.784 9.421 9.045 8.656 8.253 7.837 7.407 6.963 6.506 6.035 5.654 5.841 6.036 6.241 6.454 6.677
2.354 2.451 2.552 2.658 2.768 2.883 3.002 3.125 3.252 3.333 3.407 3.481 3.554 3.626 3.698 3.769 3.839 3.909 3.978 4.047 4.108 4.643 5.274 5.919 6.576 7.247 7.931 8.628 9.338 10.061 10.797 11.546 12.309 12.219 12.014 11.791 11.549 11.289 11.010 10.713 10.397 10.062 9.709 9.337 8.946 9.051 9.197 9.357 9.532 9.721 9.923 10.140 10.371 10.616 10.875 11.148 11.435 11.043 10.634 10.211 9.775 9.325 8.862 8.385 7.894 7.390 6.873 6.350 5.881 6.159 6.459 6.782 7.126 7.493
2.709 2.821 2.938 3.059 3.184 3.314 3.448 3.586 3.729 3.819 3.891 3.963 4.033 4.103 4.173 4.242 4.310 4.378 4.445 4.511 4.570 5.077 5.767 6.470 7.186 7.915 8.658 9.413 10.181 10.963 11.757 12.565 13.386 13.359 13.072 12.765 12.441 12.097 11.735 11.355 10.955 10.538 10.101 9.646 9.173 9.253 9.462 9.685 9.922 10.173 10.439 10.718 11.011 11.319 11.641 11.976 12.326 11.966 11.429 10.829 10.250 9.694 9.158 8.645 8.153 7.683 7.235 6.808 6.404 6.729 7.128 7.550 7.993 8.460
3.059 3.186 3.318 3.454 3.595 3.740 3.889 4.043 4.201 4.305 4.375 4.444 4.513 4.581 4.648 4.715 4.781 4.846 4.911 4.976 5.032 5.496 6.244 7.005 7.780 8.568 9.368 10.182 11.009 11.849 12.702 13.568 14.447 14.519 14.148 13.759 13.351 12.924 12.479 12.016 11.534 11.033 10.513 9.975 9.419 9.439 9.711 9.997 10.297 10.581 10.826 11.052 11.260 11.451 11.623 11.776 11.912 11.524 10.999 10.495 10.013 9.552 9.113 8.696 8.301 7.927 7.575 7.245 6.936 7.275 7.774 8.294 8.837 9.402
3.404 3.547 3.694 3.845 4.001 4.161 4.326 4.495 4.668 4.791 4.859 4.926 4.992 5.058 5.123 5.187 5.251 5.315 5.378 5.440 5.494 5.899 6.705 7.525 8.358 9.204 10.063 10.935 11.820 12.719 13.630 14.554 15.492 15.697 15.243 14.771 14.280 13.771 13.243 12.696 12.085 11.448 10.840 10.262 9.713 9.647 9.884 10.102 10.302 10.484 10.648 10.794 10.922 11.032 11.123 11.197 11.252 10.976 10.547 10.139 9.753 9.389 9.047 8.726 8.426 8.149 7.893 7.659 7.446 7.799 8.396 9.016 9.658 10.322
3.745 3.903 4.065 4.232 4.403 4.578 4.758 4.942 5.131 5.277 5.342 5.407 5.471 5.535 5.598 5.660 5.722 5.783 5.844 5.904 5.956 6.286 7.151 8.030 8.921 9.825 10.742 11.673 12.616 13.573 14.542 15.395 16.120 16.233 15.520 14.836 14.182 13.558 12.963 12.398 11.863 11.357 10.881 10.434 10.017 9.890 10.046 10.184 10.304 10.406 10.490 10.555 10.603 10.632 10.643 10.637 10.612 10.407 10.074 9.762 9.472 9.204 8.958 8.733 8.530 8.348 8.189 8.050 7.934 8.300 8.996 9.714 10.455 11.218
4.081 4.254 4.432 4.614 4.800 4.991 5.186 5.385 5.588 5.762 5.825 5.888 5.950 6.011 6.072 6.133 6.192 6.251 6.310 6.368 6.418 6.658 7.532 8.353 9.153 9.932 10.690 11.427 12.143 12.838 13.512 14.165 14.797 15.057 14.476 13.924 13.402 12.909 12.446 12.013 11.609 11.234 10.890 10.575 10.289 10.153 10.228 10.286 10.325 10.347 10.350 10.335 10.303 10.252 10.183 10.096 9.991 9.816 9.579 9.364 9.170 8.998 8.847 8.719 8.612 8.526 8.462 8.420 8.399 8.777 9.572 10.390 11.229 12.091
4.413 4.601 4.794 4.991 5.192 5.398 5.608 5.823 6.042 6.247 6.308 6.369 6.429 6.488 6.545 6.565 6.568 6.554 6.522 6.473 6.409 6.416 7.165 7.893 8.600 9.286 9.951 10.594 11.217 11.819 12.400 12.960 13.499 13.851 13.401 12.981 12.590 12.229 11.898 11.596 11.323 11.080 10.867 10.683 10.529 10.433 10.429 10.406 10.365 10.307 10.230 10.135 10.022 9.891 9.742 9.575 9.390 9.203 9.063 8.943 8.846 8.770 8.715 8.682 8.671 8.682 8.714 8.767 8.843 9.232 10.126 11.042 11.980 12.941
4.740 4.944 5.151 5.364 5.580 5.801 6.026 6.255 6.494 6.757 6.808 6.837 6.848 6.843 6.820 6.781 6.724 6.649 6.558 6.450 6.325 6.186 6.823 7.457 8.071 8.664 9.235 9.786 10.316 10.825 11.313 11.779 12.225 12.614 12.295 12.007 11.748 11.518 11.318 11.147 11.006 10.895 10.813 10.761 10.738 10.733 10.648 10.545 10.424 10.285 10.128 9.953 9.760 9.549 9.320 9.073 8.808 8.570 8.525 8.502 8.500 8.520 8.561 8.624 8.709 8.815 8.943 9.093 9.264 9.664 10.657 11.671 12.708 13.767
5.041 5.196 5.375 5.578 5.805 6.055 6.330 6.628 6.950 7.296 7.338 7.307 7.259 7.194 7.111 7.011 6.895 6.761 6.609 6.441 6.256 6.057 6.504 7.046 7.566 8.066 8.544 9.002 9.439 9.855 10.249 10.623 10.976 11.308 11.159 11.002 10.874 10.776 10.707 10.668 10.658 10.678 10.727 10.806 10.915 11.051 10.886 10.703 10.502 10.283 10.046 9.791 9.518 9.227 8.918 8.590 8.245 7.915 7.966 8.038 8.133 8.248 8.386 8.545 8.725 8.927 9.151 9.396 9.663 10.073 11.164 12.278 13.413 14.571
4.809 5.047 5.309 5.595 5.905 6.239 6.597 6.978 7.384 7.813 7.883 7.793 7.685 7.559 7.417 7.258 7.081 6.887 6.676 6.448 6.203 5.944 6.209 6.658 7.085 7.492 7.878 8.242 8.586 8.909 9.211 9.492 9.752 9.991 9.992 9.966 9.970 10.003 10.065 10.157 10.279 10.430 10.610 10.820 11.060 11.329 11.143 10.880 10.599 10.300 9.983 9.648 9.295 8.924 8.534 8.127 7.702 7.259 7.385 7.554 7.744 7.955 8.188 8.443 8.719 9.017 9.336 9.677 10.137 10.784 12.104 13.366 14.569 15.714
4.554 4.875 5.221 5.590 5.983 6.400 6.841 7.306 7.795 8.307 8.444 8.293 8.125 7.940 7.738 7.519 7.283 7.029 6.758 6.471 6.165 5.846 5.938 6.294 6.629 6.942 7.235 7.507 7.758 7.988 8.197 8.385 8.552 8.698 8.795 8.900 9.035 9.199 9.393 9.616 9.868 10.150 10.462 10.803 11.173 11.573 11.419 11.076 10.715 10.336 9.939 9.524 9.091 8.640 8.170 7.683 7.178 6.655 6.783 7.131 7.624 8.144 8.691 9.265 9.864 10.491 11.144 11.824 12.530 13.263 14.301 15.304 16.249 17.135
4.276 4.681 5.110 5.563 6.039 6.539 7.063 7.611 8.183 8.779 9.019 8.809 8.581 8.336 8.075 7.796 7.499 7.186 6.856 6.508 6.143 5.763 5.691 5.954 6.196 6.417 6.616 6.795 6.953 7.091 7.207 7.302 7.377 7.430 7.567 7.803 8.069 8.364 8.689 9.043 9.426 9.839 10.282 10.754 11.255 11.786 11.714 11.291 10.850 10.391 9.916 9.463 9.046 8.664 8.319 8.008 7.733 7.494 7.850 8.435 9.047 9.684 10.349 11.040 11.757 12.501 13.272 14.069 14.893 15.743 16.553 17.298 17.984 18.612
3.977 4.465 4.977 5.513 6.072 6.656 7.263 7.894 8.549 9.228 9.610 9.339 9.052 8.748 8.426 8.087 7.732 7.359 6.969 6.562 6.136 5.696 5.468 5.638 5.787 5.915 6.022 6.108 6.173 6.218 6.241 6.244 6.226 6.186 6.308 6.676 7.072 7.498 7.954 8.439 8.953 9.496 10.030 10.541 11.031 11.498 11.462 11.025 10.623 10.257 9.926 9.631 9.372 9.148 8.959 8.806 8.689 8.607 9.008 9.711 10.440 11.195 11.977 12.786 13.621 14.483 15.371 16.285 17.226 18.194 18.859 19.346 19.774 20.143
3.656 4.227 4.822 5.441 6.083 6.750 7.440 8.154 8.892 9.654 10.215 9.885 9.538 9.174 8.793 8.394 7.979 7.546 7.097 6.630 6.145 5.645 5.269 5.346 5.402 5.437 5.451 5.445 5.418 5.369 5.300 5.210 5.161 5.212 5.449 6.040 6.609 7.155 7.679 8.181 8.661 9.119 9.554 9.967 10.358 10.726 10.806 10.526 10.282 10.073 9.900 9.762 9.660 9.593 9.562 9.567 9.606 9.682 10.138 10.958 11.804 12.677 13.577 14.503 15.455 16.434 17.440 18.472 19.530 20.615 21.221 21.449 21.619 21.730
3.312 3.967 4.645 5.347 6.072 6.822 7.595 8.392 9.213 10.057 10.835 10.446 10.039 9.615 9.174 8.716 8.241 7.749 7.240 6.714 6.169 5.609 5.093 5.079 5.072 5.077 5.095 5.127 5.171 5.228 5.299 5.382 5.479 5.588 5.786 6.278 6.749 7.197 7.622 8.026 8.407 8.766 9.102 9.417 9.709 9.979 10.113 9.991 9.904 9.852 9.837 9.856 9.911 10.002 10.128 10.289 10.486 10.719 11.238 12.175 13.139 14.130 15.147 16.190 17.260 18.356 19.479 20.629 21.804 23.007 23.637 23.607 23.519 23.372
2.947 3.684 4.445 5.230 6.039 6.871 7.727 8.607 9.511 10.438 11.389 11.021 10.555 10.072 9.571 9.034 8.371 7.729 7.108 6.507 5.931 5.376 4.839 4.862 4.913 4.976 5.052 5.141 5.243 5.359 5.487 5.628 5.782 5.950 6.147 6.541 6.912 7.262 7.589 7.894 8.177 8.437 8.675 8.891 9.085 9.257 9.383 9.418 9.489 9.595 9.736 9.913 10.125 10.373 10.656 10.974 11.328 11.718 12.310 13.364 14.446 15.553 16.688 17.848 19.036 20.249 21.489 22.756 24.049 25.368 26.107 25.819 25.474 25.070
2.560 3.380 4.224 5.092 5.983 6.898 7.837 8.800 9.747 10.539 11.305 10.883 10.210 9.557 8.924 8.312 7.721 7.150 6.600 6.070 5.565 5.083 4.617 4.631 4.739 4.860 4.994 5.141 5.301 5.474 5.660 5.859 6.071 6.296 6.534 6.827 7.100 7.351 7.580 7.786 7.970 8.133 8.272 8.390 8.485 8.559 8.617 8.810 9.037 9.300 9.598 9.932 10.301 10.706 11.146 11.622 12.132 12.679 13.352 14.525 15.723 16.948 18.200 19.478 20.782 22.113 23.470 24.854 26.264 27.701 28.632 28.087 27.484 26.822
2.150 3.050 3.935 4.794 5.627 6.433 7.214 7.968 8.696 9.398 10.074 9.859 9.257 8.675 8.114 7.573 7.053 6.553 6.074 5.615 5.183 4.772 4.378 4.386 4.551 4.730 4.922 5.127 5.344 5.575 5.819 6.076 6.345 6.628 6.924 7.137 7.312 7.464 7.594 7.703 7.788 7.852 7.894 7.913 7.910 7.885 7.838 8.164 8.549 8.968 9.424 9.915 10.441 11.002 11.599 12.231 12.899 13.602 14.367 15.656 16.972 18.314 19.683 21.078 22.499 23.947 25.421 26.922 28.449 30.003 31.212 30.409 29.548 28.630
1.838 2.658 3.453 4.221 4.963 5.679 6.369 7.033 7.671 8.282 8.868 8.817 8.286 7.776 7.286 6.816 6.367 5.939 5.531 5.143 4.782 4.444 4.122 4.126 4.349 4.586 4.835 5.098 5.373 5.662 5.963 6.277 6.605 6.945 7.299 7.471 7.547 7.601 7.633 7.643 7.631 7.596 7.539 7.460 7.359 7.236 7.090 7.482 8.023 8.600 9.212 9.860 10.543 11.261 12.015 12.804 13.628 14.488 15.383 16.759 18.191 19.651 21.136 22.649 24.187 25.752 27.343 28.961 30.605 32.276 33.733 32.478 31.304 30.213
1.561 2.291 2.995 3.673 4.325 4.950 5.550 6.123 6.671 7.192 7.687 7.759 7.299 6.860 6.441 6.042 5.664 5.307 4.970 4.654 4.364 4.097 3.847 3.852 4.133 4.427 4.734 5.054 5.387 5.733 6.093 6.465 6.850 7.248 7.659 7.828 7.806 7.762 7.696 7.607 7.497 7.364 7.209 7.032 6.832 6.611 6.367 6.763 7.461 8.195 8.964 9.768 10.608 11.483 12.393 13.339 14.320 15.336 16.388 17.833 19.382 20.940 22.450 23.934 25.392 26.824 28.229 29.607 30.960 32.286 33.585 32.836 32.027 31.299
1.309 1.949 2.562 3.150 3.711 4.246 4.756 5.239 5.696 6.127 6.532 6.683 6.294 5.926 5.578 5.251 4.944 4.657 4.392 4.146 3.928 3.733 3.554 3.563 3.902 4.254 4.619 4.996 5.387 5.791 6.207 6.637 7.080 7.535 8.004 8.209 8.089 7.947 7.782 7.596 7.387 7.156 6.903 6.628 6.330 6.011 5.669 6.008 6.863 7.753 8.678 9.639 10.658 11.755 12.868 13.997 15.143 16.305 17.484 18.871 20.318 21.739 23.133 24.501 25.842 27.158 28.446 29.709 30.945 32.154 33.338 33.113 32.667 32.303
1.082 1.631 2.154 2.651 3.122 3.567 3.986 4.379 4.746 5.087 5.401 5.589 5.272 4.975 4.698 4.442 4.206 3.990 3.796 3.621 3.474 3.351 3.244 3.260 3.657 4.066 4.489 4.924 5.372 5.834 6.308 6.795 7.295 7.808 8.335 8.614 8.396 8.155 7.893 7.608 7.301 6.972 6.621 6.283 6.021 5.733 5.420 5.749 6.836 7.939 9.059 10.196 11.349 12.518 13.704 14.906 16.125 17.361 18.612 19.928 21.259 22.563 23.841 25.093 26.318 27.517 28.690 29.836 30.956 32.049 33.117 33.308 33.225 33.224
