DATA/SHG/ECMWF/20170628/EN-35/20170706.en-35.asc
ncols        190
nrows        64
xllcorner    -5100000.000000000000
yllcorner    4130000.000000000000
cellsize     10000.000000000000
NODATA_value  -99999.000
[rows 0 to 31 of 64, columns 0 to 71 of 190]
0.015 0.018 0.021 0.023 0.025 0.026 0.027 0.027 0.027 0.025 0.023 0.020 0.018 0.015 0.013 0.010 0.007 0.004 0.001 0.000 0.000 0.001 0.003 0.006 0.009 0.013 0.017 0.022 0.028 0.034 0.041 0.048 0.056 0.080 0.117 0.157 0.200 0.247 0.297 0.350 0.406 0.466 0.529 0.596 0.665 0.773 0.916 1.066 1.223 1.387 1.558 1.735 1.919 2.109 2.306 2.510 2.721 2.847 2.851 2.834 2.796 2.738 2.659 2.559 2.438 2.297 2.135 1.952 1.749 1.618 1.639 1.669
0.009 0.010 0.011 0.012 0.012 0.012 0.011 0.009 0.008 0.005 0.003 0.000 0.000 0.000 0.000 0.000 0.000 0.001 0.001 0.001 0.001 0.003 0.007 0.012 0.017 0.023 0.029 0.036 0.044 0.052 0.061 0.070 0.080 0.107 0.155 0.207 0.262 0.320 0.382 0.446 0.514 0.586 0.660 0.738 0.819 0.934 1.101 1.275 1.456 1.643 1.837 2.038 2.245 2.459 2.680 2.908 3.142 3.287 3.218 3.128 3.018 2.886 2.734 2.562 2.368 2.154 1.919 1.664 1.388 1.179 1.233 1.298
0.003 0.003 0.002 0.001 0.000 0.000 0.000 0.000 0.000 0.000 0.000 0.000 0.000 0.000 0.001 0.001 0.001 0.001 0.001 0.002 0.002 0.004 0.010 0.017 0.024 0.032 0.041 0.050 0.059 0.070 0.080 0.092 0.104 0.131 0.191 0.254 0.320 0.390 0.463 0.539 0.619 0.702 0.788 0.878 0.970 1.089 1.280 1.477 1.681 1.892 2.110 2.334 2.565 2.802 3.047 3.298 3.555 3.747 3.605 3.442 3.259 3.055 2.830 2.585 2.318 2.032 1.724 1.396 1.185 1.042 1.254 1.449
0.000 0.000 0.000 0.000 0.000 0.000 0.000 0.000 0.000 0.000 0.000 0.000 0.001 0.001 0.001 0.001 0.001 0.002 0.002 0.002 0.003 0.005 0.013 0.022 0.031 0.041 0.052 0.063 0.074 0.086 0.099 0.113 0.127 0.151 0.222 0.297 0.375 0.457 0.541 0.629 0.720 0.815 0.912 1.013 1.117 1.236 1.451 1.672 1.899 2.134 2.375 2.623 2.877 3.138 3.406 3.681 3.962 4.226 4.011 3.776 3.522 3.285 3.059 2.843 2.637 2.442 2.257 2.082 1.917 1.763 1.910 2.046
0.000 0.000 0.000 0.000 0.000 0.000 0.000 0.000 0.000 0.000 0.000 0.000 0.001 0.001 0.001 0.002 0.002 0.002 0.003 0.003 0.003 0.005 0.015 0.026 0.037 0.049 0.062 0.075 0.088 0.103 0.118 0.133 0.149 0.168 0.251 0.337 0.427 0.520 0.616 0.715 0.818 0.924 1.033 1.145 1.261 1.380 1.615 1.859 2.111 2.369 2.633 2.904 3.182 3.462 3.733 4.008 4.289 4.573 4.388 4.167 3.956 3.756 3.565 3.385 3.215 3.056 2.906 2.767 2.638 2.520 2.581 2.658
0.000 0.000 0.000 0.000 0.000 0.000 0.000 0.000 0.000 0.000 0.000 0.001 0.001 0.001 0.002 0.002 0.002 0.003 0.003 0.004 0.004 0.005 0.016 0.029 0.043 0.057 0.071 0.086 0.102 0.118 0.135 0.153 0.171 0.189 0.276 0.374 0.475 0.579 0.687 0.798 0.912 1.029 1.150 1.274 1.401 1.532 1.767 2.022 2.281 2.544 2.813 3.086 3.364 3.646 3.933 4.225 4.522 4.823 4.741 4.556 4.381 4.216 4.061 3.917 3.783 3.659 3.545 3.442 3.349 3.266 3.267 3.285
0.000 0.000 0.000 0.000 0.000 0.000 0.000 0.000 0.000 0.000 0.000 0.001 0.001 0.001 0.002 0.002 0.003 0.003 0.004 0.004 0.005 0.005 0.017 0.032 0.047 0.063 0.080 0.097 0.115 0.133 0.152 0.172 0.192 0.213 0.298 0.407 0.519 0.635 0.755 0.880 1.007 1.131 1.254 1.375 1.493 1.610 1.830 2.101 2.376 2.657 2.942 3.231 3.526 3.825 4.128 4.437 4.750 5.068 5.083 4.934 4.794 4.665 4.547 4.438 4.340 4.252 4.174 4.106 4.049 4.002 3.968 3.927
0.000 0.000 0.000 0.000 0.000 0.000 0.000 0.000 0.000 0.000 0.000 0.001 0.001 0.002 0.002 0.003 0.003 0.004 0.004 0.005 0.006 0.006 0.017 0.034 0.052 0.070 0.088 0.108 0.127 0.148 0.169 0.190 0.226 0.270 0.368 0.498 0.626 0.751 0.875 0.997 1.116 1.234 1.349 1.462 1.574 1.683 1.888 2.175 2.467 2.764 3.066 3.372 3.683 3.998 4.319 4.644 4.973 5.308 5.415 5.301 5.198 5.104 5.021 4.948 4.886 4.833 4.791 4.759 4.738 4.726 4.684 4.584
0.000 0.000 0.000 0.000 0.000 0.000 0.000 0.000 0.000 0.000 0.000 0.001 0.001 0.002 0.002 0.003 0.004 0.004 0.005 0.006 0.006 0.007 0.017 0.036 0.055 0.083 0.115 0.151 0.190 0.232 0.277 0.326 0.379 0.434 0.523 0.645 0.766 0.884 1.001 1.115 1.227 1.338 1.446 1.552 1.656 1.758 1.941 2.245 2.553 2.867 3.185 3.508 3.835 4.167 4.504 4.845 5.192 5.542 5.736 5.658 5.590 5.533 5.486 5.448 5.422 5.405 5.398 5.402 5.416 5.440 5.415 5.255
0.000 0.000 0.000 0.000 0.000 0.000 0.000 0.000 0.000 0.000 0.000 0.001 0.001 0.002 0.003 0.003 0.004 0.005 0.009 0.014 0.018 0.023 0.037 0.071 0.108 0.149 0.193 0.240 0.291 0.345 0.402 0.463 0.527 0.594 0.680 0.795 0.908 1.019 1.129 1.236 1.341 1.444 1.544 1.643 1.740 1.835 1.989 2.310 2.635 2.965 3.299 3.638 3.982 4.331 4.684 5.042 5.405 5.772 6.047 6.005 5.973 5.951 5.939 5.938 5.947 5.966 5.995 6.034 6.084 6.143 6.161 5.942
0.000 0.000 0.000 0.000 0.000 0.000 0.000 0.000 0.000 0.000 0.001 0.005 0.009 0.013 0.017 0.022 0.026 0.030 0.035 0.040 0.045 0.050 0.063 0.109 0.158 0.210 0.266 0.325 0.388 0.454 0.523 0.596 0.672 0.751 0.838 0.946 1.052 1.156 1.258 1.358 1.456 1.551 1.645 1.737 1.826 1.914 2.032 2.369 2.711 3.057 3.408 3.764 4.125 4.490 4.860 5.234 5.613 5.997 6.348 6.341 6.345 6.359 6.383 6.417 6.461 6.516 6.580 6.655 6.741 6.836 6.921 6.644
0.000 0.000 0.000 0.001 0.004 0.006 0.009 0.012 0.016 0.019 0.023 0.028 0.032 0.037 0.041 0.046 0.051 0.056 0.061 0.066 0.071 0.077 0.086 0.143 0.204 0.268 0.336 0.407 0.481 0.559 0.640 0.725 0.813 0.904 0.999 1.099 1.198 1.295 1.390 1.482 1.573 1.661 1.748 1.832 1.914 1.994 2.072 2.424 2.783 3.145 3.513 3.885 4.262 4.644 5.030 5.421 5.816 6.217 6.622 6.667 6.706 6.756 6.815 6.885 6.965 7.055 7.156 7.192 7.171 7.145 7.115 6.724
0.009 0.011 0.014 0.017 0.020 0.024 0.028 0.032 0.036 0.041 0.046 0.050 0.055 0.060 0.065 0.070 0.075 0.081 0.086 0.092 0.098 0.103 0.109 0.174 0.247 0.323 0.402 0.485 0.571 0.661 0.754 0.850 0.950 1.053 1.159 1.254 1.346 1.435 1.523 1.608 1.692 1.773 1.852 1.929 2.004 2.077 2.148 2.474 2.849 3.228 3.612 4.001 4.395 4.793 5.195 5.603 6.015 6.431 6.853 6.983 7.003 6.997 6.987 6.973 6.954 6.931 6.903 6.871 6.834 6.793 6.747 6.442
0.021 0.025 0.028 0.032 0.037 0.041 0.046 0.051 0.056 0.062 0.067 0.073 0.078 0.083 0.089 0.094 0.100 0.106 0.111 0.118 0.124 0.130 0.136 0.201 0.286 0.374 0.465 0.560 0.658 0.759 0.864 0.972 1.083 1.198 1.317 1.411 1.496 1.578 1.658 1.736 1.812 1.886 1.958 2.028 2.096 2.162 2.225 2.520 2.911 3.307 3.707 4.112 4.522 4.909 5.284 5.652 6.013 6.367 6.714 6.813 6.796 6.775 6.750 6.720 6.685 6.646 6.603 6.555 6.502 6.445 6.384 6.147
0.034 0.038 0.043 0.048 0.053 0.058 0.064 0.070 0.076 0.082 0.089 0.095 0.100 0.106 0.112 0.118 0.124 0.130 0.137 0.143 0.150 0.156 0.163 0.224 0.321 0.421 0.524 0.630 0.740 0.853 0.970 1.090 1.213 1.340 1.470 1.570 1.647 1.722 1.795 1.866 1.935 2.002 2.066 2.129 2.190 2.248 2.311 2.567 2.961 3.347 3.726 4.098 4.463 4.820 5.170 5.513 5.849 6.178 6.499 6.627 6.594 6.558 6.517 6.471 6.421 6.366 6.307 6.243 6.175 6.103 6.026 5.841
0.046 0.051 0.057 0.062 0.068 0.075 0.081 0.088 0.095 0.102 0.110 0.117 0.123 0.129 0.135 0.142 0.148 0.155 0.162 0.168 0.175 0.182 0.190 0.244 0.353 0.464 0.579 0.698 0.819 0.944 1.073 1.204 1.340 1.478 1.620 1.731 1.801 1.868 1.934 1.997 2.059 2.122 2.185 2.248 2.312 2.375 2.438 2.636 3.005 3.366 3.720 4.067 4.406 4.739 5.064 5.382 5.693 5.996 6.293 6.445 6.397 6.345 6.288 6.227 6.161 6.091 6.016 5.937 5.853 5.765 5.672 5.522
0.058 0.064 0.070 0.077 0.084 0.091 0.099 0.106 0.114 0.122 0.131 0.139 0.145 0.152 0.158 0.165 0.172 0.179 0.186 0.194 0.201 0.209 0.216 0.261 0.381 0.504 0.631 0.761 0.895 1.031 1.172 1.315 1.460 1.605 1.750 1.869 1.932 1.995 2.058 2.121 2.184 2.247 2.311 2.374 2.437 2.501 2.565 2.712 3.056 3.392 3.721 4.042 4.357 4.664 4.964 5.257 5.543 5.821 6.093 6.268 6.205 6.137 6.064 5.987 5.906 5.820 5.730 5.635 5.535 5.432 5.323 5.192
0.069 0.076 0.084 0.091 0.099 0.107 0.116 0.124 0.133 0.142 0.151 0.161 0.167 0.174 0.181 0.189 0.196 0.203 0.211 0.219 0.226 0.234 0.242 0.273 0.411 0.555 0.700 0.844 0.989 1.134 1.279 1.424 1.569 1.715 1.860 1.992 2.055 2.118 2.181 2.245 2.308 2.372 2.435 2.499 2.563 2.627 2.691 2.795 3.113 3.424 3.728 4.025 4.314 4.597 4.872 5.140 5.400 5.654 5.900 6.096 6.017 5.933 5.845 5.753 5.656 5.554 5.448 5.338 5.223 5.103 4.979 4.850
0.081 0.089 0.097 0.105 0.114 0.123 0.132 0.142 0.151 0.161 0.172 0.182 0.189 0.197 0.204 0.212 0.220 0.236 0.257 0.278 0.300 0.322 0.344 0.372 0.516 0.661 0.806 0.951 1.097 1.242 1.387 1.533 1.679 1.824 1.970 2.114 2.178 2.241 2.305 2.368 2.432 2.496 2.560 2.624 2.688 2.753 2.817 2.885 3.178 3.464 3.743 4.015 4.279 4.536 4.786 5.029 5.265 5.494 5.715 5.929 5.834 5.735 5.631 5.523 5.410 5.293 5.171 5.045 4.914 4.779 4.640 4.496
0.092 0.100 0.110 0.119 0.129 0.138 0.149 0.159 0.170 0.181 0.211 0.228 0.246 0.267 0.288 0.309 0.331 0.352 0.375 0.397 0.420 0.443 0.466 0.490 0.622 0.767 0.912 1.058 1.204 1.349 1.495 1.641 1.787 1.934 2.080 2.227 2.300 2.364 2.428 2.492 2.556 2.620 2.685 2.749 2.814 2.878 2.943 3.008 3.250 3.511 3.765 4.011 4.251 4.483 4.708 4.926 5.137 5.340 5.537 5.726 5.655 5.540 5.421 5.297 5.169 5.036 4.899 4.757 4.611 4.460 4.305 4.146
0.102 0.112 0.122 0.234 0.324 0.393 0.441 0.468 0.473 0.456 0.419 0.359 0.357 0.379 0.401 0.423 0.446 0.469 0.492 0.515 0.539 0.563 0.587 0.612 0.727 0.873 1.018 1.164 1.310 1.457 1.603 1.749 1.896 2.043 2.190 2.336 2.422 2.486 2.550 2.615 2.679 2.744 2.809 2.873 2.938 3.003 3.068 3.134 3.329 3.565 3.794 4.015 4.230 4.437 4.637 4.830 5.016 5.194 5.366 5.530 5.481 5.351 5.216 5.076 4.932 4.784 4.631 4.480 4.331 4.174 4.010 3.839
0.816 0.895 0.954 0.990 1.006 1.000 0.972 0.923 0.853 0.761 0.648 0.514 0.468 0.491 0.514 0.537 0.561 0.584 0.609 0.633 0.658 0.683 0.708 0.734 0.832 0.978 1.124 1.270 1.417 1.564 1.710 1.857 2.004 2.151 2.299 2.446 2.544 2.608 2.673 2.738 2.803 2.867 2.932 2.998 3.063 3.128 3.194 3.259 3.415 3.626 3.829 4.026 4.215 4.398 4.573 4.741 4.902 5.056 5.202 5.342 5.324 5.202 5.071 4.934 4.789 4.636 4.476 4.308 4.133 3.951 3.761 3.563
1.821 1.825 1.808 1.769 1.709 1.628 1.526 1.401 1.256 1.089 0.901 0.692 0.578 0.602 0.626 0.650 0.675 0.700 0.725 0.750 0.776 0.802 0.828 0.855 0.936 1.083 1.229 1.376 1.523 1.670 1.817 1.965 2.112 2.260 2.407 2.555 2.665 2.730 2.795 2.860 2.925 2.991 3.056 3.121 3.187 3.253 3.318 3.384 3.507 3.693 3.872 4.044 4.208 4.379 4.553 4.720 4.882 5.038 5.188 5.332 5.343 5.194 5.038 4.874 4.702 4.524 4.338 4.144 3.943 3.734 3.518 3.295
2.848 2.777 2.685 2.571 2.436 2.279 2.101 1.902 1.682 1.440 1.177 0.892 0.688 0.713 0.738 0.763 0.788 0.814 0.841 0.867 0.894 0.921 0.948 0.976 1.040 1.187 1.334 1.482 1.629 1.777 1.924 2.072 2.220 2.368 2.516 2.664 2.787 2.852 2.917 2.982 3.048 3.114 3.179 3.245 3.311 3.377 3.454 3.539 3.658 3.840 4.016 4.187 4.352 4.510 4.664 4.811 4.952 5.088 5.218 5.342 5.368 5.193 5.011 4.821 4.624 4.419 4.207 3.987 3.760 3.525 3.283 3.034
3.897 3.751 3.583 3.395 3.184 2.953 2.700 2.426 2.130 1.813 1.475 1.116 0.797 0.823 0.849 0.875 0.902 0.929 0.956 0.983 1.011 1.039 1.068 1.096 1.144 1.291 1.439 1.587 1.735 1.883 2.031 2.179 2.327 2.475 2.624 2.773 2.907 2.973 3.039 3.105 3.176 3.251 3.329 3.412 3.499 3.589 3.684 3.782 3.896 4.058 4.214 4.364 4.508 4.647 4.780 4.907 5.028 5.144 5.253 5.357 5.401 5.200 4.992 4.776 4.552 4.322 4.083 3.838 3.584 3.324 3.056 2.780
4.960 4.747 4.505 4.241 3.955 3.649 3.321 2.972 2.601 2.209 1.796 1.362 0.906 0.933 0.960 0.987 1.015 1.042 1.071 1.099 1.128 1.157 1.186 1.216 1.248 1.395 1.543 1.692 1.840 1.988 2.137 2.286 2.463 2.624 2.767 2.894 3.003 3.076 3.152 3.233 3.317 3.406 3.499 3.595 3.696 3.800 3.909 4.022 4.139 4.281 4.416 4.546 4.671 4.789 4.902 5.008 5.109 5.205 5.294 5.378 5.441 5.214 4.980 4.738 4.488 4.232 3.967 3.696 3.416 3.130 2.836 2.534
5.918 5.766 5.448 5.109 4.749 4.367 3.964 3.540 3.095 2.628 2.140 1.631 1.100 1.042 1.070 1.098 1.127 1.156 1.185 1.215 1.244 1.274 1.305 1.336 1.383 1.603 1.823 2.025 2.211 2.380 2.532 2.667 2.785 2.887 2.971 3.039 3.089 3.171 3.261 3.356 3.455 3.557 3.664 3.774 3.889 4.007 4.130 4.256 4.387 4.509 4.625 4.734 4.838 4.937 5.029 5.115 5.196 5.271 5.340 5.404 5.461 5.235 4.975 4.707 4.432 4.149 3.858 3.561 3.256 2.943 2.623 2.296
6.851 6.806 6.414 6.000 5.565 5.108 4.630 4.131 3.611 3.069 2.506 1.922 1.317 1.151 1.180 1.209 1.239 1.327 1.528 1.704 1.856 1.984 2.087 2.165 2.219 2.355 2.516 2.659 2.786 2.896 2.989 3.065 3.124 3.166 3.192 3.201 3.192 3.262 3.366 3.475 3.587 3.704 3.824 3.949 4.077 4.210 4.346 4.487 4.631 4.743 4.838 4.928 5.012 5.090 5.162 5.228 5.289 5.343 5.392 5.436 5.473 5.264 4.977 4.683 4.382 4.073 3.757 3.433 3.102 2.764 2.418 2.064
7.760 7.869 7.402 6.913 6.403 5.871 5.319 4.745 4.150 3.533 2.987 2.554 2.138 2.084 2.297 2.485 2.649 2.789 2.904 2.994 3.060 3.102 3.119 3.112 3.080 3.124 3.226 3.310 3.378 3.429 3.463 3.480 3.480 3.463 3.430 3.380 3.312 3.349 3.467 3.590 3.716 3.847 3.981 4.119 4.262 4.408 4.559 4.713 4.871 4.982 5.057 5.127 5.190 5.248 5.300 5.346 5.387 5.421 5.450 5.473 5.490 5.299 4.987 4.667 4.340 4.005 3.663 3.313 2.956 2.592 2.220 1.841
8.644 8.954 8.412 7.882 7.384 6.904 6.443 6.000 5.575 5.168 4.780 4.410 4.058 3.913 4.040 4.142 4.221 4.274 4.303 4.308 4.288 4.244 4.176 4.083 3.965 3.910 3.952 3.978 3.986 3.978 3.953 3.911 3.853 3.777 3.685 3.575 3.449 3.431 3.564 3.700 3.840 3.985 4.133 4.286 4.442 4.602 4.766 4.935 5.107 5.227 5.282 5.331 5.374 5.412 5.444 5.470 5.490 5.504 5.513 5.516 5.513 5.342 5.004 4.658 4.305 3.944 3.576 3.201 2.859 2.554 2.210 1.829
9.551 10.131 9.660 9.207 8.773 8.356 7.959 7.579 7.218 6.875 6.550 6.244 5.956 5.766 5.807 5.823 5.816 5.784 5.727 5.646 5.541 5.411 5.257 5.078 4.875 4.712 4.695 4.662 4.612 4.544 4.460 4.360 4.242 4.108 3.956 3.788 3.604 3.510 3.656 3.806 3.961 4.119 4.281 4.447 4.618 4.792 4.970 5.152 5.338 5.477 5.512 5.541 5.564 5.581 5.593 5.599 5.599 5.593 5.582 5.565 5.542 5.497 5.326 5.116 4.869 4.583 4.260 3.898 3.498 3.060 2.584 2.069
10.462 11.306 10.899 10.510 10.139 9.787 9.453 9.137 8.839 8.560 8.299 8.056 7.832 7.642 7.597 7.528 7.435 7.317 7.175 7.009 6.818 6.602 6.362 6.098 5.810 5.530 5.455 5.363 5.253 5.127 4.985 4.825 4.649 4.455 4.245 4.018 3.775 3.584 3.744 3.908 4.077 4.249 4.425 4.605 4.789 4.977 5.169 5.365 5.565 5.733 5.747 5.756 5.759 5.756 5.845 6.009 6.184 6.369 6.566 6.773 6.991 7.101 6.797 6.455 6.075 5.656 5.200 4.705 4.172 3.601 2.992 2.345
