DATA/SHG/ECMWF/20170628/EN-35/20170629.en-35.asc
ncols        190
nrows        64
xllcorner    -5100000.000000000000
yllcorner    4130000.000000000000
cellsize     10000.000000000000
NODATA_value  -99999.000
[rows 0 to 32 of 64, columns 0 to 72 of 190]
2.766 2.633 2.492 2.343 2.186 2.021 1.848 1.666 1.477 1.342 1.227 1.116 1.008 0.903 0.800 0.701 0.605 0.511 0.420 0.392 0.383 0.493 0.651 0.801 0.945 1.080 1.208 1.329 1.442 1.548 1.646 1.736 1.819 1.790 1.695 1.603 1.515 1.431 1.351 1.275 1.203 1.135 1.070 1.009 0.953 1.113 1.459 1.802 2.143 2.482 2.817 3.150 3.481 3.809 4.134 4.457 4.778 5.102 5.435 5.769 6.103 6.438 6.774 7.110 7.446 7.784 8.122 8.460 8.799 8.935 8.752 8.584 8.431
2.519 2.357 2.188 2.010 1.825 1.631 1.430 1.220 1.002 0.850 0.747 0.646 0.632 0.621 0.611 0.601 0.592 0.584 0.576 0.569 0.562 0.633 0.765 0.889 1.006 1.115 1.216 1.311 1.397 1.477 1.548 1.613 1.669 1.657 1.575 1.497 1.423 1.353 1.287 1.224 1.166 1.111 1.060 1.013 0.969 1.078 1.415 1.750 2.082 2.411 2.738 3.062 3.384 3.703 4.019 4.333 4.644 4.962 5.297 5.633 5.969 6.306 6.644 6.982 7.321 7.661 8.001 8.342 8.683 8.905 8.774 8.658 8.557
2.280 2.091 1.893 1.687 1.483 1.326 1.175 1.032 0.897 0.822 0.812 0.802 0.792 0.784 0.776 0.768 0.761 0.755 0.750 0.745 0.741 0.781 0.887 0.984 1.074 1.157 1.233 1.300 1.361 1.413 1.459 1.497 1.527 1.521 1.453 1.388 1.328 1.271 1.218 1.169 1.124 1.083 1.046 1.012 0.982 1.046 1.374 1.700 2.023 2.343 2.661 2.976 3.289 3.599 3.906 4.211 4.514 4.820 5.158 5.496 5.835 6.174 6.514 6.855 7.196 7.538 7.880 8.223 8.532 8.787 8.669 8.564 8.474
2.127 1.966 1.812 1.666 1.527 1.396 1.273 1.157 1.048 0.975 0.967 0.959 0.952 0.945 0.940 0.934 0.930 0.926 0.923 0.920 0.918 0.937 1.016 1.087 1.151 1.207 1.256 1.298 1.332 1.358 1.377 1.389 1.393 1.380 1.326 1.275 1.228 1.185 1.146 1.110 1.079 1.051 1.028 1.008 0.991 1.017 1.336 1.652 1.966 2.278 2.587 2.893 3.196 3.498 3.796 4.092 4.385 4.679 5.018 5.359 5.698 6.009 6.320 6.628 6.936 7.241 7.545 7.848 8.149 8.449 8.386 8.331 8.290
2.055 1.921 1.794 1.674 1.562 1.458 1.361 1.272 1.191 1.127 1.121 1.115 1.111 1.106 1.103 1.100 1.097 1.096 1.095 1.094 1.094 1.100 1.153 1.198 1.235 1.265 1.288 1.303 1.311 1.311 1.304 1.289 1.266 1.236 1.195 1.158 1.125 1.095 1.070 1.048 1.030 1.016 1.006 0.999 0.997 0.998 1.300 1.607 1.912 2.215 2.515 2.812 3.107 3.395 3.665 3.928 4.185 4.435 4.740 5.050 5.358 5.665 5.970 6.273 6.575 6.876 7.175 7.472 7.768 8.062 8.090 8.085 8.093
1.975 1.867 1.767 1.674 1.589 1.512 1.442 1.380 1.325 1.278 1.274 1.271 1.268 1.266 1.265 1.264 1.264 1.264 1.266 1.267 1.270 1.273 1.298 1.316 1.327 1.331 1.327 1.316 1.297 1.271 1.238 1.197 1.148 1.092 1.061 1.038 1.018 1.002 0.990 0.981 0.977 0.977 0.980 0.987 0.998 1.013 1.265 1.557 1.843 2.123 2.396 2.662 2.922 3.176 3.423 3.664 3.898 4.125 4.413 4.717 5.020 5.322 5.621 5.920 6.217 6.512 6.806 7.098 7.389 7.678 7.782 7.826 7.883
1.887 1.806 1.732 1.666 1.608 1.557 1.514 1.479 1.451 1.430 1.427 1.425 1.425 1.425 1.426 1.427 1.430 1.432 1.436 1.440 1.444 1.450 1.450 1.442 1.427 1.404 1.374 1.337 1.292 1.240 1.180 1.112 1.038 0.955 0.923 0.913 0.907 0.905 0.906 0.915 0.928 0.943 0.959 0.976 0.994 1.014 1.211 1.481 1.744 2.001 2.252 2.496 2.733 2.964 3.188 3.406 3.618 3.823 4.087 4.386 4.684 4.980 5.275 5.568 5.860 6.150 6.439 6.726 7.011 7.295 7.461 7.554 7.661
1.790 1.736 1.689 1.650 1.618 1.594 1.578 1.569 1.568 1.574 1.578 1.579 1.581 1.583 1.586 1.590 1.594 1.599 1.605 1.611 1.618 1.625 1.610 1.576 1.534 1.486 1.429 1.365 1.294 1.216 1.129 1.036 0.940 0.847 0.817 0.828 0.841 0.855 0.870 0.887 0.904 0.924 0.944 0.966 0.989 1.013 1.164 1.411 1.652 1.886 2.114 2.335 2.550 2.758 2.960 3.155 3.344 3.527 3.763 4.058 4.350 4.641 4.931 5.219 5.505 5.790 6.073 6.355 6.636 6.915 7.127 7.269 7.425
1.685 1.658 1.638 1.625 1.620 1.623 1.634 1.651 1.677 1.710 1.729 1.732 1.736 1.740 1.746 1.752 1.758 1.765 1.773 1.781 1.791 1.800 1.777 1.717 1.649 1.552 1.453 1.356 1.261 1.167 1.074 0.983 0.893 0.804 0.764 0.780 0.797 0.816 0.836 0.857 0.880 0.903 0.928 0.955 0.982 1.011 1.124 1.348 1.566 1.778 1.983 2.181 2.374 2.559 2.739 2.911 3.078 3.237 3.442 3.730 4.018 4.304 4.588 4.871 5.152 5.432 5.710 5.987 6.262 6.536 6.780 6.971 7.176
1.572 1.571 1.578 1.592 1.614 1.644 1.681 1.725 1.777 1.837 1.878 1.884 1.890 1.897 1.904 1.912 1.921 1.926 1.900 1.873 1.844 1.813 1.756 1.659 1.563 1.468 1.374 1.282 1.192 1.103 1.015 0.929 0.844 0.760 0.711 0.731 0.753 0.776 0.801 0.826 0.853 0.882 0.911 0.942 0.974 1.008 1.089 1.291 1.487 1.676 1.858 2.034 2.204 2.367 2.524 2.674 2.818 2.955 3.122 3.405 3.687 3.968 4.247 4.525 4.801 5.076 5.349 5.621 5.891 6.159 6.420 6.660 6.915
1.451 1.477 1.510 1.551 1.600 1.656 1.719 1.791 1.870 1.956 2.019 1.999 1.977 1.954 1.929 1.903 1.874 1.844 1.812 1.779 1.744 1.707 1.656 1.564 1.472 1.383 1.294 1.207 1.122 1.038 0.955 0.873 0.794 0.715 0.656 0.681 0.707 0.735 0.764 0.794 0.826 0.859 0.893 0.928 0.965 1.003 1.062 1.241 1.414 1.580 1.740 1.894 2.041 2.181 2.315 2.443 2.564 2.679 2.803 3.082 3.359 3.635 3.909 4.181 4.452 4.721 4.989 5.256 5.521 5.784 6.047 6.337 6.640
1.321 1.374 1.434 1.501 1.571 1.640 1.710 1.780 1.850 1.921 1.981 1.955 1.928 1.899 1.868 1.835 1.801 1.764 1.727 1.687 1.646 1.603 1.555 1.467 1.381 1.296 1.213 1.131 1.050 0.971 0.893 0.817 0.742 0.668 0.599 0.629 0.660 0.692 0.726 0.761 0.797 0.834 0.873 0.913 0.954 0.997 1.041 1.197 1.347 1.491 1.628 1.759 1.884 2.002 2.113 2.219 2.317 2.409 2.495 2.760 3.032 3.303 3.572 3.839 4.105 4.369 4.632 4.914 5.211 5.506 5.801 6.144 6.493
1.236 1.305 1.375 1.445 1.515 1.585 1.656 1.727 1.798 1.869 1.941 1.914 1.880 1.845 1.808 1.769 1.729 1.687 1.643 1.597 1.550 1.500 1.450 1.369 1.288 1.208 1.130 1.053 0.977 0.903 0.830 0.759 0.689 0.620 0.553 0.576 0.612 0.649 0.687 0.726 0.767 0.809 0.852 0.897 0.943 0.990 1.038 1.160 1.287 1.409 1.523 1.632 1.734 1.829 1.918 2.001 2.077 2.147 2.210 2.441 2.732 3.032 3.331 3.629 3.926 4.223 4.518 4.812 5.105 5.398 5.689 6.029 6.383
1.176 1.246 1.317 1.388 1.459 1.530 1.602 1.674 1.746 1.818 1.891 1.874 1.835 1.793 1.750 1.705 1.659 1.611 1.561 1.509 1.456 1.400 1.343 1.270 1.194 1.119 1.046 0.974 0.903 0.834 0.766 0.700 0.635 0.571 0.509 0.522 0.562 0.604 0.646 0.690 0.736 0.782 0.830 0.879 0.929 0.981 1.034 1.129 1.234 1.333 1.425 1.511 1.590 1.678 1.767 1.856 1.946 2.035 2.124 2.356 2.654 2.951 3.247 3.541 3.835 4.128 4.420 4.711 5.001 5.290 5.578 5.912 6.272
1.116 1.187 1.259 1.331 1.403 1.475 1.548 1.620 1.693 1.767 1.840 1.837 1.791 1.744 1.695 1.644 1.591 1.537 1.481 1.423 1.363 1.302 1.239 1.170 1.099 1.029 0.960 0.893 0.827 0.763 0.700 0.639 0.579 0.520 0.463 0.467 0.511 0.557 0.605 0.653 0.703 0.754 0.806 0.860 0.915 0.971 1.025 1.099 1.189 1.279 1.368 1.458 1.547 1.636 1.725 1.814 1.903 1.992 2.081 2.282 2.577 2.870 3.163 3.455 3.745 4.035 4.324 4.611 4.898 5.184 5.469 5.794 6.159
1.056 1.128 1.201 1.273 1.346 1.420 1.493 1.567 1.641 1.715 1.789 1.801 1.749 1.696 1.641 1.584 1.525 1.465 1.403 1.339 1.273 1.206 1.137 1.068 1.002 0.937 0.873 0.811 0.750 0.691 0.633 0.577 0.522 0.468 0.416 0.410 0.459 0.510 0.562 0.618 0.673 0.728 0.782 0.836 0.889 0.941 0.992 1.060 1.150 1.239 1.328 1.417 1.506 1.595 1.684 1.772 1.861 1.949 2.038 2.210 2.501 2.791 3.080 3.369 3.656 3.942 4.228 4.512 4.796 5.078 5.360 5.675 6.045
0.996 1.069 1.142 1.216 1.290 1.364 1.438 1.513 1.588 1.663 1.738 1.767 1.710 1.650 1.589 1.526 1.461 1.395 1.327 1.257 1.185 1.112 1.037 0.965 0.904 0.844 0.785 0.728 0.672 0.618 0.565 0.517 0.477 0.436 0.394 0.382 0.438 0.493 0.547 0.601 0.654 0.707 0.759 0.810 0.861 0.911 0.960 1.021 1.110 1.199 1.288 1.377 1.465 1.554 1.642 1.731 1.819 1.907 1.995 2.138 2.426 2.713 2.999 3.284 3.568 3.851 4.133 4.414 4.695 4.974 5.252 5.554 5.929
0.935 1.009 1.084 1.158 1.233 1.308 1.383 1.459 1.535 1.611 1.687 1.736 1.672 1.606 1.539 1.470 1.399 1.327 1.252 1.177 1.099 1.020 0.939 0.861 0.814 0.777 0.739 0.701 0.661 0.620 0.579 0.536 0.493 0.449 0.403 0.374 0.428 0.481 0.533 0.584 0.636 0.686 0.736 0.785 0.834 0.882 0.929 0.982 1.071 1.160 1.248 1.337 1.425 1.513 1.601 1.689 1.777 1.865 1.952 2.067 2.352 2.635 2.918 3.200 3.481 3.761 4.039 4.317 4.594 4.870 5.145 5.432 5.813
0.874 0.949 1.025 1.100 1.176 1.252 1.328 1.405 1.481 1.558 1.636 1.706 1.636 1.564 1.491 1.416 1.339 1.263 1.191 1.123 1.060 1.001 0.947 0.897 0.858 0.817 0.776 0.734 0.691 0.647 0.603 0.557 0.510 0.462 0.414 0.367 0.418 0.469 0.519 0.569 0.618 0.666 0.714 0.761 0.807 0.853 0.898 0.944 1.032 1.120 1.208 1.296 1.384 1.472 1.560 1.647 1.735 1.822 1.910 1.997 2.279 2.559 2.839 3.117 3.395 3.671 3.947 4.221 4.495 4.768 5.040 5.310 5.695
0.813 0.889 0.965 1.042 1.119 1.195 1.273 1.350 1.428 1.506 1.576 1.636 1.567 1.489 1.415 1.345 1.280 1.219 1.162 1.110 1.062 1.018 0.979 0.944 0.902 0.859 0.815 0.769 0.723 0.676 0.627 0.578 0.528 0.477 0.425 0.372 0.409 0.458 0.506 0.553 0.600 0.646 0.692 0.737 0.781 0.825 0.868 0.911 0.993 1.081 1.169 1.256 1.344 1.431 1.519 1.606 1.693 1.780 1.867 1.954 2.206 2.484 2.760 3.035 3.309 3.583 3.855 4.126 4.397 4.666 4.935 5.202 5.575
0.752 0.829 0.906 1.006 1.097 1.179 1.252 1.317 1.372 1.419 1.457 1.487 1.442 1.379 1.320 1.266 1.216 1.170 1.129 1.092 1.059 1.031 1.007 0.987 0.948 0.901 0.854 0.805 0.755 0.705 0.653 0.601 0.547 0.493 0.437 0.381 0.401 0.448 0.494 0.539 0.584 0.628 0.671 0.714 0.756 0.798 0.839 0.879 0.954 1.042 1.129 1.217 1.304 1.391 1.478 1.565 1.652 1.738 1.825 1.911 2.135 2.409 2.682 2.954 3.225 3.495 3.764 4.018 4.246 4.468 4.684 4.895 5.203
0.880 0.966 1.044 1.113 1.173 1.224 1.267 1.300 1.325 1.341 1.348 1.347 1.313 1.265 1.222 1.182 1.148 1.117 1.091 1.069 1.052 1.038 1.030 1.025 0.995 0.945 0.894 0.842 0.789 0.735 0.680 0.624 0.567 0.509 0.451 0.391 0.394 0.438 0.482 0.525 0.567 0.609 0.651 0.691 0.732 0.771 0.810 0.848 0.916 1.003 1.090 1.177 1.264 1.351 1.437 1.524 1.610 1.697 1.783 1.869 2.055 2.304 2.546 2.783 3.013 3.238 3.458 3.671 3.879 4.081 4.277 4.467 4.750
1.089 1.145 1.192 1.230 1.259 1.279 1.291 1.294 1.288 1.273 1.249 1.217 1.179 1.147 1.118 1.094 1.075 1.060 1.049 1.042 1.040 1.042 1.048 1.059 1.043 0.989 0.935 0.879 0.823 0.766 0.707 0.648 0.588 0.527 0.465 0.402 0.387 0.429 0.470 0.512 0.552 0.592 0.631 0.670 0.708 0.745 0.782 0.818 0.877 0.964 1.051 1.137 1.224 1.304 1.378 1.450 1.519 1.587 1.652 1.715 1.854 2.082 2.305 2.521 2.732 2.937 3.136 3.330 3.517 3.699 3.875 4.046 4.297
1.308 1.333 1.349 1.356 1.354 1.344 1.324 1.296 1.260 1.214 1.160 1.097 1.041 1.024 1.011 1.002 0.998 0.997 1.002 1.010 1.023 1.040 1.062 1.088 1.091 1.034 0.977 0.918 0.858 0.798 0.736 0.673 0.610 0.546 0.480 0.414 0.380 0.420 0.460 0.499 0.537 0.575 0.612 0.648 0.684 0.720 0.752 0.781 0.825 0.902 0.978 1.051 1.121 1.190 1.256 1.321 1.382 1.442 1.500 1.555 1.659 1.867 2.069 2.266 2.456 2.641 2.821 2.994 3.162 3.324 3.480 3.630 3.844
1.536 1.530 1.515 1.491 1.459 1.418 1.368 1.309 1.241 1.165 1.080 0.986 0.899 0.896 0.899 0.905 0.916 0.931 0.950 0.974 1.002 1.035 1.071 1.112 1.141 1.081 1.020 0.957 0.894 0.830 0.766 0.700 0.633 0.565 0.496 0.427 0.374 0.412 0.450 0.490 0.529 0.565 0.598 0.629 0.657 0.682 0.705 0.725 0.752 0.822 0.889 0.955 1.018 1.079 1.137 1.194 1.248 1.300 1.350 1.397 1.469 1.657 1.840 2.016 2.187 2.352 2.511 2.664 2.812 2.954 3.090 3.220 3.390
1.772 1.737 1.691 1.636 1.573 1.501 1.420 1.331 1.232 1.125 1.009 0.885 0.752 0.764 0.782 0.803 0.829 0.860 0.894 0.933 0.977 1.024 1.076 1.132 1.191 1.128 1.063 0.998 0.932 0.864 0.796 0.727 0.655 0.586 0.522 0.461 0.406 0.443 0.478 0.510 0.539 0.566 0.590 0.612 0.631 0.647 0.660 0.671 0.682 0.744 0.804 0.861 0.917 0.970 1.021 1.069 1.116 1.160 1.202 1.242 1.286 1.454 1.616 1.772 1.923 2.068 2.207 2.341 2.468 2.590 2.706 2.817 2.937
1.997 1.953 1.876 1.791 1.697 1.594 1.482 1.362 1.233 1.095 0.949 0.793 0.629 0.628 0.661 0.697 0.739 0.784 0.834 0.888 0.946 1.009 1.076 1.148 1.220 1.154 1.073 0.996 0.922 0.852 0.785 0.722 0.663 0.608 0.556 0.509 0.464 0.484 0.509 0.532 0.552 0.570 0.585 0.597 0.607 0.614 0.619 0.620 0.620 0.668 0.720 0.770 0.817 0.863 0.906 0.947 0.986 1.022 1.057 1.089 1.118 1.256 1.398 1.534 1.665 1.790 1.909 2.023 2.130 2.232 2.329 2.419 2.504
2.216 2.178 2.071 1.955 1.830 1.696 1.554 1.403 1.243 1.075 0.898 0.712 0.517 0.487 0.535 0.587 0.643 0.707 0.778 0.844 0.906 0.963 1.016 1.064 1.108 1.069 1.000 0.936 0.875 0.818 0.764 0.714 0.668 0.626 0.587 0.552 0.521 0.527 0.543 0.557 0.568 0.576 0.582 0.585 0.586 0.584 0.579 0.572 0.562 0.594 0.639 0.681 0.721 0.758 0.794 0.827 0.858 0.887 0.914 0.938 0.960 1.063 1.186 1.302 1.413 1.518 1.617 1.711 1.798 1.881 1.957 2.027 2.092
2.431 2.413 2.275 2.128 1.972 1.808 1.635 1.453 1.263 1.064 0.876 0.695 0.498 0.445 0.517 0.586 0.650 0.709 0.764 0.815 0.861 0.903 0.940 0.973 1.002 0.979 0.924 0.872 0.824 0.780 0.739 0.702 0.669 0.640 0.614 0.592 0.574 0.573 0.580 0.584 0.586 0.586 0.582 0.576 0.568 0.557 0.543 0.526 0.507 0.523 0.560 0.594 0.626 0.656 0.684 0.710 0.733 0.754 0.773 0.790 0.804 0.877 0.979 1.076 1.167 1.252 1.331 1.405 1.472 1.535 1.591 1.641 1.686
2.642 2.657 2.488 2.356 2.236 2.098 1.944 1.772 1.582 1.376 1.152 0.911 0.653 0.513 0.571 0.623 0.672 0.716 0.755 0.791 0.821 0.847 0.869 0.887 0.900 0.886 0.843 0.805 0.770 0.738 0.711 0.687 0.666 0.650 0.637 0.628 0.622 0.621 0.619 0.614 0.607 0.597 0.585 0.570 0.552 0.532 0.509 0.484 0.455 0.454 0.483 0.510 0.534 0.557 0.577 0.594 0.610 0.623 0.635 0.644 0.650 0.696 0.779 0.855 0.926 0.991 1.051 1.104 1.164 1.240 1.312 1.381 1.447
3.225 3.385 3.238 3.075 2.894 2.696 2.481 2.248 1.998 1.731 1.447 1.145 0.827 0.587 0.628 0.666 0.699 0.727 0.751 0.771 0.786 0.797 0.803 0.805 0.802 0.789 0.759 0.734 0.711 0.693 0.678 0.667 0.660 0.656 0.656 0.660 0.667 0.672 0.661 0.647 0.631 0.612 0.590 0.566 0.539 0.510 0.478 0.443 0.406 0.388 0.409 0.428 0.445 0.459 0.471 0.482 0.489 0.495 0.499 0.500 0.499 0.532 0.619 0.702 0.783 0.860 0.934 1.005 1.072 1.137 1.198 1.256 1.311
3.979 4.242 4.036 3.811 3.570 3.311 3.036 2.743 2.432 2.105 1.760 1.398 1.019 0.665 0.691 0.713 0.730 0.743 0.752 0.756 0.756 0.751 0.742 0.728 0.710 0.688 0.672 0.659 0.649 0.644 0.642 0.644 0.649 0.659 0.672 0.688 0.708 0.725 0.705 0.682 0.657 0.629 0.598 0.565 0.529 0.490 0.449 0.406 0.359 0.323 0.337 0.348 0.357 0.364 0.455 0.576 0.658 0.700 0.702 0.665 0.588 0.520 0.596 0.668 0.738 0.804 0.867 0.926 0.983 1.036 1.087 1.134 1.178
4.715 5.063 4.851 4.566 4.264 3.945 3.609 3.255 2.885 2.497 2.091 1.669 1.229 0.773 0.758 0.764 0.766 0.764 0.757 0.746 0.730 0.709 0.685 0.656 0.622 0.584 0.580 0.580 0.584 0.591 0.602 0.617 0.635 0.657 0.683 0.713 0.746 0.781 0.752 0.720 0.686 0.648 0.609 0.566 0.521 0.474 0.423 0.530 0.718 0.918 1.099 1.240 1.342 1.404 1.427 1.410 1.354 1.258 1.123 0.948 0.733 0.511 0.576 0.637 0.695 0.751 0.803 0.851 0.897 0.939 0.979 1.015 1.048
