DATA/SHG/ECMWF/20170628/EN-35/20170702.en-35.asc
ncols        190
nrows        64
xllcorner    -5100000.000000000000
yllcorner    4130000.000000000000
cellsize     10000.000000000000
NODATA_value  -99999.000
[rows 0 to 31 of 64, columns 73 to 145 of 190]
4.191 4.525 4.871 5.228 5.598 5.979 6.371 6.776 7.294 8.232 9.233 10.191 11.106 11.978 12.807 13.592 14.334 15.034 15.689 16.302 16.914 17.602 18.223 18.788 19.296 19.748 20.142 20.480 20.762 20.987 21.155 21.267 21.150 20.471 19.816 19.184 18.576 17.992 17.431 16.895 16.382 15.893 15.427 14.985 14.548 14.072 13.617 13.184 12.771 12.380 12.010 11.660 11.332 11.025 10.739 10.474 10.236 10.025 9.820 9.621 9.428 9.241 9.059 8.884 8.715 8.551 8.393 8.242 8.223 8.568 8.922 9.285 9.655
4.329 4.704 5.278 5.938 6.632 7.361 8.125 8.923 9.769 10.662 11.512 12.319 13.083 13.803 14.481 15.115 15.706 16.254 16.759 17.220 17.648 18.083 18.451 18.762 19.017 19.215 19.356 19.441 19.469 19.441 19.356 19.214 18.975 18.402 17.853 17.327 16.826 16.348 15.894 15.463 15.056 14.673 14.314 13.979 13.655 13.274 12.913 12.574 12.256 11.958 11.682 11.427 11.193 10.980 10.789 10.618 10.462 10.277 10.098 9.926 9.759 9.598 9.443 9.294 9.151 9.014 8.883 8.757 8.713 9.096 9.488 9.889 10.297
5.733 6.444 7.191 7.972 8.787 9.638 10.523 11.442 12.387 13.129 13.827 14.483 15.096 15.665 16.191 16.674 17.114 17.511 17.865 18.176 18.444 18.627 18.742 18.800 18.801 18.746 18.634 18.466 18.241 17.960 17.622 17.227 16.776 16.309 15.867 15.448 15.052 14.680 14.332 14.008 13.708 13.431 13.177 12.948 12.741 12.454 12.188 11.943 11.718 11.515 11.333 11.172 11.033 10.914 10.816 10.739 10.681 10.523 10.370 10.224 10.083 9.949 9.820 9.698 9.581 9.470 9.365 9.266 9.157 9.490 9.814 10.131 10.440
7.367 8.200 9.067 9.970 10.907 11.878 12.884 13.925 15.001 15.631 16.179 16.683 17.145 17.563 17.938 18.270 18.560 18.806 19.009 19.169 19.286 19.235 19.096 18.901 18.649 18.341 17.976 17.555 17.078 16.543 15.953 15.305 14.602 14.194 13.858 13.545 13.255 12.990 12.748 12.530 12.335 12.164 12.017 11.894 11.794 11.613 11.441 11.290 11.160 11.051 10.963 10.896 10.850 10.825 10.821 10.839 10.877 10.762 10.636 10.487 10.314 10.143 9.973 9.804 9.636 9.470 9.305 9.142 8.980 9.245 9.535 9.817 10.090
8.966 9.920 10.909 11.932 12.990 14.083 15.210 16.372 17.569 18.169 18.566 18.919 19.230 19.497 19.722 19.903 20.042 20.137 20.189 20.199 20.165 19.905 19.514 19.066 18.561 18.000 17.383 16.709 15.979 15.192 14.349 13.449 12.493 12.056 11.826 11.619 11.435 11.276 11.140 11.028 10.939 10.874 10.833 10.815 10.821 10.751 10.673 10.616 10.580 10.565 10.567 10.576 10.593 10.618 10.650 10.690 10.738 10.613 10.444 10.275 10.109 9.943 9.779 9.616 9.455 9.295 9.136 8.979 8.823 9.009 9.264 9.510 9.749
10.530 11.605 12.715 13.860 15.039 16.252 17.501 18.784 20.101 20.743 20.989 21.192 21.351 21.468 21.542 21.573 21.560 21.505 21.407 21.266 21.082 20.639 19.995 19.294 18.537 17.723 16.853 15.927 14.944 13.905 12.810 11.658 10.450 9.895 9.771 9.670 9.592 9.539 9.509 9.502 9.520 9.609 9.731 9.846 9.954 9.989 9.994 10.007 10.028 10.056 10.092 10.136 10.188 10.247 10.315 10.390 10.472 10.388 10.225 10.063 9.902 9.742 9.584 9.428 9.272 9.118 8.966 8.814 8.664 8.781 9.001 9.212 9.416
12.059 13.255 14.486 15.751 17.051 18.386 19.755 21.159 22.597 23.353 23.448 23.500 23.509 23.475 23.398 23.279 23.116 22.910 22.662 22.370 22.036 21.435 20.539 19.585 18.576 17.510 16.388 15.210 13.975 12.683 11.336 9.932 8.595 8.048 8.193 8.331 8.463 8.588 8.707 8.819 8.925 9.023 9.116 9.202 9.281 9.334 9.373 9.421 9.476 9.540 9.610 9.689 9.776 9.870 9.972 10.081 10.199 10.162 10.005 9.849 9.694 9.541 9.389 9.238 9.089 8.941 8.794 8.649 8.505 8.561 8.746 8.922 9.091
13.552 14.870 16.222 17.608 19.029 20.484 21.974 23.499 25.058 25.998 25.943 25.844 25.703 25.518 25.291 25.021 24.708 24.352 23.953 23.511 23.027 22.295 21.146 19.795 18.402 17.040 15.707 14.406 13.134 11.893 10.682 9.501 8.350 7.704 7.820 7.929 8.031 8.127 8.217 8.300 8.376 8.446 8.509 8.566 8.616 8.671 8.745 8.827 8.918 9.015 9.121 9.234 9.356 9.484 9.621 9.765 9.918 9.935 9.784 9.634 9.485 9.338 9.192 9.047 8.904 8.762 8.621 8.482 8.344 8.350 8.499 8.640 8.774
15.011 16.449 17.922 19.429 20.971 22.547 24.158 25.803 27.482 28.680 28.473 28.225 27.933 27.598 27.220 26.680 25.675 24.693 23.734 22.799 21.886 20.909 19.590 18.303 17.045 15.818 14.620 13.454 12.317 11.211 10.134 9.089 8.073 7.368 7.455 7.534 7.608 7.675 7.735 7.788 7.836 7.876 7.910 7.937 7.958 8.000 8.109 8.227 8.351 8.484 8.624 8.772 8.928 9.092 9.263 9.442 9.629 9.707 9.562 9.418 9.275 9.134 8.994 8.855 8.718 8.582 8.448 8.314 8.183 8.146 8.260 8.367 8.465
16.435 17.994 19.587 21.215 22.878 24.574 26.306 28.071 29.630 30.362 29.299 28.259 27.242 26.249 25.278 24.331 23.407 22.506 21.628 20.773 19.942 19.115 17.932 16.779 15.656 14.564 13.502 12.470 11.468 10.496 9.555 8.644 7.763 7.040 7.097 7.148 7.192 7.229 7.260 7.285 7.303 7.314 7.319 7.317 7.309 7.322 7.466 7.618 7.778 7.945 8.120 8.303 8.493 8.691 8.897 9.111 9.332 9.478 9.339 9.201 9.064 8.929 8.795 8.662 8.531 8.401 8.273 8.146 8.020 7.951 8.030 8.101 8.165
17.824 19.299 20.491 21.636 22.735 23.788 24.793 25.753 26.665 27.508 26.526 25.568 24.632 23.720 22.830 21.964 21.121 20.301 19.504 18.730 17.980 17.280 16.242 15.224 14.236 13.278 12.351 11.453 10.586 9.749 8.943 8.166 7.420 6.719 6.747 6.769 6.784 6.792 6.794 6.789 6.778 6.760 6.736 6.705 6.667 6.637 6.816 7.002 7.197 7.398 7.608 7.825 8.050 8.283 8.524 8.772 9.028 9.248 9.115 8.983 8.852 8.723 8.595 8.468 8.343 8.219 8.097 7.976 7.856 7.763 7.808 7.844 7.873
16.438 17.515 18.545 19.528 20.465 21.356 22.199 22.997 23.748 24.452 23.737 22.859 22.005 21.173 20.365 19.580 18.817 18.078 17.362 16.670 16.000 15.382 14.520 13.637 12.784 11.961 11.168 10.405 9.673 8.971 8.298 7.657 7.045 6.463 6.405 6.397 6.383 6.362 6.335 6.301 6.261 6.214 6.160 6.100 6.033 5.960 6.158 6.379 6.608 6.844 7.089 7.341 7.600 7.868 8.143 8.426 8.716 9.014 8.889 8.763 8.639 8.516 8.394 8.273 8.154 8.036 7.920 7.805 7.705 7.635 7.683 7.725 7.763
14.862 15.776 16.644 17.466 18.241 18.970 19.652 20.288 20.877 21.420 20.931 20.134 19.360 18.610 17.882 17.178 16.496 15.838 15.203 14.591 14.002 13.465 12.767 12.018 11.300 10.611 9.953 9.325 8.727 8.159 7.622 7.114 6.637 6.190 6.070 6.034 5.990 5.940 5.884 5.821 5.751 5.675 5.593 5.503 5.408 5.305 5.493 5.749 6.012 6.283 6.562 6.848 7.143 7.445 7.754 8.072 8.397 8.730 8.663 8.536 8.409 8.293 8.189 8.096 8.015 7.945 7.886 7.839 7.803 7.778 7.800 7.819 7.834
13.331 14.084 14.790 15.450 16.063 16.631 17.151 17.625 18.053 18.434 18.107 17.391 16.698 16.029 15.382 14.758 14.158 13.581 13.026 12.495 11.987 11.531 10.983 10.368 9.784 9.230 8.707 8.213 7.750 7.316 6.913 6.540 6.197 5.884 5.744 5.678 5.605 5.526 5.441 5.348 5.250 5.145 5.033 4.915 4.790 4.658 4.821 5.111 5.409 5.714 6.035 6.364 6.689 7.010 7.328 7.642 7.952 8.259 8.255 8.167 8.091 8.026 7.972 7.930 7.899 7.880 7.871 7.874 7.889 7.915 7.922 7.919 7.910
11.846 12.437 12.982 13.480 13.932 14.337 14.697 15.009 15.276 15.496 15.266 14.631 14.019 13.430 12.865 12.322 11.802 11.305 10.832 10.381 9.954 9.579 9.167 8.687 8.237 7.818 7.428 7.069 6.740 6.441 6.172 5.933 5.724 5.545 5.424 5.329 5.228 5.120 5.005 4.884 4.756 4.637 4.531 4.424 4.316 4.206 4.357 4.684 5.008 5.328 5.644 5.956 6.265 6.571 6.872 7.170 7.465 7.755 7.825 7.788 7.762 7.748 7.744 7.753 7.772 7.803 7.845 7.899 7.964 8.040 8.049 8.023 7.992
10.406 10.836 11.219 11.556 11.846 12.091 12.288 12.440 12.545 12.604 12.409 11.854 11.323 10.815 10.330 9.868 9.429 9.013 8.620 8.250 7.903 7.609 7.320 6.974 6.659 6.374 6.118 5.893 5.698 5.533 5.398 5.293 5.237 5.203 5.140 5.037 4.932 4.826 4.720 4.612 4.504 4.394 4.283 4.172 4.059 3.945 4.034 4.345 4.653 4.956 5.257 5.553 5.846 6.135 6.421 6.703 6.981 7.256 7.384 7.398 7.422 7.458 7.505 7.564 7.634 7.715 7.808 7.912 8.027 8.154 8.181 8.132 8.078
9.012 9.280 9.502 9.677 9.807 9.890 9.926 9.917 9.861 9.758 9.534 9.060 8.610 8.182 7.778 7.396 7.038 6.702 6.390 6.100 5.834 5.621 5.441 5.332 5.306 5.279 5.250 5.219 5.186 5.151 5.114 5.076 5.035 4.993 4.930 4.822 4.713 4.603 4.492 4.380 4.267 4.152 4.037 3.921 3.804 3.685 3.715 4.010 4.302 4.589 4.873 5.154 5.431 5.704 5.974 6.240 6.502 6.761 6.932 6.996 7.071 7.157 7.255 7.364 7.484 7.616 7.759 7.913 8.079 8.256 8.318 8.246 8.169
7.663 7.770 7.831 7.845 7.813 7.735 7.610 7.440 7.223 6.959 6.642 6.249 5.879 5.532 5.208 4.936 5.028 5.103 5.163 5.205 5.232 5.243 5.239 5.207 5.173 5.138 5.100 5.061 5.019 4.976 4.931 4.884 4.835 4.784 4.722 4.609 4.496 4.381 4.265 4.149 4.031 3.912 3.792 3.672 3.550 3.427 3.400 3.679 3.955 4.226 4.495 4.759 5.020 5.277 5.531 5.781 6.028 6.271 6.469 6.583 6.709 6.845 6.993 7.153 7.323 7.505 7.699 7.903 8.119 8.346 8.459 8.365 8.266
6.359 6.305 6.205 6.058 5.865 5.626 5.341 5.009 4.703 4.740 4.801 4.916 5.017 5.101 5.168 5.219 5.254 5.273 5.275 5.261 5.231 5.185 5.125 5.085 5.042 4.998 4.952 4.905 4.855 4.803 4.750 4.695 4.637 4.578 4.515 4.398 4.279 4.160 4.040 3.919 3.797 3.673 3.549 3.424 3.297 3.170 3.090 3.353 3.612 3.868 4.120 4.369 4.614 4.855 5.093 5.327 5.557 5.784 5.995 6.160 6.335 6.522 6.721 6.930 7.151 7.383 7.627 7.882 8.148 8.426 8.606 8.489 8.367
5.101 4.931 4.880 4.853 4.852 4.875 4.924 4.997 5.096 5.219 5.368 5.442 5.485 5.512 5.523 5.517 5.495 5.457 5.402 5.331 5.244 5.141 5.024 4.964 4.914 4.861 4.807 4.751 4.693 4.633 4.571 4.508 4.442 4.375 4.306 4.188 4.065 3.941 3.816 3.691 3.564 3.436 3.307 3.177 3.047 2.915 2.783 3.030 3.274 3.514 3.750 3.982 4.212 4.437 4.659 4.877 5.091 5.302 5.510 5.725 5.951 6.188 6.437 6.697 6.968 7.250 7.544 7.849 8.166 8.493 8.758 8.618 8.473
4.681 4.691 4.727 4.788 4.873 4.984 5.119 5.280 5.465 5.675 5.911 5.982 5.968 5.938 5.892 5.829 5.751 5.655 5.544 5.416 5.272 5.112 4.938 4.846 4.787 4.727 4.664 4.600 4.533 4.465 4.395 4.323 4.249 4.174 4.096 3.979 3.852 3.723 3.594 3.464 3.332 3.200 3.067 2.932 2.797 2.661 2.523 2.712 2.939 3.163 3.384 3.600 3.814 4.023 4.229 4.431 4.630 4.825 5.016 5.279 5.555 5.843 6.141 6.452 6.773 7.106 7.450 7.805 8.172 8.571 8.977 8.983 9.088
4.331 4.428 4.551 4.699 4.871 5.069 5.291 5.538 5.811 6.108 6.430 6.536 6.465 6.378 6.275 6.156 6.020 5.868 5.700 5.516 5.315 5.097 4.866 4.731 4.663 4.594 4.523 4.451 4.376 4.299 4.221 4.141 4.059 3.975 3.889 3.772 3.640 3.507 3.373 3.238 3.103 2.966 2.828 2.689 2.549 2.408 2.266 2.398 2.610 2.818 3.022 3.223 3.420 3.613 3.803 3.990 4.172 4.352 4.527 4.822 5.203 5.663 6.116 6.561 6.999 7.430 7.853 8.269 8.677 9.078 9.472 9.912 10.452
3.958 4.142 4.352 4.586 4.846 5.130 5.440 5.774 6.133 6.517 6.926 7.104 6.977 6.833 6.673 6.497 6.305 6.096 5.871 5.630 5.372 5.098 4.809 4.617 4.542 4.464 4.385 4.304 4.221 4.136 4.049 3.961 3.870 3.778 3.684 3.566 3.429 3.292 3.154 3.014 2.874 2.733 2.590 2.447 2.302 2.157 2.011 2.088 2.284 2.476 2.664 2.880 3.155 3.447 3.755 4.079 4.420 4.777 5.151 5.577 6.011 6.439 6.859 7.271 7.676 8.074 8.465 8.848 9.223 9.591 9.952 10.743 11.717
3.562 3.833 4.130 4.451 4.797 5.169 5.565 5.986 6.431 6.902 7.398 7.686 7.502 7.302 7.085 6.852 6.603 6.338 6.056 5.758 5.444 5.112 4.766 4.506 4.422 4.337 4.249 4.160 4.068 3.975 3.880 3.783 3.684 3.584 3.481 3.361 3.220 3.079 2.936 2.792 2.647 2.501 2.370 2.261 2.147 2.028 1.905 1.988 2.271 2.569 2.884 3.216 3.564 3.928 4.309 4.706 5.120 5.550 5.997 6.424 6.826 7.220 7.608 7.988 8.360 8.725 9.083 9.433 9.776 10.111 10.440 11.475 12.883
3.143 3.501 3.884 4.293 4.726 5.184 5.666 6.174 6.707 7.264 7.846 8.283 8.042 7.785 7.512 7.222 6.916 6.594 6.256 5.901 5.530 5.142 4.739 4.397 4.305 4.211 4.115 4.017 3.918 3.816 3.713 3.608 3.501 3.412 3.355 3.288 3.191 3.089 2.982 2.871 2.755 2.634 2.509 2.378 2.243 2.103 1.959 2.014 2.369 2.741 3.129 3.533 3.954 4.392 4.845 5.316 5.802 6.306 6.825 7.278 7.647 8.009 8.363 8.710 9.050 9.382 9.707 10.025 10.335 10.638 10.933 12.109 13.950
2.701 3.146 3.616 4.111 4.631 5.175 5.745 6.339 6.958 7.602 8.271 8.893 8.596 8.282 7.952 7.606 7.244 6.865 6.470 6.059 5.631 5.186 4.725 4.291 4.202 4.135 4.069 4.006 3.946 3.888 3.833 3.780 3.730 3.682 3.637 3.579 3.461 3.338 3.210 3.078 2.941 2.799 2.652 2.500 2.344 2.183 2.018 2.022 2.450 2.894 3.355 3.833 4.327 4.837 5.364 5.907 6.467 7.043 7.635 8.137 8.474 8.803 9.125 9.439 9.747 10.046 10.339 10.623 10.901 11.171 11.434 12.644 14.919
2.236 2.768 3.325 3.906 4.513 5.144 5.800 6.481 7.186 7.917 8.672 9.453 9.164 8.794 8.407 8.004 7.579 7.112 6.653 6.200 5.754 5.312 4.872 4.439 4.371 4.314 4.260 4.208 4.159 4.112 4.067 4.026 3.986 3.949 3.915 3.875 3.736 3.592 3.443 3.289 3.131 2.968 2.800 2.628 2.450 2.268 2.082 2.012 2.513 3.031 3.565 4.115 4.682 5.265 5.865 6.481 7.113 7.762 8.428 9.004 9.308 9.604 9.893 10.175 10.450 10.717 10.976 11.229 11.474 11.711 11.941 13.082 15.789
1.749 2.367 3.010 3.679 4.371 5.089 5.832 6.599 7.391 8.194 8.950 9.698 9.449 8.979 8.515 8.058 7.609 7.166 6.730 6.301 5.879 5.461 5.047 4.637 4.536 4.490 4.447 4.406 4.368 4.332 4.299 4.268 4.240 4.214 4.191 4.170 4.015 3.850 3.680 3.506 3.326 3.142 2.953 2.760 2.561 2.358 2.151 1.985 2.559 3.149 3.756 4.379 5.019 5.675 6.348 7.036 7.742 8.464 9.202 9.877 10.148 10.412 10.668 10.917 11.159 11.394 11.621 11.840 12.053 12.258 12.455 13.421 16.561
1.238 1.943 2.688 3.473 4.250 5.019 5.779 6.531 7.275 8.011 8.739 9.459 9.376 8.929 8.490 8.057 7.631 7.213 6.801 6.396 5.999 5.605 5.214 4.829 4.698 4.663 4.631 4.601 4.574 4.549 4.527 4.507 4.490 4.475 4.463 4.453 4.300 4.114 3.923 3.727 3.527 3.321 3.111 2.897 2.677 2.453 2.225 1.991 2.587 3.250 3.930 4.626 5.338 6.067 6.813 7.574 8.352 9.147 9.958 10.756 10.994 11.226 11.449 11.666 11.875 12.077 12.271 12.459 12.638 12.811 12.976 13.662 17.235
1.172 1.945 2.710 3.466 4.215 4.955 5.688 6.412 7.128 7.836 8.536 9.228 9.296 8.874 8.458 8.050 7.648 7.254 6.866 6.485 6.112 5.742 5.376 5.015 4.857 4.834 4.812 4.794 4.777 4.764 4.752 4.744 4.737 4.733 4.732 4.733 4.589 4.382 4.170 3.953 3.732 3.505 3.274 3.039 2.798 2.553 2.303 2.049 2.598 3.334 4.086 4.855 5.640 6.442 7.260 8.094 8.945 9.812 10.696 11.596 11.847 12.046 12.237 12.421 12.598 12.767 12.929 13.083 13.231 13.370 13.503 13.907 18.010
1.256 2.001 2.738 3.467 4.187 4.900 5.604 6.300 6.988 7.668 8.340 9.004 9.210 8.812 8.421 8.036 7.659 7.288 6.925 6.568 6.218 5.873 5.531 5.195 5.014 5.001 4.991 4.983 4.978 4.975 4.975 4.977 4.981 4.989 4.998 5.010 4.883 4.655 4.422 4.184 3.942 3.694 3.442 3.186 2.924 2.658 2.387 2.112 2.591 3.400 4.225 5.066 5.924 6.799 7.689 8.596 9.520 10.460 11.416 12.389 12.706 12.873 13.075 13.377 13.702 14.051 14.423 14.819 15.238 15.681 16.147 16.637 19.912
1.348 2.065 2.774 3.475 4.167 4.852 5.528 6.196 6.856 7.508 8.152 8.787 9.119 8.744 8.377 8.016 7.663 7.316 6.977 6.644 6.319 5.997 5.680 5.368 5.167 5.165 5.166 5.169 5.175 5.183 5.194 5.207 5.223 5.241 5.261 5.284 5.182 4.933 4.679 4.420 4.156 3.888 3.615 3.338 3.055 2.768 2.476 2.180 2.567 3.448 4.346 5.260 6.191 7.217 8.412 9.564 10.676 11.745 12.774 13.760 14.281 14.640 15.022 15.427 15.856 16.308 16.784 17.283 17.806 18.352 18.921 19.514 21.952
