DATA/SHG/ECMWF/20170628/EN-35/20170711.en-35.asc
ncols        190
nrows        64
xllcorner    -5100000.000000000000
yllcorner    4130000.000000000000
cellsize     10000.000000000000
NODATA_value  -99999.000
[rows 0 to 32 of 64, columns 75 to 149 of 190]
8.620 8.954 9.294 9.639 9.990 10.346 10.495 10.002 9.436 8.889 8.361 7.853 7.364 6.894 6.443 6.012 5.600 5.207 5.053 5.629 6.189 6.733 7.262 7.775 8.273 8.754 9.220 9.670 10.105 10.524 10.800 10.663 10.534 10.415 10.305 10.204 10.111 10.028 9.954 9.889 9.833 9.787 9.722 9.567 9.394 9.203 8.994 8.768 8.524 8.262 7.982 7.685 7.369 7.036 6.659 6.206 5.764 5.334 4.914 4.506 4.110 3.724 3.350 2.987 2.636 2.296 2.053 2.048 2.029 1.996 1.949 1.887 1.811 1.721 1.616
9.464 9.584 9.696 9.799 9.894 9.981 9.952 9.434 8.935 8.456 7.995 7.554 7.132 6.730 6.347 5.982 5.638 5.312 5.091 5.597 6.087 6.561 7.020 7.463 7.890 8.301 8.697 9.077 9.442 9.791 10.075 9.978 9.891 9.812 9.742 9.682 9.630 9.588 9.554 9.530 9.514 9.508 9.481 9.247 8.994 8.724 8.436 8.130 7.806 7.465 7.106 6.729 6.335 5.922 5.496 5.093 4.702 4.322 3.953 3.595 3.249 2.914 2.590 2.278 1.977 1.687 1.441 1.372 1.290 1.194 1.083 0.958 0.819 0.666 0.498
8.903 8.994 9.077 9.151 9.217 9.275 9.300 8.849 8.418 8.006 7.613 7.239 6.884 6.549 6.233 5.936 5.658 5.400 5.160 5.582 6.002 6.407 6.795 7.168 7.525 7.867 8.193 8.503 8.797 9.076 9.339 9.285 9.238 9.200 9.171 9.151 9.140 9.138 9.145 9.161 9.186 9.220 9.260 8.946 8.614 8.264 7.897 7.512 7.109 6.688 6.250 5.794 5.320 4.828 4.322 3.970 3.629 3.299 2.981 2.674 2.378 2.093 1.820 1.558 1.307 1.067 0.880 0.848 0.832 0.832 0.849 0.882 0.932 0.998 1.081
8.350 8.412 8.466 8.512 8.549 8.577 8.598 8.248 7.884 7.539 7.213 6.906 6.619 6.351 6.102 5.872 5.662 5.470 5.298 5.586 5.936 6.270 6.588 6.891 7.178 7.450 7.706 7.946 8.171 8.380 8.573 8.583 8.577 8.579 8.590 8.611 8.640 8.678 8.726 8.782 8.848 8.922 9.006 8.664 8.253 7.824 7.377 6.913 6.431 5.931 5.413 4.878 4.325 3.754 3.165 2.837 2.547 2.338 2.196 2.053 1.907 1.759 1.608 1.456 1.301 1.143 0.984 1.011 1.068 1.141 1.231 1.338 1.460 1.599 1.755
7.807 7.840 7.864 7.881 7.889 7.889 7.880 7.630 7.333 7.055 6.796 6.557 6.337 6.136 5.954 5.791 5.648 5.523 5.418 5.607 5.887 6.151 6.399 6.632 6.850 7.051 7.237 7.408 7.562 7.701 7.825 7.873 7.906 7.949 8.001 8.062 8.131 8.210 8.298 8.395 8.501 8.616 8.740 8.402 7.912 7.404 6.878 6.334 5.807 5.313 4.832 4.364 3.909 3.467 3.038 2.837 2.690 2.541 2.389 2.235 2.079 1.921 1.760 1.597 1.431 1.264 1.094 1.157 1.287 1.434 1.597 1.776 1.971 2.183 2.412
7.271 7.275 7.271 7.259 7.238 7.209 7.172 6.995 6.765 6.554 6.363 6.191 6.037 5.904 5.789 5.693 5.617 5.559 5.521 5.645 5.855 6.050 6.228 6.391 6.539 6.671 6.787 6.887 6.972 7.041 7.095 7.153 7.227 7.310 7.402 7.504 7.614 7.733 7.861 7.996 8.127 8.253 8.375 8.081 7.580 7.092 6.617 6.155 5.706 5.270 4.847 4.437 4.040 3.655 3.284 3.063 2.905 2.746 2.584 2.420 2.253 2.084 1.913 1.740 1.564 1.386 1.206 1.287 1.490 1.709 1.945 2.197 2.466 2.750 3.052
6.744 6.720 6.687 6.645 6.596 6.538 6.472 6.344 6.181 6.037 5.913 5.807 5.721 5.654 5.606 5.578 5.568 5.578 5.607 5.702 5.842 5.966 6.075 6.168 6.246 6.308 6.354 6.385 6.400 6.400 6.417 6.509 6.656 6.799 6.937 7.071 7.200 7.324 7.444 7.559 7.670 7.775 7.877 7.679 7.236 6.805 6.388 5.984 5.593 5.214 4.849 4.496 4.157 3.830 3.516 3.291 3.123 2.953 2.781 2.606 2.430 2.251 2.069 1.885 1.700 1.511 1.321 1.400 1.676 1.968 2.277 2.602 2.943 3.301 3.675
6.226 6.172 6.111 6.040 5.962 5.875 5.780 5.676 5.580 5.503 5.446 5.407 5.388 5.388 5.407 5.445 5.503 5.579 5.675 5.775 5.846 5.889 5.925 5.960 5.994 6.027 6.059 6.089 6.119 6.147 6.175 6.242 6.368 6.491 6.608 6.722 6.830 6.934 7.033 7.128 7.218 7.303 7.384 7.263 6.878 6.505 6.146 5.799 5.465 5.145 4.837 4.542 4.260 3.991 3.735 3.521 3.343 3.162 2.980 2.795 2.608 2.419 2.227 2.033 1.837 1.638 1.437 1.497 1.846 2.211 2.592 2.990 3.404 3.834 4.281
5.716 5.634 5.543 5.444 5.337 5.221 5.097 4.991 4.962 4.952 4.962 4.991 5.038 5.111 5.212 5.307 5.396 5.480 5.559 5.625 5.659 5.691 5.722 5.753 5.782 5.810 5.837 5.863 5.888 5.912 5.935 5.980 6.086 6.188 6.285 6.378 6.466 6.549 6.628 6.702 6.771 6.836 6.897 6.835 6.507 6.192 5.890 5.601 5.325 5.062 4.812 4.574 4.350 4.139 3.940 3.753 3.564 3.374 3.181 2.986 2.789 2.589 2.387 2.183 1.976 1.767 1.556 1.577 1.999 2.437 2.891 3.361 3.848 4.351 4.870
5.215 5.104 4.984 4.856 4.720 4.576 4.456 4.428 4.542 4.651 4.754 4.852 4.944 5.031 5.112 5.188 5.259 5.324 5.384 5.438 5.467 5.494 5.521 5.547 5.571 5.595 5.617 5.638 5.659 5.678 5.696 5.724 5.810 5.891 5.968 6.040 6.107 6.170 6.228 6.282 6.331 6.375 6.415 6.393 6.123 5.866 5.621 5.390 5.171 4.966 4.773 4.593 4.426 4.272 4.131 3.987 3.788 3.587 3.384 3.179 2.971 2.761 2.549 2.335 2.118 1.899 1.677 1.641 2.135 2.646 3.172 3.715 4.275 4.850 5.442
4.822 4.764 4.708 4.655 4.604 4.555 4.509 4.467 4.562 4.652 4.736 4.815 4.888 4.956 5.018 5.075 5.127 5.173 5.213 5.252 5.276 5.299 5.321 5.342 5.362 5.381 5.399 5.415 5.431 5.446 5.459 5.473 5.538 5.599 5.655 5.707 5.754 5.796 5.834 5.867 5.896 5.920 5.939 5.939 5.726 5.526 5.339 5.165 5.004 4.856 4.721 4.599 4.489 4.393 4.309 4.223 4.014 3.803 3.590 3.374 3.156 2.936 2.714 2.489 2.262 2.032 1.801 1.689 2.255 2.838 3.438 4.053 4.685 5.333 5.997
4.824 4.775 4.727 4.682 4.639 4.598 4.560 4.524 4.587 4.658 4.723 4.783 4.837 4.886 4.929 4.967 5.000 5.027 5.048 5.067 5.087 5.105 5.123 5.139 5.154 5.168 5.181 5.194 5.205 5.215 5.224 5.231 5.272 5.313 5.348 5.380 5.406 5.428 5.445 5.458 5.466 5.469 5.468 5.463 5.316 5.173 5.044 4.928 4.824 4.733 4.656 4.591 4.539 4.500 4.473 4.460 4.242 4.021 3.797 3.571 3.343 3.113 2.880 2.645 2.408 2.168 1.931 1.745 2.358 2.952 3.527 4.083 4.620 5.137 5.636
4.825 4.783 4.743 4.706 4.671 4.639 4.609 4.581 4.617 4.669 4.715 4.756 4.791 4.821 4.845 4.864 4.878 4.886 4.889 4.889 4.899 4.913 4.926 4.937 4.948 4.957 4.966 4.973 4.980 4.985 4.989 4.993 5.012 5.032 5.047 5.058 5.064 5.065 5.062 5.054 5.042 5.025 5.003 4.977 4.892 4.807 4.736 4.676 4.630 4.597 4.577 4.569 4.575 4.593 4.624 4.668 4.472 4.213 3.932 3.664 3.409 3.167 2.937 2.721 2.517 2.326 2.147 1.982 2.463 2.973 3.464 3.935 4.388 4.822 5.237
4.823 4.789 4.758 4.729 4.702 4.678 4.655 4.636 4.652 4.685 4.712 4.734 4.750 4.761 4.766 4.766 4.761 4.750 4.734 4.715 4.713 4.722 4.730 4.737 4.743 4.748 4.752 4.755 4.756 4.757 4.757 4.755 4.757 4.756 4.751 4.741 4.727 4.708 4.684 4.656 4.623 4.586 4.544 4.498 4.456 4.428 4.414 4.412 4.422 4.430 4.431 4.425 4.413 4.395 4.371 4.339 4.141 3.905 3.681 3.470 3.271 3.086 2.913 2.753 2.606 2.472 2.350 2.242 2.587 3.013 3.420 3.807 4.176 4.526 4.856
4.819 4.793 4.770 4.749 4.730 4.714 4.700 4.688 4.692 4.705 4.714 4.717 4.714 4.706 4.692 4.674 4.649 4.619 4.584 4.546 4.528 4.532 4.536 4.538 4.540 4.540 4.539 4.537 4.534 4.530 4.526 4.520 4.507 4.486 4.460 4.430 4.395 4.356 4.312 4.275 4.252 4.234 4.219 4.209 4.212 4.217 4.215 4.207 4.192 4.171 4.143 4.109 4.069 4.022 3.969 3.909 3.763 3.583 3.416 3.262 3.120 2.992 2.876 2.773 2.683 2.605 2.540 2.489 2.730 3.072 3.394 3.698 3.982 4.248 4.495
4.813 4.795 4.780 4.767 4.756 4.748 4.742 4.738 4.737 4.731 4.721 4.705 4.683 4.656 4.624 4.586 4.542 4.494 4.440 4.382 4.344 4.344 4.343 4.341 4.338 4.333 4.328 4.321 4.314 4.305 4.291 4.270 4.242 4.208 4.179 4.153 4.132 4.116 4.103 4.095 4.091 4.092 4.096 4.105 4.103 4.079 4.048 4.012 3.968 3.919 3.863 3.800 3.731 3.656 3.574 3.486 3.372 3.249 3.139 3.041 2.957 2.885 2.826 2.780 2.746 2.725 2.718 2.722 2.891 3.149 3.387 3.607 3.808 3.990 4.152
4.804 4.795 4.788 4.783 4.780 4.780 4.782 4.786 4.786 4.762 4.732 4.697 4.657 4.611 4.560 4.503 4.441 4.373 4.300 4.224 4.163 4.153 4.139 4.124 4.107 4.089 4.069 4.048 4.025 4.001 3.975 3.949 3.923 3.909 3.898 3.892 3.890 3.893 3.899 3.910 3.926 3.945 3.969 3.997 4.000 3.948 3.889 3.824 3.752 3.674 3.589 3.498 3.401 3.297 3.187 3.071 2.969 2.902 2.849 2.808 2.781 2.765 2.763 2.774 2.797 2.833 2.882 2.943 3.071 3.245 3.399 3.535 3.652 3.750 3.829
4.794 4.792 4.793 4.796 4.802 4.810 4.820 4.832 4.841 4.798 4.749 4.695 4.636 4.568 4.458 4.353 4.253 4.157 4.067 3.985 3.916 3.897 3.877 3.855 3.832 3.807 3.781 3.754 3.725 3.694 3.662 3.629 3.601 3.605 3.614 3.627 3.644 3.665 3.691 3.721 3.756 3.794 3.837 3.884 3.905 3.824 3.737 3.643 3.543 3.436 3.323 3.204 3.078 2.946 2.807 2.662 2.553 2.543 2.546 2.563 2.591 2.633 2.687 2.755 2.834 2.927 3.033 3.151 3.270 3.359 3.430 3.482 3.515 3.529 3.524
4.781 4.788 4.797 4.808 4.821 4.837 4.844 4.795 4.745 4.629 4.517 4.409 4.307 4.209 4.116 4.028 3.944 3.866 3.792 3.726 3.669 3.643 3.616 3.588 3.559 3.528 3.495 3.461 3.426 3.389 3.351 3.312 3.274 3.297 3.325 3.357 3.393 3.434 3.479 3.528 3.581 3.639 3.701 3.767 3.816 3.707 3.591 3.469 3.340 3.205 3.064 2.916 2.762 2.601 2.434 2.261 2.124 2.171 2.231 2.304 2.390 2.488 2.599 2.723 2.859 3.008 3.171 3.345 3.486 3.492 3.479 3.447 3.397 3.327 3.238
4.695 4.650 4.604 4.555 4.506 4.455 4.402 4.348 4.293 4.200 4.104 4.013 3.928 3.846 3.770 3.699 3.632 3.570 3.513 3.464 3.424 3.391 3.358 3.324 3.288 3.250 3.211 3.171 3.130 3.087 3.042 2.996 2.949 2.985 3.032 3.083 3.138 3.198 3.262 3.330 3.403 3.479 3.560 3.646 3.735 3.597 3.453 3.302 3.145 2.981 2.812 2.635 2.453 2.264 2.068 1.867 1.683 1.787 1.903 2.033 2.175 2.330 2.498 2.678 2.871 3.077 3.296 3.527 3.722 3.644 3.547 3.432 3.297 3.144 2.972
4.286 4.236 4.184 4.131 4.076 4.020 3.963 3.904 3.843 3.766 3.688 3.614 3.544 3.480 3.420 3.366 3.315 3.270 3.230 3.198 3.174 3.141 3.102 3.061 3.018 2.975 2.930 2.883 2.835 2.786 2.735 2.683 2.629 2.668 2.734 2.804 2.879 2.958 3.041 3.128 3.220 3.315 3.416 3.520 3.629 3.494 3.321 3.142 2.957 2.765 2.567 2.362 2.151 1.933 1.710 1.480 1.243 1.390 1.563 1.749 1.948 2.159 2.383 2.620 2.870 3.132 3.408 3.821 4.424 4.558 4.657 4.723 4.755 4.752 4.715
3.878 3.823 3.766 3.708 3.648 3.587 3.525 3.461 3.395 3.329 3.267 3.210 3.158 3.110 3.067 3.029 2.995 2.967 2.943 2.928 2.921 2.893 2.847 2.800 2.751 2.701 2.650 2.597 2.543 2.487 2.430 2.371 2.311 2.347 2.432 2.522 2.615 2.713 2.815 2.921 3.032 3.147 3.266 3.390 3.517 3.398 3.197 2.989 2.775 2.555 2.328 2.095 1.856 1.610 1.358 1.100 0.835 0.980 1.255 1.637 2.072 2.560 3.101 3.695 4.342 5.043 5.796 6.603 7.463 7.504 7.452 7.366 7.246 7.092 6.904
3.472 3.412 3.350 3.287 3.223 3.157 3.089 3.020 2.950 2.889 2.843 2.803 2.767 2.736 2.709 2.688 2.671 2.659 2.652 2.654 2.664 2.647 2.595 2.541 2.486 2.430 2.372 2.313 2.252 2.190 2.127 2.062 1.995 2.022 2.126 2.235 2.347 2.464 2.585 2.711 2.840 2.974 3.112 3.255 3.402 3.308 3.079 2.843 2.601 2.372 2.172 1.972 1.772 1.571 1.371 1.170 0.970 1.298 1.862 2.479 3.150 3.873 4.649 5.479 6.361 7.297 8.286 9.328 10.423 10.480 10.277 10.040 9.768 9.462 9.123
3.069 3.003 2.937 2.868 2.799 2.728 2.655 2.581 2.506 2.444 2.415 2.391 2.372 2.358 2.348 2.343 2.343 2.348 2.357 2.376 2.403 2.402 2.344 2.284 2.223 2.160 2.096 2.030 1.964 1.895 1.825 1.754 1.681 1.693 1.816 1.944 2.075 2.211 2.351 2.496 2.659 2.849 3.043 3.240 3.439 3.428 3.227 3.027 2.827 2.626 2.426 2.225 2.024 1.823 1.623 1.422 1.221 1.615 2.414 3.267 4.172 5.131 6.142 7.207 8.324 9.495 10.719 11.996 13.325 13.487 13.132 12.743 12.320 11.863 11.372
2.667 2.596 2.525 2.451 2.377 2.301 2.223 2.144 2.064 1.996 1.984 1.976 1.974 1.976 1.983 1.995 2.012 2.033 2.059 2.094 2.138 2.160 2.095 2.029 1.962 1.893 1.822 1.750 1.677 1.602 1.526 1.464 1.427 1.461 1.643 1.829 2.017 2.209 2.404 2.602 2.803 3.008 3.215 3.426 3.639 3.683 3.482 3.282 3.081 2.880 2.679 2.478 2.277 2.075 1.874 1.673 1.471 1.877 2.911 3.999 5.139 6.333 7.579 8.879 10.231 11.637 13.096 14.607 16.172 16.523 16.017 15.477 14.903 14.295 13.652
2.267 2.191 2.115 2.036 1.957 1.876 1.793 1.709 1.624 1.544 1.548 1.558 1.572 1.591 1.614 1.643 1.676 1.714 1.757 1.809 1.869 1.920 1.858 1.811 1.767 1.724 1.684 1.646 1.610 1.576 1.544 1.514 1.487 1.505 1.701 1.900 2.103 2.309 2.517 2.729 2.944 3.163 3.384 3.608 3.836 3.939 3.737 3.536 3.335 3.133 2.932 2.731 2.529 2.327 2.126 1.924 1.722 2.083 3.353 4.675 6.051 7.479 8.961 10.495 12.082 13.723 15.416 17.162 18.961 19.589 18.932 18.241 17.516 16.756 15.963
1.868 1.788 1.706 1.623 1.539 1.453 1.365 1.276 1.186 1.094 1.109 1.135 1.166 1.201 1.248 1.337 1.426 1.513 1.600 1.686 1.773 1.859 1.822 1.785 1.750 1.717 1.686 1.657 1.630 1.606 1.583 1.563 1.544 1.545 1.755 1.969 2.185 2.405 2.627 2.853 3.082 3.314 3.549 3.787 4.029 4.194 3.992 3.790 3.589 3.387 3.185 2.983 2.781 2.579 2.377 2.174 1.972 2.235 3.740 5.297 6.907 8.570 10.286 12.055 13.877 15.752 17.680 19.660 21.694 22.685 21.877 21.035 20.159 19.248 18.304
1.472 1.387 1.300 1.212 1.123 1.032 0.939 0.858 0.823 0.789 0.857 0.947 1.036 1.124 1.211 1.297 1.383 1.467 1.550 1.633 1.716 1.798 1.785 1.757 1.731 1.707 1.686 1.666 1.648 1.633 1.620 1.608 1.599 1.592 1.806 2.033 2.263 2.497 2.733 2.973 3.216 3.462 3.711 3.963 4.218 4.449 4.247 4.044 3.842 3.640 3.438 3.235 3.033 2.830 2.628 2.425 2.222 2.333 4.072 5.864 7.708 9.606 11.556 13.560 15.616 17.725 19.887 22.102 24.370 25.812 24.852 23.859 22.832 21.771 20.676
1.093 1.054 1.017 0.981 0.945 0.911 0.878 0.846 0.815 0.785 0.835 0.922 1.008 1.092 1.176 1.259 1.340 1.421 1.500 1.580 1.660 1.739 1.745 1.726 1.710 1.695 1.683 1.672 1.664 1.658 1.654 1.652 1.652 1.654 1.853 2.094 2.338 2.586 2.836 3.090 3.346 3.606 3.869 4.134 4.403 4.675 4.501 4.298 4.096 3.893 3.690 3.487 3.285 3.082 2.878 2.675 2.472 2.375 4.349 6.375 8.454 10.586 12.771 15.009 17.299 19.643 22.039 24.488 26.990 28.968 27.858 26.714 25.536 24.324 23.078
1.054 1.019 0.986 0.953 0.922 0.891 0.862 0.833 0.806 0.779 0.815 0.898 0.980 1.061 1.141 1.221 1.299 1.376 1.452 1.528 1.604 1.680 1.703 1.694 1.686 1.681 1.678 1.677 1.678 1.681 1.686 1.693 1.702 1.714 1.897 2.152 2.410 2.671 2.935 3.202 3.473 3.746 4.023 4.303 4.585 4.871 4.755 4.552 4.349 4.146 3.943 3.739 3.536 3.333 3.129 2.926 2.722 2.518 4.571 6.832 9.145 11.511 13.930 16.402 18.927 21.504 24.134 26.817 29.553 31.916 30.190 28.651 27.300 26.136 25.160
1.015 0.984 0.954 0.925 0.897 0.870 0.844 0.819 0.796 0.773 0.795 0.874 0.953 1.031 1.108 1.183 1.258 1.332 1.405 1.477 1.550 1.622 1.659 1.658 1.660 1.664 1.670 1.679 1.689 1.701 1.715 1.732 1.750 1.771 1.937 2.206 2.478 2.753 3.031 3.312 3.596 3.883 4.174 4.467 4.764 5.063 5.009 4.805 4.602 4.398 4.195 3.991 3.787 3.583 3.379 3.175 2.971 2.767 4.738 7.233 9.725 12.092 14.411 16.681 18.904 21.078 23.205 25.283 27.313 29.294 28.586 27.875 27.352 27.016 26.867
0.975 0.947 0.921 0.895 0.871 0.848 0.826 0.805 0.785 0.766 0.776 0.852 0.927 1.002 1.075 1.147 1.219 1.289 1.358 1.428 1.497 1.565 1.612 1.621 1.632 1.645 1.661 1.678 1.698 1.719 1.743 1.768 1.796 1.826 1.974 2.257 2.542 2.831 3.123 3.418 3.716 4.017 4.321 4.628 4.939 5.252 5.262 5.059 4.855 4.651 4.447 4.232 3.995 3.761 3.532 3.306 3.084 2.866 4.422 6.673 8.877 11.032 13.138 15.197 17.208 19.170 21.084 22.950 24.768 26.538 26.799 26.916 27.220 27.711 28.389
0.933 0.910 0.887 0.865 0.845 0.825 0.807 0.789 0.773 0.757 0.758 0.830 0.902 0.973 1.043 1.112 1.180 1.247 1.313 1.379 1.444 1.509 1.563 1.581 1.602 1.624 1.649 1.675 1.704 1.735 1.768 1.803 1.840 1.879 2.008 2.304 2.603 2.906 3.211 3.520 3.832 4.147 4.460 4.753 5.033 5.299 5.320 5.080 4.845 4.613 4.385 4.161 3.941 3.725 3.512 3.304 3.099 2.899 4.048 6.087 8.078 10.021 11.916 13.763 15.561 17.312 19.014 20.669 22.275 23.833 24.829 25.773 26.903 28.221 29.726
