DATA/SHG/ECMWF/20170628/EN-35/20170712.en-35.asc
ncols        190
nrows        64
xllcorner    -5100000.000000000000
yllcorner    4130000.000000000000
cellsize     10000.000000000000
NODATA_value  -99999.000
[rows 0 to 33 of 64, columns 0 to 75 of 190]
2.061 2.098 2.132 2.162 2.188 2.210 2.229 2.244 2.256 2.611 3.082 3.560 4.043 4.534 5.030 5.533 6.042 6.558 7.080 7.586 8.071 8.203 8.186 8.179 8.182 8.195 8.218 8.251 8.295 8.348 8.412 8.485 8.569 8.464 8.223 7.971 7.707 7.433 7.147 6.849 6.541 6.221 5.889 5.546 5.192 5.017 5.010 5.009 5.015 5.027 5.045 5.070 5.102 5.140 5.184 5.234 5.291 5.293 5.225 5.160 5.098 5.039 4.983 4.929 4.879 4.832 4.788 4.747 4.709 4.808 5.124 5.437 5.748 6.056 6.361 6.664
1.875 1.900 1.920 1.937 1.951 1.960 1.966 1.969 1.967 2.263 2.757 3.257 3.814 4.357 4.883 5.392 5.885 6.361 6.821 7.264 7.691 7.889 7.907 7.936 7.975 8.023 8.082 8.151 8.230 8.319 8.418 8.527 8.646 8.588 8.307 8.015 7.712 7.397 7.071 6.733 6.385 6.025 5.654 5.271 4.877 4.636 4.652 4.674 4.702 4.737 4.778 4.826 4.880 4.940 5.007 5.080 5.160 5.198 5.141 5.086 5.035 4.986 4.941 4.898 4.859 4.822 4.789 4.758 4.730 4.788 5.095 5.399 5.701 6.000 6.297 6.548
1.694 1.705 1.713 1.717 1.735 1.822 1.908 1.992 2.074 2.367 2.901 3.418 3.919 4.403 4.871 5.322 5.757 6.175 6.576 6.961 7.329 7.564 7.618 7.683 7.757 7.841 7.935 8.040 8.154 8.279 8.414 8.558 8.713 8.723 8.403 8.071 7.727 7.373 7.007 6.629 6.241 5.841 5.430 5.007 4.573 4.250 4.289 4.333 4.384 4.442 4.505 4.575 4.652 4.735 4.824 4.920 5.022 5.101 5.054 5.010 4.969 4.931 4.896 4.864 4.835 4.809 4.786 4.766 4.741 4.740 5.004 5.252 5.486 5.704 5.907 6.095
1.808 1.896 1.982 2.067 2.150 2.231 2.310 2.388 2.464 2.665 3.140 3.599 4.042 4.467 4.877 5.270 5.646 6.006 6.349 6.675 6.985 7.230 7.319 7.419 7.529 7.649 7.779 7.919 8.069 8.229 8.399 8.579 8.770 8.871 8.510 8.138 7.755 7.360 6.954 6.537 6.109 5.669 5.218 4.756 4.282 3.859 3.919 3.987 4.060 4.140 4.226 4.319 4.418 4.523 4.635 4.754 4.878 5.001 4.964 4.931 4.904 4.917 4.918 4.909 4.889 4.858 4.816 4.763 4.699 4.624 4.830 5.026 5.206 5.372 5.522 5.657
2.248 2.330 2.410 2.489 2.565 2.640 2.714 2.785 2.855 2.980 3.397 3.797 4.181 4.549 4.900 5.235 5.553 5.854 6.139 6.408 6.660 6.885 7.010 7.145 7.291 7.446 7.612 7.787 7.973 8.168 8.374 8.590 8.815 9.029 8.629 8.217 7.794 7.359 6.914 6.457 5.988 5.509 5.018 4.516 4.002 3.478 3.544 3.634 3.730 3.832 3.941 4.057 4.178 4.325 4.538 4.750 4.962 5.173 5.198 5.194 5.179 5.153 5.117 5.069 5.011 4.941 4.861 4.770 4.668 4.555 4.670 4.813 4.941 5.054 5.151 5.234
2.690 2.766 2.840 2.912 2.982 3.051 3.118 3.184 3.248 3.312 3.671 4.013 4.339 4.648 4.941 5.217 5.477 5.721 5.947 6.158 6.352 6.529 6.690 6.861 7.042 7.233 7.434 7.645 7.866 8.097 8.338 8.590 8.851 9.122 8.759 8.308 7.845 7.370 6.885 6.388 5.880 5.360 4.830 4.288 3.735 3.170 3.206 3.419 3.631 3.844 4.056 4.268 4.480 4.692 4.904 5.115 5.326 5.537 5.560 5.517 5.464 5.400 5.325 5.239 5.143 5.035 4.917 4.787 4.647 4.496 4.525 4.615 4.691 4.751 4.795 4.825
3.133 3.202 3.270 3.336 3.401 3.464 3.525 3.584 3.641 3.697 3.962 4.246 4.514 4.765 4.999 5.218 5.419 5.605 5.773 5.926 6.062 6.181 6.361 6.567 6.784 7.010 7.246 7.493 7.749 8.016 8.292 8.579 8.876 9.182 8.901 8.410 7.907 7.393 6.867 6.330 5.809 5.310 4.835 4.383 3.955 3.549 3.577 3.789 4.001 4.213 4.425 4.636 4.848 5.059 5.270 5.480 5.691 5.901 5.931 5.851 5.759 5.657 5.544 5.420 5.285 5.139 4.983 4.815 4.637 4.448 4.395 4.432 4.454 4.462 4.454 4.431
3.577 3.640 3.702 3.762 3.820 3.877 3.932 3.985 4.037 4.086 4.270 4.496 4.706 4.899 5.075 5.236 5.379 5.507 5.617 5.712 5.789 5.851 6.021 6.263 6.515 6.776 7.048 7.330 7.622 7.924 8.236 8.558 8.823 9.062 8.808 8.251 7.718 7.209 6.722 6.259 5.819 5.402 5.009 4.639 4.292 3.968 3.948 4.160 4.371 4.582 4.793 5.004 5.215 5.425 5.635 5.845 6.055 6.264 6.313 6.194 6.065 5.924 5.773 5.611 5.438 5.254 5.059 4.853 4.637 4.410 4.278 4.263 4.233 4.188 4.127 4.052
4.022 4.079 4.135 4.189 4.241 4.292 4.340 4.387 4.433 4.477 4.596 4.764 4.915 5.050 5.169 5.271 5.357 5.426 5.479 5.515 5.535 5.538 5.671 5.948 6.236 6.499 6.756 7.008 7.255 7.497 7.734 7.965 8.192 8.413 8.304 7.830 7.378 6.950 6.545 6.164 5.806 5.471 5.159 4.870 4.605 4.363 4.319 4.530 4.740 4.951 5.161 5.371 5.581 5.791 6.000 6.209 6.418 6.627 6.705 6.548 6.380 6.202 6.012 5.812 5.601 5.379 5.146 4.902 4.647 4.382 4.177 4.109 4.026 3.928 3.815 3.687
4.468 4.520 4.569 4.617 4.663 4.707 4.750 4.791 4.830 4.868 4.939 5.049 5.142 5.219 5.280 5.324 5.352 5.358 5.321 5.280 5.236 5.188 5.249 5.504 5.753 5.998 6.237 6.471 6.700 6.925 7.144 7.358 7.567 7.771 7.778 7.385 7.015 6.669 6.346 6.046 5.769 5.515 5.285 5.078 4.894 4.734 4.689 4.899 5.109 5.319 5.529 5.738 5.947 6.156 6.365 6.573 6.782 6.990 7.107 6.912 6.706 6.489 6.261 6.023 5.774 5.514 5.243 4.961 4.668 4.365 4.089 3.969 3.833 3.683 3.518 3.337
4.916 4.961 5.005 5.046 5.086 5.125 5.161 5.196 5.229 5.261 5.271 5.246 5.217 5.184 5.148 5.109 5.067 5.021 4.972 4.919 4.863 4.804 4.806 5.043 5.275 5.502 5.723 5.940 6.152 6.358 6.560 6.757 6.948 7.135 7.228 6.917 6.629 6.364 6.123 5.904 5.709 5.537 5.388 5.263 5.160 5.081 5.059 5.269 5.478 5.687 5.896 6.104 6.313 6.521 6.729 6.937 7.144 7.352 7.518 7.285 7.041 6.787 6.521 6.244 5.957 5.659 5.350 5.030 4.700 4.358 4.016 3.843 3.655 3.452 3.266 3.124
5.365 5.404 5.441 5.417 5.344 5.276 5.214 5.157 5.106 5.060 5.021 4.983 4.943 4.898 4.851 4.800 4.745 4.688 4.627 4.562 4.494 4.423 4.369 4.588 4.802 5.012 5.216 5.415 5.609 5.798 5.982 6.161 6.335 6.504 6.656 6.426 6.220 6.036 5.876 5.739 5.625 5.535 5.468 5.423 5.402 5.405 5.430 5.638 5.846 6.054 6.262 6.470 6.678 6.886 7.093 7.300 7.507 7.714 7.920 7.669 7.387 7.094 6.791 6.476 6.151 5.815 5.468 5.104 4.740 4.384 4.037 3.874 3.737 3.610 3.495 3.391
5.225 5.155 5.090 5.031 4.977 4.929 4.887 4.850 4.819 4.793 4.773 4.725 4.673 4.616 4.557 4.494 4.428 4.359 4.286 4.209 4.130 4.047 3.961 4.139 4.336 4.528 4.714 4.896 5.073 5.244 5.411 5.572 5.729 5.880 6.027 5.912 5.787 5.685 5.607 5.551 5.519 5.509 5.523 5.561 5.621 5.704 5.811 6.006 6.214 6.421 6.629 6.836 7.043 7.250 7.456 7.663 7.869 8.075 8.281 8.063 7.687 7.294 6.909 6.532 6.164 5.804 5.453 5.109 4.774 4.448 4.130 3.978 3.879 3.791 3.714 3.648
4.773 4.723 4.678 4.638 4.605 4.576 4.554 4.537 4.526 4.520 4.520 4.471 4.407 4.339 4.267 4.193 4.115 4.034 3.949 3.861 3.770 3.675 3.577 3.696 3.875 4.050 4.219 4.383 4.542 4.696 4.845 4.989 5.128 5.262 5.391 5.375 5.332 5.311 5.314 5.340 5.389 5.461 5.556 5.674 5.816 5.980 6.168 6.374 6.581 6.788 6.995 7.201 7.407 7.571 7.710 7.832 7.937 8.024 8.094 7.853 7.481 7.117 6.761 6.413 6.074 5.743 5.421 5.107 4.801 4.504 4.215 4.071 4.010 3.960 3.922 3.894
4.316 4.285 4.260 4.240 4.226 4.218 4.215 4.218 4.227 4.241 4.261 4.221 4.145 4.065 3.982 3.896 3.806 3.713 3.616 3.516 3.413 3.307 3.197 3.259 3.421 3.577 3.729 3.876 4.017 4.154 4.285 4.412 4.533 4.650 4.761 4.816 4.853 4.914 4.998 5.105 5.235 5.388 5.565 5.764 5.987 6.233 6.510 6.745 6.927 7.092 7.240 7.371 7.484 7.581 7.659 7.721 7.766 7.793 7.803 7.610 7.267 6.932 6.605 6.287 5.977 5.675 5.382 5.097 4.820 4.552 4.292 4.154 4.131 4.120 4.119 4.129
3.853 3.842 3.837 3.837 3.843 3.854 3.872 3.894 3.923 3.957 3.996 3.975 3.887 3.795 3.700 3.602 3.501 3.396 3.288 3.176 3.061 2.943 2.821 2.828 2.972 3.111 3.245 3.374 3.498 3.617 3.731 3.840 3.944 4.043 4.137 4.233 4.352 4.494 4.664 4.884 5.120 5.372 5.641 5.926 6.227 6.545 6.879 7.134 7.256 7.361 7.448 7.519 7.572 7.607 7.626 7.628 7.612 7.579 7.528 7.359 7.045 6.739 6.441 6.152 5.871 5.599 5.334 5.078 4.831 4.592 4.361 4.227 4.242 4.269 4.306 4.354
3.384 3.393 3.408 3.428 3.454 3.485 3.522 3.564 3.613 3.666 3.726 3.733 3.633 3.530 3.423 3.313 3.200 3.083 2.963 2.840 2.713 2.583 2.450 2.402 2.529 2.650 2.767 2.879 2.985 3.087 3.184 3.288 3.420 3.548 3.673 3.825 4.053 4.297 4.558 4.835 5.129 5.438 5.765 6.107 6.466 6.841 7.232 7.540 7.601 7.646 7.673 7.683 7.676 7.651 7.610 7.551 7.475 7.382 7.271 7.100 6.815 6.538 6.270 6.010 5.758 5.514 5.279 5.052 4.834 4.624 4.422 4.289 4.342 4.407 4.482 4.568
2.910 2.939 2.973 3.013 3.059 3.110 3.167 3.229 3.297 3.371 3.450 3.495 3.383 3.268 3.150 3.028 2.903 2.774 2.643 2.508 2.369 2.227 2.082 1.983 2.109 2.252 2.391 2.527 2.660 2.790 2.917 3.040 3.160 3.277 3.391 3.530 3.816 4.118 4.436 4.770 5.121 5.488 5.871 6.271 6.687 7.120 7.568 7.962 7.963 7.947 7.914 7.864 7.797 7.712 7.610 7.491 7.355 7.202 7.031 6.834 6.578 6.330 6.091 5.860 5.637 5.422 5.216 5.019 4.829 4.648 4.475 4.341 4.432 4.535 4.648 4.772
2.431 2.479 2.533 2.593 2.658 2.729 2.806 2.888 2.976 3.069 3.168 3.260 3.137 3.010 2.880 2.747 2.610 2.485 2.369 2.253 2.138 2.024 1.911 1.808 1.942 2.074 2.202 2.327 2.449 2.568 2.683 2.796 2.905 3.011 3.113 3.219 3.562 3.921 4.297 4.688 5.096 5.521 5.961 6.418 6.892 7.381 7.887 8.401 8.342 8.266 8.173 8.062 7.934 7.790 7.628 7.448 7.252 7.039 6.808 6.560 6.333 6.114 5.904 5.702 5.508 5.323 5.146 4.977 4.816 4.664 4.520 4.385 4.512 4.652 4.803 4.965
1.946 2.014 2.088 2.167 2.252 2.343 2.439 2.541 2.649 2.762 2.898 3.028 2.933 2.816 2.700 2.584 2.469 2.354 2.240 2.127 2.015 1.903 1.791 1.681 1.779 1.900 2.017 2.131 2.242 2.349 2.453 2.555 2.653 2.747 2.839 2.928 3.292 3.708 4.141 4.590 5.055 5.537 6.035 6.549 7.080 7.626 8.189 8.769 8.737 8.601 8.447 8.277 8.089 7.884 7.662 7.423 7.166 6.893 6.602 6.294 6.080 5.891 5.709 5.536 5.372 5.215 5.067 4.927 4.796 4.673 4.558 4.451 4.581 4.759 4.926 5.036
1.455 1.543 1.637 1.817 1.987 2.145 2.292 2.428 2.552 2.665 2.766 2.856 2.790 2.675 2.561 2.448 2.335 2.223 2.111 2.000 1.890 1.781 1.672 1.564 1.620 1.729 1.835 1.938 2.037 2.134 2.227 2.317 2.404 2.488 2.568 2.646 3.006 3.479 3.969 4.475 4.998 5.537 6.092 6.663 7.251 7.854 8.475 9.111 9.149 8.953 8.739 8.508 8.260 7.995 7.713 7.414 7.097 6.764 6.413 6.045 5.820 5.660 5.507 5.363 5.227 5.100 4.981 4.851 4.695 4.542 4.394 4.248 4.287 4.391 4.491 4.588
1.520 1.684 1.837 1.978 2.108 2.226 2.333 2.429 2.513 2.586 2.648 2.698 2.647 2.534 2.422 2.311 2.201 2.091 1.981 1.873 1.765 1.658 1.551 1.446 1.464 1.562 1.657 1.748 1.837 1.922 2.005 2.084 2.159 2.232 2.301 2.368 2.703 3.234 3.781 4.344 4.924 5.519 6.132 6.760 7.405 8.066 8.743 9.437 9.577 9.321 9.047 8.756 8.449 8.124 7.781 7.422 7.046 6.652 6.241 5.813 5.536 5.367 5.202 5.041 4.883 4.729 4.579 4.432 4.288 4.148 4.012 3.879 3.882 3.973 4.061 4.144
1.813 1.937 2.049 2.150 2.240 2.319 2.386 2.442 2.486 2.519 2.541 2.551 2.502 2.392 2.283 2.174 2.066 1.958 1.851 1.745 1.640 1.535 1.431 1.327 1.311 1.398 1.482 1.563 1.640 1.714 1.785 1.853 1.918 1.980 2.038 2.093 2.384 2.971 3.576 4.196 4.833 5.486 6.155 6.841 7.542 8.260 8.995 9.745 10.022 9.706 9.372 9.021 8.653 8.190 7.685 7.191 6.710 6.240 5.782 5.336 5.026 4.870 4.718 4.569 4.424 4.282 4.144 4.010 3.879 3.752 3.628 3.508 3.481 3.559 3.634 3.705
2.117 2.201 2.274 2.335 2.385 2.424 2.451 2.467 2.472 2.465 2.447 2.418 2.358 2.250 2.143 2.036 1.930 1.825 1.721 1.617 1.514 1.411 1.309 1.208 1.162 1.238 1.311 1.380 1.447 1.510 1.570 1.627 1.680 1.731 1.778 1.822 2.048 2.693 3.354 4.032 4.726 5.436 6.162 6.904 7.663 8.438 9.100 9.701 9.932 9.410 8.899 8.399 7.912 7.436 6.972 6.520 6.080 5.651 5.234 4.829 4.514 4.370 4.231 4.094 3.962 3.833 3.707 3.585 3.467 3.352 3.241 3.133 3.084 3.150 3.211 3.269
2.434 2.478 2.511 2.532 2.542 2.541 2.529 2.505 2.470 2.423 2.365 2.296 2.213 2.107 2.002 1.898 1.795 1.692 1.590 1.488 1.387 1.287 1.188 1.089 1.017 1.082 1.143 1.202 1.257 1.309 1.358 1.404 1.446 1.486 1.522 1.555 1.696 2.398 3.116 3.821 4.501 5.159 5.795 6.407 6.998 7.566 8.111 8.634 8.963 8.481 8.011 7.553 7.107 6.672 6.249 5.838 5.439 5.051 4.676 4.312 3.999 3.868 3.741 3.617 3.497 3.380 3.267 3.158 3.052 2.949 2.851 2.755 2.692 2.744 2.793 2.838
2.763 2.767 2.760 2.741 2.712 2.671 2.619 2.555 2.480 2.394 2.296 2.187 2.067 1.964 1.861 1.760 1.658 1.558 1.458 1.359 1.260 1.163 1.065 0.969 0.875 0.929 0.979 1.027 1.071 1.112 1.150 1.185 1.237 1.289 1.342 1.394 1.462 2.132 2.779 3.403 4.005 4.585 5.142 5.677 6.189 6.679 7.146 7.591 7.983 7.542 7.113 6.696 6.291 5.898 5.516 5.146 4.788 4.441 4.106 3.783 3.481 3.363 3.248 3.137 3.029 2.925 2.824 2.727 2.634 2.544 2.458 2.375 2.303 2.343 2.378 2.411
3.111 3.068 3.021 2.963 2.893 2.813 2.721 2.617 2.503 2.377 2.239 2.091 1.931 1.820 1.720 1.620 1.522 1.423 1.326 1.229 1.133 1.037 0.943 0.848 0.756 0.789 0.840 0.892 0.944 0.996 1.048 1.101 1.154 1.207 1.260 1.314 1.368 1.894 2.462 3.009 3.533 4.034 4.513 4.970 5.404 5.815 6.205 6.571 6.916 6.593 6.205 5.829 5.465 5.113 4.772 4.443 4.126 3.820 3.527 3.245 2.974 2.855 2.752 2.654 2.558 2.467 2.379 2.294 2.213 2.136 2.062 1.992 1.925 1.945 1.968 1.987
3.458 3.380 3.294 3.196 3.087 2.967 2.835 2.692 2.537 2.372 2.195 2.006 1.807 1.676 1.578 1.481 1.384 1.302 1.244 1.176 1.098 1.012 0.916 0.811 0.696 0.700 0.752 0.805 0.857 0.910 0.964 1.017 1.071 1.125 1.179 1.234 1.288 1.679 2.169 2.637 3.083 3.506 3.907 4.286 4.642 4.975 5.287 5.575 5.842 5.634 5.287 4.952 4.629 4.317 4.018 3.730 3.454 3.189 2.936 2.695 2.466 2.344 2.254 2.168 2.085 2.006 1.930 1.858 1.790 1.725 1.663 1.606 1.551 1.551 1.562 1.568
3.805 3.705 3.579 3.442 3.293 3.133 2.961 2.778 2.584 2.379 2.191 2.028 1.858 1.753 1.699 1.636 1.563 1.481 1.390 1.289 1.180 1.060 0.932 0.794 0.646 0.611 0.664 0.717 0.771 0.825 0.879 0.933 0.988 1.043 1.098 1.153 1.208 1.487 1.899 2.289 2.657 3.002 3.325 3.625 3.903 4.159 4.392 4.603 4.792 4.664 4.358 4.064 3.782 3.512 3.253 3.006 2.771 2.547 2.335 2.135 1.947 1.830 1.753 1.679 1.609 1.542 1.479 1.420 1.364 1.311 1.262 1.217 1.175 1.162 1.159 1.166
4.153 4.042 3.876 3.728 3.589 3.443 3.290 3.130 2.963 2.789 2.608 2.420 2.225 2.073 1.986 1.890 1.785 1.670 1.546 1.413 1.270 1.118 0.957 0.786 0.606 0.521 0.575 0.630 0.684 0.739 0.794 0.849 0.904 0.960 1.016 1.072 1.129 1.318 1.652 1.964 2.254 2.521 2.766 2.988 3.188 3.366 3.521 3.654 3.765 3.684 3.419 3.166 2.925 2.695 2.478 2.272 2.077 1.895 1.724 1.565 1.417 1.314 1.249 1.188 1.130 1.076 1.025 0.978 0.954 0.960 0.964 0.966 0.966 0.985 1.023 1.063
4.696 4.631 4.481 4.325 4.161 3.990 3.813 3.628 3.437 3.238 3.033 2.820 2.600 2.403 2.283 2.155 2.016 1.869 1.712 1.546 1.371 1.186 0.992 0.789 0.576 0.432 0.487 0.542 0.597 0.653 0.709 0.765 0.821 0.878 0.934 0.991 1.048 1.171 1.428 1.662 1.874 2.063 2.230 2.374 2.497 2.597 2.674 2.729 2.762 2.693 2.470 2.258 2.057 1.869 1.692 1.527 1.373 1.232 1.102 0.983 0.877 0.829 0.843 0.854 0.864 0.871 0.876 0.879 0.880 0.879 0.875 0.870 0.862 0.873 0.916 0.960
5.334 5.283 5.109 4.928 4.740 4.545 4.342 4.133 3.917 3.694 3.464 3.227 2.983 2.742 2.590 2.428 2.258 2.078 1.888 1.689 1.481 1.264 1.037 0.801 0.556 0.342 0.398 0.454 0.510 0.567 0.623 0.680 0.737 0.795 0.852 0.910 0.968 1.048 1.227 1.383 1.517 1.628 1.717 1.784 1.828 1.850 1.850 1.827 1.782 1.693 1.510 1.339 1.180 1.032 0.993 1.011 1.014 1.001 0.972 0.927 0.865 0.809 0.815 0.819 0.821 0.821 0.819 0.814 0.808 0.799 0.789 0.776 0.761 0.761 0.808 0.855
5.972 5.929 5.744 5.538 5.325 5.106 4.879 4.645 4.404 4.157 3.902 3.640 3.372 3.096 2.906 2.712 2.508 2.296 2.074 1.842 1.602 1.352 1.092 0.824 0.546 0.258 0.309 0.366 0.423 0.480 0.538 0.596 0.654 0.712 0.770 0.829 0.888 0.948 1.049 1.127 1.183 1.217 1.228 1.217 1.183 1.128 1.050 1.094 1.205 1.318 1.361 1.388 1.400 1.395 1.374 1.337 1.283 1.214 1.129 1.028 0.910 0.790 0.789 0.786 0.780 0.773 0.763 0.752 0.738 0.722 0.704 0.684 0.662 0.648 0.698 0.750
6.609 6.566 6.386 6.156 5.918 5.674 5.422 5.164 4.899 4.627 4.347 4.061 3.768 3.468 3.232 3.005 2.769 2.524 2.269 2.005 1.732 1.449 1.157 0.856 0.545 0.225 0.220 0.278 0.336 0.394 0.452 0.511 0.570 0.629 0.688 0.748 0.807 0.867 0.894 0.894 0.959 1.048 1.143 1.244 1.352 1.466 1.586 1.712 1.844 1.982 1.982 1.953 1.908 1.847 1.770 1.677 1.568 1.443 1.301 1.144 0.971 0.782 0.765 0.754 0.742 0.727 0.710 0.691 0.670 0.647 0.622 0.595 0.565 0.534 0.588 0.644
