DATA/SHG/ECMWF/20170628/EN-35/20170705.en-35.asc
ncols        190
nrows        64
xllcorner    -5100000.000000000000
yllcorner    4130000.000000000000
cellsize     10000.000000000000
NODATA_value  -99999.000
[rows 32 to 63 of 64, columns 0 to 72 of 190]
11.799 12.838 12.533 12.024 11.443 10.788 10.060 9.259 8.385 7.437 6.417 5.323 4.156 2.916 2.703 2.538 2.361 2.173 1.973 1.762 1.539 1.304 1.057 0.799 0.530 0.248 0.650 1.076 1.514 1.965 2.429 2.905 3.394 3.896 4.411 4.938 5.479 6.017 5.866 5.699 5.519 5.323 5.113 4.889 4.650 4.396 4.128 3.960 3.850 3.772 4.071 4.346 4.597 4.823 5.026 5.204 5.358 5.487 5.593 5.674 5.731 5.732 5.400 5.059 4.709 4.351 3.984 3.608 3.223 2.830 2.429 2.018 1.599
15.172 16.369 16.136 15.371 14.532 13.621 12.636 11.579 10.448 9.244 7.967 6.617 5.194 3.697 3.229 3.023 2.806 2.577 2.336 2.084 1.820 1.544 1.257 0.959 0.648 0.326 0.656 1.126 1.609 2.105 2.613 3.134 3.668 4.214 4.773 5.345 5.930 6.527 6.423 6.206 6.038 5.892 5.756 5.630 5.514 5.408 5.312 5.225 5.148 5.081 5.272 5.463 5.629 5.771 5.889 5.983 6.053 6.098 6.119 6.116 6.089 6.038 5.688 5.317 4.937 4.548 4.151 3.745 3.330 2.907 2.475 2.035 1.585
18.490 19.845 19.815 18.793 17.698 16.530 15.289 13.975 12.588 11.128 9.595 7.989 6.309 4.557 3.767 3.520 3.262 2.992 2.711 2.418 2.113 1.797 1.469 1.130 0.779 0.416 0.649 1.164 1.691 2.231 2.784 3.349 3.927 4.789 5.574 6.254 6.829 7.300 7.306 7.175 7.053 6.942 6.840 6.748 6.666 6.594 6.531 6.478 6.436 6.402 6.496 6.602 6.684 6.742 6.776 6.785 6.770 6.732 6.669 6.582 6.470 6.335 5.985 5.583 5.173 4.754 4.327 3.890 3.446 2.992 2.530 2.059 1.580
21.753 23.266 23.569 22.291 20.940 19.516 18.018 16.448 14.805 13.089 11.300 9.438 7.502 5.494 4.317 4.029 3.730 3.420 3.098 2.764 2.419 2.062 1.693 1.313 0.922 0.549 1.371 2.523 3.570 4.513 5.351 6.085 6.714 7.239 7.658 7.974 8.185 8.291 8.242 8.145 8.058 7.980 7.912 7.854 7.806 7.768 7.739 7.720 7.711 7.712 7.742 7.763 7.761 7.735 7.684 7.610 7.511 7.388 7.241 7.070 6.874 6.654 6.290 5.858 5.417 4.968 4.511 4.044 3.569 3.085 2.593 2.092 1.582
24.961 26.633 27.399 25.865 24.258 22.577 20.824 18.998 17.099 15.127 13.082 10.964 8.773 6.509 4.878 4.550 4.211 3.859 3.583 3.757 3.980 4.252 4.573 4.944 5.364 5.832 6.480 7.267 7.949 8.527 9.000 9.369 9.633 9.793 9.848 9.799 9.645 9.387 9.168 9.105 9.051 9.007 8.974 8.949 8.935 8.931 8.936 8.951 8.976 9.011 9.010 8.948 8.861 8.751 8.616 8.457 8.274 8.067 7.836 7.580 7.301 6.997 6.603 6.141 5.670 5.191 4.703 4.206 3.701 3.187 2.664 2.133 1.593
28.115 29.945 31.305 29.514 27.651 25.715 23.706 21.624 19.470 17.242 14.941 12.594 10.372 8.284 6.726 6.874 7.071 7.318 7.613 7.958 8.351 8.794 9.286 9.828 10.418 11.057 11.691 12.113 12.430 12.643 12.752 12.756 12.656 12.451 12.142 11.728 11.211 10.588 10.082 10.053 10.033 10.023 10.023 10.033 10.053 10.082 10.121 10.170 10.229 10.298 10.300 10.154 9.983 9.789 9.570 9.327 9.060 8.769 8.454 8.114 7.751 7.363 6.924 6.431 5.930 5.421 4.903 4.376 3.840 3.296 2.744 2.182 1.612
31.214 33.202 35.236 33.240 30.835 28.138 25.576 23.149 20.857 18.700 16.678 14.791 13.038 11.421 10.015 10.334 10.702 11.119 11.585 12.101 12.665 13.279 13.941 14.653 15.414 16.224 17.004 17.061 17.014 16.863 16.607 16.247 15.782 15.214 14.540 13.763 12.881 11.895 10.985 10.990 11.004 11.028 11.062 11.106 11.159 11.222 11.296 11.378 11.471 11.573 11.613 11.383 11.128 10.849 10.546 10.220 9.868 9.493 9.094 8.671 8.223 7.752 7.253 6.730 6.199 5.659 5.111 4.554 3.988 3.414 3.185 3.205 3.240
31.455 32.656 33.832 31.954 29.593 27.366 25.275 23.318 21.496 19.809 18.257 16.839 15.557 14.409 13.396 13.737 14.276 14.864 15.500 16.186 16.921 17.705 18.538 19.421 20.352 21.332 22.361 22.113 21.701 21.186 20.566 19.841 19.013 18.080 17.043 15.902 14.656 13.306 11.877 11.916 11.964 12.022 12.090 12.167 12.254 12.352 12.458 12.575 12.701 12.837 12.948 12.634 12.295 11.932 11.546 11.135 10.700 10.241 9.757 9.250 8.719 8.163 7.590 7.382 7.352 7.336 7.334 7.346 7.372 7.412 7.466 7.534 7.616
28.914 30.028 31.116 30.096 28.205 26.449 24.827 23.340 21.988 20.771 19.688 18.740 17.927 17.248 16.705 17.083 17.793 18.551 19.358 20.215 21.120 22.074 23.078 24.130 25.232 26.382 27.582 27.266 26.491 25.611 24.627 23.539 22.347 21.050 19.650 18.145 16.536 14.823 13.005 12.831 12.913 13.004 13.106 13.217 13.338 13.469 13.610 13.760 13.920 14.090 14.270 13.907 13.485 13.038 12.567 12.072 11.647 11.337 11.129 11.022 11.016 11.111 11.307 11.311 11.329 11.361 11.406 11.466 11.540 11.627 11.728 11.844 11.973
26.404 27.430 28.430 28.094 26.672 25.386 24.234 23.217 22.334 21.586 20.973 20.494 20.150 19.940 19.865 20.373 21.252 22.181 23.159 24.185 25.261 26.386 27.560 28.782 30.054 31.375 32.744 32.522 31.383 30.139 28.792 27.340 25.785 24.125 22.361 20.493 18.520 16.444 14.264 13.734 13.850 13.976 14.111 14.256 14.411 14.576 14.750 14.934 15.128 15.148 15.100 14.643 14.179 13.816 13.554 13.393 13.333 13.374 13.516 13.760 14.104 14.549 15.095 15.222 15.287 15.367 15.460 15.567 15.688 15.823 15.972 16.135 16.312
23.925 24.862 25.775 25.947 24.995 24.178 23.495 22.947 22.534 22.255 22.110 22.100 22.225 22.484 22.878 23.605 24.655 25.754 26.902 28.099 29.345 30.640 31.984 33.376 34.818 36.309 37.849 37.880 36.377 34.771 33.060 31.245 29.326 27.303 25.176 22.945 20.609 18.170 15.627 14.627 14.777 14.936 15.058 15.141 15.186 15.194 15.165 15.099 14.995 14.854 14.675 14.476 14.362 14.350 14.438 14.628 14.918 15.310 15.802 16.395 17.090 17.885 18.781 19.115 19.228 19.355 19.496 19.650 19.819 20.001 20.198 20.408 20.632
21.476 22.326 23.151 23.655 23.173 22.825 22.611 22.532 22.587 22.777 23.101 23.560 24.153 24.880 25.742 26.781 28.001 29.270 30.588 31.955 33.371 34.836 36.350 37.913 39.525 41.185 42.895 43.340 41.474 39.504 37.430 35.252 32.970 30.584 28.086 25.236 22.446 19.716 17.046 15.626 15.691 15.718 15.708 15.662 15.577 15.456 15.297 15.101 14.867 14.596 14.288 14.209 14.446 14.784 15.223 15.762 16.403 17.144 17.986 18.930 19.974 21.119 22.365 22.990 23.150 23.325 23.513 23.715 23.931 24.161 24.405 24.663 24.934
19.058 19.821 20.558 21.220 21.206 21.327 21.582 21.971 22.495 23.153 23.945 24.872 25.933 27.129 28.458 29.900 31.290 32.730 34.218 35.755 37.341 38.976 40.659 42.392 44.174 46.004 47.883 48.788 45.725 42.721 39.778 36.895 34.073 31.310 28.608 25.966 23.385 20.863 18.402 16.702 16.637 16.535 16.396 16.219 16.005 15.754 15.465 15.140 14.777 14.376 13.939 13.843 14.430 15.118 15.907 16.796 17.787 18.878 20.070 21.363 22.756 24.251 25.846 26.846 27.054 27.276 27.512 27.761 28.025 28.302 28.594 28.899 29.218
16.671 17.346 17.996 18.621 19.095 19.684 20.407 21.265 22.257 23.383 24.643 26.038 27.567 29.230 31.027 32.959 34.523 36.132 37.790 39.497 41.075 42.066 43.060 44.057 45.058 46.061 47.067 47.787 44.933 42.138 39.404 36.729 34.115 31.562 29.068 26.635 24.262 21.949 19.696 17.815 17.620 17.389 17.120 16.813 16.470 16.089 15.671 15.216 14.724 14.194 13.627 13.378 14.315 15.352 16.491 17.730 19.070 20.511 22.052 23.694 25.437 27.281 29.226 30.685 30.940 31.209 31.493 31.790 32.101 32.425 32.764 33.117 33.483
14.315 14.902 15.465 16.002 16.839 17.896 19.088 20.413 21.873 23.467 25.195 27.057 29.053 31.012 32.668 34.310 35.400 36.390 37.383 38.380 39.379 40.381 41.386 42.394 43.406 44.420 45.437 46.457 44.080 41.494 38.968 36.502 34.097 31.751 29.466 27.241 25.076 22.972 20.927 18.964 18.640 18.279 17.880 17.445 16.972 16.462 15.914 15.330 14.708 14.049 13.353 12.813 14.100 15.487 16.975 18.564 20.253 22.043 23.934 25.925 28.017 30.210 32.503 34.505 34.808 35.125 35.455 35.800 36.158 36.530 36.916 37.316 37.730
11.989 12.489 12.964 13.414 14.440 15.965 17.631 19.333 21.022 22.698 24.361 26.011 27.648 29.271 30.881 32.478 33.659 34.660 35.664 36.672 37.682 38.695 39.711 40.730 41.752 42.777 43.805 44.836 43.166 40.788 38.471 36.214 34.017 31.880 29.803 27.786 25.829 23.933 22.097 20.320 19.696 19.206 18.678 18.113 17.511 16.871 16.194 15.481 14.729 13.941 13.116 12.253 13.785 15.522 17.359 19.297 21.335 23.474 25.714 28.055 30.495 33.037 35.679 38.308 38.658 39.022 39.400 39.792 40.197 40.617 41.050 41.497 41.929
9.991 10.606 11.206 11.791 12.867 14.551 16.221 17.878 19.523 21.154 22.771 24.376 25.967 27.546 29.111 30.663 31.917 32.929 33.944 34.962 35.983 37.007 38.034 39.064 40.097 41.133 42.172 43.214 42.191 40.022 37.913 35.864 33.875 31.946 30.078 28.269 26.520 24.832 23.204 21.635 20.789 20.169 19.512 18.818 18.086 17.317 16.512 15.668 14.788 13.871 12.916 11.924 13.371 15.457 17.643 19.930 22.318 24.806 27.394 30.083 32.873 35.763 38.754 41.845 42.490 42.818 42.293 41.793 41.317 40.865 40.438 40.035 39.656
9.067 9.630 10.178 10.711 11.563 13.202 14.827 16.439 18.038 19.624 21.197 22.757 24.303 25.836 27.356 28.863 30.174 31.197 32.223 33.252 34.284 35.319 36.356 37.397 38.441 39.488 40.538 41.590 41.156 39.195 37.294 35.453 33.672 31.952 30.291 28.690 27.150 25.669 24.249 22.888 21.919 21.169 20.383 19.559 18.699 17.801 16.866 15.893 14.884 13.838 12.754 11.633 12.858 15.293 17.828 20.464 23.200 26.036 28.893 31.292 33.632 35.912 38.133 40.294 40.398 39.934 39.493 39.078 38.686 38.319 37.976 37.657 37.363
8.161 8.672 9.168 9.649 10.275 11.869 13.449 15.016 16.570 18.111 19.638 21.153 22.654 24.142 25.617 27.079 28.429 29.463 30.500 31.540 32.583 33.628 34.677 35.729 36.783 37.841 38.902 39.965 40.060 38.307 36.614 34.981 33.408 31.896 30.443 29.050 27.717 26.444 25.232 24.079 23.084 22.206 21.290 20.338 19.348 18.321 17.257 16.156 15.017 13.842 12.629 11.376 12.178 14.728 17.219 19.651 22.023 24.337 26.590 28.785 30.920 32.996 35.013 36.970 37.410 37.030 36.674 36.342 36.035 35.752 35.494 35.259 35.049
7.273 7.732 8.176 8.604 9.017 10.551 12.086 13.608 15.117 16.613 18.095 19.565 21.021 22.464 23.895 25.311 26.683 27.728 28.776 29.827 30.880 31.937 32.996 34.059 35.124 36.193 37.264 38.339 38.904 37.359 35.873 34.448 33.083 31.778 30.533 29.348 28.223 27.158 26.152 25.207 24.287 23.279 22.235 21.153 20.033 18.872 17.672 16.431 15.151 13.831 12.471 11.071 11.161 13.507 15.793 18.021 20.189 22.298 24.347 26.338 28.269 30.140 31.953 33.706 34.401 34.106 33.834 33.587 33.364 33.166 32.992 32.842 32.716
6.403 6.809 7.201 7.577 7.938 9.249 10.739 12.216 13.680 15.131 16.568 17.993 19.404 20.802 22.187 23.559 24.918 25.992 27.050 28.112 29.176 30.244 31.314 32.388 33.464 34.543 35.626 36.711 37.686 36.349 35.072 33.855 32.697 31.600 30.562 29.585 28.667 27.936 27.329 26.531 25.534 24.395 23.215 21.995 20.736 19.437 18.098 16.719 15.301 13.842 12.344 10.806 10.203 12.344 14.427 16.450 18.414 20.319 22.164 23.950 25.677 27.345 28.954 30.503 31.373 31.162 30.975 30.812 30.674 30.559 30.470 30.404 30.362
5.550 5.904 6.243 6.568 6.877 7.962 9.407 10.839 12.258 13.664 15.056 16.436 17.802 19.156 20.496 21.823 23.137 24.254 25.324 26.396 27.471 28.550 29.631 30.715 31.802 32.892 33.985 35.082 36.181 35.279 34.747 34.815 34.691 34.377 33.871 33.175 32.287 31.208 29.939 28.478 26.830 25.552 24.234 22.876 21.479 20.041 18.564 17.047 15.490 13.893 12.257 10.581 9.304 11.241 13.119 14.939 16.698 18.399 20.041 21.623 23.146 24.610 26.015 27.360 28.326 28.199 28.096 28.017 27.963 27.933 27.927 27.946 27.989
4.714 5.017 5.304 5.576 5.833 6.691 8.091 9.478 10.852 12.213 13.560 14.895 16.217 17.525 18.820 20.102 21.371 22.515 23.595 24.679 25.765 26.854 27.946 29.534 31.750 34.171 36.794 39.621 42.651 43.256 42.851 42.255 41.469 40.491 39.323 37.964 36.413 34.672 32.740 30.617 28.303 26.749 25.292 23.796 22.260 20.685 19.069 17.414 15.719 13.985 12.210 10.396 8.542 10.197 11.871 13.487 15.043 16.539 17.977 19.355 20.675 21.935 23.136 24.278 25.258 25.216 25.197 25.203 25.233 25.287 25.365 25.468 25.595
3.896 4.147 4.382 4.602 4.807 5.435 6.790 8.132 9.461 10.777 12.080 13.370 14.646 15.910 17.160 18.397 19.796 21.334 23.036 24.941 27.050 29.361 31.876 34.594 37.515 40.640 43.967 47.498 51.233 52.210 51.143 49.884 48.435 46.795 44.964 42.943 40.730 38.327 35.733 32.948 29.973 27.985 26.390 24.756 23.082 21.368 19.614 17.821 15.988 14.115 12.203 10.251 8.259 9.212 10.683 12.094 13.446 14.739 15.973 17.148 18.263 19.320 20.317 21.256 22.135 22.213 22.278 22.368 22.482 22.621 22.783 22.970 23.181
3.096 3.294 3.477 3.645 3.798 4.194 5.505 6.802 8.086 9.475 10.933 12.412 13.912 15.433 16.975 18.537 20.120 21.947 24.354 26.964 29.777 32.793 36.012 39.434 43.059 46.888 50.919 55.154 59.592 61.352 59.622 57.702 55.590 53.288 50.795 48.112 45.238 42.173 38.917 35.471 31.834 29.260 27.527 25.755 23.943 22.091 20.199 18.268 16.297 14.286 12.236 10.146 8.016 8.286 9.553 10.760 11.909 12.998 14.029 15.000 15.912 16.765 17.559 18.294 18.969 19.190 19.340 19.514 19.712 19.934 20.181 20.452 20.747
2.313 2.459 2.658 2.869 3.074 3.352 4.800 6.269 7.758 9.268 10.799 12.351 13.923 15.517 17.131 18.766 20.421 22.343 25.454 28.768 32.285 36.005 39.928 44.054 48.383 52.915 57.650 62.588 67.729 70.682 68.290 65.707 62.934 59.970 56.816 53.471 49.936 46.209 42.293 38.186 33.888 30.574 28.703 26.793 24.843 22.853 20.823 18.754 16.645 14.497 12.308 10.080 7.813 7.419 8.482 9.486 10.431 11.317 12.144 12.912 13.620 14.270 14.860 15.392 15.864 16.148 16.382 16.640 16.922 17.700 18.584 19.403 20.159
2.000 2.203 2.399 2.590 2.774 2.953 4.353 5.894 7.456 9.039 10.642 12.266 13.911 15.577 17.264 18.971 20.700 22.521 26.336 30.354 34.574 38.998 43.624 48.454 53.486 58.721 64.159 69.800 75.644 80.199 77.146 73.901 70.467 66.842 63.026 59.020 54.824 50.437 45.859 41.091 36.133 31.927 29.918 27.870 25.782 23.654 21.487 19.280 17.033 14.747 12.421 10.055 7.650 6.611 7.471 8.271 9.013 9.695 10.318 10.883 11.388 11.835 12.802 13.939 15.097 16.159 17.078 17.933 18.724 19.451 20.114 20.713 21.248
1.790 1.972 2.148 2.318 2.482 2.640 3.883 5.497 7.132 8.787 10.463 12.159 13.877 15.615 17.374 19.154 20.955 22.776 27.000 31.722 36.646 41.772 47.102 52.634 58.369 64.307 70.447 76.791 83.337 89.904 86.189 82.284 78.188 73.902 69.426 64.759 59.902 54.854 49.617 44.189 38.570 33.319 31.173 28.987 26.761 24.495 22.190 19.845 17.461 15.037 12.573 10.070 7.527 5.862 6.518 7.487 8.548 9.631 10.735 11.860 13.007 14.175 15.365 16.576 17.808 18.850 19.549 20.183 20.753 21.260 21.702 22.081 22.396
1.586 1.748 1.903 2.052 2.196 2.333 3.391 5.078 6.784 8.512 10.261 12.030 13.820 15.630 17.462 19.314 21.187 23.081 27.448 32.872 38.499 44.328 50.360 56.595 63.033 69.673 76.515 83.561 90.809 98.259 95.420 90.854 86.097 81.151 76.014 70.687 65.170 59.463 53.565 47.477 41.199 34.751 32.466 30.142 27.779 25.376 22.933 20.450 17.959 15.556 13.247 11.031 8.908 7.304 8.396 9.510 10.645 11.801 12.979 14.178 15.399 16.641 17.904 19.189 20.495 21.600 22.077 22.491 22.841 23.127 23.350 23.508 23.603
1.389 1.530 1.665 1.794 1.917 2.034 2.877 4.636 6.415 8.215 10.036 11.877 13.740 15.623 17.527 19.451 21.397 23.363 27.678 33.805 40.134 46.666 53.400 60.337 67.476 74.818 82.363 90.110 98.059 106.211 104.838 99.612 94.195 88.588 82.792 76.805 70.628 64.261 57.704 50.956 44.019 36.468 33.082 30.442 27.895 25.441 23.080 20.812 18.637 16.555 14.566 12.670 10.868 9.158 10.321 11.508 12.717 13.947 15.199 16.472 17.766 19.082 20.420 21.778 23.158 24.407 24.664 24.858 24.987 25.053 25.056 24.994 24.869
1.199 1.319 1.434 1.542 1.644 1.741 2.340 4.171 6.023 7.895 9.788 11.702 13.637 15.592 17.569 19.565 21.583 23.621 27.691 34.520 41.552 48.785 56.221 63.860 71.701 79.744 87.990 96.438 105.089 113.942 114.443 108.557 102.481 96.214 87.878 79.716 71.773 64.050 56.547 49.263 42.200 35.357 31.744 29.424 27.198 25.064 23.024 21.076 19.222 17.460 15.792 14.216 12.734 11.345 12.223 13.484 14.766 16.070 17.396 18.742 20.111 21.500 22.911 24.343 25.797 27.272 27.309 27.282 27.192 27.038 26.820 26.538 26.193
1.016 1.115 1.209 1.297 1.379 1.455 1.781 3.684 5.608 7.553 9.518 11.505 13.512 15.539 17.588 19.657 21.747 23.857 27.488 35.019 42.752 50.687 58.824 67.164 75.706 84.451 93.322 100.153 106.761 113.145 113.059 104.775 96.711 88.867 81.242 73.838 66.653 59.688 52.943 46.418 40.113 34.027 30.313 28.314 26.408 24.595 22.875 21.248 19.714 18.273 16.925 15.669 14.507 13.437 14.101 15.436 16.792 18.170 19.569 20.989 22.431 23.894 25.379 26.885 28.412 29.961 30.012 29.765 29.455 29.081 28.643 28.141 27.576
