DATA/SHG/ECMWF/20170628/EN-35/20170628.en-35.asc
ncols        190
nrows        64
xllcorner    -5100000.000000000000
yllcorner    4130000.000000000000
cellsize     10000.000000000000
NODATA_value  -99999.000
[rows 0 to 32 of 64, columns 0 to 73 of 190]
3.676 3.728 3.784 3.843 3.906 3.973 4.043 4.116 4.193 4.118 3.989 3.854 3.714 3.569 3.418 3.262 3.100 2.933 2.761 2.683 2.650 2.715 2.813 2.901 2.981 3.052 3.114 3.167 3.211 3.246 3.272 3.289 3.297 3.564 3.995 4.413 4.820 5.216 5.600 5.973 6.334 6.684 7.022 7.349 7.664 7.897 8.069 8.246 8.430 8.620 8.816 9.018 9.226 9.440 9.661 9.887 10.119 10.179 10.031 9.889 9.753 9.622 9.497 9.378 9.264 9.156 9.054 8.957 8.866 8.714 8.433 8.119 7.773 7.393
3.091 3.155 3.224 3.296 3.372 3.451 3.534 3.620 3.710 3.659 3.511 3.357 3.261 3.180 3.113 3.059 3.020 2.994 2.983 2.985 3.001 3.052 3.118 3.175 3.223 3.263 3.293 3.314 3.326 3.330 3.324 3.309 3.286 3.454 3.844 4.223 4.589 4.945 5.289 5.621 5.942 6.252 6.550 6.836 7.111 7.347 7.540 7.740 7.945 8.156 8.374 8.597 8.827 9.063 9.304 9.552 9.806 9.940 9.812 9.690 9.573 9.462 9.357 9.258 9.164 9.076 8.993 8.916 8.845 8.701 8.305 7.876 7.414 6.919
2.501 2.579 2.661 2.746 2.843 2.977 3.107 3.234 3.357 3.384 3.311 3.251 3.205 3.173 3.155 3.150 3.160 3.183 3.220 3.271 3.336 3.398 3.433 3.458 3.475 3.482 3.481 3.470 3.451 3.423 3.385 3.339 3.284 3.356 3.706 4.044 4.370 4.686 4.989 5.281 5.562 5.832 6.089 6.336 6.571 6.792 7.007 7.228 7.454 7.687 7.926 8.171 8.422 8.679 8.942 9.212 9.487 9.695 9.587 9.485 9.388 9.297 9.212 9.132 9.058 8.990 8.927 8.870 8.737 8.553 8.070 7.633 7.242 6.897
2.117 2.252 2.384 2.512 2.637 2.759 2.877 2.991 3.103 3.167 3.142 3.132 3.135 3.151 3.182 3.227 3.285 3.357 3.443 3.543 3.656 3.754 3.756 3.750 3.735 3.711 3.678 3.636 3.585 3.525 3.456 3.378 3.292 3.270 3.579 3.877 4.163 4.438 4.702 4.954 5.194 5.424 5.641 5.847 6.042 6.232 6.468 6.710 6.958 7.213 7.473 7.739 8.012 8.290 8.575 8.866 9.162 9.446 9.358 9.275 9.194 9.061 8.926 8.790 8.651 8.511 8.369 8.225 8.079 7.932 7.613 7.338 7.109 6.925
1.964 2.087 2.207 2.323 2.436 2.545 2.651 2.753 2.852 2.935 2.959 2.997 3.049 3.115 3.194 3.288 3.395 3.516 3.650 3.799 3.961 4.118 4.089 4.051 4.004 3.949 3.884 3.810 3.728 3.636 3.536 3.427 3.309 3.195 3.464 3.722 3.968 4.203 4.426 4.638 4.839 5.028 5.205 5.371 5.526 5.669 5.924 6.187 6.457 6.733 7.015 7.302 7.596 7.895 8.184 8.458 8.718 8.964 8.863 8.727 8.589 8.450 8.309 8.166 8.021 7.875 7.727 7.576 7.424 7.271 7.114 7.000 6.932 6.910
1.816 1.927 2.034 2.138 2.239 2.336 2.429 2.519 2.606 2.689 2.762 2.849 2.949 3.064 3.192 3.334 3.490 3.659 3.843 4.040 4.251 4.476 4.430 4.361 4.283 4.195 4.099 3.994 3.880 3.757 3.625 3.484 3.335 3.176 3.362 3.579 3.785 3.980 4.163 4.335 4.495 4.644 4.781 4.907 5.022 5.125 5.401 5.740 6.065 6.375 6.671 6.952 7.220 7.472 7.711 7.935 8.145 8.340 8.273 8.131 7.988 7.842 7.695 7.545 7.394 7.242 7.087 6.931 6.773 6.613 6.572 6.620 6.713 6.852
1.671 1.770 1.865 1.957 2.045 2.130 2.211 2.289 2.364 2.434 2.549 2.685 2.834 2.998 3.175 3.365 3.570 3.788 4.020 4.266 4.526 4.799 4.781 4.680 4.570 4.451 4.323 4.187 4.041 3.887 3.723 3.551 3.370 3.180 3.271 3.448 3.614 3.768 3.911 4.059 4.218 4.383 4.551 4.723 4.900 5.081 5.345 5.634 5.908 6.168 6.414 6.645 6.862 7.064 7.253 7.427 7.586 7.731 7.686 7.538 7.388 7.236 7.083 6.927 6.770 6.611 6.450 6.288 6.123 5.957 5.988 6.196 6.450 6.750
1.531 1.618 1.701 1.780 1.856 1.929 1.998 2.063 2.125 2.184 2.323 2.507 2.705 2.917 3.142 3.382 3.635 3.902 4.183 4.477 4.786 5.108 5.140 5.007 4.866 4.716 4.557 4.389 4.212 4.026 3.831 3.627 3.396 3.159 3.156 3.310 3.467 3.630 3.796 3.966 4.141 4.320 4.503 4.690 4.881 5.077 5.304 5.542 5.766 5.976 6.171 6.352 6.519 6.671 6.809 6.933 7.042 7.137 7.102 6.948 6.792 6.634 6.474 6.312 6.149 5.983 5.816 5.647 5.477 5.304 5.361 5.730 6.145 6.606
1.395 1.469 1.540 1.607 1.671 1.731 1.788 1.842 1.892 1.938 2.081 2.314 2.561 2.821 3.096 3.384 3.685 4.001 4.330 4.673 5.030 5.401 5.508 5.344 5.171 4.933 4.691 4.450 4.211 3.973 3.736 3.501 3.267 3.034 2.985 3.154 3.326 3.503 3.684 3.870 4.059 4.253 4.450 4.652 4.859 5.069 5.276 5.464 5.638 5.798 5.943 6.074 6.190 6.292 6.380 6.454 6.513 6.558 6.521 6.360 6.198 6.033 5.867 5.699 5.530 5.358 5.185 5.010 4.833 4.654 4.691 5.221 5.796 6.418
1.263 1.325 1.383 1.438 1.490 1.538 1.583 1.624 1.662 1.696 1.825 2.107 2.402 2.711 3.034 3.370 3.721 4.082 4.422 4.753 5.074 5.385 5.491 5.249 5.010 4.771 4.534 4.298 4.063 3.829 3.597 3.366 3.137 2.908 2.810 2.994 3.181 3.373 3.569 3.769 3.973 4.181 4.394 4.611 4.832 5.057 5.263 5.401 5.525 5.634 5.729 5.810 5.876 5.928 5.966 5.990 5.999 5.994 5.942 5.775 5.606 5.436 5.264 5.089 4.914 4.736 4.556 4.375 4.192 4.007 3.978 4.669 5.405 6.187
1.134 1.184 1.231 1.273 1.313 1.349 1.381 1.410 1.436 1.458 1.574 1.948 2.313 2.668 3.013 3.348 3.674 3.990 4.296 4.592 4.879 5.155 5.315 5.078 4.843 4.608 4.376 4.144 3.914 3.685 3.457 3.230 3.005 2.781 2.632 2.830 3.032 3.238 3.449 3.664 3.883 4.106 4.333 4.565 4.800 5.040 5.264 5.352 5.426 5.485 5.530 5.560 5.577 5.579 5.567 5.540 5.499 5.444 5.366 5.193 5.018 4.841 4.663 4.482 4.300 4.116 3.930 3.743 3.553 3.362 3.223 4.074 4.971 5.914
1.010 1.048 1.082 1.131 1.201 1.274 1.352 1.434 1.521 1.611 1.733 2.073 2.403 2.724 3.035 3.336 3.627 3.908 4.180 4.442 4.694 4.936 5.138 4.905 4.674 4.445 4.216 3.989 3.763 3.539 3.316 3.094 2.873 2.654 2.449 2.661 2.878 3.100 3.325 3.555 3.788 4.026 4.268 4.514 4.765 5.020 5.278 5.317 5.341 5.350 5.345 5.326 5.292 5.244 5.182 5.105 5.015 4.910 4.790 4.613 4.432 4.249 4.064 3.877 3.689 3.499 3.307 3.197 3.163 3.145 3.142 4.057 5.013 5.929
1.001 1.072 1.148 1.228 1.313 1.402 1.495 1.592 1.694 1.801 1.911 2.208 2.504 2.790 3.067 3.333 3.590 3.837 4.075 4.302 4.520 4.728 4.926 4.732 4.505 4.280 4.056 3.834 3.612 3.392 3.173 2.956 2.740 2.525 2.311 2.489 2.721 2.957 3.197 3.441 3.690 3.942 4.199 4.460 4.725 4.995 5.268 5.297 5.270 5.230 5.174 5.105 5.021 4.924 4.811 4.685 4.544 4.389 4.220 4.036 3.908 3.817 3.743 3.685 3.643 3.616 3.606 3.611 3.633 3.670 3.724 4.409 5.227 6.006
1.047 1.133 1.225 1.320 1.420 1.524 1.633 1.746 1.863 1.985 2.111 2.353 2.615 2.867 3.109 3.341 3.564 3.777 3.980 4.173 4.357 4.530 4.694 4.557 4.335 4.114 3.895 3.677 3.460 3.244 3.030 2.817 2.605 2.395 2.185 2.313 2.559 2.810 3.065 3.324 3.587 3.854 4.126 4.402 4.681 4.965 5.254 5.291 5.214 5.123 5.018 4.899 4.766 4.641 4.520 4.400 4.281 4.163 4.046 3.966 3.916 3.881 3.863 3.860 3.874 3.903 3.949 4.010 4.087 4.180 4.289 4.798 5.478 6.120
1.087 1.190 1.296 1.407 1.522 1.642 1.766 1.894 2.027 2.164 2.305 2.509 2.736 2.954 3.162 3.360 3.548 3.727 3.895 4.054 4.204 4.343 4.473 4.382 4.164 3.948 3.733 3.519 3.307 3.095 2.886 2.677 2.470 2.264 2.059 2.132 2.394 2.659 2.928 3.202 3.480 3.762 4.048 4.339 4.633 4.932 5.213 5.260 5.137 5.015 4.894 4.773 4.654 4.536 4.418 4.302 4.186 4.072 3.958 3.903 3.908 3.930 3.967 4.020 4.089 4.175 4.276 4.393 4.525 4.674 4.839 5.222 5.766 6.270
1.123 1.241 1.363 1.489 1.619 1.754 1.894 2.037 2.185 2.338 2.494 2.675 2.868 3.051 3.225 3.388 3.542 3.687 3.821 3.946 4.061 4.166 4.262 4.205 3.992 3.780 3.569 3.360 3.152 2.946 2.740 2.536 2.333 2.131 1.931 1.948 2.224 2.504 2.789 3.078 3.364 3.648 3.930 4.210 4.487 4.761 5.034 5.135 5.015 4.896 4.778 4.661 4.545 4.430 4.316 4.202 4.090 3.979 3.868 3.825 3.886 3.963 4.056 4.165 4.289 4.430 4.587 4.759 4.948 5.152 5.373 5.684 6.090 6.457
1.154 1.287 1.424 1.566 1.712 1.862 2.017 2.176 2.339 2.507 2.679 2.851 3.010 3.159 3.298 3.428 3.547 3.657 3.758 3.848 3.929 4.000 4.062 4.027 3.819 3.611 3.405 3.200 2.997 2.795 2.594 2.398 2.215 2.033 1.853 1.821 2.109 2.394 2.677 2.958 3.236 3.513 3.786 4.058 4.327 4.593 4.858 5.008 4.891 4.776 4.661 4.548 4.435 4.323 4.212 4.102 3.993 3.885 3.778 3.731 3.848 3.980 4.129 4.293 4.474 4.670 4.882 5.111 5.355 5.615 5.890 6.181 6.451 6.681
1.180 1.328 1.481 1.638 1.799 1.965 2.135 2.309 2.488 2.671 2.858 3.037 3.162 3.276 3.382 3.477 3.563 3.638 3.705 3.761 3.808 3.845 3.872 3.849 3.651 3.462 3.275 3.089 2.905 2.722 2.541 2.361 2.183 2.007 1.832 1.737 2.016 2.294 2.569 2.841 3.111 3.379 3.645 3.908 4.169 4.427 4.684 4.881 4.768 4.655 4.544 4.434 4.324 4.216 4.108 4.002 3.896 3.791 3.687 3.622 3.794 3.982 4.187 4.407 4.643 4.895 5.162 5.446 5.746 6.061 6.392 6.715 6.847 6.941
1.201 1.365 1.533 1.705 1.882 2.063 2.248 2.438 2.631 2.830 3.032 3.234 3.324 3.405 3.475 3.537 3.588 3.616 3.635 3.657 3.681 3.708 3.737 3.759 3.574 3.391 3.209 3.028 2.850 2.672 2.497 2.323 2.150 1.980 1.810 1.655 1.926 2.195 2.462 2.727 2.989 3.249 3.506 3.761 4.014 4.264 4.512 4.753 4.643 4.534 4.426 4.319 4.213 4.107 4.003 3.900 3.798 3.696 3.596 3.497 3.725 3.969 4.229 4.504 4.796 5.103 5.427 5.766 6.121 6.492 6.879 7.281 7.281 7.237
1.218 1.396 1.580 1.767 1.959 2.155 2.356 2.561 2.770 2.984 3.161 3.319 3.347 3.363 3.381 3.402 3.425 3.451 3.479 3.509 3.541 3.576 3.612 3.652 3.496 3.318 3.141 2.967 2.793 2.622 2.451 2.283 2.116 1.951 1.787 1.624 1.838 2.099 2.358 2.615 2.869 3.120 3.370 3.617 3.861 4.104 4.344 4.581 4.517 4.412 4.307 4.203 4.100 3.999 3.898 3.798 3.699 3.601 3.503 3.407 3.641 3.940 4.256 4.587 4.934 5.297 5.675 6.070 6.480 6.907 7.349 7.807 7.750 7.570
1.229 1.423 1.622 1.834 2.035 2.223 2.399 2.563 2.714 2.854 2.981 3.096 3.139 3.164 3.190 3.219 3.250 3.284 3.320 3.358 3.398 3.441 3.486 3.533 3.416 3.243 3.072 2.903 2.735 2.569 2.404 2.241 2.080 1.920 1.762 1.605 1.753 2.006 2.257 2.505 2.751 2.994 3.236 3.475 3.711 3.945 4.177 4.407 4.391 4.289 4.187 4.087 3.987 3.889 3.791 3.695 3.599 3.504 3.410 3.317 3.541 3.896 4.267 4.654 5.056 5.474 5.908 6.362 6.823 7.275 7.720 8.158 8.162 8.021
1.422 1.616 1.798 1.967 2.125 2.270 2.403 2.524 2.633 2.730 2.814 2.886 2.930 2.962 2.997 3.034 3.073 3.115 3.159 3.205 3.253 3.304 3.357 3.413 3.335 3.168 3.002 2.838 2.676 2.515 2.356 2.198 2.042 1.888 1.735 1.584 1.670 1.915 2.158 2.398 2.636 2.871 3.104 3.335 3.564 3.790 4.013 4.235 4.264 4.165 4.067 3.970 3.874 3.778 3.684 3.591 3.498 3.407 3.316 3.227 3.473 3.959 4.438 4.910 5.374 5.830 6.279 6.721 7.155 7.582 8.001 8.413 8.530 8.463
1.697 1.848 1.987 2.114 2.228 2.331 2.421 2.499 2.565 2.619 2.660 2.689 2.718 2.758 2.801 2.846 2.894 2.943 2.995 3.050 3.106 3.165 3.226 3.290 3.252 3.090 2.930 2.772 2.615 2.460 2.306 2.154 2.003 1.854 1.707 1.561 1.590 1.827 2.061 2.293 2.523 2.750 2.975 3.198 3.418 3.636 3.852 4.065 4.137 4.041 3.946 3.852 3.759 3.695 3.661 3.646 3.649 3.671 3.710 3.768 4.020 4.480 4.933 5.378 5.816 6.247 6.670 7.086 7.494 7.895 8.288 8.674 8.877 8.884
1.985 2.093 2.189 2.273 2.345 2.405 2.452 2.487 2.510 2.521 2.520 2.506 2.504 2.552 2.603 2.656 2.712 2.770 2.830 2.892 2.957 3.024 3.093 3.165 3.168 3.012 2.857 2.704 2.553 2.403 2.254 2.108 1.963 1.819 1.677 1.537 1.512 1.741 1.967 2.191 2.413 2.632 2.849 3.063 3.276 3.486 3.692 3.894 4.007 3.946 3.903 3.879 3.873 3.885 3.915 3.963 4.030 4.115 4.218 4.339 4.572 5.007 5.434 5.853 6.265 6.670 7.067 7.457 7.840 8.215 8.582 8.942 9.203 9.285
2.286 2.351 2.405 2.446 2.475 2.492 2.496 2.489 2.469 2.437 2.393 2.336 2.287 2.344 2.403 2.464 2.528 2.594 2.662 2.732 2.805 2.880 2.958 3.037 3.082 2.931 2.782 2.635 2.489 2.344 2.201 2.060 1.921 1.782 1.646 1.511 1.437 1.657 1.875 2.096 2.313 2.526 2.734 2.938 3.138 3.334 3.525 3.712 3.861 3.864 3.885 3.924 3.981 4.057 4.150 4.262 4.392 4.540 4.707 4.891 5.131 5.540 5.941 6.335 6.721 7.100 7.471 7.835 8.192 8.541 8.883 9.217 9.509 9.665
2.599 2.622 2.633 2.631 2.618 2.592 2.554 2.503 2.441 2.366 2.279 2.180 2.069 2.134 2.201 2.270 2.342 2.416 2.492 2.571 2.651 2.734 2.820 2.908 2.995 2.850 2.706 2.564 2.423 2.284 2.147 2.012 1.908 1.795 1.672 1.539 1.406 1.621 1.832 2.038 2.240 2.438 2.631 2.820 3.005 3.186 3.362 3.534 3.698 3.764 3.848 3.951 4.072 4.210 4.367 4.543 4.736 4.948 5.177 5.425 5.697 6.079 6.455 6.822 7.183 7.536 7.881 8.220 8.550 8.874 9.190 9.498 9.795 10.025
2.905 2.907 2.874 2.830 2.774 2.705 2.624 2.531 2.426 2.308 2.179 2.037 1.883 1.921 1.996 2.074 2.154 2.236 2.320 2.406 2.495 2.586 2.680 2.776 2.886 2.848 2.768 2.678 2.579 2.471 2.353 2.225 2.088 1.941 1.784 1.619 1.443 1.597 1.793 1.984 2.172 2.354 2.533 2.707 2.877 3.042 3.204 3.361 3.513 3.646 3.794 3.960 4.144 4.346 4.567 4.805 5.062 5.337 5.630 5.941 6.270 6.625 6.975 7.317 7.651 7.978 8.298 8.610 8.915 9.213 9.503 9.786 10.061 10.364
3.211 3.204 3.129 3.042 2.943 2.831 2.708 2.572 2.424 2.264 2.092 1.908 1.711 1.706 1.790 1.875 1.963 2.077 2.244 2.414 2.586 2.760 2.937 3.115 3.296 3.271 3.158 3.035 2.902 2.760 2.609 2.447 2.277 2.097 1.907 1.708 1.499 1.578 1.759 1.935 2.107 2.275 2.439 2.598 2.753 2.904 3.050 3.192 3.330 3.510 3.721 3.951 4.198 4.464 4.747 5.049 5.369 5.707 6.064 6.438 6.831 7.177 7.501 7.817 8.126 8.427 8.721 9.008 9.287 9.559 9.823 10.080 10.330 10.682
3.516 3.514 3.397 3.267 3.125 2.971 2.805 2.626 2.436 2.233 2.065 1.923 1.750 1.752 1.919 2.087 2.258 2.431 2.606 2.784 2.963 3.145 3.328 3.514 3.702 3.704 3.557 3.401 3.235 3.059 2.874 2.680 2.476 2.262 2.039 1.806 1.564 1.563 1.729 1.891 2.048 2.201 2.349 2.493 2.633 2.769 2.900 3.028 3.150 3.356 3.631 3.924 4.234 4.563 4.910 5.275 5.659 6.060 6.479 6.917 7.373 7.736 8.034 8.324 8.607 8.883 9.151 9.412 9.665 9.911 10.150 10.381 10.605 10.980
3.821 3.838 3.677 3.611 3.579 3.516 3.422 3.296 3.138 2.949 2.728 2.475 2.191 2.074 2.248 2.424 2.603 2.783 2.966 3.150 3.337 3.526 3.717 3.911 4.106 4.146 3.966 3.776 3.576 3.368 3.149 2.921 2.684 2.437 2.181 1.915 1.639 1.553 1.704 1.850 1.992 2.130 2.264 2.393 2.518 2.639 2.756 2.868 2.976 3.185 3.523 3.879 4.253 4.645 5.055 5.483 5.930 6.394 6.877 7.377 7.896 8.301 8.573 8.837 9.095 9.344 9.587 9.822 9.983 10.040 10.100 10.164 10.231 10.416
5.019 5.272 5.193 5.083 4.940 4.766 4.561 4.324 4.056 3.756 3.424 3.061 2.666 2.393 2.575 2.758 2.944 3.132 3.322 3.514 3.709 3.905 4.104 4.304 4.507 4.597 4.384 4.161 3.928 3.686 3.434 3.173 2.902 2.622 2.332 2.033 1.724 1.547 1.683 1.814 1.941 2.064 2.183 2.298 2.408 2.514 2.615 2.712 2.805 2.996 3.397 3.816 4.253 4.708 5.181 5.673 6.182 6.710 7.256 7.820 8.402 8.770 8.814 8.862 8.913 8.968 9.026 9.088 9.154 9.224 9.297 9.373 9.454 9.597
6.644 6.999 6.809 6.587 6.334 6.049 5.733 5.386 5.006 4.596 4.153 3.680 3.174 2.709 2.898 3.090 3.283 3.478 3.676 3.875 4.077 4.281 4.487 4.695 4.905 5.058 4.811 4.555 4.289 4.013 3.728 3.434 3.129 2.816 2.493 2.160 1.818 1.545 1.666 1.783 1.895 2.003 2.107 2.206 2.302 2.392 2.479 2.561 2.640 2.788 3.252 3.735 4.235 4.753 5.280 5.773 6.225 6.638 7.011 7.344 7.637 7.849 7.906 7.966 8.030 8.098 8.169 8.244 8.323 8.405 8.491 8.581 8.674 8.792
8.251 8.692 8.457 8.124 7.761 7.365 6.938 6.480 5.990 5.469 4.916 4.332 3.716 3.068 3.219 3.418 3.619 3.822 4.026 4.234 4.443 4.654 4.868 5.083 5.301 5.521 5.248 4.959 4.659 4.350 4.032 3.704 3.367 3.020 2.663 2.298 1.922 1.547 1.653 1.755 1.853 1.946 2.035 2.119 2.200 2.276 2.348 2.515 2.713 2.919 3.471 3.984 4.457 4.891 5.285 5.639 5.953 6.227 6.462 6.657 6.813 6.925 6.995 7.068 7.145 7.226 7.310 7.398 7.489 7.584 7.683 7.785 7.891 8.003
