DATA/SHG/ECMWF/20170628/EN-35/20170710.en-35.asc
ncols        190
nrows        64
xllcorner    -5100000.000000000000
yllcorner    4130000.000000000000
cellsize     10000.000000000000
NODATA_value  -99999.000
[rows 0 to 33 of 64, columns 76 to 151 of 190]
11.253 11.318 11.384 11.451 11.518 11.613 11.653 11.630 11.611 11.596 11.584 11.576 11.571 11.569 11.571 11.576 11.585 11.556 11.388 11.210 11.018 10.814 10.597 10.366 10.123 9.866 9.597 9.314 9.018 8.702 8.358 8.020 7.688 7.362 7.042 6.728 6.420 6.118 5.823 5.533 5.249 4.943 4.564 4.196 3.841 3.498 3.167 2.848 2.542 2.247 1.965 1.695 1.437 1.251 1.243 1.229 1.212 1.190 1.163 1.132 1.097 1.057 1.012 0.963 0.910 0.853 0.798 0.746 0.696 0.648 0.603 0.560 0.520 0.482 0.446 0.413
11.818 11.703 11.590 11.480 11.373 11.284 11.270 11.260 11.253 11.250 11.250 11.254 11.261 11.272 11.286 11.303 11.324 11.322 11.095 10.859 10.609 10.346 10.071 9.782 9.480 9.165 8.837 8.496 8.142 7.781 7.464 7.153 6.848 6.549 6.256 5.969 5.687 5.412 5.143 4.880 4.623 4.361 4.036 3.723 3.422 3.133 2.857 2.592 2.340 2.100 1.872 1.656 1.453 1.284 1.255 1.222 1.185 1.142 1.096 1.045 0.990 0.930 0.865 0.797 0.723 0.651 0.607 0.565 0.526 0.489 0.455 0.423 0.393 0.366 0.364 0.390
11.386 11.280 11.176 11.076 10.978 10.887 10.885 10.887 10.893 10.902 10.914 10.930 10.949 10.972 10.998 11.027 11.060 11.096 10.818 10.523 10.215 9.894 9.560 9.213 8.852 8.479 8.093 7.694 7.281 6.856 6.565 6.281 6.002 5.730 5.464 5.203 4.949 4.701 4.458 4.222 3.992 3.767 3.496 3.237 2.990 2.756 2.534 2.324 2.126 1.940 1.767 1.605 1.456 1.321 1.272 1.219 1.162 1.100 1.033 0.963 0.887 0.807 0.723 0.634 0.541 0.466 0.475 0.488 0.504 0.525 0.549 0.578 0.610 0.646 0.686 0.730
10.951 10.855 10.761 10.669 10.581 10.495 10.498 10.512 10.530 10.551 10.575 10.603 10.634 10.669 10.707 10.749 10.794 10.842 10.556 10.203 9.836 9.457 9.065 8.659 8.241 7.809 7.365 6.907 6.437 5.953 5.661 5.403 5.152 4.906 4.667 4.433 4.205 3.984 3.768 3.559 3.355 3.157 2.944 2.739 2.547 2.367 2.199 2.043 1.899 1.768 1.649 1.541 1.446 1.363 1.294 1.221 1.146 1.075 1.008 0.944 0.884 0.827 0.773 0.723 0.676 0.633 0.654 0.684 0.718 0.756 0.798 0.844 0.894 0.947 1.005 1.066
10.515 10.428 10.343 10.261 10.182 10.106 10.108 10.134 10.164 10.197 10.233 10.273 10.317 10.363 10.414 10.467 10.524 10.585 10.309 9.898 9.473 9.035 8.585 8.121 7.644 7.155 6.652 6.136 5.607 5.066 4.751 4.520 4.296 4.077 3.864 3.657 3.456 3.262 3.073 2.890 2.713 2.542 2.379 2.229 2.091 1.965 1.852 1.766 1.697 1.628 1.560 1.493 1.427 1.361 1.296 1.233 1.174 1.119 1.067 1.018 0.973 0.931 0.893 0.858 0.826 0.798 0.829 0.877 0.928 0.984 1.043 1.106 1.173 1.244 1.319 1.398
10.077 9.999 9.924 9.851 9.781 9.714 9.715 9.754 9.795 9.840 9.889 9.941 9.996 10.055 10.118 10.183 10.252 10.325 10.078 9.608 9.125 8.629 8.120 7.598 7.063 6.516 5.955 5.381 4.794 4.194 3.836 3.633 3.435 3.242 3.056 2.876 2.702 2.534 2.420 2.336 2.246 2.150 2.070 2.000 1.931 1.862 1.795 1.728 1.662 1.597 1.532 1.469 1.406 1.343 1.290 1.242 1.199 1.159 1.122 1.088 1.058 1.032 1.009 0.989 0.973 0.960 1.000 1.065 1.134 1.207 1.283 1.364 1.448 1.537 1.629 1.725
9.637 9.569 9.503 9.440 9.379 9.321 9.320 9.370 9.424 9.481 9.542 9.606 9.674 9.744 9.819 9.897 9.978 10.062 9.861 9.333 8.792 8.238 7.671 7.091 6.498 5.892 5.273 4.641 3.996 3.419 3.130 3.067 2.998 2.922 2.841 2.754 2.662 2.563 2.458 2.348 2.231 2.109 2.014 1.948 1.882 1.817 1.753 1.690 1.627 1.565 1.504 1.443 1.384 1.325 1.280 1.248 1.220 1.195 1.173 1.155 1.140 1.129 1.121 1.117 1.116 1.118 1.167 1.250 1.336 1.426 1.520 1.618 1.719 1.825 1.935 2.048
9.195 9.136 9.080 9.026 8.975 8.926 8.922 8.985 9.051 9.120 9.192 9.269 9.348 9.431 9.517 9.607 9.700 9.797 9.660 9.074 8.461 7.857 7.271 6.704 6.155 5.625 5.113 4.620 4.145 3.689 3.385 3.295 3.200 3.098 2.991 2.877 2.758 2.633 2.502 2.365 2.222 2.074 1.958 1.895 1.833 1.771 1.710 1.650 1.591 1.532 1.474 1.417 1.361 1.306 1.267 1.250 1.237 1.227 1.221 1.218 1.219 1.223 1.230 1.241 1.255 1.273 1.330 1.430 1.533 1.641 1.752 1.867 1.986 2.109 2.236 2.367
8.752 8.702 8.655 8.610 8.568 8.529 8.522 8.596 8.674 8.755 8.840 8.928 9.015 9.075 9.123 9.158 9.180 9.189 9.065 8.506 7.966 7.445 6.942 6.457 5.991 5.543 5.114 4.704 4.312 3.939 3.646 3.530 3.408 3.280 3.146 3.007 2.861 2.710 2.552 2.389 2.220 2.045 1.901 1.841 1.783 1.724 1.667 1.610 1.554 1.499 1.444 1.391 1.338 1.286 1.250 1.249 1.251 1.256 1.265 1.278 1.293 1.313 1.335 1.361 1.391 1.424 1.489 1.606 1.726 1.851 1.980 2.112 2.249 2.389 2.533 2.681
8.307 8.266 8.228 8.193 8.160 8.140 8.151 8.244 8.324 8.390 8.445 8.486 8.515 8.531 8.534 8.524 8.502 8.467 8.385 7.909 7.451 7.012 6.592 6.190 5.807 5.442 5.096 4.768 4.458 4.168 3.913 3.771 3.622 3.468 3.308 3.142 2.970 2.793 2.609 2.419 2.224 2.023 1.844 1.787 1.732 1.677 1.623 1.569 1.517 1.465 1.414 1.363 1.314 1.265 1.230 1.244 1.261 1.282 1.306 1.334 1.365 1.399 1.437 1.478 1.523 1.571 1.643 1.777 1.916 2.058 2.203 2.353 2.507 2.665 2.826 2.991
8.002 8.011 8.011 8.003 7.986 7.962 7.930 7.978 8.013 8.036 8.046 8.043 8.027 7.999 7.957 7.904 7.837 7.757 7.677 7.291 6.916 6.560 6.222 5.903 5.602 5.320 5.056 4.811 4.584 4.376 4.186 4.018 3.843 3.662 3.476 3.284 3.086 2.882 2.672 2.456 2.234 2.007 1.785 1.732 1.680 1.629 1.578 1.528 1.479 1.430 1.382 1.335 1.289 1.243 1.207 1.236 1.268 1.304 1.343 1.386 1.432 1.482 1.535 1.591 1.651 1.714 1.794 1.945 2.101 2.260 2.423 2.590 2.761 2.936 3.136 3.371
7.976 7.956 7.927 7.890 7.845 7.791 7.730 7.724 7.715 7.693 7.659 7.612 7.551 7.479 7.393 7.295 7.184 7.060 6.935 6.654 6.362 6.088 5.833 5.596 5.377 5.178 4.996 4.834 4.689 4.563 4.456 4.271 4.070 3.863 3.650 3.432 3.207 2.977 2.741 2.499 2.251 1.997 1.738 1.677 1.628 1.580 1.532 1.486 1.440 1.394 1.350 1.306 1.263 1.221 1.180 1.224 1.271 1.323 1.377 1.435 1.496 1.561 1.629 1.701 1.776 1.861 1.962 2.155 2.360 2.577 2.805 3.045 3.296 3.559 3.833 4.119
7.958 7.909 7.851 7.785 7.711 7.629 7.538 7.483 7.429 7.363 7.284 7.193 7.088 6.971 6.841 6.699 6.544 6.376 6.206 5.997 5.787 5.596 5.423 5.268 5.132 5.015 4.916 4.836 4.774 4.730 4.705 4.530 4.302 4.069 3.831 3.586 3.335 3.079 2.816 2.548 2.274 1.994 1.708 1.621 1.575 1.530 1.486 1.443 1.400 1.358 1.317 1.277 1.237 1.198 1.160 1.208 1.270 1.337 1.410 1.490 1.577 1.671 1.771 1.879 1.993 2.114 2.242 2.480 2.736 3.004 3.284 3.575 3.878 4.192 4.518 4.855
7.947 7.869 7.783 7.688 7.585 7.474 7.355 7.253 7.155 7.045 6.922 6.786 6.637 6.476 6.302 6.115 5.915 5.703 5.489 5.319 5.192 5.083 4.993 4.921 4.867 4.832 4.816 4.818 4.838 4.877 4.934 4.795 4.541 4.282 4.017 3.746 3.469 3.187 2.898 2.604 2.303 1.997 1.685 1.563 1.521 1.480 1.439 1.418 1.408 1.387 1.354 1.310 1.254 1.187 1.109 1.153 1.243 1.340 1.444 1.554 1.671 1.796 1.927 2.064 2.209 2.361 2.519 2.792 3.100 3.419 3.750 4.093 4.447 4.813 5.190 5.579
7.945 7.838 7.722 7.599 7.467 7.327 7.179 7.036 6.893 6.739 6.571 6.391 6.198 5.993 5.774 5.543 5.300 5.043 4.785 4.622 4.577 4.551 4.543 4.553 4.582 4.629 4.695 4.779 4.882 5.003 5.142 5.066 4.787 4.501 4.210 3.913 3.610 3.301 2.991 2.701 2.430 2.179 1.949 1.857 1.842 1.816 1.778 1.728 1.668 1.595 1.512 1.416 1.310 1.191 1.062 1.089 1.209 1.336 1.470 1.611 1.759 1.913 2.075 2.243 2.418 2.600 2.789 3.093 3.452 3.823 4.205 4.599 5.004 5.421 5.850 6.290
7.949 7.814 7.670 7.517 7.357 7.188 7.011 6.830 6.644 6.445 6.233 6.008 5.771 5.522 5.259 4.984 4.696 4.396 4.093 3.905 3.943 3.998 4.073 4.165 4.276 4.406 4.554 4.720 4.905 5.075 5.211 5.137 4.795 4.474 4.172 3.890 3.628 3.387 3.165 2.963 2.781 2.619 2.478 2.384 2.318 2.240 2.151 2.051 1.939 1.816 1.681 1.534 1.377 1.207 1.026 1.017 1.168 1.326 1.490 1.661 1.839 2.024 2.216 2.414 2.620 2.832 3.051 3.381 3.792 4.214 4.647 5.093 5.549 6.018 6.498 6.989
7.962 7.798 7.625 7.444 7.255 7.057 6.851 6.636 6.406 6.162 5.907 5.638 5.357 5.063 4.756 4.437 4.105 3.760 3.413 3.169 3.334 3.529 3.710 3.879 4.035 4.178 4.307 4.424 4.528 4.619 4.697 4.667 4.414 4.181 3.968 3.775 3.603 3.450 3.317 3.204 3.111 3.038 2.985 2.922 2.805 2.676 2.536 2.385 2.222 2.047 1.861 1.664 1.455 1.235 1.003 0.939 1.120 1.308 1.503 1.704 1.913 2.128 2.350 2.579 2.814 3.057 3.306 3.658 4.119 4.593 5.078 5.574 6.082 6.602 7.133 7.676
7.982 7.789 7.588 7.378 7.160 6.934 6.699 6.455 6.180 5.892 5.592 5.280 4.958 4.684 4.419 4.163 3.917 3.680 3.449 3.262 3.412 3.549 3.673 3.784 3.882 3.967 4.039 4.098 4.145 4.178 4.198 4.175 4.011 3.867 3.743 3.639 3.555 3.491 3.447 3.423 3.419 3.434 3.470 3.472 3.304 3.124 2.933 2.730 2.516 2.291 2.054 1.806 1.546 1.275 0.992 0.854 1.065 1.283 1.508 1.740 1.979 2.224 2.477 2.736 3.002 3.274 3.554 3.922 4.435 4.960 5.496 6.044 6.603 7.174 7.756 8.350
8.010 7.788 7.558 7.320 7.073 6.814 6.537 6.274 5.986 5.707 5.437 5.176 4.925 4.683 4.451 4.228 4.014 3.810 3.612 3.419 3.505 3.584 3.650 3.704 3.744 3.771 3.786 3.787 3.776 3.751 3.714 3.662 3.587 3.532 3.497 3.482 3.486 3.511 3.556 3.620 3.705 3.809 3.933 4.033 3.814 3.583 3.341 3.088 2.823 2.546 2.258 1.959 1.648 1.326 0.992 0.761 1.003 1.252 1.507 1.769 2.038 2.314 2.596 2.886 3.182 3.485 3.795 4.175 4.739 5.315 5.902 6.501 7.112 7.734 8.367 9.012
7.861 7.564 7.280 7.010 6.753 6.510 6.280 6.063 5.815 5.568 5.331 5.103 4.884 4.675 4.475 4.284 4.103 3.931 3.766 3.606 3.612 3.633 3.642 3.638 3.620 3.590 3.547 3.491 3.422 3.340 3.245 3.137 3.142 3.176 3.229 3.303 3.396 3.509 3.643 3.796 3.969 4.162 4.375 4.606 4.336 4.054 3.761 3.457 3.141 2.813 2.474 2.124 1.763 1.389 1.005 0.662 0.934 1.213 1.499 1.791 2.090 2.396 2.709 3.029 3.355 3.688 4.028 4.415 5.031 5.658 6.297 6.947 7.608 8.282 8.966 9.614
7.312 7.062 6.825 6.602 6.391 6.194 6.011 5.840 5.635 5.421 5.216 5.021 4.835 4.658 4.490 4.332 4.183 4.044 3.911 3.785 3.733 3.697 3.648 3.586 3.511 3.424 3.323 3.209 3.083 2.943 2.791 2.626 2.676 2.798 2.940 3.102 3.284 3.486 3.708 3.950 4.211 4.493 4.794 5.116 4.869 4.536 4.192 3.837 3.470 3.092 2.702 2.301 1.889 1.465 1.029 0.582 0.858 1.167 1.483 1.806 2.135 2.472 2.815 3.164 3.521 3.884 4.259 4.654 5.294 5.917 6.524 7.114 7.688 8.246 8.787 9.312
6.753 6.549 6.358 6.181 6.017 5.867 5.730 5.606 5.447 5.266 5.093 4.930 4.777 4.632 4.497 4.372 4.255 4.148 4.048 3.954 3.869 3.775 3.669 3.549 3.417 3.272 3.114 2.942 2.758 2.561 2.352 2.129 2.189 2.399 2.630 2.881 3.151 3.442 3.752 4.082 4.432 4.802 5.192 5.602 5.413 5.030 4.635 4.229 3.811 3.382 2.942 2.490 2.026 1.552 1.065 0.568 0.776 1.133 1.520 1.905 2.290 2.674 3.057 3.439 3.821 4.202 4.582 4.961 5.515 6.066 6.600 7.118 7.620 8.105 8.574 9.026
6.181 6.024 5.880 5.749 5.632 5.527 5.437 5.359 5.251 5.102 4.962 4.832 4.710 4.598 4.496 4.403 4.319 4.244 4.177 4.116 4.019 3.868 3.704 3.527 3.337 3.134 2.919 2.690 2.449 2.194 1.927 1.647 1.680 1.979 2.298 2.638 2.997 3.375 3.774 4.193 4.631 5.090 5.568 6.066 5.970 5.535 5.090 4.632 4.159 3.680 3.206 2.739 2.279 1.825 1.377 0.935 1.103 1.486 1.869 2.251 2.633 3.013 3.393 3.772 4.150 4.527 4.904 5.280 5.752 6.231 6.692 7.138 7.567 7.980 8.376 8.756
5.598 5.487 5.389 5.305 5.234 5.176 5.132 5.101 5.047 4.930 4.823 4.725 4.636 4.556 4.486 4.425 4.374 4.332 4.297 4.268 4.183 3.975 3.753 3.519 3.272 3.012 2.739 2.453 2.154 1.842 1.517 1.180 1.150 1.538 1.946 2.373 2.821 3.288 3.775 4.284 4.797 5.305 5.806 6.301 6.275 5.798 5.327 4.863 4.405 3.953 3.508 3.069 2.637 2.210 1.791 1.377 1.459 1.839 2.219 2.598 2.976 3.353 3.729 4.105 4.479 4.853 5.227 5.599 6.005 6.411 6.801 7.174 7.531 7.871 8.195 8.503
5.003 4.939 4.887 4.849 4.825 4.813 4.815 4.831 4.834 4.750 4.675 4.609 4.553 4.506 4.468 4.440 4.420 4.411 4.408 4.412 4.362 4.096 3.818 3.526 3.221 2.904 2.573 2.230 1.874 1.504 1.155 0.858 0.832 1.361 1.885 2.402 2.913 3.418 3.917 4.409 4.896 5.376 5.850 6.318 6.402 5.953 5.510 5.074 4.644 4.220 3.803 3.392 2.988 2.589 2.198 1.812 1.816 2.193 2.569 2.944 3.319 3.693 4.066 4.438 4.809 5.180 5.550 5.919 6.274 6.608 6.925 7.226 7.510 7.778 8.030 8.266
4.397 4.379 4.374 4.382 4.404 4.439 4.487 4.549 4.613 4.561 4.519 4.486 4.462 4.447 4.441 4.445 4.459 4.481 4.511 4.548 4.556 4.229 3.898 3.575 3.260 2.952 2.651 2.358 2.072 1.794 1.523 1.260 1.154 1.657 2.153 2.643 3.127 3.604 4.076 4.541 5.000 5.453 5.900 6.340 6.521 6.100 5.686 5.278 4.876 4.480 4.091 3.708 3.331 2.961 2.597 2.240 2.173 2.546 2.919 3.291 3.662 4.033 4.402 4.771 5.139 5.506 5.873 6.239 6.559 6.820 7.065 7.294 7.506 7.702 7.881 8.044
3.779 3.807 3.848 3.903 3.971 4.052 4.147 4.255 4.376 4.365 4.355 4.354 4.362 4.381 4.413 4.443 4.474 4.503 4.532 4.561 4.589 4.292 3.995 3.705 3.422 3.147 2.879 2.619 2.366 2.121 1.883 1.652 1.483 1.958 2.427 2.890 3.346 3.797 4.241 4.679 5.111 5.537 5.956 6.370 6.635 6.242 5.855 5.475 5.101 4.733 4.372 4.017 3.668 3.326 2.990 2.661 2.530 2.900 3.270 3.638 4.006 4.373 4.739 5.105 5.469 5.833 6.197 6.559 6.859 7.048 7.221 7.377 7.517 7.641 7.748 7.839
3.149 3.224 3.311 3.412 3.527 3.654 3.804 3.998 4.195 4.259 4.291 4.322 4.353 4.383 4.412 4.440 4.468 4.495 4.522 4.548 4.574 4.347 4.082 3.825 3.576 3.333 3.099 2.871 2.651 2.439 2.234 2.037 1.846 2.266 2.707 3.143 3.572 3.995 4.412 4.823 5.228 5.627 6.019 6.405 6.741 6.376 6.017 5.665 5.319 4.979 4.646 4.319 3.999 3.684 3.376 3.075 2.888 3.255 3.621 3.986 4.350 4.714 5.077 5.439 5.800 6.161 6.520 6.879 7.176 7.292 7.393 7.477 7.545 7.596 7.632 7.650
2.608 2.794 2.983 3.176 3.371 3.570 3.771 3.976 4.184 4.271 4.300 4.329 4.358 4.385 4.412 4.438 4.464 4.488 4.513 4.537 4.560 4.393 4.162 3.938 3.721 3.512 3.310 3.115 2.928 2.749 2.577 2.412 2.255 2.580 2.994 3.402 3.805 4.201 4.590 4.974 5.352 5.723 6.088 6.447 6.800 6.503 6.173 5.848 5.530 5.219 4.913 4.614 4.322 4.035 3.755 3.482 3.246 3.609 3.972 4.333 4.694 5.055 5.414 5.773 6.131 6.488 6.844 7.200 7.508 7.552 7.581 7.593 7.588 7.568 7.531 7.478
2.507 2.704 2.904 3.107 3.313 3.523 3.735 3.951 4.170 4.283 4.311 4.337 4.363 4.388 4.413 4.436 4.459 4.482 4.504 4.525 4.546 4.431 4.233 4.041 3.858 3.681 3.512 3.351 3.197 3.050 2.911 2.779 2.655 2.900 3.287 3.668 4.043 4.412 4.775 5.131 5.481 5.826 6.164 6.496 6.821 6.624 6.321 6.025 5.735 5.451 5.174 4.903 4.638 4.380 4.128 3.882 3.642 3.964 4.323 4.681 5.039 5.396 5.752 6.107 6.462 6.816 7.169 7.521 7.825 7.726 7.622 7.513 7.400 7.281 7.158 7.030
2.403 2.610 2.821 3.035 3.253 3.473 3.696 3.923 4.152 4.296 4.321 4.345 4.369 4.392 4.414 4.435 4.456 4.476 4.496 4.515 4.533 4.461 4.295 4.137 3.986 3.842 3.706 3.578 3.456 3.343 3.236 3.137 3.046 3.226 3.586 3.940 4.288 4.630 4.965 5.294 5.618 5.935 6.246 6.550 6.849 6.738 6.463 6.195 5.933 5.677 5.427 5.184 4.947 4.717 4.493 4.275 4.063 4.319 4.674 5.007 5.292 5.574 5.853 6.127 6.399 6.666 6.930 7.190 7.447 7.351 7.226 7.095 6.961 6.821 6.676 6.527
2.296 2.514 2.736 2.961 3.189 3.420 3.654 3.892 4.132 4.310 4.333 4.354 4.375 4.396 4.416 4.435 4.453 4.471 4.488 4.505 4.521 4.483 4.350 4.224 4.106 3.995 3.892 3.796 3.708 3.627 3.553 3.487 3.428 3.559 3.891 4.218 4.539 4.853 5.162 5.464 5.760 6.050 6.334 6.612 6.883 6.845 6.598 6.358 6.123 5.896 5.671 5.437 5.191 4.934 4.666 4.387 4.097 4.208 4.485 4.758 5.028 5.294 5.556 5.815 6.071 6.323 6.571 6.815 7.056 6.981 6.834 6.683 6.527 6.366 6.200 6.029
2.186 2.416 2.648 2.884 3.123 3.365 3.610 3.858 4.109 4.324 4.345 4.364 4.383 4.401 4.418 4.435 4.451 4.466 4.481 4.495 4.509 4.496 4.396 4.303 4.218 4.140 4.069 4.006 3.951 3.902 3.862 3.828 3.802 3.897 4.203 4.503 4.796 5.084 5.365 5.640 5.909 6.175 6.455 6.743 7.041 7.098 6.870 6.630 6.379 6.118 5.845 5.562 5.267 4.962 4.645 4.318 3.979 3.994 4.256 4.513 4.767 5.017 5.264 5.507 5.747 5.983 6.215 6.444 6.669 6.616 6.449 6.276 6.098 5.916 5.729 5.537
2.073 2.314 2.557 2.804 3.054 3.306 3.562 3.821 4.083 4.339 4.357 4.374 4.390 4.406 4.421 4.435 4.449 4.462 4.475 4.486 4.498 4.500 4.433 4.373 4.321 4.276 4.238 4.208 4.185 4.170 4.162 4.161 4.157 4.183 4.430 4.687 4.952 5.227 5.510 5.802 6.104 6.414 6.733 7.061 7.398 7.527 7.249 6.961 6.662 6.352 6.030 5.698 5.355 5.001 4.636 4.260 3.873 3.785 4.030 4.272 4.510 4.745 4.976 5.203 5.427 5.647 5.864 6.077 6.287 6.257 6.068 5.874 5.675 5.472 5.263 5.050
