DATA/SHG/ECMWF/20170628/EN-35/20170704.en-35.asc
ncols        190
nrows        64
xllcorner    -5100000.000000000000
yllcorner    4130000.000000000000
cellsize     10000.000000000000
NODATA_value  -99999.000
[rows 0 to 32 of 64, columns 74 to 147 of 190]
4.008 3.918 3.828 3.736 3.644 3.551 3.457 3.494 3.821 4.130 4.425 4.705 4.972 5.223 5.461 5.685 5.894 6.089 6.270 6.407 6.449 6.500 6.555 6.613 6.675 6.740 6.809 6.881 6.956 7.036 7.118 7.263 7.618 8.003 8.421 8.869 9.348 9.858 10.400 10.972 11.576 12.211 12.877 13.442 13.590 13.704 13.784 13.830 13.842 13.820 13.765 13.675 13.552 13.395 13.204 12.985 12.778 12.581 12.393 12.215 12.047 11.888 11.739 11.600 11.470 11.350 11.239 11.031 10.522 10.011 9.498 8.983 8.465 7.945
4.336 4.240 4.142 4.041 3.937 3.831 3.722 3.681 3.954 4.213 4.458 4.689 4.905 5.107 5.295 5.469 5.629 5.774 5.905 6.016 6.073 6.140 6.210 6.284 6.362 6.442 6.527 6.615 6.706 6.801 6.899 7.043 7.537 8.062 8.619 9.206 9.825 10.474 11.155 11.866 12.609 13.383 14.188 14.918 14.915 14.877 14.805 14.700 14.561 14.387 14.180 13.940 13.665 13.356 13.014 12.668 12.505 12.350 12.206 12.071 11.946 11.830 11.724 11.628 11.541 11.464 11.396 11.268 10.749 10.228 9.704 9.179 8.650 8.120
4.648 4.543 4.435 4.325 4.213 4.097 3.979 3.876 4.099 4.309 4.504 4.685 4.852 5.004 5.142 5.267 5.377 5.472 5.554 5.621 5.694 5.776 5.863 5.952 6.045 6.142 6.241 6.345 6.452 6.562 6.676 6.793 7.423 8.087 8.782 9.509 10.266 11.055 11.875 12.725 13.607 14.520 15.464 16.429 16.274 16.084 15.861 15.605 15.314 14.990 14.631 14.239 13.813 13.353 12.860 12.343 12.222 12.111 12.009 11.917 11.835 11.762 11.699 11.646 11.602 11.568 11.544 11.478 10.904 10.348 9.810 9.291 8.790 8.308
4.962 4.848 4.731 4.612 4.490 4.366 4.239 4.109 4.257 4.417 4.563 4.694 4.811 4.914 5.003 5.077 5.138 5.184 5.216 5.233 5.312 5.410 5.511 5.616 5.725 5.837 5.953 6.072 6.194 6.320 6.449 6.582 7.274 8.077 8.912 9.777 10.674 11.601 12.560 13.549 14.570 15.621 16.704 17.818 17.667 17.326 16.952 16.544 16.102 15.626 15.117 14.574 13.996 13.386 12.741 12.062 11.930 11.861 11.816 11.778 11.731 11.674 11.608 11.532 11.447 11.353 11.249 11.135 10.670 10.196 9.740 9.303 8.885 8.485
5.278 5.155 5.029 4.900 4.769 4.636 4.500 4.361 4.428 4.538 4.634 4.716 4.784 4.837 4.876 4.901 4.912 4.908 4.891 4.859 4.926 5.039 5.157 5.277 5.402 5.529 5.660 5.795 5.933 6.075 6.220 6.368 7.091 8.034 9.007 10.011 11.047 12.113 13.210 14.338 15.498 16.688 17.909 19.161 19.094 18.602 18.077 17.517 16.924 16.204 15.430 14.693 13.995 13.335 12.713 12.129 11.973 11.912 11.841 11.761 11.672 11.573 11.465 11.347 11.220 11.083 10.937 10.781 10.417 10.026 9.653 9.298 8.961 8.644
5.596 5.463 5.328 5.191 5.051 4.908 4.763 4.615 4.612 4.673 4.719 4.751 4.769 4.773 4.762 4.738 4.699 4.646 4.579 4.498 4.537 4.666 4.799 4.935 5.075 5.218 5.365 5.515 5.668 5.825 5.986 6.150 6.875 7.956 9.068 10.211 11.385 12.590 13.826 15.093 16.245 17.267 18.240 19.164 18.930 18.135 17.378 16.660 15.979 15.336 14.732 14.165 13.637 13.147 12.695 12.281 12.092 11.989 11.876 11.754 11.622 11.481 11.331 11.171 11.002 10.823 10.635 10.437 10.147 9.838 9.547 9.274 9.020 8.784
5.915 5.774 5.630 5.484 5.334 5.183 5.028 4.872 4.809 4.819 4.816 4.799 4.767 4.722 4.662 4.588 4.499 4.397 4.281 4.150 4.144 4.289 4.437 4.589 4.744 4.903 5.065 5.231 5.400 5.573 5.749 5.996 6.757 7.952 9.098 10.195 11.243 12.242 13.193 14.095 14.948 15.752 16.508 17.214 17.174 16.549 15.962 15.413 14.902 14.430 13.995 13.598 13.240 12.919 12.637 12.393 12.221 12.075 11.920 11.756 11.583 11.400 11.207 11.005 10.794 10.573 10.343 10.103 9.859 9.632 9.423 9.232 9.060 8.906
6.237 6.087 5.934 5.778 5.620 5.459 5.296 5.130 5.018 4.979 4.926 4.860 4.779 4.683 4.574 4.451 4.313 4.161 3.995 3.815 3.748 3.908 4.178 4.486 4.788 5.082 5.370 5.652 5.927 6.195 6.456 6.711 7.253 8.230 9.159 10.038 10.869 11.651 12.384 13.069 13.705 14.292 14.830 15.320 15.380 14.925 14.508 14.129 13.788 13.485 13.220 12.993 12.804 12.653 12.540 12.465 12.359 12.171 11.975 11.768 11.553 11.328 11.093 10.849 10.596 10.333 10.061 9.779 9.553 9.408 9.281 9.172 9.081 9.009
6.561 6.402 6.239 6.075 5.907 5.738 5.565 5.390 5.240 5.152 5.049 4.933 4.803 4.658 4.521 4.474 4.448 4.442 4.457 4.492 4.592 4.883 5.168 5.446 5.718 5.983 6.241 6.492 6.737 6.976 7.207 7.432 7.802 8.562 9.273 9.935 10.549 11.113 11.630 12.097 12.516 12.886 13.207 13.480 13.548 13.263 13.015 12.806 12.634 12.501 12.406 12.348 12.329 12.347 12.404 12.499 12.507 12.277 12.038 11.790 11.533 11.265 10.989 10.703 10.408 10.103 9.789 9.465 9.230 9.166 9.121 9.094 9.085 9.095
6.887 6.718 6.547 6.373 6.197 6.018 5.837 5.648 5.472 5.374 5.296 5.238 5.202 5.185 5.189 5.214 5.260 5.326 5.412 5.519 5.647 5.909 6.164 6.412 6.654 6.889 7.117 7.339 7.554 7.763 7.965 8.160 8.403 8.946 9.440 9.885 10.281 10.629 10.928 11.179 11.381 11.534 11.638 11.694 11.678 11.562 11.485 11.445 11.443 11.479 11.553 11.665 11.815 12.003 12.229 12.493 12.664 12.393 12.112 11.822 11.522 11.213 10.894 10.567 10.229 9.883 9.527 9.161 8.888 8.906 8.942 8.997 9.070 9.162
7.173 6.917 6.681 6.466 6.270 6.095 5.940 5.805 5.691 5.664 5.658 5.672 5.707 5.762 5.838 5.935 6.052 6.190 6.348 6.526 6.709 6.940 7.165 7.384 7.596 7.801 8.000 8.192 8.378 8.556 8.729 8.894 9.057 9.383 9.659 9.888 10.067 10.198 10.281 10.314 10.299 10.236 10.124 9.963 9.771 9.824 9.916 10.045 10.213 10.418 10.661 10.943 11.262 11.619 12.014 12.447 12.831 12.518 12.195 11.863 11.521 11.170 10.810 10.440 10.061 9.672 9.274 8.867 8.528 8.628 8.746 8.883 9.038 9.211
6.818 6.633 6.468 6.322 6.197 6.092 6.008 5.943 5.899 5.935 6.001 6.087 6.193 6.320 6.468 6.636 6.824 7.034 7.263 7.513 7.768 7.977 8.173 8.362 8.544 8.720 8.889 9.051 9.207 9.356 9.499 9.634 9.764 9.872 9.932 9.943 9.906 9.821 9.686 9.504 9.272 8.992 8.663 8.286 7.860 8.048 8.309 8.608 8.945 9.319 9.732 10.182 10.670 11.196 11.761 12.363 13.003 12.652 12.288 11.913 11.530 11.137 10.735 10.323 9.902 9.472 9.032 8.593 8.199 8.395 8.593 8.793 8.997 9.203
6.445 6.330 6.235 6.161 6.106 6.071 6.057 6.062 6.088 6.187 6.324 6.482 6.660 6.859 7.078 7.317 7.577 7.858 8.159 8.481 8.808 9.021 9.187 9.346 9.498 9.644 9.784 9.916 10.042 10.162 10.275 10.381 10.480 10.414 10.257 10.052 9.798 9.496 9.145 8.746 8.298 7.802 7.257 6.664 6.022 6.235 6.665 7.132 7.638 8.182 8.763 9.382 10.040 10.735 11.468 12.239 13.047 12.796 12.358 11.889 11.432 10.984 10.547 10.121 9.706 9.300 8.906 8.522 8.149 8.317 8.528 8.741 8.957 9.176
6.054 6.009 5.985 5.980 5.996 6.031 6.087 6.163 6.259 6.420 6.629 6.858 7.107 7.377 7.668 7.979 8.311 8.663 9.035 9.428 9.827 10.070 10.206 10.336 10.459 10.575 10.685 10.788 10.884 10.974 11.057 11.134 11.204 11.008 10.635 10.213 9.743 9.225 8.658 8.042 7.378 6.666 5.905 5.095 4.237 4.383 4.982 5.619 6.293 7.098 7.981 8.826 9.633 10.401 11.132 11.823 12.477 12.286 11.854 11.432 11.021 10.621 10.231 9.852 9.483 9.125 8.777 8.440 8.114 8.237 8.460 8.686 8.914 9.145
5.645 5.670 5.716 5.781 5.867 5.973 6.099 6.245 6.411 6.634 6.914 7.214 7.535 7.877 8.239 8.621 9.024 9.448 9.892 10.356 10.827 11.126 11.232 11.332 11.425 11.512 11.592 11.665 11.732 11.792 11.846 11.893 11.933 11.654 11.065 10.427 9.741 9.007 8.224 7.392 6.594 5.898 5.248 4.642 4.081 4.398 5.264 6.092 6.882 7.634 8.347 9.022 9.658 10.257 10.817 11.339 11.822 11.725 11.340 10.965 10.601 10.248 9.905 9.572 9.250 8.939 8.638 8.348 8.069 8.155 8.390 8.628 8.868 9.112
5.217 5.312 5.428 5.564 5.720 5.896 6.092 6.308 6.544 6.828 7.180 7.552 7.944 8.357 8.790 9.244 9.718 10.213 10.728 11.264 11.806 12.187 12.264 12.334 12.398 12.455 12.505 12.549 12.586 12.617 12.641 12.552 12.373 11.922 11.111 10.346 9.625 8.949 8.319 7.733 7.193 6.697 6.247 5.841 5.480 5.653 6.350 7.007 7.627 8.209 8.752 9.257 9.723 10.152 10.542 10.894 11.208 11.154 10.816 10.488 10.171 9.864 9.568 9.282 9.007 8.743 8.489 8.246 8.013 8.069 8.317 8.567 8.820 9.076
4.771 4.937 5.122 5.328 5.554 5.800 6.067 6.353 6.659 7.003 7.426 7.870 8.333 8.818 9.322 9.847 10.393 10.959 11.546 12.152 12.766 13.254 13.159 12.958 12.761 12.569 12.382 12.200 12.023 11.851 11.684 11.522 11.365 11.071 10.460 9.895 9.375 8.899 8.468 8.083 7.742 7.447 7.196 6.990 6.830 6.947 7.474 7.962 8.411 8.823 9.196 9.531 9.828 10.087 10.307 10.490 10.634 10.573 10.282 10.001 9.730 9.470 9.221 8.982 8.754 8.536 8.329 8.133 7.947 7.981 8.241 8.504 8.769 9.037
4.306 4.542 4.798 5.074 5.370 5.686 6.023 6.379 6.755 7.159 7.654 8.168 8.703 9.259 9.820 10.196 10.554 10.896 11.221 11.530 11.841 12.109 11.924 11.745 11.570 11.401 11.236 11.076 10.922 10.772 10.628 10.489 10.354 10.172 9.762 9.396 9.076 8.800 8.569 8.384 8.243 8.147 8.096 8.090 8.129 8.280 8.636 8.954 9.234 9.476 9.680 9.845 9.972 10.061 10.112 10.125 10.100 9.982 9.737 9.503 9.280 9.067 8.864 8.672 8.491 8.320 8.159 8.009 7.870 7.891 8.163 8.438 8.715 8.996
3.824 4.130 4.456 4.802 5.168 5.554 5.960 6.373 6.725 7.069 7.469 7.853 8.221 8.572 8.906 9.223 9.524 9.807 10.074 10.325 10.578 10.837 10.685 10.528 10.375 10.228 10.086 9.949 9.817 9.690 9.568 9.451 9.338 9.225 9.015 8.849 8.728 8.653 8.622 8.636 8.695 8.798 8.947 9.141 9.379 9.651 9.838 9.986 10.097 10.169 10.203 10.199 10.156 10.076 9.957 9.800 9.606 9.381 9.183 8.996 8.819 8.653 8.497 8.352 8.217 8.093 7.979 7.876 7.783 7.797 8.082 8.369 8.659 8.952
3.330 3.714 4.089 4.455 4.813 5.161 5.501 5.832 6.154 6.467 6.803 7.130 7.439 7.732 8.008 8.267 8.509 8.735 8.944 9.136 9.331 9.531 9.441 9.307 9.177 9.052 8.932 8.818 8.708 8.603 8.503 8.409 8.319 8.234 8.220 8.254 8.333 8.457 8.625 8.839 9.097 9.401 9.749 10.142 10.580 11.061 11.078 11.057 10.998 10.900 10.765 10.591 10.380 10.130 9.842 9.516 9.152 8.770 8.619 8.478 8.348 8.229 8.120 8.021 7.933 7.855 7.788 7.732 7.686 7.701 7.998 8.298 8.600 8.905
3.012 3.366 3.710 4.045 4.372 4.690 4.999 5.299 5.591 5.873 6.154 6.422 6.674 6.908 7.126 7.327 7.512 7.679 7.830 7.964 8.101 8.243 8.194 8.082 7.974 7.872 7.775 7.682 7.595 7.512 7.435 7.363 7.295 7.233 7.377 7.610 7.889 8.212 8.580 8.993 9.451 9.954 10.502 11.094 11.731 12.413 12.357 12.167 11.938 11.671 11.366 11.024 10.643 10.223 9.766 9.271 8.738 8.166 8.045 7.951 7.867 7.795 7.732 7.680 7.639 7.608 7.588 7.578 7.643 7.829 8.311 8.808 9.319 9.846
2.703 3.025 3.339 3.644 3.940 4.227 4.506 4.776 5.036 5.288 5.521 5.731 5.924 6.101 6.261 6.404 6.530 6.640 6.733 6.809 6.888 6.970 6.943 6.853 6.768 6.688 6.613 6.543 6.478 6.418 6.363 6.312 6.267 6.227 6.486 6.919 7.397 7.920 8.487 9.099 9.756 10.458 11.205 11.997 12.833 13.714 13.675 13.315 12.917 12.481 12.007 11.495 10.945 10.357 9.730 9.066 8.363 7.623 7.461 7.445 7.498 7.576 7.682 7.813 7.972 8.156 8.367 8.604 8.868 9.158 9.690 10.252 10.829 11.420
2.402 2.694 2.977 3.252 3.517 3.774 4.022 4.261 4.491 4.712 4.904 5.056 5.191 5.310 5.412 5.497 5.565 5.617 5.652 5.670 5.690 5.715 5.688 5.620 5.558 5.500 5.447 5.399 5.357 5.319 5.286 5.258 5.235 5.217 5.547 6.180 6.857 7.579 8.345 9.157 10.013 10.914 11.859 12.850 13.885 14.965 15.031 14.502 13.935 13.330 12.615 11.798 11.010 10.253 9.525 8.828 8.160 7.522 7.447 7.590 7.760 7.956 8.178 8.426 8.701 9.003 9.330 9.685 10.065 10.472 11.052 11.679 12.321 12.978
2.110 2.371 2.624 2.868 3.103 3.329 3.546 3.755 3.954 4.145 4.303 4.397 4.474 4.535 4.579 4.606 4.617 4.611 4.588 4.548 4.510 4.476 4.429 4.384 4.343 4.308 4.277 4.252 4.231 4.216 4.205 4.200 4.199 4.204 4.561 5.392 6.269 7.189 8.155 9.165 10.221 11.260 12.191 13.084 13.940 14.758 14.688 13.884 13.110 12.365 11.650 10.965 10.310 9.685 9.090 8.525 7.989 7.483 7.448 7.708 7.995 8.307 8.646 9.012 9.404 9.822 10.266 10.737 11.234 11.758 12.398 13.090 13.797 14.519
1.826 2.057 2.279 2.492 2.697 2.892 3.079 3.257 3.426 3.587 3.718 3.754 3.773 3.776 3.762 3.732 3.684 3.620 3.540 3.442 3.346 3.253 3.166 3.143 3.125 3.112 3.104 3.100 3.102 3.109 3.121 3.137 3.218 3.395 3.854 4.882 5.872 6.824 7.739 8.616 9.456 10.257 11.021 11.748 12.436 13.087 13.164 12.493 11.850 11.238 10.656 10.103 9.580 9.088 8.624 8.191 7.788 7.414 7.422 7.799 8.202 8.632 9.088 9.570 10.078 10.613 11.174 11.762 12.376 13.016 13.727 14.485 15.257 16.044
1.551 1.751 1.943 2.126 2.300 2.465 2.621 2.769 2.907 3.037 3.149 3.127 3.089 3.034 2.962 2.873 2.768 2.647 2.508 2.353 2.198 2.047 1.899 1.962 2.129 2.298 2.470 2.644 2.820 2.998 3.179 3.362 3.547 3.734 4.061 4.922 5.745 6.531 7.279 7.989 8.661 9.296 9.893 10.453 10.974 11.458 11.611 11.072 10.562 10.082 9.632 9.211 8.820 8.460 8.129 7.827 7.556 7.314 7.369 7.863 8.383 8.929 9.501 10.100 10.725 11.377 12.055 12.759 13.489 14.246 15.040 15.862 16.700 17.552
1.285 1.454 1.615 1.768 1.911 2.046 2.172 2.289 2.397 2.496 2.587 2.517 2.420 2.307 2.178 2.048 2.021 2.003 1.994 1.994 1.999 2.009 2.026 2.197 2.374 2.553 2.735 2.919 3.105 3.294 3.484 3.677 3.873 4.070 4.310 5.004 5.660 6.279 6.860 7.403 7.908 8.376 8.807 9.199 9.554 9.872 10.029 9.621 9.243 8.896 8.577 8.289 8.030 7.802 7.603 7.433 7.294 7.184 7.289 7.899 8.536 9.199 9.888 10.603 11.345 12.113 12.907 13.728 14.575 15.448 16.336 17.224 18.126 19.043
1.027 1.166 1.296 1.418 1.531 1.635 1.731 1.817 1.907 2.034 2.156 2.146 2.116 2.093 2.080 2.075 2.078 2.090 2.111 2.141 2.176 2.216 2.263 2.428 2.616 2.805 2.997 3.191 3.387 3.586 3.787 3.990 4.196 4.404 4.614 5.126 5.615 6.067 6.481 6.858 7.197 7.498 7.762 7.988 8.176 8.327 8.417 8.141 7.896 7.680 7.494 7.337 7.210 7.114 7.047 7.009 7.002 7.024 7.182 7.909 8.662 9.441 10.247 11.079 11.937 12.822 13.733 14.670 15.633 16.623 17.617 18.569 19.536 20.518
0.777 0.899 1.046 1.187 1.322 1.452 1.577 1.696 1.810 1.918 2.020 2.046 2.045 2.052 2.069 2.094 2.127 2.169 2.220 2.279 2.345 2.415 2.493 2.657 2.854 3.054 3.256 3.460 3.667 3.876 4.087 4.300 4.516 4.734 4.954 5.289 5.612 5.897 6.144 6.354 6.527 6.661 6.758 6.818 6.840 6.824 6.771 6.632 6.518 6.434 6.380 6.355 6.361 6.396 6.460 6.555 6.679 6.833 7.048 7.891 8.761 9.657 10.579 11.527 12.502 13.503 14.530 15.583 16.663 17.769 18.880 19.898 20.930 21.976
0.808 0.941 1.068 1.190 1.306 1.417 1.523 1.623 1.717 1.806 1.889 1.937 1.966 2.004 2.050 2.105 2.168 2.240 2.321 2.410 2.506 2.607 2.714 2.883 3.090 3.300 3.512 3.727 3.943 4.162 4.384 4.607 4.833 5.061 5.292 5.493 5.649 5.767 5.848 5.892 5.898 5.866 5.796 5.689 5.545 5.363 5.143 5.093 5.111 5.159 5.237 5.344 5.481 5.648 5.844 6.070 6.326 6.612 6.927 7.847 8.833 9.845 10.883 11.948 13.039 14.156 15.300 16.470 17.666 18.888 20.043 20.874 21.675 22.448
0.873 0.987 1.095 1.198 1.296 1.387 1.474 1.555 1.630 1.700 1.764 1.821 1.880 1.947 2.024 2.108 2.202 2.304 2.414 2.533 2.659 2.790 2.928 3.105 3.323 3.543 3.765 3.990 4.217 4.446 4.678 4.911 5.147 5.386 5.626 5.737 5.726 5.679 5.593 5.470 5.310 5.112 4.876 4.603 4.292 3.944 3.558 3.525 3.675 3.854 4.064 4.302 4.571 4.869 5.198 5.555 5.943 6.360 6.807 7.775 8.877 10.025 11.197 12.333 13.435 14.502 15.534 16.531 17.493 18.420 19.313 20.024 20.696 21.339
0.944 1.039 1.128 1.212 1.290 1.363 1.430 1.492 1.548 1.599 1.644 1.697 1.786 1.883 1.989 2.104 2.227 2.359 2.499 2.649 2.804 2.965 3.133 3.325 3.553 3.783 4.016 4.251 4.488 4.727 4.968 5.212 5.458 5.707 5.958 6.022 5.845 5.631 5.379 5.090 4.763 4.399 3.997 3.557 3.081 2.566 2.014 1.927 2.209 2.520 2.861 3.231 3.742 4.497 5.209 5.878 6.504 7.087 7.627 8.566 9.653 10.705 11.723 12.706 13.654 14.567 15.445 16.288 17.097 17.871 18.609 19.205 19.747 20.260
1.020 1.095 1.165 1.230 1.289 1.343 1.391 1.434 1.471 1.503 1.529 1.565 1.684 1.811 1.947 2.092 2.245 2.407 2.577 2.756 2.942 3.133 3.331 3.542 3.780 4.021 4.263 4.508 4.755 5.005 5.256 5.510 5.767 6.025 6.286 6.347 6.004 5.624 5.206 4.750 4.257 3.727 3.159 2.667 2.508 2.392 2.318 2.677 3.457 4.193 4.887 5.538 6.145 6.710 7.232 7.711 8.146 8.539 8.889 9.588 10.521 11.420 12.284 13.113 13.907 14.666 15.391 16.081 16.736 17.356 17.941 18.415 18.828 19.211
