DATA/SHG/ECMWF/20170628/EN-35/20170708.en-35.asc
ncols        190
nrows        64
xllcorner    -5100000.000000000000
yllcorner    4130000.000000000000
cellsize     10000.000000000000
NODATA_value  -99999.000
[rows 0 to 32 of 64, columns 74 to 147 of 190]
14.645 14.460 14.255 14.030 13.787 13.523 13.241 13.124 13.311 13.427 13.528 13.617 13.692 13.755 13.804 13.840 13.862 13.871 13.868 13.719 13.155 12.627 12.129 11.661 11.222 10.814 10.435 10.087 9.768 9.479 9.220 9.053 9.094 9.128 9.154 9.172 9.184 9.187 9.184 9.172 9.154 9.128 9.094 9.030 8.878 8.709 8.523 8.318 8.096 7.857 7.600 7.326 7.034 6.724 6.397 6.078 5.824 5.557 5.278 4.986 4.682 4.365 4.036 3.694 3.340 2.974 2.595 2.263 2.096 1.941 1.797 1.665 1.545 1.436
16.375 15.877 15.336 14.828 14.353 13.910 13.500 13.203 13.285 13.354 13.409 13.452 13.481 13.497 13.500 13.490 13.466 13.429 13.379 13.276 12.845 12.451 12.086 11.752 11.447 11.173 10.928 10.713 10.528 10.373 10.248 10.163 10.170 10.171 10.163 10.148 10.126 10.097 10.059 10.015 9.963 9.904 9.837 9.744 9.514 9.266 9.001 8.718 8.418 8.100 7.764 7.411 7.041 6.652 6.247 5.841 5.531 5.209 4.874 4.527 4.167 3.795 3.411 3.014 2.605 2.183 1.749 1.353 1.238 1.134 1.042 0.961 0.892 0.835
15.750 15.291 14.864 14.470 14.109 13.780 13.484 13.234 13.270 13.293 13.303 13.299 13.282 13.252 13.209 13.152 13.083 13.000 12.904 12.794 12.501 12.241 12.010 11.809 11.639 11.498 11.386 11.305 11.254 11.232 11.241 11.279 11.253 11.220 11.179 11.131 11.076 11.012 10.942 10.864 10.779 10.686 10.586 10.477 10.168 9.841 9.498 9.136 8.757 8.361 7.947 7.515 7.066 6.600 6.115 5.617 5.252 4.874 4.484 4.081 3.667 3.239 2.799 2.347 1.883 1.406 0.916 0.510 0.608 0.717 0.839 0.973 1.119 1.277
15.020 14.675 14.362 14.083 13.835 13.621 13.438 13.289 13.268 13.245 13.208 13.158 13.095 13.019 12.930 12.827 12.711 12.583 12.441 12.285 12.124 11.997 11.900 11.833 11.796 11.789 11.811 11.863 11.945 12.057 12.199 12.371 12.343 12.276 12.202 12.121 12.032 11.935 11.831 11.720 11.601 11.475 11.342 11.201 10.839 10.434 10.012 9.572 9.115 8.640 8.147 7.637 7.110 6.565 6.002 5.422 4.986 4.553 4.147 3.779 3.418 3.063 2.714 2.371 2.035 1.704 1.380 1.062 1.181 1.344 1.520 1.708 1.907 2.119
14.260 14.029 13.831 13.665 13.532 13.431 13.363 13.327 13.278 13.208 13.126 13.030 12.921 12.798 12.663 12.515 12.353 12.178 11.990 11.789 11.714 11.721 11.757 11.824 11.920 12.046 12.202 12.387 12.603 12.848 13.123 13.428 13.439 13.339 13.232 13.117 12.994 12.865 12.727 12.583 12.431 12.271 12.105 11.930 11.528 11.045 10.544 10.026 9.490 8.915 8.326 7.749 7.183 6.629 6.086 5.555 5.163 4.810 4.464 4.124 3.790 3.462 3.140 2.825 2.515 2.212 1.915 1.624 1.741 1.958 2.188 2.429 2.683 2.948
13.471 13.354 13.270 13.218 13.198 13.211 13.257 13.335 13.300 13.184 13.055 12.913 12.758 12.590 12.409 12.214 12.007 11.786 11.552 11.305 11.271 11.411 11.581 11.781 12.010 12.270 12.559 12.878 13.226 13.605 14.013 14.451 14.542 14.408 14.268 14.119 13.964 13.801 13.630 13.452 13.195 12.880 12.556 12.222 11.709 11.114 10.531 9.959 9.398 8.849 8.311 7.785 7.270 6.767 6.275 5.795 5.419 5.094 4.775 4.462 4.155 3.855 3.560 3.272 2.989 2.713 2.443 2.180 2.288 2.559 2.843 3.138 3.445 3.764
12.654 12.650 12.680 12.741 12.836 12.962 13.121 13.313 13.334 13.172 12.997 12.809 12.608 12.394 12.167 11.926 11.673 11.406 11.126 10.833 10.794 11.068 11.371 11.704 12.067 12.459 12.882 13.334 13.816 14.327 14.869 15.372 15.465 15.182 14.891 14.590 14.280 13.960 13.632 13.294 12.947 12.590 12.225 11.850 11.376 10.832 10.300 9.779 9.269 8.771 8.284 7.809 7.345 6.893 6.452 6.023 5.669 5.371 5.079 4.793 4.514 4.240 3.973 3.712 3.457 3.208 2.965 2.728 2.823 3.148 3.484 3.833 4.194 4.567
11.806 11.917 12.060 12.235 12.443 12.683 12.956 13.261 13.380 13.172 12.951 12.718 12.471 12.211 11.937 11.651 11.351 11.039 10.713 10.374 10.285 10.692 11.153 11.627 12.101 12.574 13.046 13.517 13.987 14.457 14.925 15.393 15.558 15.234 14.901 14.559 14.207 13.846 13.476 13.097 12.709 12.311 11.904 11.488 11.032 10.539 10.057 9.587 9.128 8.681 8.246 7.821 7.408 7.007 6.617 6.239 5.912 5.641 5.376 5.118 4.865 4.619 4.379 4.145 3.917 3.695 3.480 3.270 3.345 3.723 4.113 4.516 4.930 5.357
10.930 11.154 11.411 11.699 12.021 12.374 12.761 13.179 13.438 13.184 12.918 12.638 12.345 12.039 11.730 11.456 11.182 10.910 10.638 10.368 10.265 10.737 11.209 11.680 12.150 12.619 13.087 13.554 14.021 14.486 14.951 15.415 15.661 15.296 14.921 14.538 14.145 13.743 13.332 12.911 12.481 12.042 11.594 11.136 10.676 10.234 9.803 9.384 8.976 8.580 8.195 7.822 7.460 7.109 6.770 6.443 6.148 5.905 5.667 5.436 5.210 4.991 4.778 4.571 4.371 4.176 3.987 3.805 3.853 4.285 4.729 5.185 5.653 6.133
10.024 10.362 10.732 11.134 11.569 12.036 12.536 13.074 13.516 13.239 12.963 12.688 12.413 12.140 11.868 11.597 11.327 11.058 10.790 10.523 10.329 10.798 11.266 11.733 12.199 12.664 13.129 13.592 14.055 14.516 14.977 15.437 15.774 15.368 14.952 14.527 14.093 13.650 13.197 12.735 12.264 11.784 11.294 10.795 10.308 9.917 9.537 9.169 8.812 8.467 8.133 7.810 7.499 7.199 6.911 6.634 6.378 6.162 5.951 5.747 5.549 5.357 5.171 4.991 4.818 4.650 4.489 4.333 4.349 4.835 5.332 5.842 6.364 6.897
9.154 9.726 10.294 10.860 11.422 11.982 12.539 13.092 13.632 13.359 13.086 12.814 12.544 12.274 12.005 11.738 11.471 11.206 10.941 10.677 10.412 10.859 11.324 11.787 12.249 12.711 13.171 13.631 14.090 14.548 15.005 15.461 15.898 15.450 14.993 14.527 14.051 13.567 13.073 12.569 12.057 11.535 11.005 10.464 9.929 9.588 9.260 8.942 8.636 8.342 8.059 7.787 7.527 7.278 7.040 6.814 6.601 6.412 6.229 6.052 5.881 5.716 5.557 5.404 5.258 5.117 4.983 4.855 4.833 5.372 5.923 6.486 7.061 7.648
9.247 9.809 10.367 10.922 11.474 12.024 12.570 13.113 13.653 13.478 13.208 12.940 12.673 12.407 12.142 11.877 11.614 11.352 11.091 10.831 10.569 10.922 11.382 11.841 12.300 12.758 13.215 13.670 14.125 14.580 15.033 15.485 15.937 15.542 15.044 14.536 14.020 13.494 12.959 12.414 11.861 11.298 10.726 10.144 9.554 9.248 8.970 8.704 8.449 8.205 7.973 7.752 7.542 7.344 7.157 6.982 6.818 6.656 6.500 6.350 6.206 6.068 5.936 5.811 5.691 5.578 5.470 5.403 5.414 6.150 6.953 7.824 8.761 9.766
9.343 9.894 10.442 10.987 11.529 12.068 12.604 13.137 13.667 13.595 13.330 13.065 12.801 12.538 12.277 12.016 11.756 11.497 11.240 10.983 10.724 10.985 11.441 11.897 12.352 12.806 13.259 13.711 14.162 14.612 15.062 15.511 15.958 15.645 15.105 14.556 13.998 13.431 12.855 12.269 11.674 11.070 10.457 9.835 9.203 8.897 8.670 8.454 8.249 8.056 7.875 7.705 7.546 7.398 7.262 7.138 7.025 6.893 6.795 6.738 6.690 6.649 6.616 6.591 6.575 6.566 6.565 6.571 6.586 7.554 8.655 9.824 11.060 12.363
9.441 9.982 10.520 11.054 11.586 12.114 12.640 13.163 13.682 13.712 13.450 13.189 12.928 12.669 12.411 12.153 11.897 11.642 11.387 11.134 10.879 11.049 11.502 11.953 12.404 12.854 13.304 13.752 14.199 14.646 15.092 15.537 15.981 15.757 15.176 14.586 13.987 13.379 12.761 12.134 11.498 10.853 10.199 9.535 8.862 8.534 8.357 8.192 8.039 7.951 7.921 7.890 7.857 7.822 7.785 7.746 7.705 7.667 7.638 7.616 7.603 7.597 7.599 7.610 7.628 7.654 7.688 7.730 7.780 8.889 10.288 11.755 13.289 14.890
9.542 10.072 10.600 11.124 11.645 12.164 12.679 13.191 13.701 13.828 13.569 13.311 13.054 12.798 12.544 12.290 12.037 11.785 11.534 11.284 11.032 11.113 11.562 12.010 12.458 12.904 13.349 13.794 14.238 14.680 15.122 15.563 16.004 15.879 15.258 14.626 13.986 13.337 12.678 12.010 11.384 10.813 10.252 9.701 9.159 8.925 8.895 8.862 8.828 8.792 8.754 8.714 8.672 8.628 8.582 8.534 8.484 8.465 8.471 8.485 8.506 8.536 8.573 8.618 8.672 8.733 8.802 8.879 8.964 10.155 11.852 13.617 15.448 17.347
9.645 10.165 10.682 11.196 11.707 12.215 12.721 13.223 13.722 13.943 13.687 13.433 13.179 12.927 12.675 12.425 12.175 11.927 11.680 11.433 11.185 11.179 11.624 12.068 12.512 12.954 13.396 13.837 14.277 14.716 15.154 15.601 16.067 16.098 15.502 14.916 14.339 13.773 13.216 12.669 12.131 11.603 11.086 10.577 10.079 9.803 9.764 9.723 9.680 9.635 9.588 9.539 9.488 9.435 9.380 9.323 9.264 9.254 9.295 9.344 9.400 9.465 9.537 9.618 9.706 9.802 9.906 10.018 10.138 11.352 13.347 15.409 17.538 19.734
9.751 10.261 10.768 11.271 11.772 12.270 12.765 13.256 13.745 14.057 13.805 13.554 13.304 13.054 12.806 12.559 12.313 12.068 11.824 11.581 11.336 11.245 11.661 12.067 12.486 12.918 13.364 13.822 14.294 14.780 15.278 15.790 16.315 16.532 15.979 15.436 14.903 14.379 13.865 13.361 12.867 12.382 11.908 11.442 10.987 10.683 10.635 10.584 10.532 10.478 10.422 10.364 10.304 10.242 10.178 10.113 10.045 10.034 10.110 10.194 10.285 10.385 10.492 10.608 10.731 10.862 11.001 11.148 11.303 12.481 14.773 17.133 19.559 22.052
9.860 10.359 10.855 11.349 11.839 12.327 12.811 13.293 13.771 14.170 13.921 13.673 13.427 13.181 12.930 12.599 12.275 11.959 11.649 11.347 11.057 10.851 11.303 11.768 12.246 12.738 13.242 13.760 14.291 14.836 15.393 15.964 16.548 16.955 16.445 15.945 15.455 14.975 14.504 14.043 13.592 13.150 12.718 12.296 11.884 11.563 11.506 11.447 11.386 11.323 11.258 11.191 11.122 11.051 10.978 10.903 10.827 10.805 10.916 11.034 11.161 11.296 11.438 11.588 11.747 11.913 12.087 12.269 12.458 13.541 16.131 18.787 21.511 24.301
9.970 10.460 10.946 11.429 11.909 12.386 12.861 13.317 13.688 14.035 13.709 13.374 13.047 12.727 12.414 12.108 11.809 11.518 11.233 10.956 10.692 10.438 10.931 11.455 11.992 12.543 13.106 13.683 14.273 14.877 15.493 16.123 16.766 17.367 16.900 16.444 15.996 15.559 15.131 14.713 14.305 13.906 13.517 13.138 12.769 12.444 12.378 12.310 12.240 12.168 12.095 12.019 11.941 11.861 11.779 11.695 11.610 11.566 11.712 11.866 12.028 12.197 12.374 12.560 12.753 12.954 13.163 13.380 13.604 14.532 17.419 20.373 23.393 26.480
10.081 10.537 10.968 11.376 11.759 12.119 12.455 12.766 13.054 13.318 13.088 12.778 12.476 12.180 11.892 11.612 11.338 11.071 10.812 10.560 10.320 10.092 10.544 11.127 11.723 12.333 12.956 13.592 14.241 14.903 15.579 16.267 16.969 17.684 17.344 16.931 16.526 16.132 15.747 15.372 15.007 14.651 14.305 13.969 13.642 13.326 13.251 13.175 13.096 13.015 12.932 12.847 12.760 12.672 12.581 12.488 12.394 12.319 12.500 12.688 12.885 13.089 13.301 13.522 13.750 13.986 14.230 14.481 14.741 15.456 18.639 21.890 25.207 28.590
10.137 10.509 10.857 11.181 11.481 11.758 12.010 12.238 12.443 12.623 12.460 12.176 11.898 11.628 11.365 11.109 10.861 10.619 10.385 10.157 9.943 9.740 10.143 10.785 11.440 12.109 12.790 13.485 14.193 14.914 15.649 16.397 17.157 17.931 17.777 17.406 17.045 16.694 16.352 16.020 15.697 15.385 15.082 14.788 14.505 14.231 14.126 14.040 13.952 13.862 13.771 13.677 13.581 13.483 13.384 13.282 13.179 13.073 13.278 13.501 13.733 13.972 14.219 14.474 14.737 15.008 15.287 15.574 15.981 16.658 20.220 23.714 27.143 30.504
10.215 10.504 10.768 11.009 11.226 11.419 11.588 11.733 11.854 11.951 11.828 11.568 11.316 11.070 10.832 10.601 10.378 10.161 9.951 9.749 9.559 9.382 9.727 10.428 11.142 11.870 12.610 13.364 14.131 14.911 15.704 16.511 17.331 18.164 18.199 17.871 17.553 17.244 16.945 16.656 16.377 16.107 15.847 15.596 15.356 15.124 15.001 14.906 14.809 14.711 14.610 14.507 14.403 14.296 14.188 14.077 13.965 13.850 14.047 14.486 15.168 15.820 16.440 17.028 17.585 18.111 18.605 19.067 19.498 19.898 22.972 26.171 29.305 32.371
10.315 10.520 10.702 10.859 10.993 11.103 11.188 11.250 11.288 11.302 11.189 10.955 10.727 10.507 10.294 10.088 9.889 9.697 9.512 9.335 9.170 9.018 9.297 10.057 10.830 11.616 12.416 13.228 14.054 14.893 15.745 16.611 17.489 18.381 18.610 18.325 18.049 17.784 17.528 17.281 17.045 16.818 16.601 16.393 16.195 16.007 15.877 15.773 15.668 15.560 15.481 15.525 15.678 15.939 16.309 16.787 17.375 18.070 18.715 19.289 19.832 20.344 20.824 21.272 21.689 22.075 22.429 22.751 23.042 23.302 25.785 28.690 31.529 34.301
10.438 10.560 10.658 10.732 10.783 10.809 10.812 10.790 10.745 10.676 10.545 10.336 10.133 9.938 9.749 9.568 9.394 9.227 9.068 8.915 8.776 8.648 8.853 9.671 10.503 11.348 12.206 13.078 13.962 14.860 15.771 16.695 17.633 18.583 19.010 18.767 18.535 18.312 18.099 17.895 17.702 17.451 17.102 16.760 16.425 16.097 15.951 16.042 16.242 16.550 16.967 17.492 18.126 18.869 19.720 20.680 21.748 22.925 23.685 24.119 24.522 24.893 25.233 25.542 25.819 26.065 26.279 26.462 26.613 26.733 28.661 31.271 33.815 36.293
10.582 10.621 10.636 10.627 10.595 10.538 10.457 10.353 10.225 10.072 9.896 9.711 9.533 9.363 9.199 9.043 8.894 8.752 8.617 8.489 8.375 8.272 8.394 9.271 10.162 11.066 11.983 12.913 13.856 14.813 15.782 16.765 17.711 18.562 19.008 18.640 18.280 17.927 17.581 17.242 16.910 16.586 16.268 15.958 15.655 15.360 15.395 15.967 16.649 17.438 18.337 19.343 20.458 21.682 23.014 24.455 26.004 27.662 28.680 28.975 29.238 29.469 29.669 29.838 29.975 30.081 30.156 30.199 30.211 30.191 31.598 33.914 36.164 38.347
10.749 10.705 10.637 10.545 10.429 10.289 10.126 9.938 9.727 9.492 9.240 9.080 8.928 8.782 8.643 8.512 8.388 8.271 8.161 8.058 7.968 7.891 7.920 8.874 9.843 10.786 11.703 12.595 13.461 14.301 15.116 15.905 16.669 17.407 17.913 17.577 17.249 16.927 16.613 16.306 16.007 15.714 15.429 15.150 14.879 14.615 14.724 15.778 16.941 18.211 19.591 21.078 22.674 24.379 26.192 28.113 30.143 32.281 33.701 33.856 33.979 34.071 34.131 34.160 34.158 34.124 34.059 33.963 33.835 33.675 34.597 36.619 38.575 40.464
10.938 10.811 10.660 10.485 10.286 10.063 9.817 9.546 9.252 8.934 8.592 8.444 8.316 8.196 8.082 7.983 7.945 7.922 7.915 7.923 7.944 7.977 8.022 8.882 9.737 10.567 11.371 12.149 12.902 13.629 14.330 15.006 15.657 16.281 16.811 16.508 16.211 15.922 15.639 15.364 15.096 14.836 14.582 14.336 14.096 13.864 13.940 15.475 17.118 18.870 20.729 22.697 24.774 26.959 29.252 31.653 34.163 36.782 38.748 38.763 38.746 38.699 38.619 38.509 38.367 38.194 37.989 37.753 37.486 37.187 37.658 39.386 41.048 42.643
11.150 10.939 10.705 10.447 10.165 9.860 9.530 9.177 8.797 8.410 8.044 7.929 7.883 7.852 7.837 7.837 7.852 7.883 7.929 7.991 8.066 8.153 8.252 8.919 9.661 10.377 11.067 11.732 12.372 12.985 13.574 14.136 14.673 15.185 15.671 15.432 15.167 14.910 14.659 14.416 14.180 13.951 13.729 13.515 13.307 13.107 13.042 15.057 17.181 19.413 21.753 24.201 26.758 29.422 32.196 35.077 38.067 41.165 43.820 43.696 43.540 43.352 43.134 42.884 42.602 42.290 41.945 41.570 41.163 40.725 40.781 42.215 43.583 44.885
11.383 11.039 10.580 10.142 9.724 9.327 8.950 8.594 8.258 7.943 7.648 7.556 7.563 7.586 7.624 7.677 7.746 7.830 7.930 8.045 8.174 8.315 8.468 8.984 9.612 10.215 10.793 11.344 11.870 12.371 12.846 13.295 13.719 14.117 14.490 14.350 14.117 13.891 13.673 13.461 13.257 13.060 12.870 12.687 12.511 12.343 12.181 14.525 17.129 19.841 22.661 25.589 28.625 31.770 35.023 38.384 41.853 45.430 48.918 48.654 48.359 48.032 47.674 47.285 46.864 46.412 45.928 45.414 44.867 44.290 43.965 45.106 46.180 47.188
10.389 9.981 9.594 9.227 8.881 8.555 8.250 7.965 7.701 7.457 7.234 7.168 7.229 7.305 7.397 7.504 7.626 7.764 7.917 8.085 8.268 8.463 8.670 9.078 9.593 10.082 10.547 10.985 11.398 11.785 12.147 12.484 12.794 13.080 13.339 13.261 13.060 12.866 12.680 12.500 12.327 12.162 12.004 11.853 11.709 11.572 11.443 13.879 16.963 20.154 23.454 26.861 30.377 34.001 37.733 41.573 45.522 49.578 53.743 53.639 53.204 52.738 52.240 51.712 51.152 50.560 49.938 49.284 48.598 47.882 46.943 47.118 47.257 47.361
9.242 8.906 8.590 8.295 8.020 7.765 7.532 7.318 7.125 6.953 6.802 6.767 6.882 7.011 7.156 7.317 7.492 7.684 7.890 8.112 8.348 8.597 8.858 9.200 9.602 9.978 10.329 10.655 10.954 11.229 11.478 11.701 11.899 12.071 12.217 12.167 11.997 11.835 11.680 11.532 11.391 11.258 11.131 11.012 10.900 10.795 10.697 13.119 16.682 20.353 24.132 28.019 32.014 36.117 40.328 44.647 49.074 53.609 58.252 58.649 58.075 57.259 55.987 54.669 53.304 51.893 50.435 48.930 47.379 45.782 44.138 44.045 44.027 43.974
8.078 7.813 7.568 7.344 7.141 6.958 6.795 6.653 6.532 6.431 6.351 6.353 6.521 6.704 6.902 7.116 7.345 7.589 7.849 8.124 8.415 8.717 9.032 9.350 9.639 9.902 10.140 10.353 10.540 10.701 10.837 10.947 11.032 11.091 11.125 11.066 10.928 10.798 10.674 10.558 10.449 10.347 10.252 10.165 10.084 10.011 9.945 12.245 16.287 20.437 24.695 29.061 33.604 38.249 42.735 47.063 51.232 55.243 59.096 59.248 57.863 56.432 54.955 53.431 51.860 50.243 48.579 46.869 45.112 43.309 41.459 41.012 40.837 40.626
6.895 6.702 6.529 6.376 6.244 6.132 6.041 5.971 5.921 5.891 5.882 5.925 6.146 6.383 6.634 6.901 7.184 7.482 7.795 8.123 8.467 8.823 9.192 9.529 9.705 9.855 9.980 10.080 10.154 10.202 10.225 10.222 10.194 10.141 10.062 9.958 9.852 9.754 9.662 9.578 9.500 9.430 9.367 9.516 10.321 11.243 12.283 15.162 19.899 24.477 28.897 33.159 37.263 41.208 44.995 48.623 52.094 55.406 58.559 58.882 57.292 55.655 53.971 52.241 50.465 48.642 46.772 44.856 42.894 40.885 38.830 38.017 37.685 37.318
