DATA/SHG/ECMWF/20170628/EN-35/20170630.en-35.asc
ncols        190
nrows        64
xllcorner    -5100000.000000000000
yllcorner    4130000.000000000000
cellsize     10000.000000000000
NODATA_value  -99999.000
[rows 0 to 31 of 64, columns 72 to 143 of 190]
6.101 5.974 5.850 5.727 5.607 5.488 5.372 5.258 5.146 5.113 5.248 5.371 5.488 5.598 5.702 5.799 5.890 5.974 6.052 6.123 6.187 6.161 5.857 5.557 5.261 4.969 4.679 4.393 4.110 3.830 3.554 3.281 3.011 2.925 3.421 3.907 4.382 4.847 5.302 5.746 6.180 6.603 7.016 7.419 7.811 7.966 7.419 6.878 6.344 5.816 5.294 4.779 4.270 3.768 3.272 2.782 2.299 1.944 1.956 1.974 2.000 2.031 2.070 2.115 2.167 2.225 2.290 2.362 2.440 2.494 2.460 2.424
6.215 6.096 5.979 5.870 5.759 5.645 5.526 5.403 5.276 5.189 5.296 5.396 5.490 5.578 5.659 5.733 5.801 5.862 5.917 5.965 6.006 6.007 5.717 5.432 5.151 4.873 4.598 4.326 4.058 3.793 3.531 3.272 3.017 2.845 3.295 3.734 4.163 4.582 4.990 5.388 5.776 6.153 6.520 6.876 7.222 7.450 6.931 6.419 5.913 5.413 4.920 4.433 3.953 3.479 3.011 2.550 2.095 1.714 1.756 1.804 1.859 1.920 1.988 2.063 2.145 2.233 2.327 2.429 2.537 2.627 2.587 2.546
6.414 6.302 6.185 6.064 5.939 5.811 5.678 5.541 5.400 5.266 5.350 5.427 5.499 5.563 5.621 5.672 5.717 5.756 5.788 5.813 5.831 5.844 5.574 5.304 5.037 4.773 4.513 4.256 4.002 3.751 3.504 3.260 3.019 2.781 3.180 3.573 3.956 4.328 4.690 5.042 5.383 5.714 6.035 6.345 6.645 6.928 6.438 5.954 5.476 5.005 4.540 4.082 3.630 3.184 2.745 2.312 1.886 1.478 1.549 1.627 1.711 1.802 1.900 2.005 2.116 2.233 2.358 2.489 2.626 2.820 2.895 2.973
6.655 6.528 6.397 6.262 6.123 5.980 5.833 5.682 5.526 5.367 5.410 5.465 5.513 5.554 5.590 5.618 5.640 5.656 5.665 5.667 5.663 5.652 5.428 5.172 4.920 4.671 4.425 4.182 3.943 3.707 3.474 3.244 3.018 2.795 3.077 3.424 3.760 4.086 4.402 4.708 5.003 5.288 5.562 5.826 6.080 6.323 5.938 5.483 5.034 4.591 4.155 3.725 3.301 2.884 2.473 2.068 1.670 1.278 1.336 1.443 1.611 1.838 2.075 2.322 2.578 2.844 3.120 3.406 3.701 4.006 4.108 4.198
6.900 6.759 6.613 6.464 6.311 6.153 5.992 5.826 5.657 5.483 5.476 5.508 5.533 5.552 5.564 5.570 5.569 5.562 5.548 5.527 5.500 5.467 5.278 5.037 4.799 4.565 4.333 4.105 3.880 3.658 3.440 3.225 3.013 2.804 2.985 3.286 3.576 3.856 4.126 4.385 4.634 4.873 5.101 5.319 5.527 5.724 5.433 5.006 4.585 4.171 3.763 3.400 3.082 2.780 2.494 2.224 1.969 1.731 1.877 2.128 2.389 2.660 2.940 3.230 3.529 3.839 4.158 4.486 4.825 5.173 5.318 5.419
7.148 6.992 6.833 6.669 6.502 6.330 6.154 5.975 5.791 5.603 5.548 5.557 5.559 5.555 5.544 5.527 5.504 5.474 5.437 5.394 5.344 5.288 5.125 4.898 4.675 4.455 4.238 4.024 3.814 3.607 3.403 3.202 3.005 2.811 2.904 3.159 3.403 3.637 3.861 4.074 4.277 4.469 4.675 4.888 5.093 5.288 5.131 4.805 4.494 4.199 3.920 3.657 3.410 3.179 2.964 2.764 2.581 2.413 2.558 2.852 3.156 3.470 3.793 4.126 4.469 4.822 5.184 5.556 5.937 6.328 6.522 6.635
7.399 7.229 7.056 6.878 6.696 6.510 6.320 6.126 5.928 5.726 5.625 5.611 5.591 5.564 5.531 5.491 5.445 5.392 5.332 5.266 5.194 5.115 4.969 4.756 4.548 4.342 4.139 3.940 3.744 3.552 3.362 3.176 2.993 2.835 2.890 3.134 3.370 3.596 3.814 4.023 4.223 4.414 4.597 4.771 4.936 5.093 5.018 4.763 4.523 4.299 4.091 3.898 3.722 3.561 3.417 3.288 3.175 3.078 3.228 3.565 3.912 4.269 4.636 5.012 5.398 5.793 6.199 6.614 7.038 7.472 7.723 7.847
7.654 7.470 7.282 7.090 6.894 6.694 6.490 6.282 6.069 5.853 5.709 5.672 5.629 5.579 5.523 5.461 5.391 5.316 5.233 5.145 5.049 4.948 4.809 4.611 4.444 4.291 4.140 3.991 3.844 3.698 3.555 3.413 3.274 3.136 3.134 3.339 3.535 3.722 3.901 4.071 4.232 4.384 4.528 4.663 4.789 4.907 4.889 4.704 4.535 4.381 4.244 4.122 4.016 3.926 3.852 3.794 3.752 3.725 3.887 4.267 4.657 5.057 5.467 5.886 6.315 6.754 7.202 7.660 8.128 8.605 8.919 9.055
7.913 7.714 7.512 7.306 7.096 6.881 6.663 6.441 6.214 5.984 5.798 5.739 5.673 5.601 5.522 5.436 5.352 5.292 5.232 5.171 5.109 5.046 4.961 4.813 4.667 4.522 4.379 4.239 4.100 3.963 3.828 3.695 3.564 3.435 3.386 3.552 3.709 3.858 3.997 4.128 4.251 4.364 4.469 4.565 4.652 4.730 4.743 4.628 4.530 4.447 4.380 4.329 4.294 4.274 4.271 4.283 4.311 4.356 4.534 4.958 5.391 5.835 6.287 6.750 7.222 7.703 8.195 8.696 9.206 9.727 10.111 10.258
8.175 7.962 7.746 7.525 7.301 7.072 6.840 6.603 6.363 6.122 5.918 5.861 5.802 5.743 5.684 5.623 5.561 5.499 5.436 5.372 5.307 5.241 5.164 5.024 4.886 4.750 4.616 4.484 4.354 4.225 4.099 3.974 3.852 3.731 3.648 3.775 3.893 4.002 4.103 4.195 4.278 4.353 4.419 4.476 4.524 4.564 4.580 4.536 4.508 4.496 4.499 4.519 4.554 4.606 4.673 4.755 4.854 4.968 5.171 5.638 6.114 6.601 7.096 7.602 8.117 8.641 9.176 9.720 10.273 10.837 11.299 11.458
8.440 8.213 7.973 7.723 7.479 7.242 7.010 6.785 6.565 6.352 6.146 6.086 6.025 5.963 5.900 5.836 5.772 5.706 5.640 5.573 5.505 5.436 5.363 5.233 5.104 4.976 4.850 4.727 4.605 4.485 4.367 4.251 4.137 4.025 3.919 4.007 4.086 4.157 4.218 4.271 4.316 4.351 4.378 4.396 4.406 4.406 4.400 4.427 4.470 4.528 4.602 4.692 4.798 4.920 5.057 5.210 5.379 5.564 5.797 6.307 6.826 7.355 7.894 8.443 9.001 9.568 10.145 10.732 11.329 11.935 12.482 12.652
8.525 8.284 8.049 7.821 7.598 7.382 7.171 6.967 6.768 6.576 6.389 6.312 6.248 6.183 6.117 6.050 5.982 5.914 5.845 5.774 5.703 5.631 5.556 5.439 5.318 5.199 5.082 4.967 4.854 4.742 4.633 4.525 4.420 4.316 4.214 4.248 4.288 4.320 4.343 4.357 4.362 4.359 4.347 4.326 4.297 4.259 4.212 4.302 4.415 4.543 4.688 4.848 5.025 5.217 5.424 5.648 5.887 6.143 6.414 6.965 7.527 8.099 8.681 9.272 9.873 10.484 11.104 11.734 12.373 12.971 13.500 13.764
8.553 8.334 8.120 7.913 7.711 7.515 7.326 7.143 6.965 6.794 6.628 6.539 6.471 6.403 6.334 6.264 6.194 6.122 6.050 5.977 5.903 5.828 5.749 5.643 5.531 5.420 5.312 5.205 5.100 4.997 4.896 4.797 4.700 4.605 4.512 4.498 4.500 4.492 4.476 4.452 4.418 4.376 4.325 4.266 4.198 4.121 4.035 4.159 4.343 4.542 4.757 4.988 5.234 5.497 5.775 6.069 6.378 6.704 7.045 7.612 8.177 8.703 9.233 9.767 10.305 10.848 11.394 11.945 12.500 13.059 13.622 14.562
8.576 8.378 8.185 7.999 7.818 7.644 7.475 7.313 7.156 7.006 6.862 6.765 6.695 6.624 6.552 6.479 6.405 6.331 6.256 6.179 6.102 6.024 5.942 5.845 5.741 5.639 5.539 5.440 5.344 5.250 5.157 5.067 4.978 4.891 4.806 4.758 4.720 4.674 4.619 4.556 4.484 4.403 4.313 4.215 4.108 3.992 3.867 4.001 4.254 4.524 4.809 5.129 5.461 5.775 6.072 6.353 6.616 6.862 7.091 7.553 8.093 8.638 9.186 9.739 10.296 10.857 11.422 11.991 12.565 13.142 13.724 15.204
8.594 8.416 8.245 8.079 7.919 7.766 7.618 7.477 7.342 7.212 7.089 6.993 6.920 6.845 6.770 6.694 6.618 6.540 6.462 6.383 6.302 6.221 6.136 6.044 5.948 5.855 5.763 5.673 5.586 5.500 5.416 5.333 5.253 5.175 5.099 5.027 4.950 4.865 4.772 4.669 4.558 4.439 4.366 4.341 4.310 4.274 4.231 4.412 4.736 5.043 5.332 5.605 5.861 6.099 6.320 6.525 6.712 6.882 7.035 7.447 8.005 8.568 9.136 9.707 10.282 10.862 11.445 12.033 12.625 13.221 13.821 15.688
8.606 8.449 8.298 8.154 8.015 7.883 7.756 7.636 7.521 7.413 7.310 7.221 7.144 7.067 6.989 6.910 6.831 6.750 6.669 6.586 6.503 6.419 6.331 6.241 6.154 6.068 5.985 5.904 5.825 5.747 5.672 5.598 5.526 5.509 5.541 5.558 5.548 5.533 5.511 5.483 5.450 5.410 5.365 5.313 5.256 5.193 5.124 5.209 5.457 5.687 5.901 6.098 6.278 6.440 6.586 6.714 6.826 6.920 6.997 7.336 7.913 8.495 9.080 9.670 10.264 10.862 11.464 12.071 12.681 13.296 13.915 16.014
8.612 8.476 8.346 8.223 8.105 7.994 7.888 7.788 7.695 7.607 7.526 7.449 7.370 7.290 7.209 7.127 7.044 6.960 6.876 6.790 6.704 6.617 6.526 6.435 6.413 6.437 6.463 6.491 6.520 6.550 6.583 6.617 6.653 6.690 6.729 6.748 6.712 6.669 6.621 6.567 6.507 6.441 6.369 6.291 6.207 6.117 6.021 6.022 6.194 6.349 6.487 6.608 6.712 6.799 6.868 6.921 6.957 6.975 6.977 7.221 7.817 8.417 9.021 9.629 10.242 10.858 11.479 12.104 12.733 13.366 14.003 16.183
8.612 8.497 8.389 8.286 8.189 8.099 8.014 7.936 7.863 7.796 7.736 7.678 7.596 7.512 7.428 7.343 7.265 7.289 7.318 7.352 7.392 7.438 7.472 7.496 7.525 7.557 7.590 7.624 7.661 7.698 7.738 7.779 7.822 7.867 7.913 7.943 7.880 7.811 7.736 7.655 7.569 7.476 7.378 7.273 7.163 7.046 6.924 6.853 6.949 7.028 7.090 7.135 7.163 7.174 7.168 7.145 7.105 7.048 6.974 7.101 7.716 8.335 8.957 9.584 10.215 10.850 11.489 12.133 12.780 13.432 14.088 16.196
8.607 8.513 8.425 8.344 8.268 8.198 8.134 8.077 8.025 7.994 8.042 8.101 8.117 8.137 8.163 8.195 8.232 8.274 8.322 8.376 8.435 8.500 8.554 8.597 8.634 8.672 8.713 8.754 8.798 8.843 8.890 8.939 8.989 9.041 9.094 9.142 9.053 8.957 8.856 8.749 8.636 8.517 8.391 8.261 8.124 7.981 7.832 7.700 7.721 7.724 7.711 7.680 7.632 7.567 7.486 7.387 7.271 7.139 6.989 6.978 7.611 8.248 8.889 9.535 10.184 10.838 11.496 12.157 12.823 13.494 14.168 16.052
8.596 8.523 8.474 8.483 8.503 8.534 8.576 8.629 8.694 8.769 8.856 8.955 9.000 9.039 9.084 9.135 9.191 9.253 9.321 9.394 9.472 9.557 9.630 9.692 9.739 9.785 9.832 9.881 9.932 9.985 10.039 10.094 10.152 10.211 10.272 10.334 10.231 10.109 9.981 9.847 9.708 9.562 9.410 9.253 9.090 8.921 8.745 8.565 8.509 8.437 8.348 8.242 8.118 7.978 7.821 7.646 7.455 7.246 7.021 6.850 7.502 8.157 8.817 9.481 10.149 10.821 11.497 12.178 12.862 13.551 14.243 15.751
8.905 8.930 8.966 9.013 9.072 9.142 9.223 9.315 9.419 9.533 9.659 9.796 9.876 9.934 9.999 10.069 10.144 10.226 10.312 10.405 10.503 10.606 10.699 10.780 10.841 10.894 10.949 11.005 11.063 11.123 11.184 11.247 11.311 11.378 11.446 11.515 11.414 11.265 11.111 10.951 10.785 10.612 10.434 10.251 10.061 9.865 9.664 9.456 9.315 9.167 9.002 8.820 8.621 8.405 8.173 7.923 7.656 7.372 7.071 6.753 7.388 8.062 8.741 9.423 10.109 10.800 11.495 12.194 12.896 13.604 14.329 15.286
9.307 9.371 9.446 9.533 9.630 9.739 9.859 9.990 10.132 10.286 10.451 10.627 10.745 10.824 10.907 10.997 11.091 11.192 11.298 11.410 11.527 11.649 11.762 11.862 11.939 12.000 12.061 12.125 12.190 12.257 12.326 12.396 12.468 12.541 12.616 12.693 12.601 12.426 12.246 12.059 11.866 11.668 11.464 11.253 11.037 10.815 10.587 10.353 10.138 9.914 9.674 9.416 9.142 8.850 8.542 8.216 7.874 7.515 7.138 6.745 7.271 8.110 9.118 10.058 10.930 11.735 12.472 13.141 13.742 14.276 14.742 15.140
9.698 9.801 9.916 10.041 10.177 10.325 10.484 10.654 10.835 11.027 11.231 11.445 11.609 11.706 11.809 11.918 12.032 12.152 12.277 12.408 12.544 12.686 12.818 12.938 13.035 13.102 13.171 13.242 13.314 13.388 13.464 13.541 13.620 13.701 13.784 13.868 13.794 13.593 13.385 13.172 12.953 12.728 12.498 12.261 12.018 11.770 11.515 11.255 10.977 10.678 10.362 10.029 9.750 9.612 9.524 9.488 9.502 9.567 9.683 9.850 10.517 11.292 11.999 12.639 13.211 13.715 14.152 14.520 14.822 15.055 15.221 15.319
10.079 10.221 10.374 10.538 10.713 10.900 11.097 11.306 11.526 11.757 11.999 12.253 12.466 12.583 12.705 12.833 12.966 13.105 13.250 13.400 13.556 13.717 13.868 14.007 14.126 14.201 14.277 14.355 14.435 14.516 14.599 14.684 14.770 14.858 14.947 15.039 14.992 14.764 14.530 14.291 14.045 13.794 13.537 13.284 13.040 12.789 12.531 12.265 12.056 11.940 11.874 11.859 11.895 11.982 12.120 12.309 12.548 12.839 13.180 13.572 14.063 14.538 14.945 15.285 15.557 15.761 15.897 15.966 15.967 15.901 15.767 15.565
10.448 10.629 10.820 11.023 11.238 11.463 11.699 11.947 12.206 12.476 12.757 13.049 13.317 13.453 13.595 13.742 13.894 14.052 14.216 14.385 14.560 14.741 14.911 15.070 15.215 15.297 15.380 15.465 15.552 15.641 15.731 15.823 15.916 16.011 16.118 16.246 16.265 16.039 15.806 15.565 15.318 15.064 14.802 14.534 14.259 13.976 13.687 13.390 13.243 13.352 13.512 13.722 13.984 14.296 14.659 15.073 15.538 16.054 16.620 17.237 17.675 17.849 17.957 17.996 17.968 17.872 17.709 17.478 17.180 16.814 16.380 15.878
10.806 11.026 11.256 11.498 11.751 12.015 12.290 12.577 12.874 13.183 13.503 13.834 14.162 14.317 14.478 14.644 14.816 14.993 15.176 15.365 15.559 15.758 15.948 16.127 16.300 16.394 16.499 16.608 16.723 16.843 16.968 17.098 17.233 17.373 17.518 17.668 17.741 17.484 17.219 16.947 16.669 16.383 16.090 15.790 15.484 15.170 14.849 14.521 14.375 14.709 15.094 15.530 16.016 16.554 17.142 17.781 18.471 19.212 20.003 20.845 21.351 21.226 21.033 20.773 20.445 20.050 19.587 19.056 18.458 17.793 17.059 16.259
11.120 11.412 11.681 11.962 12.253 12.556 12.870 13.195 13.531 13.879 14.237 14.607 14.988 15.175 15.355 15.540 15.731 15.903 15.950 16.059 16.231 16.465 16.751 17.080 17.458 17.587 17.714 17.846 17.983 18.125 18.272 18.424 18.581 18.743 18.910 19.082 19.224 18.934 18.638 18.335 18.025 17.708 17.384 17.053 16.715 16.369 16.017 15.658 15.451 16.011 16.621 17.281 17.993 18.755 19.569 20.433 21.347 22.313 23.329 24.396 25.091 24.667 24.174 23.615 22.987 22.292 21.530 20.700 19.803 18.838 17.806 16.706
11.391 11.787 12.095 12.414 12.744 13.086 13.439 13.803 14.177 14.564 14.895 14.984 15.067 15.048 15.062 15.139 15.278 15.479 15.743 16.069 16.457 16.908 17.412 17.960 18.557 18.773 18.922 19.077 19.236 19.400 19.569 19.743 19.922 20.106 20.295 20.489 20.688 20.391 20.064 19.729 19.388 19.039 18.684 18.321 17.952 17.575 17.191 16.801 16.473 17.257 18.092 18.977 19.914 20.901 21.939 23.028 24.167 25.357 26.598 27.890 28.896 28.172 27.381 26.521 25.595 24.601 23.539 22.410 21.214 19.950 18.619 17.220
11.646 12.150 12.497 12.781 12.887 12.989 13.086 13.177 13.264 13.345 13.422 13.493 13.559 13.701 13.932 14.226 14.581 14.999 15.480 16.022 16.627 17.294 18.016 18.783 19.599 19.952 20.124 20.300 20.481 20.667 20.858 21.054 21.255 21.462 21.673 21.889 22.110 21.853 21.495 21.129 20.756 20.376 19.989 19.595 19.194 18.787 18.372 17.950 17.521 18.447 19.507 20.618 21.779 22.991 24.253 25.567 26.931 28.345 29.811 31.327 32.766 31.742 30.652 29.493 28.268 26.975 25.614 24.186 22.691 21.128 19.498 17.801
10.919 11.241 11.341 11.435 11.525 11.609 11.688 11.763 11.832 11.896 11.955 12.009 12.058 12.299 12.747 13.257 13.829 14.464 15.160 15.919 16.741 17.624 18.564 19.549 20.584 21.124 21.318 21.516 21.719 21.927 22.140 22.358 22.582 22.810 23.043 23.281 23.524 23.322 22.931 22.534 22.130 21.719 21.301 20.876 20.443 20.004 19.558 19.105 18.645 19.583 20.867 22.202 23.588 25.024 26.511 28.049 29.638 31.277 32.966 34.707 36.498 35.377 33.988 32.530 31.006 29.414 27.755 26.028 24.234 22.373 20.444 18.448
9.616 9.937 10.019 10.096 10.168 10.235 10.297 10.354 10.406 10.453 10.495 10.531 10.563 10.842 11.506 12.233 13.021 13.872 14.785 15.761 16.798 17.898 19.055 20.259 21.512 22.289 22.504 22.725 22.950 23.180 23.415 23.655 23.901 24.151 24.406 24.666 24.931 24.796 24.374 23.946 23.510 23.068 22.618 22.162 21.698 21.228 20.751 20.266 19.775 20.663 22.172 23.731 25.342 27.002 28.714 30.476 32.288 34.152 36.066 38.030 40.045 39.077 37.388 35.477 33.305 31.228 29.249 27.366 25.579 23.889 22.296 20.799
8.338 8.639 8.704 8.763 8.818 8.868 8.913 8.952 8.987 9.016 9.041 9.060 9.074 9.330 10.210 11.153 12.158 13.225 14.354 15.546 16.799 18.115 19.489 20.912 22.383 23.447 23.684 23.926 24.173 24.426 24.683 24.945 25.212 25.485 25.762 26.044 26.331 26.275 25.823 25.363 24.896 24.422 23.942 23.454 22.959 22.458 21.949 21.433 20.911 21.688 23.421 25.205 27.040 28.924 30.887 32.803 34.522 36.043 37.367 38.493 39.422 38.230 36.290 34.447 32.701 31.051 29.497 28.040 26.680 25.416 24.248 23.178
