DATA/SHG/ECMWF/20170628/EN-35/20170709.en-35.asc
ncols        190
nrows        64
xllcorner    -5100000.000000000000
yllcorner    4130000.000000000000
cellsize     10000.000000000000
NODATA_value  -99999.000
[rows 32 to 63 of 64, columns 72 to 143 of 190]
8.162 7.926 8.029 8.139 8.256 8.379 8.508 8.644 8.787 8.936 9.091 9.253 9.422 9.589 9.723 9.861 10.005 10.154 10.307 10.465 10.628 10.796 10.973 11.157 11.345 11.541 11.759 11.984 12.216 12.456 12.703 12.957 13.219 13.488 13.765 14.049 14.341 14.299 13.617 12.933 12.246 11.556 10.864 10.168 9.469 8.917 8.704 8.357 7.876 8.299 9.815 11.274 12.676 14.021 15.308 16.538 17.711 18.827 19.885 20.887 21.831 22.535 23.074 23.580 24.053 24.492 24.899 25.272 25.612 25.919 26.193 26.433
7.624 7.279 7.403 7.536 7.675 7.821 7.973 8.132 8.297 8.468 8.646 8.831 9.022 9.218 9.369 9.524 9.685 9.850 10.021 10.196 10.376 10.561 10.755 10.956 11.161 11.374 11.624 11.882 12.147 12.420 12.700 12.987 13.282 13.584 13.894 14.211 14.788 15.995 16.259 16.389 16.386 16.249 15.978 15.573 15.035 14.363 13.557 12.618 11.545 11.236 12.500 13.706 14.855 15.946 16.981 17.958 18.879 19.742 20.548 21.296 21.988 22.526 22.919 23.278 23.605 23.898 24.158 24.385 24.579 24.739 24.867 24.961
7.103 6.699 6.772 6.927 7.089 7.257 7.432 7.613 7.801 7.995 8.196 8.403 8.617 8.837 9.011 9.183 9.361 9.543 9.731 9.923 10.120 10.322 10.532 10.751 10.973 11.200 11.482 11.930 13.029 14.208 15.468 16.808 18.229 19.730 21.311 22.973 24.715 26.316 25.987 25.525 24.929 24.199 23.336 22.339 21.209 19.945 18.547 17.016 15.351 14.230 15.240 16.194 17.090 17.929 18.711 19.436 20.104 20.714 21.268 21.764 22.203 22.551 22.798 23.011 23.191 23.338 23.452 23.532 23.580 23.594 23.576 23.524
6.599 6.136 6.135 6.313 6.497 6.688 6.886 7.090 7.300 7.517 7.740 7.970 8.207 8.449 8.648 8.838 9.033 9.232 9.436 9.975 11.025 12.095 13.097 14.028 14.974 15.936 17.187 18.560 20.015 21.549 23.164 24.860 26.635 28.491 30.428 32.445 34.542 36.720 35.849 34.794 33.606 32.284 30.829 29.240 27.518 25.662 23.673 21.550 19.294 17.280 18.038 18.738 19.382 19.969 20.499 20.971 21.387 21.745 22.046 22.290 22.477 22.610 22.710 22.777 22.811 22.812 22.780 22.714 22.616 22.484 22.319 22.121
6.112 5.590 5.493 5.693 5.901 6.114 6.334 6.561 6.794 7.033 7.279 7.532 8.155 9.204 10.221 11.241 12.281 13.339 14.417 15.514 16.630 17.766 18.834 19.832 20.845 21.874 23.364 25.093 26.902 28.791 30.761 32.812 34.942 37.153 39.444 41.816 44.268 46.800 45.844 44.197 42.417 40.504 38.457 36.277 33.963 31.516 28.935 26.221 23.374 20.393 20.891 21.340 21.731 22.066 22.343 22.563 22.727 22.833 22.882 22.874 22.809 22.703 22.657 22.578 22.466 22.320 22.142 21.930 21.686 21.408 21.097 20.753
5.641 5.061 4.845 5.069 5.298 5.979 7.055 8.123 9.183 10.235 11.279 12.315 13.343 14.362 15.405 16.491 17.597 18.721 19.865 21.028 22.210 23.412 24.546 25.612 26.692 27.787 29.443 31.526 33.691 35.935 38.260 40.665 43.150 45.715 48.361 51.087 53.894 56.780 55.971 53.733 51.362 48.857 46.219 43.448 40.543 37.505 34.333 31.029 27.591 24.019 23.802 23.998 24.137 24.220 24.245 24.213 24.124 23.978 23.776 23.516 23.199 22.829 22.637 22.412 22.154 21.863 21.538 21.181 20.790 20.366 19.910 19.420
7.176 7.526 8.178 9.250 10.313 11.369 12.417 13.456 14.487 15.510 16.525 17.532 18.531 19.521 20.565 21.717 22.888 24.079 25.289 26.518 27.766 29.033 30.234 31.366 32.514 33.676 35.424 37.862 40.381 42.980 45.659 48.419 51.258 54.178 57.178 60.259 63.419 66.660 66.231 63.402 60.440 57.344 54.116 50.753 47.258 43.629 39.868 35.972 31.944 27.782 26.768 26.713 26.600 26.430 26.204 25.920 25.579 25.182 24.727 24.216 23.647 23.021 22.652 22.281 21.876 21.439 20.969 20.465 19.929 19.359 18.757 18.121
12.073 12.793 13.656 14.699 15.733 16.760 17.779 18.789 19.792 20.786 21.772 22.750 23.719 24.681 25.701 26.919 28.156 29.412 30.688 31.983 33.297 34.630 35.898 37.097 38.311 39.540 41.307 44.100 46.973 49.927 52.960 56.074 59.268 62.542 65.896 69.330 72.845 76.440 76.624 73.205 69.652 65.966 62.146 58.194 54.108 49.889 45.537 41.052 36.434 31.682 29.791 29.484 29.119 28.698 28.219 27.684 27.092 26.442 25.736 24.973 24.153 23.276 22.700 22.183 21.633 21.050 20.421 19.749 19.075 18.397 17.717 17.034
16.862 17.952 19.134 20.148 21.154 22.152 23.142 24.123 25.097 26.062 27.019 27.968 28.909 29.842 30.812 32.096 33.399 34.722 36.063 37.424 38.804 40.203 41.537 42.803 44.083 45.379 47.093 50.240 53.468 56.775 60.163 63.630 67.178 70.806 74.514 78.303 82.171 86.119 87.150 83.140 78.997 74.721 70.311 65.769 61.093 56.285 51.343 46.268 41.060 35.719 32.871 32.311 31.695 31.022 30.292 29.505 28.661 27.698 26.510 25.339 24.187 23.053 22.236 21.563 20.887 20.209 19.528 18.843 18.157 17.467 16.775 16.079
21.545 23.005 24.571 25.598 26.576 27.545 28.505 29.458 30.403 31.339 32.267 33.187 34.099 35.003 35.900 37.249 38.619 40.007 41.414 42.841 44.287 45.752 47.152 48.484 49.832 51.194 52.782 56.283 59.864 63.525 67.267 71.088 74.990 78.972 83.033 87.175 91.397 95.699 97.808 93.208 88.475 83.609 78.610 73.478 68.213 62.815 57.284 51.620 45.695 39.143 34.831 33.595 32.377 31.178 29.997 28.833 27.688 26.562 25.453 24.362 23.290 22.236 21.396 20.710 20.022 19.332 18.638 17.942 17.242 16.541 15.836 15.128
26.121 27.950 29.885 31.049 31.998 32.938 33.870 34.794 35.709 36.617 37.516 38.408 39.291 40.166 41.033 42.379 43.814 45.268 46.741 48.233 49.745 51.276 52.742 54.141 55.555 56.985 58.429 62.228 66.163 70.178 74.273 78.448 82.703 87.038 91.453 95.949 100.524 105.179 108.599 103.189 95.899 88.770 81.801 74.992 68.344 61.856 55.529 49.362 43.355 37.509 33.118 31.962 30.824 29.704 28.603 27.520 26.455 25.408 24.379 23.368 22.376 21.401 20.559 19.862 19.161 18.458 17.752 17.044 16.332 15.618 14.901 14.181
30.590 32.788 35.093 36.501 37.421 38.332 39.235 40.130 41.017 41.896 42.766 43.629 44.483 45.330 46.168 47.484 48.985 50.505 52.044 53.602 55.179 56.776 58.308 59.774 61.255 62.751 64.262 68.075 72.364 76.732 81.101 83.956 86.712 89.370 91.928 94.388 96.750 99.012 101.072 94.329 87.745 81.322 75.060 68.957 63.015 57.233 51.612 46.150 40.850 35.709 31.388 30.312 29.254 28.214 27.192 26.189 25.204 24.237 23.288 22.357 21.444 20.549 19.727 19.017 18.305 17.589 16.871 16.150 15.426 14.700 13.970 13.238
34.953 37.520 40.193 41.954 42.844 43.727 44.601 45.467 46.325 47.175 48.017 48.851 49.677 50.494 51.304 52.565 54.132 55.717 57.322 58.946 60.589 62.251 62.735 63.099 63.420 63.699 63.935 66.027 68.745 71.363 73.883 76.304 78.627 80.851 82.976 85.002 86.930 88.759 90.489 85.307 79.430 73.713 68.156 62.759 57.522 52.446 47.530 42.774 38.178 33.743 29.641 28.645 27.667 26.707 25.765 24.841 23.936 23.048 22.179 21.328 20.495 19.680 18.899 18.176 17.452 16.724 15.993 15.260 14.524 13.785 13.044 12.299
39.210 42.145 45.187 47.407 48.269 49.122 49.968 50.805 51.635 52.456 53.269 54.074 54.871 55.660 56.441 56.542 56.950 57.304 57.606 57.853 58.047 58.188 58.344 58.521 58.656 58.749 58.800 60.228 62.512 64.697 66.783 68.770 70.659 72.450 74.141 75.734 77.229 78.625 79.922 76.124 70.952 65.940 61.089 56.397 51.866 47.495 43.284 39.233 35.342 31.611 28.040 26.961 26.062 25.182 24.320 23.476 22.651 21.843 21.054 20.282 19.529 18.794 18.074 17.340 16.603 15.863 15.120 14.374 13.626 12.875 12.121 11.365
43.360 46.664 50.074 52.861 53.694 54.519 55.336 56.145 55.742 55.335 54.948 54.580 54.231 53.900 53.589 53.490 53.714 53.885 54.002 54.066 54.077 54.034 54.005 53.997 53.946 53.853 53.718 54.546 56.396 58.147 59.800 61.354 62.810 64.167 65.425 66.585 67.647 68.610 69.474 66.779 62.313 58.006 53.859 49.873 46.046 42.380 38.873 35.527 32.340 29.314 26.447 25.260 24.442 23.641 22.859 22.095 21.349 20.621 19.911 19.219 18.545 17.890 17.252 16.507 15.757 15.005 14.250 13.492 12.732 11.969 11.202 10.434
47.371 49.900 52.368 54.392 53.957 53.541 53.144 52.766 52.407 52.066 51.745 51.443 51.160 50.896 50.651 50.491 50.531 50.518 50.452 50.332 50.159 49.933 49.719 49.525 49.289 49.010 48.690 48.980 50.396 51.715 52.934 54.055 55.078 56.002 56.828 57.555 58.183 58.713 59.145 57.274 53.512 49.910 46.468 43.185 40.063 37.101 34.298 31.656 29.173 26.850 24.688 23.542 22.804 22.083 21.380 20.696 20.029 19.381 18.751 18.139 17.545 16.969 16.411 15.678 14.916 14.152 13.385 12.614 11.842 11.066 10.288 9.507
43.938 46.259 48.519 50.712 50.343 49.993 49.662 49.351 49.058 48.784 48.529 48.293 48.076 47.878 47.699 47.543 47.400 47.203 46.953 46.650 46.294 45.885 45.486 45.106 44.685 44.221 43.715 43.530 44.513 45.399 46.186 46.874 47.464 47.955 48.348 48.643 48.839 48.936 48.935 47.607 44.549 41.651 38.913 36.335 33.917 31.658 29.559 27.620 25.841 24.222 22.763 21.808 21.149 20.508 19.885 19.280 18.693 18.124 17.574 17.041 16.527 16.030 15.552 14.853 14.079 13.302 12.523 11.741 10.955 10.168 9.388 8.640
40.567 42.679 44.732 46.724 46.716 46.432 46.168 45.922 45.695 45.487 45.299 45.129 44.978 44.846 44.734 44.640 44.321 43.941 43.508 43.021 42.482 41.889 41.306 40.741 40.133 39.484 38.793 38.196 38.747 39.200 39.554 39.810 39.967 40.026 39.986 39.849 39.612 39.278 38.844 37.779 35.425 33.231 31.197 29.322 27.607 26.052 24.656 23.421 22.345 21.428 20.672 20.057 19.477 18.916 18.372 17.847 17.340 16.850 16.379 15.926 15.491 15.079 14.680 14.035 13.266 12.505 11.752 11.006 10.268 9.537 8.814 8.098
37.255 39.160 41.005 42.789 43.076 42.858 42.660 42.480 42.319 42.178 42.055 41.951 41.867 41.801 41.754 41.726 41.293 40.730 40.114 39.444 38.721 37.945 37.178 36.428 35.635 34.801 33.924 33.005 33.097 33.117 33.039 32.862 32.587 32.214 31.742 31.172 30.504 29.737 28.872 27.790 26.140 24.649 23.318 22.146 21.134 20.282 19.589 19.056 18.683 18.469 18.415 18.289 17.808 17.482 17.140 16.783 16.409 16.020 15.616 15.195 14.759 14.307 13.840 13.222 12.486 11.758 11.038 10.325 9.620 8.922 8.232 7.550
34.004 35.702 37.338 38.915 39.422 39.270 39.138 39.024 38.930 38.854 38.798 38.760 38.741 38.741 38.761 38.799 38.318 37.572 36.772 35.920 35.014 34.054 33.103 32.167 31.190 30.170 29.108 28.004 27.562 27.150 26.640 26.032 25.325 24.519 23.616 22.614 21.514 20.316 19.019 17.640 16.693 15.905 15.277 14.827 15.223 15.629 16.043 16.466 16.897 17.338 17.787 18.055 17.675 17.280 16.869 16.442 16.000 15.542 15.068 14.579 14.074 13.553 13.017 12.402 11.699 11.005 10.317 9.638 8.966 8.301 7.644 6.995
30.814 32.304 33.733 35.102 35.754 35.669 35.603 35.555 35.527 35.517 35.526 35.555 35.602 35.668 35.754 35.858 35.395 34.466 33.483 32.447 31.358 30.216 29.080 27.960 26.797 25.592 24.345 23.056 22.144 21.300 20.358 19.318 18.179 16.942 15.607 14.982 14.418 13.867 13.330 12.807 13.132 13.541 13.959 14.385 14.821 15.264 15.717 16.178 16.648 17.127 17.615 18.007 17.558 17.094 16.614 16.119 15.607 15.080 14.538 13.980 13.406 12.816 12.211 11.575 10.906 10.244 9.590 8.944 8.305 7.673 7.049 6.433
27.684 28.966 30.188 31.349 32.074 32.054 32.054 32.072 32.110 32.166 32.242 32.336 32.449 32.581 32.733 32.903 32.524 31.411 30.246 29.027 27.755 26.430 25.111 23.805 22.457 21.067 19.979 18.940 18.158 17.559 16.972 16.400 15.841 15.295 14.763 14.245 13.741 13.250 12.772 12.309 12.566 13.014 13.470 13.935 14.409 14.891 15.382 15.882 16.390 16.907 17.433 17.968 17.458 16.925 16.376 15.812 15.232 14.636 14.024 13.397 12.754 12.096 11.422 10.742 10.106 9.478 8.856 8.243 7.637 7.039 6.448 5.864
24.614 25.689 26.703 27.657 28.380 28.426 28.492 28.576 28.680 28.802 28.943 29.104 29.283 29.481 29.698 29.934 29.704 28.409 27.254 26.189 25.123 24.055 23.002 21.963 20.923 19.882 18.840 17.797 16.988 16.448 15.922 15.409 14.910 14.424 13.952 13.494 13.049 12.618 12.201 11.797 11.992 12.478 12.972 13.476 13.988 14.509 15.038 15.576 16.123 16.679 17.243 17.816 17.375 16.773 16.155 15.522 14.873 14.208 13.528 12.832 12.120 11.393 10.650 9.903 9.300 8.704 8.116 7.535 6.963 6.397 5.839 5.289
21.604 22.472 23.279 24.026 24.672 24.785 24.916 25.066 25.236 25.424 25.631 26.099 26.655 27.180 27.674 28.138 28.289 27.222 26.154 25.085 24.014 22.942 21.884 20.840 19.796 18.750 17.704 16.657 15.805 15.324 14.858 14.405 13.965 13.540 13.128 12.729 12.344 11.973 11.615 11.271 11.408 11.933 12.466 13.008 13.558 14.117 14.685 15.262 15.847 16.441 17.044 17.655 17.308 16.637 15.951 15.248 14.530 13.797 13.048 12.283 11.502 10.706 9.895 9.067 8.486 7.924 7.369 6.821 6.281 5.749 5.224 4.707
18.655 19.315 19.915 20.455 21.310 21.995 22.630 23.234 23.807 24.349 24.861 25.341 25.791 26.210 26.599 26.956 27.201 26.129 25.056 23.983 22.907 21.831 20.768 19.721 18.672 17.622 16.571 15.519 14.607 14.187 13.780 13.387 13.007 12.641 12.289 11.950 11.625 11.313 11.015 10.731 10.816 11.379 11.950 12.531 13.119 13.717 14.323 14.938 15.562 16.194 16.835 17.485 17.258 16.518 15.763 14.992 14.205 13.403 12.585 11.751 10.902 10.037 9.156 8.260 7.667 7.137 6.615 6.101 5.594 5.094 4.602 4.118
17.222 18.221 19.226 20.238 21.256 21.902 22.431 22.929 23.396 23.832 24.238 24.613 24.957 25.270 25.552 25.804 26.025 25.039 23.961 22.883 21.804 20.723 19.656 18.603 17.550 16.496 15.440 14.384 13.396 13.035 12.688 12.355 12.035 11.729 11.436 11.157 10.892 10.640 10.402 10.177 10.215 10.816 11.426 12.045 12.672 13.308 13.952 14.606 15.268 15.938 16.618 17.306 17.224 16.416 15.591 14.752 13.896 13.025 12.138 11.236 10.318 9.384 8.435 7.470 6.840 6.344 5.855 5.373 4.899 4.433 3.974 3.523
17.075 18.096 19.123 20.156 21.195 21.838 22.261 22.653 23.014 23.344 23.644 23.913 24.151 24.359 24.535 24.681 24.796 23.951 22.869 21.786 20.702 19.617 18.546 17.489 16.431 15.372 14.312 13.251 12.189 11.870 11.583 11.309 11.049 10.803 10.570 10.350 10.145 9.952 9.774 9.609 9.605 10.245 10.893 11.550 12.215 12.890 13.573 14.264 14.965 15.674 16.391 17.118 17.207 16.330 15.437 14.528 13.604 12.664 11.709 10.738 9.751 8.749 7.731 6.698 6.007 5.544 5.109 4.747 4.398 4.064 3.744 3.438
16.923 17.965 19.014 20.068 21.129 21.802 22.119 22.405 22.661 22.885 23.079 23.242 23.375 23.476 23.547 23.587 23.597 22.865 21.779 20.692 19.604 18.514 17.438 16.377 15.315 14.251 13.187 12.121 11.055 10.692 10.464 10.250 10.050 9.863 9.689 9.530 9.384 9.251 9.132 9.027 8.986 9.664 10.351 11.046 11.750 12.463 13.184 13.914 14.652 15.400 16.156 16.920 17.207 16.261 15.299 14.322 13.329 12.312 11.250 10.214 9.204 8.220 7.262 6.330 5.705 5.376 5.061 4.760 4.473 4.200 3.942 3.697
16.765 17.829 18.898 19.974 21.056 21.795 22.006 22.186 22.336 22.455 22.543 22.601 22.627 22.623 22.588 22.523 22.427 21.782 20.692 19.601 18.508 17.414 16.333 15.268 14.201 13.133 12.064 10.994 9.923 9.499 9.331 9.177 9.036 8.909 8.795 8.695 8.609 8.536 8.476 8.431 8.398 9.075 9.800 10.533 11.276 12.027 12.786 13.554 14.329 14.981 15.615 16.231 16.549 15.471 14.419 13.393 12.393 11.418 10.470 9.548 8.651 7.780 6.936 6.117 5.520 5.253 4.999 4.760 4.534 4.322 4.125 3.941
16.601 17.686 18.777 19.874 20.978 21.816 21.922 21.996 22.040 22.054 22.036 21.988 21.909 21.799 21.659 21.488 21.286 20.702 19.607 18.512 17.414 16.316 15.231 14.161 13.089 12.017 10.944 9.869 8.794 8.293 8.185 8.090 8.009 7.941 7.887 7.847 7.820 7.806 7.807 7.820 7.836 8.429 9.129 9.811 10.474 11.120 11.747 12.357 12.949 13.522 14.078 14.616 15.063 14.099 13.160 12.247 11.360 10.499 9.664 8.855 8.072 7.315 6.583 5.878 5.322 5.116 4.923 4.745 4.581 4.430 4.294 4.172
16.431 17.538 18.650 19.769 20.894 21.866 21.866 21.835 21.773 21.681 21.558 21.404 21.219 21.004 20.758 20.482 20.174 19.625 18.525 17.425 16.324 15.221 14.132 13.057 11.981 10.904 9.826 8.747 7.668 7.073 7.024 7.032 7.050 7.068 7.085 7.101 7.116 7.130 7.144 7.157 7.169 7.619 8.240 8.844 9.429 9.996 10.545 11.076 11.589 12.084 12.562 13.021 13.462 12.701 11.876 11.076 10.303 9.555 8.833 8.137 7.467 6.823 6.205 5.612 5.110 4.965 4.833 4.716 4.613 4.524 4.449 4.388
16.256 17.383 18.517 19.657 20.803 21.945 21.839 21.702 21.535 21.337 21.108 20.849 20.559 20.238 19.887 19.505 19.092 18.549 17.446 16.341 15.235 14.128 13.063 12.033 11.011 9.996 8.989 7.990 6.998 6.365 6.381 6.397 6.412 6.426 6.439 6.452 6.464 6.475 6.485 6.494 6.502 6.830 7.372 7.897 8.403 8.892 9.363 9.815 10.250 10.667 11.066 11.447 11.809 11.278 10.566 9.879 9.219 8.585 7.976 7.393 6.837 6.306 5.801 5.321 4.883 4.799 4.730 4.674 4.632 4.604 4.590 4.590
