DATA/SHG/ECMWF/20170628/EN-27/20170710.en-27.asc
ncols        190
nrows        64
xllcorner    -5100000.000000000000
yllcorner    4130000.000000000000
cellsize     10000.000000000000
NODATA_value  -99999.000
[rows 0 to 33 of 64, columns 0 to 74 of 190]
2.607 2.419 2.226 2.026 1.819 1.607 1.388 1.164 0.933 0.878 0.883 0.889 0.898 0.908 0.920 0.934 0.950 0.968 0.988 1.018 1.042 1.055 1.063 1.070 1.075 1.078 1.079 1.078 1.076 1.071 1.065 1.057 1.047 1.203 1.483 1.780 2.097 2.432 2.786 3.159 3.550 3.960 4.388 4.835 5.301 5.482 5.396 5.301 5.197 5.085 4.965 4.837 4.700 4.555 4.401 4.239 4.069 3.905 3.750 3.589 3.421 3.245 3.063 2.873 2.677 2.473 2.263 2.046 1.821 1.670 1.645 1.619 1.593 1.566 1.538
2.810 2.601 2.385 2.163 1.935 1.701 1.460 1.214 0.961 0.866 0.877 0.891 0.955 1.011 1.059 1.097 1.125 1.145 1.155 1.155 1.147 1.141 1.143 1.144 1.142 1.138 1.133 1.126 1.117 1.106 1.094 1.079 1.063 1.207 1.552 1.916 2.298 2.699 3.119 3.557 4.014 4.490 4.984 5.497 6.028 6.317 6.200 6.076 5.943 5.801 5.652 5.494 5.327 5.153 4.970 4.778 4.579 4.382 4.203 4.017 3.824 3.624 3.416 3.202 2.981 2.753 2.518 2.276 2.027 1.829 1.801 1.773 1.744 1.714 1.683
3.020 2.788 2.551 2.307 2.062 1.845 1.641 1.449 1.270 1.206 1.257 1.299 1.332 1.356 1.370 1.375 1.371 1.357 1.334 1.302 1.261 1.230 1.225 1.219 1.211 1.201 1.189 1.176 1.160 1.143 1.124 1.103 1.081 1.192 1.603 2.032 2.480 2.947 3.432 3.936 4.459 5.000 5.560 6.138 6.735 7.158 7.012 6.858 6.695 6.525 6.345 6.158 5.962 5.758 5.545 5.324 5.095 4.865 4.662 4.451 4.233 4.008 3.776 3.538 3.292 3.039 2.780 2.513 2.274 2.062 2.070 2.079 2.086 2.094 2.101
3.195 2.971 2.761 2.563 2.378 2.206 2.047 1.901 1.768 1.691 1.709 1.719 1.719 1.710 1.691 1.663 1.626 1.580 1.524 1.459 1.385 1.320 1.309 1.296 1.282 1.265 1.247 1.227 1.205 1.182 1.156 1.129 1.100 1.157 1.634 2.129 2.643 3.175 3.726 4.295 4.884 5.490 6.116 6.760 7.422 8.006 7.831 7.647 7.455 7.255 7.046 6.829 6.604 6.370 6.128 5.878 5.620 5.355 5.126 4.891 4.651 4.434 4.212 3.984 3.750 3.511 3.267 3.016 2.760 2.499 2.501 2.508 2.515 2.521 2.527
3.315 3.137 2.971 2.819 2.680 2.553 2.440 2.339 2.251 2.186 2.171 2.148 2.115 2.073 2.021 1.961 1.891 1.812 1.723 1.625 1.518 1.412 1.395 1.375 1.354 1.332 1.307 1.281 1.252 1.222 1.190 1.157 1.121 1.104 1.646 2.206 2.786 3.384 4.000 4.635 5.289 5.961 6.652 7.361 8.089 8.836 8.657 8.444 8.222 7.993 7.755 7.508 7.253 6.979 6.682 6.415 6.179 5.974 5.757 5.531 5.300 5.064 4.822 4.574 4.320 4.061 3.797 3.527 3.251 2.969 2.932 2.938 2.943 2.948 2.953
3.420 3.287 3.168 3.061 2.967 2.886 2.817 2.762 2.719 2.690 2.642 2.586 2.520 2.445 2.361 2.268 2.165 2.053 1.932 1.801 1.661 1.512 1.482 1.456 1.429 1.400 1.369 1.336 1.301 1.265 1.226 1.186 1.144 1.101 1.638 2.265 2.909 3.573 4.255 4.955 5.674 6.412 7.168 7.943 8.737 9.549 9.415 9.012 8.640 8.297 7.986 7.704 7.453 7.233 7.043 6.883 6.754 6.655 6.450 6.205 5.954 5.698 5.436 5.168 4.895 4.616 4.332 4.042 3.746 3.445 3.362 3.367 3.371 3.375 3.379
3.511 3.424 3.350 3.288 3.239 3.204 3.181 3.170 3.173 3.189 3.123 3.034 2.935 2.827 2.710 2.584 2.449 2.304 2.150 1.987 1.814 1.632 1.571 1.539 1.505 1.469 1.432 1.393 1.352 1.309 1.264 1.218 1.169 1.119 1.612 2.303 3.014 3.743 4.490 5.221 5.908 6.569 7.204 7.813 8.394 8.950 8.892 8.596 8.330 8.095 7.889 7.715 7.571 7.457 7.373 7.320 7.297 7.305 7.149 6.884 6.613 6.337 6.055 5.767 5.474 5.176 4.871 4.562 4.246 3.925 3.792 3.796 3.799 3.801 3.804
3.588 3.546 3.517 3.501 3.497 3.507 3.529 3.564 3.612 3.673 3.613 3.491 3.359 3.219 3.069 2.910 2.742 2.564 2.378 2.182 1.976 1.762 1.662 1.623 1.583 1.541 1.497 1.452 1.404 1.355 1.304 1.251 1.245 1.257 1.714 2.441 3.141 3.815 4.463 5.085 5.680 6.248 6.790 7.306 7.796 8.259 8.339 8.150 7.991 7.862 7.763 7.695 7.658 7.650 7.673 7.727 7.810 7.924 7.851 7.566 7.276 6.980 6.678 6.371 6.058 5.740 5.416 5.086 4.751 4.410 4.222 4.224 4.226 4.227 4.229
3.651 3.654 3.670 3.699 3.741 3.796 3.863 3.944 4.037 4.143 4.112 3.957 3.793 3.620 3.437 3.246 3.045 2.835 2.615 2.386 2.148 1.901 1.754 1.710 1.663 1.663 1.669 1.676 1.684 1.695 1.708 1.722 1.738 1.756 2.067 2.702 3.310 3.891 4.446 4.975 5.478 5.954 6.404 6.827 7.224 7.595 7.757 7.674 7.622 7.599 7.607 7.646 7.715 7.814 7.943 8.103 8.293 8.513 8.559 8.254 7.944 7.628 7.306 6.979 6.647 6.308 5.965 5.615 5.260 4.900 4.651 4.652 4.653 4.653 4.653
3.699 3.748 3.809 3.883 3.970 4.070 4.183 4.308 4.447 4.598 4.620 4.433 4.236 4.030 3.815 3.591 3.357 3.112 2.856 2.619 2.401 2.202 2.086 2.092 2.100 2.110 2.122 2.135 2.150 2.167 2.185 2.206 2.228 2.252 2.447 2.989 3.504 3.993 4.456 4.893 5.303 5.687 6.044 6.375 6.680 6.958 7.145 7.169 7.223 7.307 7.422 7.567 7.742 7.947 8.183 8.449 8.745 9.072 9.270 8.946 8.616 8.280 7.939 7.592 7.240 6.882 6.518 6.149 5.774 5.394 5.080 5.080 5.079 5.079 5.077
3.733 3.827 3.934 4.053 4.185 4.330 4.488 4.659 4.842 5.038 5.100 4.779 4.477 4.194 3.930 3.684 3.457 3.249 3.059 2.888 2.735 2.601 2.512 2.524 2.538 2.554 2.572 2.592 2.613 2.636 2.661 2.687 2.716 2.746 2.853 3.303 3.726 4.122 4.493 4.837 5.155 5.446 5.711 5.950 6.163 6.349 6.504 6.634 6.795 6.985 7.206 7.457 7.739 8.050 8.392 8.765 9.167 9.600 9.986 9.642 9.292 8.937 8.576 8.209 7.837 7.460 7.076 6.687 6.293 5.893 5.509 5.508 5.506 5.504 5.495
3.753 3.892 4.044 4.180 4.287 4.388 4.482 4.570 4.650 4.724 4.757 4.502 4.266 4.048 3.850 3.670 3.508 3.365 3.241 3.136 3.049 2.981 2.935 2.954 2.974 2.996 3.020 3.046 3.073 3.102 3.133 3.166 3.201 3.237 3.286 3.643 3.973 4.278 4.556 4.808 5.033 5.233 5.406 5.552 5.673 5.767 5.835 6.070 6.337 6.634 6.961 7.318 7.706 8.124 8.572 9.050 9.559 10.097 10.667 10.343 9.974 9.598 9.218 8.831 8.440 8.042 7.639 7.174 6.676 6.191 5.721 5.676 5.693 5.738 5.810
3.647 3.751 3.848 3.939 4.023 4.100 4.170 4.233 4.290 4.340 4.383 4.205 4.035 3.883 3.750 3.635 3.539 3.462 3.404 3.364 3.342 3.340 3.356 3.381 3.407 3.435 3.465 3.497 3.531 3.566 3.604 3.643 3.683 3.726 3.770 4.009 4.248 4.460 4.646 4.805 4.939 5.046 5.127 5.181 5.210 5.212 5.188 5.477 5.849 6.252 6.686 7.149 7.643 8.167 8.721 9.305 9.920 10.565 11.240 11.049 10.540 9.993 9.460 8.941 8.436 7.945 7.467 7.004 6.554 6.119 5.697 5.678 5.791 5.931 6.098
3.485 3.565 3.639 3.706 3.766 3.819 3.865 3.905 3.938 3.964 3.983 3.888 3.784 3.697 3.630 3.581 3.551 3.539 3.546 3.571 3.616 3.678 3.760 3.805 3.838 3.872 3.908 3.946 3.986 4.028 4.071 4.116 4.163 4.212 4.263 4.402 4.548 4.668 4.762 4.830 4.871 4.886 4.875 4.837 4.774 4.684 4.568 4.854 5.332 5.842 6.381 6.950 7.550 8.174 8.764 9.318 9.834 10.314 10.756 10.530 10.018 9.519 9.035 8.564 8.108 7.665 7.236 6.821 6.420 6.033 5.659 5.655 5.863 6.098 6.360
3.331 3.388 3.438 3.480 3.517 3.546 3.569 3.584 3.593 3.596 3.591 3.552 3.513 3.492 3.490 3.507 3.542 3.596 3.668 3.759 3.869 3.997 4.144 4.227 4.266 4.306 4.349 4.393 4.439 4.487 4.536 4.588 4.641 4.696 4.753 4.821 4.875 4.903 4.905 4.880 4.830 4.753 4.650 4.520 4.365 4.183 4.182 4.596 5.279 5.925 6.534 7.106 7.641 8.139 8.601 9.025 9.412 9.763 10.076 9.946 9.482 9.033 8.597 8.175 7.766 7.372 6.992 6.625 6.273 5.934 5.609 5.606 5.909 6.239 6.596
3.185 3.218 3.244 3.263 3.275 3.281 3.280 3.272 3.257 3.235 3.207 3.197 3.223 3.268 3.331 3.413 3.514 3.633 3.771 3.927 4.102 4.296 4.508 4.646 4.691 4.738 4.787 4.837 4.889 4.943 4.999 5.057 5.116 5.177 5.240 5.266 5.228 5.164 5.077 5.010 4.962 4.933 4.923 4.932 4.961 5.008 5.075 5.374 5.927 6.444 6.924 7.366 7.772 8.141 8.473 8.769 9.027 9.249 9.433 9.350 8.934 8.533 8.146 7.772 7.413 7.067 6.735 6.417 6.113 5.822 5.546 5.531 5.929 6.354 6.807
3.047 3.056 3.058 3.053 3.042 3.023 2.998 2.967 2.928 2.883 2.831 2.821 2.913 3.023 3.152 3.299 3.465 3.650 3.853 4.075 4.315 4.574 4.851 5.063 5.114 5.167 5.222 5.279 5.337 5.397 5.459 5.502 5.504 5.514 5.533 5.529 5.471 5.433 5.413 5.413 5.432 5.470 5.527 5.604 5.699 5.814 5.948 6.186 6.611 6.998 7.349 7.663 7.940 8.180 8.383 8.549 8.678 8.771 8.827 8.741 8.374 8.021 7.682 7.357 7.046 6.749 6.465 6.195 5.940 5.698 5.470 5.431 5.924 6.444 6.991
2.916 2.901 2.880 2.851 2.816 2.774 2.725 2.669 2.607 2.538 2.462 2.427 2.584 2.759 2.953 3.166 3.397 3.647 3.916 4.203 4.508 4.832 5.175 5.478 5.491 5.462 5.441 5.430 5.427 5.433 5.448 5.472 5.504 5.545 5.596 5.644 5.653 5.682 5.729 5.796 5.882 5.987 6.112 6.255 6.418 6.600 6.801 7.035 7.330 7.589 7.810 7.995 8.143 8.254 8.328 8.366 8.366 8.330 8.257 8.119 7.801 7.497 7.206 6.929 6.667 6.418 6.182 5.961 5.754 5.560 5.380 5.304 5.892 6.508 7.150
2.793 2.754 2.709 2.657 2.598 2.532 2.459 2.380 2.294 2.201 2.102 2.012 2.235 2.476 2.735 3.013 3.310 3.605 3.889 4.169 4.445 4.718 4.987 5.242 5.235 5.236 5.247 5.266 5.294 5.331 5.377 5.432 5.496 5.568 5.649 5.738 5.815 5.910 6.025 6.159 6.312 6.485 6.676 6.887 7.116 7.365 7.633 7.919 8.085 8.215 8.307 8.363 8.382 8.364 8.310 8.219 8.090 7.926 7.724 7.485 7.215 6.959 6.717 6.489 6.274 6.074 5.887 5.714 5.555 5.410 5.278 5.160 5.836 6.545 7.283
2.678 2.615 2.546 2.470 2.387 2.298 2.202 2.099 1.989 1.872 1.775 1.684 1.939 2.229 2.515 2.797 3.076 3.351 3.622 3.889 4.152 4.412 4.668 4.920 4.969 5.002 5.043 5.094 5.153 5.221 5.298 5.383 5.478 5.581 5.693 5.814 5.957 6.119 6.301 6.502 6.722 6.962 7.220 7.498 7.794 8.110 8.445 8.799 8.875 8.876 8.840 8.767 8.658 8.511 8.328 8.108 7.851 7.558 7.227 6.860 6.617 6.410 6.216 6.036 5.870 5.717 5.579 5.454 5.343 5.246 5.163 5.094 5.753 6.558 7.428
2.570 2.484 2.391 2.298 2.206 2.114 2.022 1.931 1.839 1.748 1.657 1.567 1.755 2.031 2.304 2.573 2.839 3.101 3.359 3.613 3.863 4.110 4.353 4.593 4.695 4.758 4.831 4.912 5.002 5.101 5.209 5.326 5.451 5.585 5.728 5.880 6.079 6.309 6.557 6.825 7.112 7.419 7.744 8.088 8.452 8.835 9.237 9.658 9.701 9.573 9.409 9.207 8.969 8.694 8.382 8.033 7.648 7.226 6.767 6.272 6.007 5.847 5.702 5.570 5.452 5.348 5.258 5.287 5.494 5.710 5.933 6.163 6.883 7.737 8.530
2.450 2.358 2.266 2.174 2.083 1.992 1.901 1.810 1.720 1.629 1.539 1.449 1.574 1.838 2.098 2.354 2.606 2.855 3.100 3.341 3.579 3.813 4.043 4.269 4.411 4.506 4.609 4.722 4.843 4.973 5.111 5.259 5.415 5.580 5.754 5.937 6.181 6.478 6.794 7.129 7.483 7.856 8.248 8.659 9.090 9.539 10.008 10.496 10.563 10.306 10.013 9.683 9.316 8.912 8.472 7.995 7.482 6.931 6.344 5.720 5.531 5.711 5.898 6.093 6.296 6.507 6.726 6.952 7.187 7.429 7.679 7.937 8.455 9.101 9.687
2.324 2.232 2.141 2.051 1.960 1.870 1.779 1.689 1.600 1.510 1.421 1.332 1.398 1.648 1.895 2.138 2.378 2.614 2.846 3.074 3.299 3.519 3.737 3.950 4.119 4.245 4.379 4.522 4.674 4.835 5.005 5.183 5.370 5.566 5.771 5.985 6.264 6.627 7.010 7.412 7.833 8.273 8.732 9.210 9.707 10.223 10.759 11.313 11.460 11.075 10.653 10.194 9.699 9.170 8.679 8.240 7.853 7.519 7.237 7.007 6.996 7.203 7.418 7.640 7.870 8.108 8.354 8.608 8.869 9.139 9.416 9.701 10.080 10.519 10.898
2.197 2.107 2.017 1.927 1.837 1.747 1.658 1.569 1.480 1.391 1.303 1.215 1.225 1.463 1.697 1.927 2.154 2.377 2.596 2.811 3.023 3.230 3.435 3.635 3.818 3.975 4.140 4.314 4.497 4.688 4.889 5.098 5.316 5.543 5.779 6.023 6.327 6.757 7.207 7.675 8.163 8.670 9.195 9.740 10.304 10.887 11.336 11.719 11.778 11.208 10.690 10.224 9.811 9.450 9.141 8.884 8.680 8.528 8.428 8.381 8.452 8.686 8.927 9.177 9.434 9.699 9.972 10.253 10.542 10.838 11.143 11.455 11.759 11.990 12.163
2.071 1.981 1.892 1.803 1.714 1.625 1.536 1.448 1.360 1.272 1.185 1.097 1.057 1.282 1.503 1.720 1.934 2.144 2.350 2.552 2.751 2.946 3.137 3.324 3.508 3.695 3.892 4.097 4.310 4.533 4.764 5.004 5.253 5.511 5.777 6.052 6.370 6.867 7.383 7.861 8.314 8.747 9.160 9.553 9.926 10.279 10.611 10.924 11.094 10.706 10.370 10.087 9.856 9.677 9.551 9.477 9.455 9.485 9.567 9.702 9.898 10.159 10.427 10.704 10.989 11.281 11.581 11.889 12.205 12.528 12.860 13.199 13.491 13.516 13.482
1.946 1.855 1.767 1.678 1.590 1.502 1.415 1.327 1.240 1.153 1.066 0.980 0.894 1.105 1.313 1.518 1.718 1.915 2.108 2.298 2.483 2.665 2.843 3.018 3.189 3.408 3.635 3.870 4.115 4.368 4.630 4.902 5.189 5.480 5.774 6.072 6.376 6.819 7.242 7.645 8.029 8.392 8.735 9.058 9.361 9.644 9.908 10.151 10.358 10.153 10.000 9.899 9.850 9.853 9.909 10.017 10.177 10.389 10.654 10.970 11.334 11.622 11.918 12.222 12.533 12.853 13.180 13.515 13.858 14.209 14.567 14.934 15.277 15.095 14.854
1.844 1.730 1.642 1.554 1.467 1.380 1.293 1.206 1.120 1.034 0.948 0.862 0.777 0.933 1.128 1.319 1.507 1.691 1.871 2.047 2.220 2.389 2.554 2.716 2.879 3.142 3.421 3.704 3.989 4.279 4.571 4.867 5.166 5.469 5.775 6.085 6.398 6.763 7.116 7.450 7.763 8.057 8.330 8.584 8.817 9.031 9.225 9.398 9.552 9.549 9.578 9.659 9.792 9.978 10.216 10.505 10.847 11.242 11.688 12.186 12.737 13.076 13.399 13.730 14.068 14.415 14.769 15.131 15.501 15.879 16.265 16.658 17.060 16.728 16.281
1.760 1.604 1.517 1.430 1.344 1.257 1.171 1.085 1.000 0.915 0.829 0.745 0.660 0.764 0.946 1.125 1.299 1.485 1.695 1.897 2.091 2.276 2.453 2.622 2.782 3.033 3.324 3.618 3.916 4.217 4.521 4.829 5.140 5.455 5.773 6.095 6.419 6.727 7.011 7.275 7.519 7.743 7.946 8.130 8.294 8.439 8.563 8.667 8.751 8.894 9.105 9.368 9.683 10.051 10.470 10.942 11.466 12.042 12.670 13.350 14.082 14.520 14.870 15.228 15.594 15.967 16.349 16.738 17.135 17.540 17.953 18.373 18.802 18.414 17.761
1.692 1.478 1.392 1.306 1.220 1.135 1.049 0.964 0.880 0.795 0.742 0.719 0.688 0.793 1.008 1.214 1.412 1.602 1.783 1.956 2.120 2.276 2.424 2.564 2.695 2.920 3.222 3.529 3.838 4.151 4.468 4.788 5.111 5.437 5.767 6.101 6.437 6.712 6.926 7.120 7.294 7.449 7.583 7.698 7.792 7.867 7.921 7.956 7.971 8.188 8.581 9.026 9.523 10.072 10.673 11.327 12.032 12.790 13.599 14.461 15.375 15.955 16.332 16.717 17.110 17.510 17.919 18.335 18.759 19.191 19.631 20.078 20.534 20.154 19.295
1.641 1.352 1.267 1.241 1.244 1.240 1.228 1.208 1.181 1.147 1.105 1.055 0.998 1.036 1.222 1.399 1.567 1.728 1.880 2.023 2.158 2.285 2.404 2.514 2.616 2.803 3.118 3.436 3.758 4.083 4.411 4.743 5.078 5.416 5.758 6.103 6.452 6.717 6.861 6.986 7.091 7.176 7.240 7.285 7.311 7.316 7.301 7.266 7.212 7.431 8.005 8.632 9.311 10.042 10.825 11.660 12.547 13.486 14.477 15.520 16.615 17.380 17.784 18.196 18.616 19.044 19.479 19.922 20.205 20.213 20.206 20.183 20.145 19.460 18.235
2.033 1.821 1.813 1.797 1.774 1.743 1.704 1.659 1.605 1.544 1.475 1.399 1.316 1.288 1.444 1.592 1.731 1.862 1.985 2.099 2.205 2.303 2.392 2.473 2.546 2.683 3.010 3.340 3.673 4.010 4.350 4.694 5.041 5.391 5.745 6.102 6.463 6.742 6.817 6.872 6.907 6.923 6.918 6.894 6.850 6.785 6.701 6.597 6.473 6.623 7.379 8.188 9.048 9.960 10.925 11.941 13.010 14.130 15.302 16.527 17.803 18.625 18.688 18.735 18.767 18.783 18.784 18.770 18.740 18.695 18.634 18.558 18.466 17.958 16.856
2.617 2.438 2.403 2.361 2.311 2.254 2.189 2.116 2.036 1.949 1.854 1.751 1.641 1.548 1.675 1.793 1.903 2.005 2.099 2.184 2.261 2.329 2.389 2.441 2.485 2.560 2.898 3.240 3.586 3.934 4.286 4.642 5.001 5.363 5.729 6.098 6.470 6.787 6.793 6.778 6.744 6.690 6.617 6.523 6.409 6.276 6.122 5.949 5.756 5.764 6.702 7.692 8.734 9.828 10.922 11.970 12.995 13.995 14.971 15.922 16.849 17.550 17.560 17.553 17.532 17.495 17.442 17.374 17.291 17.192 17.078 16.949 16.804 16.425 15.446
3.176 3.066 3.001 2.932 2.856 2.772 2.681 2.582 2.475 2.361 2.239 2.110 1.974 1.829 1.914 2.003 2.084 2.157 2.221 2.277 2.325 2.364 2.395 2.418 2.432 2.438 2.783 3.137 3.494 3.855 4.219 4.586 4.957 5.331 5.709 6.090 6.474 6.852 6.789 6.705 6.602 6.479 6.335 6.172 5.989 5.787 5.564 5.377 5.221 5.145 6.231 7.293 8.330 9.343 10.332 11.296 12.236 13.152 14.043 14.910 15.752 16.492 16.448 16.388 16.313 16.223 16.117 15.996 15.859 15.707 15.540 15.357 15.159 14.860 14.005
3.709 3.678 3.607 3.511 3.409 3.298 3.180 3.055 2.922 2.781 2.633 2.477 2.314 2.143 2.162 2.222 2.274 2.317 2.353 2.380 2.398 2.408 2.410 2.404 2.389 2.366 2.665 3.031 3.400 3.772 4.148 4.527 4.910 5.296 5.685 6.078 6.474 6.873 6.805 6.652 6.458 6.266 6.084 5.913 5.751 5.600 5.458 5.327 5.206 5.096 6.004 6.981 7.934 8.863 9.767 10.647 11.502 12.333 13.140 13.923 14.681 15.414 15.352 15.239 15.111 14.967 14.808 14.633 14.443 14.238 14.017 13.781 13.530 13.263 12.533
