DATA/SHG/ECMWF/20170628/EN-27/20170629.en-27.asc
ncols        190
nrows        64
xllcorner    -5100000.000000000000
yllcorner    4130000.000000000000
cellsize     10000.000000000000
NODATA_value  -99999.000
[rows 0 to 32 of 64, columns 74 to 147 of 190]
0.603 0.629 0.655 0.681 0.706 0.731 0.755 0.765 0.755 0.754 0.756 0.762 0.771 0.784 0.801 0.821 0.845 0.872 0.903 0.967 1.128 1.282 1.433 1.580 1.725 1.865 2.003 2.137 2.268 2.395 2.519 2.625 2.682 2.740 2.801 2.863 2.926 2.992 3.058 3.127 3.197 3.269 3.342 3.397 3.391 3.391 3.396 3.406 3.421 3.442 3.468 3.499 3.536 3.577 3.624 3.654 3.611 3.553 3.480 3.392 3.290 3.174 3.042 2.896 2.736 2.561 2.371 2.229 2.261 2.301 2.348 2.402 2.463 2.531
0.576 0.620 0.665 0.707 0.746 0.781 0.813 0.838 0.845 0.856 0.871 0.890 0.911 0.937 0.966 0.998 1.034 1.074 1.117 1.175 1.320 1.459 1.595 1.728 1.857 1.983 2.105 2.224 2.340 2.452 2.561 2.662 2.726 2.792 2.860 2.929 3.000 3.073 3.147 3.223 3.300 3.379 3.460 3.533 3.551 3.574 3.603 3.636 3.675 3.719 3.769 3.823 3.883 3.948 4.019 4.070 3.961 3.837 3.699 3.546 3.379 3.197 3.000 2.789 2.563 2.322 2.067 1.849 1.913 1.985 2.063 2.149 2.242 2.342
0.725 0.762 0.796 0.826 0.853 0.876 0.896 0.912 0.932 0.956 0.983 1.014 1.048 1.086 1.127 1.172 1.221 1.273 1.328 1.387 1.516 1.640 1.761 1.879 1.993 2.103 2.211 2.315 2.415 2.513 2.607 2.697 2.769 2.842 2.917 2.994 3.072 3.152 3.233 3.316 3.401 3.487 3.575 3.664 3.706 3.752 3.804 3.861 3.923 3.991 4.064 4.142 4.225 4.314 4.407 4.500 4.326 4.137 3.933 3.715 3.482 3.235 2.973 2.696 2.405 2.099 1.779 1.519 1.734 1.958 2.189 2.429 2.677 2.933
0.883 0.908 0.929 0.947 0.962 0.973 0.981 0.986 1.016 1.052 1.091 1.135 1.181 1.231 1.285 1.342 1.403 1.468 1.536 1.607 1.716 1.825 1.931 2.033 2.132 2.228 2.320 2.409 2.495 2.577 2.656 2.732 2.810 2.890 2.973 3.057 3.142 3.229 3.318 3.408 3.500 3.594 3.689 3.786 3.854 3.924 3.999 4.080 4.166 4.257 4.353 4.454 4.561 4.673 4.790 4.912 4.705 4.451 4.203 3.974 3.747 3.522 3.300 3.080 2.863 2.648 2.435 2.225 2.445 2.704 2.972 3.247 3.531 3.823
1.043 1.056 1.066 1.072 1.075 1.074 1.070 1.062 1.096 1.144 1.196 1.252 1.311 1.374 1.440 1.509 1.583 1.659 1.740 1.823 1.919 2.013 2.104 2.191 2.275 2.356 2.433 2.507 2.578 2.645 2.709 2.770 2.849 2.937 3.026 3.117 3.210 3.304 3.400 3.498 3.597 3.698 3.800 3.904 3.997 4.090 4.189 4.293 4.402 4.535 4.683 4.831 4.980 5.128 5.275 5.423 5.274 5.050 4.829 4.610 4.393 4.179 3.968 3.759 3.552 3.347 3.145 2.946 3.146 3.441 3.745 4.056 4.376 4.703
1.207 1.208 1.205 1.200 1.190 1.178 1.162 1.142 1.173 1.234 1.298 1.366 1.437 1.512 1.591 1.673 1.758 1.847 1.940 2.036 2.125 2.204 2.280 2.353 2.422 2.487 2.550 2.609 2.664 2.717 2.766 2.811 2.886 2.981 3.078 3.176 3.276 3.378 3.481 3.586 3.719 3.874 4.033 4.195 4.349 4.498 4.646 4.794 4.942 5.090 5.238 5.386 5.533 5.680 5.828 5.974 5.875 5.662 5.451 5.243 5.037 4.833 4.632 4.434 4.237 4.044 3.852 3.663 3.838 4.169 4.509 4.856 5.211 5.575
1.373 1.362 1.348 1.330 1.309 1.284 1.256 1.225 1.246 1.319 1.396 1.476 1.560 1.647 1.738 1.833 1.931 2.032 2.137 2.245 2.335 2.399 2.460 2.518 2.572 2.622 2.670 2.714 2.754 2.792 2.826 2.879 2.983 3.125 3.271 3.421 3.574 3.730 3.890 4.054 4.222 4.392 4.567 4.745 4.908 5.056 5.204 5.351 5.498 5.646 5.793 5.939 6.086 6.233 6.379 6.525 6.473 6.270 6.070 5.872 5.677 5.484 5.293 5.105 4.920 4.736 4.555 4.377 4.521 4.888 5.263 5.646 6.038 6.437
1.543 1.520 1.493 1.464 1.431 1.394 1.354 1.311 1.316 1.402 1.491 1.584 1.680 1.779 1.882 1.989 2.099 2.213 2.330 2.451 2.549 2.598 2.650 2.706 2.765 2.826 2.890 2.956 3.025 3.096 3.169 3.245 3.353 3.511 3.673 3.838 4.007 4.180 4.356 4.536 4.719 4.906 5.096 5.290 5.466 5.613 5.760 5.907 6.054 6.200 6.346 6.492 6.638 6.784 6.930 7.075 7.067 6.875 6.686 6.498 6.314 6.131 5.951 5.774 5.599 5.426 5.255 5.087 5.195 5.598 6.009 6.428 6.855 7.290
1.715 1.680 1.642 1.600 1.555 1.507 1.455 1.400 1.383 1.481 1.582 1.687 1.796 1.908 2.031 2.179 2.319 2.451 2.575 2.691 2.788 2.850 2.915 2.982 3.052 3.124 3.198 3.275 3.355 3.437 3.521 3.608 3.718 3.893 4.070 4.252 4.437 4.625 4.817 5.013 5.212 5.415 5.621 5.831 6.024 6.170 6.316 6.462 6.608 6.754 6.899 7.045 7.190 7.335 7.480 7.625 7.658 7.477 7.298 7.121 6.947 6.775 6.606 6.439 6.274 6.112 5.952 5.795 5.860 6.299 6.745 7.200 7.663 8.133
1.890 1.844 1.793 1.740 1.683 1.622 1.559 1.514 1.541 1.709 1.869 2.021 2.165 2.301 2.430 2.550 2.662 2.766 2.863 2.951 3.028 3.101 3.177 3.255 3.335 3.418 3.504 3.591 3.682 3.774 3.869 3.967 4.079 4.269 4.463 4.660 4.861 5.066 5.274 5.485 5.700 5.919 6.141 6.367 6.581 6.727 6.872 7.017 7.162 7.307 7.452 7.597 7.741 7.885 8.029 8.173 8.247 8.076 7.907 7.741 7.577 7.416 7.257 7.101 6.946 6.795 6.645 6.498 6.516 6.990 7.473 7.963 8.462 8.968
2.096 2.101 2.106 2.109 2.112 2.113 2.114 2.113 2.114 2.254 2.386 2.510 2.627 2.735 2.835 2.928 3.012 3.088 3.157 3.217 3.266 3.349 3.435 3.524 3.616 3.709 3.806 3.904 4.005 4.109 4.215 4.323 4.436 4.642 4.851 5.065 5.281 5.502 5.726 5.953 6.184 6.419 6.657 6.899 7.137 7.282 7.427 7.571 7.716 7.860 8.004 8.148 8.291 8.435 8.578 8.722 8.831 8.671 8.513 8.357 8.204 8.053 7.905 7.759 7.615 7.474 7.335 7.199 7.163 7.673 8.191 8.717 9.251 9.794
2.719 2.721 2.722 2.722 2.721 2.719 2.716 2.712 2.708 2.806 2.910 3.006 3.095 3.175 3.248 3.312 3.369 3.417 3.458 3.490 3.511 3.594 3.691 3.791 3.893 3.998 4.105 4.214 4.326 4.440 4.557 4.676 4.798 5.010 5.235 5.464 5.697 5.933 6.173 6.416 6.663 6.914 7.168 7.426 7.687 7.837 7.981 8.125 8.268 8.412 8.555 8.698 8.841 8.984 9.127 9.269 9.412 9.263 9.116 8.971 8.828 8.688 8.550 8.414 8.281 8.150 8.022 7.920 7.892 8.569 9.309 10.114 10.982 11.914
3.342 3.340 3.338 3.334 3.330 3.325 3.319 3.312 3.303 3.364 3.441 3.509 3.569 3.622 3.667 3.703 3.732 3.752 3.765 3.770 3.763 3.835 3.944 4.054 4.167 4.282 4.400 4.521 4.643 4.768 4.896 5.026 5.158 5.373 5.615 5.860 6.108 6.360 6.616 6.875 7.138 7.404 7.674 7.948 8.225 8.391 8.535 8.678 8.820 8.963 9.106 9.248 9.390 9.532 9.674 9.816 9.958 9.852 9.694 9.530 9.390 9.273 9.179 9.108 9.061 9.037 9.037 9.059 9.105 10.007 11.031 12.119 13.272 14.488
3.965 3.960 3.954 3.947 3.939 3.931 3.921 3.911 3.899 3.929 3.978 4.018 4.051 4.075 4.092 4.101 4.102 4.095 4.079 4.056 4.021 4.074 4.193 4.314 4.438 4.564 4.693 4.824 4.957 5.093 5.232 5.372 5.515 5.732 5.989 6.250 6.515 6.783 7.054 7.329 7.608 7.890 8.176 8.466 8.758 8.945 9.088 9.230 9.372 9.479 9.550 9.624 9.699 9.777 9.856 9.938 10.022 9.962 9.878 9.818 9.781 9.767 9.777 9.810 9.866 9.945 10.048 10.174 10.323 11.379 12.687 14.059 15.495 16.994
4.588 4.579 4.570 4.560 4.549 4.537 4.524 4.510 4.495 4.500 4.521 4.534 4.539 4.535 4.524 4.505 4.478 4.443 4.400 4.350 4.287 4.310 4.439 4.571 4.706 4.843 4.982 5.124 5.268 5.415 5.564 5.716 5.870 6.087 6.360 6.637 6.917 7.201 7.488 7.779 8.049 8.289 8.520 8.741 8.952 9.077 9.150 9.224 9.300 9.379 9.459 9.542 9.627 9.713 9.802 9.893 9.985 10.018 10.038 10.082 10.148 10.238 10.350 10.487 10.646 10.829 11.035 11.264 11.516 12.685 14.277 15.932 17.652 19.434
5.211 5.199 5.186 5.173 5.158 5.143 5.126 5.109 5.091 5.078 5.071 5.056 5.033 5.002 4.963 4.916 4.862 4.799 4.728 4.650 4.559 4.542 4.682 4.825 4.971 5.119 5.269 5.421 5.576 5.734 5.894 6.056 6.222 6.433 6.698 6.952 7.198 7.434 7.660 7.876 8.083 8.281 8.469 8.647 8.816 8.939 9.020 9.104 9.189 9.277 9.366 9.458 9.552 9.647 9.745 9.845 9.947 10.051 10.174 10.321 10.491 10.684 10.900 11.139 11.402 11.688 11.997 12.329 12.685 13.927 15.801 17.740 19.742 21.808
5.833 5.818 5.802 5.785 5.768 5.749 5.729 5.708 5.687 5.663 5.628 5.585 5.534 5.475 5.409 5.334 5.251 5.161 5.063 4.956 4.837 4.771 4.923 5.076 5.233 5.392 5.554 5.718 5.886 6.055 6.228 6.403 6.581 6.775 6.997 7.209 7.412 7.605 7.789 7.963 8.128 8.283 8.428 8.564 8.690 8.798 8.889 8.981 9.076 9.173 9.271 9.372 9.475 9.580 9.687 9.795 9.906 10.060 10.287 10.536 10.809 11.105 11.424 11.767 12.133 12.522 12.934 13.369 13.828 15.102 17.260 19.482 21.767 24.116
6.456 6.438 6.419 6.398 6.377 6.355 6.332 6.308 6.283 6.253 6.191 6.120 6.042 5.955 5.855 5.682 5.526 5.386 5.261 5.153 5.057 4.996 5.159 5.324 5.493 5.664 5.838 6.014 6.193 6.375 6.559 6.746 6.936 7.127 7.306 7.476 7.637 7.787 7.928 8.060 8.182 8.295 8.398 8.491 8.575 8.656 8.755 8.857 8.961 9.067 9.174 9.284 9.396 9.510 9.626 9.744 9.864 10.045 10.375 10.727 11.103 11.503 11.925 12.371 12.839 13.331 13.847 14.385 14.947 16.213 18.653 21.157 23.725 26.357
7.079 7.058 7.035 7.011 6.986 6.961 6.934 6.881 6.706 6.538 6.343 6.162 5.998 5.849 5.717 5.600 5.499 5.414 5.345 5.291 5.251 5.221 5.391 5.569 5.749 5.932 6.118 6.306 6.497 6.691 6.887 7.086 7.288 7.489 7.626 7.753 7.871 7.979 8.078 8.167 8.247 8.317 8.377 8.428 8.470 8.511 8.620 8.731 8.844 8.959 9.075 9.194 9.315 9.438 9.563 9.690 9.819 10.006 10.439 10.895 11.374 11.876 12.401 12.950 13.522 14.116 14.735 15.376 16.040 17.258 19.981 22.768 25.618 28.532
7.654 7.457 7.267 7.083 6.905 6.734 6.568 6.409 6.256 6.109 5.969 5.844 5.735 5.642 5.564 5.503 5.457 5.428 5.414 5.416 5.431 5.457 5.621 5.810 6.003 6.197 6.395 6.595 6.798 7.003 7.212 7.422 7.636 7.852 7.955 8.040 8.115 8.181 8.237 8.284 8.321 8.349 8.367 8.376 8.375 8.365 8.483 8.603 8.724 8.848 8.974 9.102 9.232 9.364 9.498 9.634 9.773 9.943 10.479 11.038 11.620 12.225 12.853 13.505 14.179 14.877 15.598 16.342 17.110 18.238 21.243 24.312 27.445 30.641
7.025 6.850 6.682 6.520 6.363 6.213 6.070 5.932 5.801 5.676 5.582 5.512 5.458 5.420 5.398 5.392 5.401 5.427 5.468 5.525 5.596 5.678 5.847 6.048 6.252 6.459 6.669 6.881 7.095 7.313 7.533 7.755 7.981 8.209 8.294 8.337 8.370 8.393 8.407 8.412 8.406 8.392 8.367 8.334 8.290 8.238 8.343 8.472 8.603 8.736 8.871 9.008 9.147 9.288 9.432 9.577 9.724 9.873 10.495 11.157 11.842 12.550 13.281 14.035 14.813 15.613 16.437 17.284 18.297 19.649 23.153 26.611 30.024 33.392
6.391 6.238 6.091 5.951 5.816 5.688 5.566 5.450 5.340 5.237 5.180 5.166 5.167 5.185 5.218 5.267 5.331 5.412 5.508 5.621 5.747 5.885 6.070 6.283 6.499 6.717 6.939 7.163 7.389 7.618 7.850 8.085 8.322 8.562 8.644 8.644 8.634 8.615 8.587 8.549 8.501 8.444 8.378 8.302 8.216 8.121 8.202 8.340 8.480 8.622 8.766 8.912 9.060 9.210 9.363 9.517 9.673 9.831 10.487 11.329 12.330 13.386 14.497 15.662 16.882 18.157 19.486 20.870 22.309 23.803 26.987 30.244 33.457 36.624
5.753 5.621 5.496 5.377 5.264 5.158 5.057 4.963 4.875 4.793 4.765 4.806 4.862 4.935 5.023 5.127 5.247 5.383 5.534 5.702 5.883 6.077 6.289 6.514 6.742 6.972 7.206 7.441 7.680 7.921 8.164 8.411 8.660 8.911 9.003 8.960 8.909 8.847 8.777 8.696 8.607 8.507 8.398 8.280 8.152 8.015 8.059 8.206 8.355 8.506 8.680 8.909 9.170 9.463 9.788 10.145 10.534 10.954 11.910 13.099 14.343 15.641 16.994 18.402 19.864 21.382 22.953 24.580 26.261 27.997 30.860 33.917 36.929 39.896
5.109 4.999 4.896 4.798 4.707 4.622 4.544 4.471 4.404 4.344 4.336 4.432 4.543 4.671 4.814 4.973 5.149 5.339 5.546 5.769 6.006 6.254 6.505 6.742 6.982 7.224 7.469 7.717 7.967 8.220 8.475 8.733 8.994 9.258 9.372 9.287 9.193 9.090 8.977 8.854 8.722 8.571 8.399 8.221 8.036 7.846 7.871 8.114 8.389 8.696 9.035 9.405 9.807 10.242 10.708 11.205 11.735 12.296 13.379 14.811 16.297 17.838 19.433 21.083 22.788 24.547 26.361 28.230 30.153 32.131 34.772 37.629 40.441 43.207
4.461 4.373 4.291 4.215 4.145 4.082 4.025 3.974 3.929 3.890 3.892 4.043 4.210 4.393 4.591 4.806 5.036 5.282 5.543 5.821 6.113 6.418 6.718 6.967 7.218 7.472 7.729 7.988 8.250 8.515 8.783 9.053 9.309 9.547 9.666 9.510 9.347 9.178 9.003 8.822 8.635 8.442 8.243 8.037 7.826 7.608 7.627 8.011 8.428 8.876 9.355 9.867 10.410 10.986 11.593 12.231 12.902 13.604 14.790 16.464 18.192 19.975 21.813 23.705 25.651 27.653 29.709 31.819 33.985 36.205 38.724 41.381 43.993 46.559
3.807 3.741 3.680 3.626 3.578 3.537 3.501 3.472 3.448 3.431 3.435 3.641 3.863 4.101 4.354 4.624 4.909 5.210 5.527 5.859 6.207 6.567 6.927 7.158 7.350 7.551 7.763 7.986 8.218 8.461 8.714 8.977 9.251 9.535 9.734 9.550 9.360 9.164 8.962 8.754 8.540 8.319 8.093 7.860 7.622 7.377 7.350 7.875 8.433 9.022 9.642 10.295 10.979 11.695 12.443 13.223 14.034 14.877 16.143 18.058 20.029 22.054 24.133 26.267 28.456 30.699 32.997 35.350 37.757 40.218 42.715 45.172 47.583 49.950
3.149 3.104 3.065 3.033 3.006 2.986 2.972 2.964 2.963 2.967 2.978 3.225 3.502 3.795 4.103 4.442 4.856 5.227 5.552 5.834 6.074 6.281 6.452 6.678 6.915 7.162 7.420 7.688 7.966 8.254 8.553 8.862 9.181 9.511 9.808 9.597 9.380 9.157 8.928 8.692 8.451 8.204 7.950 7.690 7.424 7.152 7.039 7.706 8.404 9.134 9.896 10.689 11.514 12.371 13.260 14.180 15.132 16.116 17.437 19.595 21.807 24.074 26.395 28.771 31.202 33.687 36.226 38.820 41.469 44.172 46.745 49.002 51.214 53.381
2.486 2.462 2.445 2.434 2.429 2.431 2.438 2.452 2.522 2.796 3.094 3.541 3.979 4.372 4.721 5.026 5.287 5.503 5.674 5.802 5.887 5.938 5.954 6.186 6.469 6.762 7.066 7.379 7.703 8.037 8.381 8.736 9.100 9.476 9.861 9.651 9.407 9.156 8.900 8.638 8.369 8.094 7.814 7.527 7.234 6.935 6.696 7.503 8.342 9.213 10.115 11.049 12.015 13.013 14.042 15.103 16.196 17.321 18.673 21.073 23.527 26.036 28.599 31.216 33.888 36.615 39.396 42.231 45.121 48.066 50.815 52.872 54.884 56.851
1.818 1.866 2.053 2.265 2.501 2.762 3.047 3.357 3.692 4.051 4.435 4.781 5.065 5.304 5.499 5.650 5.756 5.818 5.836 5.810 5.741 5.636 5.496 5.684 6.013 6.351 6.700 7.059 7.429 7.808 8.198 8.598 9.009 9.429 9.860 9.711 9.440 9.162 8.879 8.589 8.294 7.992 7.684 7.370 7.051 6.724 6.392 7.266 8.246 9.258 10.301 11.376 12.482 13.621 14.791 15.992 17.226 18.491 19.852 22.493 25.189 27.939 30.743 33.602 36.516 39.484 42.506 45.583 48.714 51.900 54.923 56.781 58.593 60.361
2.165 2.413 2.685 2.982 3.304 3.650 4.021 4.417 4.837 5.282 5.751 6.060 6.189 6.275 6.316 6.313 6.265 6.173 6.037 5.857 5.634 5.374 5.079 5.171 5.545 5.929 6.324 6.728 7.143 7.568 8.004 8.449 8.905 9.371 9.848 9.778 9.480 9.175 8.865 8.548 8.225 7.897 7.562 7.221 6.874 6.521 6.161 6.997 8.117 9.269 10.453 11.668 12.915 14.194 15.505 16.847 18.221 19.626 21.063 23.855 26.792 29.784 32.829 35.930 39.085 42.294 45.557 48.875 52.248 55.675 58.687 59.352 59.981 60.574
2.602 2.936 3.294 3.676 4.084 4.515 4.972 5.453 5.958 6.489 7.044 7.377 7.353 7.284 7.172 7.015 6.813 6.568 6.278 5.944 5.566 5.151 4.701 4.647 5.066 5.496 5.936 6.386 6.847 7.318 7.798 8.290 8.791 9.303 9.824 9.851 9.526 9.194 8.857 8.513 8.164 7.808 7.446 7.078 6.704 6.324 5.937 6.694 7.954 9.247 10.571 11.927 13.315 14.734 16.185 17.668 19.182 20.728 22.305 25.159 28.337 31.510 34.497 37.358 40.093 42.701 45.182 47.537 49.766 51.867 53.843 54.439 54.910 55.344
3.016 3.435 3.878 4.346 4.839 5.356 5.898 6.464 7.055 7.671 8.311 8.733 8.555 8.333 8.066 7.756 7.401 7.002 6.559 6.071 5.539 4.968 4.363 4.112 4.577 5.052 5.538 6.034 6.539 7.056 7.582 8.119 8.665 9.222 9.790 9.931 9.579 9.220 8.856 8.485 8.108 7.726 7.337 6.942 6.541 6.133 5.720 6.357 7.758 9.192 10.656 12.152 13.756 15.533 17.285 19.012 20.715 22.393 24.047 26.498 29.181 31.736 34.165 36.468 38.645 40.694 42.618 44.415 46.085 47.629 49.047 49.567 49.880 50.156
3.406 3.910 4.439 4.992 5.570 6.173 6.800 7.452 8.128 8.829 9.555 10.128 9.796 9.420 9.000 8.536 8.028 7.475 6.879 6.238 5.551 4.825 4.065 3.566 4.077 4.597 5.128 5.670 6.221 6.783 7.354 7.936 8.529 9.131 9.744 10.018 9.639 9.253 8.861 8.464 8.060 7.650 7.234 6.922 6.909 6.886 6.853 7.681 9.473 11.239 12.981 14.698 16.391 18.059 19.702 21.321 22.915 24.484 26.029 27.969 30.093 32.090 33.962 35.706 37.325 38.817 40.183 41.422 42.535 43.522 44.382 44.737 44.891 45.010
