DATA/SHG/ECMWF/20170628/EN-27/20170704.en-27.asc
ncols        190
nrows        64
xllcorner    -5100000.000000000000
yllcorner    4130000.000000000000
cellsize     10000.000000000000
NODATA_value  -99999.000
[rows 0 to 32 of 64, columns 73 to 145 of 190]
8.172 8.434 8.726 9.048 9.400 9.782 10.193 10.634 10.800 10.190 9.549 8.932 8.340 7.772 7.228 6.709 6.214 5.743 5.296 4.874 4.622 4.852 5.071 5.288 5.503 5.716 5.926 6.135 6.341 6.545 6.746 6.946 7.132 7.278 7.419 7.554 7.683 7.807 7.925 8.038 8.145 8.247 8.343 8.434 8.422 8.103 7.774 7.435 7.086 6.728 6.360 5.982 5.595 5.197 4.790 4.373 4.053 4.045 4.041 4.040 4.043 4.049 4.058 4.071 4.087 4.106 4.129 4.155 4.288 4.721 5.170 5.635 6.116
7.973 8.340 8.695 9.037 9.372 9.700 10.023 10.339 10.489 9.909 9.353 8.822 8.314 7.831 7.372 6.938 6.528 6.142 5.780 5.443 5.186 5.406 5.616 5.823 6.028 6.231 6.431 6.630 6.826 7.020 7.212 7.402 7.582 7.703 7.819 7.929 8.034 8.133 8.226 8.314 8.396 8.473 8.545 8.611 8.618 8.255 7.882 7.500 7.108 6.706 6.294 5.872 5.441 5.000 4.549 4.088 3.685 3.692 3.703 3.718 3.735 3.756 3.781 3.808 3.840 3.874 3.912 3.953 4.066 4.571 5.091 5.627 6.179
7.659 7.991 8.316 8.636 8.949 9.256 9.557 9.852 10.102 9.607 9.136 8.689 8.267 7.869 7.495 7.145 6.820 6.519 6.242 5.989 5.761 5.962 6.162 6.359 6.554 6.747 6.938 7.127 7.313 7.497 7.679 7.859 8.037 8.134 8.224 8.310 8.390 8.464 8.533 8.596 8.653 8.705 8.752 8.793 8.825 8.418 8.002 7.575 7.139 6.694 6.238 5.773 5.298 4.813 4.319 3.814 3.314 3.336 3.362 3.392 3.425 3.461 3.500 3.543 3.589 3.639 3.692 3.748 3.926 4.679 5.416 6.137 6.842
7.329 7.639 7.944 8.241 8.533 8.818 9.097 9.370 9.637 9.283 8.897 8.535 8.197 7.884 7.595 7.330 7.089 6.873 6.681 6.513 6.370 6.520 6.710 6.897 7.083 7.266 7.447 7.625 7.802 7.976 8.148 8.318 8.486 8.569 8.636 8.696 8.751 8.801 8.844 8.883 8.916 8.943 8.965 8.981 8.992 8.591 8.131 7.661 7.181 6.692 6.193 5.684 5.165 4.637 4.099 3.551 2.993 2.977 3.018 3.119 3.291 3.487 3.706 3.950 4.218 4.510 4.825 5.165 5.528 6.188 6.853 7.503 8.136
7.006 7.295 7.577 7.853 8.123 8.387 8.644 8.896 9.141 8.937 8.636 8.359 8.106 7.877 7.673 7.493 7.337 7.205 7.098 7.014 6.956 7.080 7.260 7.437 7.613 7.786 7.957 8.126 8.292 8.457 8.619 8.779 8.937 9.011 9.052 9.088 9.118 9.143 9.162 9.176 9.184 9.186 9.183 9.175 9.161 8.774 8.271 7.757 7.234 6.701 6.161 5.632 5.117 4.615 4.128 3.655 3.195 3.270 3.501 3.755 4.034 4.336 4.663 5.013 5.388 5.786 6.208 6.654 7.124 7.710 8.304 8.882 9.443
6.689 6.956 7.217 7.471 7.720 7.962 8.198 8.427 8.651 8.569 8.353 8.160 7.992 7.848 7.729 7.633 7.562 7.515 7.492 7.493 7.519 7.641 7.811 7.979 8.144 8.307 8.469 8.628 8.784 8.939 9.091 9.242 9.390 9.457 9.474 9.485 9.491 9.490 9.485 9.474 9.457 9.387 9.288 9.193 9.103 8.714 8.177 7.654 7.145 6.651 6.169 5.702 5.249 4.810 4.384 3.973 3.575 3.668 4.005 4.366 4.752 5.161 5.594 6.051 6.532 7.036 7.565 8.118 8.694 9.246 9.769 10.275 10.765
6.378 6.624 6.863 7.096 7.322 7.543 7.757 7.965 8.167 8.180 8.048 7.941 7.857 7.798 7.763 7.752 7.765 7.802 7.864 7.950 8.060 8.204 8.364 8.522 8.677 8.831 8.982 9.131 9.278 9.423 9.566 9.706 9.764 9.708 9.592 9.480 9.373 9.271 9.174 9.081 8.993 8.910 8.832 8.758 8.689 8.399 7.924 7.463 7.016 6.583 6.164 5.758 5.367 4.989 4.626 4.276 3.940 4.040 4.484 4.952 5.444 5.959 6.499 7.062 7.650 8.261 8.896 9.555 10.238 10.796 11.247 11.682 12.101
6.074 6.298 6.515 6.726 6.932 7.130 7.323 7.510 7.690 7.769 7.722 7.699 7.700 7.725 7.774 7.848 7.946 8.067 8.213 8.384 8.578 8.768 8.918 8.985 9.015 9.041 9.062 9.079 9.092 9.100 9.104 9.104 9.100 9.057 8.962 8.871 8.786 8.705 8.629 8.557 8.491 8.429 8.372 8.319 8.272 8.069 7.656 7.257 6.872 6.501 6.143 5.800 5.470 5.154 4.853 4.565 4.290 4.388 4.938 5.512 6.110 6.732 7.378 8.048 8.742 9.459 10.201 10.966 11.755 12.360 12.739 13.103 13.450
5.775 5.978 6.174 6.363 6.547 6.724 6.895 7.060 7.219 7.337 7.374 7.435 7.521 7.630 7.764 7.908 8.005 8.101 8.196 8.290 8.383 8.464 8.483 8.498 8.509 8.516 8.518 8.516 8.509 8.499 8.484 8.465 8.441 8.401 8.327 8.258 8.194 8.134 8.079 8.029 7.984 7.943 7.907 7.876 7.850 7.726 7.375 7.037 6.714 6.404 6.109 5.827 5.559 5.305 5.065 4.838 4.626 4.710 5.367 6.047 6.752 7.480 8.232 9.008 9.808 10.632 11.479 12.351 13.246 13.937 14.245 14.537 14.813
5.483 5.664 5.838 6.007 6.169 6.324 6.474 6.617 6.758 6.892 6.992 7.090 7.188 7.285 7.381 7.475 7.569 7.662 7.754 7.845 7.935 8.021 8.021 8.017 8.009 7.996 7.979 7.958 7.933 7.903 7.869 7.831 7.788 7.741 7.688 7.640 7.597 7.559 7.525 7.496 7.472 7.453 7.438 7.428 7.423 7.368 7.079 6.803 6.541 6.294 6.060 5.839 5.633 5.441 5.262 5.098 4.947 5.007 5.770 6.557 7.367 8.202 9.060 9.943 10.849 11.778 12.732 13.710 14.711 15.528 15.765 15.985 16.190
5.197 5.370 5.550 5.718 5.875 6.019 6.152 6.274 6.383 6.481 6.577 6.673 6.767 6.860 6.953 7.044 7.135 7.224 7.313 7.400 7.487 7.580 7.564 7.541 7.514 7.482 7.446 7.406 7.362 7.313 7.260 7.203 7.141 7.076 7.045 7.018 6.996 6.979 6.967 6.959 6.956 6.958 6.965 6.976 6.992 6.996 6.768 6.554 6.354 6.168 5.996 5.838 5.693 5.562 5.445 5.342 5.253 5.279 6.148 7.041 7.958 8.898 9.863 10.851 11.863 12.899 13.959 15.043 16.150 17.132 17.298 17.448 17.581
5.142 5.293 5.432 5.559 5.674 5.778 5.870 5.951 6.019 6.076 6.164 6.256 6.347 6.437 6.527 6.615 6.702 6.788 6.873 6.958 7.041 7.131 7.113 7.070 7.024 6.974 6.919 6.860 6.796 6.728 6.656 6.580 6.500 6.415 6.397 6.392 6.391 6.395 6.404 6.418 6.436 6.459 6.487 6.519 6.556 6.598 6.444 6.292 6.153 6.029 5.918 5.821 5.738 5.669 5.613 5.572 5.544 5.530 6.501 7.500 8.523 9.570 10.640 11.734 12.852 13.994 15.160 16.350 17.498 18.525 18.500 18.487 18.485
5.116 5.226 5.324 5.411 5.485 5.548 5.599 5.639 5.667 5.683 5.752 5.841 5.929 6.016 6.102 6.187 6.271 6.354 6.436 6.517 6.597 6.683 6.667 6.606 6.540 6.471 6.397 6.319 6.236 6.149 6.059 5.963 5.864 5.760 5.745 5.761 5.782 5.807 5.837 5.872 5.911 5.955 6.004 6.058 6.116 6.180 6.105 6.015 5.938 5.875 5.826 5.790 5.769 5.761 5.767 5.787 5.821 5.868 6.828 7.939 9.054 10.161 11.259 12.347 13.427 14.498 15.560 16.612 17.656 18.691 18.787 18.825 18.875
5.102 5.171 5.228 5.273 5.307 5.329 5.340 5.338 5.325 5.300 5.342 5.428 5.512 5.596 5.678 5.760 5.841 5.920 5.999 6.077 6.154 6.237 6.226 6.146 6.062 5.973 5.880 5.783 5.682 5.576 5.466 5.352 5.234 5.111 5.089 5.126 5.168 5.214 5.266 5.322 5.382 5.448 5.518 5.592 5.672 5.756 5.752 5.723 5.708 5.706 5.784 5.924 6.053 6.171 6.276 6.371 6.454 6.525 7.377 8.462 9.538 10.605 11.663 12.712 13.752 14.783 15.806 16.819 17.823 18.818 19.061 19.151 19.254
5.098 5.126 5.143 5.147 5.140 5.122 5.091 5.049 4.995 4.930 4.933 5.015 5.097 5.177 5.256 5.335 5.412 5.489 5.564 5.639 5.712 5.792 5.791 5.692 5.589 5.481 5.369 5.253 5.133 5.008 4.879 4.746 4.609 4.467 4.429 4.487 4.550 4.618 4.690 4.767 4.849 5.052 5.362 5.659 5.943 6.213 6.405 6.541 6.664 6.776 6.877 6.966 7.044 7.110 7.164 7.207 7.238 7.258 7.948 8.994 10.030 11.057 12.076 13.085 14.086 15.078 16.060 17.034 17.999 18.954 19.323 19.466 19.619
5.106 5.093 5.069 5.032 4.985 4.925 4.854 4.771 4.676 4.570 4.526 4.605 4.683 4.760 4.836 4.911 4.985 5.058 5.131 5.202 5.272 5.348 5.361 5.243 5.121 4.995 4.864 4.729 4.589 4.446 4.298 4.146 4.133 4.269 4.510 4.853 5.183 5.500 5.803 6.094 6.372 6.636 6.888 7.127 7.353 7.565 7.715 7.799 7.871 7.932 7.981 8.019 8.045 8.059 8.062 8.054 8.034 8.002 8.528 9.534 10.530 11.518 12.497 13.467 14.428 15.380 16.323 17.257 18.182 19.099 19.574 19.768 19.973
5.124 5.071 5.006 4.929 4.840 4.740 4.628 4.504 4.369 4.222 4.120 4.196 4.270 4.344 4.417 4.489 4.560 4.629 4.698 4.766 4.833 4.906 4.937 4.855 4.841 4.860 4.912 4.998 5.116 5.268 5.453 5.670 5.922 6.206 6.513 6.797 7.069 7.328 7.573 7.806 8.026 8.232 8.426 8.607 8.774 8.929 9.036 9.068 9.089 9.098 9.096 9.082 9.057 9.020 8.972 8.912 8.840 8.757 9.115 10.082 11.039 11.987 12.927 13.857 14.778 15.691 16.594 17.489 18.375 19.252 19.812 20.058 20.315
5.154 5.059 4.953 4.836 4.706 4.566 4.413 4.249 4.073 3.885 3.715 3.788 3.859 3.930 3.999 4.075 4.243 4.409 4.571 4.731 4.888 5.039 5.178 5.278 5.411 5.578 5.778 6.010 6.276 6.575 6.908 7.273 7.672 8.103 8.526 8.753 8.967 9.167 9.355 9.530 9.691 9.840 9.976 10.098 10.208 10.305 10.367 10.348 10.317 10.275 10.221 10.156 10.079 9.991 9.892 9.780 9.658 9.523 9.711 10.638 11.556 12.464 13.364 14.255 15.137 16.010 16.874 17.729 18.576 19.413 20.039 20.336 20.645
5.194 5.059 4.912 4.754 4.584 4.402 4.209 4.004 3.800 3.664 3.548 3.714 3.884 4.050 4.214 4.375 4.534 4.690 4.843 4.993 5.140 5.282 5.417 5.663 5.944 6.258 6.605 6.985 7.398 7.845 8.324 8.837 9.383 9.962 10.552 10.720 10.876 11.018 11.148 11.265 11.369 11.459 11.537 11.602 11.654 11.693 11.708 11.638 11.556 11.462 11.357 11.241 11.113 10.973 10.822 10.660 10.486 10.300 10.315 11.202 12.081 12.950 13.810 14.662 15.504 16.338 17.163 17.978 18.785 19.583 20.254 20.602 20.963
5.245 5.058 4.847 4.658 4.490 4.343 4.216 4.111 4.027 3.964 3.921 4.055 4.215 4.372 4.526 4.678 4.827 4.973 5.116 5.257 5.395 5.527 5.652 6.009 6.438 6.899 7.394 7.921 8.482 9.075 9.702 10.362 11.055 11.781 12.540 12.699 12.797 12.881 12.953 13.012 13.058 13.090 13.110 13.117 13.111 13.092 13.060 12.938 12.805 12.660 12.504 12.336 12.157 11.966 11.764 11.550 11.325 11.088 10.928 11.775 12.614 13.444 14.265 15.077 15.880 16.674 17.459 18.236 19.003 19.761 20.456 20.857 21.269
4.911 4.753 4.616 4.500 4.405 4.331 4.278 4.245 4.234 4.244 4.275 4.397 4.547 4.695 4.840 4.982 5.121 5.258 5.392 5.523 5.652 5.774 5.890 6.318 6.894 7.503 8.144 8.819 9.527 10.268 11.041 11.848 12.688 13.562 14.468 14.689 14.729 14.756 14.770 14.770 14.758 14.733 14.695 14.645 14.581 14.504 14.414 14.249 14.065 13.868 13.661 13.442 13.211 12.969 12.716 12.451 12.174 11.886 11.587 12.356 13.156 13.946 14.727 15.500 16.264 17.018 17.764 18.501 19.229 20.135 21.323 22.102 22.771
4.514 4.429 4.365 4.322 4.300 4.299 4.319 4.360 4.422 4.505 4.609 4.742 4.882 5.020 5.156 5.288 5.418 5.545 5.670 5.791 5.910 6.023 6.129 6.590 7.312 8.068 8.857 9.679 10.533 11.421 12.342 13.296 14.283 15.303 16.356 16.691 16.673 16.642 16.598 16.541 16.471 16.388 16.292 16.184 16.062 15.927 15.780 15.571 15.335 15.087 14.829 14.558 14.277 13.983 13.679 13.363 13.035 12.696 12.345 12.945 13.736 14.619 15.572 16.596 17.691 18.857 20.093 21.400 22.778 24.227 25.747 26.117 26.298
4.098 4.086 4.095 4.125 4.176 4.248 4.341 4.455 4.590 4.746 4.923 5.088 5.219 5.348 5.474 5.597 5.717 5.835 5.949 6.062 6.171 6.274 6.371 6.823 7.693 8.596 9.531 10.500 11.502 12.537 13.605 14.705 15.839 17.006 18.206 18.704 18.628 18.539 18.437 18.323 18.195 18.055 17.901 17.735 17.555 17.363 17.158 16.902 16.615 16.317 16.007 15.611 15.125 14.681 14.278 13.916 13.595 13.315 13.076 13.804 14.929 16.126 17.393 18.731 20.139 21.618 23.168 24.789 26.480 28.242 30.075 30.236 29.929
3.663 3.724 3.806 3.909 4.033 4.178 4.344 4.531 4.739 4.967 5.217 5.437 5.558 5.677 5.793 5.907 6.018 6.126 6.231 6.334 6.434 6.527 6.615 7.019 8.036 9.085 10.168 11.284 12.432 13.614 14.828 16.076 17.357 18.670 20.017 20.728 20.595 20.448 20.289 20.116 19.931 19.733 19.392 18.840 18.285 17.728 17.170 16.642 16.174 15.748 15.362 15.018 14.715 14.453 14.232 14.052 13.914 13.817 13.761 14.609 16.049 17.559 19.139 20.790 22.512 24.305 26.168 28.102 30.106 32.182 34.327 34.459 33.664
3.208 3.343 3.498 3.674 3.871 4.089 4.327 4.587 4.868 5.169 5.492 5.787 5.899 6.009 6.115 6.219 6.321 6.419 6.515 6.608 6.699 6.783 6.860 7.177 8.341 9.537 10.767 12.029 13.324 14.653 16.014 17.408 18.835 20.168 21.292 21.871 21.324 20.774 20.223 19.669 19.114 18.556 17.997 17.436 16.872 16.307 15.739 15.276 14.991 14.747 14.544 14.382 14.262 14.182 14.144 14.147 14.191 14.276 14.402 15.341 17.094 18.917 20.811 22.775 24.810 26.916 29.092 31.339 33.657 36.045 38.503 38.786 37.503
2.735 2.942 3.170 3.419 3.689 3.980 4.291 4.624 4.977 5.351 5.746 6.140 6.242 6.342 6.439 6.534 6.626 6.715 6.801 6.885 6.966 7.040 7.108 7.298 8.573 9.787 10.982 12.157 13.313 14.448 15.565 16.661 17.738 18.796 19.834 20.541 19.985 19.427 18.866 18.304 17.740 17.174 16.606 16.036 15.464 14.889 14.313 13.868 13.766 13.704 13.684 13.704 13.766 13.869 14.013 14.198 14.424 14.692 15.000 16.000 18.065 20.202 22.408 24.686 27.034 29.452 31.941 34.501 37.131 39.832 42.603 43.216 41.447
2.242 2.522 2.823 3.145 3.488 3.851 4.236 4.641 5.067 5.514 5.982 6.471 6.587 6.678 6.765 6.850 6.921 6.914 6.906 6.897 6.888 6.884 6.884 6.884 8.004 9.131 10.239 11.328 12.397 13.446 14.476 15.486 16.476 17.447 18.398 19.215 18.650 18.083 17.514 16.943 16.370 15.795 15.219 14.640 14.059 13.476 12.891 12.419 12.499 12.619 12.781 12.984 13.228 13.513 13.840 14.207 14.615 15.065 15.555 16.584 18.963 21.412 23.932 26.522 29.182 31.913 34.715 37.587 40.530 43.543 46.627 47.750 45.494
1.731 2.084 2.457 2.852 3.267 3.703 4.161 4.639 5.137 5.644 6.105 6.558 6.636 6.629 6.622 6.614 6.605 6.596 6.586 6.576 6.566 6.560 6.558 6.556 7.457 8.498 9.520 10.522 11.504 12.466 13.409 14.333 15.237 16.121 16.985 17.830 17.319 16.744 16.166 15.586 15.005 14.421 13.835 13.248 12.658 12.067 11.473 10.928 11.190 11.493 11.837 12.222 12.648 13.115 13.624 14.173 14.763 15.395 16.067 17.095 19.787 22.548 25.381 28.283 31.256 34.300 37.414 40.599 43.854 47.179 50.575 52.388 49.645
1.200 1.626 2.083 2.570 3.050 3.522 3.987 4.444 4.894 5.337 5.772 6.200 6.328 6.319 6.310 6.300 6.290 6.279 6.268 6.256 6.244 6.236 6.233 6.229 6.933 7.888 8.823 9.738 10.633 11.509 12.366 13.203 14.020 14.818 15.596 16.354 15.992 15.408 14.822 14.233 13.643 13.051 12.456 11.860 11.262 10.662 10.060 9.455 9.839 10.324 10.851 11.418 12.026 12.675 13.365 14.096 14.869 15.682 16.536 17.533 20.537 23.611 26.755 29.970 33.256 36.612 40.038 43.534 47.102 50.739 54.447 57.128 53.900
1.017 1.494 1.962 2.424 2.878 3.324 3.764 4.196 4.620 5.037 5.447 5.849 6.020 6.010 5.999 5.987 5.976 5.963 5.950 5.937 5.923 5.913 5.908 5.903 6.432 7.300 8.148 8.977 9.786 10.575 11.345 12.096 12.826 13.538 14.229 14.901 14.670 14.076 13.481 12.884 12.285 11.684 11.081 10.476 9.869 9.260 8.650 8.037 8.447 9.114 9.822 10.571 11.361 12.192 13.064 13.977 14.931 15.926 16.962 18.039 21.213 24.600 28.056 31.583 35.181 38.849 42.587 46.395 50.274 54.224 58.243 61.533 56.908
0.955 1.405 1.848 2.284 2.713 3.134 3.547 3.954 4.353 4.744 5.128 5.505 5.714 5.701 5.689 5.676 5.662 5.648 5.633 5.618 5.603 5.591 5.585 5.578 5.953 6.734 7.496 8.238 8.961 9.664 10.347 11.011 11.656 12.281 12.886 13.471 13.351 12.749 12.145 11.539 10.932 10.322 9.710 9.097 8.481 7.863 7.244 6.622 7.013 7.862 8.752 9.683 10.654 11.667 12.721 13.815 14.951 16.128 17.345 18.604 21.816 25.514 29.173 32.566 35.846 39.016 42.074 45.020 47.855 50.578 53.190 55.691 52.459
0.899 1.324 1.741 2.152 2.555 2.950 3.338 3.719 4.093 4.459 4.817 5.168 5.408 5.394 5.379 5.365 5.349 5.334 5.317 5.301 5.283 5.270 5.262 5.253 5.496 6.191 6.866 7.522 8.158 8.775 9.372 9.950 10.508 11.046 11.565 12.065 12.036 11.425 10.813 10.198 9.582 8.963 8.343 7.721 7.096 6.470 5.842 5.212 5.538 6.569 7.640 8.752 9.906 11.125 12.412 13.693 14.965 16.230 17.488 18.738 21.377 24.500 27.513 30.413 33.203 35.881 38.448 40.903 43.247 45.479 47.600 49.610 47.793
0.849 1.249 1.641 2.026 2.403 2.773 3.136 3.491 3.839 4.180 4.513 4.839 5.103 5.087 5.071 5.055 5.038 5.020 5.002 4.984 4.965 4.950 4.940 4.930 5.062 5.670 6.259 6.829 7.379 7.909 8.420 8.911 9.383 9.835 10.268 10.681 10.725 10.106 9.484 8.861 8.236 7.609 6.980 6.349 5.781 5.383 4.967 4.534 4.906 6.199 7.483 8.761 10.030 11.293 12.547 13.795 15.034 16.267 17.491 18.708 20.813 23.446 25.967 28.376 30.675 32.862 34.938 36.902 38.755 40.497 42.128 43.647 42.911
