DATA/SHG/ECMWF/20170628/EN-27/20170705.en-27.asc
ncols        190
nrows        64
xllcorner    -5100000.000000000000
yllcorner    4130000.000000000000
cellsize     10000.000000000000
NODATA_value  -99999.000
[rows 0 to 31 of 64, columns 73 to 145 of 190]
7.809 8.143 8.498 8.875 9.273 9.693 10.134 10.596 10.783 10.183 9.539 8.922 8.333 7.770 7.235 6.727 6.246 5.792 5.366 4.966 4.745 5.015 5.262 5.493 5.707 5.905 6.087 6.252 6.402 6.535 6.652 6.753 6.885 7.181 7.502 7.847 8.216 8.610 9.028 9.470 9.936 10.427 10.942 11.482 11.869 11.705 11.516 11.302 11.063 10.799 10.510 10.196 9.857 9.494 9.105 8.692 8.297 8.017 7.736 7.454 7.170 6.885 6.598 6.310 6.020 5.729 5.437 5.143 4.924 4.919 4.912 4.905 4.897
8.033 8.442 8.788 9.102 9.404 9.696 9.976 10.245 10.353 9.776 9.228 8.706 8.211 7.744 7.303 6.890 6.504 6.145 5.814 5.509 5.282 5.481 5.655 5.813 5.954 6.080 6.189 6.282 6.359 6.419 6.464 6.492 6.548 6.953 7.383 7.837 8.315 8.817 9.344 9.895 10.470 11.070 11.693 12.341 12.894 12.619 12.318 11.992 11.642 11.266 10.866 10.441 9.991 9.516 9.016 8.492 7.980 7.694 7.407 7.118 6.828 6.536 6.243 5.948 5.652 5.354 5.055 4.755 4.497 4.487 4.476 4.464 4.451
7.801 8.098 8.384 8.658 8.922 9.173 9.414 9.643 9.827 9.346 8.892 8.465 8.065 7.693 7.347 7.029 6.738 6.473 6.236 6.027 5.844 5.963 6.065 6.150 6.219 6.272 6.309 6.330 6.334 6.322 6.294 6.250 6.190 6.699 7.237 7.800 8.387 8.998 9.633 10.293 10.977 11.685 12.417 13.174 13.945 13.557 13.145 12.708 12.247 11.760 11.248 10.712 10.151 9.564 8.953 8.317 7.666 7.374 7.080 6.784 6.487 6.189 5.889 5.588 5.285 4.981 4.675 4.368 4.119 4.210 4.311 4.422 4.543
7.488 7.745 7.992 8.226 8.450 8.662 8.863 9.052 9.230 8.891 8.532 8.200 7.895 7.617 7.366 7.143 6.946 6.777 6.634 6.519 6.431 6.464 6.493 6.506 6.502 6.483 6.447 6.395 6.327 6.243 6.143 6.026 5.893 6.419 7.065 7.737 8.432 9.152 9.896 10.664 11.456 12.273 13.114 13.979 14.868 14.522 13.998 13.450 12.877 12.279 11.656 11.008 10.336 9.639 8.916 8.169 7.397 7.055 6.754 6.493 6.271 6.051 5.835 5.621 5.410 5.202 4.996 4.793 4.593 4.705 4.850 5.005 5.170
7.186 7.404 7.610 7.805 7.989 8.162 8.323 8.473 8.612 8.412 8.148 7.910 7.700 7.517 7.361 7.232 7.130 7.055 7.007 6.986 6.993 6.982 6.938 6.879 6.803 6.711 6.603 6.479 6.338 6.182 6.009 5.820 5.615 6.112 6.867 7.647 8.451 9.279 10.131 11.008 11.909 12.834 13.783 14.756 15.754 15.511 14.876 14.217 13.533 12.824 12.052 11.260 10.489 9.738 9.007 8.297 7.607 7.295 7.080 6.867 6.657 6.450 6.245 6.044 5.845 5.648 5.455 5.264 5.075 5.189 5.378 5.577 5.786
6.895 7.073 7.240 7.396 7.540 7.673 7.795 7.905 8.004 7.909 7.739 7.597 7.481 7.392 7.331 7.296 7.289 7.309 7.355 7.429 7.530 7.517 7.402 7.270 7.122 6.957 6.777 6.580 6.368 6.139 5.894 5.633 5.355 5.778 6.642 7.530 8.443 9.379 10.340 11.325 12.334 13.291 14.188 15.066 15.926 15.682 14.879 14.096 13.334 12.592 11.871 11.170 10.489 9.829 9.189 8.569 7.969 7.643 7.439 7.239 7.041 6.845 6.653 6.463 6.276 6.091 5.910 5.731 5.554 5.663 5.896 6.139 6.392
6.615 6.753 6.881 6.997 7.102 7.196 7.278 7.349 7.408 7.382 7.307 7.258 7.237 7.243 7.276 7.336 7.423 7.537 7.678 7.847 8.042 8.070 7.882 7.678 7.458 7.221 6.969 6.700 6.415 6.114 5.797 5.463 5.146 5.493 6.454 7.397 8.322 9.228 10.116 10.986 11.838 12.672 13.487 14.284 15.063 15.027 14.315 13.623 12.951 12.300 11.669 11.058 10.468 9.898 9.349 8.819 8.311 7.987 7.795 7.607 7.421 7.237 7.057 6.879 6.704 6.531 6.362 6.195 6.030 6.126 6.403 6.690 6.987
6.345 6.445 6.533 6.610 6.675 6.729 6.772 6.803 6.823 6.830 6.850 6.896 6.970 7.070 7.197 7.352 7.533 7.742 7.977 8.239 8.529 8.641 8.381 8.055 7.716 7.386 7.066 6.756 6.456 6.166 5.885 5.615 5.354 5.542 6.422 7.284 8.127 8.953 9.760 10.549 11.320 12.072 12.806 13.522 14.220 14.351 13.729 13.128 12.547 11.986 11.446 10.926 10.426 9.947 9.488 9.049 8.630 8.328 8.148 7.971 7.797 7.626 7.458 7.292 7.128 6.968 6.810 6.655 6.503 6.578 6.899 7.230 7.571
6.087 6.147 6.196 6.233 6.259 6.274 6.277 6.269 6.250 6.255 6.369 6.510 6.677 6.872 7.094 7.346 7.609 7.849 8.066 8.260 8.431 8.478 8.163 7.858 7.562 7.276 7.000 6.734 6.478 6.232 5.995 5.768 5.551 5.611 6.410 7.191 7.953 8.698 9.424 10.132 10.821 11.493 12.146 12.781 13.398 13.655 13.124 12.613 12.122 11.652 11.202 10.773 10.363 9.974 9.605 9.257 8.929 8.665 8.498 8.333 8.171 8.012 7.855 7.701 7.550 7.401 7.255 7.112 6.972 7.020 7.385 7.760 8.145
5.840 5.861 5.870 5.868 5.854 5.829 5.793 5.746 5.745 5.880 6.200 6.497 6.771 7.022 7.251 7.457 7.640 7.800 7.937 8.052 8.143 8.183 7.911 7.650 7.398 7.156 6.924 6.701 6.489 6.286 6.093 5.910 5.737 5.700 6.418 7.117 7.799 8.462 9.107 9.734 10.343 10.934 11.506 12.061 12.597 12.938 12.498 12.077 11.677 11.297 10.937 10.598 10.279 9.980 9.702 9.444 9.206 9.000 8.844 8.691 8.541 8.394 8.249 8.107 7.968 7.831 7.697 7.566 7.438 7.452 7.861 8.279 8.708
5.604 5.690 5.884 6.052 6.192 6.305 6.391 6.450 6.481 6.489 6.729 6.947 7.141 7.313 7.462 7.588 7.692 7.772 7.830 7.865 7.877 7.871 7.649 7.431 7.223 7.025 6.836 6.658 6.489 6.330 6.181 6.041 5.912 5.808 6.445 7.064 7.664 8.247 8.811 9.357 9.885 10.395 10.887 11.360 11.815 12.201 11.851 11.521 11.211 10.921 10.652 10.403 10.174 9.965 9.777 9.609 9.461 9.331 9.187 9.047 8.908 8.773 8.640 8.510 8.383 8.258 8.136 8.017 7.900 7.872 8.325 8.788 9.261
6.989 7.115 7.215 7.287 7.332 7.350 7.341 7.305 7.242 7.151 7.279 7.417 7.532 7.624 7.693 7.740 7.764 7.765 7.743 7.698 7.631 7.545 7.376 7.202 7.037 6.883 6.738 6.603 6.478 6.363 6.257 6.162 6.076 6.000 6.492 7.030 7.550 8.051 8.535 9.000 9.447 9.876 10.287 10.680 11.055 11.411 11.184 10.944 10.724 10.525 10.346 10.187 10.048 9.930 9.831 9.754 9.696 9.659 9.527 9.398 9.272 9.149 9.028 8.910 8.794 8.681 8.571 8.464 8.380 8.350 8.940 9.579 10.267
8.533 8.565 8.569 8.546 8.496 8.419 8.315 8.184 8.026 7.840 7.849 7.908 7.943 7.955 7.945 7.912 7.856 7.778 7.677 7.552 7.406 7.240 7.092 6.961 6.841 6.730 6.629 6.538 6.456 6.385 6.323 6.271 6.229 6.196 6.559 7.016 7.455 7.876 8.279 8.663 9.030 9.378 9.708 10.020 10.314 10.590 10.496 10.346 10.217 10.107 10.018 9.950 9.901 9.873 9.865 9.877 9.909 9.962 9.864 9.767 9.694 9.625 9.559 9.497 9.438 9.382 9.329 9.280 9.234 9.192 9.943 10.799 11.704
10.101 10.037 9.946 9.829 9.684 9.512 9.313 9.087 8.834 8.554 8.440 8.418 8.374 8.307 8.217 8.105 7.970 7.812 7.631 7.427 7.201 6.956 6.797 6.711 6.634 6.567 6.509 6.462 6.424 6.396 6.378 6.369 6.371 6.382 6.645 7.021 7.380 7.720 8.042 8.346 8.632 8.900 9.149 9.381 9.594 9.789 9.787 9.728 9.688 9.669 9.708 9.799 9.900 10.011 10.132 10.264 10.406 10.558 10.546 10.485 10.427 10.372 10.321 10.273 10.229 10.188 10.150 10.115 10.084 10.056 10.896 11.969 13.091
11.691 11.533 11.347 11.135 10.895 10.629 10.335 10.014 9.666 9.291 9.050 8.949 8.825 8.679 8.510 8.318 8.103 7.866 7.606 7.323 7.017 6.692 6.492 6.449 6.416 6.392 6.379 6.375 6.381 6.396 6.422 6.457 6.502 6.557 6.751 7.047 7.324 7.584 7.826 8.049 8.254 8.467 8.703 8.945 9.191 9.441 9.596 9.691 9.797 9.913 10.039 10.175 10.321 10.478 10.645 10.822 11.009 11.206 11.245 11.198 11.155 11.115 11.079 11.046 11.016 10.989 10.966 10.946 10.929 10.916 11.799 13.089 14.428
13.305 13.052 12.772 12.464 12.130 11.769 11.380 10.965 10.522 10.052 9.680 9.500 9.297 9.071 8.823 8.551 8.257 7.941 7.601 7.239 6.854 6.450 6.177 6.177 6.188 6.208 6.237 6.277 6.327 6.386 6.455 6.533 6.606 6.669 6.800 7.025 7.254 7.488 7.727 7.970 8.218 8.471 8.728 8.990 9.256 9.527 9.735 9.876 10.026 10.188 10.359 10.540 10.732 10.934 11.146 11.368 11.600 11.842 11.940 11.908 11.879 11.854 11.832 11.814 11.798 11.786 11.778 11.772 11.770 11.772 12.652 14.159 15.714
14.943 14.595 14.220 13.817 13.388 12.932 12.449 11.939 11.402 10.838 10.331 10.071 9.788 9.483 9.156 8.805 8.432 8.036 7.617 7.176 6.712 6.228 5.850 5.892 5.937 5.986 6.039 6.096 6.158 6.223 6.292 6.365 6.443 6.524 6.655 6.900 7.151 7.405 7.665 7.929 8.197 8.470 8.748 9.030 9.317 9.609 9.863 10.049 10.245 10.451 10.667 10.894 11.131 11.378 11.635 11.902 12.180 12.468 12.630 12.613 12.599 12.588 12.581 12.577 12.576 12.579 12.585 12.594 12.607 12.623 13.456 15.178 16.950
16.603 16.160 15.691 15.194 14.670 14.120 13.542 12.937 12.306 11.647 11.001 10.662 10.300 9.916 9.509 9.071 8.525 7.988 7.460 6.941 6.431 5.935 5.504 5.563 5.626 5.693 5.764 5.839 5.919 6.002 6.089 6.180 6.276 6.375 6.505 6.771 7.042 7.317 7.597 7.882 8.171 8.464 8.763 9.065 9.373 9.685 9.979 10.210 10.452 10.703 10.965 11.237 11.519 11.811 12.113 12.426 12.749 13.081 13.316 13.313 13.314 13.318 13.325 13.336 13.350 13.367 13.388 13.412 13.439 13.469 14.209 16.148 18.136
18.287 17.750 17.185 16.594 15.976 15.331 14.658 13.959 13.191 12.223 11.283 10.715 10.165 9.623 9.090 8.567 8.052 7.547 7.050 6.563 6.084 5.619 5.165 5.230 5.311 5.396 5.485 5.578 5.675 5.776 5.882 5.991 6.104 6.222 6.351 6.637 6.929 7.224 7.525 7.830 8.139 8.454 8.772 9.096 9.424 9.756 10.085 10.361 10.648 10.945 11.252 11.569 11.896 12.233 12.581 12.938 13.306 13.684 13.998 14.010 14.025 14.044 14.065 14.091 14.119 14.151 14.186 14.224 14.266 14.311 14.913 17.068 19.271
19.994 19.241 18.178 17.142 16.133 15.152 14.197 13.270 12.370 11.497 10.652 10.078 9.559 9.049 8.548 8.055 7.572 7.098 6.633 6.176 5.729 5.295 4.873 4.892 4.991 5.094 5.202 5.313 5.428 5.547 5.670 5.797 5.929 6.064 6.203 6.498 6.810 7.126 7.447 7.773 8.103 8.438 8.777 9.121 9.469 9.822 10.180 10.501 10.833 11.175 11.527 11.889 12.261 12.644 13.036 13.439 13.852 14.275 14.675 14.702 14.732 14.765 14.801 14.841 14.884 14.930 14.980 15.033 15.089 15.149 15.566 17.937 20.357
18.729 17.733 16.765 15.824 14.910 14.023 13.164 12.331 11.526 10.748 9.997 9.434 8.946 8.467 7.997 7.537 7.085 6.642 6.208 5.783 5.367 4.964 4.574 4.551 4.668 4.789 4.914 5.043 5.176 5.313 5.454 5.600 5.749 5.902 6.059 6.355 6.687 7.024 7.365 7.711 8.062 8.417 8.777 9.141 9.510 9.883 10.262 10.630 11.007 11.394 11.791 12.198 12.616 13.043 13.481 13.929 14.387 14.855 15.333 15.389 15.434 15.482 15.533 15.587 15.645 15.705 15.770 15.837 15.908 15.961 16.081 18.536 20.983
17.103 16.203 15.329 14.483 13.663 12.871 12.106 11.368 10.658 9.974 9.318 8.783 8.326 7.879 7.440 7.010 6.590 6.178 5.775 5.382 4.997 4.626 4.267 4.205 4.340 4.479 4.622 4.769 4.920 5.075 5.235 5.398 5.565 5.736 5.911 6.206 6.559 6.916 7.278 7.644 8.015 8.391 8.771 9.156 9.546 9.939 10.338 10.748 11.170 11.602 12.044 12.497 12.959 13.432 13.914 14.407 14.910 15.423 15.946 16.073 16.162 16.280 16.373 16.444 16.490 16.512 16.511 16.486 16.437 16.365 16.269 18.522 20.936
15.455 14.649 13.870 13.118 12.393 11.696 11.025 10.382 9.766 9.177 8.615 8.124 7.699 7.283 6.875 6.477 6.087 5.707 5.336 4.973 4.620 4.280 3.953 3.856 4.009 4.166 4.327 4.492 4.660 4.833 5.010 5.191 5.377 5.566 5.759 6.052 6.426 6.803 7.186 7.573 7.964 8.360 8.761 9.166 9.576 9.990 10.409 10.855 11.322 11.799 12.286 12.793 13.338 13.914 14.521 15.160 15.830 16.530 17.262 17.502 17.538 17.550 17.538 17.503 17.444 17.361 17.254 17.124 16.970 16.792 16.590 18.516 20.896
13.783 13.072 12.387 11.730 11.100 10.497 9.921 9.372 8.850 8.356 7.888 7.458 7.064 6.679 6.303 5.936 5.578 5.229 4.888 4.557 4.235 3.927 3.631 3.502 3.673 3.848 4.027 4.209 4.396 4.587 4.782 4.981 5.184 5.391 5.602 5.894 6.287 6.686 7.089 7.496 7.908 8.324 8.767 9.223 9.647 10.039 10.400 10.843 11.401 11.991 12.612 13.264 13.948 14.662 15.407 16.184 16.992 17.830 18.700 19.006 18.936 18.843 18.726 18.585 18.421 18.232 18.020 17.784 17.525 17.241 16.934 18.517 20.863
12.088 11.471 10.881 10.319 9.783 9.274 8.793 8.339 7.911 7.511 7.138 6.785 6.422 6.068 5.724 5.388 5.061 4.743 4.434 4.134 3.843 3.566 3.302 3.144 3.333 3.526 3.723 3.923 4.128 4.337 4.550 4.767 4.987 5.282 5.699 6.169 6.706 7.211 7.685 8.126 8.537 8.916 9.263 9.578 9.862 10.114 10.335 10.728 11.425 12.153 12.912 13.703 14.524 15.376 16.260 17.174 18.120 19.097 20.104 20.533 20.358 20.159 19.936 19.690 19.420 19.126 18.809 18.468 18.103 17.714 17.302 18.525 20.837
10.370 9.848 9.353 8.884 8.443 8.029 7.641 7.281 6.948 6.642 6.364 6.105 5.773 5.450 5.137 4.832 4.536 4.250 3.972 3.703 3.443 3.197 2.965 2.782 3.042 3.394 3.761 4.142 4.537 4.946 5.370 5.807 6.258 6.724 7.203 7.680 8.077 8.441 8.775 9.076 9.346 9.585 9.792 9.967 10.110 10.222 10.303 10.581 11.416 12.282 13.179 14.108 15.067 16.057 17.078 18.131 19.214 20.329 21.474 22.081 21.801 21.497 21.169 20.818 20.442 20.043 19.621 19.174 18.704 18.211 17.693 18.540 20.819
8.630 8.201 7.800 7.426 7.079 6.759 6.467 6.201 5.962 5.750 5.565 5.408 5.117 4.825 4.543 4.269 4.019 3.882 3.770 3.682 3.619 3.570 3.532 3.513 3.904 4.320 4.749 5.192 5.650 6.121 6.607 7.107 7.620 8.148 8.690 9.224 9.480 9.704 9.897 10.059 10.189 10.287 10.354 10.389 10.392 10.364 10.305 10.402 11.374 12.378 13.413 14.479 15.576 16.704 17.863 19.054 20.275 21.527 22.810 23.653 23.267 22.858 22.425 21.968 21.487 20.983 20.455 19.904 19.329 18.730 18.107 18.562 20.808
6.866 6.532 6.225 5.945 5.693 5.467 5.268 5.096 4.952 4.857 4.854 4.845 4.702 4.552 4.427 4.326 4.250 4.199 4.172 4.169 4.191 4.228 4.276 4.343 4.750 5.228 5.719 6.225 6.745 7.279 7.827 8.389 8.965 9.555 10.159 10.778 10.916 11.000 11.053 11.074 11.064 11.022 10.949 10.844 10.708 10.540 10.340 10.189 11.300 12.441 13.614 14.818 16.052 17.318 18.615 19.943 21.302 22.692 24.113 25.246 24.755 24.241 23.703 23.141 22.555 21.946 21.313 20.657 19.976 19.272 18.545 18.592 20.804
5.079 4.839 4.695 4.717 4.732 4.740 4.741 4.735 4.722 4.702 4.675 4.640 4.570 4.505 4.465 4.450 4.459 4.493 4.551 4.634 4.741 4.863 4.997 5.150 5.579 6.119 6.673 7.241 7.823 8.420 9.030 9.654 10.292 10.945 11.611 12.292 12.384 12.328 12.241 12.123 11.972 11.791 11.577 11.332 11.056 10.748 10.409 10.038 11.192 12.471 13.782 15.123 16.495 17.899 19.333 20.799 22.295 23.822 25.381 26.862 26.266 25.646 25.003 24.336 23.646 22.931 22.193 21.432 20.647 19.838 19.005 18.629 20.807
4.702 4.714 4.718 4.716 4.707 4.690 4.667 4.636 4.598 4.554 4.502 4.443 4.415 4.436 4.481 4.551 4.645 4.764 4.907 5.075 5.268 5.476 5.695 5.934 6.391 6.993 7.609 8.240 8.884 9.543 10.215 10.902 11.603 12.317 13.046 13.789 13.885 13.689 13.462 13.203 12.913 12.592 12.239 11.854 11.438 10.990 10.511 10.000 11.051 12.468 13.916 15.395 16.905 18.446 20.018 21.621 23.255 24.919 26.615 28.342 27.799 27.074 26.326 25.554 24.759 23.940 23.097 22.230 21.340 20.426 19.489 18.605 20.541
4.781 4.768 4.749 4.722 4.688 4.647 4.599 4.543 4.481 4.412 4.335 4.252 4.238 4.344 4.475 4.630 4.809 5.013 5.241 5.494 5.771 6.065 6.371 6.696 7.186 7.850 8.529 9.222 9.928 10.649 11.384 12.133 12.895 13.672 14.463 15.268 15.418 15.082 14.716 14.317 13.887 13.426 12.933 12.409 11.853 11.265 10.647 9.996 10.878 12.432 14.018 15.634 17.281 18.960 20.669 22.409 24.181 25.983 27.816 29.680 29.355 28.525 27.596 26.501 25.394 24.275 23.143 21.999 20.843 19.674 18.493 17.299 18.797
4.867 4.830 4.785 4.734 4.675 4.610 4.537 4.457 4.371 4.277 4.176 4.068 4.039 4.230 4.446 4.686 4.950 5.239 5.553 5.890 6.253 6.632 7.023 7.435 7.964 8.690 9.431 10.186 10.955 11.738 12.535 13.346 14.171 15.010 15.863 16.730 16.984 16.508 16.002 15.464 14.894 14.293 13.660 12.996 12.301 11.574 10.816 10.026 10.671 12.363 14.086 15.840 17.625 19.418 21.155 22.870 24.564 26.236 27.886 29.515 29.203 28.078 26.941 25.791 24.629 23.455 22.269 21.070 19.859 18.636 17.400 16.152 17.111
