DATA/SHG/ECMWF/20170628/EN-27/20170702.en-27.asc
ncols        190
nrows        64
xllcorner    -5100000.000000000000
yllcorner    4130000.000000000000
cellsize     10000.000000000000
NODATA_value  -99999.000
[rows 0 to 31 of 64, columns 73 to 145 of 190]
7.023 7.489 7.955 8.421 8.886 9.350 9.813 10.276 10.470 10.083 9.705 9.314 8.910 8.493 8.063 7.620 7.164 6.695 6.213 5.718 5.487 6.168 6.843 7.512 8.174 8.829 9.479 10.122 10.759 11.389 12.014 12.632 13.157 13.395 13.623 13.842 14.051 14.250 14.439 14.618 14.788 14.948 15.098 15.238 15.262 14.949 14.632 14.311 13.986 13.657 13.324 12.987 12.645 12.300 11.950 11.597 11.233 10.866 10.519 10.193 9.887 9.602 9.338 9.094 8.871 8.669 8.487 8.326 8.173 7.996 7.821 7.648 7.478
7.313 7.778 8.302 8.838 9.367 9.890 10.407 10.917 11.261 10.850 10.426 9.990 9.540 9.077 8.601 8.112 7.610 7.095 6.567 6.026 5.600 6.254 6.900 7.541 8.175 8.802 9.424 10.039 10.647 11.250 11.846 12.436 12.976 13.170 13.355 13.530 13.695 13.851 13.996 14.132 14.258 14.375 14.482 14.579 14.614 14.283 13.947 13.608 13.265 12.918 12.566 12.211 11.851 11.487 11.120 10.748 10.384 10.109 9.854 9.620 9.407 9.214 9.041 8.890 8.759 8.649 8.559 8.490 8.422 8.255 8.091 7.929 7.770
8.100 8.626 9.146 9.659 10.166 10.666 11.160 11.648 12.085 11.628 11.159 10.676 10.180 9.671 9.150 8.615 8.067 7.506 6.932 6.346 5.746 6.346 6.964 7.576 8.182 8.782 9.375 9.962 10.543 11.117 11.685 12.247 12.803 12.956 13.098 13.229 13.351 13.463 13.565 13.657 13.740 13.813 13.877 13.930 13.971 13.621 13.268 12.910 12.549 12.183 11.814 11.440 11.062 10.680 10.294 9.904 9.515 9.332 9.169 9.027 8.906 8.805 8.725 8.665 8.626 8.608 8.610 8.633 8.649 8.454 8.263 8.076 7.892
8.994 9.498 9.995 10.485 10.969 11.447 11.919 12.383 12.842 12.417 11.902 11.373 10.832 10.277 9.710 9.129 8.535 7.929 7.309 6.677 6.031 6.445 7.035 7.619 8.197 8.769 9.334 9.893 10.445 10.992 11.532 12.065 12.593 12.754 12.851 12.939 13.018 13.086 13.145 13.194 13.233 13.263 13.283 13.293 13.293 12.965 12.594 12.218 11.838 11.455 11.067 10.675 10.279 9.879 9.475 9.067 8.654 8.535 8.464 8.460 8.499 8.530 8.554 8.569 8.576 8.575 8.567 8.550 8.525 8.357 8.181 8.009 7.840
9.892 10.373 10.848 11.316 11.778 12.233 12.682 13.124 13.560 13.217 12.656 12.082 11.494 10.894 10.281 9.654 9.015 8.363 7.697 7.019 6.327 6.550 7.113 7.669 8.219 8.762 9.299 9.830 10.355 10.873 11.385 11.891 12.390 12.562 12.616 12.660 12.695 12.720 12.736 12.742 12.738 12.724 12.700 12.667 12.624 12.315 11.925 11.531 11.133 10.731 10.368 10.048 9.742 9.449 9.170 8.905 8.653 8.624 8.644 8.655 8.659 8.654 8.642 8.622 8.594 8.558 8.514 8.462 8.402 8.256 8.096 7.939 7.785
10.796 11.254 11.706 12.151 12.590 13.023 13.449 13.869 14.282 14.028 13.421 12.801 12.168 11.522 10.863 10.191 9.506 8.808 8.097 7.373 6.635 6.663 7.197 7.725 8.247 8.763 9.272 9.775 10.271 10.762 11.246 11.724 12.195 12.381 12.392 12.393 12.384 12.366 12.338 12.300 12.253 12.213 12.173 12.122 12.059 11.813 11.486 11.172 10.872 10.586 10.313 10.054 9.808 9.576 9.358 9.153 8.962 8.898 8.882 8.858 8.826 8.786 8.739 8.683 8.620 8.548 8.469 8.382 8.287 8.152 8.007 7.865 7.727
11.703 12.139 12.568 12.991 13.408 13.818 14.222 14.619 15.010 14.850 14.197 13.532 12.853 12.161 11.456 10.738 10.008 9.264 8.507 7.738 6.955 6.782 7.289 7.789 8.283 8.770 9.251 9.726 10.195 10.657 11.113 11.563 12.029 12.270 12.271 12.261 12.239 12.206 12.161 12.104 12.036 11.956 11.865 11.762 11.647 11.442 11.175 10.922 10.683 10.457 10.245 10.046 9.861 9.690 9.532 9.387 9.257 9.179 9.128 9.068 9.001 8.926 8.843 8.752 8.654 8.547 8.432 8.310 8.179 8.045 7.915 7.789 7.665
12.616 13.029 13.436 13.836 14.230 14.618 14.999 15.374 15.742 15.683 14.985 14.273 13.549 12.811 12.061 11.297 10.521 9.732 8.929 8.114 7.286 6.909 7.387 7.857 8.327 8.799 9.273 9.749 10.226 10.706 11.188 11.671 12.156 12.439 12.389 12.327 12.253 12.168 12.071 11.963 11.843 11.712 11.569 11.414 11.248 11.056 10.850 10.658 10.479 10.314 10.162 10.024 9.899 9.788 9.691 9.607 9.537 9.468 9.381 9.287 9.184 9.074 8.956 8.830 8.695 8.554 8.404 8.246 8.080 7.935 7.820 7.709 7.601
13.532 13.923 14.307 14.685 15.057 15.422 15.781 16.133 16.479 16.527 15.783 15.026 14.255 13.472 12.676 11.838 10.898 9.990 9.113 8.268 7.455 6.952 7.427 7.904 8.383 8.863 9.346 9.830 10.316 10.805 11.295 11.787 12.281 12.621 12.519 12.405 12.280 12.143 11.995 11.835 11.664 11.481 11.286 11.080 10.862 10.657 10.511 10.379 10.261 10.156 10.065 9.987 9.923 9.873 9.836 9.813 9.803 9.764 9.643 9.513 9.375 9.229 9.076 8.915 8.745 8.568 8.383 8.190 7.989 7.821 7.722 7.625 7.533
14.454 14.822 15.184 15.539 15.888 16.231 16.567 16.897 17.130 17.011 15.992 15.004 14.049 13.124 12.232 11.370 10.541 9.743 8.977 8.242 7.539 6.979 7.463 7.948 8.436 8.925 9.416 9.909 10.404 10.901 11.400 11.901 12.403 12.815 12.662 12.496 12.319 12.131 11.931 11.720 11.497 11.262 11.016 10.758 10.489 10.244 10.159 10.087 10.029 9.985 9.954 9.937 9.933 9.943 9.967 10.004 10.054 10.069 9.912 9.747 9.574 9.393 9.204 9.008 8.803 8.591 8.370 8.142 7.906 7.705 7.620 7.539 7.461
15.380 15.608 15.678 15.738 15.787 15.824 15.851 15.867 15.872 15.855 14.946 14.069 13.223 12.409 11.627 10.876 10.156 9.468 8.812 8.187 7.594 7.029 7.496 7.990 8.486 8.984 9.484 9.986 10.489 10.995 11.503 12.012 12.523 13.022 12.817 12.600 12.371 12.131 11.880 11.617 11.342 11.056 10.759 10.450 10.129 9.817 9.792 9.781 9.784 9.800 9.829 9.872 9.929 9.999 10.083 10.181 10.291 10.381 10.189 9.988 9.780 9.564 9.340 9.109 8.869 8.621 8.366 8.103 7.831 7.585 7.515 7.449 7.387
14.583 14.626 14.659 14.681 14.691 14.691 14.681 14.659 14.626 14.583 13.873 13.106 12.371 11.667 10.994 10.353 9.744 9.166 8.619 8.104 7.621 7.166 7.527 8.030 8.535 9.041 9.550 10.060 10.572 11.087 11.603 12.121 12.641 13.163 12.984 12.716 12.436 12.144 11.841 11.527 11.201 10.863 10.514 10.154 9.782 9.398 9.412 9.461 9.524 9.600 9.690 9.794 9.911 10.041 10.185 10.343 10.514 10.699 10.473 10.238 9.995 9.743 9.484 9.217 8.943 8.660 8.369 8.071 7.766 7.480 7.462 7.468 7.496
13.651 13.656 13.651 13.635 13.608 13.570 13.522 13.462 13.392 13.311 12.773 12.116 11.490 10.896 10.334 9.803 9.303 8.835 8.398 7.993 7.620 7.276 7.556 8.067 8.581 9.096 9.613 10.132 10.653 11.176 11.701 12.227 12.756 13.287 13.164 12.844 12.513 12.170 11.816 11.450 11.072 10.683 10.283 9.871 9.447 9.012 9.017 9.127 9.250 9.387 9.537 9.701 9.878 10.069 10.273 10.491 10.723 10.967 10.766 10.457 10.112 9.778 9.454 9.140 8.836 8.543 8.261 7.989 7.727 7.476 7.539 7.646 7.777
12.730 12.698 12.655 12.601 12.536 12.461 12.375 12.278 12.170 12.051 11.646 11.099 10.583 10.099 9.646 9.225 8.835 8.477 8.150 7.854 7.590 7.357 7.582 8.102 8.624 9.148 9.674 10.202 10.731 11.263 11.796 12.332 12.869 13.408 13.357 12.985 12.602 12.208 11.802 11.385 10.956 10.516 10.064 9.600 9.126 8.639 8.609 8.779 8.963 9.160 9.393 9.634 9.848 10.037 10.200 10.336 10.446 10.530 10.302 9.993 9.694 9.405 9.127 8.860 8.602 8.356 8.119 7.893 7.678 7.472 7.592 7.802 8.035
11.820 11.750 11.670 11.578 11.476 11.363 11.239 11.105 10.959 10.803 10.491 10.054 9.648 9.274 8.931 8.619 8.339 8.090 7.873 7.687 7.533 7.409 7.606 8.135 8.666 9.198 9.733 10.269 10.807 11.347 11.889 12.433 12.979 13.527 13.561 13.139 12.704 12.259 11.802 11.333 10.853 10.382 9.955 9.560 9.198 8.869 8.893 9.122 9.325 9.502 9.653 9.777 9.876 9.948 9.994 10.014 10.008 9.975 9.781 9.518 9.265 9.023 8.791 8.569 8.358 8.158 7.967 7.787 7.618 7.459 7.622 7.935 8.270
10.922 10.815 10.697 10.568 10.428 10.277 10.115 9.943 9.760 9.566 9.310 8.982 8.686 8.421 8.188 7.986 7.816 7.676 7.569 7.493 7.448 7.434 7.628 8.165 8.705 9.246 9.789 10.334 10.881 11.429 11.980 12.533 13.024 13.457 13.488 12.978 12.500 12.054 11.642 11.262 10.914 10.599 10.317 10.068 9.851 9.666 9.646 9.758 9.845 9.906 9.940 9.948 9.930 9.886 9.816 9.719 9.597 9.448 9.250 9.033 8.826 8.630 8.444 8.269 8.104 7.950 7.805 7.671 7.548 7.435 7.630 8.044 8.482
10.036 9.891 9.735 9.568 9.391 9.202 9.003 8.793 8.573 8.341 8.101 7.883 7.696 7.541 7.418 7.325 7.264 7.235 7.237 7.270 7.334 7.431 7.647 8.145 8.601 9.052 9.498 9.939 10.375 10.806 11.232 11.653 12.068 12.479 12.654 12.288 11.955 11.655 11.388 11.153 10.950 10.781 10.644 10.539 10.467 10.428 10.425 10.422 10.392 10.336 10.254 10.146 10.012 9.852 9.665 9.452 9.214 8.949 8.709 8.538 8.378 8.228 8.088 7.959 7.840 7.731 7.633 7.545 7.468 7.401 7.614 8.131 8.670
9.160 8.978 8.784 8.580 8.365 8.139 7.903 7.655 7.397 7.128 6.865 6.757 6.680 6.634 6.620 6.643 6.743 6.821 6.877 6.911 6.923 6.922 6.958 7.397 7.831 8.260 8.683 9.102 9.515 9.924 10.327 10.725 11.119 11.507 11.784 11.564 11.376 11.221 11.099 11.009 10.952 10.927 10.935 10.975 11.048 11.154 11.232 11.112 10.966 10.794 10.596 10.371 10.121 9.844 9.542 9.213 8.858 8.477 8.158 8.033 7.919 7.815 7.721 7.638 7.565 7.503 7.451 7.409 7.377 7.356 7.576 8.194 8.836
8.297 8.077 7.846 7.604 7.351 7.088 6.814 6.529 6.265 6.161 6.078 6.207 6.319 6.408 6.476 6.521 6.545 6.546 6.525 6.483 6.418 6.340 6.252 6.656 7.067 7.474 7.875 8.271 8.662 9.048 9.429 9.805 10.176 10.542 10.880 10.805 10.762 10.752 10.775 10.830 10.918 11.038 11.191 11.376 11.594 11.844 12.065 11.829 11.567 11.278 10.964 10.624 10.257 9.865 9.446 9.001 8.530 8.033 7.597 7.519 7.450 7.392 7.345 7.308 7.281 7.264 7.258 7.262 7.277 7.302 7.515 8.235 8.978
7.444 7.206 7.030 6.874 6.739 6.624 6.531 6.458 6.407 6.376 6.365 6.413 6.447 6.460 6.451 6.420 6.366 6.291 6.194 6.074 5.933 5.778 5.612 5.921 6.310 6.694 7.073 7.447 7.816 8.179 8.538 8.891 9.240 9.583 9.921 10.012 10.114 10.249 10.416 10.616 10.849 11.114 11.411 11.741 12.104 12.499 12.924 12.572 12.194 11.790 11.359 10.903 10.420 9.912 9.377 8.817 8.230 7.617 7.027 6.994 6.972 6.960 6.958 6.967 6.986 7.015 7.055 7.105 7.166 7.237 7.431 8.253 9.098
6.946 6.821 6.717 6.634 6.571 6.530 6.509 6.509 6.529 6.571 6.633 6.638 6.596 6.532 6.446 6.338 6.208 6.056 5.882 5.687 5.469 5.237 4.994 5.193 5.560 5.922 6.278 6.630 6.976 7.317 7.654 7.985 8.311 8.632 8.948 9.184 9.431 9.710 10.023 10.367 10.744 11.154 11.596 12.071 12.578 13.118 13.691 13.342 12.848 12.328 11.782 11.209 10.611 9.986 9.336 8.659 7.957 7.228 6.473 6.460 6.483 6.517 6.562 6.616 6.681 6.757 6.842 6.938 7.045 7.195 7.410 8.378 9.356
6.470 6.417 6.386 6.375 6.385 6.415 6.467 6.539 6.632 6.746 6.881 6.883 6.764 6.624 6.461 6.277 6.070 5.842 5.591 5.319 5.025 4.716 4.395 4.472 4.817 5.156 5.490 5.819 6.143 6.462 6.776 7.085 7.388 7.687 7.980 8.321 8.713 9.137 9.594 10.084 10.605 11.160 11.746 12.366 13.017 13.702 14.418 14.139 13.529 12.893 12.231 11.543 10.828 10.088 9.322 8.530 7.711 6.867 5.996 5.915 6.089 6.398 6.679 6.931 7.154 7.349 7.516 7.653 7.763 7.844 7.896 8.843 9.863
5.974 5.994 6.035 6.097 6.179 6.282 6.406 6.551 6.716 6.903 7.110 7.148 6.953 6.736 6.497 6.236 5.953 5.648 5.321 4.972 4.601 4.215 3.818 3.758 4.079 4.396 4.708 5.015 5.317 5.613 5.905 6.191 6.473 6.749 7.020 7.425 7.961 8.530 9.131 9.765 10.431 11.130 11.861 12.625 13.421 14.250 15.111 14.963 14.237 13.485 12.707 11.912 11.157 10.449 9.790 9.179 8.616 8.101 7.635 7.693 7.904 8.087 8.241 8.366 8.463 8.531 8.571 8.582 8.565 8.519 8.445 9.296 10.360
5.460 5.552 5.665 5.799 5.954 6.130 6.326 6.543 6.781 7.040 7.319 7.432 7.161 6.867 6.552 6.214 5.855 5.474 5.070 4.645 4.198 3.735 3.260 3.049 3.349 3.644 3.933 4.217 4.497 4.771 5.040 5.304 5.564 5.818 6.066 6.494 7.174 7.888 8.633 9.412 10.222 11.065 11.938 12.795 13.621 14.416 15.179 15.115 14.380 13.694 13.055 12.465 11.923 11.428 10.982 10.584 10.234 9.932 9.678 9.662 9.746 9.802 9.829 9.828 9.799 9.740 9.654 9.538 9.395 9.223 9.022 9.740 10.846
4.926 5.091 5.277 5.483 5.710 5.958 6.227 6.516 6.826 7.157 7.509 7.737 7.389 7.019 6.627 6.213 5.777 5.320 4.840 4.338 3.815 3.275 2.723 2.348 2.625 2.897 3.165 3.427 3.684 3.936 4.183 4.424 4.661 4.977 5.432 6.053 6.991 7.897 8.772 9.615 10.428 11.209 11.958 12.676 13.363 14.019 14.643 14.765 14.243 13.770 13.344 12.967 12.637 12.356 12.123 11.938 11.800 11.711 11.670 11.657 11.615 11.544 11.445 11.317 11.161 10.977 10.764 10.522 10.252 9.953 9.626 10.173 11.322
4.374 4.611 4.869 5.148 5.447 5.768 6.108 6.470 6.852 7.255 7.679 8.061 7.637 7.190 6.722 6.232 5.720 5.186 4.630 4.052 3.452 2.836 2.207 1.653 1.967 2.378 2.799 3.230 3.670 4.120 4.579 5.047 5.526 6.013 6.511 7.078 7.877 8.644 9.380 10.085 10.759 11.401 12.012 12.591 13.139 13.656 14.142 14.364 14.056 13.795 13.582 13.418 13.301 13.232 13.212 13.239 13.315 13.438 13.610 13.679 13.510 13.313 13.088 12.834 12.551 12.240 11.901 11.533 11.137 10.712 10.259 10.597 11.787
3.803 4.113 4.443 4.794 5.166 5.558 5.971 6.405 6.859 7.334 7.830 8.347 7.905 7.382 6.837 6.271 5.684 5.116 4.573 4.056 3.564 3.090 2.628 2.187 2.611 3.065 3.528 4.001 4.483 4.975 5.477 5.988 6.508 7.038 7.578 8.136 8.796 9.425 10.022 10.588 11.123 11.626 12.098 12.539 12.949 13.327 13.674 13.913 13.818 13.770 13.770 13.818 13.914 14.058 14.250 14.490 14.778 15.114 15.498 15.728 15.433 15.109 14.757 14.377 13.968 13.531 13.065 12.571 12.049 11.498 10.918 11.009 12.243
3.214 3.595 3.998 4.421 4.865 5.329 5.814 6.320 6.847 7.385 7.879 8.335 7.924 7.341 6.785 6.254 5.749 5.270 4.816 4.388 3.986 3.601 3.230 2.879 3.244 3.740 4.245 4.761 5.285 5.819 6.363 6.916 7.479 8.051 8.633 9.224 9.748 10.238 10.697 11.124 11.520 11.885 12.218 12.520 12.791 13.031 13.240 13.412 13.529 13.694 13.906 14.167 14.476 14.832 15.236 15.689 16.189 16.738 17.334 17.803 17.381 16.932 16.454 15.947 15.412 14.849 14.257 13.637 12.988 12.311 11.606 11.412 12.688
2.605 3.059 3.583 4.207 4.794 5.344 5.857 6.333 6.771 7.173 7.537 7.864 7.608 7.115 6.648 6.206 5.790 5.400 5.036 4.697 4.384 4.089 3.808 3.548 3.865 4.403 4.951 5.508 6.075 6.652 7.238 7.833 8.438 9.052 9.676 10.310 10.733 11.084 11.404 11.693 11.950 12.177 12.372 12.535 12.668 12.769 12.839 12.878 13.191 13.568 13.993 14.466 14.986 15.555 16.172 16.837 17.549 18.310 19.118 19.904 19.357 18.781 18.177 17.544 16.883 16.194 15.476 14.730 13.955 13.152 12.321 11.804 13.122
3.206 3.775 4.308 4.803 5.261 5.682 6.066 6.412 6.722 6.994 7.229 7.427 7.269 6.865 6.487 6.135 5.808 5.507 5.232 4.983 4.759 4.554 4.363 4.192 4.474 5.055 5.645 6.244 6.854 7.472 8.100 8.738 9.385 10.042 10.708 11.383 11.750 11.963 12.144 12.295 12.414 12.502 12.558 12.584 12.578 12.541 12.472 12.373 12.802 13.391 14.028 14.713 15.447 16.227 17.056 17.933 18.858 19.830 20.851 21.919 21.359 20.657 19.927 19.168 18.381 17.566 16.722 15.850 14.949 14.020 13.063 12.199 13.544
4.223 4.663 5.066 5.432 5.761 6.053 6.308 6.526 6.706 6.850 6.956 7.026 6.907 6.593 6.304 6.041 5.803 5.592 5.405 5.245 5.110 4.994 4.894 4.813 5.072 5.695 6.327 6.969 7.620 8.281 8.951 9.631 10.320 11.019 11.727 12.445 12.800 12.874 12.918 12.930 12.910 12.860 12.778 12.665 12.521 12.346 12.139 11.902 12.363 13.164 14.014 14.911 15.856 16.849 17.890 18.978 20.115 21.299 22.531 23.812 23.388 22.560 21.644 20.612 19.599 18.604 17.627 16.670 15.730 14.810 13.907 13.023 13.980
5.273 5.584 5.858 6.096 6.296 6.459 6.585 6.674 6.725 6.740 6.718 6.658 6.523 6.297 6.098 5.923 5.775 5.652 5.555 5.484 5.438 5.412 5.401 5.410 5.658 6.323 6.998 7.682 8.375 9.078 9.791 10.512 11.244 11.985 12.735 13.495 13.883 13.819 13.724 13.597 13.440 13.251 13.031 12.780 12.498 12.184 11.840 11.464 11.873 12.887 13.948 15.057 16.214 17.563 19.150 20.552 21.772 22.807 23.660 24.328 23.781 22.794 21.825 20.874 19.942 19.029 18.134 17.258 16.400 15.560 14.739 13.937 14.473
