DATA/SHG/ECMWF/20170628/EN-27/20170708.en-27.asc
ncols        190
nrows        64
xllcorner    -5100000.000000000000
yllcorner    4130000.000000000000
cellsize     10000.000000000000
NODATA_value  -99999.000
[rows 0 to 32 of 64, columns 74 to 147 of 190]
7.387 6.825 6.258 5.687 5.110 4.529 3.943 3.640 3.990 4.326 4.642 4.940 5.218 5.477 5.717 5.938 6.140 6.323 6.487 6.470 5.926 5.402 4.892 4.395 3.912 3.443 2.988 2.546 2.118 1.703 1.302 1.042 1.200 1.365 1.536 1.714 1.898 2.087 2.284 2.486 2.695 2.910 3.131 3.305 3.316 3.327 3.339 3.352 3.366 3.380 3.394 3.410 3.426 3.443 3.460 3.613 4.158 4.688 5.205 5.708 6.197 6.673 7.135 7.583 8.018 8.439 8.846 9.015 8.556 8.108 7.670 7.243 6.827 6.422
7.731 7.093 6.463 5.858 5.280 4.729 4.204 3.845 4.133 4.402 4.652 4.882 5.094 5.286 5.460 5.614 5.749 5.866 5.963 5.981 5.498 5.035 4.586 4.150 3.729 3.321 2.926 2.546 2.179 1.825 1.485 1.217 1.403 1.596 1.795 2.001 2.213 2.430 2.655 2.885 3.122 3.365 3.614 3.838 3.852 3.866 3.881 3.897 3.913 3.930 3.947 3.966 3.984 4.004 4.024 4.110 4.593 5.063 5.519 5.961 6.389 6.804 7.205 7.592 7.966 8.326 8.672 8.891 8.480 8.079 7.689 7.310 6.941 6.583
7.438 6.873 6.335 5.824 5.339 4.880 4.448 4.072 4.294 4.496 4.679 4.843 4.987 5.113 5.220 5.308 5.376 5.426 5.456 5.468 5.054 4.653 4.265 3.891 3.530 3.183 2.850 2.530 2.224 1.932 1.653 1.388 1.599 1.820 2.047 2.281 2.520 2.766 3.018 3.277 3.541 3.812 4.089 4.370 4.387 4.404 4.422 4.440 4.459 4.479 4.499 4.520 4.542 4.564 4.587 4.620 5.043 5.451 5.846 6.227 6.594 6.948 7.288 7.615 7.927 8.226 8.512 8.759 8.392 8.030 7.673 7.319 6.970 6.625
7.101 6.629 6.183 5.765 5.372 5.007 4.667 4.354 4.471 4.606 4.723 4.820 4.898 4.958 4.998 5.019 5.021 5.004 4.968 4.913 4.597 4.256 3.929 3.616 3.316 3.031 2.758 2.500 2.255 2.023 1.806 1.601 1.788 2.037 2.292 2.553 2.821 3.094 3.374 3.661 3.953 4.252 4.557 4.868 4.920 4.940 4.960 4.982 5.003 5.026 5.049 5.073 5.097 5.122 5.148 5.175 5.505 5.853 6.195 6.531 6.849 7.150 7.434 7.701 7.952 8.185 8.401 8.601 8.291 7.948 7.610 7.275 6.945 6.619
6.739 6.360 6.007 5.681 5.381 5.108 4.862 4.641 4.666 4.735 4.784 4.815 4.827 4.819 4.793 4.748 4.683 4.600 4.497 4.376 4.124 3.845 3.579 3.327 3.088 2.863 2.652 2.454 2.270 2.100 1.943 1.800 1.969 2.246 2.529 2.818 3.114 3.415 3.723 4.038 4.358 4.685 5.017 5.357 5.452 5.474 5.498 5.522 5.546 5.559 5.573 5.602 5.647 5.707 5.782 5.873 6.139 6.433 6.709 6.969 7.211 7.437 7.645 7.837 8.012 8.169 8.310 8.434 8.186 7.862 7.542 7.227 6.916 6.609
6.353 6.067 5.807 5.573 5.366 5.185 5.031 4.903 4.878 4.880 4.863 4.827 4.773 4.699 4.606 4.494 4.363 4.213 4.045 3.857 3.637 3.418 3.213 3.022 2.845 2.681 2.530 2.393 2.270 2.161 2.065 1.982 2.143 2.448 2.759 3.076 3.400 3.729 4.065 4.407 4.733 5.036 5.329 5.611 5.701 5.707 5.728 5.764 5.816 5.883 5.965 6.063 6.176 6.305 6.449 6.608 6.820 7.038 7.239 7.423 7.590 7.740 7.873 7.989 8.089 8.171 8.236 8.285 8.077 7.772 7.471 7.175 6.883 6.595
5.943 5.749 5.582 5.441 5.326 5.238 5.176 5.141 5.107 5.043 4.959 4.857 4.736 4.596 4.436 4.258 4.061 3.845 3.609 3.355 3.135 2.977 2.833 2.703 2.586 2.483 2.394 2.318 2.255 2.207 2.172 2.180 2.363 2.704 3.035 3.355 3.665 3.963 4.251 4.528 4.794 5.049 5.294 5.528 5.666 5.740 5.830 5.935 6.055 6.190 6.341 6.508 6.689 6.887 7.099 7.327 7.518 7.661 7.786 7.894 7.986 8.060 8.118 8.159 8.182 8.189 8.179 8.152 7.964 7.678 7.396 7.119 6.845 6.577
5.509 5.408 5.333 5.284 5.262 5.266 5.297 5.354 5.353 5.223 5.073 4.904 4.717 4.510 4.284 4.040 3.776 3.494 3.192 2.872 2.618 2.522 2.595 2.714 2.808 2.877 2.920 2.939 2.933 2.903 2.847 2.766 2.820 3.113 3.396 3.668 3.929 4.180 4.420 4.648 4.867 5.074 5.270 5.456 5.614 5.757 5.915 6.089 6.277 6.481 6.701 6.936 7.186 7.451 7.732 8.028 8.232 8.299 8.349 8.382 8.398 8.397 8.380 8.345 8.293 8.225 8.139 8.037 7.846 7.579 7.317 7.058 6.804 6.554
5.051 5.042 5.059 5.103 5.173 5.270 5.392 5.542 5.617 5.420 5.204 4.969 4.715 4.442 4.185 4.081 4.016 3.990 4.003 4.055 4.122 4.179 4.211 4.218 4.200 4.158 4.090 3.998 3.880 3.738 3.571 3.379 3.288 3.534 3.768 3.992 4.205 4.408 4.600 4.780 4.950 5.110 5.258 5.396 5.547 5.758 5.984 6.226 6.483 6.756 7.044 7.347 7.665 7.999 8.348 8.713 8.963 8.955 8.929 8.887 8.827 8.751 8.658 8.548 8.421 8.277 8.117 7.939 7.725 7.477 7.233 6.994 6.758 6.527
4.569 4.652 4.762 4.898 5.060 5.249 5.464 5.706 5.890 5.688 5.526 5.402 5.317 5.271 5.263 5.295 5.366 5.475 5.624 5.811 5.986 5.932 5.852 5.748 5.619 5.465 5.286 5.082 4.854 4.600 4.322 4.019 3.768 3.965 4.152 4.328 4.493 4.647 4.791 4.924 5.046 5.157 5.258 5.348 5.463 5.742 6.037 6.347 6.673 7.014 7.370 7.741 8.128 8.530 8.947 9.380 9.710 9.626 9.525 9.408 9.273 9.121 8.953 8.768 8.566 8.347 8.111 7.858 7.600 7.371 7.146 6.925 6.709 6.497
4.115 4.386 4.652 4.911 5.165 5.413 5.655 5.891 6.117 6.051 6.024 6.036 6.087 6.176 6.305 6.472 6.678 6.924 7.208 7.530 7.864 7.710 7.519 7.304 7.063 6.798 6.508 6.193 5.853 5.489 5.099 4.685 4.258 4.407 4.546 4.674 4.791 4.898 4.993 5.078 5.153 5.216 5.269 5.311 5.362 5.710 6.073 6.452 6.846 7.255 7.679 8.119 8.574 9.044 9.530 10.031 10.474 10.314 10.138 9.945 9.735 9.509 9.265 9.005 8.727 8.433 8.122 7.794 7.470 7.260 7.054 6.853 6.655 6.462
4.446 4.697 4.942 5.181 5.415 5.642 5.864 6.080 6.291 6.378 6.487 6.634 6.821 7.046 7.310 7.612 7.954 8.335 8.754 9.212 9.682 9.514 9.212 8.885 8.534 8.157 7.756 7.330 6.879 6.403 5.903 5.377 4.827 4.861 4.952 5.032 5.101 5.160 5.207 5.245 5.271 5.286 5.291 5.285 5.269 5.662 6.094 6.540 7.002 7.480 7.972 8.480 9.003 9.542 10.096 10.665 11.249 11.019 10.768 10.499 10.214 9.912 9.594 9.258 8.906 8.536 8.150 7.753 7.373 7.192 7.004 6.809 6.606 6.396
4.782 5.013 5.238 5.457 5.670 5.877 6.079 6.275 6.465 6.669 6.913 7.196 7.518 7.878 8.278 8.716 9.193 9.709 10.263 10.857 11.463 11.343 10.930 10.492 10.030 9.542 9.030 8.493 7.931 7.344 6.733 6.097 5.435 5.326 5.369 5.401 5.422 5.433 5.433 5.422 5.400 5.368 5.325 5.271 5.207 5.598 6.097 6.612 7.142 7.688 8.249 8.825 9.416 10.023 10.645 11.282 11.934 11.740 11.364 10.936 10.516 10.105 9.703 9.309 8.925 8.549 8.181 7.823 7.473 7.251 7.030 6.802 6.567 6.325
5.123 5.333 5.538 5.737 5.930 6.117 6.298 6.474 6.644 6.924 7.303 7.722 8.179 8.674 9.209 9.783 10.395 11.046 11.736 12.464 13.206 13.198 12.674 12.125 11.552 10.953 10.330 9.682 9.009 8.312 7.589 6.842 6.070 5.802 5.797 5.781 5.754 5.717 5.669 5.611 5.541 5.461 5.370 5.269 5.157 5.517 6.085 6.668 7.266 7.874 8.468 9.045 9.604 10.147 10.673 11.182 11.674 11.475 11.077 10.687 10.306 9.934 9.571 9.216 8.870 8.533 8.204 7.884 7.573 7.316 7.063 6.803 6.536 6.261
5.469 5.659 5.843 6.022 6.195 6.362 6.523 6.679 6.828 7.142 7.657 8.211 8.803 9.434 10.104 10.813 11.560 12.346 13.171 14.034 14.912 15.079 14.444 13.784 13.100 12.390 11.656 10.897 10.114 9.305 8.472 7.614 6.732 6.288 6.236 6.172 6.098 6.013 5.917 5.811 5.724 5.657 5.582 5.499 5.407 5.723 6.309 6.878 7.430 7.966 8.484 8.985 9.470 9.937 10.388 10.822 11.238 11.140 10.781 10.430 10.088 9.754 9.430 9.114 8.806 8.508 8.218 7.937 7.665 7.389 7.104 6.811 6.512 6.204
5.819 5.989 6.153 6.312 6.465 6.612 6.753 6.888 7.018 7.325 7.975 8.664 9.391 10.157 10.962 11.806 12.688 13.609 14.569 15.567 16.581 16.985 16.239 15.468 14.673 13.853 13.008 12.139 11.244 10.325 9.381 8.413 7.468 6.916 6.871 6.817 6.755 6.685 6.606 6.518 6.423 6.318 6.206 6.084 5.955 6.132 6.643 7.137 7.614 8.074 8.518 8.944 9.353 9.745 10.121 10.479 10.821 10.797 10.476 10.164 9.861 9.566 9.280 9.003 8.734 8.475 8.223 7.981 7.747 7.469 7.152 6.827 6.495 6.155
6.175 6.324 6.469 6.607 6.739 6.866 6.987 7.103 7.212 7.472 8.257 9.081 9.943 10.844 11.784 12.763 13.780 14.836 15.930 17.064 18.213 18.916 17.894 16.769 15.684 14.639 13.633 12.666 11.740 10.853 10.005 9.198 8.429 7.887 7.804 7.713 7.613 7.505 7.388 7.263 7.129 6.988 6.837 6.679 6.511 6.559 6.995 7.414 7.816 8.201 8.569 8.920 9.254 9.571 9.872 10.155 10.422 10.446 10.164 9.890 9.625 9.369 9.122 8.883 8.654 8.432 8.220 8.016 7.821 7.557 7.207 6.849 6.485 6.113
6.535 6.665 6.789 6.907 7.019 7.126 7.227 7.322 7.411 7.582 8.503 9.461 10.459 11.495 12.556 13.448 14.309 15.140 15.939 16.707 17.464 18.037 17.049 16.101 15.192 14.323 13.493 12.703 11.952 11.241 10.570 9.938 9.346 8.865 8.745 8.616 8.478 8.332 8.178 8.016 7.845 7.665 7.477 7.281 7.076 7.004 7.364 7.708 8.035 8.345 8.637 8.913 9.173 9.415 9.640 9.849 10.040 10.086 9.842 9.607 9.381 9.164 8.955 8.755 8.564 8.382 8.208 8.043 7.886 7.651 7.269 6.879 6.483 6.079
6.900 7.010 7.114 7.212 7.304 7.391 7.471 7.546 7.612 7.666 8.585 9.494 10.371 11.218 12.034 12.818 13.572 14.295 14.987 15.648 16.297 16.939 16.162 15.389 14.656 13.963 13.309 12.695 12.121 11.586 11.090 10.635 10.218 9.851 9.693 9.527 9.352 9.168 8.977 8.776 8.568 8.351 8.125 7.892 7.649 7.465 7.751 8.019 8.271 8.506 8.724 8.925 9.109 9.276 9.426 9.560 9.676 9.717 9.512 9.316 9.129 8.950 8.780 8.619 8.466 8.322 8.187 8.060 7.943 7.753 7.338 6.916 6.487 6.051
7.275 7.378 7.470 7.552 7.623 7.683 7.733 7.771 7.799 7.816 8.521 9.323 10.093 10.832 11.540 12.217 12.864 13.479 14.064 14.618 15.159 15.692 15.231 14.634 14.077 13.560 13.082 12.644 12.245 11.886 11.566 11.286 11.046 10.845 10.650 10.446 10.233 10.012 9.783 9.545 9.299 9.045 8.782 8.510 8.231 7.944 8.155 8.348 8.525 8.685 8.828 8.954 9.063 9.155 9.231 9.289 9.331 9.341 9.174 9.017 8.868 8.728 8.596 8.474 8.360 8.254 8.157 8.070 7.990 7.861 7.415 6.961 6.499 6.031
7.772 7.837 7.892 7.936 7.970 7.993 8.004 8.006 7.996 7.976 8.486 9.179 9.842 10.474 11.075 11.645 12.184 12.693 13.170 13.617 14.050 14.475 14.257 13.836 13.455 13.113 12.811 12.549 12.326 12.142 11.998 11.894 11.829 11.803 11.614 11.373 11.123 10.864 10.597 10.322 10.039 9.747 9.446 9.137 8.820 8.494 8.576 8.694 8.796 8.881 8.949 9.000 9.034 9.052 9.052 9.036 9.003 8.953 8.828 8.709 8.598 8.497 8.404 8.320 8.244 8.177 8.119 8.070 8.027 7.946 7.471 7.011 6.565 6.133
8.278 8.306 8.324 8.330 8.326 8.312 8.286 8.250 8.203 8.145 8.478 9.065 9.620 10.145 10.638 11.101 11.533 11.934 12.305 12.644 12.970 13.286 13.239 12.995 12.789 12.623 12.497 12.410 12.363 12.355 12.386 12.457 12.568 12.718 12.587 12.308 12.020 11.724 11.420 11.107 10.786 10.457 10.119 9.772 9.418 9.055 9.014 9.058 9.085 9.095 9.088 9.064 9.024 8.966 8.892 8.801 8.693 8.568 8.473 8.462 8.534 8.576 8.589 8.572 8.525 8.449 8.342 8.206 8.041 7.845 7.447 7.051 6.668 6.300
8.794 8.785 8.765 8.734 8.692 8.640 8.577 8.503 8.419 8.324 8.499 8.978 9.426 9.844 10.230 10.586 10.911 11.205 11.468 11.701 11.919 12.127 12.179 12.110 12.080 12.090 12.139 12.228 12.356 12.523 12.730 12.976 13.262 13.587 13.567 13.251 12.926 12.592 12.251 11.900 11.542 11.175 10.800 10.416 10.024 9.623 9.470 9.439 9.391 9.326 9.262 9.240 9.245 9.278 9.338 9.426 9.541 9.684 9.723 9.692 9.633 9.543 9.424 9.275 9.096 8.887 8.649 8.381 8.083 7.756 7.410 7.076 6.757 6.453
9.319 9.272 9.215 9.147 9.068 8.978 8.878 8.767 8.645 8.512 8.547 8.919 9.260 9.571 9.850 10.099 10.317 10.504 10.660 10.786 10.896 10.996 11.076 11.183 11.328 11.513 11.738 12.002 12.305 12.648 13.030 13.451 13.912 14.413 14.556 14.202 13.839 13.468 13.089 12.702 12.306 11.896 11.457 10.990 10.494 9.969 9.697 9.687 9.704 9.749 9.821 9.921 10.048 10.202 10.384 10.593 10.829 11.093 11.114 10.952 10.760 10.539 10.288 10.007 9.696 9.356 8.985 8.586 8.156 7.697 7.358 7.088 6.832 6.591
9.854 9.769 9.675 9.569 9.453 9.326 9.188 9.039 8.880 8.710 8.624 8.889 9.123 9.326 9.499 9.641 9.752 9.832 9.881 9.900 9.903 9.895 9.930 10.212 10.533 10.893 11.293 11.732 12.210 12.728 13.286 13.882 14.547 15.287 15.692 15.325 14.930 14.507 14.055 13.575 13.066 12.529 11.964 11.370 10.748 10.098 9.741 9.852 9.991 10.157 10.351 10.572 10.820 11.096 11.399 11.729 12.087 12.473 12.535 12.241 11.917 11.564 11.181 10.768 10.325 9.853 9.351 8.820 8.258 7.667 7.292 7.085 6.893 6.715
10.398 10.276 10.144 10.001 9.847 9.683 9.508 9.322 9.125 8.918 8.729 8.887 9.014 9.110 9.176 9.211 9.215 9.188 9.131 9.043 8.938 8.823 8.742 9.255 9.887 10.543 11.222 11.924 12.651 13.401 14.175 14.972 15.793 16.638 17.237 16.744 16.223 15.673 15.096 14.489 13.855 13.192 12.500 11.781 11.032 10.256 9.756 9.989 10.249 10.536 10.851 11.193 11.563 11.960 12.385 12.836 13.316 13.822 13.984 13.558 13.102 12.617 12.102 11.558 10.984 10.380 9.746 9.083 8.390 7.667 7.212 7.069 6.940 6.825
10.951 10.792 10.622 10.442 10.251 10.049 9.837 9.614 9.380 9.135 8.880 8.912 8.933 8.922 8.881 8.815 8.783 8.762 8.755 8.760 8.775 8.798 8.831 9.528 10.265 11.026 11.810 12.618 13.449 14.304 15.183 16.085 17.011 17.961 18.812 18.193 17.545 16.870 16.166 15.433 14.673 13.884 13.066 12.221 11.347 10.444 9.741 10.095 10.477 10.886 11.322 11.786 12.277 12.795 13.340 13.913 14.514 15.142 15.461 14.904 14.317 13.700 13.053 12.377 11.671 10.936 10.171 9.376 8.551 7.697 7.118 7.038 6.972 6.921
11.513 11.317 11.110 10.892 10.664 10.425 10.175 9.915 9.625 9.270 8.929 8.826 8.787 8.760 8.746 8.744 8.755 8.778 8.813 8.861 8.920 8.987 9.064 9.774 10.616 11.482 12.371 13.284 14.220 15.180 16.164 17.171 18.201 19.256 20.334 19.670 18.897 18.095 17.265 16.407 15.520 14.606 13.662 12.691 11.691 10.663 9.698 10.173 10.676 11.206 11.764 12.348 12.961 13.600 14.267 14.961 15.682 16.431 16.968 16.279 15.560 14.811 14.033 13.226 12.388 11.521 10.625 9.698 8.742 7.757 7.010 6.993 6.991 7.003
12.085 11.799 11.395 11.004 10.627 10.265 9.916 9.582 9.262 8.956 8.664 8.570 8.574 8.590 8.620 8.661 8.715 8.782 8.861 8.952 9.054 9.165 9.286 9.993 10.940 11.911 12.905 13.922 14.963 16.028 17.117 18.229 19.364 20.523 21.706 21.177 20.277 19.350 18.394 17.410 16.398 15.357 14.288 13.191 12.065 10.911 9.729 10.222 10.846 11.497 12.176 12.882 13.615 14.375 15.163 15.978 16.821 17.691 18.503 17.682 16.832 15.952 15.042 14.103 13.134 12.136 11.108 10.050 8.963 7.846 6.888 6.934 6.995 7.070
11.450 11.080 10.725 10.383 10.055 9.742 9.442 9.157 8.886 8.628 8.385 8.302 8.350 8.410 8.482 8.567 8.665 8.774 8.897 9.031 9.177 9.332 9.496 10.185 11.237 12.312 13.411 14.534 15.680 16.849 18.042 19.259 20.499 21.763 23.051 22.712 21.687 20.634 19.552 18.442 17.304 16.138 14.943 13.720 12.469 11.190 9.882 10.242 10.987 11.759 12.559 13.386 14.240 15.121 16.030 16.966 17.930 18.920 19.938 19.114 18.132 17.121 16.080 15.010 13.909 12.780 11.620 10.431 9.213 7.965 6.739 6.808 6.884 6.966
10.670 10.349 10.042 9.750 9.471 9.206 8.956 8.719 8.497 8.289 8.095 8.024 8.115 8.218 8.334 8.462 8.603 8.756 8.921 9.099 9.288 9.487 9.695 10.350 11.507 12.687 13.890 15.118 16.368 17.643 18.940 20.262 21.607 22.975 24.367 24.277 23.126 21.947 20.740 19.504 18.241 16.949 15.628 14.280 12.903 11.498 10.065 10.233 11.099 11.992 12.913 13.860 14.836 15.838 16.868 17.925 19.009 20.120 21.259 20.575 19.462 18.212 16.765 15.350 13.968 12.620 11.304 10.020 8.770 7.552 6.368 6.383 6.487 6.596
9.878 9.606 9.348 9.104 8.875 8.659 8.457 8.270 8.096 7.937 7.791 7.735 7.869 8.015 8.174 8.346 8.530 8.726 8.935 9.156 9.389 9.631 9.883 10.488 11.750 13.034 14.343 15.675 17.030 18.409 19.811 21.237 22.687 24.160 25.656 25.871 24.594 23.290 21.957 20.596 19.206 17.789 16.343 14.869 13.367 11.836 10.278 10.194 11.181 12.196 13.237 14.306 15.418 16.502 17.467 18.313 19.040 19.648 20.138 19.273 17.905 16.570 15.267 13.998 12.761 11.557 10.386 9.247 8.142 7.069 6.029 5.953 6.083 6.220
9.074 8.851 8.642 8.447 8.266 8.099 7.946 7.808 7.683 7.572 7.476 7.434 7.612 7.801 8.004 8.218 8.445 8.685 8.937 9.201 9.477 9.763 10.059 10.600 11.966 13.355 14.768 16.204 17.664 19.148 20.655 22.185 23.739 25.317 26.918 27.493 26.091 24.661 23.203 21.716 20.201 18.658 17.087 15.669 14.653 13.478 12.143 11.953 13.106 14.139 15.054 15.850 16.528 17.086 17.526 17.847 18.049 18.133 18.098 17.310 16.087 14.896 13.739 12.614 11.522 10.463 9.436 8.442 7.481 6.553 5.658 5.517 5.675 5.839
