DATA/SHG/ECMWF/20170628/EN-27/20170711.en-27.asc
ncols        190
nrows        64
xllcorner    -5100000.000000000000
yllcorner    4130000.000000000000
cellsize     10000.000000000000
NODATA_value  -99999.000
[rows 0 to 32 of 64, columns 0 to 73 of 190]
0.872 0.962 1.048 1.129 1.206 1.278 1.346 1.410 1.470 1.534 1.591 1.634 1.665 1.684 1.690 1.684 1.665 1.634 1.591 1.656 1.764 1.807 1.813 1.813 1.808 1.798 1.781 1.760 1.732 1.700 1.661 1.617 1.568 1.630 1.773 1.924 2.083 2.250 2.425 2.608 2.799 2.998 3.205 3.420 3.643 3.837 3.989 4.125 4.245 4.349 4.438 4.510 4.567 4.609 4.634 4.644 4.638 4.725 4.936 5.144 5.350 5.554 5.755 5.954 6.151 6.345 6.537 6.726 6.913 6.972 6.818 6.652 6.476 6.288
0.731 0.805 0.875 0.941 1.003 1.060 1.113 1.162 1.206 1.236 1.248 1.248 1.327 1.415 1.508 1.608 1.714 1.826 1.943 2.067 2.196 2.254 2.240 2.221 2.196 2.166 2.130 2.088 2.042 1.989 1.931 1.868 1.799 1.837 2.008 2.187 2.374 2.569 2.772 2.983 3.202 3.429 3.664 3.907 4.158 4.357 4.453 4.533 4.598 4.647 4.680 4.697 4.699 4.684 4.654 4.609 4.547 4.562 4.764 4.965 5.162 5.358 5.551 5.741 5.930 6.116 6.299 6.480 6.659 6.745 6.552 6.347 6.132 5.905
0.594 0.653 0.708 0.759 0.814 0.905 0.999 1.096 1.197 1.293 1.384 1.481 1.583 1.692 1.807 1.928 2.055 2.187 2.326 2.471 2.622 2.705 2.672 2.633 2.589 2.539 2.483 2.423 2.356 2.284 2.207 2.124 2.036 2.035 2.234 2.441 2.656 2.880 3.111 3.350 3.597 3.852 4.115 4.386 4.665 4.892 4.932 4.957 4.966 4.960 4.937 4.899 4.845 4.776 4.690 4.589 4.472 4.401 4.596 4.787 4.977 5.164 5.349 5.531 5.711 5.889 6.064 6.237 6.449 6.612 6.436 6.260 6.083 5.905
0.557 0.646 0.739 0.835 0.934 1.037 1.143 1.252 1.366 1.479 1.591 1.709 1.833 1.963 2.099 2.241 2.389 2.542 2.702 2.868 3.040 3.162 3.109 3.050 2.987 2.917 2.842 2.762 2.676 2.585 2.488 2.385 2.277 2.224 2.451 2.687 2.930 3.181 3.441 3.708 3.983 4.266 4.557 4.856 5.163 5.442 5.427 5.396 5.350 5.288 5.210 5.116 5.007 4.882 4.741 4.585 4.413 4.243 4.429 4.613 4.799 5.043 5.278 5.505 5.724 5.935 6.138 6.333 6.520 6.698 6.525 6.346 6.165 5.983
0.625 0.726 0.831 0.939 1.050 1.165 1.283 1.405 1.530 1.659 1.792 1.931 2.076 2.227 2.384 2.547 2.715 2.890 3.071 3.258 3.451 3.623 3.551 3.473 3.390 3.301 3.206 3.107 3.001 2.890 2.774 2.652 2.524 2.405 2.660 2.924 3.195 3.474 3.762 4.057 4.360 4.671 4.990 5.317 5.652 5.995 5.936 5.850 5.748 5.631 5.498 5.349 5.184 5.005 4.835 4.684 4.553 4.442 4.650 4.882 5.105 5.320 5.526 5.725 5.916 6.099 6.273 6.440 6.598 6.749 6.615 6.432 6.248 6.063
0.688 0.802 0.918 1.038 1.162 1.289 1.419 1.553 1.691 1.831 1.986 2.146 2.312 2.484 2.662 2.846 3.035 3.231 3.433 3.641 3.855 4.074 3.998 3.901 3.798 3.690 3.576 3.456 3.332 3.201 3.065 2.924 2.777 2.625 2.861 3.152 3.451 3.759 4.074 4.397 4.728 5.068 5.415 5.770 6.133 6.504 6.412 6.173 5.955 5.755 5.575 5.415 5.275 5.153 5.052 4.970 4.907 4.864 5.020 5.222 5.417 5.604 5.782 5.953 6.115 6.270 6.416 6.554 6.684 6.806 6.706 6.519 6.332 6.143
0.748 0.873 1.002 1.134 1.270 1.409 1.552 1.698 1.847 2.000 2.173 2.354 2.541 2.734 2.933 3.138 3.349 3.565 3.788 4.017 4.252 4.492 4.451 4.334 4.212 4.084 3.950 3.812 3.667 3.517 3.362 3.201 3.035 2.863 3.052 3.372 3.699 4.035 4.378 4.714 5.019 5.298 5.549 5.774 5.972 6.143 6.061 5.891 5.741 5.610 5.499 5.407 5.335 5.282 5.249 5.235 5.241 5.267 5.396 5.571 5.737 5.895 6.046 6.188 6.322 6.448 6.566 6.676 6.778 6.872 6.798 6.607 6.416 6.224
0.804 0.941 1.082 1.227 1.374 1.526 1.680 1.838 2.000 2.165 2.353 2.555 2.763 2.977 3.197 3.423 3.655 3.893 4.136 4.386 4.642 4.903 4.909 4.772 4.630 4.483 4.330 4.172 4.008 3.839 3.664 3.484 3.342 3.228 3.409 3.755 4.073 4.365 4.630 4.867 5.078 5.262 5.420 5.550 5.653 5.730 5.691 5.590 5.508 5.446 5.403 5.380 5.376 5.392 5.427 5.482 5.556 5.650 5.780 5.926 6.064 6.194 6.316 6.430 6.536 6.634 6.724 6.806 6.879 6.945 6.890 6.696 6.502 6.306
0.855 1.005 1.158 1.315 1.474 1.638 1.805 1.975 2.148 2.325 2.526 2.749 2.979 3.214 3.455 3.701 3.954 4.213 4.478 4.748 5.025 5.308 5.372 5.216 5.054 4.872 4.704 4.552 4.414 4.293 4.187 4.097 4.022 3.963 4.062 4.313 4.537 4.734 4.904 5.048 5.164 5.254 5.317 5.353 5.362 5.344 5.302 5.270 5.256 5.262 5.288 5.333 5.398 5.482 5.586 5.709 5.851 6.013 6.171 6.289 6.399 6.501 6.594 6.680 6.758 6.827 6.889 6.942 6.988 7.025 6.983 6.786 6.588 6.389
0.903 1.065 1.230 1.399 1.571 1.746 1.925 2.107 2.293 2.482 2.693 2.937 3.187 3.443 3.705 3.973 4.247 4.522 4.769 5.013 5.256 5.496 5.586 5.426 5.281 5.152 5.039 4.941 4.859 4.792 4.741 4.705 4.685 4.680 4.742 4.898 5.027 5.130 5.206 5.255 5.277 5.273 5.241 5.183 5.098 4.986 4.895 4.930 4.985 5.060 5.154 5.268 5.400 5.553 5.725 5.916 6.127 6.357 6.569 6.659 6.741 6.814 6.880 6.937 6.987 7.028 7.061 7.087 7.104 7.113 7.078 6.877 6.675 6.473
0.947 1.121 1.298 1.479 1.663 1.851 2.041 2.236 2.433 2.634 2.851 3.105 3.357 3.607 3.854 4.100 4.343 4.585 4.824 5.061 5.296 5.529 5.686 5.580 5.490 5.416 5.357 5.314 5.286 5.274 5.277 5.296 5.331 5.381 5.447 5.509 5.545 5.553 5.535 5.490 5.418 5.319 5.193 5.041 4.862 4.656 4.468 4.572 4.696 4.838 5.001 5.183 5.384 5.604 5.845 6.104 6.383 6.681 6.975 7.036 7.090 7.135 7.172 7.202 7.223 7.236 7.241 7.239 7.228 7.209 7.173 6.968 6.763 6.557
0.987 1.173 1.363 1.552 1.741 1.935 2.132 2.334 2.540 2.750 2.967 3.214 3.458 3.701 3.941 4.179 4.415 4.649 4.881 5.111 5.338 5.564 5.768 5.718 5.682 5.663 5.658 5.670 5.697 5.739 5.797 5.870 5.959 6.064 6.180 6.147 6.088 6.003 5.890 5.751 5.585 5.392 5.172 4.926 4.652 4.352 4.026 4.195 4.387 4.598 4.828 5.078 5.348 5.637 5.945 6.273 6.620 6.986 7.372 7.421 7.446 7.463 7.472 7.474 7.467 7.452 7.429 7.368 7.275 7.170 7.053 6.814 6.571 6.333
0.985 1.176 1.372 1.572 1.776 1.984 2.196 2.413 2.633 2.857 3.086 3.325 3.562 3.797 4.030 4.261 4.489 4.716 4.940 5.163 5.383 5.601 5.817 5.838 5.858 5.893 5.943 6.009 6.090 6.187 6.300 6.428 6.571 6.730 6.905 6.812 6.659 6.479 6.272 6.039 5.779 5.492 5.178 4.838 4.471 4.077 3.656 3.799 4.059 4.338 4.637 4.955 5.293 5.650 6.026 6.422 6.837 7.272 7.726 7.813 7.783 7.731 7.668 7.592 7.505 7.406 7.295 7.172 7.037 6.891 6.732 6.518 6.295 6.078
0.957 1.163 1.373 1.588 1.806 2.029 2.256 2.486 2.721 2.960 3.203 3.438 3.667 3.895 4.121 4.344 4.565 4.785 5.002 5.217 5.430 5.641 5.850 5.943 6.017 6.106 6.211 6.331 6.467 6.619 6.786 6.968 7.166 7.380 7.609 7.503 7.256 6.982 6.681 6.354 6.000 5.619 5.211 4.777 4.316 3.828 3.314 3.384 3.712 4.060 4.427 4.813 5.219 5.665 6.115 6.561 7.004 7.444 7.881 7.970 7.888 7.795 7.690 7.573 7.444 7.304 7.151 6.987 6.811 6.623 6.423 6.216 6.014 5.818
0.925 1.145 1.370 1.599 1.832 2.069 2.310 2.555 2.805 3.058 3.316 3.552 3.775 3.995 4.213 4.429 4.643 4.855 5.065 5.273 5.479 5.682 5.884 6.031 6.159 6.303 6.462 6.637 6.828 7.034 7.255 7.492 7.744 8.012 8.295 8.221 7.879 7.511 7.117 6.696 6.248 5.773 5.271 4.743 4.188 3.607 3.090 3.139 3.596 4.051 4.502 4.950 5.394 5.836 6.275 6.710 7.143 7.572 7.998 8.128 8.005 7.870 7.724 7.565 7.395 7.213 7.019 6.814 6.596 6.367 6.126 5.909 5.728 5.553
0.888 1.123 1.362 1.606 1.853 2.105 2.360 2.620 2.884 3.152 3.424 3.669 3.884 4.097 4.308 4.517 4.724 4.928 5.131 5.331 5.530 5.726 5.920 6.102 6.285 6.483 6.697 6.927 7.171 7.432 7.707 7.998 8.305 8.627 8.965 8.965 8.529 8.068 7.568 7.002 6.449 5.912 5.388 4.879 4.385 3.905 3.439 3.377 3.824 4.267 4.708 5.145 5.579 6.010 6.438 6.862 7.284 7.703 8.118 8.297 8.133 7.956 7.769 7.569 7.357 7.134 6.899 6.652 6.393 6.122 5.840 5.597 5.437 5.282
0.847 1.096 1.350 1.608 1.870 2.136 2.406 2.680 2.958 3.240 3.527 3.788 3.996 4.201 4.405 4.607 4.806 5.003 5.198 5.392 5.583 5.771 5.958 6.157 6.395 6.647 6.915 7.199 7.498 7.813 8.143 8.452 8.685 8.918 9.152 9.134 8.575 8.030 7.499 6.983 6.481 5.994 5.521 5.062 4.618 4.189 3.774 3.618 4.054 4.487 4.916 5.342 5.766 6.186 6.603 7.017 7.428 7.836 8.240 8.477 8.272 8.054 7.825 7.584 7.331 7.066 6.790 6.502 6.201 5.890 5.566 5.281 5.141 5.006
0.801 1.065 1.333 1.605 1.882 2.162 2.447 2.735 3.028 3.325 3.625 3.909 4.109 4.308 4.504 4.698 4.890 5.080 5.268 5.454 5.638 5.819 5.999 6.196 6.457 6.687 6.919 7.151 7.383 7.616 7.850 8.084 8.319 8.555 8.791 8.899 8.390 7.896 7.415 6.950 6.498 6.061 5.639 5.231 4.837 4.458 4.093 3.862 4.287 4.709 5.127 5.543 5.955 6.365 6.771 7.174 7.575 7.972 8.366 8.669 8.422 8.163 7.893 7.610 7.316 7.010 6.692 6.363 6.021 5.668 5.303 4.959 4.839 4.726
0.751 1.029 1.312 1.598 1.889 2.184 2.483 2.786 3.093 3.404 3.719 4.032 4.225 4.416 4.605 4.792 4.977 5.117 5.233 5.351 5.470 5.591 5.712 5.840 6.072 6.305 6.539 6.773 7.008 7.243 7.479 7.716 7.953 8.191 8.430 8.650 8.191 7.747 7.317 6.902 6.501 6.114 5.742 5.385 5.041 4.712 4.398 4.108 4.522 4.933 5.341 5.746 6.148 6.546 6.942 7.335 7.724 8.110 8.493 8.872 8.584 8.284 7.972 7.648 7.313 6.965 6.606 6.236 5.853 5.459 5.053 4.635 4.533 4.440
0.696 0.989 1.286 1.587 1.892 2.201 2.515 2.832 3.153 3.479 3.755 4.004 4.130 4.244 4.360 4.478 4.596 4.716 4.837 4.960 5.084 5.209 5.336 5.464 5.687 5.923 6.159 6.395 6.632 6.870 7.109 7.348 7.587 7.828 8.069 8.310 7.978 7.584 7.205 6.840 6.489 6.153 5.831 5.524 5.231 4.952 4.688 4.438 4.760 5.161 5.558 5.952 6.343 6.731 7.116 7.497 7.876 8.252 8.624 8.993 8.757 8.415 8.062 7.697 7.321 6.932 6.532 6.120 5.696 5.261 4.813 4.354 4.221 4.149
0.637 0.944 1.255 1.582 1.892 2.184 2.459 2.716 2.956 3.179 3.384 3.572 3.704 3.824 3.945 4.067 4.190 4.315 4.441 4.568 4.697 4.827 4.959 5.092 5.302 5.540 5.778 6.017 6.257 6.497 6.738 6.979 7.221 7.464 7.707 7.951 7.751 7.407 7.078 6.763 6.463 6.177 5.905 5.648 5.405 5.177 4.963 4.763 5.001 5.390 5.777 6.160 6.541 6.918 7.292 7.663 8.031 8.396 8.757 9.116 8.941 8.558 8.164 7.758 7.340 6.910 6.469 6.044 5.675 5.325 4.993 4.680 4.643 4.705
0.807 1.108 1.391 1.657 1.906 2.137 2.351 2.547 2.726 2.888 3.032 3.158 3.278 3.402 3.528 3.655 3.783 3.913 4.044 4.176 4.309 4.444 4.581 4.718 4.917 5.157 5.398 5.639 5.881 6.123 6.367 6.610 6.855 7.100 7.345 7.592 7.509 7.216 6.937 6.672 6.422 6.187 5.965 5.758 5.565 5.387 5.223 5.074 5.244 5.623 5.999 6.371 6.741 7.107 7.471 7.831 8.188 8.542 8.893 9.241 9.119 8.684 8.268 7.870 7.491 7.131 6.790 6.467 6.163 5.877 5.611 5.363 5.301 5.358
1.085 1.324 1.547 1.752 1.939 2.109 2.262 2.397 2.515 2.616 2.699 2.765 2.851 2.980 3.110 3.242 3.375 3.510 3.645 3.782 3.921 4.060 4.201 4.344 4.532 4.774 5.017 5.261 5.505 5.750 5.995 6.241 6.488 6.735 6.983 7.232 7.253 7.010 6.781 6.567 6.367 6.182 6.010 5.853 5.711 5.583 5.469 5.370 5.490 5.858 6.223 6.585 6.944 7.258 7.549 7.844 8.144 8.448 8.757 9.070 9.067 8.697 8.346 8.014 7.700 7.405 7.128 6.871 6.632 6.412 6.210 6.027 5.960 6.012
1.381 1.559 1.721 1.864 1.991 2.100 2.192 2.266 2.323 2.363 2.385 2.390 2.423 2.557 2.692 2.829 2.966 3.106 3.246 3.388 3.531 3.676 3.821 3.969 4.146 4.391 4.636 4.882 5.129 5.376 5.624 5.872 6.121 6.371 6.621 6.872 6.983 6.790 6.611 6.447 6.298 6.162 6.041 5.934 5.842 5.764 5.645 5.507 5.500 5.785 6.074 6.367 6.665 6.967 7.274 7.585 7.900 8.220 8.544 8.873 8.997 8.693 8.406 8.139 7.890 7.660 7.449 7.257 7.083 6.927 6.791 6.673 6.619 6.666
1.696 1.813 1.913 1.996 2.062 2.110 2.141 2.154 2.150 2.129 2.091 2.035 1.994 2.133 2.273 2.414 2.557 2.701 2.846 2.993 3.141 3.290 3.440 3.592 3.760 4.007 4.255 4.503 4.752 5.002 5.252 5.503 5.754 6.006 6.259 6.512 6.698 6.555 6.427 6.301 6.171 6.039 5.905 5.768 5.629 5.488 5.344 5.198 5.127 5.428 5.732 6.041 6.354 6.672 6.994 7.321 7.652 7.987 8.327 8.671 8.909 8.670 8.449 8.247 8.063 7.898 7.752 7.624 7.515 7.425 7.353 7.300 7.279 7.321
2.032 2.086 2.125 2.147 2.152 2.139 2.109 2.061 1.997 1.915 1.815 1.699 1.565 1.708 1.853 1.999 2.146 2.295 2.445 2.596 2.749 2.903 3.059 3.215 3.374 3.624 3.874 4.124 4.376 4.627 4.880 5.134 5.425 5.704 5.971 6.226 6.460 6.329 6.196 6.061 5.923 5.783 5.640 5.495 5.348 5.198 5.046 4.891 4.751 5.067 5.387 5.711 6.040 6.373 6.711 7.053 7.400 7.751 8.106 8.466 8.804 8.629 8.473 8.336 8.217 8.117 8.036 7.973 7.929 7.904 7.897 7.909 7.939 7.976
2.415 2.377 2.355 2.316 2.260 2.187 2.096 1.988 1.862 1.719 1.559 1.382 1.187 1.282 1.432 1.582 1.735 1.888 2.043 2.199 2.357 2.516 2.676 2.837 3.015 3.335 3.656 3.965 4.262 4.547 4.820 5.081 5.331 5.568 5.793 6.007 6.208 6.109 5.968 5.824 5.678 5.529 5.378 5.225 5.069 4.911 4.750 4.587 4.422 4.702 5.037 5.377 5.722 6.071 6.424 6.782 7.144 7.510 7.881 8.256 8.636 8.570 8.479 8.407 8.353 8.318 8.302 8.304 8.325 8.364 8.422 8.499 8.595 8.631
2.811 2.687 2.604 2.505 2.388 2.253 2.102 1.933 1.747 1.543 1.322 1.084 0.828 0.855 1.010 1.165 1.322 1.537 1.859 2.158 2.432 2.683 2.910 3.112 3.291 3.545 3.824 4.092 4.347 4.590 4.822 5.041 5.249 5.445 5.629 5.800 5.961 5.892 5.742 5.590 5.435 5.278 5.119 4.957 4.793 4.627 4.458 4.287 4.113 4.333 4.684 5.040 5.399 5.764 6.133 6.506 6.883 7.265 7.652 8.042 8.437 8.494 8.468 8.460 8.472 8.501 8.550 8.617 8.702 8.807 8.930 9.071 9.231 9.287
3.219 3.015 2.872 2.711 2.534 2.339 2.126 1.897 1.650 1.386 1.226 1.175 1.088 1.230 1.565 1.875 2.162 2.424 2.663 2.877 3.068 3.235 3.378 3.497 3.592 3.767 4.004 4.230 4.444 4.646 4.836 5.014 5.180 5.334 5.476 5.607 5.725 5.677 5.519 5.358 5.196 5.030 4.863 4.693 4.520 4.345 4.168 3.989 3.807 3.960 4.327 4.698 5.073 5.453 5.837 6.226 6.619 7.016 7.418 7.824 8.235 8.400 8.438 8.496 8.572 8.666 8.780 8.911 9.062 9.231 9.419 9.625 9.850 9.944
3.639 3.362 3.158 3.143 3.217 3.256 3.258 3.224 3.155 3.049 2.908 2.730 2.516 2.477 2.728 2.954 3.157 3.336 3.491 3.622 3.729 3.812 3.871 3.907 3.918 4.001 4.197 4.381 4.553 4.713 4.862 4.998 5.123 5.235 5.336 5.425 5.502 5.465 5.299 5.130 4.959 4.785 4.609 4.431 4.250 4.067 3.881 3.693 3.503 3.583 3.965 4.352 4.743 5.138 5.538 5.942 6.350 6.763 7.181 7.602 8.028 8.287 8.391 8.513 8.654 8.813 8.991 9.188 9.347 9.415 9.471 9.516 9.550 9.478
5.683 5.742 5.762 5.746 5.694 5.606 5.482 5.322 5.126 4.894 4.626 4.322 3.982 3.748 3.914 4.057 4.176 4.271 4.343 4.390 4.413 4.413 4.389 4.341 4.269 4.247 4.401 4.544 4.674 4.793 4.900 4.995 5.078 5.149 5.208 5.256 5.291 5.256 5.081 4.904 4.724 4.543 4.358 4.172 3.983 3.791 3.597 3.401 3.203 3.202 3.600 4.002 4.408 4.819 5.234 5.654 6.078 6.506 6.939 7.376 7.818 8.139 8.248 8.345 8.430 8.505 8.567 8.618 8.658 8.686 8.703 8.708 8.702 8.647
8.503 8.634 8.528 8.385 8.206 7.992 7.742 7.455 7.133 6.775 6.380 5.950 5.484 5.042 5.125 5.184 5.220 5.231 5.219 5.183 5.123 5.039 4.931 4.799 4.644 4.505 4.618 4.719 4.808 4.885 4.950 5.004 5.046 5.075 5.093 5.099 5.093 5.049 4.866 4.681 4.493 4.303 4.110 3.915 3.718 3.518 3.316 3.112 2.905 2.817 3.231 3.648 4.070 4.496 5.080 5.709 6.254 6.718 7.099 7.397 7.614 7.741 7.810 7.867 7.913 7.947 7.970 7.982 7.981 7.970 7.947 7.912 7.866 7.806
11.294 11.521 11.329 11.060 10.755 10.414 10.038 9.625 9.177 8.692 8.172 7.615 7.023 6.395 6.360 6.336 6.287 6.215 6.119 6.000 5.856 5.689 5.497 5.282 5.043 4.781 4.846 4.906 4.953 4.989 5.013 5.025 5.025 5.014 4.990 4.955 4.907 4.846 4.654 4.461 4.264 4.066 3.865 3.662 3.456 3.248 3.038 3.191 3.469 3.733 4.487 5.157 5.746 6.252 6.675 7.017 7.276 7.452 7.546 7.558 7.487 7.355 7.384 7.401 7.407 7.402 7.385 7.356 7.316 7.265 7.202 7.128 7.042 6.954
