DATA/SHG/ECMWF/20170628/EN-27/20170703.en-27.asc
ncols        190
nrows        64
xllcorner    -5100000.000000000000
yllcorner    4130000.000000000000
cellsize     10000.000000000000
NODATA_value  -99999.000
[rows 0 to 31 of 64, columns 0 to 72 of 190]
1.653 1.827 2.004 2.183 2.365 2.549 2.736 2.926 3.118 3.461 3.854 4.251 4.653 5.058 5.468 5.881 6.299 6.721 7.147 7.498 7.801 7.703 7.436 7.179 6.934 6.699 6.475 6.262 6.060 5.869 5.688 5.519 5.360 5.110 4.798 4.489 4.183 3.880 3.580 3.282 2.987 2.696 2.406 2.120 1.837 1.668 1.599 1.531 1.463 1.395 1.328 1.262 1.197 1.132 1.067 1.003 0.940 0.883 0.835 0.787 0.739 0.693 0.648 0.603 0.559 0.516 0.474 0.433 0.392 0.407 0.513 0.623 0.737
1.640 1.824 2.010 2.198 2.389 2.583 2.779 2.978 3.179 3.505 3.912 4.324 4.742 5.135 5.502 5.843 6.158 6.448 6.711 6.949 7.162 7.124 6.895 6.677 6.470 6.273 6.088 5.913 5.749 5.596 5.454 5.322 5.202 5.000 4.699 4.400 4.104 3.810 3.520 3.232 2.947 2.665 2.386 2.110 1.836 1.645 1.578 1.511 1.445 1.380 1.315 1.251 1.187 1.124 1.062 1.000 0.939 0.883 0.837 0.792 0.747 0.704 0.661 0.619 0.579 0.538 0.499 0.460 0.423 0.424 0.544 0.668 0.796
1.625 1.818 2.013 2.210 2.423 2.688 2.952 3.215 3.476 3.799 4.178 4.531 4.858 5.160 5.436 5.686 5.911 6.109 6.282 6.429 6.550 6.535 6.344 6.164 5.995 5.837 5.690 5.553 5.427 5.312 5.208 5.115 5.033 4.888 4.596 4.307 4.021 3.738 3.457 3.179 2.904 2.632 2.363 2.096 1.832 1.621 1.556 1.491 1.427 1.364 1.301 1.239 1.178 1.117 1.056 0.996 0.937 0.881 0.838 0.796 0.754 0.714 0.674 0.635 0.597 0.560 0.523 0.488 0.516 0.570 0.761 0.947 1.128
1.857 2.122 2.387 2.650 2.912 3.172 3.431 3.689 3.945 4.215 4.503 4.766 5.002 5.213 5.398 5.557 5.691 5.798 5.881 5.937 5.968 5.935 5.783 5.641 5.510 5.390 5.281 5.182 5.095 5.018 4.952 4.897 4.852 4.774 4.492 4.212 3.936 3.662 3.392 3.124 2.859 2.596 2.337 2.080 1.826 1.596 1.533 1.471 1.409 1.347 1.287 1.227 1.167 1.108 1.050 0.992 0.935 0.879 0.839 0.799 0.765 0.788 0.814 0.843 0.875 0.910 0.947 0.988 1.032 1.079 1.251 1.421 1.586
2.365 2.626 2.886 3.144 3.401 3.657 3.911 4.164 4.415 4.659 4.856 5.027 5.173 5.293 5.387 5.456 5.499 5.516 5.507 5.473 5.413 5.325 5.211 5.107 5.014 4.933 4.861 4.801 4.752 4.713 4.685 4.668 4.662 4.656 4.384 4.115 3.848 3.584 3.324 3.065 2.810 2.558 2.308 2.061 1.817 1.576 1.510 1.450 1.390 1.330 1.272 1.214 1.156 1.111 1.107 1.107 1.109 1.114 1.137 1.164 1.195 1.228 1.264 1.303 1.346 1.391 1.439 1.490 1.544 1.601 1.745 1.899 2.048
2.875 3.131 3.386 3.639 3.891 4.142 4.391 4.639 4.886 5.130 5.236 5.317 5.372 5.401 5.404 5.382 5.334 5.261 5.161 5.037 4.886 4.710 4.628 4.563 4.508 4.464 4.431 4.409 4.398 4.397 4.407 4.428 4.460 4.502 4.274 4.014 3.758 3.504 3.253 3.004 2.759 2.516 2.277 2.039 1.805 1.574 1.503 1.489 1.477 1.469 1.463 1.461 1.462 1.465 1.472 1.482 1.495 1.511 1.542 1.580 1.620 1.664 1.711 1.760 1.813 1.868 1.927 1.989 2.053 2.121 2.242 2.380 2.514
3.385 3.636 3.886 4.135 4.382 4.628 4.872 5.115 5.357 5.597 5.643 5.633 5.597 5.536 5.449 5.336 5.198 5.034 4.844 4.628 4.387 4.120 4.035 4.008 3.991 3.986 3.991 4.006 4.033 4.070 4.119 4.177 4.247 4.328 4.161 3.911 3.665 3.421 3.179 2.971 2.784 2.597 2.409 2.221 2.032 1.842 1.779 1.775 1.774 1.777 1.782 1.790 1.802 1.816 1.833 1.854 1.878 1.904 1.944 1.992 2.043 2.097 2.154 2.214 2.277 2.343 2.412 2.483 2.558 2.636 2.743 2.865 2.983
3.896 4.142 4.387 4.631 4.873 5.114 5.354 5.592 5.829 6.064 6.078 5.977 5.851 5.699 5.521 5.318 5.089 4.834 4.554 4.248 3.916 3.559 3.432 3.442 3.464 3.496 3.539 3.593 3.658 3.733 3.819 3.916 4.076 4.254 4.213 4.028 3.842 3.655 3.467 3.279 3.090 2.901 2.710 2.519 2.328 2.135 2.052 2.058 2.068 2.081 2.097 2.116 2.138 2.163 2.191 2.222 2.257 2.294 2.342 2.400 2.462 2.526 2.593 2.664 2.737 2.813 2.892 2.975 3.060 3.148 3.247 3.353 3.455
4.407 4.649 4.889 5.128 5.365 5.602 5.836 6.070 6.302 6.532 6.539 6.348 6.131 5.888 5.620 5.327 5.007 4.662 4.292 3.895 3.474 3.026 2.818 2.866 2.926 3.098 3.277 3.456 3.634 3.813 3.991 4.170 4.348 4.526 4.535 4.347 4.158 3.969 3.779 3.588 3.397 3.204 3.012 2.818 2.624 2.429 2.320 2.338 2.358 2.382 2.408 2.438 2.471 2.507 2.545 2.587 2.632 2.680 2.736 2.805 2.877 2.952 3.029 3.110 3.194 3.280 3.370 3.462 3.558 3.656 3.755 3.845 3.931
4.920 5.156 5.392 5.626 5.858 6.089 6.319 6.548 6.775 7.001 7.028 6.746 6.439 6.106 5.747 5.363 4.953 4.522 4.115 3.724 3.350 2.992 2.837 3.016 3.195 3.373 3.552 3.730 3.908 4.086 4.264 4.442 4.619 4.797 4.857 4.667 4.475 4.283 4.091 3.897 3.703 3.509 3.313 3.117 2.920 2.723 2.586 2.614 2.645 2.679 2.717 2.757 2.800 2.847 2.896 2.948 3.004 3.063 3.127 3.207 3.289 3.374 3.462 3.553 3.647 3.744 3.844 3.946 4.052 4.161 4.266 4.341 4.411
5.432 5.664 5.895 6.124 6.352 6.578 6.803 7.027 7.249 7.470 7.504 7.040 6.592 6.161 5.746 5.347 4.965 4.599 4.250 3.917 3.600 3.300 3.114 3.292 3.470 3.648 3.826 4.004 4.182 4.359 4.536 4.713 4.890 5.067 5.179 4.986 4.792 4.598 4.403 4.207 4.010 3.813 3.615 3.416 3.217 3.017 2.848 2.887 2.929 2.973 3.021 3.072 3.126 3.183 3.243 3.306 3.372 3.442 3.515 3.605 3.697 3.792 3.891 3.992 4.096 4.204 4.314 4.427 4.543 4.662 4.781 4.840 4.894
5.946 6.173 6.399 6.559 6.660 6.758 6.854 6.947 7.038 7.127 7.160 6.754 6.364 5.990 5.633 5.292 4.967 4.659 4.367 4.091 3.832 3.590 3.390 3.568 3.746 3.923 4.100 4.278 4.455 4.632 4.808 4.985 5.161 5.337 5.502 5.306 5.110 4.913 4.715 4.517 4.318 4.118 3.917 3.716 3.514 3.312 3.108 3.156 3.208 3.264 3.322 3.384 3.449 3.516 3.587 3.661 3.737 3.817 3.900 3.999 4.102 4.208 4.316 4.428 4.543 4.660 4.781 4.886 4.977 5.067 5.154 5.165 5.164
5.894 5.993 6.090 6.185 6.277 6.367 6.454 6.539 6.622 6.702 6.780 6.451 6.118 5.802 5.502 5.219 4.952 4.701 4.467 4.249 4.047 3.862 3.693 3.844 4.021 4.198 4.374 4.551 4.728 4.904 5.080 5.256 5.432 5.607 5.783 5.627 5.428 5.228 5.028 4.827 4.625 4.423 4.220 4.016 3.812 3.606 3.401 3.422 3.485 3.551 3.620 3.692 3.767 3.846 3.927 4.011 4.099 4.189 4.282 4.390 4.492 4.589 4.684 4.778 4.870 4.960 5.049 5.136 5.221 5.305 5.387 5.394 5.378
5.548 5.639 5.728 5.814 5.898 5.979 6.058 6.135 6.209 6.280 6.350 6.130 5.855 5.597 5.354 5.128 4.919 4.726 4.549 4.388 4.244 4.117 4.005 4.119 4.296 4.472 4.648 4.824 5.000 5.176 5.351 5.527 5.702 5.877 6.052 5.947 5.746 5.544 5.341 5.137 4.933 4.728 4.523 4.316 4.109 3.902 3.693 3.684 3.758 3.835 3.914 3.997 4.083 4.161 4.240 4.324 4.411 4.501 4.596 4.691 4.783 4.875 4.964 5.052 5.138 5.222 5.305 5.387 5.466 5.544 5.621 5.628 5.595
5.206 5.288 5.369 5.446 5.522 5.595 5.665 5.733 5.799 5.862 5.923 5.792 5.575 5.374 5.189 5.021 4.869 4.733 4.614 4.511 4.424 4.354 4.300 4.394 4.570 4.746 4.922 5.097 5.272 5.448 5.623 5.797 5.972 6.147 6.321 6.268 6.064 5.860 5.654 5.448 5.241 5.034 4.826 4.617 4.407 4.197 3.967 3.913 3.983 4.057 4.135 4.216 4.302 4.390 4.483 4.579 4.679 4.783 4.891 4.989 5.076 5.161 5.245 5.327 5.407 5.486 5.563 5.639 5.712 5.785 5.855 5.865 5.817
4.867 4.941 5.013 5.082 5.149 5.213 5.275 5.335 5.392 5.447 5.499 5.438 5.278 5.134 5.007 4.896 4.801 4.723 4.661 4.615 4.586 4.573 4.576 4.669 4.844 5.020 5.195 5.370 5.544 5.719 5.893 6.068 6.242 6.416 6.590 6.590 6.383 6.176 5.955 5.665 5.392 5.137 4.898 4.677 4.472 4.285 4.115 4.061 4.144 4.231 4.322 4.416 4.514 4.616 4.722 4.831 4.944 5.061 5.181 5.288 5.369 5.449 5.527 5.603 5.678 5.751 5.822 5.892 5.960 6.027 6.091 6.106 6.042
4.531 4.596 4.660 4.720 4.779 4.835 4.889 4.940 4.989 5.035 5.079 5.066 4.964 4.877 4.807 4.754 4.717 4.696 4.691 4.703 4.731 4.775 4.836 4.944 5.118 5.293 5.468 5.642 5.816 5.990 6.164 6.307 6.371 6.425 6.468 6.399 6.118 5.854 5.607 5.378 5.165 4.969 4.790 4.628 4.483 4.355 4.244 4.204 4.301 4.401 4.504 4.612 4.723 4.838 4.956 5.079 5.205 5.334 5.468 5.588 5.664 5.737 5.810 5.880 5.949 6.016 6.082 6.146 6.209 6.269 6.329 6.352 6.271
4.198 4.255 4.310 4.362 4.412 4.460 4.505 4.548 4.588 4.626 4.662 4.677 4.632 4.603 4.591 4.595 4.615 4.651 4.704 4.773 4.858 4.960 5.077 5.218 5.362 5.464 5.555 5.636 5.706 5.765 5.813 5.851 5.878 5.894 5.900 5.856 5.635 5.431 5.243 5.073 4.920 4.784 4.664 4.562 4.477 4.409 4.357 4.344 4.453 4.566 4.683 4.803 4.927 5.055 5.187 5.322 5.461 5.604 5.751 5.889 5.959 6.027 6.094 6.159 6.222 6.283 6.343 6.402 6.459 6.514 6.567 6.601 6.505
3.868 3.917 3.963 4.007 4.049 4.088 4.125 4.159 4.191 4.221 4.248 4.272 4.284 4.312 4.357 4.418 4.495 4.592 4.689 4.782 4.870 4.953 5.032 5.106 5.181 5.246 5.299 5.342 5.375 5.396 5.407 5.407 5.396 5.375 5.343 5.297 5.135 4.990 4.863 4.752 4.658 4.582 4.522 4.479 4.453 4.445 4.453 4.479 4.602 4.728 4.857 4.991 5.128 5.269 5.414 5.562 5.714 5.870 6.029 6.192 6.256 6.318 6.379 6.438 6.496 6.552 6.606 6.659 6.710 6.759 6.807 6.853 6.742
3.541 3.581 3.619 3.655 3.688 3.719 3.748 3.774 3.797 3.818 3.893 3.976 4.082 4.187 4.286 4.381 4.471 4.557 4.638 4.714 4.786 4.853 4.915 4.973 5.012 5.039 5.055 5.060 5.055 5.039 5.012 4.975 4.927 4.868 4.798 4.718 4.619 4.533 4.465 4.414 4.380 4.363 4.362 4.379 4.413 4.464 4.531 4.616 4.746 4.885 5.028 5.175 5.325 5.479 5.636 5.797 5.962 6.131 6.304 6.480 6.554 6.611 6.666 6.719 6.771 6.821 6.870 6.917 6.962 7.006 7.048 7.088 6.984
3.217 3.249 3.279 3.378 3.474 3.566 3.655 3.741 3.823 3.901 3.976 4.048 4.134 4.222 4.305 4.384 4.458 4.527 4.592 4.652 4.707 4.758 4.804 4.845 4.854 4.843 4.822 4.790 4.747 4.693 4.629 4.554 4.469 4.372 4.265 4.147 4.085 4.060 4.051 4.059 4.085 4.127 4.186 4.262 4.356 4.466 4.593 4.737 4.887 5.039 5.195 5.354 5.517 5.684 5.855 6.029 6.207 6.389 6.574 6.763 6.853 6.904 6.953 7.001 7.047 7.092 7.134 7.135 7.068 6.996 6.919 6.837 6.658
3.279 3.373 3.463 3.550 3.634 3.714 3.791 3.864 3.934 4.000 4.063 4.123 4.191 4.262 4.329 4.391 4.449 4.502 4.550 4.594 4.633 4.667 4.697 4.722 4.707 4.659 4.600 4.531 4.450 4.359 4.258 4.145 4.022 3.888 3.744 3.589 3.535 3.569 3.620 3.688 3.773 3.874 3.993 4.129 4.281 4.451 4.637 4.840 5.024 5.189 5.358 5.530 5.706 5.886 6.069 6.257 6.448 6.642 6.840 7.043 7.107 7.057 7.002 6.943 6.878 6.809 6.734 6.655 6.570 6.481 6.386 6.287 6.142
3.491 3.573 3.652 3.726 3.798 3.866 3.930 3.992 4.049 4.103 4.154 4.201 4.252 4.307 4.358 4.404 4.445 4.482 4.514 4.541 4.564 4.582 4.596 4.604 4.572 4.486 4.390 4.283 4.165 4.037 3.898 3.748 3.588 3.416 3.234 3.042 2.969 3.062 3.173 3.300 3.444 3.605 3.783 3.978 4.190 4.419 4.664 4.927 5.157 5.335 5.517 5.702 5.891 6.045 6.171 6.293 6.409 6.521 6.627 6.728 6.752 6.685 6.613 6.536 6.454 6.368 6.276 6.179 6.077 5.971 5.859 5.743 5.615
3.707 3.777 3.843 3.906 3.965 4.021 4.073 4.122 4.168 4.210 4.248 4.283 4.318 4.357 4.392 4.421 4.446 4.467 4.483 4.494 4.500 4.502 4.499 4.492 4.448 4.325 4.192 4.047 3.892 3.726 3.550 3.362 3.165 2.956 2.737 2.507 2.386 2.539 2.708 2.895 3.098 3.319 3.556 3.810 4.081 4.369 4.666 4.948 5.176 5.310 5.439 5.563 5.682 5.796 5.905 6.009 6.108 6.202 6.291 6.374 6.402 6.318 6.229 6.135 6.036 5.932 5.823 5.709 5.590 5.466 5.338 5.204 5.080
3.927 3.984 4.038 4.089 4.136 4.180 4.220 4.257 4.290 4.320 4.346 4.369 4.390 4.412 4.430 4.444 4.453 4.457 4.456 4.451 4.441 4.427 4.408 4.384 4.336 4.176 4.005 3.823 3.630 3.427 3.213 2.988 2.753 2.507 2.251 1.983 1.786 1.998 2.227 2.566 2.903 3.225 3.531 3.821 4.095 4.354 4.597 4.824 5.021 5.137 5.249 5.356 5.457 5.553 5.645 5.731 5.812 5.889 5.960 6.026 6.058 5.957 5.850 5.739 5.623 5.501 5.375 5.244 5.108 4.967 4.821 4.671 4.534
4.158 4.195 4.237 4.276 4.311 4.342 4.370 4.395 4.416 4.433 4.448 4.458 4.466 4.472 4.474 4.471 4.464 4.452 4.435 4.413 4.387 4.357 4.322 4.282 4.235 4.038 3.829 3.610 3.380 3.139 2.888 2.630 2.553 2.446 2.308 2.140 1.956 2.285 2.599 2.897 3.179 3.446 3.697 3.932 4.152 4.356 4.544 4.716 4.871 4.970 5.064 5.153 5.237 5.316 5.390 5.458 5.522 5.581 5.634 5.683 5.719 5.600 5.477 5.348 5.215 5.076 4.933 4.785 4.632 4.474 4.311 4.143 3.979
4.468 4.410 4.440 4.466 4.489 4.508 4.524 4.536 4.545 4.551 4.553 4.551 4.547 4.537 4.522 4.503 4.480 4.451 4.418 4.381 4.339 4.292 4.240 4.184 4.168 4.219 4.217 4.185 4.123 4.030 3.908 3.755 3.572 3.359 3.116 2.842 2.539 2.741 3.000 3.243 3.471 3.683 3.879 4.059 4.224 4.373 4.506 4.624 4.726 4.808 4.884 4.956 5.022 5.083 5.140 5.191 5.237 5.278 5.314 5.345 5.371 5.249 5.109 4.963 4.812 4.657 4.496 4.331 4.161 3.985 3.805 3.620 3.430
4.754 4.628 4.645 4.659 4.670 4.677 4.681 4.681 4.678 4.672 4.661 4.648 4.631 4.607 4.576 4.541 4.501 4.504 4.631 4.786 4.969 5.180 5.418 5.685 5.979 6.008 5.900 5.762 5.594 5.396 5.168 4.909 4.621 4.302 3.953 3.574 3.165 3.213 3.417 3.605 3.778 3.935 4.076 4.202 4.311 4.406 4.484 4.547 4.594 4.651 4.710 4.764 4.813 4.856 4.895 4.929 4.957 4.981 4.999 5.013 5.021 4.903 4.746 4.583 4.415 4.242 4.065 3.882 3.695 3.502 3.305 3.103 2.896
5.017 4.849 4.855 4.857 4.855 4.850 4.842 4.830 4.815 4.796 4.815 4.872 4.917 4.983 5.096 5.237 5.405 5.602 5.826 6.078 6.359 6.667 7.003 7.366 7.758 7.826 7.613 7.369 7.095 6.791 6.457 6.093 5.699 5.275 4.820 4.336 3.821 3.699 3.849 3.982 4.100 4.202 4.289 4.360 4.415 4.454 4.478 4.486 4.479 4.500 4.541 4.577 4.608 4.635 4.656 4.672 4.683 4.689 4.690 4.686 4.677 4.563 4.388 4.208 4.023 3.833 3.639 3.439 3.234 3.025 2.811 2.591 2.367
5.256 5.074 5.067 5.131 5.229 5.314 5.388 5.451 5.501 5.540 5.567 5.583 5.587 5.659 5.870 6.108 6.374 6.668 6.990 7.339 7.717 8.122 8.555 9.016 9.505 9.673 9.354 9.005 8.625 8.216 7.776 7.307 6.807 6.277 5.717 5.127 4.507 4.201 4.296 4.375 4.438 4.485 4.517 4.533 4.534 4.518 4.488 4.441 4.379 4.353 4.377 4.396 4.409 4.418 4.422 4.420 4.414 4.402 4.386 4.364 4.337 4.228 4.036 3.839 3.637 3.430 3.218 3.001 2.794 2.613 2.437 2.267 2.102
6.154 6.036 6.115 6.183 6.240 6.284 6.317 6.338 6.348 6.345 6.332 6.306 6.268 6.305 6.612 6.948 7.311 7.703 8.122 8.569 9.044 9.546 10.077 10.635 11.221 11.549 11.125 10.670 10.185 9.670 9.125 8.550 7.945 7.310 6.645 5.949 5.224 4.719 4.758 4.783 4.791 4.784 4.761 4.722 4.668 4.598 4.513 4.412 4.295 4.212 4.218 4.219 4.215 4.207 4.193 4.174 4.150 4.121 4.087 4.048 4.004 3.899 3.699 3.505 3.316 3.132 2.953 2.780 2.612 2.449 2.292 2.140 1.993
7.401 7.182 7.220 7.247 7.262 7.266 7.257 7.237 7.206 7.162 7.107 7.040 6.962 6.919 7.324 7.757 8.218 8.706 9.223 9.767 10.339 10.939 11.566 12.222 12.905 13.455 12.925 12.364 11.774 11.154 10.503 9.823 9.113 8.372 7.601 6.801 5.970 5.251 5.236 5.206 5.160 5.098 5.020 4.927 4.818 4.694 4.554 4.398 4.226 4.076 4.065 4.048 4.027 4.001 4.031 4.075 4.083 4.055 3.991 3.891 3.755 3.583 3.402 3.226 3.055 2.890 2.729 2.575 2.425 2.281 2.142 2.008 1.879
