DATA/SHG/ECMWF/20170628/EN-27/20170701.en-27.asc
ncols        190
nrows        64
xllcorner    -5100000.000000000000
yllcorner    4130000.000000000000
cellsize     10000.000000000000
NODATA_value  -99999.000
[rows 0 to 31 of 64, columns 0 to 72 of 190]
1.203 1.411 1.627 1.849 2.079 2.315 2.559 2.809 3.067 3.264 3.445 3.631 3.822 4.018 4.218 4.424 4.635 4.851 5.071 5.236 5.366 5.524 5.697 5.867 6.034 6.197 6.356 6.513 6.665 6.814 6.960 7.102 7.241 7.176 6.978 6.779 6.578 6.376 6.172 5.966 5.759 5.550 5.339 5.127 4.913 4.724 4.556 4.385 4.210 4.032 3.851 3.666 3.478 3.286 3.091 2.893 2.691 2.545 2.472 2.407 2.349 2.298 2.254 2.217 2.187 2.165 2.149 2.141 2.140 2.237 2.495 2.768 3.056
1.295 1.529 1.769 2.016 2.271 2.532 2.801 3.076 3.359 3.590 3.788 3.992 4.199 4.390 4.563 4.719 4.857 4.978 5.081 5.166 5.235 5.348 5.509 5.667 5.822 5.973 6.120 6.264 6.405 6.542 6.675 6.806 6.932 6.905 6.702 6.497 6.290 6.082 5.872 5.660 5.447 5.232 5.016 4.798 4.578 4.374 4.194 4.011 3.824 3.635 3.441 3.245 3.045 2.841 2.635 2.424 2.211 2.047 2.000 1.960 1.927 1.901 1.882 1.870 1.865 1.868 1.877 1.894 1.918 2.015 2.325 2.650 2.989
1.380 1.638 1.903 2.176 2.464 2.797 3.133 3.472 3.814 4.090 4.271 4.435 4.581 4.710 4.821 4.915 4.991 5.050 5.092 5.116 5.122 5.176 5.326 5.471 5.614 5.752 5.888 6.020 6.148 6.273 6.395 6.513 6.627 6.636 6.427 6.216 6.004 5.790 5.574 5.357 5.138 4.917 4.695 4.471 4.245 4.027 3.836 3.641 3.443 3.241 3.036 2.827 2.616 2.400 2.182 1.960 1.735 1.543 1.521 1.506 1.498 1.497 1.503 1.517 1.537 1.565 1.599 1.641 1.733 1.858 2.235 2.610 2.983
1.649 1.980 2.314 2.652 2.992 3.336 3.684 4.034 4.388 4.675 4.794 4.896 4.981 5.048 5.097 5.129 5.144 5.141 5.121 5.083 5.028 5.008 5.146 5.279 5.409 5.536 5.659 5.779 5.895 6.008 6.118 6.224 6.326 6.370 6.155 5.938 5.720 5.500 5.279 5.055 4.831 4.604 4.376 4.146 3.915 3.685 3.482 3.275 3.065 2.851 2.634 2.414 2.190 1.963 1.733 1.499 1.262 1.033 1.036 1.046 1.070 1.181 1.287 1.389 1.487 1.580 1.669 1.754 1.835 1.912 2.277 2.644 3.010
2.127 2.469 2.815 3.164 3.516 3.871 4.230 4.592 4.957 5.278 5.336 5.376 5.399 5.404 5.392 5.362 5.315 5.251 5.169 5.070 4.953 4.844 4.969 5.091 5.209 5.324 5.435 5.542 5.647 5.747 5.845 5.939 6.029 6.106 5.885 5.662 5.438 5.213 4.985 4.756 4.526 4.293 4.059 3.823 3.586 3.347 3.131 2.913 2.691 2.465 2.237 2.005 1.769 1.549 1.393 1.251 1.121 1.003 1.092 1.196 1.296 1.391 1.483 1.570 1.653 1.731 1.806 1.876 1.941 2.003 2.320 2.680 3.039
2.600 2.954 3.311 3.671 4.035 4.402 4.772 5.145 5.522 5.899 5.895 5.874 5.835 5.778 5.705 5.613 5.505 5.379 5.235 5.075 4.896 4.701 4.797 4.907 5.012 5.115 5.214 5.310 5.402 5.491 5.576 5.658 5.736 5.811 5.617 5.389 5.159 4.927 4.694 4.459 4.223 3.984 3.745 3.503 3.260 3.015 2.793 2.593 2.406 2.232 2.070 1.921 1.785 1.661 1.550 1.452 1.367 1.294 1.351 1.440 1.525 1.606 1.682 1.754 1.822 1.886 1.945 2.001 2.052 2.098 2.365 2.718 3.069
3.069 3.434 3.803 4.174 4.549 4.928 5.309 5.694 6.082 6.473 6.472 6.389 6.289 6.171 6.036 5.883 5.713 5.525 5.320 5.098 4.858 4.601 4.629 4.726 4.820 4.910 4.997 5.081 5.161 5.238 5.311 5.381 5.447 5.510 5.351 5.117 4.881 4.644 4.405 4.161 3.918 3.679 3.444 3.213 2.986 2.764 2.581 2.426 2.284 2.154 2.037 1.932 1.841 1.761 1.695 1.641 1.600 1.572 1.614 1.688 1.758 1.824 1.886 1.943 1.996 2.045 2.089 2.129 2.166 2.197 2.412 2.758 3.101
3.533 3.910 4.290 4.673 5.060 5.449 5.842 6.238 6.638 7.040 7.068 6.923 6.761 6.582 6.385 6.171 5.939 5.690 5.424 5.140 4.839 4.520 4.464 4.549 4.631 4.710 4.784 4.856 4.924 4.989 5.050 5.107 5.145 5.174 5.032 4.783 4.537 4.296 4.059 3.826 3.598 3.373 3.153 2.936 2.724 2.516 2.358 2.247 2.149 2.064 1.991 1.931 1.884 1.849 1.827 1.818 1.821 1.837 1.881 1.940 1.995 2.046 2.093 2.135 2.173 2.207 2.237 2.262 2.283 2.300 2.461 2.800 3.136
3.993 4.381 4.773 5.167 5.565 5.966 6.371 6.778 7.189 7.603 7.681 7.475 7.251 7.011 6.752 6.477 6.184 5.873 5.546 5.200 4.838 4.458 4.303 4.377 4.446 4.489 4.528 4.564 4.597 4.627 4.655 4.680 4.702 4.721 4.621 4.386 4.156 3.929 3.706 3.488 3.274 3.064 2.858 2.656 2.458 2.264 2.122 2.055 2.002 1.961 1.933 1.917 1.914 1.924 1.946 1.981 2.029 2.089 2.151 2.196 2.236 2.272 2.304 2.331 2.354 2.373 2.388 2.399 2.405 2.407 2.512 2.843 3.172
4.449 4.849 5.251 5.657 6.067 6.479 6.895 7.314 7.736 8.161 8.312 8.045 7.760 7.458 7.138 6.801 6.447 6.066 5.615 5.167 4.722 4.279 4.012 4.049 4.084 4.116 4.145 4.171 4.195 4.216 4.234 4.249 4.262 4.272 4.207 3.986 3.770 3.558 3.350 3.146 2.946 2.751 2.559 2.372 2.188 2.009 1.873 1.851 1.842 1.846 1.862 1.891 1.932 1.986 2.053 2.132 2.224 2.329 2.426 2.455 2.480 2.501 2.518 2.531 2.539 2.544 2.543 2.539 2.531 2.518 2.565 2.888 3.210
4.900 5.311 5.726 6.143 6.564 6.988 7.415 7.845 8.279 8.715 8.915 8.455 7.997 7.542 7.090 6.641 6.194 5.751 5.309 4.871 4.435 4.002 3.671 3.698 3.723 3.746 3.765 3.782 3.796 3.808 3.817 3.823 3.826 3.827 3.789 3.583 3.381 3.184 2.990 2.800 2.615 2.434 2.257 2.084 1.915 1.750 1.613 1.635 1.670 1.718 1.779 1.852 1.938 2.036 2.147 2.271 2.407 2.556 2.703 2.718 2.729 2.735 2.737 2.735 2.728 2.717 2.703 2.683 2.660 2.632 2.619 2.935 3.250
5.347 5.770 6.195 6.564 6.875 7.179 7.478 7.769 8.055 8.334 8.531 8.080 7.632 7.187 6.744 6.305 5.867 5.433 5.002 4.573 4.147 3.723 3.332 3.350 3.366 3.379 3.389 3.397 3.401 3.403 3.403 3.399 3.393 3.384 3.367 3.176 2.989 2.805 2.626 2.451 2.280 2.114 1.951 1.792 1.638 1.487 1.341 1.407 1.486 1.578 1.683 1.801 1.931 2.073 2.229 2.397 2.577 2.770 2.976 2.985 2.980 2.972 2.959 2.942 2.921 2.895 2.865 2.864 2.875 2.870 2.850 3.179 3.540
5.322 5.630 5.931 6.226 6.515 6.797 7.073 7.342 7.605 7.862 8.113 7.703 7.265 6.829 6.396 5.966 5.538 5.113 4.691 4.272 3.855 3.441 3.030 3.006 3.012 3.016 3.016 3.014 3.010 3.002 2.992 2.979 2.964 2.946 2.925 2.765 2.593 2.424 2.259 2.098 1.942 1.790 1.641 1.497 1.357 1.221 1.089 1.166 1.290 1.426 1.575 1.737 1.911 2.098 2.298 2.510 2.734 2.972 3.222 3.255 3.304 3.368 3.416 3.449 3.467 3.470 3.458 3.430 3.387 3.329 3.256 3.528 3.898
5.058 5.344 5.623 5.895 6.162 6.422 6.675 6.923 7.164 7.398 7.626 7.324 6.895 6.469 6.045 5.625 5.207 4.791 4.379 3.969 3.562 3.158 2.756 2.665 2.662 2.656 2.647 2.635 2.621 2.605 2.585 2.563 2.538 2.510 2.480 2.351 2.193 2.038 1.888 1.742 1.600 1.462 1.328 1.198 1.072 0.951 0.833 0.913 1.081 1.262 1.455 1.661 1.879 2.201 2.551 2.914 3.289 3.677 4.077 4.232 4.257 4.267 4.262 4.242 4.207 4.157 4.091 4.010 3.914 3.803 3.676 3.875 4.253
4.802 5.065 5.322 5.572 5.816 6.054 6.285 6.511 6.729 6.942 7.148 6.942 6.523 6.106 5.692 5.281 4.873 4.467 4.064 3.664 3.266 2.871 2.479 2.327 2.314 2.299 2.281 2.260 2.236 2.210 2.181 2.150 2.115 2.078 2.039 1.934 1.790 1.650 1.514 1.382 1.254 1.131 1.011 0.896 0.784 0.677 0.680 0.862 1.181 1.513 1.858 2.214 2.583 2.964 3.358 3.764 4.182 4.613 5.056 5.252 5.224 5.181 5.122 5.049 4.960 4.856 4.738 4.603 4.454 4.289 4.110 4.219 4.606
4.552 4.793 5.028 5.256 5.478 5.694 5.903 6.106 6.302 6.493 6.677 6.558 6.148 5.741 5.337 4.935 4.536 4.140 3.747 3.356 2.968 2.583 2.200 1.993 1.970 1.946 1.918 1.888 1.855 1.819 1.781 1.740 1.696 1.650 1.601 1.512 1.383 1.257 1.149 1.123 1.105 1.096 1.096 1.103 1.119 1.144 1.177 1.353 1.716 2.091 2.478 2.878 3.290 3.715 4.151 4.600 5.062 5.536 6.022 6.285 6.203 6.107 5.996 5.869 5.727 5.570 5.398 5.210 5.008 4.790 4.557 4.560 4.955
4.310 4.529 4.741 4.947 5.147 5.341 5.528 5.708 5.883 6.051 6.213 6.172 5.772 5.374 4.980 4.587 4.198 3.811 3.427 3.046 2.667 2.292 1.918 1.661 1.630 1.596 1.559 1.519 1.477 1.432 1.384 1.356 1.379 1.403 1.430 1.441 1.420 1.406 1.402 1.405 1.417 1.437 1.466 1.503 1.548 1.602 1.665 1.831 2.237 2.655 3.086 3.529 3.984 4.451 4.931 5.424 5.928 6.445 6.974 7.331 7.197 7.047 6.882 6.702 6.507 6.297 6.072 5.831 5.576 5.305 5.019 4.899 5.302
4.075 4.272 4.462 4.646 4.824 4.995 5.160 5.318 5.471 5.617 5.757 5.784 5.393 5.005 4.620 4.237 3.857 3.480 3.105 2.734 2.365 1.998 1.635 1.334 1.319 1.334 1.352 1.371 1.393 1.417 1.443 1.471 1.501 1.533 1.567 1.598 1.605 1.621 1.646 1.679 1.720 1.769 1.827 1.894 1.969 2.052 2.143 2.296 2.745 3.206 3.680 4.166 4.664 5.175 5.698 6.233 6.781 7.341 7.913 8.391 8.203 8.000 7.783 7.549 7.301 7.038 6.759 6.466 6.157 5.833 5.494 5.234 5.646
3.847 4.022 4.190 4.352 4.507 4.656 4.799 4.936 5.066 5.190 5.308 5.393 5.012 4.634 4.258 3.885 3.514 3.167 2.840 2.523 2.215 1.916 1.628 1.360 1.381 1.403 1.428 1.455 1.484 1.515 1.548 1.584 1.621 1.660 1.702 1.745 1.782 1.827 1.881 1.943 2.014 2.093 2.180 2.276 2.380 2.492 2.613 2.747 3.240 3.744 4.261 4.790 5.331 5.885 6.451 7.030 7.620 8.223 8.839 9.464 9.223 8.967 8.696 8.410 8.109 7.792 7.460 7.114 6.752 6.375 5.983 5.575 5.987
3.627 3.779 3.925 4.065 4.198 4.325 4.446 4.561 4.669 4.771 4.878 4.977 4.671 4.329 3.998 3.676 3.363 3.060 2.766 2.482 2.208 1.943 1.687 1.441 1.440 1.471 1.503 1.537 1.573 1.611 1.652 1.694 1.739 1.785 1.834 1.885 1.950 2.024 2.107 2.199 2.299 2.407 2.524 2.648 2.782 2.923 3.073 3.232 3.721 4.269 4.829 5.401 5.985 6.582 7.191 7.813 8.446 9.092 9.751 10.421 10.256 9.947 9.623 9.284 8.929 8.560 8.175 7.775 7.361 6.931 6.485 6.025 6.325
3.414 3.544 3.668 3.819 3.959 4.087 4.204 4.309 4.402 4.484 4.553 4.612 4.387 4.079 3.781 3.492 3.213 2.943 2.683 2.432 2.191 1.959 1.737 1.524 1.498 1.535 1.575 1.616 1.660 1.705 1.753 1.802 1.854 1.908 1.964 2.022 2.109 2.213 2.325 2.446 2.575 2.712 2.858 3.012 3.175 3.346 3.525 3.713 4.190 4.781 5.384 5.999 6.626 7.266 7.918 8.582 9.259 9.948 10.649 11.363 11.303 10.941 10.564 10.171 9.764 9.341 8.904 8.415 7.879 7.361 6.862 6.381 6.560
3.427 3.561 3.683 3.794 3.893 3.980 4.056 4.120 4.172 4.213 4.242 4.259 4.093 3.819 3.554 3.298 3.052 2.816 2.589 2.371 2.164 1.965 1.776 1.597 1.553 1.598 1.644 1.693 1.744 1.797 1.851 1.908 1.967 2.028 2.091 2.156 2.259 2.392 2.534 2.684 2.842 3.009 3.184 3.367 3.559 3.759 3.967 4.184 4.646 5.279 5.925 6.583 7.254 7.937 8.632 9.339 10.059 10.790 11.534 12.291 12.256 11.654 11.071 10.506 9.960 9.433 8.924 8.434 7.962 7.509 7.074 6.659 6.758
3.537 3.630 3.711 3.781 3.839 3.886 3.920 3.943 3.955 3.955 3.943 3.919 3.790 3.549 3.317 3.095 2.882 2.679 2.485 2.301 2.127 1.961 1.806 1.660 1.606 1.658 1.712 1.768 1.826 1.886 1.948 2.012 2.078 2.146 2.217 2.289 2.400 2.563 2.734 2.913 3.100 3.296 3.501 3.713 3.934 4.163 4.401 4.647 5.088 5.765 6.454 7.155 7.868 8.496 9.061 9.619 10.168 10.710 11.245 11.772 11.803 11.266 10.747 10.247 9.766 9.304 8.860 8.434 8.027 7.639 7.269 6.918 6.950
3.660 3.712 3.752 3.781 3.798 3.804 3.798 3.780 3.751 3.710 3.657 3.593 3.477 3.269 3.070 2.882 2.702 2.532 2.372 2.221 2.080 1.948 1.825 1.712 1.657 1.716 1.777 1.840 1.905 1.973 2.042 2.113 2.187 2.262 2.340 2.419 2.533 2.725 2.925 3.133 3.350 3.575 3.808 4.050 4.300 4.559 4.764 4.936 5.227 5.804 6.373 6.934 7.488 8.034 8.573 9.104 9.627 10.143 10.651 11.152 11.332 10.860 10.406 9.971 9.555 9.157 8.778 8.417 8.075 7.751 7.446 7.160 7.136
3.795 3.806 3.806 3.794 3.770 3.735 3.688 3.630 3.559 3.478 3.384 3.279 3.154 2.979 2.814 2.658 2.512 2.376 2.249 2.131 2.023 1.924 1.835 1.755 1.706 1.772 1.840 1.910 1.983 2.057 2.134 2.212 2.293 2.375 2.460 2.547 2.657 2.878 3.107 3.352 3.582 3.795 3.992 4.173 4.336 4.483 4.613 4.727 4.905 5.455 5.998 6.533 7.061 7.580 8.093 8.597 9.094 9.584 10.066 10.540 10.844 10.437 10.048 9.678 9.326 8.993 8.678 8.382 8.105 7.846 7.606 7.384 7.316
3.945 3.914 3.872 3.820 3.755 3.679 3.591 3.492 3.381 3.259 3.124 2.979 2.821 2.680 2.548 2.426 2.313 2.209 2.115 2.031 1.956 1.890 1.834 1.788 1.752 1.825 1.901 1.978 2.058 2.139 2.223 2.309 2.419 2.543 2.683 2.838 3.009 3.231 3.436 3.625 3.797 3.952 4.091 4.213 4.318 4.407 4.479 4.534 4.590 5.114 5.631 6.140 6.641 7.134 7.620 8.099 8.569 9.033 9.488 9.936 10.339 9.996 9.672 9.367 9.080 8.811 8.561 8.330 8.117 7.923 7.747 7.590 7.491
4.114 4.034 3.952 3.858 3.753 3.636 3.507 3.367 3.216 3.052 2.877 2.691 2.493 2.371 2.272 2.183 2.103 2.033 1.972 1.921 1.879 1.847 1.824 1.810 1.802 1.847 1.919 2.006 2.108 2.225 2.357 2.504 2.666 2.844 3.036 3.244 3.467 3.638 3.785 3.915 4.029 4.126 4.206 4.270 4.317 4.348 4.361 4.358 4.339 4.781 5.271 5.754 6.229 6.696 7.156 7.608 8.053 8.489 8.919 9.341 9.755 9.539 9.279 9.038 8.816 8.612 8.427 8.260 8.112 7.982 7.871 7.779 7.705
4.276 4.166 4.043 3.909 3.763 3.605 3.436 3.255 3.063 2.859 2.643 2.416 2.178 2.052 1.987 1.931 1.884 1.850 1.824 1.797 1.769 1.739 1.707 1.674 1.639 1.709 1.834 1.973 2.128 2.298 2.483 2.683 2.898 3.128 3.374 3.634 3.910 4.061 4.149 4.222 4.277 4.316 4.338 4.344 4.333 4.305 4.261 4.200 4.122 4.456 4.920 5.376 5.825 6.266 6.699 7.125 7.544 7.954 8.357 8.753 9.141 9.064 8.869 8.692 8.535 8.396 8.275 8.173 8.089 8.024 7.978 7.950 7.940
4.431 4.311 4.148 3.973 3.786 3.588 3.378 3.156 2.923 2.679 2.453 2.232 1.976 1.835 1.811 1.784 1.757 1.727 1.696 1.664 1.630 1.594 1.557 1.519 1.479 1.555 1.733 1.925 2.133 2.355 2.593 2.846 3.114 3.397 3.695 4.008 4.336 4.500 4.531 4.545 4.542 4.523 4.487 4.434 4.365 4.279 4.177 4.058 3.922 4.139 4.576 5.006 5.429 5.844 6.251 6.651 7.043 7.427 7.804 8.173 8.535 8.571 8.441 8.329 8.236 8.162 8.105 8.068 8.049 8.048 8.066 8.103 8.158
4.579 4.469 4.265 4.144 4.050 3.919 3.752 3.549 3.311 3.036 2.725 2.378 1.995 1.736 1.706 1.674 1.641 1.607 1.570 1.532 1.493 1.452 1.409 1.365 1.320 1.386 1.616 1.861 2.122 2.397 2.688 2.993 3.314 3.649 4.000 4.366 4.747 4.956 4.928 4.884 4.823 4.746 4.652 4.541 4.414 4.270 4.110 3.933 3.739 3.829 4.241 4.644 5.041 5.429 5.810 6.184 6.550 6.908 7.259 7.602 7.938 8.062 7.996 7.949 7.920 7.910 7.918 7.945 7.965 7.947 7.927 7.903 7.877
5.678 5.673 5.524 5.339 5.118 4.861 4.568 4.239 3.874 3.473 3.036 2.563 2.054 1.639 1.603 1.566 1.528 1.488 1.446 1.403 1.358 1.311 1.263 1.214 1.163 1.201 1.484 1.782 2.095 2.423 2.766 3.124 3.498 3.886 4.289 4.708 5.141 5.428 5.342 5.240 5.121 4.986 4.834 4.665 4.480 4.278 4.059 3.824 3.573 3.528 3.913 4.290 4.660 5.023 5.378 5.725 6.065 6.397 6.721 7.038 7.348 7.540 7.532 7.522 7.509 7.493 7.474 7.452 7.428 7.400 7.370 7.337 7.301
7.287 7.158 6.882 6.571 6.224 5.840 5.421 4.966 4.475 3.948 3.385 2.786 2.151 1.543 1.503 1.460 1.416 1.370 1.323 1.275 1.224 1.173 1.119 1.064 1.008 1.000 1.336 1.687 2.052 2.433 2.829 3.240 3.666 4.107 4.563 5.034 5.520 5.916 5.772 5.612 5.435 5.242 5.032 4.805 4.562 4.302 4.026 3.733 3.423 3.234 3.593 3.944 4.288 4.624 4.999 5.385 5.743 6.074 6.378 6.655 6.905 7.075 7.058 7.038 7.015 6.989 6.960 6.929 6.894 6.857 6.816 6.773 6.727
