DATA/SHG/ECMWF/20170628/EN-27/20170630.en-27.asc
ncols        190
nrows        64
xllcorner    -5100000.000000000000
yllcorner    4130000.000000000000
cellsize     10000.000000000000
NODATA_value  -99999.000
[rows 0 to 32 of 64, columns 0 to 72 of 190]
5.132 5.065 5.007 4.958 4.918 4.887 4.866 4.853 4.850 4.686 4.457 4.215 3.959 3.690 3.407 3.111 2.801 2.478 2.141 1.860 1.609 1.564 1.609 1.649 1.684 1.715 1.741 1.763 1.780 1.792 1.800 1.803 1.801 1.696 1.529 1.367 1.211 1.060 0.914 0.774 0.639 0.509 0.384 0.265 0.151 0.096 0.091 0.085 0.080 0.074 0.069 0.064 0.058 0.053 0.048 0.044 0.039 0.035 0.033 0.030 0.028 0.026 0.023 0.021 0.018 0.016 0.013 0.011 0.008 0.013 0.028 0.043 0.058
4.632 4.597 4.572 4.555 4.548 4.549 4.560 4.580 4.609 4.461 4.185 3.895 3.604 3.323 3.050 2.785 2.530 2.283 2.044 1.815 1.593 1.511 1.539 1.563 1.582 1.597 1.607 1.612 1.613 1.609 1.600 1.587 1.569 1.487 1.339 1.196 1.058 0.926 0.799 0.677 0.560 0.449 0.343 0.242 0.147 0.089 0.084 0.078 0.073 0.068 0.063 0.058 0.053 0.049 0.044 0.040 0.035 0.032 0.029 0.027 0.024 0.022 0.019 0.017 0.015 0.012 0.010 0.007 0.005 0.007 0.022 0.038 0.054
4.123 4.120 4.127 4.143 4.167 4.192 4.216 4.239 4.260 4.141 3.864 3.596 3.336 3.085 2.842 2.609 2.384 2.167 1.959 1.760 1.569 1.463 1.475 1.483 1.485 1.484 1.477 1.466 1.451 1.431 1.406 1.376 1.342 1.274 1.144 1.020 0.900 0.787 0.678 0.575 0.477 0.384 0.296 0.214 0.137 0.082 0.076 0.072 0.067 0.062 0.057 0.053 0.048 0.044 0.040 0.036 0.032 0.028 0.026 0.023 0.021 0.018 0.016 0.013 0.011 0.008 0.006 0.004 0.005 0.009 0.028 0.046 0.064
3.669 3.695 3.720 3.743 3.765 3.786 3.805 3.823 3.839 3.773 3.526 3.288 3.059 2.838 2.626 2.423 2.228 2.042 1.865 1.696 1.536 1.420 1.416 1.407 1.394 1.376 1.353 1.326 1.294 1.257 1.216 1.170 1.120 1.055 0.944 0.838 0.737 0.642 0.552 0.467 0.388 0.313 0.244 0.181 0.122 0.074 0.069 0.065 0.060 0.056 0.051 0.047 0.043 0.039 0.035 0.032 0.028 0.024 0.022 0.020 0.017 0.017 0.017 0.017 0.018 0.020 0.022 0.025 0.028 0.032 0.049 0.065 0.081
3.288 3.309 3.329 3.348 3.365 3.381 3.396 3.409 3.421 3.395 3.179 2.972 2.773 2.583 2.402 2.229 2.064 1.909 1.762 1.623 1.493 1.382 1.361 1.336 1.307 1.272 1.234 1.190 1.142 1.089 1.032 0.970 0.903 0.831 0.739 0.651 0.569 0.493 0.421 0.355 0.294 0.238 0.187 0.142 0.102 0.067 0.062 0.058 0.053 0.049 0.046 0.042 0.038 0.034 0.032 0.029 0.026 0.024 0.023 0.024 0.024 0.026 0.028 0.030 0.033 0.037 0.041 0.046 0.051 0.057 0.070 0.085 0.099
2.909 2.925 2.941 2.955 2.967 2.979 2.989 2.997 3.005 3.009 2.824 2.647 2.479 2.319 2.168 2.025 1.891 1.766 1.650 1.542 1.442 1.351 1.312 1.271 1.225 1.174 1.119 1.059 0.995 0.926 0.852 0.774 0.692 0.604 0.529 0.460 0.396 0.338 0.285 0.237 0.194 0.157 0.125 0.098 0.076 0.060 0.055 0.051 0.048 0.045 0.042 0.039 0.037 0.034 0.032 0.029 0.027 0.025 0.026 0.029 0.031 0.035 0.038 0.043 0.048 0.053 0.059 0.066 0.073 0.081 0.093 0.105 0.117
2.531 2.544 2.554 2.564 2.572 2.578 2.584 2.588 2.590 2.592 2.459 2.313 2.175 2.046 1.925 1.813 1.710 1.615 1.528 1.451 1.382 1.321 1.267 1.210 1.148 1.081 1.010 0.934 0.853 0.768 0.678 0.584 0.485 0.381 0.313 0.263 0.218 0.178 0.143 0.123 0.111 0.099 0.088 0.077 0.066 0.056 0.050 0.048 0.045 0.042 0.040 0.037 0.035 0.033 0.031 0.030 0.028 0.027 0.029 0.033 0.037 0.043 0.049 0.055 0.062 0.069 0.077 0.086 0.095 0.105 0.115 0.126 0.136
2.156 2.164 2.170 2.174 2.178 2.180 2.181 2.180 2.178 2.175 2.087 1.970 1.863 1.764 1.674 1.592 1.519 1.454 1.398 1.351 1.312 1.282 1.228 1.154 1.076 0.993 0.905 0.813 0.716 0.615 0.509 0.398 0.304 0.215 0.171 0.158 0.146 0.134 0.123 0.111 0.100 0.090 0.080 0.070 0.060 0.051 0.046 0.044 0.041 0.039 0.037 0.036 0.034 0.033 0.031 0.030 0.029 0.028 0.030 0.037 0.043 0.050 0.058 0.066 0.075 0.085 0.095 0.105 0.116 0.128 0.138 0.147 0.155
1.783 1.786 1.787 1.787 1.786 1.784 1.780 1.775 1.768 1.760 1.705 1.619 1.542 1.473 1.413 1.362 1.319 1.285 1.259 1.242 1.234 1.234 1.193 1.103 1.009 0.927 0.844 0.760 0.673 0.584 0.494 0.401 0.307 0.211 0.153 0.141 0.130 0.120 0.109 0.099 0.090 0.080 0.071 0.063 0.055 0.047 0.042 0.040 0.038 0.036 0.035 0.034 0.033 0.032 0.031 0.030 0.030 0.029 0.032 0.040 0.048 0.057 0.067 0.077 0.088 0.099 0.111 0.124 0.137 0.150 0.162 0.168 0.174
1.412 1.410 1.407 1.402 1.397 1.389 1.381 1.371 1.360 1.347 1.314 1.259 1.212 1.174 1.144 1.123 1.111 1.111 1.141 1.173 1.207 1.243 1.237 1.153 1.067 0.980 0.890 0.799 0.705 0.610 0.512 0.413 0.312 0.209 0.134 0.124 0.114 0.105 0.096 0.087 0.078 0.070 0.063 0.055 0.049 0.042 0.037 0.036 0.034 0.033 0.032 0.032 0.031 0.031 0.030 0.030 0.030 0.030 0.032 0.042 0.053 0.064 0.076 0.088 0.100 0.114 0.127 0.142 0.157 0.172 0.186 0.191 0.195
1.043 1.036 1.029 1.020 1.009 0.997 0.984 0.970 0.954 0.937 0.933 0.957 0.984 1.012 1.041 1.073 1.106 1.141 1.178 1.216 1.256 1.298 1.312 1.222 1.129 1.035 0.938 0.840 0.739 0.637 0.533 0.427 0.319 0.209 0.115 0.106 0.097 0.089 0.081 0.074 0.067 0.060 0.054 0.048 0.042 0.037 0.032 0.031 0.031 0.030 0.030 0.029 0.029 0.029 0.030 0.030 0.030 0.031 0.033 0.044 0.057 0.070 0.083 0.098 0.112 0.127 0.143 0.159 0.176 0.194 0.211 0.213 0.215
0.676 0.665 0.652 0.675 0.727 0.773 0.814 0.848 0.877 0.900 0.919 0.950 0.982 1.016 1.052 1.089 1.128 1.169 1.212 1.256 1.302 1.350 1.390 1.292 1.193 1.091 0.988 0.883 0.776 0.667 0.556 0.443 0.328 0.211 0.096 0.088 0.081 0.074 0.067 0.061 0.055 0.050 0.044 0.040 0.035 0.031 0.027 0.027 0.027 0.027 0.027 0.027 0.027 0.028 0.029 0.029 0.030 0.032 0.033 0.046 0.060 0.075 0.091 0.107 0.123 0.140 0.158 0.177 0.195 0.213 0.230 0.233 0.235
0.676 0.725 0.768 0.805 0.837 0.862 0.882 0.897 0.905 0.908 0.905 0.940 0.978 1.018 1.060 1.104 1.149 1.196 1.245 1.295 1.347 1.401 1.456 1.365 1.259 1.150 1.040 0.928 0.814 0.698 0.580 0.460 0.339 0.215 0.089 0.069 0.063 0.058 0.052 0.047 0.043 0.039 0.035 0.031 0.028 0.025 0.023 0.023 0.023 0.023 0.024 0.025 0.025 0.027 0.028 0.029 0.030 0.032 0.034 0.047 0.067 0.087 0.107 0.126 0.144 0.163 0.180 0.197 0.213 0.229 0.244 0.250 0.254
0.872 0.901 0.924 0.941 0.952 0.958 0.957 0.951 0.940 0.922 0.899 0.929 0.973 1.019 1.067 1.116 1.168 1.221 1.275 1.332 1.390 1.450 1.511 1.439 1.326 1.211 1.094 0.975 0.854 0.732 0.607 0.480 0.352 0.221 0.089 0.051 0.046 0.041 0.037 0.034 0.030 0.027 0.025 0.022 0.020 0.019 0.018 0.018 0.019 0.020 0.021 0.022 0.023 0.028 0.033 0.040 0.048 0.056 0.066 0.082 0.101 0.120 0.137 0.155 0.171 0.187 0.203 0.218 0.232 0.246 0.259 0.267 0.272
1.075 1.083 1.086 1.082 1.073 1.059 1.038 1.012 0.980 0.943 0.899 0.915 0.966 1.018 1.072 1.127 1.185 1.244 1.304 1.367 1.431 1.497 1.564 1.516 1.396 1.274 1.150 1.024 0.897 0.767 0.635 0.502 0.367 0.229 0.090 0.031 0.028 0.025 0.022 0.020 0.017 0.016 0.014 0.013 0.013 0.012 0.013 0.015 0.018 0.023 0.028 0.034 0.041 0.049 0.058 0.068 0.079 0.091 0.104 0.119 0.136 0.153 0.169 0.184 0.198 0.213 0.226 0.239 0.252 0.263 0.275 0.283 0.290
1.283 1.271 1.254 1.230 1.201 1.166 1.126 1.079 1.027 0.969 0.906 0.900 0.957 1.015 1.075 1.136 1.200 1.265 1.331 1.400 1.470 1.542 1.615 1.594 1.467 1.339 1.208 1.075 0.941 0.804 0.666 0.526 0.383 0.239 0.093 0.012 0.010 0.008 0.007 0.008 0.009 0.010 0.011 0.012 0.012 0.013 0.013 0.016 0.022 0.030 0.039 0.048 0.058 0.070 0.082 0.095 0.110 0.125 0.141 0.157 0.172 0.186 0.200 0.213 0.226 0.238 0.250 0.261 0.271 0.281 0.291 0.299 0.308
1.498 1.466 1.428 1.384 1.335 1.280 1.219 1.152 1.080 1.002 0.919 0.883 0.946 1.010 1.076 1.143 1.213 1.284 1.356 1.431 1.507 1.585 1.665 1.674 1.541 1.405 1.268 1.128 0.987 0.844 0.699 0.550 0.399 0.250 0.105 0.007 0.008 0.009 0.010 0.011 0.012 0.012 0.013 0.013 0.013 0.013 0.013 0.016 0.026 0.037 0.048 0.061 0.075 0.089 0.105 0.122 0.139 0.157 0.177 0.195 0.208 0.221 0.232 0.244 0.254 0.265 0.274 0.283 0.292 0.300 0.307 0.315 0.325
1.718 1.666 1.608 1.544 1.475 1.399 1.318 1.232 1.139 1.041 0.937 0.864 0.933 1.003 1.075 1.149 1.224 1.301 1.380 1.460 1.542 1.626 1.712 1.757 1.606 1.444 1.286 1.131 0.978 0.828 0.681 0.537 0.396 0.258 0.122 0.012 0.013 0.014 0.014 0.014 0.015 0.015 0.015 0.015 0.014 0.014 0.013 0.015 0.028 0.042 0.057 0.073 0.090 0.108 0.127 0.147 0.168 0.189 0.212 0.234 0.245 0.255 0.265 0.274 0.283 0.291 0.299 0.306 0.313 0.319 0.324 0.330 0.341
1.945 1.872 1.794 1.710 1.621 1.525 1.424 1.317 1.205 1.086 0.962 0.843 0.918 0.994 1.072 1.152 1.233 1.311 1.384 1.452 1.516 1.575 1.631 1.674 1.520 1.368 1.220 1.075 0.932 0.792 0.655 0.521 0.390 0.262 0.137 0.018 0.018 0.018 0.018 0.018 0.018 0.017 0.017 0.016 0.015 0.015 0.014 0.013 0.029 0.047 0.065 0.084 0.105 0.126 0.148 0.171 0.195 0.220 0.246 0.273 0.282 0.290 0.298 0.306 0.312 0.319 0.324 0.330 0.334 0.338 0.342 0.344 0.357
2.178 2.085 1.986 1.882 1.772 1.657 1.536 1.409 1.276 1.138 1.000 0.862 0.922 1.001 1.075 1.145 1.211 1.273 1.330 1.384 1.433 1.478 1.519 1.555 1.431 1.289 1.151 1.016 0.883 0.753 0.627 0.503 0.382 0.264 0.148 0.036 0.023 0.023 0.022 0.022 0.021 0.020 0.019 0.018 0.017 0.015 0.014 0.012 0.030 0.050 0.072 0.095 0.118 0.143 0.168 0.194 0.222 0.250 0.279 0.309 0.319 0.326 0.332 0.337 0.342 0.346 0.350 0.353 0.356 0.358 0.359 0.360 0.373
2.416 2.303 2.185 2.057 1.927 1.794 1.659 1.522 1.382 1.240 1.095 0.948 0.962 1.026 1.085 1.141 1.192 1.239 1.282 1.320 1.355 1.385 1.412 1.434 1.339 1.208 1.079 0.954 0.832 0.712 0.595 0.481 0.370 0.262 0.157 0.054 0.028 0.027 0.026 0.025 0.024 0.023 0.021 0.020 0.018 0.017 0.015 0.013 0.029 0.053 0.078 0.104 0.131 0.159 0.187 0.217 0.247 0.279 0.311 0.345 0.358 0.362 0.366 0.370 0.372 0.375 0.377 0.380 0.388 0.397 0.406 0.416 0.432
2.616 2.484 2.350 2.214 2.075 1.934 1.791 1.645 1.496 1.346 1.192 1.037 1.005 1.055 1.100 1.140 1.177 1.209 1.238 1.262 1.282 1.297 1.309 1.316 1.244 1.123 1.005 0.889 0.777 0.667 0.561 0.457 0.356 0.258 0.162 0.070 0.033 0.032 0.031 0.029 0.028 0.026 0.024 0.022 0.020 0.018 0.015 0.013 0.028 0.055 0.083 0.112 0.142 0.173 0.205 0.238 0.272 0.307 0.343 0.379 0.397 0.402 0.408 0.414 0.422 0.430 0.439 0.449 0.459 0.471 0.483 0.497 0.508
2.801 2.661 2.519 2.374 2.227 2.077 1.925 1.770 1.613 1.454 1.292 1.128 1.054 1.088 1.118 1.145 1.166 1.184 1.198 1.207 1.213 1.214 1.211 1.203 1.146 1.035 0.927 0.822 0.720 0.620 0.523 0.429 0.339 0.250 0.165 0.083 0.038 0.037 0.035 0.033 0.031 0.029 0.027 0.024 0.022 0.019 0.016 0.013 0.025 0.056 0.087 0.120 0.153 0.190 0.229 0.268 0.307 0.345 0.383 0.421 0.445 0.452 0.461 0.470 0.481 0.492 0.504 0.517 0.530 0.544 0.560 0.576 0.585
2.989 2.840 2.689 2.536 2.380 2.222 2.061 1.898 1.733 1.565 1.394 1.222 1.106 1.126 1.142 1.153 1.160 1.164 1.163 1.157 1.148 1.135 1.117 1.095 1.046 0.945 0.847 0.752 0.659 0.570 0.483 0.399 0.318 0.240 0.165 0.093 0.044 0.042 0.040 0.037 0.035 0.032 0.029 0.026 0.023 0.020 0.028 0.032 0.044 0.083 0.123 0.162 0.200 0.239 0.277 0.315 0.352 0.390 0.427 0.463 0.491 0.502 0.514 0.526 0.539 0.553 0.568 0.583 0.600 0.617 0.635 0.654 0.665
3.179 3.022 2.862 2.700 2.536 2.369 2.200 2.028 1.854 1.678 1.499 1.318 1.163 1.168 1.169 1.166 1.159 1.148 1.132 1.112 1.088 1.060 1.028 0.991 0.943 0.852 0.764 0.678 0.596 0.517 0.440 0.366 0.295 0.227 0.162 0.100 0.049 0.047 0.044 0.075 0.105 0.127 0.142 0.150 0.151 0.145 0.132 0.112 0.097 0.136 0.174 0.212 0.250 0.287 0.324 0.361 0.398 0.434 0.470 0.506 0.538 0.551 0.565 0.581 0.597 0.613 0.631 0.649 0.669 0.689 0.710 0.731 0.746
3.370 3.206 3.038 2.868 2.695 2.519 2.342 2.161 1.979 1.794 1.606 1.417 1.225 1.215 1.202 1.184 1.162 1.136 1.106 1.071 1.033 0.990 0.943 0.892 0.837 0.756 0.678 0.602 0.530 0.460 0.394 0.331 0.306 0.291 0.286 0.290 0.303 0.329 0.347 0.359 0.363 0.361 0.352 0.335 0.312 0.281 0.244 0.199 0.151 0.189 0.226 0.263 0.300 0.336 0.372 0.408 0.444 0.479 0.514 0.549 0.583 0.599 0.616 0.634 0.653 0.673 0.693 0.715 0.737 0.760 0.783 0.808 0.830
3.549 3.393 3.216 3.037 2.856 2.672 2.485 2.297 2.106 1.912 1.716 1.518 1.317 1.266 1.238 1.206 1.169 1.129 1.084 1.035 0.982 0.925 0.863 0.797 0.729 0.672 0.624 0.586 0.557 0.537 0.527 0.526 0.534 0.552 0.579 0.615 0.661 0.668 0.662 0.649 0.629 0.602 0.568 0.527 0.479 0.424 0.362 0.293 0.217 0.241 0.278 0.314 0.350 0.385 0.420 0.455 0.490 0.524 0.558 0.592 0.626 0.646 0.666 0.687 0.709 0.731 0.755 0.779 0.804 0.829 0.856 0.883 0.912
3.733 3.582 3.397 3.209 3.019 2.827 2.632 2.435 2.235 2.033 1.829 1.622 1.413 1.322 1.279 1.232 1.181 1.128 1.074 1.018 0.960 0.898 0.834 0.767 0.698 0.661 0.646 0.640 0.644 0.657 0.679 0.711 0.752 0.802 0.862 0.931 1.009 1.014 0.983 0.946 0.901 0.850 0.791 0.726 0.653 0.574 0.487 0.394 0.293 0.294 0.330 0.365 0.400 0.434 0.469 0.502 0.536 0.570 0.603 0.636 0.668 0.693 0.715 0.739 0.764 0.789 0.815 0.842 0.870 0.899 0.928 0.958 0.989
3.923 3.773 3.579 3.383 3.185 2.984 2.781 2.575 2.367 2.156 1.956 1.753 1.527 1.390 1.338 1.283 1.226 1.166 1.103 1.037 0.969 0.898 0.824 0.748 0.669 0.640 0.657 0.684 0.721 0.766 0.821 0.886 0.959 1.043 1.135 1.237 1.348 1.366 1.311 1.249 1.180 1.104 1.021 0.931 0.834 0.730 0.619 0.501 0.376 0.348 0.382 0.416 0.450 0.484 0.517 0.550 0.583 0.615 0.647 0.679 0.711 0.738 0.764 0.790 0.818 0.846 0.875 0.905 0.935 0.967 0.999 1.032 1.066
4.120 3.967 3.765 3.624 3.501 3.356 3.187 2.995 2.780 2.542 2.281 1.996 1.689 1.469 1.407 1.343 1.276 1.207 1.134 1.059 0.981 0.901 0.817 0.731 0.643 0.609 0.659 0.719 0.788 0.866 0.954 1.051 1.157 1.273 1.398 1.532 1.676 1.726 1.646 1.560 1.466 1.366 1.258 1.144 1.022 0.894 0.758 0.616 0.466 0.401 0.435 0.468 0.501 0.533 0.566 0.598 0.629 0.661 0.692 0.723 0.754 0.783 0.811 0.841 0.871 0.902 0.934 0.966 1.021 1.109 1.197 1.285 1.373
4.983 4.880 4.722 4.542 4.338 4.111 3.861 3.588 3.292 2.973 2.630 2.264 1.876 1.551 1.480 1.406 1.330 1.250 1.168 1.084 0.996 0.906 0.814 0.718 0.620 0.568 0.651 0.744 0.845 0.956 1.077 1.206 1.345 1.493 1.651 1.818 1.994 2.092 1.988 1.877 1.759 1.634 1.502 1.363 1.217 1.064 0.904 0.737 0.563 0.455 0.487 0.519 0.551 0.583 0.614 0.645 0.676 0.707 0.737 0.767 0.797 0.854 0.942 1.030 1.118 1.206 1.294 1.382 1.470 1.558 1.646 1.734 1.822
6.206 5.984 5.746 5.484 5.199 4.891 4.560 4.205 3.828 3.428 3.004 2.557 2.087 1.636 1.555 1.472 1.386 1.297 1.206 1.111 1.014 0.915 0.812 0.707 0.600 0.518 0.634 0.759 0.893 1.036 1.189 1.352 1.523 1.704 1.894 2.094 2.303 2.464 2.336 2.200 2.058 1.908 1.752 1.589 1.418 1.241 1.057 0.865 0.667 0.509 0.540 0.571 0.602 0.633 0.778 0.971 1.124 1.235 1.305 1.334 1.321 1.304 1.391 1.479 1.567 1.655 1.743 1.831 1.919 2.007 2.095 2.183 2.271
7.468 7.118 6.793 6.450 6.084 5.695 5.283 4.847 4.389 3.907 3.402 2.875 2.324 1.750 1.633 1.540 1.445 1.347 1.246 1.142 1.035 0.926 0.814 0.700 0.582 0.462 0.606 0.764 0.931 1.107 1.292 1.487 1.691 1.905 2.127 2.360 2.601 2.843 2.691 2.531 2.364 2.190 2.009 1.821 1.626 1.425 1.216 1.176 1.249 1.372 1.628 1.843 2.016 2.148 2.239 2.289 2.298 2.266 2.192 2.077 1.921 1.752 1.840 1.928 2.016 2.104 2.192 2.279 2.367 2.455 2.543 2.631 2.719
