DATA/SHG/ECMWF/20170628/EN-27/20170712.en-27.asc
ncols        190
nrows        64
xllcorner    -5100000.000000000000
yllcorner    4130000.000000000000
cellsize     10000.000000000000
NODATA_value  -99999.000
[rows 0 to 32 of 64, columns 74 to 147 of 190]
15.805 15.492 15.141 14.751 14.324 13.858 13.353 12.950 12.935 12.935 12.901 12.833 12.730 12.593 12.421 12.216 11.975 11.701 11.392 11.044 10.689 10.359 10.038 9.725 9.421 9.125 8.839 8.561 8.292 8.031 7.779 7.506 7.142 6.786 6.439 6.101 5.772 5.451 5.139 4.835 4.540 4.253 3.976 3.802 3.927 4.050 4.170 4.287 4.402 4.514 4.624 4.732 4.836 4.939 5.039 5.045 4.785 4.527 4.271 4.018 3.766 3.517 3.269 3.024 2.781 2.540 2.301 2.101 2.004 1.909 1.814 1.720 1.626 1.533
16.096 15.593 15.104 14.650 14.232 13.850 13.505 13.236 13.150 13.030 12.876 12.687 12.464 12.207 11.915 11.589 11.229 10.835 10.406 9.958 9.642 9.351 9.068 8.795 8.530 8.273 8.026 7.787 7.556 7.335 7.122 6.903 6.578 6.261 5.953 5.653 5.362 5.080 4.806 4.541 4.284 4.036 3.797 3.610 3.724 3.835 3.944 4.050 4.154 4.255 4.353 4.450 4.543 4.635 4.723 4.763 4.512 4.263 4.017 3.773 3.530 3.290 3.052 2.816 2.582 2.351 2.121 1.914 1.821 1.728 1.637 1.546 1.455 1.366
15.644 15.244 14.881 14.553 14.262 14.006 13.787 13.602 13.396 13.156 12.882 12.573 12.230 11.853 11.441 10.995 10.515 10.001 9.452 8.870 8.586 8.334 8.091 7.856 7.630 7.413 7.204 7.004 6.813 6.630 6.456 6.291 6.005 5.727 5.457 5.196 4.944 4.700 4.465 4.238 4.020 3.811 3.610 3.420 3.523 3.623 3.720 3.815 3.908 3.998 4.086 4.171 4.253 4.333 4.411 4.478 4.237 3.998 3.761 3.526 3.293 3.062 2.833 2.606 2.382 2.160 1.939 1.740 1.681 1.627 1.579 1.537 1.499 1.467
15.135 14.862 14.624 14.423 14.258 14.128 14.035 13.977 13.674 13.313 12.919 12.490 12.027 11.530 10.999 10.433 9.833 9.199 8.531 7.828 7.522 7.309 7.105 6.909 6.722 6.543 6.374 6.213 6.061 5.917 5.782 5.656 5.424 5.184 4.953 4.731 4.517 4.311 4.114 3.926 3.747 3.576 3.413 3.260 3.325 3.414 3.500 3.584 3.666 3.745 3.821 3.895 3.966 4.035 4.102 4.166 3.960 3.730 3.531 3.356 3.178 2.995 2.808 2.617 2.421 2.222 2.019 1.811 1.764 1.735 1.710 1.691 1.678 1.670
14.594 14.447 14.335 14.260 14.220 14.217 14.249 14.318 13.982 13.502 12.988 12.439 11.856 11.240 10.588 9.903 9.184 8.430 7.642 6.820 6.450 6.276 6.110 5.954 5.805 5.666 5.535 5.413 5.300 5.195 5.099 5.012 4.835 4.633 4.440 4.256 4.081 3.914 3.756 3.606 3.465 3.332 3.208 3.093 3.130 3.207 3.283 3.356 3.426 3.527 3.654 3.779 3.904 4.027 4.149 4.271 4.151 3.966 3.777 3.584 3.387 3.186 2.980 2.771 2.557 2.340 2.118 1.892 1.842 1.836 1.836 1.841 1.851 1.866
14.020 13.998 14.013 14.063 14.150 14.272 14.430 14.624 14.322 13.722 13.088 12.420 11.717 10.981 10.210 9.405 8.566 7.692 6.785 5.843 5.370 5.234 5.108 4.990 4.881 4.780 4.688 4.605 4.531 4.465 4.407 4.359 4.236 4.073 3.919 3.773 3.636 3.508 3.388 3.277 3.219 3.192 3.161 3.126 3.197 3.324 3.451 3.576 3.700 3.822 3.944 4.065 4.184 4.303 4.420 4.537 4.437 4.234 4.027 3.815 3.600 3.380 3.157 2.929 2.697 2.461 2.221 1.977 1.914 1.932 1.956 1.984 2.018 2.057
13.413 13.517 13.657 13.834 14.046 14.294 14.578 14.897 14.693 13.973 13.219 12.431 11.609 10.753 9.863 8.938 7.980 6.987 5.960 4.899 4.281 4.185 4.097 4.018 3.948 3.886 3.833 3.789 3.753 3.726 3.707 3.782 3.838 3.823 3.805 3.783 3.758 3.728 3.696 3.659 3.619 3.575 3.528 3.476 3.518 3.640 3.761 3.881 4.000 4.118 4.235 4.351 4.466 4.580 4.692 4.804 4.728 4.506 4.280 4.051 3.817 3.579 3.337 3.091 2.841 2.587 2.328 2.066 1.981 2.023 2.070 2.122 2.180 2.243
12.773 13.003 13.269 13.571 13.908 14.282 14.692 15.137 15.094 14.255 13.382 12.474 11.533 10.557 9.547 8.504 7.426 6.314 5.167 3.987 3.184 3.127 3.169 3.256 3.353 3.459 3.573 3.697 3.829 3.971 4.121 4.280 4.372 4.341 4.306 4.268 4.226 4.180 4.131 4.078 4.022 3.961 3.897 3.830 3.838 3.956 4.072 4.188 4.302 4.415 4.527 4.638 4.748 4.857 4.965 5.071 5.022 4.782 4.538 4.290 4.038 3.782 3.521 3.257 2.989 2.716 2.440 2.159 2.043 2.108 2.179 2.255 2.336 2.423
12.100 12.456 12.847 13.275 13.738 14.237 14.772 15.343 15.527 14.568 13.576 12.549 11.488 10.393 9.263 8.131 7.022 5.936 4.874 3.835 3.069 3.178 3.297 3.425 3.562 3.707 3.862 4.025 4.198 4.379 4.569 4.769 4.909 4.862 4.811 4.756 4.698 4.636 4.570 4.501 4.428 4.351 4.271 4.187 4.160 4.273 4.384 4.495 4.604 4.712 4.820 4.926 5.031 5.135 5.238 5.340 5.320 5.062 4.800 4.533 4.263 3.988 3.710 3.427 3.140 2.850 2.555 2.256 2.099 2.188 2.283 2.382 2.487 2.598
11.394 11.876 12.393 12.946 13.534 14.159 14.819 15.464 15.753 14.562 13.394 12.249 11.128 10.030 8.956 7.905 6.878 5.874 4.893 3.936 3.107 3.257 3.416 3.583 3.760 3.945 4.140 4.343 4.556 4.777 5.007 5.247 5.450 5.386 5.319 5.248 5.173 5.094 5.012 4.927 4.837 4.744 4.648 4.547 4.482 4.590 4.697 4.802 4.907 5.010 5.113 5.214 5.314 5.414 5.512 5.609 5.622 5.345 5.065 4.780 4.492 4.199 3.902 3.601 3.296 2.987 2.674 2.357 2.150 2.263 2.381 2.504 2.633 2.767
10.676 11.285 11.872 12.439 12.985 13.509 14.013 14.495 14.936 13.826 12.740 11.677 10.637 9.621 8.629 7.659 6.713 5.791 4.892 4.016 3.160 3.325 3.524 3.731 3.948 4.173 4.408 4.651 4.903 5.164 5.435 5.714 5.994 5.914 5.830 5.742 5.651 5.557 5.458 5.356 5.250 5.141 5.028 4.911 4.805 4.908 5.010 5.111 5.211 5.309 5.407 5.503 5.599 5.693 5.786 5.878 5.928 5.633 5.334 5.031 4.724 4.413 4.098 3.779 3.456 3.129 2.797 2.462 2.195 2.332 2.473 2.620 2.773 2.930
10.242 10.777 11.292 11.785 12.257 12.708 13.137 13.546 13.933 13.070 12.066 11.084 10.126 9.192 8.280 7.393 6.528 5.687 4.869 4.075 3.301 3.383 3.622 3.869 4.125 4.391 4.665 4.948 5.240 5.541 5.851 6.170 6.498 6.445 6.344 6.241 6.133 6.022 5.907 5.789 5.666 5.541 5.411 5.278 5.142 5.227 5.324 5.420 5.515 5.609 5.701 5.793 5.884 5.973 6.062 6.149 6.235 5.924 5.607 5.286 4.961 4.632 4.298 3.961 3.620 3.274 2.924 2.571 2.248 2.418 2.594 2.777 2.966 3.161
9.829 10.290 10.731 11.151 11.549 11.927 12.283 12.618 12.932 12.295 11.371 10.471 9.595 8.742 7.912 7.106 6.322 5.563 4.826 4.113 3.421 3.431 3.709 3.997 4.293 4.598 4.912 5.235 5.567 5.908 6.258 6.616 6.984 6.979 6.862 6.742 6.618 6.491 6.359 6.225 6.086 5.944 5.798 5.649 5.496 5.547 5.639 5.730 5.820 5.909 5.997 6.084 6.169 6.254 6.338 6.420 6.502 6.219 5.848 5.446 5.055 4.678 4.313 3.961 3.622 3.295 2.981 2.680 2.391 2.557 2.762 2.973 3.190 3.414
9.436 9.824 10.191 10.537 10.862 11.166 11.449 11.711 11.951 11.499 10.657 9.838 9.043 8.271 7.523 6.798 6.096 5.418 4.763 4.131 3.520 3.468 3.787 4.114 4.450 4.795 5.149 5.512 5.883 6.264 6.654 7.052 7.459 7.516 7.383 7.247 7.106 6.963 6.815 6.664 6.509 6.351 6.189 6.023 5.854 5.867 5.954 6.040 6.126 6.187 6.214 6.228 6.228 6.215 6.189 6.149 6.095 5.797 5.438 5.092 4.758 4.437 4.128 3.832 3.549 3.279 3.021 2.776 2.543 2.689 2.922 3.162 3.408 3.660
9.063 9.378 9.671 9.944 10.196 10.426 10.636 10.824 10.991 10.683 9.922 9.185 8.471 7.781 7.114 6.470 5.849 5.252 4.678 4.128 3.598 3.496 3.854 4.221 4.597 4.981 5.375 5.778 6.189 6.610 7.039 7.477 7.924 8.057 7.908 7.755 7.598 7.438 7.274 7.107 6.914 6.704 6.503 6.310 6.125 6.070 6.092 6.099 6.094 6.075 6.042 5.996 5.937 5.864 5.778 5.678 5.565 5.318 5.016 4.725 4.448 4.183 3.931 3.691 3.464 3.250 3.048 2.859 2.682 2.815 3.077 3.345 3.619 3.899
8.710 8.952 9.172 9.371 9.550 9.707 9.843 9.958 10.052 9.846 9.167 8.511 7.879 7.270 6.684 6.121 5.582 5.066 4.573 4.104 3.656 3.513 3.911 4.317 4.733 5.158 5.591 6.033 6.485 6.945 7.414 7.852 8.252 8.385 8.155 7.933 7.719 7.514 7.316 7.126 6.945 6.771 6.606 6.449 6.299 6.211 6.172 6.120 6.055 5.976 5.884 5.778 5.660 5.527 5.381 5.222 5.050 4.827 4.581 4.347 4.125 3.916 3.720 3.537 3.366 3.208 3.062 2.929 2.809 2.935 3.225 3.521 3.823 4.132
8.378 8.546 8.693 8.819 8.924 9.008 9.071 9.112 9.133 8.990 8.392 7.818 7.266 6.738 6.233 5.752 5.294 4.859 4.447 4.059 3.693 3.520 3.958 4.393 4.820 5.240 5.652 6.056 6.452 6.841 7.221 7.595 7.960 8.156 7.962 7.776 7.598 7.428 7.267 7.113 6.967 6.830 6.700 6.579 6.466 6.365 6.267 6.155 6.030 5.892 5.740 5.575 5.397 5.205 4.999 4.781 4.549 4.324 4.134 3.956 3.790 3.638 3.498 3.370 3.256 3.153 3.064 2.987 2.923 3.048 3.366 3.690 4.021 4.358
8.065 8.160 8.234 8.287 8.318 8.329 8.319 8.287 8.235 8.114 7.597 7.104 6.633 6.186 5.770 5.451 5.133 4.815 4.497 4.180 3.859 3.609 4.017 4.418 4.811 5.196 5.574 5.944 6.306 6.660 7.007 7.346 7.677 7.919 7.761 7.611 7.469 7.335 7.209 7.091 6.981 6.879 6.786 6.700 6.623 6.534 6.376 6.205 6.020 5.822 5.611 5.386 5.148 4.897 4.632 4.354 4.062 3.809 3.674 3.552 3.443 3.347 3.263 3.191 3.132 3.086 3.053 3.032 3.024 3.154 3.500 3.853 4.212 4.578
7.773 7.795 7.795 7.775 7.733 7.671 7.588 7.504 7.519 7.543 7.233 6.914 6.596 6.278 5.959 5.642 5.324 5.006 4.689 4.372 4.051 3.727 4.085 4.451 4.810 5.161 5.504 5.840 6.168 6.489 6.801 7.106 7.403 7.673 7.551 7.436 7.330 7.232 7.142 7.060 6.986 6.920 6.863 6.813 6.771 6.716 6.499 6.268 6.024 5.767 5.496 5.212 4.914 4.603 4.279 3.941 3.590 3.281 3.202 3.137 3.083 3.043 3.015 3.000 2.997 3.007 3.029 3.064 3.112 3.254 3.629 4.009 4.397 4.790
7.504 7.483 7.472 7.471 7.481 7.500 7.530 7.570 7.620 7.680 7.420 7.102 6.784 6.467 6.149 5.832 5.514 5.197 4.880 4.563 4.243 3.920 4.160 4.493 4.817 5.134 5.444 5.745 6.039 6.326 6.604 6.875 7.138 7.394 7.332 7.254 7.183 7.121 7.067 7.021 6.983 6.953 6.931 6.917 6.911 6.912 6.636 6.345 6.042 5.725 5.395 5.051 4.694 4.324 3.940 3.543 3.133 2.741 2.718 2.709 2.711 2.727 2.755 2.796 2.849 2.915 2.993 3.084 3.188 3.347 3.750 4.159 4.575 4.997
7.313 7.327 7.352 7.386 7.431 7.486 7.551 7.627 7.712 7.808 7.608 7.290 6.973 6.655 6.338 6.021 5.704 5.388 5.071 4.755 4.435 4.112 4.245 4.543 4.834 5.116 5.392 5.659 5.919 6.171 6.416 6.652 6.882 7.103 7.105 7.062 7.028 7.002 6.983 6.973 6.971 6.976 6.990 7.012 7.042 7.080 6.786 6.437 6.074 5.698 5.308 4.905 4.489 4.059 3.616 3.159 2.690 2.207 2.222 2.268 2.327 2.398 2.482 2.579 2.688 2.810 2.944 3.091 3.254 3.429 3.827 4.206 4.567 4.911
7.112 7.162 7.222 7.292 7.372 7.462 7.563 7.674 7.794 7.925 7.795 7.478 7.161 6.844 6.527 6.210 5.894 5.578 5.262 4.946 4.626 4.304 4.337 4.602 4.858 5.107 5.348 5.582 5.807 6.025 6.236 6.439 6.634 6.821 6.869 6.863 6.864 6.873 6.891 6.916 6.950 6.991 7.041 7.099 7.164 7.238 6.951 6.542 6.120 5.684 5.235 4.773 4.297 3.808 3.306 2.790 2.261 1.719 1.713 1.864 2.081 2.286 2.479 2.661 2.831 2.989 3.136 3.271 3.395 3.506 3.809 4.108 4.388 4.651
6.902 6.987 7.083 7.188 7.304 7.429 7.565 7.711 7.867 8.034 7.982 7.665 7.348 7.032 6.716 6.399 6.083 5.767 5.452 5.136 4.817 4.495 4.439 4.669 4.891 5.106 5.313 5.512 5.704 5.888 6.065 6.234 6.395 6.548 6.625 6.655 6.692 6.737 6.790 6.851 6.920 6.998 7.083 7.176 7.278 7.387 7.130 6.662 6.180 5.685 5.189 4.721 4.268 3.833 3.415 3.013 2.628 2.260 2.304 2.480 2.645 2.799 2.940 3.070 3.189 3.296 3.391 3.474 3.546 3.606 3.809 4.027 4.227 4.409
6.683 6.804 6.934 7.075 7.226 7.387 7.558 7.739 7.931 8.132 8.168 7.852 7.536 7.220 6.904 6.588 6.272 5.957 5.642 5.327 5.008 4.686 4.548 4.744 4.933 5.114 5.287 5.452 5.610 5.760 5.902 6.037 6.164 6.284 6.373 6.438 6.511 6.591 6.680 6.777 6.882 6.989 7.088 7.184 7.278 7.370 7.160 6.698 6.253 5.825 5.414 5.019 4.642 4.281 3.937 3.610 3.299 3.006 2.983 3.108 3.221 3.323 3.413 3.491 3.558 3.613 3.657 3.689 3.709 3.718 3.827 3.965 4.085 4.186
6.455 6.611 6.777 6.953 7.139 7.335 7.542 7.758 7.985 8.222 8.355 8.039 7.723 7.407 7.092 6.776 6.461 6.146 5.831 5.517 5.199 4.877 4.666 4.828 4.983 5.130 5.269 5.400 5.524 5.640 5.748 5.849 5.952 6.060 6.161 6.264 6.366 6.465 6.563 6.658 6.752 6.843 6.932 7.019 7.104 7.186 7.069 6.682 6.311 5.957 5.621 5.301 4.997 4.711 4.441 4.188 3.952 3.733 3.673 3.746 3.808 3.858 3.897 3.924 3.939 3.942 3.935 3.915 3.884 3.841 3.864 3.921 3.960 3.981
6.217 6.408 6.610 6.821 7.042 7.274 7.516 7.768 8.029 8.301 8.540 8.225 7.910 7.594 7.279 6.964 6.650 6.335 6.021 5.706 5.389 5.068 4.793 4.938 5.099 5.248 5.386 5.512 5.627 5.730 5.821 5.901 5.969 6.025 6.081 6.176 6.268 6.358 6.447 6.533 6.617 6.699 6.778 6.856 6.932 7.005 6.960 6.647 6.351 6.072 5.809 5.564 5.335 5.123 4.927 4.749 4.587 4.442 4.374 4.396 4.406 4.405 4.392 4.367 4.331 4.283 4.223 4.152 4.069 3.975 3.918 3.895 3.853 3.794
5.970 6.197 6.433 6.680 6.937 7.204 7.480 7.767 8.065 8.372 8.689 8.411 8.096 7.781 7.467 7.148 6.817 6.511 6.231 5.976 5.740 5.519 5.319 5.432 5.542 5.639 5.726 5.800 5.863 5.914 5.954 5.982 5.999 6.003 6.004 6.089 6.173 6.254 6.333 6.409 6.484 6.557 6.628 6.696 6.762 6.827 6.834 6.595 6.374 6.169 5.981 5.809 5.654 5.517 5.395 5.291 5.204 5.133 5.086 5.056 5.015 4.962 4.898 4.821 4.734 4.634 4.523 4.401 4.267 4.121 3.990 3.886 3.765 3.625
5.714 5.976 6.248 6.530 6.822 7.124 7.436 7.758 8.077 8.340 8.584 8.328 7.984 7.664 7.371 7.102 6.860 6.643 6.451 6.285 6.138 6.007 5.895 5.939 5.997 6.043 6.077 6.100 6.112 6.111 6.100 6.076 6.041 5.994 5.936 6.006 6.079 6.151 6.221 6.289 6.354 6.418 6.479 6.538 6.596 6.651 6.690 6.526 6.379 6.248 6.134 6.037 5.956 5.893 5.846 5.816 5.802 5.806 5.809 5.728 5.635 5.531 5.415 5.287 5.148 4.997 4.835 4.661 4.475 4.278 4.080 3.896 3.694 3.474
5.449 5.757 6.085 6.393 6.684 6.956 7.210 7.445 7.663 7.861 8.042 7.906 7.649 7.419 7.214 7.034 6.880 6.751 6.648 6.570 6.513 6.471 6.449 6.458 6.464 6.459 6.442 6.413 6.373 6.321 6.258 6.183 6.096 5.998 5.888 5.924 5.989 6.051 6.112 6.170 6.227 6.281 6.333 6.383 6.431 6.477 6.521 6.439 6.366 6.309 6.269 6.246 6.240 6.251 6.278 6.322 6.383 6.460 6.543 6.411 6.266 6.111 5.943 5.764 5.573 5.371 5.158 4.932 4.695 4.447 4.188 3.924 3.642 3.341
5.523 5.805 6.069 6.314 6.541 6.749 6.940 7.112 7.265 7.401 7.518 7.460 7.293 7.151 7.034 6.943 6.877 6.837 6.822 6.833 6.864 6.911 6.979 6.989 6.944 6.887 6.819 6.738 6.647 6.543 6.428 6.302 6.164 6.014 5.853 5.845 5.900 5.954 6.005 6.054 6.101 6.146 6.189 6.230 6.269 6.306 6.340 6.334 6.335 6.353 6.387 6.438 6.506 6.591 6.692 6.810 6.945 7.097 7.265 7.104 6.909 6.701 6.483 6.252 6.010 5.757 5.491 5.215 4.926 4.626 4.360 4.140 3.909 3.666
5.651 5.870 6.070 6.251 6.415 6.560 6.687 6.795 6.885 6.957 7.011 6.992 6.913 6.859 6.831 6.828 6.851 6.899 6.973 7.072 7.192 7.328 7.485 7.533 7.436 7.328 7.208 7.076 6.933 6.778 6.612 6.434 6.244 6.043 5.830 5.768 5.814 5.858 5.901 5.941 5.978 6.014 6.048 6.080 6.109 6.137 6.162 6.212 6.287 6.379 6.487 6.613 6.755 6.913 7.089 7.281 7.490 7.715 7.958 7.809 7.562 7.269 6.931 6.629 6.365 6.138 5.947 5.794 5.678 5.599 5.556 5.302 5.020 4.727
5.797 5.951 6.088 6.206 6.306 6.388 6.451 6.496 6.523 6.531 6.522 6.502 6.511 6.546 6.606 6.691 6.802 6.939 7.101 7.288 7.496 7.722 7.968 8.089 7.941 7.781 7.610 7.426 7.232 7.025 6.808 6.578 6.337 6.084 5.820 5.694 5.731 5.766 5.798 5.829 5.858 5.885 5.909 5.932 5.952 5.970 5.987 6.073 6.222 6.387 6.570 6.769 6.988 7.193 7.358 7.484 7.569 7.614 7.619 7.415 7.166 6.955 6.780 6.642 6.541 6.477 6.450 6.461 6.508 6.592 6.713 6.473 6.141 5.797
5.959 6.050 6.123 6.178 6.214 6.232 6.232 6.214 6.178 6.123 6.050 5.988 6.086 6.209 6.357 6.531 6.731 6.955 7.205 7.481 7.778 8.093 8.428 8.658 8.458 8.247 8.024 7.789 7.543 7.285 7.016 6.735 6.443 6.139 5.823 5.621 5.649 5.675 5.699 5.720 5.740 5.757 5.773 5.820 5.974 6.148 6.341 6.573 6.801 6.990 7.138 7.246 7.315 7.343 7.332 7.280 7.189 7.057 6.886 6.736 6.651 6.603 6.591 6.617 6.679 6.779 6.916 7.089 7.300 7.547 7.832 7.654 7.271 6.878
