DATA/SHG/ECMWF/20170628/EN-27/20170628.en-27.asc
ncols        190
nrows        64
xllcorner    -5100000.000000000000
yllcorner    4130000.000000000000
cellsize     10000.000000000000
NODATA_value  -99999.000
[rows 0 to 32 of 64, columns 74 to 147 of 190]
6.047 5.839 5.618 5.385 5.138 4.878 4.605 4.458 4.632 4.809 4.981 5.147 5.309 5.465 5.617 5.763 5.904 6.040 6.171 6.241 6.132 6.037 5.955 5.886 5.831 5.790 5.762 5.747 5.745 5.757 5.783 5.816 5.825 5.813 5.782 5.730 5.658 5.565 5.453 5.320 5.168 4.995 4.801 4.681 4.835 4.981 5.119 5.250 5.372 5.487 5.594 5.693 5.784 5.868 5.943 5.965 5.854 5.752 5.660 5.576 5.502 5.436 5.380 5.333 5.295 5.266 5.246 5.194 5.039 4.901 4.777 4.670 4.578 4.502
6.410 6.124 5.835 5.557 5.287 5.028 4.778 4.609 4.773 4.932 5.086 5.235 5.378 5.517 5.650 5.778 5.902 6.020 6.133 6.223 6.174 6.139 6.117 6.109 6.114 6.132 6.164 6.209 6.267 6.339 6.424 6.503 6.421 6.319 6.197 6.055 5.893 5.710 5.508 5.285 5.042 4.779 4.495 4.247 4.366 4.477 4.580 4.676 4.764 4.843 4.916 4.980 5.036 5.085 5.125 5.144 5.073 5.012 4.960 4.917 4.884 4.859 4.843 4.837 4.839 4.851 4.871 4.882 4.797 4.728 4.675 4.637 4.615 4.608
6.405 6.141 5.886 5.640 5.405 5.179 4.962 4.772 4.918 5.059 5.195 5.326 5.452 5.573 5.688 5.799 5.904 6.004 6.099 6.189 6.202 6.226 6.264 6.316 6.380 6.459 6.550 6.655 6.773 6.905 7.050 7.209 7.039 6.847 6.635 6.402 6.150 5.877 5.584 5.271 4.938 4.585 4.211 3.822 3.906 3.982 4.051 4.111 4.164 4.209 4.246 4.276 4.297 4.311 4.317 4.314 4.285 4.264 4.253 4.250 4.257 4.273 4.298 4.332 4.375 4.427 4.488 4.593 4.645 4.698 4.750 4.802 4.855 4.907
6.379 6.149 5.927 5.715 5.513 5.321 5.138 4.964 5.068 5.192 5.310 5.423 5.530 5.633 5.731 5.823 5.911 5.993 6.070 6.142 6.214 6.298 6.396 6.507 6.632 6.770 6.921 7.086 7.264 7.456 7.660 7.879 7.678 7.396 7.093 6.771 6.428 6.065 5.682 5.279 4.856 4.413 3.949 3.465 3.455 3.496 3.530 3.556 3.574 3.584 3.586 3.581 3.567 3.546 3.517 3.481 3.487 3.508 3.643 3.866 4.070 4.256 4.422 4.570 4.699 4.809 4.900 4.971 5.024 5.077 5.129 5.181 5.233 5.285
6.345 6.148 5.960 5.781 5.613 5.454 5.304 5.164 5.223 5.328 5.428 5.523 5.613 5.698 5.778 5.853 5.922 5.987 6.046 6.100 6.210 6.355 6.512 6.684 6.868 7.066 7.277 7.501 7.739 7.990 8.255 8.533 8.339 7.966 7.574 7.161 6.728 6.275 5.802 5.309 4.796 4.263 3.709 3.136 3.013 3.019 3.018 3.009 2.992 3.107 3.327 3.536 3.735 3.924 4.104 4.273 4.461 4.638 4.795 4.934 5.054 5.155 5.237 5.301 5.345 5.371 5.377 5.365 5.403 5.455 5.507 5.558 5.610 5.662
6.301 6.138 5.983 5.838 5.703 5.578 5.462 5.355 5.382 5.469 5.551 5.629 5.701 5.768 5.830 5.887 5.938 5.985 6.026 6.063 6.192 6.396 6.614 6.844 7.089 7.346 7.617 7.901 8.199 8.510 8.834 9.171 9.020 8.558 8.075 7.572 7.050 6.507 5.944 5.361 4.871 4.470 4.091 3.733 3.767 3.991 4.205 4.410 4.604 4.789 4.964 5.128 5.283 5.428 5.563 5.689 5.800 5.892 5.966 6.020 6.056 6.073 6.070 6.049 6.009 5.951 5.873 5.776 5.781 5.833 5.884 5.936 5.987 6.039
6.249 6.119 5.998 5.887 5.785 5.693 5.610 5.537 5.545 5.615 5.679 5.739 5.793 5.842 5.886 5.925 5.959 5.988 6.011 6.030 6.159 6.422 6.700 6.990 7.294 7.611 7.942 8.286 8.643 9.013 9.397 9.803 9.756 9.279 8.823 8.389 7.976 7.585 7.216 6.868 6.541 6.236 5.953 5.692 5.678 5.858 6.028 6.188 6.338 6.478 6.609 6.729 6.840 6.940 7.031 7.112 7.157 7.165 7.154 7.124 7.075 7.008 6.921 6.816 6.692 6.549 6.387 6.206 6.159 6.210 6.261 6.313 6.364 6.415
6.188 6.091 6.004 5.926 5.857 5.799 5.749 5.710 5.713 5.765 5.811 5.853 5.889 5.921 5.947 5.968 5.984 5.995 6.001 6.002 6.110 6.434 6.823 7.236 7.649 8.061 8.473 8.886 9.298 9.710 10.121 10.533 10.634 10.252 9.893 9.554 9.238 8.943 8.669 8.417 8.186 7.978 7.790 7.624 7.597 7.733 7.858 7.974 8.080 8.176 8.262 8.338 8.404 8.461 8.507 8.544 8.531 8.455 8.360 8.246 8.113 7.961 7.790 7.601 7.393 7.165 6.919 6.655 6.536 6.587 6.638 6.689 6.740 6.790
6.118 6.054 6.000 5.956 5.921 5.896 5.880 5.874 5.885 5.919 5.948 5.972 5.990 6.004 6.022 6.089 6.173 6.274 6.393 6.530 6.734 7.146 7.559 7.971 8.383 8.795 9.206 9.618 10.029 10.441 10.852 11.263 11.487 11.201 10.937 10.695 10.474 10.275 10.097 9.941 9.806 9.693 9.601 9.531 9.524 9.616 9.697 9.768 9.830 9.881 9.923 9.955 9.977 9.989 9.991 9.983 9.923 9.762 9.583 9.385 9.168 8.932 8.677 8.404 8.111 7.800 7.470 7.121 6.913 6.963 7.014 7.065 7.115 7.166
6.039 6.009 5.988 5.977 5.976 5.984 6.001 6.024 6.036 6.059 6.100 6.157 6.232 6.325 6.435 6.562 6.707 6.869 7.048 7.245 7.469 7.881 8.293 8.704 9.116 9.527 9.938 10.349 10.760 11.170 11.581 11.991 12.315 12.125 11.957 11.811 11.686 11.582 11.500 11.440 11.401 11.383 11.387 11.413 11.459 11.506 11.543 11.570 11.587 11.595 11.592 11.580 11.557 11.525 11.483 11.431 11.332 11.088 10.824 10.542 10.241 9.921 9.582 9.224 8.848 8.453 8.039 7.606 7.289 7.339 7.390 7.440 7.490 7.541
5.969 6.002 6.028 6.049 6.065 6.074 6.077 6.075 6.068 6.152 6.253 6.371 6.507 6.660 6.831 7.019 7.224 7.447 7.687 7.944 8.208 8.615 9.026 9.437 9.848 10.259 10.669 11.079 11.489 11.899 12.309 12.719 13.118 13.024 12.952 12.901 12.872 12.864 12.878 12.913 12.970 13.048 13.147 13.269 13.402 13.404 13.397 13.380 13.353 13.316 13.269 13.213 13.146 13.070 12.984 12.888 12.759 12.430 12.083 11.717 11.331 10.928 10.505 10.063 9.603 9.124 8.626 8.109 7.665 7.715 7.765 7.815 7.865 7.915
6.168 6.180 6.187 6.187 6.182 6.171 6.155 6.132 6.104 6.229 6.390 6.569 6.766 6.980 7.211 7.459 7.725 8.008 8.309 8.627 8.951 9.349 9.759 10.169 10.579 10.989 11.399 11.809 12.218 12.627 13.037 13.446 13.855 13.899 13.922 13.967 14.033 14.121 14.230 14.361 14.513 14.687 14.882 15.099 15.337 15.311 15.259 15.198 15.127 15.045 14.955 14.854 14.743 14.623 14.492 14.352 14.202 13.791 13.359 12.909 12.440 11.952 11.445 10.920 10.376 9.813 9.231 8.594 7.951 7.956 7.974 8.004 8.046 8.101
6.372 6.364 6.350 6.330 6.305 6.274 6.237 6.194 6.146 6.289 6.511 6.751 7.008 7.282 7.574 7.883 8.209 8.553 8.914 9.293 9.678 10.081 10.490 10.900 11.310 11.719 12.128 12.537 12.946 13.355 13.763 14.171 14.580 14.748 14.867 15.008 15.170 15.353 15.558 15.784 16.032 16.301 16.592 16.904 17.237 17.225 17.129 17.023 16.908 16.783 16.648 16.503 16.348 16.183 16.009 15.825 15.631 15.168 14.545 13.807 13.083 12.374 11.680 11.000 10.335 9.684 9.048 8.426 7.819 7.835 7.909 7.994 8.093 8.203
6.580 6.552 6.518 6.478 6.433 6.382 6.325 6.262 6.193 6.334 6.616 6.917 7.234 7.569 7.921 8.291 8.677 9.082 9.503 9.942 10.388 10.812 11.221 11.630 12.039 12.447 12.856 13.264 13.673 14.081 14.489 14.896 15.304 15.573 15.788 16.024 16.281 16.560 16.860 17.182 17.525 17.890 18.276 18.683 19.112 19.146 19.007 18.857 18.697 18.385 17.918 17.451 16.984 16.517 16.050 15.582 15.115 14.469 13.781 13.107 12.448 11.804 11.174 10.559 9.958 9.372 8.801 8.244 7.701 7.702 7.831 7.973 8.127 8.293
6.794 6.746 6.692 6.632 6.566 6.495 6.417 6.334 6.246 6.362 6.705 7.066 7.444 7.839 8.252 8.682 9.129 9.594 10.075 10.575 11.081 11.542 11.951 12.359 12.767 13.175 13.583 13.991 14.398 14.806 15.213 15.620 16.027 16.373 16.683 17.015 17.368 17.742 18.137 18.554 18.852 19.021 19.193 19.368 19.547 19.344 18.877 18.410 17.943 17.475 17.008 16.541 16.073 15.606 15.138 14.671 14.203 13.626 13.003 12.394 11.799 11.220 10.655 10.104 9.568 9.046 8.539 8.047 7.569 7.557 7.741 7.939 8.148 8.370
7.013 6.945 6.870 6.790 6.704 6.613 6.515 6.412 6.303 6.375 6.778 7.199 7.638 8.094 8.567 9.057 9.564 10.089 10.631 11.191 11.758 12.272 12.679 13.087 13.495 13.902 14.309 14.716 15.123 15.530 15.937 16.235 16.431 16.607 16.767 16.930 17.096 17.266 17.440 17.617 17.798 17.982 18.170 18.361 18.556 18.437 17.970 17.503 17.035 16.568 16.100 15.632 15.164 14.697 14.229 13.760 13.292 12.769 12.211 11.666 11.137 10.622 10.121 9.635 9.163 8.706 8.264 7.836 7.423 7.399 7.639 7.892 8.157 8.435
7.238 7.149 7.054 6.954 6.848 6.736 6.619 6.495 6.366 6.371 6.835 7.317 7.815 8.331 8.865 9.415 9.983 10.569 11.171 11.791 12.419 13.000 13.312 13.544 13.768 13.985 14.193 14.394 14.587 14.772 14.949 15.118 15.279 15.439 15.615 15.794 15.976 16.162 16.351 16.544 16.741 16.941 17.144 17.351 17.562 17.532 17.064 16.597 16.129 15.661 15.193 14.725 14.257 13.788 13.320 12.852 12.383 11.899 11.405 10.925 10.460 10.010 9.574 9.152 8.745 8.352 7.974 7.611 7.262 7.229 7.525 7.833 8.154 8.487
7.467 7.358 7.243 7.123 6.997 6.865 6.727 6.584 6.435 6.351 6.876 7.418 7.977 8.553 9.141 9.646 10.134 10.603 11.054 11.487 11.913 12.314 12.519 12.716 12.906 13.087 13.261 13.427 13.585 13.735 13.877 14.011 14.138 14.269 14.460 14.655 14.853 15.055 15.260 15.469 15.682 15.897 16.117 16.340 16.566 16.629 16.161 15.692 15.224 14.756 14.288 13.819 13.351 12.882 12.413 11.944 11.475 11.016 10.586 10.171 9.770 9.384 9.012 8.655 8.313 7.984 7.671 7.372 7.087 7.047 7.398 7.762 8.138 8.527
7.701 7.572 7.438 7.297 7.151 6.999 6.841 6.677 6.509 6.344 6.862 7.377 7.874 8.353 8.814 9.256 9.680 10.085 10.473 10.842 11.204 11.562 11.736 11.899 12.053 12.200 12.339 12.470 12.593 12.708 12.815 12.915 13.007 13.096 13.304 13.514 13.728 13.946 14.167 14.392 14.620 14.851 15.087 15.325 15.568 15.726 15.258 14.789 14.321 13.852 13.383 12.915 12.446 11.977 11.508 11.038 10.569 10.118 9.753 9.402 9.066 8.744 8.437 8.144 7.866 7.602 7.353 7.118 6.898 6.852 7.259 7.678 8.110 8.555
7.932 7.757 7.583 7.412 7.243 7.077 6.912 6.750 6.590 6.432 6.806 7.258 7.692 8.107 8.504 8.882 9.243 9.585 9.909 10.214 10.512 10.806 10.963 11.091 11.210 11.322 11.426 11.523 11.611 11.691 11.764 11.829 11.885 11.934 12.145 12.371 12.601 12.834 13.071 13.312 13.556 13.803 14.054 14.309 14.567 14.826 14.357 13.888 13.419 12.950 12.481 12.012 11.542 11.073 10.603 10.134 9.664 9.207 8.906 8.620 8.348 8.091 7.848 7.620 7.406 7.206 7.021 6.851 6.695 6.646 7.108 7.583 8.070 8.570
7.950 7.782 7.616 7.453 7.292 7.133 6.976 6.821 6.669 6.519 6.767 7.156 7.526 7.877 8.211 8.526 8.823 9.101 9.362 9.603 9.838 10.067 10.200 10.293 10.378 10.455 10.524 10.585 10.639 10.685 10.722 10.752 10.774 10.789 10.983 11.225 11.471 11.720 11.973 12.229 12.489 12.752 13.019 13.289 13.563 13.840 13.457 12.988 12.518 12.049 11.579 11.110 10.640 10.170 9.701 9.231 8.761 8.290 8.046 7.824 7.617 7.423 7.245 7.081 6.931 6.796 6.675 6.569 6.517 6.518 7.136 7.796 8.498 9.242
7.965 7.805 7.647 7.491 7.338 7.186 7.037 6.890 6.746 6.603 6.745 7.070 7.377 7.665 7.935 8.186 8.420 8.635 8.832 9.010 9.181 9.346 9.447 9.505 9.555 9.597 9.632 9.658 9.677 9.688 9.691 9.686 9.673 9.653 9.819 10.078 10.339 10.604 10.873 11.145 11.420 11.699 11.982 12.268 12.557 12.850 12.559 12.089 11.619 11.149 10.680 10.210 9.740 9.269 8.799 8.329 7.858 7.388 7.172 7.160 7.335 7.466 7.552 7.594 7.592 7.545 7.454 7.319 7.139 6.915 7.651 8.498 9.386 10.317
7.978 7.826 7.676 7.528 7.382 7.238 7.097 6.957 6.820 6.686 6.740 7.001 7.244 7.469 7.675 7.864 8.034 8.185 8.319 8.434 8.541 8.642 8.703 8.726 8.742 8.749 8.749 8.741 8.725 8.701 8.669 8.630 8.583 8.527 8.653 8.927 9.205 9.485 9.770 10.058 10.349 10.644 10.942 11.244 11.549 11.858 11.662 11.192 10.722 10.251 9.843 9.579 9.385 9.262 9.209 9.227 9.315 9.474 9.573 9.595 9.573 9.507 9.397 9.242 9.043 8.800 8.513 8.181 7.805 7.385 8.124 9.156 10.231 11.348
7.990 7.845 7.702 7.562 7.424 7.288 7.154 7.022 6.893 6.766 6.751 6.949 7.129 7.290 7.433 7.558 7.664 7.753 7.823 7.875 7.918 7.955 7.969 7.958 7.938 7.911 7.876 7.834 7.783 7.724 7.658 7.584 7.502 7.412 7.485 7.775 8.068 8.364 8.664 8.968 9.275 9.609 9.964 10.291 10.591 10.864 10.829 10.596 10.433 10.340 10.318 10.367 10.485 10.674 10.934 11.264 11.665 12.135 12.246 12.072 11.854 11.591 11.284 10.933 10.538 10.098 9.614 9.086 8.514 7.897 8.554 9.773 11.033 12.336
7.999 7.862 7.727 7.594 7.463 7.335 7.209 7.085 6.963 6.844 6.779 6.914 7.030 7.128 7.207 7.269 7.312 7.337 7.344 7.333 7.312 7.285 7.245 7.199 7.145 7.083 7.014 6.936 6.851 6.758 6.657 6.548 6.491 6.540 6.723 7.148 7.545 7.915 8.258 8.573 8.862 9.123 9.356 9.562 9.741 9.893 9.981 10.060 10.210 10.429 10.719 11.080 11.511 12.012 12.584 13.226 13.938 14.721 14.961 14.591 14.176 13.717 13.214 12.667 12.075 11.439 10.759 10.035 9.266 8.454 8.941 10.346 11.793 13.282
8.006 7.877 7.749 7.624 7.501 7.381 7.262 7.146 7.032 6.920 6.824 6.895 6.948 6.982 6.999 6.997 6.977 6.939 6.882 6.808 6.723 6.633 6.531 6.471 6.451 6.447 6.457 6.482 6.522 6.577 6.647 6.732 6.832 6.947 7.113 7.417 7.693 7.942 8.164 8.358 8.526 8.666 8.778 8.864 8.922 8.953 9.060 9.451 9.912 10.444 11.046 11.719 12.461 13.275 14.158 15.112 16.136 17.230 17.718 17.152 16.541 15.885 15.186 14.443 13.655 12.823 11.947 11.027 10.062 9.054 9.287 10.877 12.510 14.184
8.011 7.889 7.770 7.652 7.537 7.424 7.313 7.204 7.098 6.994 6.892 6.893 6.882 6.854 6.807 6.738 6.639 6.544 6.454 6.369 6.294 6.229 6.168 6.197 6.244 6.306 6.382 6.474 6.580 6.702 6.838 6.989 7.155 7.337 7.532 7.715 7.870 7.998 8.099 8.173 8.219 8.238 8.230 8.195 8.132 8.042 8.065 8.768 9.542 10.385 11.299 12.283 13.338 14.462 15.657 16.923 18.258 19.664 20.518 19.755 18.947 18.096 17.201 16.261 15.278 14.250 13.178 12.062 10.901 9.697 9.589 11.366 13.184 15.044
8.014 7.900 7.788 7.678 7.571 7.465 7.362 7.261 7.146 6.967 6.784 6.663 6.561 6.464 6.372 6.284 6.202 6.123 6.050 5.981 5.923 5.874 5.829 5.907 6.020 6.148 6.291 6.449 6.622 6.810 7.012 7.230 7.462 7.710 7.972 8.042 8.077 8.084 8.064 8.017 7.943 7.841 7.712 7.556 7.372 7.162 6.997 8.012 9.097 10.252 11.477 12.773 14.139 15.575 17.081 18.658 20.305 22.022 23.358 22.399 21.396 20.349 19.258 18.122 16.943 15.719 14.451 13.140 11.784 10.383 9.850 11.812 13.816 15.861
8.015 7.892 7.729 7.561 7.389 7.213 7.032 6.847 6.657 6.463 6.265 6.140 6.055 5.974 5.898 5.827 5.761 5.699 5.642 5.590 5.548 5.516 5.487 5.601 5.780 5.975 6.184 6.408 6.647 6.901 7.170 7.453 7.752 8.066 8.394 8.399 8.313 8.199 8.059 7.891 7.696 7.473 7.224 6.947 6.643 6.312 5.953 7.182 8.579 10.045 11.582 13.189 14.866 16.613 18.431 20.318 22.276 24.304 26.241 25.086 23.887 22.644 21.357 20.026 18.651 17.231 15.768 14.261 12.709 11.113 10.068 12.216 14.405 16.636
7.689 7.514 7.336 7.153 6.966 6.774 6.578 6.378 6.173 5.964 5.750 5.614 5.545 5.481 5.421 5.366 5.316 5.271 5.230 5.194 5.169 5.153 5.141 5.278 5.524 5.784 6.060 6.350 6.655 6.975 7.310 7.660 8.025 8.405 8.800 8.785 8.578 8.344 8.083 7.794 7.478 7.135 6.765 6.368 5.943 5.491 5.012 6.279 7.987 9.765 11.612 13.530 15.519 17.577 19.705 21.904 24.173 26.511 28.920 27.815 26.420 24.982 23.499 21.972 20.401 18.787 17.128 15.425 13.677 11.886 10.261 12.564 14.804 16.979
7.330 7.141 6.947 6.749 6.547 6.340 6.129 5.913 5.694 5.469 5.241 5.084 5.031 4.983 4.940 4.902 4.868 4.839 4.815 4.795 4.786 4.787 4.792 4.939 5.251 5.577 5.919 6.276 6.647 7.033 7.434 7.851 8.281 8.727 9.188 9.200 8.873 8.518 8.136 7.727 7.291 6.827 6.336 5.819 5.274 4.701 4.102 5.303 7.321 9.410 11.569 13.798 16.097 18.466 20.905 23.414 25.994 28.643 31.362 30.586 28.995 27.262 25.340 23.450 21.590 19.760 17.962 16.195 14.458 12.753 11.078 12.861 14.819 16.713
6.977 6.772 6.564 6.350 6.133 5.911 5.685 5.454 5.219 4.980 4.736 4.550 4.514 4.482 4.456 4.434 4.416 4.404 4.396 4.393 4.400 4.417 4.439 4.583 4.961 5.354 5.762 6.185 6.622 7.075 7.542 8.024 8.521 9.033 9.560 9.644 9.196 8.721 8.219 7.689 7.132 6.548 5.937 5.299 4.634 3.941 3.221 4.253 6.583 8.982 11.452 13.991 16.580 19.121 21.628 24.101 26.540 28.944 31.314 30.681 28.833 27.017 25.231 23.476 21.752 20.058 18.396 16.765 15.164 13.594 12.055 13.219 14.896 16.509
6.628 6.408 6.184 5.956 5.723 5.486 5.245 4.999 4.749 4.494 4.236 4.013 3.993 3.978 3.968 3.962 3.961 3.965 3.973 3.986 4.010 4.044 4.082 4.212 4.656 5.115 5.588 6.077 6.581 7.099 7.632 8.181 8.744 9.322 9.915 10.118 9.549 8.954 8.331 7.681 7.004 6.299 5.568 4.858 4.272 3.677 3.074 3.967 6.528 9.056 11.549 14.009 16.433 18.824 21.181 23.503 25.791 28.044 30.264 30.133 28.421 26.740 25.090 23.471 21.883 20.325 18.799 17.303 15.838 14.404 13.000 13.640 15.036 16.368
