DATA/SHG/ECMWF/20170628/EN-27/20170706.en-27.asc
ncols        190
nrows        64
xllcorner    -5100000.000000000000
yllcorner    4130000.000000000000
cellsize     10000.000000000000
NODATA_value  -99999.000
[rows 0 to 31 of 64, columns 72 to 143 of 190]
4.168 3.907 3.646 3.383 3.121 2.858 2.594 2.329 2.064 1.990 2.432 2.917 3.397 3.872 4.342 4.806 5.265 5.718 6.166 6.609 7.046 7.471 7.857 8.230 8.595 8.951 9.298 9.638 9.968 10.290 10.604 10.909 11.206 11.420 11.379 11.320 11.243 11.148 11.035 10.904 10.755 10.588 10.403 10.200 9.979 9.676 9.183 8.707 8.249 7.808 7.385 6.979 6.591 6.221 5.868 5.533 5.215 5.022 5.150 5.276 5.401 5.524 5.646 5.766 5.884 6.001 6.116 6.230 6.342 6.363 6.134 5.906
3.854 3.591 3.327 3.132 2.969 2.823 2.692 2.577 2.478 2.492 2.964 3.431 3.893 4.349 4.800 5.245 5.685 6.120 6.549 6.973 7.392 7.800 8.148 8.483 8.810 9.128 9.438 9.739 10.032 10.316 10.592 10.859 11.118 11.327 11.206 11.066 10.909 10.733 10.540 10.328 10.099 9.851 9.586 9.302 9.001 8.669 8.254 7.857 7.477 7.115 6.770 6.443 6.134 5.842 5.567 5.311 5.071 4.896 5.017 5.137 5.254 5.371 5.485 5.598 5.710 5.820 5.928 6.035 6.140 6.195 5.973 5.753
3.846 3.692 3.553 3.430 3.323 3.232 3.157 3.097 3.053 3.048 3.501 3.949 4.392 4.830 5.262 5.688 6.110 6.526 6.937 7.342 7.742 8.137 8.449 8.746 9.035 9.315 9.587 9.850 10.105 10.351 10.589 10.818 11.039 11.252 11.053 10.833 10.595 10.339 10.065 9.773 9.463 9.135 8.789 8.425 8.043 7.644 7.308 6.989 6.688 6.404 6.138 5.889 5.658 5.445 5.249 5.070 4.909 4.772 4.886 4.999 5.110 5.219 5.327 5.433 5.537 5.640 5.742 5.842 5.940 6.069 5.959 5.867
3.964 3.865 3.781 3.714 3.662 3.626 3.606 3.601 3.613 3.640 4.042 4.471 4.895 5.314 5.728 6.136 6.539 6.936 7.328 7.715 8.097 8.473 8.759 9.018 9.269 9.511 9.745 9.970 10.187 10.396 10.596 10.787 10.970 11.145 10.919 10.619 10.301 9.964 9.610 9.238 8.847 8.439 8.013 7.569 7.107 6.627 6.344 6.104 5.881 5.676 5.488 5.318 5.165 5.030 4.912 4.812 4.730 4.665 4.757 4.863 4.996 5.160 5.331 5.508 5.691 5.881 6.076 6.278 6.485 6.699 6.686 6.673
4.067 4.023 3.995 3.982 3.986 4.005 4.040 4.091 4.157 4.239 4.587 4.997 5.403 5.803 6.198 6.587 6.972 7.350 7.724 8.092 8.455 8.813 9.078 9.299 9.512 9.716 9.912 10.100 10.279 10.449 10.612 10.765 10.910 11.047 10.806 10.425 10.027 9.610 9.176 8.723 8.252 7.764 7.258 6.733 6.191 5.631 5.364 5.202 5.057 4.930 4.821 4.790 4.811 4.828 4.840 4.849 4.854 4.855 4.994 5.174 5.360 5.552 5.750 5.955 6.165 6.382 6.605 6.834 7.069 7.310 7.395 7.460
4.154 4.166 4.193 4.235 4.294 4.368 4.458 4.564 4.686 4.823 5.135 5.527 5.914 6.296 6.672 7.043 7.409 7.769 8.124 8.473 8.818 9.157 9.406 9.589 9.764 9.931 10.089 10.239 10.380 10.512 10.637 10.752 10.860 10.959 10.713 10.252 9.773 9.276 8.761 8.229 7.678 7.109 6.588 6.123 5.679 5.254 5.129 5.152 5.171 5.185 5.196 5.203 5.207 5.206 5.201 5.193 5.181 5.165 5.296 5.504 5.717 5.937 6.162 6.394 6.632 6.876 7.127 7.383 7.646 7.914 8.085 8.228
4.227 4.293 4.376 4.473 4.587 4.717 4.862 5.023 5.199 5.392 5.688 6.061 6.430 6.793 7.150 7.503 7.850 8.191 8.528 8.859 9.185 9.505 9.743 9.888 10.026 10.154 10.275 10.387 10.490 10.585 10.671 10.749 10.819 10.843 10.566 10.030 9.514 9.018 8.543 8.087 7.652 7.237 6.842 6.466 6.111 5.776 5.633 5.638 5.639 5.637 5.630 5.620 5.606 5.588 5.566 5.540 5.511 5.477 5.592 5.827 6.067 6.314 6.568 6.827 7.092 7.364 7.641 7.925 8.215 8.511 8.756 8.978
4.285 4.406 4.543 4.696 4.865 5.050 5.250 5.466 5.698 5.945 6.245 6.600 6.949 7.294 7.633 7.966 8.295 8.618 8.936 9.248 9.555 9.857 10.089 10.197 10.234 10.243 10.251 10.257 10.262 10.265 10.266 10.266 10.264 10.261 10.081 9.635 9.208 8.802 8.416 8.050 7.705 7.379 7.073 6.788 6.522 6.276 6.139 6.127 6.111 6.091 6.068 6.040 6.009 5.973 5.934 5.891 5.844 5.794 5.881 6.143 6.411 6.685 6.966 7.252 7.545 7.844 8.149 8.460 8.778 9.101 9.409 9.710
4.327 4.504 4.696 4.904 5.128 5.368 5.623 5.894 6.180 6.483 6.805 7.142 7.473 7.799 8.119 8.434 8.722 8.917 9.101 9.275 9.438 9.591 9.708 9.714 9.718 9.720 9.721 9.720 9.717 9.713 9.708 9.700 9.691 9.681 9.575 9.218 8.882 8.565 8.268 7.992 7.736 7.499 7.283 7.087 6.911 6.754 6.649 6.620 6.586 6.549 6.508 6.463 6.415 6.362 6.306 6.245 6.181 6.113 6.163 6.452 6.748 7.049 7.357 7.671 7.991 8.318 8.650 8.989 9.333 9.684 10.044 10.422
4.355 4.587 4.834 5.097 5.376 5.670 5.981 6.306 6.648 6.979 7.250 7.471 7.682 7.882 8.072 8.251 8.420 8.578 8.726 8.864 8.990 9.107 9.209 9.207 9.204 9.199 9.193 9.185 9.175 9.164 9.152 9.137 9.121 9.104 9.048 8.781 8.533 8.306 8.099 7.912 7.745 7.598 7.471 7.364 7.277 7.210 7.162 7.116 7.065 7.011 6.953 6.890 6.824 6.755 6.681 6.603 6.522 6.437 6.438 6.755 7.078 7.407 7.742 8.083 8.431 8.784 9.144 9.510 9.882 10.260 10.660 11.116
4.368 4.655 4.956 5.255 5.549 5.836 6.117 6.391 6.660 6.922 7.177 7.362 7.536 7.700 7.853 7.996 8.128 8.250 8.361 8.462 8.552 8.632 8.710 8.703 8.693 8.681 8.668 8.653 8.636 8.618 8.598 8.577 8.554 8.529 8.499 8.322 8.164 8.026 7.908 7.810 7.733 7.675 7.637 7.620 7.622 7.644 7.679 7.615 7.547 7.476 7.400 7.321 7.238 7.151 7.060 6.965 6.866 6.764 6.706 7.051 7.401 7.757 8.120 8.488 8.863 9.244 9.631 10.024 10.423 10.829 11.257 11.792
4.482 4.772 5.056 5.334 5.605 5.871 6.130 6.383 6.630 6.870 7.105 7.262 7.399 7.527 7.643 7.750 7.846 7.931 8.006 8.070 8.124 8.168 8.208 8.201 8.184 8.165 8.145 8.123 8.099 8.074 8.047 8.018 7.988 7.957 7.924 7.841 7.773 7.724 7.696 7.687 7.699 7.730 7.782 7.853 7.945 8.056 8.188 8.118 8.033 7.944 7.851 7.755 7.654 7.550 7.442 7.330 7.214 7.094 6.971 7.339 7.717 8.101 8.490 8.886 9.288 9.697 10.111 10.531 10.958 11.410 11.901 12.594
4.631 4.899 5.162 5.418 5.668 5.912 6.149 6.380 6.605 6.824 7.037 7.172 7.273 7.364 7.444 7.514 7.573 7.622 7.661 7.689 7.706 7.713 7.717 7.702 7.678 7.652 7.625 7.595 7.565 7.532 7.498 7.463 7.426 7.387 7.347 7.340 7.361 7.401 7.462 7.543 7.643 7.764 7.904 8.065 8.246 8.446 8.667 8.625 8.522 8.416 8.306 8.192 8.074 7.953 7.827 7.698 7.565 7.428 7.287 7.622 8.043 8.491 8.946 9.410 9.881 10.359 10.846 11.340 11.842 12.352 12.870 13.741
4.786 5.032 5.273 5.508 5.736 5.958 6.174 6.383 6.587 6.784 6.975 7.091 7.156 7.210 7.254 7.287 7.310 7.323 7.325 7.317 7.298 7.269 7.236 7.206 7.174 7.141 7.107 7.071 7.033 6.993 6.953 6.910 6.866 6.820 6.773 6.817 6.927 7.057 7.207 7.376 7.566 7.776 8.005 8.255 8.525 8.814 9.124 9.134 9.015 8.891 8.764 8.653 8.559 8.458 8.351 8.238 8.120 7.994 7.863 8.190 8.665 9.147 9.637 10.135 10.640 11.153 11.674 12.203 12.740 13.284 13.836 14.842
4.946 5.171 5.390 5.603 5.810 6.010 6.204 6.392 6.574 6.750 6.919 7.020 7.048 7.066 7.074 7.071 7.058 7.034 7.000 6.955 6.900 6.834 6.765 6.712 6.673 6.633 6.591 6.548 6.503 6.457 6.409 6.360 6.308 6.256 6.201 6.274 6.472 6.691 6.930 7.189 7.467 7.766 8.138 8.562 8.980 9.391 9.796 9.904 9.806 9.702 9.593 9.477 9.355 9.227 9.093 8.953 8.807 8.655 8.497 8.768 9.277 9.794 10.318 10.851 11.391 11.938 12.494 13.057 13.629 14.207 14.794 15.895
5.112 5.315 5.513 5.704 5.889 6.068 6.240 6.407 6.567 6.721 6.869 6.959 6.951 6.932 6.904 6.864 6.815 6.754 6.684 6.603 6.512 6.410 6.304 6.220 6.174 6.127 6.079 6.028 5.977 5.923 5.868 5.812 5.753 5.796 5.939 6.212 6.653 7.087 7.514 7.935 8.350 8.758 9.160 9.556 9.945 10.327 10.703 10.841 10.717 10.586 10.449 10.306 10.157 10.002 9.841 9.674 9.500 9.321 9.136 9.337 9.880 10.432 10.991 11.558 12.132 12.714 13.305 13.902 14.508 15.121 15.743 16.901
5.283 5.465 5.641 5.810 5.974 6.131 6.282 6.427 6.565 6.698 6.824 6.907 6.863 6.808 6.743 6.667 6.581 6.485 6.378 6.261 6.133 5.995 5.853 5.731 5.751 5.836 5.935 6.045 6.168 6.304 6.452 6.613 6.786 6.972 7.171 7.440 7.852 8.257 8.656 9.049 9.435 9.814 10.188 10.555 10.915 11.269 11.617 11.784 11.632 11.474 11.310 11.140 10.964 10.782 10.594 10.399 10.199 9.993 9.780 9.897 10.475 11.061 11.654 12.256 12.865 13.481 14.106 14.738 15.378 16.026 16.682 17.860
5.460 5.621 5.775 5.923 6.064 6.200 6.329 6.453 6.570 6.681 6.785 6.865 6.785 6.694 6.592 6.480 6.367 6.364 6.359 6.350 6.340 6.327 6.302 6.281 6.410 6.551 6.705 6.871 7.050 7.242 7.446 7.662 7.891 8.133 8.387 8.673 9.056 9.433 9.803 10.167 10.525 10.876 11.221 11.559 11.891 12.217 12.536 12.732 12.553 12.368 12.177 11.980 11.777 11.567 11.352 11.130 10.903 10.669 10.430 10.448 11.060 11.681 12.309 12.945 13.588 14.239 14.899 15.565 16.240 16.922 17.612 18.772
5.643 5.781 5.914 6.040 6.161 6.275 6.383 6.484 6.580 6.682 6.859 7.056 7.061 7.059 7.055 7.048 7.039 7.027 7.012 6.995 6.976 6.954 6.920 6.875 7.054 7.251 7.460 7.683 7.917 8.164 8.424 8.696 8.981 9.278 9.588 9.911 10.266 10.614 10.956 11.291 11.620 11.943 12.259 12.569 12.872 13.169 13.460 13.685 13.479 13.267 13.049 12.825 12.594 12.358 12.115 11.867 11.612 11.352 11.085 10.990 11.637 12.292 12.955 13.625 14.303 14.989 15.682 16.383 17.092 17.809 18.533 19.637
5.831 5.948 6.055 6.162 6.289 6.436 6.602 6.789 6.995 7.222 7.468 7.734 7.769 7.758 7.745 7.730 7.711 7.691 7.667 7.642 7.614 7.583 7.540 7.486 7.683 7.936 8.201 8.479 8.769 9.072 9.387 9.715 10.055 10.408 10.773 11.151 11.481 11.801 12.114 12.421 12.721 13.015 13.303 13.584 13.859 14.128 14.390 14.644 14.411 14.171 13.926 13.675 13.417 13.154 12.884 12.609 12.327 12.039 11.746 11.524 12.205 12.894 13.591 14.296 15.008 15.729 16.456 17.192 17.935 18.686 19.445 20.455
5.797 5.933 6.090 6.266 6.462 6.678 6.914 7.170 7.446 7.742 8.057 8.393 8.478 8.459 8.437 8.412 8.385 8.356 8.324 8.290 8.253 8.213 8.162 8.099 8.297 8.605 8.926 9.259 9.605 9.964 10.334 10.718 11.114 11.522 11.943 12.376 12.701 12.992 13.277 13.555 13.827 14.093 14.352 14.605 14.851 15.092 15.325 15.552 15.347 15.081 14.809 14.530 14.246 13.955 13.659 13.356 13.047 12.732 12.412 12.085 12.764 13.488 14.219 14.958 15.705 16.460 17.222 17.992 18.770 19.555 20.307 21.064
5.674 5.880 6.106 6.351 6.617 6.902 7.208 7.533 7.878 8.243 8.628 9.032 9.189 9.161 9.130 9.096 9.061 9.023 8.982 8.939 8.893 8.845 8.785 8.713 8.896 9.260 9.636 10.025 10.427 10.841 11.267 11.706 12.157 12.621 13.097 13.586 13.927 14.189 14.446 14.695 14.939 15.176 15.407 15.631 15.849 16.061 16.266 16.465 16.289 15.996 15.696 15.391 15.079 14.762 14.438 14.108 13.773 13.431 13.083 12.729 13.315 14.099 14.904 15.682 16.432 17.156 17.852 18.520 19.162 19.776 20.362 20.922
5.533 5.808 6.103 6.418 6.753 7.108 7.482 7.876 8.291 8.725 9.179 9.653 9.901 9.864 9.824 9.782 9.738 9.691 9.641 9.589 9.535 9.478 9.409 9.328 9.480 9.900 10.332 10.776 11.233 11.702 12.184 12.679 13.185 13.705 14.237 14.781 15.157 15.392 15.619 15.841 16.056 16.265 16.467 16.663 16.852 17.036 17.212 17.383 17.236 16.916 16.589 16.257 15.898 15.529 15.195 14.897 14.633 14.405 14.211 14.052 14.557 15.269 15.953 16.610 17.240 17.842 18.417 18.965 19.485 19.979 20.445 20.883
5.373 5.717 6.082 6.466 6.870 7.294 7.738 8.201 8.684 9.188 9.711 10.254 10.614 10.568 10.520 10.469 10.416 10.360 10.302 10.241 10.178 10.112 10.034 9.945 10.049 10.524 11.012 11.512 12.024 12.549 13.086 13.636 14.198 14.773 15.360 15.960 16.393 16.599 16.799 16.992 17.178 17.359 17.532 17.658 17.699 17.716 17.708 17.677 17.451 17.098 16.779 16.496 16.247 16.034 15.855 15.711 15.603 15.529 15.490 15.486 15.875 16.466 17.029 17.565 18.074 18.555 19.009 19.436 19.836 20.208 20.554 20.871
5.194 5.608 6.042 6.495 6.968 7.461 7.974 8.507 9.059 9.632 10.224 10.836 11.328 11.274 11.217 11.157 11.095 11.031 10.964 10.894 10.823 10.748 10.662 10.563 10.604 11.134 11.677 12.232 12.800 13.381 13.973 14.579 15.196 15.826 16.452 17.065 17.529 17.632 17.710 17.765 17.795 17.801 17.783 17.741 17.674 17.583 17.468 17.329 17.144 16.945 16.782 16.653 16.560 16.501 16.477 16.488 16.535 16.616 16.732 16.883 17.218 17.688 18.131 18.546 18.934 19.295 19.628 19.934 20.213 20.465 20.690 20.887
4.997 5.480 5.983 6.505 7.048 7.610 8.192 8.793 9.415 10.056 10.718 11.399 12.044 11.981 11.915 11.847 11.776 11.703 11.627 11.549 11.468 11.385 11.290 11.183 11.143 11.705 12.245 12.801 13.373 13.961 14.565 15.185 15.821 16.474 17.142 17.827 18.389 18.384 18.355 18.302 18.225 18.124 17.998 17.849 17.675 17.477 17.254 17.008 16.800 16.757 16.748 16.774 16.835 16.931 17.062 17.228 17.429 17.665 17.935 18.241 18.588 18.937 19.259 19.553 19.821 20.061 20.274 20.459 20.618 20.749 20.853 20.929
4.863 5.334 5.905 6.497 7.108 7.740 8.391 9.061 9.752 10.462 11.192 11.942 12.712 12.689 12.615 12.538 12.458 12.361 12.165 11.977 11.798 11.626 11.463 11.306 11.156 11.733 12.345 12.972 13.616 14.275 14.951 15.642 16.350 17.074 17.814 18.570 19.274 19.162 19.026 18.865 18.681 18.472 18.239 17.982 17.701 17.396 17.066 16.713 16.420 16.531 16.677 16.858 17.074 17.325 17.610 17.931 18.286 18.676 19.102 19.562 19.984 20.212 20.413 20.587 20.734 20.853 20.946 21.011 21.049 21.059 21.043 20.999
4.814 5.169 5.809 6.470 7.150 7.851 8.571 9.310 10.070 10.849 11.626 12.319 12.996 12.953 12.753 12.561 12.377 12.201 12.033 11.874 11.722 11.578 11.443 11.315 11.193 11.743 12.426 13.125 13.840 14.571 15.318 16.081 16.860 17.655 18.466 19.294 20.137 19.965 19.722 19.454 19.162 18.846 18.506 18.142 17.754 17.341 16.904 16.444 16.003 16.269 16.570 16.905 17.276 17.681 18.121 18.596 19.106 19.651 20.230 20.845 21.406 21.513 21.594 21.647 21.674 21.672 21.644 21.589 21.506 21.396 21.260 21.095
4.794 4.985 5.695 6.431 7.179 7.911 8.628 9.330 10.015 10.685 11.340 11.979 12.602 12.674 12.502 12.338 12.182 12.034 11.894 11.763 11.639 11.523 11.416 11.316 11.222 11.735 12.489 13.260 14.046 14.848 15.667 16.501 17.352 18.218 19.101 19.999 20.914 20.793 20.443 20.068 19.669 19.246 18.799 18.327 17.832 17.312 16.769 16.201 15.609 15.970 16.425 16.916 17.440 18.000 18.595 19.224 19.888 20.588 21.322 22.090 22.853 22.841 22.801 22.734 22.639 22.518 22.369 22.194 21.991 21.761 21.503 21.219
5.065 5.102 5.828 6.537 7.231 7.910 8.573 9.220 9.852 10.468 11.068 11.653 12.223 12.388 12.244 12.108 11.980 11.860 11.749 11.645 11.549 11.461 11.382 11.310 11.245 11.709 12.534 13.376 14.234 15.107 15.997 16.903 17.825 18.762 19.716 20.686 21.672 21.647 21.189 20.707 20.201 19.671 19.117 18.538 17.936 17.309 16.659 15.984 15.285 15.635 16.245 16.889 17.568 18.283 19.031 19.815 20.634 21.487 22.375 23.298 24.256 24.194 24.034 23.846 23.632 23.390 23.121 22.825 22.502 22.151 21.774 21.369
5.499 5.331 6.002 6.658 7.298 7.923 8.532 9.125 9.703 10.265 10.811 11.342 11.858 12.096 11.979 11.871 11.771 11.679 11.596 11.520 11.452 11.392 11.341 11.297 11.260 11.664 12.561 13.474 14.403 15.348 16.309 17.286 18.279 19.288 20.313 21.354 22.411 22.526 21.961 21.372 20.759 20.122 19.461 18.775 18.066 17.332 16.575 15.793 14.987 15.264 16.027 16.826 17.660 18.528 19.431 20.369 21.342 22.349 23.392 24.469 25.581 25.574 25.293 24.965 24.558 24.106 23.609 23.067 22.480 21.847 21.170 20.447
5.927 5.574 6.191 6.793 7.379 7.950 8.505 9.044 9.568 10.076 10.569 11.046 11.508 11.796 11.708 11.628 11.556 11.492 11.436 11.388 11.348 11.316 11.293 11.277 11.268 11.602 12.570 13.554 14.554 15.570 16.603 17.651 18.715 19.795 20.892 22.004 23.132 23.430 22.758 22.062 21.342 20.598 19.830 19.038 18.221 17.381 16.516 15.628 14.715 14.856 15.774 16.727 17.714 18.737 19.869 21.154 22.383 23.556 24.672 25.732 26.735 26.681 26.165 25.604 24.997 24.346 23.649 22.907 22.120 21.288 20.411 19.489
