DATA/RAW-RASTER/ECMWF/20170628/EN-25/20170630.en-25.asc
ncols			31
nrows			16
xllcorner		69.5
yllcorner		19.5
cellsize		1.0
NODATA_value	-99999
0.48828 0.14877 0.01907 0.41199 1.14441 3.39890 2.07520 1.51443 2.65503 3.36838 4.81796 5.01251 4.74167 6.29044 9.71985 13.42010 7.56836 6.49643 9.53293 6.38199 5.16510 3.44849 5.40161 6.17599 6.30188 3.00598 1.63651 0.30136 0.46158 2.12097 0.69046
0.01907 0.01907 0.08774 0.15259 4.47083 5.21851 5.56946 7.03049 6.19125 6.17599 5.45502 6.13022 10.73456 6.79016 6.47736 6.51169 4.93622 4.87137 9.55963 5.96237 2.92587 1.51825 3.84903 5.44739 4.74930 7.72095 12.74490 5.25665 6.96945 1.36948 2.61688
0.09537 1.62125 0.00381 0.09918 0.59891 0.98419 5.35202 12.08115 20.21790 13.09204 7.06100 2.56729 2.30408 1.23978 2.47574 2.07138 2.71225 3.81088 7.05719 4.98199 5.05447 3.01743 1.11771 3.78036 11.82175 7.30133 13.96942 12.10022 5.25284 4.63104 2.32315
0.82779 0.10681 0.00000 0.01144 1.87302 13.38196 16.24680 45.19653 22.14050 16.20483 10.64301 2.62070 1.57166 2.34222 1.30463 2.80380 0.97656 2.75040 5.80978 8.99506 14.90021 10.83374 13.40866 7.74384 8.43430 9.40704 9.30786 19.56940 14.24026 16.98303 3.76129
1.26266 0.20599 0.00000 0.03052 2.09045 8.63266 11.21521 71.20895 86.38763 45.68100 5.92422 5.74493 2.53296 2.74658 1.70517 0.08774 0.16785 0.28229 2.54440 8.80432 3.43704 11.87134 8.99506 8.01086 4.92477 2.70844 3.76129 9.49478 15.49911 12.98904 16.09802
2.42233 0.48828 0.06866 0.00763 0.17166 5.59998 14.82391 32.45926 150.61188 45.23468 4.60052 4.40216 0.68283 0.23651 0.30899 0.21362 1.31226 2.24686 3.44849 7.64847 20.87021 8.77762 5.67245 6.04248 9.18579 13.59558 6.25992 1.70898 10.11276 14.09531 19.26422
0.18311 0.53406 1.03378 1.23978 1.17874 3.65067 14.59503 26.62277 22.63641 19.52362 6.96945 13.73672 8.59451 0.50735 0.07629 0.01144 0.61035 0.41962 3.07465 6.79779 4.89426 16.49857 6.95801 6.37054 13.74054 98.44971 42.78946 10.51712 1.46866 2.71988 6.84738
0.58746 1.45340 2.36130 3.50571 4.90189 3.53622 15.94162 9.51767 8.85773 19.18793 17.27676 19.99664 8.55637 4.08936 6.85883 10.06317 7.45773 0.12589 0.35858 3.88336 3.96729 16.14380 9.75418 34.85107 23.07129 88.43231 50.04501 21.39282 23.00262 2.38800 6.85501
1.43433 5.98145 8.11005 1.77002 1.25122 1.19781 0.87357 0.28229 1.44958 6.66428 17.15088 23.99826 30.97153 5.90897 6.12640 11.68060 4.10461 5.18417 5.14221 56.58340 63.17902 101.18103 100.09384 59.60083 16.92581 19.32144 20.48874 56.99921 41.23306 14.65225 0.98038
9.68552 7.93076 8.48770 3.52859 9.86481 9.85718 3.89481 1.06430 1.51443 2.89536 5.94330 25.88654 13.24844 17.70401 20.00046 6.82449 13.04626 8.65555 24.53613 14.08386 7.45392 8.39233 52.11639 22.48764 7.82776 10.53238 33.04291 36.89194 69.11469 7.05338 4.40979
25.30289 41.59546 10.58578 17.35306 10.87952 7.32040 5.93948 3.92532 0.76675 0.45395 3.67737 9.49478 24.78790 16.58630 15.80811 25.47073 5.69153 7.66754 6.71387 7.01904 15.31219 26.85165 43.17856 22.83859 12.20703 4.45557 1.81961 17.44461 53.64227 32.95517 10.12039
59.17740 34.95407 19.79065 23.47565 10.48660 7.77817 7.77435 13.45825 4.69971 1.43051 3.75366 8.06046 10.46371 17.45224 15.49911 12.18033 16.21628 10.56671 2.64359 7.27463 15.57922 5.24139 8.21686 6.43921 24.25003 4.36783 1.57928 6.96564 4.15421 9.11331 10.94437
56.75888 12.68005 20.88928 27.49634 11.19614 4.22668 1.78528 9.24301 8.87299 7.12204 9.46045 3.92914 8.01849 17.07458 8.80051 13.05008 17.17758 8.01086 9.94110 7.32422 8.68225 21.45004 11.51276 5.12695 6.58417 1.44958 1.78528 4.47464 7.99942 13.50021 3.21579
23.35358 18.92090 23.83041 19.26422 3.92914 2.33841 0.92697 3.64685 8.81958 10.22339 7.84683 10.24246 3.33786 7.63702 11.18088 9.26590 3.80325 23.05222 13.54980 25.19226 1.57928 16.04843 5.04684 8.86536 6.33240 2.99835 1.88446 0.59509 14.58359 28.74374 8.60214
17.49039 11.20758 10.83374 15.63263 3.47900 3.73459 1.27029 5.50461 3.46375 10.57434 9.09424 15.52582 19.43970 8.54492 6.84738 9.68170 6.90460 0.67139 4.32587 25.85602 12.74490 19.17648 28.07617 23.69690 4.27246 2.94113 8.21686 6.67953 2.78854 4.22668 14.72855
13.16071 8.58688 10.13565 26.23749 3.77655 2.12860 8.48770 13.91602 16.61301 16.92581 13.12256 5.79834 8.48770 13.30948 11.08551 14.26315 9.14001 9.22394 12.08878 15.12909 19.42444 10.92529 21.40808 34.12628 25.90561 5.53513 20.81299 2.48337 2.60162 1.57166 4.07028
