DATA/RAW-RASTER/ECMWF/20170628/EN-25/20170628.en-25.asc
ncols			31
nrows			16
xllcorner		69.5
yllcorner		19.5
cellsize		1.0
NODATA_value	-99999
1.96648 4.63486 8.24738 10.91957 9.12094 4.28963 6.85120 12.11357 2.61116 0.60081 2.67601 7.01714 10.64110 4.88663 10.95390 7.02858 1.51825 0.07820 0.46158 4.02260 1.69182 2.10381 1.30272 1.04332 1.16348 1.05858 0.78773 1.68800 3.26920 1.36375 7.90787
5.53513 7.99370 29.66690 8.72993 10.08606 20.51926 10.35118 4.70352 10.37979 3.10135 2.97165 11.34872 13.16643 8.02994 13.19504 9.09996 5.15938 2.18201 4.27055 5.47409 8.33321 5.46265 1.89781 2.10953 1.17683 1.06049 0.45204 1.48010 2.71034 1.25694 0.52261
16.15524 27.99225 26.16692 14.86015 31.33011 17.62962 15.23781 10.40840 4.19044 3.59154 2.04468 1.80626 5.28336 5.87273 7.74765 10.50758 6.57272 6.49452 5.37300 4.87518 11.79886 7.47681 6.91414 4.00543 6.98090 2.05994 0.60081 0.79536 0.49782 0.20027 2.46811
25.94948 24.71924 18.47076 17.53235 9.10378 20.58601 19.64188 11.63864 12.17461 1.70708 1.38474 1.33514 0.48065 2.91061 7.19452 2.14958 7.72858 11.66916 5.58281 7.78389 5.43022 10.62775 14.59503 11.60812 12.04872 1.73950 1.77383 0.65231 0.70572 0.72479 3.95775
10.62012 13.35716 15.38277 8.91304 16.44897 29.30641 22.81380 7.12204 8.94165 6.24847 1.26266 2.25067 1.81580 0.78011 3.79181 3.88527 3.85857 7.32422 9.04655 9.40514 9.23347 9.58252 7.28798 8.92067 3.99590 4.11415 1.23787 2.20108 3.76892 1.89781 7.26128
42.77420 32.58133 18.76068 14.49776 27.36092 3.48663 32.74345 13.50212 16.04271 21.36612 48.21205 13.92555 7.98988 0.78964 7.28989 3.22151 2.64931 2.12097 4.93240 5.80215 4.14467 5.30052 10.98633 10.34546 15.72609 11.77979 1.51062 0.72289 1.18446 7.65038 7.29179
12.27379 40.86876 9.64737 14.27078 23.69499 33.34045 20.94078 30.02357 81.06995 42.31644 34.95789 24.65439 10.33020 5.21851 6.15692 9.34410 3.06511 8.87489 3.96347 10.56290 1.94359 1.67656 7.21741 4.18282 6.87599 50.28534 14.12773 3.56674 1.61362 7.10487 2.08473
21.16776 23.70644 18.29147 14.59885 7.34711 5.55420 15.38849 21.49582 45.01343 56.70929 47.10579 13.66425 2.03133 20.40482 51.55182 17.13371 13.13972 6.15501 1.39618 4.43077 6.07300 13.83781 6.17218 23.30208 6.17409 28.69415 32.34673 24.96910 58.41637 18.51082 4.83131
20.44487 6.60133 4.67682 0.90027 8.73375 10.47897 13.57460 35.61401 39.83116 39.90364 24.58191 9.07326 6.13403 3.32451 2.36511 2.42233 1.67465 19.67621 30.08270 35.37178 33.96416 20.57457 27.62222 23.39745 20.37048 11.77025 22.30453 78.41110 30.01022 17.02499 3.84903
9.98497 3.28064 1.63841 3.29971 21.48628 14.10675 5.72586 2.81334 33.14209 70.36781 33.31566 5.19371 4.44984 0.36049 2.84958 1.09482 1.52779 1.75095 6.01387 3.98445 9.25446 46.25702 36.69357 5.01060 10.27489 29.49905 22.86911 13.05962 23.08846 1.13869 5.18227
3.30544 2.29836 1.41144 1.17874 9.17244 4.44412 5.92613 3.19481 29.69551 21.15440 31.26335 26.71623 13.69667 8.65746 3.70598 1.79482 0.82397 2.30408 6.51360 1.95885 13.46588 9.63974 28.88298 20.74242 12.05444 11.72829 7.16972 13.88931 14.74762 1.50871 1.12534
0.63515 0.48256 0.92316 1.23024 1.05858 0.97656 3.72696 9.09424 18.32962 35.12955 26.24512 35.74944 34.69658 8.02612 4.16946 0.90218 6.81114 8.20541 19.41490 4.57382 8.14438 5.73921 11.53374 23.50426 13.17978 19.47021 5.89943 13.02338 14.85252 17.67349 14.00185
1.41335 10.78033 2.50626 1.04523 4.79317 1.63269 2.51770 4.09889 11.81793 13.86261 35.95924 25.43449 17.16232 9.10759 4.69780 5.46646 4.09126 5.04494 10.16426 1.93405 8.13866 5.86128 7.45392 16.14189 27.01569 14.06479 2.16484 9.21822 24.53804 12.79640 15.17677
10.97679 8.93211 0.96321 3.82042 2.35748 2.21062 2.03133 5.09071 4.56810 10.51903 25.69199 23.46611 19.50836 1.13487 6.91605 8.60596 9.96780 5.38445 7.89070 3.27873 7.21741 7.56264 2.06947 2.45667 15.50674 1.89400 2.23732 9.22203 38.84888 11.89041 13.10730
48.69270 26.99852 12.73537 12.40349 1.82915 4.32205 0.67902 0.88501 6.07681 8.88443 25.88463 52.57416 139.21165 9.91631 12.94136 10.58578 14.60266 18.88847 15.12527 7.45583 5.28717 7.52831 8.23975 3.99399 3.46184 3.24821 3.12614 3.18909 6.02722 20.09201 18.86940
8.67653 24.04594 14.78958 18.56613 8.48961 9.88197 4.79889 2.02751 1.45149 7.95746 23.75412 60.04715 58.29048 42.31834 3.05557 6.35529 20.07675 7.86400 37.00066 10.96344 8.12721 6.53076 9.19724 9.70268 13.95226 5.58472 13.67950 7.91740 4.17137 7.47681 8.17871
