DATA/RAW-RASTER/ECMWF/20170628/EN-25/20170711.en-25.asc
ncols			31
nrows			16
xllcorner		69.5
yllcorner		19.5
cellsize		1.0
NODATA_value	-99999
2.02942 2.15149 6.17981 6.98853 6.50024 4.08936 4.71497 8.74329 0.39673 2.19727 1.69373 2.67029 7.67517 0.42725 0.86975 1.80054 3.35693 6.08826 4.27246 13.74817 11.41357 5.21851 1.77002 1.98364 1.28174 2.77710 0.41199 0.18311 0.18311 6.80542 1.51062
1.15967 0.80872 1.23596 22.85767 4.28772 3.38745 3.20435 5.24902 4.56238 2.04468 4.37927 1.72424 2.12097 1.22070 4.94385 2.41089 1.09863 1.78528 3.75366 3.52478 9.00269 6.50024 4.15039 2.76184 9.96399 4.60815 3.47900 5.17273 3.31116 1.08337 2.45667
11.36780 5.92041 7.67517 3.20435 10.22339 3.11279 7.62939 0.50354 0.12207 0.42725 1.67847 0.88501 1.06812 1.29700 1.23596 5.14221 1.93787 3.47900 3.70789 7.76672 5.63049 4.76074 13.88550 10.45227 10.51331 16.29639 13.38196 4.05884 9.14001 11.90186 4.95911
5.99670 0.90027 0.07629 1.22070 2.38037 4.48608 4.56238 13.77869 0.07629 0.00000 0.01526 0.00000 0.07629 0.65613 0.88501 1.20544 10.37598 6.53076 4.10461 6.01196 2.91443 7.93457 5.87463 4.71497 4.89807 5.79834 11.36780 11.19995 10.36072 13.06152 11.52039
14.66370 0.39673 0.00000 0.47302 0.00000 0.45776 3.66211 2.74658 1.96838 0.70190 0.06104 0.25940 0.48828 1.11389 0.44250 1.05286 2.31934 9.30786 5.38635 5.02014 3.49426 1.38855 1.40381 2.68555 8.05664 3.81470 5.99670 16.81519 10.91003 16.40320 15.54871
0.25940 0.00000 0.00000 0.00000 0.00000 0.00000 0.28992 2.97546 1.15967 2.82288 7.01904 3.31116 5.67627 0.22888 0.22888 2.02942 10.36072 10.54382 14.64844 11.21521 4.25720 6.53076 9.91821 9.65881 6.83594 12.26807 8.52966 8.28552 14.73999 8.28552 12.84790
0.00000 0.00000 0.00000 0.00000 0.00000 0.00000 0.00000 0.13733 1.73950 6.25610 8.94165 51.86462 23.42224 23.51379 6.46973 7.26318 2.19727 8.75854 16.84570 11.19995 7.44629 2.97546 7.41577 2.24304 11.19995 14.37378 10.68115 17.50183 7.09534 5.73730 14.96887
0.00000 0.00000 0.00000 0.00000 0.00000 0.00000 0.00000 0.13733 0.41199 2.09045 3.32642 18.81409 53.14636 171.55457 140.19775 47.30225 39.58130 10.81848 21.22498 9.90295 27.99988 18.93616 8.20923 18.50891 7.94983 8.11768 5.96619 4.92859 17.08984 16.03699 13.47351
0.00000 0.00000 0.03052 0.00000 0.00000 0.00000 0.00000 0.00000 0.03052 0.39673 0.44250 4.24194 25.29907 49.66736 15.27405 9.97925 33.02002 95.06226 83.75549 104.20227 108.94775 68.74084 37.93335 12.96997 4.27246 3.93677 1.69373 16.70837 22.82715 2.51770 0.93079
0.12207 0.24414 0.24414 0.25940 0.24414 0.00000 0.00000 0.00000 0.12207 0.03052 2.04468 2.47192 47.30225 41.07666 25.87891 9.44519 17.60864 20.84351 22.62878 33.41675 1.72424 31.89087 43.06030 11.94763 7.50732 11.12366 3.15857 1.60217 10.95581 14.40430 18.43262
0.28992 0.41199 0.59509 0.73242 0.01526 0.01526 0.00000 0.03052 0.01526 0.86975 3.43323 11.00159 32.66907 33.08105 43.01453 28.86963 14.87732 23.54431 16.87622 20.70618 6.14929 19.14978 28.24402 1.72424 4.89807 6.37817 6.85120 8.27026 2.18201 5.56946 2.71606
0.21362 0.56458 0.96130 1.60217 1.78528 2.68555 0.27466 0.00000 0.10681 0.30518 6.75964 16.26587 24.70398 29.64783 11.62720 29.89197 16.72363 19.25659 38.16223 13.41248 7.21741 1.77002 1.05286 12.28333 4.62341 10.68115 13.16833 12.48169 9.47571 7.20215 13.51929
0.73242 1.12915 1.22070 0.76294 1.40381 1.77002 1.46484 0.96130 0.42725 0.62561 6.95801 58.80737 44.63196 77.17896 34.46960 50.29297 9.90295 22.07947 15.24353 16.96777 15.85388 3.96729 6.36292 19.11926 10.66589 16.90674 15.02991 4.65393 3.81470 7.08008 2.76184
1.46484 1.43433 0.44250 0.67139 2.15149 0.16785 0.64087 1.17493 1.46484 1.72424 11.04736 49.05701 86.04431 57.34253 22.09473 13.96179 72.14355 19.25659 8.78906 12.46643 2.59399 12.17651 2.16675 6.98853 5.05066 4.63867 8.40759 5.43213 3.06702 7.84302 3.81470
1.55640 1.83105 1.02234 3.18909 5.32532 0.77820 0.80872 0.35095 1.32751 0.27466 5.58472 11.32202 101.15051 10.08606 11.44409 5.14221 32.21130 2.33459 1.99890 1.77002 7.44629 7.99561 10.46753 6.56128 3.02124 1.17493 1.06812 11.53564 1.80054 5.79834 4.62341
0.90027 1.44958 3.31116 7.67517 0.91553 3.28064 3.57056 2.99072 0.41199 0.41199 1.38855 8.81958 22.85767 65.55176 18.56995 26.56555 20.32471 5.49316 1.52588 0.83923 2.34985 7.17163 25.46692 21.34705 12.71057 1.66321 8.48389 7.93457 15.74707 2.57874 6.89697
