DATA/RAW-RASTER/ECMWF/20170628/EN-25/20170709.en-25.asc
ncols			31
nrows			16
xllcorner		69.5
yllcorner		19.5
cellsize		1.0
NODATA_value	-99999
6.26373 1.52588 2.29645 1.41907 0.72479 0.61798 0.35858 0.05341 0.64850 1.64795 1.41907 0.64850 0.64087 1.20544 1.80054 1.97601 1.29700 2.55585 2.57111 2.79236 4.23431 2.72369 1.66321 0.98419 1.31989 0.98419 1.76239 1.41907 0.88501 1.08337 4.94385
0.57983 3.07465 1.45721 3.95203 5.18036 2.12097 0.43488 1.15204 0.57220 2.43378 4.98962 1.09863 2.19727 2.70844 3.54767 3.04413 3.35693 4.28009 9.05609 4.85992 3.95203 3.72314 1.97601 0.98419 4.12750 3.98254 4.82178 2.79236 1.11389 1.08337 1.89209
0.37384 0.00000 0.01526 1.19019 2.70081 4.87518 3.62396 1.25885 1.13678 0.34332 2.09808 2.31171 0.97656 1.38092 1.14441 0.79346 1.90735 3.87573 2.92206 6.58417 11.62720 14.14490 8.20923 7.78961 3.57056 1.67847 1.03760 1.44196 1.84631 4.54712 5.68390
0.01526 0.00000 0.06866 0.44250 0.96130 1.91498 4.97437 6.50787 0.12970 0.13733 0.22125 0.12207 0.16022 0.35858 0.28992 0.65613 0.51117 0.63324 0.22125 3.63159 8.66699 9.29260 2.38800 0.63324 0.93079 0.61798 2.22778 0.97656 7.73621 20.69855 29.90723
1.06049 0.01526 0.30518 0.04578 0.22125 0.19073 0.24414 3.89099 7.68280 0.22888 0.00000 0.24414 0.48828 2.39563 1.27411 2.38037 2.03705 3.21960 3.35693 4.11987 6.59180 6.52313 0.94604 0.45776 2.23541 4.03595 2.12097 8.78143 6.13403 17.39502 9.14001
0.00000 0.00000 0.00000 0.01526 0.00000 0.01526 0.85449 1.11389 1.41907 6.05774 8.65936 1.67847 2.64740 0.89264 0.54932 2.18201 6.49261 7.23267 5.21088 0.99945 17.18140 3.74603 12.45880 4.47845 6.80542 1.63269 0.83923 11.00159 5.79834 7.52258 2.07520
0.01526 0.00000 0.01526 0.01526 0.00000 0.00000 0.02289 0.10681 0.28229 1.92261 5.17273 8.20160 3.16620 1.65558 0.16785 3.95966 9.84192 18.65387 8.84247 3.41797 10.36835 9.36890 21.08002 8.49915 8.06427 4.15802 4.07410 10.67352 6.30951 7.46155 10.33020
0.00000 0.00000 0.00000 0.00000 0.01526 0.00000 0.02289 0.00000 0.03052 0.14496 0.58746 6.18744 6.76727 3.21960 14.23645 19.20319 9.97925 1.62506 2.15912 10.52856 2.05994 11.76453 4.66919 9.42230 0.67902 16.95251 342.38434 83.22906 20.27130 10.33783 8.41522
0.00000 0.00000 0.00000 0.00000 0.02289 0.00000 0.01526 0.02289 0.01526 0.00000 0.02289 0.23651 1.59454 3.07465 3.56293 1.26648 3.87573 8.48389 16.02936 27.64893 18.92090 34.03473 10.69641 34.73663 8.39996 7.58362 32.68433 38.90991 21.76666 11.99341 17.53998
0.03815 0.00000 0.00000 0.42725 0.53406 0.20599 0.13733 0.03815 0.00000 0.00000 0.00000 0.00000 0.11444 0.71716 4.75311 3.96729 3.76892 11.90948 15.00702 25.42114 24.61243 16.22009 23.75793 17.21191 24.95575 18.19611 50.49896 114.27307 29.51050 19.22607 20.26367
0.25940 0.61035 0.41199 0.47302 0.37384 0.14496 0.00000 0.00000 0.01526 0.00000 0.00000 0.00000 0.01526 0.64087 14.51874 5.67627 1.90735 12.38251 16.14380 34.70612 15.15961 16.50238 29.00696 12.32147 3.68500 16.51001 28.32794 43.48755 117.75970 19.59991 24.61243
0.54169 0.77820 0.78583 1.22833 0.27466 1.12915 0.35858 0.03052 0.19836 0.08392 0.06866 0.01526 0.03815 0.12970 2.24304 3.57056 3.49426 2.96783 8.19397 2.78473 2.32697 9.63593 4.50897 1.80054 2.21252 18.84460 13.32855 27.78625 50.69733 92.88788 55.14526
0.57983 1.22070 1.49536 0.58746 3.54767 1.72424 0.51880 0.10681 0.10681 0.34332 1.17493 1.18256 0.37384 1.35040 1.96075 3.03650 0.12207 0.10681 0.14496 2.50244 2.16675 1.77765 1.88446 2.58636 6.98090 8.72040 14.59503 31.05164 40.40527 44.41071 13.67950
1.91498 0.96893 0.25177 0.56458 1.36566 0.56458 0.28992 0.42725 0.30518 0.73242 1.51825 6.22559 11.15417 12.68005 2.13623 1.18256 0.00000 0.32043 3.21198 2.12097 2.46429 2.79236 1.06812 1.84631 6.36292 3.60870 11.33728 11.58905 14.08386 13.27515 2.32697
0.92316 0.63324 0.24414 3.63159 2.63977 0.83160 0.19073 0.47302 0.52643 8.51440 3.05176 26.55029 11.84082 8.36945 1.31989 0.55695 1.35803 1.03760 0.67139 0.54169 0.92316 2.03705 6.87408 2.27356 0.74005 0.02289 0.08392 0.42725 4.65393 12.10022 1.83868
2.38037 2.56348 2.54059 7.72858 1.80817 1.30463 0.39673 1.08337 11.00922 35.69031 20.98846 19.32526 7.48444 1.90735 1.41144 1.15204 1.96838 0.70953 1.92261 1.78528 5.43976 8.49152 5.61523 10.57434 9.01031 0.77057 2.00653 0.47302 5.52368 3.67737 2.12860
