DATA/RAW-RASTER/ECMWF/20170628/EN-25/20170703.en-25.asc
ncols			31
nrows			16
xllcorner		69.5
yllcorner		19.5
cellsize		1.0
NODATA_value	-99999
0.07629 1.71661 1.87683 2.95258 20.24841 1.44958 1.16730 0.06104 0.16785 0.04578 0.28992 1.39618 3.08228 1.12915 1.14441 1.57166 3.33405 5.40161 2.73132 1.77765 2.44904 5.30243 2.22778 0.25940 0.46539 0.03815 0.18311 0.16022 0.07629 0.05341 0.06866
0.24414 0.00000 0.73242 1.81580 0.85449 1.03760 0.00000 0.03815 0.04578 0.01526 0.06104 0.57220 0.94604 0.57220 2.17438 4.79889 4.28009 2.94495 2.76184 5.40924 7.33185 2.43378 0.75531 0.05341 0.35858 0.80872 0.00763 0.04578 0.27466 0.00000 0.35095
0.94604 5.43213 15.50293 8.43048 5.66864 1.67847 0.49591 0.02289 0.06866 0.09155 0.00000 0.08392 0.50354 1.01471 0.80872 1.08337 4.36401 3.59344 8.75854 7.40051 4.26483 1.06049 0.23651 0.25940 0.35095 0.26703 0.35095 0.09155 0.00763 0.00000 0.14496
0.56458 0.06104 0.29755 15.25879 1.97601 4.99725 2.75421 12.29095 0.13733 0.01526 0.00763 0.00000 0.30518 1.20544 2.09045 3.08228 3.34930 5.95856 1.83868 4.20380 3.96729 0.15259 0.62561 2.63214 2.60162 4.50134 3.23486 0.49591 0.70953 0.59509 0.27466
0.42725 0.02289 0.00000 4.90570 0.22125 2.22015 5.79071 3.14331 1.64795 0.02289 1.18256 0.13733 1.00708 5.18036 1.89209 1.58691 2.25067 7.97272 3.70789 5.35583 1.80817 2.86865 5.18799 2.90680 4.34113 6.59943 7.55310 2.44141 4.79889 0.94604 0.57983
0.01526 0.00000 0.00000 0.32806 0.06866 2.08282 3.75366 2.31171 2.63214 6.45447 42.92297 9.76562 5.64575 2.26593 1.76239 2.71606 1.43433 6.12640 15.36560 26.89362 11.18469 14.70947 9.93347 5.56183 14.59503 10.92529 1.69373 6.85120 10.40649 6.88934 13.35907
0.00000 0.00000 0.00000 0.00763 0.04578 0.67139 1.84631 3.31879 4.16565 5.51605 10.55908 11.24573 7.41577 5.02777 2.54059 12.99286 6.66809 10.25391 12.92419 10.72693 8.27026 5.52368 14.65607 7.82013 19.79828 55.70984 11.70349 10.91766 12.26807 29.63257 29.70123
0.00000 0.00000 0.00000 0.00000 0.16785 0.80109 2.41089 3.92151 8.80432 7.76672 7.49207 7.51495 13.58795 11.94000 32.41730 124.60327 109.90906 27.15302 23.26202 28.41949 36.22437 24.24622 20.80536 21.94977 43.47229 51.65863 33.25653 10.42938 31.32629 15.64789 21.66748
0.00763 0.00763 0.00000 0.13733 0.24414 0.77820 1.51062 1.45721 4.54712 8.80432 12.08496 10.93292 15.07568 17.12036 12.04681 21.00372 65.49835 160.86578 193.14575 191.00952 139.63318 148.43750 80.29938 57.76978 55.74036 44.05212 13.87024 82.44324 75.19531 14.50348 17.68494
0.08392 0.78583 0.98419 1.43433 1.53351 1.03760 0.57983 0.84686 2.02942 3.53241 2.77710 7.58362 19.14978 17.74597 23.17047 27.74811 50.78888 43.19763 42.11426 37.11700 56.49567 17.46368 44.80743 43.53333 9.12476 5.09644 72.55554 48.76709 41.01562 19.89746 8.76617
0.53406 1.19019 1.78528 1.29700 0.66376 0.51117 2.34222 1.10626 0.64850 1.51062 1.12915 3.37982 4.04358 11.54327 14.14490 17.53998 13.33618 10.33020 14.64844 22.68219 13.40485 18.00537 40.02380 22.45331 5.95093 8.14056 5.36346 14.04572 63.33160 13.02338 4.54712
0.61035 1.11389 2.41852 4.79889 7.60651 0.98419 0.77057 1.67847 1.15204 1.71661 0.93842 1.74713 2.49481 7.21741 6.60706 8.64410 12.13837 3.97491 6.82831 3.24249 4.69971 5.45502 0.54932 1.06812 6.08826 4.38690 4.27246 10.37598 15.70892 11.41357 12.50458
0.49591 1.11389 0.62561 2.02179 2.31171 2.26593 1.84631 1.83868 0.94604 0.27466 0.98419 2.21252 4.41742 2.14386 5.42450 2.63977 2.19727 2.14386 0.41962 2.19727 4.17328 3.55530 4.17328 5.92041 3.34167 0.63324 2.60925 6.86646 58.85315 26.52740 7.35474
1.21307 1.45721 0.41962 2.54822 2.50244 1.79291 1.03760 1.67084 1.47247 0.07629 0.34332 0.72479 0.86212 1.05286 0.63324 1.73950 0.26703 0.33569 0.16022 0.87738 1.25885 2.59399 3.78418 15.73181 7.59888 3.51715 1.79291 19.20319 21.67511 20.42389 40.56549
4.98962 2.06757 7.07245 6.14166 3.19672 1.03760 2.04468 0.64087 1.32751 0.16022 0.42725 0.73242 0.60272 0.25177 0.44250 0.35095 0.81635 0.13733 0.18311 1.21307 0.49591 0.68665 10.81085 22.85004 2.41852 1.12152 6.95801 14.78577 9.43756 7.34711 50.09460
3.47137 5.64575 7.27844 17.23480 0.41962 2.19727 0.77057 0.54932 0.62561 0.13733 0.64850 0.80109 0.81635 0.31281 2.15149 0.78583 0.31281 0.00000 0.00000 0.35858 0.38147 0.74768 8.17108 16.02936 35.47668 3.45612 46.35620 7.40051 4.04358 3.70026 6.05774
