DATA/RAW-RASTER/ECMWF/20170628/EN-25/20170704.en-25.asc
ncols			31
nrows			16
xllcorner		69.5
yllcorner		19.5
cellsize		1.0
NODATA_value	-99999
1.59454 3.89862 4.51660 1.39618 8.85773 6.48499 1.25885 1.62506 0.00000 0.01526 0.03052 0.19836 0.31281 0.66376 1.14441 1.28174 2.76947 3.57819 2.90680 3.23486 4.19617 4.44031 5.10406 6.61469 6.65283 7.73621 7.49969 5.09644 3.99017 2.70844 1.80817
0.59509 4.91333 6.94275 6.45447 2.39563 0.12207 0.01526 0.00000 0.00763 0.00000 0.00000 0.00000 0.10681 0.56458 2.12860 1.82343 1.37329 1.20544 0.94604 1.99890 3.04413 2.34985 1.00708 7.25555 4.76837 6.64520 7.23267 6.28662 8.20923 5.58472 7.06482
6.36292 15.89966 38.65814 8.20160 29.83093 8.65936 0.74768 0.00000 0.02289 0.00763 0.00763 0.00000 0.00000 0.38910 0.94604 1.11389 0.94604 0.71716 1.05286 1.57928 4.44031 8.44574 10.02502 7.13348 11.03973 12.45117 12.73346 9.53674 13.99231 12.27570 8.69751
5.00488 2.50244 40.08484 12.10022 3.44849 23.36884 8.05664 11.90186 0.10681 0.00000 0.00763 0.00763 0.00000 0.44250 0.57983 0.51117 0.26703 1.19781 1.02997 2.54059 4.87518 4.68445 5.33295 5.27191 6.14929 3.59344 9.79614 7.73621 10.71167 17.84515 10.94055
0.91553 0.71716 0.00763 0.03815 0.25177 3.93677 9.83429 5.06592 0.25177 0.01526 0.37384 1.03760 0.88501 0.57220 1.49536 0.64087 0.66376 2.00653 4.17328 3.94440 1.62506 4.63104 3.79181 3.54004 4.38690 8.29315 9.41467 9.20868 11.80267 10.61249 19.82117
0.35858 0.00763 0.00000 0.00763 0.16785 0.54932 5.50842 9.10187 9.99451 12.78687 24.88708 17.05170 17.91382 2.95258 2.54059 2.21252 2.79236 3.40271 14.05334 7.34711 5.70679 2.47955 4.40216 5.24139 9.70459 27.19879 18.19611 1.12915 10.04791 0.36621 2.36511
0.00000 0.00000 0.00000 0.00000 0.00000 0.00763 0.86212 2.95258 10.14709 16.42609 11.31439 15.94543 6.81305 14.57977 4.54712 17.22717 13.31329 14.22882 9.27734 7.18689 5.37109 6.52313 8.88062 14.51874 23.17047 69.32831 57.51038 21.74377 4.25720 2.06757 8.11005
0.00763 0.00000 0.00000 0.00000 0.01526 0.00763 0.12207 4.10461 5.03540 8.80432 16.66260 17.10510 14.04572 21.70563 135.42175 148.97919 41.60309 7.62939 6.11115 8.36182 39.68811 42.14478 21.75140 46.56982 67.10815 38.81073 34.31702 12.46643 4.15802 4.67682 7.57599
0.00000 0.00763 0.02289 0.19073 0.40436 0.16022 0.04578 0.45776 3.48663 11.05499 19.98138 18.18848 13.94653 16.25824 22.13287 42.28973 72.91412 79.89502 50.99487 171.39435 84.28192 147.55249 217.38434 37.42981 37.66632 11.50513 15.64789 15.97595 30.92957 4.59290 13.67188
0.21362 0.42725 0.71716 1.25885 1.19019 0.44250 0.02289 0.20599 1.21307 10.80322 38.60474 20.22552 16.32690 17.25006 21.62933 15.63263 27.53448 39.97803 41.39709 27.48108 45.92896 19.82880 35.13336 14.49585 1.65558 3.51715 12.19177 13.55743 88.36365 8.62885 6.05011
0.51117 0.96130 1.33514 0.77057 0.26703 0.86975 0.21362 1.67847 0.56458 2.41089 3.00598 9.27734 10.29968 8.60596 12.68005 14.06097 16.36505 36.23962 42.05322 24.94049 49.11041 52.04773 76.46942 10.75745 2.25830 4.20380 9.39178 34.53064 67.13104 14.89258 9.51385
0.39673 0.45013 2.03705 3.88336 2.59399 2.12860 0.51117 1.36566 0.77057 0.33569 3.89099 14.35089 11.10840 12.41302 5.82123 4.08173 7.07245 16.38031 9.13239 22.43042 73.55499 33.35571 5.05829 1.46484 3.87573 10.84900 5.67627 30.11322 10.19287 20.84351 24.26910
0.63324 0.82397 0.33569 0.82397 4.46320 2.65503 0.79346 2.02942 0.77820 0.31281 1.01471 7.78198 17.77649 10.93292 1.39618 1.41144 1.89972 6.55365 4.22668 28.29742 41.05377 34.51538 10.13947 3.12042 3.67737 9.94873 7.01904 14.92310 28.90015 63.85040 27.96173
1.21307 1.64795 0.32043 3.86810 4.01306 0.98419 0.71716 1.98364 3.14331 0.19836 0.66376 1.31226 4.14276 0.73242 0.65613 3.02124 2.73132 6.10352 2.25067 18.91327 8.61359 14.13727 6.17218 8.84247 4.57764 4.85229 2.47192 4.54712 11.52802 16.46423 17.43317
3.71552 3.73077 4.33350 5.26428 2.55585 0.45013 0.50354 1.37329 0.93842 0.87738 1.91498 0.47302 0.59509 1.51062 1.60980 0.16785 0.13733 0.70190 7.75146 4.12750 5.46265 4.52423 15.51819 4.74548 0.25177 0.10681 1.28937 1.57928 17.47131 29.40369 16.50238
5.00488 4.03595 6.40106 8.66699 1.46484 2.62451 0.95367 2.04468 0.69427 0.22888 0.82397 2.13623 0.55695 0.74768 0.78583 0.57220 4.90570 0.83923 3.72314 5.33295 4.31061 6.14929 17.53998 13.98468 13.03101 2.04468 10.39124 4.57764 15.89203 9.69696 25.40588
