DATA/RAW-RASTER/ECMWF/20170628/EN-25/20170707.en-25.asc
ncols			31
nrows			16
xllcorner		69.5
yllcorner		19.5
cellsize		1.0
NODATA_value	-99999
0.32806 0.19073 0.71716 2.38037 7.07245 9.66644 1.73187 2.48718 0.50354 2.09808 3.42560 2.31171 6.66046 4.95911 4.97437 5.31006 6.53839 3.36456 2.09808 2.67029 4.15802 4.04358 7.60651 2.11334 3.28827 0.86975 1.12152 1.06812 4.89807 2.70081 2.05231
0.60272 1.49536 0.29755 2.70081 4.54712 0.06104 0.06866 0.67139 0.45013 0.22125 1.44196 2.46429 4.10461 1.22070 2.56348 1.22833 0.64850 1.62506 3.57819 9.78851 2.41852 1.94550 2.09808 3.62396 2.62451 3.70789 1.67084 2.05231 2.28119 2.63214 1.20544
0.35858 1.45721 0.80109 2.18201 0.77057 3.23486 0.82397 0.01526 0.00000 0.00000 0.00000 0.03052 0.00763 0.06104 0.69427 0.90790 0.80109 0.47302 0.51880 1.27411 1.53351 1.98364 1.63269 17.31873 12.09259 5.93567 8.58307 6.63757 7.72095 10.36835 2.86102
1.39618 0.10681 0.06104 0.49591 1.18256 1.70898 2.98309 2.10571 0.01526 0.01526 0.00000 0.00000 0.00000 0.00000 0.00000 0.00000 0.03052 0.41962 0.45776 0.29755 0.49591 10.23865 10.86426 4.39453 9.77325 3.05176 7.55310 11.99341 13.13019 8.84247 15.42664
0.80109 0.03815 0.00000 0.00000 0.32806 0.61035 1.99127 0.47302 0.10681 0.00000 0.00000 0.00000 0.01526 0.01526 0.45013 0.03052 0.11444 0.09155 0.70953 1.03760 1.34277 1.32751 9.10187 4.77600 3.25012 5.90515 3.32642 1.83105 21.32416 15.69366 6.66046
0.00000 0.01526 0.00000 0.00000 0.00000 0.00000 0.00000 0.27466 1.38092 1.18256 9.75037 0.37384 0.68665 0.85449 0.12207 1.48773 1.46484 1.25885 7.39288 5.55420 17.57812 2.56348 6.14166 9.17816 13.45825 9.91821 6.02722 0.88501 7.78961 18.37921 17.83752
0.00000 0.00000 0.00000 0.00000 0.00000 0.01526 0.01526 0.00000 0.29755 1.00708 2.66266 4.18854 2.76947 0.54169 0.39673 1.22070 1.63269 3.34167 7.06482 3.31879 18.66150 10.52856 2.05994 7.37762 27.71759 39.16931 21.71326 4.80652 1.09863 1.73950 4.29535
0.00000 0.00000 0.01526 0.00000 0.00763 0.00000 0.00000 0.00000 0.05341 0.15259 1.06049 1.87683 6.78253 5.55420 6.75201 7.46918 34.92737 5.70679 14.01520 2.98309 1.92261 9.10950 2.91443 32.67670 19.98901 22.75085 28.65601 9.88770 5.37872 1.72424 3.30353
0.00000 0.00000 0.03052 0.06866 0.00000 0.00000 0.00000 0.00000 0.00000 0.06866 0.15259 0.32043 1.15204 4.66919 9.59778 12.06207 50.81177 56.16760 37.05597 23.51379 15.07568 12.94708 71.91467 44.97528 11.24573 4.37927 7.34711 77.58331 25.40588 6.53839 1.24359
0.23651 0.56458 0.36621 0.81635 0.40436 0.01526 0.00000 0.00000 0.00000 0.01526 0.10681 0.16785 0.16785 0.88501 0.11444 5.98145 8.55255 11.57379 8.58307 17.98248 7.47681 9.55963 40.10010 36.37695 8.55255 1.32751 4.76074 13.73291 65.97900 7.65228 1.93024
0.29755 0.70953 0.51880 0.48828 0.00000 0.00000 0.01526 0.03815 0.01526 0.01526 0.00763 0.00000 0.00000 0.00000 0.02289 0.10681 1.67847 7.53021 31.89850 17.01355 27.34375 41.79382 86.45630 41.74805 24.28436 10.12421 15.31219 12.71057 41.83197 4.48608 3.46375
0.34332 0.28229 0.99182 1.06812 0.31281 0.34332 0.18311 0.19836 0.26703 0.19836 0.38910 0.32806 0.16022 0.01526 0.66376 2.55585 6.95038 8.80432 13.16071 10.94055 12.64954 6.09589 4.69208 0.99945 9.10950 3.63159 1.72424 2.76184 14.49585 5.94330 1.86920
0.45776 0.48828 0.19073 0.90027 1.23596 0.86212 0.25940 0.07629 0.25940 0.89264 1.28174 0.41962 0.08392 1.57166 11.17706 19.54651 3.28827 0.60272 1.47247 2.25067 11.48224 2.83813 3.94440 6.50024 6.02722 0.66376 0.32806 2.14386 5.85175 10.65826 6.18744
0.87738 1.04523 0.28992 2.91443 2.28119 0.80872 0.44250 0.24414 1.58691 0.15259 0.16022 0.19073 0.42725 8.01086 28.79333 11.65771 3.74603 1.12915 5.96619 5.61523 2.96783 7.82013 7.01904 15.98358 0.48065 0.54932 0.41199 0.80109 0.92316 2.39563 2.36511
1.54114 1.66321 1.91498 5.14984 1.58691 1.01471 0.38910 1.54877 0.18311 0.48065 0.86975 0.32806 2.29645 11.70349 4.50897 0.64850 0.64087 2.45667 3.95966 1.57928 1.30463 3.22723 14.20593 2.66266 0.74005 0.47302 2.51770 0.84686 0.41962 2.09808 2.12860
2.49481 3.05176 5.14221 9.27734 0.51117 1.95312 1.23596 1.97601 0.40436 0.28229 0.63324 5.22614 6.72150 10.07843 2.60162 8.24738 3.25012 4.40216 1.80817 0.49591 2.53296 5.30243 12.31384 18.98193 5.53894 1.64795 4.98962 1.18256 0.99182 0.32806 0.57220
