DATA/RAW-RASTER/ECMWF/20170628/EN-25/20170702.en-25.asc
ncols			31
nrows			16
xllcorner		69.5
yllcorner		19.5
cellsize		1.0
NODATA_value	-99999
0.04578 1.84631 0.49591 1.19019 5.78308 1.70135 1.25122 0.18311 0.15259 0.01526 1.31226 1.66321 1.62506 1.31226 0.84686 0.08392 0.16785 0.31281 0.08392 0.00000 0.00763 0.00763 0.00763 0.00000 0.00000 0.03815 0.06866 1.00708 0.86975 1.79291 4.97437
0.00763 0.00763 1.54877 0.12207 1.63269 0.99945 0.01526 1.02234 0.08392 0.03815 0.23651 1.80817 0.37384 1.28937 1.54114 4.11987 0.25177 0.00763 0.01526 0.00763 0.00763 0.06104 0.00000 0.01526 0.09918 0.99945 1.38092 0.94604 1.41907 1.83868 3.44086
3.76129 2.97546 0.74005 1.00708 0.22125 0.32806 1.34277 0.03815 0.05341 0.19836 0.00000 1.06812 0.64850 2.15912 1.56403 1.63269 0.59509 0.02289 0.00000 0.06104 0.00763 0.01526 0.03815 0.22888 0.24414 0.80109 0.51117 0.36621 1.31989 1.46484 4.23431
2.35748 0.48065 0.00000 0.00763 0.04578 0.67139 2.44904 8.63647 0.09155 0.00763 0.13733 0.19836 0.54169 6.26373 3.37219 0.46539 0.79346 0.08392 0.09155 0.05341 0.00763 0.07629 0.30518 0.35858 0.02289 0.13733 1.32751 0.75531 3.25012 4.31824 5.85175
1.48010 1.12152 0.01526 0.01526 0.02289 0.16785 1.38855 1.12152 5.25665 0.00000 0.06104 0.28229 1.73187 10.09369 7.80487 7.87354 3.02887 1.41907 1.37329 0.33569 1.18256 0.50354 2.70844 0.79346 2.26593 3.83759 5.02014 5.22614 6.04248 7.12585 4.29535
2.70081 0.54932 0.25940 0.04578 0.25940 1.05286 0.91553 4.19617 4.08173 1.89209 12.59613 7.88116 2.26593 3.46375 4.38690 17.79175 26.08490 6.41632 3.75366 0.87738 0.54169 8.01849 6.35529 5.92804 13.51166 6.98090 5.85938 8.43811 5.47791 10.33020 5.76782
0.00000 0.22888 0.16785 0.80872 0.32043 1.28174 6.66046 3.99780 3.31879 5.20325 6.16455 11.61194 11.08551 6.48499 0.53406 8.11768 5.64575 15.28931 11.16180 3.57056 5.89752 12.23755 11.94000 17.65442 15.89203 12.64191 9.31549 7.98035 5.57709 10.16998 10.79559
0.00000 0.01526 0.01526 0.03052 0.09155 0.29755 1.20544 3.50189 17.25006 14.70947 21.13342 20.17975 15.19775 8.64410 21.04950 62.30164 44.94476 12.25281 10.20050 38.08594 12.49695 12.76398 11.67297 22.96448 11.36017 19.11163 196.89941 40.45105 19.18030 9.47571 6.30188
0.00000 0.00000 0.00000 0.08392 0.07629 0.38910 0.65613 2.93732 6.11877 16.11328 35.17914 28.05328 23.75793 20.07294 20.74432 16.85333 31.01349 53.60413 85.31952 198.33374 98.31238 123.13843 100.40283 67.55066 26.84021 208.20618 38.55896 73.27271 73.20404 9.50623 0.66376
0.01526 0.43488 1.03760 1.27411 1.11389 0.86975 0.12970 1.02234 2.71606 3.58582 8.17108 8.15582 6.64520 8.37708 9.03320 10.64301 19.10400 19.04297 14.36615 45.12024 42.96112 33.53882 45.86792 62.21008 33.67615 14.23645 51.50604 51.72729 68.04657 19.03534 5.43976
0.16022 2.70844 4.83704 1.24359 0.50354 1.03760 0.55695 0.93842 0.77057 1.19781 1.27411 1.87683 0.93079 0.61035 0.16785 0.32043 0.74768 8.14819 19.91272 17.82990 26.06201 33.63037 66.69617 48.86627 16.52527 19.01245 12.80212 20.96558 55.66406 21.60645 8.94928
24.25385 5.87463 2.43378 4.70734 2.37274 0.80872 0.80872 1.14441 1.15204 0.96130 1.21307 1.02997 2.02942 1.15204 0.38147 0.58746 0.80109 3.99780 10.92529 15.86151 31.46362 27.40479 9.62067 9.73511 11.77216 12.77161 9.52911 11.32202 13.11493 13.78632 13.67950
1.06049 3.31116 4.32587 8.01849 6.74438 5.85938 2.50244 1.97601 1.90735 0.84686 1.42670 2.22778 1.03760 1.57928 0.57220 0.12207 0.13733 0.71716 1.39618 12.58087 43.86139 33.37097 13.00812 18.92853 12.75635 6.58417 7.09534 10.21576 34.25598 9.41467 4.15039
1.87683 1.67084 0.60272 5.56183 3.17383 3.34930 1.75476 2.25067 1.78528 0.97656 1.48773 2.30408 1.06049 0.85449 0.41962 0.08392 0.00000 0.12207 0.19836 3.46375 4.27246 7.98798 26.91650 10.81848 15.48767 3.67737 1.77002 5.75256 6.05011 4.02069 7.75146
5.30243 4.17328 13.68713 18.60046 7.86591 17.55524 16.90674 0.91553 1.28937 0.22125 1.69373 0.52643 0.06104 0.02289 0.20599 0.01526 0.00763 0.01526 0.00000 3.48663 6.79779 12.57324 32.26471 20.27893 1.62506 0.25940 1.63269 1.49536 2.08282 7.37762 4.96674
7.78961 9.11713 17.54761 29.03748 8.81958 10.80322 2.85339 1.64795 0.51880 0.38147 0.74005 1.46484 0.07629 0.01526 0.48065 0.92316 0.17548 0.00000 0.00000 1.01471 1.20544 2.96783 7.17163 22.34650 29.17480 5.31769 4.20380 1.72424 17.38739 17.91382 2.15912
