DATA/RAW-RASTER/ECMWF/20170628/EN-25/20170708.en-25.asc
ncols			31
nrows			16
xllcorner		69.5
yllcorner		19.5
cellsize		1.0
NODATA_value	-99999
2.90680 0.05341 0.05341 0.76294 0.23651 2.37274 0.07629 0.06866 0.76294 4.51660 7.33185 3.76892 4.16565 2.62451 2.02179 2.70081 1.51062 2.50244 5.81360 7.85065 4.85229 5.31006 5.34821 5.00488 2.67029 1.67847 1.26648 3.91388 1.61743 9.69696 17.09747
0.00000 0.01526 0.64850 0.25177 0.96893 0.79346 0.22125 1.58691 0.39673 1.25122 2.20490 0.29755 0.24414 0.22125 1.03760 1.33514 1.13678 0.98419 1.78528 0.30518 0.57983 1.99890 1.77002 1.31989 1.89972 3.12042 5.24139 9.94110 11.19995 8.75854 9.64355
0.04578 0.13733 0.09155 0.18311 1.74713 3.54004 0.67139 0.00000 0.00000 0.00000 0.00000 0.00763 0.00000 0.03815 0.00000 0.12970 1.14441 0.81635 1.85394 2.15912 5.67627 12.48169 2.20490 1.46484 1.60217 2.50244 2.69318 9.74274 11.74927 7.30896 4.33350
0.00763 0.00000 0.00000 0.06104 0.38147 1.42670 2.08282 0.86212 0.00000 0.00000 0.00000 0.00000 0.00000 0.00000 0.00000 0.00000 0.34332 0.29755 0.70190 6.85883 13.80920 4.33350 5.73730 1.41907 1.83868 0.66376 3.70789 5.49316 14.96124 15.76996 11.58905
0.09155 0.00000 0.00000 0.00000 0.00000 0.08392 0.47302 1.40381 0.15259 0.00000 0.00000 0.00000 0.00000 0.25177 0.54169 0.07629 0.23651 2.68555 2.12860 7.18689 10.75745 4.45557 8.13293 0.76294 3.89099 8.65936 5.24902 13.45825 13.85498 11.26099 7.76672
0.00000 0.00000 0.00000 0.00000 0.00000 0.00000 0.00000 0.22888 1.77002 1.31226 4.79889 0.18311 1.41144 0.06104 0.11444 0.77057 1.45721 10.42175 6.53839 7.04956 2.82288 2.31171 8.35419 4.87518 5.49316 11.99341 2.97546 12.22992 20.21790 12.80975 20.90454
0.00000 0.00000 0.00000 0.00000 0.00000 0.00000 0.00000 0.00000 0.03052 0.22125 1.75476 4.22668 4.55475 0.78583 0.16785 4.39453 2.03705 10.02502 12.20703 3.66974 22.22443 7.08771 11.81793 6.05011 11.23047 6.94275 7.35474 7.40051 16.55579 27.91595 27.46582
0.00000 0.00000 0.00000 0.00000 0.00000 0.00000 0.00000 0.00000 0.00000 0.04578 0.12207 0.32806 2.77710 6.95801 22.53723 3.20435 24.78790 4.94385 2.09045 3.55530 6.65283 15.21301 6.05774 11.26862 9.39941 80.47485 58.88367 10.77271 21.70563 24.52850 37.23907
0.00000 0.00763 0.02289 0.00763 0.00000 0.00000 0.00000 0.00000 0.00000 0.00000 0.00000 0.12207 0.77057 1.30463 2.96783 2.65503 17.22717 36.91101 30.17426 6.31714 18.52417 25.48981 24.81079 75.34027 4.52423 3.48663 32.47833 14.23645 33.71429 14.89258 13.50403
0.06104 0.28992 0.31281 0.47302 0.06866 0.02289 0.02289 0.00763 0.00000 0.00000 0.00000 0.00763 0.16022 1.22070 3.82233 7.45392 4.86755 13.13782 6.61469 6.54602 13.89313 7.30133 5.86700 9.55200 2.54059 3.27301 6.62231 16.13617 31.44836 11.07025 15.24353
0.57983 0.74005 0.56458 0.32806 0.00000 0.01526 0.02289 0.16785 0.00000 0.00000 0.00000 0.00000 0.05341 0.28992 4.32587 2.44904 1.03760 10.51331 27.88544 23.41461 25.49744 35.36987 53.54309 23.63586 5.12695 2.57874 3.14331 38.28430 57.76215 36.77368 42.26685
0.44250 0.58746 1.25122 1.15204 0.25940 0.23651 0.25940 0.36621 0.00000 0.01526 0.01526 0.00763 0.78583 2.79236 14.25171 0.54169 16.57867 10.95581 12.12311 7.34711 4.05884 6.47736 0.74768 0.64850 0.88501 2.79236 1.06049 8.64410 24.89471 13.73291 12.93945
0.70190 0.62561 0.28229 2.04468 1.19019 1.26648 1.01471 0.19836 0.18311 0.30518 0.14496 0.98419 1.01471 4.95911 32.78351 7.59125 1.59454 4.35638 1.12152 0.77820 3.27301 5.40924 7.05719 6.85120 20.21790 7.46918 4.47083 8.50677 14.30511 6.88934 1.90735
1.47247 1.02997 0.27466 0.78583 1.78528 0.30518 0.22888 0.86975 1.20544 0.03052 0.08392 2.82288 10.87952 13.38959 8.95691 1.72424 2.79999 1.88446 2.49481 1.38855 2.56348 10.53619 2.57111 6.38580 5.13458 3.57056 5.31769 2.68555 17.59338 16.25824 3.05176
0.87738 1.19781 1.33514 3.02887 1.57166 1.10626 0.25177 1.25122 0.49591 0.82397 4.73785 5.69153 4.69971 7.73621 4.05121 2.83051 1.90735 0.90790 0.57220 0.86975 0.99945 3.17383 7.84302 8.72040 0.77820 1.17493 3.25775 1.21307 2.54822 16.16669 3.33405
3.21960 3.95966 3.43323 5.73730 1.38092 0.74768 0.44250 1.20544 1.63269 0.62561 6.15692 6.55365 4.82941 3.75366 5.10406 4.46320 1.28937 0.61035 0.97656 0.61798 1.15204 1.73950 4.83704 7.20215 7.04956 0.84686 2.09045 0.60272 2.72369 1.49536 6.66809
