DATA/RAW-RASTER/ECMWF/20170628/EN-13/20170711.en-13.asc
ncols			31
nrows			16
xllcorner		69.5
yllcorner		19.5
cellsize		1.0
NODATA_value	-99999
0.16785 1.21307 1.94550 4.34113 8.45337 3.07465 1.39618 0.60272 0.54932 1.83105 5.79834 2.30408 2.12097 7.40051 7.75909 1.64032 0.30518 0.10681 2.11334 3.34167 4.92096 2.16675 2.44141 2.95258 1.35803 0.58746 0.91553 0.35095 0.83160 0.41962 0.54169
0.00000 0.06866 7.56836 3.65448 4.31061 2.28119 1.30463 10.53619 1.47247 6.08826 3.81470 6.24847 8.20923 4.49371 6.74438 8.64410 2.47955 1.43433 1.86157 1.96838 1.84631 2.38037 4.34875 0.74005 1.21307 2.05994 1.35803 1.17493 0.93079 0.84686 0.00000
0.80872 2.63214 7.40814 8.76617 0.24414 3.89099 9.22394 0.74768 1.31226 2.10571 3.86810 5.16510 8.72040 5.80597 4.62341 8.14056 7.27081 2.40326 2.62451 0.85449 1.46484 0.88501 1.67084 3.60107 2.05231 1.48010 0.90027 0.73242 0.89264 0.36621 0.12970
0.43488 0.00000 5.03540 7.32422 5.08118 8.99506 21.12579 14.50348 0.38147 1.34277 3.46375 2.20490 8.01086 6.18744 5.50079 2.96021 6.08063 2.35748 1.59454 2.44904 0.77820 7.51495 6.66809 4.02832 1.38092 3.35693 3.79944 2.96021 4.77600 4.56238 4.44794
4.62341 0.00000 0.00763 0.18311 0.90790 1.15204 6.84357 31.01349 9.80377 9.55200 0.41199 1.56403 6.89697 2.38037 3.15857 2.36511 4.21143 4.50897 4.47845 5.87463 4.94385 8.26263 14.66370 6.66046 6.24084 7.64465 7.99561 11.84082 9.57489 5.09644 7.14874
0.50354 0.61798 0.02289 0.00000 0.03815 0.21362 3.29590 6.12640 9.37653 7.31659 33.74481 9.34601 6.21796 0.74005 2.63977 2.74658 6.92749 5.93567 12.87842 13.33618 9.72748 12.10022 6.56891 14.45007 8.79669 9.61304 5.58472 4.15802 12.60376 11.10840 11.34491
0.20599 0.00000 0.00000 0.00000 0.00000 0.00000 0.19836 0.06866 0.88501 11.93237 18.60046 26.00861 30.42603 4.02832 2.17438 2.09808 2.66266 7.31659 3.78418 5.18799 3.28064 0.37384 3.60107 8.78143 12.41302 22.10999 13.93890 11.13892 2.94495 6.82831 14.09149
0.00000 0.00000 0.00000 0.00000 0.00000 0.00763 0.00000 0.00763 0.07629 1.47247 2.03705 17.14325 23.13232 47.76001 11.65771 6.64520 4.34113 6.00433 2.07520 0.42725 2.89154 12.73346 3.67737 9.80377 24.50562 12.53510 7.14111 19.21844 12.80975 3.91388 12.34436
0.00000 0.00000 0.00000 0.03815 0.46539 0.06104 0.00763 0.14496 0.00000 1.06049 6.16455 10.31494 25.78735 17.40265 8.88062 5.31769 11.59668 10.17761 8.84247 2.33459 3.12805 2.41852 4.37927 26.08490 2.89154 1.95312 12.28333 18.58521 24.12415 12.49695 2.89917
0.07629 0.33569 2.72369 0.99182 0.28992 0.18311 0.03815 1.49536 1.34277 0.76294 2.22778 15.96832 11.16180 43.18237 54.19922 9.30786 15.67841 9.64355 10.24628 6.55365 11.49750 6.76727 2.73895 4.31061 2.15149 14.43481 5.32532 5.53894 9.84192 5.42450 7.46155
0.80109 2.15149 0.86975 2.20490 0.47302 0.96893 2.89917 2.83051 2.43378 0.70190 0.76294 0.93842 17.95197 13.90839 20.27130 12.58087 8.99506 8.62885 10.89478 7.82776 5.49316 4.89807 34.04236 1.34277 5.18036 2.58636 1.24359 2.74658 8.07953 7.53021 6.72150
1.22070 0.79346 2.33459 2.25830 4.53949 2.91443 5.43213 1.97601 2.14386 4.94385 3.10516 2.32697 3.65448 3.71552 3.19672 6.03485 12.02393 21.61407 17.59338 15.24353 10.66589 9.42230 2.66266 26.58844 8.18634 0.83923 0.98419 1.63269 1.46484 9.10950 9.80377
1.09863 1.57928 0.80872 3.73840 4.64630 1.85394 0.22888 2.99835 2.50244 0.80872 2.28882 2.55585 1.67084 2.51770 1.78528 13.89313 3.96729 25.18463 12.80212 23.32306 15.09857 9.84955 1.90735 11.96289 5.52368 0.28992 0.14496 1.03760 9.02557 10.89478 13.01575
2.70081 1.77002 0.57220 0.59509 3.16620 4.36401 3.43323 2.96021 4.65393 1.23596 2.22778 2.60925 0.84686 0.58746 11.16180 3.19672 15.14435 30.08270 25.40588 25.69580 3.83759 11.08551 9.79614 13.74054 2.96783 0.46539 0.76294 6.91986 6.61469 2.63214 12.85553
1.93787 2.81525 1.89972 1.75476 3.43323 4.64630 2.76184 0.61035 1.18256 0.54932 2.48718 1.11389 0.43488 0.06104 2.63214 6.98090 4.84467 17.35687 44.78455 13.90076 6.33240 5.20325 2.92206 9.01031 10.00214 0.92316 0.24414 11.55853 5.91278 6.10352 13.65662
1.51062 2.40326 3.83759 6.30951 1.10626 3.39508 5.58472 5.86700 4.57764 0.39673 1.60217 1.52588 0.30518 0.54932 1.10626 1.03760 6.50787 17.41791 22.44568 6.90460 3.51715 7.88879 7.29370 3.29590 11.66534 1.43433 3.20435 13.95416 20.17975 6.95801 13.35907
