DATA/RAW-RASTER/ECMWF/20170628/EN-13/20170630.en-13.asc
ncols			31
nrows			16
xllcorner		69.5
yllcorner		19.5
cellsize		1.0
NODATA_value	-99999
0.14496 0.21362 0.26321 0.19073 1.81580 2.35367 1.93024 2.24686 4.61197 5.41306 2.76566 3.02124 4.43649 7.41959 16.58630 13.17596 11.50131 9.39178 6.99997 4.68445 3.63159 2.82669 1.19400 9.57108 8.90732 9.29260 4.39072 6.72531 8.07190 0.80109 0.39673
0.00000 0.01907 1.13678 0.49210 2.84195 1.73569 2.61688 11.86371 7.67899 4.79126 4.93622 8.83865 11.05118 11.07025 12.31003 5.22232 5.35965 2.04849 1.39236 1.05667 1.70135 1.15967 1.10626 3.94058 11.39832 8.83865 6.82068 8.52966 5.44357 6.87027 2.09045
0.00000 1.77002 0.00381 0.59509 0.11826 14.62555 70.23239 20.02716 5.64575 2.99072 6.06918 5.70297 7.66373 6.41251 4.98199 4.76456 2.28882 1.50681 1.46484 0.85068 1.90735 2.70081 2.42996 1.88828 2.78854 1.60217 7.16019 6.75964 6.90842 9.25064 7.72095
0.36240 0.15259 0.00381 0.00000 0.03052 5.31769 32.66907 18.53943 14.93454 3.23105 4.97818 1.16730 0.88882 1.02615 0.89645 0.77438 1.33133 1.29318 0.96130 0.36621 1.04904 4.92477 8.83865 9.08279 4.08554 3.30353 4.29535 7.00760 7.57980 14.40048 14.15634
2.56348 0.00763 0.00000 0.00000 0.66757 8.66318 34.40475 19.16122 19.01245 19.95850 1.96075 7.49207 3.79562 0.37766 3.36075 1.17493 1.00708 2.07138 0.28992 1.05667 2.38037 6.93512 1.99509 12.27188 4.22668 11.95526 12.98523 8.21686 13.03101 7.53403 7.88879
1.33514 0.07248 0.00000 0.00000 1.09100 12.11166 49.92676 17.85278 15.02228 15.31982 44.24667 31.00967 15.11765 1.87683 2.31934 1.19400 2.34985 0.90027 3.06702 8.46863 4.62723 9.14383 10.25009 5.99289 14.81628 25.75302 13.85117 7.15256 10.33783 11.52420 11.54327
0.14114 0.28610 0.03433 0.46921 4.74930 6.75583 7.33948 9.42612 21.91162 12.42065 224.30420 130.37872 45.91370 12.18796 0.85831 2.05231 3.92151 4.55856 0.89645 10.83374 4.76074 2.89536 13.79013 13.01575 16.84570 115.20386 49.06082 13.78632 9.80759 7.63321 10.31876
0.12970 0.79727 2.31934 3.13187 6.03104 9.79233 6.51932 35.65216 11.63483 5.76782 9.62067 32.27997 141.38412 33.11920 28.19443 30.76172 15.15961 6.38962 0.40054 3.36456 14.49585 16.99829 4.64630 45.46356 20.05005 23.30399 47.83249 14.91928 28.83911 16.76941 7.38144
1.49536 5.50461 2.39563 7.27844 13.88168 11.55472 12.32529 6.87790 2.74277 3.12424 33.71811 12.44736 27.65274 36.43036 35.98404 25.40970 6.19888 7.04193 53.74908 27.61078 52.96326 59.90219 13.12256 35.50339 14.74762 2.28500 9.08661 74.61929 78.74298 25.01297 12.55035
1.24741 1.47629 6.66809 17.59338 16.88385 26.90125 25.05875 9.81140 3.98254 1.41907 7.74384 13.42392 11.94382 25.37918 83.58002 12.29477 9.34219 11.18851 34.00803 9.44519 8.22067 7.06863 51.84174 2.64359 8.14056 13.70621 16.19720 10.03265 80.04761 14.10675 16.80756
21.19064 12.14600 25.36011 29.86145 84.45740 49.14093 9.01413 6.32858 0.51880 0.25558 0.37766 4.36020 21.09146 53.31421 24.93668 30.93338 9.31168 3.45993 18.74542 12.42828 7.67136 9.19342 31.78406 12.88986 3.59726 33.29086 10.99014 19.95087 36.22055 9.15146 10.78796
26.70670 35.49194 59.45587 64.06784 28.74374 3.59344 1.35422 2.11334 1.04523 4.41360 1.62125 1.45340 3.00980 20.83206 32.50122 29.51431 15.49530 6.20270 6.70624 5.24139 4.94766 2.59781 2.16675 5.33676 19.82880 12.44354 2.65884 11.97433 8.56781 9.93729 6.03485
22.79663 20.19119 33.51974 28.86963 14.42719 6.72150 4.26865 2.01035 1.07956 0.32043 5.69916 1.67847 9.21631 17.08984 16.70456 24.51324 26.09634 7.56836 9.13239 9.50241 2.31171 11.89041 4.65012 3.46375 24.63531 0.88120 0.64850 5.51605 7.81631 11.59668 1.71280
3.54004 4.46701 10.13565 28.15247 5.28717 1.53351 1.68228 1.45340 0.87738 1.38855 3.68118 2.51389 8.98743 9.19342 13.11111 43.39218 22.49908 10.31494 8.14056 8.85773 5.50842 22.78900 1.99127 5.66101 8.17490 1.20926 0.49210 3.33405 22.19391 9.95636 7.57980
8.49533 4.68063 4.46320 13.90457 4.63104 2.03705 0.70572 0.43869 1.48773 0.12589 0.24796 0.89645 8.49915 8.64792 13.95416 24.43695 38.26904 20.68329 11.22284 12.12692 11.18088 19.33289 42.72842 25.12741 6.24466 1.84631 1.20544 2.17819 8.75092 11.66916 7.64084
5.93567 12.41684 11.53183 12.71439 3.15475 1.38855 1.31989 0.83542 0.17166 0.35095 0.06485 2.74277 4.40598 10.84518 9.07898 28.28979 34.76334 41.87012 63.28201 39.24179 16.97922 20.04623 28.32794 37.50229 29.78134 6.00815 18.17703 1.95312 3.10516 7.72476 18.13507
