DATA/RAW-RASTER/ECMWF/20170628/EN-13/20170703.en-13.asc
ncols			31
nrows			16
xllcorner		69.5
yllcorner		19.5
cellsize		1.0
NODATA_value	-99999
0.02289 0.36621 0.35095 3.67737 3.92914 1.48010 1.66321 2.90680 0.67902 0.19073 0.80872 2.65503 4.44794 7.32422 6.53076 4.02832 3.15094 2.88391 7.16400 7.42340 8.72040 6.24847 5.69916 4.01306 7.78198 5.82123 1.77765 0.23651 0.26703 0.00000 0.37384
0.11444 0.00000 4.66919 1.28937 6.50787 0.78583 0.50354 0.34332 1.77765 1.31989 4.15039 5.81360 6.66809 6.97327 5.81360 9.79614 9.33075 2.86102 6.01959 9.10187 2.76184 6.30188 12.11548 20.05005 16.14380 13.61084 4.32587 1.89972 0.85449 0.00000 0.10681
0.89264 5.31769 4.15039 8.85773 12.39014 6.60706 4.62341 3.02887 4.95148 4.03595 2.83051 4.33350 6.22559 7.01904 7.17163 3.82996 6.38580 7.13348 5.21088 5.88989 4.72260 7.40814 8.17871 5.56946 9.14001 5.79834 2.66266 0.24414 0.04578 0.01526 0.00000
4.82178 25.57373 13.58795 29.33502 33.03528 10.02502 3.83759 24.09363 9.39178 3.41797 3.50189 1.66321 3.14331 5.75256 5.43213 10.65063 3.17383 3.22723 1.15204 7.74384 4.61578 12.65717 7.23267 6.52313 3.47900 3.37219 1.95312 0.03052 0.00763 0.00763 0.12970
2.76184 0.01526 0.25940 0.25940 13.09204 11.85608 7.03430 24.65057 8.87299 3.48663 1.51825 6.50787 3.30353 4.73022 0.36621 0.54169 0.76294 2.92969 6.10352 1.53351 1.55640 2.14386 3.83759 1.51825 2.06757 2.15149 0.54932 0.00763 0.00000 0.74768 0.28229
0.32806 0.00000 0.00000 0.01526 1.08337 0.09918 1.73187 17.05933 14.57977 30.46417 35.53772 5.37109 3.30353 0.42725 0.72479 2.61688 4.84467 10.69641 10.67352 11.55090 7.92694 8.98743 5.44739 14.87732 3.11279 5.11932 1.01471 0.21362 0.05341 0.53406 1.65558
0.00000 0.00000 0.00000 0.00000 1.04523 22.85004 0.33569 3.52478 8.73566 31.60095 16.71600 18.70728 14.95361 6.29425 1.41907 6.74438 1.83868 1.72424 4.28009 10.99396 7.43103 18.18848 14.15253 7.20978 8.94165 20.33234 11.48224 3.78418 0.32043 1.64032 1.57166
0.00000 0.00000 0.00000 0.00763 0.00763 0.86212 0.94604 6.86646 9.96399 17.15088 12.77924 5.27191 15.62500 12.00104 11.06262 12.98523 8.51440 0.35095 2.15149 6.36292 5.78308 17.18903 5.56183 20.85876 8.19397 30.98297 87.80670 14.70184 14.22119 4.02069 15.87677
0.00000 0.00000 0.01526 0.01526 0.03052 0.01526 0.35858 0.09155 2.43378 4.18854 7.60651 13.88550 12.87842 32.79877 14.04572 14.30511 19.81354 10.23865 132.29370 172.51587 74.01276 149.63531 74.91302 30.00641 9.20105 37.91046 47.18018 16.48712 11.52039 9.18579 9.53674
0.00763 0.25940 0.48828 0.35095 0.96130 0.18311 1.35040 0.14496 2.67029 12.03156 7.01904 9.15527 8.87299 17.22717 17.23480 30.28870 19.18030 31.41785 19.83643 14.65607 14.21356 23.69690 31.72302 21.24023 3.66211 14.77051 47.11914 29.26636 106.30798 1.83105 13.21411
0.12970 0.70190 0.78583 0.59509 0.05341 0.15259 0.36621 0.96893 2.02179 5.53131 7.35474 12.08496 27.60315 40.22217 19.11163 18.65387 12.32910 15.73944 16.94489 8.39233 5.41687 28.32031 31.71539 12.57324 7.46918 7.93457 15.64789 15.98358 12.07733 7.07245 21.92688
0.34332 0.32043 0.88501 1.77002 0.35858 1.18256 3.36456 0.82397 0.85449 0.58746 5.40161 21.62933 13.89313 16.55579 28.30505 7.96509 10.83374 2.31171 1.18256 1.56403 9.81903 12.64954 4.95148 2.73895 8.11005 8.97980 26.49689 15.07568 17.49420 8.82721 12.02393
0.85449 0.99945 0.25940 0.54932 0.90790 1.33514 0.65613 1.68610 6.05774 4.05121 3.47900 6.87408 4.21906 13.45825 32.63092 7.18689 7.40051 5.86700 18.73016 13.99994 39.39056 30.46417 10.39886 14.28986 7.11060 6.65283 2.96021 7.68280 14.46533 10.69641 14.09912
1.64795 3.17383 0.61035 0.57220 1.52588 0.71716 2.33459 1.67084 2.15149 1.38855 7.63702 8.01849 1.93787 4.15802 6.98853 6.53076 1.07574 4.50134 7.07245 8.24738 28.54156 27.61078 22.65930 20.62988 1.72424 0.62561 2.40326 6.64520 5.98907 9.30023 41.10718
1.58691 1.23596 0.23651 2.76947 7.31659 3.41034 1.51825 0.96893 0.70190 3.92151 8.31604 4.06647 2.71606 2.64740 1.47247 2.77710 3.38745 1.32751 17.86804 7.98798 25.45929 27.22931 38.36060 7.75146 1.08337 0.03815 9.23920 1.42670 9.96399 18.86749 17.80701
2.28882 2.90680 3.63922 9.73511 2.15912 5.99670 4.04358 1.27411 4.85992 2.15912 5.02777 3.50952 1.28174 1.30463 1.57166 0.24414 2.29645 1.54114 3.86810 5.04303 13.90076 9.91821 17.66205 21.92688 27.11487 2.78473 25.89417 2.47192 6.30188 3.67737 3.96729
