DATA/RAW-RASTER/ECMWF/20170628/EN-13/20170707.en-13.asc
ncols			31
nrows			16
xllcorner		69.5
yllcorner		19.5
cellsize		1.0
NODATA_value	-99999
2.31171 0.16022 2.12097 1.66321 0.49591 5.37109 0.86212 0.01526 0.76294 1.89209 3.86810 4.25720 2.26593 0.63324 0.25940 0.62561 0.63324 2.79999 4.18091 4.46320 5.02777 6.88934 16.69312 16.98303 19.10400 7.56836 7.15637 2.11334 0.86975 1.65558 5.43976
0.04578 0.25177 0.01526 0.75531 2.63214 1.12152 0.16785 1.48773 0.38147 0.74005 5.67627 2.54822 2.41852 2.40326 3.27301 1.93024 0.83160 0.20599 0.45013 3.32642 2.31934 5.45502 17.44843 28.51105 23.01788 2.86865 3.85284 4.11224 3.47900 9.36890 5.78308
0.29755 7.37000 8.57544 0.61798 6.12640 5.71442 1.33514 0.04578 0.01526 0.02289 0.58746 2.45667 2.28119 1.67084 2.92969 6.01196 5.57709 1.19781 1.40381 4.71497 13.99231 8.57544 8.21686 19.14215 13.13782 4.28772 4.84467 0.45776 1.14441 3.44086 1.70898
1.09100 0.06104 5.70679 8.17871 16.35742 5.76019 6.50024 2.96021 0.03052 0.03815 0.01526 0.00000 0.40436 1.03760 1.09863 6.18744 9.53674 8.08716 10.00977 10.07080 18.91327 16.27350 9.30786 5.18036 5.18036 7.43103 9.78088 10.58960 2.82288 2.41852 4.85992
0.46539 0.00000 0.47302 5.92804 11.98578 11.07025 3.82233 3.06702 1.77765 0.57220 0.00000 0.00000 0.01526 0.02289 4.31061 3.15857 4.11224 13.32092 7.56073 10.59723 10.10132 6.07300 9.23920 5.68390 1.96075 6.95038 5.25665 9.59778 9.21631 4.63104 8.10242
0.00000 0.00000 0.03815 0.06104 0.70190 5.73730 7.30133 2.02942 4.36401 2.24304 6.82831 0.16022 1.60217 0.70953 0.48828 7.53021 16.81519 18.40973 22.64404 9.67407 13.06152 15.57922 10.32257 8.96454 4.24957 4.72260 1.73950 11.36780 9.73511 15.57159 10.65063
0.00000 0.00000 0.00000 0.00000 0.12970 0.08392 2.15912 1.45721 1.57928 0.96893 1.58691 2.73132 1.56403 6.43158 1.17493 5.61523 8.68988 15.86914 10.62012 12.72583 17.78412 18.48602 15.64026 8.98743 12.16888 29.50287 17.90619 5.66101 15.96832 10.17761 13.65662
0.00000 0.00000 0.00000 0.00000 0.00000 0.00000 0.25177 0.49591 1.20544 0.99182 1.39618 3.56293 2.92206 10.27679 6.72150 9.75800 6.48499 3.12805 1.64032 1.38855 10.00214 14.17542 7.55310 27.05383 42.93823 50.58289 64.04877 13.69476 37.12463 12.08496 11.29913
0.00000 0.00000 0.00000 0.11444 0.11444 0.04578 0.05341 0.22125 0.18311 0.03815 0.19073 0.56458 1.96838 3.38745 7.52258 4.85992 4.05884 29.51813 11.71875 42.86194 38.97095 81.03180 66.61224 45.16602 13.46588 15.64789 16.42609 39.91699 56.30493 17.63153 10.58197
0.20599 0.50354 1.03760 1.99890 0.99182 0.73242 0.51880 0.96893 0.35095 0.44250 0.28992 0.01526 0.03815 1.22070 3.49426 12.64191 11.42120 25.22278 14.99176 21.00372 22.60590 10.02502 8.53729 13.75580 12.80212 10.13947 70.77026 24.20044 59.79919 28.50342 15.37323
0.67139 2.38037 2.60162 1.02234 0.92316 1.21307 1.09863 2.09045 0.62561 0.12970 0.08392 0.03052 0.00000 0.11444 0.13733 6.88934 8.19397 4.84467 11.61957 10.79559 18.00537 36.99493 46.50116 18.08929 2.41089 7.25555 16.14380 32.33337 59.47876 25.87128 15.83862
0.45776 1.20544 2.12860 4.57764 4.60052 1.60980 0.54169 1.87683 1.27411 0.39673 1.22070 0.47302 1.44196 0.11444 0.51117 1.23596 5.34821 5.31006 5.19562 6.08826 13.28278 29.54102 8.32367 17.37976 10.87189 8.06427 15.39612 19.76013 33.84399 34.33990 22.43805
1.89209 0.94604 0.64850 2.05994 3.16620 1.19781 0.67902 0.65613 0.31281 0.37384 0.71716 0.45013 0.30518 2.33459 1.62506 1.51825 0.35095 1.75476 7.16400 11.54327 18.53180 16.95251 2.48718 10.36835 11.98578 2.54822 3.94440 14.14490 28.97644 28.81622 10.65826
2.54822 1.82343 0.25940 2.37274 3.43323 1.83868 1.07574 2.04468 0.76294 0.45013 1.93024 0.86212 0.25940 0.83160 0.99182 1.69373 0.92316 0.35095 0.44250 5.69153 3.46375 17.15088 8.04138 12.00104 6.39343 0.42725 2.47955 6.01196 49.83521 41.58783 29.03748
2.37274 3.82233 4.28009 4.03595 2.58636 0.56458 0.22125 0.51117 0.13733 0.74768 0.59509 0.35095 0.21362 0.38910 0.48828 0.54169 0.34332 0.09155 0.16785 2.03705 6.00433 5.94330 14.44244 14.12201 0.47302 1.43433 1.41144 1.70898 7.56073 17.63153 24.36829
0.65613 1.46484 2.57111 7.02667 0.57983 0.80872 0.43488 0.48065 0.00763 0.32806 0.44250 0.53406 0.23651 0.12207 0.59509 0.63324 1.44196 0.12207 0.02289 1.54877 2.37274 5.39398 9.20105 14.57977 16.56342 1.67084 8.09479 1.64795 2.83051 1.07574 9.31549
