DATA/RAW-RASTER/ECMWF/20170628/EN-13/20170712.en-13.asc
ncols			31
nrows			16
xllcorner		69.5
yllcorner		19.5
cellsize		1.0
NODATA_value	-99999
0.51880 3.78418 0.60272 1.46484 4.82941 1.38855 3.20435 0.42725 0.24414 0.18311 2.12860 1.02997 2.79236 0.56458 0.75531 1.06049 2.05994 3.20435 8.22449 9.11713 5.43976 7.44629 7.37000 6.50787 9.32312 5.97382 3.86810 0.41962 0.57220 0.03052 0.56458
0.80872 0.16022 1.22070 0.06104 4.80652 1.14441 0.22888 1.35040 0.92316 1.71661 3.34167 1.96838 1.09100 1.28174 0.58746 0.58746 2.05994 3.86047 10.59723 7.17926 4.19617 14.28986 11.24573 6.80542 4.34875 5.96619 1.03760 1.60980 1.09863 0.70190 1.47247
2.55585 6.38580 0.45776 4.94385 2.11334 2.26593 5.70679 0.09155 0.56458 0.72479 1.84631 3.61633 3.05176 1.66321 0.31281 1.42670 2.31171 2.09808 7.62177 8.50677 8.99506 5.63049 6.19507 3.30353 2.46429 1.44958 1.84631 0.54932 1.14441 0.93842 0.26703
2.60162 0.14496 1.31226 6.88934 1.82343 4.89807 2.28882 5.35583 0.41199 1.70135 3.08990 1.42670 4.19617 5.66864 2.96021 3.15857 5.90515 8.91113 7.29370 1.48010 4.40979 5.52368 3.53241 5.73730 4.82941 3.14331 0.87738 0.43488 0.70190 0.81635 0.38147
6.06537 0.00000 0.09918 2.19727 6.19507 5.63049 2.47955 30.32684 22.09473 1.39618 0.07629 0.73242 0.99182 4.28772 9.26971 3.94440 10.53619 9.52148 3.73077 2.54059 2.47192 6.01196 10.69641 7.03430 3.78418 7.45392 10.76508 2.52533 1.16730 0.93079 1.09863
1.52588 0.00763 0.01526 0.03815 0.70953 0.54169 3.52478 6.87408 4.79889 17.74597 8.86536 15.75470 6.75964 2.98309 4.51660 15.17487 21.50726 12.51984 4.11987 2.51770 2.43378 9.31549 10.14709 10.05554 7.72858 2.29645 1.68610 5.17273 7.49207 2.15149 2.40326
0.00000 0.00000 0.01526 0.14496 0.10681 0.06866 2.73132 2.12860 2.11334 2.03705 5.98907 11.46698 11.33728 6.01196 3.76129 8.71277 11.56616 17.01355 7.31659 12.94708 4.20380 4.45557 5.75256 11.86371 10.69641 4.68445 4.28009 7.60651 9.39941 16.12854 8.14819
0.00000 0.00000 0.00000 0.00000 0.04578 0.23651 0.36621 0.41962 2.44904 1.20544 2.51007 11.35254 4.57001 15.52582 15.87677 29.13666 19.59991 3.36456 4.13513 2.93732 8.06427 14.35852 1.74713 28.96118 20.14923 26.84021 8.85010 13.80920 10.41412 16.38031 13.68713
0.00000 0.00000 0.00000 0.00000 0.00763 0.69427 2.91443 4.76074 2.60162 1.84631 19.26422 13.54980 6.38580 5.54657 8.76617 40.25269 10.36072 9.41467 18.13507 15.99121 6.53839 7.68280 14.72473 4.66156 3.05939 8.27026 8.59070 23.07129 28.07617 20.46967 26.83258
0.00000 0.03052 1.19019 2.94495 6.37054 0.51880 0.11444 3.61633 11.11603 6.41632 12.17651 9.33838 5.14221 2.94495 5.81360 8.59070 3.22723 5.53894 9.30023 5.08881 13.84735 5.87463 5.41687 5.98145 15.60974 21.59882 28.25165 17.52472 8.81958 23.42987 24.90997
0.19073 0.96893 2.17438 0.37384 6.21796 5.13458 1.53351 3.54004 13.44299 5.77545 6.03485 5.51605 7.14874 8.91876 28.61786 9.28497 4.33350 6.19507 4.32587 1.22070 8.20923 12.77924 17.50183 26.62659 5.76019 8.93402 39.03961 17.79938 23.36121 22.45331 17.64679
0.31281 0.71716 5.45502 5.54657 3.86810 10.22339 16.51764 2.21252 0.84686 5.73730 15.41901 5.75256 3.29590 5.96619 6.79016 27.50397 9.52148 2.56348 4.36401 5.65338 1.06812 1.95312 14.95361 15.89966 3.52478 23.67401 21.26312 8.43811 8.76617 13.43536 8.38470
0.89264 2.55585 3.75366 3.34930 2.47955 3.60870 2.28119 1.80817 2.66266 3.37219 2.31171 3.44849 4.47845 4.05884 14.43481 16.05225 14.82391 6.47736 6.34766 2.97546 1.43433 0.90027 3.82233 10.74219 12.95471 23.51379 16.15906 4.18854 6.72913 3.54767 3.51715
1.12152 0.90790 1.04523 2.83051 2.92206 1.02234 3.95966 3.79181 1.39618 1.03760 4.67682 12.32147 3.70789 7.36237 17.39502 17.37213 21.30890 10.89478 5.21088 2.22778 2.93732 4.37927 8.01849 13.72528 5.30243 9.12476 21.78955 1.98364 0.94604 2.98309 3.28827
2.22015 2.51007 3.24249 4.26483 4.08936 1.87683 1.45721 2.10571 0.90027 16.99829 11.90948 7.32422 2.12860 3.24249 10.84137 8.57544 17.74597 13.51166 5.09644 3.68500 1.06049 0.53406 3.52478 14.74762 5.14984 3.89099 2.70844 1.60217 1.02997 1.19781 6.48499
1.10626 4.84467 4.73785 8.14819 1.56403 4.18091 4.11987 30.99060 28.81622 9.20868 33.74481 3.14331 3.21960 9.11713 4.79889 13.77869 21.88110 4.05884 3.98254 1.74713 1.60980 1.75476 4.44031 10.75745 16.89148 5.97382 3.80707 5.66864 5.05066 2.48718 7.07245
