DATA/RAW-RASTER/ECMWF/20170628/EN-13/20170709.en-13.asc
ncols			31
nrows			16
xllcorner		69.5
yllcorner		19.5
cellsize		1.0
NODATA_value	-99999
0.00763 0.26703 0.73242 2.94495 0.09155 0.44250 0.15259 0.00763 0.42725 1.06812 2.64740 0.22125 0.94604 1.33514 1.93787 17.24243 8.60596 4.33350 1.73950 0.28229 0.11444 0.03815 0.03052 0.03815 0.00763 0.03052 0.03052 0.00000 0.07629 0.34332 1.58691
0.54932 0.57983 13.28278 1.47247 6.09589 3.38745 0.96893 0.96130 0.77057 3.84521 3.61633 1.65558 0.62561 1.25122 3.76129 18.80646 1.96075 0.84686 0.36621 0.03052 0.01526 0.07629 0.18311 0.06866 0.01526 0.07629 0.31281 0.21362 0.30518 0.82397 1.15204
0.05341 0.00763 0.03052 4.83704 31.74591 15.95306 2.44141 0.10681 2.35748 4.14276 8.30841 7.71332 2.98309 6.05011 7.33185 7.00378 1.28937 0.05341 0.06104 0.06104 1.19019 0.88501 3.20435 3.93677 1.39618 0.39673 1.25885 0.43488 1.08337 3.32642 3.34167
0.00000 0.00000 0.00000 0.12207 4.93622 60.53162 29.80804 6.75964 0.03052 2.63977 4.05884 10.05554 2.16675 5.49316 6.91223 6.01959 0.54169 0.03052 0.09918 0.43488 4.08173 8.46863 5.64575 3.91388 3.89862 1.69373 3.43323 3.51715 5.03540 3.16620 1.34277
0.06866 0.00763 0.00763 0.00000 0.08392 3.28064 22.34650 11.93237 3.69263 0.51880 0.19836 1.64795 4.24194 21.14105 7.78961 27.12250 6.68335 1.93024 0.24414 2.43378 5.98145 11.36017 7.94983 4.24957 11.29913 3.50952 1.53351 0.72479 8.27026 7.89642 9.65881
0.01526 0.00000 0.00000 0.00000 0.00000 0.03815 4.11987 15.41901 8.30841 4.05884 22.22443 3.82996 5.43976 7.62939 20.00427 13.00049 12.04681 5.59235 2.57111 4.50897 6.37817 9.16290 15.54108 10.76508 10.91766 7.73621 2.01416 6.43158 13.02338 17.08221 3.67737
0.00000 0.00000 0.00000 0.00000 0.00000 0.00000 0.66376 0.79346 9.73511 16.59393 9.66644 21.87347 4.85229 7.82013 12.29858 2.36511 3.46375 9.54437 18.05878 5.63049 6.91223 9.39941 13.05389 4.53949 9.50623 35.85052 7.20215 7.11823 8.35419 7.93457 5.05829
0.00763 0.00000 0.00000 0.00000 0.00000 0.00763 0.26703 0.46539 3.86810 16.73889 14.24408 13.29803 12.48169 7.25555 28.72467 19.71436 21.47675 5.50842 2.66266 4.96674 23.14758 39.61945 18.90564 12.10785 19.56177 26.60370 9.80377 3.69263 11.48987 5.79834 5.03540
0.00000 0.00000 0.02289 0.07629 0.09155 0.00763 0.00763 0.19836 0.51880 0.67139 5.69153 5.98145 10.04028 11.64246 11.05499 16.05225 24.81842 24.33777 30.43365 158.55408 158.48541 154.47998 55.72510 24.28436 34.29413 31.21948 10.92529 57.99103 20.97321 6.00433 17.28821
0.40436 0.59509 0.93079 0.20599 0.40436 0.03815 0.00000 0.02289 0.03815 0.00000 0.64850 0.13733 0.29755 6.72150 22.05658 9.67407 20.47729 15.99121 31.86798 17.66205 21.72852 29.45709 20.09583 11.08551 71.06018 25.83313 61.27167 30.61676 17.11273 4.20380 6.10352
2.44904 2.05231 0.50354 0.65613 0.10681 0.43488 0.01526 0.48065 0.18311 0.45013 0.96130 1.22070 0.63324 5.66101 12.29858 9.08661 7.30133 19.53888 14.52637 5.62286 15.55634 50.67444 63.06458 60.40192 35.93445 29.94537 22.12524 20.22552 7.61414 2.38800 2.51007
0.56458 0.71716 2.63214 3.15857 1.10626 0.20599 0.36621 0.45776 0.25177 0.25940 0.48828 1.61743 2.98309 4.46320 14.31274 15.66315 8.72040 20.18738 16.29639 21.97266 51.77307 32.57751 14.28223 8.18634 15.11383 35.76660 8.94928 8.04901 3.64685 1.35040 4.72260
0.56458 0.64850 0.19836 1.57928 1.28937 10.72693 0.90790 3.36456 1.06812 0.86975 1.59454 2.42615 6.60706 16.68549 9.09424 11.85608 31.06689 16.92200 15.44189 15.55634 39.58893 51.62048 26.24512 12.84027 18.35632 2.84576 1.49536 18.85986 9.11713 6.53839 10.59723
1.57166 1.77002 0.22888 0.95367 2.16675 0.28229 0.49591 0.99945 1.67084 1.73950 2.61688 1.39618 5.34058 26.58844 22.11761 9.65118 11.00159 16.79993 12.96234 9.49097 33.78296 49.47662 18.44025 15.36560 8.83484 2.69318 5.43213 8.57544 13.41248 14.53400 13.48114
1.25885 2.85339 2.03705 3.28827 2.71606 1.40381 0.11444 0.22888 0.25177 1.19781 1.17493 1.47247 6.49261 11.49750 13.46588 11.91711 5.51605 0.93842 9.05609 14.51111 20.83588 32.98187 35.24780 32.06635 15.52582 10.65063 10.29968 8.75092 14.16779 16.40320 14.64081
1.60217 0.72479 1.66321 3.28064 1.19019 1.64795 0.35858 0.77057 0.55695 0.35095 2.25067 3.44849 6.66046 3.41797 2.20490 2.35748 2.66266 2.25067 3.85284 6.93512 7.35474 10.05554 11.74927 21.65222 32.45544 5.48553 27.31323 6.99615 12.08496 12.24518 12.93182
