DATA/RAW-RASTER/ECMWF/20170628/EN-13/20170706.en-13.asc
ncols			31
nrows			16
xllcorner		69.5
yllcorner		19.5
cellsize		1.0
NODATA_value	-99999
0.19073 0.99182 1.35803 0.41199 0.48828 0.75531 0.76294 0.44250 1.84631 0.51880 5.54657 3.66974 7.22504 4.63867 1.28937 0.54932 6.03485 7.72095 3.97491 2.34985 1.41144 15.43427 6.80542 1.82343 0.55695 0.64850 1.51825 3.40271 3.53241 8.18634 5.16510
0.01526 0.36621 7.02667 12.39014 4.08936 0.06104 1.57166 2.65503 0.48065 0.29755 0.99182 0.72479 1.49536 2.22778 2.40326 2.65503 1.97601 1.31989 0.74005 1.07574 5.43976 4.73785 5.77545 0.36621 0.96130 0.70953 0.63324 1.47247 6.59943 4.82178 10.62775
0.76294 15.57159 6.04248 22.65167 18.02826 8.57544 1.38092 0.28992 0.00763 0.14496 0.19836 0.05341 0.11444 0.30518 0.90790 1.02997 1.06049 1.09863 1.62506 2.41852 1.51062 4.57001 5.78308 8.29315 4.27246 2.52533 3.23486 5.40924 9.99451 3.70789 5.01251
1.41907 2.22015 13.77106 20.96558 20.82825 7.66754 3.76892 2.74658 0.12207 0.00000 0.01526 0.00000 0.00000 0.03815 0.47302 0.84686 7.36237 3.46375 4.72260 9.46808 6.37817 10.95581 8.62885 9.25446 1.86157 3.13568 5.01251 5.36346 2.02179 7.30896 8.82721
1.45721 0.16022 0.48065 0.74005 5.80597 6.34766 1.92261 1.13678 1.23596 0.17548 0.01526 0.00000 0.08392 0.12970 0.57220 1.65558 7.54547 16.14380 7.54547 8.32367 7.27844 6.53839 6.75964 8.03375 11.12366 5.40161 6.27899 11.03210 16.83044 14.93073 8.91113
0.61035 0.00000 0.03052 0.00763 0.01526 1.80054 3.20435 3.10516 2.80762 0.38910 9.17816 0.45776 1.48010 0.70190 0.66376 4.74548 5.53894 11.19232 10.10132 13.56506 7.35474 13.06915 10.04028 10.20813 11.71112 16.96777 5.59998 4.00543 13.76343 19.66858 14.63318
0.00000 0.00000 0.00000 0.00000 0.00000 0.04578 0.90027 1.14441 1.74713 3.72314 4.31061 5.65338 11.14655 5.30243 2.98309 9.59778 5.66101 4.05121 5.46265 1.88446 1.44196 0.90027 2.08282 6.04248 7.98035 40.45105 43.58673 11.29913 6.20270 12.83264 9.30786
0.00000 0.00000 0.00000 0.00000 0.00763 0.02289 0.00000 0.03052 0.66376 1.12152 0.90027 4.63104 15.15198 13.45825 16.69312 19.56940 18.36395 5.51605 6.77490 29.31976 7.53784 11.41357 10.78796 24.34540 19.31000 38.02490 44.52515 18.74542 37.55951 13.13782 10.93292
0.00000 0.00000 0.01526 0.00763 0.04578 0.06104 0.02289 0.00763 0.06866 0.15259 0.03815 0.52643 2.03705 50.72021 28.97644 81.02417 40.32898 13.83209 73.01331 124.16840 46.97418 80.92499 37.68158 19.30237 17.86041 7.14111 10.04028 71.14410 63.69781 15.01465 15.25116
0.16022 0.78583 1.54877 1.03760 1.04523 0.38147 0.19836 0.23651 0.00000 0.00000 0.00763 0.00000 0.59509 2.00653 5.79071 5.05066 4.34113 1.52588 1.64795 2.09808 7.64465 19.85931 48.34747 7.15637 8.54492 12.86316 133.47626 26.84021 21.65222 8.87299 13.87024
0.79346 1.77002 1.47247 1.37329 0.62561 1.11389 0.09918 0.21362 0.00763 0.19073 0.07629 0.22888 0.03815 0.37384 0.32806 2.50244 6.98853 0.89264 0.55695 2.57111 15.92255 53.49731 21.79718 15.66315 11.66534 35.77423 2.31934 12.72583 5.88226 5.41687 6.65283
0.51880 0.92316 1.98364 4.40979 2.56348 1.25885 3.22723 1.98364 0.57220 0.06104 0.15259 0.34332 0.54932 0.06104 0.29755 0.16022 0.06104 0.58746 0.72479 4.07410 15.78522 3.37982 3.63159 41.77094 17.21191 18.00537 2.31171 8.02612 19.98901 9.93347 1.38855
1.45721 0.57983 0.43488 1.43433 1.57928 1.31989 0.27466 0.12970 1.25885 0.25177 0.33569 0.53406 0.70953 0.09155 0.02289 0.00763 0.08392 0.45776 5.21851 6.70624 7.26318 16.42609 4.84467 19.47021 11.61194 2.01416 0.19073 2.86102 5.34058 7.08771 2.63977
1.48773 1.67084 0.22888 0.67139 1.96075 1.15967 1.51062 1.01471 0.69427 0.41962 0.67139 0.01526 0.00000 0.59509 0.04578 0.11444 0.18311 0.62561 2.62451 8.24738 7.78961 19.98138 7.60651 6.01196 12.55798 1.11389 2.99835 1.25122 4.42505 8.17871 9.62830
1.72424 2.89917 3.35693 2.59399 2.41852 0.95367 0.74005 0.25177 0.43488 0.16022 0.20599 0.14496 0.13733 0.05341 0.08392 0.01526 0.00763 0.01526 0.65613 1.09100 3.01361 11.33728 24.82605 13.52692 0.61035 5.76782 2.40326 1.44196 0.79346 18.47839 10.98633
1.44958 1.39618 3.34930 6.30951 1.26648 1.28174 0.77820 0.70953 0.33569 0.04578 0.24414 0.35858 0.73242 0.77057 0.84686 0.18311 0.14496 0.00000 0.43488 1.81580 4.49371 9.25446 19.59229 30.47180 24.75739 21.39282 12.03918 1.91498 0.79346 0.48065 2.28882
