DATA/RAW-RASTER/ECMWF/20170628/EN-13/20170708.en-13.asc
ncols			31
nrows			16
xllcorner		69.5
yllcorner		19.5
cellsize		1.0
NODATA_value	-99999
0.67902 1.84631 0.56458 0.23651 0.41199 0.99182 0.30518 0.00000 1.22070 6.91986 2.65503 1.72424 1.25122 5.27954 7.43103 6.40106 1.77765 0.41962 0.64850 0.71716 1.51825 1.40381 0.62561 1.43433 2.05994 7.72858 9.60541 10.07843 14.37378 23.56720 37.19330
0.63324 0.12207 0.35095 0.14496 0.46539 0.01526 3.07465 2.27356 1.38855 2.34985 3.97491 1.74713 2.35748 2.04468 3.82233 2.09045 1.19019 0.69427 1.34277 0.69427 0.78583 1.77002 2.14386 3.58582 8.43048 7.53021 6.62231 8.78906 23.07892 22.49908 26.16119
0.00000 0.03052 0.00000 0.46539 0.56458 6.12640 1.99127 0.00000 0.04578 0.16022 1.99127 3.57819 3.11279 2.57111 1.30463 1.94550 3.38745 1.80054 0.57983 0.58746 0.54169 0.16785 2.49481 5.05066 1.40381 10.00214 9.26208 20.67566 16.87622 10.56671 6.80542
0.01526 0.06104 0.12207 0.18311 1.02234 1.28937 5.27191 2.86865 0.00000 0.00000 0.19073 2.75421 0.83160 3.62396 0.69427 4.43268 1.23596 10.41412 1.13678 1.54114 1.47247 0.64850 2.26593 8.03375 13.23700 9.88770 18.31055 18.72253 8.52203 4.79126 1.63269
0.00000 0.00000 0.00000 0.29755 1.48773 3.07465 0.85449 2.25067 0.66376 0.03052 0.00000 0.12970 2.47955 6.51550 5.36346 14.17542 8.91876 12.93182 2.24304 3.99780 13.59558 14.90021 20.16449 21.56830 14.23645 10.07080 4.19617 12.06207 8.36945 1.35803 0.97656
0.00000 0.00000 0.00000 0.00000 2.02942 1.44196 2.57874 1.25122 1.83105 0.67902 18.21136 0.74768 4.95148 1.73187 4.57764 10.24628 7.91168 5.40161 4.94385 11.43646 17.58575 18.11218 7.43866 9.29260 8.75854 8.25500 10.04791 3.33405 2.86865 1.78528 4.98962
0.00000 0.00000 0.00000 0.00000 0.01526 0.07629 2.91443 1.36566 1.44196 1.18256 2.73895 5.14221 4.45557 2.45667 7.46918 35.97260 14.96124 7.76672 10.65063 16.66260 13.29803 32.79877 18.71490 5.37109 8.45337 22.17865 7.89642 9.23157 8.37708 9.59778 18.74542
0.00000 0.00000 0.00000 0.00000 0.00000 0.06104 0.24414 0.95367 0.58746 1.11389 0.17548 3.97491 5.57709 5.21088 48.85101 62.80518 16.48712 5.34058 5.05066 1.05286 17.33398 31.66962 23.50616 60.19592 28.26691 22.54486 24.68109 15.25879 15.82336 14.46533 4.40216
0.01526 0.00000 0.00763 0.00000 0.09918 0.02289 0.03815 0.06104 0.33569 0.23651 0.70190 0.76294 1.13678 1.50299 7.86591 14.01520 17.52472 6.09589 12.35199 39.33716 37.34589 94.61212 322.37244 141.86859 36.63635 30.76935 34.47723 82.58057 22.60590 8.15582 6.56128
0.02289 0.16022 0.26703 1.18256 1.09100 0.26703 0.47302 1.29700 0.39673 0.33569 0.36621 0.10681 0.12207 0.29755 1.05286 2.95258 5.46265 12.84790 16.02173 24.55902 36.48376 33.92029 40.29846 56.28204 22.57538 29.16718 19.71436 45.16602 55.05371 12.68005 15.72418
0.32806 1.69373 1.41907 1.41907 0.68665 0.87738 0.77057 1.99890 1.68610 0.54169 0.31281 0.31281 0.26703 0.45776 0.05341 0.24414 0.64087 0.64087 4.64630 19.37103 70.83893 67.57355 99.44916 22.31598 10.28442 20.21790 42.25159 35.18677 47.30988 25.77209 3.79181
0.58746 0.66376 4.79889 3.68500 0.76294 0.82397 0.54169 1.30463 1.64032 1.69373 1.38092 1.43433 1.12152 1.44958 2.44904 1.46484 0.83923 2.43378 4.03595 18.34869 25.86365 23.90289 7.08008 6.62231 20.93506 10.52856 21.45386 18.10455 15.13672 5.88989 5.50079
1.19781 1.55640 0.45013 1.54114 3.58582 2.46429 1.09100 1.73950 1.16730 1.46484 2.06757 3.40271 0.79346 0.83160 1.72424 1.90735 1.62506 0.86212 2.09045 4.82941 29.76227 56.79321 26.30615 12.73346 29.80042 8.39996 6.49261 9.97162 19.72961 12.59613 13.72528
2.26593 1.90735 0.57220 2.88391 2.82288 1.87683 1.42670 2.35748 2.83813 0.46539 2.34222 1.40381 0.83160 0.18311 0.67902 0.78583 1.12152 0.24414 0.43488 1.49536 46.04340 36.35406 23.51379 20.56122 9.94873 1.14441 3.18146 7.85065 13.74817 30.15137 35.92682
1.51062 1.77002 2.18201 1.15967 2.83813 1.67084 0.62561 0.51117 0.29755 0.20599 0.26703 0.25940 0.45013 0.50354 5.14221 1.70135 0.00000 0.16785 0.48828 4.36401 8.44574 35.08759 28.16010 13.32092 2.68555 3.26538 5.02777 3.25012 18.21899 24.71924 31.70776
0.60272 0.45013 1.68610 5.90515 0.80872 0.76294 0.38147 1.21307 0.20599 0.47302 1.31989 1.02234 4.18091 3.37982 0.35858 1.61743 0.00000 0.00000 0.02289 1.05286 3.18146 11.90948 17.60101 16.73126 14.86969 7.60651 9.68933 2.07520 6.30188 4.37164 28.02277
