DATA/RAW-RASTER/ECMWF/20170628/EN-13/20170629.en-13.asc
ncols			31
nrows			16
xllcorner		69.5
yllcorner		19.5
cellsize		1.0
NODATA_value	-99999
0.49973 0.66757 1.31989 0.84686 6.17599 1.58310 3.64685 7.58743 5.18417 2.96021 4.99725 4.84085 10.39886 12.44354 7.79724 11.15417 14.99939 9.47571 4.42886 4.38309 8.70132 14.64462 10.44464 5.80215 2.98309 0.25940 0.99182 0.27466 0.12207 0.08774 0.44250
0.51880 0.61417 4.48990 11.86752 3.50189 8.26263 18.12363 17.52472 10.17761 11.44028 5.21088 5.97000 4.97437 3.99017 5.17273 7.07245 4.15802 7.80487 4.41360 3.12042 4.72641 3.64304 7.83157 11.30295 6.79398 3.63541 2.10953 0.31662 0.00763 0.35095 0.52261
1.07574 2.92969 0.05722 6.69479 21.70563 53.89786 65.28091 39.20746 22.47238 10.04028 3.03650 1.44577 3.02505 2.38037 1.83868 1.91498 2.91443 7.58743 1.35422 3.50189 5.64957 5.40161 3.16620 12.99667 9.05991 4.19235 4.44412 0.43106 0.88882 0.08392 0.39291
7.77817 6.25229 1.55640 11.68823 11.97815 83.31680 85.80780 31.98624 30.34210 4.26102 3.85284 0.69046 0.82016 0.37766 0.90027 5.19562 2.17438 5.13840 5.33295 8.46100 3.29208 6.70624 16.22391 7.21741 6.08826 4.88663 13.79395 6.40106 4.76074 2.35748 0.72098
5.11551 1.99127 16.91818 7.25937 31.16226 35.48050 96.36688 16.23535 37.75024 11.69586 0.70572 0.78964 1.21689 0.47302 1.92642 3.16238 4.35257 3.24631 1.86539 3.24631 3.23868 6.06155 7.18307 6.84357 7.09534 5.10025 6.62231 17.79938 14.98795 5.20325 4.50134
4.72260 5.60379 31.15463 14.32419 23.44894 30.13229 27.22931 22.25113 13.55362 25.91705 7.54166 4.57382 4.34875 1.78909 1.99890 4.71115 4.89426 3.40271 8.91495 6.52695 6.54984 11.32584 12.48550 20.14923 14.77051 22.08328 9.46045 2.31552 21.52252 6.62994 9.84573
0.39673 2.31171 21.17920 8.71658 6.70624 24.76120 14.03809 53.75671 32.89795 21.45767 18.65768 8.91495 19.82117 7.34711 0.22125 0.49973 0.58365 1.38855 3.77655 10.26154 3.09753 4.82941 8.06046 11.19232 34.00040 33.98895 18.84079 11.71494 4.97818 13.89694 12.63428
1.04141 16.06750 13.16833 9.49097 8.04901 11.31821 22.03751 41.62598 32.79495 22.11380 17.10892 7.44629 8.82339 9.53293 18.87512 32.17697 8.55637 1.06812 0.40436 1.04523 6.64520 15.31601 3.86047 42.75894 46.20361 55.74799 29.85764 5.43594 59.77631 14.80484 8.54874
20.26749 6.99615 21.04568 14.46533 22.22824 14.85443 22.72797 22.35031 46.40198 12.35199 37.17804 24.73068 4.61197 5.94330 13.47351 8.93402 4.00543 9.37271 20.32089 19.56940 16.80374 21.06094 12.24518 29.72031 22.54868 18.72253 23.58627 67.33322 48.33603 12.34055 1.30844
11.33347 76.71738 14.17542 14.78195 8.42285 2.68555 7.41577 18.64243 16.59393 25.87509 30.22003 12.47406 17.05551 6.93130 5.64957 5.02396 3.89099 8.76236 3.63541 7.01904 4.19617 9.30405 22.73560 16.97540 1.48010 17.37595 36.47995 30.89142 91.93420 24.02878 10.02121
35.94589 13.13019 12.67242 24.37592 28.30887 25.59662 4.76837 3.16620 3.21198 78.14407 1.87683 8.97980 16.60919 8.42285 4.53949 6.32858 2.94495 2.99835 3.49426 1.82724 4.53949 7.35092 21.07620 18.53943 17.22336 12.79831 5.52750 14.40811 27.91977 15.25497 7.43866
43.57910 44.04068 91.84647 56.20575 25.92087 3.72314 0.69046 0.95367 5.15366 6.21414 4.23813 8.07571 138.08441 10.88333 3.58582 3.60107 11.47461 4.12369 2.98309 1.16348 2.99072 1.88446 1.57166 14.03809 16.53671 4.52423 2.84958 17.08603 13.78632 28.82004 17.45605
8.72040 14.78577 7.61032 9.04083 13.62228 5.19562 4.00543 1.17111 6.25992 4.08554 5.66483 5.98907 5.59616 41.56494 13.52692 7.07626 13.60321 4.91333 3.40271 2.40326 2.99072 3.56293 9.02557 4.66537 7.52640 0.98038 0.30518 6.23322 8.99506 18.52417 4.99344
12.03156 15.35797 20.17975 13.68332 3.20816 0.63705 0.61417 2.56348 0.88120 0.65994 3.34167 6.91986 3.61252 15.34653 13.60321 16.47568 9.72748 19.78302 4.02832 3.97873 7.98798 12.69531 1.88828 6.69861 7.33948 1.86539 1.60217 3.14331 10.12039 3.92914 9.49097
19.24133 10.99777 8.99506 14.28604 4.68063 1.01471 0.13733 0.27084 0.38528 0.37384 0.99182 4.36783 7.09534 8.79288 17.31110 21.92688 16.73889 8.38852 9.20486 8.91113 18.28384 16.05988 18.28003 7.00378 2.28500 0.90027 1.22452 0.31662 0.09155 1.48773 12.26044
13.77106 14.94598 12.55417 25.26474 2.46429 2.42233 1.26648 1.72043 6.04630 3.60489 6.62613 1.81961 36.43417 14.48059 8.75473 20.99609 25.06638 17.15088 14.86969 30.10559 28.19061 13.28278 19.90509 27.20642 10.21576 2.48718 1.86539 0.57602 0.43488 1.42288 17.65442
