DATA/SHG/ECMWF/20170628/EN-17/20170706.en-17.asc
ncols        190
nrows        64
xllcorner    -5100000.000000000000
yllcorner    4130000.000000000000
cellsize     10000.000000000000
NODATA_value  -99999.000
[rows 0 to 31 of 64, columns 72 to 143 of 190]
7.891 7.976 8.094 8.244 8.426 8.641 8.888 9.168 9.480 9.769 9.902 10.005 10.104 10.197 10.286 10.371 10.450 10.525 10.595 10.660 10.720 10.724 10.569 10.431 10.305 10.189 10.085 9.991 9.908 9.836 9.775 9.725 9.686 9.627 9.465 9.289 9.102 8.901 8.687 8.460 8.221 7.968 7.703 7.425 7.134 6.966 7.216 7.473 7.736 8.006 8.283 8.566 8.856 9.152 9.455 9.765 10.081 10.303 10.230 10.162 10.099 10.041 9.987 9.938 9.894 9.854 9.819 9.789 9.764 9.804 10.019 10.238
7.007 7.206 7.437 7.736 8.044 8.346 8.642 8.933 9.218 9.465 9.556 9.643 9.725 9.802 9.874 9.942 10.005 10.063 10.117 10.165 10.209 10.232 10.125 10.036 9.959 9.892 9.836 9.791 9.757 9.734 9.722 9.720 9.730 9.723 9.503 9.270 9.025 8.766 8.495 8.210 7.913 7.603 7.280 6.945 6.596 6.316 6.596 6.882 7.175 7.475 7.781 8.094 8.414 8.740 9.073 9.412 9.758 10.053 10.002 9.955 9.913 9.875 9.843 9.815 9.791 9.773 9.759 9.750 9.745 9.780 10.007 10.238
6.609 6.914 7.213 7.507 7.795 8.077 8.353 8.624 8.889 9.140 9.215 9.285 9.351 9.411 9.467 9.518 9.565 9.606 9.643 9.676 9.703 9.726 9.669 9.630 9.601 9.583 9.576 9.579 9.594 9.620 9.656 9.703 9.761 9.830 9.555 9.265 8.962 8.646 8.317 7.975 7.620 7.253 6.872 6.479 6.073 5.660 5.969 6.286 6.608 6.938 7.274 7.616 7.965 8.321 8.683 9.052 9.428 9.799 9.769 9.743 9.722 9.706 9.694 9.687 9.685 9.687 9.694 9.706 9.722 9.812 10.166 10.512
6.445 6.730 7.009 7.283 7.551 7.813 8.070 8.321 8.566 8.806 8.879 8.932 8.981 9.026 9.065 9.100 9.130 9.155 9.175 9.191 9.202 9.208 9.202 9.211 9.231 9.262 9.303 9.356 9.419 9.493 9.578 9.674 9.781 9.899 9.622 9.274 8.913 8.540 8.153 7.754 7.341 6.916 6.478 6.028 5.564 5.087 5.337 5.683 6.035 6.394 6.760 7.132 7.510 7.896 8.288 8.686 9.091 9.503 9.532 9.527 9.553 9.622 9.711 9.820 9.949 10.098 10.268 10.457 10.667 10.897 11.209 11.520
6.286 6.551 6.810 7.064 7.313 7.555 7.792 8.024 8.249 8.469 8.547 8.585 8.617 8.645 8.668 8.686 8.699 8.708 8.712 8.711 8.706 8.695 8.723 8.781 8.850 8.929 9.019 9.120 9.232 9.355 9.489 9.633 9.789 9.955 9.703 9.297 8.879 8.448 8.004 7.547 7.077 6.595 6.099 5.591 5.070 4.536 4.698 5.074 5.456 5.844 6.239 6.663 7.108 7.556 8.008 8.464 8.923 9.386 9.561 9.679 9.817 9.976 10.154 10.353 10.572 10.811 11.070 11.350 11.649 11.969 12.260 12.534
6.132 6.378 6.617 6.852 7.080 7.303 7.520 7.732 7.938 8.138 8.221 8.242 8.258 8.269 8.275 8.277 8.274 8.266 8.254 8.236 8.215 8.188 8.233 8.339 8.456 8.585 8.723 8.873 9.034 9.205 9.387 9.580 9.784 9.999 9.798 9.335 8.859 8.370 7.869 7.354 6.827 6.287 5.739 5.200 4.672 4.156 4.268 4.711 5.158 5.609 6.063 6.520 6.981 7.446 7.914 8.386 8.861 9.340 9.624 9.832 10.060 10.308 10.577 10.865 11.174 11.503 11.852 12.221 12.610 13.020 13.316 13.554
5.984 6.210 6.430 6.644 6.853 7.056 7.254 7.446 7.632 7.812 7.899 7.903 7.903 7.898 7.888 7.873 7.853 7.829 7.800 7.767 7.728 7.685 7.731 7.886 8.052 8.228 8.416 8.614 8.823 9.043 9.274 9.515 9.768 9.971 9.758 9.180 8.613 8.057 7.512 6.978 6.455 5.944 5.443 4.954 4.476 4.009 4.042 4.501 4.964 5.430 5.901 6.374 6.851 7.332 7.816 8.304 8.796 9.291 9.666 9.964 10.282 10.620 10.978 11.356 11.755 12.173 12.612 13.070 13.549 14.048 14.379 14.582
5.841 6.047 6.248 6.443 6.632 6.815 6.993 7.165 7.331 7.492 7.582 7.570 7.553 7.531 7.505 7.474 7.438 7.397 7.352 7.302 7.247 7.187 7.218 7.421 7.609 7.787 7.963 8.138 8.311 8.483 8.654 8.824 8.992 9.159 9.054 8.526 8.008 7.502 7.006 6.522 6.049 5.587 5.137 4.697 4.268 3.851 3.812 4.287 4.766 5.249 5.735 6.224 6.718 7.215 7.715 8.219 8.726 9.237 9.687 10.075 10.482 10.910 11.358 11.826 12.314 12.822 13.350 13.898 14.467 15.055 15.449 15.615
5.704 5.891 6.071 6.246 6.416 6.579 6.738 6.890 7.037 7.178 7.270 7.241 7.208 7.170 7.127 7.079 7.024 6.951 6.867 6.773 6.669 6.554 6.505 6.679 6.852 7.024 7.194 7.363 7.531 7.697 7.862 8.026 8.188 8.349 8.339 7.860 7.392 6.935 6.490 6.055 5.632 5.219 4.818 4.428 4.049 3.682 3.578 4.070 4.565 5.063 5.565 6.071 6.580 7.093 7.610 8.130 8.653 9.180 9.688 10.165 10.662 11.179 11.717 12.274 12.852 13.449 14.067 14.705 15.363 16.041 16.525 16.656
5.573 5.739 5.900 6.056 6.205 6.349 6.488 6.621 6.748 6.871 6.967 6.918 6.860 6.791 6.713 6.624 6.525 6.416 6.297 6.168 6.029 5.879 5.762 5.931 6.098 6.264 6.428 6.592 6.753 6.914 7.073 7.231 7.387 7.542 7.612 7.183 6.765 6.358 5.962 5.577 5.203 4.840 4.488 4.148 3.819 3.500 3.341 3.849 4.360 4.874 5.392 5.914 6.440 6.968 7.501 8.037 8.576 9.119 9.668 10.234 10.821 11.428 12.055 12.701 13.368 14.056 14.763 15.490 16.237 17.005 17.608 17.702
5.446 5.593 5.742 5.892 6.033 6.165 6.288 6.402 6.507 6.603 6.688 6.605 6.511 6.407 6.293 6.170 6.036 5.892 5.737 5.573 5.399 5.214 5.030 5.185 5.346 5.506 5.665 5.822 5.978 6.133 6.286 6.438 6.589 6.738 6.875 6.495 6.126 5.769 5.422 5.087 4.763 4.449 4.147 3.856 3.576 3.308 3.100 3.624 4.151 4.682 5.216 5.754 6.295 6.840 7.388 7.940 8.496 9.055 9.626 10.283 10.959 11.655 12.371 13.108 13.864 14.640 15.437 16.253 17.090 17.947 18.697 18.756
5.437 5.574 5.701 5.820 5.930 6.031 6.122 6.205 6.279 6.344 6.400 6.301 6.172 6.033 5.884 5.725 5.556 5.377 5.188 4.988 4.779 4.560 4.340 4.442 4.597 4.751 4.904 5.056 5.206 5.355 5.502 5.648 5.793 5.936 6.078 5.796 5.477 5.169 4.872 4.586 4.311 4.047 3.795 3.553 3.323 3.103 2.895 3.396 3.939 4.485 5.036 5.589 6.147 6.708 7.272 7.840 8.412 8.987 9.565 10.310 11.076 11.861 12.667 13.493 14.338 15.204 16.090 16.996 17.922 18.743 19.378 19.341
5.468 5.573 5.669 5.757 5.835 5.905 5.965 6.017 6.060 6.094 6.119 6.006 5.843 5.669 5.485 5.290 5.086 4.872 4.648 4.413 4.169 3.915 3.660 3.701 3.851 3.999 4.146 4.292 4.436 4.579 4.720 4.861 4.999 5.137 5.273 5.086 4.816 4.558 4.310 4.074 3.848 3.634 3.431 3.239 3.058 2.888 2.729 3.164 3.723 4.285 4.852 5.421 5.995 6.572 7.152 7.736 8.324 8.915 9.509 10.317 11.137 11.908 12.656 13.382 14.086 14.767 15.426 16.063 16.677 17.270 17.839 18.561
5.506 5.580 5.645 5.702 5.749 5.787 5.817 5.837 5.849 5.852 5.846 5.722 5.523 5.314 5.095 4.866 4.626 4.377 4.118 3.848 3.569 3.280 2.990 2.963 3.107 3.249 3.390 3.530 3.668 3.805 3.941 4.076 4.209 4.340 4.471 4.365 4.144 3.935 3.737 3.550 3.374 3.209 3.055 2.913 2.781 2.660 2.551 2.928 3.503 4.082 4.664 5.247 5.825 6.399 6.969 7.535 8.096 8.654 9.207 9.882 10.577 11.248 11.898 12.525 13.130 13.713 14.273 14.811 15.327 15.820 16.292 17.611
5.553 5.596 5.630 5.655 5.671 5.679 5.677 5.666 5.647 5.619 5.581 5.447 5.213 4.969 4.715 4.450 4.176 3.892 3.598 3.293 2.979 2.654 2.330 2.227 2.365 2.502 2.637 2.771 2.903 3.035 3.165 3.293 3.420 3.546 3.671 3.632 3.461 3.302 3.153 3.015 2.889 2.773 2.688 2.623 2.559 2.494 2.429 2.746 3.322 3.895 4.463 5.027 5.587 6.142 6.694 7.241 7.785 8.324 8.859 9.444 10.039 10.612 11.163 11.692 12.198 12.682 13.144 13.583 14.000 14.395 14.768 16.492
5.608 5.620 5.623 5.617 5.602 5.578 5.545 5.504 5.453 5.394 5.326 5.182 4.913 4.633 4.344 4.045 3.736 3.417 3.087 2.748 2.399 2.039 1.679 1.494 1.626 1.757 1.886 2.014 2.141 2.266 2.390 2.513 2.635 2.800 3.000 3.087 3.023 2.959 2.895 2.831 2.766 2.701 2.636 2.570 2.504 2.438 2.371 2.603 3.161 3.715 4.265 4.811 5.352 5.890 6.423 6.953 7.478 7.999 8.515 9.029 9.526 10.000 10.452 10.882 11.290 11.675 12.038 12.379 12.698 12.994 13.268 15.202
5.672 5.652 5.624 5.587 5.541 5.486 5.422 5.350 5.268 5.178 5.078 4.926 4.622 4.308 3.984 3.650 3.305 2.951 2.587 2.213 1.828 1.434 1.039 0.763 0.955 1.191 1.418 1.638 1.850 2.054 2.250 2.437 2.617 2.789 2.953 3.045 2.980 2.915 2.849 2.784 2.717 2.651 2.584 2.517 2.450 2.382 2.314 2.464 3.004 3.540 4.072 4.599 5.123 5.642 6.157 6.668 7.175 7.678 8.177 8.638 9.036 9.411 9.765 10.096 10.405 10.692 10.957 11.199 11.419 11.617 11.793 13.743
5.743 5.693 5.634 5.566 5.489 5.403 5.308 5.204 5.092 4.970 4.840 4.680 4.341 3.992 3.633 3.264 2.894 2.638 2.379 2.117 1.851 1.582 1.303 1.065 1.273 1.473 1.665 1.849 2.026 2.194 2.354 2.506 2.650 2.787 2.915 3.004 2.937 2.871 2.804 2.737 2.669 2.601 2.533 2.465 2.396 2.327 2.257 2.330 2.852 3.369 3.883 4.392 4.898 5.399 5.896 6.389 6.877 7.362 7.842 8.269 8.569 8.846 9.101 9.334 9.544 9.733 9.899 10.043 10.165 10.264 10.342 12.114
5.823 5.742 5.652 5.553 5.444 5.328 5.202 5.067 4.923 4.784 4.720 4.682 4.436 4.182 3.924 3.664 3.400 3.132 2.862 2.588 2.311 2.030 1.739 1.438 1.600 1.764 1.921 2.069 2.210 2.342 2.467 2.584 2.692 2.793 2.886 2.963 2.895 2.827 2.759 2.690 2.621 2.552 2.483 2.413 2.342 2.272 2.201 2.200 2.704 3.203 3.699 4.190 4.677 5.160 5.639 6.113 6.584 7.050 7.513 7.924 8.125 8.304 8.460 8.595 8.707 8.797 8.865 8.911 8.934 8.935 8.914 10.316
5.912 5.799 5.665 5.511 5.383 5.280 5.203 5.152 5.126 5.126 5.152 5.203 4.990 4.724 4.455 4.183 3.907 3.628 3.346 3.061 2.772 2.480 2.178 1.865 1.935 2.064 2.185 2.298 2.403 2.500 2.589 2.670 2.743 2.808 2.865 2.914 2.853 2.784 2.714 2.644 2.574 2.503 2.432 2.361 2.289 2.218 2.145 2.075 2.560 3.042 3.519 3.992 4.461 4.926 5.386 5.843 6.295 6.744 7.188 7.602 7.705 7.785 7.843 7.880 7.894 7.885 7.855 7.802 7.727 7.630 7.511 8.349
5.563 5.447 5.357 5.292 5.254 5.240 5.253 5.291 5.354 5.444 5.559 5.699 5.546 5.269 4.988 4.704 4.417 4.127 3.833 3.536 3.236 2.933 2.619 2.295 2.278 2.372 2.457 2.535 2.604 2.666 2.719 2.765 2.802 2.832 2.853 2.867 2.812 2.741 2.670 2.599 2.527 2.455 2.382 2.310 2.237 2.164 2.090 2.016 2.421 2.884 3.343 3.798 4.249 4.696 5.138 5.577 6.011 6.441 6.867 7.289 7.308 7.290 7.250 7.188 7.103 6.997 6.868 6.718 6.545 6.349 6.304 6.800
5.052 5.026 5.025 5.050 5.100 5.177 5.278 5.406 5.559 5.737 5.942 6.172 6.105 5.816 5.524 5.228 4.930 4.628 4.323 4.014 3.703 3.388 3.062 2.726 2.630 2.688 2.738 2.780 2.814 2.840 2.858 2.868 2.870 2.864 2.851 2.829 2.771 2.699 2.626 2.553 2.480 2.407 2.333 2.259 2.185 2.110 2.035 1.960 2.286 2.732 3.172 3.609 4.042 4.470 4.895 5.315 5.731 6.143 6.551 6.955 6.934 6.910 7.027 7.160 7.308 7.473 7.653 7.849 8.062 8.290 8.534 8.795
4.518 4.581 4.669 4.784 4.924 5.089 5.280 5.497 5.739 6.007 6.300 6.619 6.665 6.365 6.061 5.754 5.444 5.131 4.814 4.494 4.171 3.845 3.508 3.161 2.991 3.013 3.028 3.034 3.033 3.023 3.006 2.981 2.947 2.906 2.856 2.799 2.730 2.657 2.583 2.509 2.434 2.359 2.284 2.209 2.133 2.057 1.980 1.904 2.156 2.583 3.006 3.425 3.868 4.376 4.912 5.477 6.069 6.690 7.340 8.017 8.317 8.488 8.675 8.878 9.097 9.332 9.583 9.850 10.133 10.432 10.747 11.077
3.960 4.112 4.290 4.494 4.723 4.978 5.258 5.564 5.895 6.252 6.635 7.043 7.228 6.916 6.601 6.283 5.961 5.637 5.308 4.977 4.642 4.305 3.956 3.597 3.360 3.347 3.326 3.297 3.260 3.215 3.162 3.101 3.033 2.956 2.871 2.778 2.690 2.615 2.540 2.464 2.388 2.312 2.236 2.176 2.130 2.063 1.975 1.866 2.072 2.593 3.141 3.718 4.323 4.956 5.618 6.308 7.027 7.773 8.548 9.352 9.805 10.047 10.305 10.578 10.868 11.173 11.495 11.832 12.185 12.555 12.940 13.341
3.379 3.621 3.888 4.180 4.499 4.843 5.212 5.607 6.028 6.474 6.945 7.443 7.794 7.470 7.144 6.814 6.481 6.144 5.805 5.462 5.116 4.767 4.406 4.036 3.738 3.689 3.633 3.568 3.496 3.416 3.327 3.231 3.127 3.015 2.932 2.921 2.932 2.940 2.926 2.891 2.836 2.760 2.662 2.544 2.405 2.245 2.064 1.863 1.994 2.640 3.314 4.016 4.747 5.506 6.294 7.109 7.953 8.826 9.726 10.655 11.276 11.588 11.916 12.260 12.620 12.996 13.388 13.795 14.219 14.659 15.114 15.586
2.774 3.105 3.462 3.843 4.251 4.684 5.142 5.626 6.136 6.671 7.232 7.818 8.361 8.026 7.688 7.347 7.002 6.655 6.304 5.949 5.592 5.231 4.859 4.477 4.124 4.026 3.919 3.832 3.767 3.723 3.701 3.699 3.719 3.759 3.821 3.905 3.972 3.886 3.780 3.652 3.504 3.335 3.145 2.934 2.702 2.450 2.176 1.882 1.885 2.656 3.456 4.284 5.141 6.025 6.938 7.880 8.849 9.847 10.873 11.928 12.728 13.110 13.509 13.923 14.354 14.800 15.262 15.740 16.234 16.744 17.270 17.812
2.181 2.566 3.012 3.483 3.979 4.501 5.049 5.622 6.220 6.845 7.494 8.169 8.870 8.585 8.235 7.883 7.527 7.149 6.660 6.188 5.734 5.297 4.878 4.477 4.089 4.046 4.033 4.040 4.069 4.119 4.190 4.283 4.396 4.531 4.687 4.864 5.033 4.855 4.655 4.435 4.194 3.932 3.650 3.346 3.022 2.677 2.310 1.923 1.746 2.643 3.569 4.522 5.504 6.514 7.553 8.620 9.715 10.838 11.989 13.169 14.161 14.614 15.083 15.568 16.069 16.585 17.118 17.666 18.230 18.811 19.407 20.019
1.619 2.004 2.539 3.099 3.684 4.295 4.932 5.594 6.281 6.994 7.709 8.320 8.884 8.567 8.069 7.588 7.124 6.678 6.249 5.837 5.442 5.065 4.707 4.366 4.038 4.042 4.123 4.224 4.347 4.491 4.656 4.842 5.049 5.278 5.528 5.798 6.090 5.844 5.552 5.240 4.906 4.552 4.176 3.780 3.363 2.925 2.467 1.987 1.577 2.600 3.651 4.730 5.837 6.973 8.137 9.329 10.549 11.798 13.075 14.380 15.577 16.100 16.639 17.194 17.765 18.352 18.955 19.574 20.208 20.858 21.525 22.207
1.071 1.419 2.042 2.734 3.506 4.232 4.913 5.548 6.136 6.679 7.176 7.627 8.032 7.841 7.403 6.982 6.578 6.192 5.823 5.471 5.136 4.818 4.520 4.239 3.972 4.015 4.189 4.385 4.601 4.839 5.098 5.378 5.679 6.001 6.344 6.709 7.094 6.856 6.471 6.066 5.639 5.192 4.725 4.236 3.726 3.196 2.645 2.073 1.480 2.527 3.703 4.907 6.140 7.401 8.690 10.008 11.353 12.727 14.129 15.559 16.974 17.568 18.177 18.802 19.444 20.101 20.774 21.462 22.167 22.888 23.624 24.377
1.575 1.995 2.700 3.359 3.972 4.539 5.060 5.535 5.964 6.348 6.685 6.977 7.223 7.101 6.723 6.362 6.018 5.691 5.381 5.089 4.814 4.556 4.319 4.098 3.891 3.964 4.232 4.521 4.831 5.163 5.515 5.889 6.284 6.699 7.136 7.594 8.074 7.888 7.411 6.913 6.395 5.855 5.295 4.714 4.112 3.489 2.845 2.181 1.495 2.424 3.725 5.055 6.413 7.799 9.213 10.656 12.127 13.626 15.153 16.708 18.292 19.017 19.697 20.392 21.103 21.831 22.574 23.333 24.108 24.898 25.705 26.528
2.723 2.981 3.526 4.026 4.479 4.887 5.249 5.565 5.835 6.059 6.238 6.370 6.457 6.346 6.028 5.726 5.442 5.175 4.925 4.693 4.478 4.279 4.102 3.942 3.795 3.889 4.251 4.633 5.037 5.462 5.909 6.376 6.864 7.374 7.904 8.456 9.029 8.942 8.373 7.782 7.171 6.539 5.887 5.213 4.519 3.803 3.067 2.311 1.533 2.290 3.717 5.172 6.655 8.167 9.706 11.274 12.870 14.494 16.146 17.826 19.535 20.448 21.198 21.847 22.252 22.629 22.978 23.299 23.592 23.856 24.092 24.300
3.874 4.008 4.394 4.734 5.029 5.277 5.480 5.637 5.748 5.813 5.833 5.807 5.734 5.576 5.318 5.076 4.852 4.644 4.454 4.282 4.126 3.988 3.870 3.770 3.684 3.790 4.246 4.722 5.220 5.738 6.278 6.839 7.421 8.024 8.648 9.293 9.960 10.018 9.356 8.673 7.970 7.245 6.500 5.734 4.948 4.140 3.312 2.463 1.593 2.127 3.679 5.259 6.868 8.504 10.178 11.839 13.427 14.943 16.385 17.755 19.053 19.675 20.013 20.322 20.603 20.856 21.081 21.277 21.445 21.585 21.697 21.780
