DATA/SHG/ECMWF/20170628/EN-17/20170711.en-17.asc
ncols        190
nrows        64
xllcorner    -5100000.000000000000
yllcorner    4130000.000000000000
cellsize     10000.000000000000
NODATA_value  -99999.000
[rows 0 to 32 of 64, columns 0 to 72 of 190]
4.229 4.390 4.567 4.763 4.975 5.204 5.451 5.714 5.995 6.005 5.903 5.776 5.624 5.447 5.245 5.018 4.766 4.489 4.188 3.956 3.753 3.590 3.441 3.291 3.138 2.982 2.824 2.663 2.499 2.333 2.165 1.994 1.820 1.810 1.905 1.998 2.088 2.175 2.260 2.343 2.423 2.501 2.576 2.649 2.719 2.809 2.907 2.992 3.063 3.121 3.166 3.197 3.214 3.219 3.210 3.187 3.151 3.168 3.268 3.379 3.501 3.634 3.778 3.934 4.100 4.278 4.467 4.667 4.878 5.111 5.359 5.596 5.823
3.989 4.211 4.449 4.705 4.978 5.268 5.576 5.900 6.242 6.277 6.086 5.871 5.660 5.450 5.243 5.038 4.834 4.633 4.433 4.234 4.038 3.865 3.707 3.548 3.385 3.220 3.053 2.883 2.710 2.535 2.358 2.177 1.995 1.937 2.023 2.107 2.188 2.267 2.343 2.417 2.489 2.558 2.625 2.689 2.750 2.810 2.861 2.899 2.923 2.934 2.931 2.915 2.886 2.843 2.787 2.717 2.634 2.612 2.752 2.902 3.063 3.235 3.419 3.613 3.819 4.036 4.263 4.502 4.752 5.002 5.213 5.413 5.603
3.731 4.013 4.313 4.629 4.969 5.340 5.705 6.064 6.418 6.511 6.303 6.096 5.892 5.689 5.488 5.289 5.092 4.896 4.703 4.511 4.321 4.142 3.976 3.807 3.635 3.461 3.285 3.106 2.924 2.740 2.553 2.364 2.172 2.065 2.143 2.218 2.291 2.361 2.429 2.494 2.557 2.617 2.675 2.731 2.784 2.825 2.829 2.819 2.797 2.760 2.711 2.648 2.571 2.481 2.378 2.261 2.131 2.047 2.225 2.414 2.615 2.826 3.049 3.282 3.527 3.783 4.050 4.328 4.624 4.900 5.076 5.244 5.403
3.730 4.103 4.471 4.833 5.189 5.539 5.884 6.223 6.557 6.722 6.520 6.320 6.122 5.926 5.731 5.538 5.347 5.158 4.971 4.785 4.602 4.422 4.246 4.068 3.888 3.705 3.519 3.331 3.140 2.947 2.751 2.552 2.351 2.197 2.265 2.332 2.396 2.458 2.517 2.573 2.628 2.679 2.729 2.776 2.820 2.853 2.810 2.753 2.683 2.600 2.503 2.393 2.270 2.133 1.983 1.819 1.642 1.472 1.689 1.917 2.164 2.496 2.818 3.130 3.433 3.725 4.008 4.282 4.545 4.799 4.947 5.085 5.215
4.036 4.389 4.736 5.078 5.414 5.745 6.070 6.389 6.702 6.931 6.735 6.542 6.350 6.160 5.971 5.785 5.600 5.418 5.237 5.057 4.880 4.704 4.519 4.332 4.142 3.950 3.755 3.558 3.358 3.156 2.951 2.743 2.533 2.330 2.390 2.448 2.503 2.556 2.607 2.655 2.701 2.744 2.784 2.823 2.858 2.892 2.804 2.701 2.584 2.454 2.310 2.153 1.982 1.819 1.719 1.625 1.536 1.453 1.743 2.060 2.368 2.665 2.953 3.231 3.500 3.758 4.007 4.246 4.475 4.695 4.826 4.935 5.036
4.347 4.680 5.008 5.329 5.646 5.956 6.261 6.560 6.853 7.138 6.948 6.761 6.575 6.392 6.210 6.030 5.851 5.675 5.500 5.327 5.156 4.987 4.794 4.598 4.399 4.198 3.994 3.788 3.579 3.367 3.153 2.937 2.717 2.496 2.517 2.567 2.613 2.658 2.699 2.739 2.776 2.810 2.842 2.872 2.899 2.924 2.820 2.702 2.590 2.482 2.380 2.283 2.192 2.105 2.024 1.949 1.878 1.813 2.025 2.308 2.581 2.844 3.098 3.342 3.576 3.800 4.015 4.220 4.415 4.600 4.713 4.793 4.865
4.664 4.977 5.285 5.586 5.882 6.173 6.458 6.737 7.010 7.278 7.159 6.978 6.799 6.621 6.446 6.272 6.100 5.930 5.761 5.595 5.430 5.267 5.072 4.867 4.659 4.448 4.235 4.020 3.802 3.581 3.358 3.132 2.904 2.673 2.647 2.687 2.725 2.761 2.794 2.839 2.887 2.930 2.967 2.997 3.022 3.040 2.972 2.873 2.779 2.690 2.606 2.528 2.454 2.386 2.324 2.266 2.214 2.167 2.316 2.564 2.803 3.032 3.252 3.461 3.661 3.852 4.032 4.203 4.363 4.515 4.608 4.659 4.702
4.987 5.280 5.567 5.849 6.125 6.396 6.660 6.919 7.173 7.420 7.368 7.193 7.020 6.849 6.679 6.512 6.346 6.182 6.020 5.860 5.701 5.545 5.352 5.138 4.921 4.701 4.479 4.255 4.027 3.798 3.566 3.331 3.119 2.913 2.869 2.927 2.979 3.025 3.064 3.098 3.125 3.146 3.161 3.170 3.173 3.170 3.119 3.038 2.962 2.892 2.826 2.766 2.711 2.662 2.618 2.578 2.545 2.516 2.615 2.830 3.035 3.230 3.415 3.590 3.756 3.912 4.058 4.195 4.322 4.439 4.511 4.533 4.547
5.315 5.588 5.856 6.118 6.374 6.624 6.869 7.108 7.341 7.569 7.574 7.405 7.239 7.074 6.911 6.750 6.590 6.433 6.277 6.123 5.971 5.820 5.634 5.411 5.185 4.990 4.795 4.597 4.395 4.191 3.983 3.772 3.558 3.341 3.242 3.278 3.308 3.333 3.351 3.362 3.368 3.368 3.361 3.349 3.330 3.305 3.260 3.198 3.140 3.088 3.041 2.999 2.963 2.932 2.906 2.885 2.869 2.859 2.924 3.104 3.275 3.436 3.587 3.728 3.860 3.982 4.094 4.196 4.289 4.372 4.422 4.415 4.400
5.650 5.903 6.150 6.392 6.628 6.858 7.083 7.302 7.516 7.724 7.778 7.616 7.456 7.297 7.140 6.985 6.832 6.683 6.557 6.440 6.334 6.237 6.110 5.912 5.712 5.509 5.303 5.093 4.881 4.665 4.447 4.225 4.000 3.772 3.620 3.635 3.644 3.646 3.643 3.633 3.617 3.596 3.567 3.533 3.493 3.447 3.396 3.352 3.313 3.279 3.250 3.227 3.209 3.196 3.188 3.186 3.189 3.197 3.242 3.388 3.524 3.651 3.768 3.875 3.973 4.061 4.139 4.207 4.266 4.315 4.342 4.305 4.261
5.989 6.222 6.450 6.672 6.888 7.098 7.303 7.502 7.696 7.884 7.977 7.816 7.666 7.525 7.394 7.272 7.161 7.059 6.967 6.885 6.813 6.751 6.664 6.456 6.245 6.031 5.813 5.593 5.369 5.143 4.913 4.680 4.444 4.205 4.005 3.998 3.985 3.966 3.941 3.910 3.872 3.829 3.779 3.724 3.662 3.594 3.527 3.501 3.480 3.464 3.454 3.449 3.449 3.455 3.465 3.481 3.502 3.529 3.568 3.680 3.783 3.875 3.958 4.032 4.095 4.149 4.193 4.227 4.252 4.267 4.269 4.203 4.130
6.335 6.548 6.756 6.921 7.061 7.212 7.375 7.549 7.734 7.930 8.101 7.975 7.859 7.753 7.656 7.569 7.492 7.425 7.367 7.320 7.282 7.254 7.221 7.002 6.780 6.555 6.326 6.095 5.860 5.622 5.382 5.138 4.891 4.641 4.395 4.366 4.332 4.291 4.245 4.192 4.133 4.068 3.997 3.920 3.837 3.748 3.652 3.644 3.642 3.644 3.652 3.666 3.684 3.708 3.737 3.771 3.811 3.855 3.905 3.982 4.050 4.109 4.158 4.197 4.226 4.246 4.256 4.276 4.315 4.364 4.423 4.414 4.398
6.233 6.379 6.537 6.705 6.885 7.076 7.278 7.491 7.716 7.952 8.199 8.123 8.041 7.969 7.907 7.855 7.812 7.779 7.756 7.743 7.739 7.745 7.761 7.551 7.318 7.081 6.842 6.599 6.354 6.105 5.853 5.598 5.340 5.079 4.815 4.741 4.685 4.623 4.555 4.480 4.400 4.314 4.221 4.122 4.018 3.907 3.790 3.782 3.798 3.819 3.845 3.877 3.914 3.956 4.003 4.055 4.113 4.176 4.244 4.292 4.302 4.309 4.324 4.350 4.384 4.428 4.482 4.545 4.618 4.700 4.791 4.797 4.778
5.886 6.072 6.269 6.477 6.697 6.927 7.169 7.422 7.686 7.962 8.248 8.261 8.213 8.175 8.148 8.129 8.121 8.123 8.134 8.155 8.186 8.226 8.276 8.102 7.858 7.610 7.360 7.106 6.850 6.590 6.327 6.061 5.792 5.520 5.245 5.121 5.043 4.960 4.870 4.774 4.672 4.565 4.451 4.331 4.204 4.072 3.934 3.914 3.949 3.988 4.033 4.082 4.138 4.155 4.170 4.190 4.213 4.242 4.274 4.301 4.331 4.370 4.419 4.477 4.545 4.622 4.709 4.805 4.911 5.026 5.150 5.181 5.157
5.528 5.753 5.989 6.237 6.496 6.766 7.048 7.340 7.644 7.959 8.285 8.387 8.374 8.371 8.377 8.393 8.419 8.455 8.501 8.556 8.621 8.696 8.780 8.656 8.401 8.142 7.881 7.616 7.348 7.078 6.804 6.527 6.247 5.964 5.678 5.506 5.407 5.302 5.191 5.074 4.951 4.821 4.686 4.545 4.397 4.243 4.035 3.946 3.950 3.958 3.971 3.988 4.009 4.035 4.066 4.101 4.140 4.184 4.233 4.287 4.350 4.422 4.504 4.596 4.697 4.807 4.927 5.056 5.194 5.343 5.500 5.565 5.538
5.157 5.422 5.698 5.985 6.284 6.593 6.914 7.247 7.590 7.944 8.310 8.503 8.524 8.555 8.596 8.647 8.707 8.777 8.857 8.946 9.045 9.155 9.273 9.212 8.946 8.676 8.404 8.128 7.850 7.568 7.283 6.995 6.704 6.410 6.113 5.898 5.777 5.651 5.507 5.294 5.083 4.873 4.663 4.455 4.247 4.041 3.836 3.727 3.747 3.770 3.799 3.832 3.869 3.911 3.957 4.008 4.063 4.123 4.187 4.264 4.360 4.465 4.580 4.705 4.839 4.982 5.135 5.297 5.469 5.650 5.840 5.950 5.919
4.774 5.079 5.394 5.721 6.059 6.408 6.769 7.141 7.523 7.918 8.323 8.608 8.664 8.729 8.804 8.889 8.983 9.088 9.202 9.325 9.459 9.602 9.755 9.771 9.494 9.213 8.930 8.643 8.354 8.061 7.765 7.431 7.022 6.625 6.237 5.911 5.699 5.489 5.279 5.070 4.862 4.655 4.449 4.244 4.041 3.838 3.636 3.504 3.539 3.579 3.623 3.671 3.724 3.782 3.844 3.911 3.981 4.057 4.137 4.231 4.361 4.499 4.647 4.805 4.972 5.148 5.334 5.529 5.733 5.947 6.171 6.335 6.300
4.379 4.723 5.079 5.445 5.823 6.211 6.611 7.023 7.445 7.878 8.323 8.703 8.792 8.892 9.001 9.120 9.249 9.388 9.536 9.694 9.862 10.039 10.226 10.332 9.967 9.520 9.085 8.660 8.246 7.843 7.451 7.069 6.698 6.338 5.989 5.672 5.463 5.256 5.050 4.844 4.640 4.437 4.235 4.033 3.833 3.634 3.436 3.277 3.328 3.383 3.443 3.507 3.576 3.649 3.727 3.809 3.896 3.987 4.082 4.190 4.352 4.524 4.705 4.895 5.095 5.304 5.523 5.751 5.989 6.236 6.492 6.720 6.682
3.973 4.356 4.751 5.157 5.574 6.002 6.442 6.892 7.354 7.827 8.311 8.786 8.911 9.044 9.188 9.341 9.504 9.590 9.626 9.659 9.690 9.718 9.744 9.749 9.330 8.922 8.524 8.137 7.761 7.395 7.041 6.697 6.364 6.041 5.730 5.431 5.227 5.023 4.820 4.618 4.418 4.218 4.019 3.822 3.625 3.429 3.235 3.045 3.112 3.183 3.258 3.338 3.423 3.512 3.605 3.703 3.805 3.912 4.024 4.140 4.335 4.539 4.753 4.977 5.209 5.452 5.703 5.964 6.235 6.515 6.804 7.103 7.064
3.554 3.977 4.412 4.857 5.314 5.781 6.260 6.750 7.251 7.764 8.221 8.645 8.724 8.764 8.801 8.836 8.868 8.898 8.925 8.950 8.972 8.991 9.008 9.022 8.683 8.313 7.953 7.603 7.265 6.937 6.620 6.314 6.019 5.734 5.460 5.197 4.989 4.789 4.590 4.392 4.194 3.998 3.803 3.609 3.416 3.224 3.033 2.843 2.892 2.979 3.070 3.166 3.266 3.370 3.479 3.593 3.711 3.833 3.960 4.092 4.308 4.545 4.792 5.049 5.314 5.590 5.874 6.168 6.472 6.784 7.107 7.438 7.447
3.124 3.587 4.060 4.578 5.075 5.551 6.007 6.441 6.855 7.248 7.620 7.971 8.080 8.112 8.140 8.166 8.189 8.210 8.228 8.244 8.257 8.267 8.275 8.281 8.026 7.693 7.371 7.059 6.759 6.469 6.189 5.921 5.663 5.416 5.180 4.954 4.751 4.554 4.359 4.164 3.971 3.778 3.587 3.396 3.207 3.018 2.831 2.644 2.668 2.770 2.877 2.988 3.104 3.225 3.349 3.479 3.612 3.750 3.893 4.040 4.272 4.543 4.822 5.112 5.410 5.718 6.036 6.353 6.638 6.897 7.128 7.333 7.294
3.115 3.601 4.067 4.512 4.936 5.339 5.721 6.083 6.424 6.744 7.043 7.321 7.441 7.463 7.483 7.500 7.514 7.526 7.535 7.542 7.546 7.548 7.547 7.543 7.359 7.063 6.779 6.505 6.242 5.990 5.748 5.517 5.297 5.087 4.889 4.701 4.512 4.319 4.127 3.936 3.746 3.557 3.369 3.182 2.996 2.812 2.628 2.445 2.439 2.558 2.680 2.807 2.939 3.075 3.215 3.360 3.509 3.663 3.821 3.984 4.279 4.659 5.012 5.339 5.638 5.910 6.156 6.374 6.566 6.730 6.868 6.979 6.962
3.290 3.703 4.096 4.468 4.819 5.149 5.459 5.747 6.015 6.262 6.489 6.694 6.805 6.818 6.829 6.837 6.842 6.845 6.846 6.844 6.839 6.832 6.822 6.809 6.681 6.423 6.177 5.940 5.715 5.500 5.296 5.103 4.920 4.748 4.587 4.437 4.273 4.083 3.895 3.707 3.521 3.336 3.151 2.968 2.786 2.604 2.424 2.245 2.207 2.341 2.479 2.622 2.769 3.006 3.293 3.578 3.861 4.141 4.419 4.695 4.984 5.270 5.529 5.761 5.967 6.145 6.297 6.421 6.519 6.590 6.634 6.651 6.621
3.488 3.828 4.148 4.447 4.725 4.982 5.219 5.435 5.630 5.804 5.957 6.090 6.172 6.177 6.179 6.178 6.174 6.169 6.160 6.149 6.135 6.119 6.100 6.079 5.993 5.773 5.564 5.365 5.177 5.000 4.834 4.678 4.533 4.399 4.275 4.162 4.033 3.847 3.662 3.478 3.295 3.113 2.933 2.753 2.574 2.396 2.329 2.309 2.394 2.684 2.973 3.259 3.543 3.824 4.104 4.380 4.655 4.927 5.198 5.465 5.713 5.905 6.071 6.209 6.321 6.405 6.463 6.494 6.498 6.475 6.425 6.348 6.273
3.708 3.976 4.223 4.449 4.654 4.838 5.002 5.145 5.267 5.369 5.450 5.510 5.544 5.539 5.532 5.522 5.510 5.495 5.478 5.458 5.436 5.410 5.383 5.353 5.295 5.113 4.941 4.780 4.630 4.490 4.361 4.243 4.135 4.039 3.952 3.877 3.792 3.610 3.428 3.346 3.286 3.238 3.201 3.175 3.160 3.156 3.163 3.181 3.254 3.537 3.817 4.095 4.371 4.644 4.915 5.184 5.451 5.715 5.977 6.236 6.468 6.566 6.637 6.682 6.700 6.691 6.655 6.592 6.502 6.385 6.242 6.072 5.916
3.952 4.146 4.320 4.473 4.606 4.717 4.808 4.879 4.928 4.957 4.965 4.952 4.919 4.905 4.889 4.871 4.850 4.826 4.800 4.771 4.739 4.705 4.669 4.630 4.587 4.442 4.308 4.184 4.071 3.969 3.878 3.799 3.808 3.836 3.882 3.947 4.027 3.973 3.930 3.898 3.878 3.868 3.869 3.881 3.905 3.939 3.984 4.041 4.115 4.390 4.662 4.932 5.200 5.465 5.728 5.989 6.247 6.503 6.757 7.009 7.247 7.252 7.229 7.180 7.104 7.002 6.872 6.715 6.532 6.322 6.085 5.821 5.551
4.211 4.339 4.440 4.520 4.580 4.619 4.637 4.635 4.612 4.568 4.503 4.418 4.312 4.275 4.250 4.222 4.193 4.160 4.125 4.087 4.047 4.004 3.959 3.911 3.868 3.820 3.783 3.765 3.765 3.783 3.820 3.876 3.950 4.042 4.153 4.283 4.431 4.437 4.433 4.439 4.457 4.486 4.525 4.576 4.637 4.710 4.794 4.888 4.994 5.244 5.508 5.770 6.030 6.287 6.542 6.794 7.045 7.293 7.539 7.782 8.024 7.963 7.847 7.704 7.534 7.338 7.115 6.864 6.588 6.284 5.953 5.596 5.212
4.469 4.554 4.582 4.590 4.577 4.544 4.489 4.414 4.318 4.202 4.065 3.907 3.728 3.648 3.614 3.578 3.539 3.536 3.602 3.644 3.663 3.659 3.631 3.580 3.505 3.489 3.516 3.563 3.627 3.711 3.813 3.933 4.072 4.229 4.405 4.600 4.813 4.890 4.924 4.969 5.024 5.091 5.169 5.258 5.358 5.469 5.591 5.724 5.867 6.099 6.355 6.609 6.861 7.110 7.357 7.601 7.844 8.084 8.322 8.557 8.790 8.698 8.489 8.252 7.989 7.699 7.383 7.039 6.669 6.272 5.848 5.397 4.919
4.725 4.792 4.747 4.683 4.597 4.491 4.364 4.216 4.048 3.859 3.725 3.662 3.587 3.601 3.678 3.732 3.762 3.769 3.753 3.714 3.651 3.565 3.456 3.323 3.167 3.138 3.231 3.342 3.471 3.619 3.786 3.971 4.175 4.397 4.638 4.897 5.174 5.330 5.402 5.486 5.580 5.685 5.801 5.928 6.067 6.216 6.376 6.547 6.729 6.956 7.204 7.449 7.693 7.934 8.173 8.409 8.644 8.876 9.105 9.333 9.558 9.459 9.156 8.826 8.470 8.086 7.676 7.239 6.775 6.285 5.767 5.223 4.652
4.980 5.052 4.935 4.881 4.864 4.833 4.790 4.733 4.664 4.582 4.487 4.379 4.259 4.185 4.180 4.152 4.101 4.027 3.929 3.808 3.664 3.497 3.306 3.092 2.854 2.768 2.926 3.102 3.296 3.509 3.740 3.990 4.258 4.545 4.851 5.174 5.517 5.759 5.869 5.991 6.123 6.267 6.421 6.587 6.763 6.950 7.149 7.358 7.578 7.813 8.053 8.291 8.526 8.759 8.990 9.219 9.445 9.669 9.890 10.110 10.327 10.245 9.848 9.425 8.975 8.498 7.995 7.464 6.904 6.341 5.793 5.262 4.747
5.877 6.061 6.024 5.974 5.911 5.835 5.746 5.644 5.530 5.403 5.263 5.110 4.944 4.793 4.707 4.597 4.465 4.309 4.130 3.927 3.702 3.453 3.180 2.885 2.566 2.380 2.602 2.843 3.102 3.379 3.675 3.990 4.323 4.674 5.044 5.433 5.840 6.176 6.325 6.484 6.655 6.837 7.029 7.233 7.448 7.673 7.910 8.157 8.416 8.672 8.904 9.133 9.361 9.586 9.808 10.029 10.247 10.463 10.676 10.888 11.097 10.978 10.359 9.755 9.168 8.596 8.041 7.501 6.977 6.469 5.977 5.501 5.041
7.114 7.256 7.174 7.078 6.970 6.849 6.715 6.568 6.409 6.236 6.051 5.853 5.642 5.425 5.257 5.067 4.853 4.615 4.355 4.071 3.764 3.433 3.080 2.703 2.303 1.972 2.259 2.564 2.888 3.230 3.591 3.970 4.368 4.784 5.218 5.671 6.143 6.581 6.768 6.966 7.175 7.395 7.626 7.868 8.120 8.384 8.659 8.944 9.241 9.531 9.755 9.977 10.196 10.413 10.533 10.582 10.627 10.667 10.704 10.736 10.763 10.650 10.086 9.538 9.006 8.489 7.989 7.504 7.035 6.582 6.145 5.724 5.319
8.375 8.448 8.337 8.196 8.043 7.876 7.697 7.505 7.300 7.083 6.852 6.609 6.353 6.083 5.832 5.560 5.265 4.946 4.604 4.239 3.851 3.439 3.004 2.546 2.065 1.560 1.898 2.267 2.656 3.063 3.488 3.932 4.394 4.874 5.373 5.891 6.427 6.975 7.200 7.436 7.683 7.941 8.210 8.490 8.781 9.083 9.396 9.623 9.804 9.971 10.027 10.078 10.125 10.168 10.206 10.240 10.270 10.296 10.318 10.335 10.348 10.308 9.799 9.306 8.829 8.367 7.922 7.492 7.079 6.681 6.299 5.933 5.582
