DATA/SHG/ECMWF/20170628/EN-17/20170703.en-17.asc
ncols        190
nrows        64
xllcorner    -5100000.000000000000
yllcorner    4130000.000000000000
cellsize     10000.000000000000
NODATA_value  -99999.000
[rows 32 to 63 of 64, columns 0 to 71 of 190]
14.638 15.571 15.506 15.253 14.909 14.475 13.949 13.332 12.625 11.826 10.936 9.955 8.883 7.720 8.439 9.289 10.166 11.069 11.998 12.952 13.933 14.939 15.972 17.030 18.114 19.224 18.548 17.785 16.966 16.091 15.159 14.170 13.125 12.024 10.866 9.651 8.380 7.075 6.817 6.545 6.257 5.954 5.637 5.304 4.956 4.593 4.216 4.115 4.170 4.291 4.982 5.609 6.172 6.671 7.107 7.479 7.787 8.031 8.212 8.329 8.382 8.356 8.148 7.933 7.713 7.486 7.254 7.015 6.771 6.520 6.264 6.001
18.980 20.064 19.962 19.390 18.727 17.973 17.128 16.193 15.166 14.048 12.839 11.540 10.149 8.667 9.087 10.029 10.996 11.990 13.009 14.054 15.125 16.222 17.345 18.494 19.669 20.869 20.308 19.347 18.331 17.258 16.128 14.942 13.699 12.400 11.045 9.633 8.165 6.640 6.175 5.850 5.716 5.658 5.632 5.638 5.676 5.746 5.847 5.980 6.145 6.342 6.787 7.192 7.533 7.810 8.024 8.174 8.260 8.283 8.242 8.137 7.969 7.737 7.506 7.270 7.029 6.782 6.528 6.269 6.004 5.733 5.455 5.172
23.268 24.504 24.513 23.622 22.640 21.567 20.403 19.148 17.803 16.366 14.839 13.221 11.511 9.711 9.707 10.739 11.797 12.881 13.991 15.127 16.288 17.476 18.689 19.929 21.194 22.485 22.124 20.967 19.753 18.482 17.155 15.771 14.331 12.854 11.397 9.962 8.549 7.158 6.763 6.753 6.774 6.827 6.912 7.028 7.176 7.356 7.568 7.811 8.086 8.393 8.652 8.835 8.954 9.010 9.002 8.930 8.795 8.596 8.334 8.007 7.617 7.164 6.870 6.614 6.352 6.084 5.810 5.530 5.244 4.952 4.654 4.349
27.503 28.890 29.158 27.948 26.647 25.255 23.773 22.199 20.535 18.780 16.934 14.998 12.970 10.852 10.298 11.420 12.569 13.744 14.944 16.170 17.422 18.700 20.004 21.334 22.689 24.060 23.727 22.192 20.679 19.188 17.719 16.272 14.847 13.445 12.064 10.706 9.370 8.055 7.567 7.667 7.799 7.962 8.157 8.384 8.642 8.933 9.254 9.608 9.993 10.411 10.578 10.540 10.437 10.271 10.042 9.748 9.392 8.971 8.487 7.940 7.328 6.654 6.241 5.964 5.681 5.393 5.098 4.797 4.490 4.177 3.858 3.534
31.684 33.221 33.897 32.368 30.749 29.038 27.237 25.346 23.363 21.290 19.126 16.871 14.526 12.089 10.860 12.073 13.312 14.577 15.867 17.136 18.359 19.534 20.663 21.745 22.780 23.769 23.759 22.300 20.864 19.450 18.057 16.687 15.339 14.013 12.709 11.427 10.167 8.930 8.338 8.548 8.790 9.064 9.369 9.706 10.075 10.475 10.907 11.371 11.866 12.394 12.565 12.305 11.981 11.593 11.142 10.628 10.050 9.408 8.703 7.934 7.102 6.206 5.619 5.321 5.018 4.708 4.392 4.071 3.743 3.410 3.070 2.725
35.812 37.500 38.729 36.882 34.945 32.916 30.797 28.587 26.287 23.895 21.413 18.792 16.114 13.568 11.874 13.168 14.414 15.614 16.767 17.873 18.932 19.945 20.911 21.830 22.702 23.527 23.768 22.386 21.026 19.688 18.373 17.079 15.807 14.558 13.330 12.125 10.942 9.780 9.075 9.396 9.748 10.132 10.547 10.994 11.473 11.984 12.526 13.100 13.705 14.342 14.612 14.130 13.585 12.976 12.304 11.568 10.769 9.906 8.980 7.990 6.937 5.820 5.003 4.685 4.360 4.030 3.694 3.351 3.003 2.649 2.289 1.922
39.886 41.724 43.606 41.491 38.815 35.670 32.657 29.777 27.030 24.416 21.935 19.586 17.370 15.288 13.475 14.605 15.688 16.725 17.715 18.658 19.554 20.404 21.207 21.963 22.672 23.335 23.755 22.449 21.166 19.904 18.665 17.448 16.253 15.080 13.929 12.800 11.693 10.608 9.779 10.210 10.672 11.166 11.692 12.249 12.838 13.458 14.111 14.795 15.510 16.257 16.720 16.017 15.250 14.421 13.527 12.570 11.550 10.466 9.319 8.108 6.834 5.496 4.394 4.055 3.710 3.359 3.002 2.639 2.270 1.895 1.914 2.227
40.032 40.731 41.383 39.039 36.224 33.542 30.992 28.575 26.291 24.140 22.122 20.236 18.483 16.863 15.376 16.090 17.010 17.884 18.711 19.491 20.225 20.911 21.551 22.145 22.691 23.191 23.644 22.489 21.283 20.098 18.935 17.794 16.675 15.578 14.504 13.451 12.420 11.412 10.450 10.991 11.563 12.167 12.803 13.470 14.169 14.900 15.662 16.456 17.281 18.138 18.888 17.964 16.976 15.926 14.811 13.633 12.392 11.088 9.720 8.288 6.793 5.235 3.792 3.797 4.005 4.243 4.510 4.806 5.133 5.489 5.874 6.290
36.347 36.883 37.371 35.843 33.491 31.272 29.185 27.232 25.410 23.722 22.166 20.743 19.452 18.295 17.270 17.623 18.380 19.091 19.755 20.373 20.943 21.467 21.945 22.375 22.759 23.096 23.387 22.507 21.377 20.268 19.182 18.117 17.075 16.054 15.056 14.079 13.125 12.193 11.282 11.738 12.421 13.135 13.880 14.658 15.466 16.307 17.179 18.083 19.018 19.985 20.983 19.972 18.763 17.491 16.156 14.758 13.476 12.272 11.100 9.959 8.850 7.772 6.728 7.008 7.319 7.658 8.028 8.427 8.855 9.314 9.801 10.319
32.718 33.091 33.416 32.507 30.618 28.861 27.237 25.746 24.387 23.161 22.067 21.106 20.278 19.582 19.019 19.203 19.798 20.346 20.848 21.302 21.710 22.072 22.386 22.655 22.876 23.051 23.179 22.502 21.448 20.416 19.405 18.417 17.451 16.507 15.585 14.685 13.807 12.951 12.116 12.453 13.245 14.069 14.925 15.812 16.730 17.681 18.662 19.676 20.721 21.744 22.821 22.026 20.774 19.553 18.364 17.206 16.079 14.984 13.920 12.888 11.886 10.916 9.978 10.187 10.599 11.041 11.513 12.014 12.545 13.105 13.695 14.315
29.146 29.355 29.517 29.030 27.603 26.309 25.147 24.118 23.222 22.458 21.826 21.327 20.960 20.726 20.624 20.832 21.264 21.649 21.988 22.280 22.526 22.725 22.877 22.983 23.042 23.054 23.020 22.474 21.496 20.540 19.607 18.695 17.805 16.937 16.091 15.267 14.465 13.685 12.927 13.134 14.036 14.970 15.755 16.593 17.499 18.473 19.515 20.624 21.801 23.047 24.360 24.056 22.912 21.799 20.718 19.668 18.650 17.662 16.706 15.782 14.889 14.027 13.196 13.333 13.848 14.392 14.966 15.569 16.202 16.864 17.556 18.278
25.630 25.676 25.674 25.412 24.448 23.616 22.916 22.349 21.914 21.612 21.442 21.404 21.499 21.726 22.086 22.508 22.777 23.000 23.176 23.306 23.389 23.426 23.416 23.359 23.256 23.106 22.909 22.424 21.522 20.643 19.785 18.949 18.136 17.344 16.569 15.586 14.611 13.646 12.688 12.523 13.393 14.331 15.338 16.412 17.553 18.763 20.041 21.386 22.799 24.281 25.829 26.052 25.016 24.012 23.039 22.097 21.186 20.307 19.459 18.642 17.857 17.103 16.381 16.447 17.063 17.710 18.385 19.091 19.826 20.590 21.385 22.208
22.171 22.053 21.889 21.655 21.152 20.782 20.544 20.438 20.465 20.624 20.915 21.339 21.895 22.583 23.403 24.231 24.338 24.399 24.413 24.380 24.301 24.175 24.003 23.784 23.519 23.207 22.848 22.329 21.316 20.312 19.316 18.329 17.350 16.379 15.418 14.464 13.520 12.583 11.655 11.329 12.435 13.609 14.852 16.162 17.539 18.985 20.498 22.079 23.728 25.445 27.229 28.015 27.088 26.191 25.326 24.492 23.689 22.918 22.178 21.469 20.792 20.146 19.531 19.528 20.246 20.995 21.773 22.580 23.417 24.284 25.180 26.106
18.768 18.487 18.159 17.784 17.716 17.807 18.031 18.386 18.874 19.494 20.246 21.131 22.147 23.296 24.577 25.991 25.947 25.845 25.697 25.502 25.202 24.667 24.111 23.531 22.929 22.305 21.657 20.964 19.981 19.006 18.040 17.082 16.133 15.192 14.260 13.336 12.420 11.514 10.615 10.067 11.409 12.820 14.298 15.843 17.457 19.138 20.887 22.704 24.588 26.540 28.560 29.946 29.126 28.337 27.580 26.854 26.159 25.496 24.863 24.262 23.693 23.154 22.647 22.576 23.397 24.248 25.127 26.037 26.976 27.944 28.942 29.970
15.420 14.976 14.486 13.948 14.140 14.692 15.377 16.193 17.142 18.222 19.435 20.780 22.257 23.812 25.293 26.761 26.569 26.047 25.502 24.934 24.344 23.731 23.096 22.438 21.757 21.053 20.327 19.579 18.639 17.694 16.757 15.829 14.909 13.997 13.094 12.200 11.314 10.437 9.568 8.738 10.316 11.962 13.675 15.457 17.306 19.222 21.207 23.259 25.379 27.566 29.822 31.843 31.131 30.450 29.800 29.182 28.595 28.040 27.515 27.022 26.560 26.129 25.730 25.593 26.516 27.468 28.450 29.461 30.502 31.572 32.672 33.801
12.129 11.522 10.869 10.168 10.424 11.437 12.742 14.271 15.786 17.288 18.777 20.252 21.714 23.162 24.597 26.019 26.052 25.451 24.827 24.181 23.512 22.821 22.106 21.369 20.610 19.828 19.023 18.196 17.290 16.374 15.467 14.568 13.678 12.796 11.922 11.057 10.201 9.353 8.514 7.683 9.155 11.036 12.985 15.002 17.086 19.238 21.458 23.746 26.101 28.523 31.014 33.572 33.102 32.530 31.988 31.477 30.998 30.550 30.133 29.748 29.394 29.071 28.779 28.577 29.602 30.656 31.739 32.853 33.995 35.167 36.369 37.600
9.624 9.379 9.131 8.882 9.426 10.935 12.431 13.914 15.383 16.839 18.281 19.710 21.126 22.528 23.917 25.292 25.560 24.880 24.178 23.453 22.705 21.935 21.142 20.326 19.488 18.627 17.744 16.838 15.934 15.048 14.170 13.301 12.440 11.587 10.743 9.908 9.081 8.262 7.452 6.650 7.926 10.043 12.227 14.479 16.799 19.186 21.641 24.163 26.754 29.411 32.137 34.930 35.041 34.576 34.142 33.739 33.368 33.027 32.718 32.440 32.194 31.978 31.794 31.641 32.655 33.738 34.054 34.347 34.617 34.866 35.092 35.296
9.731 9.479 9.225 8.970 9.222 10.685 12.135 13.572 14.995 16.404 17.800 19.183 20.552 21.908 23.251 24.580 25.093 24.334 23.553 22.750 21.923 21.074 20.203 19.309 18.392 17.452 16.491 15.506 14.572 13.715 12.866 12.026 11.195 10.371 9.557 8.751 7.953 7.164 6.383 5.611 6.630 8.982 11.401 13.888 16.443 19.065 21.755 24.513 27.338 30.230 33.191 36.218 36.947 36.589 36.263 35.968 35.704 35.471 35.165 34.260 33.358 32.460 31.564 30.671 30.687 30.948 31.187 31.403 31.598 31.770 31.919 32.047
9.840 9.582 9.321 9.059 9.033 10.450 11.854 13.244 14.621 15.984 17.334 18.671 19.994 21.304 22.600 23.883 24.651 23.814 22.954 22.071 21.166 20.239 19.289 18.316 17.321 16.303 15.262 14.199 13.202 12.374 11.555 10.745 9.942 9.149 8.364 7.587 6.819 6.059 5.307 4.565 5.266 7.853 10.507 13.230 16.019 18.876 21.801 24.793 27.853 30.981 34.175 37.314 38.057 37.145 36.237 35.331 34.428 33.528 32.631 31.736 30.845 29.956 29.070 28.188 27.998 28.182 28.345 28.485 28.603 28.698 28.772 28.823
9.951 9.686 9.419 9.150 8.880 10.229 11.587 12.931 14.261 15.579 16.882 18.173 19.450 20.713 21.964 23.201 24.233 23.318 22.379 21.418 20.435 19.429 18.400 17.349 16.275 15.179 14.060 12.918 11.825 11.027 10.237 9.456 8.683 7.919 7.163 6.416 5.677 4.946 4.225 3.511 3.834 6.656 9.546 12.503 15.514 18.462 21.326 24.107 26.803 29.416 31.946 34.391 35.463 34.561 33.663 32.767 31.874 30.984 30.097 29.213 28.331 27.453 26.577 25.705 25.333 25.441 25.527 25.591 25.632 25.652 25.649 25.624
10.064 9.793 9.519 9.244 8.967 10.023 11.334 12.632 13.917 15.188 16.445 17.690 18.921 20.138 21.342 22.533 23.710 22.846 21.830 20.790 19.728 18.644 17.536 16.407 15.254 14.080 12.882 11.662 10.442 9.673 8.913 8.161 7.417 6.682 5.956 5.238 4.528 3.916 3.487 3.084 3.226 6.219 9.129 11.955 14.698 17.357 19.932 22.424 24.832 27.156 29.397 31.554 32.869 31.978 31.089 30.204 29.321 28.441 27.564 26.690 25.819 24.950 24.085 23.222 22.692 22.724 22.734 22.721 22.687 22.630 22.550 22.449
10.179 9.901 9.621 9.339 9.056 9.831 11.096 12.348 13.587 14.812 16.023 17.221 18.406 19.578 20.736 21.880 23.012 22.400 21.305 20.187 19.046 17.883 16.698 15.490 14.259 13.006 11.730 10.432 9.111 8.312 7.661 7.140 6.645 6.175 5.732 5.315 4.925 4.560 4.221 3.909 3.649 6.354 8.975 11.512 13.966 16.336 18.623 20.826 22.946 24.981 26.934 28.802 30.276 29.394 28.516 27.641 26.768 25.898 25.031 24.167 23.306 22.448 21.592 20.740 20.077 20.032 19.966 19.877 19.766 19.632 19.477 19.299
10.297 10.012 9.725 9.437 9.147 9.654 10.873 12.079 13.271 14.450 15.615 16.768 17.906 19.032 20.144 21.242 22.328 21.979 20.805 19.609 18.390 17.148 15.884 14.627 13.408 12.210 11.033 9.877 8.742 8.103 7.646 7.215 6.810 6.431 6.078 5.752 5.451 5.177 4.929 4.707 4.511 6.572 8.905 11.153 13.319 15.400 17.399 19.313 21.144 22.892 24.556 26.136 27.633 26.812 25.943 25.078 24.215 23.356 22.499 21.645 20.794 19.946 19.100 18.258 17.485 17.364 17.222 17.056 16.869 16.660 16.428 16.174
10.416 10.124 9.831 9.536 9.239 9.491 10.664 11.824 12.970 14.103 15.222 16.328 17.421 18.501 19.567 20.619 21.607 21.461 20.189 18.938 17.708 16.498 15.310 14.142 12.996 11.870 10.765 9.681 8.618 7.970 7.603 7.262 6.948 6.659 6.397 6.161 5.951 5.767 5.609 5.477 5.372 6.874 8.918 10.878 12.755 14.549 16.258 17.885 19.428 20.887 22.263 23.555 24.764 24.229 23.371 22.516 21.663 20.814 19.967 19.123 18.282 17.444 16.609 15.776 14.947 14.721 14.502 14.261 13.997 13.712 13.404 13.074
10.537 10.239 9.939 9.638 9.334 9.343 10.470 11.583 12.683 13.716 14.708 15.685 16.647 17.593 18.525 19.442 20.343 20.522 19.322 18.143 16.985 15.848 14.732 13.637 12.562 11.509 10.476 9.464 8.473 7.810 7.533 7.283 7.059 6.861 6.689 6.543 6.423 6.329 6.262 6.220 6.205 7.260 9.015 10.687 12.276 13.781 15.203 16.541 17.796 18.967 20.055 21.060 21.981 21.647 20.799 19.954 19.112 18.272 17.436 16.602 15.771 14.943 14.117 13.295 12.475 12.102 11.807 11.489 11.150 10.788 10.404 9.998
10.660 10.355 10.121 9.803 9.369 8.921 9.921 10.906 11.877 12.832 13.772 14.697 15.607 16.502 17.382 18.247 19.097 19.562 18.435 17.328 16.242 15.177 14.133 13.110 12.108 11.126 10.165 9.226 8.307 7.623 7.437 7.277 7.143 7.035 6.953 6.898 6.868 6.865 6.887 6.936 7.011 7.729 9.196 10.580 11.881 13.098 14.231 15.282 16.249 17.132 17.932 18.649 19.283 19.066 18.228 17.393 16.560 15.731 14.904 14.081 13.260 12.442 11.626 10.814 10.005 9.507 9.136 8.742 8.327 8.184 8.151 8.135
12.054 11.564 10.958 10.235 9.396 8.440 9.210 10.144 11.062 11.965 12.854 13.727 14.585 15.428 16.256 17.069 17.867 18.582 17.526 16.492 15.478 14.485 13.513 12.562 11.632 10.722 9.834 8.966 8.119 7.409 7.313 7.244 7.200 7.182 7.191 7.225 7.286 7.373 7.485 7.624 7.789 8.281 9.460 10.556 11.569 12.498 13.344 14.107 14.786 15.382 15.895 16.324 16.670 16.485 15.657 14.832 14.009 13.190 12.373 11.560 10.749 9.941 9.388 8.893 8.385 8.121 8.080 8.055 8.047 8.055 8.081 8.123
13.828 12.934 11.923 10.795 9.551 8.190 8.516 9.398 10.265 11.116 11.953 12.774 13.580 14.372 15.148 15.909 16.655 17.386 16.597 15.635 14.693 13.772 12.872 11.993 11.135 10.298 9.481 8.685 7.910 7.169 7.163 7.184 7.230 7.303 7.401 7.526 7.677 7.853 8.056 8.285 8.540 8.917 9.808 10.617 11.342 11.983 12.542 13.017 13.408 13.717 13.942 14.084 14.142 13.904 13.086 12.581 12.130 11.666 11.190 10.701 10.200 9.687 9.162 8.624 8.074 7.746 7.762 7.795 7.845 7.911 7.994 8.095
15.730 14.430 13.014 11.482 9.833 8.068 7.839 8.669 9.484 10.284 11.068 11.838 12.593 13.332 14.057 14.766 15.460 16.140 15.648 14.757 13.887 13.039 12.211 11.403 10.617 9.852 9.107 8.383 7.680 6.998 6.986 7.097 7.233 7.396 7.585 7.799 8.040 8.307 8.600 8.919 9.264 9.636 10.240 10.760 11.198 11.552 11.823 12.010 12.381 12.740 13.052 13.316 13.532 13.616 13.147 12.665 12.171 11.664 11.146 10.615 10.071 9.516 8.948 8.368 7.775 7.354 7.428 7.519 7.627 7.751 7.892 8.050
17.757 16.053 14.233 12.296 10.243 8.073 7.179 7.957 8.720 9.468 10.201 10.919 11.622 12.310 12.982 13.640 14.283 14.910 14.677 13.858 13.061 12.284 11.528 10.793 10.078 9.385 8.712 8.060 7.429 6.818 6.782 6.983 7.210 7.462 7.741 8.046 8.377 8.733 9.116 9.525 9.960 10.586 11.129 11.609 12.042 12.427 12.764 13.054 13.297 13.492 13.639 13.739 13.792 13.797 13.285 12.761 12.224 11.675 11.114 10.540 9.955 9.357 8.746 8.124 7.489 6.948 7.079 7.228 7.394 7.576 7.775 7.990
19.911 17.803 15.579 13.238 10.780 8.207 6.536 7.263 7.974 8.670 9.351 10.017 10.668 11.305 11.926 12.532 13.123 13.699 13.686 12.939 12.213 11.508 10.824 10.161 9.518 8.897 8.296 7.716 7.156 6.618 6.552 6.842 7.159 7.502 8.046 8.619 9.219 9.845 10.497 11.175 11.879 12.609 13.075 13.391 13.660 13.881 14.054 14.180 14.259 14.290 14.273 14.209 14.098 13.939 13.436 12.869 12.290 11.698 11.094 10.478 9.850 9.210 8.557 7.892 7.214 6.525 6.715 6.921 7.144 7.384 7.641 7.914
22.192 19.680 17.051 14.306 11.445 8.467 5.910 6.585 7.244 7.889 8.518 9.133 9.732 10.316 10.886 11.440 11.979 12.504 12.673 11.999 11.345 10.712 10.100 9.508 8.937 8.387 7.876 7.774 7.513 7.094 7.016 7.575 8.161 8.772 9.410 10.074 10.763 11.479 12.221 12.988 13.782 14.602 15.067 15.219 15.324 15.381 15.390 15.352 15.267 15.134 14.954 14.726 14.451 14.128 13.598 12.989 12.367 11.733 11.087 10.428 9.758 9.075 8.380 7.672 6.952 6.220 6.334 6.599 6.880 7.177 7.492 7.823
