DATA/SHG/ECMWF/20170628/EN-17/20170707.en-17.asc
ncols        190
nrows        64
xllcorner    -5100000.000000000000
yllcorner    4130000.000000000000
cellsize     10000.000000000000
NODATA_value  -99999.000
[rows 0 to 32 of 64, columns 74 to 147 of 190]
4.879 5.156 5.462 5.797 6.159 6.550 6.970 7.292 7.272 7.211 7.145 7.075 7.000 6.921 6.836 6.747 6.653 6.555 6.452 6.387 6.464 6.539 6.607 6.666 6.719 6.763 6.799 6.828 6.849 6.862 6.868 6.890 6.989 7.090 7.192 7.296 7.402 7.509 7.619 7.730 7.842 7.956 8.072 8.075 7.730 7.397 7.075 6.764 6.465 6.176 5.900 5.634 5.380 5.137 4.906 4.691 4.490 4.278 4.056 3.824 3.582 3.329 3.066 2.793 2.509 2.215 1.911 1.650 1.544 1.452 1.373 1.308 1.256 1.217
4.689 5.080 5.467 5.843 6.207 6.559 6.900 7.159 7.086 7.009 6.927 6.840 6.749 6.653 6.552 6.446 6.336 6.221 6.102 5.995 6.037 6.078 6.111 6.136 6.153 6.163 6.165 6.159 6.145 6.124 6.095 6.075 6.181 6.290 6.400 6.512 6.626 6.741 6.858 6.976 7.097 7.219 7.343 7.414 7.120 6.837 6.565 6.305 6.056 5.819 5.593 5.378 5.174 4.982 4.801 4.620 4.373 4.116 3.848 3.570 3.281 2.983 2.674 2.354 2.025 1.685 1.335 1.022 0.976 0.944 0.925 0.920 0.928 0.949
4.751 5.109 5.455 5.790 6.113 6.424 6.724 6.994 6.905 6.812 6.713 6.610 6.502 6.390 6.272 6.150 6.024 5.892 5.756 5.616 5.620 5.626 5.625 5.615 5.598 5.573 5.540 5.500 5.451 5.396 5.332 5.260 5.373 5.490 5.607 5.727 5.848 5.971 6.096 6.222 6.351 6.480 6.612 6.742 6.498 6.266 6.045 5.835 5.637 5.450 5.274 5.110 4.957 4.815 4.684 4.561 4.268 3.964 3.650 3.326 2.992 2.647 2.292 1.927 1.552 1.166 0.770 0.451 0.607 0.772 0.946 1.128 1.320 1.520
4.831 5.149 5.454 5.748 6.030 6.301 6.559 6.806 6.729 6.619 6.504 6.384 6.260 6.131 5.997 5.859 5.716 5.568 5.416 5.259 5.213 5.184 5.148 5.104 5.052 4.992 4.925 4.850 4.767 4.677 4.578 4.472 4.564 4.688 4.814 4.941 5.070 5.201 5.334 5.468 5.604 5.741 5.880 6.021 5.865 5.684 5.513 5.354 5.206 5.070 4.944 4.830 4.728 4.636 4.556 4.487 4.173 3.823 3.484 3.172 2.872 2.585 2.311 2.051 1.803 1.568 1.346 1.137 1.305 1.509 1.722 1.943 2.174 2.413
4.923 5.199 5.464 5.717 5.958 6.188 6.406 6.612 6.557 6.431 6.299 6.163 6.023 5.877 5.727 5.572 5.413 5.249 5.080 4.906 4.815 4.751 4.680 4.602 4.515 4.421 4.319 4.210 4.092 3.967 3.834 3.694 3.755 3.887 4.020 4.155 4.292 4.430 4.570 4.712 4.856 5.001 5.148 5.296 5.221 5.090 4.970 4.861 4.764 4.691 4.635 4.584 4.540 4.501 4.469 4.442 4.204 3.923 3.655 3.400 3.158 2.929 2.713 2.509 2.319 2.141 1.977 1.825 1.992 2.235 2.488 2.749 3.018 3.297
5.025 5.260 5.484 5.696 5.897 6.086 6.263 6.428 6.390 6.247 6.100 5.947 5.790 5.628 5.462 5.291 5.115 4.934 4.749 4.559 4.426 4.328 4.222 4.109 3.988 3.860 3.723 3.579 3.427 3.268 3.100 2.925 2.945 3.084 3.225 3.368 3.512 3.659 3.806 3.956 4.136 4.333 4.526 4.714 4.737 4.677 4.624 4.577 4.535 4.499 4.469 4.444 4.426 4.413 4.406 4.405 4.247 4.023 3.813 3.615 3.431 3.259 3.100 2.954 2.821 2.701 2.594 2.500 2.670 2.952 3.244 3.544 3.853 4.171
5.138 5.332 5.515 5.687 5.847 5.995 6.131 6.256 6.228 6.068 5.904 5.735 5.562 5.384 5.201 5.013 4.821 4.624 4.422 4.216 4.046 3.914 3.774 3.626 3.471 3.307 3.136 2.958 2.771 2.577 2.376 2.213 2.254 2.467 2.675 2.879 3.078 3.273 3.464 3.650 3.832 4.010 4.184 4.353 4.409 4.376 4.349 4.327 4.311 4.301 4.297 4.299 4.306 4.319 4.338 4.363 4.276 4.110 3.957 3.817 3.690 3.576 3.474 3.386 3.310 3.248 3.198 3.161 3.338 3.660 3.990 4.329 4.677 5.034
5.261 5.415 5.558 5.688 5.807 5.915 6.010 6.094 6.070 5.894 5.714 5.528 5.339 5.144 4.945 4.741 4.532 4.319 4.101 3.878 3.676 3.509 3.345 3.188 3.035 2.888 2.745 2.608 2.475 2.346 2.223 2.104 2.109 2.303 2.491 2.676 2.856 3.032 3.203 3.371 3.534 3.692 3.846 3.996 4.077 4.069 4.068 4.072 4.082 4.098 4.120 4.147 4.180 4.219 4.264 4.315 4.292 4.183 4.088 4.005 3.935 3.879 3.835 3.804 3.785 3.780 3.788 3.808 3.996 4.357 4.727 5.105 5.492 5.888
5.395 5.509 5.610 5.700 5.779 5.845 5.900 5.944 5.917 5.725 5.528 5.326 5.120 4.909 4.688 4.447 4.210 3.978 3.749 3.525 3.323 3.178 3.038 2.902 2.772 2.646 2.525 2.408 2.297 2.190 2.088 1.991 1.969 2.143 2.313 2.478 2.639 2.796 2.948 3.096 3.240 3.379 3.514 3.645 3.738 3.757 3.781 3.811 3.847 3.889 3.936 3.990 4.049 4.114 4.184 4.261 4.294 4.243 4.205 4.180 4.168 4.168 4.181 4.208 4.247 4.299 4.364 4.442 4.645 5.044 5.453 5.871 6.297 6.732
5.540 5.613 5.674 5.723 5.761 5.787 5.801 5.785 5.698 5.447 5.200 4.957 4.718 4.483 4.253 4.026 3.804 3.586 3.372 3.162 2.968 2.845 2.726 2.612 2.503 2.398 2.299 2.204 2.114 2.029 1.948 1.873 1.834 1.989 2.139 2.285 2.427 2.565 2.698 2.826 2.951 3.071 3.187 3.298 3.394 3.438 3.488 3.544 3.606 3.674 3.747 3.826 3.911 4.002 4.099 4.201 4.284 4.290 4.309 4.341 4.386 4.444 4.515 4.598 4.695 4.804 4.926 5.061 5.283 5.722 6.170 6.626 7.092 7.566
5.653 5.595 5.536 5.478 5.418 5.358 5.298 5.237 5.173 4.936 4.704 4.475 4.251 4.031 3.815 3.603 3.395 3.191 2.992 2.796 2.610 2.506 2.409 2.317 2.229 2.146 2.068 1.994 1.926 1.862 1.803 1.749 1.704 1.839 1.971 2.097 2.220 2.338 2.452 2.562 2.667 2.768 2.865 2.957 3.044 3.114 3.190 3.272 3.360 3.453 3.552 3.657 3.768 3.884 4.007 4.135 4.260 4.324 4.400 4.489 4.592 4.707 4.834 4.975 5.129 5.295 5.475 5.667 5.912 6.390 6.877 7.372 7.877 8.390
5.117 5.058 4.998 4.937 4.876 4.814 4.752 4.689 4.626 4.423 4.205 3.991 3.781 3.575 3.373 3.176 2.983 2.794 2.608 2.428 2.256 2.163 2.087 2.016 1.950 1.889 1.832 1.780 1.733 1.691 1.653 1.621 1.593 1.695 1.807 1.915 2.018 2.117 2.212 2.302 2.388 2.470 2.548 2.621 2.690 2.784 2.886 2.994 3.107 3.226 3.351 3.482 3.619 3.761 3.909 4.063 4.223 4.344 4.477 4.624 4.783 4.956 5.141 5.339 5.549 5.773 6.010 6.242 6.469 7.039 7.695 8.438 9.267 10.183
4.583 4.522 4.460 4.398 4.335 4.272 4.208 4.143 4.078 3.906 3.703 3.503 3.308 3.116 2.929 2.746 2.567 2.393 2.222 2.055 1.898 1.815 1.760 1.711 1.666 1.626 1.591 1.561 1.535 1.514 1.498 1.487 1.481 1.555 1.648 1.737 1.821 1.901 1.976 2.048 2.114 2.177 2.236 2.290 2.339 2.449 2.577 2.710 2.849 2.994 3.145 3.301 3.464 3.632 3.806 3.985 4.171 4.351 4.557 4.782 5.005 5.225 5.443 5.658 5.871 6.081 6.289 6.494 6.697 7.602 8.643 9.769 10.982 12.282
4.050 3.987 3.924 3.860 3.795 3.730 3.665 3.599 3.532 3.387 3.197 3.012 2.831 2.655 2.482 2.313 2.149 1.988 1.832 1.680 1.538 1.462 1.429 1.401 1.377 1.359 1.345 1.336 1.332 1.333 1.338 1.348 1.363 1.420 1.494 1.563 1.628 1.689 1.746 1.798 1.846 1.889 1.928 1.963 1.994 2.108 2.261 2.420 2.585 2.796 3.047 3.294 3.538 3.778 4.014 4.246 4.475 4.696 4.912 5.126 5.338 5.547 5.754 5.958 6.159 6.358 6.555 6.749 6.940 8.079 9.503 11.013 12.610 14.293
3.519 3.454 3.389 3.323 3.257 3.190 3.123 3.055 2.987 2.864 2.689 2.519 2.352 2.190 2.031 1.877 1.727 1.581 1.439 1.302 1.174 1.104 1.092 1.085 1.084 1.086 1.094 1.107 1.124 1.146 1.173 1.204 1.241 1.290 1.345 1.395 1.441 1.483 1.520 1.553 1.618 1.725 1.842 1.970 2.108 2.317 2.567 2.812 3.054 3.292 3.527 3.758 3.985 4.208 4.428 4.644 4.856 5.064 5.269 5.472 5.673 5.871 6.066 6.259 6.449 6.637 6.822 7.005 7.185 8.469 10.276 12.170 14.150 16.216
2.988 2.922 2.855 2.787 2.720 2.651 2.582 2.513 2.443 2.338 2.178 2.022 1.870 1.722 1.578 1.438 1.302 1.171 1.044 0.920 0.807 0.741 0.751 0.765 0.785 0.809 0.838 0.872 0.911 0.954 1.002 1.069 1.143 1.214 1.295 1.386 1.487 1.599 1.721 1.853 1.996 2.149 2.313 2.486 2.671 2.883 3.116 3.345 3.571 3.792 4.010 4.225 4.435 4.642 4.845 5.044 5.240 5.434 5.629 5.820 6.010 6.196 6.381 6.562 6.742 6.918 7.092 7.264 7.433 8.772 10.962 13.239 15.602 18.051
2.459 2.391 2.322 2.253 2.184 2.113 2.043 1.971 1.900 1.810 1.664 1.522 1.384 1.251 1.121 0.996 0.875 0.757 0.644 0.536 0.436 0.373 0.447 0.552 0.649 0.740 0.825 0.903 0.974 1.039 1.097 1.149 1.195 1.258 1.384 1.521 1.669 1.827 1.995 2.173 2.362 2.561 2.771 2.991 3.221 3.453 3.669 3.882 4.090 4.296 4.497 4.695 4.888 5.079 5.265 5.448 5.627 5.807 5.990 6.171 6.349 6.524 6.697 6.868 7.036 7.201 7.364 7.525 7.683 8.988 11.562 14.221 16.967 19.798
1.931 1.861 1.791 1.720 1.649 1.577 1.505 1.432 1.358 1.278 1.146 1.019 0.896 0.777 0.668 0.644 0.631 0.629 0.637 0.657 0.682 0.716 0.797 0.872 0.941 1.003 1.058 1.107 1.149 1.185 1.214 1.237 1.253 1.290 1.463 1.646 1.839 2.043 2.257 2.482 2.717 2.962 3.218 3.484 3.760 4.025 4.225 4.421 4.613 4.802 4.987 5.168 5.345 5.519 5.689 5.855 6.018 6.181 6.353 6.523 6.690 6.854 7.016 7.175 7.332 7.487 7.639 7.788 7.935 9.118 12.074 15.116 18.244 21.458
1.404 1.333 1.261 1.188 1.115 1.042 0.968 0.904 0.896 0.886 0.846 0.817 0.798 0.790 0.793 0.807 0.832 0.868 0.914 0.971 1.034 1.101 1.154 1.200 1.239 1.272 1.298 1.318 1.331 1.338 1.338 1.331 1.318 1.310 1.529 1.759 1.998 2.248 2.508 2.779 3.060 3.351 3.653 3.964 4.287 4.601 4.784 4.964 5.139 5.311 5.480 5.644 5.805 5.962 6.116 6.265 6.411 6.558 6.719 6.877 7.033 7.186 7.337 7.485 7.631 7.774 7.915 8.053 8.189 9.162 12.500 15.924 19.434 23.030
0.898 0.893 0.887 0.880 0.872 0.863 0.852 0.841 0.828 0.815 0.811 0.819 0.838 0.868 0.909 0.961 1.023 1.097 1.181 1.276 1.376 1.481 1.517 1.534 1.544 1.548 1.545 1.536 1.520 1.497 1.468 1.433 1.391 1.342 1.585 1.860 2.145 2.441 2.748 3.064 3.391 3.728 4.076 4.434 4.802 5.180 5.346 5.509 5.668 5.824 5.976 6.124 6.268 6.409 6.546 6.679 6.809 6.937 7.086 7.233 7.378 7.520 7.660 7.797 7.932 8.064 8.193 8.321 8.445 9.120 12.840 16.646 20.537 24.515
0.862 0.854 0.844 0.833 0.821 0.808 0.794 0.779 0.762 0.745 0.766 0.812 0.869 0.936 1.015 1.104 1.204 1.315 1.437 1.570 1.709 1.852 1.887 1.875 1.856 1.831 1.799 1.760 1.715 1.664 1.606 1.542 1.470 1.393 1.628 1.950 2.281 2.623 2.975 3.338 3.711 4.094 4.487 4.891 5.305 5.730 5.912 6.058 6.201 6.340 6.475 6.607 6.735 6.859 6.979 7.096 7.209 7.318 7.456 7.592 7.725 7.856 7.985 8.111 8.234 8.355 8.474 8.590 8.879 9.588 13.912 18.162 22.337 26.436
0.828 0.815 0.802 0.787 0.771 0.754 0.736 0.717 0.697 0.676 0.711 0.795 0.889 0.995 1.111 1.238 1.376 1.524 1.684 1.854 2.030 2.212 2.264 2.223 2.175 2.121 2.060 1.992 1.918 1.838 1.751 1.657 1.557 1.451 1.661 2.028 2.406 2.793 3.191 3.600 4.019 4.448 4.887 5.337 5.797 6.267 6.480 6.610 6.736 6.859 6.978 7.093 7.204 7.312 7.416 7.516 7.613 7.705 7.827 8.076 8.520 8.985 9.470 9.976 10.502 11.049 11.617 12.204 12.813 13.442 17.210 21.128 24.971 28.738
0.794 0.778 0.761 0.742 0.723 0.702 0.680 0.657 0.633 0.608 0.646 0.768 0.900 1.043 1.197 1.361 1.537 1.723 1.920 2.128 2.342 2.561 2.648 2.578 2.501 2.417 2.327 2.231 2.128 2.019 1.902 1.780 1.651 1.515 1.682 2.095 2.518 2.952 3.396 3.850 4.315 4.790 5.275 5.771 6.277 6.793 7.052 7.165 7.275 7.381 7.494 7.668 7.910 8.219 8.595 9.038 9.549 10.126 10.655 11.169 11.704 12.260 12.836 13.432 14.049 14.686 15.344 16.022 16.721 17.441 20.577 24.163 27.674 31.110
0.762 0.742 0.721 0.698 0.675 0.650 0.625 0.598 0.570 0.541 0.571 0.731 0.900 1.081 1.272 1.475 1.688 1.912 2.146 2.392 2.644 2.901 3.039 2.940 2.834 2.721 2.602 2.477 2.345 2.206 2.061 1.910 1.752 1.587 1.692 2.151 2.620 3.099 3.589 4.090 4.600 5.104 5.561 5.987 6.382 6.745 6.985 7.189 7.460 7.798 8.203 8.676 9.215 9.822 10.495 11.236 12.044 12.919 13.633 14.238 14.863 15.509 16.175 16.862 17.570 18.297 19.046 19.815 20.604 21.414 24.014 27.268 30.448 33.552
0.731 0.707 0.682 0.656 0.628 0.600 0.571 0.540 0.508 0.476 0.487 0.684 0.891 1.109 1.338 1.578 1.829 2.090 2.363 2.646 2.936 3.231 3.437 3.308 3.173 3.032 2.884 2.729 2.568 2.401 2.227 2.046 1.892 1.804 1.937 2.475 2.981 3.456 3.900 4.312 4.693 5.043 5.361 5.649 5.904 6.128 6.433 6.935 7.503 8.139 8.842 9.612 10.448 11.352 12.323 13.361 14.466 15.638 16.585 17.281 17.997 18.733 19.490 20.267 21.065 21.883 22.722 23.581 24.461 25.361 27.519 30.443 33.291 36.065
0.701 0.673 0.644 0.614 0.583 0.551 0.518 0.483 0.448 0.411 0.393 0.627 0.872 1.128 1.394 1.672 1.960 2.259 2.569 2.889 3.217 3.550 3.841 3.661 3.459 3.282 3.130 3.003 2.901 2.824 2.772 2.745 2.742 2.764 2.883 3.282 3.649 3.985 4.290 4.564 4.806 5.016 5.196 5.344 5.461 5.546 5.811 6.610 7.476 8.409 9.409 10.476 11.610 12.811 14.079 15.414 16.816 18.285 19.513 20.299 21.105 21.932 22.779 23.647 24.535 25.444 26.373 27.323 28.293 29.283 31.094 33.686 36.204 38.647
0.672 0.640 0.607 0.574 0.539 0.503 0.466 0.427 0.388 0.348 0.306 0.560 0.843 1.136 1.440 1.751 2.030 2.304 2.570 2.829 3.087 3.344 3.596 3.489 3.398 3.332 3.290 3.274 3.282 3.315 3.373 3.456 3.564 3.697 3.862 4.122 4.351 4.548 4.714 4.848 4.951 5.023 5.064 5.073 5.051 4.998 5.118 6.214 7.378 8.608 9.905 11.269 12.700 14.198 15.763 17.395 19.094 20.859 22.416 23.292 24.189 25.106 26.043 27.002 27.980 28.979 29.999 31.038 32.099 33.180 34.738 36.999 39.186 41.298
0.644 0.608 0.572 0.534 0.495 0.456 0.415 0.373 0.331 0.293 0.256 0.484 0.768 1.044 1.314 1.578 1.834 2.084 2.327 2.563 2.798 3.031 3.260 3.290 3.309 3.353 3.422 3.516 3.635 3.778 3.946 4.139 4.358 4.600 4.868 4.995 5.085 5.143 5.170 5.166 5.130 5.064 4.965 4.836 4.675 4.483 4.355 5.748 7.209 8.736 10.330 11.991 13.718 15.513 17.375 19.303 21.299 23.361 25.293 26.260 27.247 28.255 29.283 30.331 31.400 32.489 33.599 34.729 35.879 37.050 38.451 40.382 42.238 44.020
0.617 0.577 0.534 0.494 0.454 0.415 0.377 0.341 0.306 0.272 0.239 0.410 0.670 0.924 1.171 1.411 1.644 1.871 2.090 2.304 2.515 2.725 2.930 3.063 3.193 3.347 3.526 3.730 3.959 4.213 4.491 4.795 5.123 5.476 5.854 5.902 5.852 5.772 5.660 5.517 5.343 5.137 4.901 4.633 4.333 4.003 3.641 5.212 6.969 8.793 10.684 12.641 14.666 16.757 18.915 21.140 23.432 25.791 28.146 29.203 30.281 31.378 32.497 33.635 34.794 35.974 37.173 38.394 39.634 40.895 42.233 43.833 45.360 46.811
0.562 0.523 0.485 0.448 0.412 0.377 0.344 0.311 0.280 0.250 0.221 0.343 0.579 0.810 1.033 1.250 1.460 1.663 1.860 2.050 2.238 2.425 2.606 2.809 3.049 3.313 3.602 3.917 4.256 4.619 5.008 5.421 5.860 6.323 6.811 6.841 6.653 6.434 6.183 5.902 5.589 5.245 4.869 4.463 4.025 3.556 3.056 4.606 6.659 8.780 10.967 13.221 15.541 17.929 20.384 22.905 25.493 28.148 30.869 32.122 33.289 34.477 35.685 36.914 38.163 39.433 40.723 42.033 43.364 44.715 45.717 46.078 46.425 46.758
0.504 0.468 0.434 0.401 0.369 0.339 0.309 0.281 0.253 0.227 0.202 0.281 0.495 0.702 0.902 1.096 1.282 1.463 1.636 1.803 1.967 2.131 2.289 2.527 2.877 3.251 3.651 4.075 4.524 4.998 5.497 6.020 6.568 7.141 7.739 7.813 7.486 7.128 6.740 6.319 5.868 5.386 4.872 4.327 3.751 3.143 2.505 3.929 6.279 8.696 11.179 13.729 16.346 19.030 21.780 24.598 27.482 30.433 33.450 35.015 36.273 37.391 38.143 38.811 39.394 39.892 40.304 40.632 40.874 41.032 41.104 41.388 41.675 41.949
0.444 0.413 0.383 0.354 0.326 0.299 0.273 0.249 0.225 0.203 0.182 0.225 0.416 0.600 0.777 0.947 1.111 1.268 1.418 1.562 1.703 1.843 1.978 2.218 2.677 3.162 3.672 4.206 4.765 5.349 5.957 6.591 7.249 7.932 8.639 8.817 8.352 7.856 7.329 6.770 6.181 5.560 4.908 4.224 3.510 2.764 1.987 3.182 5.828 8.541 11.320 14.167 17.049 19.881 22.708 25.530 28.348 31.162 33.971 35.233 35.780 36.242 36.620 36.912 37.120 37.242 37.280 37.232 37.100 36.882 36.580 36.717 36.945 37.159
0.384 0.356 0.330 0.305 0.281 0.258 0.236 0.216 0.197 0.178 0.161 0.176 0.344 0.504 0.658 0.805 0.946 1.080 1.207 1.327 1.445 1.562 1.673 1.881 2.450 3.045 3.664 4.309 4.978 5.671 6.390 7.133 7.901 8.694 9.511 9.855 9.252 8.617 7.951 7.255 6.527 5.767 4.977 4.163 3.364 2.572 1.787 2.707 5.542 8.373 11.199 14.020 16.837 19.649 22.457 25.260 28.059 30.854 33.643 34.923 35.095 35.182 35.184 35.102 34.934 34.682 34.344 33.922 33.415 32.823 32.146 32.065 32.234 32.389
