DATA/SHG/ECMWF/20170628/EN-17/20170704.en-17.asc
ncols        190
nrows        64
xllcorner    -5100000.000000000000
yllcorner    4130000.000000000000
cellsize     10000.000000000000
NODATA_value  -99999.000
[rows 32 to 63 of 64, columns 73 to 145 of 190]
1.976 2.507 3.054 3.617 4.196 4.791 5.402 6.029 6.672 7.331 8.006 8.698 9.304 9.413 9.534 9.668 9.815 9.973 10.144 10.327 10.523 10.719 10.912 11.116 11.517 12.588 13.699 14.849 16.040 17.269 18.538 19.847 21.195 22.583 24.011 25.478 26.409 26.259 26.084 25.885 25.661 25.413 25.140 24.842 24.718 25.003 25.071 24.922 25.482 26.992 28.452 29.861 31.218 32.524 33.779 34.983 36.136 37.238 38.288 39.288 40.632 42.119 43.456 44.643 45.679 46.566 47.302 47.888 48.324 48.610 48.746 48.731 46.870
1.664 2.246 2.849 3.468 4.103 4.754 5.421 6.103 6.802 7.518 8.249 8.996 9.736 9.888 10.052 10.229 10.418 10.619 10.833 11.059 11.297 11.536 11.773 12.019 12.373 13.620 14.906 16.232 17.597 19.002 20.447 21.931 23.454 25.018 26.620 28.620 31.398 32.460 33.304 33.931 34.340 34.532 34.507 34.264 33.803 33.125 32.230 31.117 30.744 32.028 33.261 34.444 35.575 36.655 37.684 38.661 39.588 40.464 41.288 42.062 42.892 43.716 44.390 44.914 45.287 45.511 45.585 45.509 45.282 44.906 44.379 43.703 41.938
1.516 1.971 2.629 3.304 3.995 4.701 5.424 6.163 6.918 7.689 8.476 9.278 10.097 10.351 10.558 10.778 11.009 11.253 11.510 11.778 12.059 12.341 12.621 12.910 13.210 14.606 16.340 19.179 22.109 25.128 28.237 31.436 34.725 38.103 41.571 45.129 48.413 48.510 48.391 48.054 47.500 46.728 45.740 44.533 43.110 41.469 39.611 37.535 36.053 37.111 38.118 39.074 39.979 40.833 41.636 42.388 43.089 43.738 44.337 44.884 45.302 45.463 45.475 45.336 45.048 44.609 44.021 43.282 42.394 41.356 40.168 38.829 36.979
1.391 1.680 2.395 3.125 3.872 4.634 5.413 6.207 7.018 7.845 8.687 9.546 10.421 10.803 11.053 11.315 11.589 11.875 12.993 15.255 17.382 19.166 20.628 21.984 23.234 26.018 29.164 32.400 35.726 39.141 42.647 46.242 49.926 53.701 57.565 61.519 65.563 64.777 63.695 62.395 60.877 59.143 57.191 55.023 52.637 50.033 47.213 44.176 41.409 42.241 43.022 43.752 44.431 45.059 45.636 46.162 46.637 47.061 47.434 47.756 47.863 47.362 46.711 45.911 44.960 43.860 42.610 41.210 39.660 37.960 36.110 34.111 31.994
1.290 1.375 2.145 2.932 3.734 4.552 5.387 6.237 7.103 7.985 8.884 10.819 14.242 17.208 19.672 22.003 24.199 26.262 28.191 29.986 31.647 32.962 33.953 34.838 35.618 38.329 41.871 45.503 49.225 53.037 56.938 60.929 65.010 69.180 73.440 77.790 82.230 81.260 79.215 76.952 74.473 71.776 68.862 65.732 62.384 58.819 55.037 51.038 46.822 47.419 47.974 48.478 48.931 49.334 49.685 49.985 50.234 50.432 50.580 50.676 50.574 49.411 48.098 46.636 45.024 43.263 41.351 39.290 37.079 34.718 32.208 29.547 26.981
1.212 1.055 1.881 2.723 4.051 6.102 8.541 11.368 14.582 18.184 22.174 26.552 31.317 34.838 36.836 38.700 40.430 42.027 43.490 44.818 46.013 46.860 47.381 47.796 48.105 50.523 54.462 58.490 62.608 66.815 71.112 75.499 79.975 84.541 89.197 93.942 98.777 97.959 94.951 91.727 88.286 84.628 80.752 76.660 72.352 67.826 63.083 58.123 52.947 52.643 52.973 53.251 53.479 53.655 53.781 53.856 53.879 53.852 53.774 53.645 53.434 51.610 49.637 47.513 45.240 42.818 40.245 37.523 34.651 31.630 28.459 25.139 21.942
2.025 2.150 4.382 7.002 10.009 13.404 17.186 21.356 25.913 30.858 36.189 41.909 48.016 52.568 54.100 55.498 56.762 57.893 58.890 59.753 60.482 60.861 60.912 60.857 60.696 62.601 66.935 71.359 75.873 80.476 85.168 89.950 94.822 99.784 104.834 109.975 115.205 114.873 110.904 106.718 102.316 97.697 92.861 87.809 82.539 77.053 71.350 65.430 59.294 57.915 58.019 58.072 58.074 58.025 57.925 57.774 57.573 57.320 57.017 56.662 56.257 53.960 51.325 48.541 45.608 42.524 39.292 35.909 32.377 28.696 24.865 20.884 16.876
3.683 3.711 7.286 11.249 15.599 20.336 25.461 30.972 36.871 43.157 49.830 56.890 64.338 70.398 71.464 72.396 73.195 73.860 74.391 74.789 75.053 74.964 74.545 74.020 73.390 74.563 79.293 84.112 89.021 94.019 99.107 104.285 109.551 114.908 120.354 125.889 131.514 132.002 127.073 121.927 116.564 110.985 105.189 99.176 92.947 86.501 79.838 72.959 65.863 63.234 63.112 62.940 62.717 62.442 62.117 61.741 61.314 60.836 60.308 59.728 59.097 56.460 53.165 49.720 46.127 42.257 38.088 34.006 30.010 26.101 22.279 18.544 14.896
5.339 4.905 9.823 15.128 20.820 26.899 33.365 40.217 47.457 55.083 63.097 71.497 80.284 88.327 88.928 89.395 89.728 89.928 89.994 89.927 89.726 89.170 88.281 87.287 86.187 86.409 91.534 96.749 102.053 107.446 112.929 118.501 124.163 129.914 135.755 141.685 147.705 149.347 143.458 137.352 131.029 124.490 117.735 110.763 103.574 96.169 88.547 80.709 72.655 68.600 68.253 67.856 67.407 66.908 66.357 65.756 64.885 63.203 61.460 59.657 57.793 54.332 50.198 46.150 42.189 38.315 34.528 30.827 27.213 23.686 20.246 16.892 13.625
6.994 6.193 11.994 18.640 25.673 33.092 40.898 49.091 57.671 66.637 75.990 85.729 95.855 106.356 106.491 106.493 106.362 106.097 105.698 105.166 104.501 103.478 102.120 100.657 99.087 98.139 103.659 109.269 114.968 120.756 126.634 132.601 138.657 144.803 151.038 157.363 163.777 166.907 160.058 152.993 145.711 138.213 130.499 122.568 114.421 106.057 97.477 88.462 78.398 71.984 70.459 68.873 67.226 65.519 63.752 61.924 60.036 58.088 56.079 54.010 51.880 48.782 45.029 41.363 37.784 34.292 30.886 27.567 24.334 21.188 18.129 15.157 12.271
8.647 7.845 13.798 21.784 30.157 38.917 48.063 57.595 67.513 77.818 88.509 99.587 111.051 122.902 124.156 123.693 123.096 122.367 121.504 120.507 119.378 117.888 116.061 114.129 112.091 109.948 115.669 121.673 127.767 133.949 140.222 146.583 153.034 159.574 166.204 172.923 179.731 184.683 176.485 164.985 153.798 142.923 132.361 122.112 112.175 102.550 93.238 84.239 75.552 69.067 67.275 65.423 63.510 61.537 59.504 57.410 55.256 53.042 50.767 48.432 46.037 43.151 39.780 36.495 33.297 30.186 27.161 24.223 21.372 18.607 15.929 13.338 10.833
10.299 9.495 15.236 24.562 34.275 44.373 54.857 65.728 76.985 88.628 100.657 113.072 125.873 139.060 141.920 140.992 139.932 138.738 137.411 135.950 134.356 132.400 130.105 127.704 125.198 122.586 127.563 133.961 140.449 146.863 150.185 153.389 156.475 159.443 162.293 165.025 167.639 169.985 159.550 149.427 139.617 130.119 120.934 112.061 103.500 95.252 87.316 79.693 72.382 66.217 64.159 62.041 59.862 57.623 55.324 52.965 50.545 48.065 45.524 42.923 40.262 37.439 34.449 31.545 28.729 25.999 23.355 20.798 18.328 15.944 13.646 11.436 9.312
11.950 11.143 16.309 26.974 38.024 49.461 61.283 73.492 86.086 99.066 112.431 126.183 140.320 154.844 159.784 158.392 156.868 155.210 153.419 151.494 149.437 143.834 138.057 132.333 126.661 121.042 121.878 125.036 128.077 130.999 133.804 136.491 139.060 141.511 143.844 146.059 148.156 150.136 142.299 133.553 125.119 116.997 109.188 101.690 94.505 87.632 81.071 74.823 68.886 63.435 61.111 58.727 56.282 53.778 51.213 48.587 45.902 43.156 40.350 37.483 34.556 31.646 29.037 26.514 24.079 21.729 19.466 17.290 15.200 13.197 11.281 9.450 7.707
13.599 12.790 17.017 29.020 41.408 54.181 67.341 80.886 94.816 109.132 123.834 138.922 154.395 170.253 173.309 166.904 160.566 154.295 148.089 141.950 135.877 130.072 124.527 119.035 113.594 108.207 107.715 110.357 112.880 115.285 117.573 119.743 121.795 123.729 125.545 127.244 128.824 130.287 124.732 117.361 110.303 103.557 97.122 91.000 85.189 79.691 74.504 69.630 65.067 60.817 58.130 55.480 52.770 50.000 47.169 44.278 41.327 38.316 35.244 32.112 28.920 25.772 23.544 21.402 19.347 17.378 15.496 13.700 11.991 10.368 8.832 7.382 6.019
15.247 14.436 17.360 30.700 44.424 58.535 73.030 85.774 98.085 109.997 121.509 132.621 143.334 153.648 157.897 151.723 145.614 139.572 133.596 127.687 121.843 116.269 110.956 105.695 100.486 95.329 93.701 95.825 97.831 99.720 101.491 103.144 104.679 106.097 107.397 108.579 109.643 110.590 106.850 100.854 95.170 89.798 84.738 79.989 75.553 71.428 67.615 64.114 60.924 58.047 55.216 52.301 49.325 46.289 43.193 40.037 36.821 33.544 30.207 26.810 23.352 19.835 17.970 16.208 14.534 12.945 11.444 10.028 8.699 7.456 6.300 5.230 4.247
16.810 15.886 16.846 29.778 42.310 54.443 66.177 77.512 88.447 98.982 109.119 118.856 128.193 137.132 142.445 136.500 130.621 124.809 119.062 113.382 107.768 102.425 97.342 92.313 87.335 82.410 79.834 81.441 82.931 84.303 85.558 86.694 87.714 88.615 89.399 90.065 90.613 91.044 88.653 84.031 79.721 75.722 72.035 68.660 65.596 62.844 60.404 58.275 56.458 54.952 52.370 49.189 45.948 42.647 39.286 35.864 32.382 28.840 25.238 21.576 17.854 14.071 12.315 10.934 9.639 8.431 7.309 6.274 5.325 4.462 3.686 2.996 2.392
17.906 16.872 15.842 27.397 38.553 49.310 59.668 69.626 79.186 88.346 97.108 105.470 113.434 120.998 126.952 121.237 115.587 110.004 104.487 99.036 93.651 88.538 83.687 78.889 74.142 69.449 66.114 67.205 68.179 69.035 69.773 70.394 70.897 71.283 71.550 71.701 71.733 71.648 70.141 66.892 63.954 61.329 59.014 57.011 55.320 53.940 52.871 52.114 51.668 51.534 49.591 46.145 42.639 39.072 35.446 31.759 28.012 24.205 20.338 16.411 12.423 8.376 6.579 5.578 4.663 3.835 3.093 2.437 1.868 1.496 1.413 1.335 1.263
19.030 17.887 16.713 25.389 35.169 44.551 53.533 62.117 70.302 78.088 85.476 92.464 99.054 105.245 111.037 105.933 100.513 95.159 89.871 84.649 79.493 74.610 69.990 65.423 60.908 56.445 52.541 53.117 53.574 53.914 54.137 54.242 54.229 54.099 53.852 53.486 53.004 52.403 51.314 49.437 47.872 46.618 45.675 45.044 44.723 44.714 45.017 45.630 46.555 47.791 46.879 43.168 39.396 35.565 31.673 27.722 23.710 19.638 15.506 11.314 7.192 3.555 2.203 2.106 2.015 1.929 1.848 1.773 1.703 1.638 1.579 1.525 1.476
20.183 18.931 17.647 23.753 32.159 40.166 47.774 54.984 61.795 68.208 74.222 79.838 85.055 89.873 94.293 90.588 85.397 80.272 75.214 70.221 65.294 60.641 56.252 51.915 47.631 43.399 39.219 39.175 39.117 38.942 38.649 38.239 37.711 37.065 36.302 35.422 34.424 33.309 32.172 31.667 31.473 31.590 32.018 32.757 33.807 35.169 36.841 38.825 41.120 43.725 44.234 40.295 36.630 32.970 29.317 25.669 22.028 18.392 14.762 11.138 7.520 3.907 2.176 2.103 2.035 1.972 1.915 1.863 1.817 1.776 1.740 1.709 1.684
21.364 20.003 18.611 22.490 29.522 36.155 42.390 48.227 53.665 58.705 63.347 67.590 71.435 74.882 77.931 75.203 70.241 65.345 60.515 55.751 51.053 46.629 42.471 38.365 34.312 30.310 26.361 25.381 24.808 24.117 23.309 22.384 21.341 20.180 18.902 17.507 15.994 14.364 12.716 13.581 14.758 16.245 18.082 21.613 25.119 28.601 32.058 35.490 38.898 42.281 44.041 40.395 36.754 33.120 29.491 25.868 22.251 18.640 15.035 11.436 7.842 4.255 2.144 2.094 2.050 2.010 1.977 1.948 1.925 1.907 1.895 1.888 1.886
22.573 21.104 19.602 21.599 27.257 32.518 37.380 41.844 45.911 49.579 52.849 55.721 58.195 60.271 61.949 59.776 55.043 50.376 45.775 41.239 36.770 32.576 28.649 24.774 20.950 17.180 13.461 11.734 10.646 9.440 8.117 6.677 5.119 3.444 3.537 3.756 3.989 4.235 4.495 7.750 11.247 14.720 18.168 21.592 24.991 28.365 31.715 35.040 38.341 41.617 44.111 40.489 36.874 33.264 29.660 26.062 22.470 18.883 15.303 11.728 8.159 4.596 2.106 2.080 2.059 2.043 2.033 2.028 2.028 2.033 2.044 2.061 2.082
23.811 22.233 20.623 21.079 25.365 29.253 32.744 35.837 38.532 40.829 42.729 44.230 45.334 46.040 46.348 44.309 39.805 35.366 30.993 26.687 22.446 18.481 14.784 11.140 7.547 5.320 3.319 2.628 2.812 3.010 3.221 3.446 3.684 3.936 4.201 4.480 4.772 5.078 5.398 8.183 11.573 14.939 18.280 21.596 24.888 28.156 31.398 34.617 37.810 40.979 44.124 40.578 36.987 33.402 29.823 26.250 22.682 19.120 15.565 12.015 8.470 4.932 2.063 2.060 2.062 2.070 2.083 2.102 2.125 2.154 2.189 2.228 2.273
25.078 23.390 21.672 20.930 23.845 26.362 28.482 30.204 31.529 32.456 32.985 33.117 32.851 32.188 31.127 28.801 24.525 21.713 19.646 17.599 15.574 13.565 11.570 9.591 7.628 5.683 3.754 2.860 3.104 3.361 3.632 3.916 4.214 4.525 4.850 5.188 5.540 5.905 6.284 8.641 11.924 15.183 18.417 21.626 24.811 27.972 31.107 34.219 37.305 40.368 43.405 40.662 37.095 33.535 29.980 26.432 22.889 19.352 15.821 12.296 8.776 5.263 2.014 2.035 2.061 2.092 2.128 2.170 2.217 2.270 2.327 2.390 2.459
26.373 24.577 22.749 21.152 22.696 23.843 24.593 24.945 24.900 24.458 24.409 24.680 24.973 25.290 25.630 25.535 23.498 21.482 19.486 17.511 15.557 13.620 11.697 9.790 7.900 6.027 4.170 3.076 3.380 3.696 4.026 4.370 4.728 5.098 5.483 5.881 6.292 6.717 7.155 9.124 12.301 15.452 18.579 21.682 24.760 27.813 30.842 33.847 36.826 39.782 42.712 40.740 37.198 33.662 30.132 26.608 23.090 19.578 16.071 12.571 9.076 5.587 2.104 2.004 2.054 2.108 2.168 2.233 2.304 2.379 2.461 2.547 2.639
27.696 25.791 23.855 21.649 21.686 21.898 22.133 22.391 22.672 22.977 23.304 23.655 24.028 24.425 24.845 25.143 23.177 21.232 19.308 17.405 15.522 13.657 11.806 9.972 8.154 6.352 4.568 3.277 3.640 4.016 4.406 4.809 5.226 5.656 6.100 6.557 7.028 7.513 8.011 9.633 12.703 15.747 18.767 21.763 24.734 27.681 30.603 33.500 36.373 39.222 42.045 40.812 37.295 33.784 30.279 26.780 23.286 19.798 16.317 12.841 9.370 5.906 2.448 1.969 2.041 2.119 2.202 2.291 2.385 2.484 2.588 2.698 2.813
27.269 24.956 22.637 20.314 20.082 20.373 20.688 21.026 21.387 21.772 22.179 22.609 23.063 23.539 24.039 24.562 22.838 20.964 19.112 17.280 15.469 13.675 11.897 10.134 8.389 6.660 4.947 3.463 3.885 4.321 4.770 5.233 5.709 6.199 6.702 7.219 7.749 8.293 8.850 10.167 13.130 16.068 18.981 21.870 24.734 27.574 30.389 33.180 35.946 38.687 41.405 40.879 37.387 33.900 30.420 26.945 23.476 20.013 16.556 13.105 9.659 6.220 2.786 1.927 2.023 2.125 2.231 2.343 2.460 2.583 2.711 2.844 2.982
25.996 23.665 21.328 18.986 18.457 18.829 19.224 19.642 20.083 20.547 21.034 21.544 22.077 22.634 23.213 23.816 22.481 20.679 18.897 17.137 15.397 13.675 11.969 10.279 8.605 6.948 5.308 3.684 4.115 4.610 5.119 5.641 6.176 6.726 7.288 7.864 8.454 9.057 9.674 10.727 13.582 16.413 19.220 22.002 24.759 27.492 30.201 32.885 35.544 38.179 40.790 40.940 37.473 34.011 30.555 27.105 23.661 20.222 16.790 13.363 9.942 6.527 3.118 1.881 2.000 2.130 2.286 2.458 2.643 2.844 3.059 3.288 3.533
24.730 22.381 20.026 17.665 16.813 17.265 17.739 18.237 18.758 19.302 19.869 20.459 21.072 21.708 22.367 23.049 22.105 20.375 18.665 16.976 15.307 13.657 12.023 10.405 8.803 7.219 5.650 4.098 4.329 4.884 5.452 6.033 6.628 7.237 7.859 8.494 9.144 9.806 10.482 11.311 14.060 16.784 19.484 22.159 24.810 27.436 30.038 32.616 35.168 37.697 40.201 40.996 37.553 34.116 30.685 27.260 23.807 20.201 16.675 13.231 9.867 6.584 3.382 1.906 2.097 2.303 2.523 2.759 3.009 3.273 3.553 3.846 4.155
23.472 21.103 18.730 16.351 15.149 15.681 16.235 16.813 17.413 18.037 18.684 19.353 20.046 20.762 21.501 22.263 21.712 20.053 18.414 16.796 15.199 13.621 12.058 10.513 8.983 7.470 5.974 4.494 4.528 5.142 5.769 6.410 7.065 7.733 8.414 9.109 9.817 10.539 11.275 12.023 14.563 17.181 19.774 22.343 24.887 27.406 29.901 32.364 34.432 36.437 38.378 39.330 35.673 32.097 28.601 25.187 21.853 18.600 15.428 12.336 9.326 6.396 3.547 1.935 2.190 2.461 2.745 3.045 3.359 3.688 4.031 4.389 4.762
22.219 19.833 17.441 15.044 13.466 14.077 14.711 15.368 16.049 16.752 17.478 18.228 19.000 19.796 20.614 21.456 21.301 19.712 18.145 16.599 15.073 13.566 12.076 10.602 9.144 7.704 6.279 4.871 4.712 5.385 6.072 6.772 7.486 8.213 8.954 9.708 10.476 11.257 12.051 12.679 14.673 16.908 19.080 21.188 23.232 25.213 27.131 28.985 30.776 32.503 34.166 35.528 32.225 29.002 25.860 22.798 19.818 16.918 14.099 11.360 8.703 6.126 3.630 1.949 2.269 2.603 2.952 3.316 3.694 4.087 4.495 4.917 5.353
20.974 18.569 16.159 13.744 11.762 12.453 13.167 13.904 14.664 15.447 16.253 17.082 17.934 18.810 19.708 20.629 20.871 19.354 17.858 16.383 14.928 13.493 12.075 10.673 9.287 7.919 6.566 5.230 4.880 5.613 6.365 7.092 7.787 8.450 9.081 9.680 10.247 10.782 11.285 11.757 13.305 15.262 17.157 18.987 20.755 22.459 24.099 25.676 27.190 28.640 30.026 31.350 28.696 25.827 23.038 20.329 17.702 15.155 12.689 10.304 7.999 5.775 3.632 1.949 2.333 2.731 3.144 3.572 4.014 4.471 4.943 5.429 5.930
19.736 17.313 14.884 12.451 10.039 10.810 11.604 12.420 13.260 14.123 15.008 15.917 16.849 17.803 18.781 19.782 20.424 18.978 17.553 16.149 14.765 13.474 12.220 10.972 9.728 8.489 7.256 6.027 5.468 6.118 6.737 7.324 7.879 8.402 8.894 9.353 9.780 10.175 10.539 10.870 12.006 13.686 15.303 16.857 18.347 19.774 21.137 22.437 23.674 24.847 25.957 27.003 25.088 22.571 20.135 17.780 15.505 13.311 11.198 9.165 7.214 5.342 3.552 1.934 2.382 2.844 3.321 3.813 4.319 4.840 5.376 5.926 6.491
