DATA/SHG/ECMWF/20170628/EN-17/20170708.en-17.asc
ncols        190
nrows        64
xllcorner    -5100000.000000000000
yllcorner    4130000.000000000000
cellsize     10000.000000000000
NODATA_value  -99999.000
[rows 0 to 32 of 64, columns 74 to 147 of 190]
8.158 8.489 8.824 9.163 9.507 9.854 10.205 10.336 9.872 9.369 8.871 8.380 7.894 7.415 6.941 6.473 6.011 5.556 5.105 4.790 4.900 5.008 5.118 5.231 5.347 5.466 5.587 5.712 5.839 5.969 6.101 6.248 6.444 6.657 6.889 7.139 7.407 7.693 7.998 8.320 8.661 9.020 9.397 9.759 10.005 10.222 10.409 10.566 10.694 10.792 10.861 10.900 10.909 10.889 10.838 10.655 10.145 9.620 9.082 8.529 7.961 7.379 6.783 6.172 5.548 4.908 4.255 3.758 3.738 3.720 3.704 3.690 3.678 3.668
9.103 9.326 9.527 9.742 9.970 10.210 10.465 10.597 10.108 9.625 9.149 8.678 8.213 7.753 7.300 6.853 6.412 5.976 5.546 5.180 5.303 5.423 5.546 5.672 5.800 5.931 6.065 6.202 6.342 6.485 6.630 6.791 7.068 7.363 7.676 8.007 8.356 8.724 9.109 9.513 9.935 10.375 10.833 11.265 11.378 11.463 11.517 11.542 11.537 11.503 11.439 11.345 11.222 11.069 10.887 10.628 10.053 9.465 8.862 8.244 7.613 6.967 6.307 5.632 4.943 4.239 3.522 2.900 2.889 2.880 2.873 2.867 2.864 2.863
8.926 9.160 9.408 9.669 9.943 10.230 10.531 10.807 10.339 9.876 9.420 8.970 8.525 8.086 7.654 7.227 6.806 6.391 5.981 5.578 5.702 5.835 5.970 6.108 6.249 6.393 6.540 6.689 6.841 6.997 7.154 7.315 7.671 8.047 8.441 8.854 9.284 9.733 10.199 10.684 11.187 11.708 12.247 12.800 12.781 12.733 12.655 12.547 12.410 12.244 12.047 11.821 11.566 11.281 10.966 10.615 9.977 9.324 8.657 7.976 7.280 6.570 5.845 5.107 4.354 3.586 2.804 2.096 2.208 2.326 2.448 2.575 2.707 2.843
8.701 8.982 9.276 9.583 9.904 10.237 10.584 10.944 10.564 10.122 9.686 9.256 8.832 8.414 8.001 7.595 7.194 6.799 6.411 6.028 6.098 6.243 6.391 6.541 6.695 6.851 7.010 7.172 7.337 7.505 7.675 7.848 8.254 8.711 9.186 9.680 10.191 10.720 11.268 11.834 12.418 13.020 13.640 14.278 14.213 14.033 13.822 13.583 13.313 13.014 12.686 12.328 11.940 11.523 11.076 10.600 9.916 9.199 8.456 7.711 6.981 6.267 5.568 4.885 4.217 3.564 2.927 2.305 2.387 2.525 2.669 2.817 2.970 3.127
8.464 8.791 9.132 9.485 9.852 10.232 10.625 11.032 10.783 10.362 9.946 9.537 9.133 8.735 8.343 7.957 7.577 7.203 6.834 6.472 6.489 6.647 6.807 6.971 7.137 7.305 7.477 7.652 7.829 8.009 8.192 8.377 8.816 9.354 9.910 10.484 11.077 11.687 12.316 12.962 13.627 14.310 15.011 15.730 15.675 15.362 15.020 14.648 14.246 13.720 13.113 12.511 11.915 11.324 10.738 10.157 9.465 8.758 8.066 7.389 6.728 6.082 5.452 4.837 4.237 3.653 3.084 2.531 2.560 2.720 2.884 3.053 3.227 3.406
8.215 8.588 8.975 9.375 9.788 10.215 10.654 11.107 10.997 10.596 10.201 9.811 9.428 9.051 8.679 8.314 7.954 7.600 7.252 6.910 6.877 7.047 7.220 7.396 7.574 7.756 7.940 8.127 8.317 8.509 8.705 8.903 9.357 9.976 10.613 11.268 11.941 12.633 13.342 14.070 14.686 15.207 15.712 16.200 15.963 15.353 14.749 14.150 13.556 12.967 12.384 11.805 11.232 10.664 10.101 9.544 8.923 8.284 7.660 7.052 6.460 5.882 5.320 4.774 4.243 3.727 3.226 2.741 2.728 2.909 3.095 3.285 3.480 3.680
7.953 8.373 8.806 9.253 9.712 10.185 10.671 11.170 11.205 10.824 10.450 10.081 9.718 9.361 9.010 8.664 8.325 7.991 7.664 7.342 7.261 7.444 7.629 7.817 8.009 8.202 8.399 8.598 8.801 9.006 9.214 9.386 9.750 10.328 10.890 11.435 11.965 12.478 12.975 13.457 13.922 14.371 14.803 15.220 15.091 14.504 13.923 13.347 12.776 12.211 11.650 11.095 10.545 10.000 9.460 8.926 8.365 7.795 7.240 6.700 6.176 5.667 5.174 4.695 4.233 3.785 3.353 2.936 2.891 3.093 3.300 3.512 3.728 3.949
7.680 8.146 8.626 9.118 9.624 10.143 10.675 11.220 11.407 11.047 10.693 10.344 10.002 9.665 9.334 9.009 8.690 8.377 8.070 7.768 7.641 7.837 8.116 8.400 8.648 8.860 9.038 9.180 9.286 9.358 9.394 9.395 9.577 10.083 10.573 11.047 11.505 11.947 12.372 12.782 13.175 13.553 13.914 14.259 14.215 13.651 13.093 12.540 11.992 11.450 10.912 10.380 9.853 9.331 8.815 8.303 7.793 7.291 6.804 6.333 5.877 5.437 5.011 4.602 4.207 3.828 3.464 3.116 3.050 3.273 3.500 3.733 3.970 4.212
7.395 7.907 8.433 8.972 9.523 10.089 10.667 11.258 11.604 11.264 10.930 10.602 10.280 9.964 9.675 9.495 9.356 9.257 9.198 9.180 9.227 9.423 9.584 9.709 9.799 9.854 9.874 9.858 9.807 9.721 9.600 9.443 9.422 9.856 10.275 10.677 11.063 11.433 11.787 12.125 12.447 12.753 13.042 13.316 13.334 12.794 12.259 11.729 11.204 10.685 10.170 9.661 9.157 8.658 8.165 7.676 7.206 6.772 6.354 5.951 5.563 5.191 4.834 4.492 4.166 3.855 3.560 3.280 3.203 3.447 3.696 3.949 4.208 4.471
7.097 7.656 8.228 8.813 9.411 10.022 10.646 11.285 11.794 11.513 11.272 11.072 10.912 10.792 10.713 10.674 10.675 10.716 10.798 10.920 11.047 11.086 11.089 11.056 10.989 10.886 10.748 10.575 10.366 10.123 9.844 9.529 9.284 9.647 9.994 10.325 10.639 10.938 11.220 11.487 11.737 11.971 12.189 12.391 12.450 11.932 11.420 10.914 10.412 9.915 9.424 8.938 8.457 7.981 7.511 7.045 6.604 6.238 5.888 5.554 5.234 4.930 4.641 4.368 4.110 3.867 3.640 3.428 3.351 3.616 3.886 4.161 4.440 4.724
6.823 7.492 8.153 8.806 9.452 10.091 10.722 11.345 11.951 11.811 11.710 11.651 11.631 11.652 11.713 11.814 11.956 12.137 12.359 12.621 12.896 12.786 12.631 12.441 12.216 11.956 11.660 11.330 10.964 10.563 10.126 9.655 9.165 9.456 9.731 9.990 10.233 10.460 10.671 10.866 11.045 11.208 11.355 11.485 11.561 11.067 10.578 10.094 9.615 9.142 8.674 8.210 7.752 7.300 6.852 6.410 5.987 5.689 5.408 5.141 4.890 4.654 4.434 4.228 4.038 3.864 3.705 3.561 3.495 3.781 4.072 4.367 4.668 4.973
7.074 7.716 8.351 8.978 9.598 10.210 10.814 11.411 12.000 12.071 12.111 12.192 12.313 12.474 12.675 12.916 13.198 13.520 13.882 14.284 14.700 14.523 14.211 13.864 13.481 13.064 12.611 12.123 11.600 11.041 10.448 9.819 9.155 9.283 9.486 9.674 9.846 10.001 10.141 10.264 10.372 10.463 10.538 10.598 10.641 10.197 9.731 9.270 8.814 8.364 7.919 7.479 7.044 6.614 6.189 5.770 5.356 5.126 4.912 4.714 4.531 4.363 4.211 4.073 3.952 3.845 3.754 3.687 3.658 4.127 4.718 5.432 6.267 7.224
7.331 7.947 8.556 9.157 9.750 10.336 10.914 11.484 12.047 12.294 12.475 12.696 12.957 13.258 13.599 13.981 14.403 14.865 15.367 15.909 16.465 16.298 15.829 15.324 14.784 14.209 13.599 12.954 12.274 11.558 10.807 10.021 9.200 9.127 9.259 9.375 9.476 9.560 9.628 9.680 9.716 9.736 9.740 9.728 9.700 9.323 8.880 8.442 8.009 7.582 7.160 6.742 6.331 5.924 5.522 5.126 4.734 4.547 4.433 4.360 4.294 4.232 4.175 4.124 4.078 4.037 4.001 3.970 3.945 4.890 6.023 7.278 8.655 10.154
7.596 8.185 8.767 9.342 9.909 10.468 11.020 11.564 12.100 12.480 12.801 13.162 13.563 14.004 14.486 15.007 15.569 16.171 16.813 17.495 18.192 18.110 17.484 16.822 16.125 15.393 14.626 13.823 12.986 12.113 11.206 10.263 9.285 8.989 9.050 9.095 9.124 9.136 9.133 9.114 9.079 9.028 8.960 8.877 8.778 8.444 8.024 7.610 7.200 6.857 6.574 6.282 5.981 5.670 5.350 5.021 4.683 4.557 4.503 4.454 4.410 4.371 4.338 4.309 4.286 4.268 4.255 4.248 4.245 5.529 7.204 9.001 10.919 12.959
7.867 8.430 8.985 9.534 10.074 10.607 11.132 11.650 12.161 12.629 13.090 13.591 14.132 14.713 15.334 15.996 16.697 17.439 18.221 19.043 19.881 19.960 19.176 18.357 17.503 16.614 15.690 14.731 13.736 12.707 11.642 10.543 9.408 8.869 8.858 8.832 8.789 8.731 8.657 8.566 8.510 8.508 8.517 8.539 8.573 8.424 8.136 7.840 7.534 7.219 6.895 6.562 6.220 5.868 5.507 5.137 4.757 4.600 4.569 4.542 4.521 4.506 4.495 4.490 4.489 4.494 4.504 4.519 4.540 6.047 8.263 10.600 13.060 15.641
8.144 8.681 9.210 9.732 10.246 10.753 11.252 11.743 12.227 12.740 13.341 13.982 14.663 15.384 16.145 16.947 17.788 18.669 19.591 20.553 21.531 21.847 20.906 19.930 18.919 17.873 16.792 15.676 14.525 13.339 12.117 10.831 9.531 8.765 8.732 8.711 8.703 8.706 8.721 8.748 8.787 8.838 8.900 8.975 9.062 8.960 8.631 8.294 7.947 7.591 7.226 6.851 6.468 6.075 5.673 5.262 4.841 4.637 4.628 4.625 4.627 4.634 4.647 4.664 4.687 4.715 4.748 4.786 4.829 6.442 9.198 12.077 15.077 18.198
8.428 8.938 9.442 9.937 10.425 10.905 11.378 11.843 12.301 12.815 13.555 14.336 15.157 16.018 16.919 17.860 18.841 19.862 20.923 22.024 23.142 23.771 22.477 21.046 19.644 18.271 16.927 15.611 14.324 13.066 11.837 10.637 9.465 8.656 8.677 8.709 8.753 8.810 8.878 8.958 9.050 9.154 9.270 9.398 9.538 9.505 9.135 8.756 8.369 7.971 7.565 7.150 6.725 6.291 5.848 5.396 4.934 4.668 4.683 4.703 4.728 4.758 4.793 4.833 4.879 4.930 4.985 5.046 5.113 6.715 10.012 13.430 16.971 20.632
8.718 9.203 9.679 10.149 10.610 11.064 11.511 11.950 12.381 12.852 13.733 14.653 15.613 16.614 17.633 18.395 19.137 19.860 20.562 21.245 21.937 22.432 21.101 19.798 18.524 17.279 16.063 14.875 13.716 12.586 11.484 10.412 9.368 8.535 8.608 8.694 8.791 8.901 9.022 9.155 9.301 9.458 9.627 9.808 10.001 10.059 9.648 9.228 8.799 8.361 7.914 7.457 6.992 6.517 6.033 5.539 5.037 4.695 4.732 4.775 4.823 4.876 4.934 4.997 5.065 5.139 5.218 5.302 5.391 6.866 10.703 14.661 18.741 22.943
9.015 9.474 9.924 10.367 10.802 11.230 11.651 12.039 12.309 12.575 13.355 14.127 14.880 15.613 16.326 17.020 17.694 18.348 18.983 19.598 20.221 20.855 19.695 18.520 17.374 16.257 15.168 14.108 13.077 12.074 11.101 10.155 9.239 8.400 8.527 8.665 8.816 8.979 9.153 9.339 9.538 9.748 9.970 10.204 10.450 10.622 10.170 9.710 9.240 8.760 8.272 7.775 7.268 6.752 6.227 5.693 5.149 4.716 4.776 4.841 4.912 4.988 5.069 5.155 5.247 5.343 5.445 5.551 5.663 6.895 11.271 15.769 20.389 25.129
9.276 9.556 9.833 10.107 10.377 10.645 10.910 11.172 11.431 11.687 12.339 13.043 13.728 14.393 15.038 15.664 16.270 16.857 17.424 17.971 18.526 19.090 18.259 17.212 16.194 15.204 14.243 13.311 12.407 11.532 10.686 9.868 9.080 8.319 8.432 8.624 8.828 9.043 9.271 9.510 9.762 10.025 10.300 10.587 10.886 11.194 10.702 10.200 9.689 9.169 8.639 8.101 7.553 6.996 6.430 5.855 5.271 4.731 4.814 4.903 4.996 5.095 5.199 5.308 5.422 5.542 5.666 5.796 5.930 6.802 11.718 16.755 21.913 27.193
8.483 8.753 9.019 9.283 9.544 9.802 10.057 10.309 10.558 10.804 11.342 11.978 12.595 13.192 13.770 14.327 14.866 15.384 15.884 16.363 16.850 17.346 16.793 15.874 14.983 14.121 13.287 12.482 11.706 10.959 10.240 9.550 8.889 8.256 8.325 8.570 8.827 9.095 9.376 9.668 9.972 10.289 10.617 10.957 11.309 11.673 11.242 10.699 10.147 9.586 9.016 8.437 7.848 7.250 6.643 6.027 5.402 4.767 4.847 4.959 5.075 5.197 5.324 5.455 5.592 5.735 5.882 6.034 6.258 6.771 12.071 17.260 22.338 27.304
7.694 7.953 8.210 8.464 8.714 8.962 9.207 9.449 9.688 9.924 10.364 10.932 11.481 12.011 12.520 13.010 13.481 13.932 14.363 14.775 15.193 15.621 15.297 14.505 13.742 13.007 12.301 11.624 10.975 10.355 9.764 9.201 8.667 8.162 8.205 8.503 8.812 9.134 9.467 9.813 10.170 10.539 10.920 11.313 11.718 12.135 11.792 11.208 10.615 10.013 9.402 8.782 8.152 7.513 6.865 6.208 5.542 4.867 4.875 5.151 5.610 6.031 6.413 6.758 7.066 7.335 7.566 7.760 7.916 8.034 12.526 17.223 21.808 26.281
6.908 7.158 7.404 7.648 7.889 8.126 8.361 8.593 8.822 9.048 9.405 9.906 10.387 10.849 11.290 11.713 12.115 12.499 12.862 13.206 13.556 13.915 13.771 13.106 12.470 11.863 11.284 10.734 10.213 9.720 9.256 8.821 8.414 8.036 8.072 8.422 8.785 9.160 9.546 9.944 10.354 10.777 11.210 11.656 12.114 12.584 12.350 11.726 11.092 10.449 9.817 9.270 8.808 8.430 8.136 7.927 7.801 7.760 8.029 8.357 8.648 8.900 9.115 9.292 9.431 9.533 9.596 9.622 9.609 9.559 13.090 17.294 21.387 25.369
6.126 6.366 6.602 6.836 7.067 7.294 7.519 7.741 7.960 8.176 8.466 8.899 9.312 9.706 10.080 10.434 10.769 11.085 11.381 11.657 11.939 12.230 12.215 11.677 11.169 10.689 10.237 9.815 9.420 9.055 8.718 8.410 8.130 7.879 7.926 8.329 8.745 9.172 9.612 10.063 10.526 10.962 11.326 11.674 12.004 12.318 12.153 11.643 11.218 10.876 10.619 10.445 10.356 10.351 10.430 10.593 10.840 11.172 11.437 11.598 11.720 11.805 11.852 11.861 11.832 11.765 11.661 11.519 11.339 11.121 13.762 17.475 21.077 24.567
5.348 5.578 5.804 6.028 6.248 6.466 6.681 6.892 7.101 7.307 7.545 7.910 8.256 8.582 8.888 9.175 9.443 9.690 9.919 10.127 10.341 10.564 10.628 10.218 9.837 9.484 9.160 8.864 8.597 8.359 8.149 7.968 7.831 7.719 7.771 8.180 8.572 8.947 9.304 9.645 9.968 10.274 10.562 10.834 11.088 11.325 11.375 11.238 11.185 11.216 11.332 11.531 11.814 12.182 12.633 13.169 13.788 14.492 14.880 14.873 14.827 14.744 14.623 14.464 14.268 14.033 13.761 13.451 13.103 12.718 14.543 17.765 20.875 23.874
4.574 4.793 5.010 5.223 5.434 5.641 5.846 6.048 6.247 6.443 6.644 6.941 7.219 7.478 7.716 7.936 8.135 8.315 8.476 8.617 8.763 8.917 9.012 8.815 8.753 8.680 8.596 8.501 8.396 8.279 8.152 8.013 7.864 7.704 7.636 7.969 8.284 8.583 8.864 9.128 9.375 9.605 9.818 10.013 10.191 10.352 10.509 10.744 11.064 11.468 11.956 12.527 13.183 13.923 14.747 15.654 16.646 17.722 18.357 18.182 17.969 17.718 17.429 17.102 16.738 16.336 15.896 15.419 14.904 14.351 15.433 18.164 20.783 23.291
3.803 4.013 4.219 4.422 4.623 4.821 5.015 5.207 5.396 5.582 5.765 5.991 6.201 6.392 6.563 6.737 7.060 7.403 7.766 8.148 8.547 8.957 9.383 9.296 9.186 9.064 8.932 8.789 8.635 8.470 8.294 8.107 7.910 7.701 7.519 7.776 8.016 8.238 8.443 8.631 8.802 8.956 9.092 9.211 9.314 9.398 9.555 10.163 10.855 11.631 12.491 13.435 14.463 15.574 16.770 18.050 19.413 20.861 21.869 21.525 21.145 20.726 20.270 19.776 19.244 18.674 18.067 17.422 16.740 16.019 16.431 18.671 20.800 22.818
3.036 3.236 3.432 3.625 3.816 4.004 4.188 4.370 4.566 4.816 5.056 5.340 5.652 5.985 6.337 6.709 7.101 7.513 7.945 8.397 8.865 9.345 9.841 9.790 9.631 9.461 9.280 9.089 8.886 8.673 8.448 8.213 7.967 7.710 7.442 7.602 7.766 7.912 8.041 8.153 8.248 8.326 8.386 8.429 8.455 8.464 8.513 9.493 10.557 11.705 12.937 14.253 15.653 17.136 18.704 20.355 22.090 23.909 25.414 24.903 24.355 23.769 23.145 22.484 21.784 21.048 20.273 19.461 18.611 17.723 17.538 19.287 20.926 22.454
2.273 2.493 2.779 3.055 3.320 3.576 3.822 4.058 4.283 4.499 4.704 5.017 5.399 5.800 6.222 6.663 7.124 7.606 8.107 8.627 9.164 9.715 10.281 10.295 10.087 9.869 9.640 9.400 9.149 8.887 8.614 8.331 8.036 7.731 7.415 7.447 7.535 7.605 7.658 7.694 7.713 7.715 7.699 7.666 7.617 7.550 7.465 8.736 10.172 11.691 13.295 14.982 16.754 18.609 20.548 22.570 24.677 26.867 28.994 28.316 27.600 26.846 26.055 25.226 24.360 23.456 22.514 21.534 20.517 19.462 18.753 20.012 21.161 22.199
2.203 2.464 2.715 2.956 3.187 3.408 3.619 3.820 4.011 4.191 4.362 4.677 5.127 5.598 6.089 6.599 7.130 7.680 8.250 8.839 9.446 10.066 10.702 10.811 10.555 10.289 10.011 9.723 9.424 9.113 8.792 8.460 8.118 7.764 7.400 7.311 7.323 7.317 7.294 7.254 7.197 7.123 7.031 6.923 6.797 6.654 6.494 7.890 9.698 11.589 13.564 15.623 17.765 19.992 22.302 24.696 27.173 29.734 32.380 31.762 30.879 29.959 29.000 28.004 26.970 25.899 24.790 23.644 22.459 21.237 19.953 20.473 20.981 21.478
2.217 2.443 2.660 2.866 3.062 3.249 3.425 3.591 3.747 3.893 4.030 4.318 4.838 5.378 5.938 6.517 7.117 7.736 8.375 9.033 9.709 10.399 11.105 11.339 11.035 10.720 10.394 10.058 9.710 9.352 8.982 8.602 8.211 7.809 7.396 7.194 7.130 7.048 6.949 6.833 6.700 6.550 6.383 6.199 5.997 5.778 5.542 6.957 9.136 11.398 13.745 16.175 18.688 21.285 23.966 26.731 29.579 32.512 35.527 35.243 34.193 32.943 31.359 29.774 28.186 26.596 25.004 23.411 21.815 20.217 18.617 18.952 19.409 19.854
2.241 2.433 2.614 2.786 2.947 3.099 3.240 3.372 3.494 3.605 3.707 3.942 4.531 5.140 5.769 6.417 7.085 7.774 8.481 9.209 9.954 10.714 11.489 11.879 11.527 11.163 10.789 10.404 10.008 9.601 9.184 8.755 8.316 7.866 7.405 7.096 6.955 6.798 6.623 6.432 6.223 5.997 5.754 5.493 5.216 4.922 4.610 5.936 8.486 11.120 13.837 16.638 19.503 22.310 25.053 27.730 30.344 32.892 35.376 34.973 33.384 31.793 30.200 28.605 27.008 25.409 23.808 22.205 20.599 18.992 17.383 17.443 17.849 18.243
2.274 2.431 2.578 2.715 2.842 2.959 3.066 3.162 3.249 3.326 3.393 3.549 4.206 4.884 5.582 6.299 7.036 7.793 8.570 9.367 10.181 11.010 11.855 12.431 12.030 11.618 11.196 10.762 10.318 9.863 9.397 8.921 8.433 7.935 7.425 7.016 6.800 6.567 6.316 6.049 5.764 5.462 5.144 4.879 4.826 4.799 4.799 6.169 9.014 11.795 14.511 17.162 19.749 22.271 24.728 27.121 29.449 31.713 33.912 33.846 32.248 30.648 29.045 27.441 25.835 24.226 22.615 21.003 19.388 17.771 16.152 15.949 16.303 16.646
