DATA/SHG/ECMWF/20170628/EN-17/20170629.en-17.asc
ncols        190
nrows        64
xllcorner    -5100000.000000000000
yllcorner    4130000.000000000000
cellsize     10000.000000000000
NODATA_value  -99999.000
[rows 0 to 32 of 64, columns 74 to 147 of 190]
2.941 3.149 3.364 3.585 3.813 4.047 4.289 4.471 4.464 4.432 4.397 4.360 4.322 4.281 4.239 4.194 4.147 4.098 4.048 4.084 4.425 4.774 5.123 5.472 5.820 6.168 6.515 6.862 7.209 7.556 7.902 8.248 8.593 8.942 9.296 9.653 10.015 10.381 10.751 11.125 11.504 11.887 12.273 12.484 12.147 11.821 11.507 11.205 10.914 10.634 10.366 10.110 9.865 9.632 9.410 9.240 9.194 9.147 9.099 9.051 9.001 8.950 8.898 8.845 8.791 8.736 8.680 8.612 8.521 8.442 8.374 8.318 8.273 8.239
2.846 3.059 3.260 3.454 3.640 3.819 3.990 4.119 4.081 4.041 4.000 3.956 3.911 3.863 3.813 3.762 3.708 3.652 3.594 3.576 3.916 4.264 4.611 4.959 5.306 5.652 5.999 6.345 6.690 7.036 7.381 7.728 8.092 8.460 8.832 9.209 9.589 9.974 10.363 10.756 11.153 11.554 11.960 12.280 11.995 11.721 11.458 11.207 10.967 10.739 10.523 10.318 10.124 9.942 9.771 9.627 9.576 9.525 9.472 9.419 9.364 9.309 9.252 9.195 9.136 9.076 9.016 8.957 8.916 8.888 8.870 8.864 8.869 8.885
2.635 2.818 2.993 3.160 3.320 3.472 3.616 3.745 3.700 3.654 3.605 3.555 3.502 3.447 3.391 3.332 3.271 3.209 3.144 3.077 3.408 3.754 4.101 4.447 4.793 5.138 5.483 5.828 6.173 6.517 6.861 7.205 7.587 7.974 8.365 8.760 9.159 9.563 9.970 10.382 10.798 11.218 11.642 12.065 11.831 11.608 11.397 11.197 11.009 10.832 10.667 10.513 10.371 10.240 10.121 10.014 9.959 9.903 9.846 9.788 9.729 9.668 9.607 9.545 9.482 9.418 9.353 9.274 9.261 9.271 9.305 9.363 9.445 9.550
2.428 2.584 2.732 2.873 3.006 3.132 3.250 3.361 3.322 3.268 3.213 3.155 3.096 3.034 2.970 2.905 2.837 2.767 2.696 2.622 2.900 3.246 3.591 3.936 4.281 4.625 4.969 5.313 5.656 5.999 6.342 6.684 7.078 7.484 7.894 8.308 8.726 9.148 9.574 10.004 10.439 10.878 11.321 11.768 11.655 11.483 11.323 11.175 11.038 10.912 10.798 10.696 10.605 10.525 10.457 10.401 10.342 10.281 10.209 10.123 10.034 9.942 9.845 9.745 9.642 9.535 9.424 9.309 9.388 9.504 9.644 9.807 9.994 10.205
2.228 2.358 2.480 2.594 2.701 2.800 2.892 2.976 2.946 2.886 2.823 2.758 2.692 2.623 2.553 2.480 2.405 2.329 2.250 2.169 2.394 2.738 3.082 3.426 3.769 4.113 4.455 4.798 5.140 5.482 5.824 6.165 6.566 6.990 7.418 7.851 8.288 8.729 9.174 9.623 10.076 10.533 10.995 11.461 11.466 11.346 11.238 11.140 11.055 10.978 10.908 10.845 10.790 10.742 10.701 10.667 10.589 10.494 10.396 10.295 10.189 10.081 9.968 9.852 9.732 9.609 9.482 9.352 9.492 9.713 9.958 10.227 10.519 10.835
2.036 2.139 2.234 2.322 2.402 2.475 2.540 2.598 2.573 2.505 2.436 2.364 2.290 2.215 2.137 2.058 1.976 1.892 1.807 1.719 1.889 2.232 2.575 2.917 3.259 3.601 3.943 4.284 4.625 4.966 5.307 5.647 6.049 6.492 6.939 7.391 7.846 8.305 8.769 9.237 9.735 10.238 10.723 11.190 11.295 11.221 11.154 11.095 11.043 10.998 10.961 10.931 10.908 10.892 10.884 10.884 10.812 10.701 10.587 10.469 10.348 10.223 10.094 9.962 9.827 9.687 9.544 9.398 9.571 9.898 10.248 10.622 11.020 11.441
1.850 1.927 1.996 2.058 2.112 2.158 2.197 2.228 2.201 2.127 2.050 1.972 1.891 1.809 1.724 1.638 1.549 1.459 1.366 1.271 1.384 1.726 2.068 2.409 2.750 3.091 3.432 3.772 4.112 4.451 4.790 5.216 5.745 6.309 6.855 7.385 7.897 8.391 8.868 9.328 9.771 10.196 10.603 10.994 11.144 11.102 11.068 11.041 11.022 11.010 11.005 11.008 11.018 11.036 11.060 11.092 11.038 10.912 10.781 10.647 10.510 10.369 10.224 10.076 9.924 9.769 9.610 9.447 9.627 10.059 10.515 10.994 11.496 12.023
1.672 1.723 1.765 1.800 1.828 1.848 1.861 1.866 1.833 1.751 1.668 1.582 1.495 1.405 1.314 1.220 1.125 1.027 0.928 0.826 0.881 1.222 1.611 2.032 2.466 2.915 3.377 3.853 4.342 4.845 5.362 5.893 6.418 6.905 7.374 7.826 8.260 8.678 9.077 9.460 9.825 10.173 10.503 10.816 10.984 10.975 10.974 10.980 10.994 11.014 11.042 11.078 11.121 11.171 11.228 11.293 11.268 11.125 10.979 10.829 10.675 10.518 10.358 10.193 10.025 9.854 9.679 9.500 9.660 10.197 10.757 11.341 11.949 12.580
1.502 1.526 1.542 1.551 1.552 1.546 1.532 1.511 1.467 1.378 1.288 1.195 1.101 1.004 0.923 0.903 0.875 0.838 0.794 0.742 0.796 1.251 1.720 2.202 2.698 3.208 3.731 4.269 4.819 5.384 5.962 6.554 7.110 7.519 7.911 8.285 8.642 8.982 9.305 9.610 9.897 10.168 10.421 10.657 10.817 10.841 10.873 10.911 10.958 11.011 11.072 11.140 11.215 11.298 11.388 11.486 11.501 11.342 11.180 11.014 10.844 10.671 10.495 10.314 10.130 9.943 9.752 9.557 9.669 10.310 10.976 11.665 12.378 13.114
1.338 1.336 1.326 1.308 1.283 1.251 1.211 1.194 1.238 1.237 1.229 1.213 1.189 1.157 1.116 1.068 1.012 0.948 0.875 0.795 0.767 1.283 1.813 2.357 2.914 3.485 4.070 4.669 5.281 5.907 6.546 7.199 7.819 8.151 8.466 8.763 9.043 9.305 9.550 9.778 9.989 10.182 10.358 10.516 10.642 10.699 10.763 10.835 10.914 11.000 11.093 11.194 11.302 11.418 11.540 11.671 11.738 11.563 11.385 11.203 11.017 10.828 10.635 10.438 10.238 10.035 9.828 9.617 9.654 10.400 11.171 11.965 12.782 13.623
1.200 1.223 1.253 1.292 1.339 1.394 1.457 1.528 1.606 1.578 1.542 1.498 1.445 1.385 1.317 1.241 1.156 1.064 0.964 0.855 0.738 1.299 1.891 2.496 3.114 3.747 4.393 5.053 5.726 6.413 7.114 7.828 8.547 8.801 9.039 9.259 9.461 9.646 9.814 9.965 10.098 10.214 10.313 10.394 10.460 10.550 10.647 10.751 10.862 10.981 11.107 11.241 11.381 11.529 11.685 11.848 11.978 11.787 11.593 11.394 11.193 10.988 10.779 10.566 10.350 10.131 9.907 9.681 9.615 10.467 11.342 12.241 13.163 14.109
1.327 1.378 1.437 1.504 1.580 1.663 1.755 1.854 1.962 1.925 1.861 1.789 1.709 1.620 1.524 1.420 1.308 1.187 1.059 0.923 0.778 1.300 1.953 2.619 3.299 3.992 4.700 5.421 6.155 6.904 7.666 8.441 9.231 9.470 9.630 9.772 9.898 10.006 10.097 10.170 10.226 10.265 10.287 10.291 10.278 10.393 10.522 10.659 10.803 10.955 11.113 11.279 11.453 11.633 11.821 12.017 12.219 12.014 11.804 11.590 11.372 11.151 10.926 10.698 10.465 10.230 9.991 9.792 9.713 10.815 11.971 13.178 14.439 15.753
1.446 1.526 1.613 1.709 1.813 1.925 2.045 2.173 2.309 2.280 2.187 2.087 1.979 1.863 1.739 1.606 1.466 1.318 1.162 0.998 0.824 1.285 1.999 2.726 3.467 4.222 4.991 5.773 6.569 7.378 8.201 9.038 9.889 10.156 10.239 10.304 10.353 10.384 10.397 10.394 10.373 10.335 10.279 10.206 10.116 10.228 10.390 10.560 10.736 10.920 11.112 11.310 11.516 11.730 11.950 12.178 12.413 12.245 11.999 11.749 11.525 11.328 11.157 11.012 10.894 10.802 10.736 10.697 10.684 11.932 13.322 14.765 16.260 17.809
1.558 1.666 1.782 1.906 2.038 2.178 2.327 2.483 2.648 2.641 2.521 2.392 2.256 2.112 1.960 1.800 1.632 1.456 1.271 1.079 0.878 1.255 2.030 2.818 3.620 4.436 5.266 6.109 6.966 7.837 8.721 9.619 10.530 10.860 10.866 10.854 10.826 10.779 10.716 10.635 10.538 10.422 10.290 10.140 9.973 10.056 10.251 10.453 10.662 10.867 11.056 11.241 11.420 11.595 11.764 11.928 12.086 11.983 11.824 11.691 11.584 11.504 11.450 11.422 11.420 11.445 11.496 11.574 11.678 12.994 14.619 16.296 18.027 19.810
1.661 1.798 1.942 2.094 2.255 2.424 2.601 2.786 2.979 3.009 2.861 2.705 2.540 2.368 2.188 2.000 1.804 1.600 1.388 1.168 0.939 1.209 2.045 2.894 3.758 4.635 5.525 6.430 7.348 8.279 9.224 10.183 11.156 11.582 11.511 11.422 11.317 11.194 11.053 10.896 10.693 10.467 10.250 10.043 9.845 9.881 10.068 10.251 10.428 10.600 10.767 10.929 11.085 11.237 11.383 11.524 11.660 11.664 11.622 11.606 11.616 11.652 11.715 11.804 11.920 12.061 12.229 12.423 12.644 14.001 15.861 17.773 19.738 21.756
1.757 1.922 2.095 2.275 2.464 2.661 2.867 3.080 3.301 3.384 3.208 3.024 2.831 2.631 2.424 2.208 1.984 1.752 1.512 1.264 1.007 1.147 2.044 2.955 3.879 4.817 5.769 6.734 7.713 8.706 9.712 10.663 11.542 11.943 11.692 11.451 11.219 10.997 10.784 10.581 10.388 10.204 10.030 9.865 9.709 9.712 9.877 10.036 10.190 10.339 10.483 10.622 10.756 10.884 11.008 11.126 11.239 11.319 11.393 11.494 11.621 11.774 11.954 12.160 12.392 12.650 12.935 13.246 13.583 14.955 17.049 19.195 21.395 23.647
1.845 2.038 2.239 2.449 2.666 2.891 3.125 3.366 3.616 3.765 3.561 3.349 3.129 2.902 2.666 2.422 2.170 1.910 1.643 1.367 1.082 1.070 2.039 3.005 3.952 4.880 5.788 6.678 7.549 8.400 9.233 10.047 10.841 11.330 11.122 10.923 10.734 10.554 10.384 10.224 10.073 9.931 9.799 9.677 9.564 9.549 9.690 9.827 9.958 10.085 10.206 10.322 10.432 10.538 10.639 10.734 10.824 10.947 11.138 11.355 11.599 11.869 12.165 12.488 12.837 13.211 13.613 14.040 14.494 15.854 18.182 20.563 22.997 25.483
1.926 2.147 2.376 2.614 2.859 3.113 3.375 3.645 3.923 4.154 3.922 3.682 3.434 3.179 2.912 2.619 2.342 2.082 1.839 1.613 1.398 1.304 2.204 3.086 3.948 4.791 5.616 6.421 7.207 7.974 8.723 9.452 10.162 10.708 10.542 10.386 10.239 10.102 9.974 9.856 9.748 9.649 9.559 9.479 9.409 9.391 9.510 9.623 9.732 9.835 9.934 10.027 10.115 10.198 10.275 10.348 10.415 10.548 10.856 11.190 11.550 11.937 12.350 12.789 13.254 13.746 14.263 14.807 15.378 16.699 19.262 21.876 24.544 27.264
1.998 2.248 2.505 2.771 3.045 3.327 3.617 3.901 4.115 4.322 4.014 3.712 3.426 3.157 2.906 2.671 2.453 2.252 2.067 1.900 1.744 1.597 2.390 3.187 3.965 4.724 5.464 6.185 6.887 7.570 8.234 8.878 9.504 10.076 9.953 9.839 9.735 9.640 9.555 9.479 9.413 9.356 9.309 9.272 9.244 9.239 9.335 9.426 9.511 9.592 9.667 9.738 9.803 9.863 9.918 9.967 10.012 10.123 10.548 10.998 11.475 11.978 12.508 13.063 13.645 14.253 14.887 15.547 16.234 17.491 20.287 23.135 26.037 28.991
2.054 2.290 2.520 2.744 2.961 3.172 3.376 3.574 3.765 3.949 3.757 3.513 3.286 3.077 2.884 2.707 2.548 2.406 2.281 2.172 2.075 1.988 2.597 3.310 4.003 4.678 5.334 5.970 6.588 7.186 7.766 8.327 8.868 9.391 9.354 9.282 9.220 9.168 9.125 9.092 9.068 9.054 9.049 9.054 9.069 9.093 9.166 9.234 9.297 9.354 9.407 9.454 9.497 9.534 9.566 9.593 9.614 9.672 10.212 10.780 11.373 11.993 12.638 13.310 14.008 14.733 15.483 16.260 17.063 18.228 21.258 24.340 27.475 30.663
1.890 2.104 2.312 2.513 2.707 2.895 3.077 3.252 3.421 3.583 3.484 3.300 3.132 2.981 2.846 2.729 2.629 2.545 2.478 2.429 2.391 2.363 2.825 3.454 4.063 4.653 5.224 5.777 6.310 6.825 7.320 7.796 8.254 8.692 8.745 8.716 8.697 8.687 8.686 8.695 8.714 8.742 8.780 8.827 8.883 8.950 9.002 9.047 9.087 9.122 9.152 9.177 9.196 9.211 9.220 9.224 9.223 9.216 9.851 10.534 11.244 11.980 12.742 13.530 14.345 15.185 16.052 16.945 17.849 18.821 22.099 25.492 29.001 32.625
1.732 1.924 2.109 2.288 2.460 2.626 2.785 2.938 3.084 3.224 3.197 3.071 2.962 2.869 2.794 2.735 2.693 2.669 2.661 2.670 2.691 2.722 3.074 3.618 4.143 4.649 5.136 5.605 6.054 6.484 6.895 7.288 7.661 8.015 8.127 8.140 8.163 8.196 8.237 8.289 8.350 8.420 8.500 8.590 8.689 8.797 8.844 8.867 8.884 8.896 8.903 8.905 8.902 8.893 8.880 8.861 8.837 8.808 9.463 10.364 11.397 12.392 13.352 14.275 15.162 16.013 16.827 17.605 18.346 19.052 22.641 26.548 30.570 34.709
1.581 1.750 1.913 2.069 2.219 2.362 2.499 2.629 2.753 2.870 2.894 2.827 2.776 2.743 2.726 2.726 2.743 2.777 2.828 2.895 2.975 3.066 3.344 3.804 4.245 4.667 5.070 5.454 5.819 6.165 6.492 6.800 7.089 7.360 7.499 7.555 7.620 7.695 7.779 7.873 7.976 8.089 8.211 8.343 8.484 8.634 8.692 8.692 8.686 8.675 8.696 8.809 8.976 9.198 9.473 9.802 10.185 10.622 11.438 12.345 13.217 14.052 14.850 15.612 16.338 17.028 17.681 18.298 18.879 19.423 23.067 27.487 32.023 36.675
1.436 1.583 1.723 1.857 1.984 2.105 2.219 2.327 2.428 2.523 2.577 2.568 2.576 2.601 2.643 2.702 2.777 2.870 2.979 3.105 3.244 3.394 3.635 4.010 4.367 4.705 5.024 5.324 5.605 5.867 6.110 6.334 6.539 6.726 6.862 6.960 7.067 7.184 7.311 7.447 7.592 7.766 7.950 8.103 8.222 8.310 8.390 8.527 8.717 8.962 9.261 9.613 10.020 10.480 10.995 11.563 12.186 12.862 13.614 14.361 15.071 15.745 16.383 16.984 17.549 18.078 18.571 19.027 19.447 19.830 23.376 28.310 33.359 38.524
1.297 1.421 1.539 1.650 1.755 1.854 1.946 2.031 2.110 2.183 2.244 2.294 2.361 2.445 2.545 2.662 2.796 2.947 3.115 3.300 3.498 3.707 3.946 4.238 4.510 4.764 4.999 5.215 5.412 5.590 5.749 5.890 6.078 6.379 6.686 6.954 7.189 7.391 7.561 7.699 7.805 7.878 7.919 7.928 7.904 7.848 7.940 8.316 8.746 9.230 9.768 10.360 11.006 11.705 12.459 13.266 14.128 15.043 15.825 16.411 16.960 17.473 17.950 18.391 18.795 19.163 19.495 19.791 20.050 20.273 23.570 29.016 34.578 40.255
1.164 1.266 1.362 1.450 1.533 1.609 1.679 1.742 1.798 1.849 1.896 2.005 2.130 2.273 2.432 2.608 2.800 3.010 3.236 3.479 3.736 4.004 4.278 4.490 4.713 4.953 5.210 5.485 5.777 6.086 6.412 6.755 7.116 7.494 7.837 7.961 8.052 8.111 8.138 8.133 8.095 8.025 7.922 7.788 7.621 7.421 7.433 8.049 8.718 9.441 10.218 11.049 11.934 12.872 13.865 14.911 16.012 17.166 18.070 18.495 18.884 19.236 19.552 19.832 20.076 20.284 20.455 20.590 20.689 20.751 23.647 29.606 35.680 41.870
1.038 1.117 1.190 1.257 1.317 1.371 1.418 1.458 1.493 1.521 1.542 1.701 1.885 2.086 2.303 2.545 2.837 3.128 3.417 3.704 3.986 4.263 4.539 4.821 5.121 5.437 5.771 6.122 6.490 6.875 7.277 7.697 8.134 8.588 9.022 9.002 8.950 8.866 8.749 8.600 8.419 8.206 7.960 7.682 7.372 7.030 6.870 7.724 8.633 9.595 10.611 11.681 12.804 13.982 15.213 16.498 17.838 19.230 20.349 20.613 20.841 21.033 21.189 21.308 21.392 21.439 21.450 21.424 21.363 21.265 23.609 30.080 36.666 43.368
0.918 0.975 1.025 1.069 1.107 1.138 1.163 1.182 1.211 1.306 1.411 1.671 1.965 2.256 2.546 2.835 3.121 3.406 3.689 3.970 4.247 4.518 4.787 5.133 5.509 5.902 6.312 6.739 7.183 7.644 8.123 8.619 9.131 9.661 10.209 10.077 9.882 9.654 9.394 9.102 8.778 8.422 8.033 7.612 7.158 6.673 6.250 7.344 8.491 9.692 10.946 12.255 13.617 15.034 16.504 18.027 19.605 21.237 22.662 22.766 22.834 22.865 22.860 22.819 22.742 22.629 22.479 22.294 22.072 21.814 23.455 30.438 37.536 44.749
0.803 0.845 0.906 0.978 1.058 1.148 1.248 1.358 1.477 1.605 1.743 1.986 2.274 2.560 2.844 3.126 3.406 3.685 3.962 4.238 4.508 4.773 5.036 5.426 5.877 6.346 6.832 7.336 7.856 8.393 8.948 9.520 10.109 10.715 11.338 11.186 10.847 10.476 10.074 9.638 9.171 8.672 8.140 7.576 6.979 6.351 5.690 6.906 8.292 9.732 11.225 12.772 14.373 16.028 17.736 19.499 21.315 23.184 25.010 24.953 24.860 24.731 24.566 24.365 24.128 23.854 23.544 23.198 22.816 22.398 23.186 30.680 38.289 46.013
0.784 0.869 0.964 1.068 1.182 1.305 1.439 1.581 1.733 1.895 2.066 2.303 2.584 2.864 3.142 3.418 3.693 3.966 4.237 4.506 4.770 5.029 5.287 5.698 6.226 6.771 7.333 7.913 8.509 9.123 9.753 10.401 11.066 11.748 12.447 12.328 11.847 11.333 10.787 10.209 9.598 8.956 8.281 7.574 6.835 6.063 5.260 6.412 8.037 9.715 11.447 13.232 15.071 16.965 18.911 20.912 22.966 25.074 27.236 27.174 26.921 26.632 26.307 25.945 25.548 25.114 24.644 24.138 23.596 23.018 22.764 30.462 37.970 45.288
0.765 0.884 1.012 1.150 1.297 1.453 1.620 1.796 1.981 2.176 2.381 2.620 2.896 3.169 3.441 3.712 3.980 4.247 4.512 4.776 5.034 5.287 5.538 5.951 6.555 7.176 7.814 8.470 9.142 9.832 10.538 11.262 12.003 12.761 13.536 13.504 12.880 12.223 11.534 10.813 10.060 9.274 8.457 7.607 6.725 5.811 4.864 5.862 7.725 9.641 11.611 13.635 15.713 17.844 20.029 22.267 24.560 26.906 29.305 29.429 29.016 28.538 27.968 27.360 26.715 26.034 25.315 24.559 23.766 22.935 22.068 28.424 35.096 41.578
0.738 0.890 1.051 1.222 1.402 1.592 1.792 2.001 2.220 2.448 2.685 2.939 3.208 3.476 3.742 4.006 4.269 4.530 4.789 5.046 5.299 5.545 5.791 6.184 6.864 7.561 8.275 9.007 9.755 10.521 11.303 12.103 12.920 13.754 14.605 14.714 13.947 13.147 12.315 11.452 10.556 9.627 8.667 7.674 6.650 5.593 4.504 5.255 7.356 9.511 11.719 13.981 16.356 18.868 21.344 23.782 26.184 28.549 30.877 31.110 30.450 29.752 29.017 28.245 27.436 26.590 25.707 24.787 23.830 22.836 21.804 26.575 32.411 38.058
0.702 0.887 1.081 1.285 1.499 1.722 1.955 2.197 2.449 2.710 2.981 3.258 3.522 3.784 4.044 4.302 4.559 4.814 5.067 5.318 5.564 5.805 6.045 6.398 7.154 7.927 8.717 9.524 10.348 11.190 12.048 12.924 13.817 14.726 15.653 15.958 15.047 14.105 13.131 12.124 11.085 10.015 8.911 7.878 7.121 6.370 5.625 6.435 8.968 11.465 13.925 16.349 18.735 21.086 23.399 25.675 27.915 30.119 32.285 32.688 31.864 31.002 30.103 29.167 28.194 27.184 26.137 25.053 23.932 22.773 21.578 24.914 29.916 34.728
