DATA/SHG/ECMWF/20170628/EN-17/20170710.en-17.asc
ncols        190
nrows        64
xllcorner    -5100000.000000000000
yllcorner    4130000.000000000000
cellsize     10000.000000000000
NODATA_value  -99999.000
[rows 0 to 32 of 64, columns 0 to 73 of 190]
2.332 2.248 2.164 2.081 1.998 1.916 1.835 1.754 1.673 1.690 1.736 1.780 1.821 1.860 1.897 1.932 1.965 1.995 2.023 2.062 2.103 2.461 2.962 3.459 3.951 4.440 4.924 5.404 5.880 6.352 6.820 7.284 7.743 8.259 8.804 9.341 9.868 10.386 10.895 11.395 11.886 12.368 12.840 13.304 13.758 13.710 13.232 12.762 12.301 11.848 11.402 10.966 10.537 10.116 9.704 9.299 8.903 8.629 8.507 8.407 8.327 8.269 8.231 8.214 8.218 8.244 8.290 8.357 8.445 8.522 8.553 8.585 8.617 8.649
2.361 2.279 2.197 2.116 2.036 1.956 1.876 1.798 1.719 1.713 1.751 1.787 1.828 1.870 1.911 1.953 1.995 2.037 2.079 2.121 2.163 2.445 2.931 3.414 3.892 4.366 4.836 5.302 5.763 6.221 6.674 7.124 7.569 8.047 8.561 9.065 9.561 10.047 10.524 10.992 11.451 11.901 12.341 12.773 13.195 13.269 12.820 12.379 11.946 11.521 11.105 10.696 10.296 9.904 9.520 9.144 8.777 8.512 8.464 8.437 8.431 8.446 8.482 8.538 8.616 8.714 8.834 8.974 9.136 9.279 9.311 9.344 9.377 9.410
2.390 2.310 2.230 2.151 2.070 1.983 1.905 1.834 1.771 1.760 1.801 1.843 1.885 1.926 1.968 2.010 2.053 2.095 2.137 2.179 2.222 2.433 2.905 3.373 3.837 4.296 4.752 5.203 5.650 6.094 6.533 6.968 7.398 7.845 8.327 8.799 9.263 9.717 10.162 10.598 11.025 11.443 11.852 12.252 12.642 12.821 12.400 11.988 11.584 11.187 10.800 10.420 10.048 9.685 9.329 8.982 8.643 8.375 8.400 8.447 8.514 8.602 8.712 8.842 8.993 9.165 9.357 9.571 9.760 9.923 9.880 9.825 9.758 9.678
2.322 2.231 2.149 2.075 2.008 1.950 1.899 1.856 1.822 1.815 1.857 1.899 1.941 1.983 2.025 2.068 2.110 2.153 2.195 2.238 2.281 2.425 2.883 3.336 3.786 4.231 4.672 5.109 5.542 5.971 6.396 6.816 7.233 7.653 8.103 8.543 8.975 9.397 9.810 10.215 10.610 10.996 11.373 11.740 12.099 12.365 11.973 11.589 11.214 10.846 10.487 10.136 9.792 9.457 9.131 8.812 8.501 8.217 8.316 8.436 8.578 8.750 8.925 9.105 9.288 9.476 9.668 9.864 10.064 10.268 10.186 10.088 9.977 9.854
2.140 2.078 2.024 1.977 1.939 1.908 1.885 1.870 1.863 1.870 1.912 1.954 1.997 2.039 2.082 2.125 2.168 2.210 2.254 2.297 2.340 2.422 2.865 3.304 3.739 4.170 4.597 5.019 5.438 5.852 6.263 6.669 7.071 7.470 7.888 8.297 8.696 9.087 9.468 9.841 10.204 10.558 10.903 11.239 11.566 11.884 11.539 11.184 10.836 10.497 10.167 9.844 9.529 9.231 8.971 8.724 8.488 8.265 8.404 8.581 8.763 8.949 9.138 9.332 9.530 9.732 9.938 10.149 10.363 10.581 10.504 10.362 10.208 10.042
1.950 1.916 1.889 1.871 1.860 1.857 1.862 1.875 1.896 1.925 1.967 2.010 2.053 2.096 2.139 2.182 2.225 2.268 2.311 2.355 2.398 2.442 2.851 3.276 3.697 4.113 4.526 4.934 5.338 5.738 6.134 6.526 6.914 7.298 7.683 8.060 8.427 8.786 9.136 9.476 9.808 10.130 10.443 10.748 11.043 11.329 11.106 10.804 10.514 10.236 9.970 9.716 9.475 9.245 9.028 8.823 8.629 8.448 8.555 8.747 8.943 9.143 9.347 9.556 9.768 9.984 10.205 10.429 10.658 10.891 10.832 10.648 10.451 10.241
1.752 1.745 1.747 1.756 1.773 1.798 1.831 1.872 1.920 1.977 2.022 2.065 2.108 2.151 2.195 2.238 2.282 2.325 2.369 2.413 2.457 2.501 2.842 3.252 3.658 4.061 4.459 4.853 5.243 5.628 6.010 6.388 6.761 7.131 7.487 7.832 8.168 8.495 8.813 9.123 9.429 9.732 10.031 10.327 10.620 10.909 10.810 10.551 10.303 10.068 9.844 9.633 9.434 9.247 9.072 8.909 8.759 8.620 8.703 8.909 9.119 9.334 9.552 9.775 10.001 10.232 10.467 10.706 10.949 11.196 11.172 10.944 10.704 10.452
1.545 1.567 1.596 1.633 1.678 1.730 1.791 1.859 1.936 2.020 2.077 2.120 2.164 2.207 2.251 2.295 2.339 2.383 2.427 2.471 2.515 2.559 2.837 3.233 3.625 4.012 4.396 4.776 5.151 5.523 5.890 6.254 6.605 6.945 7.266 7.577 7.885 8.190 8.491 8.789 9.084 9.375 9.662 9.947 10.228 10.506 10.503 10.286 10.081 9.888 9.707 9.538 9.382 9.237 9.105 8.984 8.876 8.780 8.846 9.066 9.291 9.520 9.753 9.989 10.230 10.475 10.725 10.978 11.235 11.496 11.523 11.252 10.969 10.674
1.330 1.379 1.436 1.501 1.574 1.654 1.743 1.839 1.943 2.055 2.131 2.175 2.219 2.263 2.307 2.351 2.395 2.440 2.484 2.528 2.573 2.618 2.836 3.217 3.595 3.982 4.360 4.726 5.082 5.427 5.761 6.084 6.396 6.697 6.995 7.294 7.590 7.883 8.173 8.459 8.742 9.021 9.298 9.570 9.840 10.106 10.184 10.010 9.847 9.697 9.558 9.432 9.318 9.215 9.125 9.047 8.981 8.928 8.985 9.220 9.459 9.702 9.949 10.200 10.455 10.714 10.978 11.245 11.517 11.793 11.885 11.571 11.245 10.907
1.107 1.184 1.268 1.361 1.461 1.570 1.686 1.810 1.941 2.081 2.186 2.230 2.274 2.318 2.363 2.407 2.452 2.497 2.554 2.619 2.692 2.774 2.968 3.340 3.701 4.051 4.390 4.719 5.036 5.343 5.639 5.924 6.198 6.461 6.727 7.015 7.299 7.581 7.859 8.133 8.404 8.672 8.937 9.198 9.455 9.710 9.854 9.722 9.602 9.494 9.398 9.314 9.242 9.182 9.134 9.098 9.075 9.063 9.119 9.369 9.622 9.879 10.141 10.406 10.676 10.949 11.227 11.509 11.794 12.084 12.258 11.902 11.532 11.151
0.875 0.980 1.092 1.212 1.340 1.476 1.620 1.772 1.931 2.099 2.232 2.260 2.296 2.341 2.393 2.454 2.524 2.601 2.688 2.782 2.885 2.996 3.162 3.496 3.819 4.131 4.432 4.722 5.002 5.271 5.528 5.775 6.011 6.237 6.463 6.739 7.012 7.282 7.548 7.811 8.070 8.327 8.579 8.829 9.075 9.318 9.512 9.422 9.345 9.279 9.225 9.184 9.154 9.136 9.131 9.138 9.156 9.187 9.250 9.513 9.781 10.052 10.328 10.608 10.892 11.180 11.472 11.768 12.068 12.372 12.643 12.243 11.831 11.407
0.635 0.767 0.907 1.068 1.237 1.400 1.557 1.709 1.855 1.996 2.122 2.179 2.244 2.318 2.400 2.491 2.590 2.697 2.812 2.936 3.068 3.209 3.368 3.663 3.948 4.222 4.485 4.738 4.979 5.209 5.429 5.638 5.836 6.023 6.203 6.467 6.729 6.986 7.241 7.492 7.740 7.985 8.226 8.464 8.698 8.929 9.157 9.111 9.076 9.052 9.041 9.042 9.054 9.079 9.116 9.165 9.226 9.299 9.384 9.654 9.936 10.221 10.511 10.805 11.104 11.406 11.712 11.991 12.241 12.484 12.719 12.293 11.812 11.332
0.599 0.765 0.925 1.079 1.228 1.371 1.509 1.640 1.766 1.886 2.001 2.089 2.184 2.287 2.398 2.518 2.646 2.783 2.928 3.081 3.243 3.412 3.591 3.842 4.089 4.325 4.550 4.764 4.967 5.160 5.341 5.512 5.672 5.821 5.960 6.199 6.449 6.695 6.938 7.178 7.414 7.647 7.876 8.103 8.326 8.545 8.761 8.789 8.796 8.814 8.845 8.888 8.943 9.010 9.089 9.180 9.284 9.399 9.526 9.790 10.076 10.352 10.621 10.883 11.137 11.383 11.623 11.854 12.079 12.296 12.505 12.174 11.700 11.228
0.677 0.823 0.963 1.097 1.226 1.349 1.466 1.578 1.683 1.784 1.878 1.990 2.114 2.246 2.387 2.537 2.694 2.860 3.034 3.217 3.408 3.607 3.815 4.032 4.240 4.438 4.625 4.801 4.967 5.121 5.265 5.398 5.520 5.631 5.731 5.935 6.173 6.407 6.639 6.867 7.091 7.313 7.531 7.745 7.957 8.165 8.369 8.455 8.504 8.565 8.638 8.723 8.820 8.985 9.147 9.296 9.430 9.551 9.658 9.870 10.128 10.378 10.621 10.857 11.085 11.306 11.519 11.725 11.924 12.115 12.299 12.054 11.587 11.121
0.761 0.887 1.007 1.121 1.230 1.333 1.430 1.521 1.607 1.687 1.761 1.882 2.035 2.197 2.367 2.546 2.733 2.928 3.132 3.344 3.564 3.792 4.029 4.232 4.403 4.563 4.712 4.850 4.977 5.094 5.199 5.294 5.379 5.452 5.514 5.674 5.900 6.123 6.343 6.560 6.773 6.982 7.189 7.392 7.591 7.788 8.128 8.397 8.594 8.777 8.946 9.102 9.243 9.371 9.485 9.585 9.671 9.744 9.802 9.954 10.186 10.411 10.628 10.838 11.040 11.235 11.423 11.603 11.776 11.941 12.100 11.932 11.472 11.014
0.852 0.958 1.057 1.152 1.240 1.323 1.400 1.471 1.537 1.597 1.651 1.765 1.948 2.139 2.339 2.546 2.763 2.987 3.220 3.461 3.711 3.968 4.235 4.444 4.576 4.698 4.809 4.910 4.999 5.078 5.145 5.203 5.249 5.284 5.309 5.417 5.632 5.843 6.064 6.366 6.678 7.003 7.339 7.686 8.045 8.415 8.797 9.087 9.236 9.370 9.491 9.598 9.691 9.770 9.836 9.887 9.925 9.949 9.959 10.046 10.252 10.451 10.642 10.826 11.003 11.172 11.334 11.488 11.635 11.775 11.907 11.808 11.355 10.904
0.949 1.034 1.114 1.188 1.256 1.319 1.376 1.427 1.473 1.513 1.547 1.639 1.851 2.072 2.301 2.538 2.783 3.037 3.299 3.570 3.849 4.136 4.431 4.666 4.761 4.845 4.918 4.980 5.032 5.073 5.103 5.127 5.170 5.225 5.293 5.442 5.749 6.068 6.398 6.740 7.093 7.458 7.834 8.221 8.621 9.031 9.454 9.790 9.890 9.977 10.049 10.107 10.152 10.183 10.200 10.203 10.193 10.168 10.130 10.144 10.325 10.498 10.663 10.822 10.973 11.116 11.252 11.381 11.502 11.616 11.723 11.683 11.237 10.793
1.051 1.117 1.177 1.231 1.279 1.322 1.359 1.390 1.415 1.435 1.449 1.505 1.746 1.996 2.254 2.521 2.795 3.078 3.370 3.669 3.977 4.294 4.618 4.900 4.925 4.922 4.931 4.954 4.990 5.038 5.100 5.175 5.263 5.365 5.479 5.642 5.990 6.349 6.719 7.101 7.495 7.900 8.316 8.744 9.184 9.635 10.097 10.507 10.558 10.596 10.620 10.630 10.626 10.608 10.577 10.532 10.473 10.400 10.313 10.250 10.405 10.552 10.692 10.824 10.949 11.067 11.177 11.280 11.376 11.464 11.545 11.556 11.117 10.680
1.160 1.206 1.245 1.279 1.308 1.330 1.347 1.359 1.364 1.364 1.358 1.361 1.632 1.911 2.198 2.494 2.798 3.096 3.379 3.650 3.909 4.156 4.392 4.608 4.637 4.680 4.735 4.804 4.886 4.981 5.089 5.210 5.344 5.491 5.651 5.830 6.218 6.618 7.028 7.451 7.885 8.330 8.787 9.255 9.735 10.226 10.729 11.235 11.238 11.228 11.203 11.165 11.113 11.047 10.967 10.874 10.766 10.645 10.510 10.362 10.491 10.613 10.727 10.834 10.933 11.025 11.110 11.187 11.257 11.319 11.374 11.422 10.995 10.566
1.275 1.301 1.320 1.334 1.343 1.345 1.342 1.333 1.319 1.299 1.305 1.311 1.592 1.892 2.180 2.456 2.721 2.974 3.216 3.446 3.664 3.871 4.066 4.249 4.336 4.425 4.526 4.641 4.768 4.909 5.063 5.230 5.410 5.603 5.810 6.029 6.434 6.874 7.325 7.788 8.262 8.748 9.245 9.753 10.273 10.805 11.348 11.902 11.932 11.873 11.800 11.713 11.613 11.498 11.370 11.228 11.073 10.904 10.720 10.523 10.585 10.681 10.769 10.850 10.924 10.990 11.049 11.101 11.145 11.182 11.211 11.233 10.872 10.449
1.397 1.402 1.402 1.442 1.475 1.500 1.517 1.527 1.529 1.524 1.511 1.490 1.686 1.945 2.192 2.428 2.652 2.865 3.065 3.255 3.432 3.598 3.753 3.895 4.021 4.156 4.303 4.464 4.638 4.824 5.024 5.237 5.463 5.702 5.954 6.220 6.639 7.119 7.610 8.113 8.627 9.153 9.690 10.239 10.799 11.371 11.954 12.548 12.638 12.530 12.409 12.274 12.125 11.963 11.786 11.596 11.393 11.175 10.944 10.698 10.686 10.756 10.818 10.874 10.922 10.962 10.996 11.013 11.009 11.000 10.985 10.965 10.684 10.324
1.780 1.809 1.830 1.843 1.849 1.848 1.838 1.821 1.796 1.764 1.724 1.677 1.793 2.011 2.217 2.412 2.596 2.767 2.928 3.076 3.213 3.338 3.452 3.554 3.694 3.874 4.067 4.274 4.493 4.726 4.972 5.231 5.502 5.787 6.085 6.396 6.831 7.351 7.882 8.425 8.980 9.546 10.123 10.712 11.313 11.924 12.548 13.182 13.356 13.201 13.031 12.848 12.651 12.440 12.216 11.977 11.725 11.459 11.180 10.887 10.778 10.794 10.804 10.809 10.808 10.802 10.790 10.773 10.750 10.722 10.688 10.649 10.456 10.178
2.270 2.272 2.266 2.253 2.232 2.203 2.167 2.123 2.072 2.013 1.946 1.871 1.911 2.089 2.255 2.409 2.552 2.683 2.802 2.910 3.006 3.091 3.164 3.225 3.352 3.579 3.818 4.070 4.336 4.614 4.906 5.210 5.528 5.859 6.203 6.560 7.011 7.571 8.143 8.726 9.321 9.927 10.544 11.173 11.814 12.466 13.129 13.804 14.088 13.884 13.666 13.435 13.190 12.889 12.559 12.226 11.890 11.551 11.210 10.865 10.678 10.674 10.665 10.651 10.631 10.606 10.575 10.538 10.497 10.449 10.397 10.338 10.207 10.010
2.768 2.743 2.710 2.670 2.622 2.567 2.504 2.433 2.355 2.269 2.175 2.074 2.042 2.179 2.304 2.418 2.520 2.610 2.689 2.757 2.812 2.856 2.889 2.909 2.998 3.270 3.555 3.853 4.165 4.489 4.826 5.177 5.540 5.917 6.306 6.709 7.178 7.779 8.391 9.014 9.649 10.295 10.953 11.622 12.303 12.995 13.636 14.255 14.573 14.247 13.918 13.587 13.252 12.915 12.575 12.232 11.886 11.537 11.185 10.831 10.582 10.560 10.532 10.498 10.459 10.415 10.365 10.310 10.249 10.183 10.111 10.033 9.936 9.820
3.273 3.221 3.162 3.095 3.020 2.938 2.848 2.751 2.646 2.533 2.413 2.285 2.186 2.282 2.366 2.439 2.501 2.551 2.589 2.615 2.630 2.634 2.626 2.606 2.630 2.948 3.279 3.623 3.980 4.350 4.733 5.129 5.539 5.961 6.396 6.845 7.334 7.975 8.627 9.267 9.902 10.531 11.157 11.778 12.394 13.006 13.614 14.217 14.652 14.316 13.977 13.635 13.291 12.943 12.593 12.240 11.884 11.525 11.164 10.799 10.493 10.451 10.404 10.351 10.293 10.230 10.161 10.087 10.007 9.921 9.830 9.734 9.643 9.609
3.783 3.708 3.622 3.528 3.426 3.317 3.201 3.076 2.945 2.805 2.658 2.503 2.341 2.397 2.441 2.473 2.494 2.503 2.501 2.487 2.461 2.424 2.376 2.315 2.249 2.612 2.989 3.379 3.782 4.198 4.627 5.069 5.532 6.004 6.484 6.973 7.474 8.106 8.734 9.357 9.976 10.590 11.200 11.806 12.407 13.003 13.595 14.183 14.733 14.387 14.038 13.686 13.332 12.975 12.614 12.251 11.885 11.516 11.145 10.770 10.408 10.348 10.282 10.210 10.133 10.050 9.962 9.869 9.770 9.666 9.556 9.440 9.329 9.376
4.247 4.202 4.089 3.968 3.840 3.704 3.561 3.410 3.251 3.085 2.911 2.730 2.541 2.524 2.527 2.519 2.499 2.468 2.425 2.371 2.305 2.227 2.138 2.037 1.929 2.292 2.733 3.184 3.643 4.110 4.586 5.071 5.564 6.066 6.577 7.096 7.624 8.230 8.843 9.451 10.054 10.653 11.248 11.838 12.423 13.005 13.581 14.154 14.722 14.461 14.102 13.741 13.376 13.009 12.638 12.265 11.889 11.511 11.129 10.745 10.357 10.250 10.165 10.074 9.978 9.876 9.769 9.657 9.539 9.415 9.287 9.152 9.012 9.121
4.702 4.704 4.564 4.417 4.262 4.099 3.929 3.751 3.566 3.373 3.173 2.964 2.749 2.663 2.626 2.577 2.517 2.449 2.380 2.303 2.219 2.126 2.026 1.919 1.803 2.103 2.575 3.056 3.545 4.043 4.549 5.064 5.588 6.120 6.661 7.210 7.768 8.359 8.956 9.548 10.137 10.720 11.299 11.874 12.444 13.010 13.572 14.129 14.681 14.538 14.169 13.798 13.423 13.046 12.665 12.282 11.896 11.508 11.116 10.721 10.324 10.157 10.053 9.944 9.828 9.708 9.582 9.450 9.313 9.171 9.023 8.870 8.711 8.845
5.148 5.213 5.047 4.873 4.691 4.502 4.305 4.100 3.888 3.669 3.445 3.215 2.973 2.828 2.763 2.690 2.609 2.521 2.424 2.321 2.209 2.090 1.963 1.828 1.686 1.906 2.408 2.919 3.438 3.966 4.503 5.048 5.602 6.164 6.735 7.315 7.903 8.492 9.073 9.651 10.223 10.792 11.355 11.915 12.470 13.020 13.566 14.108 14.645 14.618 14.239 13.857 13.473 13.085 12.695 12.302 11.906 11.507 11.106 10.701 10.294 10.070 9.947 9.818 9.684 9.545 9.400 9.249 9.093 8.932 8.765 8.593 8.415 8.547
5.585 5.731 5.537 5.349 5.158 4.955 4.742 4.517 4.281 4.033 3.775 3.505 3.225 3.016 2.923 2.823 2.716 2.600 2.477 2.346 2.208 2.062 1.908 1.746 1.577 1.699 2.232 2.773 3.322 3.881 4.448 5.023 5.607 6.200 6.801 7.410 8.029 8.629 9.195 9.757 10.314 10.867 11.416 11.960 12.499 13.034 13.565 14.092 14.613 14.701 14.312 13.920 13.525 13.128 12.728 12.325 11.919 11.510 11.099 10.684 10.267 9.989 9.847 9.699 9.546 9.387 9.223 9.054 8.866 8.659 8.452 8.247 8.042 8.078
6.136 6.394 6.186 5.966 5.736 5.494 5.241 4.976 4.701 4.415 4.117 3.808 3.488 3.211 3.092 2.965 2.830 2.688 2.538 2.380 2.215 2.042 1.861 1.672 1.476 1.484 2.047 2.618 3.198 3.786 4.383 4.989 5.603 6.226 6.857 7.497 8.146 8.770 9.321 9.867 10.409 10.947 11.480 12.009 12.533 13.053 13.568 14.079 14.586 14.786 14.387 13.986 13.581 13.174 12.763 12.350 11.934 11.516 11.094 10.670 10.243 9.886 9.675 9.464 9.255 9.047 8.840 8.634 8.429 8.225 8.022 7.820 7.620 7.573
6.741 7.101 6.854 6.595 6.325 6.044 5.751 5.448 5.133 4.807 4.470 4.122 3.763 3.415 3.269 3.115 2.953 2.784 2.607 2.422 2.230 2.030 1.822 1.607 1.384 1.260 1.853 2.454 3.064 3.683 4.310 4.946 5.590 6.243 6.905 7.575 8.253 8.916 9.451 9.982 10.509 11.031 11.549 12.062 12.571 13.076 13.576 14.072 14.563 14.874 14.466 14.054 13.639 13.222 12.793 12.345 11.882 11.404 10.911 10.404 9.882 9.422 9.214 9.007 8.802 8.598 8.394 8.192 7.991 7.791 7.592 7.394 7.197 7.085
7.341 7.757 7.533 7.235 6.926 6.605 6.274 5.931 5.577 5.212 4.835 4.448 4.049 3.640 3.454 3.273 3.084 2.888 2.684 2.472 2.253 2.026 1.792 1.549 1.299 1.042 1.650 2.282 2.922 3.571 4.228 4.894 5.568 6.251 6.943 7.643 8.352 9.065 9.585 10.101 10.612 11.119 11.622 12.120 12.614 13.103 13.588 14.082 14.574 15.007 14.581 14.140 13.685 13.215 12.730 12.230 11.716 11.186 10.642 10.083 9.509 8.957 8.753 8.550 8.349 8.148 7.948 7.750 7.552 7.356 7.161 6.967 6.773 6.614
