DATA/SHG/ECMWF/20170628/EN-17/20170712.en-17.asc
ncols        190
nrows        64
xllcorner    -5100000.000000000000
yllcorner    4130000.000000000000
cellsize     10000.000000000000
NODATA_value  -99999.000
[rows 0 to 31 of 64, columns 0 to 72 of 190]
0.551 0.522 0.494 0.467 0.440 0.414 0.388 0.363 0.339 0.323 0.309 0.295 0.280 0.265 0.250 0.234 0.218 0.202 0.185 0.187 0.194 0.241 0.304 0.367 0.429 0.490 0.549 0.608 0.665 0.722 0.777 0.832 0.885 0.925 0.957 0.988 1.019 1.050 1.080 1.109 1.138 1.167 1.195 1.222 1.249 1.411 1.699 1.995 2.299 2.612 2.934 3.264 3.602 3.949 4.305 4.669 5.041 5.191 5.060 4.919 4.767 4.604 4.431 4.247 4.052 3.846 3.630 3.403 3.165 3.003 2.973 2.939 2.902
0.469 0.442 0.417 0.392 0.367 0.343 0.320 0.298 0.276 0.259 0.243 0.228 0.239 0.250 0.260 0.269 0.277 0.283 0.289 0.293 0.297 0.330 0.390 0.450 0.508 0.564 0.620 0.675 0.729 0.782 0.833 0.884 0.933 0.974 1.004 1.034 1.063 1.091 1.120 1.148 1.175 1.202 1.228 1.254 1.279 1.417 1.734 2.060 2.395 2.738 3.089 3.449 3.817 4.194 4.579 4.973 5.375 5.602 5.434 5.255 5.065 4.864 4.653 4.432 4.199 3.956 3.702 3.437 3.162 2.938 2.896 2.851 2.802
0.386 0.362 0.339 0.316 0.298 0.301 0.308 0.318 0.332 0.346 0.356 0.365 0.374 0.381 0.387 0.392 0.396 0.398 0.400 0.400 0.400 0.421 0.477 0.533 0.587 0.640 0.692 0.743 0.793 0.842 0.890 0.937 0.983 1.023 1.051 1.079 1.107 1.134 1.160 1.186 1.212 1.237 1.262 1.286 1.310 1.414 1.761 2.117 2.481 2.854 3.235 3.625 4.023 4.430 4.845 5.269 5.701 6.023 5.817 5.600 5.373 5.135 4.886 4.626 4.356 4.075 3.784 3.482 3.179 2.908 2.875 2.841 2.808
0.360 0.362 0.367 0.375 0.387 0.403 0.422 0.444 0.471 0.493 0.499 0.505 0.509 0.512 0.514 0.515 0.515 0.514 0.512 0.508 0.504 0.513 0.565 0.617 0.668 0.717 0.765 0.813 0.859 0.904 0.948 0.992 1.034 1.072 1.099 1.125 1.151 1.176 1.201 1.226 1.250 1.273 1.296 1.319 1.341 1.402 1.779 2.165 2.559 2.962 3.373 3.792 4.220 4.657 5.102 5.555 6.017 6.454 6.210 5.955 5.688 5.381 5.076 4.772 4.469 4.166 3.865 3.565 3.266 2.968 2.929 2.895 2.860
0.395 0.409 0.426 0.447 0.472 0.500 0.532 0.567 0.605 0.641 0.644 0.645 0.646 0.645 0.643 0.640 0.636 0.631 0.625 0.618 0.609 0.605 0.654 0.702 0.749 0.795 0.839 0.883 0.926 0.967 1.007 1.047 1.085 1.122 1.147 1.172 1.196 1.220 1.243 1.266 1.288 1.310 1.331 1.352 1.372 1.392 1.789 2.204 2.628 3.061 3.502 3.951 4.409 4.876 5.335 5.776 6.197 6.599 6.355 6.050 5.746 5.443 5.142 4.841 4.541 4.242 3.945 3.648 3.352 3.058 2.984 2.949 2.913
0.426 0.453 0.482 0.516 0.553 0.593 0.637 0.685 0.736 0.790 0.789 0.786 0.783 0.778 0.773 0.766 0.758 0.749 0.739 0.728 0.715 0.702 0.744 0.788 0.831 0.873 0.914 0.954 0.993 1.031 1.068 1.103 1.138 1.171 1.196 1.219 1.241 1.263 1.285 1.306 1.326 1.346 1.366 1.385 1.404 1.422 1.830 2.356 2.863 3.351 3.820 4.270 4.701 5.112 5.505 5.878 6.232 6.567 6.405 6.104 5.804 5.504 5.206 4.909 4.612 4.317 4.023 3.730 3.438 3.146 3.039 3.002 2.966
0.453 0.492 0.534 0.580 0.630 0.683 0.739 0.799 0.863 0.930 0.935 0.929 0.921 0.913 0.903 0.893 0.881 0.868 0.854 0.839 0.823 0.805 0.835 0.875 0.915 0.953 0.990 1.026 1.062 1.096 1.129 1.161 1.191 1.221 1.245 1.266 1.287 1.307 1.327 1.401 1.520 1.643 1.771 1.904 2.040 2.182 2.555 3.015 3.455 3.875 4.277 4.660 5.023 5.368 5.693 5.999 6.286 6.554 6.455 6.157 5.860 5.564 5.270 4.976 4.683 4.391 4.100 3.811 3.522 3.234 3.093 3.057 3.019
0.476 0.528 0.582 0.641 0.703 0.768 0.837 0.909 0.985 1.065 1.082 1.072 1.061 1.048 1.035 1.020 1.005 0.988 0.970 0.951 0.931 0.910 0.927 0.964 0.999 1.034 1.067 1.100 1.131 1.161 1.191 1.219 1.303 1.412 1.523 1.635 1.752 1.873 1.998 2.128 2.263 2.402 2.545 2.693 2.846 3.002 3.299 3.691 4.064 4.418 4.752 5.068 5.364 5.641 5.899 6.138 6.358 6.559 6.504 6.209 5.916 5.623 5.332 5.042 4.752 4.464 4.177 3.890 3.605 3.321 3.148 3.111 3.073
0.495 0.559 0.626 0.697 0.772 0.849 0.931 1.016 1.104 1.196 1.230 1.216 1.201 1.185 1.167 1.149 1.129 1.109 1.087 1.064 1.040 1.015 1.020 1.053 1.084 1.158 1.242 1.333 1.432 1.538 1.651 1.771 1.899 2.033 2.167 2.294 2.426 2.563 2.704 2.850 3.000 3.155 3.314 3.477 3.645 3.817 4.061 4.385 4.691 4.978 5.245 5.494 5.723 5.933 6.124 6.296 6.449 6.583 6.551 6.260 5.970 5.681 5.394 5.107 4.821 4.536 4.252 3.969 3.687 3.407 3.204 3.165 3.126
0.511 0.587 0.667 0.750 0.836 0.927 1.020 1.118 1.218 1.323 1.379 1.361 1.342 1.322 1.301 1.279 1.255 1.234 1.234 1.236 1.241 1.247 1.282 1.369 1.464 1.566 1.676 1.793 1.917 2.048 2.187 2.332 2.486 2.646 2.804 2.948 3.096 3.248 3.405 3.566 3.731 3.902 4.076 4.255 4.439 4.627 4.840 5.098 5.337 5.556 5.757 5.938 6.100 6.244 6.368 6.473 6.559 6.626 6.598 6.310 6.024 5.739 5.454 5.171 4.888 4.607 4.326 4.047 3.769 3.491 3.259 3.220 3.180
0.522 0.611 0.703 0.798 0.897 1.000 1.106 1.216 1.329 1.446 1.534 1.527 1.523 1.520 1.520 1.521 1.524 1.529 1.537 1.546 1.557 1.570 1.605 1.718 1.838 1.966 2.101 2.243 2.393 2.550 2.714 2.886 3.064 3.250 3.437 3.596 3.759 3.927 4.099 4.276 4.457 4.643 4.833 5.028 5.227 5.431 5.638 5.828 6.000 6.152 6.286 6.400 6.496 6.572 6.629 6.668 6.687 6.687 6.644 6.360 6.077 5.795 5.514 5.234 4.955 4.677 4.400 4.124 3.849 3.575 3.315 3.274 3.234
0.529 0.630 0.735 0.909 1.122 1.305 1.459 1.584 1.679 1.745 1.780 1.780 1.782 1.786 1.793 1.801 1.811 1.823 1.837 1.853 1.870 1.890 1.920 2.058 2.204 2.358 2.518 2.686 2.861 3.044 3.233 3.430 3.635 3.846 4.063 4.238 4.417 4.600 4.788 4.981 5.177 5.379 5.585 5.795 6.009 6.229 6.452 6.577 6.681 6.767 6.833 6.881 6.909 6.919 6.909 6.881 6.833 6.766 6.680 6.408 6.128 5.850 5.572 5.296 5.020 4.746 4.472 4.244 4.069 3.920 3.797 3.835 3.877
1.375 1.572 1.740 1.878 1.987 2.067 2.118 2.139 2.131 2.093 2.027 2.030 2.039 2.050 2.063 2.078 2.095 2.114 2.134 2.157 2.182 2.208 2.237 2.391 2.562 2.741 2.927 3.120 3.321 3.529 3.744 3.967 4.196 4.433 4.678 4.875 5.069 5.268 5.472 5.680 5.892 6.109 6.330 6.556 6.786 7.021 7.260 7.343 7.380 7.399 7.399 7.380 7.341 7.284 7.208 7.112 6.998 6.864 6.712 6.455 6.170 5.904 5.664 5.450 5.262 5.099 4.963 4.853 4.769 4.711 4.679 4.687 4.692
2.685 2.778 2.843 2.878 2.883 2.860 2.807 2.725 2.614 2.473 2.303 2.278 2.293 2.311 2.331 2.353 2.376 2.402 2.429 2.459 2.490 2.523 2.559 2.715 2.912 3.116 3.328 3.547 3.773 4.006 4.247 4.495 4.750 5.012 5.282 5.506 5.716 5.931 6.150 6.373 6.601 6.834 7.070 7.312 7.557 7.808 8.062 8.127 8.098 8.050 7.983 7.897 7.791 7.627 7.440 7.239 7.024 6.795 6.552 6.319 6.118 5.943 5.794 5.670 5.573 5.502 5.456 5.437 5.444 5.476 5.535 5.547 5.516
4.025 4.015 3.976 3.908 3.810 3.683 3.527 3.342 3.127 2.883 2.610 2.523 2.545 2.570 2.596 2.625 2.655 2.688 2.722 2.758 2.796 2.836 2.878 3.030 3.253 3.483 3.720 3.964 4.216 4.475 4.741 5.015 5.295 5.583 5.878 6.132 6.357 6.587 6.822 7.061 7.305 7.552 7.805 8.062 8.323 8.589 8.796 8.804 8.652 8.487 8.307 8.113 7.905 7.683 7.447 7.196 6.932 6.653 6.360 6.152 6.041 5.957 5.898 5.866 5.859 5.879 5.924 5.995 6.092 6.216 6.365 6.415 6.349
5.396 5.283 5.140 4.969 4.768 4.538 4.278 3.990 3.672 3.325 2.949 2.765 2.795 2.826 2.859 2.895 2.932 2.971 3.012 3.055 3.100 3.147 3.195 3.338 3.586 3.842 4.104 4.374 4.651 4.936 5.227 5.526 5.832 6.145 6.466 6.752 6.993 7.239 7.481 7.682 7.885 8.089 8.295 8.503 8.712 8.922 9.134 9.172 8.971 8.755 8.526 8.283 8.025 7.753 7.467 7.167 6.853 6.525 6.182 5.959 5.939 5.945 5.978 6.036 6.120 6.230 6.366 6.528 6.716 6.930 7.169 7.292 7.190
6.797 6.580 6.335 6.060 5.756 5.423 5.061 4.669 4.248 3.798 3.319 3.006 3.042 3.080 3.120 3.162 3.206 3.252 3.300 3.349 3.401 3.455 3.510 3.638 3.911 4.192 4.480 4.775 5.078 5.388 5.705 6.027 6.339 6.635 6.916 7.163 7.365 7.569 7.774 7.980 8.189 8.398 8.610 8.822 9.037 9.253 9.470 9.554 9.303 9.038 8.759 8.466 8.159 7.837 7.502 7.152 6.789 6.411 6.019 5.741 5.812 5.909 6.032 6.181 6.355 6.556 6.783 7.035 7.314 7.618 7.948 8.177 8.039
8.228 7.909 7.560 7.182 6.775 6.339 5.873 5.379 4.855 4.302 3.720 3.244 3.286 3.331 3.378 3.427 3.478 3.530 3.585 3.641 3.700 3.760 3.822 3.929 4.263 4.627 4.975 5.309 5.628 5.931 6.220 6.494 6.752 6.996 7.224 7.438 7.645 7.854 8.064 8.276 8.490 8.705 8.922 9.140 9.360 9.582 9.804 9.949 9.649 9.334 9.006 8.663 8.306 7.935 7.550 7.151 6.738 6.311 5.869 5.498 5.660 5.848 6.061 6.300 6.566 6.857 7.174 7.517 7.886 8.280 8.701 9.071 8.897
9.690 9.267 8.815 8.335 7.825 7.285 6.717 6.120 5.493 4.837 4.152 3.479 3.529 3.580 3.634 3.689 3.747 3.834 3.951 4.084 4.234 4.400 4.583 4.787 5.113 5.424 5.720 6.001 6.267 6.518 6.754 6.975 7.181 7.371 7.547 7.710 7.922 8.137 8.353 8.570 8.789 9.010 9.232 9.456 9.681 9.908 10.137 10.358 10.008 9.644 9.266 8.874 8.468 8.047 7.613 7.164 6.702 6.225 5.734 5.231 5.483 5.761 6.065 6.395 6.751 7.132 7.540 7.973 8.432 8.917 9.428 9.965 9.764
11.181 10.656 10.101 9.518 8.905 8.263 7.592 6.891 6.162 5.403 4.588 3.792 3.785 3.877 3.986 4.111 4.253 4.411 4.586 4.777 4.984 5.208 5.449 5.706 5.978 6.236 6.479 6.708 6.921 7.119 7.302 7.471 7.624 7.762 7.885 7.993 8.198 8.418 8.639 8.862 9.087 9.313 9.540 9.770 10.000 10.233 10.467 10.702 10.381 9.968 9.540 9.099 8.643 8.173 7.689 7.191 6.679 6.153 5.613 5.058 5.281 5.650 6.044 6.464 6.911 7.383 7.880 8.404 8.954 9.529 10.130 10.757 10.639
12.703 12.075 11.418 10.476 9.566 8.690 7.845 7.034 6.255 5.510 4.797 4.116 4.054 4.204 4.371 4.554 4.753 4.969 5.202 5.451 5.716 5.998 6.297 6.611 6.857 7.063 7.253 7.429 7.589 7.735 7.866 7.981 8.082 8.167 8.238 8.294 8.471 8.697 8.924 9.152 9.382 9.614 9.847 10.081 10.317 10.555 10.795 11.035 10.768 10.305 9.828 9.337 8.832 8.313 7.779 7.232 6.670 6.095 5.505 4.901 5.054 5.513 5.998 6.509 7.045 7.608 8.196 8.787 9.338 9.868 10.380 10.872 10.737
12.425 11.532 10.672 9.845 9.050 8.288 7.559 6.863 6.199 5.568 4.970 4.405 4.305 4.513 4.738 4.979 5.236 5.510 5.800 6.107 6.430 6.769 7.126 7.498 7.751 7.904 8.042 8.165 8.273 8.365 8.443 8.507 8.555 8.588 8.606 8.609 8.743 8.974 9.206 9.440 9.675 9.912 10.151 10.391 10.632 10.876 11.120 11.367 11.168 10.656 10.130 9.589 9.035 8.466 7.883 7.287 6.676 6.051 5.412 4.759 4.855 5.474 6.073 6.653 7.213 7.754 8.276 8.778 9.260 9.723 10.167 10.591 10.572
11.414 10.636 9.891 9.178 8.499 7.852 7.237 6.656 6.107 5.591 5.108 4.657 4.538 4.804 5.086 5.385 5.700 6.031 6.379 6.744 7.125 7.522 7.936 8.366 8.659 8.759 8.845 8.915 8.970 9.011 9.036 9.047 9.042 9.023 8.988 8.939 9.012 9.249 9.486 9.726 9.966 10.209 10.453 10.698 10.945 11.194 11.444 11.696 11.582 11.021 10.445 9.855 9.251 8.655 8.078 7.512 6.957 6.413 5.881 5.359 5.339 5.890 6.421 6.933 7.426 7.899 8.353 8.787 9.201 9.597 9.973 10.329 10.394
10.368 9.705 9.075 8.477 7.912 7.380 6.881 6.414 5.980 5.579 5.211 4.875 4.753 5.077 5.417 5.773 6.146 6.535 6.941 7.363 7.801 8.256 8.728 9.215 9.581 9.629 9.662 9.680 9.683 9.671 9.643 9.601 9.545 9.473 9.386 9.284 9.280 9.521 9.765 10.009 10.256 10.503 10.753 11.004 11.256 11.510 11.745 11.968 11.928 11.334 10.751 10.180 9.619 9.069 8.531 8.003 7.487 6.981 6.487 6.004 5.841 6.324 6.787 7.232 7.657 8.062 8.448 8.814 9.161 9.489 9.797 10.086 10.202
9.288 8.739 8.224 7.741 7.291 6.874 6.489 6.137 5.818 5.532 5.278 5.056 4.950 5.331 5.729 6.143 6.573 7.020 7.483 7.963 8.459 8.972 9.501 10.046 10.518 10.514 10.494 10.459 10.410 10.345 10.266 10.171 10.062 9.937 9.798 9.644 9.545 9.792 10.041 10.290 10.534 10.772 11.005 11.231 11.451 11.665 11.873 12.076 12.140 11.584 11.040 10.506 9.984 9.473 8.973 8.483 8.005 7.538 7.082 6.637 6.361 6.776 7.172 7.548 7.905 8.243 8.561 8.860 9.139 9.399 9.640 9.861 9.995
8.166 7.739 7.339 6.971 6.636 6.333 6.063 5.826 5.621 5.449 5.310 5.203 5.129 5.568 6.023 6.494 6.982 7.487 8.008 8.545 9.099 9.669 10.255 10.858 11.470 11.412 11.340 11.253 11.151 11.034 10.902 10.754 10.558 10.370 10.190 10.018 9.864 10.105 10.340 10.569 10.793 11.010 11.221 11.427 11.626 11.820 12.007 12.189 12.340 11.823 11.317 10.822 10.338 9.865 9.403 8.952 8.512 8.083 7.665 7.259 6.899 7.246 7.574 7.883 8.173 8.443 8.693 8.924 9.136 9.328 9.501 9.655 9.775
6.965 6.705 6.419 6.166 5.945 5.757 5.601 5.479 5.388 5.331 5.306 5.314 5.354 5.786 6.299 6.828 7.373 7.935 8.514 9.109 9.720 10.348 10.992 11.652 12.308 12.188 11.971 11.762 11.561 11.368 11.184 11.008 10.841 10.681 10.530 10.388 10.253 10.431 10.646 10.854 11.057 11.253 11.444 11.628 11.807 11.980 12.147 12.308 12.463 12.050 11.583 11.126 10.680 10.245 9.822 9.409 9.008 8.617 8.237 7.869 7.511 7.735 7.995 8.236 8.458 8.660 8.843 9.007 9.151 9.276 9.381 9.467 9.534
5.796 5.636 5.465 5.326 5.220 5.146 5.105 5.097 5.121 5.178 5.267 5.389 5.544 5.986 6.556 7.143 7.746 8.352 8.929 9.499 10.063 10.620 11.170 11.713 12.250 12.260 12.071 11.891 11.719 11.556 11.400 11.253 11.115 10.984 10.862 10.748 10.643 10.763 10.957 11.144 11.326 11.502 11.672 11.836 11.994 12.146 12.292 12.433 12.567 12.267 11.837 11.419 11.011 10.615 10.230 9.855 9.492 9.139 8.798 8.468 8.148 8.241 8.434 8.607 8.762 8.896 9.012 9.108 9.184 9.242 9.280 9.298 9.297
4.657 4.533 4.476 4.452 4.460 4.501 4.574 4.680 4.818 4.990 5.241 5.525 5.767 6.183 6.763 7.337 7.904 8.464 9.018 9.565 10.105 10.639 11.166 11.686 12.199 12.323 12.163 12.012 11.869 11.734 11.608 11.490 11.380 11.278 11.185 11.100 11.023 11.100 11.273 11.440 11.601 11.756 11.906 12.049 12.186 12.318 12.443 12.563 12.677 12.472 12.081 11.701 11.331 10.973 10.626 10.290 9.965 9.651 9.347 9.055 8.774 8.765 8.891 8.997 9.083 9.151 9.199 9.227 9.236 9.226 9.196 9.147 9.079
3.549 3.395 3.453 3.776 4.210 4.600 4.948 5.254 5.516 5.736 5.912 6.046 6.137 6.395 6.952 7.503 8.047 8.584 9.114 9.638 10.155 10.665 11.168 11.665 12.155 12.377 12.246 12.124 12.009 11.904 11.806 11.717 11.636 11.563 11.499 11.443 11.395 11.443 11.595 11.741 11.882 12.016 12.145 12.267 12.384 12.495 12.600 12.699 12.792 12.666 12.313 11.971 11.640 11.320 11.011 10.713 10.426 10.150 9.885 9.631 9.388 9.308 9.366 9.404 9.423 9.423 9.404 9.365 9.335 9.346 9.357 9.369 9.382
4.535 4.847 5.216 5.542 5.826 6.067 6.265 6.420 6.532 6.602 6.628 6.612 6.554 6.615 7.148 7.676 8.196 8.710 9.217 9.717 10.211 10.698 11.178 11.651 12.118 12.422 12.320 12.227 12.141 12.064 11.996 11.935 11.883 11.840 11.804 11.777 11.758 11.791 11.923 12.048 12.168 12.282 12.390 12.492 12.588 12.678 12.762 12.841 12.913 12.849 12.535 12.231 11.938 11.656 11.385 11.126 10.877 10.639 10.412 10.196 9.991 9.869 9.876 9.884 9.893 9.903 9.914 9.926 9.938 9.952 9.966 9.981 9.997
6.499 6.958 7.177 7.353 7.487 7.578 7.625 7.631 7.593 7.513 7.390 7.224 7.015 6.841 7.351 7.855 8.352 8.843 9.326 9.803 10.274 10.737 11.194 11.645 12.088 12.458 12.385 12.321 12.265 12.216 12.177 12.145 12.122 12.107 12.100 12.102 12.112 12.145 12.256 12.361 12.460 12.553 12.640 12.722 12.797 12.867 12.930 12.988 13.040 13.022 12.745 12.479 12.225 11.981 11.733 11.491 11.267 11.061 10.873 10.704 10.552 10.450 10.460 10.471 10.483 10.496 10.510 10.524 10.540 10.556 10.573 10.592 10.611
