DATA/SHG/ECMWF/20170628/EN-17/20170628.en-17.asc
ncols        190
nrows        64
xllcorner    -5100000.000000000000
yllcorner    4130000.000000000000
cellsize     10000.000000000000
NODATA_value  -99999.000
[rows 0 to 32 of 64, columns 0 to 73 of 190]
4.717 4.872 5.035 5.206 5.385 5.573 5.768 5.973 6.185 6.119 5.954 5.776 5.588 5.388 5.177 4.954 4.720 4.475 4.218 4.000 3.806 3.668 3.553 3.438 3.321 3.205 3.088 2.970 2.852 2.733 2.613 2.494 2.373 2.449 2.649 2.847 3.043 3.237 3.429 3.619 3.808 3.994 4.178 4.361 4.541 4.607 4.577 4.548 4.522 4.499 4.478 4.459 4.443 4.429 4.418 4.409 4.403 4.430 4.481 4.511 4.521 4.510 4.479 4.427 4.355 4.262 4.149 4.015 3.860 3.752 3.748 3.748 3.752 3.758
4.407 4.591 4.783 4.984 5.192 5.409 5.634 5.868 6.109 6.087 5.881 5.663 5.420 5.188 4.966 4.756 4.557 4.369 4.192 4.026 3.872 3.741 3.624 3.507 3.389 3.270 3.151 3.032 2.911 2.791 2.670 2.548 2.426 2.451 2.644 2.835 3.024 3.211 3.397 3.580 3.762 3.941 4.118 4.294 4.467 4.563 4.540 4.521 4.503 4.488 4.476 4.466 4.458 4.453 4.451 4.450 4.452 4.453 4.432 4.390 4.327 4.245 4.141 4.018 3.873 3.708 3.523 3.317 3.091 2.909 2.918 2.930 2.946 2.965
4.089 4.302 4.524 4.753 4.991 5.223 5.439 5.639 5.821 5.806 5.580 5.364 5.160 4.967 4.785 4.614 4.454 4.305 4.168 4.041 3.926 3.815 3.696 3.577 3.457 3.336 3.215 3.094 2.972 2.849 2.726 2.603 2.479 2.454 2.641 2.825 3.008 3.188 3.366 3.543 3.717 3.890 4.061 4.229 4.396 4.515 4.502 4.491 4.482 4.475 4.472 4.470 4.471 4.475 4.480 4.489 4.500 4.495 4.402 4.288 4.154 3.999 3.824 3.628 3.412 3.175 2.918 2.640 2.432 2.272 2.391 2.508 2.621 2.731
3.940 4.180 4.404 4.611 4.801 4.976 5.133 5.274 5.399 5.416 5.229 5.053 4.888 4.734 4.591 4.460 4.339 4.230 4.131 4.044 3.968 3.889 3.768 3.647 3.525 3.403 3.280 3.156 3.033 2.908 2.783 2.658 2.532 2.460 2.640 2.817 2.993 3.166 3.338 3.508 3.675 3.841 4.005 4.167 4.326 4.466 4.461 4.458 4.458 4.460 4.465 4.472 4.482 4.494 4.508 4.525 4.544 4.557 4.392 4.207 4.000 3.782 3.569 3.360 3.156 2.956 2.761 2.571 2.386 2.205 2.308 2.414 2.516 2.616
4.001 4.183 4.348 4.497 4.630 4.746 4.845 4.929 4.996 5.015 4.867 4.730 4.604 4.490 4.386 4.294 4.213 4.142 4.083 4.035 3.998 3.963 3.840 3.717 3.594 3.469 3.345 3.220 3.094 2.968 2.841 2.714 2.586 2.468 2.641 2.811 2.980 3.147 3.312 3.474 3.635 3.794 3.951 4.106 4.259 4.410 4.417 4.423 4.432 4.443 4.456 4.471 4.490 4.500 4.479 4.462 4.446 4.434 4.237 4.025 3.819 3.617 3.420 3.228 3.040 2.856 2.678 2.504 2.334 2.170 2.228 2.323 2.415 2.503
4.080 4.203 4.311 4.402 4.476 4.534 4.576 4.601 4.610 4.602 4.493 4.396 4.309 4.234 4.170 4.116 4.074 4.043 4.024 4.015 4.017 4.030 3.913 3.788 3.663 3.537 3.410 3.283 3.156 3.028 2.899 2.770 2.640 2.510 2.644 2.808 2.969 3.129 3.287 3.443 3.597 3.749 3.899 4.047 4.193 4.338 4.354 4.324 4.297 4.273 4.251 4.232 4.215 4.202 4.191 4.182 4.176 4.173 4.019 3.824 3.634 3.448 3.267 3.091 2.919 2.752 2.590 2.432 2.279 2.131 2.152 2.235 2.316 2.394
4.176 4.242 4.291 4.324 4.341 4.341 4.325 4.292 4.243 4.178 4.108 4.050 4.003 3.967 3.942 3.928 3.925 3.933 3.952 3.982 4.024 4.076 3.987 3.860 3.733 3.605 3.476 3.347 3.218 3.088 2.958 2.827 2.695 2.563 2.649 2.806 2.961 3.114 3.265 3.391 3.498 3.601 3.700 3.796 3.888 3.977 3.987 3.967 3.949 3.934 3.922 3.912 3.905 3.901 3.899 3.900 3.904 3.911 3.797 3.618 3.444 3.275 3.110 2.950 2.795 2.644 2.498 2.356 2.220 2.087 2.078 2.151 2.221 2.287
4.291 4.299 4.290 4.265 4.224 4.166 4.092 4.002 3.895 3.772 3.712 3.693 3.685 3.688 3.702 3.727 3.763 3.811 3.869 3.938 4.019 4.111 4.061 3.932 3.803 3.673 3.543 3.412 3.281 3.149 3.017 2.884 2.722 2.555 2.560 2.672 2.780 2.885 2.986 3.084 3.178 3.268 3.355 3.438 3.517 3.593 3.619 3.608 3.599 3.594 3.591 3.591 3.593 3.598 3.606 3.617 3.630 3.646 3.571 3.409 3.251 3.098 2.949 2.806 2.666 2.532 2.402 2.276 2.156 2.040 2.007 2.069 2.128 2.184
4.423 4.373 4.307 4.224 4.125 4.009 3.878 3.729 3.565 3.384 3.304 3.324 3.355 3.398 3.451 3.515 3.590 3.677 3.774 3.883 4.002 4.133 4.135 4.004 3.873 3.687 3.503 3.323 3.148 2.978 2.814 2.654 2.500 2.351 2.319 2.419 2.515 2.607 2.695 2.780 2.862 2.939 3.013 3.084 3.151 3.214 3.248 3.246 3.248 3.251 3.258 3.267 3.279 3.294 3.311 3.331 3.353 3.378 3.341 3.195 3.053 2.916 2.784 2.656 2.533 2.415 2.301 2.192 2.088 1.988 1.939 1.990 2.039 2.084
4.573 4.466 4.341 4.201 4.044 3.871 3.681 3.475 3.253 3.014 2.885 2.944 3.015 3.096 3.188 3.291 3.406 3.528 3.627 3.720 3.806 3.886 3.867 3.684 3.507 3.335 3.168 3.006 2.850 2.698 2.551 2.410 2.273 2.142 2.083 2.170 2.253 2.333 2.409 2.481 2.550 2.615 2.676 2.734 2.788 2.839 2.875 2.883 2.893 2.907 2.923 2.941 2.963 2.986 3.013 3.042 3.074 3.109 3.107 2.977 2.851 2.731 2.615 2.503 2.396 2.294 2.196 2.103 2.015 1.931 1.874 1.915 1.952 1.986
4.742 4.576 4.394 4.196 3.981 3.750 3.503 3.239 2.959 2.663 2.466 2.589 2.704 2.813 2.916 3.012 3.102 3.185 3.261 3.331 3.395 3.452 3.456 3.292 3.132 2.978 2.829 2.685 2.546 2.412 2.284 2.160 2.041 1.928 1.851 1.925 1.996 2.063 2.126 2.186 2.242 2.294 2.343 2.388 2.430 2.468 2.500 2.517 2.537 2.560 2.585 2.613 2.644 2.677 2.713 2.752 2.793 2.837 2.868 2.755 2.646 2.541 2.441 2.346 2.255 2.169 2.087 2.011 1.938 1.871 1.813 1.842 1.869 1.892
4.928 4.704 4.465 4.184 3.882 3.590 3.306 3.030 2.763 2.505 2.291 2.390 2.483 2.569 2.649 2.722 2.789 2.849 2.903 2.950 2.990 3.025 3.040 2.894 2.753 2.616 2.485 2.359 2.238 2.122 2.011 1.905 1.805 1.709 1.623 1.685 1.743 1.797 1.847 1.894 1.938 1.978 2.014 2.046 2.075 2.101 2.123 2.149 2.179 2.211 2.246 2.283 2.323 2.366 2.411 2.459 2.510 2.563 2.619 2.528 2.435 2.347 2.263 2.184 2.110 2.040 1.974 1.947 1.953 1.967 1.990 2.087 2.197 2.312
4.720 4.423 4.135 3.855 3.584 3.322 3.068 2.822 2.585 2.356 2.136 2.199 2.269 2.333 2.389 2.440 2.484 2.521 2.552 2.576 2.594 2.605 2.610 2.492 2.368 2.250 2.137 2.028 1.925 1.827 1.734 1.646 1.563 1.485 1.413 1.448 1.493 1.535 1.573 1.607 1.638 1.665 1.689 1.709 1.725 1.738 1.747 1.779 1.818 1.860 1.904 1.951 2.000 2.052 2.107 2.164 2.224 2.287 2.352 2.298 2.254 2.232 2.217 2.211 2.213 2.223 2.241 2.267 2.301 2.344 2.394 2.504 2.634 2.769
4.293 4.026 3.768 3.518 3.277 3.045 2.821 2.605 2.398 2.199 2.009 2.016 2.063 2.103 2.137 2.165 2.186 2.200 2.208 2.210 2.205 2.193 2.175 2.085 1.979 1.879 1.783 1.693 1.608 1.527 1.452 1.382 1.317 1.257 1.202 1.215 1.248 1.277 1.303 1.324 1.343 1.357 1.368 1.376 1.379 1.380 1.376 1.407 1.456 1.506 1.560 1.616 1.675 1.785 1.902 2.016 2.127 2.236 2.343 2.369 2.367 2.373 2.387 2.409 2.439 2.477 2.524 2.578 2.641 2.712 2.790 2.914 3.065 3.221
3.857 3.620 3.392 3.173 2.961 2.759 2.565 2.379 2.202 2.033 1.873 1.839 1.863 1.881 1.892 1.897 1.895 1.887 1.872 1.851 1.823 1.788 1.748 1.673 1.585 1.503 1.425 1.353 1.285 1.223 1.165 1.113 1.066 1.024 0.986 0.987 1.007 1.023 1.036 1.045 1.051 1.053 1.051 1.046 1.038 1.025 1.082 1.179 1.303 1.423 1.541 1.657 1.769 1.880 1.987 2.092 2.195 2.295 2.392 2.446 2.472 2.506 2.549 2.599 2.658 2.724 2.799 2.881 2.972 3.071 3.178 3.319 3.489 3.666
3.413 3.206 3.008 2.818 2.637 2.464 2.300 2.144 1.997 1.859 1.728 1.670 1.671 1.666 1.655 1.636 1.612 1.581 1.543 1.499 1.448 1.391 1.328 1.257 1.187 1.122 1.062 1.007 0.958 0.913 0.874 0.839 0.810 0.785 0.766 0.762 0.770 0.774 0.780 0.823 0.871 0.922 0.977 1.037 1.100 1.167 1.238 1.331 1.445 1.556 1.665 1.772 1.875 1.977 2.075 2.171 2.265 2.356 2.444 2.515 2.569 2.632 2.702 2.781 2.868 2.963 3.065 3.176 3.296 3.423 3.558 3.717 3.908 4.104
2.959 2.783 2.614 2.455 2.304 2.161 2.027 1.901 1.783 1.675 1.574 1.508 1.487 1.459 1.424 1.383 1.336 1.282 1.222 1.155 1.081 1.002 0.915 0.836 0.784 0.736 0.695 0.658 0.626 0.599 0.577 0.572 0.596 0.620 0.643 0.673 0.718 0.767 0.821 0.878 0.939 1.005 1.074 1.147 1.224 1.305 1.390 1.484 1.589 1.692 1.792 1.889 1.984 2.076 2.166 2.253 2.337 2.419 2.499 2.576 2.658 2.749 2.848 2.955 3.070 3.193 3.324 3.463 3.611 3.766 3.929 4.109 4.320 4.537
2.498 2.351 2.213 2.083 1.961 1.849 1.744 1.648 1.561 1.482 1.412 1.353 1.309 1.258 1.201 1.138 1.067 0.991 0.908 0.818 0.722 0.619 0.510 0.410 0.402 0.427 0.451 0.475 0.499 0.523 0.546 0.570 0.593 0.616 0.639 0.668 0.727 0.790 0.858 0.929 1.004 1.083 1.166 1.253 1.344 1.439 1.538 1.640 1.736 1.830 1.921 2.009 2.095 2.178 2.259 2.337 2.412 2.485 2.555 2.629 2.740 2.859 2.986 3.121 3.264 3.415 3.575 3.742 3.917 4.101 4.293 4.496 4.727 4.964
2.027 1.910 1.802 1.702 1.610 1.528 1.453 1.387 1.329 1.280 1.240 1.206 1.139 1.065 0.985 0.899 0.806 0.728 0.663 0.600 0.540 0.483 0.429 0.380 0.404 0.427 0.451 0.475 0.498 0.521 0.544 0.567 0.590 0.613 0.635 0.659 0.732 0.809 0.890 0.975 1.064 1.157 1.254 1.355 1.460 1.569 1.682 1.798 1.885 1.970 2.052 2.131 2.208 2.282 2.354 2.423 2.489 2.553 2.615 2.674 2.813 2.960 3.115 3.279 3.450 3.629 3.817 4.013 4.216 4.428 4.648 4.876 5.127 5.384
1.548 1.461 1.383 1.312 1.251 1.198 1.153 1.117 1.089 1.070 1.071 1.068 1.003 0.934 0.867 0.803 0.742 0.684 0.628 0.575 0.524 0.476 0.431 0.389 0.405 0.428 0.451 0.474 0.497 0.520 0.542 0.565 0.587 0.609 0.631 0.653 0.733 0.824 0.919 1.018 1.121 1.227 1.338 1.453 1.572 1.695 1.821 1.952 2.037 2.112 2.185 2.256 2.323 2.389 2.451 2.511 2.569 2.624 2.676 2.726 2.878 3.053 3.237 3.428 3.628 3.836 4.051 4.275 4.507 4.747 4.995 5.251 5.521 5.799
1.060 1.003 0.954 0.985 1.009 1.025 1.034 1.035 1.029 1.015 0.993 0.965 0.909 0.850 0.792 0.738 0.686 0.637 0.590 0.547 0.505 0.467 0.431 0.398 0.407 0.429 0.452 0.474 0.497 0.519 0.541 0.563 0.584 0.606 0.627 0.649 0.729 0.834 0.943 1.056 1.173 1.294 1.418 1.547 1.680 1.816 1.957 2.101 2.191 2.257 2.321 2.382 2.441 2.498 2.551 2.602 2.651 2.697 2.740 2.781 2.935 3.139 3.350 3.570 3.798 4.034 4.277 4.508 4.704 4.900 5.094 5.287 5.499 5.726
1.064 1.084 1.096 1.101 1.098 1.088 1.070 1.045 1.012 0.972 0.924 0.869 0.813 0.763 0.715 0.670 0.627 0.587 0.550 0.516 0.484 0.454 0.428 0.404 0.408 0.431 0.453 0.475 0.496 0.518 0.539 0.561 0.582 0.603 0.624 0.644 0.722 0.841 0.963 1.090 1.221 1.355 1.494 1.637 1.783 1.933 2.088 2.246 2.347 2.404 2.459 2.512 2.561 2.609 2.653 2.696 2.735 2.772 2.807 2.839 2.973 3.174 3.374 3.573 3.771 3.967 4.162 4.355 4.548 4.739 4.929 5.117 5.339 5.591
1.267 1.261 1.247 1.225 1.196 1.159 1.115 1.064 1.004 0.938 0.864 0.782 0.714 0.673 0.635 0.599 0.566 0.535 0.507 0.482 0.459 0.439 0.422 0.407 0.410 0.432 0.453 0.475 0.496 0.517 0.538 0.559 0.580 0.600 0.620 0.641 0.710 0.843 0.980 1.120 1.265 1.413 1.566 1.722 1.882 2.047 2.215 2.387 2.505 2.554 2.600 2.643 2.684 2.709 2.724 2.737 2.747 2.754 2.759 2.762 2.853 3.050 3.246 3.440 3.633 3.825 4.016 4.205 4.393 4.579 4.765 4.949 5.173 5.450
1.479 1.446 1.405 1.357 1.301 1.238 1.168 1.090 1.004 0.911 0.811 0.703 0.613 0.581 0.552 0.525 0.501 0.480 0.461 0.445 0.432 0.421 0.413 0.408 0.412 0.433 0.454 0.475 0.496 0.517 0.537 0.557 0.577 0.597 0.617 0.637 0.695 0.841 0.992 1.146 1.305 1.467 1.633 1.803 1.977 2.156 2.328 2.492 2.608 2.626 2.643 2.656 2.668 2.676 2.683 2.687 2.688 2.687 2.684 2.678 2.735 2.927 3.119 3.309 3.497 3.685 3.871 4.055 4.239 4.421 4.602 4.782 4.999 5.302
1.698 1.638 1.571 1.497 1.415 1.326 1.229 1.125 1.013 0.893 0.766 0.632 0.508 0.486 0.466 0.449 0.434 0.422 0.413 0.406 0.402 0.401 0.402 0.406 0.414 0.435 0.455 0.476 0.496 0.516 0.536 0.556 0.575 0.595 0.614 0.633 0.675 0.836 1.000 1.188 1.373 1.553 1.726 1.894 2.055 2.211 2.360 2.504 2.620 2.630 2.638 2.643 2.646 2.646 2.644 2.639 2.632 2.623 2.611 2.596 2.618 2.806 2.993 3.178 3.363 3.545 3.727 3.908 4.087 4.264 4.441 4.616 4.819 5.147
1.924 1.839 1.746 1.645 1.537 1.421 1.298 1.167 1.029 0.883 0.730 0.570 0.401 0.388 0.377 0.370 0.364 0.361 0.361 0.364 0.369 0.377 0.388 0.401 0.417 0.437 0.457 0.477 0.496 0.516 0.535 0.555 0.599 0.649 0.706 0.770 0.842 1.025 1.201 1.372 1.536 1.695 1.848 1.994 2.135 2.270 2.399 2.521 2.634 2.636 2.635 2.632 2.626 2.618 2.607 2.594 2.579 2.561 2.540 2.517 2.502 2.686 2.868 3.049 3.229 3.408 3.585 3.761 3.936 4.109 4.281 4.452 4.632 4.985
2.145 2.048 1.928 1.801 1.667 1.525 1.375 1.218 1.054 0.882 0.702 0.515 0.321 0.288 0.286 0.288 0.292 0.298 0.307 0.319 0.334 0.351 0.371 0.393 0.418 0.439 0.467 0.501 0.541 0.589 0.642 0.702 0.769 0.843 0.923 1.009 1.102 1.256 1.412 1.561 1.705 1.843 1.975 2.101 2.221 2.335 2.443 2.545 2.641 2.644 2.635 2.623 2.609 2.592 2.573 2.551 2.527 2.501 2.472 2.441 2.407 2.567 2.745 2.922 3.097 3.271 3.444 3.616 3.786 3.955 4.123 4.289 4.454 4.817
2.360 2.265 2.119 1.965 1.804 1.636 1.460 1.277 1.086 0.888 0.682 0.469 0.248 0.185 0.193 0.203 0.216 0.240 0.278 0.312 0.340 0.365 0.384 0.398 0.408 0.442 0.493 0.550 0.613 0.683 0.760 0.843 0.933 1.029 1.132 1.242 1.358 1.493 1.628 1.757 1.880 1.997 2.108 2.213 2.312 2.405 2.493 2.574 2.650 2.655 2.637 2.617 2.594 2.569 2.541 2.511 2.479 2.444 2.406 2.367 2.324 2.450 2.623 2.796 2.967 3.136 3.305 3.472 3.638 3.802 3.966 4.128 4.288 4.643
2.568 2.489 2.317 2.137 1.950 1.756 1.554 1.344 1.127 0.903 0.693 0.499 0.291 0.217 0.258 0.294 0.325 0.351 0.373 0.390 0.402 0.410 0.412 0.410 0.404 0.438 0.512 0.592 0.678 0.771 0.871 0.977 1.090 1.209 1.335 1.467 1.606 1.735 1.849 1.958 2.060 2.156 2.246 2.331 2.409 2.482 2.549 2.609 2.664 2.668 2.642 2.613 2.582 2.548 2.512 2.473 2.432 2.389 2.343 2.295 2.244 2.334 2.503 2.671 2.838 3.003 3.167 3.330 3.491 3.651 3.810 3.968 4.124 4.461
2.770 2.722 2.524 2.361 2.211 2.049 1.873 1.685 1.483 1.269 1.042 0.801 0.548 0.400 0.424 0.443 0.458 0.468 0.473 0.473 0.469 0.460 0.446 0.427 0.404 0.427 0.524 0.627 0.736 0.852 0.975 1.104 1.239 1.382 1.530 1.686 1.848 1.983 2.077 2.164 2.246 2.321 2.391 2.455 2.513 2.564 2.610 2.650 2.684 2.684 2.649 2.612 2.572 2.530 2.485 2.438 2.389 2.337 2.282 2.226 2.166 2.219 2.384 2.548 2.710 2.871 3.030 3.189 3.340 3.481 3.619 3.757 3.892 4.159
3.388 3.393 3.224 3.042 2.847 2.639 2.418 2.184 1.937 1.677 1.404 1.118 0.819 0.588 0.595 0.598 0.596 0.589 0.578 0.561 0.541 0.515 0.484 0.449 0.409 0.409 0.529 0.655 0.787 0.926 1.071 1.223 1.382 1.547 1.719 1.897 2.082 2.237 2.310 2.377 2.438 2.492 2.541 2.584 2.621 2.653 2.678 2.697 2.711 2.702 2.659 2.613 2.565 2.514 2.461 2.405 2.347 2.287 2.224 2.159 2.091 2.100 2.247 2.392 2.535 2.677 2.817 2.955 3.091 3.226 3.359 3.490 3.619 3.830
4.242 4.179 3.964 3.737 3.496 3.242 2.976 2.696 2.403 2.098 1.779 1.448 1.103 0.780 0.771 0.757 0.739 0.715 0.687 0.655 0.617 0.575 0.528 0.476 0.420 0.385 0.527 0.676 0.831 0.993 1.161 1.336 1.518 1.706 1.900 2.101 2.309 2.497 2.549 2.595 2.635 2.669 2.697 2.720 2.736 2.747 2.751 2.750 2.743 2.723 2.671 2.616 2.560 2.500 2.467 2.438 2.387 2.316 2.225 2.113 1.980 1.896 2.037 2.176 2.313 2.449 2.583 2.715 2.845 2.973 3.100 3.225 3.348 3.515
5.126 4.971 4.718 4.445 4.158 3.859 3.547 3.222 2.884 2.532 2.168 1.791 1.401 0.998 0.952 0.922 0.886 0.847 0.802 0.753 0.698 0.640 0.576 0.508 0.435 0.357 0.518 0.690 0.868 1.053 1.244 1.442 1.646 1.857 2.075 2.299 2.529 2.762 2.793 2.819 2.838 2.852 2.859 2.861 2.857 2.847 2.830 2.871 2.938 3.002 3.004 2.985 2.945 2.885 2.804 2.702 2.580 2.437 2.274 2.089 1.884 1.694 1.828 1.961 2.093 2.222 2.350 2.476 2.600 2.723 2.844 2.962 3.080 3.212
