DATA/SHG/ECMWF/20170628/EN-17/20170701.en-17.asc
ncols        190
nrows        64
xllcorner    -5100000.000000000000
yllcorner    4130000.000000000000
cellsize     10000.000000000000
NODATA_value  -99999.000
[rows 0 to 32 of 64, columns 0 to 72 of 190]
7.039 7.150 7.258 7.362 7.463 7.561 7.656 7.747 7.835 8.290 8.870 9.459 10.056 10.663 11.277 11.901 12.532 13.173 13.822 14.299 14.697 14.653 14.417 14.184 13.954 13.728 13.506 13.288 13.073 12.862 12.655 12.451 12.251 12.227 12.299 12.350 12.381 12.392 12.382 12.352 12.301 12.231 12.139 12.027 11.895 11.632 11.276 10.932 10.599 10.277 9.967 9.668 9.381 9.106 8.842 8.589 8.348 8.070 7.755 7.460 7.186 6.933 6.701 6.489 6.299 6.129 5.980 5.852 5.745 5.678 5.650 5.620 5.588
7.805 7.904 8.000 8.093 8.182 8.268 8.351 8.430 8.506 8.902 9.513 10.132 10.647 11.133 11.594 12.029 12.438 12.822 13.180 13.513 13.820 13.832 13.608 13.388 13.172 12.959 12.750 12.544 12.343 12.144 11.950 11.759 11.572 11.480 11.480 11.460 11.420 11.359 11.277 11.175 11.053 10.911 10.748 10.565 10.361 10.100 9.785 9.481 9.189 8.908 8.638 8.380 8.134 7.898 7.675 7.463 7.262 7.050 6.808 6.586 6.386 6.206 6.047 5.909 5.791 5.695 5.619 5.564 5.530 5.510 5.477 5.443 5.407
8.574 8.661 8.745 8.826 8.895 8.922 8.941 8.952 8.955 9.179 9.651 10.099 10.520 10.916 11.286 11.631 11.950 12.244 12.512 12.754 12.971 13.008 12.797 12.590 12.387 12.187 11.991 11.798 11.609 11.424 11.243 11.065 10.891 10.756 10.684 10.592 10.480 10.348 10.195 10.021 9.828 9.614 9.379 9.125 8.850 8.559 8.285 8.021 7.769 7.529 7.300 7.082 6.876 6.682 6.499 6.327 6.167 6.011 5.842 5.694 5.566 5.460 5.374 5.309 5.265 5.241 5.239 5.257 5.256 5.242 5.155 5.070 4.986
9.226 9.256 9.279 9.294 9.301 9.300 9.291 9.274 9.249 9.351 9.733 10.090 10.421 10.727 11.007 11.261 11.490 11.694 11.872 12.024 12.151 12.181 11.983 11.789 11.599 11.412 11.229 11.049 10.874 10.701 10.533 10.368 10.207 10.053 9.910 9.747 9.563 9.359 9.135 8.890 8.625 8.339 8.033 7.707 7.361 7.009 6.775 6.552 6.341 6.141 5.952 5.775 5.610 5.456 5.313 5.182 5.062 4.953 4.858 4.783 4.732 4.738 4.741 4.741 4.740 4.736 4.729 4.720 4.709 4.696 4.615 4.535 4.456
9.751 9.754 9.749 9.736 9.715 9.686 9.649 9.604 9.552 9.550 9.842 10.108 10.349 10.565 10.755 10.919 11.058 11.172 11.260 11.322 11.359 11.352 11.167 10.986 10.809 10.635 10.465 10.298 10.135 9.976 9.820 9.668 9.520 9.373 9.158 8.924 8.668 8.393 8.097 7.781 7.444 7.087 6.710 6.313 5.895 5.457 5.256 5.074 4.903 4.744 4.596 4.459 4.334 4.248 4.253 4.255 4.254 4.249 4.252 4.254 4.253 4.251 4.245 4.238 4.228 4.216 4.201 4.184 4.165 4.143 4.075 4.000 3.926
10.285 10.260 10.227 10.186 10.137 10.080 10.015 9.943 9.862 9.776 9.978 10.154 10.305 10.431 10.531 10.605 10.654 10.678 10.676 10.648 10.595 10.516 10.349 10.180 10.016 9.855 9.698 9.544 9.394 9.248 9.105 8.966 8.830 8.699 8.429 8.122 7.796 7.449 7.082 6.694 6.286 5.858 5.410 4.941 4.452 3.942 3.797 3.815 3.829 3.840 3.848 3.851 3.852 3.849 3.842 3.832 3.818 3.800 3.793 3.786 3.778 3.767 3.753 3.738 3.720 3.699 3.676 3.651 3.624 3.594 3.534 3.464 3.396
10.827 10.774 10.713 10.644 10.567 10.482 10.389 10.289 10.181 10.064 10.142 10.228 10.289 10.325 10.335 10.319 10.278 10.212 10.120 10.002 9.859 9.691 9.527 9.372 9.220 9.072 8.928 8.787 8.650 8.517 8.387 8.261 8.138 8.019 7.721 7.343 6.945 6.527 6.088 5.673 5.296 4.930 4.575 4.231 3.899 3.578 3.488 3.494 3.496 3.495 3.490 3.481 3.469 3.454 3.434 3.412 3.386 3.356 3.336 3.322 3.305 3.286 3.264 3.240 3.214 3.185 3.154 3.121 3.085 3.047 2.992 2.928 2.864
11.377 11.295 11.206 11.110 11.005 10.892 10.772 10.643 10.507 10.363 10.332 10.329 10.300 10.246 10.166 10.060 9.930 9.773 9.592 9.384 9.152 8.893 8.703 8.561 8.422 8.287 8.156 8.028 7.904 7.783 7.666 7.553 7.435 7.314 7.022 6.628 6.245 5.873 5.513 5.164 4.826 4.500 4.185 3.881 3.589 3.308 3.184 3.177 3.167 3.153 3.136 3.115 3.091 3.063 3.031 2.996 2.958 2.916 2.883 2.860 2.835 2.808 2.778 2.746 2.711 2.675 2.636 2.594 2.550 2.504 2.450 2.391 2.332
11.934 11.825 11.708 11.583 11.451 11.310 11.162 11.006 10.842 10.670 10.550 10.457 10.338 10.194 10.025 9.829 9.609 9.363 9.091 8.795 8.472 8.124 7.877 7.748 7.622 7.499 7.377 7.255 7.134 7.013 6.893 6.773 6.653 6.534 6.303 5.948 5.605 5.273 4.953 4.644 4.346 4.059 3.784 3.520 3.268 3.027 2.884 2.865 2.842 2.816 2.786 2.753 2.716 2.676 2.632 2.585 2.534 2.479 2.432 2.401 2.368 2.333 2.295 2.255 2.212 2.167 2.120 2.070 2.018 1.964 1.908 1.853 1.800
12.499 12.363 12.218 12.065 11.905 11.737 11.561 11.377 11.185 10.985 10.796 10.613 10.404 10.170 9.911 9.626 9.316 8.971 8.558 8.151 7.752 7.361 7.071 6.949 6.828 6.707 6.586 6.466 6.347 6.227 6.109 5.990 5.872 5.755 5.572 5.258 4.955 4.663 4.382 4.113 3.855 3.608 3.373 3.149 2.936 2.734 2.587 2.556 2.521 2.482 2.440 2.395 2.346 2.293 2.237 2.177 2.114 2.047 1.985 1.946 1.904 1.861 1.815 1.766 1.715 1.662 1.607 1.549 1.489 1.426 1.364 1.315 1.267
13.073 12.908 12.735 12.555 12.367 12.171 11.967 11.755 11.536 11.308 11.007 10.568 10.136 9.711 9.294 8.884 8.482 8.087 7.700 7.320 6.947 6.582 6.275 6.155 6.035 5.915 5.797 5.678 5.560 5.442 5.325 5.209 5.092 4.976 4.832 4.557 4.294 4.041 3.801 3.571 3.353 3.146 2.950 2.766 2.593 2.431 2.295 2.251 2.204 2.153 2.099 2.041 1.979 1.914 1.846 1.774 1.698 1.619 1.540 1.493 1.443 1.392 1.337 1.281 1.222 1.161 1.097 1.031 0.963 0.892 0.821 0.776 0.733
13.654 13.461 13.261 12.929 12.487 12.050 11.617 11.189 10.766 10.347 9.932 9.519 9.113 8.715 8.324 7.941 7.565 7.196 6.835 6.481 6.135 5.796 5.479 5.361 5.242 5.125 5.007 4.891 4.774 4.658 4.543 4.428 4.313 4.199 4.081 3.846 3.622 3.410 3.209 3.019 2.840 2.673 2.517 2.373 2.239 2.117 2.007 1.950 1.891 1.827 1.761 1.691 1.617 1.540 1.459 1.374 1.287 1.195 1.100 1.043 0.985 0.925 0.863 0.798 0.731 0.662 0.590 0.586 0.637 0.690 0.746 0.843 0.950
13.037 12.598 12.163 11.733 11.307 10.887 10.470 10.059 9.651 9.249 8.851 8.464 8.084 7.712 7.348 6.991 6.641 6.299 5.964 5.636 5.316 5.004 4.699 4.567 4.451 4.335 4.219 4.104 3.989 3.875 3.761 3.647 3.534 3.422 3.309 3.124 2.940 2.767 2.606 2.456 2.317 2.190 2.073 1.969 1.875 1.793 1.722 1.653 1.581 1.506 1.427 1.344 1.258 1.169 1.076 0.979 0.879 0.775 0.668 0.596 0.605 0.646 0.691 0.737 0.786 0.838 0.893 0.949 1.009 1.071 1.135 1.245 1.372
11.789 11.366 10.947 10.534 10.124 9.720 9.320 8.925 8.534 8.148 7.766 7.402 7.049 6.703 6.365 6.034 5.711 5.395 5.086 4.785 4.491 4.205 3.926 3.775 3.660 3.545 3.431 3.318 3.205 3.092 2.980 2.868 2.756 2.645 2.535 2.392 2.248 2.115 1.993 1.883 1.783 1.696 1.619 1.554 1.500 1.457 1.426 1.361 1.276 1.189 1.097 1.002 0.904 0.861 0.837 0.820 0.812 0.812 0.820 0.855 0.903 0.954 1.007 1.062 1.120 1.181 1.244 1.309 1.378 1.448 1.522 1.641 1.788
10.537 10.130 9.728 9.331 8.938 8.550 8.166 7.787 7.413 7.043 6.678 6.335 6.008 5.688 5.376 5.071 4.774 4.484 4.202 3.927 3.659 3.399 3.147 2.983 2.870 2.757 2.645 2.533 2.421 2.310 2.199 2.089 1.979 1.870 1.761 1.649 1.544 1.451 1.369 1.298 1.239 1.191 1.154 1.128 1.114 1.111 1.152 1.139 1.094 1.057 1.028 1.008 0.995 0.991 0.995 1.007 1.028 1.056 1.093 1.142 1.199 1.258 1.320 1.384 1.451 1.520 1.592 1.667 1.744 1.823 1.905 2.030 2.197
9.282 8.892 8.506 8.125 7.749 7.377 7.009 6.647 6.289 5.935 5.586 5.260 4.960 4.666 4.380 4.102 3.831 3.567 3.311 3.062 2.821 2.587 2.360 2.192 2.080 1.969 1.858 1.748 1.638 1.529 1.419 1.311 1.203 1.095 0.987 0.896 0.831 0.777 0.747 0.794 0.839 0.883 0.925 0.966 1.005 1.043 1.079 1.089 1.073 1.064 1.064 1.072 1.088 1.113 1.145 1.186 1.235 1.292 1.357 1.426 1.491 1.560 1.630 1.703 1.779 1.857 1.938 2.021 2.107 2.195 2.286 2.414 2.601
8.024 7.650 7.281 6.916 6.556 6.200 5.849 5.503 5.161 4.824 4.491 4.180 3.905 3.638 3.378 3.126 2.881 2.644 2.414 2.191 1.976 1.768 1.568 1.402 1.292 1.182 1.073 0.964 0.856 0.748 0.640 0.566 0.566 0.567 0.568 0.584 0.630 0.674 0.717 0.759 0.799 0.837 0.874 0.910 0.944 0.976 1.008 1.031 1.043 1.063 1.092 1.128 1.173 1.226 1.287 1.357 1.434 1.520 1.614 1.707 1.781 1.858 1.937 2.019 2.104 2.191 2.280 2.372 2.467 2.564 2.663 2.791 2.998
6.763 6.406 6.053 5.704 5.360 5.021 4.686 4.356 4.030 3.709 3.393 3.093 2.844 2.603 2.370 2.144 1.925 1.714 1.510 1.313 1.124 0.943 0.768 0.612 0.553 0.552 0.550 0.550 0.550 0.550 0.551 0.553 0.555 0.557 0.560 0.571 0.611 0.651 0.688 0.725 0.760 0.793 0.825 0.855 0.884 0.912 0.938 0.964 1.005 1.054 1.111 1.176 1.250 1.331 1.421 1.519 1.625 1.739 1.862 1.985 2.068 2.154 2.242 2.333 2.426 2.522 2.620 2.721 2.824 2.930 3.038 3.163 3.390
5.499 5.158 4.821 4.489 4.161 3.838 3.519 3.206 2.896 2.591 2.291 1.999 1.777 1.562 1.355 1.155 0.962 0.857 0.799 0.741 0.686 0.631 0.577 0.527 0.526 0.526 0.527 0.528 0.530 0.533 0.535 0.539 0.543 0.547 0.552 0.559 0.594 0.629 0.661 0.693 0.722 0.751 0.777 0.803 0.826 0.849 0.870 0.890 0.959 1.037 1.122 1.216 1.318 1.428 1.547 1.673 1.808 1.951 2.101 2.260 2.352 2.447 2.544 2.643 2.745 2.850 2.957 3.066 3.178 3.293 3.410 3.530 3.775
4.232 3.907 3.586 3.270 2.959 2.652 2.350 2.052 1.759 1.470 1.309 1.168 1.099 1.039 0.980 0.922 0.866 0.810 0.756 0.703 0.651 0.600 0.551 0.502 0.499 0.501 0.503 0.506 0.510 0.514 0.519 0.525 0.530 0.537 0.544 0.551 0.579 0.608 0.636 0.662 0.686 0.710 0.731 0.751 0.770 0.787 0.803 0.818 0.905 1.011 1.126 1.248 1.379 1.517 1.664 1.819 1.982 2.153 2.333 2.520 2.633 2.737 2.842 2.951 3.061 3.175 3.290 3.409 3.530 3.653 3.779 3.907 4.155
2.961 2.652 2.348 2.245 2.133 2.014 1.886 1.749 1.604 1.450 1.288 1.118 1.031 0.975 0.920 0.867 0.814 0.763 0.713 0.664 0.616 0.569 0.523 0.479 0.470 0.474 0.479 0.484 0.490 0.496 0.503 0.510 0.518 0.526 0.535 0.544 0.565 0.589 0.612 0.633 0.652 0.670 0.687 0.702 0.715 0.728 0.738 0.747 0.843 0.978 1.121 1.272 1.431 1.598 1.773 1.957 2.148 2.348 2.556 2.772 2.912 3.024 3.138 3.255 3.375 3.497 3.621 3.716 3.762 3.809 3.857 3.906 4.035
2.814 2.699 2.574 2.442 2.301 2.151 1.993 1.827 1.652 1.468 1.277 1.076 0.962 0.910 0.860 0.810 0.761 0.714 0.668 0.623 0.579 0.536 0.495 0.454 0.442 0.448 0.454 0.461 0.469 0.477 0.485 0.494 0.504 0.514 0.525 0.536 0.553 0.572 0.589 0.605 0.619 0.632 0.644 0.654 0.662 0.669 0.675 0.679 0.773 0.936 1.108 1.287 1.475 1.670 1.874 2.086 2.306 2.534 2.771 3.015 3.148 3.190 3.233 3.278 3.323 3.369 3.417 3.465 3.515 3.565 3.617 3.670 3.765
3.110 2.965 2.811 2.648 2.477 2.298 2.110 1.914 1.709 1.496 1.274 1.044 0.892 0.844 0.798 0.752 0.708 0.664 0.622 0.581 0.541 0.503 0.465 0.429 0.413 0.420 0.429 0.438 0.447 0.457 0.467 0.479 0.490 0.502 0.515 0.528 0.542 0.556 0.568 0.579 0.588 0.596 0.602 0.607 0.610 0.612 0.613 0.612 0.695 0.887 1.087 1.294 1.510 1.714 1.903 2.086 2.264 2.436 2.602 2.763 2.869 2.915 2.962 3.010 3.059 3.109 3.161 3.213 3.267 3.321 3.377 3.434 3.505
3.415 3.239 3.056 2.864 2.663 2.454 2.236 2.010 1.776 1.533 1.281 1.021 0.821 0.777 0.735 0.693 0.653 0.613 0.575 0.538 0.502 0.468 0.434 0.402 0.383 0.393 0.403 0.414 0.425 0.437 0.449 0.462 0.476 0.490 0.504 0.519 0.533 0.541 0.548 0.554 0.558 0.561 0.562 0.562 0.560 0.557 0.557 0.556 0.616 0.813 1.005 1.191 1.371 1.546 1.716 1.880 2.038 2.191 2.338 2.480 2.589 2.639 2.690 2.742 2.795 2.849 2.904 2.960 3.018 3.076 3.136 3.196 3.254
3.729 3.523 3.310 3.088 2.857 2.619 2.371 2.115 1.851 1.578 1.297 1.008 0.749 0.709 0.670 0.633 0.596 0.561 0.527 0.494 0.462 0.432 0.402 0.374 0.353 0.364 0.376 0.389 0.402 0.416 0.430 0.445 0.460 0.476 0.493 0.510 0.525 0.529 0.530 0.543 0.554 0.562 0.565 0.566 0.563 0.556 0.546 0.532 0.550 0.727 0.900 1.067 1.228 1.384 1.534 1.679 1.818 1.952 2.080 2.203 2.309 2.362 2.417 2.473 2.530 2.588 2.647 2.707 2.768 2.830 2.894 2.958 3.014
4.048 3.816 3.573 3.321 3.061 2.792 2.515 2.230 1.936 1.633 1.323 1.003 0.675 0.640 0.605 0.571 0.539 0.508 0.478 0.449 0.421 0.394 0.369 0.345 0.322 0.335 0.349 0.364 0.379 0.395 0.411 0.428 0.458 0.491 0.526 0.565 0.605 0.614 0.620 0.622 0.620 0.615 0.607 0.595 0.579 0.560 0.538 0.511 0.489 0.647 0.800 0.948 1.090 1.227 1.358 1.484 1.604 1.718 1.828 1.931 2.027 2.085 2.143 2.203 2.264 2.326 2.388 2.452 2.518 2.584 2.651 2.719 2.783
4.338 4.118 3.845 3.564 3.274 2.975 2.669 2.353 2.030 1.698 1.357 1.008 0.651 0.569 0.538 0.509 0.481 0.453 0.427 0.402 0.379 0.356 0.335 0.314 0.296 0.312 0.335 0.362 0.390 0.422 0.456 0.493 0.532 0.575 0.620 0.667 0.717 0.721 0.714 0.704 0.690 0.673 0.652 0.627 0.599 0.568 0.533 0.494 0.452 0.573 0.707 0.835 0.958 1.076 1.188 1.294 1.395 1.491 1.581 1.665 1.744 1.807 1.869 1.933 1.997 2.063 2.130 2.198 2.266 2.336 2.408 2.480 2.553
4.627 4.429 4.126 3.815 3.496 3.167 2.831 2.486 2.133 1.771 1.401 1.022 0.635 0.497 0.471 0.445 0.421 0.408 0.413 0.411 0.403 0.389 0.368 0.340 0.307 0.318 0.351 0.386 0.424 0.465 0.509 0.555 0.604 0.656 0.710 0.767 0.827 0.831 0.812 0.789 0.763 0.733 0.700 0.663 0.623 0.579 0.532 0.481 0.427 0.503 0.618 0.728 0.832 0.930 1.023 1.110 1.192 1.269 1.339 1.405 1.465 1.528 1.594 1.662 1.730 1.800 1.870 1.942 2.015 2.088 2.163 2.239 2.316
4.914 4.749 4.416 4.076 3.726 3.369 3.002 2.628 2.245 1.853 1.471 1.107 0.745 0.590 0.598 0.599 0.595 0.583 0.566 0.542 0.511 0.474 0.430 0.381 0.324 0.321 0.363 0.408 0.456 0.506 0.559 0.614 0.673 0.734 0.797 0.864 0.933 0.944 0.913 0.878 0.840 0.798 0.752 0.703 0.650 0.594 0.535 0.471 0.405 0.440 0.536 0.626 0.711 0.790 0.864 0.932 0.995 1.052 1.104 1.150 1.191 1.249 1.319 1.390 1.462 1.535 1.610 1.685 1.762 1.840 1.919 1.998 2.079
5.201 5.078 4.716 4.346 3.978 3.610 3.244 2.880 2.517 2.156 1.796 1.437 1.080 0.862 0.848 0.827 0.799 0.766 0.725 0.679 0.625 0.566 0.500 0.427 0.349 0.321 0.373 0.427 0.484 0.544 0.606 0.671 0.739 0.809 0.882 0.958 1.036 1.062 1.018 0.971 0.920 0.865 0.807 0.746 0.681 0.613 0.541 0.465 0.386 0.382 0.458 0.530 0.595 0.655 0.710 0.759 0.803 0.841 0.874 0.901 0.923 0.968 1.042 1.117 1.193 1.271 1.349 1.428 1.539 1.675 1.781 1.856 1.900
5.460 5.366 4.999 4.634 4.270 3.908 3.547 3.188 2.830 2.474 2.119 1.765 1.413 1.141 1.104 1.061 1.011 0.954 0.892 0.822 0.747 0.665 0.576 0.481 0.380 0.319 0.380 0.443 0.510 0.579 0.650 0.725 0.802 0.881 0.964 1.049 1.136 1.182 1.126 1.066 1.003 0.937 0.866 0.793 0.715 0.635 0.550 0.462 0.371 0.329 0.387 0.439 0.485 0.526 0.562 0.592 0.617 0.636 0.650 0.658 0.660 0.779 1.023 1.237 1.419 1.572 1.693 1.784 1.845 1.875 1.874 1.843 1.781
5.715 5.642 5.280 4.920 4.561 4.204 3.848 3.494 3.141 2.790 2.440 2.091 1.744 1.427 1.367 1.301 1.229 1.150 1.065 0.973 0.875 0.770 0.659 0.541 0.417 0.313 0.384 0.457 0.532 0.611 0.692 0.775 0.862 0.951 1.042 1.137 1.234 1.306 1.238 1.166 1.090 1.011 0.929 0.843 0.753 0.660 0.563 0.463 0.360 0.282 0.320 0.353 0.381 0.403 0.508 0.680 0.860 1.048 1.243 1.446 1.656 1.859 1.997 2.104 2.180 2.226 2.241 2.226 2.180 2.103 1.996 1.859 1.691
5.979 5.892 5.559 5.204 4.850 4.498 4.147 3.798 3.450 3.104 2.759 2.415 2.073 1.733 1.637 1.548 1.453 1.352 1.244 1.130 1.009 0.882 0.748 0.608 0.462 0.309 0.385 0.467 0.552 0.640 0.730 0.823 0.919 1.017 1.118 1.222 1.328 1.434 1.353 1.269 1.181 1.089 0.995 0.896 0.794 0.689 0.580 0.588 0.596 0.556 0.717 0.885 1.061 1.244 1.435 1.634 1.840 2.054 2.276 2.505 2.742 2.968 2.999 2.999 2.969 2.908 2.817 2.696 2.543 2.361 2.148 1.904 1.630
