DATA/SHG/ECMWF/20170628/EN-17/20170709.en-17.asc
ncols        190
nrows        64
xllcorner    -5100000.000000000000
yllcorner    4130000.000000000000
cellsize     10000.000000000000
NODATA_value  -99999.000
[rows 0 to 31 of 64, columns 73 to 145 of 190]
4.559 4.978 5.408 5.850 6.304 6.769 7.246 7.735 7.954 7.480 6.987 6.509 6.046 5.598 5.165 4.747 4.345 3.957 3.585 3.228 2.970 3.003 3.046 3.101 3.168 3.248 3.340 3.444 3.560 3.689 3.830 3.983 4.227 4.732 5.241 5.753 6.269 6.788 7.311 7.838 8.368 8.901 9.438 9.979 10.443 10.654 10.851 11.037 11.209 11.369 11.517 11.651 11.773 11.883 11.979 12.064 12.061 11.830 11.593 11.349 11.098 10.841 10.577 10.307 10.030 9.746 9.455 9.158 8.837 8.463 8.090 7.717 7.344
4.406 4.866 5.317 5.753 6.174 6.581 6.974 7.354 7.574 7.118 6.678 6.253 5.842 5.447 5.067 4.703 4.353 4.018 3.699 3.395 3.144 3.232 3.329 3.439 3.562 3.696 3.843 4.002 4.174 4.357 4.553 4.762 5.016 5.537 6.061 6.589 7.121 7.656 8.195 8.737 9.283 9.833 10.386 10.942 11.452 11.606 11.747 11.876 11.992 12.095 12.186 12.264 12.329 12.382 12.423 12.450 12.428 12.168 11.901 11.627 11.347 11.060 10.766 10.465 10.158 9.845 9.524 9.197 8.858 8.485 8.112 7.740 7.367
4.253 4.668 5.068 5.455 5.828 6.187 6.532 6.863 7.146 6.743 6.356 5.983 5.626 5.284 4.957 4.645 4.348 4.066 3.799 3.548 3.311 3.446 3.599 3.764 3.941 4.131 4.332 4.546 4.773 5.011 5.262 5.525 5.801 6.336 6.876 7.420 7.968 8.519 9.074 9.632 10.194 10.759 11.328 11.900 12.472 12.569 12.654 12.726 12.786 12.833 12.867 12.889 12.898 12.895 12.878 12.850 12.802 12.512 12.215 11.912 11.601 11.284 10.961 10.631 10.294 9.950 9.600 9.243 8.890 8.542 8.200 7.864 7.533
4.115 4.480 4.833 5.171 5.495 5.806 6.102 6.385 6.654 6.355 6.020 5.700 5.396 5.107 4.832 4.573 4.329 4.100 3.886 3.687 3.503 3.646 3.854 4.074 4.306 4.550 4.807 5.076 5.357 5.651 5.956 6.274 6.605 7.130 7.686 8.246 8.809 9.376 9.947 10.521 11.099 11.680 12.265 12.853 13.445 13.545 13.574 13.590 13.593 13.583 13.561 13.526 13.479 13.419 13.347 13.261 13.164 12.863 12.536 12.216 11.900 11.577 11.246 10.908 10.561 10.207 9.845 9.475 9.098 8.772 8.456 8.146 7.841
3.989 4.306 4.610 4.900 5.176 5.438 5.686 5.921 6.141 5.953 5.671 5.404 5.153 4.916 4.694 4.488 4.296 4.120 3.959 3.812 3.681 3.832 4.095 4.370 4.657 4.956 5.267 5.591 5.927 6.275 6.636 7.009 7.394 7.919 8.491 9.067 9.646 10.229 10.815 11.405 11.999 12.596 13.196 13.800 14.408 14.533 14.505 14.465 14.411 14.346 14.279 14.212 14.133 14.043 13.943 13.831 13.708 13.421 13.086 12.744 12.394 12.036 11.670 11.297 10.916 10.527 10.130 9.726 9.314 8.996 8.706 8.421 8.143
3.876 4.145 4.400 4.642 4.870 5.084 5.284 5.470 5.642 5.538 5.309 5.095 4.896 4.712 4.543 4.389 4.250 4.127 4.018 3.924 3.846 4.004 4.321 4.651 4.993 5.347 5.713 6.092 6.482 6.885 7.301 7.728 8.168 8.702 9.290 9.882 10.477 11.076 11.678 12.284 12.893 13.523 14.164 14.800 15.434 15.617 15.555 15.482 15.398 15.303 15.198 15.080 14.952 14.813 14.663 14.502 14.330 14.026 13.656 13.279 12.894 12.502 12.101 11.693 11.278 10.854 10.423 9.984 9.537 9.214 8.950 8.691 8.438
3.776 3.997 4.204 4.397 4.577 4.742 4.894 5.032 5.156 5.110 4.934 4.772 4.626 4.495 4.378 4.277 4.191 4.120 4.064 4.023 3.997 4.162 4.534 4.918 5.315 5.724 6.145 6.578 7.023 7.481 7.951 8.433 8.968 9.575 10.227 10.876 11.521 12.163 12.802 13.437 14.069 14.697 15.322 15.944 16.562 16.792 16.681 16.559 16.426 16.281 16.126 15.960 15.782 15.594 15.394 15.184 14.963 14.638 14.234 13.822 13.402 12.975 12.540 12.097 11.647 11.189 10.723 10.249 9.768 9.427 9.188 8.955 8.727
3.690 3.862 4.021 4.166 4.297 4.415 4.518 4.608 4.684 4.669 4.545 4.436 4.343 4.264 4.200 4.152 4.118 4.099 4.096 4.107 4.134 4.305 4.732 5.258 5.821 6.383 6.943 7.503 8.061 8.619 9.175 9.730 10.284 10.871 11.508 12.141 12.772 13.399 14.022 14.642 15.259 15.873 16.483 17.089 17.693 17.978 17.817 17.646 17.463 17.269 17.065 16.849 16.622 16.385 16.136 15.876 15.606 15.257 14.818 14.372 13.918 13.456 12.986 12.509 12.024 11.531 11.031 10.522 10.006 9.633 9.419 9.212 9.010
3.616 3.741 3.851 3.948 4.031 4.100 4.156 4.197 4.225 4.215 4.143 4.087 4.046 4.020 4.009 4.065 4.324 4.570 4.803 5.024 5.231 5.498 6.058 6.617 7.175 7.732 8.288 8.842 9.396 9.948 10.500 11.050 11.600 12.168 12.790 13.409 14.024 14.636 15.244 15.850 16.451 17.050 17.645 18.237 18.825 19.173 18.964 18.743 18.511 18.268 18.014 17.749 17.473 17.186 16.888 16.579 16.259 15.883 15.410 14.929 14.440 13.944 13.440 12.928 12.408 11.881 11.346 10.803 10.252 9.833 9.645 9.464 9.288
3.556 3.632 3.694 3.743 3.778 3.799 3.806 3.800 3.884 4.198 4.488 4.766 5.031 5.283 5.522 5.749 5.963 6.164 6.353 6.528 6.691 6.866 7.421 7.975 8.528 9.080 9.631 10.181 10.730 11.278 11.824 12.370 12.914 13.467 14.074 14.678 15.278 15.875 16.468 17.059 17.645 18.229 18.809 19.386 19.959 20.379 20.120 19.850 19.569 19.276 18.973 18.659 18.334 17.998 17.651 17.293 16.924 16.517 16.009 15.493 14.970 14.439 13.900 13.354 12.800 12.238 11.668 11.091 10.506 10.027 9.865 9.709 9.559
3.508 3.623 3.859 4.119 4.401 4.707 5.036 5.388 5.763 6.159 6.405 6.637 6.857 7.065 7.260 7.442 7.611 7.767 7.911 8.042 8.161 8.244 8.783 9.332 9.880 10.428 10.974 11.519 12.063 12.606 13.148 13.688 14.228 14.768 15.360 15.949 16.534 17.116 17.694 18.270 18.841 19.410 19.975 20.537 21.095 21.595 21.286 20.967 20.637 20.295 19.943 19.580 19.205 18.820 18.424 18.016 17.598 17.158 16.615 16.065 15.507 14.942 14.368 13.787 13.199 12.602 11.998 11.386 10.767 10.215 10.079 9.948 9.824
4.620 4.914 5.231 5.571 5.934 6.320 6.730 7.162 7.617 8.096 8.330 8.518 8.693 8.856 9.006 9.143 9.268 9.380 9.479 9.566 9.639 9.678 10.144 10.688 11.232 11.774 12.316 12.856 13.395 13.933 14.470 15.006 15.541 16.075 16.648 17.221 17.791 18.358 18.922 19.482 20.039 20.593 21.143 21.690 22.233 22.773 22.463 22.094 21.715 21.324 20.923 20.510 20.087 19.653 19.207 18.751 18.283 17.805 17.229 16.644 16.052 15.451 14.844 14.228 13.605 12.974 12.335 11.689 11.029 10.411 10.432 10.557 10.787
5.808 6.182 6.579 7.000 7.443 7.910 8.399 8.912 9.448 10.006 10.264 10.407 10.538 10.656 10.762 10.854 10.934 11.002 11.056 11.098 11.127 11.121 11.504 12.044 12.583 13.120 13.657 14.192 14.727 15.260 15.792 16.323 16.853 17.383 17.937 18.495 19.051 19.603 20.151 20.697 21.239 21.777 22.312 22.844 23.373 23.898 23.650 23.232 22.803 22.364 21.913 21.451 20.979 20.495 20.001 19.496 18.979 18.452 17.849 17.136 16.342 15.580 14.851 14.156 13.494 12.865 12.269 11.706 11.176 10.679 11.102 11.691 12.385
6.972 7.426 7.904 8.405 8.929 9.475 10.045 10.638 11.254 11.893 12.207 12.306 12.392 12.465 12.526 12.574 12.610 12.632 12.642 12.640 12.624 12.574 12.864 13.399 13.932 14.465 14.997 15.528 16.057 16.586 17.113 17.640 18.165 18.689 19.228 19.772 20.312 20.849 21.383 21.913 22.440 22.964 23.484 24.001 24.515 25.025 24.846 24.380 23.902 23.413 22.776 21.992 21.209 20.429 19.652 18.876 18.102 17.330 16.606 15.926 15.278 14.664 14.082 13.534 13.019 12.537 12.088 11.672 11.289 10.940 11.667 12.720 13.878
8.112 8.647 9.205 9.786 10.390 11.017 11.667 12.340 13.037 13.756 14.159 14.213 14.255 14.284 14.300 14.303 14.294 14.272 14.238 14.191 14.131 14.036 14.222 14.752 15.281 15.809 16.336 16.862 17.387 17.911 18.433 18.955 19.476 19.995 20.521 21.049 21.575 22.097 22.616 23.131 23.643 24.005 24.213 24.406 24.585 24.750 24.347 23.564 22.783 22.004 21.227 20.452 19.679 18.908 18.140 17.373 16.609 15.847 15.216 14.683 14.182 13.715 13.281 12.880 12.511 12.176 11.874 11.606 11.370 11.167 12.128 13.644 15.264
9.229 9.845 10.483 11.144 11.828 12.536 13.266 14.019 14.795 15.594 16.120 16.130 16.127 16.111 16.083 16.042 15.988 15.922 15.843 15.751 15.647 15.507 15.580 16.105 16.630 17.153 17.675 18.196 18.716 19.235 19.753 20.270 20.656 20.922 21.179 21.423 21.653 21.868 22.069 22.256 22.429 22.588 22.732 22.863 22.979 23.081 22.760 21.986 21.215 20.445 19.677 18.912 18.149 17.387 16.628 15.871 15.116 14.363 13.794 13.408 13.055 12.734 12.447 12.192 11.971 11.783 11.628 11.506 11.417 11.361 12.484 14.463 16.546
10.323 11.019 11.737 12.478 13.243 14.030 14.840 15.674 16.530 17.409 18.090 18.055 18.007 17.947 17.875 17.789 17.691 17.580 17.457 17.321 17.172 16.987 16.937 17.334 17.630 17.919 18.202 18.478 18.748 19.011 19.268 19.518 19.762 19.999 20.218 20.399 20.566 20.718 20.857 20.981 21.091 21.187 21.269 21.336 21.390 21.429 21.174 20.409 19.647 18.886 18.128 17.372 16.618 15.866 15.117 14.369 13.623 12.880 12.341 12.101 11.894 11.721 11.580 11.473 11.398 11.357 11.349 11.373 11.431 11.521 12.735 15.177 17.722
11.394 12.169 12.968 13.789 14.634 15.501 16.392 17.305 18.241 19.200 20.069 19.989 19.897 19.793 19.675 19.518 19.021 18.538 18.070 17.616 17.178 16.762 16.435 16.708 16.975 17.236 17.489 17.737 17.978 18.212 18.440 18.661 18.876 19.084 19.273 19.391 19.495 19.585 19.661 19.722 19.770 19.803 19.822 19.827 19.818 19.795 19.587 18.832 18.079 17.328 16.579 15.832 15.088 14.345 13.605 12.867 12.131 11.396 10.855 10.762 10.702 10.675 10.681 10.721 10.793 10.898 11.036 11.207 11.412 11.649 12.882 15.786 18.794
12.441 13.297 14.175 15.077 16.001 16.949 17.919 18.912 19.864 20.490 21.076 20.580 20.075 19.584 19.109 18.648 18.202 17.771 17.354 16.953 16.567 16.203 15.860 16.091 16.329 16.560 16.785 17.004 17.216 17.421 17.620 17.812 17.998 18.178 18.345 18.401 18.442 18.469 18.482 18.481 18.466 18.437 18.393 18.336 18.264 18.178 18.001 17.255 16.511 15.770 15.030 14.293 13.558 12.824 12.093 11.364 10.638 9.913 9.337 9.391 9.478 9.597 9.750 9.936 10.155 10.407 10.691 11.009 11.360 11.743 12.925 16.291 19.760
13.465 14.360 15.128 15.856 16.544 17.191 17.798 18.365 18.891 19.377 19.823 19.491 19.037 18.598 18.174 17.765 17.371 16.992 16.627 16.277 15.943 15.631 15.340 15.481 15.690 15.893 16.089 16.279 16.462 16.639 16.809 16.972 17.129 17.280 17.424 17.427 17.405 17.370 17.320 17.257 17.179 17.087 16.981 16.861 16.727 16.578 16.414 15.678 14.943 14.211 13.481 12.753 12.027 11.303 10.582 9.862 9.145 8.429 7.787 7.988 8.221 8.487 8.787 9.119 9.484 9.882 10.313 10.777 11.274 11.804 12.864 16.691 20.622
13.739 14.407 15.035 15.623 16.170 16.677 17.144 17.571 17.957 18.303 18.608 18.389 17.987 17.600 17.228 16.870 16.528 16.200 15.887 15.589 15.306 15.047 14.808 14.880 15.060 15.234 15.401 15.562 15.716 15.864 16.005 16.140 16.268 16.390 16.505 16.470 16.386 16.288 16.175 16.049 15.909 15.755 15.586 15.403 15.207 14.996 14.771 14.101 13.376 12.653 11.932 11.213 10.497 9.783 9.070 8.360 7.652 6.946 6.242 6.553 6.932 7.345 7.791 8.269 8.781 9.325 9.903 10.513 11.156 11.924 12.973 17.151 21.184
13.965 14.493 14.980 15.428 15.835 16.202 16.528 16.815 17.061 17.266 17.432 17.275 16.925 16.590 16.269 15.964 15.673 15.397 15.136 14.889 14.658 14.450 14.264 14.287 14.438 14.583 14.722 14.854 14.979 15.098 15.210 15.316 15.416 15.509 15.595 15.529 15.383 15.222 15.047 14.859 14.656 14.439 14.208 13.963 13.704 13.430 13.143 12.524 11.808 11.095 10.383 9.674 8.967 8.262 7.559 6.858 6.159 5.462 4.767 5.086 5.767 6.683 7.595 8.503 9.407 10.308 11.204 12.097 12.986 13.870 14.751 18.106 21.497
14.228 14.616 14.963 15.270 15.537 15.764 15.951 16.097 16.203 16.269 16.294 16.149 15.851 15.567 15.298 15.044 14.805 14.581 14.371 14.177 13.997 13.841 13.707 13.702 13.824 13.940 14.050 14.153 14.250 14.340 14.424 14.501 14.572 14.636 14.693 14.605 14.396 14.173 13.936 13.685 13.420 13.140 12.847 12.539 12.218 11.882 11.532 10.947 10.240 9.536 8.834 8.233 7.818 7.451 7.131 6.859 6.634 6.457 6.327 6.968 7.870 8.769 9.663 10.554 11.441 12.324 13.203 14.079 14.950 15.817 16.681 19.204 21.953
14.528 14.776 14.983 15.151 15.278 15.364 15.411 15.417 15.383 15.309 15.195 15.011 14.765 14.533 14.315 14.113 13.926 13.753 13.595 13.452 13.323 13.219 13.137 13.125 13.218 13.306 13.387 13.461 13.529 13.590 13.645 13.694 13.736 13.771 13.800 13.698 13.426 13.141 12.841 12.528 12.200 11.859 11.553 11.319 11.078 10.829 10.572 10.220 9.826 9.480 9.180 8.928 8.724 8.567 8.458 8.395 8.381 8.414 8.494 9.089 9.974 10.855 11.733 12.606 13.476 14.342 15.204 16.061 16.916 17.766 18.612 20.443 22.550
14.866 14.974 15.041 15.068 15.056 15.002 14.909 14.776 14.602 14.388 14.134 13.862 13.666 13.486 13.320 13.170 13.034 12.912 12.806 12.714 12.637 12.585 12.555 12.555 12.621 12.679 12.731 12.777 12.816 12.849 12.875 12.895 12.908 12.953 13.058 13.064 12.848 12.626 12.396 12.159 11.914 11.661 11.402 11.134 10.860 10.578 10.288 10.025 9.841 9.704 9.615 9.574 9.579 9.632 9.733 9.881 10.076 10.319 10.609 11.211 12.079 12.943 13.803 14.660 15.512 16.360 17.205 18.045 18.882 19.715 20.544 21.824 23.290
15.241 15.209 15.137 15.024 14.871 14.678 14.445 14.172 13.859 13.506 13.112 12.700 12.556 12.427 12.313 12.214 12.130 12.060 12.005 11.965 11.939 11.939 11.961 11.995 12.056 12.155 12.256 12.358 12.461 12.566 12.672 12.780 12.889 12.999 13.110 13.152 12.904 12.648 12.385 12.115 11.837 11.551 11.258 10.958 10.650 10.335 10.012 9.779 9.805 9.879 10.000 10.168 10.384 10.647 10.957 11.315 11.720 12.173 12.673 13.335 14.185 15.032 15.875 16.714 17.549 18.380 19.207 20.031 20.850 21.666 22.477 23.347 24.172
15.653 15.481 15.269 15.017 14.725 14.392 14.020 13.607 13.154 12.661 12.128 11.555 11.434 11.357 11.294 11.246 11.225 11.290 11.368 11.458 11.560 11.676 11.804 11.941 12.046 12.151 12.258 12.366 12.476 12.587 12.699 12.812 12.927 13.043 13.161 13.249 12.968 12.679 12.383 12.079 11.768 11.449 11.123 10.790 10.449 10.101 9.745 9.484 9.720 10.003 10.334 10.712 11.138 11.611 12.131 12.699 13.313 13.976 14.685 15.459 16.293 17.122 17.948 18.769 19.587 20.401 21.211 22.017 22.819 23.618 24.412 25.011 25.196
16.103 15.791 15.440 15.048 14.616 14.144 13.631 13.079 12.487 11.859 11.247 10.659 10.592 10.651 10.723 10.806 10.902 11.010 11.129 11.261 11.405 11.563 11.734 11.914 12.035 12.146 12.259 12.373 12.489 12.605 12.723 12.843 12.964 13.086 13.209 13.334 13.039 12.717 12.388 12.051 11.707 11.356 10.996 10.630 10.256 9.875 9.486 9.138 9.584 10.078 10.618 11.206 11.841 12.524 13.254 14.031 14.855 15.727 16.646 17.585 18.401 19.213 20.021 20.826 21.626 22.423 23.216 24.005 24.790 25.571 26.348 26.817 26.362
16.590 16.138 15.584 14.884 14.208 13.558 12.932 12.332 11.757 11.206 10.681 10.181 10.090 10.192 10.305 10.431 10.569 10.718 10.880 11.054 11.240 11.440 11.653 11.875 12.022 12.140 12.258 12.378 12.500 12.623 12.747 12.872 12.999 13.127 13.257 13.388 13.119 12.764 12.402 12.032 11.655 11.270 10.878 10.478 10.071 9.657 9.235 8.806 9.399 10.102 10.852 11.650 12.494 13.386 14.326 15.312 16.346 17.427 18.556 19.712 20.510 21.305 22.096 22.884 23.667 24.446 25.222 25.993 26.761 27.525 28.285 28.763 27.670
15.602 14.939 14.300 13.687 13.098 12.535 11.997 11.483 10.995 10.532 10.094 9.681 9.579 9.722 9.878 10.045 10.225 10.417 10.620 10.836 11.064 11.306 11.562 11.826 12.008 12.131 12.256 12.382 12.510 12.638 12.769 12.900 13.033 13.167 13.302 13.439 13.207 12.819 12.424 12.021 11.610 11.193 10.767 10.335 9.895 9.447 8.992 8.530 9.164 10.076 11.036 12.043 13.097 14.198 15.347 16.543 17.786 19.076 20.414 21.799 22.621 23.399 24.172 24.942 25.708 26.471 27.229 27.983 28.734 29.481 30.223 30.708 28.725
14.122 13.546 12.994 12.468 11.966 11.490 11.039 10.613 10.211 9.835 9.484 9.158 9.057 9.242 9.440 9.649 9.871 10.104 10.350 10.608 10.877 11.162 11.459 11.766 11.992 12.122 12.252 12.384 12.518 12.653 12.789 12.926 13.065 13.205 13.347 13.489 13.303 12.882 12.453 12.018 11.574 11.123 10.665 10.200 9.727 9.246 8.758 8.263 8.879 10.001 11.170 12.386 13.649 14.960 16.318 17.723 19.175 20.674 22.221 23.815 24.733 25.493 26.349 27.298 28.095 28.739 29.232 29.572 29.759 29.795 29.678 29.410 27.670
12.620 12.131 11.667 11.227 10.813 10.424 10.059 9.720 9.406 9.116 8.852 8.613 8.524 8.752 8.991 9.242 9.506 9.781 10.069 10.368 10.680 11.007 11.347 11.696 11.975 12.110 12.247 12.385 12.525 12.665 12.807 12.951 13.096 13.242 13.389 13.538 13.407 12.953 12.491 12.022 11.546 11.062 10.571 10.073 9.567 9.053 8.532 8.004 8.545 9.876 11.254 12.679 14.151 15.837 17.950 20.094 22.268 24.472 26.706 28.969 30.142 30.722 31.150 31.425 31.549 31.521 31.340 31.008 30.523 29.886 29.097 28.156 26.584
