DATA/SHG/ECMWF/20170628/EN-17/20170705.en-17.asc
ncols        190
nrows        64
xllcorner    -5100000.000000000000
yllcorner    4130000.000000000000
cellsize     10000.000000000000
NODATA_value  -99999.000
[rows 32 to 63 of 64, columns 0 to 71 of 190]
13.510 13.726 13.492 13.172 12.809 12.403 11.955 11.463 10.929 10.351 9.731 9.067 8.361 7.612 7.333 7.060 6.766 6.450 6.113 5.754 5.373 4.970 4.546 4.101 3.633 3.144 3.001 2.865 2.730 2.597 2.465 2.334 2.204 2.076 1.949 1.824 1.700 1.584 1.809 2.034 2.259 2.483 2.707 2.931 3.155 3.379 3.602 4.011 4.510 4.990 4.978 4.941 4.880 4.794 4.682 4.546 4.385 4.199 3.989 3.753 3.493 3.251 3.409 3.554 3.684 3.800 3.902 3.990 4.064 4.124 4.170 4.202
16.145 16.348 16.069 15.599 15.085 14.529 13.929 13.287 12.602 11.873 11.102 10.288 9.432 8.532 8.082 7.733 7.363 6.972 6.558 6.123 5.667 5.189 4.689 4.167 3.624 3.059 2.854 2.723 2.593 2.464 2.336 2.210 2.085 1.962 1.840 1.719 1.599 1.481 1.663 1.888 2.298 2.763 3.238 3.723 4.217 4.721 5.234 5.757 6.290 6.833 6.787 6.663 6.515 6.342 6.144 5.921 5.673 5.401 5.103 4.781 4.434 4.063 4.150 4.246 4.327 4.394 4.448 4.487 4.512 4.523 4.521 4.504
18.781 18.970 18.691 18.069 17.405 16.698 15.948 15.155 14.319 13.441 12.519 11.555 10.547 9.497 8.853 8.429 7.983 7.515 7.026 6.516 5.983 5.429 4.854 4.257 3.638 2.998 2.706 2.580 2.454 2.330 2.207 2.085 1.965 2.188 2.374 2.488 2.531 2.504 2.830 3.309 3.798 4.297 4.805 5.323 5.851 6.388 6.935 7.492 8.058 8.634 8.618 8.407 8.172 7.912 7.628 7.318 6.984 6.625 6.241 5.832 5.399 4.940 4.904 4.950 4.983 5.001 5.006 4.996 4.973 4.935 4.884 4.818
21.418 21.593 21.356 20.584 19.769 18.912 18.011 17.068 16.081 15.052 13.980 12.866 11.708 10.507 9.646 9.146 8.625 8.082 7.517 6.930 6.322 5.693 5.042 4.369 3.675 2.985 3.213 3.646 4.009 4.300 4.521 4.671 4.751 4.759 4.697 4.564 4.360 4.086 4.251 4.763 5.286 5.818 6.360 6.911 7.473 8.043 8.624 9.214 9.814 10.423 10.471 10.174 9.852 9.505 9.134 8.738 8.317 7.871 7.401 6.906 6.386 5.841 5.670 5.668 5.651 5.621 5.577 5.519 5.446 5.360 5.260 5.145
24.055 24.217 24.065 23.143 22.177 21.169 20.118 19.025 17.888 16.709 15.486 14.221 12.913 11.563 10.462 9.886 9.289 8.670 8.080 7.770 7.531 7.361 7.263 7.234 7.276 7.389 7.584 7.770 7.885 7.929 7.903 7.806 7.638 7.399 7.090 6.710 6.259 5.738 5.660 6.206 6.762 7.328 7.903 8.488 9.083 9.687 10.301 10.924 11.558 12.200 12.346 11.962 11.554 11.121 10.663 10.180 9.673 9.141 8.584 8.002 7.396 6.765 6.449 6.398 6.333 6.254 6.160 6.053 5.932 5.797 5.648 5.485
26.693 26.841 26.818 25.745 24.629 23.471 22.270 21.026 19.739 18.410 17.037 15.611 14.179 12.800 11.653 11.307 11.031 10.825 10.690 10.625 10.630 10.706 10.852 11.069 11.356 11.713 12.023 11.962 11.830 11.627 11.353 11.009 10.594 10.109 9.553 8.926 8.228 7.460 7.057 7.637 8.226 8.825 9.434 10.053 10.681 11.318 11.966 12.623 13.289 13.966 14.244 13.774 13.279 12.759 12.215 11.646 11.052 10.433 9.790 9.122 8.429 7.711 7.240 7.140 7.026 6.898 6.757 6.601 6.431 6.248 6.050 5.838
29.331 29.466 29.598 28.391 26.960 25.342 23.777 22.265 20.805 19.399 18.045 16.745 15.497 14.302 13.205 13.103 13.072 13.112 13.221 13.401 13.652 13.972 14.363 14.825 15.356 15.958 16.531 16.222 15.843 15.393 14.873 14.282 13.620 12.888 12.085 11.212 10.267 9.253 8.443 9.056 9.679 10.311 10.954 11.605 12.267 12.938 13.619 14.309 15.009 15.719 16.164 15.607 15.026 14.420 13.789 13.133 12.453 11.748 11.018 10.264 9.484 8.681 8.044 7.895 7.733 7.556 7.366 7.161 6.943 6.711 6.872 7.128
30.337 29.968 29.579 28.233 26.746 25.312 23.931 22.603 21.328 20.106 18.937 17.820 16.757 15.746 14.788 14.822 15.036 15.320 15.675 16.100 16.595 17.160 17.796 18.501 19.278 20.124 21.041 20.551 19.925 19.228 18.461 17.624 16.715 15.736 14.687 13.567 12.376 11.115 9.816 10.463 11.120 11.786 12.461 13.146 13.841 14.546 15.260 15.984 16.717 17.460 18.106 17.463 16.795 16.102 15.385 14.643 13.877 13.085 12.269 11.429 10.563 9.673 8.860 9.629 10.680 11.506 12.105 12.479 12.628 12.551 12.248 11.720
29.733 29.297 28.842 27.777 26.475 25.225 24.028 22.885 21.794 20.756 19.770 18.838 17.958 17.132 16.358 16.464 16.923 17.452 18.051 18.720 19.460 20.269 21.149 22.100 23.120 24.211 25.372 24.948 24.075 23.132 22.118 21.034 19.879 18.654 17.358 15.992 14.555 13.048 11.470 11.859 12.549 13.248 13.957 14.676 15.404 16.142 16.889 17.646 18.413 19.190 19.976 19.341 18.587 17.808 17.004 16.176 15.752 15.733 16.018 16.608 17.503 18.703 20.206 20.698 20.965 21.006 20.822 20.412 19.777 18.917 17.831 16.519
29.150 28.648 28.128 27.265 26.146 25.081 24.068 23.108 22.201 21.347 20.546 19.797 19.102 18.459 17.869 18.028 18.732 19.505 20.349 21.262 22.246 23.300 24.425 25.619 26.884 28.218 29.623 29.413 28.294 27.104 25.844 24.514 23.112 21.641 20.099 18.487 16.804 15.050 13.226 13.243 13.966 14.699 15.441 16.193 16.955 17.726 18.507 19.297 20.097 20.602 20.990 20.455 19.969 19.788 19.912 20.341 21.074 22.111 23.453 25.100 27.051 29.307 31.868 31.970 31.453 30.711 29.743 28.551 27.132 25.489 23.620 21.526
28.590 28.022 27.435 26.695 25.761 24.879 24.051 23.275 22.552 21.881 21.264 20.699 20.187 19.728 19.321 19.516 20.463 21.481 22.569 23.727 24.955 26.253 27.621 29.060 30.569 32.147 33.796 33.946 32.581 31.145 29.638 28.062 26.415 24.697 22.909 21.051 19.122 17.122 15.053 14.615 15.371 16.137 16.824 17.441 17.993 18.480 18.902 19.259 19.550 19.776 19.938 20.188 20.760 21.636 22.816 24.301 26.091 28.184 30.582 33.285 36.292 39.603 43.219 43.446 42.145 40.620 38.870 36.894 34.693 32.268 29.617 26.741
28.051 27.417 26.763 26.069 25.318 24.621 23.976 23.384 22.844 22.358 21.924 21.542 21.214 20.938 20.715 20.926 22.117 23.379 24.711 26.113 27.586 29.128 30.740 32.422 34.175 35.997 37.890 38.547 36.936 35.254 33.501 31.679 29.786 27.822 25.778 23.348 21.054 18.895 16.871 16.083 16.670 17.191 17.647 18.038 18.364 18.624 18.820 18.951 19.016 19.016 18.951 19.620 21.248 23.181 25.417 27.958 30.803 33.952 37.406 41.163 45.225 49.591 54.261 55.124 53.041 50.733 48.200 45.443 42.460 39.252 35.820 32.162
27.534 26.833 26.114 25.386 24.819 24.305 23.844 23.435 23.080 22.776 22.526 22.328 22.183 22.091 22.052 22.259 23.695 25.201 26.776 28.422 30.138 31.924 33.780 35.707 37.703 39.769 41.905 43.073 40.165 37.393 34.756 32.254 29.888 27.657 25.562 23.603 21.778 20.090 18.537 17.649 18.010 18.304 18.534 18.699 18.799 18.834 18.803 18.708 18.547 18.321 18.031 18.752 21.436 24.424 27.716 31.312 35.212 39.416 43.924 48.736 53.852 59.272 64.996 67.004 64.139 61.050 57.735 54.196 50.432 46.443 42.229 37.790
27.038 26.272 25.487 24.682 24.263 23.933 23.655 23.430 23.257 23.138 23.071 23.056 23.095 23.186 23.330 23.526 25.195 26.944 28.764 30.654 32.438 33.622 34.755 35.839 36.873 37.857 38.791 39.426 36.988 34.687 32.520 30.489 28.593 26.833 25.208 23.719 22.364 21.145 20.062 19.280 19.414 19.482 19.486 19.425 19.299 19.108 18.851 18.530 18.144 17.692 17.176 17.583 21.322 25.365 29.712 34.362 39.317 44.575 50.137 56.002 62.172 68.645 75.422 79.088 75.441 71.570 67.474 63.154 58.609 53.839 48.845 43.625
26.564 25.732 24.881 24.011 23.650 23.503 23.409 23.367 23.378 23.442 23.558 23.727 23.948 24.098 23.991 23.843 24.873 26.084 27.244 28.355 29.416 30.427 31.388 32.299 33.161 33.972 34.733 35.445 33.676 31.844 30.148 28.587 27.161 25.871 24.716 23.696 22.811 22.062 21.448 20.974 20.882 20.725 20.503 20.216 19.864 19.447 18.965 18.418 17.806 17.129 16.387 16.115 20.908 26.005 31.406 37.110 43.118 49.430 56.045 62.963 70.186 77.711 85.541 91.374 86.946 82.294 77.417 72.316 66.991 61.441 55.666 49.667
26.112 25.214 24.297 23.361 22.980 23.017 23.091 23.132 23.131 23.089 23.004 22.877 22.708 22.498 22.245 21.951 22.598 23.636 24.624 25.562 26.450 27.288 28.077 28.816 29.504 30.143 30.732 31.272 30.227 28.865 27.639 26.548 25.592 24.771 24.085 23.535 23.120 22.840 22.695 22.685 22.414 22.031 21.584 21.071 20.493 19.851 19.143 18.370 17.533 16.630 15.663 14.631 20.194 26.344 32.798 39.556 46.617 53.981 61.648 69.619 77.894 86.472 95.353 103.862 98.654 93.221 87.565 81.683 75.578 69.248 62.694 55.915
25.889 25.028 24.124 23.178 22.642 22.621 22.559 22.454 22.307 22.118 21.888 21.615 21.301 20.945 20.546 20.106 20.379 21.244 22.059 22.825 23.540 24.206 24.822 25.389 25.905 26.371 26.788 27.155 26.642 25.750 24.993 24.372 23.885 23.534 23.317 23.236 23.290 23.479 23.803 24.262 24.011 23.402 22.729 21.990 21.187 20.319 19.386 18.388 17.325 16.198 15.005 13.747 19.179 26.383 33.889 41.699 49.812 58.229 66.948 75.971 85.297 94.926 104.858 115.093 110.564 104.111 95.149 86.423 77.934 69.680 61.662 53.880
26.440 25.431 24.379 23.286 22.448 22.281 22.072 21.822 21.529 21.195 20.819 20.400 19.940 19.438 18.894 18.309 18.215 18.908 19.551 20.144 20.687 21.180 21.624 22.018 22.362 22.656 22.901 23.095 22.921 22.499 22.211 22.059 22.041 22.159 22.411 22.799 23.321 23.979 24.772 25.699 25.671 24.837 23.938 22.975 21.946 20.853 19.694 18.471 17.183 15.830 14.412 12.930 17.865 26.121 34.679 43.541 52.706 62.173 71.696 79.742 87.511 95.002 102.215 109.151 104.030 95.648 87.501 79.591 71.916 64.477 57.274 50.307
27.037 25.880 24.681 23.440 22.299 21.987 21.632 21.236 20.798 20.318 19.796 19.232 18.627 17.979 17.290 16.558 16.107 16.627 17.098 17.518 17.889 18.211 18.482 18.703 18.875 18.997 19.070 19.092 19.065 19.111 19.293 19.609 20.060 20.647 21.368 22.224 23.215 24.341 25.602 26.998 27.395 26.336 25.212 24.023 22.769 21.451 20.067 18.619 17.106 15.528 13.885 12.223 16.358 25.112 33.588 41.787 49.709 57.352 64.719 71.808 78.619 85.153 91.409 97.388 94.538 86.971 79.639 72.543 65.683 59.058 52.669 46.516
27.680 26.376 25.029 23.641 22.210 21.739 21.239 20.697 20.113 19.487 18.820 18.111 17.360 16.567 15.732 14.855 14.055 14.403 14.701 14.949 15.148 15.297 15.396 15.445 15.445 15.395 15.295 15.146 15.073 15.588 16.238 17.023 17.943 18.997 20.187 21.511 22.970 24.564 26.293 28.157 29.184 27.899 26.550 25.136 23.599 21.923 20.302 18.734 17.221 15.762 14.357 13.007 15.403 23.198 30.717 37.958 44.922 51.609 58.018 64.150 70.005 75.582 80.882 85.904 84.833 78.080 71.563 65.281 59.235 53.424 47.848 42.509
28.369 26.918 25.424 23.888 22.310 21.536 20.891 20.204 19.474 18.703 17.891 17.036 16.139 15.201 14.221 13.199 12.135 12.233 12.359 12.435 12.462 12.439 12.366 12.243 12.071 11.849 11.578 11.256 10.945 11.929 13.047 14.300 15.688 17.211 18.868 20.661 22.588 24.587 26.471 28.288 29.514 27.809 26.158 24.562 23.019 21.531 20.096 18.716 17.390 16.118 14.900 13.736 14.720 21.559 28.120 34.404 40.411 46.141 51.594 56.770 61.668 66.289 70.633 74.700 74.915 68.976 63.272 57.804 52.571 47.574 42.811 38.285
29.104 27.506 25.865 24.182 22.456 21.380 20.590 19.757 18.882 17.966 17.008 16.008 14.966 13.882 12.757 11.590 10.381 10.119 10.073 9.977 9.832 9.637 9.392 9.098 8.754 8.360 7.916 7.423 6.880 8.134 9.951 12.067 14.118 16.103 18.023 19.877 21.665 23.387 25.043 26.634 28.133 26.615 25.151 23.742 22.386 21.085 19.837 18.644 17.505 16.419 15.388 14.411 14.310 20.192 25.797 31.125 36.175 40.949 45.446 49.666 53.609 57.274 60.663 63.775 64.784 59.658 54.768 50.113 45.693 41.508 37.558 33.844
29.886 28.140 26.352 24.522 22.649 21.270 20.334 19.356 18.336 17.275 16.171 15.026 13.839 12.610 11.340 10.028 8.674 8.061 7.843 7.575 7.258 6.891 6.474 6.299 6.399 6.510 6.631 6.762 6.903 8.453 10.408 12.298 14.121 15.879 17.572 19.198 20.759 22.255 23.684 25.048 26.346 25.368 24.091 22.868 21.700 20.585 19.525 18.518 17.566 16.667 15.823 15.033 14.296 19.098 23.747 28.119 32.214 36.032 39.574 42.838 45.826 48.537 50.971 53.129 54.440 50.127 46.050 42.207 38.599 35.227 32.089 29.187
30.713 28.820 26.885 24.908 22.888 21.206 20.125 19.002 17.837 16.630 15.381 14.091 12.759 11.385 9.970 8.512 7.233 6.675 6.750 6.834 6.930 7.035 7.150 7.275 7.411 7.557 7.713 7.879 8.055 9.205 10.933 12.595 14.192 15.723 17.188 18.588 19.922 21.190 22.393 23.530 24.602 24.068 22.978 21.942 20.960 20.033 19.159 18.339 17.573 16.861 16.204 15.600 15.050 18.277 21.970 25.387 28.527 31.391 33.977 36.287 38.321 40.077 41.557 42.761 43.688 40.383 37.118 34.087 31.291 28.731 26.405 24.314
31.587 29.547 27.465 25.340 23.174 21.188 19.962 18.693 17.383 16.253 15.195 14.108 12.991 11.844 10.668 9.463 8.228 7.429 7.539 7.659 7.789 7.929 8.080 8.240 8.411 8.592 8.782 8.983 9.195 10.023 11.524 12.959 14.329 15.633 16.872 18.045 19.152 20.194 21.170 22.081 22.926 22.715 21.812 20.963 20.168 19.427 18.739 18.106 17.527 17.002 16.531 16.113 15.750 17.729 20.467 22.929 25.114 27.023 28.656 30.012 31.092 31.895 32.421 32.671 32.645 30.426 27.972 25.753 23.769 22.020 20.505 19.225
32.506 30.319 28.152 26.093 24.141 22.346 21.303 20.230 19.128 17.997 16.836 15.646 14.426 13.177 11.899 10.591 9.254 8.172 8.317 8.472 8.637 8.812 8.998 9.193 9.399 9.614 9.840 10.076 10.322 10.908 12.182 13.391 14.534 15.611 16.623 17.569 18.450 19.265 20.015 20.699 21.318 21.310 20.593 19.931 19.322 18.767 18.267 17.820 17.427 17.089 16.804 16.573 16.396 17.452 19.236 20.744 21.976 22.931 23.610 24.012 24.138 23.988 23.562 22.859 21.880 20.256 18.613 17.205 16.032 15.798 15.832 15.869
32.993 31.091 29.296 27.608 26.028 24.555 23.384 22.209 21.004 19.770 18.507 17.215 15.893 14.541 13.160 11.750 10.311 8.903 9.083 9.273 9.473 9.683 9.904 10.134 10.375 10.625 10.886 11.157 11.438 11.859 12.907 13.889 14.805 15.656 16.441 17.161 17.816 18.404 18.928 19.385 19.778 19.851 19.321 18.845 18.423 18.055 17.741 17.481 17.274 17.122 17.023 16.978 16.988 17.448 18.278 18.832 19.111 19.112 18.838 18.288 17.461 16.359 15.852 15.577 15.330 15.243 15.276 15.311 15.350 15.392 15.437 15.485
33.276 31.745 30.322 29.005 27.796 26.694 25.495 24.217 22.910 21.574 20.208 18.813 17.389 15.935 14.452 12.940 11.398 9.827 9.838 10.062 10.298 10.543 10.798 11.063 11.339 11.625 11.920 12.226 12.542 12.877 13.698 14.454 15.144 15.768 16.327 16.821 17.249 17.611 17.908 18.140 18.306 18.340 17.997 17.707 17.471 17.290 17.162 17.088 17.067 17.101 17.189 17.330 17.526 17.715 17.592 17.214 16.841 16.496 16.179 15.889 15.626 15.391 15.184 15.004 14.852 14.792 14.835 14.882 14.931 14.984 15.039 15.098
33.441 32.281 31.229 30.283 29.445 28.713 27.636 26.256 24.846 23.408 21.940 20.442 18.915 17.359 15.774 14.159 12.515 10.842 10.580 10.840 11.110 11.390 11.681 11.981 12.291 12.612 12.943 13.283 13.634 13.995 14.557 15.086 15.549 15.948 16.280 16.548 16.749 16.886 16.957 16.962 16.902 16.777 16.620 16.516 16.467 16.471 16.529 16.641 16.668 16.665 16.651 16.624 16.584 16.492 16.159 15.854 15.577 15.327 15.105 14.910 14.743 14.603 14.491 14.406 14.349 14.339 14.393 14.450 14.510 14.573 14.639 14.708
33.488 32.699 32.018 31.443 30.975 30.614 29.806 28.324 26.812 25.271 23.701 22.101 20.472 18.814 17.126 15.409 13.663 11.887 11.311 11.606 11.911 12.226 12.551 12.887 13.232 13.587 13.953 14.329 14.715 15.111 15.482 15.784 16.022 16.194 16.301 16.342 16.317 16.228 16.073 15.852 15.566 15.277 15.273 15.303 15.320 15.325 15.317 15.297 15.265 15.220 15.163 15.093 15.011 14.917 14.679 14.470 14.287 14.132 14.005 13.905 13.833 13.789 13.771 13.782 13.819 13.883 13.947 14.015 14.086 14.159 14.236 14.316
33.418 33.000 32.688 32.484 32.386 32.396 32.007 30.422 28.808 27.165 25.492 23.790 22.059 20.299 18.509 16.690 14.841 12.964 12.031 12.361 12.700 13.050 13.410 13.781 14.161 14.551 14.952 15.362 15.783 16.214 16.473 16.550 16.561 16.507 16.214 15.920 15.628 15.340 15.055 14.774 14.495 14.219 14.141 14.128 14.102 14.064 14.014 13.951 13.876 13.789 13.689 13.577 13.452 13.315 13.174 13.059 12.972 12.912 12.880 12.875 12.898 12.949 13.026 13.132 13.264 13.425 13.500 13.578 13.659 13.744 13.831 13.922
33.230 33.182 33.241 33.407 33.679 34.059 34.237 32.550 30.834 29.088 27.314 25.509 23.676 21.814 19.922 18.000 16.050 14.070 12.739 13.103 13.478 13.863 14.258 14.663 15.078 15.503 15.928 16.064 16.191 16.308 16.242 15.946 15.653 15.363 15.077 14.793 14.513 14.236 13.962 13.691 13.424 13.159 13.022 12.966 12.898 12.817 12.725 12.619 12.502 12.372 12.229 12.074 11.907 11.727 11.644 11.624 11.632 11.667 11.730 11.820 11.938 12.083 12.256 12.456 12.683 12.939 13.050 13.139 13.231 13.326 13.424 13.525
