DATA/SHG/CPC/2018/20180617.asc
ncols        190
nrows        64
xllcorner    -5100000.000000000000
yllcorner    4130000.000000000000
cellsize     10000.000000000000
NODATA_value  -99999.000
[rows 0 to 33 of 64, columns 76 to 151 of 190]
0.059 0.063 0.070 0.080 0.090 0.100 0.109 0.118 0.129 0.146 0.162 0.177 0.191 0.204 0.226 0.275 0.322 0.366 0.410 0.453 0.532 0.737 0.942 1.150 1.358 1.564 1.818 2.229 2.641 3.052 3.464 3.875 4.263 4.571 4.880 5.187 5.495 5.802 6.068 6.209 6.351 6.492 6.633 6.774 6.933 7.151 7.370 7.593 7.818 8.045 8.304 8.646 8.980 9.307 9.627 9.939 10.166 10.160 10.150 10.137 10.119 10.098 9.981 9.588 9.189 8.795 8.406 8.021 7.624 7.184 6.750 6.321 5.899 5.482 5.090 4.757
0.046 0.051 0.056 0.065 0.074 0.082 0.090 0.098 0.107 0.120 0.132 0.144 0.154 0.163 0.175 0.221 0.267 0.311 0.355 0.399 0.459 0.665 0.870 1.073 1.275 1.476 1.699 2.111 2.523 2.934 3.346 3.758 4.158 4.465 4.771 5.077 5.382 5.687 5.972 6.113 6.254 6.395 6.535 6.676 6.828 7.057 7.288 7.522 7.758 7.997 8.248 8.557 8.858 9.152 9.423 9.673 9.872 9.820 9.766 9.709 9.649 9.586 9.472 9.090 8.712 8.339 7.971 7.607 7.239 6.824 6.416 6.013 5.615 5.223 4.848 4.530
0.034 0.038 0.042 0.050 0.058 0.065 0.072 0.079 0.086 0.098 0.110 0.121 0.133 0.145 0.156 0.199 0.241 0.282 0.323 0.364 0.403 0.600 0.799 0.997 1.194 1.389 1.583 1.992 2.404 2.817 3.229 3.642 4.054 4.359 4.664 4.967 5.271 5.574 5.875 6.016 6.157 6.298 6.438 6.579 6.720 6.957 7.190 7.420 7.647 7.871 8.092 8.337 8.571 8.795 9.007 9.208 9.391 9.326 9.259 9.188 9.115 9.038 8.948 8.587 8.230 7.879 7.531 7.189 6.849 6.460 6.076 5.699 5.327 4.960 4.603 4.301
0.022 0.026 0.030 0.038 0.045 0.052 0.059 0.066 0.073 0.084 0.096 0.107 0.119 0.130 0.142 0.178 0.217 0.255 0.292 0.329 0.366 0.537 0.731 0.923 1.114 1.303 1.491 1.874 2.286 2.699 3.112 3.525 3.938 4.254 4.557 4.858 5.149 5.436 5.724 5.875 6.013 6.154 6.299 6.447 6.599 6.815 7.034 7.251 7.465 7.675 7.883 8.080 8.265 8.439 8.602 8.755 8.896 8.836 8.755 8.672 8.585 8.495 8.402 8.081 7.745 7.414 7.088 6.767 6.451 6.090 5.732 5.380 5.033 4.692 4.357 4.068
0.016 0.019 0.023 0.029 0.035 0.042 0.048 0.054 0.060 0.070 0.081 0.093 0.104 0.116 0.127 0.157 0.193 0.228 0.262 0.296 0.329 0.476 0.664 0.850 1.035 1.219 1.402 1.755 2.161 2.561 2.954 3.341 3.722 4.031 4.320 4.609 4.900 5.191 5.484 5.667 5.822 5.979 6.141 6.306 6.475 6.676 6.882 7.085 7.286 7.483 7.678 7.834 7.970 8.096 8.210 8.314 8.406 8.350 8.256 8.159 8.058 7.955 7.849 7.570 7.256 6.946 6.641 6.339 6.043 5.718 5.396 5.086 4.787 4.499 4.223 3.983
0.011 0.013 0.015 0.020 0.025 0.031 0.037 0.042 0.047 0.056 0.067 0.079 0.090 0.102 0.113 0.138 0.170 0.202 0.236 0.271 0.307 0.435 0.619 0.800 0.979 1.155 1.328 1.631 2.009 2.380 2.745 3.103 3.455 3.767 4.060 4.354 4.649 4.946 5.243 5.456 5.627 5.801 5.979 6.161 6.347 6.540 6.733 6.923 7.110 7.295 7.476 7.600 7.687 7.764 7.829 7.884 7.928 7.867 7.752 7.620 7.486 7.349 7.210 6.957 6.666 6.386 6.118 5.861 5.615 5.346 5.075 4.815 4.567 4.331 4.106 3.903
0.006 0.007 0.008 0.011 0.016 0.021 0.025 0.030 0.034 0.042 0.053 0.066 0.079 0.093 0.108 0.133 0.169 0.206 0.243 0.280 0.318 0.422 0.594 0.764 0.931 1.096 1.258 1.515 1.864 2.207 2.543 2.872 3.195 3.503 3.800 4.099 4.399 4.699 5.001 5.241 5.428 5.619 5.814 6.012 6.215 6.407 6.587 6.764 6.938 7.091 7.211 7.269 7.276 7.281 7.284 7.285 7.283 7.201 7.061 6.918 6.773 6.626 6.476 6.266 6.026 5.796 5.578 5.371 5.175 4.963 4.743 4.534 4.337 4.152 3.977 3.815
0.002 0.002 0.001 0.002 0.008 0.012 0.017 0.021 0.025 0.033 0.047 0.062 0.077 0.093 0.110 0.134 0.172 0.210 0.249 0.288 0.328 0.412 0.573 0.731 0.887 1.040 1.191 1.406 1.727 2.040 2.348 2.649 2.943 3.238 3.540 3.843 4.147 4.452 4.758 5.022 5.207 5.366 5.527 5.689 5.853 5.999 6.119 6.236 6.352 6.466 6.579 6.640 6.637 6.632 6.624 6.614 6.601 6.524 6.374 6.220 6.064 5.906 5.746 5.566 5.375 5.196 5.028 4.871 4.726 4.569 4.400 4.242 4.096 3.961 3.838 3.719
0.000 0.000 0.000 0.001 0.005 0.009 0.012 0.015 0.018 0.024 0.040 0.057 0.074 0.092 0.111 0.135 0.174 0.214 0.255 0.296 0.337 0.404 0.554 0.701 0.846 0.988 1.127 1.305 1.596 1.881 2.160 2.424 2.667 2.912 3.182 3.445 3.702 3.952 4.196 4.413 4.578 4.744 4.912 5.082 5.253 5.407 5.519 5.629 5.738 5.844 5.949 6.015 6.001 5.985 5.967 5.946 5.923 5.851 5.689 5.525 5.359 5.190 5.019 4.855 4.715 4.585 4.468 4.361 4.266 4.164 4.046 3.939 3.858 3.782 3.707 3.626
0.000 0.000 0.000 0.000 0.003 0.006 0.008 0.010 0.011 0.015 0.033 0.052 0.071 0.091 0.111 0.135 0.176 0.218 0.260 0.303 0.346 0.400 0.534 0.660 0.782 0.901 1.016 1.146 1.384 1.613 1.831 2.038 2.235 2.432 2.673 2.907 3.136 3.357 3.573 3.776 3.948 4.122 4.297 4.474 4.652 4.818 4.922 5.025 5.126 5.225 5.322 5.393 5.369 5.342 5.313 5.282 5.248 5.181 5.009 4.834 4.657 4.478 4.296 4.172 4.124 4.083 4.050 4.024 4.005 3.976 3.901 3.827 3.754 3.682 3.611 3.541
0.000 0.000 0.000 0.000 0.002 0.003 0.004 0.005 0.005 0.005 0.025 0.046 0.067 0.089 0.111 0.130 0.167 0.202 0.236 0.268 0.299 0.328 0.440 0.551 0.657 0.760 0.860 0.956 1.149 1.331 1.503 1.664 1.816 1.959 2.171 2.378 2.577 2.770 2.957 3.138 3.317 3.498 3.681 3.865 4.051 4.231 4.328 4.423 4.516 4.608 4.698 4.774 4.740 4.702 4.674 4.650 4.626 4.589 4.448 4.314 4.187 4.066 3.952 3.858 3.842 3.834 3.833 3.840 3.853 3.858 3.788 3.718 3.650 3.582 3.515 3.453
0.000 0.000 0.000 0.000 0.000 0.000 0.000 0.000 0.000 0.000 0.018 0.039 0.058 0.077 0.095 0.113 0.140 0.168 0.194 0.219 0.242 0.264 0.351 0.445 0.536 0.623 0.707 0.787 0.925 1.061 1.187 1.302 1.408 1.502 1.678 1.855 2.026 2.191 2.350 2.501 2.686 2.874 3.064 3.255 3.448 3.649 3.751 3.846 3.940 4.032 4.123 4.211 4.190 4.169 4.148 4.129 4.112 4.095 3.984 3.881 3.784 3.694 3.610 3.537 3.554 3.578 3.609 3.648 3.694 3.740 3.674 3.609 3.544 3.481 3.419 3.360
0.000 0.000 0.000 0.000 0.000 0.000 0.000 0.000 0.000 0.000 0.014 0.032 0.049 0.065 0.081 0.096 0.116 0.136 0.155 0.172 0.188 0.202 0.266 0.344 0.419 0.491 0.558 0.623 0.713 0.803 0.883 0.952 1.012 1.060 1.192 1.341 1.508 1.673 1.832 1.984 2.180 2.381 2.576 2.767 2.951 3.131 3.234 3.322 3.408 3.493 3.575 3.656 3.652 3.636 3.622 3.609 3.597 3.586 3.514 3.441 3.374 3.315 3.262 3.216 3.258 3.315 3.378 3.449 3.528 3.613 3.559 3.498 3.438 3.379 3.321 3.264
0.000 0.000 0.000 0.000 0.000 0.000 0.000 0.000 0.000 0.000 0.010 0.025 0.040 0.054 0.067 0.079 0.093 0.106 0.117 0.127 0.136 0.143 0.185 0.248 0.307 0.362 0.414 0.468 0.529 0.592 0.652 0.708 0.762 0.813 0.933 1.083 1.227 1.365 1.496 1.622 1.786 1.963 2.135 2.302 2.463 2.619 2.720 2.800 2.879 2.955 3.030 3.103 3.113 3.103 3.095 3.087 3.081 3.077 3.038 2.995 2.959 2.930 2.907 2.891 2.956 3.044 3.140 3.245 3.367 3.488 3.478 3.450 3.433 3.425 3.428 3.441
0.000 0.000 0.000 0.000 0.000 0.000 0.000 0.000 0.000 0.000 0.007 0.019 0.031 0.043 0.053 0.063 0.072 0.077 0.083 0.089 0.094 0.099 0.128 0.181 0.231 0.279 0.323 0.365 0.411 0.460 0.506 0.549 0.589 0.626 0.712 0.835 0.952 1.063 1.168 1.267 1.398 1.552 1.700 1.843 1.981 2.113 2.208 2.281 2.352 2.420 2.488 2.553 2.573 2.569 2.567 2.565 2.565 2.566 2.557 2.580 2.609 2.644 2.685 2.732 2.833 2.953 3.072 3.188 3.304 3.417 3.454 3.471 3.498 3.536 3.583 3.640
0.000 0.000 0.000 0.000 0.000 0.000 0.000 0.000 0.000 0.000 0.004 0.014 0.024 0.033 0.041 0.049 0.055 0.059 0.063 0.067 0.071 0.074 0.091 0.132 0.169 0.204 0.236 0.265 0.296 0.332 0.364 0.393 0.420 0.443 0.498 0.594 0.684 0.768 0.847 0.919 1.017 1.147 1.271 1.391 1.505 1.614 1.699 1.764 1.827 1.890 1.987 2.082 2.145 2.183 2.223 2.263 2.304 2.347 2.391 2.441 2.497 2.559 2.627 2.701 2.801 2.914 3.025 3.134 3.242 3.348 3.421 3.482 3.554 3.636 3.727 3.829
0.000 0.000 0.000 0.000 0.000 0.000 0.000 0.000 0.000 0.000 0.002 0.010 0.017 0.024 0.030 0.035 0.040 0.042 0.044 0.046 0.048 0.050 0.057 0.085 0.110 0.133 0.152 0.168 0.185 0.207 0.226 0.241 0.254 0.263 0.290 0.360 0.423 0.481 0.532 0.577 0.644 0.786 0.925 1.060 1.192 1.319 1.432 1.526 1.616 1.703 1.788 1.870 1.935 1.978 2.022 2.067 2.113 2.160 2.219 2.296 2.379 2.468 2.563 2.664 2.771 2.876 2.979 3.081 3.181 3.280 3.378 3.484 3.600 3.726 3.862 4.008
0.000 0.000 0.000 0.000 0.000 0.000 0.000 0.000 0.000 0.000 0.001 0.006 0.011 0.016 0.019 0.022 0.025 0.025 0.026 0.026 0.026 0.026 0.027 0.042 0.055 0.064 0.071 0.075 0.078 0.086 0.091 0.094 0.109 0.124 0.150 0.224 0.296 0.368 0.439 0.509 0.592 0.718 0.840 0.958 1.073 1.184 1.285 1.366 1.444 1.520 1.592 1.662 1.724 1.772 1.820 1.870 1.921 1.973 2.041 2.145 2.255 2.371 2.493 2.621 2.742 2.840 2.936 3.030 3.123 3.214 3.325 3.475 3.639 3.896 4.180 4.491
0.000 0.000 0.000 0.000 0.000 0.000 0.000 0.000 0.000 0.000 0.000 0.003 0.006 0.008 0.009 0.010 0.010 0.009 0.008 0.006 0.004 0.002 0.000 0.007 0.013 0.020 0.025 0.031 0.036 0.051 0.067 0.082 0.097 0.112 0.130 0.200 0.269 0.338 0.406 0.473 0.544 0.653 0.759 0.861 0.959 1.053 1.141 1.210 1.276 1.339 1.399 1.457 1.512 1.564 1.618 1.673 1.728 1.785 1.858 1.988 2.125 2.268 2.417 2.572 2.717 2.828 2.957 3.104 3.268 3.450 3.678 4.001 4.351 4.728 5.133 5.564
0.000 0.000 0.000 0.000 0.000 0.000 0.000 0.000 0.000 0.000 0.000 0.001 0.001 0.001 0.000 0.000 0.000 0.000 0.000 0.000 0.000 0.000 0.000 0.005 0.010 0.014 0.019 0.023 0.026 0.040 0.055 0.070 0.084 0.099 0.113 0.177 0.244 0.309 0.374 0.438 0.501 0.593 0.682 0.767 0.849 0.926 1.000 1.056 1.110 1.161 1.210 1.255 1.299 1.356 1.415 1.488 1.561 1.635 1.717 1.875 2.036 2.198 2.361 2.526 2.695 2.884 3.091 3.316 3.558 3.818 4.121 4.564 5.035 5.532 6.057 6.609
0.000 0.000 0.000 0.000 0.000 0.000 0.000 0.000 0.000 0.000 0.000 0.000 0.000 0.000 0.000 0.000 0.000 0.000 0.000 0.000 0.000 0.000 0.000 0.003 0.006 0.009 0.012 0.015 0.017 0.029 0.043 0.058 0.072 0.086 0.101 0.156 0.219 0.281 0.342 0.403 0.463 0.537 0.609 0.678 0.742 0.804 0.874 0.932 0.988 1.042 1.094 1.144 1.192 1.265 1.338 1.412 1.486 1.561 1.635 1.799 1.967 2.136 2.307 2.479 2.655 2.922 3.208 3.510 3.831 4.169 4.537 5.100 5.691 6.309 6.954 7.626
0.000 0.000 0.000 0.000 0.000 0.000 0.000 0.000 0.000 0.000 0.000 0.000 0.000 0.000 0.000 0.000 0.000 0.000 0.000 0.000 0.000 0.000 0.000 0.001 0.003 0.005 0.006 0.007 0.008 0.017 0.032 0.046 0.060 0.074 0.088 0.134 0.194 0.261 0.329 0.397 0.465 0.535 0.604 0.670 0.733 0.794 0.851 0.902 0.949 0.994 1.038 1.079 1.119 1.187 1.262 1.336 1.411 1.486 1.561 1.722 1.896 2.073 2.250 2.430 2.611 2.943 3.306 3.687 4.086 4.502 4.935 5.609 6.320 7.058 7.823 8.615
0.000 0.000 0.000 0.000 0.000 0.000 0.000 0.000 0.000 0.000 0.000 0.000 0.000 0.000 0.000 0.000 0.000 0.000 0.000 0.000 0.000 0.000 0.000 0.000 0.001 0.001 0.001 0.000 0.000 0.009 0.027 0.048 0.069 0.093 0.119 0.170 0.238 0.307 0.376 0.445 0.515 0.578 0.635 0.688 0.739 0.787 0.832 0.873 0.912 0.949 0.984 1.016 1.047 1.110 1.185 1.260 1.336 1.412 1.488 1.643 1.824 2.008 2.193 2.379 2.567 2.945 3.387 3.846 4.322 4.879 5.459 6.251 7.074 7.890 8.698 9.497
0.000 0.000 0.000 0.000 0.000 0.000 0.000 0.000 0.000 0.000 0.000 0.000 0.000 0.000 0.000 0.000 0.000 0.000 0.000 0.001 0.002 0.003 0.004 0.004 0.004 0.004 0.003 0.002 0.001 0.010 0.037 0.065 0.095 0.127 0.160 0.211 0.281 0.352 0.423 0.494 0.565 0.624 0.668 0.709 0.747 0.783 0.815 0.847 0.877 0.905 0.931 0.956 0.978 1.032 1.108 1.184 1.261 1.337 1.414 1.562 1.806 2.088 2.393 2.718 3.066 3.577 4.158 4.742 5.328 5.916 6.507 7.249 8.037 8.818 9.591 10.356
0.000 0.000 0.000 0.000 0.000 0.000 0.000 0.000 0.000 0.000 0.000 0.000 0.001 0.002 0.003 0.005 0.006 0.008 0.009 0.010 0.010 0.011 0.012 0.013 0.011 0.009 0.007 0.005 0.002 0.010 0.044 0.080 0.118 0.158 0.200 0.253 0.324 0.396 0.469 0.542 0.615 0.673 0.704 0.733 0.759 0.782 0.802 0.822 0.844 0.863 0.881 0.906 0.935 1.004 1.126 1.263 1.415 1.581 1.763 2.033 2.390 2.768 3.168 3.589 4.032 4.567 5.159 5.753 6.350 6.949 7.551 8.252 9.006 9.753 10.491 11.221
0.000 0.000 0.000 0.000 0.000 0.000 0.000 0.001 0.002 0.003 0.005 0.007 0.008 0.009 0.011 0.013 0.015 0.016 0.017 0.018 0.019 0.020 0.021 0.021 0.018 0.015 0.012 0.008 0.004 0.007 0.050 0.094 0.140 0.188 0.237 0.293 0.367 0.440 0.514 0.589 0.664 0.724 0.747 0.769 0.788 0.806 0.821 0.839 0.868 0.898 0.929 0.961 0.994 1.080 1.268 1.470 1.688 1.919 2.166 2.499 2.951 3.425 3.920 4.437 4.976 5.552 6.155 6.761 7.368 7.978 8.591 9.263 9.982 10.693 11.397 12.093
0.007 0.007 0.007 0.006 0.003 0.000 0.001 0.003 0.005 0.007 0.010 0.013 0.015 0.016 0.018 0.020 0.023 0.025 0.026 0.027 0.028 0.028 0.029 0.030 0.026 0.021 0.016 0.011 0.005 0.003 0.053 0.105 0.159 0.227 0.302 0.378 0.462 0.543 0.620 0.693 0.763 0.821 0.835 0.847 0.857 0.864 0.869 0.878 0.911 0.945 0.980 1.015 1.052 1.142 1.395 1.662 1.945 2.242 2.554 2.941 3.489 4.059 4.650 5.262 5.897 6.534 7.148 7.764 8.383 9.004 9.627 10.279 10.964 11.640 12.254 12.691
0.023 0.020 0.017 0.012 0.007 0.001 0.002 0.005 0.008 0.011 0.015 0.019 0.021 0.023 0.026 0.028 0.031 0.033 0.035 0.035 0.036 0.037 0.038 0.038 0.048 0.064 0.079 0.092 0.105 0.117 0.187 0.263 0.338 0.415 0.492 0.570 0.638 0.702 0.763 0.820 0.874 0.922 0.926 0.928 0.927 0.924 0.919 0.915 0.952 0.990 1.029 1.069 1.109 1.187 1.506 1.839 2.186 2.549 2.926 3.362 4.005 4.670 5.357 6.065 6.794 7.507 8.081 8.616 9.112 9.568 9.984 10.373 10.750 11.084 11.376 11.625
0.039 0.034 0.027 0.020 0.012 0.003 0.002 0.006 0.010 0.015 0.019 0.024 0.028 0.030 0.033 0.036 0.054 0.074 0.095 0.117 0.142 0.170 0.202 0.237 0.255 0.266 0.277 0.286 0.295 0.302 0.366 0.444 0.523 0.602 0.681 0.762 0.817 0.865 0.910 0.951 0.988 1.022 1.019 1.011 1.000 0.987 0.972 0.954 0.993 1.035 1.077 1.121 1.165 1.218 1.601 1.999 2.434 2.975 3.527 4.106 4.862 5.596 6.308 6.998 7.665 8.282 8.682 9.043 9.364 9.646 9.889 10.097 10.287 10.434 10.539 10.602
0.056 0.048 0.039 0.028 0.017 0.006 0.003 0.007 0.013 0.029 0.045 0.060 0.076 0.095 0.116 0.140 0.165 0.193 0.226 0.262 0.301 0.343 0.389 0.438 0.462 0.469 0.475 0.481 0.485 0.489 0.545 0.625 0.706 0.788 0.870 0.952 1.000 1.032 1.061 1.086 1.107 1.125 1.115 1.096 1.075 1.052 1.027 1.007 1.108 1.242 1.399 1.578 1.781 2.006 2.534 3.102 3.682 4.273 4.875 5.488 6.144 6.780 7.394 7.985 8.554 9.096 9.322 9.509 9.656 9.764 9.833 9.863 9.866 9.827 9.745 9.621
0.074 0.064 0.063 0.062 0.060 0.058 0.063 0.078 0.093 0.108 0.122 0.136 0.154 0.181 0.210 0.241 0.275 0.311 0.353 0.403 0.456 0.513 0.573 0.635 0.670 0.673 0.675 0.676 0.677 0.676 0.722 0.805 0.888 0.972 1.057 1.142 1.187 1.203 1.220 1.264 1.294 1.311 1.327 1.353 1.388 1.430 1.481 1.540 1.715 1.950 2.207 2.487 2.790 3.116 3.668 4.286 4.916 5.557 6.209 6.872 7.447 7.985 8.500 8.993 9.465 9.913 10.000 10.013 9.986 9.920 9.815 9.671 9.487 9.261 8.993 8.683
0.159 0.157 0.154 0.151 0.148 0.144 0.145 0.159 0.173 0.186 0.199 0.212 0.230 0.265 0.302 0.341 0.382 0.426 0.476 0.541 0.608 0.679 0.752 0.829 0.878 0.877 0.875 0.873 0.869 0.872 0.985 1.138 1.283 1.419 1.547 1.666 1.733 1.744 1.743 1.728 1.700 1.659 1.669 1.731 1.802 1.881 1.968 2.064 2.298 2.633 2.991 3.372 3.775 4.201 4.790 5.458 6.137 6.828 7.530 8.243 8.771 9.210 9.628 10.023 10.396 10.747 10.716 10.555 10.355 10.116 9.837 9.499 9.109 8.702 8.279 7.840
0.252 0.249 0.245 0.241 0.236 0.231 0.229 0.241 0.253 0.265 0.277 0.288 0.304 0.346 0.391 0.438 0.487 0.539 0.596 0.674 0.758 0.872 0.993 1.121 1.236 1.306 1.390 1.489 1.602 1.730 1.863 1.979 2.085 2.183 2.272 2.353 2.384 2.338 2.278 2.206 2.120 2.021 2.001 2.100 2.207 2.322 2.446 2.578 2.856 3.292 3.750 4.231 4.735 5.262 5.898 6.616 7.345 8.085 8.837 9.600 10.115 10.456 10.767 11.023 11.229 11.385 11.186 10.813 10.410 9.978 9.516 9.024 8.549 8.072 7.580 7.072
0.346 0.341 0.336 0.330 0.324 0.318 0.312 0.323 0.334 0.344 0.354 0.364 0.375 0.432 0.501 0.580 0.669 0.769 0.876 1.006 1.144 1.289 1.440 1.599 1.758 1.892 2.040 2.202 2.379 2.570 2.751 2.827 2.896 2.955 3.006 3.049 3.050 2.945 2.827 2.697 2.553 2.396 2.324 2.459 2.603 2.755 2.915 3.083 3.390 3.926 4.485 5.066 5.670 6.362 7.201 8.061 8.884 9.668 10.414 11.122 11.544 11.679 11.763 11.798 11.782 11.716 11.397 10.893 10.359 9.795 9.202 8.579 8.005 7.459 6.897 6.320
