DATA/SHG/CPC/2018/20180515.asc
ncols        190
nrows        64
xllcorner    -5100000.000000000000
yllcorner    4130000.000000000000
cellsize     10000.000000000000
NODATA_value  -99999.000
[rows 0 to 33 of 64, columns 77 to 153 of 190]
1.540 1.622 1.736 1.851 1.969 2.090 2.213 2.331 2.434 2.540 2.650 2.762 2.879 2.974 3.002 3.031 3.062 3.093 3.126 3.130 3.033 2.936 2.835 2.732 2.630 2.500 2.274 2.049 1.824 1.600 1.376 1.170 1.022 0.873 0.724 0.575 0.425 0.304 0.276 0.248 0.220 0.191 0.162 0.152 0.198 0.244 0.289 0.334 0.378 0.432 0.521 0.608 0.694 0.779 0.863 0.934 0.967 1.001 1.035 1.068 1.101 1.115 1.073 1.031 0.989 0.947 0.905 0.856 0.783 0.712 0.642 0.574 0.507 0.443 0.386 0.331 0.277
1.427 1.504 1.625 1.750 1.876 2.005 2.136 2.266 2.381 2.498 2.619 2.744 2.871 2.990 3.017 3.044 3.073 3.101 3.131 3.148 3.046 2.944 2.843 2.742 2.641 2.528 2.304 2.081 1.858 1.635 1.413 1.200 1.050 0.899 0.747 0.596 0.443 0.305 0.276 0.247 0.217 0.186 0.156 0.135 0.178 0.221 0.264 0.305 0.346 0.393 0.476 0.559 0.640 0.720 0.798 0.868 0.898 0.927 0.956 0.983 1.010 1.026 0.984 0.944 0.903 0.863 0.824 0.780 0.714 0.649 0.585 0.522 0.461 0.402 0.352 0.303 0.256
1.315 1.383 1.513 1.646 1.780 1.918 2.056 2.191 2.311 2.435 2.562 2.692 2.826 2.964 2.993 3.023 3.053 3.084 3.116 3.149 3.051 2.951 2.851 2.751 2.652 2.554 2.333 2.112 1.891 1.671 1.451 1.231 1.078 0.925 0.771 0.617 0.462 0.308 0.277 0.246 0.214 0.182 0.150 0.118 0.162 0.205 0.247 0.288 0.328 0.367 0.444 0.519 0.591 0.661 0.729 0.793 0.819 0.844 0.869 0.892 0.915 0.934 0.895 0.856 0.818 0.780 0.742 0.704 0.643 0.584 0.526 0.469 0.414 0.360 0.316 0.274 0.233
1.203 1.262 1.391 1.526 1.662 1.798 1.936 2.075 2.208 2.344 2.483 2.626 2.772 2.922 2.969 3.001 3.033 3.066 3.100 3.135 3.055 2.957 2.858 2.760 2.663 2.566 2.362 2.143 1.924 1.705 1.487 1.270 1.107 0.951 0.795 0.639 0.485 0.334 0.292 0.263 0.235 0.206 0.177 0.148 0.180 0.217 0.254 0.289 0.323 0.356 0.419 0.483 0.545 0.604 0.661 0.716 0.741 0.762 0.783 0.802 0.821 0.839 0.805 0.768 0.732 0.696 0.660 0.625 0.571 0.518 0.466 0.415 0.366 0.317 0.279 0.244 0.210
1.086 1.137 1.258 1.396 1.535 1.674 1.815 1.957 2.101 2.249 2.401 2.556 2.715 2.877 2.944 2.978 3.012 3.048 3.084 3.121 3.060 2.962 2.866 2.769 2.673 2.577 2.381 2.153 1.928 1.707 1.489 1.275 1.108 0.957 0.810 0.664 0.522 0.382 0.327 0.298 0.268 0.239 0.209 0.180 0.199 0.231 0.262 0.291 0.320 0.347 0.396 0.450 0.501 0.550 0.596 0.641 0.664 0.681 0.698 0.713 0.728 0.742 0.715 0.680 0.646 0.611 0.577 0.544 0.498 0.451 0.406 0.363 0.321 0.281 0.250 0.221 0.194
0.972 1.015 1.124 1.265 1.407 1.550 1.694 1.838 1.991 2.152 2.316 2.483 2.654 2.829 2.919 2.955 2.991 3.016 3.039 3.062 3.004 2.895 2.786 2.677 2.570 2.463 2.289 2.076 1.866 1.660 1.457 1.258 1.096 0.957 0.821 0.687 0.555 0.426 0.362 0.333 0.303 0.272 0.242 0.212 0.220 0.246 0.271 0.295 0.318 0.339 0.376 0.419 0.460 0.498 0.534 0.568 0.588 0.601 0.612 0.623 0.633 0.642 0.620 0.587 0.555 0.523 0.492 0.462 0.424 0.385 0.347 0.312 0.278 0.245 0.220 0.197 0.176
0.860 0.896 0.989 1.133 1.278 1.424 1.571 1.719 1.879 2.051 2.219 2.384 2.547 2.708 2.798 2.817 2.836 2.858 2.882 2.908 2.869 2.763 2.657 2.552 2.448 2.345 2.194 1.996 1.801 1.610 1.422 1.238 1.082 0.955 0.829 0.707 0.586 0.469 0.398 0.367 0.337 0.306 0.275 0.244 0.241 0.262 0.282 0.300 0.315 0.326 0.348 0.379 0.408 0.437 0.464 0.491 0.507 0.515 0.522 0.528 0.534 0.538 0.521 0.491 0.462 0.434 0.406 0.379 0.348 0.317 0.287 0.259 0.232 0.208 0.188 0.172 0.157
0.751 0.778 0.854 1.008 1.158 1.306 1.450 1.592 1.740 1.902 2.062 2.220 2.376 2.530 2.634 2.655 2.675 2.699 2.726 2.753 2.733 2.630 2.528 2.427 2.326 2.226 2.095 1.912 1.732 1.556 1.383 1.214 1.066 0.949 0.835 0.724 0.614 0.508 0.434 0.399 0.361 0.323 0.286 0.249 0.233 0.244 0.254 0.263 0.272 0.279 0.295 0.321 0.345 0.369 0.392 0.413 0.427 0.430 0.433 0.435 0.436 0.435 0.422 0.395 0.369 0.344 0.319 0.295 0.271 0.247 0.225 0.204 0.186 0.169 0.155 0.145 0.137
0.685 0.716 0.779 0.922 1.062 1.199 1.333 1.464 1.599 1.754 1.907 2.058 2.207 2.354 2.471 2.493 2.515 2.540 2.569 2.598 2.596 2.497 2.398 2.300 2.203 2.107 1.992 1.824 1.660 1.498 1.335 1.168 1.017 0.902 0.791 0.684 0.581 0.482 0.404 0.367 0.331 0.296 0.261 0.227 0.206 0.213 0.219 0.224 0.229 0.233 0.242 0.263 0.284 0.303 0.320 0.337 0.348 0.347 0.345 0.342 0.339 0.334 0.322 0.298 0.275 0.253 0.232 0.211 0.192 0.176 0.161 0.151 0.143 0.135 0.129 0.126 0.125
0.637 0.664 0.707 0.840 0.969 1.095 1.218 1.339 1.460 1.608 1.754 1.898 2.041 2.181 2.306 2.330 2.354 2.382 2.412 2.442 2.459 2.356 2.247 2.139 2.030 1.922 1.805 1.640 1.479 1.322 1.170 1.021 0.883 0.786 0.693 0.604 0.519 0.439 0.369 0.335 0.301 0.268 0.235 0.203 0.179 0.182 0.185 0.187 0.188 0.188 0.191 0.208 0.223 0.237 0.250 0.262 0.270 0.265 0.258 0.251 0.243 0.234 0.227 0.213 0.200 0.186 0.174 0.161 0.150 0.142 0.135 0.128 0.122 0.116 0.113 0.114 0.117
0.590 0.613 0.638 0.760 0.879 0.994 1.107 1.216 1.323 1.464 1.603 1.741 1.876 2.006 2.129 2.146 2.158 2.171 2.186 2.199 2.211 2.104 1.995 1.887 1.779 1.670 1.562 1.415 1.273 1.135 1.000 0.870 0.746 0.667 0.592 0.521 0.454 0.391 0.333 0.302 0.270 0.239 0.209 0.179 0.152 0.152 0.151 0.150 0.147 0.144 0.141 0.153 0.163 0.175 0.186 0.196 0.205 0.201 0.198 0.196 0.194 0.192 0.189 0.177 0.165 0.153 0.142 0.131 0.121 0.115 0.110 0.105 0.101 0.097 0.095 0.101 0.109
0.544 0.563 0.582 0.683 0.791 0.896 1.000 1.101 1.199 1.325 1.451 1.571 1.687 1.797 1.902 1.922 1.926 1.931 1.937 1.942 1.944 1.851 1.743 1.635 1.527 1.420 1.312 1.186 1.062 0.943 0.827 0.715 0.608 0.543 0.486 0.433 0.384 0.339 0.298 0.268 0.239 0.210 0.183 0.155 0.128 0.123 0.120 0.117 0.113 0.110 0.107 0.116 0.126 0.134 0.142 0.148 0.154 0.153 0.152 0.151 0.151 0.151 0.151 0.140 0.129 0.119 0.109 0.099 0.090 0.087 0.084 0.081 0.079 0.077 0.077 0.088 0.099
0.504 0.524 0.544 0.628 0.727 0.823 0.915 1.003 1.088 1.192 1.300 1.403 1.500 1.593 1.680 1.701 1.696 1.692 1.690 1.687 1.681 1.599 1.492 1.384 1.277 1.169 1.062 0.953 0.848 0.746 0.649 0.556 0.467 0.415 0.376 0.344 0.313 0.284 0.256 0.228 0.201 0.175 0.150 0.125 0.101 0.095 0.092 0.088 0.085 0.082 0.078 0.083 0.089 0.094 0.098 0.101 0.104 0.104 0.105 0.106 0.107 0.109 0.111 0.103 0.094 0.085 0.076 0.068 0.060 0.058 0.057 0.057 0.057 0.057 0.058 0.073 0.097
0.482 0.502 0.521 0.585 0.671 0.754 0.833 0.909 0.980 1.065 1.155 1.239 1.319 1.393 1.463 1.482 1.469 1.457 1.446 1.434 1.420 1.348 1.240 1.133 1.026 0.919 0.823 0.739 0.662 0.587 0.514 0.443 0.375 0.334 0.306 0.280 0.255 0.230 0.207 0.184 0.160 0.138 0.116 0.095 0.074 0.066 0.063 0.060 0.057 0.053 0.050 0.051 0.054 0.055 0.055 0.055 0.054 0.055 0.058 0.061 0.064 0.067 0.071 0.066 0.058 0.050 0.044 0.042 0.040 0.045 0.053 0.062 0.072 0.083 0.096 0.121 0.150
0.461 0.480 0.498 0.545 0.619 0.689 0.755 0.818 0.876 0.942 1.014 1.081 1.142 1.199 1.250 1.266 1.244 1.228 1.216 1.202 1.188 1.134 1.041 0.949 0.859 0.772 0.686 0.609 0.542 0.477 0.415 0.355 0.297 0.259 0.236 0.215 0.194 0.175 0.157 0.138 0.118 0.099 0.081 0.063 0.046 0.038 0.035 0.031 0.028 0.025 0.022 0.020 0.019 0.017 0.014 0.010 0.005 0.006 0.016 0.025 0.035 0.045 0.055 0.057 0.055 0.054 0.054 0.053 0.054 0.062 0.075 0.089 0.105 0.121 0.139 0.168 0.203
0.440 0.458 0.475 0.510 0.570 0.627 0.680 0.730 0.776 0.824 0.876 0.926 0.973 1.018 1.060 1.079 1.059 1.041 1.026 1.010 0.994 0.951 0.866 0.783 0.702 0.623 0.546 0.477 0.421 0.366 0.314 0.264 0.216 0.182 0.165 0.148 0.133 0.119 0.106 0.092 0.075 0.060 0.045 0.031 0.017 0.009 0.006 0.003 0.000 0.000 0.000 0.000 0.000 0.000 0.000 0.000 0.000 0.005 0.016 0.026 0.036 0.046 0.057 0.061 0.062 0.062 0.063 0.065 0.067 0.078 0.096 0.116 0.136 0.158 0.181 0.214 0.254
0.419 0.436 0.452 0.469 0.511 0.551 0.588 0.623 0.655 0.689 0.732 0.773 0.811 0.846 0.879 0.898 0.876 0.856 0.838 0.819 0.800 0.767 0.690 0.616 0.544 0.473 0.405 0.343 0.296 0.252 0.210 0.170 0.133 0.104 0.092 0.081 0.071 0.062 0.054 0.045 0.036 0.028 0.020 0.012 0.004 0.000 0.000 0.000 0.000 0.000 0.000 0.000 0.000 0.000 0.000 0.000 0.000 0.005 0.015 0.026 0.037 0.048 0.059 0.066 0.068 0.070 0.073 0.076 0.080 0.093 0.116 0.141 0.167 0.193 0.222 0.259 0.304
0.363 0.371 0.378 0.388 0.422 0.453 0.482 0.509 0.533 0.557 0.591 0.622 0.651 0.678 0.701 0.718 0.693 0.671 0.650 0.629 0.607 0.580 0.512 0.446 0.383 0.321 0.261 0.206 0.170 0.136 0.105 0.084 0.065 0.049 0.047 0.045 0.043 0.041 0.039 0.036 0.029 0.022 0.016 0.010 0.004 0.000 0.000 0.000 0.000 0.000 0.000 0.000 0.000 0.000 0.000 0.000 0.000 0.004 0.015 0.026 0.037 0.049 0.061 0.069 0.073 0.077 0.082 0.087 0.092 0.106 0.135 0.165 0.218 0.278 0.345 0.424 0.513
0.294 0.300 0.305 0.309 0.334 0.357 0.378 0.397 0.413 0.428 0.452 0.475 0.494 0.511 0.526 0.538 0.512 0.487 0.463 0.440 0.416 0.392 0.347 0.303 0.260 0.219 0.180 0.142 0.123 0.104 0.086 0.069 0.052 0.037 0.035 0.034 0.032 0.030 0.028 0.026 0.021 0.016 0.011 0.007 0.003 0.000 0.000 0.000 0.000 0.000 0.000 0.000 0.000 0.000 0.000 0.000 0.000 0.002 0.014 0.026 0.038 0.050 0.062 0.075 0.087 0.101 0.120 0.141 0.167 0.206 0.276 0.353 0.437 0.529 0.627 0.733 0.842
0.226 0.229 0.232 0.234 0.249 0.264 0.277 0.288 0.296 0.302 0.316 0.329 0.340 0.349 0.367 0.382 0.372 0.359 0.348 0.338 0.329 0.320 0.285 0.248 0.212 0.178 0.146 0.115 0.097 0.081 0.067 0.052 0.039 0.026 0.024 0.022 0.021 0.019 0.018 0.016 0.013 0.009 0.006 0.004 0.002 0.000 0.000 0.000 0.000 0.000 0.000 0.000 0.000 0.000 0.000 0.001 0.002 0.004 0.018 0.033 0.048 0.065 0.081 0.100 0.127 0.157 0.191 0.228 0.269 0.323 0.424 0.533 0.649 0.772 0.902 1.037 1.166
0.159 0.160 0.160 0.160 0.166 0.173 0.180 0.191 0.201 0.210 0.225 0.242 0.257 0.270 0.281 0.290 0.284 0.274 0.266 0.259 0.253 0.247 0.222 0.192 0.163 0.136 0.110 0.086 0.070 0.058 0.046 0.035 0.025 0.015 0.013 0.011 0.010 0.008 0.007 0.006 0.004 0.002 0.001 0.000 0.000 0.000 0.000 0.000 0.000 0.000 0.000 0.000 0.001 0.002 0.003 0.004 0.006 0.008 0.025 0.043 0.061 0.080 0.100 0.121 0.163 0.209 0.259 0.312 0.368 0.433 0.566 0.706 0.854 1.008 1.170 1.336 1.486
0.100 0.105 0.109 0.113 0.120 0.130 0.138 0.146 0.152 0.157 0.166 0.176 0.185 0.191 0.196 0.199 0.195 0.188 0.183 0.179 0.176 0.173 0.157 0.134 0.112 0.091 0.072 0.055 0.043 0.034 0.025 0.017 0.010 0.004 0.001 0.000 0.000 0.000 0.000 0.000 0.000 0.000 0.000 0.000 0.000 0.000 0.000 0.000 0.000 0.000 0.000 0.000 0.001 0.003 0.005 0.008 0.010 0.013 0.031 0.052 0.073 0.095 0.118 0.141 0.196 0.258 0.323 0.391 0.464 0.539 0.700 0.872 1.051 1.237 1.430 1.630 1.800
0.076 0.079 0.082 0.083 0.087 0.093 0.098 0.102 0.104 0.106 0.108 0.112 0.115 0.115 0.113 0.110 0.105 0.101 0.100 0.099 0.099 0.099 0.091 0.074 0.059 0.045 0.033 0.026 0.020 0.016 0.012 0.008 0.005 0.001 0.000 0.000 0.000 0.000 0.000 0.000 0.000 0.000 0.000 0.000 0.000 0.000 0.000 0.000 0.000 0.000 0.000 0.000 0.002 0.005 0.008 0.011 0.014 0.018 0.036 0.060 0.084 0.109 0.135 0.161 0.225 0.303 0.383 0.467 0.563 0.667 0.858 1.071 1.290 1.514 1.745 1.982 2.208
0.053 0.054 0.055 0.055 0.055 0.057 0.058 0.058 0.057 0.055 0.053 0.050 0.046 0.040 0.032 0.023 0.015 0.014 0.024 0.034 0.043 0.051 0.054 0.047 0.040 0.033 0.027 0.021 0.016 0.013 0.010 0.007 0.004 0.001 0.000 0.000 0.000 0.000 0.000 0.000 0.000 0.000 0.000 0.000 0.000 0.000 0.000 0.000 0.000 0.000 0.000 0.000 0.002 0.006 0.010 0.014 0.018 0.023 0.041 0.067 0.094 0.123 0.153 0.185 0.265 0.372 0.486 0.607 0.736 0.871 1.080 1.320 1.565 1.817 2.074 2.338 2.607
0.030 0.030 0.028 0.027 0.024 0.023 0.020 0.016 0.011 0.005 0.000 0.000 0.000 0.000 0.000 0.000 0.002 0.010 0.018 0.025 0.032 0.038 0.041 0.035 0.030 0.025 0.020 0.015 0.011 0.009 0.007 0.005 0.003 0.001 0.000 0.000 0.000 0.000 0.000 0.000 0.000 0.000 0.000 0.000 0.000 0.000 0.000 0.000 0.000 0.000 0.000 0.000 0.002 0.006 0.009 0.013 0.016 0.019 0.037 0.069 0.102 0.137 0.174 0.212 0.305 0.444 0.589 0.742 0.901 1.068 1.296 1.562 1.834 2.113 2.397 2.688 2.996
0.008 0.006 0.003 0.000 0.000 0.000 0.000 0.000 0.000 0.000 0.000 0.000 0.000 0.000 0.000 0.000 0.001 0.006 0.012 0.017 0.021 0.025 0.028 0.023 0.019 0.016 0.012 0.009 0.007 0.005 0.004 0.002 0.001 0.001 0.000 0.000 0.000 0.000 0.000 0.000 0.000 0.000 0.000 0.000 0.000 0.000 0.000 0.000 0.000 0.000 0.000 0.000 0.001 0.004 0.007 0.009 0.011 0.013 0.030 0.069 0.109 0.150 0.193 0.237 0.338 0.508 0.685 0.869 1.060 1.258 1.505 1.798 2.097 2.403 2.714 3.031 3.374
0.000 0.000 0.000 0.000 0.000 0.000 0.000 0.000 0.000 0.000 0.000 0.000 0.000 0.000 0.000 0.000 0.000 0.004 0.007 0.009 0.012 0.013 0.014 0.011 0.009 0.007 0.005 0.003 0.002 0.001 0.000 0.000 0.000 0.000 0.000 0.000 0.000 0.000 0.000 0.000 0.000 0.000 0.000 0.000 0.000 0.000 0.000 0.000 0.000 0.000 0.000 0.000 0.001 0.003 0.004 0.006 0.007 0.008 0.022 0.067 0.114 0.161 0.211 0.261 0.364 0.565 0.774 0.989 1.211 1.440 1.708 2.028 2.354 2.669 2.938 3.201 3.481
0.000 0.000 0.000 0.000 0.000 0.000 0.000 0.000 0.000 0.000 0.000 0.000 0.000 0.000 0.000 0.000 0.000 0.001 0.002 0.002 0.002 0.002 0.000 0.000 0.000 0.000 0.000 0.000 0.000 0.000 0.000 0.000 0.000 0.000 0.000 0.000 0.000 0.000 0.000 0.000 0.000 0.000 0.000 0.000 0.000 0.000 0.000 0.000 0.000 0.000 0.000 0.000 0.000 0.001 0.002 0.003 0.003 0.004 0.013 0.064 0.117 0.171 0.227 0.284 0.381 0.596 0.806 1.013 1.215 1.414 1.630 1.891 2.147 2.397 2.643 2.882 3.133
0.000 0.000 0.000 0.000 0.000 0.000 0.000 0.000 0.000 0.000 0.000 0.000 0.000 0.000 0.000 0.000 0.000 0.000 0.000 0.000 0.000 0.000 0.000 0.000 0.000 0.000 0.000 0.000 0.000 0.000 0.000 0.000 0.000 0.000 0.000 0.000 0.000 0.000 0.000 0.000 0.000 0.000 0.000 0.000 0.000 0.000 0.000 0.000 0.000 0.000 0.000 0.000 0.000 0.000 0.000 0.000 0.000 0.000 0.004 0.055 0.104 0.151 0.196 0.239 0.301 0.498 0.691 0.880 1.065 1.246 1.434 1.672 1.904 2.131 2.353 2.569 2.791
0.000 0.000 0.000 0.000 0.000 0.000 0.000 0.000 0.000 0.000 0.000 0.000 0.000 0.000 0.000 0.000 0.000 0.000 0.000 0.000 0.000 0.000 0.000 0.000 0.000 0.000 0.000 0.000 0.000 0.000 0.000 0.000 0.000 0.000 0.000 0.000 0.000 0.000 0.000 0.000 0.000 0.000 0.000 0.000 0.000 0.000 0.000 0.001 0.002 0.003 0.004 0.005 0.007 0.006 0.006 0.005 0.004 0.002 0.000 0.041 0.081 0.119 0.156 0.190 0.226 0.405 0.580 0.751 0.918 1.081 1.245 1.459 1.667 1.871 2.069 2.262 2.454
0.000 0.000 0.000 0.000 0.000 0.000 0.000 0.000 0.000 0.000 0.000 0.000 0.000 0.000 0.000 0.000 0.000 0.000 0.000 0.000 0.000 0.000 0.000 0.000 0.000 0.000 0.000 0.000 0.000 0.000 0.000 0.000 0.000 0.000 0.000 0.000 0.000 0.001 0.005 0.006 0.006 0.006 0.007 0.007 0.007 0.007 0.007 0.008 0.009 0.011 0.012 0.014 0.016 0.015 0.013 0.010 0.007 0.004 0.001 0.028 0.060 0.090 0.118 0.143 0.167 0.316 0.473 0.626 0.776 0.921 1.062 1.251 1.436 1.616 1.790 1.959 2.124
0.000 0.000 0.000 0.000 0.000 0.000 0.000 0.000 0.000 0.000 0.000 0.000 0.000 0.000 0.000 0.000 0.000 0.000 0.000 0.000 0.000 0.000 0.000 0.000 0.000 0.000 0.000 0.000 0.002 0.020 0.034 0.045 0.052 0.055 0.055 0.054 0.052 0.048 0.043 0.034 0.024 0.019 0.018 0.018 0.017 0.015 0.014 0.014 0.016 0.018 0.021 0.023 0.025 0.024 0.020 0.016 0.011 0.007 0.001 0.018 0.041 0.062 0.081 0.099 0.114 0.231 0.370 0.506 0.637 0.765 0.886 1.043 1.201 1.356 1.506 1.652 1.793
0.000 0.000 0.000 0.000 0.000 0.000 0.000 0.000 0.000 0.000 0.000 0.000 0.000 0.000 0.000 0.000 0.000 0.000 0.000 0.001 0.011 0.023 0.037 0.054 0.072 0.092 0.114 0.138 0.164 0.183 0.181 0.176 0.167 0.155 0.139 0.123 0.112 0.099 0.083 0.065 0.045 0.032 0.030 0.029 0.026 0.024 0.021 0.021 0.023 0.026 0.029 0.031 0.034 0.033 0.027 0.022 0.016 0.009 0.003 0.010 0.024 0.040 0.056 0.068 0.076 0.162 0.280 0.390 0.494 0.591 0.682 0.811 0.950 1.085 1.216 1.342 1.464
0.000 0.000 0.000 0.000 0.000 0.000 0.000 0.000 0.000 0.000 0.000 0.000 0.002 0.007 0.014 0.023 0.034 0.045 0.061 0.078 0.098 0.119 0.143 0.169 0.196 0.225 0.256 0.289 0.323 0.350 0.332 0.311 0.286 0.258 0.226 0.195 0.174 0.151 0.125 0.098 0.068 0.046 0.043 0.040 0.036 0.033 0.029 0.028 0.030 0.034 0.037 0.040 0.048 0.059 0.063 0.066 0.068 0.068 0.067 0.070 0.077 0.080 0.079 0.074 0.065 0.113 0.200 0.281 0.356 0.423 0.484 0.583 0.703 0.819 0.930 1.037 1.139
