DATA/SHG/CPC/2018/20180401.asc
ncols        190
nrows        64
xllcorner    -5100000.000000000000
yllcorner    4130000.000000000000
cellsize     10000.000000000000
NODATA_value  -99999.000
[rows 0 to 33 of 64, columns 77 to 153 of 190]
0.000 0.001 0.003 0.005 0.007 0.009 0.010 0.012 0.016 0.019 0.023 0.026 0.029 0.034 0.045 0.056 0.066 0.077 0.087 0.105 0.149 0.193 0.238 0.282 0.327 0.379 0.457 0.536 0.614 0.693 0.771 0.843 0.894 0.945 0.997 1.049 1.101 1.142 1.147 1.153 1.159 1.166 1.173 1.167 1.124 1.081 1.039 0.998 0.958 0.909 0.832 0.756 0.680 0.604 0.529 0.461 0.411 0.362 0.311 0.261 0.209 0.166 0.146 0.126 0.105 0.084 0.062 0.045 0.038 0.031 0.023 0.015 0.007 0.000 0.000 0.000 0.000
0.000 0.000 0.002 0.003 0.004 0.004 0.005 0.005 0.009 0.012 0.014 0.017 0.020 0.023 0.034 0.044 0.054 0.065 0.075 0.089 0.133 0.177 0.221 0.265 0.308 0.355 0.434 0.513 0.592 0.670 0.749 0.825 0.877 0.930 0.983 1.036 1.090 1.138 1.145 1.152 1.160 1.168 1.176 1.178 1.139 1.099 1.061 1.024 0.987 0.946 0.871 0.796 0.722 0.646 0.570 0.499 0.446 0.393 0.341 0.289 0.236 0.189 0.167 0.146 0.123 0.101 0.078 0.057 0.049 0.039 0.030 0.020 0.009 0.000 0.000 0.000 0.000
0.000 0.000 0.001 0.001 0.001 0.000 0.000 0.000 0.003 0.007 0.009 0.012 0.014 0.017 0.027 0.037 0.047 0.057 0.067 0.077 0.119 0.162 0.205 0.248 0.290 0.333 0.411 0.490 0.569 0.648 0.727 0.806 0.860 0.914 0.969 1.023 1.078 1.134 1.142 1.151 1.160 1.169 1.179 1.188 1.148 1.107 1.066 1.027 0.989 0.951 0.876 0.802 0.730 0.659 0.589 0.521 0.469 0.417 0.365 0.314 0.262 0.212 0.189 0.166 0.142 0.118 0.094 0.070 0.060 0.049 0.037 0.025 0.012 0.000 0.000 0.000 0.000
0.000 0.000 0.000 0.000 0.000 0.000 0.000 0.000 0.002 0.005 0.007 0.009 0.010 0.012 0.020 0.030 0.039 0.049 0.058 0.068 0.105 0.147 0.189 0.231 0.273 0.314 0.388 0.467 0.546 0.626 0.705 0.784 0.843 0.898 0.954 1.005 1.055 1.103 1.112 1.115 1.119 1.124 1.130 1.136 1.103 1.067 1.031 0.998 0.965 0.933 0.868 0.800 0.734 0.669 0.606 0.544 0.492 0.440 0.389 0.338 0.287 0.237 0.210 0.186 0.161 0.136 0.111 0.085 0.071 0.058 0.044 0.030 0.016 0.001 0.000 0.000 0.000
0.000 0.000 0.000 0.000 0.000 0.000 0.000 0.000 0.001 0.003 0.004 0.005 0.006 0.007 0.014 0.023 0.032 0.041 0.050 0.059 0.092 0.133 0.174 0.215 0.255 0.295 0.364 0.441 0.516 0.590 0.662 0.733 0.787 0.835 0.884 0.932 0.979 1.026 1.042 1.048 1.055 1.063 1.071 1.080 1.057 1.026 0.996 0.967 0.939 0.913 0.858 0.797 0.737 0.678 0.621 0.566 0.514 0.464 0.413 0.363 0.313 0.263 0.232 0.207 0.180 0.154 0.126 0.097 0.078 0.062 0.047 0.031 0.017 0.002 0.000 0.000 0.000
0.000 0.000 0.000 0.000 0.000 0.000 0.000 0.000 0.001 0.001 0.002 0.002 0.002 0.002 0.007 0.016 0.025 0.034 0.044 0.053 0.082 0.122 0.161 0.199 0.237 0.275 0.333 0.402 0.471 0.537 0.602 0.665 0.718 0.765 0.812 0.858 0.904 0.950 0.971 0.980 0.990 1.000 1.011 1.023 1.009 0.983 0.959 0.935 0.913 0.891 0.847 0.792 0.738 0.686 0.636 0.586 0.537 0.485 0.430 0.375 0.321 0.268 0.231 0.202 0.173 0.144 0.116 0.088 0.070 0.056 0.042 0.029 0.016 0.003 0.000 0.000 0.000
0.000 0.000 0.000 0.000 0.000 0.000 0.000 0.000 0.000 0.000 0.000 0.000 0.000 0.000 0.005 0.014 0.024 0.034 0.043 0.053 0.076 0.113 0.150 0.185 0.220 0.254 0.303 0.366 0.427 0.486 0.544 0.600 0.650 0.696 0.741 0.785 0.829 0.873 0.900 0.912 0.924 0.937 0.951 0.966 0.961 0.940 0.920 0.902 0.883 0.861 0.821 0.766 0.713 0.661 0.611 0.561 0.510 0.457 0.405 0.353 0.301 0.251 0.214 0.186 0.159 0.132 0.106 0.080 0.062 0.050 0.038 0.026 0.015 0.004 0.000 0.000 0.000
0.000 0.000 0.000 0.000 0.000 0.000 0.000 0.000 0.000 0.000 0.000 0.000 0.000 0.000 0.004 0.013 0.023 0.033 0.043 0.053 0.072 0.106 0.139 0.172 0.204 0.235 0.275 0.331 0.385 0.437 0.488 0.537 0.583 0.627 0.670 0.713 0.755 0.798 0.828 0.841 0.851 0.861 0.872 0.883 0.880 0.859 0.839 0.821 0.803 0.787 0.756 0.708 0.660 0.614 0.569 0.525 0.479 0.429 0.379 0.330 0.281 0.233 0.196 0.170 0.145 0.120 0.095 0.071 0.053 0.043 0.033 0.023 0.013 0.004 0.000 0.000 0.000
0.000 0.000 0.000 0.000 0.000 0.000 0.000 0.000 0.000 0.000 0.000 0.000 0.000 0.000 0.002 0.012 0.022 0.032 0.043 0.053 0.068 0.099 0.129 0.159 0.188 0.216 0.249 0.298 0.344 0.389 0.432 0.472 0.510 0.549 0.586 0.622 0.657 0.690 0.717 0.728 0.739 0.751 0.763 0.775 0.778 0.762 0.748 0.735 0.723 0.712 0.691 0.648 0.606 0.565 0.526 0.488 0.447 0.399 0.352 0.306 0.260 0.215 0.177 0.153 0.130 0.107 0.084 0.062 0.044 0.036 0.027 0.019 0.011 0.004 0.000 0.000 0.000
0.000 0.000 0.000 0.000 0.000 0.000 0.000 0.000 0.000 0.000 0.000 0.000 0.000 0.000 0.001 0.011 0.021 0.032 0.042 0.052 0.065 0.092 0.118 0.143 0.167 0.191 0.216 0.255 0.292 0.328 0.362 0.394 0.425 0.458 0.490 0.520 0.550 0.578 0.602 0.615 0.627 0.640 0.653 0.666 0.675 0.664 0.655 0.648 0.641 0.635 0.624 0.586 0.550 0.515 0.482 0.449 0.415 0.370 0.325 0.282 0.238 0.196 0.158 0.135 0.113 0.092 0.071 0.052 0.036 0.029 0.022 0.015 0.009 0.004 0.000 0.000 0.000
0.000 0.000 0.000 0.000 0.000 0.000 0.000 0.000 0.000 0.000 0.000 0.000 0.000 0.000 0.000 0.009 0.018 0.026 0.034 0.042 0.049 0.072 0.095 0.117 0.138 0.159 0.179 0.210 0.240 0.267 0.293 0.318 0.340 0.368 0.395 0.420 0.444 0.467 0.488 0.501 0.515 0.529 0.543 0.557 0.570 0.565 0.562 0.559 0.558 0.558 0.556 0.524 0.494 0.463 0.433 0.404 0.373 0.330 0.287 0.246 0.205 0.165 0.130 0.110 0.092 0.074 0.057 0.041 0.027 0.021 0.016 0.011 0.007 0.003 0.000 0.000 0.000
0.000 0.000 0.000 0.000 0.000 0.000 0.000 0.000 0.000 0.000 0.000 0.000 0.000 0.000 0.000 0.006 0.013 0.019 0.024 0.030 0.034 0.052 0.072 0.091 0.110 0.127 0.144 0.167 0.189 0.209 0.227 0.243 0.258 0.280 0.301 0.321 0.340 0.357 0.373 0.388 0.403 0.418 0.433 0.448 0.467 0.470 0.473 0.476 0.478 0.481 0.483 0.454 0.426 0.398 0.371 0.345 0.319 0.280 0.242 0.205 0.169 0.134 0.100 0.085 0.069 0.055 0.042 0.029 0.017 0.014 0.010 0.007 0.004 0.002 0.000 0.000 0.000
0.000 0.000 0.000 0.000 0.000 0.000 0.000 0.000 0.000 0.000 0.000 0.000 0.000 0.000 0.000 0.004 0.008 0.012 0.015 0.018 0.020 0.034 0.051 0.067 0.082 0.097 0.111 0.126 0.140 0.152 0.163 0.171 0.178 0.193 0.209 0.228 0.248 0.267 0.285 0.304 0.323 0.341 0.359 0.375 0.391 0.396 0.398 0.400 0.402 0.404 0.406 0.383 0.358 0.333 0.309 0.286 0.263 0.230 0.196 0.163 0.132 0.101 0.072 0.058 0.047 0.036 0.026 0.016 0.008 0.006 0.004 0.002 0.001 0.000 0.000 0.000 0.000
0.000 0.000 0.000 0.000 0.000 0.000 0.000 0.000 0.000 0.000 0.000 0.000 0.000 0.000 0.000 0.002 0.004 0.005 0.006 0.007 0.007 0.016 0.030 0.043 0.055 0.067 0.079 0.090 0.100 0.110 0.119 0.127 0.135 0.150 0.168 0.184 0.200 0.215 0.230 0.245 0.261 0.276 0.290 0.304 0.317 0.322 0.323 0.325 0.326 0.327 0.329 0.312 0.289 0.267 0.246 0.226 0.206 0.178 0.149 0.121 0.094 0.068 0.043 0.031 0.023 0.016 0.009 0.005 0.001 0.000 0.000 0.000 0.000 0.000 0.000 0.000 0.000
0.000 0.000 0.000 0.000 0.000 0.000 0.000 0.000 0.000 0.000 0.000 0.000 0.000 0.000 0.000 0.000 0.000 0.000 0.000 0.000 0.000 0.006 0.018 0.030 0.041 0.051 0.060 0.069 0.076 0.084 0.091 0.097 0.104 0.114 0.128 0.141 0.153 0.165 0.176 0.187 0.200 0.212 0.223 0.233 0.243 0.247 0.249 0.250 0.251 0.251 0.252 0.239 0.220 0.201 0.183 0.165 0.148 0.126 0.104 0.084 0.064 0.045 0.027 0.019 0.015 0.011 0.007 0.004 0.001 0.000 0.000 0.000 0.000 0.000 0.000 0.000 0.000
0.000 0.000 0.000 0.000 0.000 0.000 0.000 0.000 0.000 0.000 0.000 0.000 0.000 0.000 0.000 0.000 0.000 0.000 0.000 0.000 0.000 0.003 0.013 0.021 0.028 0.035 0.042 0.047 0.053 0.059 0.064 0.068 0.072 0.079 0.089 0.099 0.108 0.116 0.123 0.131 0.140 0.149 0.157 0.164 0.170 0.174 0.174 0.175 0.175 0.180 0.185 0.180 0.166 0.153 0.140 0.128 0.115 0.100 0.082 0.066 0.050 0.035 0.022 0.014 0.011 0.008 0.006 0.003 0.001 0.000 0.000 0.000 0.000 0.000 0.000 0.000 0.000
0.000 0.000 0.000 0.000 0.000 0.000 0.000 0.000 0.000 0.000 0.000 0.000 0.000 0.000 0.000 0.000 0.000 0.000 0.000 0.000 0.000 0.002 0.007 0.013 0.017 0.021 0.024 0.027 0.031 0.034 0.037 0.040 0.042 0.045 0.052 0.058 0.063 0.067 0.070 0.075 0.085 0.096 0.106 0.115 0.124 0.132 0.136 0.140 0.143 0.146 0.149 0.145 0.133 0.120 0.109 0.097 0.085 0.073 0.059 0.047 0.036 0.025 0.015 0.010 0.007 0.005 0.004 0.002 0.001 0.000 0.000 0.000 0.000 0.000 0.000 0.000 0.000
0.000 0.000 0.000 0.000 0.000 0.000 0.000 0.000 0.000 0.000 0.000 0.000 0.000 0.000 0.000 0.000 0.000 0.000 0.000 0.000 0.000 0.000 0.003 0.005 0.007 0.007 0.007 0.007 0.009 0.010 0.011 0.015 0.018 0.021 0.028 0.035 0.041 0.046 0.052 0.057 0.067 0.075 0.084 0.092 0.099 0.105 0.108 0.110 0.111 0.112 0.113 0.110 0.099 0.088 0.077 0.066 0.055 0.045 0.036 0.027 0.020 0.014 0.008 0.005 0.003 0.002 0.001 0.001 0.000 0.000 0.000 0.000 0.000 0.000 0.000 0.000 0.000
0.000 0.000 0.000 0.000 0.000 0.000 0.000 0.000 0.000 0.000 0.000 0.000 0.000 0.000 0.000 0.000 0.000 0.000 0.000 0.000 0.000 0.000 0.002 0.003 0.004 0.004 0.004 0.004 0.007 0.009 0.011 0.013 0.014 0.015 0.021 0.025 0.030 0.033 0.037 0.041 0.048 0.055 0.062 0.068 0.075 0.080 0.080 0.080 0.080 0.079 0.078 0.075 0.065 0.054 0.044 0.035 0.025 0.016 0.011 0.007 0.004 0.001 0.000 0.000 0.000 0.000 0.000 0.000 0.000 0.000 0.000 0.000 0.000 0.000 0.000 0.000 0.000
0.000 0.000 0.000 0.000 0.000 0.000 0.000 0.000 0.000 0.000 0.000 0.000 0.000 0.000 0.003 0.007 0.010 0.012 0.013 0.015 0.016 0.017 0.017 0.017 0.016 0.014 0.013 0.010 0.011 0.012 0.012 0.012 0.011 0.010 0.013 0.016 0.019 0.021 0.023 0.024 0.030 0.036 0.041 0.046 0.050 0.055 0.053 0.051 0.049 0.047 0.044 0.040 0.030 0.021 0.015 0.010 0.005 0.000 0.000 0.000 0.000 0.000 0.000 0.000 0.000 0.000 0.000 0.000 0.000 0.000 0.000 0.000 0.000 0.000 0.000 0.000 0.000
0.000 0.000 0.000 0.000 0.000 0.000 0.000 0.002 0.003 0.005 0.008 0.011 0.015 0.019 0.023 0.028 0.031 0.033 0.033 0.034 0.035 0.035 0.033 0.031 0.028 0.025 0.021 0.017 0.016 0.014 0.013 0.011 0.009 0.006 0.007 0.008 0.009 0.009 0.009 0.008 0.012 0.016 0.020 0.023 0.027 0.031 0.031 0.030 0.029 0.028 0.028 0.027 0.022 0.017 0.012 0.008 0.004 0.000 0.000 0.000 0.000 0.000 0.000 0.000 0.000 0.000 0.000 0.000 0.000 0.000 0.000 0.000 0.000 0.000 0.000 0.000 0.000
0.001 0.002 0.003 0.004 0.005 0.007 0.009 0.011 0.014 0.017 0.021 0.026 0.031 0.037 0.043 0.050 0.053 0.054 0.054 0.053 0.053 0.052 0.050 0.045 0.041 0.036 0.030 0.024 0.021 0.018 0.014 0.011 0.007 0.002 0.001 0.000 0.000 0.001 0.001 0.000 0.004 0.008 0.012 0.016 0.020 0.024 0.024 0.023 0.022 0.021 0.021 0.020 0.016 0.013 0.009 0.006 0.003 0.000 0.000 0.000 0.000 0.000 0.000 0.000 0.000 0.000 0.000 0.000 0.000 0.000 0.000 0.000 0.000 0.000 0.000 0.000 0.000
0.010 0.010 0.010 0.010 0.011 0.014 0.017 0.021 0.025 0.029 0.034 0.040 0.047 0.054 0.062 0.070 0.075 0.075 0.074 0.073 0.072 0.070 0.067 0.060 0.054 0.047 0.040 0.034 0.030 0.026 0.023 0.019 0.014 0.009 0.006 0.006 0.005 0.004 0.002 0.001 0.002 0.006 0.009 0.012 0.014 0.017 0.017 0.016 0.015 0.014 0.014 0.013 0.011 0.008 0.006 0.004 0.002 0.000 0.000 0.000 0.000 0.000 0.000 0.000 0.000 0.000 0.000 0.000 0.000 0.000 0.000 0.000 0.000 0.000 0.000 0.000 0.000
0.018 0.018 0.017 0.017 0.018 0.021 0.026 0.030 0.035 0.040 0.046 0.054 0.062 0.071 0.081 0.091 0.097 0.096 0.099 0.101 0.103 0.103 0.101 0.095 0.088 0.080 0.070 0.060 0.052 0.046 0.040 0.033 0.026 0.019 0.013 0.012 0.010 0.007 0.004 0.002 0.001 0.003 0.005 0.007 0.008 0.010 0.010 0.009 0.008 0.007 0.006 0.006 0.004 0.003 0.002 0.001 0.000 0.000 0.000 0.000 0.000 0.000 0.000 0.000 0.000 0.000 0.000 0.000 0.000 0.000 0.000 0.000 0.000 0.000 0.000 0.000 0.000
0.026 0.025 0.024 0.023 0.023 0.028 0.033 0.039 0.045 0.051 0.059 0.076 0.094 0.111 0.128 0.145 0.160 0.161 0.161 0.160 0.158 0.155 0.150 0.140 0.128 0.116 0.102 0.087 0.074 0.066 0.058 0.049 0.039 0.029 0.021 0.018 0.015 0.011 0.007 0.003 0.000 0.002 0.002 0.003 0.003 0.003 0.003 0.002 0.001 0.000 0.000 0.000 0.000 0.000 0.000 0.000 0.000 0.000 0.000 0.000 0.000 0.000 0.000 0.000 0.000 0.000 0.000 0.000 0.000 0.000 0.000 0.000 0.000 0.000 0.000 0.000 0.000
0.035 0.033 0.032 0.032 0.038 0.051 0.064 0.079 0.094 0.109 0.126 0.143 0.160 0.178 0.195 0.213 0.229 0.227 0.223 0.219 0.214 0.208 0.200 0.185 0.169 0.153 0.135 0.116 0.098 0.087 0.076 0.065 0.053 0.040 0.029 0.024 0.020 0.015 0.010 0.004 0.000 0.000 0.000 0.000 0.000 0.000 0.000 0.000 0.000 0.000 0.000 0.000 0.000 0.000 0.000 0.000 0.000 0.000 0.000 0.000 0.000 0.000 0.000 0.000 0.000 0.000 0.000 0.000 0.000 0.000 0.000 0.000 0.000 0.000 0.000 0.000 0.000
0.061 0.066 0.073 0.081 0.090 0.105 0.121 0.138 0.155 0.173 0.192 0.209 0.227 0.244 0.262 0.279 0.297 0.293 0.286 0.279 0.270 0.261 0.252 0.232 0.212 0.191 0.168 0.145 0.122 0.109 0.095 0.081 0.067 0.051 0.035 0.029 0.023 0.017 0.011 0.005 0.000 0.000 0.000 0.000 0.000 0.000 0.000 0.000 0.000 0.000 0.000 0.000 0.000 0.000 0.000 0.000 0.000 0.000 0.000 0.000 0.000 0.000 0.000 0.000 0.000 0.000 0.000 0.000 0.000 0.000 0.000 0.000 0.000 0.000 0.000 0.000 0.000
0.096 0.106 0.117 0.128 0.141 0.158 0.177 0.196 0.216 0.236 0.257 0.276 0.293 0.311 0.329 0.346 0.364 0.360 0.350 0.339 0.328 0.315 0.303 0.284 0.264 0.242 0.218 0.191 0.161 0.144 0.126 0.106 0.084 0.061 0.035 0.029 0.023 0.017 0.012 0.006 0.000 0.000 0.000 0.000 0.000 0.000 0.000 0.000 0.000 0.000 0.000 0.000 0.000 0.000 0.000 0.000 0.000 0.000 0.000 0.000 0.000 0.000 0.000 0.000 0.000 0.000 0.000 0.000 0.000 0.000 0.000 0.000 0.000 0.000 0.000 0.000 0.000
0.131 0.144 0.159 0.175 0.192 0.211 0.232 0.254 0.276 0.299 0.322 0.342 0.360 0.377 0.395 0.427 0.458 0.465 0.459 0.451 0.440 0.427 0.413 0.388 0.357 0.325 0.290 0.252 0.213 0.185 0.160 0.132 0.103 0.072 0.039 0.030 0.024 0.018 0.012 0.006 0.000 0.000 0.000 0.000 0.000 0.000 0.000 0.000 0.000 0.000 0.000 0.000 0.000 0.000 0.000 0.000 0.000 0.000 0.000 0.000 0.000 0.000 0.000 0.000 0.000 0.000 0.000 0.000 0.000 0.000 0.000 0.000 0.000 0.000 0.000 0.000 0.000
0.164 0.182 0.201 0.220 0.241 0.263 0.287 0.312 0.350 0.392 0.435 0.473 0.505 0.535 0.565 0.594 0.622 0.626 0.611 0.593 0.573 0.551 0.527 0.494 0.453 0.410 0.365 0.317 0.267 0.229 0.195 0.160 0.124 0.085 0.045 0.030 0.024 0.019 0.013 0.007 0.001 0.000 0.000 0.000 0.000 0.000 0.000 0.000 0.000 0.000 0.000 0.000 0.000 0.000 0.000 0.000 0.000 0.000 0.000 0.000 0.000 0.000 0.000 0.000 0.000 0.000 0.000 0.000 0.000 0.000 0.000 0.000 0.000 0.000 0.000 0.000 0.000
0.198 0.225 0.257 0.293 0.333 0.375 0.418 0.462 0.509 0.559 0.610 0.653 0.682 0.709 0.736 0.762 0.787 0.789 0.764 0.737 0.708 0.677 0.644 0.602 0.551 0.497 0.442 0.384 0.323 0.274 0.233 0.190 0.146 0.100 0.053 0.031 0.025 0.019 0.013 0.007 0.002 0.000 0.000 0.000 0.000 0.000 0.000 0.000 0.000 0.000 0.000 0.000 0.000 0.000 0.000 0.000 0.000 0.000 0.000 0.000 0.000 0.000 0.000 0.000 0.000 0.000 0.000 0.000 0.000 0.000 0.000 0.000 0.000 0.000 0.000 0.000 0.000
0.259 0.301 0.348 0.398 0.452 0.507 0.558 0.611 0.666 0.723 0.783 0.834 0.859 0.884 0.907 0.930 0.952 0.954 0.920 0.884 0.846 0.806 0.763 0.713 0.651 0.588 0.521 0.453 0.382 0.322 0.273 0.223 0.170 0.116 0.058 0.026 0.021 0.015 0.011 0.006 0.002 0.000 0.000 0.000 0.000 0.000 0.000 0.000 0.000 0.000 0.000 0.000 0.000 0.000 0.000 0.000 0.000 0.000 0.000 0.000 0.000 0.000 0.000 0.000 0.000 0.000 0.000 0.000 0.000 0.000 0.000 0.000 0.000 0.000 0.000 0.000 0.000
0.317 0.374 0.434 0.499 0.567 0.637 0.696 0.757 0.820 0.885 0.953 1.015 1.037 1.059 1.079 1.099 1.117 1.122 1.079 1.033 0.985 0.936 0.884 0.826 0.755 0.682 0.607 0.530 0.451 0.378 0.320 0.259 0.197 0.132 0.064 0.020 0.016 0.012 0.008 0.005 0.002 0.000 0.000 0.000 0.000 0.000 0.000 0.000 0.000 0.000 0.000 0.000 0.000 0.000 0.000 0.000 0.000 0.000 0.000 0.000 0.000 0.000 0.000 0.000 0.000 0.000 0.000 0.000 0.000 0.000 0.000 0.000 0.000 0.000 0.000 0.000 0.000
0.371 0.442 0.517 0.595 0.678 0.765 0.832 0.900 0.972 1.045 1.121 1.197 1.214 1.231 1.248 1.265 1.281 1.291 1.239 1.184 1.127 1.068 1.006 0.941 0.861 0.780 0.696 0.610 0.522 0.437 0.369 0.298 0.225 0.150 0.073 0.013 0.010 0.007 0.005 0.003 0.001 0.000 0.000 0.000 0.000 0.000 0.000 0.000 0.000 0.000 0.000 0.000 0.000 0.000 0.000 0.000 0.000 0.000 0.000 0.000 0.000 0.000 0.000 0.000 0.000 0.000 0.000 0.000 0.000 0.000 0.000 0.000 0.000 0.000 0.000 0.000 0.000
