DATA/SHG/CPC/2018/20180608.asc
ncols        190
nrows        64
xllcorner    -5100000.000000000000
yllcorner    4130000.000000000000
cellsize     10000.000000000000
NODATA_value  -99999.000
[rows 0 to 33 of 64, columns 0 to 75 of 190]
0.004 0.008 0.013 0.019 0.026 0.032 0.037 0.040 0.044 0.047 0.051 0.055 0.060 0.066 0.072 0.080 0.088 0.097 0.118 0.147 0.178 0.212 0.249 0.289 0.303 0.303 0.303 0.302 0.301 0.299 0.283 0.255 0.225 0.192 0.157 0.127 0.121 0.127 0.131 0.130 0.127 0.119 0.112 0.107 0.102 0.096 0.090 0.083 0.078 0.074 0.069 0.065 0.060 0.055 0.050 0.045 0.041 0.037 0.033 0.029 0.025 0.022 0.017 0.013 0.008 0.003 0.000 0.000 0.000 0.000 0.000 0.000 0.000 0.000 0.000 0.000
0.011 0.018 0.024 0.031 0.037 0.043 0.048 0.052 0.056 0.059 0.063 0.067 0.074 0.082 0.091 0.101 0.111 0.122 0.148 0.186 0.227 0.271 0.318 0.368 0.392 0.390 0.389 0.388 0.391 0.395 0.384 0.356 0.326 0.295 0.262 0.227 0.206 0.201 0.192 0.179 0.163 0.144 0.128 0.122 0.116 0.109 0.102 0.094 0.088 0.083 0.078 0.072 0.067 0.061 0.056 0.052 0.048 0.044 0.040 0.037 0.032 0.027 0.022 0.016 0.010 0.004 0.000 0.000 0.000 0.000 0.000 0.000 0.000 0.000 0.000 0.000
0.022 0.029 0.035 0.042 0.048 0.054 0.060 0.064 0.068 0.072 0.076 0.080 0.087 0.098 0.109 0.121 0.134 0.148 0.175 0.223 0.276 0.335 0.394 0.455 0.494 0.498 0.502 0.507 0.513 0.519 0.512 0.479 0.444 0.407 0.369 0.329 0.296 0.278 0.257 0.232 0.204 0.172 0.145 0.137 0.130 0.122 0.114 0.106 0.098 0.092 0.086 0.080 0.075 0.069 0.064 0.060 0.056 0.052 0.047 0.042 0.037 0.031 0.025 0.019 0.012 0.006 0.000 0.000 0.000 0.000 0.000 0.000 0.000 0.000 0.000 0.000
0.033 0.040 0.046 0.053 0.059 0.065 0.071 0.075 0.079 0.084 0.088 0.093 0.099 0.115 0.133 0.155 0.180 0.208 0.245 0.305 0.366 0.428 0.491 0.554 0.605 0.611 0.618 0.625 0.633 0.642 0.643 0.603 0.563 0.521 0.477 0.432 0.388 0.358 0.325 0.288 0.247 0.203 0.161 0.153 0.144 0.140 0.133 0.125 0.114 0.109 0.103 0.097 0.090 0.083 0.075 0.070 0.065 0.060 0.054 0.048 0.041 0.035 0.028 0.021 0.014 0.007 0.000 0.000 0.000 0.000 0.000 0.000 0.000 0.000 0.000 0.000
0.045 0.051 0.057 0.064 0.070 0.076 0.083 0.088 0.094 0.101 0.107 0.115 0.125 0.151 0.180 0.212 0.247 0.285 0.328 0.392 0.455 0.520 0.586 0.652 0.715 0.723 0.733 0.743 0.753 0.765 0.774 0.729 0.684 0.636 0.587 0.536 0.485 0.443 0.409 0.369 0.324 0.272 0.216 0.207 0.198 0.186 0.172 0.156 0.137 0.130 0.122 0.114 0.106 0.097 0.087 0.081 0.075 0.068 0.061 0.054 0.046 0.039 0.032 0.024 0.017 0.009 0.001 0.000 0.000 0.000 0.001 0.001 0.000 0.000 0.000 0.000
0.058 0.065 0.072 0.079 0.086 0.092 0.099 0.106 0.113 0.121 0.130 0.139 0.148 0.184 0.224 0.266 0.312 0.360 0.411 0.477 0.543 0.611 0.680 0.750 0.820 0.835 0.847 0.859 0.872 0.886 0.904 0.872 0.833 0.793 0.753 0.712 0.671 0.623 0.569 0.509 0.444 0.373 0.296 0.271 0.253 0.234 0.213 0.189 0.163 0.151 0.142 0.132 0.122 0.111 0.100 0.092 0.084 0.077 0.068 0.060 0.051 0.043 0.036 0.029 0.022 0.015 0.008 0.006 0.005 0.005 0.004 0.002 0.001 0.000 0.000 0.000
0.077 0.084 0.090 0.097 0.103 0.109 0.115 0.123 0.132 0.142 0.152 0.162 0.173 0.214 0.264 0.317 0.372 0.431 0.492 0.560 0.630 0.701 0.773 0.849 0.929 0.964 0.989 1.015 1.043 1.073 1.106 1.083 1.042 1.000 0.957 0.914 0.871 0.808 0.734 0.654 0.569 0.478 0.382 0.336 0.311 0.284 0.255 0.224 0.191 0.173 0.162 0.150 0.138 0.126 0.113 0.105 0.098 0.091 0.083 0.074 0.064 0.056 0.048 0.041 0.033 0.025 0.017 0.013 0.012 0.010 0.007 0.005 0.001 0.000 0.000 0.000
0.095 0.102 0.108 0.114 0.120 0.125 0.131 0.140 0.150 0.161 0.173 0.185 0.197 0.241 0.301 0.364 0.433 0.506 0.583 0.662 0.742 0.823 0.907 0.991 1.078 1.128 1.160 1.193 1.228 1.266 1.305 1.294 1.251 1.207 1.162 1.116 1.070 0.999 0.905 0.805 0.700 0.589 0.473 0.404 0.371 0.337 0.300 0.261 0.226 0.204 0.195 0.185 0.174 0.161 0.147 0.135 0.126 0.116 0.104 0.093 0.080 0.069 0.061 0.053 0.045 0.036 0.027 0.021 0.018 0.015 0.011 0.007 0.003 0.000 0.000 0.000
0.114 0.121 0.127 0.132 0.137 0.142 0.147 0.156 0.168 0.183 0.199 0.215 0.231 0.278 0.353 0.432 0.515 0.601 0.691 0.780 0.865 0.953 1.042 1.132 1.224 1.290 1.328 1.369 1.411 1.455 1.502 1.506 1.460 1.414 1.367 1.319 1.271 1.195 1.081 0.962 0.837 0.716 0.595 0.513 0.481 0.444 0.401 0.354 0.302 0.263 0.250 0.235 0.219 0.202 0.183 0.166 0.154 0.141 0.127 0.112 0.096 0.083 0.074 0.065 0.056 0.047 0.038 0.030 0.025 0.021 0.016 0.010 0.004 0.001 0.002 0.002
0.132 0.140 0.147 0.155 0.162 0.170 0.177 0.188 0.204 0.221 0.238 0.255 0.272 0.317 0.405 0.497 0.593 0.692 0.795 0.896 0.987 1.080 1.175 1.271 1.369 1.449 1.494 1.542 1.591 1.643 1.697 1.718 1.670 1.621 1.567 1.515 1.462 1.389 1.268 1.147 1.025 0.904 0.783 0.682 0.633 0.578 0.518 0.453 0.383 0.324 0.306 0.286 0.266 0.244 0.220 0.198 0.183 0.167 0.150 0.132 0.114 0.097 0.087 0.078 0.068 0.059 0.050 0.041 0.037 0.032 0.026 0.020 0.014 0.008 0.007 0.006
0.164 0.174 0.182 0.190 0.197 0.205 0.213 0.223 0.241 0.258 0.276 0.294 0.313 0.351 0.453 0.558 0.667 0.779 0.895 1.010 1.107 1.206 1.306 1.408 1.511 1.606 1.658 1.710 1.763 1.816 1.868 1.902 1.849 1.796 1.744 1.692 1.641 1.578 1.457 1.335 1.214 1.092 0.970 0.857 0.789 0.717 0.639 0.557 0.469 0.386 0.363 0.339 0.314 0.287 0.259 0.231 0.213 0.194 0.176 0.160 0.142 0.124 0.116 0.107 0.096 0.085 0.072 0.059 0.053 0.046 0.039 0.031 0.023 0.015 0.013 0.011
0.198 0.208 0.216 0.224 0.232 0.240 0.249 0.258 0.276 0.295 0.314 0.333 0.353 0.382 0.496 0.615 0.736 0.862 0.991 1.121 1.222 1.326 1.432 1.541 1.652 1.761 1.814 1.867 1.920 1.973 2.026 2.075 2.023 1.972 1.921 1.870 1.819 1.768 1.646 1.524 1.402 1.280 1.158 1.036 0.951 0.860 0.765 0.665 0.560 0.450 0.422 0.398 0.375 0.351 0.323 0.293 0.275 0.257 0.237 0.215 0.192 0.167 0.155 0.141 0.127 0.112 0.095 0.078 0.069 0.061 0.052 0.043 0.033 0.023 0.020 0.016
0.233 0.242 0.251 0.259 0.267 0.276 0.284 0.293 0.312 0.332 0.352 0.372 0.396 0.424 0.548 0.679 0.811 0.945 1.079 1.215 1.326 1.439 1.553 1.670 1.789 1.911 1.970 2.023 2.076 2.130 2.183 2.237 2.197 2.147 2.097 2.047 1.997 1.948 1.835 1.712 1.590 1.468 1.345 1.222 1.122 1.023 0.920 0.813 0.701 0.586 0.546 0.517 0.485 0.451 0.414 0.374 0.349 0.325 0.299 0.272 0.243 0.213 0.194 0.177 0.159 0.140 0.119 0.098 0.086 0.076 0.066 0.055 0.044 0.032 0.026 0.022
0.268 0.276 0.285 0.293 0.302 0.311 0.320 0.328 0.350 0.376 0.405 0.435 0.468 0.504 0.618 0.753 0.889 1.027 1.165 1.305 1.428 1.549 1.671 1.796 1.924 2.054 2.126 2.179 2.233 2.286 2.340 2.394 2.370 2.321 2.272 2.223 2.175 2.141 2.053 1.941 1.826 1.708 1.587 1.462 1.347 1.234 1.117 0.995 0.870 0.741 0.676 0.638 0.597 0.554 0.507 0.458 0.423 0.394 0.363 0.330 0.296 0.260 0.235 0.214 0.192 0.169 0.145 0.119 0.103 0.097 0.089 0.080 0.070 0.057 0.050 0.045
0.313 0.318 0.326 0.334 0.342 0.350 0.357 0.364 0.388 0.422 0.458 0.497 0.538 0.581 0.686 0.826 0.966 1.107 1.250 1.394 1.527 1.656 1.787 1.920 2.056 2.194 2.281 2.335 2.389 2.443 2.512 2.585 2.596 2.565 2.534 2.502 2.471 2.440 2.355 2.232 2.106 1.976 1.843 1.706 1.576 1.449 1.317 1.182 1.042 0.899 0.810 0.762 0.712 0.659 0.603 0.545 0.499 0.464 0.428 0.390 0.350 0.309 0.286 0.270 0.252 0.231 0.209 0.185 0.167 0.156 0.142 0.127 0.110 0.092 0.078 0.070
0.372 0.368 0.370 0.377 0.383 0.389 0.395 0.400 0.423 0.465 0.509 0.556 0.605 0.656 0.753 0.897 1.041 1.187 1.333 1.481 1.623 1.760 1.900 2.044 2.192 2.343 2.456 2.527 2.603 2.683 2.769 2.859 2.894 2.863 2.832 2.800 2.769 2.738 2.661 2.526 2.388 2.247 2.102 1.954 1.809 1.667 1.522 1.372 1.218 1.061 0.945 0.888 0.829 0.766 0.702 0.644 0.598 0.567 0.535 0.501 0.466 0.429 0.397 0.374 0.349 0.321 0.292 0.261 0.234 0.216 0.197 0.176 0.153 0.128 0.108 0.096
0.433 0.421 0.414 0.420 0.425 0.429 0.433 0.437 0.456 0.506 0.558 0.613 0.669 0.728 0.819 0.968 1.120 1.271 1.422 1.572 1.721 1.871 2.023 2.180 2.339 2.502 2.641 2.728 2.821 2.918 3.020 3.126 3.192 3.161 3.129 3.098 3.067 3.036 2.970 2.823 2.674 2.521 2.364 2.205 2.045 1.889 1.730 1.566 1.399 1.228 1.088 1.030 0.971 0.913 0.855 0.798 0.747 0.711 0.673 0.634 0.593 0.550 0.510 0.480 0.448 0.413 0.377 0.338 0.303 0.279 0.253 0.226 0.197 0.166 0.138 0.123
0.497 0.476 0.459 0.463 0.466 0.469 0.472 0.473 0.490 0.553 0.619 0.687 0.756 0.828 0.918 1.068 1.218 1.368 1.518 1.667 1.818 1.979 2.143 2.311 2.482 2.657 2.820 2.925 3.034 3.147 3.266 3.389 3.489 3.458 3.427 3.395 3.364 3.333 3.282 3.123 2.966 2.807 2.639 2.462 2.279 2.110 1.938 1.763 1.584 1.403 1.237 1.180 1.122 1.065 1.008 0.952 0.898 0.856 0.813 0.768 0.721 0.673 0.625 0.588 0.548 0.507 0.463 0.418 0.373 0.343 0.311 0.277 0.243 0.211 0.179 0.163
0.564 0.536 0.510 0.516 0.523 0.531 0.538 0.547 0.559 0.630 0.703 0.778 0.855 0.935 1.019 1.169 1.318 1.466 1.614 1.762 1.910 2.083 2.259 2.439 2.622 2.808 2.995 3.116 3.241 3.372 3.507 3.646 3.785 3.765 3.752 3.739 3.724 3.708 3.687 3.514 3.332 3.141 2.940 2.731 2.513 2.333 2.149 1.963 1.773 1.580 1.386 1.329 1.273 1.217 1.161 1.105 1.050 1.003 0.954 0.903 0.851 0.797 0.742 0.698 0.651 0.604 0.561 0.517 0.471 0.440 0.407 0.370 0.331 0.289 0.243 0.220
0.638 0.609 0.580 0.585 0.593 0.602 0.612 0.622 0.632 0.704 0.785 0.867 0.952 1.039 1.128 1.270 1.417 1.564 1.711 1.857 2.003 2.183 2.371 2.563 2.757 2.955 3.163 3.320 3.477 3.644 3.819 4.002 4.194 4.202 4.185 4.167 4.148 4.127 4.105 3.921 3.707 3.483 3.251 3.009 2.758 2.558 2.364 2.166 1.965 1.761 1.553 1.478 1.423 1.368 1.313 1.258 1.204 1.150 1.095 1.040 0.987 0.936 0.886 0.841 0.796 0.750 0.703 0.654 0.605 0.562 0.518 0.471 0.422 0.369 0.313 0.279
0.712 0.683 0.653 0.653 0.663 0.673 0.685 0.696 0.708 0.776 0.864 0.954 1.046 1.140 1.236 1.371 1.517 1.662 1.807 1.956 2.108 2.299 2.507 2.720 2.936 3.157 3.382 3.574 3.762 3.958 4.163 4.376 4.597 4.641 4.619 4.597 4.573 4.548 4.521 4.338 4.091 3.835 3.570 3.296 3.012 2.786 2.581 2.372 2.159 1.944 1.726 1.628 1.573 1.516 1.457 1.397 1.334 1.279 1.228 1.179 1.132 1.087 1.043 0.997 0.947 0.897 0.846 0.793 0.739 0.686 0.632 0.575 0.515 0.452 0.386 0.340
0.787 0.756 0.725 0.720 0.732 0.744 0.757 0.770 0.784 0.846 0.941 1.038 1.138 1.239 1.343 1.474 1.625 1.777 1.931 2.087 2.245 2.440 2.663 2.890 3.121 3.357 3.596 3.820 4.037 4.263 4.497 4.740 4.991 5.080 5.054 5.027 4.998 4.969 4.938 4.763 4.484 4.195 3.898 3.591 3.282 3.032 2.820 2.603 2.380 2.152 1.918 1.786 1.725 1.661 1.596 1.529 1.460 1.404 1.359 1.316 1.275 1.236 1.199 1.153 1.099 1.045 0.989 0.932 0.874 0.813 0.749 0.681 0.611 0.538 0.461 0.403
0.862 0.830 0.798 0.786 0.800 0.814 0.828 0.843 0.859 0.914 1.016 1.121 1.227 1.335 1.446 1.578 1.734 1.893 2.053 2.216 2.380 2.576 2.814 3.056 3.302 3.552 3.806 4.056 4.303 4.559 4.823 5.095 5.376 5.519 5.489 5.457 5.425 5.404 5.374 5.217 4.914 4.602 4.283 3.954 3.618 3.327 3.096 2.860 2.618 2.370 2.117 1.947 1.878 1.808 1.736 1.662 1.587 1.527 1.488 1.452 1.417 1.383 1.352 1.310 1.252 1.194 1.134 1.073 1.011 0.942 0.865 0.788 0.709 0.629 0.547 0.479
0.939 0.905 0.871 0.850 0.866 0.882 0.899 0.916 0.934 0.980 1.089 1.201 1.314 1.429 1.547 1.679 1.842 2.007 2.174 2.342 2.512 2.708 2.960 3.217 3.477 3.742 4.011 4.283 4.560 4.845 5.197 5.549 5.896 6.130 6.106 6.069 6.018 5.953 5.874 5.709 5.377 5.036 4.686 4.328 3.962 3.628 3.378 3.122 2.860 2.594 2.321 2.109 2.034 1.957 1.878 1.798 1.716 1.648 1.615 1.585 1.556 1.529 1.498 1.452 1.383 1.315 1.249 1.184 1.121 1.053 0.972 0.890 0.807 0.723 0.637 0.560
1.019 0.982 0.944 0.913 0.931 0.949 0.968 0.988 1.008 1.043 1.160 1.278 1.399 1.521 1.646 1.778 1.948 2.119 2.292 2.466 2.643 2.834 3.107 3.437 3.783 4.147 4.527 4.916 5.265 5.611 5.952 6.289 6.623 6.887 6.815 6.729 6.629 6.515 6.388 6.210 5.848 5.477 5.098 4.710 4.314 3.934 3.664 3.389 3.108 2.822 2.531 2.272 2.191 2.107 2.022 1.929 1.831 1.742 1.706 1.671 1.636 1.603 1.572 1.535 1.470 1.407 1.346 1.286 1.227 1.164 1.080 0.993 0.906 0.818 0.728 0.642
1.100 1.060 1.018 0.976 0.995 1.016 1.037 1.059 1.082 1.105 1.228 1.354 1.481 1.611 1.742 1.878 2.070 2.276 2.495 2.727 2.972 3.232 3.604 3.993 4.399 4.822 5.262 5.716 6.052 6.383 6.710 7.033 7.352 7.658 7.537 7.402 7.254 7.091 6.915 6.719 6.327 5.927 5.518 5.100 4.674 4.245 3.956 3.662 3.347 3.029 2.710 2.401 2.303 2.204 2.104 2.001 1.897 1.795 1.762 1.731 1.701 1.672 1.644 1.616 1.557 1.498 1.442 1.386 1.332 1.277 1.188 1.098 1.007 0.914 0.820 0.727
1.182 1.138 1.093 1.047 1.059 1.082 1.105 1.130 1.155 1.180 1.297 1.436 1.580 1.730 1.885 2.045 2.273 2.525 2.791 3.070 3.361 3.667 4.083 4.531 4.996 5.478 5.977 6.493 6.841 7.158 7.471 7.779 8.084 8.385 8.273 8.089 7.892 7.680 7.455 7.216 6.814 6.340 5.863 5.389 4.916 4.445 4.111 3.792 3.474 3.156 2.838 2.520 2.395 2.290 2.184 2.075 1.965 1.854 1.817 1.790 1.764 1.739 1.716 1.693 1.641 1.588 1.536 1.485 1.435 1.387 1.298 1.203 1.108 1.017 0.938 0.863
1.265 1.229 1.188 1.133 1.130 1.155 1.180 1.205 1.229 1.252 1.366 1.523 1.686 1.854 2.027 2.206 2.462 2.760 3.072 3.397 3.736 4.088 4.543 5.050 5.574 6.116 6.674 7.249 7.633 7.936 8.234 8.529 8.820 9.103 8.925 8.613 8.300 7.987 7.674 7.359 6.927 6.455 5.986 5.518 5.053 4.590 4.236 3.918 3.600 3.282 2.965 2.648 2.488 2.378 2.265 2.151 2.035 1.917 1.871 1.848 1.826 1.806 1.786 1.768 1.725 1.676 1.628 1.582 1.541 1.504 1.433 1.356 1.284 1.216 1.153 1.094
1.527 1.450 1.359 1.252 1.210 1.234 1.258 1.281 1.303 1.325 1.429 1.604 1.786 1.972 2.164 2.361 2.636 2.981 3.339 3.711 4.096 4.494 4.984 5.551 6.134 6.735 7.343 7.901 8.248 8.445 8.633 8.810 8.978 9.136 9.014 8.700 8.386 8.070 7.755 7.438 7.032 6.568 6.106 5.646 5.188 4.732 4.361 4.043 3.726 3.409 3.092 2.775 2.583 2.466 2.348 2.228 2.106 1.983 1.924 1.903 1.880 1.858 1.837 1.817 1.782 1.743 1.708 1.677 1.651 1.629 1.580 1.519 1.462 1.411 1.364 1.321
1.816 1.688 1.545 1.387 1.291 1.313 1.335 1.357 1.378 1.399 1.486 1.680 1.879 2.084 2.294 2.510 2.795 3.187 3.591 4.027 4.504 4.977 5.495 6.064 6.611 7.137 7.641 8.123 8.461 8.624 8.777 8.921 9.055 9.180 9.105 8.788 8.472 8.154 7.836 7.518 7.135 6.678 6.223 5.771 5.320 4.872 4.486 4.169 3.852 3.535 3.218 2.902 2.679 2.555 2.428 2.298 2.166 2.030 1.950 1.929 1.909 1.889 1.870 1.852 1.829 1.805 1.784 1.768 1.756 1.749 1.721 1.677 1.636 1.601 1.570 1.543
2.120 1.941 1.747 1.538 1.372 1.393 1.413 1.433 1.453 1.472 1.537 1.750 2.014 2.331 2.647 2.960 3.314 3.789 4.260 4.727 5.190 5.649 6.118 6.611 7.083 7.533 7.961 8.367 8.683 8.812 8.932 9.042 9.142 9.233 9.196 8.877 8.558 8.239 7.919 7.598 7.236 6.786 6.339 5.894 5.450 5.023 4.634 4.324 4.010 3.690 3.366 3.038 2.774 2.640 2.503 2.364 2.221 2.076 1.974 1.955 1.937 1.920 1.903 1.886 1.872 1.862 1.856 1.855 1.858 1.865 1.859 1.830 1.806 1.786 1.771 1.761
2.440 2.209 1.965 1.705 1.453 1.517 1.621 1.738 1.869 2.014 2.186 2.501 2.813 3.123 3.432 3.738 4.059 4.520 4.977 5.429 5.878 6.323 6.763 7.181 7.576 7.950 8.303 8.634 8.915 9.011 9.097 9.173 9.239 9.296 9.287 8.966 8.645 8.324 8.040 7.750 7.430 7.008 6.582 6.151 5.716 5.276 4.856 4.529 4.199 3.863 3.523 3.179 2.872 2.728 2.581 2.432 2.279 2.124 1.997 1.981 1.965 1.949 1.934 1.920 1.910 1.915 1.924 1.938 1.955 1.977 1.995 1.997 2.004 2.016 2.034 2.058
3.018 2.803 2.563 2.297 2.005 2.108 2.260 2.426 2.606 2.799 3.007 3.308 3.613 3.916 4.217 4.516 4.813 5.253 5.696 6.135 6.570 7.001 7.428 7.772 8.092 8.390 8.667 8.922 9.156 9.219 9.277 9.418 9.523 9.590 9.617 9.331 9.037 8.733 8.420 8.098 7.764 7.326 6.885 6.439 5.989 5.534 5.081 4.739 4.392 4.040 3.684 3.324 2.973 2.819 2.662 2.503 2.340 2.175 2.020 2.006 1.992 1.978 1.966 1.957 1.960 1.992 2.029 2.071 2.118 2.170 2.221 2.242 2.268 2.300 2.337 2.379
4.004 3.699 3.369 3.013 2.631 2.683 2.883 3.098 3.326 3.569 3.825 4.117 4.415 4.710 5.004 5.296 5.585 5.990 6.419 6.844 7.265 7.682 8.096 8.413 8.808 9.176 9.518 9.834 10.123 10.235 10.284 10.296 10.270 10.208 10.108 9.816 9.490 9.154 8.809 8.455 8.092 7.649 7.192 6.731 6.266 5.796 5.322 4.953 4.590 4.222 3.850 3.473 3.092 2.912 2.746 2.576 2.410 2.247 2.079 2.069 2.069 2.070 2.071 2.072 2.075 2.122 2.176 2.235 2.299 2.368 2.442 2.482 2.527 2.577 2.633 2.695
