DATA/SHG/CPC/2018/20180610.asc
ncols        190
nrows        64
xllcorner    -5100000.000000000000
yllcorner    4130000.000000000000
cellsize     10000.000000000000
NODATA_value  -99999.000
[rows 0 to 33 of 64, columns 77 to 153 of 190]
1.837 1.979 2.183 2.390 2.599 2.811 3.025 3.239 3.452 3.667 3.885 4.106 4.331 4.540 4.696 4.850 5.004 5.159 5.314 5.492 5.748 6.006 6.263 6.517 6.771 7.070 7.526 7.983 8.443 8.905 9.368 9.814 10.195 10.576 10.956 11.335 11.714 12.039 12.198 12.358 12.519 12.681 12.844 12.978 13.029 13.089 13.159 13.238 13.326 13.384 13.326 13.261 13.192 13.117 13.037 12.899 12.604 12.303 11.995 11.680 11.359 11.010 10.580 10.141 9.704 9.270 8.837 8.413 8.007 7.604 7.202 6.801 6.403 6.012 5.636 5.262 4.891
1.638 1.765 1.978 2.194 2.411 2.631 2.854 3.078 3.301 3.527 3.756 3.988 4.223 4.451 4.605 4.758 4.909 5.062 5.215 5.378 5.631 5.883 6.133 6.383 6.632 6.903 7.368 7.834 8.303 8.774 9.247 9.711 10.089 10.467 10.844 11.220 11.595 11.944 12.107 12.272 12.437 12.603 12.769 12.927 13.020 13.122 13.234 13.355 13.485 13.595 13.512 13.424 13.330 13.200 13.045 12.855 12.492 12.130 11.769 11.407 11.047 10.675 10.244 9.815 9.388 8.964 8.542 8.125 7.727 7.332 6.938 6.546 6.155 5.770 5.405 5.042 4.682
1.441 1.550 1.771 1.995 2.221 2.450 2.680 2.909 3.140 3.377 3.618 3.865 4.116 4.373 4.524 4.673 4.821 4.970 5.119 5.267 5.513 5.760 6.006 6.250 6.493 6.736 7.207 7.683 8.161 8.642 9.124 9.608 9.984 10.358 10.732 11.105 11.478 11.848 12.016 12.184 12.353 12.523 12.694 12.866 12.986 13.100 13.212 13.322 13.432 13.534 13.376 13.212 13.041 12.865 12.682 12.488 12.127 11.767 11.407 11.047 10.688 10.327 9.906 9.487 9.071 8.656 8.244 7.836 7.446 7.058 6.673 6.289 5.906 5.527 5.173 4.821 4.471
1.247 1.341 1.560 1.788 2.017 2.247 2.478 2.710 2.958 3.212 3.472 3.736 4.006 4.280 4.444 4.589 4.733 4.878 5.024 5.168 5.397 5.639 5.879 6.119 6.357 6.594 7.044 7.530 8.017 8.507 8.998 9.492 9.879 10.251 10.621 10.966 11.304 11.646 11.818 11.973 12.134 12.300 12.473 12.651 12.767 12.874 12.980 13.085 13.188 13.289 13.130 12.938 12.740 12.536 12.326 12.109 11.762 11.404 11.045 10.688 10.330 9.973 9.566 9.158 8.751 8.347 7.945 7.546 7.163 6.784 6.406 6.030 5.656 5.284 4.938 4.607 4.306
1.062 1.144 1.345 1.576 1.809 2.042 2.276 2.511 2.771 3.044 3.321 3.603 3.891 4.183 4.365 4.507 4.647 4.788 4.930 5.071 5.282 5.519 5.754 5.989 6.222 6.454 6.866 7.334 7.795 8.247 8.692 9.128 9.491 9.834 10.182 10.533 10.887 11.245 11.464 11.645 11.831 12.023 12.221 12.424 12.550 12.651 12.750 12.848 12.945 13.040 12.891 12.672 12.446 12.215 11.977 11.733 11.397 11.041 10.684 10.328 9.972 9.617 9.225 8.826 8.430 8.036 7.641 7.251 6.885 6.533 6.193 5.866 5.550 5.248 4.963 4.687 4.418
0.882 0.950 1.129 1.364 1.599 1.836 2.073 2.311 2.580 2.870 3.165 3.466 3.771 4.081 4.287 4.425 4.562 4.688 4.816 4.947 5.132 5.351 5.566 5.779 5.989 6.196 6.547 6.980 7.405 7.822 8.232 8.633 9.004 9.364 9.728 10.095 10.467 10.841 11.105 11.311 11.523 11.740 11.963 12.192 12.334 12.429 12.522 12.614 12.704 12.793 12.659 12.412 12.159 11.900 11.635 11.363 11.033 10.660 10.255 9.855 9.459 9.068 8.674 8.291 7.924 7.573 7.239 6.921 6.613 6.315 6.030 5.757 5.497 5.249 5.002 4.759 4.523
0.705 0.760 0.913 1.150 1.389 1.629 1.869 2.110 2.385 2.692 2.996 3.297 3.595 3.891 4.100 4.224 4.350 4.483 4.621 4.761 4.936 5.142 5.345 5.546 5.744 5.939 6.237 6.635 7.025 7.407 7.781 8.147 8.514 8.891 9.271 9.655 10.043 10.434 10.740 10.971 11.208 11.451 11.700 11.954 12.121 12.209 12.296 12.382 12.431 12.422 12.223 11.881 11.544 11.213 10.888 10.569 10.210 9.820 9.436 9.056 8.680 8.309 7.967 7.656 7.361 7.083 6.821 6.575 6.329 6.087 5.856 5.638 5.431 5.238 5.033 4.824 4.621
0.532 0.574 0.696 0.949 1.197 1.441 1.679 1.913 2.170 2.467 2.762 3.055 3.345 3.632 3.862 3.995 4.132 4.275 4.423 4.574 4.742 4.936 5.128 5.316 5.502 5.686 5.937 6.299 6.654 7.000 7.339 7.670 8.020 8.414 8.810 9.211 9.615 10.023 10.369 10.588 10.757 10.930 11.107 11.289 11.390 11.381 11.372 11.363 11.354 11.345 11.198 10.882 10.571 10.266 9.967 9.674 9.347 8.978 8.613 8.253 7.897 7.546 7.244 7.006 6.783 6.577 6.387 6.214 6.034 5.846 5.670 5.506 5.354 5.215 5.058 4.881 4.712
0.436 0.485 0.587 0.823 1.055 1.282 1.504 1.722 1.955 2.244 2.531 2.815 3.096 3.376 3.621 3.765 3.911 4.064 4.223 4.384 4.552 4.734 4.914 5.090 5.264 5.435 5.645 5.973 6.292 6.603 6.882 7.119 7.374 7.704 8.028 8.345 8.655 8.958 9.221 9.404 9.591 9.783 9.978 10.177 10.314 10.305 10.297 10.288 10.279 10.271 10.168 9.878 9.593 9.315 9.042 8.775 8.481 8.132 7.787 7.447 7.111 6.780 6.507 6.341 6.190 6.056 5.938 5.837 5.727 5.594 5.472 5.371 5.273 5.176 5.053 4.893 4.737
0.371 0.413 0.482 0.702 0.917 1.128 1.334 1.535 1.742 2.023 2.301 2.577 2.851 3.122 3.378 3.532 3.688 3.852 4.021 4.192 4.366 4.522 4.659 4.786 4.905 5.015 5.135 5.366 5.582 5.785 5.973 6.147 6.330 6.631 6.924 7.210 7.489 7.762 8.016 8.218 8.423 8.632 8.845 9.063 9.239 9.231 9.222 9.214 9.206 9.197 9.134 8.869 8.611 8.358 8.112 7.871 7.612 7.283 6.958 6.638 6.322 6.010 5.788 5.732 5.688 5.656 5.636 5.628 5.604 5.507 5.410 5.314 5.219 5.123 5.013 4.868 4.726
0.307 0.343 0.382 0.585 0.784 0.978 1.168 1.352 1.532 1.805 2.075 2.342 2.607 2.868 3.118 3.268 3.411 3.556 3.703 3.847 3.987 4.093 4.191 4.279 4.359 4.430 4.493 4.661 4.815 4.955 5.081 5.192 5.296 5.566 5.828 6.084 6.333 6.575 6.809 7.029 7.252 7.479 7.710 7.946 8.166 8.158 8.150 8.142 8.133 8.125 8.094 7.856 7.624 7.404 7.194 6.992 6.787 6.514 6.256 6.012 5.783 5.569 5.395 5.393 5.404 5.426 5.461 5.508 5.541 5.446 5.352 5.258 5.164 5.071 4.970 4.839 4.711
0.245 0.275 0.303 0.473 0.655 0.833 1.011 1.188 1.359 1.610 1.865 2.112 2.351 2.583 2.806 2.952 3.081 3.212 3.345 3.474 3.601 3.675 3.733 3.782 3.823 3.855 3.878 3.973 4.064 4.141 4.205 4.254 4.289 4.509 4.742 4.967 5.185 5.397 5.602 5.837 6.078 6.323 6.573 6.826 7.089 7.098 7.095 7.091 7.086 7.081 7.075 6.880 6.690 6.508 6.335 6.170 6.014 5.806 5.612 5.434 5.270 5.120 4.991 5.043 5.108 5.185 5.275 5.376 5.478 5.385 5.293 5.201 5.109 5.018 4.925 4.808 4.694
0.200 0.236 0.271 0.416 0.590 0.758 0.921 1.078 1.229 1.442 1.670 1.889 2.101 2.306 2.502 2.640 2.756 2.872 2.991 3.106 3.219 3.267 3.286 3.296 3.298 3.290 3.274 3.301 3.330 3.345 3.346 3.332 3.305 3.462 3.664 3.907 4.146 4.374 4.592 4.851 5.112 5.363 5.604 5.834 6.055 6.084 6.077 6.070 6.062 6.053 6.043 5.902 5.750 5.605 5.469 5.342 5.223 5.083 4.955 4.841 4.742 4.658 4.588 4.681 4.801 4.932 5.076 5.232 5.400 5.324 5.233 5.143 5.053 4.964 4.875 4.774 4.675
0.207 0.241 0.276 0.389 0.544 0.692 0.835 0.973 1.105 1.281 1.482 1.674 1.859 2.036 2.205 2.333 2.434 2.537 2.641 2.742 2.841 2.870 2.849 2.821 2.783 2.736 2.704 2.702 2.714 2.723 2.729 2.733 2.733 2.881 3.095 3.298 3.491 3.673 3.846 4.052 4.268 4.474 4.670 4.856 5.032 5.072 5.062 5.051 5.039 5.027 5.013 4.918 4.802 4.695 4.596 4.506 4.424 4.347 4.284 4.235 4.201 4.181 4.176 4.308 4.481 4.667 4.866 5.070 5.272 5.230 5.146 5.072 5.005 4.947 4.897 4.790 4.667
0.213 0.247 0.281 0.368 0.503 0.632 0.755 0.873 0.986 1.128 1.301 1.467 1.624 1.773 1.915 2.029 2.117 2.208 2.301 2.391 2.478 2.506 2.474 2.442 2.408 2.374 2.338 2.321 2.320 2.316 2.310 2.300 2.287 2.377 2.544 2.702 2.848 2.985 3.111 3.265 3.437 3.598 3.749 3.890 4.022 4.062 4.049 4.034 4.019 4.003 3.986 3.926 3.847 3.777 3.716 3.663 3.618 3.600 3.642 3.695 3.756 3.827 3.908 4.076 4.277 4.475 4.670 4.863 5.053 5.066 5.020 4.983 4.953 4.933 4.920 4.811 4.664
0.220 0.254 0.287 0.352 0.467 0.577 0.681 0.779 0.872 0.982 1.126 1.264 1.396 1.523 1.644 1.748 1.825 1.903 1.983 2.059 2.133 2.165 2.129 2.092 2.054 2.015 1.974 1.945 1.931 1.914 1.894 1.871 1.845 1.884 2.006 2.117 2.218 2.309 2.389 2.490 2.616 2.733 2.840 2.936 3.023 3.055 3.038 3.020 3.005 3.047 3.086 3.107 3.115 3.126 3.141 3.160 3.182 3.236 3.320 3.415 3.518 3.631 3.754 3.919 4.108 4.294 4.478 4.659 4.837 4.895 4.886 4.886 4.894 4.910 4.935 4.838 4.666
0.227 0.260 0.292 0.333 0.422 0.508 0.588 0.665 0.736 0.818 0.942 1.061 1.174 1.281 1.383 1.473 1.537 1.602 1.669 1.732 1.793 1.827 1.786 1.744 1.701 1.657 1.612 1.572 1.545 1.514 1.481 1.445 1.406 1.403 1.479 1.544 1.599 1.644 1.679 1.730 1.872 2.006 2.133 2.252 2.363 2.444 2.482 2.518 2.551 2.582 2.610 2.634 2.658 2.685 2.715 2.750 2.787 2.863 2.989 3.125 3.271 3.426 3.590 3.765 3.942 4.117 4.288 4.457 4.623 4.716 4.744 4.781 4.826 4.879 4.941 4.870 4.674
0.203 0.226 0.248 0.274 0.348 0.418 0.483 0.544 0.601 0.659 0.764 0.863 0.957 1.045 1.127 1.202 1.253 1.305 1.358 1.408 1.456 1.489 1.444 1.397 1.350 1.301 1.251 1.203 1.162 1.119 1.076 1.065 1.053 1.061 1.144 1.222 1.297 1.366 1.432 1.504 1.612 1.712 1.805 1.889 1.967 2.026 2.053 2.078 2.100 2.120 2.137 2.158 2.198 2.240 2.287 2.336 2.390 2.480 2.649 2.827 3.014 3.211 3.417 3.614 3.779 3.942 4.102 4.259 4.413 4.528 4.594 4.668 4.751 4.838 4.930 4.888 4.658
0.169 0.187 0.204 0.220 0.278 0.333 0.383 0.428 0.470 0.507 0.591 0.671 0.745 0.814 0.877 0.935 0.973 1.012 1.052 1.089 1.123 1.156 1.130 1.106 1.083 1.062 1.042 1.025 1.014 1.004 0.993 0.983 0.974 0.970 1.033 1.092 1.146 1.196 1.242 1.287 1.361 1.427 1.485 1.536 1.579 1.612 1.628 1.642 1.653 1.661 1.667 1.680 1.735 1.793 1.855 1.920 1.989 2.089 2.299 2.519 2.748 2.987 3.235 3.445 3.588 3.738 3.895 4.059 4.231 4.384 4.477 4.576 4.678 4.785 4.896 4.891 4.627
0.136 0.150 0.162 0.173 0.212 0.251 0.286 0.317 0.343 0.365 0.423 0.484 0.539 0.590 0.647 0.699 0.745 0.794 0.847 0.901 0.956 1.012 1.003 0.987 0.972 0.959 0.947 0.938 0.928 0.919 0.911 0.902 0.894 0.886 0.927 0.966 1.001 1.032 1.058 1.079 1.118 1.150 1.174 1.191 1.200 1.201 1.206 1.209 1.209 1.206 1.201 1.198 1.269 1.343 1.444 1.544 1.641 1.750 1.987 2.219 2.449 2.675 2.898 3.112 3.286 3.468 3.657 3.853 4.056 4.248 4.361 4.479 4.601 4.727 4.858 4.901 4.603
0.104 0.113 0.121 0.128 0.150 0.174 0.195 0.218 0.239 0.258 0.306 0.360 0.410 0.456 0.497 0.534 0.579 0.632 0.690 0.748 0.807 0.867 0.875 0.866 0.859 0.854 0.850 0.849 0.842 0.835 0.828 0.821 0.814 0.808 0.826 0.846 0.861 0.872 0.878 0.880 0.884 0.882 0.872 0.854 0.829 0.826 0.849 0.872 0.894 0.914 0.932 0.949 1.041 1.135 1.227 1.317 1.405 1.491 1.711 1.929 2.145 2.357 2.566 2.771 2.978 3.191 3.412 3.639 3.874 4.109 4.241 4.378 4.520 4.665 4.815 4.919 4.587
0.075 0.083 0.089 0.095 0.110 0.131 0.149 0.165 0.180 0.193 0.223 0.262 0.296 0.326 0.351 0.372 0.412 0.469 0.531 0.593 0.657 0.721 0.744 0.743 0.744 0.747 0.752 0.758 0.756 0.750 0.744 0.739 0.734 0.729 0.730 0.730 0.734 0.736 0.736 0.734 0.731 0.728 0.722 0.715 0.707 0.696 0.708 0.724 0.738 0.751 0.762 0.771 0.845 0.930 1.013 1.093 1.172 1.249 1.439 1.643 1.844 2.042 2.237 2.428 2.662 2.907 3.160 3.419 3.686 3.959 4.117 4.273 4.434 4.599 4.768 4.942 4.578
0.057 0.062 0.067 0.070 0.079 0.093 0.105 0.115 0.123 0.129 0.144 0.167 0.186 0.200 0.210 0.216 0.244 0.306 0.371 0.438 0.506 0.574 0.612 0.619 0.628 0.639 0.651 0.674 0.686 0.687 0.688 0.689 0.688 0.687 0.685 0.682 0.677 0.671 0.662 0.651 0.640 0.629 0.616 0.602 0.586 0.568 0.569 0.577 0.584 0.590 0.593 0.595 0.651 0.727 0.800 0.872 0.941 1.008 1.171 1.361 1.547 1.731 1.911 2.088 2.340 2.617 2.901 3.192 3.473 3.741 3.883 3.993 4.093 4.182 4.261 4.329 3.981
0.040 0.042 0.044 0.046 0.049 0.057 0.062 0.065 0.067 0.067 0.069 0.077 0.080 0.079 0.073 0.063 0.075 0.142 0.227 0.311 0.393 0.475 0.533 0.556 0.580 0.605 0.630 0.656 0.671 0.670 0.667 0.664 0.660 0.656 0.648 0.637 0.623 0.607 0.590 0.570 0.551 0.532 0.512 0.490 0.467 0.442 0.431 0.433 0.432 0.431 0.427 0.422 0.460 0.526 0.590 0.653 0.713 0.771 0.906 1.099 1.290 1.474 1.651 1.819 2.058 2.323 2.581 2.830 3.071 3.304 3.419 3.483 3.537 3.581 3.614 3.637 3.362
0.022 0.023 0.023 0.022 0.021 0.022 0.021 0.018 0.013 0.007 0.001 0.006 0.011 0.016 0.021 0.026 0.047 0.127 0.206 0.284 0.360 0.435 0.497 0.524 0.551 0.579 0.608 0.637 0.657 0.653 0.647 0.641 0.634 0.626 0.614 0.593 0.571 0.546 0.520 0.491 0.463 0.437 0.410 0.381 0.350 0.317 0.296 0.290 0.283 0.273 0.274 0.279 0.321 0.402 0.484 0.567 0.651 0.736 0.867 1.032 1.190 1.340 1.482 1.617 1.808 2.037 2.259 2.473 2.678 2.876 2.965 2.983 2.992 2.990 2.978 2.955 2.735
0.006 0.004 0.002 0.000 0.000 0.000 0.001 0.002 0.003 0.005 0.007 0.012 0.016 0.021 0.025 0.030 0.040 0.114 0.187 0.259 0.329 0.398 0.461 0.490 0.521 0.553 0.585 0.618 0.644 0.636 0.628 0.618 0.608 0.597 0.582 0.552 0.521 0.487 0.452 0.415 0.377 0.352 0.329 0.305 0.280 0.255 0.239 0.244 0.249 0.254 0.259 0.264 0.298 0.383 0.469 0.556 0.644 0.733 0.842 0.974 1.097 1.213 1.322 1.422 1.566 1.760 1.946 2.124 2.294 2.455 2.521 2.495 2.458 2.410 2.353 2.285 2.099
0.002 0.002 0.002 0.001 0.000 0.001 0.003 0.005 0.007 0.010 0.013 0.017 0.021 0.026 0.030 0.034 0.037 0.103 0.169 0.235 0.299 0.362 0.423 0.456 0.491 0.525 0.561 0.598 0.632 0.621 0.609 0.596 0.589 0.583 0.574 0.545 0.515 0.484 0.451 0.417 0.383 0.357 0.331 0.304 0.276 0.248 0.225 0.230 0.235 0.240 0.244 0.249 0.274 0.364 0.454 0.545 0.637 0.729 0.826 0.923 1.013 1.095 1.169 1.236 1.333 1.491 1.641 1.784 1.918 2.044 2.089 2.017 1.934 1.847 1.771 1.695 1.564
0.006 0.005 0.004 0.002 0.000 0.002 0.005 0.008 0.011 0.015 0.019 0.023 0.027 0.030 0.034 0.037 0.041 0.093 0.153 0.213 0.271 0.327 0.383 0.433 0.485 0.536 0.585 0.633 0.679 0.676 0.668 0.658 0.647 0.634 0.619 0.585 0.549 0.512 0.473 0.433 0.392 0.363 0.334 0.304 0.273 0.241 0.212 0.217 0.221 0.225 0.229 0.233 0.250 0.343 0.437 0.532 0.628 0.725 0.817 0.880 0.936 0.984 1.024 1.057 1.111 1.246 1.368 1.478 1.576 1.661 1.692 1.616 1.540 1.465 1.390 1.315 1.210
0.010 0.008 0.006 0.003 0.001 0.002 0.006 0.010 0.015 0.019 0.024 0.028 0.032 0.035 0.038 0.056 0.075 0.132 0.204 0.276 0.348 0.421 0.494 0.547 0.593 0.637 0.680 0.721 0.761 0.757 0.742 0.725 0.706 0.686 0.665 0.627 0.585 0.542 0.497 0.451 0.404 0.370 0.338 0.304 0.270 0.236 0.200 0.203 0.207 0.211 0.215 0.218 0.224 0.321 0.419 0.520 0.627 0.732 0.829 0.871 0.909 0.943 0.973 0.999 1.030 1.110 1.177 1.232 1.275 1.305 1.307 1.232 1.157 1.083 1.009 0.935 0.849
0.014 0.011 0.008 0.005 0.002 0.003 0.007 0.013 0.027 0.042 0.058 0.074 0.093 0.113 0.135 0.159 0.186 0.240 0.313 0.387 0.461 0.535 0.610 0.663 0.702 0.740 0.776 0.810 0.843 0.839 0.817 0.793 0.768 0.741 0.712 0.670 0.622 0.573 0.522 0.470 0.417 0.378 0.342 0.306 0.269 0.231 0.194 0.205 0.222 0.240 0.258 0.276 0.295 0.391 0.492 0.590 0.686 0.779 0.870 0.897 0.917 0.934 0.947 0.956 0.961 0.986 0.999 0.999 0.987 0.962 0.923 0.849 0.775 0.702 0.628 0.555 0.480
0.019 0.020 0.023 0.027 0.032 0.042 0.058 0.074 0.091 0.108 0.127 0.148 0.173 0.201 0.230 0.261 0.294 0.347 0.422 0.497 0.573 0.649 0.725 0.780 0.813 0.844 0.873 0.901 0.928 0.923 0.894 0.863 0.831 0.796 0.761 0.714 0.660 0.610 0.583 0.543 0.490 0.453 0.427 0.400 0.370 0.339 0.306 0.311 0.330 0.349 0.368 0.388 0.409 0.486 0.575 0.662 0.747 0.829 0.908 0.926 0.929 0.929 0.925 0.917 0.904 0.875 0.833 0.778 0.711 0.631 0.539 0.466 0.393 0.320 0.248 0.176 0.104
0.049 0.055 0.063 0.072 0.083 0.096 0.114 0.133 0.153 0.174 0.196 0.220 0.253 0.287 0.323 0.361 0.401 0.453 0.530 0.607 0.684 0.762 0.840 0.899 0.925 0.949 0.972 0.994 1.021 1.081 1.105 1.123 1.134 1.139 1.138 1.111 1.051 0.979 0.892 0.793 0.680 0.608 0.574 0.538 0.500 0.461 0.420 0.416 0.436 0.457 0.478 0.500 0.522 0.583 0.662 0.737 0.811 0.881 0.949 0.959 0.946 0.928 0.907 0.881 0.852 0.777 0.680 0.570 0.448 0.314 0.195 0.168 0.152 0.135 0.116 0.096 0.075
0.078 0.089 0.102 0.116 0.132 0.149 0.170 0.192 0.215 0.239 0.263 0.291 0.330 0.371 0.414 0.459 0.506 0.559 0.638 0.718 0.815 0.920 1.031 1.137 1.218 1.312 1.417 1.534 1.662 1.757 1.753 1.743 1.726 1.704 1.675 1.612 1.493 1.361 1.216 1.057 0.884 0.764 0.722 0.678 0.632 0.585 0.535 0.521 0.543 0.565 0.588 0.611 0.634 0.683 0.750 0.815 0.877 0.936 0.993 0.996 0.966 0.950 0.958 0.964 0.968 0.910 0.816 0.713 0.601 0.480 0.350 0.300 0.278 0.256 0.231 0.206 0.179
0.105 0.121 0.139 0.159 0.179 0.201 0.226 0.250 0.276 0.303 0.330 0.359 0.406 0.458 0.516 0.580 0.650 0.725 0.839 0.960 1.087 1.221 1.362 1.506 1.639 1.784 1.941 2.110 2.290 2.439 2.407 2.369 2.325 2.274 2.218 2.128 1.949 1.758 1.553 1.334 1.103 0.922 0.872 0.820 0.766 0.710 0.652 0.625 0.649 0.672 0.697 0.721 0.753 0.809 0.893 0.984 1.081 1.185 1.297 1.356 1.359 1.360 1.358 1.355 1.350 1.274 1.140 0.998 0.845 0.684 0.514 0.433 0.406 0.378 0.348 0.317 0.285
