DATA/SHG/CPC/2018/20180506.asc
ncols        190
nrows        64
xllcorner    -5100000.000000000000
yllcorner    4130000.000000000000
cellsize     10000.000000000000
NODATA_value  -99999.000
[rows 0 to 33 of 64, columns 0 to 75 of 190]
0.000 0.000 0.000 0.001 0.002 0.004 0.010 0.017 0.024 0.031 0.039 0.046 0.050 0.053 0.056 0.059 0.063 0.067 0.074 0.084 0.094 0.105 0.116 0.129 0.133 0.131 0.130 0.130 0.129 0.128 0.123 0.114 0.104 0.092 0.078 0.066 0.064 0.068 0.071 0.073 0.074 0.074 0.074 0.075 0.076 0.077 0.077 0.078 0.079 0.080 0.081 0.082 0.082 0.083 0.084 0.085 0.086 0.086 0.087 0.088 0.088 0.088 0.088 0.087 0.087 0.087 0.086 0.084 0.083 0.081 0.080 0.078 0.076 0.071 0.067 0.063
0.004 0.006 0.008 0.010 0.012 0.014 0.019 0.027 0.034 0.041 0.049 0.056 0.061 0.065 0.069 0.073 0.077 0.082 0.090 0.103 0.115 0.129 0.144 0.159 0.166 0.165 0.164 0.164 0.165 0.166 0.162 0.151 0.139 0.125 0.111 0.095 0.087 0.087 0.086 0.084 0.081 0.077 0.075 0.076 0.077 0.077 0.079 0.080 0.081 0.081 0.082 0.083 0.084 0.085 0.086 0.087 0.088 0.089 0.090 0.090 0.091 0.090 0.090 0.089 0.089 0.088 0.087 0.086 0.085 0.083 0.082 0.081 0.079 0.075 0.071 0.068
0.011 0.013 0.016 0.018 0.021 0.024 0.029 0.037 0.044 0.051 0.059 0.066 0.072 0.076 0.081 0.086 0.091 0.097 0.106 0.121 0.137 0.156 0.175 0.193 0.205 0.207 0.208 0.210 0.212 0.214 0.210 0.195 0.179 0.162 0.144 0.125 0.111 0.107 0.102 0.096 0.090 0.082 0.075 0.076 0.077 0.078 0.080 0.081 0.082 0.083 0.084 0.085 0.086 0.087 0.088 0.089 0.089 0.090 0.091 0.091 0.092 0.091 0.091 0.090 0.090 0.089 0.089 0.088 0.086 0.085 0.084 0.083 0.082 0.079 0.076 0.073
0.017 0.020 0.023 0.027 0.030 0.034 0.039 0.046 0.054 0.061 0.068 0.076 0.083 0.089 0.097 0.106 0.116 0.126 0.140 0.159 0.177 0.196 0.215 0.234 0.249 0.251 0.253 0.255 0.258 0.261 0.260 0.241 0.221 0.201 0.179 0.156 0.135 0.128 0.119 0.110 0.099 0.087 0.076 0.077 0.078 0.080 0.082 0.083 0.083 0.084 0.085 0.086 0.087 0.089 0.090 0.090 0.091 0.091 0.092 0.092 0.093 0.092 0.092 0.091 0.091 0.091 0.090 0.089 0.088 0.087 0.086 0.086 0.085 0.082 0.080 0.077
0.023 0.027 0.031 0.035 0.039 0.044 0.050 0.059 0.067 0.076 0.085 0.093 0.102 0.112 0.124 0.136 0.149 0.164 0.180 0.198 0.217 0.236 0.255 0.274 0.292 0.295 0.298 0.301 0.304 0.307 0.310 0.288 0.264 0.240 0.215 0.188 0.161 0.150 0.142 0.132 0.119 0.104 0.087 0.088 0.088 0.088 0.088 0.086 0.085 0.086 0.087 0.088 0.089 0.090 0.091 0.092 0.092 0.093 0.093 0.093 0.094 0.093 0.093 0.093 0.092 0.092 0.092 0.091 0.090 0.089 0.089 0.088 0.088 0.086 0.083 0.081
0.031 0.036 0.042 0.048 0.055 0.063 0.070 0.079 0.087 0.096 0.104 0.113 0.121 0.135 0.150 0.165 0.182 0.200 0.219 0.238 0.257 0.276 0.295 0.315 0.334 0.338 0.342 0.346 0.350 0.354 0.359 0.339 0.317 0.294 0.271 0.247 0.224 0.209 0.192 0.174 0.153 0.130 0.105 0.100 0.099 0.097 0.094 0.091 0.087 0.087 0.088 0.089 0.090 0.092 0.093 0.093 0.094 0.094 0.094 0.094 0.094 0.094 0.094 0.094 0.094 0.094 0.094 0.093 0.093 0.092 0.092 0.091 0.091 0.089 0.087 0.085
0.041 0.048 0.056 0.064 0.072 0.081 0.091 0.099 0.107 0.116 0.124 0.132 0.140 0.156 0.174 0.194 0.214 0.235 0.258 0.278 0.297 0.316 0.335 0.356 0.379 0.390 0.397 0.405 0.412 0.419 0.427 0.411 0.388 0.364 0.340 0.316 0.292 0.269 0.245 0.219 0.190 0.159 0.126 0.114 0.110 0.106 0.101 0.096 0.090 0.088 0.090 0.091 0.092 0.093 0.094 0.095 0.095 0.096 0.096 0.096 0.097 0.097 0.097 0.096 0.096 0.096 0.096 0.096 0.096 0.095 0.095 0.094 0.094 0.093 0.091 0.089
0.052 0.060 0.069 0.079 0.089 0.099 0.110 0.119 0.127 0.135 0.143 0.151 0.159 0.176 0.198 0.221 0.245 0.272 0.299 0.323 0.345 0.369 0.393 0.418 0.444 0.458 0.465 0.472 0.480 0.487 0.495 0.483 0.458 0.434 0.410 0.385 0.360 0.332 0.300 0.266 0.229 0.190 0.149 0.128 0.122 0.116 0.109 0.101 0.094 0.091 0.092 0.093 0.095 0.096 0.097 0.097 0.098 0.098 0.098 0.099 0.099 0.099 0.099 0.099 0.099 0.099 0.099 0.099 0.098 0.098 0.097 0.097 0.097 0.096 0.094 0.093
0.063 0.071 0.082 0.093 0.105 0.117 0.130 0.140 0.147 0.157 0.166 0.175 0.184 0.202 0.228 0.256 0.284 0.314 0.344 0.372 0.397 0.424 0.451 0.478 0.507 0.525 0.533 0.540 0.547 0.555 0.562 0.554 0.530 0.505 0.479 0.454 0.428 0.397 0.357 0.315 0.270 0.226 0.182 0.154 0.148 0.139 0.129 0.117 0.104 0.095 0.096 0.097 0.098 0.099 0.099 0.100 0.100 0.100 0.101 0.101 0.101 0.102 0.102 0.102 0.102 0.102 0.102 0.101 0.101 0.101 0.100 0.100 0.100 0.099 0.098 0.097
0.073 0.083 0.099 0.115 0.131 0.147 0.162 0.175 0.184 0.192 0.200 0.207 0.214 0.229 0.259 0.290 0.322 0.355 0.389 0.421 0.449 0.478 0.508 0.538 0.569 0.593 0.600 0.607 0.615 0.622 0.630 0.626 0.601 0.575 0.548 0.520 0.492 0.459 0.415 0.370 0.325 0.280 0.234 0.198 0.185 0.170 0.154 0.135 0.115 0.099 0.100 0.101 0.101 0.101 0.102 0.102 0.102 0.103 0.103 0.103 0.104 0.104 0.104 0.104 0.104 0.104 0.104 0.105 0.104 0.104 0.104 0.104 0.103 0.103 0.102 0.101
0.110 0.124 0.140 0.155 0.171 0.186 0.201 0.214 0.221 0.228 0.234 0.239 0.244 0.256 0.289 0.324 0.359 0.395 0.432 0.469 0.499 0.531 0.564 0.597 0.631 0.660 0.668 0.675 0.682 0.688 0.694 0.693 0.665 0.637 0.608 0.579 0.550 0.517 0.472 0.426 0.380 0.334 0.287 0.244 0.225 0.203 0.180 0.155 0.129 0.104 0.104 0.104 0.104 0.105 0.104 0.104 0.105 0.105 0.105 0.106 0.106 0.107 0.107 0.107 0.108 0.108 0.109 0.109 0.109 0.108 0.108 0.108 0.107 0.107 0.106 0.106
0.151 0.166 0.181 0.196 0.211 0.226 0.240 0.254 0.259 0.264 0.268 0.272 0.275 0.281 0.318 0.356 0.395 0.434 0.475 0.516 0.552 0.587 0.624 0.661 0.698 0.734 0.740 0.745 0.750 0.754 0.757 0.758 0.729 0.699 0.669 0.638 0.608 0.576 0.529 0.483 0.435 0.388 0.340 0.291 0.266 0.238 0.208 0.177 0.144 0.109 0.108 0.108 0.107 0.107 0.106 0.106 0.106 0.106 0.107 0.108 0.109 0.110 0.110 0.111 0.111 0.112 0.113 0.113 0.113 0.113 0.112 0.112 0.111 0.111 0.110 0.110
0.190 0.207 0.222 0.237 0.251 0.265 0.279 0.293 0.297 0.300 0.303 0.305 0.308 0.312 0.352 0.395 0.439 0.483 0.528 0.574 0.612 0.650 0.688 0.727 0.767 0.807 0.813 0.816 0.818 0.820 0.820 0.820 0.793 0.762 0.730 0.698 0.666 0.633 0.587 0.539 0.491 0.442 0.393 0.343 0.308 0.273 0.236 0.198 0.158 0.117 0.110 0.110 0.109 0.108 0.107 0.106 0.107 0.108 0.109 0.110 0.111 0.113 0.114 0.114 0.115 0.116 0.117 0.117 0.117 0.117 0.116 0.116 0.115 0.114 0.114 0.114
0.229 0.248 0.263 0.277 0.291 0.306 0.319 0.330 0.335 0.338 0.342 0.347 0.352 0.358 0.395 0.441 0.487 0.534 0.582 0.630 0.672 0.711 0.752 0.793 0.834 0.877 0.887 0.888 0.887 0.886 0.884 0.882 0.857 0.825 0.792 0.758 0.725 0.692 0.649 0.600 0.549 0.497 0.443 0.388 0.344 0.303 0.262 0.218 0.173 0.127 0.112 0.111 0.110 0.109 0.108 0.107 0.107 0.109 0.110 0.112 0.114 0.116 0.117 0.118 0.119 0.119 0.120 0.121 0.121 0.122 0.123 0.124 0.125 0.127 0.129 0.132
0.287 0.311 0.328 0.340 0.349 0.357 0.363 0.367 0.371 0.376 0.382 0.389 0.396 0.403 0.437 0.485 0.534 0.584 0.634 0.685 0.730 0.772 0.815 0.858 0.902 0.946 0.962 0.960 0.957 0.953 0.950 0.948 0.928 0.896 0.864 0.831 0.799 0.766 0.721 0.666 0.610 0.553 0.494 0.433 0.382 0.336 0.288 0.240 0.189 0.138 0.114 0.113 0.112 0.110 0.109 0.107 0.108 0.110 0.112 0.114 0.116 0.118 0.120 0.121 0.122 0.124 0.127 0.130 0.132 0.134 0.136 0.138 0.141 0.143 0.146 0.150
0.372 0.391 0.403 0.408 0.410 0.411 0.409 0.405 0.406 0.413 0.421 0.430 0.439 0.448 0.478 0.529 0.581 0.633 0.686 0.740 0.789 0.833 0.877 0.922 0.966 1.010 1.031 1.028 1.025 1.024 1.022 1.022 1.006 0.973 0.940 0.907 0.873 0.839 0.794 0.734 0.673 0.610 0.546 0.480 0.421 0.370 0.317 0.263 0.207 0.150 0.116 0.115 0.113 0.112 0.110 0.106 0.103 0.104 0.106 0.109 0.112 0.116 0.119 0.122 0.126 0.130 0.134 0.139 0.143 0.146 0.149 0.152 0.156 0.159 0.163 0.167
0.459 0.473 0.481 0.478 0.473 0.466 0.457 0.446 0.441 0.450 0.460 0.470 0.481 0.492 0.518 0.574 0.631 0.689 0.746 0.803 0.856 0.900 0.943 0.985 1.027 1.068 1.095 1.094 1.093 1.093 1.094 1.095 1.085 1.051 1.017 0.983 0.948 0.913 0.868 0.803 0.737 0.669 0.599 0.528 0.461 0.405 0.347 0.287 0.223 0.158 0.109 0.104 0.100 0.096 0.093 0.089 0.087 0.091 0.095 0.100 0.106 0.112 0.119 0.123 0.128 0.134 0.141 0.147 0.154 0.157 0.161 0.166 0.170 0.175 0.180 0.185
0.546 0.556 0.560 0.550 0.538 0.524 0.507 0.489 0.477 0.492 0.508 0.525 0.543 0.563 0.590 0.647 0.704 0.761 0.817 0.873 0.927 0.968 1.009 1.049 1.088 1.127 1.158 1.159 1.160 1.162 1.165 1.168 1.164 1.129 1.094 1.058 1.023 0.986 0.944 0.874 0.803 0.730 0.654 0.575 0.496 0.432 0.365 0.297 0.226 0.153 0.089 0.086 0.082 0.079 0.075 0.072 0.070 0.076 0.083 0.091 0.099 0.108 0.117 0.124 0.131 0.139 0.147 0.155 0.164 0.169 0.174 0.179 0.185 0.192 0.200 0.207
0.636 0.638 0.635 0.617 0.599 0.582 0.565 0.548 0.534 0.553 0.573 0.594 0.616 0.639 0.665 0.721 0.777 0.833 0.889 0.944 0.998 1.037 1.075 1.113 1.150 1.186 1.220 1.223 1.227 1.230 1.235 1.240 1.244 1.211 1.180 1.147 1.113 1.077 1.038 0.960 0.880 0.797 0.710 0.621 0.529 0.458 0.384 0.308 0.231 0.151 0.070 0.067 0.064 0.061 0.058 0.055 0.053 0.061 0.071 0.081 0.092 0.103 0.115 0.124 0.133 0.142 0.153 0.164 0.176 0.183 0.191 0.199 0.208 0.218 0.228 0.236
0.713 0.703 0.689 0.672 0.656 0.639 0.624 0.608 0.593 0.613 0.636 0.661 0.687 0.715 0.743 0.796 0.851 0.905 0.960 1.014 1.068 1.107 1.143 1.178 1.212 1.246 1.284 1.298 1.310 1.322 1.336 1.350 1.365 1.335 1.298 1.260 1.219 1.177 1.134 1.051 0.960 0.866 0.770 0.670 0.567 0.485 0.405 0.322 0.237 0.150 0.062 0.048 0.045 0.043 0.041 0.038 0.036 0.046 0.058 0.072 0.085 0.100 0.114 0.126 0.137 0.149 0.162 0.175 0.189 0.199 0.209 0.220 0.231 0.243 0.255 0.264
0.794 0.771 0.745 0.726 0.711 0.696 0.682 0.668 0.654 0.671 0.699 0.728 0.758 0.789 0.821 0.870 0.924 0.978 1.032 1.087 1.146 1.192 1.231 1.270 1.309 1.348 1.386 1.406 1.421 1.436 1.452 1.469 1.487 1.461 1.418 1.374 1.328 1.280 1.231 1.144 1.043 0.939 0.832 0.722 0.608 0.515 0.427 0.337 0.246 0.152 0.056 0.031 0.032 0.033 0.032 0.030 0.028 0.037 0.052 0.067 0.082 0.098 0.114 0.128 0.141 0.156 0.171 0.186 0.202 0.215 0.227 0.240 0.253 0.267 0.282 0.292
0.879 0.844 0.805 0.780 0.766 0.753 0.740 0.727 0.714 0.728 0.760 0.792 0.818 0.846 0.875 0.920 0.978 1.039 1.104 1.173 1.246 1.299 1.338 1.376 1.413 1.451 1.488 1.513 1.531 1.549 1.568 1.588 1.609 1.589 1.540 1.490 1.438 1.384 1.329 1.241 1.129 1.014 0.897 0.776 0.653 0.548 0.457 0.364 0.271 0.177 0.082 0.043 0.040 0.037 0.033 0.028 0.022 0.029 0.045 0.061 0.078 0.095 0.113 0.129 0.145 0.162 0.179 0.196 0.214 0.230 0.244 0.259 0.275 0.291 0.308 0.320
0.967 0.920 0.869 0.834 0.820 0.799 0.778 0.756 0.734 0.734 0.762 0.793 0.826 0.860 0.896 0.948 1.019 1.094 1.172 1.255 1.341 1.407 1.444 1.481 1.518 1.555 1.591 1.619 1.640 1.661 1.683 1.705 1.729 1.718 1.663 1.607 1.549 1.492 1.431 1.342 1.220 1.096 0.969 0.839 0.706 0.589 0.495 0.400 0.304 0.207 0.110 0.055 0.049 0.043 0.035 0.027 0.018 0.020 0.037 0.055 0.074 0.092 0.112 0.130 0.148 0.167 0.186 0.206 0.226 0.244 0.258 0.274 0.289 0.306 0.323 0.336
1.037 0.970 0.899 0.840 0.818 0.795 0.773 0.749 0.725 0.718 0.754 0.791 0.831 0.872 0.916 0.972 1.056 1.144 1.236 1.332 1.432 1.515 1.551 1.587 1.623 1.658 1.693 1.725 1.748 1.772 1.811 1.849 1.885 1.893 1.834 1.770 1.701 1.626 1.546 1.448 1.316 1.182 1.044 0.904 0.761 0.631 0.534 0.436 0.338 0.239 0.139 0.068 0.059 0.049 0.038 0.027 0.014 0.011 0.030 0.049 0.069 0.089 0.110 0.129 0.148 0.167 0.186 0.205 0.225 0.244 0.261 0.278 0.297 0.316 0.335 0.351
1.088 1.006 0.920 0.840 0.817 0.793 0.768 0.743 0.717 0.701 0.743 0.788 0.834 0.882 0.933 0.991 1.089 1.191 1.296 1.406 1.519 1.623 1.658 1.700 1.747 1.802 1.862 1.925 1.962 1.998 2.032 2.064 2.095 2.108 2.030 1.947 1.859 1.766 1.667 1.557 1.415 1.270 1.123 0.973 0.819 0.673 0.574 0.474 0.373 0.271 0.169 0.082 0.070 0.057 0.042 0.028 0.013 0.004 0.024 0.044 0.064 0.083 0.103 0.122 0.142 0.162 0.182 0.202 0.223 0.243 0.263 0.282 0.303 0.324 0.346 0.366
1.143 1.047 0.947 0.842 0.816 0.790 0.764 0.737 0.710 0.682 0.731 0.782 0.835 0.890 0.948 1.007 1.117 1.231 1.349 1.470 1.594 1.721 1.779 1.843 1.913 1.991 2.074 2.164 2.196 2.226 2.254 2.281 2.306 2.328 2.231 2.130 2.023 1.910 1.792 1.668 1.517 1.362 1.204 1.044 0.881 0.717 0.615 0.512 0.406 0.301 0.198 0.098 0.083 0.068 0.052 0.035 0.017 0.001 0.020 0.040 0.059 0.078 0.096 0.115 0.136 0.156 0.177 0.199 0.220 0.242 0.264 0.286 0.309 0.333 0.357 0.381
1.203 1.092 0.977 0.858 0.816 0.788 0.760 0.732 0.702 0.672 0.714 0.772 0.832 0.893 0.957 1.023 1.138 1.264 1.393 1.526 1.663 1.803 1.892 1.979 2.073 2.173 2.279 2.393 2.431 2.455 2.478 2.499 2.519 2.537 2.438 2.317 2.191 2.060 1.923 1.781 1.621 1.446 1.270 1.094 0.918 0.742 0.630 0.527 0.424 0.323 0.223 0.124 0.099 0.081 0.062 0.043 0.023 0.002 0.017 0.036 0.054 0.072 0.090 0.108 0.129 0.151 0.173 0.195 0.217 0.240 0.264 0.289 0.314 0.342 0.375 0.409
1.267 1.141 1.007 0.867 0.801 0.770 0.740 0.711 0.684 0.657 0.692 0.757 0.824 0.893 0.964 1.038 1.155 1.293 1.434 1.579 1.728 1.879 1.998 2.108 2.225 2.348 2.477 2.614 2.667 2.686 2.703 2.719 2.733 2.745 2.626 2.467 2.306 2.143 1.978 1.811 1.638 1.462 1.286 1.110 0.934 0.759 0.639 0.540 0.441 0.344 0.248 0.153 0.115 0.095 0.073 0.051 0.029 0.005 0.014 0.032 0.049 0.067 0.084 0.101 0.122 0.145 0.169 0.196 0.224 0.254 0.286 0.319 0.353 0.388 0.425 0.462
1.333 1.183 1.026 0.863 0.769 0.741 0.715 0.689 0.664 0.640 0.668 0.740 0.814 0.891 0.969 1.050 1.168 1.318 1.472 1.628 1.789 1.952 2.097 2.230 2.369 2.515 2.666 2.807 2.862 2.853 2.840 2.824 2.805 2.782 2.675 2.509 2.341 2.172 2.001 1.828 1.653 1.477 1.301 1.126 0.950 0.775 0.648 0.552 0.457 0.364 0.271 0.180 0.132 0.109 0.085 0.061 0.036 0.010 0.011 0.029 0.047 0.065 0.082 0.098 0.122 0.151 0.182 0.214 0.248 0.283 0.319 0.356 0.394 0.433 0.473 0.514
1.405 1.232 1.052 0.865 0.736 0.712 0.688 0.666 0.644 0.623 0.641 0.721 0.802 0.886 0.972 1.060 1.178 1.340 1.505 1.680 1.867 2.052 2.221 2.364 2.503 2.639 2.771 2.899 2.962 2.941 2.916 2.888 2.857 2.822 2.725 2.553 2.379 2.203 2.026 1.846 1.668 1.492 1.317 1.142 0.966 0.791 0.655 0.563 0.472 0.382 0.294 0.206 0.147 0.120 0.094 0.069 0.045 0.022 0.019 0.036 0.052 0.068 0.083 0.098 0.122 0.157 0.193 0.231 0.270 0.311 0.352 0.392 0.434 0.477 0.521 0.565
1.485 1.288 1.085 0.875 0.703 0.681 0.661 0.641 0.623 0.605 0.613 0.699 0.802 0.922 1.041 1.160 1.296 1.483 1.668 1.851 2.034 2.214 2.381 2.512 2.638 2.761 2.879 2.994 3.066 3.033 2.996 2.956 2.913 2.866 2.778 2.599 2.419 2.237 2.052 1.866 1.683 1.508 1.332 1.157 0.982 0.804 0.653 0.561 0.471 0.382 0.294 0.208 0.144 0.121 0.098 0.076 0.055 0.035 0.028 0.043 0.058 0.072 0.085 0.098 0.121 0.161 0.203 0.246 0.291 0.337 0.383 0.427 0.473 0.519 0.567 0.616
1.572 1.352 1.125 0.892 0.668 0.666 0.677 0.692 0.710 0.732 0.766 0.885 1.004 1.122 1.241 1.359 1.483 1.665 1.845 2.024 2.202 2.378 2.546 2.663 2.776 2.886 2.992 3.094 3.173 3.128 3.079 3.027 2.972 2.913 2.833 2.648 2.461 2.272 2.084 1.891 1.697 1.519 1.340 1.159 0.977 0.794 0.627 0.540 0.455 0.371 0.289 0.208 0.140 0.120 0.100 0.081 0.064 0.047 0.037 0.051 0.064 0.076 0.088 0.099 0.118 0.164 0.211 0.259 0.310 0.362 0.418 0.483 0.551 0.621 0.692 0.765
1.754 1.536 1.308 1.070 0.822 0.821 0.844 0.872 0.902 0.937 0.974 1.088 1.205 1.323 1.440 1.557 1.674 1.848 2.024 2.198 2.371 2.543 2.713 2.818 2.919 3.015 3.108 3.197 3.282 3.226 3.167 3.126 3.072 3.006 2.926 2.736 2.540 2.340 2.135 1.926 1.712 1.529 1.345 1.160 0.973 0.784 0.600 0.518 0.438 0.359 0.282 0.206 0.136 0.118 0.102 0.086 0.072 0.058 0.047 0.059 0.070 0.081 0.091 0.104 0.131 0.197 0.266 0.338 0.412 0.489 0.568 0.641 0.715 0.791 0.869 0.949
2.082 1.830 1.567 1.295 1.013 0.971 1.007 1.047 1.090 1.137 1.187 1.290 1.407 1.524 1.640 1.756 1.872 2.033 2.204 2.373 2.541 2.708 2.874 2.985 3.115 3.238 3.353 3.462 3.564 3.528 3.455 3.370 3.273 3.163 3.041 2.844 2.632 2.414 2.192 1.965 1.733 1.540 1.352 1.161 0.970 0.777 0.582 0.495 0.420 0.346 0.274 0.203 0.134 0.116 0.102 0.090 0.080 0.075 0.071 0.090 0.112 0.136 0.162 0.191 0.221 0.296 0.374 0.456 0.540 0.627 0.717 0.796 0.877 0.959 1.044 1.130
