DATA/SHG/CPC/2018/20180507.asc
ncols        190
nrows        64
xllcorner    -5100000.000000000000
yllcorner    4130000.000000000000
cellsize     10000.000000000000
NODATA_value  -99999.000
[rows 0 to 33 of 64, columns 76 to 151 of 190]
0.039 0.042 0.045 0.050 0.056 0.061 0.066 0.072 0.077 0.083 0.089 0.094 0.100 0.105 0.112 0.121 0.130 0.138 0.147 0.155 0.169 0.205 0.240 0.275 0.310 0.345 0.388 0.458 0.528 0.598 0.668 0.737 0.803 0.859 0.914 0.970 1.025 1.080 1.133 1.178 1.223 1.267 1.311 1.354 1.419 1.547 1.675 1.802 1.928 2.053 2.199 2.410 2.619 2.826 3.030 3.232 3.397 3.459 3.520 3.581 3.641 3.700 3.710 3.579 3.448 3.318 3.190 3.064 2.911 2.685 2.461 2.241 2.024 1.811 1.606 1.418
0.032 0.035 0.038 0.044 0.049 0.055 0.060 0.066 0.071 0.077 0.082 0.087 0.093 0.098 0.103 0.112 0.120 0.129 0.137 0.146 0.157 0.191 0.226 0.260 0.294 0.328 0.365 0.435 0.505 0.574 0.643 0.712 0.780 0.835 0.890 0.945 1.001 1.056 1.109 1.152 1.195 1.238 1.280 1.322 1.374 1.499 1.623 1.745 1.867 1.988 2.120 2.321 2.519 2.715 2.907 3.095 3.262 3.317 3.372 3.426 3.479 3.531 3.556 3.431 3.307 3.184 3.063 2.944 2.812 2.600 2.391 2.186 1.983 1.785 1.592 1.415
0.025 0.028 0.031 0.037 0.043 0.048 0.054 0.060 0.065 0.070 0.075 0.081 0.087 0.093 0.099 0.107 0.115 0.123 0.131 0.139 0.147 0.180 0.213 0.246 0.279 0.311 0.343 0.412 0.481 0.550 0.619 0.688 0.756 0.811 0.866 0.921 0.976 1.031 1.086 1.127 1.168 1.209 1.250 1.290 1.331 1.452 1.573 1.693 1.812 1.930 2.048 2.235 2.417 2.596 2.770 2.941 3.105 3.157 3.209 3.259 3.309 3.358 3.399 3.281 3.164 3.049 2.935 2.824 2.709 2.512 2.318 2.127 1.940 1.756 1.575 1.410
0.018 0.021 0.025 0.030 0.035 0.041 0.046 0.051 0.056 0.062 0.068 0.074 0.081 0.088 0.095 0.103 0.110 0.118 0.125 0.133 0.140 0.168 0.200 0.232 0.263 0.294 0.325 0.389 0.458 0.526 0.595 0.663 0.731 0.788 0.843 0.897 0.950 1.002 1.054 1.095 1.136 1.178 1.221 1.265 1.310 1.419 1.536 1.651 1.765 1.878 1.989 2.153 2.318 2.480 2.638 2.792 2.942 2.999 3.046 3.093 3.139 3.185 3.229 3.130 3.020 2.912 2.806 2.701 2.598 2.421 2.241 2.065 1.893 1.723 1.557 1.403
0.013 0.016 0.018 0.023 0.028 0.033 0.038 0.042 0.047 0.053 0.060 0.068 0.075 0.083 0.091 0.098 0.105 0.112 0.119 0.126 0.133 0.157 0.188 0.218 0.248 0.278 0.308 0.366 0.432 0.498 0.562 0.626 0.688 0.742 0.794 0.847 0.900 0.952 1.006 1.052 1.098 1.144 1.191 1.240 1.289 1.388 1.499 1.609 1.718 1.826 1.933 2.075 2.224 2.368 2.509 2.646 2.779 2.841 2.885 2.929 2.971 3.013 3.054 2.977 2.875 2.774 2.675 2.579 2.488 2.342 2.188 2.040 1.898 1.762 1.632 1.504
0.009 0.011 0.012 0.016 0.020 0.025 0.029 0.034 0.038 0.044 0.052 0.061 0.069 0.078 0.087 0.094 0.101 0.107 0.114 0.121 0.128 0.148 0.177 0.206 0.234 0.262 0.289 0.338 0.400 0.460 0.519 0.578 0.634 0.689 0.742 0.795 0.849 0.903 0.957 1.008 1.058 1.109 1.161 1.214 1.268 1.357 1.464 1.569 1.673 1.776 1.878 2.002 2.133 2.261 2.384 2.504 2.620 2.684 2.724 2.761 2.797 2.830 2.862 2.807 2.718 2.635 2.557 2.483 2.414 2.301 2.173 2.051 1.936 1.826 1.722 1.611
0.005 0.006 0.006 0.009 0.013 0.017 0.021 0.025 0.029 0.035 0.044 0.053 0.063 0.072 0.082 0.090 0.097 0.103 0.110 0.118 0.125 0.142 0.169 0.195 0.221 0.246 0.271 0.312 0.369 0.424 0.478 0.531 0.583 0.635 0.689 0.744 0.799 0.854 0.909 0.963 1.018 1.073 1.129 1.187 1.245 1.328 1.429 1.530 1.629 1.724 1.812 1.913 2.023 2.132 2.240 2.346 2.450 2.513 2.544 2.574 2.601 2.628 2.652 2.620 2.553 2.492 2.435 2.382 2.335 2.254 2.153 2.057 1.968 1.885 1.807 1.716
0.001 0.001 0.001 0.002 0.007 0.011 0.015 0.019 0.022 0.028 0.037 0.047 0.056 0.066 0.076 0.085 0.092 0.100 0.107 0.114 0.122 0.136 0.161 0.185 0.208 0.231 0.254 0.287 0.339 0.389 0.438 0.485 0.532 0.581 0.637 0.692 0.748 0.804 0.860 0.917 0.973 1.024 1.075 1.126 1.178 1.245 1.333 1.420 1.507 1.593 1.679 1.773 1.877 1.979 2.080 2.180 2.278 2.342 2.366 2.388 2.408 2.427 2.444 2.429 2.384 2.343 2.308 2.277 2.252 2.201 2.126 2.057 1.994 1.937 1.886 1.817
0.000 0.000 0.000 0.001 0.005 0.008 0.011 0.013 0.016 0.020 0.030 0.040 0.050 0.060 0.071 0.081 0.088 0.096 0.103 0.111 0.119 0.131 0.153 0.175 0.196 0.217 0.237 0.264 0.310 0.355 0.399 0.440 0.478 0.518 0.569 0.618 0.666 0.713 0.758 0.805 0.857 0.908 0.960 1.012 1.064 1.126 1.211 1.296 1.380 1.464 1.547 1.634 1.732 1.828 1.923 2.016 2.108 2.173 2.189 2.204 2.217 2.228 2.238 2.233 2.210 2.191 2.177 2.168 2.163 2.143 2.094 2.052 2.015 1.980 1.946 1.893
0.000 0.000 0.000 0.000 0.003 0.005 0.007 0.009 0.010 0.012 0.022 0.033 0.044 0.054 0.065 0.076 0.084 0.092 0.100 0.108 0.116 0.126 0.145 0.162 0.179 0.196 0.212 0.231 0.268 0.304 0.338 0.370 0.401 0.432 0.477 0.522 0.564 0.606 0.647 0.688 0.740 0.793 0.845 0.897 0.950 1.008 1.091 1.173 1.254 1.335 1.415 1.497 1.589 1.679 1.767 1.854 1.939 2.006 2.015 2.022 2.028 2.031 2.034 2.043 2.051 2.064 2.080 2.099 2.122 2.132 2.099 2.066 2.035 2.005 1.976 1.935
0.000 0.000 0.000 0.000 0.001 0.003 0.003 0.004 0.004 0.004 0.015 0.026 0.037 0.048 0.059 0.070 0.076 0.082 0.088 0.094 0.099 0.104 0.120 0.135 0.150 0.165 0.179 0.192 0.222 0.251 0.277 0.302 0.325 0.347 0.388 0.427 0.464 0.501 0.537 0.572 0.624 0.677 0.730 0.783 0.836 0.891 0.971 1.050 1.129 1.207 1.285 1.362 1.447 1.531 1.612 1.693 1.774 1.845 1.856 1.870 1.886 1.904 1.925 1.947 1.972 2.000 2.032 2.067 2.106 2.137 2.108 2.081 2.054 2.029 2.004 1.974
0.000 0.000 0.000 0.000 0.000 0.000 0.000 0.000 0.000 0.000 0.010 0.020 0.031 0.040 0.050 0.058 0.064 0.068 0.072 0.076 0.080 0.083 0.095 0.109 0.122 0.134 0.146 0.157 0.179 0.199 0.218 0.236 0.252 0.266 0.299 0.333 0.366 0.397 0.428 0.457 0.509 0.562 0.615 0.668 0.722 0.775 0.851 0.927 1.002 1.075 1.147 1.219 1.298 1.378 1.456 1.534 1.612 1.688 1.709 1.732 1.758 1.786 1.815 1.848 1.888 1.932 1.980 2.032 2.087 2.141 2.117 2.094 2.072 2.051 2.031 2.010
0.000 0.000 0.000 0.000 0.000 0.000 0.000 0.000 0.000 0.000 0.007 0.016 0.024 0.032 0.040 0.047 0.051 0.054 0.056 0.059 0.061 0.063 0.072 0.083 0.094 0.104 0.114 0.123 0.137 0.150 0.162 0.172 0.180 0.187 0.212 0.241 0.273 0.304 0.334 0.363 0.412 0.466 0.517 0.567 0.616 0.664 0.731 0.802 0.872 0.940 1.007 1.074 1.149 1.226 1.301 1.376 1.451 1.524 1.560 1.593 1.628 1.665 1.704 1.746 1.801 1.862 1.925 1.993 2.064 2.138 2.124 2.106 2.089 2.073 2.058 2.044
0.000 0.000 0.000 0.000 0.000 0.000 0.000 0.000 0.000 0.000 0.005 0.012 0.019 0.025 0.031 0.036 0.039 0.040 0.041 0.042 0.042 0.042 0.048 0.057 0.066 0.074 0.082 0.090 0.100 0.109 0.118 0.127 0.135 0.143 0.165 0.193 0.220 0.246 0.271 0.294 0.335 0.381 0.426 0.470 0.512 0.553 0.613 0.678 0.743 0.807 0.869 0.930 1.001 1.074 1.147 1.219 1.290 1.361 1.408 1.451 1.495 1.542 1.591 1.642 1.711 1.787 1.867 1.950 2.036 2.121 2.121 2.108 2.097 2.089 2.084 2.081
0.000 0.000 0.000 0.000 0.000 0.000 0.000 0.000 0.000 0.000 0.003 0.008 0.014 0.018 0.022 0.026 0.028 0.027 0.027 0.028 0.028 0.028 0.033 0.041 0.049 0.056 0.063 0.069 0.076 0.083 0.091 0.097 0.103 0.109 0.125 0.148 0.169 0.190 0.209 0.227 0.258 0.299 0.337 0.375 0.410 0.445 0.495 0.556 0.616 0.674 0.732 0.788 0.853 0.924 0.994 1.063 1.131 1.199 1.255 1.315 1.378 1.444 1.513 1.585 1.667 1.751 1.835 1.917 1.999 2.079 2.098 2.097 2.098 2.102 2.108 2.118
0.000 0.000 0.000 0.000 0.000 0.000 0.000 0.000 0.000 0.000 0.002 0.006 0.009 0.013 0.016 0.019 0.021 0.021 0.021 0.021 0.021 0.021 0.024 0.030 0.035 0.040 0.044 0.048 0.053 0.058 0.063 0.068 0.072 0.076 0.086 0.103 0.120 0.135 0.149 0.161 0.184 0.217 0.250 0.281 0.310 0.338 0.380 0.435 0.490 0.544 0.602 0.659 0.725 0.800 0.874 0.948 1.022 1.096 1.168 1.241 1.317 1.397 1.479 1.564 1.647 1.727 1.807 1.885 1.962 2.039 2.073 2.083 2.096 2.112 2.130 2.151
0.000 0.000 0.000 0.000 0.000 0.000 0.000 0.000 0.000 0.000 0.001 0.004 0.007 0.009 0.012 0.014 0.015 0.015 0.015 0.015 0.015 0.014 0.015 0.019 0.022 0.024 0.026 0.028 0.030 0.033 0.037 0.039 0.042 0.044 0.049 0.061 0.072 0.081 0.090 0.097 0.111 0.144 0.177 0.208 0.238 0.266 0.305 0.362 0.417 0.470 0.523 0.574 0.633 0.707 0.781 0.854 0.927 1.000 1.078 1.164 1.254 1.346 1.441 1.539 1.628 1.704 1.779 1.854 1.927 1.999 2.045 2.067 2.092 2.119 2.149 2.182
0.000 0.000 0.000 0.000 0.000 0.000 0.000 0.000 0.000 0.000 0.000 0.002 0.004 0.006 0.008 0.009 0.009 0.009 0.009 0.008 0.008 0.007 0.007 0.008 0.009 0.009 0.009 0.008 0.008 0.009 0.010 0.011 0.015 0.018 0.022 0.034 0.045 0.056 0.067 0.077 0.092 0.120 0.147 0.173 0.198 0.222 0.252 0.302 0.351 0.399 0.445 0.490 0.542 0.615 0.687 0.760 0.832 0.905 0.985 1.084 1.187 1.292 1.400 1.512 1.610 1.682 1.753 1.823 1.892 1.961 2.014 2.048 2.086 2.149 2.212 2.277
0.000 0.000 0.000 0.000 0.000 0.000 0.000 0.000 0.000 0.000 0.000 0.001 0.002 0.003 0.004 0.004 0.004 0.003 0.003 0.002 0.001 0.001 0.000 0.000 0.000 0.000 0.000 0.000 0.000 0.003 0.006 0.009 0.011 0.013 0.016 0.026 0.036 0.045 0.055 0.063 0.073 0.097 0.119 0.140 0.160 0.179 0.200 0.244 0.287 0.328 0.368 0.407 0.450 0.523 0.595 0.666 0.738 0.809 0.889 1.002 1.117 1.235 1.357 1.481 1.598 1.679 1.766 1.860 1.960 2.068 2.167 2.232 2.298 2.364 2.431 2.500
0.000 0.000 0.000 0.000 0.000 0.000 0.000 0.000 0.000 0.000 0.000 0.000 0.000 0.000 0.000 0.000 0.000 0.000 0.000 0.000 0.000 0.000 0.000 0.000 0.000 0.000 0.000 0.000 0.000 0.002 0.004 0.006 0.008 0.009 0.010 0.019 0.027 0.035 0.042 0.050 0.057 0.075 0.092 0.108 0.123 0.137 0.150 0.188 0.225 0.260 0.294 0.326 0.359 0.431 0.502 0.578 0.655 0.732 0.814 0.944 1.076 1.210 1.347 1.485 1.621 1.732 1.849 1.972 2.103 2.240 2.370 2.439 2.508 2.578 2.649 2.721
0.000 0.000 0.000 0.000 0.000 0.000 0.000 0.000 0.001 0.002 0.002 0.002 0.002 0.002 0.002 0.001 0.000 0.000 0.000 0.000 0.000 0.000 0.000 0.000 0.000 0.000 0.000 0.000 0.000 0.001 0.002 0.003 0.004 0.005 0.006 0.012 0.018 0.025 0.031 0.036 0.042 0.054 0.066 0.077 0.087 0.096 0.107 0.140 0.174 0.208 0.241 0.273 0.304 0.378 0.456 0.533 0.611 0.690 0.768 0.907 1.049 1.193 1.339 1.487 1.638 1.778 1.925 2.078 2.238 2.405 2.572 2.644 2.718 2.791 2.866 2.942
0.001 0.002 0.003 0.004 0.004 0.005 0.005 0.006 0.006 0.006 0.007 0.006 0.006 0.005 0.004 0.002 0.001 0.000 0.000 0.000 0.000 0.000 0.000 0.000 0.000 0.000 0.000 0.000 0.000 0.000 0.001 0.001 0.001 0.001 0.001 0.005 0.010 0.016 0.022 0.028 0.034 0.043 0.054 0.064 0.073 0.081 0.089 0.115 0.146 0.176 0.205 0.233 0.260 0.330 0.409 0.488 0.567 0.647 0.727 0.867 1.019 1.173 1.329 1.487 1.648 1.817 1.994 2.177 2.367 2.564 2.767 2.849 2.926 3.004 3.082 3.161
0.013 0.013 0.013 0.012 0.011 0.011 0.011 0.011 0.011 0.011 0.011 0.011 0.009 0.008 0.006 0.004 0.001 0.000 0.000 0.000 0.000 0.000 0.000 0.000 0.000 0.000 0.000 0.000 0.000 0.000 0.000 0.001 0.002 0.003 0.004 0.008 0.013 0.019 0.024 0.029 0.034 0.041 0.048 0.055 0.061 0.067 0.072 0.092 0.119 0.145 0.170 0.195 0.218 0.282 0.362 0.442 0.523 0.604 0.685 0.826 0.987 1.151 1.317 1.485 1.655 1.849 2.056 2.269 2.489 2.800 3.140 3.317 3.436 3.525 3.585 3.616
0.025 0.024 0.023 0.021 0.019 0.017 0.017 0.017 0.017 0.017 0.016 0.015 0.013 0.011 0.008 0.005 0.002 0.000 0.000 0.003 0.006 0.009 0.011 0.012 0.012 0.011 0.009 0.006 0.003 0.000 0.002 0.003 0.005 0.007 0.009 0.012 0.017 0.022 0.026 0.030 0.034 0.039 0.043 0.047 0.051 0.053 0.056 0.069 0.093 0.115 0.136 0.157 0.177 0.233 0.315 0.396 0.478 0.560 0.643 0.782 1.000 1.261 1.551 1.869 2.216 2.564 2.905 3.248 3.593 3.940 4.290 4.393 4.382 4.341 4.271 4.171
0.038 0.036 0.033 0.030 0.027 0.024 0.023 0.023 0.022 0.022 0.021 0.021 0.023 0.025 0.026 0.027 0.029 0.030 0.032 0.034 0.035 0.036 0.036 0.035 0.031 0.026 0.020 0.013 0.006 0.001 0.003 0.005 0.008 0.011 0.014 0.017 0.021 0.025 0.028 0.032 0.035 0.037 0.039 0.040 0.041 0.041 0.040 0.048 0.067 0.086 0.104 0.126 0.151 0.216 0.331 0.457 0.595 0.745 0.906 1.165 1.524 1.913 2.330 2.777 3.252 3.663 4.013 4.365 4.720 5.077 5.436 5.498 5.356 5.185 4.985 4.755
0.051 0.048 0.044 0.039 0.038 0.042 0.048 0.054 0.057 0.060 0.060 0.060 0.061 0.062 0.063 0.064 0.064 0.065 0.065 0.065 0.064 0.063 0.061 0.059 0.051 0.042 0.032 0.022 0.010 0.001 0.004 0.007 0.010 0.014 0.018 0.022 0.025 0.028 0.031 0.033 0.035 0.037 0.039 0.041 0.042 0.041 0.039 0.045 0.071 0.098 0.125 0.154 0.184 0.262 0.428 0.606 0.795 0.995 1.207 1.531 2.019 2.535 3.080 3.654 4.257 4.758 5.117 5.479 5.844 6.210 6.578 6.630 6.358 6.057 5.726 5.366
0.100 0.104 0.108 0.110 0.112 0.112 0.113 0.113 0.112 0.109 0.105 0.100 0.100 0.100 0.100 0.100 0.100 0.100 0.099 0.096 0.094 0.091 0.087 0.083 0.071 0.059 0.045 0.031 0.015 0.000 0.004 0.008 0.013 0.025 0.041 0.056 0.066 0.073 0.078 0.080 0.080 0.078 0.076 0.072 0.067 0.061 0.054 0.053 0.083 0.115 0.148 0.182 0.217 0.297 0.514 0.742 0.982 1.234 1.497 1.868 2.483 3.127 3.800 4.501 5.231 5.849 6.218 6.590 6.963 7.339 7.717 7.789 7.387 6.956 6.507 6.053
0.189 0.190 0.190 0.188 0.186 0.183 0.180 0.175 0.168 0.161 0.151 0.141 0.139 0.138 0.138 0.137 0.136 0.135 0.132 0.128 0.124 0.119 0.113 0.107 0.103 0.099 0.094 0.087 0.078 0.067 0.081 0.097 0.113 0.129 0.145 0.162 0.161 0.158 0.152 0.144 0.134 0.122 0.114 0.105 0.094 0.082 0.069 0.059 0.095 0.131 0.169 0.208 0.248 0.320 0.587 0.867 1.158 1.460 1.774 2.174 2.917 3.689 4.489 5.318 6.176 6.961 7.436 7.894 8.334 8.758 9.165 9.299 8.793 8.249 7.670 7.053
0.278 0.276 0.272 0.268 0.262 0.255 0.247 0.237 0.226 0.213 0.199 0.183 0.178 0.177 0.175 0.174 0.179 0.184 0.191 0.198 0.208 0.221 0.237 0.255 0.252 0.240 0.227 0.212 0.195 0.176 0.185 0.201 0.217 0.233 0.250 0.266 0.259 0.245 0.229 0.211 0.191 0.168 0.154 0.139 0.122 0.105 0.086 0.066 0.105 0.146 0.189 0.233 0.278 0.330 0.649 0.979 1.336 1.783 2.263 2.808 3.789 4.798 5.835 6.901 7.994 9.021 9.421 9.803 10.167 10.515 10.846 10.984 10.315 9.609 8.867 8.088
0.369 0.363 0.356 0.347 0.338 0.328 0.316 0.301 0.285 0.276 0.261 0.241 0.233 0.238 0.244 0.251 0.259 0.268 0.282 0.301 0.323 0.347 0.374 0.403 0.403 0.384 0.362 0.338 0.313 0.286 0.288 0.304 0.321 0.337 0.354 0.370 0.359 0.335 0.309 0.281 0.250 0.217 0.195 0.174 0.152 0.129 0.104 0.081 0.140 0.221 0.313 0.415 0.529 0.654 1.115 1.641 2.200 2.792 3.417 4.074 5.164 6.298 7.459 8.649 9.867 11.096 11.420 11.726 12.015 12.287 12.542 12.702 11.871 11.003 10.099 9.157
0.460 0.453 0.460 0.464 0.465 0.465 0.458 0.440 0.418 0.390 0.357 0.319 0.299 0.307 0.316 0.327 0.338 0.350 0.370 0.401 0.434 0.470 0.508 0.549 0.557 0.529 0.499 0.467 0.433 0.398 0.391 0.408 0.424 0.441 0.458 0.474 0.461 0.427 0.397 0.395 0.375 0.339 0.319 0.312 0.303 0.293 0.281 0.268 0.352 0.481 0.621 0.773 0.935 1.108 1.654 2.325 3.030 3.766 4.536 5.338 6.509 7.767 9.053 10.367 11.710 13.080 13.433 13.664 13.877 14.073 14.252 14.415 13.462 12.431 11.365 10.261
0.669 0.669 0.667 0.663 0.656 0.647 0.630 0.595 0.554 0.509 0.458 0.402 0.364 0.375 0.388 0.402 0.416 0.432 0.455 0.497 0.542 0.589 0.639 0.691 0.712 0.676 0.637 0.597 0.556 0.523 0.614 0.722 0.814 0.891 0.952 0.997 0.999 0.955 0.893 0.814 0.718 0.605 0.542 0.528 0.512 0.495 0.476 0.455 0.551 0.729 0.918 1.118 1.329 1.551 2.159 2.975 3.824 4.706 5.620 6.567 7.822 9.205 10.616 12.054 13.521 15.016 15.461 15.616 15.754 15.874 15.978 15.995 14.897 13.627 12.359 11.094
0.895 0.887 0.877 0.864 0.849 0.832 0.808 0.754 0.696 0.632 0.564 0.490 0.428 0.443 0.459 0.476 0.494 0.512 0.538 0.591 0.651 0.752 0.865 0.987 1.098 1.159 1.237 1.333 1.447 1.578 1.694 1.732 1.755 1.763 1.755 1.731 1.667 1.546 1.408 1.252 1.080 0.889 0.766 0.745 0.722 0.698 0.672 0.644 0.739 0.966 1.203 1.452 1.711 1.981 2.629 3.590 4.584 5.610 6.669 7.761 9.106 10.613 12.134 13.644 15.148 16.648 17.099 17.033 16.929 16.789 16.612 16.398 15.399 14.139 12.882 11.628
1.123 1.107 1.089 1.068 1.044 1.018 0.989 0.918 0.842 0.760 0.674 0.582 0.491 0.521 0.564 0.617 0.680 0.752 0.831 0.958 1.096 1.244 1.402 1.571 1.743 1.882 2.038 2.212 2.404 2.613 2.790 2.759 2.713 2.651 2.573 2.480 2.353 2.155 1.941 1.708 1.459 1.192 0.992 0.964 0.934 0.902 0.869 0.835 0.915 1.190 1.476 1.773 2.081 2.407 3.085 4.205 5.356 6.539 7.753 8.999 10.386 11.885 13.379 14.869 16.354 17.835 18.354 18.124 17.858 17.555 17.214 16.837 15.897 14.649 13.403 12.160
