DATA/SHG/CPC/2018/20180615.asc
ncols        190
nrows        64
xllcorner    -5100000.000000000000
yllcorner    4130000.000000000000
cellsize     10000.000000000000
NODATA_value  -99999.000
[rows 0 to 32 of 64, columns 0 to 73 of 190]
0.062 0.074 0.086 0.100 0.115 0.131 0.157 0.186 0.217 0.250 0.283 0.319 0.366 0.420 0.476 0.534 0.594 0.657 0.739 0.831 0.926 1.023 1.124 1.228 1.298 1.349 1.398 1.446 1.493 1.537 1.537 1.506 1.470 1.430 1.385 1.343 1.324 1.319 1.310 1.298 1.283 1.264 1.264 1.280 1.297 1.314 1.330 1.347 1.367 1.390 1.414 1.439 1.464 1.491 1.520 1.552 1.585 1.619 1.654 1.689 1.710 1.713 1.715 1.718 1.720 1.722 1.711 1.683 1.655 1.629 1.605 1.582 1.548 1.494
0.073 0.089 0.106 0.124 0.142 0.162 0.190 0.225 0.261 0.298 0.337 0.377 0.430 0.491 0.555 0.622 0.691 0.762 0.850 0.952 1.057 1.165 1.277 1.391 1.471 1.517 1.561 1.604 1.651 1.695 1.699 1.659 1.616 1.568 1.517 1.462 1.423 1.406 1.386 1.361 1.334 1.303 1.290 1.306 1.323 1.340 1.357 1.374 1.394 1.420 1.446 1.474 1.502 1.530 1.562 1.597 1.633 1.669 1.707 1.740 1.757 1.750 1.744 1.738 1.733 1.728 1.718 1.694 1.672 1.650 1.631 1.612 1.587 1.536
0.088 0.107 0.126 0.147 0.169 0.191 0.222 0.261 0.302 0.345 0.389 0.434 0.490 0.560 0.633 0.707 0.784 0.864 0.957 1.070 1.191 1.322 1.453 1.584 1.684 1.730 1.772 1.813 1.850 1.885 1.889 1.836 1.779 1.718 1.653 1.585 1.527 1.497 1.464 1.428 1.388 1.345 1.315 1.332 1.349 1.366 1.384 1.401 1.420 1.449 1.478 1.508 1.537 1.566 1.595 1.625 1.654 1.681 1.707 1.731 1.749 1.744 1.739 1.735 1.731 1.728 1.723 1.704 1.686 1.670 1.655 1.642 1.626 1.577
0.101 0.123 0.146 0.170 0.194 0.220 0.251 0.296 0.342 0.390 0.439 0.490 0.549 0.635 0.731 0.831 0.935 1.043 1.159 1.290 1.421 1.552 1.683 1.814 1.924 1.960 1.993 2.024 2.051 2.076 2.082 2.016 1.945 1.871 1.793 1.711 1.633 1.592 1.547 1.498 1.446 1.390 1.341 1.358 1.376 1.396 1.416 1.433 1.451 1.480 1.508 1.536 1.563 1.590 1.616 1.641 1.664 1.685 1.705 1.724 1.740 1.737 1.734 1.731 1.729 1.728 1.727 1.713 1.700 1.689 1.679 1.670 1.663 1.617
0.113 0.138 0.164 0.191 0.219 0.247 0.288 0.348 0.412 0.478 0.546 0.617 0.695 0.801 0.911 1.024 1.142 1.263 1.388 1.519 1.650 1.781 1.912 2.044 2.166 2.193 2.216 2.237 2.255 2.271 2.279 2.199 2.115 2.028 1.937 1.842 1.744 1.691 1.644 1.592 1.534 1.471 1.403 1.420 1.437 1.452 1.465 1.476 1.486 1.512 1.539 1.564 1.590 1.614 1.638 1.658 1.675 1.691 1.706 1.718 1.729 1.729 1.728 1.727 1.727 1.727 1.728 1.720 1.712 1.707 1.706 1.705 1.704 1.669
0.135 0.170 0.208 0.248 0.291 0.336 0.384 0.454 0.527 0.602 0.680 0.761 0.844 0.963 1.086 1.213 1.344 1.478 1.617 1.748 1.879 2.010 2.142 2.273 2.404 2.428 2.442 2.453 2.462 2.468 2.473 2.398 2.312 2.224 2.132 2.039 1.943 1.877 1.811 1.740 1.663 1.581 1.493 1.490 1.500 1.509 1.516 1.521 1.525 1.545 1.570 1.593 1.617 1.639 1.661 1.676 1.688 1.698 1.707 1.714 1.720 1.721 1.725 1.733 1.741 1.748 1.756 1.757 1.756 1.755 1.754 1.754 1.753 1.726
0.183 0.225 0.271 0.320 0.371 0.424 0.480 0.557 0.639 0.723 0.811 0.901 0.993 1.120 1.257 1.397 1.542 1.690 1.842 1.977 2.108 2.239 2.370 2.504 2.640 2.679 2.691 2.702 2.711 2.719 2.725 2.656 2.561 2.464 2.364 2.261 2.156 2.069 1.984 1.893 1.798 1.696 1.589 1.561 1.565 1.568 1.569 1.568 1.565 1.579 1.601 1.623 1.644 1.665 1.684 1.700 1.712 1.723 1.734 1.744 1.753 1.761 1.769 1.777 1.785 1.792 1.800 1.803 1.803 1.802 1.802 1.803 1.803 1.783
0.230 0.277 0.332 0.389 0.448 0.510 0.574 0.656 0.748 0.842 0.938 1.038 1.139 1.273 1.423 1.577 1.741 1.910 2.080 2.228 2.364 2.500 2.635 2.769 2.904 2.957 2.964 2.970 2.974 2.977 2.979 2.916 2.812 2.706 2.597 2.486 2.373 2.266 2.162 2.052 1.937 1.817 1.691 1.634 1.632 1.628 1.623 1.616 1.610 1.620 1.644 1.668 1.692 1.716 1.739 1.756 1.766 1.775 1.783 1.791 1.798 1.805 1.813 1.821 1.829 1.837 1.844 1.849 1.849 1.850 1.850 1.851 1.852 1.839
0.276 0.326 0.389 0.455 0.522 0.592 0.665 0.753 0.853 0.969 1.089 1.210 1.334 1.483 1.652 1.823 1.996 2.170 2.346 2.501 2.635 2.769 2.903 3.035 3.168 3.236 3.238 3.239 3.238 3.236 3.233 3.178 3.066 2.951 2.833 2.713 2.591 2.469 2.345 2.216 2.082 1.944 1.805 1.723 1.719 1.713 1.704 1.693 1.680 1.681 1.704 1.727 1.750 1.773 1.796 1.813 1.820 1.827 1.833 1.839 1.843 1.849 1.857 1.865 1.873 1.881 1.889 1.894 1.895 1.896 1.898 1.900 1.901 1.891
0.319 0.374 0.459 0.546 0.637 0.730 0.827 0.935 1.058 1.183 1.310 1.439 1.570 1.719 1.894 2.071 2.249 2.429 2.610 2.774 2.907 3.039 3.170 3.301 3.432 3.516 3.513 3.509 3.503 3.496 3.488 3.442 3.321 3.195 3.056 2.918 2.779 2.640 2.501 2.361 2.221 2.081 1.939 1.835 1.823 1.809 1.792 1.773 1.753 1.742 1.764 1.787 1.809 1.831 1.852 1.870 1.875 1.880 1.884 1.887 1.889 1.893 1.901 1.909 1.917 1.925 1.934 1.943 1.944 1.944 1.943 1.941 1.937 1.929
0.440 0.512 0.607 0.705 0.806 0.910 1.017 1.131 1.261 1.394 1.528 1.665 1.804 1.954 2.134 2.316 2.500 2.685 2.872 3.047 3.178 3.308 3.438 3.568 3.696 3.797 3.783 3.757 3.730 3.701 3.672 3.622 3.483 3.344 3.205 3.066 2.926 2.786 2.645 2.503 2.361 2.218 2.075 1.949 1.929 1.907 1.882 1.856 1.827 1.803 1.824 1.846 1.867 1.888 1.909 1.928 1.931 1.933 1.934 1.934 1.935 1.938 1.947 1.957 1.967 1.978 1.989 1.999 1.996 1.992 1.988 1.982 1.975 1.966
0.568 0.647 0.753 0.861 0.972 1.086 1.203 1.324 1.462 1.602 1.744 1.888 2.034 2.186 2.372 2.560 2.749 2.939 3.132 3.313 3.428 3.540 3.651 3.760 3.866 3.964 3.935 3.905 3.874 3.843 3.810 3.773 3.633 3.493 3.353 3.213 3.073 2.933 2.790 2.646 2.501 2.356 2.210 2.064 2.037 2.007 1.975 1.940 1.904 1.865 1.885 1.903 1.919 1.935 1.951 1.967 1.968 1.970 1.972 1.976 1.980 1.986 1.996 2.007 2.018 2.030 2.042 2.055 2.050 2.042 2.033 2.024 2.013 2.001
0.693 0.780 0.894 1.013 1.134 1.258 1.386 1.516 1.660 1.808 1.957 2.109 2.261 2.414 2.596 2.778 2.958 3.136 3.312 3.486 3.598 3.704 3.808 3.910 4.010 4.108 4.087 4.054 4.020 3.985 3.949 3.912 3.783 3.643 3.502 3.361 3.221 3.080 2.935 2.789 2.642 2.495 2.347 2.198 2.143 2.101 2.056 2.009 1.961 1.910 1.915 1.931 1.947 1.963 1.978 1.993 1.999 2.004 2.010 2.017 2.024 2.033 2.044 2.056 2.069 2.082 2.095 2.109 2.104 2.092 2.080 2.066 2.052 2.036
0.815 0.912 1.033 1.162 1.293 1.432 1.571 1.710 1.859 2.011 2.164 2.318 2.473 2.629 2.801 2.976 3.149 3.320 3.489 3.656 3.771 3.870 3.967 4.062 4.155 4.247 4.240 4.204 4.167 4.128 4.089 4.049 3.933 3.792 3.651 3.509 3.368 3.228 3.082 2.932 2.778 2.622 2.462 2.300 2.219 2.169 2.118 2.064 2.008 1.951 1.944 1.960 1.975 1.990 2.005 2.020 2.030 2.038 2.047 2.056 2.067 2.079 2.092 2.105 2.119 2.134 2.148 2.163 2.159 2.155 2.155 2.158 2.164 2.171
0.970 1.088 1.220 1.359 1.498 1.635 1.773 1.910 2.058 2.213 2.369 2.526 2.684 2.842 3.008 3.176 3.342 3.506 3.668 3.828 3.945 4.038 4.128 4.216 4.303 4.387 4.394 4.354 4.314 4.272 4.237 4.203 4.108 3.970 3.830 3.687 3.542 3.394 3.239 3.078 2.914 2.746 2.576 2.403 2.297 2.240 2.181 2.121 2.058 1.993 1.973 1.988 2.003 2.017 2.032 2.047 2.059 2.070 2.082 2.095 2.109 2.124 2.142 2.163 2.186 2.213 2.243 2.276 2.295 2.302 2.311 2.322 2.336 2.352
1.171 1.296 1.429 1.566 1.703 1.839 1.974 2.110 2.256 2.414 2.573 2.733 2.893 3.055 3.217 3.378 3.537 3.694 3.849 4.002 4.122 4.207 4.290 4.372 4.453 4.533 4.558 4.523 4.490 4.459 4.429 4.401 4.319 4.173 4.024 3.872 3.719 3.562 3.399 3.227 3.052 2.874 2.693 2.509 2.377 2.313 2.247 2.179 2.109 2.037 2.002 2.016 2.031 2.045 2.059 2.069 2.081 2.095 2.112 2.132 2.155 2.181 2.209 2.241 2.275 2.313 2.354 2.398 2.431 2.446 2.463 2.483 2.505 2.530
1.369 1.502 1.638 1.773 1.908 2.042 2.176 2.310 2.453 2.614 2.776 2.938 3.102 3.266 3.428 3.581 3.732 3.880 4.026 4.169 4.290 4.370 4.450 4.529 4.607 4.685 4.727 4.697 4.670 4.644 4.619 4.596 4.533 4.378 4.220 4.060 3.898 3.733 3.561 3.379 3.193 3.004 2.812 2.618 2.458 2.388 2.315 2.239 2.158 2.073 2.012 2.023 2.033 2.045 2.057 2.070 2.086 2.110 2.137 2.167 2.199 2.235 2.273 2.316 2.361 2.410 2.461 2.516 2.564 2.588 2.614 2.642 2.672 2.705
1.564 1.705 1.847 1.980 2.113 2.246 2.378 2.510 2.652 2.820 2.987 3.153 3.317 3.480 3.639 3.783 3.925 4.064 4.200 4.334 4.455 4.533 4.610 4.687 4.762 4.837 4.893 4.870 4.847 4.827 4.808 4.790 4.748 4.585 4.419 4.250 4.079 3.905 3.727 3.533 3.342 3.152 2.952 2.741 2.544 2.461 2.374 2.282 2.186 2.087 2.000 2.013 2.026 2.040 2.054 2.069 2.088 2.122 2.158 2.198 2.241 2.286 2.334 2.388 2.444 2.503 2.566 2.632 2.695 2.727 2.761 2.798 2.838 2.888
1.757 1.903 2.049 2.182 2.318 2.457 2.598 2.743 2.892 3.056 3.218 3.379 3.538 3.696 3.852 3.987 4.120 4.249 4.376 4.501 4.621 4.696 4.771 4.845 4.918 4.990 5.058 5.040 5.023 5.008 4.994 4.982 4.967 4.806 4.654 4.498 4.340 4.178 4.012 3.807 3.592 3.367 3.132 2.887 2.635 2.537 2.435 2.329 2.219 2.105 1.988 2.002 2.018 2.034 2.051 2.068 2.087 2.131 2.177 2.227 2.279 2.334 2.392 2.456 2.524 2.592 2.662 2.736 2.815 2.862 2.915 2.976 3.043 3.117
1.925 2.076 2.227 2.371 2.518 2.667 2.819 2.975 3.133 3.292 3.449 3.606 3.760 3.914 4.066 4.194 4.317 4.438 4.555 4.671 4.783 4.860 4.932 5.003 5.074 5.143 5.214 5.217 5.220 5.232 5.253 5.282 5.320 5.183 5.019 4.853 4.683 4.510 4.335 4.101 3.851 3.592 3.322 3.042 2.753 2.618 2.501 2.381 2.256 2.127 1.994 1.991 2.009 2.028 2.047 2.067 2.087 2.137 2.191 2.245 2.300 2.357 2.415 2.485 2.562 2.643 2.729 2.819 2.914 2.989 3.067 3.151 3.242 3.339
2.091 2.246 2.402 2.557 2.714 2.874 3.037 3.203 3.371 3.529 3.682 3.833 3.983 4.132 4.279 4.403 4.517 4.628 4.737 4.842 4.939 5.013 5.083 5.154 5.227 5.301 5.378 5.417 5.450 5.492 5.543 5.602 5.670 5.562 5.387 5.210 5.029 4.846 4.659 4.405 4.121 3.826 3.522 3.207 2.883 2.702 2.571 2.436 2.296 2.153 2.005 1.984 2.009 2.030 2.047 2.060 2.069 2.112 2.170 2.229 2.290 2.352 2.416 2.498 2.591 2.688 2.791 2.898 3.009 3.110 3.211 3.319 3.433 3.555
2.255 2.415 2.576 2.740 2.907 3.077 3.251 3.427 3.606 3.768 3.916 4.063 4.223 4.382 4.540 4.667 4.768 4.860 4.942 5.016 5.080 5.147 5.222 5.299 5.378 5.458 5.539 5.607 5.670 5.743 5.824 5.913 6.011 5.944 5.758 5.570 5.378 5.183 4.986 4.719 4.400 4.070 3.731 3.382 3.032 2.813 2.678 2.539 2.394 2.244 2.088 2.032 2.044 2.051 2.054 2.054 2.050 2.083 2.147 2.211 2.278 2.345 2.415 2.506 2.616 2.730 2.848 2.972 3.100 3.224 3.349 3.480 3.618 3.763
2.418 2.582 2.748 2.919 3.101 3.302 3.504 3.706 3.908 4.091 4.249 4.405 4.560 4.713 4.864 4.980 5.049 5.108 5.158 5.199 5.230 5.279 5.360 5.443 5.527 5.612 5.700 5.788 5.881 5.984 6.095 6.214 6.343 6.328 6.132 5.932 5.730 5.533 5.324 5.049 4.705 4.355 3.999 3.637 3.269 2.999 2.846 2.688 2.524 2.355 2.181 2.085 2.082 2.076 2.066 2.052 2.034 2.053 2.122 2.192 2.264 2.337 2.412 2.510 2.636 2.766 2.901 3.041 3.186 3.322 3.447 3.575 3.708 3.845
2.659 2.853 3.049 3.248 3.450 3.652 3.855 4.057 4.259 4.447 4.599 4.749 4.898 5.045 5.190 5.303 5.339 5.366 5.383 5.391 5.390 5.410 5.496 5.584 5.674 5.765 5.858 5.959 6.083 6.216 6.418 6.613 6.799 6.863 6.662 6.445 6.212 5.964 5.699 5.396 5.031 4.660 4.283 3.901 3.513 3.190 3.019 2.842 2.660 2.472 2.279 2.140 2.125 2.105 2.081 2.053 2.022 2.021 2.096 2.171 2.249 2.328 2.403 2.490 2.616 2.743 2.872 3.002 3.134 3.269 3.408 3.551 3.698 3.849
2.989 3.190 3.392 3.597 3.799 4.002 4.204 4.407 4.610 4.805 4.950 5.095 5.237 5.378 5.517 5.635 5.638 5.633 5.618 5.593 5.560 5.539 5.637 5.801 5.979 6.171 6.376 6.591 6.782 6.963 7.135 7.297 7.450 7.530 7.273 7.001 6.713 6.409 6.090 5.748 5.362 4.971 4.574 4.171 3.762 3.387 3.196 3.001 2.800 2.594 2.383 2.200 2.171 2.137 2.100 2.056 2.009 1.981 2.053 2.122 2.190 2.257 2.322 2.398 2.529 2.662 2.796 2.932 3.070 3.211 3.365 3.522 3.684 3.850
3.316 3.524 3.733 3.945 4.147 4.350 4.553 4.756 4.960 5.163 5.303 5.441 5.578 5.713 5.846 5.972 5.940 5.925 5.925 5.941 5.973 6.022 6.221 6.433 6.658 6.898 7.151 7.416 7.574 7.722 7.861 7.990 8.110 8.212 7.900 7.573 7.230 6.871 6.496 6.106 5.700 5.288 4.870 4.446 4.016 3.588 3.379 3.165 2.935 2.701 2.467 2.241 2.195 2.146 2.094 2.040 1.984 1.930 1.996 2.060 2.122 2.183 2.243 2.304 2.441 2.580 2.720 2.861 3.004 3.150 3.318 3.490 3.666 3.846
3.641 3.855 4.071 4.289 4.495 4.698 4.902 5.105 5.312 5.509 5.643 5.760 5.872 5.977 6.075 6.167 6.201 6.241 6.297 6.369 6.457 6.560 6.789 7.049 7.322 7.610 7.911 8.225 8.375 8.490 8.596 8.692 8.779 8.856 8.543 8.160 7.762 7.348 6.918 6.473 6.043 5.572 5.101 4.633 4.168 3.706 3.448 3.214 2.981 2.747 2.514 2.282 2.209 2.151 2.090 2.027 1.961 1.893 1.941 1.999 2.056 2.111 2.165 2.217 2.352 2.496 2.641 2.788 2.937 3.087 3.267 3.453 3.644 3.849
3.963 4.227 4.512 4.783 5.019 5.226 5.412 5.579 5.726 5.853 5.958 6.053 6.142 6.224 6.299 6.368 6.445 6.541 6.652 6.780 6.923 7.082 7.341 7.649 7.971 8.306 8.655 9.017 9.185 9.267 9.340 9.403 9.456 9.496 9.096 8.577 8.062 7.551 7.043 6.538 6.062 5.599 5.139 4.682 4.228 3.778 3.492 3.259 3.026 2.794 2.562 2.330 2.225 2.158 2.088 2.016 1.941 1.863 1.887 1.940 1.991 2.041 2.089 2.136 2.261 2.411 2.569 2.742 2.921 3.106 3.323 3.552 3.786 4.026
4.839 5.090 5.328 5.553 5.734 5.871 5.988 6.085 6.161 6.218 6.280 6.352 6.418 6.477 6.530 6.576 6.672 6.823 6.990 7.173 7.371 7.586 7.879 8.235 8.604 8.987 9.369 9.674 9.763 9.704 9.636 9.559 9.475 9.382 9.042 8.536 8.032 7.533 7.036 6.544 6.074 5.622 5.174 4.728 4.286 3.847 3.535 3.303 3.071 2.840 2.609 2.378 2.244 2.168 2.089 2.008 1.924 1.837 1.835 1.887 1.940 1.993 2.045 2.096 2.228 2.410 2.599 2.795 2.997 3.206 3.438 3.686 3.939 4.198
5.763 5.967 6.158 6.336 6.470 6.537 6.584 6.611 6.618 6.605 6.608 6.658 6.701 6.737 6.768 6.791 6.881 7.088 7.310 7.565 7.851 8.123 8.416 8.734 9.025 9.288 9.523 9.731 9.802 9.713 9.616 9.511 9.398 9.277 8.985 8.490 7.999 7.511 7.027 6.546 6.083 5.643 5.205 4.771 4.340 3.912 3.578 3.347 3.116 2.886 2.655 2.425 2.270 2.191 2.109 2.024 1.937 1.847 1.827 1.878 1.930 1.980 2.030 2.079 2.205 2.411 2.623 2.841 3.067 3.298 3.549 3.815 4.087 4.364
6.700 6.858 7.002 7.133 7.227 7.224 7.201 7.158 7.095 7.012 6.943 6.970 7.064 7.215 7.330 7.408 7.515 7.794 8.059 8.309 8.546 8.768 8.985 9.207 9.401 9.568 9.706 9.818 9.848 9.731 9.606 9.472 9.330 9.180 8.925 8.442 7.963 7.486 7.014 6.545 6.089 5.660 5.234 4.811 4.391 3.982 3.636 3.412 3.189 2.964 2.740 2.515 2.338 2.249 2.158 2.064 1.967 1.868 1.821 1.871 1.920 1.968 2.016 2.063 2.176 2.405 2.640 2.881 3.130 3.385 3.653 3.938 4.229 4.525
7.650 7.761 7.859 7.943 8.005 7.986 8.014 8.067 8.142 8.241 8.361 8.457 8.516 8.539 8.525 8.475 8.424 8.653 8.868 9.068 9.255 9.427 9.584 9.709 9.806 9.876 9.918 9.933 9.903 9.757 9.603 9.441 9.271 9.092 8.861 8.390 7.923 7.458 7.025 6.583 6.140 5.732 5.325 4.918 4.512 4.106 3.735 3.510 3.285 3.059 2.834 2.607 2.408 2.310 2.209 2.106 2.000 1.892 1.816 1.864 1.911 1.957 2.003 2.048 2.141 2.392 2.650 2.915 3.187 3.465 3.775 4.169 4.564 4.960
8.483 8.602 8.763 8.965 9.209 9.311 9.421 9.554 9.710 9.890 10.093 10.074 10.005 9.900 9.758 9.579 9.364 9.525 9.690 9.841 9.978 10.100 10.208 10.238 10.239 10.213 10.158 10.076 9.967 9.792 9.617 9.546 9.425 9.254 9.031 8.595 8.148 7.690 7.223 6.744 6.258 5.851 5.445 5.040 4.635 4.230 3.834 3.608 3.381 3.155 2.927 2.700 2.480 2.373 2.263 2.151 2.036 1.918 1.812 1.857 1.902 1.946 1.990 2.056 2.196 2.551 2.920 3.302 3.698 4.107 4.525 4.924 5.323 5.724
