DATA/SHG/CPC/2018/20180317.asc
ncols        190
nrows        64
xllcorner    -5100000.000000000000
yllcorner    4130000.000000000000
cellsize     10000.000000000000
NODATA_value  -99999.000
[rows 0 to 33 of 64, columns 76 to 151 of 190]
0.050 0.053 0.058 0.066 0.074 0.081 0.089 0.096 0.106 0.120 0.135 0.148 0.162 0.175 0.194 0.235 0.276 0.318 0.360 0.403 0.455 0.537 0.621 0.710 0.801 0.893 0.984 1.067 1.150 1.234 1.319 1.405 1.484 1.536 1.589 1.640 1.692 1.743 1.783 1.792 1.799 1.806 1.812 1.818 1.813 1.778 1.743 1.707 1.672 1.637 1.598 1.548 1.498 1.448 1.398 1.348 1.295 1.235 1.174 1.112 1.049 0.986 0.929 0.893 0.856 0.818 0.779 0.738 0.704 0.688 0.672 0.655 0.639 0.621 0.602 0.579
0.040 0.044 0.048 0.056 0.063 0.070 0.078 0.085 0.093 0.106 0.119 0.132 0.144 0.155 0.170 0.218 0.267 0.316 0.366 0.416 0.470 0.563 0.657 0.752 0.849 0.947 1.045 1.131 1.218 1.306 1.394 1.483 1.568 1.619 1.670 1.720 1.770 1.819 1.863 1.868 1.873 1.877 1.881 1.883 1.881 1.846 1.810 1.775 1.740 1.705 1.668 1.618 1.568 1.518 1.467 1.415 1.362 1.299 1.237 1.175 1.114 1.053 0.995 0.954 0.912 0.868 0.823 0.776 0.733 0.716 0.698 0.679 0.661 0.642 0.621 0.596
0.030 0.034 0.038 0.045 0.052 0.060 0.067 0.074 0.085 0.101 0.117 0.134 0.151 0.168 0.185 0.235 0.286 0.338 0.389 0.442 0.494 0.592 0.692 0.793 0.896 1.000 1.105 1.194 1.285 1.376 1.467 1.560 1.653 1.702 1.751 1.800 1.848 1.896 1.943 1.946 1.947 1.949 1.949 1.950 1.949 1.913 1.877 1.840 1.803 1.765 1.726 1.675 1.623 1.572 1.521 1.470 1.419 1.359 1.299 1.239 1.180 1.122 1.064 1.017 0.969 0.919 0.868 0.815 0.763 0.744 0.724 0.704 0.683 0.662 0.641 0.613
0.021 0.026 0.032 0.041 0.052 0.062 0.074 0.086 0.099 0.115 0.132 0.150 0.167 0.185 0.203 0.251 0.305 0.358 0.413 0.467 0.522 0.620 0.725 0.832 0.941 1.051 1.162 1.257 1.351 1.445 1.540 1.636 1.732 1.786 1.833 1.880 1.929 1.978 2.025 2.030 2.029 2.026 2.022 2.017 2.010 1.975 1.936 1.897 1.858 1.817 1.777 1.727 1.676 1.626 1.575 1.525 1.475 1.418 1.360 1.303 1.246 1.190 1.135 1.081 1.027 0.971 0.914 0.855 0.796 0.772 0.751 0.729 0.706 0.684 0.660 0.631
0.022 0.028 0.034 0.044 0.057 0.070 0.083 0.097 0.112 0.129 0.147 0.165 0.184 0.203 0.221 0.267 0.323 0.379 0.435 0.492 0.549 0.646 0.757 0.870 0.984 1.100 1.217 1.326 1.432 1.536 1.640 1.742 1.844 1.905 1.951 1.996 2.039 2.081 2.121 2.125 2.118 2.109 2.098 2.086 2.073 2.038 1.997 1.955 1.913 1.870 1.827 1.779 1.729 1.679 1.629 1.580 1.530 1.476 1.420 1.366 1.312 1.258 1.205 1.147 1.086 1.025 0.961 0.897 0.833 0.804 0.783 0.762 0.741 0.720 0.699 0.674
0.023 0.029 0.035 0.047 0.061 0.076 0.092 0.108 0.125 0.143 0.162 0.181 0.200 0.220 0.239 0.282 0.340 0.398 0.467 0.539 0.614 0.721 0.849 0.978 1.107 1.236 1.365 1.477 1.579 1.679 1.779 1.878 1.976 2.037 2.077 2.114 2.151 2.186 2.219 2.222 2.208 2.192 2.175 2.156 2.136 2.101 2.057 2.014 1.969 1.924 1.879 1.830 1.781 1.732 1.683 1.634 1.585 1.533 1.480 1.425 1.369 1.313 1.256 1.193 1.129 1.065 1.002 0.939 0.877 0.845 0.824 0.803 0.783 0.763 0.742 0.719
0.023 0.030 0.037 0.049 0.065 0.082 0.100 0.118 0.137 0.156 0.176 0.202 0.232 0.265 0.300 0.357 0.434 0.514 0.595 0.676 0.759 0.865 0.995 1.124 1.254 1.384 1.515 1.629 1.727 1.823 1.919 2.014 2.108 2.171 2.203 2.234 2.264 2.292 2.319 2.320 2.300 2.277 2.254 2.228 2.202 2.164 2.119 2.072 2.025 1.979 1.932 1.884 1.836 1.787 1.738 1.688 1.637 1.583 1.525 1.467 1.408 1.348 1.287 1.225 1.163 1.102 1.041 0.981 0.921 0.885 0.865 0.845 0.825 0.805 0.785 0.764
0.024 0.031 0.039 0.050 0.071 0.093 0.117 0.142 0.168 0.197 0.231 0.268 0.308 0.350 0.395 0.456 0.543 0.631 0.721 0.810 0.902 1.009 1.139 1.270 1.401 1.533 1.664 1.782 1.875 1.968 2.060 2.151 2.241 2.306 2.332 2.356 2.379 2.400 2.420 2.420 2.394 2.370 2.342 2.313 2.282 2.243 2.196 2.148 2.099 2.049 1.998 1.947 1.896 1.845 1.794 1.742 1.689 1.633 1.572 1.510 1.447 1.383 1.319 1.256 1.197 1.138 1.079 1.022 0.964 0.926 0.906 0.886 0.867 0.847 0.828 0.808
0.028 0.038 0.049 0.064 0.090 0.117 0.145 0.175 0.206 0.241 0.285 0.331 0.381 0.433 0.488 0.553 0.648 0.746 0.844 0.942 1.043 1.152 1.284 1.416 1.548 1.680 1.813 1.935 2.025 2.113 2.201 2.292 2.385 2.461 2.486 2.508 2.528 2.546 2.561 2.562 2.529 2.494 2.458 2.419 2.377 2.332 2.280 2.228 2.174 2.120 2.065 2.010 1.957 1.904 1.850 1.796 1.742 1.683 1.619 1.553 1.486 1.419 1.351 1.287 1.230 1.173 1.117 1.062 1.007 0.966 0.947 0.928 0.908 0.888 0.868 0.849
0.035 0.047 0.060 0.077 0.107 0.139 0.172 0.207 0.243 0.282 0.336 0.392 0.451 0.513 0.577 0.648 0.752 0.858 0.965 1.072 1.181 1.294 1.429 1.566 1.705 1.845 1.986 2.121 2.215 2.308 2.401 2.494 2.587 2.667 2.681 2.693 2.702 2.709 2.713 2.708 2.666 2.622 2.575 2.526 2.475 2.422 2.366 2.309 2.251 2.192 2.132 2.073 2.018 1.963 1.907 1.851 1.794 1.735 1.666 1.597 1.527 1.456 1.385 1.314 1.258 1.202 1.148 1.094 1.042 1.000 0.980 0.961 0.941 0.922 0.903 0.885
0.041 0.056 0.071 0.088 0.123 0.160 0.198 0.238 0.279 0.321 0.384 0.450 0.519 0.590 0.665 0.744 0.858 0.976 1.095 1.215 1.337 1.462 1.603 1.746 1.890 2.035 2.181 2.328 2.421 2.513 2.605 2.696 2.788 2.876 2.879 2.880 2.879 2.874 2.868 2.857 2.805 2.751 2.694 2.636 2.575 2.513 2.452 2.391 2.328 2.265 2.201 2.136 2.079 2.022 1.958 1.892 1.825 1.757 1.681 1.606 1.532 1.459 1.387 1.318 1.267 1.216 1.167 1.119 1.072 1.031 1.012 0.993 0.975 0.956 0.938 0.921
0.046 0.063 0.081 0.100 0.138 0.179 0.222 0.267 0.315 0.365 0.437 0.514 0.594 0.677 0.763 0.851 0.972 1.100 1.230 1.361 1.494 1.630 1.775 1.924 2.073 2.224 2.375 2.528 2.627 2.718 2.808 2.899 2.989 3.079 3.080 3.070 3.057 3.042 3.025 3.005 2.946 2.882 2.816 2.748 2.677 2.599 2.526 2.453 2.379 2.305 2.229 2.153 2.086 2.018 1.949 1.880 1.809 1.738 1.666 1.595 1.525 1.456 1.388 1.321 1.275 1.230 1.186 1.143 1.101 1.062 1.044 1.026 1.008 0.990 0.972 0.956
0.051 0.070 0.090 0.110 0.151 0.199 0.250 0.303 0.358 0.415 0.493 0.580 0.670 0.762 0.857 0.955 1.082 1.222 1.362 1.504 1.648 1.795 1.946 2.100 2.255 2.411 2.568 2.726 2.833 2.922 3.012 3.101 3.190 3.279 3.282 3.262 3.234 3.203 3.167 3.129 3.057 2.976 2.892 2.806 2.718 2.627 2.549 2.472 2.394 2.316 2.237 2.156 2.084 2.013 1.941 1.868 1.794 1.719 1.651 1.584 1.517 1.452 1.388 1.324 1.281 1.242 1.203 1.165 1.129 1.094 1.075 1.058 1.041 1.023 1.006 0.989
0.054 0.075 0.097 0.119 0.162 0.218 0.276 0.336 0.399 0.463 0.547 0.643 0.743 0.845 0.950 1.057 1.190 1.340 1.492 1.644 1.799 1.957 2.115 2.274 2.435 2.596 2.759 2.917 3.028 3.113 3.198 3.284 3.370 3.457 3.461 3.420 3.376 3.328 3.277 3.222 3.142 3.050 2.956 2.859 2.760 2.658 2.572 2.491 2.410 2.328 2.245 2.161 2.084 2.009 1.933 1.857 1.780 1.701 1.634 1.571 1.509 1.447 1.387 1.327 1.287 1.252 1.219 1.187 1.159 1.132 1.118 1.108 1.100 1.094 1.090 1.087
0.056 0.080 0.104 0.128 0.171 0.235 0.300 0.368 0.438 0.509 0.598 0.704 0.813 0.925 1.039 1.156 1.294 1.455 1.612 1.768 1.927 2.086 2.246 2.405 2.566 2.729 2.894 3.060 3.186 3.273 3.361 3.449 3.538 3.628 3.639 3.582 3.522 3.458 3.390 3.319 3.230 3.127 3.022 2.914 2.804 2.692 2.596 2.512 2.427 2.341 2.254 2.166 2.085 2.006 1.927 1.847 1.766 1.684 1.617 1.558 1.502 1.449 1.398 1.350 1.317 1.290 1.263 1.238 1.213 1.188 1.180 1.178 1.178 1.181 1.185 1.191
0.058 0.084 0.110 0.136 0.179 0.250 0.322 0.397 0.475 0.554 0.647 0.757 0.870 0.984 1.101 1.220 1.355 1.516 1.679 1.843 2.009 2.177 2.344 2.512 2.681 2.853 3.026 3.201 3.343 3.433 3.523 3.614 3.706 3.798 3.821 3.748 3.671 3.591 3.507 3.420 3.320 3.206 3.090 2.972 2.851 2.728 2.621 2.533 2.444 2.354 2.253 2.151 2.058 1.973 1.890 1.809 1.730 1.654 1.593 1.547 1.502 1.461 1.422 1.386 1.358 1.334 1.310 1.288 1.266 1.244 1.240 1.246 1.255 1.266 1.278 1.292
0.060 0.087 0.115 0.144 0.182 0.257 0.334 0.411 0.489 0.569 0.657 0.775 0.895 1.017 1.142 1.268 1.405 1.574 1.745 1.916 2.089 2.264 2.441 2.617 2.794 2.974 3.156 3.339 3.499 3.591 3.684 3.778 3.872 3.967 4.006 3.917 3.824 3.728 3.628 3.525 3.411 3.268 3.125 2.982 2.839 2.696 2.569 2.468 2.367 2.266 2.166 2.065 1.975 1.899 1.826 1.755 1.686 1.620 1.567 1.532 1.500 1.471 1.444 1.420 1.398 1.377 1.357 1.337 1.318 1.300 1.298 1.313 1.330 1.349 1.369 1.392
0.065 0.092 0.118 0.143 0.173 0.252 0.332 0.413 0.495 0.578 0.666 0.791 0.919 1.048 1.180 1.314 1.453 1.630 1.808 1.987 2.168 2.350 2.534 2.719 2.905 3.093 3.283 3.475 3.654 3.749 3.844 3.938 4.006 4.071 4.098 3.969 3.840 3.711 3.582 3.453 3.321 3.179 3.036 2.894 2.752 2.609 2.478 2.378 2.278 2.178 2.079 1.979 1.889 1.824 1.760 1.699 1.640 1.583 1.538 1.515 1.495 1.478 1.463 1.451 1.438 1.420 1.402 1.386 1.370 1.354 1.354 1.377 1.404 1.470 1.541 1.617
0.074 0.098 0.121 0.142 0.163 0.245 0.328 0.413 0.499 0.586 0.674 0.805 0.940 1.077 1.216 1.357 1.501 1.683 1.869 2.056 2.244 2.434 2.625 2.804 2.980 3.155 3.326 3.496 3.660 3.724 3.787 3.847 3.905 3.962 4.004 3.875 3.747 3.618 3.490 3.361 3.231 3.089 2.948 2.806 2.664 2.523 2.388 2.288 2.189 2.090 1.991 1.893 1.802 1.746 1.692 1.641 1.592 1.545 1.506 1.496 1.487 1.482 1.479 1.479 1.489 1.493 1.506 1.527 1.557 1.595 1.649 1.727 1.809 1.897 1.989 2.086
0.084 0.105 0.124 0.143 0.161 0.237 0.324 0.413 0.502 0.593 0.685 0.817 0.960 1.104 1.250 1.395 1.541 1.718 1.899 2.079 2.258 2.436 2.613 2.782 2.948 3.112 3.273 3.432 3.588 3.653 3.706 3.758 3.808 3.855 3.901 3.782 3.654 3.525 3.397 3.269 3.141 3.000 2.859 2.718 2.577 2.437 2.297 2.199 2.100 2.002 1.904 1.807 1.712 1.666 1.622 1.579 1.540 1.506 1.481 1.492 1.508 1.530 1.557 1.590 1.628 1.669 1.719 1.778 1.845 1.920 2.006 2.105 2.209 2.318 2.431 2.549
0.095 0.112 0.129 0.145 0.159 0.228 0.319 0.412 0.506 0.599 0.692 0.822 0.967 1.114 1.262 1.411 1.561 1.731 1.907 2.083 2.257 2.430 2.602 2.763 2.919 3.072 3.222 3.370 3.516 3.583 3.628 3.671 3.712 3.751 3.788 3.688 3.561 3.433 3.305 3.177 3.050 2.911 2.770 2.630 2.490 2.350 2.198 2.085 1.979 1.876 1.775 1.676 1.579 1.545 1.518 1.497 1.481 1.469 1.463 1.498 1.539 1.585 1.637 1.694 1.758 1.837 1.924 2.020 2.124 2.237 2.358 2.478 2.603 2.733 2.868 3.008
0.107 0.124 0.140 0.157 0.173 0.235 0.328 0.420 0.513 0.605 0.696 0.821 0.971 1.121 1.273 1.426 1.580 1.745 1.917 2.087 2.257 2.425 2.593 2.747 2.892 3.034 3.174 3.311 3.447 3.517 3.553 3.587 3.619 3.649 3.677 3.595 3.467 3.330 3.192 3.055 2.919 2.771 2.618 2.465 2.310 2.155 2.000 1.889 1.794 1.701 1.610 1.521 1.435 1.413 1.409 1.410 1.416 1.427 1.443 1.498 1.564 1.635 1.711 1.793 1.881 1.995 2.120 2.253 2.395 2.545 2.703 2.846 2.992 3.144 3.300 3.461
0.132 0.148 0.164 0.180 0.196 0.246 0.338 0.429 0.520 0.611 0.701 0.819 0.973 1.127 1.283 1.440 1.598 1.761 1.928 2.093 2.258 2.422 2.585 2.733 2.867 2.999 3.128 3.255 3.372 3.435 3.453 3.468 3.480 3.490 3.496 3.418 3.282 3.146 3.010 2.874 2.739 2.591 2.435 2.278 2.120 1.962 1.803 1.692 1.606 1.523 1.443 1.364 1.288 1.277 1.295 1.319 1.347 1.380 1.418 1.493 1.583 1.679 1.780 1.886 1.999 2.145 2.307 2.478 2.657 2.913 3.206 3.463 3.709 3.952 4.193 4.432
0.157 0.173 0.188 0.204 0.219 0.258 0.349 0.439 0.528 0.617 0.706 0.816 0.974 1.132 1.292 1.453 1.614 1.777 1.940 2.103 2.261 2.416 2.567 2.703 2.818 2.929 3.037 3.141 3.241 3.300 3.305 3.308 3.307 3.304 3.298 3.231 3.096 2.961 2.827 2.693 2.559 2.412 2.253 2.093 1.931 1.769 1.607 1.491 1.416 1.344 1.273 1.205 1.140 1.136 1.176 1.222 1.272 1.328 1.388 1.482 1.628 1.803 1.998 2.212 2.445 2.719 3.018 3.334 3.665 4.012 4.375 4.648 4.883 5.116 5.346 5.573
0.183 0.198 0.212 0.227 0.242 0.271 0.360 0.448 0.536 0.624 0.711 0.816 0.994 1.168 1.340 1.509 1.675 1.837 1.987 2.131 2.271 2.407 2.539 2.661 2.759 2.853 2.944 3.031 3.114 3.168 3.161 3.151 3.138 3.122 3.103 3.044 2.910 2.777 2.644 2.511 2.379 2.235 2.072 1.908 1.743 1.578 1.412 1.289 1.224 1.162 1.102 1.058 1.023 1.046 1.137 1.237 1.345 1.463 1.589 1.772 2.013 2.274 2.555 2.854 3.173 3.520 3.890 4.275 4.676 5.094 5.527 5.834 6.058 6.280 6.499 6.715
0.208 0.223 0.237 0.251 0.269 0.302 0.405 0.509 0.615 0.721 0.829 0.942 1.109 1.275 1.437 1.597 1.754 1.907 2.038 2.164 2.286 2.403 2.516 2.623 2.704 2.781 2.855 2.925 2.991 3.039 3.020 2.997 2.972 2.943 2.912 2.856 2.724 2.592 2.461 2.330 2.199 2.059 1.904 1.754 1.606 1.458 1.310 1.199 1.164 1.132 1.102 1.074 1.048 1.079 1.209 1.348 1.497 1.654 1.820 2.051 2.378 2.725 3.091 3.476 3.881 4.304 4.744 5.199 5.671 6.158 6.661 7.022 7.234 7.445 7.653 7.859
0.258 0.285 0.314 0.346 0.381 0.418 0.521 0.629 0.738 0.848 0.959 1.072 1.228 1.384 1.537 1.687 1.835 1.981 2.094 2.202 2.305 2.404 2.498 2.589 2.653 2.714 2.771 2.824 2.873 2.914 2.882 2.846 2.808 2.776 2.745 2.704 2.588 2.473 2.360 2.247 2.136 2.021 1.874 1.727 1.582 1.437 1.292 1.172 1.148 1.125 1.105 1.087 1.071 1.102 1.272 1.451 1.639 1.835 2.041 2.310 2.723 3.155 3.607 4.078 4.568 5.071 5.581 6.107 6.648 7.205 7.778 8.210 8.411 8.611 8.809 9.013
0.331 0.367 0.406 0.447 0.491 0.537 0.636 0.748 0.860 0.974 1.089 1.205 1.348 1.495 1.639 1.780 1.919 2.055 2.155 2.244 2.329 2.409 2.485 2.557 2.612 2.662 2.711 2.756 2.798 2.838 2.811 2.778 2.744 2.708 2.670 2.631 2.522 2.413 2.305 2.198 2.093 1.987 1.843 1.700 1.557 1.415 1.274 1.144 1.129 1.116 1.106 1.098 1.092 1.117 1.326 1.544 1.771 2.007 2.252 2.550 3.048 3.566 4.103 4.659 5.235 5.826 6.416 7.009 7.604 8.203 8.804 9.292 9.511 9.740 9.979 10.228
0.403 0.448 0.495 0.545 0.598 0.654 0.750 0.865 0.981 1.099 1.217 1.337 1.470 1.608 1.743 1.875 2.016 2.155 2.254 2.331 2.402 2.468 2.529 2.584 2.628 2.666 2.701 2.734 2.763 2.790 2.764 2.725 2.684 2.641 2.597 2.552 2.455 2.352 2.249 2.148 2.048 1.949 1.812 1.671 1.532 1.393 1.254 1.116 1.107 1.105 1.104 1.106 1.110 1.121 1.370 1.628 1.904 2.232 2.566 2.927 3.539 4.161 4.791 5.431 6.079 6.729 7.332 7.937 8.545 9.156 9.770 10.320 10.582 10.855 11.138 11.431
0.471 0.525 0.582 0.641 0.703 0.767 0.862 0.981 1.102 1.235 1.369 1.504 1.643 1.784 1.921 2.056 2.189 2.318 2.406 2.459 2.507 2.550 2.587 2.619 2.647 2.672 2.695 2.715 2.732 2.746 2.719 2.673 2.626 2.577 2.526 2.474 2.387 2.289 2.192 2.096 2.002 1.909 1.780 1.642 1.506 1.370 1.234 1.106 1.133 1.188 1.251 1.322 1.400 1.486 1.800 2.144 2.495 2.852 3.217 3.588 4.231 4.892 5.563 6.243 6.932 7.628 8.243 8.861 9.481 10.105 10.731 11.336 11.642 11.959 12.286 12.623
0.538 0.601 0.674 0.752 0.836 0.925 1.036 1.170 1.306 1.442 1.579 1.717 1.854 1.985 2.113 2.239 2.363 2.483 2.564 2.594 2.618 2.637 2.651 2.659 2.669 2.682 2.692 2.699 2.704 2.705 2.676 2.623 2.569 2.514 2.457 2.398 2.318 2.225 2.136 2.063 1.993 1.925 1.835 1.741 1.654 1.574 1.503 1.439 1.484 1.573 1.670 1.774 1.886 2.005 2.322 2.696 3.077 3.465 3.860 4.261 4.912 5.613 6.324 7.045 7.774 8.512 9.150 9.781 10.414 11.050 11.688 12.330 12.691 13.052 13.422 13.803
0.622 0.709 0.801 0.899 1.002 1.111 1.232 1.370 1.508 1.648 1.788 1.929 2.066 2.188 2.308 2.425 2.539 2.651 2.727 2.734 2.735 2.730 2.721 2.706 2.695 2.695 2.692 2.687 2.679 2.668 2.646 2.600 2.554 2.507 2.461 2.415 2.358 2.291 2.227 2.165 2.106 2.049 1.988 1.927 1.875 1.830 1.794 1.765 1.828 1.950 2.080 2.218 2.363 2.515 2.836 3.241 3.652 4.070 4.495 4.927 5.582 6.325 7.076 7.836 8.605 9.384 10.054 10.696 11.342 11.990 12.642 13.207 13.452 13.663 13.879 14.099
0.704 0.811 0.922 1.040 1.163 1.292 1.427 1.568 1.709 1.852 1.996 2.140 2.280 2.393 2.504 2.612 2.717 2.820 2.897 2.880 2.857 2.824 2.786 2.744 2.708 2.705 2.704 2.705 2.708 2.714 2.704 2.658 2.612 2.566 2.521 2.475 2.425 2.369 2.316 2.265 2.216 2.170 2.132 2.106 2.088 2.078 2.076 2.081 2.162 2.318 2.482 2.653 2.831 3.018 3.343 3.777 4.219 4.667 5.122 5.584 6.243 7.025 7.782 8.484 9.171 9.843 10.384 10.853 11.304 11.737 12.152 12.549 12.816 13.047 13.282 13.522
0.781 0.907 1.039 1.176 1.318 1.467 1.620 1.764 1.909 2.055 2.202 2.350 2.497 2.604 2.706 2.801 2.888 2.967 3.030 2.985 2.936 2.883 2.824 2.761 2.703 2.709 2.718 2.728 2.741 2.756 2.761 2.716 2.670 2.625 2.580 2.535 2.490 2.444 2.402 2.362 2.324 2.288 2.267 2.276 2.293 2.317 2.349 2.389 2.489 2.678 2.875 3.080 3.292 3.522 3.865 4.318 4.753 5.172 5.573 5.956 6.483 7.148 7.799 8.435 9.055 9.660 10.146 10.535 10.906 11.259 11.593 11.909 12.177 12.427 12.682 12.942
