DATA/SHG/CPC/2018/20180124.asc
ncols        190
nrows        64
xllcorner    -5100000.000000000000
yllcorner    4130000.000000000000
cellsize     10000.000000000000
NODATA_value  -99999.000
[rows 0 to 33 of 64, columns 77 to 153 of 190]
0.000 0.000 0.000 0.000 0.000 0.000 0.000 0.000 0.000 0.000 0.000 0.000 0.000 0.000 0.000 0.000 0.000 0.000 0.000 0.000 0.000 0.000 0.000 0.000 0.000 0.000 0.000 0.000 0.000 0.000 0.000 0.000 0.000 0.000 0.000 0.000 0.000 0.000 0.000 0.000 0.000 0.000 0.000 0.000 0.000 0.000 0.000 0.000 0.000 0.000 0.000 0.000 0.000 0.000 0.000 0.000 0.000 0.000 0.000 0.000 0.000 0.000 0.001 0.002 0.003 0.005 0.007 0.009 0.010 0.011 0.011 0.011 0.011 0.011 0.010 0.008 0.007
0.000 0.000 0.000 0.000 0.000 0.000 0.000 0.000 0.000 0.000 0.000 0.000 0.000 0.000 0.000 0.000 0.000 0.000 0.000 0.000 0.000 0.000 0.000 0.000 0.000 0.000 0.000 0.000 0.000 0.000 0.000 0.000 0.000 0.000 0.000 0.000 0.000 0.000 0.000 0.000 0.000 0.000 0.000 0.000 0.000 0.000 0.000 0.000 0.000 0.000 0.000 0.000 0.000 0.000 0.000 0.000 0.001 0.001 0.002 0.004 0.005 0.007 0.009 0.012 0.015 0.018 0.021 0.024 0.024 0.024 0.023 0.022 0.021 0.020 0.017 0.014 0.011
0.000 0.000 0.000 0.000 0.000 0.000 0.000 0.000 0.000 0.000 0.000 0.000 0.000 0.000 0.000 0.000 0.000 0.000 0.000 0.000 0.000 0.000 0.000 0.000 0.000 0.000 0.000 0.000 0.000 0.000 0.000 0.000 0.000 0.000 0.000 0.000 0.000 0.000 0.000 0.000 0.000 0.000 0.000 0.000 0.000 0.000 0.000 0.000 0.000 0.000 0.000 0.000 0.000 0.000 0.000 0.000 0.002 0.004 0.006 0.008 0.011 0.014 0.018 0.022 0.026 0.030 0.035 0.040 0.039 0.037 0.035 0.034 0.031 0.029 0.025 0.020 0.016
0.000 0.000 0.000 0.000 0.000 0.000 0.000 0.000 0.000 0.000 0.000 0.000 0.000 0.000 0.000 0.000 0.000 0.000 0.000 0.000 0.000 0.000 0.000 0.000 0.000 0.000 0.000 0.000 0.000 0.000 0.000 0.000 0.000 0.000 0.000 0.000 0.000 0.000 0.000 0.000 0.000 0.000 0.000 0.000 0.000 0.000 0.000 0.000 0.000 0.000 0.000 0.000 0.000 0.000 0.000 0.000 0.003 0.006 0.009 0.013 0.017 0.021 0.026 0.031 0.037 0.042 0.048 0.055 0.053 0.051 0.048 0.045 0.042 0.038 0.033 0.029 0.028
0.000 0.000 0.000 0.000 0.000 0.000 0.000 0.000 0.000 0.000 0.000 0.000 0.000 0.000 0.000 0.000 0.000 0.000 0.000 0.000 0.000 0.000 0.000 0.000 0.000 0.000 0.000 0.000 0.000 0.000 0.000 0.000 0.000 0.000 0.000 0.000 0.000 0.000 0.000 0.000 0.000 0.000 0.000 0.000 0.000 0.000 0.000 0.000 0.000 0.000 0.000 0.000 0.000 0.000 0.000 0.000 0.003 0.008 0.012 0.017 0.022 0.027 0.034 0.040 0.047 0.054 0.062 0.072 0.073 0.073 0.074 0.075 0.077 0.080 0.080 0.081 0.081
0.000 0.000 0.000 0.000 0.000 0.000 0.000 0.000 0.000 0.000 0.000 0.000 0.000 0.000 0.000 0.000 0.000 0.000 0.000 0.000 0.000 0.000 0.000 0.000 0.000 0.000 0.000 0.000 0.000 0.000 0.000 0.000 0.000 0.000 0.000 0.000 0.000 0.000 0.000 0.000 0.000 0.000 0.000 0.000 0.000 0.000 0.000 0.000 0.000 0.000 0.000 0.000 0.000 0.000 0.000 0.000 0.004 0.010 0.018 0.027 0.036 0.045 0.054 0.064 0.074 0.084 0.094 0.104 0.108 0.111 0.115 0.119 0.123 0.128 0.131 0.133 0.134
0.000 0.000 0.000 0.000 0.000 0.000 0.000 0.000 0.000 0.000 0.000 0.000 0.000 0.000 0.000 0.000 0.000 0.000 0.000 0.000 0.000 0.000 0.000 0.000 0.000 0.000 0.000 0.000 0.000 0.000 0.000 0.000 0.000 0.000 0.000 0.000 0.000 0.000 0.000 0.000 0.000 0.000 0.000 0.000 0.000 0.000 0.000 0.000 0.000 0.000 0.001 0.002 0.005 0.008 0.012 0.017 0.025 0.034 0.044 0.053 0.064 0.074 0.084 0.094 0.105 0.115 0.125 0.136 0.143 0.148 0.155 0.161 0.168 0.176 0.181 0.184 0.187
0.000 0.000 0.000 0.000 0.000 0.000 0.000 0.000 0.000 0.000 0.000 0.000 0.000 0.000 0.000 0.000 0.000 0.000 0.000 0.000 0.000 0.000 0.000 0.000 0.000 0.000 0.000 0.000 0.000 0.000 0.000 0.000 0.000 0.000 0.000 0.000 0.000 0.000 0.000 0.000 0.000 0.000 0.000 0.000 0.000 0.000 0.000 0.000 0.000 0.000 0.002 0.008 0.014 0.021 0.029 0.038 0.048 0.058 0.069 0.080 0.091 0.103 0.114 0.124 0.135 0.146 0.157 0.168 0.177 0.185 0.194 0.203 0.213 0.223 0.231 0.235 0.240
0.000 0.000 0.000 0.000 0.000 0.000 0.000 0.000 0.000 0.000 0.000 0.000 0.000 0.000 0.000 0.000 0.000 0.000 0.000 0.000 0.000 0.000 0.000 0.000 0.000 0.000 0.000 0.000 0.000 0.000 0.000 0.000 0.000 0.000 0.000 0.000 0.000 0.000 0.000 0.000 0.000 0.000 0.000 0.000 0.000 0.000 0.000 0.000 0.000 0.000 0.003 0.012 0.022 0.033 0.045 0.057 0.070 0.082 0.094 0.106 0.118 0.131 0.143 0.154 0.165 0.177 0.188 0.199 0.210 0.221 0.232 0.243 0.254 0.265 0.274 0.281 0.288
0.000 0.000 0.000 0.000 0.000 0.000 0.000 0.000 0.000 0.000 0.000 0.000 0.000 0.000 0.000 0.000 0.000 0.000 0.000 0.000 0.000 0.000 0.000 0.000 0.000 0.000 0.000 0.000 0.000 0.000 0.000 0.000 0.000 0.000 0.000 0.000 0.000 0.000 0.000 0.000 0.000 0.000 0.000 0.000 0.000 0.000 0.000 0.000 0.000 0.000 0.003 0.016 0.029 0.044 0.060 0.076 0.092 0.105 0.118 0.131 0.145 0.159 0.172 0.183 0.193 0.204 0.215 0.225 0.236 0.247 0.259 0.271 0.283 0.296 0.309 0.320 0.333
0.000 0.000 0.000 0.000 0.000 0.000 0.000 0.000 0.000 0.000 0.000 0.000 0.000 0.000 0.000 0.000 0.000 0.000 0.000 0.000 0.000 0.000 0.000 0.000 0.000 0.000 0.000 0.000 0.000 0.000 0.000 0.000 0.000 0.000 0.000 0.000 0.000 0.000 0.000 0.000 0.000 0.000 0.000 0.000 0.000 0.000 0.000 0.000 0.000 0.000 0.002 0.018 0.036 0.054 0.073 0.093 0.112 0.126 0.139 0.153 0.167 0.181 0.195 0.206 0.216 0.227 0.237 0.248 0.259 0.271 0.285 0.298 0.312 0.327 0.342 0.359 0.377
0.000 0.000 0.000 0.000 0.000 0.000 0.000 0.000 0.000 0.000 0.000 0.000 0.000 0.000 0.000 0.000 0.000 0.000 0.000 0.000 0.000 0.000 0.000 0.000 0.000 0.000 0.000 0.000 0.000 0.000 0.000 0.000 0.000 0.000 0.000 0.000 0.000 0.000 0.000 0.000 0.000 0.000 0.000 0.000 0.000 0.000 0.001 0.001 0.002 0.003 0.004 0.023 0.044 0.064 0.086 0.108 0.130 0.144 0.159 0.174 0.188 0.203 0.218 0.229 0.239 0.250 0.260 0.270 0.281 0.295 0.310 0.325 0.341 0.357 0.374 0.396 0.420
0.000 0.000 0.000 0.000 0.000 0.000 0.000 0.000 0.000 0.000 0.000 0.000 0.000 0.000 0.000 0.000 0.000 0.000 0.000 0.000 0.000 0.000 0.000 0.000 0.000 0.000 0.000 0.000 0.000 0.000 0.000 0.000 0.000 0.000 0.000 0.000 0.000 0.000 0.000 0.000 0.000 0.000 0.000 0.000 0.000 0.001 0.002 0.003 0.005 0.007 0.008 0.028 0.051 0.074 0.098 0.122 0.147 0.163 0.178 0.194 0.209 0.225 0.241 0.252 0.262 0.273 0.283 0.293 0.303 0.319 0.335 0.352 0.369 0.387 0.404 0.433 0.468
0.000 0.000 0.000 0.000 0.000 0.000 0.000 0.000 0.000 0.000 0.000 0.000 0.000 0.000 0.000 0.000 0.000 0.000 0.000 0.000 0.000 0.000 0.000 0.000 0.000 0.000 0.000 0.000 0.000 0.000 0.000 0.000 0.000 0.000 0.000 0.000 0.000 0.000 0.000 0.000 0.000 0.000 0.000 0.000 0.000 0.001 0.003 0.005 0.008 0.010 0.013 0.032 0.057 0.083 0.109 0.136 0.163 0.181 0.197 0.214 0.230 0.247 0.263 0.275 0.285 0.295 0.306 0.320 0.334 0.356 0.380 0.405 0.431 0.458 0.486 0.524 0.564
0.000 0.000 0.000 0.000 0.000 0.000 0.000 0.000 0.000 0.000 0.000 0.000 0.000 0.000 0.000 0.000 0.000 0.000 0.000 0.000 0.000 0.000 0.000 0.000 0.000 0.000 0.000 0.000 0.000 0.000 0.000 0.000 0.000 0.000 0.000 0.000 0.000 0.000 0.000 0.000 0.000 0.000 0.000 0.000 0.000 0.002 0.004 0.007 0.010 0.014 0.017 0.036 0.063 0.091 0.120 0.149 0.178 0.199 0.215 0.232 0.251 0.272 0.294 0.311 0.326 0.342 0.358 0.375 0.393 0.419 0.447 0.477 0.508 0.540 0.573 0.614 0.658
0.000 0.000 0.000 0.000 0.000 0.000 0.000 0.000 0.000 0.000 0.000 0.000 0.000 0.000 0.000 0.000 0.000 0.000 0.000 0.000 0.000 0.000 0.000 0.000 0.000 0.000 0.000 0.000 0.000 0.000 0.000 0.000 0.000 0.000 0.000 0.000 0.000 0.000 0.000 0.000 0.000 0.000 0.000 0.000 0.000 0.002 0.005 0.009 0.013 0.016 0.019 0.035 0.063 0.090 0.118 0.145 0.173 0.197 0.220 0.245 0.271 0.300 0.330 0.353 0.371 0.390 0.410 0.430 0.452 0.480 0.514 0.548 0.584 0.621 0.658 0.703 0.751
0.000 0.000 0.000 0.000 0.000 0.000 0.000 0.000 0.000 0.000 0.000 0.000 0.000 0.000 0.000 0.000 0.000 0.000 0.000 0.000 0.000 0.000 0.000 0.000 0.000 0.000 0.000 0.000 0.000 0.000 0.000 0.000 0.000 0.000 0.000 0.000 0.000 0.000 0.000 0.000 0.000 0.000 0.000 0.000 0.000 0.001 0.004 0.007 0.010 0.012 0.015 0.027 0.055 0.082 0.110 0.137 0.165 0.193 0.224 0.256 0.290 0.326 0.364 0.394 0.415 0.438 0.461 0.485 0.509 0.540 0.579 0.618 0.658 0.700 0.743 0.791 0.844
0.000 0.000 0.000 0.000 0.000 0.000 0.000 0.000 0.000 0.000 0.000 0.000 0.000 0.000 0.000 0.000 0.000 0.000 0.000 0.000 0.000 0.000 0.000 0.000 0.000 0.000 0.000 0.000 0.000 0.000 0.000 0.000 0.000 0.000 0.000 0.000 0.000 0.000 0.000 0.000 0.000 0.000 0.000 0.000 0.000 0.001 0.003 0.005 0.007 0.008 0.010 0.019 0.046 0.074 0.102 0.129 0.157 0.187 0.226 0.266 0.307 0.351 0.396 0.434 0.459 0.485 0.511 0.538 0.566 0.599 0.643 0.688 0.756 0.829 0.909 0.994 1.085
0.000 0.000 0.000 0.000 0.000 0.000 0.000 0.000 0.000 0.000 0.000 0.000 0.000 0.000 0.000 0.000 0.000 0.000 0.000 0.000 0.000 0.000 0.001 0.002 0.003 0.004 0.004 0.004 0.004 0.004 0.003 0.002 0.001 0.000 0.000 0.000 0.000 0.000 0.000 0.000 0.000 0.000 0.000 0.000 0.000 0.000 0.002 0.003 0.004 0.005 0.006 0.011 0.038 0.066 0.094 0.121 0.149 0.180 0.226 0.273 0.323 0.373 0.426 0.478 0.515 0.555 0.601 0.650 0.704 0.768 0.850 0.937 1.030 1.128 1.232 1.338 1.440
0.000 0.000 0.000 0.000 0.000 0.000 0.000 0.000 0.000 0.000 0.000 0.000 0.000 0.000 0.002 0.004 0.006 0.008 0.009 0.010 0.011 0.012 0.012 0.012 0.012 0.012 0.011 0.011 0.009 0.008 0.006 0.005 0.002 0.000 0.000 0.000 0.000 0.000 0.000 0.000 0.000 0.000 0.000 0.000 0.000 0.000 0.001 0.001 0.001 0.001 0.001 0.003 0.030 0.058 0.087 0.118 0.149 0.183 0.240 0.299 0.361 0.424 0.490 0.555 0.611 0.672 0.737 0.806 0.880 0.962 1.068 1.180 1.297 1.420 1.549 1.678 1.792
0.000 0.000 0.000 0.000 0.000 0.000 0.000 0.002 0.003 0.005 0.007 0.009 0.011 0.013 0.016 0.018 0.020 0.021 0.022 0.023 0.023 0.024 0.023 0.023 0.022 0.020 0.019 0.017 0.015 0.013 0.010 0.007 0.004 0.001 0.000 0.000 0.000 0.000 0.000 0.000 0.000 0.000 0.000 0.000 0.000 0.000 0.000 0.000 0.000 0.000 0.000 0.000 0.030 0.062 0.095 0.129 0.163 0.199 0.265 0.333 0.404 0.477 0.551 0.628 0.704 0.784 0.868 0.957 1.050 1.150 1.281 1.417 1.560 1.707 1.861 2.016 2.141
0.002 0.003 0.004 0.005 0.006 0.007 0.009 0.011 0.013 0.016 0.018 0.021 0.023 0.026 0.029 0.032 0.034 0.035 0.035 0.035 0.036 0.036 0.035 0.033 0.031 0.029 0.027 0.024 0.021 0.017 0.014 0.010 0.006 0.001 0.000 0.000 0.000 0.001 0.000 0.000 0.000 0.000 0.000 0.000 0.000 0.000 0.000 0.000 0.000 0.000 0.000 0.000 0.029 0.065 0.101 0.139 0.177 0.216 0.287 0.365 0.445 0.527 0.611 0.697 0.791 0.891 0.995 1.103 1.216 1.334 1.488 1.649 1.816 1.988 2.166 2.350 2.487
0.010 0.011 0.012 0.012 0.014 0.016 0.018 0.021 0.023 0.026 0.029 0.032 0.035 0.039 0.042 0.046 0.048 0.048 0.048 0.048 0.048 0.048 0.047 0.044 0.041 0.038 0.035 0.032 0.028 0.024 0.020 0.016 0.012 0.008 0.005 0.005 0.004 0.003 0.002 0.001 0.000 0.000 0.000 0.000 0.000 0.000 0.000 0.000 0.000 0.000 0.000 0.000 0.028 0.067 0.107 0.148 0.190 0.232 0.307 0.394 0.483 0.575 0.668 0.763 0.875 0.994 1.117 1.245 1.400 1.570 1.780 2.005 2.239 2.481 2.733 2.993 3.192
0.019 0.019 0.020 0.020 0.021 0.024 0.027 0.030 0.033 0.037 0.040 0.044 0.047 0.051 0.055 0.059 0.062 0.062 0.062 0.062 0.062 0.062 0.060 0.057 0.054 0.050 0.047 0.043 0.039 0.035 0.030 0.025 0.020 0.015 0.012 0.010 0.008 0.006 0.004 0.001 0.000 0.000 0.000 0.000 0.000 0.000 0.000 0.000 0.000 0.000 0.000 0.000 0.025 0.068 0.112 0.156 0.202 0.248 0.325 0.425 0.532 0.645 0.766 0.894 1.049 1.224 1.408 1.603 1.808 2.023 2.269 2.533 2.806 3.087 3.377 3.675 3.901
0.027 0.027 0.028 0.028 0.028 0.032 0.035 0.039 0.043 0.047 0.052 0.057 0.063 0.068 0.073 0.078 0.082 0.082 0.081 0.080 0.079 0.077 0.075 0.071 0.067 0.063 0.059 0.055 0.050 0.045 0.040 0.035 0.029 0.023 0.019 0.016 0.013 0.010 0.006 0.002 0.000 0.000 0.000 0.000 0.000 0.000 0.000 0.000 0.000 0.000 0.000 0.000 0.022 0.069 0.117 0.165 0.214 0.265 0.355 0.486 0.623 0.768 0.919 1.077 1.268 1.488 1.717 1.956 2.205 2.465 2.749 3.052 3.363 3.683 4.011 4.349 4.607
0.036 0.036 0.036 0.036 0.038 0.045 0.051 0.057 0.063 0.069 0.076 0.081 0.086 0.090 0.095 0.099 0.103 0.102 0.100 0.098 0.096 0.093 0.090 0.086 0.081 0.077 0.072 0.067 0.062 0.056 0.050 0.044 0.038 0.031 0.025 0.022 0.018 0.013 0.009 0.004 0.000 0.000 0.000 0.000 0.000 0.000 0.000 0.000 0.000 0.000 0.000 0.000 0.018 0.069 0.121 0.173 0.227 0.281 0.378 0.539 0.708 0.883 1.065 1.254 1.477 1.741 2.015 2.299 2.593 2.897 3.220 3.561 3.911 4.269 4.637 5.013 5.309
0.050 0.053 0.055 0.058 0.062 0.068 0.074 0.080 0.087 0.093 0.100 0.104 0.108 0.113 0.117 0.120 0.124 0.122 0.119 0.116 0.113 0.109 0.105 0.100 0.095 0.090 0.085 0.079 0.073 0.067 0.060 0.054 0.046 0.037 0.029 0.023 0.018 0.013 0.008 0.004 0.000 0.000 0.000 0.000 0.000 0.000 0.000 0.000 0.000 0.000 0.000 0.000 0.014 0.068 0.124 0.180 0.238 0.296 0.394 0.586 0.785 0.991 1.204 1.423 1.676 1.984 2.302 2.631 2.969 3.318 3.681 4.061 4.450 4.839 5.219 5.611 5.928
0.068 0.072 0.076 0.080 0.085 0.091 0.097 0.104 0.110 0.117 0.123 0.128 0.132 0.135 0.138 0.142 0.145 0.142 0.139 0.134 0.130 0.125 0.121 0.115 0.110 0.103 0.097 0.091 0.084 0.075 0.066 0.056 0.045 0.034 0.023 0.018 0.014 0.010 0.006 0.003 0.000 0.000 0.000 0.000 0.000 0.000 0.000 0.000 0.000 0.000 0.000 0.000 0.008 0.067 0.126 0.187 0.248 0.310 0.403 0.626 0.855 1.092 1.335 1.585 1.860 2.192 2.528 2.868 3.211 3.558 3.920 4.318 4.728 5.150 5.585 6.033 6.407
0.085 0.090 0.096 0.101 0.108 0.114 0.121 0.127 0.134 0.141 0.147 0.152 0.155 0.158 0.160 0.165 0.168 0.166 0.162 0.157 0.151 0.145 0.138 0.132 0.125 0.117 0.110 0.102 0.094 0.083 0.071 0.058 0.045 0.032 0.018 0.013 0.010 0.007 0.004 0.002 0.000 0.000 0.000 0.000 0.000 0.000 0.000 0.000 0.000 0.000 0.000 0.000 0.001 0.064 0.128 0.192 0.257 0.322 0.401 0.643 0.886 1.131 1.378 1.627 1.890 2.239 2.592 2.948 3.308 3.671 4.053 4.506 4.971 5.449 5.939 6.442 6.885
0.102 0.108 0.115 0.122 0.130 0.137 0.144 0.151 0.160 0.169 0.178 0.184 0.188 0.192 0.195 0.197 0.199 0.196 0.189 0.182 0.174 0.165 0.157 0.148 0.140 0.131 0.122 0.113 0.104 0.091 0.077 0.062 0.046 0.030 0.013 0.007 0.005 0.004 0.002 0.001 0.000 0.000 0.000 0.000 0.000 0.000 0.000 0.000 0.000 0.000 0.000 0.000 0.000 0.060 0.126 0.192 0.260 0.328 0.396 0.639 0.891 1.144 1.399 1.656 1.917 2.282 2.651 3.024 3.401 3.781 4.173 4.681 5.202 5.735 6.280 6.838 7.362
0.119 0.128 0.137 0.148 0.159 0.169 0.178 0.188 0.197 0.207 0.217 0.224 0.226 0.228 0.229 0.230 0.230 0.226 0.217 0.207 0.197 0.187 0.175 0.165 0.155 0.146 0.135 0.125 0.114 0.100 0.083 0.066 0.047 0.029 0.009 0.001 0.000 0.000 0.000 0.000 0.000 0.000 0.000 0.000 0.000 0.000 0.000 0.000 0.000 0.000 0.000 0.000 0.000 0.054 0.123 0.192 0.262 0.332 0.403 0.633 0.893 1.155 1.418 1.683 1.950 2.322 2.707 3.097 3.490 3.886 4.287 4.844 5.420 6.008 6.608 7.221 7.837
0.141 0.153 0.165 0.178 0.192 0.205 0.215 0.225 0.235 0.245 0.256 0.264 0.264 0.264 0.264 0.263 0.261 0.256 0.245 0.233 0.221 0.208 0.195 0.182 0.171 0.160 0.149 0.137 0.125 0.109 0.090 0.070 0.050 0.030 0.010 0.000 0.000 0.000 0.000 0.000 0.000 0.000 0.000 0.000 0.000 0.000 0.000 0.000 0.000 0.000 0.000 0.000 0.000 0.048 0.119 0.191 0.264 0.337 0.410 0.626 0.894 1.164 1.435 1.709 1.984 2.357 2.759 3.165 3.575 3.988 4.375 4.894 5.441 5.989 6.537 7.085 7.634
0.163 0.177 0.192 0.208 0.224 0.240 0.251 0.261 0.272 0.284 0.295 0.304 0.303 0.301 0.299 0.296 0.293 0.287 0.274 0.260 0.245 0.229 0.214 0.199 0.186 0.174 0.160 0.147 0.133 0.117 0.096 0.076 0.055 0.034 0.013 0.000 0.000 0.000 0.000 0.000 0.000 0.000 0.000 0.000 0.000 0.000 0.000 0.000 0.000 0.000 0.000 0.000 0.000 0.041 0.115 0.190 0.265 0.340 0.417 0.616 0.893 1.167 1.432 1.689 1.939 2.264 2.618 2.963 3.299 3.625 3.941 4.429 4.978 5.528 6.078 6.628 7.179
0.184 0.201 0.218 0.236 0.255 0.275 0.286 0.298 0.309 0.321 0.333 0.345 0.341 0.337 0.332 0.326 0.321 0.313 0.298 0.282 0.265 0.249 0.232 0.215 0.201 0.186 0.171 0.156 0.141 0.124 0.103 0.081 0.060 0.038 0.016 0.000 0.000 0.000 0.000 0.000 0.000 0.000 0.000 0.000 0.000 0.000 0.000 0.000 0.000 0.000 0.000 0.000 0.000 0.034 0.113 0.193 0.276 0.360 0.447 0.618 0.865 1.104 1.336 1.560 1.776 2.049 2.362 2.665 2.958 3.243 3.517 3.964 4.516 5.067 5.619 6.171 6.724
