DATA/SHG/CPC/2018/20180517.asc
ncols        190
nrows        64
xllcorner    -5100000.000000000000
yllcorner    4130000.000000000000
cellsize     10000.000000000000
NODATA_value  -99999.000
[rows 0 to 32 of 64, columns 0 to 74 of 190]
0.000 0.000 0.000 0.000 0.000 0.000 0.000 0.001 0.002 0.004 0.005 0.007 0.015 0.026 0.039 0.054 0.071 0.090 0.159 0.258 0.368 0.488 0.620 0.762 0.813 0.813 0.809 0.801 0.790 0.776 0.706 0.596 0.477 0.349 0.211 0.090 0.048 0.060 0.062 0.055 0.039 0.014 0.000 0.000 0.000 0.000 0.000 0.000 0.000 0.000 0.000 0.000 0.000 0.000 0.000 0.000 0.000 0.000 0.000 0.000 0.000 0.000 0.000 0.000 0.000 0.000 0.000 0.000 0.000 0.000 0.000 0.000 0.000 0.000 0.000
0.000 0.000 0.000 0.000 0.000 0.000 0.001 0.003 0.005 0.007 0.010 0.013 0.024 0.042 0.061 0.083 0.106 0.131 0.214 0.351 0.499 0.658 0.827 1.007 1.093 1.080 1.064 1.047 1.043 1.040 0.986 0.869 0.744 0.611 0.470 0.322 0.230 0.210 0.180 0.142 0.094 0.038 0.000 0.000 0.000 0.000 0.000 0.000 0.000 0.000 0.000 0.000 0.000 0.000 0.000 0.000 0.000 0.000 0.000 0.000 0.000 0.000 0.000 0.000 0.000 0.000 0.000 0.000 0.000 0.000 0.000 0.000 0.000 0.000 0.000
0.000 0.000 0.000 0.000 0.000 0.000 0.001 0.004 0.007 0.011 0.014 0.018 0.031 0.055 0.081 0.109 0.139 0.171 0.258 0.434 0.627 0.839 1.056 1.276 1.415 1.412 1.409 1.408 1.408 1.410 1.364 1.219 1.067 0.906 0.738 0.563 0.421 0.369 0.308 0.238 0.158 0.070 0.000 0.000 0.000 0.000 0.000 0.000 0.000 0.000 0.000 0.000 0.000 0.000 0.000 0.000 0.000 0.000 0.000 0.000 0.000 0.000 0.000 0.000 0.000 0.000 0.000 0.000 0.000 0.000 0.000 0.000 0.000 0.000 0.000
0.000 0.000 0.000 0.000 0.000 0.000 0.001 0.005 0.009 0.014 0.018 0.023 0.036 0.070 0.116 0.174 0.242 0.322 0.444 0.663 0.885 1.112 1.343 1.578 1.762 1.763 1.765 1.768 1.772 1.777 1.750 1.578 1.397 1.210 1.014 0.811 0.621 0.537 0.444 0.342 0.232 0.112 0.000 0.000 0.000 0.007 0.009 0.007 0.000 0.000 0.000 0.000 0.000 0.000 0.000 0.000 0.000 0.000 0.000 0.000 0.000 0.000 0.000 0.000 0.000 0.000 0.000 0.000 0.000 0.000 0.000 0.000 0.000 0.000 0.000
0.000 0.000 0.000 0.000 0.000 0.000 0.002 0.008 0.013 0.019 0.025 0.030 0.045 0.119 0.205 0.302 0.409 0.528 0.669 0.902 1.139 1.380 1.626 1.875 2.108 2.113 2.119 2.126 2.134 2.143 2.143 1.943 1.736 1.520 1.297 1.066 0.830 0.718 0.627 0.518 0.390 0.244 0.080 0.078 0.073 0.062 0.047 0.027 0.001 0.000 0.000 0.000 0.000 0.000 0.000 0.000 0.000 0.000 0.000 0.000 0.000 0.000 0.000 0.000 0.000 0.000 0.000 0.000 0.000 0.000 0.000 0.000 0.000 0.000 0.000
0.000 0.001 0.002 0.003 0.005 0.008 0.011 0.017 0.022 0.027 0.033 0.038 0.043 0.156 0.281 0.417 0.564 0.723 0.892 1.137 1.388 1.644 1.903 2.167 2.435 2.461 2.471 2.482 2.494 2.507 2.528 2.351 2.151 1.949 1.745 1.541 1.335 1.188 1.033 0.859 0.666 0.456 0.226 0.174 0.151 0.123 0.090 0.052 0.008 0.000 0.000 0.000 0.000 0.000 0.000 0.000 0.000 0.000 0.000 0.000 0.000 0.000 0.000 0.000 0.000 0.000 0.000 0.000 0.000 0.000 0.000 0.000 0.000 0.000 0.000
0.000 0.002 0.005 0.008 0.012 0.016 0.020 0.025 0.031 0.036 0.041 0.046 0.051 0.181 0.345 0.521 0.707 0.904 1.113 1.367 1.632 1.902 2.176 2.463 2.762 2.852 2.888 2.927 2.970 3.016 3.065 2.922 2.717 2.510 2.302 2.093 1.883 1.677 1.456 1.218 0.960 0.685 0.391 0.276 0.235 0.189 0.138 0.082 0.021 0.000 0.000 0.000 0.000 0.000 0.000 0.000 0.000 0.000 0.000 0.000 0.000 0.000 0.000 0.000 0.000 0.000 0.000 0.000 0.000 0.000 0.000 0.000 0.000 0.000 0.000
0.000 0.003 0.007 0.012 0.017 0.023 0.029 0.034 0.039 0.044 0.049 0.054 0.058 0.194 0.398 0.612 0.845 1.097 1.364 1.652 1.950 2.251 2.558 2.868 3.183 3.325 3.373 3.424 3.479 3.537 3.599 3.494 3.284 3.073 2.860 2.646 2.431 2.183 1.898 1.595 1.273 0.933 0.574 0.382 0.323 0.260 0.191 0.117 0.043 0.006 0.008 0.008 0.007 0.005 0.002 0.000 0.000 0.000 0.000 0.000 0.000 0.000 0.000 0.000 0.000 0.000 0.000 0.000 0.000 0.000 0.000 0.000 0.000 0.000 0.000
0.000 0.003 0.009 0.016 0.022 0.030 0.037 0.043 0.048 0.055 0.063 0.072 0.082 0.222 0.482 0.756 1.046 1.351 1.671 1.991 2.304 2.621 2.942 3.268 3.598 3.794 3.854 3.917 3.984 4.054 4.127 4.066 3.852 3.636 3.418 3.200 2.980 2.708 2.358 1.990 1.603 1.222 0.838 0.593 0.529 0.449 0.353 0.242 0.114 0.030 0.028 0.024 0.019 0.013 0.005 0.000 0.000 0.000 0.000 0.000 0.000 0.000 0.000 0.000 0.000 0.000 0.000 0.000 0.000 0.000 0.000 0.000 0.000 0.000 0.000
0.000 0.003 0.012 0.022 0.031 0.041 0.050 0.060 0.069 0.080 0.092 0.105 0.118 0.247 0.560 0.888 1.231 1.589 1.962 2.325 2.653 2.985 3.322 3.663 4.008 4.259 4.331 4.406 4.485 4.566 4.652 4.639 4.420 4.198 3.966 3.733 3.496 3.213 2.830 2.444 2.056 1.664 1.270 0.955 0.836 0.701 0.550 0.383 0.201 0.056 0.049 0.041 0.032 0.021 0.010 0.000 0.000 0.000 0.000 0.000 0.000 0.000 0.000 0.000 0.000 0.000 0.000 0.000 0.000 0.000 0.000 0.000 0.000 0.000 0.000
0.010 0.015 0.025 0.035 0.045 0.055 0.065 0.076 0.090 0.104 0.120 0.136 0.154 0.255 0.621 1.002 1.399 1.810 2.236 2.654 2.997 3.345 3.697 4.053 4.413 4.720 4.804 4.889 4.975 5.061 5.148 5.176 4.940 4.702 4.461 4.217 3.970 3.698 3.305 2.909 2.510 2.109 1.705 1.332 1.158 0.968 0.762 0.541 0.304 0.082 0.071 0.059 0.046 0.031 0.015 0.000 0.000 0.000 0.000 0.000 0.000 0.000 0.000 0.000 0.000 0.000 0.000 0.000 0.000 0.000 0.000 0.000 0.000 0.000 0.000
0.021 0.027 0.037 0.048 0.058 0.069 0.080 0.092 0.109 0.127 0.146 0.166 0.188 0.247 0.666 1.101 1.550 2.014 2.494 2.979 3.341 3.707 4.077 4.450 4.828 5.192 5.279 5.365 5.452 5.540 5.627 5.702 5.457 5.208 4.957 4.704 4.447 4.185 3.782 3.376 2.967 2.556 2.141 1.725 1.496 1.251 0.990 0.714 0.422 0.114 0.095 0.081 0.066 0.048 0.026 0.001 0.000 0.000 0.000 0.000 0.000 0.000 0.000 0.000 0.000 0.000 0.000 0.000 0.000 0.000 0.000 0.000 0.000 0.000 0.000
0.031 0.039 0.049 0.060 0.072 0.083 0.095 0.106 0.127 0.149 0.172 0.195 0.240 0.302 0.771 1.269 1.772 2.280 2.794 3.313 3.700 4.079 4.463 4.851 5.243 5.638 5.753 5.840 5.928 6.017 6.106 6.195 5.975 5.717 5.456 5.192 4.926 4.657 4.261 3.845 3.426 3.005 2.580 2.153 1.848 1.550 1.240 0.916 0.580 0.230 0.158 0.135 0.108 0.078 0.044 0.007 0.000 0.000 0.000 0.000 0.000 0.000 0.000 0.000 0.000 0.000 0.000 0.000 0.000 0.000 0.000 0.000 0.000 0.000 0.000
0.040 0.050 0.061 0.073 0.085 0.098 0.111 0.122 0.162 0.218 0.286 0.366 0.458 0.561 0.992 1.508 2.031 2.558 3.091 3.630 4.053 4.447 4.845 5.246 5.652 6.062 6.226 6.314 6.404 6.493 6.583 6.673 6.496 6.228 5.957 5.683 5.407 5.149 4.782 4.365 3.937 3.497 3.046 2.583 2.213 1.870 1.514 1.145 0.763 0.369 0.228 0.192 0.153 0.111 0.065 0.016 0.000 0.000 0.000 0.000 0.000 0.000 0.000 0.000 0.000 0.000 0.000 0.000 0.000 0.000 0.000 0.000 0.000 0.000 0.000
0.058 0.075 0.089 0.101 0.112 0.122 0.132 0.140 0.201 0.299 0.409 0.530 0.663 0.808 1.205 1.741 2.283 2.830 3.382 3.940 4.402 4.810 5.221 5.637 6.057 6.480 6.697 6.787 6.878 6.969 7.080 7.196 7.090 6.837 6.581 6.322 6.062 5.798 5.425 4.967 4.499 4.019 3.527 3.024 2.590 2.202 1.801 1.387 0.960 0.520 0.300 0.253 0.202 0.148 0.090 0.028 0.000 0.000 0.000 0.000 0.000 0.000 0.000 0.000 0.000 0.000 0.000 0.000 0.000 0.000 0.000 0.000 0.000 0.000 0.000
0.088 0.108 0.124 0.133 0.141 0.148 0.154 0.159 0.228 0.367 0.518 0.681 0.855 1.041 1.413 1.968 2.529 3.095 3.667 4.244 4.746 5.168 5.595 6.034 6.477 6.922 7.210 7.323 7.442 7.566 7.696 7.830 7.784 7.522 7.257 6.990 6.721 6.449 6.078 5.580 5.071 4.551 4.019 3.476 2.980 2.546 2.100 1.641 1.169 0.684 0.376 0.317 0.254 0.187 0.118 0.046 0.005 0.006 0.006 0.006 0.004 0.002 0.000 0.000 0.000 0.000 0.000 0.000 0.000 0.000 0.000 0.000 0.000 0.000 0.000
0.116 0.141 0.160 0.165 0.170 0.174 0.177 0.179 0.242 0.422 0.614 0.818 1.034 1.261 1.614 2.201 2.807 3.410 4.008 4.602 5.143 5.587 6.034 6.484 6.938 7.395 7.746 7.878 8.015 8.157 8.305 8.458 8.479 8.208 7.935 7.659 7.381 7.101 6.742 6.204 5.655 5.094 4.522 3.939 3.382 2.904 2.412 1.906 1.383 0.850 0.444 0.374 0.302 0.229 0.154 0.078 0.023 0.021 0.018 0.014 0.010 0.004 0.000 0.000 0.000 0.000 0.000 0.000 0.000 0.000 0.000 0.000 0.000 0.000 0.000
0.142 0.172 0.196 0.199 0.201 0.201 0.201 0.200 0.264 0.524 0.796 1.080 1.376 1.684 2.059 2.655 3.247 3.836 4.420 5.001 5.554 6.009 6.468 6.930 7.395 7.864 8.276 8.426 8.582 8.742 8.908 9.079 9.176 8.896 8.615 8.330 8.044 7.755 7.417 6.839 6.255 5.662 5.043 4.399 3.755 3.227 2.688 2.138 1.577 1.005 0.500 0.425 0.348 0.271 0.192 0.111 0.041 0.036 0.030 0.024 0.016 0.008 0.000 0.000 0.000 0.000 0.000 0.000 0.000 0.000 0.000 0.000 0.000 0.002 0.003
0.168 0.203 0.236 0.253 0.282 0.322 0.373 0.436 0.522 0.824 1.139 1.466 1.805 2.156 2.530 3.112 3.691 4.265 4.836 5.403 5.961 6.428 6.898 7.372 7.848 8.328 8.800 8.968 9.142 9.321 9.505 9.694 9.874 9.615 9.372 9.117 8.850 8.572 8.274 7.642 6.986 6.304 5.597 4.865 4.112 3.546 2.968 2.380 1.781 1.171 0.557 0.477 0.396 0.314 0.231 0.146 0.060 0.052 0.044 0.034 0.024 0.012 0.000 0.000 0.000 0.001 0.003 0.005 0.007 0.009 0.010 0.011 0.012 0.012 0.012
0.215 0.246 0.276 0.331 0.399 0.479 0.570 0.673 0.787 1.111 1.468 1.838 2.220 2.614 3.020 3.573 4.138 4.698 5.255 5.808 6.357 6.843 7.324 7.809 8.297 8.788 9.312 9.581 9.826 10.081 10.347 10.624 10.911 10.702 10.418 10.121 9.813 9.493 9.161 8.485 7.740 6.971 6.176 5.356 4.511 3.875 3.259 2.633 1.996 1.348 0.689 0.531 0.445 0.359 0.271 0.181 0.091 0.069 0.059 0.050 0.040 0.028 0.016 0.016 0.018 0.020 0.021 0.023 0.024 0.024 0.024 0.024 0.023 0.022 0.021
0.265 0.291 0.316 0.396 0.504 0.624 0.755 0.897 1.051 1.384 1.784 2.197 2.621 3.058 3.507 4.037 4.588 5.135 5.678 6.241 6.829 7.381 7.917 8.457 8.999 9.543 10.090 10.434 10.716 11.008 11.311 11.625 11.950 11.801 11.474 11.136 10.786 10.425 10.051 9.352 8.520 7.662 6.780 5.872 4.939 4.215 3.561 2.897 2.221 1.535 0.838 0.600 0.530 0.451 0.361 0.261 0.150 0.111 0.099 0.086 0.072 0.057 0.041 0.037 0.038 0.039 0.040 0.040 0.040 0.039 0.038 0.037 0.035 0.033 0.031
0.317 0.338 0.357 0.448 0.596 0.756 0.927 1.109 1.302 1.643 2.086 2.541 2.979 3.424 3.875 4.393 4.970 5.570 6.193 6.839 7.508 8.109 8.655 9.203 9.754 10.308 10.864 11.274 11.593 11.923 12.263 12.614 12.976 12.910 12.542 12.162 11.771 11.367 10.952 10.244 9.324 8.378 7.408 6.412 5.400 4.588 3.919 3.244 2.565 1.881 1.192 0.854 0.749 0.634 0.508 0.372 0.226 0.155 0.140 0.123 0.105 0.087 0.067 0.059 0.059 0.059 0.058 0.057 0.057 0.055 0.053 0.050 0.048 0.044 0.041
0.369 0.385 0.400 0.488 0.677 0.873 1.070 1.269 1.468 1.777 2.226 2.681 3.144 3.613 4.089 4.643 5.301 5.982 6.685 7.412 8.162 8.833 9.388 9.945 10.506 11.069 11.634 12.103 12.459 12.825 13.203 13.591 13.989 14.029 13.620 13.199 12.766 12.350 11.901 11.193 10.197 9.176 8.129 7.058 5.962 5.044 4.357 3.666 2.970 2.270 1.565 1.118 0.977 0.826 0.665 0.494 0.312 0.201 0.181 0.161 0.140 0.117 0.094 0.080 0.079 0.078 0.077 0.075 0.073 0.072 0.070 0.069 0.068 0.067 0.067
0.449 0.473 0.498 0.575 0.773 0.973 1.174 1.375 1.578 1.860 2.333 2.813 3.300 3.794 4.295 4.868 5.606 6.368 7.152 7.960 8.790 9.553 10.117 10.684 11.253 11.825 12.400 12.919 13.312 13.715 14.249 14.785 15.319 15.562 15.134 14.663 14.149 13.591 12.989 12.217 11.133 10.025 8.891 7.732 6.549 5.503 4.800 4.093 3.380 2.663 1.941 1.392 1.215 1.029 0.832 0.625 0.408 0.247 0.224 0.200 0.175 0.149 0.121 0.099 0.097 0.096 0.095 0.096 0.097 0.098 0.098 0.097 0.097 0.097 0.097
0.555 0.583 0.612 0.666 0.868 1.072 1.276 1.481 1.686 1.936 2.433 2.938 3.449 3.968 4.493 5.067 5.886 6.729 7.594 8.482 9.393 10.269 10.845 11.471 12.152 12.887 13.675 14.464 14.999 15.531 16.060 16.587 17.111 17.454 16.874 16.251 15.584 14.874 14.120 13.265 12.094 10.898 9.677 8.431 7.160 5.967 5.247 4.523 3.794 3.061 2.323 1.675 1.463 1.241 1.009 0.758 0.502 0.287 0.258 0.228 0.197 0.166 0.134 0.107 0.108 0.110 0.113 0.116 0.121 0.125 0.125 0.125 0.126 0.126 0.127
0.661 0.692 0.725 0.759 0.962 1.169 1.376 1.585 1.794 2.004 2.525 3.054 3.591 4.134 4.684 5.240 6.135 7.051 7.990 8.951 9.934 10.937 11.699 12.514 13.383 14.306 15.283 16.305 16.830 17.353 17.872 18.389 18.903 19.389 18.657 17.881 17.062 16.200 15.294 14.338 13.079 11.796 10.487 9.154 7.796 6.435 5.699 4.958 4.182 3.397 2.611 1.845 1.588 1.332 1.075 0.818 0.561 0.314 0.283 0.250 0.217 0.183 0.148 0.114 0.118 0.123 0.129 0.136 0.144 0.152 0.152 0.153 0.154 0.155 0.157
0.765 0.800 0.837 0.874 1.055 1.265 1.476 1.687 1.893 2.092 2.575 3.121 3.677 4.243 4.820 5.408 6.326 7.321 8.337 9.376 10.438 11.521 12.495 13.498 14.556 15.667 16.832 18.051 18.662 19.174 19.684 20.191 20.695 21.197 20.481 19.554 18.583 17.568 16.511 15.410 14.088 12.629 11.160 9.691 8.224 6.757 5.898 5.111 4.324 3.537 2.749 1.961 1.650 1.393 1.136 0.879 0.621 0.363 0.308 0.273 0.237 0.200 0.162 0.124 0.127 0.136 0.145 0.155 0.165 0.177 0.179 0.181 0.182 0.188 0.200
0.868 0.903 0.929 0.947 1.086 1.283 1.482 1.682 1.885 2.088 2.549 3.131 3.724 4.327 4.941 5.565 6.493 7.566 8.660 9.777 10.917 12.078 13.232 14.424 15.670 16.969 18.322 19.729 20.494 20.996 21.496 21.994 22.488 22.972 22.125 20.867 19.600 18.326 17.043 15.753 14.329 12.862 11.395 9.930 8.465 7.001 6.045 5.256 4.467 3.678 2.888 2.097 1.712 1.455 1.197 0.939 0.681 0.423 0.335 0.297 0.258 0.218 0.178 0.137 0.136 0.147 0.161 0.179 0.200 0.223 0.237 0.250 0.265 0.281 0.299
0.957 0.963 0.962 0.953 1.053 1.256 1.461 1.666 1.874 2.083 2.511 3.130 3.759 4.399 5.049 5.710 6.636 7.787 8.959 10.154 11.371 12.610 13.912 15.292 16.726 18.213 19.736 21.179 21.962 22.252 22.517 22.757 22.973 23.163 22.481 21.195 19.900 18.597 17.287 15.968 14.559 13.095 11.630 10.167 8.705 7.243 6.192 5.401 4.611 3.819 3.027 2.235 1.775 1.516 1.258 1.000 0.741 0.482 0.362 0.320 0.279 0.237 0.196 0.155 0.154 0.176 0.200 0.227 0.257 0.289 0.312 0.331 0.351 0.373 0.397
1.053 1.032 1.004 0.967 1.019 1.228 1.437 1.649 1.862 2.076 2.461 3.117 3.783 4.459 5.146 5.844 6.755 7.983 9.234 10.536 11.914 13.297 14.719 16.175 17.606 19.014 20.397 21.757 22.615 22.818 22.996 23.149 23.277 23.380 22.846 21.531 20.208 18.877 17.539 16.192 14.789 13.326 11.865 10.404 8.944 7.485 6.340 5.547 4.754 3.961 3.167 2.373 1.841 1.586 1.328 1.066 0.802 0.535 0.379 0.338 0.297 0.257 0.217 0.177 0.172 0.203 0.237 0.273 0.312 0.353 0.386 0.410 0.436 0.464 0.493
1.158 1.110 1.054 0.990 0.984 1.197 1.413 1.629 1.847 2.067 2.400 3.092 3.844 4.670 5.515 6.381 7.390 8.771 10.156 11.546 12.941 14.341 15.740 17.112 18.460 19.783 21.083 22.358 23.293 23.409 23.499 23.565 23.607 23.623 23.218 21.875 20.524 19.165 17.798 16.424 15.017 13.557 12.098 10.640 9.183 7.730 6.496 5.707 4.918 4.130 3.342 2.554 1.947 1.681 1.413 1.141 0.867 0.589 0.395 0.355 0.316 0.276 0.237 0.198 0.188 0.228 0.271 0.316 0.364 0.414 0.458 0.488 0.519 0.552 0.587
1.271 1.195 1.112 1.022 0.947 1.194 1.476 1.780 2.105 2.451 2.860 3.716 4.592 5.488 6.403 7.339 8.341 9.739 11.141 12.549 13.961 15.378 16.785 18.073 19.337 20.576 21.792 22.983 23.996 24.025 24.028 24.007 23.961 23.890 23.599 22.228 20.849 19.462 18.101 16.711 15.285 13.835 12.382 10.927 9.470 8.010 6.674 5.886 5.099 4.311 3.524 2.738 2.056 1.780 1.501 1.219 0.934 0.646 0.411 0.372 0.333 0.295 0.257 0.219 0.201 0.250 0.302 0.356 0.413 0.473 0.534 0.593 0.650 0.704 0.756
1.517 1.451 1.372 1.281 1.178 1.478 1.835 2.213 2.612 3.032 3.473 4.370 5.316 6.283 7.269 8.275 9.301 10.700 12.120 13.544 14.974 16.409 17.848 19.058 20.238 21.393 22.525 23.632 24.716 24.666 24.594 24.667 24.654 24.554 24.355 22.981 21.574 20.133 18.659 17.150 15.611 14.152 12.691 11.227 9.760 8.291 6.853 6.066 5.279 4.492 3.706 2.920 2.168 1.881 1.592 1.300 1.005 0.706 0.427 0.389 0.351 0.314 0.276 0.250 0.256 0.346 0.435 0.525 0.614 0.705 0.790 0.841 0.888 0.934 0.976
