DATA/SHG/CPC/2018/20180609.asc
ncols        190
nrows        64
xllcorner    -5100000.000000000000
yllcorner    4130000.000000000000
cellsize     10000.000000000000
NODATA_value  -99999.000
[rows 0 to 33 of 64, columns 77 to 153 of 190]
0.000 0.000 0.000 0.000 0.000 0.000 0.000 0.000 0.000 0.000 0.000 0.000 0.000 0.000 0.000 0.000 0.000 0.000 0.000 0.000 0.000 0.000 0.000 0.000 0.000 0.000 0.000 0.000 0.000 0.000 0.000 0.000 0.000 0.000 0.000 0.000 0.000 0.000 0.000 0.000 0.000 0.000 0.000 0.000 0.000 0.000 0.000 0.000 0.000 0.003 0.013 0.024 0.034 0.045 0.055 0.063 0.068 0.072 0.077 0.082 0.087 0.090 0.091 0.092 0.092 0.093 0.094 0.091 0.076 0.062 0.048 0.033 0.019 0.010 0.013 0.015 0.016
0.000 0.000 0.000 0.000 0.000 0.000 0.000 0.000 0.000 0.000 0.000 0.000 0.000 0.000 0.000 0.000 0.000 0.000 0.000 0.000 0.000 0.000 0.000 0.000 0.000 0.000 0.000 0.000 0.000 0.000 0.000 0.000 0.000 0.000 0.000 0.000 0.000 0.000 0.000 0.000 0.000 0.000 0.000 0.000 0.000 0.000 0.000 0.000 0.000 0.001 0.011 0.021 0.031 0.041 0.050 0.059 0.064 0.069 0.075 0.081 0.087 0.093 0.093 0.094 0.095 0.096 0.098 0.096 0.082 0.068 0.055 0.041 0.028 0.017 0.017 0.017 0.016
0.000 0.000 0.000 0.000 0.000 0.000 0.000 0.000 0.000 0.000 0.000 0.000 0.000 0.000 0.000 0.000 0.000 0.000 0.000 0.000 0.000 0.000 0.000 0.000 0.000 0.000 0.000 0.000 0.000 0.000 0.000 0.000 0.000 0.000 0.000 0.000 0.000 0.000 0.000 0.000 0.000 0.000 0.000 0.000 0.000 0.000 0.000 0.000 0.000 0.000 0.010 0.019 0.028 0.037 0.046 0.054 0.061 0.067 0.074 0.081 0.088 0.095 0.096 0.097 0.098 0.100 0.101 0.102 0.088 0.075 0.062 0.049 0.036 0.024 0.022 0.019 0.016
0.000 0.000 0.000 0.000 0.000 0.000 0.000 0.000 0.000 0.000 0.000 0.000 0.000 0.000 0.000 0.000 0.000 0.000 0.000 0.000 0.000 0.000 0.000 0.000 0.000 0.000 0.000 0.000 0.000 0.000 0.000 0.000 0.000 0.000 0.000 0.000 0.000 0.000 0.000 0.000 0.000 0.000 0.000 0.000 0.000 0.000 0.000 0.000 0.000 0.000 0.008 0.017 0.025 0.033 0.042 0.050 0.057 0.064 0.072 0.080 0.088 0.096 0.098 0.100 0.101 0.103 0.104 0.106 0.094 0.081 0.069 0.056 0.044 0.032 0.027 0.023 0.021
0.000 0.000 0.000 0.000 0.000 0.000 0.000 0.000 0.000 0.000 0.000 0.000 0.000 0.000 0.000 0.000 0.000 0.000 0.000 0.000 0.000 0.000 0.000 0.000 0.000 0.000 0.000 0.000 0.000 0.000 0.000 0.000 0.000 0.000 0.000 0.000 0.000 0.000 0.000 0.000 0.000 0.000 0.000 0.000 0.000 0.000 0.000 0.000 0.000 0.000 0.006 0.014 0.022 0.030 0.038 0.045 0.053 0.062 0.070 0.079 0.088 0.098 0.101 0.102 0.104 0.106 0.108 0.111 0.102 0.093 0.083 0.075 0.067 0.060 0.058 0.057 0.057
0.000 0.000 0.000 0.000 0.000 0.000 0.000 0.000 0.000 0.000 0.000 0.000 0.000 0.000 0.000 0.000 0.000 0.000 0.000 0.000 0.000 0.000 0.000 0.000 0.000 0.000 0.000 0.000 0.000 0.000 0.000 0.000 0.000 0.000 0.000 0.000 0.000 0.000 0.000 0.000 0.000 0.000 0.000 0.000 0.000 0.000 0.000 0.000 0.000 0.000 0.005 0.012 0.020 0.027 0.034 0.041 0.049 0.059 0.069 0.080 0.090 0.100 0.105 0.108 0.111 0.115 0.119 0.123 0.119 0.112 0.106 0.101 0.097 0.093 0.092 0.092 0.091
0.000 0.000 0.000 0.000 0.000 0.000 0.000 0.000 0.000 0.000 0.000 0.000 0.000 0.000 0.000 0.000 0.000 0.000 0.000 0.000 0.000 0.000 0.000 0.000 0.000 0.000 0.000 0.000 0.000 0.000 0.000 0.000 0.000 0.000 0.000 0.000 0.000 0.000 0.000 0.000 0.000 0.000 0.000 0.000 0.000 0.000 0.000 0.000 0.000 0.000 0.004 0.012 0.020 0.028 0.037 0.046 0.056 0.066 0.075 0.085 0.095 0.104 0.111 0.115 0.119 0.124 0.129 0.135 0.135 0.131 0.129 0.127 0.126 0.125 0.125 0.126 0.126
0.000 0.000 0.000 0.000 0.000 0.000 0.000 0.000 0.000 0.000 0.000 0.000 0.000 0.000 0.000 0.000 0.000 0.000 0.000 0.000 0.000 0.000 0.000 0.000 0.000 0.000 0.000 0.000 0.000 0.000 0.000 0.000 0.000 0.000 0.000 0.000 0.000 0.000 0.000 0.000 0.000 0.000 0.000 0.000 0.000 0.000 0.000 0.000 0.000 0.000 0.004 0.013 0.023 0.032 0.042 0.053 0.063 0.072 0.082 0.091 0.100 0.109 0.116 0.121 0.127 0.133 0.140 0.146 0.150 0.150 0.150 0.151 0.154 0.156 0.158 0.160 0.161
0.000 0.000 0.000 0.000 0.000 0.000 0.000 0.000 0.000 0.000 0.000 0.000 0.000 0.000 0.000 0.000 0.000 0.000 0.000 0.000 0.000 0.000 0.000 0.000 0.000 0.000 0.000 0.000 0.000 0.000 0.000 0.000 0.000 0.000 0.000 0.000 0.000 0.000 0.000 0.000 0.000 0.000 0.000 0.000 0.000 0.000 0.000 0.000 0.000 0.000 0.003 0.014 0.025 0.036 0.048 0.059 0.070 0.079 0.088 0.097 0.105 0.113 0.121 0.128 0.135 0.142 0.150 0.158 0.164 0.167 0.171 0.174 0.176 0.178 0.179 0.178 0.176
0.000 0.000 0.000 0.000 0.000 0.000 0.000 0.000 0.000 0.000 0.000 0.000 0.000 0.000 0.000 0.000 0.000 0.000 0.000 0.000 0.000 0.000 0.000 0.000 0.000 0.000 0.000 0.000 0.000 0.000 0.000 0.000 0.000 0.000 0.000 0.000 0.000 0.000 0.000 0.000 0.000 0.000 0.000 0.000 0.000 0.000 0.000 0.000 0.000 0.000 0.003 0.015 0.027 0.039 0.052 0.066 0.078 0.086 0.094 0.102 0.110 0.118 0.125 0.133 0.141 0.149 0.157 0.165 0.172 0.175 0.177 0.178 0.180 0.182 0.183 0.182 0.181
0.000 0.000 0.000 0.000 0.000 0.000 0.000 0.000 0.000 0.000 0.000 0.000 0.000 0.000 0.000 0.000 0.000 0.000 0.000 0.000 0.000 0.000 0.000 0.000 0.000 0.000 0.000 0.000 0.000 0.000 0.000 0.000 0.000 0.000 0.000 0.000 0.000 0.000 0.000 0.000 0.000 0.000 0.000 0.000 0.000 0.000 0.000 0.000 0.000 0.000 0.001 0.015 0.028 0.042 0.056 0.069 0.082 0.089 0.096 0.104 0.111 0.119 0.126 0.135 0.144 0.153 0.162 0.171 0.179 0.181 0.182 0.183 0.184 0.185 0.186 0.186 0.186
0.000 0.000 0.000 0.000 0.000 0.000 0.000 0.000 0.000 0.000 0.000 0.000 0.000 0.000 0.000 0.000 0.000 0.000 0.000 0.000 0.000 0.000 0.000 0.000 0.000 0.000 0.000 0.000 0.000 0.000 0.000 0.000 0.000 0.000 0.000 0.000 0.000 0.000 0.000 0.000 0.000 0.000 0.000 0.000 0.000 0.000 0.000 0.000 0.000 0.000 0.000 0.013 0.027 0.040 0.054 0.068 0.081 0.089 0.096 0.104 0.112 0.119 0.127 0.137 0.146 0.156 0.166 0.176 0.186 0.187 0.188 0.188 0.189 0.189 0.189 0.190 0.191
0.000 0.000 0.000 0.000 0.000 0.000 0.000 0.000 0.000 0.000 0.000 0.000 0.000 0.000 0.000 0.000 0.000 0.000 0.000 0.000 0.000 0.000 0.000 0.000 0.000 0.000 0.000 0.000 0.000 0.000 0.000 0.000 0.000 0.000 0.000 0.000 0.000 0.000 0.000 0.000 0.000 0.000 0.000 0.000 0.000 0.000 0.000 0.000 0.000 0.000 0.000 0.012 0.025 0.039 0.052 0.066 0.079 0.088 0.096 0.104 0.112 0.120 0.128 0.138 0.149 0.160 0.170 0.182 0.193 0.194 0.194 0.194 0.193 0.193 0.192 0.194 0.195
0.000 0.000 0.000 0.000 0.000 0.000 0.000 0.000 0.000 0.000 0.000 0.000 0.000 0.000 0.000 0.000 0.000 0.000 0.000 0.000 0.000 0.000 0.000 0.000 0.000 0.000 0.000 0.000 0.000 0.000 0.000 0.000 0.000 0.000 0.000 0.000 0.000 0.000 0.000 0.000 0.000 0.000 0.000 0.000 0.000 0.000 0.000 0.000 0.000 0.000 0.000 0.010 0.024 0.037 0.051 0.064 0.078 0.087 0.095 0.103 0.112 0.120 0.129 0.140 0.151 0.163 0.174 0.185 0.196 0.196 0.195 0.194 0.194 0.193 0.193 0.193 0.192
0.000 0.000 0.000 0.000 0.000 0.000 0.000 0.000 0.000 0.000 0.000 0.000 0.000 0.000 0.000 0.000 0.000 0.000 0.000 0.000 0.000 0.000 0.000 0.000 0.000 0.000 0.000 0.000 0.000 0.000 0.000 0.000 0.000 0.000 0.000 0.000 0.000 0.000 0.000 0.000 0.000 0.000 0.000 0.000 0.000 0.000 0.000 0.000 0.000 0.000 0.000 0.009 0.022 0.035 0.049 0.062 0.076 0.086 0.094 0.102 0.110 0.119 0.128 0.138 0.149 0.159 0.169 0.179 0.189 0.192 0.192 0.192 0.192 0.193 0.194 0.192 0.190
0.000 0.000 0.000 0.000 0.000 0.000 0.000 0.000 0.000 0.000 0.000 0.000 0.000 0.000 0.000 0.000 0.000 0.000 0.000 0.000 0.000 0.000 0.000 0.000 0.000 0.000 0.000 0.000 0.000 0.000 0.000 0.000 0.000 0.000 0.000 0.000 0.000 0.000 0.000 0.000 0.000 0.000 0.000 0.000 0.000 0.000 0.000 0.000 0.000 0.000 0.000 0.007 0.019 0.031 0.043 0.055 0.066 0.076 0.085 0.094 0.104 0.115 0.125 0.136 0.145 0.155 0.164 0.174 0.183 0.187 0.188 0.189 0.190 0.192 0.194 0.192 0.188
0.000 0.000 0.000 0.000 0.000 0.000 0.000 0.000 0.000 0.000 0.000 0.000 0.000 0.000 0.000 0.000 0.000 0.000 0.000 0.000 0.000 0.000 0.000 0.000 0.000 0.000 0.000 0.000 0.000 0.000 0.000 0.000 0.000 0.000 0.000 0.000 0.000 0.000 0.000 0.000 0.000 0.000 0.000 0.000 0.000 0.000 0.000 0.000 0.000 0.000 0.000 0.005 0.015 0.026 0.036 0.046 0.055 0.065 0.076 0.087 0.098 0.110 0.122 0.133 0.142 0.151 0.160 0.168 0.176 0.181 0.183 0.186 0.188 0.191 0.194 0.192 0.187
0.003 0.002 0.001 0.000 0.000 0.000 0.000 0.000 0.000 0.000 0.000 0.000 0.000 0.000 0.000 0.000 0.000 0.000 0.000 0.000 0.000 0.000 0.000 0.000 0.000 0.000 0.000 0.000 0.000 0.000 0.000 0.001 0.002 0.002 0.002 0.002 0.002 0.001 0.001 0.000 0.000 0.000 0.000 0.000 0.000 0.000 0.000 0.000 0.000 0.000 0.000 0.003 0.012 0.021 0.029 0.037 0.045 0.054 0.066 0.079 0.092 0.105 0.119 0.131 0.139 0.147 0.155 0.163 0.170 0.176 0.179 0.182 0.184 0.186 0.187 0.184 0.174
0.007 0.005 0.003 0.000 0.000 0.000 0.000 0.000 0.000 0.000 0.000 0.000 0.000 0.000 0.000 0.000 0.000 0.000 0.000 0.000 0.000 0.001 0.007 0.011 0.014 0.016 0.016 0.014 0.015 0.014 0.013 0.012 0.009 0.007 0.006 0.005 0.004 0.003 0.001 0.000 0.000 0.000 0.000 0.000 0.000 0.000 0.000 0.000 0.000 0.000 0.000 0.001 0.009 0.016 0.023 0.029 0.035 0.043 0.056 0.071 0.085 0.100 0.115 0.127 0.133 0.140 0.147 0.154 0.161 0.167 0.168 0.168 0.169 0.169 0.168 0.164 0.151
0.012 0.008 0.005 0.001 0.000 0.000 0.000 0.000 0.000 0.000 0.000 0.000 0.000 0.001 0.011 0.022 0.032 0.039 0.045 0.051 0.056 0.061 0.061 0.059 0.055 0.051 0.044 0.037 0.034 0.031 0.027 0.023 0.018 0.012 0.010 0.009 0.007 0.005 0.002 0.000 0.000 0.000 0.000 0.000 0.000 0.000 0.000 0.000 0.000 0.000 0.000 0.000 0.006 0.012 0.017 0.022 0.027 0.032 0.046 0.060 0.073 0.087 0.100 0.112 0.119 0.126 0.134 0.142 0.150 0.157 0.156 0.155 0.154 0.152 0.150 0.145 0.130
0.016 0.012 0.007 0.002 0.000 0.000 0.001 0.006 0.012 0.019 0.027 0.037 0.049 0.062 0.077 0.093 0.103 0.108 0.112 0.116 0.119 0.121 0.116 0.108 0.098 0.087 0.075 0.061 0.054 0.048 0.041 0.034 0.026 0.018 0.015 0.012 0.010 0.007 0.004 0.000 0.000 0.000 0.000 0.000 0.000 0.000 0.000 0.000 0.000 0.000 0.000 0.000 0.004 0.009 0.013 0.016 0.020 0.023 0.036 0.048 0.061 0.073 0.084 0.096 0.104 0.112 0.121 0.130 0.139 0.148 0.145 0.142 0.139 0.136 0.132 0.126 0.109
0.026 0.023 0.020 0.017 0.019 0.025 0.033 0.041 0.049 0.059 0.072 0.087 0.104 0.122 0.142 0.163 0.175 0.178 0.180 0.181 0.182 0.182 0.174 0.159 0.143 0.126 0.107 0.087 0.074 0.065 0.056 0.046 0.036 0.025 0.019 0.016 0.014 0.010 0.006 0.001 0.000 0.000 0.000 0.000 0.000 0.000 0.000 0.000 0.000 0.000 0.000 0.000 0.003 0.006 0.009 0.011 0.013 0.015 0.026 0.037 0.048 0.059 0.069 0.080 0.089 0.098 0.108 0.118 0.128 0.138 0.135 0.130 0.125 0.120 0.114 0.108 0.088
0.052 0.049 0.046 0.042 0.044 0.053 0.063 0.074 0.086 0.099 0.115 0.135 0.157 0.180 0.205 0.231 0.247 0.248 0.248 0.247 0.245 0.243 0.232 0.211 0.189 0.165 0.140 0.120 0.107 0.100 0.090 0.078 0.065 0.049 0.039 0.033 0.027 0.020 0.012 0.003 0.000 0.000 0.000 0.000 0.000 0.000 0.000 0.000 0.000 0.000 0.000 0.000 0.002 0.003 0.005 0.006 0.007 0.008 0.016 0.026 0.036 0.045 0.055 0.064 0.074 0.084 0.095 0.105 0.115 0.124 0.119 0.112 0.105 0.098 0.092 0.086 0.070
0.079 0.075 0.071 0.067 0.068 0.080 0.093 0.107 0.122 0.137 0.156 0.182 0.209 0.237 0.267 0.298 0.320 0.319 0.329 0.337 0.343 0.348 0.343 0.322 0.298 0.271 0.242 0.210 0.183 0.167 0.148 0.127 0.104 0.079 0.061 0.052 0.042 0.031 0.019 0.006 0.000 0.000 0.000 0.000 0.000 0.000 0.000 0.000 0.000 0.000 0.000 0.000 0.001 0.001 0.002 0.002 0.001 0.001 0.007 0.016 0.025 0.034 0.042 0.049 0.058 0.066 0.074 0.082 0.089 0.095 0.092 0.086 0.080 0.074 0.068 0.063 0.052
0.106 0.101 0.097 0.092 0.091 0.106 0.122 0.139 0.157 0.175 0.201 0.252 0.303 0.354 0.404 0.455 0.498 0.505 0.508 0.509 0.509 0.507 0.497 0.463 0.427 0.388 0.346 0.302 0.262 0.236 0.208 0.178 0.146 0.111 0.084 0.071 0.057 0.042 0.027 0.010 0.000 0.000 0.000 0.000 0.000 0.000 0.000 0.000 0.000 0.000 0.000 0.000 0.000 0.000 0.000 0.000 0.000 0.000 0.004 0.012 0.018 0.025 0.031 0.036 0.042 0.048 0.054 0.059 0.063 0.066 0.064 0.059 0.054 0.049 0.045 0.040 0.033
0.133 0.128 0.123 0.123 0.139 0.178 0.217 0.258 0.301 0.344 0.390 0.441 0.492 0.543 0.594 0.645 0.692 0.693 0.689 0.683 0.676 0.667 0.653 0.607 0.559 0.508 0.454 0.397 0.342 0.307 0.270 0.231 0.190 0.146 0.107 0.091 0.073 0.055 0.035 0.015 0.000 0.000 0.000 0.000 0.000 0.000 0.000 0.000 0.000 0.000 0.000 0.000 0.000 0.000 0.000 0.000 0.000 0.000 0.002 0.008 0.012 0.017 0.021 0.024 0.028 0.031 0.034 0.036 0.037 0.038 0.036 0.032 0.028 0.024 0.021 0.017 0.013
0.215 0.231 0.251 0.275 0.302 0.344 0.388 0.434 0.480 0.529 0.578 0.629 0.680 0.731 0.783 0.834 0.885 0.882 0.871 0.858 0.844 0.829 0.812 0.754 0.694 0.630 0.564 0.495 0.425 0.381 0.334 0.286 0.235 0.180 0.124 0.102 0.081 0.060 0.039 0.018 0.000 0.000 0.000 0.000 0.000 0.000 0.000 0.000 0.000 0.000 0.000 0.000 0.000 0.000 0.000 0.000 0.000 0.000 0.001 0.004 0.007 0.009 0.011 0.012 0.013 0.014 0.014 0.014 0.013 0.011 0.009 0.005 0.002 0.000 0.000 0.000 0.000
0.328 0.356 0.388 0.423 0.462 0.508 0.557 0.607 0.659 0.711 0.765 0.817 0.869 0.920 0.971 1.023 1.074 1.072 1.054 1.035 1.015 0.992 0.969 0.912 0.848 0.779 0.703 0.623 0.536 0.476 0.415 0.348 0.278 0.203 0.123 0.101 0.080 0.060 0.040 0.019 0.000 0.000 0.000 0.000 0.000 0.000 0.000 0.000 0.000 0.000 0.000 0.000 0.000 0.000 0.000 0.000 0.000 0.000 0.000 0.001 0.002 0.002 0.002 0.001 0.000 0.000 0.000 0.000 0.000 0.000 0.000 0.000 0.000 0.000 0.000 0.000 0.000
0.438 0.478 0.522 0.569 0.619 0.672 0.725 0.779 0.835 0.893 0.951 1.005 1.057 1.108 1.160 1.239 1.317 1.337 1.326 1.311 1.292 1.268 1.240 1.170 1.081 0.986 0.886 0.780 0.668 0.583 0.502 0.416 0.325 0.230 0.131 0.100 0.080 0.060 0.040 0.021 0.002 0.000 0.000 0.000 0.000 0.000 0.000 0.000 0.000 0.000 0.000 0.000 0.000 0.000 0.000 0.000 0.000 0.000 0.000 0.000 0.000 0.000 0.000 0.000 0.000 0.000 0.000 0.000 0.000 0.000 0.000 0.000 0.000 0.000 0.000 0.000 0.000
0.544 0.596 0.652 0.711 0.773 0.833 0.891 0.952 1.039 1.130 1.224 1.311 1.389 1.466 1.543 1.619 1.694 1.711 1.682 1.648 1.610 1.567 1.521 1.433 1.319 1.199 1.074 0.943 0.806 0.695 0.594 0.488 0.378 0.263 0.144 0.098 0.079 0.060 0.041 0.022 0.004 0.000 0.000 0.000 0.000 0.000 0.000 0.000 0.000 0.000 0.000 0.000 0.000 0.000 0.000 0.000 0.000 0.000 0.000 0.000 0.000 0.000 0.000 0.000 0.000 0.000 0.000 0.000 0.000 0.000 0.000 0.000 0.000 0.000 0.000 0.000 0.000
0.649 0.726 0.811 0.906 1.008 1.110 1.202 1.298 1.397 1.501 1.608 1.703 1.778 1.853 1.926 1.999 2.071 2.090 2.041 1.989 1.932 1.871 1.805 1.703 1.564 1.419 1.268 1.112 0.950 0.811 0.690 0.565 0.435 0.301 0.162 0.096 0.078 0.059 0.041 0.023 0.005 0.000 0.000 0.000 0.000 0.000 0.000 0.000 0.000 0.000 0.000 0.000 0.000 0.000 0.000 0.000 0.000 0.000 0.000 0.000 0.000 0.000 0.000 0.000 0.000 0.000 0.000 0.000 0.000 0.000 0.000 0.000 0.000 0.000 0.000 0.000 0.000
0.816 0.923 1.039 1.163 1.296 1.426 1.531 1.640 1.752 1.868 1.988 2.095 2.168 2.239 2.310 2.380 2.449 2.472 2.405 2.334 2.258 2.178 2.094 1.979 1.815 1.644 1.469 1.287 1.101 0.935 0.795 0.650 0.498 0.341 0.178 0.085 0.068 0.052 0.036 0.021 0.006 0.000 0.000 0.000 0.000 0.000 0.000 0.000 0.000 0.000 0.000 0.000 0.000 0.000 0.000 0.000 0.000 0.000 0.000 0.000 0.000 0.000 0.000 0.000 0.000 0.000 0.000 0.000 0.000 0.000 0.000 0.000 0.000 0.000 0.000 0.000 0.000
0.975 1.112 1.258 1.412 1.576 1.738 1.856 1.977 2.103 2.231 2.364 2.488 2.558 2.626 2.694 2.761 2.827 2.860 2.774 2.683 2.585 2.482 2.372 2.238 2.051 1.860 1.667 1.471 1.272 1.083 0.918 0.746 0.569 0.386 0.197 0.072 0.057 0.044 0.031 0.018 0.006 0.000 0.000 0.000 0.000 0.000 0.000 0.000 0.000 0.000 0.000 0.000 0.000 0.000 0.000 0.000 0.000 0.000 0.000 0.000 0.000 0.000 0.000 0.000 0.000 0.000 0.000 0.000 0.000 0.000 0.000 0.000 0.000 0.000 0.000 0.000 0.000
1.125 1.293 1.469 1.653 1.847 2.047 2.177 2.311 2.449 2.591 2.736 2.881 2.941 3.001 3.063 3.128 3.196 3.249 3.136 3.018 2.893 2.762 2.625 2.475 2.275 2.072 1.866 1.658 1.446 1.238 1.046 0.849 0.646 0.438 0.223 0.057 0.046 0.035 0.024 0.015 0.006 0.000 0.000 0.000 0.000 0.000 0.000 0.000 0.000 0.000 0.000 0.000 0.000 0.000 0.000 0.000 0.000 0.000 0.000 0.000 0.000 0.000 0.000 0.000 0.000 0.000 0.000 0.000 0.000 0.000 0.000 0.000 0.000 0.000 0.000 0.000 0.000
