DATA/SHG/CPC/2018/20180519.asc
ncols        190
nrows        64
xllcorner    -5100000.000000000000
yllcorner    4130000.000000000000
cellsize     10000.000000000000
NODATA_value  -99999.000
[rows 0 to 33 of 64, columns 0 to 76 of 190]
0.002 0.001 0.000 0.000 0.000 0.000 0.000 0.000 0.000 0.000 0.000 0.000 0.000 0.000 0.000 0.000 0.000 0.000 0.003 0.007 0.012 0.017 0.023 0.029 0.031 0.031 0.031 0.031 0.030 0.030 0.027 0.023 0.018 0.013 0.008 0.003 0.002 0.002 0.002 0.002 0.001 0.001 0.000 0.000 0.000 0.000 0.000 0.000 0.000 0.000 0.000 0.000 0.000 0.000 0.000 0.000 0.000 0.000 0.000 0.000 0.000 0.000 0.000 0.000 0.000 0.000 0.000 0.000 0.000 0.000 0.000 0.000 0.000 0.000 0.000 0.000 0.000
0.000 0.000 0.000 0.000 0.000 0.000 0.000 0.000 0.000 0.000 0.000 0.000 0.000 0.000 0.000 0.000 0.000 0.000 0.003 0.009 0.016 0.022 0.030 0.038 0.042 0.041 0.041 0.040 0.040 0.040 0.038 0.033 0.028 0.023 0.018 0.012 0.009 0.008 0.007 0.005 0.004 0.001 0.000 0.000 0.000 0.000 0.000 0.000 0.000 0.000 0.000 0.000 0.000 0.000 0.000 0.000 0.000 0.000 0.000 0.000 0.000 0.000 0.000 0.000 0.000 0.000 0.000 0.000 0.000 0.000 0.000 0.000 0.000 0.000 0.000 0.000 0.000
0.000 0.000 0.000 0.000 0.000 0.000 0.000 0.000 0.000 0.000 0.000 0.000 0.000 0.000 0.000 0.000 0.000 0.000 0.003 0.011 0.019 0.029 0.038 0.048 0.054 0.054 0.054 0.054 0.054 0.054 0.052 0.047 0.041 0.035 0.028 0.021 0.016 0.014 0.012 0.009 0.006 0.003 0.000 0.000 0.000 0.000 0.000 0.000 0.000 0.000 0.000 0.000 0.000 0.000 0.000 0.000 0.000 0.000 0.000 0.000 0.000 0.000 0.000 0.000 0.000 0.000 0.000 0.000 0.000 0.000 0.000 0.000 0.000 0.000 0.000 0.000 0.000
0.000 0.000 0.000 0.000 0.000 0.000 0.000 0.000 0.000 0.000 0.000 0.000 0.000 0.000 0.001 0.002 0.004 0.006 0.011 0.020 0.030 0.040 0.050 0.059 0.067 0.067 0.067 0.067 0.068 0.068 0.067 0.060 0.053 0.046 0.039 0.031 0.024 0.021 0.017 0.013 0.009 0.004 0.000 0.000 0.000 0.000 0.000 0.000 0.000 0.000 0.000 0.000 0.000 0.000 0.000 0.000 0.000 0.000 0.000 0.000 0.000 0.000 0.000 0.000 0.000 0.000 0.000 0.000 0.000 0.000 0.000 0.000 0.000 0.000 0.000 0.000 0.000
0.000 0.000 0.000 0.000 0.000 0.000 0.000 0.000 0.000 0.000 0.000 0.000 0.000 0.002 0.005 0.008 0.011 0.016 0.021 0.031 0.040 0.051 0.061 0.071 0.080 0.081 0.081 0.081 0.081 0.082 0.082 0.074 0.066 0.058 0.049 0.041 0.032 0.027 0.024 0.019 0.014 0.007 0.000 0.000 0.000 0.000 0.000 0.000 0.000 0.000 0.000 0.000 0.000 0.000 0.000 0.000 0.000 0.000 0.000 0.000 0.000 0.000 0.000 0.000 0.000 0.000 0.000 0.000 0.000 0.000 0.000 0.000 0.000 0.000 0.000 0.000 0.000
0.000 0.000 0.000 0.000 0.000 0.000 0.000 0.000 0.000 0.000 0.000 0.000 0.000 0.004 0.008 0.013 0.018 0.024 0.031 0.041 0.051 0.061 0.072 0.082 0.093 0.094 0.094 0.095 0.095 0.096 0.096 0.090 0.082 0.074 0.067 0.059 0.051 0.045 0.038 0.030 0.022 0.012 0.002 0.000 0.000 0.000 0.000 0.000 0.000 0.000 0.000 0.000 0.000 0.000 0.000 0.000 0.000 0.000 0.000 0.000 0.000 0.000 0.000 0.000 0.000 0.000 0.000 0.000 0.000 0.000 0.000 0.000 0.000 0.000 0.000 0.000 0.000
0.000 0.000 0.000 0.000 0.000 0.000 0.000 0.000 0.000 0.000 0.000 0.000 0.000 0.005 0.011 0.018 0.025 0.032 0.041 0.051 0.061 0.072 0.083 0.094 0.105 0.109 0.110 0.111 0.113 0.115 0.117 0.111 0.104 0.096 0.088 0.080 0.072 0.063 0.053 0.042 0.030 0.018 0.004 0.000 0.000 0.000 0.000 0.000 0.000 0.000 0.000 0.000 0.000 0.000 0.000 0.000 0.000 0.000 0.000 0.000 0.000 0.000 0.000 0.000 0.000 0.000 0.000 0.000 0.000 0.000 0.000 0.000 0.000 0.000 0.000 0.000 0.000
0.000 0.000 0.000 0.000 0.000 0.000 0.000 0.000 0.000 0.000 0.000 0.000 0.000 0.005 0.013 0.022 0.031 0.040 0.051 0.062 0.073 0.085 0.097 0.109 0.121 0.126 0.128 0.130 0.132 0.135 0.137 0.133 0.125 0.117 0.109 0.101 0.093 0.082 0.069 0.055 0.040 0.024 0.008 0.000 0.000 0.000 0.000 0.000 0.000 0.000 0.000 0.000 0.000 0.000 0.000 0.000 0.000 0.000 0.000 0.000 0.000 0.000 0.000 0.000 0.000 0.000 0.000 0.000 0.000 0.000 0.000 0.000 0.000 0.000 0.000 0.000 0.000
0.000 0.000 0.000 0.000 0.000 0.000 0.000 0.000 0.000 0.000 0.000 0.000 0.000 0.005 0.015 0.026 0.037 0.049 0.062 0.074 0.086 0.098 0.111 0.123 0.136 0.144 0.146 0.149 0.151 0.154 0.157 0.155 0.147 0.139 0.131 0.122 0.114 0.102 0.086 0.069 0.051 0.034 0.017 0.008 0.009 0.009 0.007 0.005 0.002 0.000 0.000 0.000 0.000 0.000 0.000 0.000 0.000 0.000 0.000 0.000 0.000 0.000 0.000 0.000 0.000 0.000 0.000 0.000 0.000 0.000 0.000 0.000 0.000 0.000 0.000 0.000 0.000
0.000 0.000 0.000 0.000 0.000 0.000 0.000 0.000 0.000 0.000 0.000 0.000 0.000 0.005 0.017 0.030 0.043 0.057 0.072 0.086 0.099 0.112 0.124 0.138 0.151 0.161 0.164 0.167 0.170 0.174 0.177 0.177 0.169 0.160 0.152 0.143 0.134 0.123 0.106 0.089 0.072 0.056 0.040 0.028 0.025 0.022 0.017 0.012 0.005 0.000 0.000 0.000 0.000 0.000 0.000 0.000 0.000 0.000 0.000 0.000 0.000 0.000 0.000 0.000 0.000 0.000 0.000 0.000 0.000 0.000 0.000 0.000 0.000 0.000 0.000 0.000 0.000
0.001 0.000 0.000 0.000 0.000 0.000 0.000 0.000 0.000 0.000 0.000 0.000 0.000 0.003 0.018 0.033 0.048 0.065 0.081 0.098 0.111 0.125 0.138 0.152 0.166 0.178 0.181 0.186 0.190 0.194 0.198 0.200 0.191 0.182 0.173 0.163 0.154 0.142 0.126 0.110 0.094 0.078 0.062 0.048 0.042 0.036 0.028 0.019 0.009 0.000 0.000 0.000 0.000 0.000 0.000 0.000 0.000 0.000 0.000 0.000 0.000 0.000 0.000 0.000 0.000 0.000 0.000 0.000 0.000 0.000 0.000 0.000 0.000 0.000 0.000 0.000 0.000
0.003 0.000 0.000 0.000 0.000 0.000 0.000 0.000 0.000 0.000 0.000 0.000 0.000 0.002 0.018 0.035 0.053 0.071 0.090 0.109 0.124 0.138 0.153 0.168 0.183 0.198 0.202 0.207 0.211 0.215 0.220 0.224 0.214 0.205 0.194 0.184 0.173 0.162 0.146 0.131 0.115 0.100 0.085 0.070 0.061 0.051 0.039 0.027 0.014 0.000 0.000 0.001 0.002 0.003 0.002 0.000 0.000 0.000 0.000 0.000 0.000 0.000 0.000 0.000 0.000 0.000 0.000 0.000 0.000 0.000 0.000 0.000 0.000 0.000 0.000 0.000 0.000
0.005 0.000 0.000 0.000 0.000 0.000 0.000 0.000 0.000 0.000 0.000 0.000 0.001 0.003 0.021 0.041 0.061 0.081 0.101 0.121 0.137 0.152 0.168 0.184 0.201 0.217 0.223 0.227 0.232 0.237 0.242 0.247 0.238 0.227 0.216 0.205 0.193 0.181 0.167 0.151 0.137 0.122 0.107 0.093 0.083 0.073 0.062 0.049 0.035 0.021 0.018 0.016 0.014 0.011 0.006 0.001 0.000 0.000 0.000 0.000 0.000 0.000 0.000 0.000 0.000 0.000 0.000 0.000 0.000 0.000 0.000 0.000 0.000 0.000 0.000 0.000 0.000
0.007 0.001 0.000 0.000 0.000 0.000 0.000 0.000 0.001 0.002 0.004 0.007 0.009 0.013 0.030 0.050 0.070 0.091 0.112 0.133 0.150 0.166 0.183 0.200 0.218 0.235 0.243 0.248 0.253 0.258 0.263 0.268 0.261 0.250 0.238 0.226 0.213 0.208 0.200 0.192 0.182 0.170 0.158 0.144 0.131 0.116 0.101 0.084 0.066 0.046 0.038 0.033 0.027 0.020 0.012 0.003 0.000 0.000 0.000 0.000 0.000 0.000 0.000 0.000 0.000 0.000 0.000 0.000 0.000 0.000 0.000 0.000 0.000 0.000 0.000 0.000 0.000
0.010 0.003 0.000 0.000 0.000 0.000 0.000 0.000 0.002 0.005 0.009 0.013 0.018 0.023 0.038 0.059 0.080 0.101 0.122 0.144 0.163 0.180 0.198 0.216 0.235 0.253 0.264 0.269 0.274 0.280 0.292 0.307 0.310 0.306 0.301 0.296 0.290 0.284 0.275 0.262 0.248 0.232 0.216 0.198 0.180 0.161 0.141 0.120 0.097 0.074 0.059 0.050 0.041 0.030 0.019 0.006 0.000 0.000 0.000 0.000 0.000 0.000 0.000 0.000 0.000 0.000 0.000 0.000 0.000 0.000 0.000 0.000 0.000 0.000 0.000 0.000 0.000
0.013 0.004 0.000 0.000 0.000 0.000 0.000 0.000 0.002 0.007 0.013 0.019 0.025 0.032 0.046 0.068 0.089 0.111 0.133 0.155 0.175 0.194 0.213 0.235 0.259 0.284 0.304 0.317 0.333 0.349 0.367 0.386 0.394 0.389 0.382 0.376 0.369 0.362 0.350 0.333 0.315 0.295 0.275 0.253 0.230 0.207 0.183 0.157 0.130 0.102 0.081 0.068 0.055 0.041 0.026 0.013 0.005 0.006 0.006 0.006 0.004 0.002 0.000 0.000 0.000 0.000 0.000 0.000 0.000 0.000 0.000 0.000 0.000 0.000 0.000 0.000 0.000
0.017 0.007 0.000 0.000 0.000 0.000 0.000 0.000 0.002 0.009 0.016 0.024 0.032 0.041 0.054 0.076 0.099 0.122 0.145 0.168 0.190 0.215 0.241 0.269 0.298 0.329 0.357 0.375 0.395 0.417 0.439 0.464 0.479 0.471 0.464 0.456 0.448 0.439 0.427 0.405 0.383 0.359 0.335 0.309 0.282 0.254 0.226 0.196 0.166 0.135 0.108 0.095 0.081 0.066 0.051 0.035 0.023 0.021 0.018 0.014 0.010 0.005 0.000 0.000 0.000 0.000 0.000 0.000 0.000 0.000 0.000 0.000 0.000 0.000 0.000 0.000 0.000
0.021 0.009 0.000 0.000 0.000 0.000 0.000 0.000 0.002 0.012 0.023 0.033 0.044 0.056 0.070 0.093 0.115 0.138 0.160 0.182 0.205 0.236 0.268 0.301 0.336 0.373 0.408 0.432 0.457 0.483 0.511 0.540 0.563 0.555 0.546 0.537 0.527 0.517 0.504 0.479 0.454 0.430 0.404 0.376 0.345 0.315 0.283 0.249 0.214 0.177 0.142 0.127 0.111 0.094 0.076 0.058 0.042 0.037 0.031 0.024 0.016 0.008 0.000 0.000 0.000 0.000 0.000 0.000 0.000 0.000 0.000 0.000 0.000 0.000 0.000 0.000 0.000
0.026 0.012 0.000 0.001 0.002 0.003 0.006 0.008 0.012 0.023 0.035 0.047 0.060 0.073 0.087 0.109 0.131 0.153 0.175 0.197 0.219 0.255 0.292 0.331 0.372 0.415 0.458 0.487 0.516 0.548 0.580 0.614 0.648 0.639 0.631 0.625 0.620 0.617 0.614 0.587 0.557 0.525 0.491 0.455 0.417 0.381 0.343 0.304 0.263 0.221 0.177 0.159 0.141 0.122 0.102 0.082 0.061 0.053 0.044 0.035 0.024 0.012 0.000 0.000 0.000 0.000 0.000 0.000 0.000 0.000 0.000 0.000 0.000 0.000 0.000 0.000 0.000
0.028 0.015 0.001 0.002 0.005 0.008 0.012 0.016 0.021 0.033 0.047 0.061 0.075 0.090 0.105 0.126 0.148 0.169 0.190 0.211 0.232 0.272 0.315 0.360 0.407 0.455 0.504 0.539 0.574 0.610 0.649 0.689 0.730 0.732 0.729 0.727 0.727 0.728 0.730 0.700 0.662 0.623 0.581 0.537 0.490 0.448 0.405 0.360 0.314 0.266 0.216 0.192 0.172 0.151 0.129 0.106 0.083 0.070 0.059 0.046 0.033 0.018 0.002 0.000 0.000 0.000 0.000 0.000 0.000 0.000 0.000 0.000 0.000 0.000 0.000 0.000 0.000
0.030 0.017 0.003 0.003 0.008 0.013 0.018 0.024 0.030 0.043 0.058 0.074 0.090 0.106 0.123 0.143 0.164 0.185 0.206 0.227 0.250 0.292 0.341 0.390 0.441 0.492 0.545 0.587 0.628 0.671 0.715 0.762 0.810 0.823 0.824 0.828 0.832 0.838 0.845 0.815 0.770 0.722 0.672 0.620 0.566 0.517 0.468 0.418 0.366 0.312 0.257 0.228 0.209 0.187 0.164 0.138 0.111 0.093 0.078 0.061 0.044 0.025 0.006 0.000 0.000 0.000 0.000 0.000 0.000 0.000 0.000 0.000 0.000 0.000 0.000 0.000 0.000
0.033 0.019 0.005 0.003 0.010 0.016 0.023 0.031 0.039 0.052 0.069 0.086 0.103 0.119 0.136 0.156 0.178 0.201 0.225 0.250 0.275 0.317 0.368 0.421 0.474 0.529 0.584 0.633 0.681 0.730 0.780 0.833 0.887 0.912 0.919 0.927 0.936 0.946 0.958 0.932 0.879 0.824 0.766 0.706 0.652 0.605 0.558 0.508 0.453 0.396 0.334 0.293 0.267 0.239 0.208 0.176 0.142 0.117 0.097 0.077 0.056 0.033 0.010 0.000 0.000 0.000 0.000 0.000 0.000 0.000 0.000 0.000 0.000 0.000 0.000 0.000 0.000
0.035 0.021 0.008 0.003 0.011 0.020 0.029 0.037 0.046 0.057 0.074 0.091 0.109 0.126 0.144 0.165 0.190 0.216 0.243 0.271 0.300 0.341 0.395 0.451 0.507 0.564 0.622 0.678 0.731 0.786 0.843 0.902 0.962 1.001 1.012 1.024 1.038 1.059 1.083 1.074 1.023 0.971 0.918 0.864 0.809 0.752 0.693 0.629 0.562 0.492 0.417 0.360 0.327 0.292 0.255 0.216 0.175 0.141 0.118 0.094 0.069 0.043 0.015 0.000 0.000 0.000 0.000 0.000 0.000 0.001 0.002 0.003 0.005 0.006 0.008 0.009 0.010
0.040 0.028 0.016 0.011 0.019 0.027 0.035 0.043 0.051 0.061 0.079 0.097 0.115 0.133 0.151 0.173 0.201 0.231 0.261 0.292 0.324 0.364 0.421 0.480 0.539 0.599 0.660 0.720 0.780 0.841 0.912 0.986 1.061 1.121 1.145 1.169 1.194 1.220 1.247 1.250 1.195 1.140 1.083 1.025 0.967 0.904 0.831 0.755 0.675 0.591 0.504 0.429 0.389 0.347 0.303 0.257 0.209 0.167 0.140 0.112 0.083 0.053 0.022 0.002 0.003 0.005 0.006 0.008 0.009 0.010 0.012 0.013 0.015 0.017 0.019 0.020 0.019
0.046 0.036 0.026 0.020 0.027 0.035 0.042 0.049 0.056 0.065 0.083 0.102 0.120 0.139 0.159 0.180 0.211 0.244 0.277 0.311 0.347 0.386 0.447 0.513 0.582 0.653 0.727 0.803 0.878 0.954 1.032 1.112 1.194 1.269 1.295 1.323 1.351 1.381 1.411 1.427 1.369 1.310 1.249 1.188 1.126 1.059 0.973 0.884 0.791 0.694 0.594 0.500 0.453 0.404 0.353 0.300 0.244 0.191 0.161 0.130 0.099 0.068 0.037 0.012 0.013 0.014 0.016 0.017 0.019 0.020 0.022 0.023 0.025 0.027 0.029 0.030 0.029
0.051 0.043 0.036 0.029 0.036 0.042 0.049 0.056 0.062 0.068 0.087 0.106 0.126 0.146 0.166 0.186 0.221 0.259 0.298 0.338 0.381 0.425 0.498 0.573 0.651 0.732 0.815 0.901 0.982 1.065 1.150 1.237 1.325 1.415 1.444 1.475 1.507 1.540 1.573 1.605 1.543 1.480 1.416 1.351 1.285 1.217 1.119 1.016 0.909 0.800 0.687 0.574 0.520 0.463 0.403 0.340 0.276 0.210 0.179 0.147 0.116 0.084 0.052 0.021 0.023 0.024 0.025 0.027 0.028 0.030 0.032 0.033 0.035 0.037 0.039 0.041 0.039
0.056 0.050 0.044 0.040 0.044 0.050 0.056 0.062 0.067 0.072 0.089 0.109 0.130 0.151 0.173 0.195 0.234 0.277 0.322 0.369 0.417 0.467 0.545 0.630 0.717 0.807 0.900 0.995 1.084 1.174 1.266 1.359 1.454 1.551 1.593 1.627 1.662 1.697 1.734 1.772 1.718 1.647 1.575 1.503 1.432 1.361 1.254 1.140 1.024 0.905 0.783 0.659 0.589 0.523 0.454 0.383 0.309 0.233 0.197 0.165 0.132 0.100 0.067 0.034 0.032 0.033 0.035 0.036 0.038 0.039 0.041 0.043 0.045 0.049 0.054 0.059 0.060
0.060 0.055 0.050 0.045 0.046 0.051 0.055 0.060 0.066 0.071 0.088 0.110 0.132 0.156 0.179 0.203 0.244 0.294 0.345 0.398 0.452 0.508 0.590 0.684 0.781 0.880 0.982 1.087 1.185 1.281 1.379 1.479 1.581 1.684 1.729 1.757 1.787 1.820 1.856 1.893 1.850 1.779 1.708 1.637 1.567 1.496 1.388 1.266 1.140 1.012 0.882 0.748 0.661 0.586 0.508 0.428 0.346 0.261 0.215 0.182 0.149 0.116 0.082 0.048 0.042 0.043 0.045 0.048 0.052 0.055 0.060 0.065 0.071 0.077 0.084 0.091 0.094
0.054 0.050 0.045 0.040 0.041 0.046 0.052 0.058 0.064 0.070 0.086 0.110 0.135 0.160 0.185 0.211 0.253 0.308 0.365 0.424 0.485 0.547 0.632 0.735 0.841 0.950 1.060 1.164 1.260 1.352 1.446 1.541 1.638 1.737 1.798 1.835 1.873 1.915 1.958 2.005 1.981 1.911 1.841 1.771 1.701 1.632 1.526 1.394 1.259 1.122 0.983 0.840 0.735 0.651 0.565 0.476 0.384 0.290 0.234 0.202 0.170 0.137 0.103 0.067 0.056 0.060 0.064 0.068 0.073 0.078 0.084 0.091 0.098 0.106 0.114 0.122 0.127
0.048 0.044 0.040 0.036 0.036 0.042 0.049 0.055 0.062 0.069 0.084 0.110 0.136 0.163 0.190 0.218 0.260 0.321 0.384 0.450 0.518 0.585 0.669 0.773 0.877 0.980 1.082 1.183 1.282 1.380 1.479 1.580 1.683 1.787 1.865 1.910 1.957 2.007 2.059 2.113 2.112 2.042 1.973 1.904 1.835 1.767 1.665 1.524 1.381 1.235 1.086 0.935 0.821 0.738 0.650 0.556 0.456 0.350 0.277 0.242 0.206 0.169 0.130 0.090 0.072 0.077 0.083 0.088 0.094 0.100 0.108 0.116 0.125 0.134 0.143 0.153 0.160
0.042 0.038 0.035 0.031 0.030 0.037 0.045 0.052 0.060 0.068 0.081 0.109 0.138 0.171 0.205 0.240 0.283 0.351 0.419 0.487 0.556 0.625 0.703 0.804 0.905 1.005 1.104 1.203 1.302 1.405 1.511 1.617 1.726 1.836 1.929 1.983 2.038 2.096 2.157 2.219 2.242 2.173 2.105 2.037 1.969 1.917 1.842 1.709 1.571 1.428 1.281 1.129 0.993 0.891 0.782 0.668 0.547 0.421 0.324 0.284 0.244 0.202 0.159 0.114 0.088 0.094 0.101 0.108 0.115 0.122 0.131 0.141 0.151 0.161 0.172 0.184 0.192
0.036 0.032 0.029 0.027 0.025 0.033 0.042 0.053 0.064 0.077 0.093 0.127 0.162 0.199 0.237 0.275 0.318 0.387 0.456 0.525 0.594 0.664 0.737 0.836 0.934 1.031 1.128 1.223 1.320 1.429 1.540 1.653 1.767 1.883 1.991 2.053 2.117 2.183 2.264 2.350 2.416 2.366 2.319 2.273 2.229 2.186 2.126 1.977 1.822 1.664 1.501 1.333 1.172 1.049 0.920 0.785 0.645 0.498 0.371 0.327 0.282 0.236 0.188 0.140 0.103 0.111 0.118 0.127 0.135 0.144 0.155 0.171 0.186 0.201 0.216 0.229 0.242
0.029 0.026 0.024 0.021 0.019 0.030 0.044 0.058 0.074 0.091 0.109 0.146 0.185 0.226 0.267 0.310 0.353 0.422 0.492 0.562 0.632 0.703 0.773 0.869 0.964 1.058 1.152 1.245 1.337 1.452 1.569 1.698 1.828 1.958 2.088 2.172 2.260 2.352 2.449 2.550 2.651 2.608 2.566 2.527 2.490 2.454 2.414 2.248 2.078 1.904 1.724 1.541 1.356 1.212 1.063 0.908 0.747 0.581 0.419 0.371 0.322 0.271 0.219 0.175 0.148 0.172 0.191 0.204 0.213 0.216 0.216 0.230 0.244 0.257 0.269 0.281 0.293
0.022 0.020 0.018 0.016 0.014 0.026 0.044 0.062 0.082 0.103 0.126 0.164 0.207 0.251 0.296 0.343 0.390 0.457 0.527 0.598 0.669 0.741 0.813 0.904 1.007 1.111 1.215 1.319 1.423 1.549 1.680 1.810 1.941 2.072 2.204 2.307 2.410 2.518 2.629 2.745 2.866 2.847 2.812 2.779 2.748 2.719 2.692 2.524 2.338 2.148 1.952 1.753 1.548 1.381 1.212 1.037 0.876 0.734 0.582 0.553 0.524 0.486 0.441 0.386 0.324 0.327 0.328 0.323 0.313 0.298 0.278 0.290 0.301 0.312 0.323 0.333 0.342
