DATA/SHG/CPC/2018/20180421.asc
ncols        190
nrows        64
xllcorner    -5100000.000000000000
yllcorner    4130000.000000000000
cellsize     10000.000000000000
NODATA_value  -99999.000
[rows 0 to 33 of 64, columns 0 to 75 of 190]
0.102 0.118 0.136 0.156 0.179 0.203 0.238 0.278 0.319 0.363 0.408 0.455 0.511 0.571 0.634 0.699 0.766 0.836 0.897 0.954 1.012 1.070 1.128 1.186 1.195 1.177 1.157 1.135 1.112 1.087 1.018 0.921 0.821 0.716 0.608 0.501 0.419 0.353 0.284 0.213 0.138 0.061 0.024 0.020 0.016 0.011 0.007 0.002 0.000 0.000 0.000 0.000 0.000 0.000 0.000 0.000 0.000 0.000 0.000 0.000 0.000 0.000 0.000 0.000 0.000 0.000 0.000 0.000 0.000 0.000 0.000 0.000 0.000 0.000 0.000 0.000
0.121 0.144 0.169 0.195 0.223 0.251 0.290 0.336 0.384 0.434 0.486 0.540 0.601 0.670 0.741 0.814 0.889 0.966 1.034 1.092 1.151 1.210 1.270 1.330 1.347 1.323 1.296 1.270 1.247 1.220 1.156 1.051 0.942 0.829 0.712 0.592 0.490 0.415 0.336 0.254 0.170 0.083 0.029 0.024 0.019 0.014 0.009 0.004 0.000 0.000 0.000 0.000 0.000 0.000 0.000 0.000 0.000 0.000 0.000 0.000 0.000 0.000 0.000 0.000 0.000 0.000 0.000 0.000 0.000 0.000 0.000 0.000 0.000 0.000 0.000 0.000
0.146 0.174 0.203 0.234 0.265 0.298 0.340 0.393 0.448 0.504 0.562 0.622 0.689 0.766 0.845 0.926 1.009 1.094 1.170 1.230 1.296 1.369 1.441 1.511 1.546 1.521 1.493 1.461 1.425 1.387 1.320 1.201 1.078 0.951 0.821 0.686 0.565 0.479 0.391 0.299 0.205 0.108 0.034 0.028 0.023 0.017 0.011 0.005 0.000 0.000 0.000 0.000 0.000 0.000 0.000 0.000 0.000 0.000 0.000 0.000 0.000 0.000 0.000 0.000 0.000 0.000 0.000 0.000 0.000 0.000 0.000 0.000 0.000 0.000 0.000 0.000
0.170 0.202 0.236 0.270 0.306 0.344 0.388 0.448 0.508 0.571 0.636 0.702 0.775 0.870 0.974 1.081 1.189 1.298 1.400 1.471 1.540 1.607 1.673 1.737 1.777 1.740 1.699 1.655 1.607 1.556 1.487 1.354 1.218 1.077 0.933 0.785 0.642 0.547 0.448 0.347 0.242 0.135 0.039 0.033 0.027 0.021 0.014 0.007 0.000 0.000 0.000 0.000 0.000 0.000 0.000 0.000 0.000 0.000 0.000 0.000 0.000 0.000 0.000 0.000 0.000 0.000 0.000 0.000 0.000 0.000 0.000 0.000 0.000 0.000 0.000 0.000
0.192 0.229 0.267 0.306 0.346 0.388 0.447 0.529 0.614 0.701 0.792 0.885 0.983 1.092 1.202 1.315 1.429 1.546 1.658 1.722 1.785 1.847 1.906 1.964 2.012 1.963 1.909 1.853 1.793 1.729 1.658 1.512 1.362 1.207 1.049 0.887 0.723 0.617 0.511 0.402 0.289 0.173 0.053 0.045 0.037 0.029 0.020 0.011 0.000 0.000 0.000 0.000 0.000 0.000 0.000 0.000 0.000 0.000 0.000 0.000 0.000 0.000 0.000 0.000 0.000 0.000 0.000 0.000 0.000 0.000 0.000 0.000 0.000 0.000 0.000 0.000
0.233 0.286 0.343 0.403 0.466 0.532 0.602 0.694 0.789 0.886 0.987 1.090 1.196 1.311 1.428 1.547 1.668 1.790 1.915 1.976 2.033 2.088 2.141 2.193 2.243 2.188 2.123 2.054 1.982 1.906 1.826 1.674 1.512 1.347 1.180 1.009 0.836 0.713 0.595 0.473 0.348 0.219 0.086 0.058 0.048 0.038 0.027 0.015 0.002 0.000 0.000 0.000 0.000 0.000 0.000 0.000 0.000 0.000 0.000 0.000 0.000 0.000 0.000 0.000 0.000 0.000 0.000 0.000 0.000 0.000 0.000 0.000 0.000 0.000 0.000 0.000
0.322 0.384 0.452 0.523 0.598 0.676 0.756 0.856 0.961 1.068 1.178 1.291 1.407 1.528 1.652 1.777 1.904 2.033 2.163 2.230 2.281 2.330 2.378 2.425 2.473 2.426 2.350 2.269 2.183 2.092 1.997 1.844 1.672 1.497 1.320 1.139 0.956 0.813 0.682 0.548 0.410 0.268 0.123 0.072 0.060 0.047 0.034 0.020 0.005 0.000 0.000 0.000 0.000 0.000 0.000 0.000 0.000 0.000 0.000 0.000 0.000 0.000 0.000 0.000 0.000 0.000 0.000 0.000 0.000 0.000 0.000 0.000 0.000 0.000 0.000 0.000
0.409 0.479 0.558 0.641 0.726 0.815 0.907 1.014 1.129 1.246 1.367 1.490 1.615 1.743 1.873 2.005 2.146 2.288 2.427 2.507 2.556 2.602 2.647 2.689 2.728 2.684 2.591 2.494 2.391 2.284 2.172 2.017 1.835 1.650 1.462 1.272 1.079 0.916 0.772 0.626 0.475 0.322 0.164 0.087 0.073 0.057 0.042 0.025 0.008 0.000 0.000 0.000 0.000 0.000 0.000 0.000 0.000 0.000 0.000 0.000 0.000 0.000 0.000 0.000 0.000 0.000 0.000 0.000 0.000 0.000 0.000 0.000 0.000 0.000 0.000 0.000
0.493 0.569 0.660 0.754 0.851 0.951 1.054 1.170 1.294 1.444 1.597 1.752 1.907 2.056 2.197 2.334 2.467 2.597 2.723 2.805 2.845 2.884 2.920 2.954 2.985 2.948 2.838 2.723 2.604 2.480 2.352 2.192 2.000 1.806 1.608 1.407 1.204 1.022 0.866 0.707 0.545 0.380 0.214 0.112 0.096 0.078 0.059 0.038 0.015 0.000 0.000 0.000 0.000 0.000 0.000 0.000 0.000 0.000 0.000 0.000 0.000 0.000 0.000 0.000 0.000 0.000 0.000 0.000 0.000 0.000 0.000 0.000 0.000 0.000 0.000 0.000
0.575 0.659 0.789 0.922 1.059 1.199 1.342 1.491 1.646 1.801 1.957 2.114 2.272 2.420 2.547 2.672 2.792 2.909 3.023 3.105 3.137 3.168 3.195 3.221 3.244 3.215 3.089 2.958 2.822 2.682 2.536 2.371 2.169 1.962 1.748 1.534 1.319 1.119 0.954 0.787 0.619 0.450 0.280 0.151 0.129 0.105 0.079 0.052 0.023 0.000 0.000 0.000 0.000 0.000 0.000 0.000 0.000 0.000 0.000 0.000 0.000 0.000 0.000 0.000 0.000 0.000 0.000 0.000 0.000 0.000 0.000 0.000 0.000 0.000 0.000 0.000
0.826 0.946 1.088 1.232 1.380 1.531 1.685 1.842 1.999 2.157 2.316 2.476 2.636 2.786 2.901 3.013 3.121 3.225 3.325 3.407 3.431 3.453 3.473 3.490 3.506 3.487 3.339 3.178 3.013 2.846 2.675 2.494 2.279 2.064 1.849 1.633 1.417 1.209 1.039 0.867 0.695 0.521 0.346 0.192 0.163 0.133 0.102 0.068 0.032 0.000 0.000 0.000 0.000 0.000 0.000 0.000 0.000 0.000 0.000 0.000 0.000 0.000 0.000 0.000 0.000 0.000 0.000 0.000 0.000 0.000 0.000 0.000 0.000 0.000 0.000 0.000
1.097 1.230 1.382 1.538 1.697 1.859 2.025 2.192 2.352 2.512 2.674 2.836 2.998 3.156 3.258 3.357 3.452 3.544 3.631 3.706 3.713 3.714 3.710 3.702 3.688 3.661 3.492 3.320 3.144 2.966 2.785 2.599 2.383 2.167 1.950 1.733 1.516 1.299 1.125 0.949 0.772 0.594 0.415 0.234 0.200 0.164 0.125 0.086 0.044 0.001 0.000 0.000 0.001 0.001 0.001 0.000 0.000 0.000 0.000 0.000 0.000 0.000 0.000 0.000 0.000 0.000 0.000 0.000 0.000 0.000 0.000 0.000 0.000 0.000 0.000 0.000
1.361 1.509 1.673 1.840 2.010 2.183 2.360 2.540 2.703 2.866 3.030 3.194 3.360 3.523 3.612 3.692 3.766 3.834 3.896 3.952 3.945 3.929 3.908 3.882 3.852 3.816 3.648 3.465 3.279 3.089 2.897 2.702 2.487 2.269 2.051 1.833 1.615 1.396 1.212 1.032 0.850 0.668 0.484 0.299 0.237 0.193 0.149 0.105 0.060 0.014 0.007 0.006 0.005 0.004 0.002 0.000 0.000 0.000 0.000 0.000 0.000 0.000 0.000 0.000 0.000 0.000 0.000 0.000 0.000 0.000 0.000 0.000 0.000 0.000 0.000 0.000
1.620 1.786 1.960 2.138 2.319 2.521 2.721 2.917 3.090 3.254 3.416 3.574 3.728 3.879 3.961 4.020 4.073 4.121 4.162 4.198 4.183 4.149 4.111 4.068 4.020 3.967 3.807 3.613 3.416 3.216 3.013 2.806 2.591 2.372 2.153 1.933 1.714 1.486 1.284 1.095 0.906 0.719 0.532 0.347 0.263 0.218 0.171 0.125 0.077 0.029 0.014 0.012 0.010 0.007 0.004 0.001 0.000 0.000 0.000 0.000 0.000 0.000 0.000 0.000 0.000 0.000 0.000 0.000 0.000 0.000 0.000 0.000 0.000 0.000 0.000 0.000
1.978 2.188 2.392 2.589 2.784 2.974 3.162 3.345 3.510 3.662 3.811 3.957 4.100 4.239 4.315 4.354 4.386 4.413 4.435 4.450 4.425 4.374 4.319 4.258 4.193 4.123 3.969 3.764 3.556 3.345 3.122 2.900 2.674 2.446 2.216 1.984 1.752 1.518 1.311 1.125 0.941 0.757 0.575 0.393 0.290 0.242 0.194 0.145 0.095 0.045 0.022 0.018 0.015 0.011 0.007 0.002 0.000 0.000 0.000 0.000 0.000 0.000 0.000 0.000 0.000 0.000 0.000 0.000 0.000 0.000 0.000 0.000 0.000 0.000 0.000 0.000
2.470 2.685 2.886 3.071 3.253 3.431 3.606 3.777 3.933 4.073 4.210 4.344 4.474 4.601 4.675 4.693 4.705 4.712 4.713 4.708 4.672 4.604 4.529 4.438 4.339 4.231 4.065 3.842 3.620 3.399 3.178 2.957 2.731 2.498 2.263 2.027 1.790 1.551 1.337 1.155 0.974 0.795 0.616 0.439 0.318 0.268 0.217 0.166 0.114 0.062 0.030 0.025 0.020 0.015 0.010 0.003 0.000 0.000 0.000 0.000 0.000 0.000 0.000 0.000 0.000 0.000 0.000 0.000 0.000 0.000 0.000 0.000 0.000 0.000 0.000 0.000
2.960 3.180 3.383 3.556 3.725 3.891 4.053 4.212 4.359 4.487 4.612 4.734 4.852 4.966 5.040 5.036 5.024 5.004 4.978 4.945 4.886 4.782 4.670 4.549 4.420 4.282 4.112 3.891 3.671 3.452 3.233 3.014 2.790 2.552 2.312 2.071 1.829 1.586 1.361 1.183 1.007 0.831 0.656 0.483 0.346 0.294 0.241 0.187 0.132 0.076 0.033 0.027 0.021 0.015 0.009 0.004 0.000 0.000 0.000 0.000 0.000 0.000 0.000 0.000 0.000 0.000 0.000 0.000 0.000 0.000 0.000 0.000 0.000 0.000 0.000 0.000
3.448 3.672 3.884 4.044 4.201 4.354 4.504 4.650 4.793 4.914 5.028 5.135 5.234 5.325 5.388 5.358 5.322 5.278 5.228 5.171 5.095 4.961 4.819 4.668 4.509 4.342 4.158 3.940 3.721 3.504 3.287 3.070 2.850 2.607 2.363 2.117 1.870 1.622 1.385 1.211 1.039 0.870 0.699 0.528 0.375 0.319 0.262 0.204 0.144 0.084 0.031 0.025 0.019 0.014 0.009 0.004 0.000 0.000 0.000 0.000 0.000 0.000 0.000 0.000 0.000 0.000 0.000 0.000 0.000 0.000 0.000 0.000 0.000 0.000 0.000 0.000
3.933 4.160 4.380 4.530 4.680 4.831 4.984 5.137 5.287 5.382 5.470 5.550 5.623 5.688 5.741 5.687 5.626 5.559 5.485 5.403 5.313 5.149 4.977 4.797 4.608 4.410 4.204 3.988 3.771 3.556 3.341 3.126 2.911 2.662 2.414 2.167 1.922 1.679 1.440 1.269 1.098 0.925 0.752 0.578 0.405 0.345 0.283 0.221 0.158 0.093 0.028 0.023 0.018 0.013 0.009 0.004 0.000 0.000 0.000 0.000 0.000 0.000 0.000 0.000 0.000 0.000 0.000 0.000 0.000 0.000 0.000 0.000 0.000 0.000 0.000 0.000
4.408 4.629 4.848 5.006 5.159 5.313 5.468 5.624 5.781 5.858 5.919 5.973 6.020 6.059 6.090 6.023 5.938 5.846 5.748 5.643 5.531 5.346 5.144 4.934 4.715 4.488 4.249 4.027 3.809 3.591 3.374 3.158 2.943 2.703 2.461 2.221 1.983 1.747 1.513 1.332 1.157 0.982 0.805 0.628 0.450 0.371 0.306 0.240 0.172 0.103 0.033 0.020 0.016 0.012 0.008 0.004 0.000 0.000 0.000 0.000 0.000 0.000 0.000 0.000 0.000 0.000 0.000 0.000 0.000 0.000 0.000 0.000 0.000 0.000 0.000 0.000
4.884 5.098 5.311 5.481 5.637 5.794 5.952 6.110 6.270 6.341 6.376 6.404 6.424 6.437 6.442 6.365 6.256 6.141 6.019 5.872 5.725 5.513 5.275 5.031 4.783 4.529 4.270 4.042 3.827 3.612 3.397 3.184 2.971 2.741 2.506 2.273 2.042 1.812 1.585 1.395 1.218 1.039 0.859 0.679 0.498 0.399 0.330 0.259 0.188 0.115 0.041 0.019 0.016 0.013 0.010 0.006 0.001 0.000 0.000 0.000 0.000 0.000 0.000 0.000 0.000 0.000 0.000 0.000 0.000 0.000 0.000 0.000 0.000 0.000 0.000 0.000
5.360 5.569 5.776 5.954 6.113 6.273 6.433 6.595 6.757 6.831 6.840 6.841 6.781 6.722 6.665 6.552 6.403 6.257 6.114 5.973 5.835 5.630 5.373 5.112 4.845 4.574 4.297 4.057 3.843 3.631 3.419 3.209 2.999 2.777 2.549 2.323 2.098 1.876 1.656 1.460 1.279 1.097 0.914 0.731 0.546 0.428 0.356 0.283 0.209 0.135 0.061 0.028 0.024 0.019 0.014 0.009 0.003 0.000 0.000 0.000 0.000 0.000 0.000 0.000 0.000 0.000 0.000 0.000 0.000 0.000 0.000 0.000 0.000 0.000 0.000 0.000
5.838 6.041 6.242 6.425 6.578 6.685 6.784 6.876 6.960 6.977 6.919 6.863 6.808 6.755 6.703 6.611 6.472 6.335 6.202 6.071 5.943 5.752 5.477 5.198 4.913 4.624 4.329 4.070 3.859 3.650 3.441 3.233 3.025 2.811 2.590 2.370 2.153 1.935 1.714 1.508 1.322 1.137 0.953 0.771 0.590 0.458 0.383 0.309 0.234 0.158 0.082 0.038 0.032 0.026 0.019 0.012 0.004 0.000 0.000 0.000 0.000 0.000 0.000 0.000 0.000 0.000 0.000 0.000 0.000 0.000 0.000 0.000 0.000 0.000 0.000 0.000
6.207 6.353 6.488 6.605 6.693 6.774 6.846 6.911 6.968 6.988 6.935 6.884 6.834 6.785 6.738 6.667 6.537 6.411 6.287 6.166 6.047 5.879 5.586 5.289 4.987 4.679 4.366 4.083 3.875 3.668 3.463 3.261 3.062 2.859 2.639 2.418 2.195 1.970 1.744 1.530 1.348 1.168 0.988 0.809 0.632 0.488 0.412 0.336 0.259 0.182 0.104 0.048 0.041 0.033 0.025 0.016 0.007 0.000 0.000 0.000 0.000 0.000 0.000 0.000 0.000 0.000 0.000 0.000 0.000 0.000 0.000 0.000 0.000 0.000 0.000 0.000
6.460 6.570 6.670 6.756 6.817 6.871 6.916 6.954 6.984 6.997 6.949 6.903 6.858 6.815 6.773 6.720 6.600 6.483 6.369 6.257 6.149 6.011 5.697 5.349 5.013 4.687 4.373 4.085 3.885 3.687 3.493 3.301 3.112 2.920 2.695 2.467 2.239 2.008 1.776 1.551 1.373 1.197 1.021 0.847 0.674 0.518 0.440 0.363 0.284 0.206 0.126 0.059 0.050 0.041 0.031 0.020 0.009 0.000 0.000 0.000 0.000 0.000 0.000 0.000 0.000 0.000 0.000 0.000 0.000 0.000 0.000 0.000 0.000 0.000 0.000 0.000
6.724 6.798 6.862 6.915 6.950 6.976 6.994 7.005 7.009 7.004 6.962 6.920 6.881 6.842 6.805 6.758 6.603 6.449 6.295 6.142 5.989 5.836 5.516 5.207 4.909 4.621 4.345 4.081 3.891 3.703 3.519 3.338 3.160 2.983 2.752 2.519 2.284 2.047 1.809 1.571 1.397 1.225 1.053 0.883 0.714 0.549 0.470 0.390 0.308 0.227 0.146 0.068 0.057 0.046 0.035 0.023 0.012 0.000 0.000 0.000 0.000 0.000 0.000 0.000 0.000 0.000 0.000 0.000 0.000 0.000 0.000 0.000 0.000 0.000 0.000 0.000
6.999 7.037 7.065 7.083 7.090 7.089 7.081 7.065 7.036 6.990 6.928 6.857 6.777 6.689 6.592 6.488 6.341 6.189 6.038 5.887 5.736 5.587 5.324 5.053 4.793 4.544 4.306 4.079 3.894 3.717 3.543 3.372 3.204 3.039 2.810 2.571 2.331 2.088 1.844 1.599 1.420 1.248 1.077 0.907 0.737 0.569 0.478 0.398 0.318 0.238 0.160 0.082 0.063 0.051 0.039 0.027 0.014 0.001 0.000 0.000 0.000 0.000 0.000 0.000 0.000 0.000 0.000 0.000 0.000 0.000 0.000 0.000 0.000 0.001 0.004 0.007
7.284 7.279 7.263 7.244 7.216 7.175 7.123 7.061 6.988 6.905 6.812 6.712 6.603 6.486 6.360 6.226 6.079 5.929 5.780 5.631 5.483 5.336 5.121 4.888 4.666 4.456 4.255 4.066 3.894 3.727 3.563 3.403 3.245 3.089 2.853 2.596 2.343 2.093 1.847 1.604 1.417 1.248 1.080 0.913 0.747 0.582 0.482 0.404 0.326 0.249 0.173 0.097 0.070 0.057 0.044 0.031 0.017 0.003 0.000 0.000 0.000 0.000 0.000 0.000 0.000 0.000 0.000 0.000 0.000 0.000 0.002 0.005 0.009 0.015 0.021 0.029
7.463 7.439 7.412 7.381 7.329 7.251 7.162 7.062 6.952 6.831 6.705 6.576 6.438 6.292 6.137 5.974 5.817 5.669 5.522 5.376 5.230 5.085 4.907 4.712 4.529 4.356 4.192 4.024 3.852 3.677 3.505 3.335 3.167 3.002 2.789 2.545 2.304 2.067 1.833 1.603 1.412 1.246 1.082 0.919 0.756 0.595 0.485 0.409 0.334 0.259 0.185 0.112 0.076 0.063 0.049 0.035 0.020 0.005 0.000 0.000 0.000 0.000 0.000 0.000 0.000 0.000 0.000 0.000 0.000 0.000 0.004 0.011 0.019 0.028 0.038 0.049
7.638 7.603 7.564 7.522 7.454 7.338 7.212 7.075 6.927 6.769 6.608 6.449 6.282 6.107 5.923 5.732 5.554 5.409 5.264 5.124 4.991 4.852 4.698 4.529 4.362 4.199 4.039 3.881 3.720 3.554 3.390 3.228 3.069 2.912 2.722 2.490 2.262 2.037 1.815 1.597 1.406 1.244 1.083 0.923 0.764 0.606 0.488 0.414 0.341 0.269 0.197 0.126 0.081 0.065 0.049 0.034 0.020 0.007 0.000 0.000 0.000 0.000 0.000 0.000 0.000 0.000 0.000 0.000 0.000 0.000 0.005 0.016 0.027 0.040 0.053 0.068
7.816 7.770 7.720 7.667 7.590 7.437 7.274 7.099 6.914 6.719 6.519 6.332 6.152 5.979 5.791 5.590 5.397 5.261 5.119 4.973 4.820 4.663 4.501 4.343 4.186 4.033 3.883 3.735 3.586 3.428 3.273 3.119 2.969 2.820 2.651 2.432 2.216 2.003 1.794 1.588 1.400 1.241 1.083 0.927 0.771 0.614 0.484 0.410 0.336 0.264 0.192 0.121 0.070 0.056 0.043 0.030 0.018 0.007 0.000 0.000 0.000 0.000 0.000 0.000 0.000 0.000 0.000 0.000 0.000 0.000 0.005 0.019 0.035 0.051 0.068 0.086
7.998 7.940 7.879 7.814 7.738 7.549 7.364 7.184 7.009 6.839 6.673 6.478 6.269 6.047 5.810 5.559 5.307 5.152 4.992 4.827 4.656 4.480 4.303 4.154 4.008 3.864 3.724 3.587 3.450 3.300 3.153 3.008 2.866 2.726 2.577 2.370 2.166 1.966 1.774 1.580 1.391 1.233 1.076 0.919 0.761 0.604 0.462 0.391 0.320 0.251 0.182 0.114 0.058 0.046 0.035 0.025 0.015 0.007 0.000 0.000 0.000 0.000 0.000 0.000 0.000 0.000 0.000 0.000 0.000 0.000 0.006 0.031 0.058 0.087 0.118 0.150
8.027 7.948 7.891 7.855 7.841 7.682 7.515 7.353 7.196 7.045 6.898 6.660 6.402 6.130 5.844 5.543 5.229 5.049 4.871 4.687 4.497 4.303 4.103 3.962 3.826 3.693 3.563 3.435 3.311 3.170 3.033 2.924 2.810 2.691 2.564 2.371 2.177 1.980 1.782 1.581 1.381 1.223 1.066 0.908 0.751 0.593 0.440 0.371 0.304 0.237 0.171 0.106 0.045 0.036 0.027 0.019 0.012 0.005 0.000 0.000 0.000 0.000 0.000 0.000 0.000 0.003 0.008 0.015 0.025 0.037 0.053 0.084 0.118 0.153 0.190 0.230
7.793 7.789 7.808 7.848 7.910 7.810 7.661 7.517 7.378 7.244 7.115 6.857 6.549 6.228 5.893 5.543 5.179 4.952 4.755 4.552 4.344 4.131 3.913 3.777 3.696 3.616 3.536 3.456 3.377 3.265 3.142 3.014 2.880 2.740 2.594 2.401 2.200 1.997 1.792 1.585 1.376 1.213 1.055 0.898 0.740 0.583 0.425 0.351 0.286 0.222 0.159 0.097 0.036 0.025 0.019 0.013 0.008 0.004 0.000 0.000 0.000 0.000 0.000 0.000 0.000 0.010 0.023 0.039 0.056 0.076 0.098 0.136 0.176 0.218 0.261 0.307
