DATA/SHG/CPC/2018/20180710.asc
ncols        190
nrows        64
xllcorner    -5100000.000000000000
yllcorner    4130000.000000000000
cellsize     10000.000000000000
NODATA_value  -99999.000
[rows 0 to 32 of 64, columns 0 to 73 of 190]
0.032 0.035 0.038 0.041 0.044 0.047 0.050 0.054 0.059 0.064 0.069 0.074 0.097 0.128 0.161 0.196 0.234 0.274 0.417 0.607 0.803 1.005 1.212 1.425 1.745 2.122 2.501 2.884 3.270 3.660 3.950 4.175 4.397 4.614 4.828 5.061 5.244 5.388 5.529 5.666 5.799 5.928 5.985 5.984 5.980 5.973 5.962 5.949 5.942 5.945 5.948 5.951 5.955 5.960 5.991 6.052 6.116 6.182 6.250 6.320 6.347 6.315 6.282 6.248 6.213 6.176 6.104 5.982 5.864 5.750 5.641 5.535 5.407 5.232
0.039 0.042 0.046 0.049 0.052 0.056 0.060 0.066 0.071 0.077 0.084 0.090 0.115 0.154 0.195 0.239 0.284 0.332 0.468 0.679 0.894 1.115 1.342 1.574 1.888 2.276 2.668 3.065 3.479 3.894 4.223 4.457 4.691 4.924 5.157 5.389 5.577 5.708 5.835 5.958 6.077 6.192 6.254 6.242 6.227 6.209 6.188 6.163 6.148 6.152 6.157 6.163 6.169 6.176 6.204 6.273 6.345 6.418 6.494 6.552 6.555 6.482 6.410 6.340 6.270 6.201 6.122 6.015 5.912 5.813 5.718 5.628 5.522 5.352
0.047 0.050 0.054 0.057 0.061 0.065 0.070 0.076 0.083 0.091 0.098 0.106 0.131 0.178 0.227 0.278 0.332 0.388 0.514 0.744 0.983 1.237 1.500 1.773 2.104 2.518 2.935 3.354 3.775 4.198 4.559 4.791 5.023 5.255 5.486 5.717 5.914 6.031 6.144 6.253 6.359 6.460 6.526 6.503 6.477 6.448 6.415 6.380 6.352 6.359 6.366 6.374 6.383 6.385 6.392 6.440 6.480 6.511 6.533 6.547 6.540 6.471 6.403 6.336 6.270 6.205 6.137 6.044 5.956 5.872 5.792 5.716 5.635 5.470
0.054 0.058 0.062 0.065 0.070 0.074 0.079 0.087 0.095 0.103 0.112 0.122 0.144 0.200 0.260 0.324 0.392 0.463 0.587 0.855 1.134 1.421 1.719 2.026 2.366 2.788 3.213 3.640 4.069 4.500 4.894 5.125 5.355 5.585 5.815 6.045 6.254 6.357 6.456 6.552 6.644 6.732 6.801 6.767 6.730 6.717 6.697 6.665 6.628 6.634 6.632 6.622 6.604 6.578 6.548 6.566 6.576 6.576 6.568 6.551 6.524 6.459 6.394 6.331 6.269 6.207 6.147 6.069 5.996 5.926 5.861 5.800 5.743 5.587
0.061 0.065 0.069 0.074 0.078 0.082 0.089 0.100 0.111 0.121 0.132 0.142 0.160 0.230 0.304 0.381 0.462 0.547 0.659 0.961 1.274 1.596 1.927 2.268 2.625 3.055 3.488 3.922 4.359 4.798 5.229 5.458 5.687 5.916 6.144 6.372 6.597 6.692 6.830 6.960 7.081 7.195 7.299 7.274 7.237 7.187 7.127 7.055 6.972 6.947 6.917 6.879 6.833 6.779 6.718 6.701 6.679 6.649 6.611 6.563 6.507 6.445 6.385 6.325 6.266 6.209 6.153 6.091 6.032 5.987 5.958 5.928 5.896 5.774
0.072 0.079 0.085 0.092 0.099 0.106 0.113 0.123 0.134 0.144 0.154 0.164 0.174 0.256 0.343 0.434 0.528 0.626 0.728 1.057 1.403 1.759 2.125 2.500 2.885 3.320 3.760 4.202 4.647 5.094 5.560 5.873 6.161 6.446 6.729 7.008 7.285 7.421 7.530 7.630 7.722 7.806 7.882 7.835 7.757 7.668 7.567 7.455 7.332 7.267 7.209 7.143 7.070 6.988 6.898 6.844 6.792 6.731 6.662 6.584 6.497 6.431 6.398 6.383 6.365 6.342 6.316 6.286 6.255 6.222 6.187 6.151 6.112 6.005
0.094 0.101 0.108 0.115 0.122 0.129 0.137 0.146 0.156 0.166 0.176 0.186 0.195 0.278 0.379 0.483 0.590 0.702 0.817 1.142 1.522 1.912 2.312 2.737 3.196 3.686 4.191 4.707 5.234 5.771 6.318 6.664 6.942 7.217 7.489 7.758 8.024 8.158 8.237 8.308 8.371 8.425 8.472 8.407 8.289 8.160 8.019 7.867 7.703 7.595 7.509 7.415 7.314 7.204 7.087 7.033 7.005 6.966 6.916 6.854 6.781 6.738 6.713 6.684 6.652 6.615 6.574 6.535 6.498 6.458 6.418 6.375 6.331 6.235
0.116 0.123 0.130 0.138 0.145 0.153 0.161 0.170 0.179 0.189 0.198 0.208 0.217 0.296 0.410 0.527 0.657 0.799 0.952 1.297 1.748 2.215 2.699 3.198 3.713 4.245 4.787 5.340 5.904 6.479 7.064 7.457 7.724 7.989 8.250 8.509 8.765 8.902 8.952 8.993 9.027 9.052 9.069 8.989 8.831 8.662 8.481 8.289 8.136 8.046 7.993 7.929 7.856 7.772 7.678 7.599 7.532 7.453 7.363 7.262 7.150 7.071 7.032 6.989 6.942 6.891 6.836 6.785 6.742 6.696 6.649 6.600 6.550 6.464
0.137 0.145 0.152 0.160 0.168 0.176 0.184 0.193 0.202 0.214 0.225 0.237 0.247 0.329 0.476 0.634 0.801 0.977 1.163 1.514 2.021 2.545 3.085 3.641 4.213 4.791 5.371 5.961 6.563 7.175 7.797 8.252 8.509 8.763 9.014 9.262 9.507 9.653 9.674 9.686 9.690 9.695 9.698 9.634 9.486 9.344 9.207 9.075 8.948 8.842 8.753 8.655 8.546 8.427 8.298 8.175 8.068 7.950 7.821 7.681 7.529 7.407 7.354 7.297 7.236 7.170 7.101 7.036 6.987 6.935 6.882 6.827 6.773 6.709
0.158 0.167 0.178 0.190 0.201 0.212 0.223 0.234 0.245 0.256 0.266 0.276 0.285 0.360 0.542 0.733 0.934 1.144 1.364 1.713 2.277 2.858 3.454 4.066 4.694 5.325 5.942 6.570 7.209 7.858 8.518 9.049 9.295 9.537 9.772 10.006 10.239 10.401 10.404 10.405 10.404 10.399 10.392 10.348 10.219 10.095 9.976 9.863 9.754 9.647 9.523 9.389 9.245 9.090 8.926 8.761 8.615 8.458 8.289 8.109 7.918 7.747 7.680 7.608 7.533 7.468 7.432 7.392 7.365 7.325 7.273 7.209 7.133 7.043
0.205 0.217 0.228 0.238 0.249 0.259 0.269 0.278 0.288 0.298 0.307 0.315 0.324 0.381 0.597 0.822 1.056 1.300 1.554 1.895 2.516 3.152 3.805 4.474 5.158 5.847 6.505 7.174 7.847 8.523 9.202 9.801 10.034 10.266 10.496 10.726 10.954 11.143 11.137 11.129 11.118 11.105 11.089 11.056 10.945 10.840 10.739 10.644 10.554 10.461 10.301 10.132 9.953 9.763 9.564 9.358 9.172 8.975 8.796 8.645 8.481 8.318 8.288 8.247 8.196 8.133 8.059 7.976 7.906 7.824 7.729 7.623 7.504 7.375
0.256 0.267 0.277 0.287 0.296 0.305 0.314 0.323 0.332 0.340 0.348 0.355 0.362 0.392 0.641 0.900 1.168 1.446 1.734 2.071 2.768 3.478 4.201 4.937 5.687 6.445 7.122 7.803 8.487 9.174 9.864 10.538 10.767 10.994 11.221 11.446 11.670 11.887 11.872 11.855 11.835 11.812 11.786 11.758 11.665 11.578 11.496 11.419 11.348 11.282 11.089 10.921 10.774 10.619 10.457 10.287 10.128 9.958 9.776 9.581 9.374 9.155 9.078 8.999 8.909 8.808 8.696 8.573 8.458 8.333 8.196 8.047 7.886 7.712
0.307 0.317 0.326 0.335 0.344 0.352 0.360 0.368 0.375 0.382 0.389 0.395 0.395 0.391 0.663 0.970 1.298 1.645 2.012 2.399 3.119 3.875 4.646 5.429 6.226 7.036 7.735 8.427 9.122 9.820 10.521 11.225 11.499 11.723 11.945 12.166 12.386 12.604 12.609 12.582 12.552 12.520 12.486 12.448 12.434 12.438 12.442 12.446 12.450 12.454 12.319 12.153 11.978 11.796 11.606 11.408 11.206 10.993 10.767 10.529 10.279 10.016 9.878 9.760 9.631 9.492 9.341 9.180 9.021 8.854 8.674 8.482 8.278 8.062
0.358 0.368 0.376 0.384 0.392 0.397 0.399 0.396 0.393 0.390 0.385 0.379 0.371 0.362 0.647 1.024 1.422 1.839 2.276 2.733 3.455 4.258 5.075 5.906 6.749 7.606 8.344 9.047 9.753 10.462 11.174 11.889 12.232 12.451 12.669 12.886 13.101 13.378 13.483 13.523 13.563 13.604 13.644 13.685 13.699 13.702 13.706 13.709 13.712 13.716 13.584 13.390 13.188 12.979 12.761 12.536 12.295 12.038 11.769 11.487 11.193 10.887 10.686 10.530 10.363 10.186 9.997 9.797 9.595 9.549 9.537 9.524 9.510 9.495
0.429 0.441 0.446 0.446 0.441 0.432 0.419 0.401 0.390 0.382 0.372 0.361 0.349 0.335 0.609 1.056 1.524 2.011 2.519 3.046 3.776 4.627 5.490 6.367 7.257 8.161 8.949 9.662 10.379 11.101 11.881 12.666 13.147 13.430 13.716 14.006 14.299 14.595 14.740 14.781 14.821 14.861 14.902 14.943 14.961 14.965 14.968 14.970 14.973 14.976 14.855 14.634 14.404 14.167 13.923 13.670 13.394 13.094 12.781 12.456 12.119 11.769 11.666 11.649 11.628 11.604 11.576 11.545 11.522 11.507 11.491 11.475 11.457 11.439
0.528 0.533 0.529 0.514 0.494 0.471 0.443 0.411 0.388 0.375 0.361 0.345 0.328 0.309 0.550 1.067 1.605 2.162 2.740 3.337 4.083 4.980 5.900 6.872 7.861 8.865 9.769 10.551 11.339 12.133 12.931 13.735 14.304 14.598 14.896 15.196 15.501 15.808 15.996 16.036 16.077 16.117 16.158 16.198 16.222 16.225 16.228 16.230 16.233 16.235 16.132 15.883 15.626 15.362 15.100 14.946 14.775 14.583 14.391 14.201 14.012 13.823 13.701 13.671 13.638 13.601 13.561 13.517 13.482 13.464 13.444 13.424 13.403 13.381
0.629 0.628 0.616 0.586 0.552 0.514 0.472 0.426 0.388 0.370 0.351 0.330 0.308 0.285 0.469 1.064 1.698 2.362 3.056 3.781 4.611 5.608 6.621 7.649 8.694 9.755 10.738 11.539 12.345 13.157 13.974 14.796 15.456 15.761 16.070 16.382 16.697 17.015 17.249 17.290 17.330 17.371 17.412 17.452 17.482 17.484 17.486 17.512 17.623 17.730 17.761 17.607 17.452 17.297 17.141 16.984 16.818 16.629 16.440 16.253 16.067 15.882 15.736 15.694 15.648 15.599 15.546 15.490 15.440 15.418 15.396 15.372 15.347 15.322
0.731 0.724 0.708 0.663 0.615 0.562 0.506 0.445 0.385 0.359 0.338 0.324 0.314 0.311 0.449 1.160 1.901 2.672 3.474 4.306 5.201 6.254 7.323 8.408 9.509 10.626 11.699 12.519 13.344 14.174 15.009 15.850 16.603 16.919 17.239 17.562 17.888 18.218 18.501 18.542 18.622 18.773 18.926 19.082 19.232 19.341 19.447 19.551 19.653 19.752 19.811 19.654 19.497 19.339 19.180 19.021 18.857 18.671 18.485 18.301 18.118 17.936 17.773 17.718 17.659 17.597 17.532 17.463 17.396 17.371 17.345 17.318 17.309 17.406
0.836 0.810 0.771 0.698 0.624 0.549 0.473 0.396 0.321 0.315 0.314 0.319 0.329 0.345 0.405 1.223 2.071 2.949 3.858 4.798 5.773 6.882 8.007 9.148 10.305 11.478 12.654 13.492 14.336 15.184 16.038 16.897 17.745 18.097 18.492 18.914 19.363 19.839 20.332 20.486 20.643 20.802 20.964 21.129 21.295 21.395 21.493 21.589 21.682 21.773 21.859 21.699 21.539 21.378 21.217 21.055 20.892 20.709 20.527 20.346 20.166 19.987 19.809 19.742 19.671 19.607 19.572 19.537 19.503 19.584 19.696 19.837 20.008 20.208
0.859 0.801 0.735 0.659 0.581 0.503 0.423 0.343 0.261 0.265 0.284 0.309 0.339 0.374 0.415 1.253 2.208 3.194 4.210 5.256 6.333 7.492 8.673 9.871 11.084 12.313 13.498 14.341 15.187 16.080 17.018 18.003 19.033 19.564 20.053 20.569 21.111 21.680 22.276 22.492 22.658 22.826 22.997 23.171 23.347 23.450 23.539 23.626 23.711 23.794 23.874 23.743 23.580 23.416 23.252 23.087 22.921 22.743 22.566 22.402 22.253 22.120 22.002 21.956 21.921 21.887 21.854 21.822 21.790 21.946 22.160 22.403 22.675 22.977
0.888 0.801 0.706 0.621 0.540 0.458 0.375 0.291 0.206 0.210 0.248 0.292 0.342 0.396 0.457 1.250 2.312 3.405 4.528 5.641 6.755 7.896 9.052 10.215 11.385 12.563 13.748 14.773 15.781 16.834 17.934 19.080 20.272 21.002 21.584 22.194 22.829 23.492 24.181 24.493 24.667 24.845 25.025 25.207 25.393 25.503 25.584 25.663 25.740 25.814 25.886 25.753 25.544 25.353 25.178 25.021 24.880 24.743 24.617 24.507 24.411 24.331 24.266 24.227 24.195 24.163 24.132 24.102 24.073 24.276 24.592 24.937 25.312 25.716
0.926 0.810 0.686 0.584 0.500 0.414 0.328 0.240 0.152 0.149 0.206 0.270 0.350 0.435 0.525 1.227 2.338 3.455 4.579 5.708 6.843 8.004 9.186 10.376 11.573 12.777 13.989 15.156 16.325 17.540 18.801 20.109 21.462 22.410 23.086 23.789 24.518 25.274 26.057 26.488 26.672 26.858 27.047 27.238 27.399 27.470 27.486 27.494 27.497 27.492 27.482 27.378 27.229 27.097 26.982 26.883 26.802 26.724 26.651 26.594 26.551 26.525 26.513 26.495 26.465 26.435 26.407 26.379 26.352 26.575 26.993 27.440 27.917 28.423
0.973 0.829 0.675 0.548 0.461 0.376 0.295 0.217 0.143 0.142 0.229 0.322 0.420 0.522 0.630 1.201 2.333 3.472 4.617 5.767 6.924 8.104 9.313 10.529 11.752 12.983 14.222 15.490 16.821 18.197 19.619 21.088 22.602 23.789 24.558 25.354 26.176 26.997 27.816 28.327 28.468 28.614 28.763 28.915 29.072 29.158 29.150 29.136 29.115 29.087 29.053 28.985 28.895 28.822 28.766 28.727 28.705 28.687 28.667 28.663 28.674 28.700 28.742 28.758 28.731 28.704 28.677 28.652 28.628 28.709 28.903 29.104 29.312 29.526
0.966 0.801 0.641 0.508 0.432 0.360 0.291 0.226 0.164 0.153 0.258 0.369 0.484 0.605 0.730 1.168 2.322 3.482 4.648 5.820 6.998 8.196 9.431 10.673 11.923 13.181 14.446 15.776 17.267 18.805 20.435 22.089 23.765 25.187 26.004 26.825 27.649 28.477 29.307 29.928 30.083 30.241 30.404 30.570 30.740 30.850 30.819 30.781 30.737 30.686 30.629 30.572 30.541 30.528 30.531 30.552 30.589 30.632 30.665 30.714 30.779 30.858 30.795 30.566 30.243 29.917 29.588 29.255 28.920 28.760 28.978 29.202 29.433 29.671
0.886 0.737 0.593 0.463 0.400 0.340 0.283 0.230 0.180 0.158 0.282 0.410 0.543 0.681 0.824 1.128 2.304 3.485 4.673 5.866 7.065 8.279 9.540 10.830 12.164 13.542 14.965 16.459 18.124 19.811 21.519 23.248 25.000 26.615 27.444 28.276 29.112 29.951 30.793 31.524 31.691 31.863 32.038 32.218 32.401 32.546 32.492 32.431 32.363 32.289 32.209 32.141 32.169 32.215 32.277 32.191 32.016 31.830 31.631 31.442 31.262 31.092 30.931 30.744 30.410 30.073 29.733 29.390 29.043 28.806 29.047 29.294 29.549 29.810
0.800 0.668 0.539 0.416 0.364 0.316 0.271 0.230 0.193 0.159 0.299 0.445 0.596 0.752 0.913 1.080 2.265 3.452 4.641 5.832 7.026 8.223 9.624 11.069 12.558 14.091 15.669 17.292 19.033 20.795 22.579 24.383 26.210 28.036 28.877 29.721 30.569 31.419 32.274 33.113 33.294 33.478 33.667 33.859 34.056 34.247 34.169 34.085 33.804 33.489 33.199 32.937 32.766 32.587 32.400 32.205 32.002 31.793 31.627 31.471 31.323 31.185 31.057 30.926 30.581 30.233 29.882 29.527 29.170 28.845 29.109 29.380 29.658 29.942
0.710 0.593 0.481 0.373 0.324 0.288 0.256 0.227 0.200 0.170 0.292 0.447 0.606 0.770 0.938 1.111 2.155 3.350 4.546 5.746 6.947 8.150 9.660 11.260 12.905 14.593 16.326 18.103 19.918 21.755 23.614 25.494 27.396 29.319 30.305 31.161 32.020 32.882 33.748 34.617 34.890 34.793 34.686 34.599 34.532 34.487 34.215 33.936 33.683 33.453 33.247 33.066 32.870 32.663 32.449 32.226 31.996 31.757 31.614 31.490 31.375 31.270 31.174 31.087 30.754 30.395 30.033 29.668 29.299 28.928 29.165 29.459 29.760 30.016
0.615 0.522 0.432 0.340 0.290 0.260 0.230 0.199 0.167 0.136 0.242 0.412 0.587 0.767 0.951 1.140 2.042 3.245 4.450 5.656 6.866 8.077 9.649 11.405 13.204 15.047 16.935 18.867 20.779 22.692 24.626 26.581 28.558 30.540 31.305 31.791 32.306 32.849 33.421 34.021 34.125 34.070 34.034 34.020 34.026 34.052 33.901 33.707 33.538 33.392 33.271 33.175 32.982 32.748 32.505 32.255 31.997 31.731 31.592 31.500 31.418 31.345 31.281 31.227 30.930 30.560 30.171 29.753 29.320 28.872 28.909 29.047 29.152 29.224
0.629 0.533 0.433 0.331 0.265 0.233 0.201 0.169 0.136 0.102 0.186 0.373 0.564 0.760 0.960 1.164 1.927 3.138 4.350 5.565 6.782 8.001 9.592 11.502 13.456 15.454 17.448 19.204 20.857 22.457 24.053 25.647 27.237 28.824 29.808 30.394 31.008 31.651 32.322 33.022 33.310 33.326 33.363 33.420 33.498 33.597 33.563 33.454 33.369 33.308 33.271 33.259 33.102 32.840 32.570 32.292 32.007 31.713 31.561 31.493 31.429 31.372 31.325 31.285 30.998 30.557 30.102 29.631 29.145 28.644 28.500 28.521 28.509 28.464
0.654 0.547 0.437 0.325 0.241 0.208 0.174 0.140 0.105 0.070 0.126 0.329 0.536 0.747 0.963 1.184 1.810 3.028 4.248 5.454 6.613 7.756 9.171 10.950 12.684 14.374 16.019 17.620 19.197 20.787 22.373 23.956 25.536 27.112 28.283 28.969 29.683 30.425 31.196 31.995 32.474 32.563 32.672 32.801 32.951 33.122 33.201 33.176 33.176 33.200 33.247 33.319 33.194 32.866 32.543 32.225 31.913 31.606 31.429 31.385 31.350 31.324 31.305 31.296 31.049 30.555 30.047 29.523 28.984 28.431 28.124 28.028 27.899 27.736
0.681 0.564 0.445 0.322 0.217 0.182 0.147 0.111 0.075 0.038 0.061 0.280 0.500 0.714 0.924 1.128 1.573 2.725 3.861 4.982 6.087 7.177 8.409 10.033 11.613 13.148 14.639 16.085 17.542 19.121 20.697 22.270 23.840 25.406 26.731 27.516 28.330 29.172 30.042 30.940 31.619 31.780 31.961 32.162 32.384 32.660 32.880 32.931 32.975 33.011 33.040 33.062 32.964 32.655 32.351 32.053 31.760 31.472 31.283 31.269 31.264 31.267 31.278 31.298 31.115 30.568 30.007 29.430 28.839 28.232 27.780 27.567 27.321 27.041
0.712 0.585 0.455 0.322 0.194 0.157 0.121 0.087 0.055 0.025 0.019 0.226 0.427 0.623 0.814 1.000 1.279 2.377 3.460 4.527 5.579 6.615 7.695 9.164 10.589 11.969 13.306 14.597 15.892 17.461 19.027 20.589 22.149 23.705 25.152 26.036 26.949 27.891 28.906 29.937 30.842 31.113 31.407 31.724 32.064 32.427 32.745 32.770 32.788 32.799 32.802 32.798 32.730 32.439 32.154 31.875 31.601 31.333 31.130 31.145 31.169 31.202 31.242 31.292 31.195 30.596 29.982 29.352 28.708 28.048 27.431 26.934 26.383 25.776
0.693 0.553 0.418 0.288 0.164 0.126 0.097 0.070 0.045 0.022 0.001 0.177 0.360 0.538 0.711 0.878 1.041 2.046 3.075 4.089 5.087 6.070 7.037 8.342 9.612 10.839 12.020 13.158 14.251 15.806 17.368 19.035 20.681 22.304 23.898 24.923 25.959 27.005 28.061 29.128 30.183 30.534 30.909 31.307 31.728 32.172 32.616 32.616 32.609 32.594 32.572 32.542 32.490 32.219 31.953 31.692 31.438 31.188 30.968 31.013 31.066 31.128 31.199 31.240 31.113 30.320 29.507 28.672 27.816 26.938 26.069 25.382 24.641 23.844
