DATA/SHG/CPC/2018/20180425.asc
ncols        190
nrows        64
xllcorner    -5100000.000000000000
yllcorner    4130000.000000000000
cellsize     10000.000000000000
NODATA_value  -99999.000
[rows 0 to 32 of 64, columns 0 to 75 of 190]
0.000 0.000 0.000 0.000 0.001 0.003 0.008 0.015 0.021 0.027 0.034 0.040 0.047 0.053 0.059 0.066 0.073 0.080 0.087 0.093 0.100 0.107 0.113 0.120 0.121 0.120 0.119 0.117 0.116 0.114 0.107 0.097 0.087 0.077 0.067 0.056 0.047 0.039 0.030 0.022 0.013 0.004 0.000 0.000 0.000 0.000 0.000 0.000 0.000 0.000 0.000 0.000 0.000 0.000 0.000 0.000 0.000 0.000 0.000 0.000 0.000 0.000 0.000 0.000 0.000 0.000 0.000 0.000 0.000 0.000 0.000 0.000 0.000 0.000 0.000 0.000
0.001 0.002 0.003 0.005 0.008 0.011 0.016 0.022 0.029 0.035 0.042 0.049 0.055 0.062 0.070 0.077 0.085 0.093 0.100 0.107 0.114 0.120 0.127 0.134 0.136 0.135 0.132 0.130 0.128 0.126 0.119 0.109 0.098 0.087 0.075 0.063 0.053 0.044 0.035 0.025 0.016 0.006 0.000 0.000 0.000 0.000 0.000 0.000 0.000 0.000 0.000 0.000 0.000 0.000 0.000 0.000 0.000 0.000 0.000 0.000 0.000 0.000 0.000 0.000 0.000 0.000 0.000 0.000 0.000 0.000 0.000 0.000 0.000 0.000 0.000 0.000
0.001 0.004 0.007 0.010 0.014 0.018 0.023 0.030 0.037 0.043 0.050 0.057 0.064 0.072 0.080 0.088 0.097 0.105 0.113 0.120 0.128 0.136 0.144 0.152 0.156 0.153 0.151 0.147 0.144 0.140 0.133 0.121 0.109 0.097 0.084 0.071 0.059 0.049 0.039 0.029 0.019 0.008 0.000 0.000 0.000 0.000 0.000 0.000 0.000 0.000 0.000 0.000 0.000 0.000 0.000 0.000 0.000 0.000 0.000 0.000 0.000 0.000 0.000 0.000 0.000 0.000 0.000 0.000 0.000 0.000 0.000 0.000 0.000 0.000 0.000 0.000
0.001 0.005 0.010 0.014 0.019 0.025 0.031 0.038 0.045 0.051 0.058 0.065 0.072 0.082 0.092 0.103 0.114 0.125 0.135 0.143 0.151 0.158 0.166 0.173 0.178 0.174 0.170 0.165 0.160 0.154 0.147 0.134 0.121 0.107 0.094 0.079 0.065 0.055 0.044 0.033 0.022 0.010 0.000 0.000 0.000 0.000 0.000 0.000 0.000 0.000 0.000 0.000 0.000 0.000 0.000 0.000 0.000 0.000 0.000 0.000 0.000 0.000 0.000 0.000 0.000 0.000 0.000 0.000 0.000 0.000 0.000 0.000 0.000 0.000 0.000 0.000
0.001 0.006 0.012 0.018 0.025 0.031 0.039 0.047 0.056 0.065 0.074 0.083 0.093 0.104 0.115 0.126 0.137 0.148 0.159 0.166 0.174 0.181 0.188 0.195 0.201 0.195 0.190 0.183 0.177 0.170 0.162 0.148 0.133 0.118 0.103 0.088 0.072 0.061 0.049 0.037 0.025 0.013 0.000 0.000 0.000 0.000 0.000 0.000 0.000 0.000 0.000 0.000 0.000 0.000 0.000 0.000 0.000 0.000 0.000 0.000 0.000 0.000 0.000 0.000 0.000 0.000 0.000 0.000 0.000 0.000 0.000 0.000 0.000 0.000 0.000 0.000
0.004 0.012 0.020 0.028 0.036 0.045 0.054 0.063 0.072 0.082 0.092 0.103 0.114 0.125 0.136 0.148 0.159 0.171 0.183 0.190 0.197 0.204 0.210 0.217 0.223 0.217 0.210 0.202 0.194 0.185 0.176 0.161 0.145 0.129 0.112 0.096 0.078 0.066 0.053 0.041 0.028 0.015 0.002 0.000 0.000 0.000 0.000 0.000 0.000 0.000 0.000 0.000 0.000 0.000 0.000 0.000 0.000 0.000 0.000 0.000 0.000 0.000 0.000 0.000 0.000 0.000 0.000 0.000 0.000 0.000 0.000 0.000 0.000 0.000 0.000 0.000
0.015 0.023 0.031 0.040 0.049 0.058 0.068 0.078 0.088 0.100 0.111 0.123 0.135 0.146 0.158 0.170 0.182 0.194 0.206 0.214 0.220 0.226 0.233 0.239 0.245 0.239 0.230 0.221 0.211 0.200 0.189 0.173 0.156 0.139 0.121 0.103 0.085 0.071 0.058 0.045 0.031 0.018 0.004 0.000 0.000 0.000 0.000 0.000 0.000 0.000 0.000 0.000 0.000 0.000 0.000 0.000 0.000 0.000 0.000 0.000 0.000 0.000 0.000 0.000 0.000 0.000 0.000 0.000 0.000 0.000 0.000 0.000 0.000 0.000 0.000 0.000
0.026 0.034 0.043 0.052 0.062 0.071 0.081 0.092 0.104 0.116 0.129 0.142 0.155 0.167 0.180 0.192 0.205 0.219 0.233 0.242 0.248 0.254 0.259 0.264 0.269 0.263 0.252 0.240 0.228 0.215 0.202 0.185 0.167 0.149 0.131 0.112 0.092 0.076 0.063 0.049 0.035 0.021 0.006 0.000 0.000 0.000 0.000 0.000 0.000 0.000 0.000 0.000 0.000 0.000 0.000 0.000 0.000 0.000 0.000 0.000 0.000 0.000 0.000 0.000 0.000 0.000 0.000 0.000 0.000 0.000 0.000 0.000 0.000 0.000 0.000 0.000
0.037 0.044 0.054 0.064 0.074 0.084 0.095 0.107 0.120 0.135 0.151 0.168 0.184 0.200 0.213 0.227 0.240 0.253 0.265 0.274 0.278 0.283 0.286 0.290 0.293 0.288 0.274 0.261 0.246 0.231 0.216 0.198 0.179 0.160 0.140 0.120 0.100 0.082 0.068 0.053 0.039 0.024 0.009 0.000 0.000 0.000 0.000 0.000 0.000 0.000 0.000 0.000 0.000 0.000 0.000 0.000 0.000 0.000 0.000 0.000 0.000 0.000 0.000 0.000 0.000 0.000 0.000 0.000 0.000 0.000 0.000 0.000 0.000 0.000 0.000 0.000
0.047 0.055 0.068 0.081 0.094 0.108 0.122 0.138 0.154 0.171 0.188 0.205 0.222 0.237 0.250 0.262 0.274 0.286 0.298 0.306 0.309 0.312 0.314 0.316 0.317 0.313 0.297 0.281 0.265 0.248 0.230 0.211 0.191 0.170 0.149 0.128 0.106 0.087 0.072 0.057 0.042 0.026 0.011 0.000 0.000 0.000 0.000 0.000 0.000 0.000 0.000 0.000 0.000 0.000 0.000 0.000 0.000 0.000 0.000 0.000 0.000 0.000 0.000 0.000 0.000 0.000 0.000 0.000 0.000 0.000 0.000 0.000 0.000 0.000 0.000 0.000
0.069 0.080 0.094 0.109 0.124 0.139 0.155 0.171 0.189 0.206 0.223 0.241 0.259 0.276 0.287 0.298 0.309 0.320 0.331 0.339 0.340 0.341 0.342 0.342 0.342 0.338 0.320 0.300 0.280 0.260 0.239 0.218 0.197 0.176 0.154 0.133 0.112 0.091 0.076 0.060 0.045 0.029 0.014 0.000 0.000 0.000 0.000 0.000 0.000 0.000 0.000 0.000 0.000 0.000 0.000 0.000 0.000 0.000 0.000 0.000 0.000 0.000 0.000 0.000 0.000 0.000 0.000 0.000 0.000 0.000 0.000 0.000 0.000 0.000 0.000 0.000
0.092 0.105 0.120 0.136 0.153 0.170 0.187 0.205 0.223 0.241 0.259 0.277 0.296 0.314 0.324 0.335 0.345 0.354 0.364 0.371 0.370 0.368 0.365 0.361 0.357 0.351 0.331 0.310 0.289 0.267 0.246 0.224 0.202 0.181 0.160 0.138 0.117 0.095 0.080 0.064 0.048 0.032 0.016 0.000 0.000 0.000 0.000 0.000 0.000 0.000 0.000 0.000 0.000 0.000 0.000 0.000 0.000 0.000 0.000 0.000 0.000 0.000 0.000 0.000 0.000 0.000 0.000 0.000 0.000 0.000 0.000 0.000 0.000 0.000 0.000 0.000
0.114 0.129 0.146 0.163 0.182 0.200 0.219 0.238 0.257 0.276 0.294 0.313 0.333 0.352 0.362 0.370 0.377 0.384 0.390 0.395 0.392 0.387 0.382 0.376 0.369 0.362 0.342 0.320 0.298 0.275 0.252 0.229 0.208 0.186 0.165 0.143 0.122 0.101 0.084 0.068 0.052 0.035 0.019 0.002 0.000 0.000 0.000 0.000 0.000 0.000 0.000 0.000 0.000 0.000 0.000 0.000 0.000 0.000 0.000 0.000 0.000 0.000 0.000 0.000 0.000 0.000 0.000 0.000 0.000 0.000 0.000 0.000 0.000 0.000 0.000 0.000
0.136 0.152 0.171 0.190 0.210 0.232 0.254 0.276 0.296 0.316 0.335 0.354 0.372 0.390 0.399 0.404 0.409 0.413 0.416 0.419 0.415 0.408 0.400 0.392 0.383 0.373 0.353 0.330 0.307 0.283 0.259 0.235 0.213 0.191 0.170 0.149 0.127 0.105 0.086 0.069 0.052 0.036 0.020 0.004 0.000 0.000 0.000 0.000 0.000 0.000 0.000 0.000 0.000 0.000 0.000 0.000 0.000 0.000 0.000 0.000 0.000 0.000 0.000 0.000 0.000 0.000 0.000 0.000 0.000 0.000 0.000 0.000 0.000 0.000 0.000 0.000
0.167 0.189 0.211 0.233 0.255 0.277 0.299 0.321 0.340 0.359 0.377 0.394 0.411 0.428 0.437 0.440 0.442 0.443 0.444 0.444 0.438 0.429 0.419 0.408 0.396 0.384 0.365 0.341 0.316 0.292 0.265 0.239 0.215 0.193 0.170 0.147 0.124 0.101 0.082 0.066 0.051 0.035 0.021 0.006 0.000 0.000 0.000 0.000 0.000 0.000 0.000 0.000 0.000 0.000 0.000 0.000 0.000 0.000 0.000 0.000 0.000 0.000 0.000 0.000 0.000 0.000 0.000 0.000 0.000 0.000 0.000 0.000 0.000 0.000 0.000 0.000
0.211 0.234 0.257 0.278 0.300 0.322 0.344 0.365 0.385 0.402 0.419 0.435 0.451 0.467 0.475 0.476 0.475 0.474 0.472 0.469 0.462 0.450 0.438 0.423 0.407 0.391 0.370 0.343 0.317 0.291 0.265 0.238 0.214 0.191 0.167 0.144 0.121 0.097 0.078 0.063 0.048 0.034 0.021 0.007 0.000 0.000 0.000 0.000 0.000 0.000 0.000 0.000 0.000 0.000 0.000 0.000 0.000 0.000 0.000 0.000 0.000 0.000 0.000 0.000 0.000 0.000 0.000 0.000 0.000 0.000 0.000 0.000 0.000 0.000 0.000 0.000
0.254 0.279 0.303 0.324 0.346 0.367 0.389 0.410 0.429 0.445 0.461 0.476 0.491 0.506 0.515 0.512 0.508 0.503 0.497 0.491 0.481 0.465 0.448 0.430 0.411 0.391 0.369 0.343 0.317 0.290 0.264 0.238 0.212 0.189 0.165 0.141 0.118 0.094 0.073 0.059 0.046 0.033 0.021 0.008 0.000 0.000 0.000 0.000 0.000 0.000 0.000 0.000 0.000 0.000 0.000 0.000 0.000 0.000 0.000 0.000 0.000 0.000 0.000 0.000 0.000 0.000 0.000 0.000 0.000 0.000 0.000 0.000 0.000 0.000 0.000 0.000
0.296 0.323 0.349 0.370 0.391 0.412 0.433 0.455 0.475 0.491 0.505 0.519 0.531 0.543 0.550 0.544 0.537 0.529 0.520 0.510 0.498 0.479 0.459 0.438 0.416 0.393 0.369 0.342 0.316 0.290 0.263 0.237 0.211 0.187 0.163 0.139 0.115 0.090 0.068 0.055 0.043 0.032 0.021 0.009 0.000 0.000 0.000 0.000 0.000 0.000 0.000 0.000 0.000 0.000 0.000 0.000 0.000 0.000 0.000 0.000 0.000 0.000 0.000 0.000 0.000 0.000 0.000 0.000 0.000 0.000 0.000 0.000 0.000 0.003 0.005 0.007
0.338 0.367 0.396 0.418 0.440 0.462 0.485 0.508 0.530 0.542 0.553 0.563 0.572 0.580 0.587 0.577 0.567 0.556 0.544 0.531 0.516 0.494 0.471 0.446 0.421 0.395 0.368 0.342 0.315 0.289 0.263 0.236 0.210 0.185 0.161 0.136 0.113 0.089 0.066 0.055 0.044 0.033 0.022 0.011 0.000 0.000 0.000 0.000 0.000 0.000 0.000 0.000 0.000 0.000 0.000 0.000 0.000 0.000 0.000 0.000 0.000 0.000 0.000 0.000 0.000 0.000 0.002 0.005 0.009 0.012 0.014 0.016 0.019 0.021 0.023 0.023
0.384 0.415 0.445 0.469 0.492 0.515 0.538 0.561 0.584 0.594 0.602 0.608 0.614 0.619 0.622 0.611 0.598 0.583 0.568 0.552 0.535 0.510 0.484 0.456 0.428 0.399 0.368 0.340 0.312 0.285 0.258 0.231 0.204 0.180 0.157 0.134 0.111 0.089 0.067 0.055 0.044 0.033 0.022 0.012 0.001 0.000 0.000 0.000 0.000 0.000 0.000 0.000 0.000 0.000 0.000 0.000 0.000 0.000 0.000 0.000 0.000 0.000 0.000 0.002 0.005 0.010 0.015 0.021 0.028 0.031 0.033 0.035 0.037 0.039 0.041 0.039
0.430 0.462 0.494 0.520 0.543 0.567 0.590 0.614 0.638 0.648 0.652 0.655 0.657 0.658 0.658 0.646 0.629 0.612 0.594 0.573 0.551 0.523 0.493 0.461 0.428 0.395 0.361 0.332 0.305 0.278 0.251 0.224 0.198 0.174 0.152 0.131 0.109 0.088 0.068 0.055 0.044 0.034 0.023 0.013 0.003 0.000 0.000 0.000 0.000 0.000 0.000 0.000 0.000 0.000 0.000 0.000 0.000 0.000 0.000 0.000 0.000 0.000 0.000 0.004 0.011 0.018 0.026 0.035 0.045 0.050 0.052 0.054 0.055 0.057 0.059 0.056
0.475 0.509 0.542 0.570 0.594 0.618 0.642 0.667 0.691 0.702 0.703 0.702 0.696 0.689 0.682 0.667 0.646 0.625 0.603 0.582 0.560 0.532 0.498 0.463 0.428 0.392 0.355 0.324 0.297 0.270 0.244 0.218 0.191 0.168 0.147 0.127 0.107 0.087 0.068 0.054 0.044 0.034 0.024 0.014 0.004 0.000 0.000 0.000 0.000 0.000 0.000 0.000 0.000 0.000 0.000 0.000 0.000 0.000 0.000 0.000 0.000 0.000 0.000 0.005 0.015 0.025 0.037 0.049 0.062 0.069 0.071 0.072 0.074 0.075 0.077 0.073
0.520 0.555 0.590 0.620 0.644 0.664 0.682 0.700 0.717 0.723 0.717 0.710 0.704 0.697 0.690 0.677 0.656 0.634 0.613 0.591 0.569 0.541 0.504 0.467 0.429 0.390 0.350 0.315 0.289 0.263 0.237 0.211 0.185 0.162 0.142 0.123 0.104 0.085 0.065 0.050 0.039 0.030 0.021 0.012 0.004 0.000 0.000 0.000 0.000 0.000 0.000 0.000 0.000 0.000 0.000 0.000 0.000 0.000 0.000 0.000 0.000 0.000 0.000 0.006 0.018 0.032 0.047 0.062 0.078 0.089 0.094 0.100 0.108 0.117 0.129 0.134
0.557 0.588 0.619 0.646 0.663 0.680 0.696 0.710 0.724 0.731 0.725 0.718 0.711 0.705 0.698 0.687 0.665 0.644 0.622 0.600 0.578 0.551 0.512 0.471 0.430 0.388 0.345 0.307 0.281 0.255 0.229 0.203 0.178 0.154 0.134 0.115 0.095 0.075 0.055 0.039 0.031 0.023 0.016 0.009 0.004 0.000 0.000 0.000 0.000 0.000 0.000 0.000 0.000 0.000 0.000 0.000 0.000 0.000 0.000 0.000 0.000 0.000 0.000 0.005 0.022 0.040 0.060 0.081 0.103 0.122 0.132 0.144 0.158 0.173 0.190 0.200
0.585 0.614 0.643 0.669 0.684 0.697 0.710 0.721 0.732 0.740 0.733 0.726 0.719 0.713 0.706 0.697 0.675 0.653 0.631 0.609 0.587 0.562 0.519 0.472 0.426 0.380 0.336 0.295 0.269 0.244 0.218 0.194 0.169 0.145 0.125 0.105 0.085 0.065 0.045 0.027 0.021 0.015 0.011 0.006 0.003 0.000 0.000 0.000 0.000 0.000 0.000 0.000 0.000 0.000 0.000 0.000 0.000 0.000 0.000 0.000 0.000 0.000 0.000 0.004 0.026 0.049 0.074 0.100 0.127 0.154 0.169 0.187 0.206 0.227 0.249 0.267
0.613 0.641 0.667 0.694 0.705 0.715 0.725 0.733 0.741 0.748 0.741 0.734 0.727 0.721 0.714 0.705 0.678 0.651 0.623 0.595 0.567 0.538 0.493 0.449 0.405 0.363 0.321 0.281 0.256 0.232 0.207 0.184 0.160 0.137 0.117 0.096 0.076 0.056 0.035 0.015 0.011 0.007 0.005 0.003 0.001 0.000 0.000 0.000 0.000 0.000 0.000 0.000 0.000 0.000 0.000 0.000 0.000 0.000 0.000 0.000 0.000 0.000 0.000 0.001 0.028 0.056 0.086 0.117 0.150 0.183 0.205 0.228 0.253 0.279 0.307 0.334
0.643 0.668 0.692 0.716 0.727 0.734 0.741 0.746 0.750 0.752 0.744 0.733 0.721 0.707 0.692 0.676 0.650 0.622 0.593 0.564 0.535 0.506 0.466 0.424 0.384 0.344 0.306 0.268 0.243 0.219 0.196 0.173 0.151 0.128 0.108 0.087 0.067 0.046 0.025 0.004 0.000 0.000 0.000 0.000 0.000 0.000 0.000 0.000 0.000 0.000 0.000 0.000 0.000 0.000 0.000 0.000 0.000 0.000 0.000 0.000 0.000 0.000 0.000 0.000 0.029 0.063 0.097 0.134 0.171 0.211 0.239 0.267 0.298 0.337 0.394 0.458
0.673 0.696 0.718 0.741 0.751 0.753 0.755 0.754 0.753 0.749 0.738 0.722 0.706 0.688 0.669 0.649 0.622 0.593 0.563 0.534 0.504 0.474 0.437 0.399 0.362 0.325 0.290 0.255 0.229 0.206 0.184 0.163 0.141 0.120 0.098 0.077 0.057 0.038 0.020 0.004 0.000 0.000 0.000 0.000 0.000 0.000 0.000 0.000 0.000 0.000 0.000 0.000 0.000 0.000 0.000 0.000 0.000 0.000 0.000 0.000 0.000 0.000 0.000 0.000 0.029 0.067 0.109 0.155 0.204 0.258 0.311 0.372 0.440 0.515 0.599 0.690
0.702 0.724 0.745 0.767 0.776 0.774 0.769 0.764 0.757 0.748 0.733 0.713 0.692 0.670 0.647 0.622 0.594 0.564 0.534 0.504 0.473 0.442 0.408 0.373 0.339 0.305 0.272 0.239 0.211 0.188 0.165 0.142 0.120 0.097 0.078 0.061 0.045 0.030 0.017 0.005 0.000 0.000 0.000 0.000 0.000 0.000 0.000 0.000 0.000 0.000 0.000 0.000 0.000 0.000 0.000 0.000 0.000 0.000 0.000 0.000 0.000 0.000 0.000 0.000 0.031 0.083 0.138 0.196 0.259 0.325 0.401 0.488 0.583 0.686 0.796 0.914
0.731 0.752 0.773 0.793 0.803 0.795 0.786 0.775 0.762 0.748 0.730 0.705 0.680 0.654 0.626 0.597 0.567 0.536 0.505 0.474 0.442 0.410 0.376 0.343 0.309 0.277 0.244 0.213 0.185 0.163 0.140 0.118 0.096 0.074 0.056 0.044 0.032 0.021 0.012 0.004 0.000 0.000 0.000 0.000 0.000 0.000 0.000 0.000 0.000 0.000 0.000 0.000 0.000 0.000 0.000 0.000 0.000 0.000 0.000 0.000 0.000 0.000 0.000 0.000 0.031 0.095 0.163 0.234 0.309 0.388 0.483 0.598 0.719 0.849 0.986 1.131
0.760 0.780 0.800 0.820 0.832 0.819 0.804 0.787 0.769 0.750 0.727 0.699 0.671 0.643 0.613 0.580 0.546 0.514 0.481 0.447 0.412 0.377 0.341 0.309 0.278 0.247 0.216 0.186 0.159 0.137 0.115 0.094 0.073 0.052 0.034 0.025 0.018 0.011 0.006 0.002 0.000 0.000 0.000 0.000 0.000 0.000 0.000 0.000 0.000 0.000 0.000 0.000 0.000 0.000 0.000 0.000 0.000 0.000 0.000 0.000 0.000 0.000 0.000 0.000 0.028 0.105 0.185 0.269 0.357 0.448 0.558 0.699 0.848 1.005 1.169 1.341
0.790 0.809 0.828 0.847 0.863 0.844 0.826 0.807 0.789 0.771 0.752 0.721 0.687 0.651 0.612 0.572 0.530 0.495 0.458 0.421 0.383 0.344 0.305 0.275 0.245 0.216 0.187 0.159 0.132 0.111 0.090 0.069 0.049 0.028 0.011 0.006 0.002 0.000 0.000 0.000 0.000 0.000 0.000 0.000 0.000 0.000 0.000 0.000 0.000 0.000 0.000 0.000 0.000 0.000 0.000 0.000 0.000 0.000 0.000 0.000 0.000 0.000 0.000 0.000 0.021 0.110 0.203 0.300 0.400 0.504 0.627 0.805 0.998 1.207 1.430 1.670
0.803 0.821 0.841 0.863 0.887 0.872 0.855 0.837 0.819 0.802 0.785 0.747 0.705 0.661 0.615 0.566 0.515 0.476 0.437 0.396 0.355 0.313 0.270 0.241 0.213 0.185 0.158 0.132 0.106 0.085 0.065 0.047 0.030 0.015 0.000 0.000 0.000 0.000 0.000 0.000 0.000 0.000 0.000 0.000 0.000 0.000 0.000 0.000 0.000 0.000 0.000 0.000 0.000 0.000 0.000 0.000 0.000 0.000 0.000 0.000 0.000 0.000 0.000 0.000 0.010 0.114 0.223 0.337 0.456 0.580 0.720 0.951 1.198 1.459 1.737 2.029
