DATA/SHG/CPC/2018/20180429.asc
ncols        190
nrows        64
xllcorner    -5100000.000000000000
yllcorner    4130000.000000000000
cellsize     10000.000000000000
NODATA_value  -99999.000
[rows 0 to 33 of 64, columns 0 to 75 of 190]
0.003 0.006 0.009 0.013 0.018 0.022 0.024 0.025 0.027 0.028 0.029 0.030 0.042 0.058 0.076 0.094 0.112 0.132 0.196 0.282 0.373 0.468 0.568 0.672 0.788 0.909 1.028 1.146 1.263 1.380 1.482 1.573 1.661 1.745 1.825 1.907 1.975 2.035 2.092 2.147 2.198 2.248 2.283 2.309 2.335 2.362 2.390 2.418 2.447 2.476 2.506 2.537 2.569 2.602 2.635 2.668 2.702 2.737 2.773 2.809 2.833 2.841 2.849 2.858 2.866 2.874 2.870 2.849 2.829 2.810 2.792 2.776 2.750 2.706 2.662 2.619
0.007 0.012 0.016 0.020 0.024 0.028 0.031 0.032 0.033 0.033 0.034 0.035 0.046 0.066 0.086 0.106 0.128 0.150 0.215 0.317 0.424 0.534 0.649 0.769 0.889 1.005 1.121 1.236 1.353 1.470 1.572 1.655 1.735 1.811 1.883 1.952 2.012 2.063 2.110 2.156 2.199 2.239 2.273 2.301 2.329 2.359 2.389 2.419 2.450 2.483 2.517 2.551 2.587 2.623 2.660 2.696 2.733 2.770 2.808 2.843 2.864 2.865 2.866 2.868 2.870 2.873 2.871 2.854 2.838 2.823 2.810 2.798 2.779 2.737 2.694 2.653
0.014 0.019 0.023 0.027 0.031 0.035 0.037 0.038 0.039 0.039 0.040 0.040 0.050 0.072 0.095 0.118 0.143 0.168 0.230 0.347 0.472 0.603 0.735 0.869 0.998 1.115 1.232 1.349 1.466 1.583 1.685 1.755 1.822 1.885 1.945 2.001 2.051 2.093 2.131 2.168 2.201 2.233 2.262 2.292 2.323 2.354 2.387 2.419 2.453 2.489 2.526 2.564 2.601 2.637 2.673 2.705 2.736 2.767 2.796 2.826 2.850 2.852 2.855 2.859 2.863 2.868 2.871 2.858 2.846 2.836 2.827 2.819 2.809 2.767 2.726 2.686
0.022 0.026 0.029 0.033 0.037 0.041 0.044 0.044 0.045 0.045 0.045 0.045 0.053 0.079 0.110 0.145 0.184 0.226 0.295 0.428 0.563 0.700 0.838 0.977 1.113 1.230 1.346 1.463 1.579 1.696 1.801 1.859 1.913 1.963 2.010 2.054 2.093 2.125 2.155 2.182 2.207 2.229 2.250 2.283 2.316 2.350 2.384 2.416 2.448 2.484 2.521 2.557 2.594 2.632 2.669 2.698 2.727 2.755 2.782 2.809 2.834 2.839 2.844 2.849 2.855 2.862 2.869 2.860 2.853 2.847 2.842 2.839 2.836 2.798 2.758 2.719
0.029 0.033 0.036 0.040 0.044 0.047 0.051 0.051 0.052 0.053 0.054 0.055 0.061 0.102 0.146 0.195 0.248 0.304 0.373 0.512 0.653 0.795 0.938 1.083 1.227 1.344 1.460 1.576 1.692 1.808 1.921 1.966 2.007 2.045 2.079 2.110 2.137 2.161 2.191 2.215 2.233 2.246 2.254 2.287 2.319 2.350 2.380 2.409 2.437 2.474 2.511 2.549 2.587 2.626 2.664 2.692 2.719 2.744 2.769 2.793 2.817 2.825 2.832 2.839 2.847 2.855 2.864 2.862 2.859 2.858 2.860 2.863 2.867 2.838 2.803 2.769
0.038 0.042 0.046 0.050 0.054 0.057 0.059 0.060 0.061 0.062 0.063 0.064 0.066 0.120 0.179 0.241 0.308 0.378 0.453 0.595 0.741 0.888 1.037 1.188 1.340 1.458 1.574 1.690 1.805 1.921 2.037 2.084 2.121 2.157 2.191 2.225 2.257 2.274 2.284 2.289 2.289 2.283 2.272 2.294 2.323 2.351 2.377 2.403 2.428 2.463 2.502 2.541 2.580 2.620 2.659 2.687 2.711 2.734 2.756 2.778 2.799 2.810 2.820 2.832 2.845 2.858 2.873 2.879 2.882 2.887 2.892 2.898 2.905 2.884 2.852 2.821
0.053 0.057 0.060 0.062 0.064 0.066 0.068 0.069 0.070 0.071 0.073 0.074 0.076 0.134 0.207 0.283 0.364 0.448 0.536 0.675 0.827 0.980 1.134 1.291 1.451 1.579 1.698 1.818 1.939 2.061 2.183 2.238 2.271 2.302 2.332 2.361 2.388 2.392 2.383 2.369 2.350 2.325 2.294 2.303 2.328 2.352 2.376 2.398 2.419 2.453 2.492 2.532 2.572 2.613 2.654 2.681 2.702 2.723 2.745 2.768 2.791 2.809 2.823 2.838 2.854 2.871 2.889 2.900 2.907 2.914 2.922 2.931 2.941 2.929 2.900 2.872
0.068 0.071 0.073 0.074 0.075 0.076 0.076 0.077 0.079 0.080 0.082 0.084 0.086 0.144 0.230 0.321 0.418 0.521 0.628 0.772 0.931 1.091 1.252 1.413 1.575 1.711 1.833 1.956 2.079 2.204 2.329 2.394 2.422 2.449 2.474 2.498 2.520 2.515 2.488 2.454 2.416 2.372 2.323 2.312 2.334 2.355 2.375 2.394 2.409 2.435 2.473 2.512 2.551 2.592 2.633 2.664 2.687 2.711 2.735 2.760 2.785 2.807 2.825 2.843 2.863 2.883 2.904 2.920 2.930 2.941 2.952 2.964 2.977 2.973 2.947 2.922
0.082 0.086 0.087 0.087 0.087 0.086 0.085 0.086 0.087 0.091 0.094 0.098 0.102 0.159 0.265 0.376 0.491 0.612 0.738 0.883 1.045 1.207 1.370 1.534 1.698 1.843 1.967 2.092 2.218 2.345 2.473 2.552 2.575 2.596 2.617 2.636 2.654 2.644 2.597 2.545 2.488 2.426 2.362 2.333 2.350 2.364 2.373 2.380 2.382 2.398 2.439 2.481 2.523 2.566 2.610 2.647 2.672 2.698 2.724 2.751 2.779 2.804 2.825 2.847 2.870 2.894 2.919 2.940 2.952 2.966 2.981 2.996 3.011 3.006 2.974 2.942
0.097 0.101 0.102 0.103 0.103 0.102 0.102 0.102 0.106 0.111 0.115 0.120 0.124 0.175 0.298 0.426 0.560 0.698 0.841 0.994 1.158 1.323 1.488 1.654 1.820 1.973 2.100 2.228 2.357 2.486 2.616 2.710 2.728 2.744 2.753 2.759 2.764 2.746 2.683 2.619 2.554 2.487 2.420 2.372 2.377 2.377 2.375 2.369 2.359 2.361 2.404 2.449 2.494 2.540 2.587 2.629 2.657 2.685 2.713 2.742 2.772 2.801 2.825 2.851 2.877 2.901 2.921 2.939 2.946 2.953 2.961 2.969 2.977 2.980 2.952 2.925
0.124 0.129 0.129 0.127 0.126 0.124 0.121 0.121 0.125 0.130 0.135 0.141 0.146 0.185 0.325 0.471 0.622 0.778 0.939 1.105 1.271 1.437 1.605 1.773 1.942 2.103 2.233 2.362 2.489 2.615 2.740 2.841 2.846 2.849 2.849 2.848 2.843 2.827 2.760 2.691 2.622 2.551 2.478 2.414 2.406 2.395 2.380 2.361 2.339 2.322 2.369 2.416 2.464 2.513 2.563 2.611 2.640 2.670 2.696 2.717 2.739 2.762 2.781 2.802 2.824 2.847 2.873 2.898 2.906 2.915 2.924 2.933 2.943 2.952 2.929 2.907
0.154 0.157 0.155 0.152 0.149 0.146 0.142 0.138 0.144 0.150 0.156 0.162 0.168 0.189 0.348 0.511 0.680 0.853 1.032 1.216 1.387 1.559 1.731 1.903 2.075 2.244 2.369 2.493 2.614 2.734 2.852 2.964 2.961 2.956 2.948 2.938 2.925 2.909 2.838 2.765 2.690 2.615 2.538 2.460 2.440 2.416 2.388 2.357 2.323 2.285 2.333 2.376 2.414 2.452 2.489 2.527 2.549 2.572 2.597 2.624 2.654 2.685 2.709 2.735 2.763 2.792 2.823 2.855 2.866 2.876 2.887 2.898 2.909 2.921 2.904 2.887
0.184 0.186 0.182 0.178 0.173 0.168 0.163 0.156 0.162 0.169 0.175 0.182 0.197 0.217 0.393 0.579 0.768 0.959 1.153 1.348 1.522 1.694 1.867 2.039 2.211 2.384 2.508 2.625 2.741 2.855 2.967 3.078 3.079 3.065 3.049 3.031 3.010 2.987 2.917 2.839 2.760 2.680 2.599 2.516 2.473 2.429 2.380 2.325 2.264 2.197 2.218 2.256 2.293 2.331 2.368 2.405 2.434 2.464 2.497 2.531 2.566 2.604 2.636 2.667 2.700 2.735 2.771 2.809 2.825 2.837 2.849 2.861 2.874 2.887 2.879 2.866
0.215 0.214 0.210 0.204 0.198 0.191 0.183 0.175 0.185 0.203 0.226 0.253 0.284 0.320 0.481 0.676 0.872 1.072 1.273 1.477 1.657 1.829 2.002 2.175 2.348 2.521 2.648 2.759 2.869 2.977 3.083 3.188 3.198 3.176 3.152 3.126 3.097 3.073 3.011 2.930 2.844 2.751 2.652 2.548 2.475 2.412 2.342 2.267 2.186 2.100 2.099 2.136 2.173 2.210 2.246 2.283 2.318 2.355 2.394 2.435 2.478 2.522 2.561 2.598 2.637 2.677 2.718 2.761 2.785 2.781 2.774 2.767 2.761 2.754 2.728 2.692
0.252 0.246 0.238 0.230 0.221 0.212 0.202 0.191 0.207 0.241 0.278 0.321 0.367 0.418 0.567 0.769 0.974 1.182 1.391 1.603 1.791 1.964 2.137 2.310 2.484 2.657 2.789 2.895 2.998 3.101 3.210 3.318 3.348 3.327 3.304 3.278 3.251 3.221 3.150 3.049 2.941 2.828 2.709 2.584 2.484 2.400 2.311 2.215 2.114 2.008 1.981 2.017 2.053 2.089 2.125 2.161 2.200 2.244 2.290 2.337 2.387 2.439 2.469 2.493 2.518 2.544 2.570 2.597 2.606 2.599 2.593 2.586 2.580 2.573 2.550 2.511
0.297 0.281 0.267 0.257 0.246 0.234 0.221 0.208 0.225 0.273 0.326 0.384 0.445 0.511 0.650 0.860 1.073 1.289 1.506 1.726 1.924 2.098 2.273 2.455 2.637 2.820 2.968 3.077 3.184 3.289 3.393 3.495 3.537 3.508 3.477 3.443 3.408 3.370 3.295 3.173 3.045 2.911 2.772 2.626 2.498 2.395 2.285 2.170 2.049 1.922 1.862 1.898 1.934 1.969 2.004 2.028 2.057 2.093 2.130 2.166 2.202 2.238 2.271 2.297 2.324 2.352 2.380 2.409 2.424 2.418 2.411 2.405 2.399 2.392 2.373 2.332
0.346 0.320 0.297 0.284 0.271 0.257 0.242 0.226 0.238 0.301 0.369 0.442 0.518 0.599 0.730 0.954 1.188 1.420 1.652 1.882 2.096 2.278 2.462 2.646 2.830 3.015 3.174 3.277 3.379 3.479 3.577 3.674 3.728 3.691 3.652 3.611 3.567 3.521 3.445 3.303 3.154 3.000 2.840 2.674 2.519 2.395 2.265 2.129 1.984 1.832 1.728 1.754 1.777 1.799 1.818 1.835 1.856 1.892 1.928 1.965 2.001 2.038 2.072 2.101 2.130 2.160 2.190 2.221 2.243 2.237 2.230 2.224 2.218 2.212 2.197 2.154
0.398 0.361 0.327 0.312 0.296 0.280 0.263 0.245 0.254 0.348 0.447 0.551 0.660 0.775 0.916 1.147 1.377 1.606 1.834 2.061 2.279 2.464 2.649 2.835 3.022 3.209 3.381 3.479 3.575 3.670 3.763 3.854 3.921 3.877 3.829 3.780 3.729 3.675 3.602 3.439 3.272 3.102 2.921 2.731 2.540 2.391 2.236 2.073 1.904 1.727 1.575 1.593 1.609 1.623 1.634 1.643 1.655 1.691 1.728 1.764 1.801 1.837 1.873 1.904 1.935 1.967 2.000 2.033 2.062 2.055 2.049 2.043 2.036 2.017 1.992 1.932
0.453 0.407 0.362 0.352 0.345 0.342 0.343 0.347 0.360 0.472 0.589 0.711 0.838 0.971 1.113 1.340 1.567 1.792 2.017 2.240 2.461 2.648 2.836 3.024 3.213 3.403 3.589 3.682 3.773 3.862 3.950 4.036 4.117 4.076 4.041 3.999 3.950 3.894 3.828 3.642 3.447 3.241 3.025 2.799 2.565 2.392 2.212 2.025 1.831 1.630 1.425 1.435 1.443 1.449 1.453 1.455 1.454 1.491 1.527 1.564 1.600 1.637 1.674 1.707 1.740 1.773 1.802 1.829 1.854 1.837 1.817 1.796 1.772 1.747 1.720 1.657
0.509 0.459 0.408 0.406 0.412 0.421 0.434 0.450 0.470 0.589 0.725 0.865 1.011 1.161 1.317 1.534 1.757 1.979 2.200 2.420 2.639 2.832 3.022 3.212 3.403 3.595 3.799 3.917 4.025 4.135 4.246 4.358 4.471 4.437 4.378 4.311 4.237 4.156 4.068 3.862 3.631 3.390 3.139 2.878 2.607 2.399 2.195 1.983 1.765 1.540 1.307 1.280 1.280 1.278 1.274 1.268 1.260 1.290 1.330 1.371 1.408 1.443 1.474 1.503 1.529 1.553 1.575 1.596 1.614 1.595 1.569 1.541 1.511 1.479 1.446 1.384
0.566 0.513 0.458 0.456 0.474 0.496 0.521 0.549 0.581 0.702 0.855 1.013 1.177 1.346 1.520 1.729 1.949 2.167 2.385 2.610 2.846 3.064 3.274 3.484 3.695 3.906 4.118 4.255 4.368 4.482 4.597 4.714 4.833 4.805 4.721 4.629 4.530 4.425 4.312 4.091 3.825 3.549 3.263 2.966 2.660 2.414 2.185 1.949 1.706 1.457 1.200 1.139 1.150 1.155 1.152 1.142 1.125 1.145 1.178 1.208 1.235 1.258 1.278 1.299 1.318 1.335 1.351 1.364 1.376 1.356 1.323 1.289 1.252 1.214 1.174 1.112
0.624 0.567 0.509 0.502 0.533 0.566 0.604 0.644 0.689 0.808 0.979 1.156 1.323 1.492 1.665 1.869 2.100 2.342 2.595 2.859 3.133 3.372 3.583 3.796 4.008 4.221 4.435 4.591 4.708 4.827 4.947 5.069 5.192 5.180 5.071 4.954 4.831 4.701 4.563 4.331 4.029 3.718 3.396 3.065 2.733 2.460 2.226 1.989 1.749 1.505 1.258 1.153 1.139 1.118 1.090 1.055 1.012 1.008 1.030 1.048 1.064 1.076 1.085 1.097 1.109 1.120 1.128 1.135 1.140 1.119 1.079 1.038 0.995 0.950 0.904 0.841
0.683 0.622 0.561 0.545 0.586 0.625 0.666 0.707 0.749 0.849 1.021 1.195 1.373 1.553 1.736 1.956 2.225 2.505 2.795 3.096 3.407 3.679 3.892 4.106 4.320 4.536 4.751 4.924 5.047 5.170 5.295 5.422 5.549 5.561 5.427 5.286 5.138 4.998 4.848 4.617 4.294 3.961 3.618 3.266 2.903 2.591 2.346 2.097 1.845 1.590 1.331 1.173 1.135 1.089 1.035 0.975 0.907 0.874 0.885 0.892 0.897 0.898 0.896 0.897 0.903 0.906 0.908 0.908 0.906 0.894 0.874 0.853 0.833 0.812 0.791 0.759
0.723 0.657 0.591 0.557 0.599 0.642 0.686 0.731 0.778 0.865 1.047 1.232 1.420 1.610 1.804 2.032 2.338 2.655 2.983 3.321 3.670 3.984 4.200 4.415 4.632 4.849 5.066 5.256 5.383 5.512 5.678 5.843 6.007 6.077 5.934 5.777 5.607 5.422 5.224 4.970 4.613 4.245 3.868 3.480 3.083 2.725 2.468 2.208 1.944 1.677 1.407 1.201 1.138 1.066 0.988 0.902 0.810 0.743 0.743 0.739 0.733 0.723 0.720 0.728 0.748 0.767 0.787 0.806 0.825 0.831 0.811 0.790 0.769 0.748 0.728 0.697
0.740 0.676 0.612 0.565 0.611 0.657 0.705 0.755 0.805 0.877 1.069 1.265 1.463 1.664 1.869 2.096 2.439 2.794 3.159 3.534 3.921 4.289 4.506 4.738 4.986 5.250 5.532 5.807 5.972 6.135 6.295 6.453 6.610 6.708 6.517 6.312 6.093 5.860 5.614 5.333 4.941 4.539 4.127 3.705 3.274 2.863 2.594 2.322 2.047 1.768 1.486 1.237 1.147 1.051 0.948 0.842 0.738 0.652 0.657 0.661 0.662 0.663 0.662 0.663 0.682 0.701 0.720 0.739 0.758 0.769 0.748 0.727 0.706 0.685 0.664 0.636
0.757 0.695 0.633 0.572 0.621 0.672 0.723 0.776 0.831 0.886 1.088 1.294 1.503 1.715 1.930 2.148 2.526 2.914 3.311 3.719 4.136 4.562 4.835 5.125 5.432 5.755 6.095 6.448 6.606 6.761 6.914 7.065 7.213 7.352 7.113 6.859 6.592 6.311 6.017 5.706 5.279 4.842 4.396 3.939 3.473 3.004 2.724 2.440 2.147 1.852 1.556 1.266 1.162 1.056 0.949 0.840 0.730 0.623 0.623 0.621 0.617 0.612 0.605 0.598 0.617 0.636 0.654 0.673 0.691 0.707 0.686 0.664 0.643 0.622 0.600 0.576
0.773 0.713 0.653 0.594 0.630 0.684 0.740 0.797 0.852 0.905 1.090 1.303 1.520 1.741 1.967 2.197 2.584 3.007 3.439 3.881 4.333 4.794 5.146 5.494 5.859 6.241 6.639 7.055 7.240 7.388 7.534 7.677 7.819 7.958 7.722 7.420 7.105 6.776 6.433 6.077 5.626 5.129 4.627 4.126 3.623 3.121 2.803 2.505 2.207 1.908 1.607 1.305 1.176 1.066 0.953 0.839 0.724 0.607 0.591 0.583 0.574 0.563 0.551 0.537 0.552 0.570 0.588 0.606 0.624 0.642 0.623 0.602 0.580 0.573 0.591 0.617
0.788 0.726 0.660 0.594 0.608 0.659 0.713 0.768 0.825 0.884 1.058 1.287 1.519 1.756 1.997 2.243 2.632 3.089 3.556 4.032 4.518 5.014 5.438 5.845 6.269 6.709 7.166 7.640 7.877 8.017 8.155 8.291 8.425 8.555 8.279 7.875 7.468 7.056 6.640 6.221 5.739 5.237 4.734 4.231 3.727 3.223 2.872 2.571 2.268 1.964 1.660 1.354 1.193 1.077 0.959 0.840 0.719 0.597 0.560 0.547 0.532 0.516 0.498 0.478 0.487 0.505 0.530 0.567 0.608 0.654 0.677 0.699 0.728 0.763 0.804 0.852
0.757 0.690 0.623 0.555 0.554 0.612 0.672 0.733 0.797 0.862 1.023 1.266 1.514 1.766 2.023 2.284 2.669 3.161 3.662 4.172 4.693 5.223 5.713 6.178 6.660 7.159 7.670 8.161 8.413 8.487 8.552 8.607 8.652 8.688 8.456 8.038 7.616 7.190 6.760 6.326 5.849 5.345 4.841 4.336 3.831 3.325 2.942 2.637 2.330 2.022 1.713 1.403 1.211 1.089 0.967 0.842 0.716 0.589 0.531 0.516 0.504 0.490 0.476 0.461 0.482 0.525 0.573 0.626 0.683 0.745 0.793 0.838 0.889 0.946 1.010 1.081
0.722 0.654 0.586 0.517 0.498 0.563 0.629 0.696 0.766 0.837 0.982 1.241 1.504 1.771 2.043 2.319 2.696 3.222 3.757 4.316 4.912 5.512 6.074 6.570 7.056 7.531 7.996 8.450 8.724 8.764 8.795 8.817 8.828 8.830 8.637 8.204 7.768 7.328 6.884 6.435 5.959 5.454 4.948 4.442 3.935 3.428 3.014 2.704 2.394 2.082 1.768 1.454 1.239 1.123 1.003 0.879 0.752 0.621 0.547 0.533 0.518 0.502 0.485 0.468 0.488 0.547 0.612 0.680 0.754 0.832 0.903 0.970 1.044 1.124 1.210 1.303
0.689 0.619 0.550 0.480 0.441 0.511 0.584 0.658 0.734 0.811 0.936 1.211 1.507 1.835 2.174 2.526 2.948 3.545 4.148 4.754 5.365 5.980 6.558 7.018 7.466 7.905 8.332 8.749 9.045 9.052 9.049 9.036 9.014 8.982 8.821 8.375 7.925 7.470 7.012 6.549 6.070 5.563 5.056 4.548 4.040 3.539 3.105 2.803 2.500 2.197 1.894 1.590 1.348 1.219 1.086 0.950 0.810 0.667 0.567 0.550 0.532 0.514 0.495 0.475 0.489 0.565 0.645 0.730 0.820 0.914 1.007 1.096 1.192 1.295 1.404 1.519
0.655 0.585 0.514 0.443 0.382 0.465 0.560 0.665 0.780 0.905 1.058 1.403 1.761 2.131 2.513 2.907 3.334 3.948 4.565 5.187 5.813 6.444 7.053 7.475 7.887 8.289 8.679 9.060 9.375 9.349 9.312 9.266 9.210 9.144 9.010 8.550 8.085 7.616 7.156 6.685 6.200 5.700 5.202 4.704 4.207 3.711 3.252 2.948 2.644 2.340 2.036 1.731 1.460 1.318 1.173 1.024 0.872 0.716 0.587 0.568 0.548 0.527 0.505 0.483 0.487 0.578 0.675 0.776 0.881 0.991 1.113 1.271 1.447 1.639 1.848 2.074
0.622 0.555 0.491 0.430 0.372 0.478 0.608 0.748 0.897 1.057 1.226 1.601 2.002 2.414 2.838 3.275 3.723 4.344 4.977 5.614 6.256 6.901 7.552 7.944 8.319 8.683 9.037 9.380 9.713 9.655 9.589 9.578 9.530 9.446 9.321 8.856 8.379 7.891 7.390 6.878 6.356 5.859 5.363 4.869 4.375 3.881 3.398 3.093 2.788 2.483 2.177 1.872 1.575 1.421 1.263 1.102 0.937 0.768 0.609 0.587 0.564 0.541 0.516 0.504 0.526 0.671 0.820 0.975 1.136 1.302 1.478 1.696 1.930 2.181 2.450 2.736
0.585 0.528 0.473 0.422 0.372 0.481 0.645 0.820 1.004 1.198 1.402 1.786 2.229 2.683 3.150 3.629 4.120 4.736 5.384 6.036 6.693 7.354 8.019 8.447 8.915 9.363 9.789 10.195 10.580 10.579 10.476 10.337 10.162 9.949 9.700 9.225 8.707 8.178 7.637 7.084 6.520 6.017 5.524 5.032 4.541 4.051 3.562 3.239 2.933 2.626 2.319 2.012 1.705 1.528 1.357 1.183 1.024 0.886 0.744 0.749 0.760 0.767 0.771 0.772 0.769 0.927 1.096 1.271 1.451 1.636 1.827 2.103 2.397 2.707 3.035 3.380
