DATA/SHG/CPC/2018/20180420.asc
ncols        190
nrows        64
xllcorner    -5100000.000000000000
yllcorner    4130000.000000000000
cellsize     10000.000000000000
NODATA_value  -99999.000
[rows 0 to 33 of 64, columns 75 to 149 of 190]
0.000 0.000 0.000 0.000 0.000 0.000 0.000 0.000 0.000 0.000 0.000 0.000 0.000 0.000 0.000 0.000 0.000 0.000 0.000 0.000 0.000 0.002 0.012 0.022 0.034 0.047 0.060 0.072 0.079 0.086 0.094 0.102 0.109 0.115 0.114 0.113 0.110 0.107 0.104 0.106 0.125 0.143 0.161 0.178 0.194 0.231 0.331 0.430 0.528 0.625 0.720 0.831 0.993 1.153 1.311 1.468 1.623 1.754 1.818 1.882 1.946 2.010 2.074 2.105 2.039 1.973 1.907 1.841 1.776 1.691 1.554 1.419 1.285 1.155 1.026
0.000 0.000 0.000 0.000 0.000 0.000 0.000 0.000 0.000 0.000 0.000 0.000 0.000 0.000 0.000 0.000 0.001 0.002 0.004 0.006 0.008 0.011 0.024 0.038 0.052 0.066 0.080 0.095 0.103 0.111 0.119 0.128 0.137 0.144 0.140 0.136 0.131 0.125 0.119 0.115 0.131 0.146 0.160 0.173 0.186 0.209 0.304 0.397 0.489 0.580 0.669 0.766 0.921 1.074 1.226 1.378 1.528 1.663 1.726 1.788 1.848 1.907 1.965 2.004 1.939 1.874 1.809 1.745 1.681 1.608 1.480 1.354 1.231 1.110 0.990
0.000 0.000 0.000 0.000 0.000 0.000 0.000 0.000 0.000 0.000 0.000 0.001 0.002 0.003 0.004 0.005 0.008 0.010 0.013 0.016 0.019 0.023 0.038 0.053 0.068 0.084 0.101 0.118 0.126 0.136 0.145 0.154 0.164 0.174 0.167 0.160 0.152 0.143 0.134 0.125 0.137 0.149 0.160 0.170 0.179 0.189 0.284 0.380 0.474 0.566 0.655 0.743 0.892 1.037 1.179 1.317 1.452 1.581 1.638 1.694 1.749 1.803 1.855 1.902 1.838 1.775 1.712 1.649 1.587 1.522 1.404 1.288 1.174 1.062 0.953
0.000 0.000 0.000 0.000 0.000 0.000 0.000 0.000 0.000 0.000 0.001 0.002 0.004 0.006 0.008 0.010 0.014 0.018 0.022 0.026 0.031 0.035 0.050 0.067 0.085 0.102 0.121 0.139 0.150 0.160 0.170 0.180 0.191 0.201 0.194 0.184 0.174 0.170 0.170 0.169 0.186 0.205 0.222 0.238 0.254 0.268 0.348 0.434 0.517 0.598 0.677 0.753 0.881 1.011 1.137 1.259 1.379 1.494 1.551 1.602 1.651 1.700 1.747 1.792 1.738 1.676 1.614 1.553 1.492 1.431 1.326 1.220 1.115 1.013 0.913
0.000 0.000 0.000 0.000 0.000 0.000 0.000 0.000 0.000 0.000 0.002 0.004 0.006 0.009 0.012 0.015 0.020 0.025 0.030 0.036 0.042 0.048 0.063 0.081 0.101 0.120 0.140 0.160 0.180 0.201 0.222 0.244 0.266 0.290 0.295 0.294 0.293 0.291 0.288 0.285 0.296 0.309 0.322 0.333 0.343 0.352 0.414 0.489 0.562 0.633 0.701 0.767 0.873 0.988 1.098 1.206 1.309 1.410 1.466 1.511 1.555 1.598 1.639 1.679 1.637 1.577 1.517 1.457 1.397 1.336 1.245 1.150 1.058 0.970 0.886
0.000 0.000 0.000 0.000 0.000 0.000 0.000 0.000 0.000 0.000 0.002 0.005 0.008 0.012 0.016 0.020 0.025 0.032 0.038 0.049 0.061 0.074 0.096 0.125 0.156 0.188 0.221 0.256 0.285 0.309 0.333 0.359 0.386 0.413 0.421 0.418 0.415 0.411 0.407 0.402 0.407 0.415 0.422 0.428 0.433 0.437 0.482 0.547 0.610 0.670 0.728 0.783 0.870 0.968 1.064 1.155 1.244 1.329 1.382 1.422 1.459 1.493 1.523 1.550 1.514 1.454 1.396 1.339 1.284 1.230 1.156 1.077 1.001 0.929 0.860
0.000 0.000 0.000 0.000 0.000 0.000 0.000 0.000 0.000 0.000 0.002 0.006 0.012 0.019 0.027 0.036 0.047 0.062 0.077 0.094 0.112 0.130 0.157 0.193 0.231 0.270 0.311 0.353 0.388 0.416 0.444 0.473 0.503 0.534 0.547 0.543 0.537 0.532 0.526 0.519 0.518 0.522 0.524 0.525 0.525 0.524 0.553 0.608 0.660 0.710 0.759 0.808 0.878 0.964 1.046 1.124 1.198 1.267 1.312 1.337 1.358 1.377 1.392 1.403 1.375 1.321 1.270 1.219 1.170 1.123 1.065 1.001 0.941 0.885 0.832
0.000 0.000 0.000 0.000 0.000 0.000 0.001 0.003 0.005 0.008 0.012 0.021 0.030 0.039 0.050 0.061 0.075 0.095 0.116 0.139 0.161 0.186 0.217 0.260 0.304 0.350 0.398 0.447 0.490 0.522 0.554 0.587 0.620 0.655 0.674 0.667 0.660 0.653 0.645 0.637 0.631 0.633 0.637 0.640 0.642 0.641 0.662 0.710 0.754 0.795 0.833 0.867 0.916 0.984 1.048 1.107 1.162 1.214 1.245 1.255 1.262 1.264 1.264 1.260 1.234 1.187 1.142 1.098 1.055 1.015 0.969 0.922 0.878 0.837 0.800
0.000 0.000 0.000 0.000 0.001 0.003 0.006 0.009 0.013 0.018 0.024 0.035 0.047 0.059 0.072 0.085 0.102 0.127 0.154 0.181 0.210 0.239 0.274 0.324 0.376 0.429 0.484 0.540 0.592 0.626 0.662 0.699 0.739 0.784 0.816 0.815 0.814 0.813 0.812 0.812 0.812 0.811 0.809 0.805 0.800 0.793 0.798 0.831 0.860 0.887 0.910 0.930 0.959 1.008 1.053 1.094 1.132 1.164 1.183 1.177 1.168 1.156 1.140 1.121 1.092 1.051 1.013 0.975 0.939 0.905 0.871 0.839 0.811 0.789 0.769
0.000 0.000 0.000 0.000 0.001 0.005 0.010 0.015 0.021 0.028 0.035 0.049 0.063 0.077 0.093 0.109 0.127 0.158 0.190 0.223 0.257 0.292 0.330 0.391 0.457 0.525 0.595 0.666 0.735 0.779 0.824 0.869 0.914 0.960 0.999 0.998 0.998 0.998 0.999 0.999 0.999 0.991 0.982 0.971 0.959 0.945 0.937 0.955 0.970 0.982 0.991 0.996 1.005 1.036 1.063 1.086 1.105 1.120 1.124 1.103 1.079 1.051 1.020 0.985 0.956 0.932 0.908 0.886 0.864 0.843 0.824 0.805 0.788 0.771 0.755
0.000 0.000 0.000 0.000 0.000 0.006 0.013 0.021 0.028 0.037 0.046 0.062 0.078 0.095 0.113 0.134 0.157 0.199 0.245 0.293 0.343 0.396 0.451 0.522 0.596 0.671 0.748 0.826 0.905 0.951 0.997 1.043 1.089 1.136 1.181 1.182 1.182 1.183 1.185 1.186 1.187 1.172 1.156 1.139 1.120 1.099 1.079 1.083 1.083 1.081 1.075 1.065 1.055 1.068 1.077 1.079 1.078 1.076 1.068 1.040 1.012 0.984 0.956 0.928 0.901 0.881 0.861 0.843 0.825 0.809 0.793 0.779 0.765 0.752 0.741
0.000 0.000 0.000 0.000 0.000 0.007 0.016 0.025 0.036 0.047 0.059 0.078 0.101 0.126 0.152 0.180 0.210 0.262 0.320 0.380 0.442 0.507 0.574 0.652 0.733 0.815 0.899 0.984 1.071 1.122 1.169 1.216 1.263 1.311 1.359 1.364 1.366 1.368 1.370 1.372 1.375 1.355 1.332 1.308 1.282 1.254 1.215 1.193 1.170 1.146 1.120 1.093 1.064 1.060 1.055 1.047 1.038 1.027 1.014 0.986 0.958 0.930 0.901 0.873 0.845 0.829 0.814 0.799 0.786 0.773 0.761 0.751 0.741 0.733 0.725
0.000 0.000 0.001 0.002 0.003 0.011 0.023 0.035 0.047 0.060 0.074 0.098 0.127 0.158 0.191 0.225 0.262 0.321 0.391 0.464 0.538 0.615 0.695 0.780 0.867 0.957 1.047 1.140 1.234 1.293 1.340 1.389 1.437 1.486 1.534 1.547 1.549 1.540 1.529 1.518 1.506 1.471 1.430 1.388 1.345 1.301 1.257 1.226 1.197 1.165 1.133 1.098 1.062 1.047 1.033 1.018 1.000 0.981 0.960 0.932 0.904 0.875 0.847 0.818 0.790 0.776 0.765 0.754 0.745 0.736 0.729 0.722 0.717 0.712 0.709
0.001 0.003 0.004 0.006 0.008 0.017 0.030 0.044 0.058 0.073 0.089 0.116 0.151 0.189 0.228 0.269 0.311 0.377 0.459 0.544 0.630 0.720 0.812 0.905 1.000 1.096 1.194 1.294 1.385 1.442 1.480 1.517 1.554 1.590 1.626 1.630 1.618 1.606 1.593 1.579 1.565 1.530 1.486 1.440 1.394 1.347 1.300 1.261 1.224 1.186 1.147 1.105 1.063 1.036 1.014 0.990 0.964 0.937 0.907 0.878 0.849 0.821 0.792 0.763 0.734 0.722 0.715 0.709 0.704 0.713 0.721 0.732 0.746 0.762 0.780
0.003 0.005 0.007 0.010 0.013 0.022 0.037 0.053 0.069 0.086 0.103 0.132 0.174 0.217 0.263 0.310 0.359 0.430 0.524 0.616 0.709 0.804 0.900 0.994 1.085 1.176 1.268 1.360 1.452 1.515 1.552 1.587 1.623 1.658 1.693 1.701 1.687 1.672 1.657 1.641 1.625 1.590 1.542 1.494 1.444 1.394 1.343 1.297 1.254 1.209 1.162 1.114 1.064 1.027 0.997 0.965 0.930 0.894 0.856 0.824 0.804 0.787 0.773 0.762 0.754 0.758 0.766 0.774 0.782 0.790 0.797 0.815 0.839 0.865 0.893
0.004 0.007 0.010 0.014 0.018 0.027 0.044 0.061 0.079 0.098 0.117 0.146 0.192 0.239 0.287 0.336 0.386 0.453 0.550 0.648 0.748 0.849 0.952 1.052 1.145 1.237 1.331 1.424 1.518 1.589 1.624 1.658 1.692 1.726 1.760 1.772 1.755 1.738 1.721 1.703 1.684 1.651 1.600 1.548 1.495 1.441 1.387 1.335 1.285 1.233 1.179 1.114 1.050 1.000 0.963 0.930 0.899 0.871 0.845 0.830 0.824 0.820 0.820 0.823 0.830 0.838 0.845 0.853 0.860 0.867 0.874 0.896 0.930 0.966 1.004
0.005 0.009 0.013 0.018 0.022 0.029 0.046 0.063 0.081 0.099 0.118 0.144 0.194 0.244 0.296 0.350 0.404 0.470 0.573 0.679 0.785 0.893 1.003 1.110 1.204 1.298 1.393 1.489 1.584 1.663 1.696 1.729 1.762 1.795 1.827 1.843 1.824 1.805 1.786 1.765 1.745 1.711 1.641 1.570 1.498 1.426 1.352 1.281 1.218 1.155 1.094 1.034 0.976 0.930 0.906 0.885 0.866 0.850 0.836 0.832 0.840 0.851 0.865 0.882 0.902 0.917 0.924 0.931 0.938 0.945 0.951 0.975 1.019 1.064 1.112
0.004 0.008 0.011 0.014 0.017 0.021 0.040 0.058 0.077 0.097 0.117 0.140 0.194 0.249 0.305 0.362 0.420 0.485 0.595 0.707 0.820 0.935 1.052 1.167 1.263 1.359 1.455 1.552 1.649 1.737 1.769 1.801 1.831 1.849 1.867 1.875 1.839 1.802 1.765 1.725 1.685 1.637 1.562 1.487 1.410 1.333 1.255 1.181 1.122 1.065 1.009 0.954 0.900 0.858 0.846 0.837 0.830 0.826 0.825 0.832 0.853 0.878 0.906 0.937 0.971 0.997 1.003 1.010 1.016 1.022 1.028 1.052 1.105 1.164 1.305
0.003 0.005 0.008 0.010 0.012 0.013 0.033 0.053 0.073 0.094 0.115 0.137 0.193 0.252 0.312 0.373 0.436 0.499 0.615 0.733 0.854 0.975 1.099 1.222 1.310 1.397 1.483 1.568 1.653 1.736 1.754 1.771 1.787 1.803 1.818 1.829 1.789 1.746 1.703 1.659 1.613 1.563 1.484 1.404 1.324 1.242 1.159 1.080 1.026 0.974 0.923 0.873 0.824 0.784 0.784 0.786 0.791 0.799 0.810 0.828 0.863 0.902 0.944 0.989 1.038 1.110 1.165 1.234 1.318 1.417 1.531 1.665 1.822 1.985 2.154
0.002 0.003 0.005 0.006 0.007 0.008 0.026 0.047 0.069 0.091 0.113 0.136 0.192 0.255 0.319 0.383 0.445 0.507 0.614 0.729 0.844 0.959 1.074 1.188 1.277 1.361 1.445 1.528 1.611 1.694 1.715 1.729 1.743 1.757 1.770 1.782 1.739 1.692 1.643 1.593 1.542 1.490 1.407 1.323 1.238 1.152 1.065 0.978 0.929 0.882 0.835 0.790 0.746 0.706 0.718 0.733 0.755 0.782 0.815 0.857 0.934 1.022 1.121 1.231 1.351 1.478 1.599 1.734 1.885 2.050 2.230 2.422 2.607 2.798 2.996
0.001 0.002 0.002 0.002 0.002 0.002 0.018 0.041 0.064 0.088 0.112 0.135 0.186 0.247 0.309 0.370 0.430 0.491 0.589 0.702 0.816 0.929 1.042 1.154 1.244 1.326 1.408 1.489 1.570 1.650 1.677 1.689 1.701 1.712 1.722 1.733 1.692 1.639 1.585 1.529 1.473 1.415 1.331 1.243 1.153 1.063 0.972 0.877 0.827 0.784 0.743 0.703 0.666 0.631 0.663 0.704 0.750 0.803 0.860 0.923 1.047 1.183 1.329 1.485 1.653 1.831 2.017 2.219 2.436 2.667 2.914 3.171 3.384 3.604 3.830
0.000 0.001 0.005 0.007 0.009 0.010 0.024 0.047 0.070 0.092 0.113 0.133 0.177 0.237 0.297 0.357 0.416 0.475 0.564 0.676 0.788 0.899 1.010 1.121 1.212 1.292 1.371 1.450 1.529 1.606 1.639 1.649 1.658 1.667 1.676 1.683 1.645 1.587 1.521 1.454 1.385 1.314 1.225 1.131 1.036 0.943 0.850 0.757 0.709 0.675 0.642 0.612 0.584 0.557 0.603 0.669 0.740 0.817 0.899 0.987 1.149 1.332 1.525 1.729 1.944 2.169 2.420 2.688 2.971 3.269 3.581 3.909 4.155 4.403 4.657
0.029 0.030 0.031 0.030 0.029 0.027 0.035 0.056 0.076 0.096 0.114 0.132 0.169 0.228 0.286 0.344 0.402 0.459 0.540 0.650 0.760 0.870 0.979 1.088 1.181 1.259 1.336 1.412 1.488 1.561 1.596 1.598 1.599 1.599 1.597 1.594 1.552 1.481 1.408 1.334 1.258 1.181 1.094 1.002 0.910 0.818 0.727 0.637 0.589 0.563 0.540 0.518 0.499 0.482 0.538 0.628 0.724 0.826 0.933 1.045 1.240 1.470 1.711 1.962 2.223 2.496 2.808 3.142 3.491 3.854 4.438 5.106 5.605 6.025 6.397
0.062 0.060 0.058 0.054 0.050 0.045 0.047 0.066 0.083 0.100 0.116 0.132 0.161 0.218 0.275 0.332 0.388 0.444 0.517 0.625 0.735 0.842 0.948 1.052 1.144 1.216 1.287 1.356 1.425 1.492 1.530 1.526 1.520 1.513 1.505 1.495 1.454 1.376 1.297 1.216 1.134 1.050 0.962 0.872 0.782 0.693 0.604 0.516 0.467 0.450 0.436 0.423 0.413 0.404 0.467 0.582 0.703 0.829 0.960 1.097 1.320 1.689 2.150 2.680 3.277 3.942 4.616 5.293 5.994 6.717 7.464 8.233 8.622 8.826 8.980
0.095 0.091 0.085 0.079 0.072 0.064 0.060 0.076 0.091 0.105 0.119 0.132 0.156 0.222 0.286 0.346 0.403 0.457 0.519 0.622 0.723 0.822 0.920 1.015 1.102 1.169 1.235 1.299 1.363 1.425 1.465 1.455 1.443 1.429 1.415 1.398 1.358 1.274 1.188 1.100 1.011 0.921 0.831 0.742 0.655 0.568 0.481 0.395 0.343 0.335 0.330 0.326 0.336 0.355 0.453 0.652 0.876 1.126 1.401 1.702 2.193 2.887 3.649 4.479 5.376 6.342 7.209 7.988 8.790 9.615 10.463 11.334 11.683 11.670 11.608
0.130 0.122 0.114 0.104 0.094 0.090 0.101 0.133 0.161 0.184 0.204 0.220 0.235 0.291 0.343 0.392 0.439 0.482 0.526 0.621 0.714 0.804 0.893 0.980 1.062 1.124 1.185 1.244 1.302 1.359 1.403 1.386 1.367 1.347 1.326 1.303 1.264 1.173 1.080 0.986 0.890 0.793 0.698 0.622 0.551 0.481 0.411 0.342 0.301 0.320 0.343 0.369 0.398 0.430 0.561 0.872 1.210 1.572 1.960 2.373 3.020 4.015 5.077 6.207 7.404 8.670 9.776 10.656 11.560 12.486 13.435 14.408 14.789 14.559 14.281
0.230 0.245 0.256 0.264 0.270 0.273 0.274 0.290 0.304 0.314 0.320 0.322 0.319 0.361 0.403 0.442 0.477 0.510 0.539 0.622 0.707 0.789 0.869 0.947 1.023 1.080 1.136 1.190 1.243 1.295 1.342 1.318 1.293 1.267 1.245 1.224 1.194 1.109 1.024 0.939 0.854 0.771 0.689 0.620 0.552 0.484 0.417 0.350 0.304 0.337 0.374 0.414 0.457 0.503 0.643 1.067 1.516 1.991 2.491 3.017 3.778 5.072 6.434 7.864 9.362 10.927 12.316 13.298 14.303 15.331 16.381 17.455 17.938 17.492 16.997
0.457 0.468 0.470 0.469 0.465 0.459 0.450 0.451 0.451 0.447 0.439 0.427 0.411 0.435 0.466 0.494 0.519 0.540 0.559 0.626 0.702 0.775 0.847 0.916 0.984 1.046 1.108 1.168 1.226 1.282 1.337 1.320 1.296 1.270 1.241 1.211 1.178 1.095 1.012 0.929 0.847 0.765 0.684 0.617 0.552 0.486 0.422 0.358 0.304 0.351 0.401 0.455 0.512 0.572 0.698 1.234 1.796 2.384 2.996 3.634 4.465 6.059 7.721 9.451 11.248 13.113 14.874 16.119 17.342 18.541 19.717 20.870 21.465 20.713 19.874
0.679 0.694 0.686 0.676 0.663 0.647 0.628 0.615 0.601 0.583 0.561 0.535 0.506 0.511 0.532 0.549 0.563 0.584 0.602 0.663 0.742 0.820 0.899 0.976 1.054 1.115 1.168 1.220 1.270 1.318 1.364 1.347 1.313 1.278 1.240 1.200 1.158 1.082 1.000 0.919 0.839 0.759 0.679 0.614 0.551 0.488 0.426 0.365 0.304 0.361 0.426 0.493 0.564 0.637 0.727 1.376 2.050 2.778 3.677 4.636 5.730 7.822 9.980 12.203 14.491 16.845 19.095 20.238 21.357 22.453 23.526 24.575 25.213 24.071 22.841
0.897 0.922 0.905 0.885 0.862 0.837 0.809 0.782 0.755 0.725 0.712 0.683 0.639 0.627 0.646 0.663 0.677 0.689 0.697 0.745 0.822 0.899 0.976 1.052 1.128 1.185 1.231 1.274 1.315 1.355 1.393 1.376 1.333 1.288 1.241 1.192 1.141 1.068 0.988 0.909 0.830 0.752 0.674 0.610 0.549 0.489 0.430 0.371 0.319 0.426 0.577 0.752 0.951 1.173 1.420 2.338 3.380 4.481 5.641 6.860 8.138 10.481 12.928 15.439 18.016 20.659 23.335 24.374 25.390 26.383 27.352 28.298 29.043 27.511 25.891
1.111 1.152 1.134 1.154 1.167 1.175 1.176 1.163 1.127 1.076 1.009 0.926 0.828 0.771 0.781 0.788 0.793 0.796 0.795 0.828 0.903 0.979 1.053 1.128 1.202 1.258 1.295 1.330 1.363 1.394 1.424 1.408 1.355 1.301 1.245 1.186 1.125 1.053 0.976 0.904 0.869 0.823 0.768 0.734 0.717 0.704 0.696 0.693 0.694 0.868 1.125 1.405 1.710 2.038 2.390 3.456 4.759 6.121 7.542 9.022 10.561 13.070 15.805 18.605 21.471 24.402 27.398 28.528 29.441 30.331 31.197 32.040 32.860 31.034 29.024
1.593 1.716 1.721 1.719 1.711 1.697 1.677 1.635 1.545 1.440 1.319 1.183 1.031 0.917 0.918 0.916 0.912 0.905 0.895 0.911 0.985 1.058 1.131 1.204 1.277 1.333 1.361 1.388 1.413 1.436 1.465 1.530 1.541 1.543 1.536 1.519 1.493 1.451 1.391 1.321 1.241 1.151 1.051 1.004 1.007 1.014 1.026 1.043 1.064 1.285 1.647 2.033 2.443 2.877 3.334 4.512 6.076 7.698 9.380 11.120 12.920 15.588 18.612 21.701 24.855 28.074 31.359 32.700 33.510 34.296 35.060 35.799 36.289 34.002 31.298
2.162 2.330 2.313 2.290 2.260 2.224 2.182 2.121 1.977 1.818 1.643 1.453 1.248 1.065 1.057 1.046 1.033 1.017 0.998 0.994 1.066 1.142 1.256 1.373 1.493 1.607 1.706 1.814 1.932 2.060 2.198 2.290 2.260 2.221 2.172 2.115 2.048 1.965 1.861 1.747 1.623 1.489 1.345 1.268 1.291 1.319 1.351 1.387 1.429 1.676 2.143 2.635 3.150 3.689 4.252 5.505 7.329 9.213 11.155 13.156 15.215 18.037 21.349 24.629 27.773 30.883 33.958 35.113 35.347 35.531 35.666 35.752 35.787 33.805 31.148
2.723 2.949 2.910 2.865 2.814 2.756 2.693 2.620 2.422 2.210 1.981 1.738 1.478 1.216 1.218 1.232 1.252 1.277 1.307 1.341 1.462 1.586 1.713 1.843 1.975 2.111 2.253 2.404 2.566 2.737 2.918 3.058 2.988 2.908 2.819 2.720 2.613 2.490 2.342 2.184 2.015 1.837 1.649 1.528 1.571 1.618 1.670 1.727 1.788 2.041 2.614 3.211 3.832 4.476 5.170 6.506 8.578 10.656 12.740 14.830 16.926 19.528 22.589 25.614 28.606 31.562 34.483 35.755 35.770 35.736 35.652 35.518 35.335 33.597 30.989
