DATA/SHG/CPC/2018/20180411.asc
ncols        190
nrows        64
xllcorner    -5100000.000000000000
yllcorner    4130000.000000000000
cellsize     10000.000000000000
NODATA_value  -99999.000
[rows 0 to 33 of 64, columns 0 to 74 of 190]
0.125 0.147 0.170 0.196 0.225 0.257 0.296 0.339 0.384 0.431 0.479 0.529 0.596 0.673 0.755 0.840 0.930 1.024 1.149 1.292 1.445 1.607 1.778 1.958 2.007 1.982 1.954 1.920 1.882 1.840 1.704 1.505 1.294 1.070 0.834 0.614 0.490 0.429 0.357 0.275 0.181 0.077 0.025 0.021 0.017 0.012 0.007 0.003 0.000 0.000 0.000 0.000 0.000 0.000 0.000 0.000 0.000 0.000 0.000 0.000 0.000 0.000 0.000 0.000 0.000 0.000 0.000 0.000 0.000 0.000 0.000 0.000 0.000 0.000 0.000
0.159 0.190 0.221 0.255 0.289 0.326 0.369 0.418 0.469 0.521 0.575 0.631 0.707 0.799 0.895 0.996 1.101 1.210 1.353 1.529 1.713 1.907 2.109 2.321 2.407 2.367 2.321 2.276 2.245 2.212 2.094 1.880 1.654 1.418 1.170 0.911 0.723 0.624 0.514 0.394 0.263 0.121 0.030 0.026 0.020 0.015 0.010 0.004 0.000 0.000 0.000 0.000 0.000 0.000 0.000 0.000 0.000 0.000 0.000 0.000 0.000 0.000 0.000 0.000 0.000 0.000 0.000 0.000 0.000 0.000 0.000 0.000 0.000 0.000 0.000
0.201 0.237 0.274 0.312 0.352 0.393 0.440 0.495 0.552 0.610 0.670 0.732 0.813 0.920 1.031 1.147 1.266 1.390 1.548 1.755 1.984 2.237 2.492 2.747 2.897 2.865 2.831 2.793 2.753 2.711 2.598 2.344 2.080 1.804 1.517 1.220 0.966 0.830 0.682 0.524 0.355 0.175 0.036 0.030 0.024 0.018 0.012 0.005 0.000 0.000 0.000 0.000 0.000 0.000 0.000 0.000 0.000 0.000 0.000 0.000 0.000 0.000 0.000 0.000 0.000 0.000 0.000 0.000 0.000 0.000 0.000 0.000 0.000 0.000 0.000
0.242 0.282 0.324 0.367 0.412 0.458 0.510 0.571 0.633 0.697 0.763 0.830 0.914 1.051 1.208 1.377 1.557 1.749 1.965 2.220 2.476 2.734 2.992 3.252 3.445 3.404 3.360 3.313 3.264 3.211 3.112 2.819 2.516 2.201 1.875 1.539 1.221 1.046 0.861 0.665 0.458 0.240 0.041 0.035 0.028 0.028 0.023 0.013 0.000 0.000 0.000 0.000 0.000 0.000 0.000 0.000 0.000 0.000 0.000 0.000 0.000 0.000 0.000 0.000 0.000 0.000 0.000 0.000 0.000 0.000 0.000 0.000 0.000 0.000 0.000
0.281 0.326 0.373 0.421 0.471 0.522 0.589 0.673 0.760 0.850 0.944 1.041 1.152 1.339 1.537 1.747 1.968 2.201 2.446 2.706 2.966 3.228 3.491 3.755 3.996 3.945 3.891 3.835 3.776 3.714 3.637 3.305 2.963 2.609 2.244 1.869 1.486 1.276 1.085 0.873 0.642 0.392 0.122 0.111 0.099 0.082 0.060 0.033 0.001 0.000 0.000 0.000 0.000 0.000 0.000 0.000 0.000 0.000 0.000 0.000 0.000 0.000 0.000 0.000 0.000 0.000 0.000 0.000 0.000 0.000 0.000 0.000 0.000 0.000 0.000
0.344 0.408 0.475 0.544 0.615 0.689 0.765 0.860 0.959 1.061 1.167 1.275 1.388 1.614 1.853 2.104 2.366 2.639 2.925 3.189 3.454 3.720 3.988 4.256 4.526 4.487 4.424 4.358 4.290 4.219 4.151 3.832 3.482 3.127 2.768 2.404 2.035 1.777 1.517 1.236 0.937 0.618 0.279 0.205 0.175 0.141 0.102 0.058 0.009 0.000 0.000 0.000 0.000 0.000 0.000 0.000 0.000 0.000 0.000 0.000 0.000 0.000 0.000 0.000 0.000 0.000 0.000 0.000 0.000 0.000 0.000 0.000 0.000 0.000 0.000
0.472 0.543 0.618 0.695 0.774 0.855 0.939 1.043 1.154 1.268 1.385 1.506 1.630 1.877 2.156 2.448 2.751 3.065 3.391 3.671 3.940 4.211 4.482 4.763 5.055 5.077 5.024 4.970 4.914 4.857 4.798 4.508 4.141 3.770 3.394 3.014 2.630 2.297 1.968 1.619 1.251 0.863 0.456 0.303 0.256 0.205 0.149 0.088 0.022 0.000 0.000 0.000 0.000 0.000 0.000 0.000 0.000 0.000 0.000 0.000 0.000 0.000 0.000 0.000 0.000 0.000 0.000 0.000 0.000 0.000 0.000 0.000 0.000 0.000 0.000
0.598 0.675 0.758 0.843 0.930 1.019 1.110 1.223 1.345 1.471 1.600 1.732 1.868 2.126 2.447 2.779 3.135 3.507 3.886 4.207 4.498 4.791 5.086 5.383 5.682 5.753 5.695 5.635 5.573 5.510 5.446 5.187 4.804 4.417 4.025 3.629 3.228 2.836 2.438 2.021 1.584 1.128 0.652 0.406 0.342 0.274 0.201 0.123 0.044 0.005 0.006 0.007 0.006 0.004 0.002 0.000 0.000 0.000 0.000 0.000 0.000 0.000 0.000 0.000 0.000 0.000 0.000 0.000 0.000 0.000 0.000 0.000 0.000 0.000 0.000
0.721 0.805 0.895 0.988 1.083 1.180 1.279 1.398 1.532 1.695 1.865 2.035 2.208 2.488 2.864 3.247 3.638 4.037 4.443 4.795 5.093 5.393 5.696 6.000 6.307 6.430 6.366 6.301 6.233 6.165 6.094 5.869 5.470 5.067 4.659 4.247 3.830 3.395 2.928 2.442 1.937 1.431 0.921 0.600 0.530 0.445 0.347 0.234 0.108 0.025 0.023 0.019 0.015 0.010 0.004 0.000 0.000 0.000 0.000 0.000 0.000 0.000 0.000 0.000 0.000 0.000 0.000 0.000 0.000 0.000 0.000 0.000 0.000 0.000 0.000
0.840 0.934 1.064 1.196 1.331 1.468 1.607 1.761 1.932 2.105 2.280 2.457 2.635 2.900 3.303 3.713 4.131 4.557 4.991 5.380 5.685 5.993 6.302 6.614 6.928 7.108 7.038 6.967 6.894 6.819 6.743 6.556 6.141 5.718 5.280 4.838 4.394 3.929 3.421 2.908 2.389 1.866 1.338 0.926 0.806 0.672 0.524 0.362 0.186 0.045 0.040 0.033 0.026 0.017 0.008 0.000 0.000 0.000 0.000 0.000 0.000 0.000 0.000 0.000 0.000 0.000 0.000 0.000 0.000 0.000 0.000 0.000 0.000 0.000 0.000
1.153 1.285 1.423 1.564 1.707 1.852 2.000 2.157 2.334 2.513 2.694 2.876 3.059 3.303 3.733 4.171 4.616 5.069 5.529 5.961 6.274 6.589 6.905 7.224 7.545 7.787 7.706 7.613 7.517 7.419 7.318 7.152 6.709 6.263 5.814 5.362 4.907 4.439 3.913 3.382 2.847 2.306 1.760 1.265 1.096 0.912 0.715 0.503 0.278 0.067 0.058 0.048 0.037 0.025 0.012 0.000 0.000 0.000 0.000 0.000 0.000 0.000 0.000 0.000 0.000 0.000 0.000 0.000 0.000 0.000 0.000 0.000 0.000 0.000 0.000
1.492 1.632 1.779 1.928 2.079 2.233 2.390 2.551 2.734 2.918 3.104 3.292 3.482 3.698 4.154 4.619 5.091 5.571 6.058 6.538 6.851 7.163 7.473 7.782 8.090 8.372 8.273 8.170 8.065 7.957 7.846 7.719 7.266 6.809 6.350 5.888 5.423 4.954 4.411 3.862 3.308 2.750 2.186 1.618 1.400 1.167 0.920 0.658 0.383 0.094 0.077 0.065 0.052 0.037 0.020 0.001 0.000 0.000 0.000 0.000 0.000 0.000 0.000 0.000 0.000 0.000 0.000 0.000 0.000 0.000 0.000 0.000 0.000 0.000 0.000
1.826 1.976 2.131 2.289 2.449 2.611 2.776 2.943 3.131 3.321 3.513 3.706 3.916 4.137 4.617 5.111 5.603 6.095 6.585 7.074 7.395 7.702 8.007 8.311 8.614 8.915 8.841 8.729 8.614 8.496 8.376 8.253 7.825 7.358 6.889 6.417 5.942 5.464 4.912 4.346 3.774 3.198 2.617 2.030 1.712 1.426 1.130 0.824 0.508 0.181 0.116 0.098 0.078 0.056 0.031 0.005 0.000 0.000 0.000 0.000 0.000 0.000 0.000 0.000 0.000 0.000 0.000 0.000 0.000 0.000 0.000 0.000 0.000 0.000 0.000
2.157 2.317 2.481 2.647 2.815 3.002 3.186 3.366 3.572 3.790 4.014 4.243 4.479 4.720 5.160 5.650 6.138 6.626 7.112 7.597 7.940 8.242 8.542 8.841 9.138 9.435 9.412 9.290 9.165 9.038 8.908 8.775 8.386 7.909 7.430 6.947 6.462 5.976 5.419 4.830 4.232 3.627 3.013 2.390 1.990 1.669 1.337 0.996 0.645 0.283 0.159 0.133 0.106 0.076 0.045 0.011 0.000 0.000 0.000 0.000 0.000 0.000 0.000 0.000 0.000 0.000 0.000 0.000 0.000 0.000 0.000 0.000 0.000 0.000 0.000
2.595 2.783 2.968 3.150 3.328 3.502 3.672 3.837 4.047 4.285 4.529 4.778 5.034 5.295 5.704 6.189 6.674 7.157 7.639 8.120 8.485 8.782 9.077 9.371 9.664 9.955 9.984 9.853 9.719 9.582 9.444 9.310 8.967 8.483 7.994 7.501 7.003 6.501 5.932 5.314 4.687 4.052 3.408 2.756 2.278 1.921 1.555 1.178 0.792 0.395 0.203 0.170 0.136 0.099 0.060 0.019 0.000 0.000 0.000 0.000 0.000 0.000 0.000 0.000 0.000 0.000 0.000 0.000 0.000 0.000 0.000 0.000 0.000 0.000 0.000
3.182 3.349 3.515 3.683 3.846 4.006 4.161 4.312 4.514 4.772 5.037 5.306 5.582 5.864 6.247 6.729 7.209 7.689 8.167 8.644 9.031 9.323 9.613 9.895 10.171 10.440 10.513 10.377 10.245 10.116 9.991 9.869 9.575 9.075 8.571 8.061 7.548 7.030 6.454 5.806 5.149 4.484 3.811 3.130 2.575 2.183 1.782 1.370 0.949 0.517 0.249 0.210 0.167 0.123 0.077 0.028 0.000 0.000 0.000 0.000 0.000 0.000 0.000 0.000 0.000 0.000 0.000 0.000 0.000 0.000 0.000 0.000 0.000 0.000 0.000
3.774 3.920 4.066 4.219 4.368 4.513 4.654 4.790 4.974 5.253 5.537 5.827 6.123 6.425 6.791 7.277 7.769 8.253 8.729 9.197 9.597 9.869 10.134 10.392 10.643 10.887 11.005 10.882 10.762 10.645 10.533 10.424 10.188 9.672 9.151 8.626 8.097 7.563 6.983 6.306 5.620 4.925 4.222 3.511 2.882 2.455 2.019 1.569 1.101 0.625 0.267 0.217 0.168 0.121 0.076 0.031 0.000 0.000 0.000 0.000 0.000 0.000 0.000 0.000 0.000 0.000 0.000 0.000 0.000 0.000 0.000 0.000 0.000 0.000 0.000
4.373 4.497 4.621 4.759 4.894 5.024 5.150 5.272 5.446 5.776 6.108 6.443 6.781 7.122 7.492 7.964 8.429 8.885 9.334 9.775 10.174 10.421 10.662 10.895 11.121 11.340 11.493 11.382 11.274 11.171 11.070 10.974 10.804 10.272 9.736 9.195 8.649 8.100 7.521 6.814 6.094 5.357 4.609 3.851 3.131 2.659 2.178 1.689 1.193 0.688 0.246 0.200 0.157 0.114 0.073 0.033 0.000 0.000 0.000 0.000 0.000 0.000 0.000 0.000 0.000 0.000 0.000 0.000 0.000 0.000 0.000 0.000 0.000 0.000 0.000
4.977 5.080 5.184 5.324 5.472 5.625 5.784 5.950 6.131 6.471 6.813 7.158 7.506 7.857 8.215 8.659 9.096 9.526 9.947 10.360 10.758 10.981 11.196 11.404 11.606 11.800 11.976 11.878 11.783 11.691 11.604 11.519 11.424 10.876 10.321 9.757 9.186 8.606 8.014 7.261 6.497 5.724 4.939 4.145 3.345 2.844 2.335 1.818 1.292 0.759 0.223 0.183 0.143 0.106 0.069 0.034 0.000 0.000 0.000 0.000 0.000 0.000 0.000 0.000 0.000 0.000 0.000 0.000 0.000 0.000 0.000 0.000 0.000 0.000 0.000
5.580 5.673 5.764 5.920 6.089 6.264 6.445 6.633 6.827 7.162 7.514 7.869 8.226 8.587 8.950 9.362 9.771 10.173 10.567 10.953 11.331 11.547 11.737 11.921 12.097 12.266 12.447 12.408 12.338 12.262 12.182 12.096 12.006 11.484 10.900 10.308 9.707 9.099 8.482 7.712 6.911 6.101 5.280 4.449 3.607 3.038 2.500 1.954 1.400 0.838 0.268 0.164 0.129 0.096 0.064 0.033 0.004 0.000 0.000 0.000 0.000 0.000 0.000 0.000 0.000 0.000 0.000 0.000 0.000 0.000 0.000 0.000 0.000 0.000 0.000
6.186 6.269 6.349 6.508 6.698 6.895 7.098 7.308 7.523 7.848 8.210 8.575 8.942 9.313 9.686 10.071 10.453 10.828 11.194 11.543 11.913 12.152 12.340 12.528 12.714 12.899 13.083 13.068 12.980 12.887 12.789 12.686 12.579 12.100 11.487 10.866 10.237 9.600 8.954 8.172 7.336 6.488 5.631 4.763 3.884 3.239 2.673 2.099 1.516 0.925 0.327 0.150 0.130 0.105 0.077 0.046 0.010 0.000 0.000 0.000 0.000 0.000 0.000 0.000 0.000 0.000 0.000 0.000 0.000 0.000 0.000 0.000 0.000 0.000 0.000
6.795 6.867 6.936 7.088 7.300 7.519 7.744 7.975 8.212 8.531 8.903 9.276 9.562 9.854 10.150 10.473 10.831 11.213 11.620 12.051 12.508 12.808 12.993 13.176 13.359 13.540 13.720 13.731 13.626 13.516 13.400 13.280 13.155 12.724 12.082 11.432 10.774 10.108 9.434 8.643 7.770 6.886 5.992 5.087 4.171 3.450 2.863 2.274 1.681 1.085 0.487 0.226 0.192 0.155 0.114 0.069 0.021 0.000 0.000 0.000 0.000 0.000 0.000 0.000 0.000 0.000 0.000 0.000 0.000 0.000 0.000 0.000 0.000 0.000 0.000
7.406 7.467 7.526 7.660 7.882 8.047 8.207 8.361 8.509 8.719 9.013 9.312 9.617 9.926 10.241 10.608 11.052 11.521 12.014 12.532 13.075 13.465 13.645 13.825 14.003 14.181 14.357 14.399 14.276 14.149 14.016 13.879 13.737 13.355 12.685 12.006 11.319 10.622 9.908 9.099 8.185 7.264 6.336 5.401 4.458 3.671 3.074 2.474 1.871 1.265 0.657 0.304 0.258 0.208 0.154 0.096 0.035 0.000 0.000 0.000 0.000 0.000 0.000 0.000 0.000 0.000 0.000 0.000 0.000 0.000 0.000 0.000 0.000 0.000 0.000
7.846 7.834 7.813 7.840 7.991 8.136 8.275 8.408 8.535 8.713 9.025 9.343 9.665 9.993 10.326 10.717 11.247 11.803 12.382 12.987 13.616 14.122 14.298 14.474 14.648 14.822 14.994 15.071 14.931 14.786 14.637 14.494 14.356 14.048 13.342 12.620 11.881 11.126 10.354 9.522 8.583 7.636 6.682 5.721 4.752 3.894 3.287 2.676 2.063 1.448 0.829 0.387 0.327 0.264 0.197 0.127 0.053 0.000 0.000 0.000 0.000 0.000 0.000 0.000 0.000 0.000 0.000 0.000 0.000 0.000 0.000 0.000 0.000 0.000 0.000
8.099 8.057 8.006 7.976 8.106 8.230 8.348 8.461 8.567 8.701 9.032 9.368 9.708 10.054 10.405 10.799 11.416 12.057 12.723 13.414 14.129 14.779 14.942 15.043 15.173 15.331 15.517 15.672 15.531 15.395 15.265 15.139 15.019 14.798 14.035 13.255 12.458 11.646 10.817 9.953 8.988 8.015 7.035 6.048 5.054 4.120 3.502 2.882 2.259 1.633 1.004 0.472 0.400 0.324 0.244 0.160 0.073 0.000 0.000 0.000 0.000 0.000 0.000 0.000 0.000 0.000 0.000 0.000 0.000 0.000 0.000 0.000 0.000 0.000 0.000
8.360 8.289 8.208 8.120 8.227 8.331 8.428 8.520 8.605 8.685 9.033 9.387 9.746 10.110 10.479 10.841 11.483 12.131 12.786 13.448 14.116 14.786 14.959 15.159 15.388 15.646 15.931 16.239 16.116 15.998 15.886 15.778 15.676 15.564 14.743 13.906 13.052 12.182 11.295 10.391 9.400 8.401 7.396 6.383 5.363 4.348 3.721 3.090 2.444 1.799 1.159 0.544 0.458 0.370 0.279 0.187 0.092 0.000 0.000 0.000 0.000 0.000 0.000 0.000 0.000 0.000 0.000 0.000 0.000 0.000 0.000 0.000 0.000 0.000 0.000
8.631 8.529 8.420 8.301 8.355 8.438 8.514 8.585 8.636 8.664 8.944 9.271 9.597 9.923 10.247 10.570 11.186 11.858 12.536 13.222 13.913 14.612 14.945 15.245 15.574 15.930 16.315 16.729 16.694 16.595 16.500 16.411 16.327 16.248 15.468 14.573 13.662 12.734 11.790 10.830 9.819 8.756 7.689 6.621 5.554 4.486 3.797 3.159 2.526 1.897 1.274 0.655 0.509 0.414 0.316 0.216 0.114 0.010 0.000 0.000 0.000 0.000 0.000 0.000 0.000 0.000 0.000 0.000 0.000 0.000 0.000 0.000 0.000 0.000 0.000
8.910 8.752 8.575 8.398 8.365 8.395 8.419 8.439 8.454 8.463 8.691 9.015 9.338 9.660 9.981 10.302 10.882 11.578 12.280 12.988 13.704 14.426 14.902 15.301 15.729 16.185 16.669 17.182 17.267 17.185 17.109 17.038 16.972 16.908 16.132 15.115 14.091 13.061 12.023 10.979 9.916 8.848 7.780 6.712 5.644 4.576 3.840 3.219 2.603 1.991 1.385 0.783 0.563 0.460 0.354 0.247 0.138 0.026 0.000 0.000 0.000 0.000 0.000 0.000 0.000 0.000 0.000 0.000 0.000 0.000 0.000 0.000 0.000 0.000 0.000
8.856 8.680 8.504 8.330 8.257 8.269 8.276 8.279 8.276 8.269 8.438 8.759 9.080 9.399 9.717 10.035 10.572 11.291 12.016 12.748 13.487 14.233 14.828 15.327 15.854 16.409 16.992 17.581 17.765 17.643 17.510 17.364 17.207 17.037 16.355 15.314 14.265 13.210 12.148 11.079 10.009 8.940 7.872 6.803 5.734 4.666 3.878 3.274 2.674 2.080 1.490 0.906 0.618 0.508 0.395 0.280 0.163 0.044 0.000 0.000 0.000 0.000 0.000 0.000 0.000 0.000 0.000 0.000 0.000 0.000 0.000 0.000 0.000 0.000 0.000
8.780 8.606 8.434 8.261 8.154 8.149 8.139 8.124 8.105 8.080 8.187 8.505 8.822 9.139 9.454 9.769 10.254 10.997 11.746 12.521 13.340 14.163 14.888 15.477 16.066 16.657 17.249 17.843 18.114 17.951 17.775 17.588 17.389 17.178 16.585 15.519 14.447 13.367 12.281 11.187 10.102 9.033 7.964 6.895 5.825 4.756 3.911 3.324 2.741 2.164 1.591 1.024 0.667 0.541 0.416 0.295 0.175 0.058 0.000 0.000 0.000 0.000 0.000 0.000 0.000 0.000 0.000 0.000 0.000 0.000 0.000 0.000 0.000 0.000 0.000
8.704 8.533 8.362 8.192 8.057 8.035 8.008 7.975 7.938 7.897 7.937 8.252 8.591 8.963 9.341 9.726 10.227 11.048 11.872 12.699 13.527 14.359 15.127 15.720 16.314 16.909 17.505 18.103 18.475 18.270 18.053 17.825 17.584 17.332 16.823 15.732 14.635 13.531 12.420 11.302 10.195 9.126 8.056 6.986 5.916 4.838 3.920 3.338 2.760 2.185 1.614 1.047 0.636 0.518 0.402 0.288 0.177 0.069 0.000 0.000 0.000 0.000 0.000 0.000 0.000 0.000 0.000 0.000 0.000 0.000 0.000 0.000 0.000 0.000 0.000
8.627 8.458 8.290 8.123 7.965 7.925 7.894 7.876 7.873 7.883 7.938 8.320 8.708 9.104 9.506 9.916 10.375 11.205 12.038 12.873 13.711 14.551 15.364 15.961 16.559 17.159 17.760 18.362 18.848 18.601 18.343 18.073 17.791 17.497 17.067 15.953 14.831 13.702 12.573 11.422 10.265 9.185 8.105 7.023 5.941 4.857 3.870 3.301 2.736 2.174 1.617 1.063 0.603 0.493 0.385 0.280 0.177 0.077 0.000 0.000 0.000 0.000 0.000 0.000 0.000 0.000 0.000 0.000 0.000 0.000 0.000 0.000 0.000 0.000 0.000
8.398 8.217 8.057 7.919 7.802 7.797 7.814 7.845 7.889 7.948 8.020 8.406 8.818 9.238 9.664 10.097 10.537 11.359 12.201 13.045 13.892 14.741 15.593 16.201 16.803 17.407 18.012 18.618 19.226 18.944 18.650 18.424 18.157 17.847 17.488 16.348 15.185 13.998 12.788 11.554 10.302 9.219 8.135 7.050 5.964 4.878 3.816 3.260 2.708 2.160 1.616 1.076 0.568 0.466 0.366 0.269 0.175 0.082 0.000 0.000 0.000 0.000 0.000 0.000 0.001 0.002 0.002 0.002 0.002 0.001 0.000 0.000 0.000 0.000 0.000
7.915 7.809 7.724 7.661 7.620 7.654 7.719 7.798 7.891 7.998 8.118 8.484 8.921 9.364 9.814 10.271 10.735 11.510 12.360 13.214 14.069 14.928 15.788 16.465 17.216 17.963 18.704 19.439 20.170 20.035 19.705 19.333 18.918 18.462 17.964 16.834 15.588 14.319 13.026 11.710 10.370 9.253 8.166 7.078 5.989 4.899 3.809 3.215 2.677 2.142 1.611 1.084 0.561 0.436 0.345 0.256 0.171 0.088 0.007 0.003 0.004 0.005 0.006 0.007 0.008 0.008 0.007 0.006 0.004 0.002 0.000 0.000 0.000 0.000 0.000
