DATA/SHG/CPC/2018/20180714.asc
ncols        190
nrows        64
xllcorner    -5100000.000000000000
yllcorner    4130000.000000000000
cellsize     10000.000000000000
NODATA_value  -99999.000
[rows 0 to 32 of 64, columns 0 to 72 of 190]
0.000 0.000 0.000 0.000 0.000 0.000 0.003 0.007 0.012 0.016 0.021 0.025 0.055 0.096 0.138 0.181 0.226 0.273 0.425 0.624 0.828 1.036 1.249 1.467 1.826 2.259 2.695 3.134 3.576 4.021 4.388 4.703 5.013 5.319 5.620 5.923 6.150 6.323 6.495 6.667 6.837 7.006 7.116 7.177 7.238 7.299 7.359 7.419 7.476 7.534 7.596 7.662 7.731 7.805 7.904 8.034 8.170 8.310 8.456 8.608 8.693 8.688 8.683 8.678 8.673 8.668 8.594 8.424 8.263 8.109 7.964 7.828 7.639
0.000 0.000 0.000 0.000 0.000 0.000 0.003 0.008 0.012 0.017 0.023 0.028 0.057 0.103 0.151 0.200 0.252 0.304 0.446 0.662 0.882 1.106 1.336 1.570 1.913 2.357 2.804 3.254 3.708 4.162 4.544 4.848 5.151 5.452 5.752 6.049 6.290 6.460 6.629 6.797 6.964 7.130 7.253 7.313 7.373 7.432 7.491 7.550 7.612 7.684 7.759 7.838 7.921 8.008 8.116 8.265 8.419 8.579 8.743 8.880 8.937 8.875 8.818 8.765 8.716 8.671 8.602 8.461 8.328 8.204 8.088 7.980 7.837
0.000 0.000 0.000 0.000 0.000 0.000 0.002 0.008 0.013 0.019 0.024 0.030 0.056 0.108 0.162 0.218 0.275 0.334 0.462 0.694 0.933 1.180 1.434 1.693 2.028 2.482 2.936 3.390 3.844 4.298 4.700 4.998 5.295 5.591 5.884 6.176 6.430 6.597 6.763 6.928 7.092 7.255 7.390 7.449 7.507 7.565 7.623 7.681 7.744 7.829 7.918 8.010 8.094 8.169 8.251 8.369 8.481 8.585 8.682 8.773 8.834 8.787 8.744 8.706 8.671 8.641 8.602 8.490 8.386 8.290 8.203 8.124 8.033
0.000 0.000 0.000 0.000 0.000 0.000 0.002 0.008 0.014 0.020 0.026 0.032 0.054 0.112 0.173 0.237 0.305 0.375 0.495 0.752 1.015 1.283 1.558 1.839 2.163 2.617 3.071 3.525 3.980 4.434 4.857 5.150 5.441 5.731 6.019 6.305 6.571 6.734 6.897 7.059 7.220 7.380 7.527 7.584 7.642 7.708 7.769 7.823 7.873 7.951 8.024 8.093 8.157 8.216 8.274 8.367 8.454 8.534 8.606 8.672 8.728 8.695 8.667 8.642 8.622 8.606 8.594 8.511 8.436 8.369 8.310 8.260 8.218
0.000 0.000 0.000 0.000 0.000 0.000 0.001 0.007 0.013 0.019 0.025 0.031 0.045 0.114 0.186 0.262 0.340 0.422 0.528 0.806 1.090 1.380 1.676 1.978 2.298 2.752 3.206 3.661 4.115 4.569 5.015 5.302 5.588 5.872 6.154 6.435 6.712 6.875 7.058 7.239 7.417 7.593 7.766 7.825 7.875 7.918 7.955 7.984 8.007 8.067 8.124 8.176 8.224 8.267 8.305 8.372 8.434 8.489 8.537 8.578 8.612 8.599 8.585 8.575 8.570 8.568 8.571 8.524 8.478 8.450 8.445 8.442 8.443
0.000 0.000 0.000 0.000 0.000 0.000 0.000 0.006 0.012 0.017 0.023 0.028 0.034 0.113 0.197 0.283 0.373 0.466 0.561 0.854 1.159 1.470 1.788 2.111 2.441 2.887 3.341 3.796 4.250 4.704 5.164 5.485 5.789 6.091 6.394 6.695 6.996 7.188 7.362 7.535 7.705 7.872 8.037 8.090 8.116 8.135 8.147 8.152 8.151 8.187 8.228 8.264 8.295 8.322 8.345 8.383 8.421 8.451 8.475 8.491 8.501 8.499 8.521 8.564 8.609 8.656 8.704 8.715 8.714 8.716 8.720 8.728 8.739
0.000 0.000 0.000 0.000 0.000 0.000 0.000 0.005 0.010 0.015 0.021 0.026 0.031 0.109 0.203 0.301 0.402 0.505 0.612 0.895 1.221 1.554 1.893 2.244 2.610 3.061 3.535 4.012 4.491 4.973 5.457 5.802 6.103 6.403 6.703 7.002 7.300 7.503 7.669 7.833 7.994 8.154 8.310 8.361 8.363 8.358 8.346 8.327 8.301 8.311 8.336 8.356 8.371 8.382 8.388 8.425 8.474 8.520 8.561 8.598 8.632 8.672 8.719 8.769 8.820 8.874 8.929 8.956 8.965 8.977 8.993 9.011 9.033
0.000 0.000 0.000 0.000 0.000 0.000 0.000 0.004 0.009 0.014 0.019 0.023 0.028 0.101 0.207 0.315 0.432 0.556 0.685 0.967 1.329 1.700 2.078 2.463 2.857 3.308 3.791 4.276 4.764 5.254 5.746 6.119 6.418 6.716 7.013 7.309 7.605 7.820 7.977 8.133 8.286 8.437 8.585 8.639 8.617 8.588 8.551 8.508 8.476 8.486 8.524 8.560 8.595 8.627 8.659 8.693 8.728 8.759 8.786 8.809 8.828 8.862 8.916 8.972 9.030 9.090 9.151 9.193 9.213 9.236 9.262 9.291 9.323
0.000 0.000 0.000 0.000 0.000 0.000 0.000 0.003 0.008 0.013 0.020 0.027 0.035 0.106 0.232 0.365 0.503 0.646 0.795 1.068 1.458 1.855 2.261 2.674 3.095 3.553 4.044 4.538 5.033 5.532 6.032 6.437 6.733 7.028 7.323 7.616 7.909 8.138 8.288 8.435 8.580 8.696 8.811 8.859 8.823 8.798 8.782 8.775 8.778 8.798 8.830 8.860 8.888 8.915 8.941 8.964 8.985 9.002 9.015 9.023 9.028 9.049 9.110 9.173 9.237 9.303 9.372 9.428 9.458 9.491 9.528 9.567 9.606
0.000 0.000 0.000 0.000 0.000 0.000 0.000 0.003 0.011 0.019 0.028 0.038 0.049 0.112 0.259 0.410 0.568 0.730 0.899 1.160 1.578 2.003 2.436 2.876 3.325 3.794 4.294 4.796 5.300 5.806 6.315 6.755 7.048 7.337 7.603 7.866 8.126 8.341 8.456 8.571 8.684 8.796 8.907 8.983 8.981 8.989 9.007 9.034 9.070 9.110 9.136 9.161 9.183 9.204 9.224 9.240 9.246 9.248 9.247 9.241 9.231 9.235 9.302 9.371 9.442 9.515 9.586 9.648 9.669 9.684 9.694 9.697 9.695
0.000 0.000 0.000 0.000 0.000 0.000 0.000 0.003 0.013 0.024 0.036 0.049 0.063 0.113 0.279 0.450 0.627 0.809 0.996 1.245 1.689 2.142 2.602 3.070 3.546 4.033 4.540 5.044 5.541 6.032 6.518 6.958 7.220 7.479 7.734 7.986 8.235 8.459 8.571 8.681 8.790 8.897 9.004 9.098 9.129 9.171 9.222 9.282 9.352 9.424 9.444 9.463 9.480 9.495 9.508 9.518 9.510 9.498 9.483 9.467 9.450 9.439 9.511 9.582 9.651 9.719 9.785 9.846 9.846 9.841 9.829 9.812 9.789
0.000 0.000 0.000 0.000 0.000 0.000 0.000 0.001 0.015 0.029 0.043 0.059 0.075 0.108 0.293 0.483 0.680 0.881 1.088 1.330 1.817 2.306 2.798 3.293 3.791 4.290 4.779 5.261 5.738 6.209 6.674 7.125 7.376 7.623 7.868 8.109 8.347 8.579 8.686 8.792 8.896 9.000 9.102 9.202 9.268 9.343 9.427 9.521 9.625 9.738 9.754 9.764 9.771 9.778 9.785 9.790 9.774 9.756 9.737 9.716 9.694 9.670 9.732 9.798 9.862 9.924 9.985 10.044 10.029 10.003 9.971 9.933 9.889
0.000 0.000 0.000 0.000 0.000 0.000 0.000 0.000 0.015 0.032 0.049 0.068 0.099 0.138 0.352 0.580 0.814 1.054 1.299 1.549 2.028 2.528 3.029 3.534 4.041 4.551 5.023 5.485 5.941 6.392 6.836 7.275 7.535 7.771 8.005 8.235 8.462 8.686 8.803 8.904 9.004 9.103 9.201 9.297 9.412 9.533 9.653 9.772 9.891 10.008 10.032 10.038 10.043 10.048 10.052 10.055 10.038 10.015 9.991 9.965 9.939 9.911 9.955 10.015 10.073 10.130 10.186 10.239 10.217 10.170 10.117 10.059 9.994
0.000 0.000 0.000 0.000 0.000 0.004 0.011 0.019 0.048 0.086 0.128 0.174 0.226 0.282 0.487 0.735 0.988 1.247 1.512 1.782 2.237 2.746 3.257 3.772 4.289 4.808 5.272 5.714 6.150 6.580 7.004 7.422 7.697 7.922 8.145 8.364 8.580 8.818 8.974 9.099 9.221 9.341 9.459 9.574 9.691 9.809 9.926 10.043 10.158 10.272 10.309 10.312 10.315 10.318 10.319 10.320 10.302 10.275 10.246 10.216 10.184 10.152 10.179 10.233 10.286 10.338 10.388 10.436 10.411 10.368 10.329 10.289 10.248
0.000 0.000 0.004 0.012 0.022 0.034 0.048 0.065 0.104 0.158 0.217 0.280 0.347 0.420 0.616 0.884 1.156 1.435 1.718 2.008 2.442 2.961 3.482 4.006 4.532 5.062 5.528 5.949 6.364 6.775 7.210 7.635 7.949 8.193 8.433 8.671 8.906 9.138 9.301 9.418 9.532 9.643 9.753 9.860 9.971 10.086 10.200 10.313 10.425 10.537 10.586 10.587 10.588 10.588 10.587 10.586 10.568 10.536 10.502 10.467 10.431 10.394 10.432 10.510 10.585 10.658 10.727 10.793 10.802 10.760 10.717 10.673 10.627
0.000 0.000 0.007 0.023 0.041 0.061 0.084 0.109 0.155 0.226 0.300 0.380 0.464 0.552 0.739 1.026 1.318 1.616 1.919 2.228 2.644 3.172 3.713 4.290 4.866 5.443 5.953 6.383 6.804 7.215 7.616 8.008 8.323 8.556 8.787 9.014 9.239 9.460 9.630 9.738 9.844 9.948 10.049 10.148 10.252 10.364 10.475 10.584 10.694 10.802 10.863 10.862 10.860 10.858 10.858 10.885 10.896 10.889 10.882 10.873 10.863 10.853 10.874 10.942 11.007 11.069 11.128 11.185 11.199 11.153 11.106 11.057 11.007
0.000 0.000 0.008 0.032 0.058 0.086 0.117 0.149 0.201 0.288 0.379 0.475 0.575 0.680 0.856 1.176 1.527 1.889 2.263 2.648 3.105 3.681 4.258 4.834 5.409 5.985 6.503 6.900 7.286 7.664 8.031 8.389 8.699 8.922 9.142 9.359 9.574 9.785 9.960 10.061 10.158 10.254 10.347 10.438 10.533 10.642 10.749 10.867 11.021 11.168 11.279 11.309 11.334 11.353 11.367 11.375 11.375 11.364 11.353 11.341 11.328 11.313 11.318 11.376 11.431 11.483 11.532 11.578 11.597 11.547 11.495 11.442 11.388
0.000 0.000 0.007 0.038 0.072 0.108 0.147 0.188 0.262 0.398 0.538 0.681 0.829 0.980 1.177 1.557 1.948 2.350 2.764 3.189 3.651 4.227 4.802 5.377 5.952 6.526 7.062 7.425 7.778 8.122 8.456 8.780 9.078 9.291 9.500 9.707 9.911 10.112 10.293 10.385 10.494 10.637 10.780 10.923 11.067 11.218 11.363 11.502 11.635 11.763 11.869 11.880 11.885 11.885 11.880 11.869 11.854 11.840 11.825 11.809 11.792 11.775 11.765 11.812 11.857 11.899 11.938 11.974 11.996 11.941 11.885 11.827 11.765
0.000 0.014 0.041 0.108 0.182 0.262 0.349 0.442 0.544 0.693 0.846 1.002 1.162 1.326 1.506 1.925 2.356 2.798 3.252 3.717 4.197 4.772 5.346 5.920 6.493 7.066 7.630 7.959 8.279 8.589 8.889 9.180 9.459 9.674 9.906 10.146 10.394 10.650 10.911 11.054 11.197 11.339 11.482 11.624 11.766 11.897 12.022 12.141 12.254 12.362 12.463 12.454 12.441 12.422 12.398 12.368 12.333 12.315 12.297 12.278 12.257 12.236 12.214 12.251 12.285 12.314 12.325 12.322 12.305 12.220 12.134 12.048 11.960
0.099 0.142 0.192 0.279 0.376 0.478 0.587 0.703 0.825 0.983 1.149 1.318 1.491 1.668 1.848 2.281 2.751 3.234 3.727 4.232 4.748 5.316 5.889 6.462 7.034 7.606 8.139 8.425 8.699 8.989 9.294 9.615 9.951 10.215 10.475 10.743 11.019 11.303 11.595 11.756 11.898 12.040 12.183 12.325 12.467 12.581 12.685 12.784 12.878 12.966 13.048 13.034 13.001 12.963 12.920 12.871 12.817 12.791 12.773 12.758 12.742 12.723 12.703 12.703 12.693 12.668 12.629 12.576 12.509 12.423 12.335 12.246 12.157
0.193 0.262 0.338 0.443 0.562 0.687 0.819 0.956 1.101 1.269 1.448 1.630 1.816 2.006 2.199 2.623 3.134 3.656 4.189 4.724 5.245 5.771 6.293 6.804 7.305 7.795 8.276 8.631 8.960 9.305 9.665 10.042 10.434 10.746 11.034 11.330 11.635 11.947 12.267 12.457 12.599 12.741 12.882 13.024 13.166 13.269 13.354 13.433 13.506 13.574 13.636 13.609 13.549 13.494 13.442 13.395 13.352 13.328 13.309 13.288 13.265 13.240 13.213 13.170 13.110 13.036 12.947 12.844 12.726 12.627 12.536 12.445 12.353
0.279 0.374 0.475 0.600 0.741 0.888 1.042 1.203 1.370 1.551 1.743 1.938 2.183 2.432 2.686 3.113 3.640 4.155 4.656 5.143 5.617 6.099 6.584 7.059 7.524 7.978 8.422 8.820 9.204 9.604 10.020 10.451 10.899 11.268 11.585 11.909 12.241 12.581 12.930 13.157 13.298 13.440 13.581 13.723 13.848 13.924 13.968 14.008 14.043 14.074 14.101 14.081 14.036 13.995 13.958 13.925 13.897 13.872 13.846 13.818 13.788 13.757 13.724 13.651 13.541 13.416 13.278 13.125 12.957 12.830 12.738 12.644 12.550
0.357 0.477 0.604 0.749 0.920 1.131 1.351 1.578 1.814 2.058 2.310 2.566 2.827 3.093 3.363 3.735 4.215 4.683 5.136 5.576 6.003 6.437 6.886 7.325 7.754 8.172 8.580 8.992 9.432 9.887 10.358 10.844 11.347 11.782 12.126 12.478 12.838 13.194 13.545 13.788 13.906 14.024 14.143 14.261 14.380 14.459 14.488 14.513 14.533 14.548 14.560 14.549 14.518 14.491 14.469 14.451 14.437 14.416 14.384 14.350 14.313 14.275 14.235 14.145 13.984 13.810 13.622 13.419 13.201 13.012 12.865 12.714 12.561
0.564 0.747 0.937 1.142 1.373 1.613 1.860 2.115 2.379 2.647 2.915 3.188 3.466 3.748 4.034 4.371 4.804 5.224 5.630 6.023 6.402 6.786 7.199 7.601 7.994 8.376 8.747 9.147 9.642 10.152 10.703 11.258 11.814 12.309 12.661 13.011 13.358 13.702 14.044 14.315 14.434 14.553 14.672 14.791 14.911 14.998 15.012 15.021 15.026 15.026 15.023 15.011 14.995 14.983 14.975 14.971 14.971 14.962 14.923 14.882 14.839 14.795 14.704 14.530 14.254 13.974 13.690 13.401 13.108 12.858 12.699 12.538 12.374
0.917 1.122 1.334 1.558 1.817 2.084 2.360 2.643 2.935 3.231 3.515 3.804 4.098 4.396 4.699 5.020 5.406 5.778 6.137 6.483 6.815 7.144 7.522 7.903 8.292 8.688 9.092 9.526 10.082 10.639 11.199 11.761 12.325 12.855 13.198 13.539 13.877 14.213 14.546 14.841 14.960 15.080 15.200 15.320 15.440 15.540 15.539 15.533 15.523 15.508 15.489 15.469 15.468 15.470 15.476 15.428 15.348 15.255 15.123 14.995 14.871 14.749 14.632 14.484 14.194 13.899 13.600 13.297 12.989 12.706 12.537 12.365 12.190
1.262 1.490 1.724 1.964 2.251 2.547 2.850 3.162 3.481 3.808 4.109 4.414 4.724 5.039 5.358 5.668 5.962 6.259 6.559 6.862 7.169 7.480 7.880 8.288 8.703 9.126 9.556 9.996 10.559 11.124 11.692 12.262 12.833 13.402 13.737 14.069 14.398 14.725 15.049 15.365 15.485 15.606 15.727 15.848 15.969 16.086 16.070 16.048 15.948 15.836 15.736 15.647 15.569 15.486 15.400 15.311 15.218 15.120 15.001 14.885 14.772 14.662 14.556 14.443 14.138 13.828 13.515 13.197 12.875 12.557 12.378 12.195 12.010
1.600 1.850 2.106 2.369 2.676 3.000 3.331 3.670 4.024 4.374 4.675 4.957 5.225 5.480 5.721 5.949 6.242 6.550 6.862 7.177 7.495 7.817 8.230 8.664 9.106 9.555 10.012 10.476 11.033 11.606 12.182 12.759 13.338 13.920 14.277 14.600 14.921 15.238 15.554 15.867 16.010 16.006 15.998 15.999 16.009 16.028 15.937 15.842 15.759 15.687 15.627 15.579 15.492 15.398 15.299 15.197 15.092 14.983 14.875 14.771 14.670 14.572 14.478 14.387 14.086 13.762 13.434 13.101 12.764 12.424 12.222 12.028 11.832
1.931 2.254 2.615 2.977 3.348 3.708 4.049 4.370 4.671 4.953 5.206 5.441 5.662 5.869 6.063 6.244 6.518 6.838 7.161 7.488 7.818 8.151 8.571 9.032 9.500 9.975 10.459 10.949 11.505 12.085 12.668 13.253 13.840 14.423 14.635 14.783 14.941 15.108 15.286 15.472 15.527 15.542 15.565 15.598 15.640 15.691 15.657 15.602 15.559 15.528 15.508 15.499 15.420 15.313 15.202 15.088 14.970 14.848 14.746 14.654 14.564 14.479 14.396 14.317 14.039 13.700 13.368 13.047 12.726 12.404 12.202 12.031 11.857
2.862 3.225 3.589 3.955 4.289 4.581 4.853 5.105 5.339 5.553 5.751 5.938 6.112 6.272 6.419 6.553 6.790 7.122 7.457 7.795 8.136 8.481 8.904 9.391 9.885 10.387 10.873 11.227 11.605 12.017 12.426 12.832 13.235 13.636 13.903 14.084 14.276 14.477 14.688 14.908 15.022 15.069 15.124 15.189 15.262 15.345 15.365 15.351 15.348 15.357 15.377 15.408 15.351 15.231 15.108 14.981 14.851 14.717 14.614 14.540 14.477 14.421 14.371 14.327 14.106 13.784 13.462 13.138 12.814 12.490 12.262 12.083 11.903
3.827 4.194 4.562 4.930 5.249 5.473 5.677 5.861 6.026 6.172 6.310 6.450 6.576 6.690 6.789 6.876 7.058 7.402 7.748 8.104 8.445 8.741 9.057 9.429 9.767 10.070 10.340 10.575 10.868 11.270 11.670 12.067 12.461 12.852 13.161 13.377 13.602 13.837 14.081 14.334 14.509 14.587 14.674 14.771 14.876 14.990 15.063 15.088 15.126 15.174 15.234 15.306 15.276 15.137 15.003 14.874 14.749 14.629 14.545 14.498 14.458 14.424 14.397 14.377 14.205 13.880 13.555 13.230 12.904 12.577 12.324 12.138 11.950
4.790 5.160 5.531 5.903 6.230 6.385 6.521 6.637 6.734 6.812 6.882 6.975 7.159 7.402 7.567 7.655 7.759 8.077 8.350 8.577 8.758 8.893 9.037 9.290 9.508 9.693 9.843 9.959 10.134 10.527 10.917 11.305 11.690 12.073 12.412 12.661 12.919 13.187 13.465 13.752 13.987 14.097 14.216 14.344 14.481 14.649 14.793 14.864 14.931 14.996 15.058 15.117 15.111 14.989 14.871 14.759 14.651 14.547 14.474 14.450 14.433 14.422 14.418 14.421 14.304 13.977 13.650 13.322 12.993 12.664 12.388 12.195 12.000
5.750 6.124 6.498 6.874 7.230 7.427 7.713 8.026 8.368 8.738 9.114 9.241 9.290 9.261 9.155 8.971 8.760 8.918 9.030 9.097 9.118 9.093 9.053 9.186 9.286 9.351 9.382 9.380 9.404 9.788 10.169 10.547 10.923 11.297 11.653 11.935 12.227 12.529 12.870 13.217 13.535 13.704 13.881 14.068 14.263 14.468 14.652 14.713 14.771 14.826 14.878 14.927 14.942 14.836 14.735 14.639 14.548 14.461 14.396 14.395 14.401 14.413 14.432 14.458 14.403 14.074 13.745 13.414 13.084 12.752 12.437 12.167 11.896
6.944 7.469 8.028 8.622 9.251 9.631 10.014 10.427 10.867 11.335 11.832 11.725 11.502 11.201 10.823 10.367 9.834 9.806 9.759 9.665 9.526 9.342 9.111 9.119 9.099 9.046 8.958 8.837 8.681 9.052 9.428 9.867 10.285 10.683 11.059 11.405 11.754 12.107 12.465 12.827 13.187 13.387 13.597 13.815 14.042 14.278 14.514 14.565 14.613 14.658 14.701 14.740 14.769 14.680 14.595 14.515 14.440 14.370 14.311 14.334 14.362 14.398 14.440 14.469 14.413 14.014 13.612 13.210 12.807 12.402 12.012 11.736 11.459
