DATA/SHG/CPC/2018/20180413.asc
ncols        190
nrows        64
xllcorner    -5100000.000000000000
yllcorner    4130000.000000000000
cellsize     10000.000000000000
NODATA_value  -99999.000
[rows 0 to 33 of 64, columns 77 to 153 of 190]
0.339 0.334 0.327 0.320 0.313 0.305 0.297 0.290 0.285 0.280 0.274 0.268 0.261 0.257 0.262 0.268 0.272 0.277 0.281 0.292 0.330 0.366 0.404 0.442 0.480 0.526 0.597 0.669 0.740 0.811 0.882 0.948 0.997 1.046 1.095 1.144 1.193 1.237 1.263 1.289 1.316 1.342 1.368 1.404 1.469 1.534 1.599 1.663 1.726 1.802 1.911 2.020 2.128 2.235 2.341 2.436 2.497 2.560 2.624 2.689 2.755 2.813 2.846 2.876 2.906 2.936 2.966 3.014 3.110 3.204 3.297 3.387 3.477 3.563 3.644 3.721 3.795
0.343 0.338 0.331 0.323 0.314 0.306 0.297 0.288 0.282 0.275 0.267 0.259 0.250 0.243 0.248 0.253 0.258 0.263 0.268 0.276 0.313 0.350 0.387 0.423 0.459 0.499 0.570 0.640 0.711 0.781 0.851 0.918 0.967 1.016 1.065 1.115 1.164 1.211 1.237 1.263 1.289 1.315 1.341 1.371 1.435 1.498 1.561 1.623 1.685 1.752 1.858 1.963 2.068 2.170 2.270 2.364 2.425 2.487 2.548 2.609 2.670 2.726 2.757 2.787 2.817 2.847 2.877 2.917 3.005 3.092 3.177 3.260 3.342 3.420 3.485 3.548 3.606
0.348 0.343 0.334 0.325 0.316 0.307 0.297 0.288 0.281 0.274 0.266 0.258 0.249 0.241 0.245 0.249 0.253 0.257 0.261 0.264 0.299 0.335 0.370 0.405 0.439 0.473 0.542 0.612 0.681 0.750 0.819 0.888 0.937 0.987 1.036 1.086 1.136 1.185 1.211 1.237 1.262 1.288 1.313 1.339 1.400 1.460 1.519 1.579 1.638 1.698 1.797 1.896 1.993 2.088 2.183 2.275 2.336 2.396 2.457 2.517 2.578 2.637 2.667 2.698 2.728 2.758 2.789 2.822 2.903 2.982 3.059 3.135 3.209 3.280 3.331 3.378 3.421
0.352 0.348 0.340 0.331 0.322 0.313 0.304 0.294 0.286 0.278 0.269 0.260 0.250 0.241 0.242 0.246 0.249 0.251 0.254 0.256 0.286 0.320 0.353 0.386 0.419 0.451 0.515 0.584 0.652 0.720 0.788 0.856 0.908 0.957 1.007 1.054 1.099 1.145 1.170 1.194 1.218 1.243 1.269 1.296 1.352 1.411 1.469 1.528 1.586 1.644 1.734 1.827 1.918 2.008 2.096 2.183 2.246 2.306 2.366 2.426 2.486 2.545 2.578 2.609 2.639 2.670 2.701 2.731 2.802 2.873 2.943 3.012 3.078 3.143 3.180 3.207 3.227
0.358 0.355 0.347 0.338 0.329 0.319 0.310 0.301 0.292 0.282 0.272 0.262 0.251 0.241 0.240 0.242 0.244 0.246 0.247 0.249 0.273 0.305 0.337 0.368 0.399 0.430 0.487 0.553 0.617 0.679 0.741 0.801 0.849 0.895 0.941 0.986 1.032 1.078 1.109 1.136 1.164 1.192 1.222 1.252 1.304 1.362 1.420 1.477 1.535 1.592 1.673 1.760 1.845 1.929 2.011 2.093 2.157 2.216 2.276 2.335 2.394 2.453 2.489 2.520 2.551 2.581 2.604 2.610 2.646 2.688 2.730 2.772 2.814 2.856 2.887 2.919 2.955
0.364 0.361 0.354 0.345 0.335 0.326 0.317 0.307 0.297 0.287 0.276 0.265 0.253 0.241 0.237 0.239 0.240 0.241 0.242 0.244 0.263 0.293 0.322 0.350 0.378 0.404 0.452 0.511 0.569 0.625 0.680 0.733 0.782 0.827 0.873 0.919 0.965 1.010 1.046 1.077 1.108 1.140 1.173 1.207 1.257 1.314 1.370 1.427 1.483 1.540 1.613 1.694 1.773 1.851 1.928 2.003 2.067 2.122 2.166 2.206 2.242 2.274 2.288 2.292 2.296 2.297 2.297 2.296 2.325 2.368 2.410 2.452 2.494 2.536 2.580 2.628 2.680
0.370 0.367 0.361 0.352 0.342 0.333 0.323 0.314 0.303 0.292 0.280 0.268 0.256 0.244 0.239 0.240 0.241 0.242 0.242 0.243 0.256 0.282 0.308 0.332 0.356 0.379 0.417 0.470 0.522 0.572 0.621 0.668 0.714 0.760 0.806 0.851 0.897 0.943 0.983 1.017 1.052 1.088 1.124 1.161 1.209 1.265 1.321 1.377 1.429 1.476 1.534 1.600 1.664 1.727 1.788 1.848 1.893 1.923 1.950 1.972 1.991 2.006 2.011 2.008 2.005 1.999 1.992 1.984 2.006 2.048 2.090 2.132 2.174 2.216 2.270 2.334 2.401
0.375 0.373 0.368 0.358 0.347 0.337 0.327 0.317 0.306 0.295 0.283 0.271 0.260 0.248 0.241 0.242 0.242 0.242 0.242 0.242 0.250 0.273 0.295 0.316 0.336 0.355 0.385 0.432 0.477 0.521 0.563 0.604 0.647 0.692 0.738 0.784 0.830 0.876 0.918 0.953 0.984 1.015 1.046 1.077 1.115 1.161 1.208 1.254 1.300 1.346 1.398 1.457 1.515 1.572 1.626 1.680 1.715 1.729 1.738 1.743 1.744 1.742 1.735 1.726 1.716 1.703 1.689 1.674 1.687 1.729 1.771 1.813 1.855 1.897 1.957 2.037 2.120
0.375 0.373 0.368 0.358 0.348 0.338 0.328 0.319 0.309 0.297 0.286 0.275 0.264 0.252 0.244 0.244 0.244 0.243 0.242 0.242 0.245 0.264 0.283 0.300 0.317 0.332 0.354 0.394 0.433 0.471 0.506 0.538 0.571 0.612 0.652 0.690 0.727 0.764 0.798 0.829 0.860 0.891 0.922 0.953 0.988 1.034 1.080 1.125 1.171 1.216 1.264 1.317 1.368 1.418 1.466 1.513 1.542 1.538 1.530 1.518 1.502 1.482 1.462 1.446 1.428 1.409 1.388 1.366 1.368 1.410 1.452 1.502 1.553 1.601 1.667 1.763 1.859
0.373 0.371 0.367 0.358 0.348 0.339 0.330 0.321 0.311 0.300 0.289 0.278 0.267 0.257 0.247 0.246 0.245 0.244 0.243 0.241 0.242 0.256 0.268 0.280 0.290 0.300 0.312 0.343 0.372 0.400 0.426 0.451 0.476 0.512 0.546 0.580 0.612 0.643 0.673 0.704 0.735 0.766 0.797 0.829 0.862 0.908 0.952 0.997 1.042 1.086 1.131 1.178 1.222 1.266 1.308 1.348 1.374 1.352 1.326 1.297 1.264 1.227 1.201 1.190 1.179 1.167 1.154 1.140 1.143 1.190 1.235 1.278 1.319 1.357 1.412 1.511 1.611
0.371 0.369 0.367 0.358 0.349 0.340 0.331 0.322 0.314 0.303 0.292 0.282 0.271 0.259 0.247 0.242 0.238 0.234 0.230 0.225 0.221 0.230 0.238 0.246 0.252 0.258 0.263 0.287 0.309 0.330 0.349 0.366 0.382 0.413 0.442 0.470 0.498 0.523 0.549 0.580 0.611 0.642 0.673 0.705 0.737 0.781 0.825 0.870 0.913 0.957 1.001 1.040 1.079 1.115 1.150 1.184 1.210 1.181 1.152 1.123 1.094 1.066 1.040 1.025 1.010 0.994 0.977 0.960 0.951 0.988 1.023 1.057 1.087 1.116 1.157 1.259 1.362
0.369 0.367 0.366 0.358 0.349 0.340 0.330 0.318 0.307 0.294 0.281 0.268 0.256 0.244 0.232 0.226 0.221 0.216 0.211 0.206 0.201 0.205 0.209 0.213 0.215 0.217 0.218 0.233 0.248 0.261 0.273 0.283 0.292 0.315 0.340 0.363 0.385 0.406 0.425 0.456 0.487 0.518 0.549 0.581 0.614 0.659 0.703 0.746 0.787 0.828 0.866 0.900 0.932 0.963 0.993 1.021 1.048 1.020 0.991 0.963 0.935 0.907 0.880 0.862 0.843 0.823 0.802 0.780 0.761 0.788 0.814 0.837 0.859 0.878 0.901 1.007 1.112
0.360 0.356 0.351 0.341 0.329 0.318 0.307 0.296 0.286 0.274 0.262 0.250 0.239 0.228 0.218 0.211 0.205 0.199 0.193 0.187 0.181 0.181 0.181 0.181 0.179 0.177 0.174 0.181 0.188 0.194 0.199 0.202 0.203 0.219 0.238 0.262 0.285 0.307 0.328 0.360 0.393 0.426 0.457 0.487 0.516 0.554 0.592 0.629 0.665 0.699 0.732 0.761 0.787 0.813 0.837 0.860 0.882 0.859 0.831 0.804 0.776 0.749 0.721 0.699 0.676 0.652 0.627 0.602 0.575 0.591 0.607 0.621 0.632 0.641 0.649 0.757 0.911
0.334 0.329 0.324 0.316 0.305 0.294 0.284 0.274 0.264 0.254 0.243 0.232 0.222 0.212 0.203 0.195 0.189 0.182 0.176 0.169 0.162 0.158 0.154 0.150 0.145 0.139 0.133 0.134 0.139 0.143 0.147 0.151 0.155 0.170 0.191 0.211 0.229 0.247 0.264 0.289 0.318 0.345 0.371 0.395 0.419 0.449 0.482 0.513 0.543 0.572 0.599 0.622 0.644 0.664 0.682 0.700 0.716 0.698 0.671 0.644 0.617 0.590 0.563 0.537 0.510 0.483 0.455 0.452 0.450 0.486 0.533 0.584 0.638 0.696 0.757 0.905 1.069
0.308 0.303 0.298 0.290 0.280 0.271 0.261 0.252 0.242 0.233 0.223 0.214 0.205 0.196 0.188 0.180 0.173 0.165 0.157 0.149 0.142 0.136 0.130 0.124 0.118 0.111 0.104 0.103 0.106 0.110 0.113 0.116 0.119 0.129 0.145 0.161 0.175 0.189 0.201 0.220 0.243 0.265 0.285 0.305 0.323 0.347 0.374 0.399 0.423 0.446 0.468 0.486 0.502 0.516 0.529 0.541 0.552 0.538 0.528 0.520 0.515 0.511 0.511 0.509 0.507 0.506 0.506 0.508 0.510 0.554 0.617 0.683 0.753 0.826 0.902 1.051 1.225
0.283 0.277 0.272 0.265 0.256 0.246 0.238 0.229 0.221 0.212 0.202 0.192 0.183 0.174 0.165 0.157 0.149 0.142 0.135 0.128 0.121 0.114 0.107 0.100 0.092 0.084 0.076 0.072 0.074 0.077 0.079 0.081 0.083 0.089 0.101 0.112 0.122 0.131 0.140 0.152 0.170 0.186 0.202 0.216 0.229 0.246 0.267 0.286 0.305 0.331 0.357 0.381 0.405 0.429 0.453 0.478 0.504 0.514 0.514 0.517 0.522 0.529 0.538 0.544 0.547 0.551 0.556 0.562 0.569 0.619 0.697 0.779 0.864 0.952 1.045 1.195 1.378
0.257 0.251 0.245 0.237 0.227 0.216 0.207 0.197 0.188 0.179 0.171 0.162 0.154 0.147 0.140 0.133 0.126 0.119 0.112 0.106 0.100 0.093 0.085 0.076 0.067 0.057 0.048 0.041 0.042 0.044 0.045 0.046 0.047 0.050 0.058 0.065 0.070 0.075 0.079 0.086 0.104 0.121 0.138 0.154 0.169 0.189 0.214 0.239 0.264 0.288 0.312 0.336 0.361 0.388 0.414 0.441 0.468 0.488 0.498 0.511 0.526 0.544 0.563 0.578 0.586 0.595 0.605 0.616 0.628 0.680 0.774 0.871 0.971 1.076 1.183 1.337 1.529
0.219 0.211 0.204 0.197 0.187 0.179 0.170 0.162 0.154 0.146 0.139 0.132 0.126 0.120 0.114 0.109 0.102 0.096 0.090 0.084 0.079 0.073 0.063 0.053 0.042 0.031 0.020 0.010 0.011 0.011 0.012 0.015 0.019 0.023 0.031 0.038 0.045 0.052 0.058 0.066 0.081 0.096 0.110 0.124 0.137 0.153 0.176 0.199 0.222 0.245 0.267 0.290 0.318 0.346 0.374 0.403 0.433 0.459 0.480 0.503 0.528 0.556 0.586 0.611 0.624 0.637 0.652 0.668 0.685 0.738 0.847 0.963 1.171 1.399 1.646 1.936 2.268
0.176 0.169 0.163 0.156 0.148 0.140 0.133 0.126 0.119 0.112 0.107 0.101 0.096 0.092 0.088 0.084 0.078 0.072 0.067 0.062 0.057 0.053 0.043 0.033 0.024 0.016 0.008 0.000 0.003 0.006 0.009 0.012 0.014 0.016 0.022 0.028 0.033 0.037 0.041 0.046 0.059 0.071 0.083 0.094 0.105 0.117 0.139 0.160 0.181 0.202 0.222 0.244 0.274 0.304 0.334 0.365 0.397 0.428 0.459 0.493 0.528 0.566 0.607 0.667 0.722 0.793 0.878 0.978 1.093 1.254 1.510 1.786 2.082 2.397 2.732 3.088 3.459
0.133 0.127 0.121 0.115 0.109 0.102 0.096 0.090 0.084 0.079 0.074 0.070 0.067 0.064 0.063 0.062 0.059 0.055 0.051 0.048 0.044 0.041 0.034 0.026 0.019 0.013 0.006 0.001 0.002 0.004 0.006 0.008 0.010 0.011 0.015 0.018 0.021 0.023 0.025 0.027 0.037 0.047 0.057 0.066 0.074 0.082 0.102 0.122 0.141 0.160 0.178 0.197 0.229 0.261 0.300 0.340 0.383 0.430 0.491 0.559 0.635 0.717 0.806 0.904 1.025 1.162 1.313 1.480 1.662 1.881 2.225 2.588 2.972 3.375 3.798 4.231 4.639
0.090 0.084 0.079 0.074 0.069 0.063 0.059 0.057 0.056 0.054 0.053 0.052 0.051 0.050 0.049 0.048 0.045 0.041 0.038 0.035 0.032 0.030 0.025 0.019 0.014 0.009 0.005 0.001 0.001 0.002 0.004 0.005 0.005 0.006 0.007 0.009 0.010 0.010 0.010 0.009 0.016 0.024 0.031 0.037 0.043 0.051 0.071 0.091 0.112 0.133 0.153 0.173 0.216 0.262 0.310 0.361 0.414 0.469 0.560 0.659 0.765 0.878 0.997 1.124 1.312 1.516 1.734 1.966 2.214 2.487 2.919 3.370 3.841 4.332 4.843 5.363 5.810
0.052 0.052 0.051 0.050 0.049 0.048 0.046 0.044 0.043 0.041 0.039 0.038 0.037 0.036 0.034 0.033 0.030 0.028 0.025 0.023 0.020 0.018 0.015 0.011 0.008 0.005 0.003 0.001 0.000 0.001 0.001 0.001 0.001 0.001 0.001 0.000 0.000 0.000 0.000 0.000 0.006 0.013 0.020 0.027 0.033 0.039 0.056 0.076 0.097 0.117 0.137 0.157 0.205 0.261 0.319 0.380 0.442 0.507 0.623 0.752 0.888 1.031 1.181 1.338 1.584 1.854 2.138 2.437 2.752 3.081 3.592 4.131 4.690 5.269 5.867 6.485 6.970
0.040 0.040 0.039 0.038 0.036 0.035 0.033 0.031 0.029 0.028 0.026 0.025 0.023 0.022 0.020 0.018 0.016 0.014 0.012 0.010 0.008 0.007 0.005 0.003 0.001 0.001 0.000 0.000 0.000 0.000 0.000 0.000 0.000 0.000 0.000 0.000 0.000 0.000 0.000 0.000 0.004 0.009 0.014 0.019 0.023 0.027 0.042 0.061 0.081 0.101 0.120 0.140 0.191 0.257 0.325 0.396 0.468 0.543 0.678 0.838 1.004 1.178 1.358 1.545 1.841 2.177 2.527 2.893 3.376 3.911 4.590 5.283 5.966 6.639 7.300 7.951 8.555
0.028 0.027 0.026 0.025 0.023 0.022 0.020 0.018 0.016 0.015 0.013 0.011 0.009 0.008 0.006 0.004 0.002 0.000 0.000 0.000 0.000 0.000 0.000 0.000 0.000 0.000 0.000 0.000 0.000 0.000 0.000 0.000 0.000 0.000 0.000 0.000 0.000 0.000 0.000 0.000 0.002 0.006 0.009 0.012 0.014 0.016 0.027 0.047 0.066 0.085 0.104 0.123 0.175 0.251 0.329 0.410 0.492 0.577 0.726 0.961 1.243 1.562 1.917 2.309 2.800 3.343 3.905 4.486 5.087 5.708 6.357 7.004 7.639 8.264 8.878 9.482 10.133
0.016 0.015 0.014 0.012 0.010 0.009 0.007 0.005 0.003 0.001 0.000 0.000 0.000 0.000 0.000 0.000 0.000 0.000 0.000 0.000 0.000 0.000 0.000 0.000 0.000 0.000 0.000 0.000 0.000 0.000 0.000 0.000 0.000 0.000 0.000 0.000 0.000 0.000 0.000 0.000 0.001 0.002 0.004 0.005 0.005 0.005 0.013 0.032 0.051 0.070 0.092 0.117 0.180 0.293 0.418 0.554 0.703 0.864 1.145 1.552 1.996 2.476 2.992 3.545 4.144 4.773 5.421 6.089 6.776 7.483 8.133 8.732 9.320 9.898 10.464 11.020 11.694
0.004 0.003 0.001 0.000 0.000 0.000 0.000 0.000 0.000 0.000 0.000 0.000 0.000 0.000 0.000 0.000 0.000 0.000 0.000 0.000 0.000 0.000 0.000 0.000 0.000 0.000 0.000 0.000 0.000 0.000 0.000 0.000 0.000 0.000 0.000 0.000 0.000 0.000 0.000 0.000 0.000 0.002 0.004 0.006 0.007 0.007 0.015 0.040 0.067 0.094 0.123 0.152 0.230 0.396 0.574 0.765 0.967 1.181 1.538 2.107 2.711 3.353 4.030 4.744 5.466 6.182 6.916 7.670 8.444 9.237 9.917 10.468 11.009 11.539 12.059 12.567 13.238
0.000 0.000 0.000 0.000 0.000 0.000 0.000 0.000 0.000 0.000 0.000 0.000 0.000 0.000 0.000 0.000 0.000 0.000 0.000 0.000 0.000 0.000 0.000 0.000 0.000 0.000 0.000 0.000 0.000 0.000 0.000 0.000 0.004 0.010 0.015 0.019 0.022 0.024 0.026 0.026 0.025 0.025 0.025 0.024 0.023 0.021 0.025 0.055 0.086 0.119 0.152 0.186 0.267 0.486 0.718 0.962 1.218 1.486 1.894 2.623 3.389 4.191 5.029 5.904 6.767 7.569 8.390 9.230 10.090 10.969 11.709 12.213 12.706 13.148 13.430 13.641 13.975
0.000 0.000 0.000 0.000 0.000 0.000 0.000 0.000 0.000 0.000 0.000 0.000 0.000 0.000 0.000 0.000 0.000 0.000 0.000 0.000 0.000 0.000 0.000 0.001 0.003 0.007 0.013 0.019 0.028 0.034 0.040 0.046 0.053 0.060 0.067 0.067 0.066 0.064 0.061 0.057 0.052 0.050 0.047 0.043 0.040 0.035 0.034 0.069 0.105 0.142 0.180 0.219 0.291 0.564 0.849 1.147 1.456 1.777 2.212 3.102 4.029 4.992 5.991 7.026 8.062 8.993 9.902 10.791 11.660 12.507 13.160 13.340 13.449 13.486 13.452 13.346 13.361
0.000 0.000 0.000 0.000 0.000 0.000 0.000 0.000 0.000 0.000 0.000 0.000 0.000 0.000 0.000 0.000 0.000 0.000 0.001 0.002 0.003 0.004 0.005 0.011 0.020 0.031 0.042 0.055 0.070 0.079 0.086 0.094 0.102 0.110 0.119 0.116 0.110 0.104 0.097 0.089 0.079 0.074 0.069 0.063 0.057 0.050 0.043 0.081 0.122 0.164 0.207 0.251 0.303 0.629 0.968 1.329 1.758 2.216 2.750 3.876 5.035 6.227 7.452 8.711 9.944 10.783 11.601 12.399 13.176 13.933 14.517 14.381 14.173 13.894 13.543 13.120 12.789
0.000 0.000 0.000 0.000 0.000 0.000 0.000 0.000 0.000 0.000 0.000 0.000 0.000 0.000 0.000 0.000 0.000 0.001 0.002 0.004 0.006 0.008 0.011 0.020 0.036 0.052 0.070 0.090 0.111 0.123 0.132 0.141 0.150 0.160 0.169 0.166 0.156 0.145 0.134 0.122 0.108 0.100 0.092 0.084 0.075 0.066 0.057 0.106 0.172 0.245 0.326 0.415 0.512 0.949 1.449 1.978 2.537 3.125 3.742 4.992 6.298 7.638 9.011 10.417 11.843 12.591 13.318 14.025 14.711 15.376 15.943 15.491 14.966 14.371 13.703 12.964 12.260
0.000 0.000 0.000 0.000 0.000 0.000 0.000 0.000 0.000 0.000 0.000 0.000 0.000 0.000 0.000 0.000 0.000 0.001 0.004 0.006 0.009 0.012 0.016 0.028 0.049 0.072 0.097 0.123 0.150 0.168 0.178 0.188 0.198 0.209 0.220 0.216 0.202 0.190 0.192 0.185 0.171 0.164 0.163 0.162 0.160 0.157 0.154 0.221 0.322 0.430 0.546 0.670 0.802 1.308 1.938 2.597 3.285 4.002 4.749 6.073 7.527 9.013 10.534 12.087 13.674 14.418 15.054 15.669 16.264 16.839 17.392 16.669 15.829 14.917 13.933 12.879 11.773
0.000 0.000 0.000 0.000 0.000 0.000 0.000 0.000 0.000 0.000 0.000 0.000 0.000 0.000 0.000 0.000 0.000 0.001 0.005 0.008 0.012 0.016 0.021 0.034 0.061 0.091 0.122 0.154 0.193 0.273 0.329 0.377 0.416 0.447 0.468 0.469 0.452 0.426 0.392 0.350 0.301 0.274 0.271 0.267 0.262 0.257 0.251 0.328 0.463 0.606 0.757 0.916 1.083 1.636 2.395 3.184 4.002 4.849 5.725 7.119 8.719 10.353 12.021 13.721 15.455 16.262 16.807 17.332 17.836 18.319 18.676 17.630 16.357 15.075 13.781 12.478 11.165
0.000 0.000 0.000 0.000 0.000 0.000 0.000 0.000 0.000 0.000 0.000 0.000 0.000 0.000 0.000 0.000 0.000 0.001 0.005 0.013 0.057 0.108 0.168 0.239 0.330 0.425 0.523 0.626 0.734 0.817 0.834 0.843 0.843 0.834 0.817 0.783 0.730 0.669 0.600 0.524 0.439 0.385 0.379 0.372 0.365 0.357 0.348 0.426 0.596 0.774 0.960 1.154 1.356 1.933 2.822 3.740 4.688 5.664 6.670 8.129 9.877 11.602 13.254 14.894 16.522 17.211 17.446 17.655 17.840 17.999 18.134 17.190 15.872 14.544 13.206 11.858 10.500
0.000 0.000 0.000 0.000 0.000 0.000 0.000 0.000 0.000 0.000 0.000 0.000 0.009 0.030 0.058 0.094 0.138 0.186 0.249 0.320 0.399 0.485 0.580 0.682 0.791 0.904 1.021 1.143 1.268 1.369 1.348 1.318 1.279 1.231 1.174 1.105 1.017 0.921 0.817 0.705 0.585 0.497 0.488 0.478 0.468 0.458 0.447 0.516 0.721 0.934 1.155 1.383 1.613 2.166 3.140 4.127 5.126 6.138 7.162 8.501 10.124 11.735 13.334 14.921 16.496 17.250 17.374 17.472 17.546 17.594 17.617 16.760 15.398 14.025 12.642 11.249 9.846
