DATA/SHG/CPC/2018/20180407.asc
ncols        190
nrows        64
xllcorner    -5100000.000000000000
yllcorner    4130000.000000000000
cellsize     10000.000000000000
NODATA_value  -99999.000
[rows 0 to 33 of 64, columns 0 to 74 of 190]
0.143 0.167 0.192 0.220 0.252 0.286 0.328 0.374 0.422 0.472 0.523 0.576 0.641 0.713 0.789 0.869 0.952 1.040 1.155 1.287 1.427 1.575 1.731 1.895 1.940 1.920 1.896 1.868 1.837 1.801 1.681 1.503 1.311 1.108 0.893 0.693 0.586 0.540 0.483 0.415 0.337 0.248 0.203 0.199 0.196 0.192 0.188 0.184 0.182 0.181 0.180 0.180 0.179 0.178 0.178 0.177 0.177 0.176 0.176 0.176 0.175 0.174 0.173 0.173 0.172 0.171 0.170 0.168 0.166 0.164 0.162 0.160 0.156 0.147 0.139
0.184 0.217 0.251 0.287 0.325 0.364 0.411 0.463 0.517 0.573 0.630 0.690 0.763 0.849 0.939 1.033 1.130 1.232 1.363 1.523 1.691 1.866 2.050 2.241 2.320 2.286 2.249 2.211 2.190 2.166 2.064 1.870 1.665 1.449 1.223 0.985 0.815 0.731 0.636 0.531 0.415 0.288 0.207 0.203 0.199 0.195 0.190 0.186 0.182 0.182 0.181 0.181 0.180 0.180 0.179 0.179 0.179 0.178 0.178 0.178 0.177 0.177 0.176 0.175 0.174 0.174 0.173 0.171 0.169 0.168 0.166 0.165 0.162 0.155 0.148
0.233 0.271 0.311 0.353 0.396 0.440 0.491 0.550 0.610 0.672 0.736 0.802 0.882 0.981 1.085 1.192 1.304 1.419 1.563 1.750 1.958 2.188 2.419 2.651 2.789 2.766 2.742 2.715 2.687 2.657 2.559 2.327 2.083 1.829 1.564 1.288 1.054 0.933 0.800 0.657 0.503 0.339 0.211 0.206 0.202 0.197 0.192 0.187 0.183 0.182 0.182 0.181 0.181 0.180 0.180 0.179 0.179 0.179 0.178 0.178 0.178 0.178 0.177 0.177 0.176 0.176 0.176 0.174 0.173 0.172 0.171 0.169 0.168 0.162 0.156
0.281 0.324 0.370 0.416 0.465 0.515 0.570 0.634 0.701 0.769 0.839 0.911 0.995 1.124 1.271 1.430 1.599 1.779 1.979 2.210 2.442 2.674 2.907 3.140 3.315 3.285 3.254 3.220 3.185 3.148 3.065 2.794 2.512 2.220 1.916 1.601 1.305 1.145 0.975 0.794 0.603 0.401 0.215 0.210 0.205 0.206 0.202 0.194 0.182 0.182 0.181 0.180 0.180 0.179 0.179 0.179 0.179 0.179 0.179 0.179 0.179 0.179 0.178 0.178 0.178 0.178 0.179 0.178 0.176 0.176 0.175 0.174 0.173 0.168 0.164
0.327 0.376 0.426 0.478 0.532 0.587 0.660 0.749 0.842 0.937 1.035 1.136 1.248 1.423 1.609 1.805 2.013 2.230 2.459 2.692 2.925 3.159 3.393 3.628 3.842 3.805 3.767 3.727 3.685 3.641 3.582 3.272 2.952 2.621 2.279 1.926 1.565 1.372 1.196 1.001 0.785 0.550 0.295 0.286 0.275 0.259 0.239 0.213 0.182 0.180 0.180 0.179 0.179 0.179 0.178 0.178 0.178 0.178 0.179 0.179 0.179 0.179 0.180 0.180 0.180 0.181 0.181 0.181 0.180 0.179 0.178 0.178 0.177 0.174 0.170
0.400 0.470 0.543 0.618 0.696 0.776 0.859 0.959 1.061 1.166 1.274 1.385 1.499 1.711 1.935 2.169 2.414 2.669 2.936 3.172 3.407 3.642 3.878 4.115 4.352 4.327 4.282 4.235 4.186 4.135 4.088 3.793 3.466 3.136 2.801 2.461 2.118 1.876 1.631 1.365 1.080 0.776 0.451 0.380 0.351 0.318 0.280 0.236 0.188 0.179 0.178 0.178 0.178 0.178 0.177 0.178 0.178 0.178 0.179 0.179 0.180 0.180 0.181 0.181 0.182 0.182 0.183 0.182 0.182 0.181 0.181 0.181 0.181 0.178 0.175
0.548 0.625 0.707 0.791 0.877 0.966 1.057 1.164 1.277 1.392 1.510 1.631 1.755 1.987 2.248 2.520 2.803 3.096 3.401 3.651 3.887 4.124 4.362 4.609 4.870 4.902 4.872 4.840 4.806 4.770 4.733 4.467 4.125 3.779 3.429 3.074 2.715 2.400 2.085 1.750 1.395 1.021 0.626 0.478 0.432 0.381 0.326 0.265 0.199 0.177 0.177 0.177 0.177 0.177 0.177 0.177 0.177 0.178 0.178 0.179 0.179 0.180 0.181 0.181 0.182 0.183 0.184 0.184 0.184 0.184 0.184 0.184 0.184 0.183 0.180
0.692 0.777 0.867 0.960 1.055 1.152 1.252 1.367 1.489 1.615 1.743 1.874 2.008 2.251 2.550 2.860 3.192 3.537 3.889 4.179 4.437 4.699 4.965 5.233 5.505 5.580 5.544 5.505 5.465 5.423 5.379 5.144 4.787 4.426 4.060 3.690 3.316 2.944 2.559 2.154 1.730 1.286 0.822 0.581 0.518 0.449 0.376 0.298 0.219 0.180 0.181 0.181 0.180 0.178 0.176 0.174 0.175 0.176 0.177 0.178 0.179 0.180 0.180 0.181 0.182 0.183 0.185 0.185 0.186 0.186 0.186 0.187 0.187 0.187 0.184
0.834 0.926 1.025 1.126 1.229 1.336 1.444 1.566 1.698 1.860 2.026 2.192 2.358 2.620 2.969 3.325 3.687 4.055 4.430 4.752 5.022 5.295 5.572 5.852 6.136 6.259 6.216 6.171 6.125 6.076 6.026 5.825 5.452 5.076 4.695 4.310 3.921 3.507 3.052 2.578 2.084 1.590 1.091 0.776 0.706 0.621 0.521 0.407 0.279 0.195 0.193 0.190 0.186 0.181 0.175 0.172 0.173 0.174 0.175 0.176 0.178 0.179 0.180 0.181 0.183 0.184 0.186 0.187 0.187 0.188 0.189 0.190 0.190 0.190 0.187
0.972 1.075 1.218 1.363 1.509 1.656 1.805 1.962 2.128 2.294 2.460 2.626 2.792 3.038 3.410 3.788 4.174 4.565 4.963 5.320 5.602 5.887 6.176 6.467 6.762 6.939 6.889 6.838 6.785 6.731 6.674 6.509 6.121 5.727 5.317 4.904 4.487 4.045 3.548 3.046 2.539 2.027 1.510 1.104 0.983 0.847 0.697 0.532 0.353 0.211 0.206 0.199 0.193 0.185 0.176 0.169 0.171 0.172 0.174 0.175 0.177 0.179 0.180 0.181 0.183 0.184 0.186 0.187 0.187 0.187 0.188 0.188 0.189 0.189 0.186
1.338 1.482 1.630 1.780 1.930 2.083 2.236 2.394 2.560 2.727 2.893 3.060 3.226 3.448 3.843 4.245 4.653 5.067 5.488 5.885 6.178 6.475 6.775 7.078 7.384 7.619 7.560 7.490 7.417 7.339 7.258 7.112 6.697 6.278 5.857 5.432 5.003 4.559 4.044 3.524 2.999 2.468 1.933 1.447 1.275 1.088 0.887 0.672 0.442 0.227 0.219 0.210 0.200 0.189 0.178 0.166 0.168 0.170 0.172 0.173 0.174 0.176 0.177 0.178 0.179 0.181 0.182 0.183 0.184 0.184 0.185 0.186 0.187 0.187 0.185
1.735 1.887 2.040 2.194 2.350 2.507 2.665 2.825 2.992 3.159 3.326 3.493 3.660 3.850 4.268 4.693 5.124 5.562 6.006 6.445 6.747 7.050 7.353 7.656 7.959 8.239 8.160 8.076 7.989 7.897 7.801 7.689 7.262 6.832 6.399 5.962 5.523 5.078 4.545 4.006 3.463 2.915 2.361 1.803 1.581 1.343 1.091 0.825 0.544 0.249 0.234 0.223 0.212 0.198 0.181 0.162 0.163 0.164 0.166 0.167 0.169 0.171 0.172 0.173 0.175 0.177 0.178 0.180 0.181 0.182 0.183 0.184 0.185 0.186 0.184
2.127 2.290 2.448 2.607 2.767 2.929 3.092 3.256 3.423 3.590 3.757 3.925 4.104 4.293 4.730 5.182 5.635 6.087 6.540 6.993 7.307 7.610 7.913 8.216 8.519 8.822 8.763 8.665 8.564 8.458 8.349 8.235 7.830 7.389 6.944 6.496 6.045 5.590 5.050 4.494 3.932 3.366 2.794 2.217 1.898 1.609 1.309 0.998 0.675 0.341 0.276 0.258 0.237 0.214 0.189 0.160 0.157 0.158 0.160 0.162 0.163 0.165 0.167 0.169 0.171 0.173 0.175 0.177 0.178 0.179 0.180 0.181 0.183 0.184 0.183
2.516 2.689 2.854 3.017 3.182 3.364 3.539 3.706 3.884 4.070 4.261 4.456 4.655 4.859 5.262 5.715 6.168 6.621 7.075 7.529 7.865 8.168 8.471 8.775 9.078 9.382 9.370 9.258 9.142 9.023 8.899 8.772 8.401 7.948 7.492 7.032 6.569 6.113 5.576 5.003 4.419 3.826 3.222 2.607 2.205 1.876 1.537 1.186 0.824 0.451 0.322 0.295 0.266 0.233 0.199 0.161 0.150 0.152 0.154 0.156 0.158 0.160 0.162 0.164 0.166 0.168 0.171 0.173 0.175 0.175 0.175 0.174 0.174 0.173 0.171
3.037 3.236 3.418 3.589 3.751 3.906 4.052 4.191 4.367 4.568 4.775 4.985 5.200 5.420 5.792 6.246 6.700 7.154 7.609 8.063 8.422 8.726 9.029 9.333 9.637 9.941 9.980 9.854 9.724 9.591 9.464 9.343 9.024 8.571 8.113 7.650 7.181 6.708 6.156 5.547 4.927 4.297 3.657 3.006 2.522 2.155 1.776 1.386 0.985 0.572 0.371 0.335 0.296 0.255 0.211 0.164 0.144 0.146 0.148 0.150 0.152 0.154 0.155 0.156 0.158 0.159 0.160 0.161 0.162 0.161 0.161 0.160 0.159 0.158 0.156
3.743 3.903 4.053 4.196 4.330 4.456 4.574 4.684 4.843 5.061 5.283 5.509 5.740 5.975 6.321 6.776 7.231 7.686 8.141 8.597 8.978 9.282 9.586 9.887 10.182 10.471 10.559 10.435 10.316 10.202 10.093 9.989 9.718 9.247 8.770 8.287 7.800 7.307 6.746 6.101 5.445 4.778 4.102 3.415 2.851 2.444 2.026 1.596 1.156 0.704 0.422 0.377 0.329 0.279 0.226 0.171 0.139 0.141 0.142 0.143 0.142 0.141 0.141 0.142 0.143 0.145 0.146 0.148 0.148 0.148 0.147 0.146 0.145 0.143 0.141
4.459 4.581 4.697 4.811 4.916 5.014 5.103 5.184 5.315 5.548 5.785 6.027 6.274 6.525 6.849 7.313 7.785 8.253 8.714 9.170 9.569 9.861 10.147 10.427 10.702 10.970 11.111 11.004 10.903 10.806 10.715 10.628 10.417 9.927 9.431 8.930 8.423 7.911 7.346 6.664 5.972 5.270 4.557 3.834 3.190 2.744 2.287 1.816 1.330 0.838 0.468 0.414 0.358 0.301 0.243 0.183 0.139 0.139 0.137 0.135 0.132 0.128 0.126 0.127 0.129 0.130 0.132 0.134 0.135 0.134 0.133 0.131 0.130 0.129 0.127
5.186 5.271 5.348 5.434 5.511 5.580 5.641 5.693 5.796 6.072 6.351 6.634 6.920 7.210 7.536 7.995 8.448 8.896 9.338 9.774 10.176 10.448 10.713 10.973 11.227 11.475 11.657 11.568 11.484 11.405 11.331 11.262 11.121 10.611 10.096 9.576 9.051 8.520 7.955 7.237 6.503 5.749 4.984 4.209 3.471 2.982 2.486 1.983 1.474 0.958 0.506 0.447 0.387 0.325 0.261 0.197 0.140 0.137 0.133 0.128 0.122 0.116 0.111 0.112 0.114 0.116 0.118 0.120 0.122 0.120 0.119 0.117 0.115 0.112 0.109
5.925 5.967 5.999 6.066 6.136 6.209 6.284 6.363 6.455 6.743 7.035 7.330 7.628 7.930 8.243 8.682 9.116 9.544 9.966 10.383 10.788 11.039 11.284 11.524 11.757 11.985 12.196 12.125 12.059 11.997 11.941 11.890 11.829 11.296 10.752 10.199 9.639 9.070 8.489 7.719 6.938 6.146 5.345 4.533 3.716 3.203 2.683 2.157 1.625 1.085 0.545 0.481 0.416 0.349 0.281 0.212 0.141 0.135 0.129 0.122 0.114 0.105 0.096 0.098 0.100 0.101 0.102 0.103 0.103 0.100 0.096 0.093 0.090 0.086 0.083
6.637 6.640 6.633 6.702 6.781 6.864 6.950 7.038 7.130 7.410 7.714 8.021 8.332 8.646 8.964 9.374 9.788 10.197 10.600 10.997 11.389 11.636 11.861 12.080 12.293 12.501 12.722 12.716 12.674 12.626 12.571 12.509 12.440 11.930 11.357 10.776 10.187 9.590 8.985 8.200 7.382 6.554 5.716 4.867 4.007 3.430 2.887 2.338 1.782 1.219 0.650 0.517 0.447 0.375 0.302 0.228 0.152 0.135 0.127 0.118 0.107 0.094 0.080 0.078 0.078 0.078 0.078 0.078 0.077 0.074 0.071 0.068 0.064 0.061 0.057
7.359 7.325 7.280 7.333 7.423 7.515 7.611 7.709 7.811 8.072 8.388 8.708 9.031 9.357 9.687 10.070 10.465 10.854 11.238 11.608 12.001 12.276 12.505 12.734 12.963 13.193 13.422 13.436 13.370 13.298 13.218 13.132 13.038 12.572 11.970 11.361 10.743 10.117 9.483 8.692 7.837 6.972 6.097 5.211 4.315 3.664 3.098 2.525 1.946 1.359 0.767 0.566 0.508 0.442 0.366 0.282 0.189 0.154 0.140 0.124 0.106 0.086 0.063 0.057 0.056 0.056 0.055 0.053 0.052 0.049 0.046 0.042 0.039 0.035 0.032
8.092 8.020 7.937 7.960 8.060 8.163 8.268 8.377 8.488 8.729 9.057 9.388 9.629 9.877 10.133 10.452 10.832 11.240 11.676 12.140 12.632 12.974 13.203 13.433 13.662 13.892 14.121 14.163 14.073 13.976 13.872 13.761 13.643 13.221 12.591 11.953 11.307 10.652 9.990 9.194 8.302 7.400 6.488 5.566 4.635 3.915 3.342 2.769 2.196 1.624 1.053 0.773 0.684 0.586 0.480 0.364 0.240 0.176 0.155 0.131 0.106 0.079 0.049 0.036 0.035 0.033 0.031 0.029 0.027 0.024 0.020 0.017 0.013 0.010 0.006
8.836 8.726 8.606 8.583 8.678 8.703 8.723 8.737 8.745 8.858 9.111 9.370 9.637 9.912 10.194 10.559 11.037 11.544 12.078 12.641 13.232 13.671 13.900 14.130 14.360 14.590 14.819 14.896 14.781 14.660 14.532 14.397 14.255 13.878 13.220 12.553 11.878 11.190 10.489 9.682 8.754 7.821 6.881 5.936 4.985 4.203 3.631 3.060 2.489 1.919 1.349 0.988 0.868 0.739 0.602 0.455 0.300 0.200 0.171 0.141 0.109 0.074 0.037 0.016 0.014 0.011 0.008 0.005 0.002 0.000 0.000 0.000 0.000 0.000 0.000
9.365 9.136 8.890 8.711 8.722 8.727 8.727 8.721 8.709 8.780 9.058 9.344 9.638 9.939 10.248 10.636 11.213 11.818 12.451 13.112 13.801 14.367 14.596 14.826 15.056 15.286 15.516 15.635 15.496 15.351 15.185 15.025 14.871 14.557 13.862 13.154 12.434 11.701 10.956 10.141 9.193 8.238 7.278 6.312 5.340 4.491 3.921 3.351 2.782 2.213 1.645 1.211 1.060 0.901 0.732 0.555 0.369 0.226 0.190 0.153 0.113 0.071 0.029 0.002 0.002 0.002 0.002 0.002 0.001 0.000 0.000 0.000 0.000 0.000 0.000
9.655 9.365 9.058 8.781 8.772 8.757 8.737 8.711 8.680 8.693 8.998 9.310 9.630 9.958 10.293 10.683 11.358 12.061 12.793 13.552 14.339 15.061 15.281 15.430 15.604 15.802 16.024 16.204 16.047 15.897 15.752 15.614 15.483 15.257 14.518 13.766 13.001 12.224 11.435 10.606 9.636 8.661 7.680 6.694 5.701 4.778 4.209 3.641 3.073 2.506 1.940 1.443 1.261 1.071 0.871 0.657 0.439 0.253 0.212 0.171 0.130 0.087 0.044 0.009 0.008 0.007 0.006 0.004 0.002 0.000 0.000 0.000 0.000 0.000 0.000
9.964 9.613 9.245 8.860 8.828 8.794 8.754 8.708 8.656 8.599 8.929 9.268 9.614 9.968 10.329 10.688 11.407 12.130 12.859 13.594 14.334 15.074 15.284 15.519 15.779 16.063 16.372 16.698 16.563 16.435 16.312 16.197 16.087 15.970 15.186 14.390 13.581 12.760 11.926 11.076 10.086 9.090 8.088 7.081 6.068 5.063 4.497 3.930 3.344 2.751 2.159 1.580 1.361 1.143 0.925 0.706 0.489 0.279 0.236 0.193 0.149 0.105 0.060 0.017 0.015 0.013 0.010 0.007 0.003 0.000 0.000 0.000 0.000 0.000 0.000
10.292 9.880 9.452 9.006 8.891 8.836 8.776 8.710 8.626 8.522 8.781 9.110 9.441 9.775 10.112 10.452 11.131 11.874 12.622 13.375 14.134 14.898 15.261 15.582 15.928 16.298 16.693 17.112 17.072 16.965 16.865 16.771 16.684 16.603 15.867 15.026 14.173 13.308 12.430 11.539 10.541 9.492 8.438 7.385 6.331 5.277 4.634 4.041 3.447 2.853 2.259 1.664 1.409 1.191 0.973 0.756 0.538 0.321 0.261 0.215 0.170 0.123 0.076 0.029 0.022 0.018 0.014 0.010 0.005 0.000 0.000 0.000 0.000 0.001 0.004
10.638 10.131 9.592 9.047 8.804 8.700 8.596 8.493 8.390 8.288 8.490 8.829 9.170 9.515 9.863 10.213 10.850 11.612 12.379 13.151 13.929 14.711 15.212 15.619 16.051 16.507 16.988 17.493 17.573 17.488 17.410 17.339 17.273 17.212 16.498 15.561 14.618 13.669 12.715 11.755 10.724 9.670 8.615 7.560 6.505 5.450 4.741 4.146 3.551 2.956 2.360 1.764 1.456 1.238 1.021 0.804 0.588 0.371 0.286 0.238 0.190 0.142 0.093 0.043 0.029 0.024 0.019 0.014 0.009 0.004 0.005 0.008 0.012 0.016 0.021
10.555 10.002 9.445 8.883 8.563 8.460 8.358 8.256 8.155 8.053 8.196 8.545 8.897 9.252 9.610 9.971 10.564 11.344 12.130 12.921 13.718 14.519 15.137 15.630 16.148 16.690 17.256 17.834 18.022 17.915 17.799 17.673 17.539 17.396 16.775 15.817 14.854 13.886 12.911 11.931 10.904 9.849 8.793 7.737 6.680 5.623 4.848 4.252 3.655 3.058 2.461 1.864 1.503 1.286 1.069 0.853 0.637 0.421 0.311 0.261 0.211 0.161 0.110 0.060 0.039 0.034 0.029 0.023 0.017 0.011 0.012 0.017 0.024 0.031 0.038
10.450 9.880 9.304 8.724 8.322 8.221 8.120 8.019 7.919 7.819 7.898 8.258 8.621 8.987 9.355 9.727 10.272 11.071 11.876 12.703 13.566 14.427 15.167 15.742 16.322 16.906 17.495 18.089 18.372 18.233 18.086 17.929 17.764 17.590 17.057 16.080 15.096 14.108 13.113 12.113 11.085 10.028 8.970 7.913 6.855 5.797 4.956 4.358 3.760 3.162 2.563 1.964 1.553 1.340 1.125 0.908 0.688 0.466 0.329 0.278 0.228 0.178 0.128 0.078 0.051 0.045 0.038 0.032 0.025 0.018 0.018 0.026 0.035 0.045 0.055
10.352 9.764 9.170 8.571 8.081 7.981 7.881 7.782 7.683 7.584 7.598 7.968 8.371 8.810 9.255 9.704 10.263 11.125 11.986 12.844 13.700 14.554 15.336 15.927 16.523 17.124 17.729 18.339 18.731 18.561 18.382 18.194 17.998 17.792 17.345 16.348 15.344 14.335 13.321 12.301 11.265 10.207 9.149 8.090 7.031 5.972 5.067 4.471 3.877 3.284 2.693 2.102 1.640 1.419 1.196 0.970 0.742 0.512 0.345 0.295 0.246 0.196 0.146 0.096 0.063 0.056 0.048 0.041 0.033 0.025 0.024 0.034 0.046 0.058 0.071
10.260 9.653 9.041 8.424 7.841 7.757 7.696 7.648 7.615 7.596 7.631 8.078 8.530 8.987 9.449 9.915 10.427 11.283 12.136 12.987 13.836 14.683 15.499 16.107 16.719 17.336 17.957 18.583 19.098 18.897 18.687 18.468 18.240 18.003 17.639 16.621 15.598 14.569 13.542 12.498 11.438 10.378 9.320 8.263 7.207 6.153 5.186 4.595 4.005 3.416 2.828 2.241 1.729 1.500 1.268 1.035 0.799 0.560 0.362 0.312 0.263 0.213 0.164 0.114 0.075 0.067 0.059 0.050 0.041 0.032 0.031 0.055 0.078 0.100 0.122
10.139 9.530 8.930 8.341 7.761 7.692 7.680 7.683 7.700 7.731 7.776 8.215 8.684 9.158 9.637 10.121 10.609 11.442 12.288 13.132 13.974 14.814 15.652 16.281 16.910 17.542 18.180 18.822 19.469 19.243 19.005 18.822 18.607 18.359 18.072 17.037 15.984 14.913 13.825 12.719 11.597 10.542 9.488 8.435 7.383 6.332 5.305 4.717 4.131 3.546 2.962 2.379 1.820 1.582 1.343 1.101 0.857 0.611 0.379 0.329 0.280 0.231 0.181 0.137 0.105 0.109 0.111 0.113 0.113 0.112 0.113 0.135 0.157 0.178 0.199
9.958 9.383 8.818 8.263 7.717 7.611 7.650 7.702 7.769 7.850 7.945 8.347 8.833 9.324 9.820 10.321 10.826 11.603 12.442 13.279 14.114 14.947 15.777 16.471 17.228 17.983 18.739 19.494 20.249 20.166 19.903 19.608 19.281 18.922 18.531 17.524 16.409 15.277 14.126 12.958 11.772 10.704 9.654 8.605 7.557 6.511 5.465 4.839 4.256 3.675 3.094 2.515 1.937 1.668 1.420 1.170 0.930 0.702 0.471 0.430 0.395 0.357 0.314 0.268 0.217 0.214 0.213 0.210 0.206 0.201 0.195 0.215 0.236 0.256 0.276
