DATA/SHG/CPC/2018/20180622.asc
ncols        190
nrows        64
xllcorner    -5100000.000000000000
yllcorner    4130000.000000000000
cellsize     10000.000000000000
NODATA_value  -99999.000
[rows 0 to 33 of 64, columns 0 to 75 of 190]
0.000 0.000 0.000 0.000 0.000 0.000 0.000 0.000 0.000 0.000 0.000 0.000 0.000 0.000 0.000 0.000 0.000 0.000 0.007 0.018 0.031 0.045 0.060 0.077 0.086 0.092 0.096 0.100 0.102 0.104 0.105 0.105 0.104 0.101 0.098 0.097 0.101 0.110 0.119 0.126 0.132 0.138 0.144 0.150 0.156 0.162 0.168 0.174 0.181 0.191 0.200 0.209 0.218 0.227 0.240 0.257 0.273 0.290 0.305 0.321 0.339 0.362 0.384 0.406 0.426 0.446 0.473 0.510 0.546 0.580 0.614 0.646 0.689 0.753 0.816 0.879
0.000 0.000 0.000 0.000 0.000 0.000 0.000 0.000 0.000 0.000 0.000 0.000 0.000 0.000 0.000 0.000 0.000 0.000 0.008 0.024 0.041 0.060 0.080 0.101 0.113 0.115 0.117 0.117 0.120 0.122 0.123 0.122 0.120 0.117 0.113 0.107 0.107 0.113 0.118 0.122 0.125 0.127 0.131 0.137 0.142 0.147 0.152 0.157 0.164 0.172 0.181 0.189 0.197 0.205 0.216 0.231 0.246 0.261 0.275 0.289 0.303 0.323 0.341 0.358 0.375 0.390 0.410 0.443 0.474 0.505 0.534 0.561 0.596 0.658 0.718 0.778
0.000 0.000 0.000 0.000 0.000 0.000 0.000 0.000 0.000 0.000 0.000 0.000 0.000 0.000 0.000 0.000 0.000 0.000 0.008 0.028 0.051 0.077 0.102 0.128 0.145 0.147 0.149 0.152 0.154 0.156 0.156 0.151 0.144 0.137 0.129 0.119 0.113 0.116 0.118 0.119 0.119 0.118 0.118 0.123 0.128 0.133 0.137 0.141 0.146 0.154 0.162 0.170 0.177 0.184 0.192 0.206 0.219 0.231 0.242 0.253 0.264 0.280 0.295 0.309 0.322 0.335 0.349 0.377 0.404 0.430 0.455 0.478 0.504 0.563 0.621 0.678
0.000 0.000 0.000 0.000 0.000 0.000 0.000 0.000 0.000 0.000 0.000 0.000 0.000 0.001 0.002 0.006 0.010 0.016 0.028 0.054 0.080 0.106 0.132 0.159 0.180 0.182 0.184 0.186 0.188 0.189 0.189 0.180 0.170 0.158 0.146 0.132 0.120 0.120 0.118 0.116 0.113 0.110 0.106 0.110 0.114 0.119 0.124 0.128 0.131 0.138 0.145 0.152 0.158 0.164 0.170 0.181 0.191 0.201 0.209 0.217 0.225 0.238 0.250 0.261 0.271 0.280 0.288 0.312 0.335 0.357 0.377 0.397 0.415 0.469 0.525 0.580
0.000 0.000 0.000 0.000 0.000 0.000 0.000 0.000 0.000 0.000 0.000 0.000 0.001 0.006 0.013 0.021 0.030 0.041 0.054 0.081 0.108 0.135 0.162 0.189 0.215 0.217 0.218 0.220 0.221 0.223 0.223 0.210 0.196 0.181 0.164 0.146 0.128 0.125 0.125 0.123 0.119 0.112 0.103 0.107 0.111 0.113 0.116 0.117 0.118 0.124 0.129 0.135 0.140 0.144 0.149 0.157 0.164 0.171 0.177 0.183 0.187 0.197 0.205 0.213 0.220 0.226 0.231 0.249 0.267 0.286 0.306 0.324 0.341 0.389 0.442 0.492
0.000 0.000 0.000 0.000 0.000 0.000 0.000 0.000 0.000 0.000 0.000 0.000 0.000 0.010 0.021 0.034 0.048 0.064 0.080 0.107 0.135 0.163 0.191 0.220 0.249 0.252 0.253 0.254 0.255 0.256 0.258 0.247 0.234 0.220 0.205 0.190 0.175 0.168 0.161 0.151 0.139 0.124 0.108 0.107 0.108 0.108 0.108 0.107 0.106 0.109 0.114 0.118 0.122 0.125 0.128 0.133 0.138 0.143 0.146 0.149 0.151 0.156 0.163 0.171 0.178 0.185 0.191 0.206 0.224 0.241 0.256 0.270 0.283 0.319 0.364 0.408
0.000 0.000 0.000 0.000 0.000 0.000 0.000 0.000 0.000 0.000 0.000 0.000 0.000 0.013 0.029 0.046 0.065 0.085 0.107 0.134 0.162 0.191 0.220 0.251 0.282 0.291 0.296 0.300 0.306 0.312 0.318 0.309 0.294 0.278 0.262 0.245 0.228 0.214 0.199 0.181 0.161 0.139 0.115 0.107 0.106 0.104 0.101 0.098 0.094 0.095 0.098 0.101 0.104 0.106 0.108 0.111 0.115 0.119 0.123 0.126 0.129 0.134 0.141 0.146 0.152 0.156 0.160 0.171 0.184 0.196 0.207 0.217 0.225 0.251 0.289 0.325
0.000 0.000 0.000 0.000 0.000 0.000 0.000 0.000 0.000 0.000 0.000 0.000 0.000 0.014 0.035 0.057 0.081 0.106 0.133 0.163 0.194 0.226 0.258 0.291 0.324 0.340 0.346 0.353 0.361 0.369 0.377 0.371 0.354 0.337 0.319 0.301 0.282 0.262 0.239 0.213 0.186 0.156 0.124 0.107 0.104 0.100 0.095 0.089 0.084 0.083 0.086 0.089 0.091 0.094 0.096 0.098 0.101 0.104 0.106 0.109 0.111 0.114 0.118 0.122 0.126 0.128 0.131 0.136 0.145 0.153 0.159 0.165 0.168 0.184 0.216 0.245
0.000 0.000 0.000 0.000 0.000 0.000 0.000 0.000 0.000 0.000 0.000 0.000 0.000 0.014 0.040 0.068 0.097 0.128 0.161 0.194 0.227 0.261 0.296 0.330 0.366 0.388 0.396 0.405 0.415 0.425 0.436 0.433 0.415 0.396 0.376 0.357 0.336 0.312 0.281 0.248 0.212 0.178 0.143 0.121 0.117 0.111 0.104 0.094 0.083 0.076 0.078 0.080 0.082 0.083 0.084 0.085 0.087 0.089 0.091 0.092 0.093 0.094 0.097 0.099 0.100 0.101 0.101 0.103 0.108 0.111 0.113 0.114 0.114 0.126 0.157 0.187
0.000 0.000 0.000 0.000 0.000 0.000 0.000 0.000 0.000 0.000 0.000 0.000 0.000 0.012 0.044 0.077 0.112 0.149 0.187 0.225 0.260 0.296 0.332 0.369 0.407 0.435 0.446 0.457 0.468 0.481 0.493 0.496 0.476 0.455 0.434 0.412 0.390 0.364 0.330 0.294 0.258 0.221 0.183 0.153 0.143 0.130 0.117 0.101 0.084 0.070 0.071 0.072 0.072 0.073 0.073 0.073 0.074 0.074 0.075 0.075 0.075 0.075 0.075 0.076 0.075 0.075 0.076 0.077 0.082 0.086 0.089 0.093 0.096 0.103 0.130 0.157
0.000 0.000 0.000 0.000 0.000 0.000 0.000 0.000 0.000 0.000 0.000 0.000 0.000 0.009 0.046 0.085 0.126 0.168 0.212 0.255 0.292 0.330 0.369 0.408 0.447 0.482 0.494 0.506 0.519 0.532 0.546 0.553 0.532 0.510 0.488 0.465 0.443 0.418 0.381 0.343 0.304 0.264 0.224 0.187 0.170 0.152 0.132 0.110 0.086 0.064 0.064 0.064 0.063 0.062 0.061 0.060 0.060 0.060 0.060 0.060 0.061 0.061 0.062 0.063 0.064 0.064 0.065 0.065 0.069 0.071 0.074 0.076 0.078 0.080 0.105 0.128
0.000 0.000 0.000 0.000 0.000 0.000 0.000 0.000 0.000 0.000 0.000 0.000 0.000 0.004 0.047 0.091 0.138 0.185 0.234 0.284 0.323 0.362 0.402 0.443 0.483 0.523 0.536 0.550 0.565 0.579 0.595 0.609 0.587 0.564 0.542 0.519 0.496 0.473 0.433 0.392 0.350 0.308 0.265 0.222 0.199 0.175 0.148 0.120 0.090 0.058 0.057 0.057 0.056 0.055 0.054 0.052 0.052 0.052 0.052 0.052 0.052 0.052 0.053 0.053 0.054 0.054 0.054 0.054 0.056 0.057 0.059 0.060 0.060 0.061 0.080 0.099
0.000 0.000 0.000 0.000 0.000 0.000 0.000 0.000 0.000 0.000 0.000 0.000 0.002 0.006 0.054 0.104 0.155 0.206 0.258 0.309 0.351 0.392 0.433 0.475 0.518 0.561 0.578 0.594 0.610 0.626 0.643 0.660 0.642 0.619 0.596 0.572 0.549 0.525 0.485 0.442 0.398 0.353 0.308 0.262 0.232 0.203 0.172 0.139 0.104 0.067 0.060 0.059 0.056 0.053 0.050 0.045 0.045 0.045 0.044 0.044 0.044 0.044 0.044 0.044 0.044 0.044 0.043 0.043 0.043 0.044 0.044 0.044 0.043 0.042 0.055 0.072
0.000 0.000 0.000 0.000 0.000 0.000 0.000 0.000 0.002 0.005 0.010 0.015 0.022 0.030 0.072 0.124 0.176 0.228 0.280 0.333 0.378 0.420 0.464 0.507 0.551 0.596 0.619 0.636 0.654 0.672 0.691 0.710 0.697 0.674 0.650 0.626 0.602 0.583 0.549 0.507 0.463 0.417 0.370 0.320 0.282 0.246 0.207 0.167 0.125 0.081 0.065 0.061 0.057 0.052 0.046 0.040 0.038 0.037 0.037 0.036 0.036 0.035 0.035 0.034 0.034 0.033 0.033 0.032 0.031 0.032 0.034 0.035 0.038 0.040 0.054 0.074
0.000 0.000 0.000 0.000 0.000 0.000 0.000 0.000 0.004 0.012 0.020 0.030 0.040 0.052 0.091 0.143 0.196 0.249 0.303 0.357 0.404 0.449 0.494 0.539 0.585 0.631 0.660 0.679 0.698 0.718 0.745 0.772 0.773 0.755 0.736 0.717 0.698 0.678 0.642 0.593 0.543 0.491 0.437 0.382 0.333 0.290 0.245 0.197 0.148 0.096 0.070 0.064 0.058 0.051 0.043 0.035 0.031 0.030 0.029 0.029 0.028 0.027 0.027 0.027 0.027 0.027 0.028 0.029 0.031 0.033 0.036 0.039 0.042 0.045 0.057 0.077
0.000 0.000 0.000 0.000 0.000 0.000 0.000 0.000 0.005 0.017 0.029 0.043 0.058 0.074 0.109 0.162 0.216 0.270 0.325 0.380 0.430 0.476 0.523 0.574 0.626 0.679 0.720 0.747 0.775 0.805 0.835 0.867 0.876 0.856 0.836 0.816 0.795 0.773 0.737 0.682 0.625 0.567 0.507 0.445 0.387 0.337 0.284 0.229 0.173 0.114 0.076 0.068 0.059 0.050 0.041 0.032 0.026 0.026 0.026 0.025 0.023 0.022 0.021 0.022 0.023 0.025 0.026 0.028 0.031 0.034 0.038 0.042 0.046 0.050 0.060 0.080
0.000 0.000 0.000 0.000 0.000 0.000 0.000 0.000 0.005 0.021 0.037 0.055 0.074 0.094 0.126 0.182 0.239 0.296 0.353 0.410 0.466 0.518 0.572 0.628 0.684 0.743 0.793 0.824 0.856 0.890 0.925 0.961 0.980 0.958 0.937 0.914 0.892 0.868 0.834 0.772 0.709 0.645 0.578 0.509 0.443 0.385 0.326 0.264 0.201 0.136 0.086 0.077 0.068 0.058 0.048 0.037 0.028 0.027 0.025 0.023 0.020 0.017 0.015 0.017 0.019 0.021 0.024 0.027 0.031 0.035 0.039 0.044 0.049 0.055 0.064 0.083
0.000 0.000 0.000 0.000 0.000 0.000 0.000 0.000 0.005 0.027 0.051 0.075 0.100 0.127 0.160 0.217 0.274 0.332 0.389 0.446 0.503 0.560 0.619 0.680 0.742 0.805 0.864 0.899 0.936 0.974 1.013 1.053 1.084 1.061 1.037 1.013 0.989 0.964 0.932 0.865 0.797 0.728 0.656 0.580 0.504 0.440 0.374 0.306 0.237 0.165 0.101 0.090 0.079 0.067 0.055 0.042 0.031 0.028 0.024 0.021 0.017 0.012 0.009 0.012 0.015 0.018 0.022 0.026 0.030 0.035 0.041 0.047 0.052 0.057 0.063 0.078
0.000 0.000 0.000 0.001 0.004 0.007 0.011 0.015 0.022 0.048 0.075 0.103 0.133 0.163 0.196 0.253 0.310 0.367 0.424 0.481 0.538 0.601 0.665 0.730 0.797 0.865 0.934 0.974 1.015 1.057 1.100 1.144 1.188 1.167 1.149 1.130 1.110 1.088 1.064 0.990 0.913 0.832 0.748 0.660 0.569 0.498 0.425 0.351 0.274 0.196 0.117 0.104 0.091 0.077 0.063 0.048 0.033 0.029 0.025 0.020 0.014 0.008 0.002 0.006 0.010 0.015 0.019 0.023 0.026 0.031 0.035 0.040 0.044 0.048 0.052 0.065
0.000 0.000 0.000 0.004 0.009 0.016 0.023 0.031 0.040 0.068 0.099 0.131 0.164 0.198 0.233 0.288 0.345 0.402 0.459 0.516 0.573 0.640 0.709 0.779 0.851 0.924 1.002 1.054 1.105 1.159 1.216 1.275 1.337 1.326 1.303 1.280 1.255 1.229 1.202 1.123 1.033 0.940 0.843 0.743 0.639 0.558 0.478 0.397 0.314 0.229 0.142 0.118 0.103 0.088 0.072 0.055 0.038 0.031 0.025 0.019 0.013 0.007 0.001 0.004 0.007 0.011 0.014 0.017 0.019 0.023 0.028 0.032 0.036 0.040 0.043 0.053
0.000 0.000 0.000 0.006 0.014 0.024 0.034 0.045 0.058 0.086 0.121 0.157 0.194 0.232 0.271 0.324 0.381 0.438 0.495 0.554 0.614 0.686 0.764 0.843 0.924 1.007 1.091 1.156 1.217 1.280 1.346 1.414 1.485 1.485 1.458 1.431 1.402 1.372 1.340 1.259 1.157 1.051 0.942 0.829 0.713 0.619 0.533 0.445 0.356 0.264 0.170 0.134 0.119 0.103 0.085 0.066 0.046 0.035 0.029 0.023 0.016 0.009 0.002 0.002 0.005 0.007 0.009 0.011 0.013 0.016 0.020 0.024 0.027 0.031 0.035 0.041
0.000 0.000 0.000 0.007 0.018 0.031 0.044 0.059 0.074 0.103 0.142 0.182 0.223 0.265 0.308 0.361 0.421 0.482 0.543 0.606 0.669 0.744 0.828 0.913 1.000 1.089 1.179 1.256 1.326 1.398 1.473 1.550 1.630 1.645 1.614 1.582 1.549 1.515 1.479 1.398 1.283 1.165 1.044 0.919 0.791 0.684 0.593 0.501 0.408 0.314 0.219 0.169 0.149 0.128 0.105 0.081 0.055 0.040 0.033 0.026 0.019 0.011 0.003 0.001 0.003 0.004 0.005 0.006 0.006 0.009 0.012 0.016 0.019 0.023 0.026 0.030
0.000 0.000 0.000 0.006 0.021 0.038 0.055 0.073 0.091 0.121 0.164 0.207 0.252 0.298 0.345 0.399 0.462 0.526 0.591 0.657 0.724 0.801 0.890 0.981 1.074 1.168 1.265 1.353 1.431 1.513 1.597 1.683 1.772 1.806 1.771 1.735 1.698 1.662 1.623 1.542 1.416 1.286 1.152 1.015 0.875 0.754 0.660 0.564 0.467 0.369 0.270 0.205 0.180 0.154 0.126 0.097 0.066 0.045 0.038 0.030 0.022 0.013 0.005 0.000 0.001 0.001 0.001 0.001 0.000 0.002 0.006 0.010 0.015 0.019 0.023 0.027
0.001 0.002 0.003 0.010 0.028 0.047 0.067 0.087 0.109 0.138 0.184 0.232 0.280 0.330 0.380 0.436 0.502 0.570 0.638 0.707 0.777 0.855 0.950 1.047 1.146 1.246 1.349 1.447 1.534 1.625 1.739 1.852 1.961 2.024 1.987 1.944 1.895 1.840 1.779 1.691 1.553 1.410 1.265 1.115 0.963 0.825 0.727 0.627 0.527 0.425 0.323 0.243 0.213 0.181 0.149 0.114 0.078 0.051 0.042 0.034 0.025 0.016 0.006 0.000 0.000 0.000 0.000 0.000 0.000 0.001 0.005 0.009 0.013 0.017 0.021 0.024
0.004 0.006 0.008 0.013 0.034 0.055 0.078 0.101 0.125 0.154 0.204 0.255 0.307 0.360 0.415 0.472 0.541 0.612 0.683 0.756 0.829 0.907 1.011 1.139 1.273 1.412 1.557 1.700 1.811 1.918 2.022 2.123 2.220 2.290 2.232 2.169 2.099 2.023 1.942 1.844 1.693 1.539 1.381 1.219 1.054 0.897 0.795 0.692 0.588 0.482 0.376 0.282 0.247 0.210 0.172 0.132 0.090 0.055 0.045 0.036 0.027 0.017 0.008 0.000 0.000 0.000 0.000 0.000 0.000 0.001 0.005 0.008 0.012 0.016 0.020 0.022
0.006 0.009 0.012 0.015 0.038 0.063 0.088 0.114 0.141 0.169 0.222 0.277 0.333 0.390 0.448 0.507 0.587 0.673 0.767 0.868 0.975 1.090 1.232 1.379 1.532 1.690 1.854 2.022 2.121 2.216 2.309 2.398 2.483 2.562 2.484 2.399 2.309 2.212 2.110 2.001 1.837 1.670 1.500 1.326 1.149 0.970 0.864 0.758 0.645 0.531 0.417 0.305 0.264 0.223 0.181 0.139 0.097 0.057 0.047 0.038 0.028 0.019 0.009 0.000 0.000 0.000 0.000 0.000 0.000 0.000 0.004 0.007 0.011 0.015 0.018 0.021
0.008 0.012 0.015 0.019 0.042 0.070 0.098 0.126 0.156 0.185 0.239 0.299 0.361 0.426 0.493 0.562 0.661 0.773 0.891 1.016 1.149 1.288 1.447 1.613 1.785 1.962 2.145 2.332 2.433 2.517 2.598 2.675 2.749 2.820 2.741 2.636 2.524 2.407 2.284 2.156 1.985 1.792 1.597 1.403 1.210 1.016 0.894 0.780 0.665 0.551 0.436 0.322 0.273 0.231 0.189 0.147 0.104 0.062 0.049 0.040 0.030 0.020 0.011 0.001 0.000 0.000 0.000 0.000 0.000 0.000 0.003 0.007 0.010 0.014 0.022 0.031
0.010 0.014 0.019 0.024 0.045 0.074 0.104 0.134 0.164 0.195 0.251 0.319 0.389 0.462 0.537 0.614 0.728 0.864 1.007 1.158 1.315 1.479 1.656 1.841 2.032 2.228 2.429 2.636 2.749 2.821 2.890 2.956 3.018 3.076 2.970 2.817 2.663 2.509 2.353 2.197 2.012 1.819 1.626 1.433 1.241 1.049 0.915 0.800 0.686 0.571 0.456 0.341 0.282 0.239 0.197 0.154 0.112 0.069 0.052 0.042 0.032 0.022 0.012 0.002 0.000 0.000 0.000 0.000 0.000 0.000 0.005 0.013 0.023 0.034 0.047 0.061
0.012 0.017 0.022 0.028 0.047 0.077 0.109 0.140 0.173 0.205 0.261 0.337 0.415 0.495 0.578 0.663 0.788 0.948 1.116 1.291 1.473 1.662 1.859 2.063 2.273 2.488 2.705 2.903 3.002 3.030 3.053 3.072 3.086 3.096 3.007 2.851 2.694 2.536 2.377 2.218 2.038 1.846 1.654 1.462 1.271 1.080 0.936 0.821 0.706 0.591 0.476 0.361 0.291 0.248 0.205 0.162 0.119 0.076 0.054 0.044 0.034 0.024 0.014 0.004 0.000 0.000 0.000 0.000 0.000 0.000 0.008 0.021 0.036 0.053 0.070 0.090
0.013 0.019 0.025 0.032 0.048 0.080 0.113 0.147 0.180 0.215 0.268 0.352 0.438 0.526 0.617 0.710 0.839 1.025 1.217 1.424 1.652 1.881 2.104 2.307 2.500 2.682 2.854 3.015 3.109 3.121 3.128 3.130 3.128 3.121 3.045 2.885 2.725 2.564 2.402 2.240 2.063 1.872 1.682 1.491 1.301 1.112 0.957 0.842 0.727 0.611 0.496 0.380 0.301 0.258 0.215 0.171 0.127 0.082 0.055 0.045 0.035 0.025 0.015 0.005 0.000 0.000 0.000 0.000 0.000 0.000 0.009 0.028 0.048 0.069 0.093 0.117
0.014 0.021 0.028 0.035 0.049 0.083 0.117 0.152 0.188 0.224 0.273 0.365 0.470 0.595 0.725 0.863 1.027 1.256 1.486 1.719 1.953 2.189 2.410 2.577 2.733 2.879 3.014 3.139 3.221 3.216 3.207 3.193 3.174 3.151 3.083 2.921 2.757 2.593 2.428 2.262 2.088 1.898 1.709 1.520 1.331 1.147 0.986 0.873 0.759 0.644 0.528 0.411 0.318 0.273 0.228 0.182 0.136 0.089 0.055 0.046 0.036 0.026 0.016 0.006 0.000 0.000 0.000 0.000 0.000 0.000 0.009 0.033 0.058 0.085 0.113 0.143
0.015 0.022 0.030 0.038 0.049 0.087 0.133 0.185 0.245 0.311 0.389 0.523 0.664 0.811 0.964 1.125 1.298 1.533 1.771 2.010 2.251 2.495 2.727 2.857 2.976 3.086 3.184 3.273 3.338 3.317 3.291 3.261 3.225 3.186 3.123 2.957 2.791 2.623 2.465 2.303 2.135 1.951 1.767 1.583 1.397 1.211 1.038 0.921 0.803 0.684 0.564 0.442 0.335 0.289 0.242 0.194 0.146 0.097 0.056 0.046 0.037 0.027 0.017 0.007 0.000 0.000 0.000 0.000 0.000 0.000 0.009 0.049 0.091 0.135 0.181 0.230
0.016 0.025 0.035 0.044 0.055 0.114 0.184 0.261 0.344 0.435 0.533 0.686 0.850 1.020 1.196 1.379 1.569 1.809 2.053 2.299 2.547 2.798 3.050 3.147 3.230 3.303 3.366 3.417 3.459 3.422 3.383 3.379 3.353 3.306 3.236 3.077 2.913 2.744 2.572 2.394 2.212 2.027 1.840 1.653 1.465 1.276 1.090 0.970 0.848 0.725 0.600 0.475 0.354 0.305 0.256 0.206 0.156 0.105 0.057 0.047 0.038 0.028 0.018 0.009 0.000 0.004 0.011 0.022 0.035 0.052 0.075 0.122 0.172 0.225 0.279 0.336
0.018 0.028 0.039 0.051 0.063 0.133 0.227 0.329 0.437 0.552 0.674 0.842 1.029 1.221 1.421 1.626 1.838 2.081 2.333 2.586 2.841 3.098 3.357 3.465 3.596 3.709 3.804 3.880 3.937 3.912 3.854 3.775 3.674 3.551 3.407 3.234 3.055 2.871 2.682 2.490 2.292 2.103 1.914 1.724 1.533 1.342 1.151 1.019 0.893 0.766 0.638 0.509 0.378 0.322 0.271 0.219 0.167 0.116 0.063 0.051 0.041 0.031 0.021 0.011 0.000 0.015 0.033 0.054 0.079 0.107 0.138 0.194 0.252 0.312 0.375 0.440
