DATA/SHG/CPC/2018/20180329.asc
ncols        190
nrows        64
xllcorner    -5100000.000000000000
yllcorner    4130000.000000000000
cellsize     10000.000000000000
NODATA_value  -99999.000
[rows 0 to 33 of 64, columns 77 to 153 of 190]
0.000 0.000 0.000 0.000 0.000 0.000 0.000 0.001 0.003 0.006 0.010 0.013 0.017 0.021 0.028 0.036 0.043 0.051 0.060 0.070 0.087 0.105 0.124 0.144 0.164 0.182 0.191 0.201 0.211 0.220 0.230 0.238 0.236 0.233 0.231 0.227 0.224 0.224 0.237 0.250 0.262 0.274 0.284 0.305 0.355 0.405 0.454 0.503 0.551 0.601 0.662 0.721 0.779 0.836 0.891 0.937 0.958 0.978 0.996 1.013 1.028 1.030 1.000 0.971 0.941 0.911 0.880 0.844 0.797 0.750 0.703 0.657 0.612 0.565 0.513 0.461 0.411
0.000 0.000 0.000 0.000 0.000 0.000 0.000 0.001 0.004 0.008 0.012 0.017 0.021 0.027 0.037 0.047 0.058 0.069 0.081 0.093 0.114 0.135 0.157 0.179 0.202 0.224 0.234 0.244 0.254 0.265 0.276 0.285 0.281 0.277 0.272 0.266 0.260 0.256 0.267 0.276 0.286 0.294 0.302 0.314 0.362 0.408 0.455 0.500 0.545 0.591 0.646 0.700 0.752 0.805 0.857 0.903 0.920 0.937 0.953 0.969 0.983 0.991 0.960 0.928 0.897 0.864 0.832 0.797 0.752 0.707 0.663 0.619 0.576 0.533 0.485 0.438 0.391
0.000 0.000 0.000 0.000 0.000 0.000 0.000 0.002 0.008 0.015 0.021 0.028 0.035 0.042 0.054 0.066 0.079 0.092 0.105 0.119 0.142 0.165 0.189 0.214 0.239 0.265 0.276 0.287 0.298 0.309 0.321 0.333 0.327 0.320 0.313 0.306 0.298 0.289 0.297 0.304 0.310 0.315 0.320 0.324 0.373 0.421 0.468 0.513 0.557 0.598 0.649 0.699 0.747 0.793 0.837 0.880 0.894 0.907 0.920 0.932 0.944 0.953 0.920 0.887 0.853 0.819 0.784 0.749 0.706 0.664 0.622 0.581 0.541 0.500 0.456 0.413 0.371
0.000 0.000 0.001 0.002 0.005 0.007 0.011 0.015 0.021 0.028 0.035 0.043 0.050 0.058 0.071 0.085 0.100 0.115 0.130 0.145 0.169 0.195 0.221 0.248 0.276 0.303 0.317 0.329 0.341 0.353 0.366 0.378 0.373 0.364 0.355 0.350 0.347 0.344 0.354 0.364 0.374 0.382 0.390 0.397 0.435 0.476 0.514 0.551 0.586 0.618 0.661 0.703 0.744 0.782 0.820 0.855 0.868 0.878 0.888 0.897 0.905 0.912 0.881 0.845 0.810 0.773 0.737 0.700 0.660 0.620 0.581 0.542 0.504 0.467 0.427 0.388 0.349
0.000 0.000 0.002 0.006 0.010 0.015 0.021 0.027 0.034 0.041 0.049 0.057 0.065 0.074 0.087 0.103 0.120 0.136 0.153 0.170 0.195 0.224 0.252 0.282 0.311 0.342 0.363 0.382 0.400 0.419 0.439 0.458 0.461 0.458 0.454 0.451 0.448 0.444 0.449 0.455 0.461 0.466 0.470 0.473 0.499 0.532 0.562 0.590 0.616 0.641 0.674 0.709 0.742 0.774 0.803 0.831 0.843 0.850 0.856 0.862 0.867 0.871 0.842 0.805 0.767 0.729 0.690 0.651 0.613 0.577 0.540 0.505 0.470 0.436 0.399 0.362 0.325
0.000 0.000 0.004 0.009 0.016 0.022 0.030 0.038 0.046 0.054 0.063 0.071 0.080 0.089 0.103 0.121 0.139 0.162 0.186 0.211 0.243 0.279 0.316 0.353 0.391 0.430 0.456 0.476 0.496 0.516 0.536 0.557 0.562 0.559 0.555 0.552 0.548 0.544 0.545 0.548 0.549 0.550 0.550 0.550 0.566 0.589 0.611 0.631 0.649 0.665 0.690 0.717 0.743 0.767 0.789 0.810 0.819 0.823 0.828 0.830 0.831 0.830 0.802 0.763 0.723 0.684 0.644 0.604 0.568 0.534 0.501 0.468 0.436 0.405 0.371 0.336 0.301
0.000 0.000 0.004 0.012 0.020 0.029 0.039 0.049 0.059 0.067 0.079 0.092 0.106 0.121 0.142 0.169 0.197 0.225 0.254 0.284 0.318 0.357 0.396 0.436 0.477 0.518 0.549 0.570 0.591 0.612 0.633 0.655 0.664 0.660 0.656 0.652 0.648 0.644 0.642 0.641 0.638 0.636 0.632 0.627 0.634 0.649 0.663 0.674 0.685 0.695 0.712 0.735 0.756 0.776 0.794 0.810 0.817 0.815 0.811 0.805 0.798 0.788 0.760 0.720 0.680 0.639 0.598 0.557 0.522 0.491 0.461 0.431 0.402 0.374 0.342 0.309 0.277
0.000 0.000 0.004 0.015 0.027 0.040 0.053 0.066 0.080 0.095 0.111 0.128 0.146 0.166 0.190 0.222 0.254 0.287 0.321 0.355 0.393 0.434 0.476 0.519 0.562 0.605 0.641 0.663 0.685 0.708 0.730 0.753 0.765 0.761 0.757 0.753 0.748 0.744 0.739 0.735 0.730 0.724 0.717 0.708 0.707 0.717 0.726 0.733 0.739 0.744 0.753 0.769 0.784 0.796 0.808 0.817 0.818 0.808 0.796 0.782 0.766 0.749 0.719 0.678 0.637 0.595 0.553 0.511 0.475 0.447 0.420 0.393 0.367 0.342 0.313 0.282 0.252
0.006 0.009 0.015 0.028 0.042 0.056 0.071 0.086 0.102 0.121 0.142 0.163 0.186 0.210 0.237 0.273 0.311 0.348 0.386 0.426 0.466 0.510 0.555 0.600 0.646 0.692 0.733 0.756 0.779 0.803 0.828 0.856 0.876 0.874 0.871 0.867 0.863 0.858 0.852 0.843 0.832 0.821 0.808 0.793 0.784 0.789 0.792 0.794 0.794 0.794 0.796 0.805 0.813 0.819 0.823 0.826 0.821 0.803 0.783 0.761 0.737 0.711 0.679 0.636 0.594 0.551 0.508 0.465 0.428 0.403 0.379 0.354 0.330 0.307 0.282 0.253 0.226
0.014 0.018 0.025 0.040 0.056 0.072 0.088 0.105 0.124 0.147 0.171 0.197 0.224 0.252 0.283 0.324 0.366 0.408 0.451 0.495 0.540 0.587 0.636 0.687 0.739 0.791 0.842 0.870 0.898 0.927 0.956 0.986 1.010 1.005 0.999 0.992 0.984 0.976 0.966 0.951 0.935 0.918 0.900 0.880 0.863 0.862 0.859 0.856 0.851 0.845 0.840 0.842 0.843 0.842 0.840 0.836 0.826 0.800 0.771 0.741 0.709 0.676 0.638 0.595 0.550 0.505 0.460 0.413 0.373 0.350 0.329 0.308 0.288 0.269 0.248 0.223 0.198
0.021 0.028 0.035 0.052 0.069 0.087 0.105 0.124 0.143 0.171 0.200 0.230 0.261 0.294 0.328 0.374 0.422 0.471 0.521 0.572 0.624 0.677 0.732 0.788 0.845 0.903 0.962 0.991 1.022 1.052 1.083 1.115 1.145 1.137 1.127 1.117 1.106 1.095 1.082 1.062 1.040 1.017 0.993 0.967 0.942 0.936 0.928 0.919 0.909 0.897 0.886 0.881 0.875 0.864 0.852 0.837 0.819 0.784 0.749 0.713 0.676 0.639 0.600 0.553 0.506 0.458 0.409 0.359 0.314 0.296 0.278 0.261 0.244 0.229 0.213 0.191 0.169
0.028 0.036 0.045 0.063 0.082 0.102 0.122 0.142 0.164 0.195 0.229 0.264 0.300 0.337 0.375 0.426 0.480 0.536 0.591 0.649 0.707 0.766 0.826 0.887 0.949 1.012 1.077 1.112 1.144 1.177 1.210 1.243 1.277 1.269 1.256 1.243 1.229 1.214 1.198 1.173 1.146 1.117 1.087 1.056 1.019 1.002 0.985 0.967 0.948 0.928 0.907 0.892 0.876 0.858 0.839 0.818 0.795 0.758 0.720 0.681 0.642 0.602 0.562 0.512 0.462 0.411 0.359 0.306 0.255 0.240 0.226 0.213 0.200 0.189 0.177 0.159 0.140
0.033 0.042 0.052 0.070 0.091 0.113 0.136 0.161 0.186 0.219 0.257 0.296 0.337 0.378 0.421 0.476 0.537 0.598 0.661 0.724 0.789 0.854 0.919 0.985 1.052 1.121 1.190 1.233 1.267 1.301 1.336 1.371 1.407 1.402 1.386 1.366 1.344 1.320 1.294 1.260 1.222 1.183 1.143 1.101 1.059 1.035 1.014 0.993 0.970 0.947 0.923 0.901 0.878 0.853 0.827 0.799 0.770 0.732 0.691 0.650 0.609 0.567 0.524 0.472 0.418 0.364 0.310 0.254 0.198 0.184 0.174 0.164 0.156 0.148 0.141 0.126 0.117
0.035 0.045 0.055 0.074 0.099 0.124 0.150 0.178 0.206 0.242 0.285 0.328 0.373 0.419 0.466 0.525 0.592 0.659 0.728 0.798 0.869 0.940 1.010 1.081 1.154 1.228 1.299 1.345 1.378 1.412 1.446 1.481 1.518 1.513 1.487 1.459 1.429 1.398 1.365 1.326 1.283 1.239 1.194 1.147 1.100 1.069 1.045 1.019 0.993 0.966 0.939 0.910 0.881 0.850 0.817 0.783 0.747 0.706 0.663 0.620 0.576 0.531 0.486 0.432 0.376 0.319 0.261 0.212 0.163 0.156 0.156 0.156 0.156 0.156 0.155 0.149 0.143
0.036 0.047 0.058 0.077 0.105 0.134 0.163 0.194 0.225 0.264 0.311 0.359 0.408 0.458 0.510 0.571 0.645 0.715 0.786 0.858 0.930 1.002 1.074 1.147 1.221 1.297 1.374 1.431 1.467 1.505 1.543 1.582 1.622 1.622 1.589 1.553 1.516 1.478 1.437 1.393 1.345 1.296 1.245 1.194 1.142 1.104 1.076 1.047 1.017 0.987 0.956 0.922 0.885 0.848 0.808 0.768 0.725 0.681 0.637 0.593 0.551 0.510 0.471 0.425 0.377 0.329 0.283 0.238 0.194 0.182 0.181 0.180 0.179 0.178 0.176 0.172 0.168
0.038 0.049 0.061 0.080 0.111 0.143 0.176 0.209 0.244 0.285 0.333 0.382 0.432 0.483 0.535 0.594 0.668 0.742 0.816 0.892 0.968 1.045 1.123 1.202 1.283 1.365 1.448 1.515 1.555 1.596 1.638 1.681 1.725 1.733 1.692 1.649 1.605 1.559 1.511 1.461 1.408 1.354 1.299 1.242 1.185 1.140 1.108 1.076 1.042 1.000 0.957 0.913 0.868 0.823 0.779 0.736 0.694 0.654 0.615 0.577 0.541 0.505 0.472 0.432 0.388 0.346 0.304 0.264 0.224 0.208 0.207 0.205 0.203 0.200 0.198 0.195 0.193
0.039 0.051 0.064 0.080 0.112 0.145 0.178 0.212 0.247 0.286 0.338 0.390 0.443 0.497 0.552 0.612 0.689 0.767 0.845 0.925 1.005 1.087 1.171 1.256 1.343 1.431 1.521 1.599 1.643 1.687 1.733 1.779 1.827 1.845 1.797 1.747 1.695 1.642 1.587 1.530 1.460 1.391 1.321 1.251 1.182 1.122 1.080 1.037 0.994 0.950 0.906 0.863 0.821 0.780 0.739 0.700 0.661 0.625 0.591 0.559 0.529 0.499 0.471 0.438 0.399 0.361 0.324 0.288 0.253 0.235 0.232 0.229 0.226 0.223 0.219 0.217 0.217
0.035 0.045 0.055 0.068 0.102 0.137 0.173 0.210 0.247 0.287 0.341 0.397 0.453 0.510 0.568 0.628 0.709 0.791 0.873 0.957 1.041 1.126 1.216 1.308 1.401 1.496 1.591 1.681 1.729 1.777 1.825 1.858 1.890 1.903 1.833 1.763 1.695 1.626 1.559 1.491 1.421 1.352 1.282 1.212 1.143 1.079 1.035 0.991 0.946 0.901 0.855 0.811 0.773 0.735 0.698 0.662 0.627 0.595 0.567 0.541 0.516 0.492 0.469 0.443 0.408 0.375 0.343 0.311 0.281 0.262 0.258 0.255 0.264 0.274 0.287 0.300 0.311
0.029 0.038 0.047 0.055 0.092 0.130 0.168 0.207 0.247 0.287 0.344 0.403 0.462 0.522 0.583 0.644 0.728 0.814 0.900 0.987 1.075 1.164 1.253 1.341 1.428 1.513 1.598 1.681 1.712 1.743 1.773 1.802 1.830 1.850 1.783 1.716 1.649 1.583 1.518 1.452 1.382 1.313 1.243 1.173 1.103 1.037 0.991 0.945 0.899 0.852 0.805 0.759 0.724 0.690 0.657 0.624 0.593 0.563 0.541 0.521 0.501 0.483 0.466 0.451 0.428 0.408 0.390 0.376 0.365 0.362 0.375 0.390 0.406 0.424 0.443 0.458 0.462
0.024 0.032 0.039 0.046 0.081 0.121 0.162 0.204 0.246 0.289 0.347 0.408 0.470 0.533 0.593 0.654 0.734 0.817 0.900 0.982 1.065 1.147 1.231 1.314 1.397 1.478 1.558 1.637 1.669 1.696 1.722 1.746 1.770 1.793 1.732 1.668 1.603 1.539 1.476 1.413 1.344 1.274 1.204 1.134 1.064 0.995 0.948 0.900 0.852 0.803 0.754 0.706 0.675 0.644 0.614 0.586 0.560 0.537 0.524 0.514 0.506 0.500 0.496 0.493 0.483 0.476 0.472 0.472 0.474 0.481 0.501 0.523 0.546 0.571 0.597 0.619 0.614
0.020 0.026 0.032 0.038 0.070 0.112 0.155 0.198 0.241 0.283 0.338 0.399 0.461 0.522 0.584 0.647 0.723 0.805 0.887 0.968 1.050 1.131 1.211 1.289 1.367 1.444 1.519 1.594 1.628 1.650 1.672 1.692 1.712 1.730 1.682 1.619 1.557 1.495 1.434 1.373 1.305 1.235 1.165 1.095 1.025 0.950 0.894 0.842 0.790 0.739 0.689 0.640 0.614 0.591 0.569 0.550 0.532 0.516 0.513 0.513 0.514 0.518 0.524 0.532 0.535 0.542 0.551 0.564 0.580 0.599 0.626 0.654 0.685 0.717 0.750 0.780 0.768
0.016 0.023 0.029 0.035 0.063 0.105 0.147 0.189 0.230 0.270 0.323 0.386 0.448 0.511 0.575 0.639 0.713 0.793 0.874 0.955 1.035 1.115 1.191 1.265 1.338 1.410 1.481 1.551 1.587 1.605 1.623 1.639 1.655 1.669 1.630 1.570 1.504 1.438 1.372 1.306 1.233 1.158 1.082 1.008 0.933 0.859 0.804 0.756 0.708 0.662 0.616 0.571 0.550 0.535 0.522 0.511 0.502 0.495 0.500 0.509 0.520 0.534 0.549 0.567 0.584 0.604 0.627 0.653 0.682 0.714 0.748 0.784 0.821 0.860 0.901 0.943 0.923
0.019 0.025 0.031 0.036 0.058 0.099 0.139 0.179 0.219 0.258 0.308 0.372 0.436 0.500 0.565 0.631 0.703 0.782 0.862 0.941 1.020 1.099 1.173 1.243 1.311 1.378 1.445 1.507 1.541 1.551 1.558 1.564 1.567 1.568 1.530 1.465 1.399 1.335 1.270 1.206 1.135 1.061 0.987 0.914 0.841 0.768 0.714 0.669 0.626 0.583 0.541 0.501 0.484 0.477 0.473 0.470 0.470 0.471 0.485 0.503 0.524 0.547 0.573 0.600 0.630 0.664 0.700 0.739 0.806 0.886 0.958 1.026 1.093 1.158 1.221 1.282 1.268
0.022 0.027 0.032 0.037 0.053 0.093 0.132 0.170 0.208 0.246 0.292 0.357 0.423 0.489 0.555 0.622 0.693 0.771 0.852 0.933 1.012 1.092 1.165 1.227 1.286 1.342 1.396 1.447 1.476 1.476 1.475 1.471 1.466 1.458 1.423 1.359 1.295 1.231 1.168 1.105 1.037 0.964 0.892 0.820 0.748 0.677 0.622 0.582 0.542 0.504 0.466 0.430 0.416 0.418 0.422 0.428 0.436 0.446 0.467 0.506 0.555 0.612 0.676 0.747 0.824 0.907 0.994 1.088 1.187 1.292 1.367 1.427 1.486 1.542 1.597 1.650 1.623
0.025 0.030 0.034 0.038 0.049 0.087 0.124 0.161 0.198 0.234 0.277 0.348 0.419 0.490 0.561 0.632 0.704 0.784 0.862 0.940 1.018 1.095 1.166 1.216 1.263 1.307 1.350 1.389 1.413 1.405 1.394 1.382 1.367 1.351 1.317 1.254 1.191 1.128 1.066 1.004 0.938 0.867 0.796 0.725 0.655 0.585 0.530 0.494 0.458 0.424 0.394 0.368 0.362 0.382 0.405 0.430 0.460 0.492 0.545 0.620 0.702 0.791 0.888 0.992 1.098 1.206 1.319 1.438 1.562 1.693 1.777 1.829 1.879 1.928 1.975 2.019 1.984
0.028 0.032 0.036 0.041 0.053 0.095 0.135 0.176 0.215 0.253 0.294 0.365 0.436 0.506 0.577 0.648 0.719 0.796 0.873 0.949 1.024 1.099 1.169 1.207 1.243 1.276 1.306 1.334 1.352 1.335 1.316 1.294 1.271 1.245 1.210 1.148 1.086 1.025 0.964 0.903 0.839 0.774 0.710 0.645 0.581 0.517 0.465 0.438 0.413 0.390 0.367 0.346 0.345 0.379 0.416 0.457 0.500 0.547 0.618 0.726 0.841 0.963 1.092 1.229 1.366 1.498 1.637 1.781 1.931 2.087 2.188 2.232 2.274 2.315 2.353 2.390 2.349
0.048 0.058 0.069 0.080 0.092 0.130 0.168 0.205 0.242 0.278 0.313 0.382 0.452 0.523 0.594 0.664 0.735 0.810 0.884 0.958 1.031 1.103 1.176 1.202 1.226 1.248 1.266 1.282 1.294 1.268 1.239 1.209 1.184 1.159 1.128 1.074 1.020 0.964 0.908 0.851 0.792 0.727 0.663 0.599 0.534 0.470 0.414 0.393 0.374 0.356 0.339 0.324 0.325 0.373 0.424 0.479 0.537 0.599 0.684 0.824 0.972 1.127 1.289 1.459 1.627 1.785 1.949 2.119 2.294 2.475 2.601 2.637 2.671 2.704 2.738 2.771 2.735
0.079 0.091 0.104 0.118 0.133 0.165 0.201 0.235 0.269 0.302 0.335 0.398 0.469 0.540 0.610 0.681 0.751 0.823 0.895 0.967 1.038 1.108 1.178 1.208 1.232 1.254 1.274 1.292 1.307 1.283 1.254 1.221 1.185 1.146 1.104 1.046 0.988 0.929 0.869 0.808 0.746 0.681 0.617 0.552 0.487 0.423 0.362 0.347 0.333 0.321 0.310 0.300 0.301 0.363 0.429 0.499 0.571 0.647 0.742 0.915 1.095 1.283 1.478 1.680 1.885 2.080 2.276 2.472 2.670 2.869 3.020 3.053 3.085 3.117 3.147 3.177 3.151
0.108 0.123 0.139 0.155 0.173 0.201 0.234 0.266 0.297 0.328 0.358 0.415 0.486 0.556 0.627 0.711 0.798 0.883 0.965 1.045 1.125 1.204 1.282 1.313 1.327 1.340 1.349 1.357 1.362 1.330 1.286 1.240 1.190 1.137 1.081 1.020 0.958 0.895 0.831 0.766 0.700 0.636 0.571 0.506 0.441 0.376 0.311 0.300 0.292 0.285 0.279 0.275 0.274 0.351 0.431 0.517 0.621 0.730 0.851 1.072 1.299 1.532 1.771 2.016 2.261 2.460 2.661 2.863 3.066 3.270 3.443 3.472 3.501 3.530 3.557 3.584 3.570
0.136 0.154 0.173 0.192 0.212 0.238 0.268 0.298 0.332 0.365 0.397 0.458 0.543 0.633 0.725 0.822 0.921 1.010 1.088 1.164 1.240 1.315 1.390 1.421 1.425 1.427 1.427 1.424 1.419 1.380 1.322 1.262 1.198 1.131 1.061 0.994 0.928 0.861 0.794 0.725 0.656 0.590 0.525 0.460 0.394 0.329 0.264 0.255 0.260 0.270 0.285 0.305 0.330 0.433 0.549 0.670 0.796 0.926 1.062 1.306 1.560 1.820 2.085 2.357 2.634 2.839 3.045 3.251 3.460 3.669 3.865 3.892 3.918 3.943 3.967 3.991 3.991
0.166 0.193 0.221 0.248 0.276 0.306 0.338 0.370 0.401 0.431 0.460 0.517 0.615 0.716 0.821 0.929 1.041 1.137 1.211 1.284 1.357 1.428 1.498 1.531 1.525 1.517 1.507 1.494 1.479 1.433 1.362 1.287 1.209 1.129 1.045 0.969 0.899 0.831 0.771 0.704 0.630 0.562 0.498 0.434 0.368 0.301 0.233 0.232 0.259 0.292 0.330 0.372 0.420 0.536 0.674 0.817 0.965 1.117 1.275 1.533 1.814 2.100 2.393 2.692 2.997 3.216 3.427 3.639 3.852 4.066 4.281 4.312 4.334 4.356 4.378 4.398 4.414
0.249 0.276 0.304 0.331 0.357 0.385 0.415 0.443 0.470 0.497 0.522 0.572 0.682 0.796 0.913 1.033 1.157 1.266 1.336 1.405 1.473 1.541 1.608 1.643 1.628 1.609 1.589 1.567 1.546 1.531 1.477 1.416 1.346 1.269 1.184 1.103 1.026 0.941 0.849 0.750 0.643 0.556 0.488 0.418 0.348 0.276 0.204 0.204 0.254 0.309 0.369 0.434 0.504 0.634 0.794 0.959 1.128 1.303 1.483 1.754 2.061 2.375 2.694 3.020 3.351 3.591 3.807 4.024 4.242 4.461 4.651 4.637 4.595 4.553 4.510 4.469 4.427
0.333 0.359 0.386 0.413 0.439 0.465 0.491 0.517 0.541 0.564 0.586 0.625 0.747 0.873 1.002 1.134 1.270 1.394 1.461 1.530 1.637 1.743 1.849 1.932 1.944 1.952 1.957 1.957 1.954 1.923 1.834 1.738 1.634 1.523 1.403 1.285 1.176 1.059 0.935 0.803 0.664 0.551 0.478 0.404 0.329 0.253 0.176 0.171 0.243 0.321 0.403 0.491 0.584 0.726 0.908 1.095 1.287 1.484 1.686 1.968 2.302 2.633 2.951 3.265 3.574 3.783 3.939 4.088 4.230 4.365 4.491 4.492 4.450 4.409 4.368 4.327 4.286
0.416 0.442 0.469 0.495 0.521 0.546 0.569 0.591 0.612 0.632 0.651 0.674 0.834 1.013 1.202 1.400 1.607 1.809 1.915 2.021 2.127 2.234 2.340 2.431 2.426 2.417 2.404 2.387 2.366 2.323 2.200 2.069 1.931 1.784 1.630 1.476 1.334 1.184 1.028 0.864 0.693 0.548 0.470 0.391 0.311 0.230 0.148 0.132 0.227 0.327 0.432 0.542 0.660 0.818 1.021 1.224 1.428 1.632 1.837 2.096 2.404 2.708 3.008 3.304 3.596 3.794 3.918 4.034 4.143 4.245 4.339 4.346 4.305 4.265 4.225 4.185 4.145
