DATA/SHG/CPC/2018/20180620.asc
ncols        190
nrows        64
xllcorner    -5100000.000000000000
yllcorner    4130000.000000000000
cellsize     10000.000000000000
NODATA_value  -99999.000
[rows 0 to 33 of 64, columns 76 to 151 of 190]
0.030 0.035 0.049 0.083 0.117 0.150 0.183 0.216 0.245 0.265 0.286 0.307 0.328 0.350 0.369 0.380 0.390 0.400 0.409 0.418 0.428 0.439 0.450 0.462 0.475 0.488 0.503 0.523 0.543 0.563 0.583 0.602 0.620 0.633 0.646 0.659 0.672 0.684 0.695 0.699 0.703 0.708 0.712 0.717 0.721 0.722 0.723 0.725 0.727 0.729 0.730 0.724 0.718 0.713 0.709 0.706 0.705 0.713 0.722 0.732 0.743 0.756 0.782 0.848 0.916 0.984 1.051 1.118 1.197 1.306 1.412 1.512 1.609 1.701 1.769 1.780
0.019 0.022 0.031 0.063 0.096 0.128 0.160 0.192 0.222 0.243 0.265 0.287 0.309 0.332 0.353 0.363 0.374 0.384 0.394 0.404 0.414 0.427 0.440 0.452 0.464 0.476 0.488 0.507 0.527 0.546 0.564 0.583 0.601 0.613 0.626 0.638 0.650 0.662 0.673 0.678 0.683 0.688 0.693 0.698 0.703 0.706 0.709 0.713 0.717 0.721 0.725 0.722 0.719 0.717 0.717 0.720 0.725 0.743 0.762 0.783 0.806 0.830 0.862 0.929 0.996 1.062 1.127 1.193 1.262 1.352 1.438 1.520 1.597 1.670 1.728 1.723
0.009 0.010 0.012 0.044 0.075 0.107 0.138 0.169 0.199 0.221 0.245 0.269 0.295 0.321 0.348 0.358 0.368 0.378 0.387 0.397 0.407 0.419 0.430 0.441 0.452 0.463 0.474 0.492 0.510 0.528 0.546 0.564 0.582 0.594 0.605 0.617 0.629 0.640 0.652 0.657 0.662 0.668 0.673 0.679 0.684 0.690 0.697 0.705 0.713 0.722 0.731 0.734 0.738 0.743 0.750 0.757 0.767 0.792 0.819 0.848 0.878 0.910 0.945 1.010 1.075 1.140 1.204 1.267 1.331 1.402 1.469 1.531 1.589 1.643 1.689 1.670
0.000 0.000 0.000 0.030 0.060 0.090 0.119 0.146 0.173 0.199 0.225 0.253 0.281 0.310 0.340 0.352 0.362 0.371 0.381 0.391 0.400 0.411 0.421 0.431 0.441 0.451 0.460 0.477 0.494 0.512 0.529 0.545 0.562 0.574 0.585 0.597 0.606 0.617 0.628 0.636 0.643 0.651 0.659 0.669 0.679 0.688 0.698 0.708 0.718 0.730 0.741 0.750 0.759 0.769 0.781 0.793 0.807 0.839 0.874 0.910 0.948 0.988 1.030 1.092 1.155 1.218 1.280 1.342 1.404 1.456 1.504 1.547 1.586 1.621 1.651 1.620
0.000 0.000 0.000 0.023 0.050 0.076 0.101 0.125 0.148 0.175 0.205 0.235 0.266 0.298 0.331 0.347 0.356 0.366 0.375 0.384 0.394 0.403 0.413 0.422 0.430 0.439 0.447 0.460 0.473 0.485 0.497 0.507 0.517 0.527 0.540 0.553 0.568 0.584 0.602 0.614 0.624 0.635 0.647 0.660 0.673 0.685 0.697 0.710 0.723 0.737 0.751 0.765 0.779 0.794 0.811 0.828 0.847 0.884 0.926 0.971 1.017 1.064 1.114 1.174 1.235 1.296 1.357 1.418 1.481 1.525 1.563 1.601 1.638 1.674 1.710 1.699
0.000 0.000 0.000 0.016 0.040 0.062 0.084 0.104 0.124 0.151 0.183 0.217 0.251 0.286 0.322 0.341 0.350 0.360 0.368 0.376 0.384 0.391 0.397 0.403 0.408 0.412 0.415 0.422 0.431 0.439 0.446 0.452 0.457 0.470 0.488 0.508 0.529 0.551 0.574 0.591 0.605 0.619 0.634 0.650 0.667 0.682 0.696 0.712 0.727 0.743 0.760 0.778 0.798 0.818 0.839 0.862 0.886 0.927 0.977 1.028 1.080 1.132 1.186 1.246 1.310 1.375 1.442 1.510 1.580 1.626 1.660 1.695 1.728 1.760 1.792 1.787
0.000 0.000 0.000 0.011 0.031 0.050 0.068 0.085 0.101 0.126 0.161 0.197 0.232 0.268 0.303 0.325 0.333 0.341 0.349 0.358 0.367 0.374 0.377 0.379 0.381 0.382 0.383 0.386 0.390 0.394 0.397 0.398 0.399 0.411 0.435 0.461 0.488 0.516 0.545 0.568 0.585 0.603 0.621 0.640 0.660 0.678 0.695 0.713 0.731 0.748 0.764 0.784 0.808 0.833 0.861 0.892 0.924 0.969 1.023 1.077 1.133 1.189 1.246 1.310 1.380 1.452 1.526 1.601 1.677 1.727 1.758 1.789 1.818 1.847 1.874 1.874
0.000 0.000 0.000 0.007 0.023 0.039 0.053 0.066 0.078 0.098 0.134 0.170 0.206 0.242 0.278 0.304 0.312 0.321 0.330 0.340 0.350 0.357 0.357 0.357 0.356 0.354 0.352 0.350 0.350 0.350 0.348 0.346 0.342 0.351 0.381 0.413 0.445 0.479 0.515 0.544 0.561 0.573 0.587 0.604 0.622 0.640 0.657 0.676 0.696 0.718 0.741 0.769 0.803 0.839 0.877 0.917 0.960 1.010 1.067 1.125 1.184 1.244 1.304 1.372 1.450 1.528 1.608 1.690 1.773 1.829 1.857 1.883 1.909 1.934 1.958 1.962
0.000 0.000 0.000 0.004 0.016 0.028 0.038 0.048 0.056 0.071 0.107 0.143 0.179 0.216 0.252 0.282 0.292 0.301 0.312 0.322 0.333 0.341 0.338 0.335 0.331 0.326 0.321 0.316 0.312 0.307 0.301 0.293 0.285 0.287 0.316 0.344 0.370 0.394 0.416 0.436 0.456 0.477 0.500 0.525 0.552 0.579 0.603 0.629 0.657 0.686 0.717 0.752 0.796 0.842 0.890 0.941 0.994 1.050 1.111 1.173 1.235 1.298 1.362 1.433 1.517 1.602 1.689 1.777 1.867 1.932 1.956 1.979 1.997 2.013 2.027 2.028
0.000 0.000 0.000 0.001 0.010 0.018 0.025 0.030 0.035 0.043 0.079 0.116 0.153 0.189 0.226 0.261 0.271 0.281 0.292 0.304 0.316 0.326 0.318 0.307 0.296 0.285 0.273 0.262 0.253 0.245 0.236 0.228 0.219 0.216 0.237 0.257 0.275 0.291 0.305 0.321 0.349 0.379 0.410 0.444 0.480 0.516 0.548 0.581 0.616 0.652 0.691 0.733 0.787 0.843 0.901 0.962 1.025 1.090 1.154 1.219 1.285 1.352 1.419 1.489 1.575 1.663 1.752 1.844 1.938 2.011 2.025 2.037 2.048 2.057 2.065 2.067
0.000 0.000 0.000 0.000 0.005 0.009 0.012 0.014 0.015 0.015 0.052 0.089 0.126 0.163 0.200 0.235 0.243 0.249 0.255 0.262 0.267 0.272 0.260 0.248 0.235 0.222 0.208 0.195 0.186 0.178 0.170 0.162 0.154 0.146 0.160 0.172 0.182 0.190 0.197 0.203 0.240 0.278 0.319 0.362 0.406 0.452 0.491 0.531 0.573 0.617 0.663 0.711 0.775 0.841 0.906 0.970 1.035 1.101 1.163 1.227 1.293 1.360 1.429 1.503 1.597 1.694 1.792 1.893 1.995 2.083 2.091 2.096 2.100 2.103 2.104 2.104
0.000 0.000 0.000 0.000 0.001 0.001 0.001 0.000 0.000 0.000 0.033 0.068 0.102 0.134 0.165 0.194 0.201 0.204 0.208 0.211 0.213 0.215 0.203 0.189 0.174 0.159 0.144 0.128 0.119 0.111 0.104 0.096 0.088 0.080 0.085 0.089 0.091 0.091 0.090 0.087 0.129 0.176 0.226 0.277 0.330 0.388 0.435 0.482 0.528 0.574 0.621 0.667 0.732 0.798 0.866 0.934 1.003 1.073 1.142 1.214 1.286 1.361 1.437 1.515 1.618 1.723 1.830 1.939 2.050 2.157 2.158 2.157 2.154 2.150 2.145 2.139
0.000 0.000 0.000 0.000 0.000 0.000 0.000 0.000 0.000 0.000 0.023 0.053 0.081 0.107 0.131 0.154 0.161 0.161 0.161 0.161 0.160 0.158 0.146 0.130 0.114 0.097 0.080 0.063 0.053 0.045 0.037 0.030 0.023 0.015 0.012 0.008 0.011 0.015 0.018 0.022 0.071 0.128 0.184 0.238 0.291 0.342 0.389 0.435 0.481 0.526 0.572 0.617 0.683 0.754 0.825 0.897 0.970 1.044 1.120 1.198 1.278 1.359 1.442 1.527 1.637 1.750 1.866 1.984 2.104 2.225 2.226 2.219 2.210 2.199 2.187 2.173
0.000 0.000 0.000 0.000 0.000 0.000 0.000 0.000 0.000 0.000 0.015 0.039 0.061 0.081 0.099 0.116 0.121 0.118 0.115 0.111 0.107 0.103 0.090 0.072 0.054 0.036 0.017 0.004 0.000 0.000 0.000 0.000 0.000 0.000 0.003 0.007 0.011 0.015 0.019 0.023 0.060 0.111 0.160 0.208 0.254 0.299 0.344 0.389 0.434 0.479 0.523 0.568 0.634 0.708 0.783 0.859 0.936 1.014 1.096 1.181 1.268 1.357 1.447 1.538 1.653 1.776 1.900 2.026 2.148 2.269 2.283 2.284 2.291 2.306 2.329 2.360
0.000 0.000 0.000 0.000 0.000 0.000 0.000 0.000 0.000 0.000 0.009 0.027 0.043 0.057 0.069 0.080 0.082 0.076 0.072 0.070 0.067 0.065 0.058 0.046 0.035 0.024 0.014 0.004 0.000 0.000 0.000 0.000 0.000 0.000 0.002 0.006 0.010 0.014 0.019 0.023 0.051 0.095 0.138 0.179 0.218 0.257 0.298 0.343 0.387 0.431 0.475 0.519 0.584 0.662 0.741 0.821 0.901 0.983 1.070 1.157 1.248 1.345 1.446 1.552 1.670 1.790 1.910 2.028 2.145 2.260 2.312 2.346 2.387 2.436 2.492 2.556
0.000 0.000 0.000 0.000 0.000 0.000 0.000 0.000 0.000 0.000 0.005 0.017 0.028 0.039 0.048 0.057 0.062 0.059 0.056 0.054 0.051 0.049 0.044 0.035 0.026 0.018 0.011 0.004 0.000 0.000 0.000 0.000 0.000 0.000 0.002 0.006 0.010 0.014 0.019 0.023 0.043 0.081 0.117 0.151 0.184 0.216 0.253 0.297 0.340 0.384 0.425 0.464 0.522 0.596 0.670 0.743 0.814 0.885 0.974 1.083 1.196 1.314 1.437 1.565 1.688 1.803 1.917 2.030 2.142 2.253 2.333 2.400 2.475 2.557 2.647 2.745
0.000 0.000 0.000 0.000 0.000 0.000 0.000 0.000 0.000 0.000 0.002 0.012 0.020 0.028 0.035 0.041 0.045 0.042 0.040 0.038 0.035 0.033 0.030 0.023 0.017 0.012 0.007 0.003 0.000 0.000 0.000 0.000 0.000 0.000 0.001 0.006 0.010 0.014 0.019 0.023 0.037 0.068 0.098 0.127 0.155 0.182 0.213 0.251 0.288 0.324 0.358 0.390 0.438 0.508 0.578 0.646 0.714 0.781 0.873 1.004 1.139 1.279 1.424 1.574 1.707 1.817 1.926 2.034 2.141 2.246 2.346 2.447 2.555 2.671 2.795 2.926
0.000 0.000 0.000 0.000 0.000 0.000 0.000 0.000 0.000 0.000 0.001 0.007 0.013 0.018 0.023 0.026 0.028 0.026 0.023 0.021 0.019 0.017 0.015 0.011 0.008 0.005 0.003 0.001 0.000 0.000 0.000 0.000 0.000 0.000 0.001 0.005 0.009 0.014 0.018 0.022 0.031 0.057 0.082 0.107 0.130 0.152 0.176 0.207 0.237 0.266 0.293 0.318 0.355 0.421 0.487 0.551 0.615 0.677 0.768 0.920 1.077 1.239 1.405 1.577 1.727 1.832 1.936 2.039 2.140 2.241 2.352 2.486 2.632 2.867 3.127 3.413
0.000 0.000 0.000 0.000 0.000 0.000 0.000 0.000 0.000 0.000 0.000 0.004 0.007 0.009 0.011 0.012 0.012 0.009 0.007 0.005 0.003 0.002 0.000 0.000 0.000 0.000 0.000 0.000 0.000 0.000 0.000 0.000 0.000 0.000 0.000 0.004 0.008 0.012 0.016 0.020 0.026 0.048 0.068 0.087 0.106 0.123 0.140 0.165 0.188 0.210 0.230 0.248 0.273 0.335 0.397 0.457 0.517 0.575 0.657 0.831 1.010 1.193 1.382 1.575 1.747 1.864 2.000 2.154 2.326 2.516 2.744 3.042 3.365 3.715 4.090 4.491
0.000 0.000 0.000 0.000 0.000 0.000 0.000 0.000 0.000 0.000 0.000 0.001 0.001 0.001 0.000 0.002 0.003 0.004 0.004 0.004 0.003 0.002 0.000 0.000 0.000 0.000 0.000 0.000 0.000 0.000 0.000 0.000 0.000 0.000 0.000 0.004 0.008 0.011 0.015 0.019 0.023 0.039 0.055 0.069 0.083 0.095 0.107 0.125 0.141 0.155 0.168 0.179 0.192 0.250 0.308 0.369 0.430 0.491 0.564 0.757 0.950 1.146 1.342 1.540 1.738 1.937 2.153 2.389 2.642 2.914 3.221 3.634 4.072 4.536 5.026 5.542
0.000 0.000 0.000 0.000 0.000 0.000 0.000 0.000 0.002 0.003 0.004 0.006 0.007 0.009 0.011 0.013 0.014 0.014 0.013 0.010 0.008 0.004 0.001 0.000 0.000 0.000 0.000 0.000 0.000 0.000 0.000 0.000 0.000 0.000 0.000 0.003 0.007 0.010 0.014 0.018 0.021 0.032 0.043 0.053 0.061 0.069 0.077 0.089 0.101 0.113 0.123 0.133 0.142 0.200 0.260 0.320 0.380 0.440 0.499 0.695 0.896 1.097 1.300 1.504 1.711 1.991 2.289 2.605 2.939 3.292 3.672 4.199 4.752 5.331 5.936 6.566
0.001 0.002 0.004 0.006 0.007 0.009 0.010 0.011 0.012 0.013 0.014 0.016 0.017 0.019 0.021 0.023 0.026 0.025 0.021 0.017 0.012 0.008 0.002 0.000 0.000 0.000 0.000 0.000 0.000 0.000 0.000 0.000 0.000 0.000 0.000 0.002 0.006 0.009 0.012 0.015 0.018 0.025 0.033 0.040 0.047 0.053 0.059 0.067 0.076 0.084 0.091 0.098 0.104 0.154 0.213 0.272 0.331 0.389 0.447 0.633 0.839 1.047 1.256 1.466 1.678 2.026 2.405 2.803 3.218 3.652 4.104 4.739 5.406 6.099 6.819 7.564
0.013 0.015 0.016 0.018 0.019 0.021 0.022 0.022 0.023 0.024 0.024 0.025 0.027 0.030 0.032 0.034 0.036 0.036 0.030 0.024 0.018 0.011 0.004 0.000 0.000 0.000 0.000 0.000 0.000 0.000 0.000 0.000 0.000 0.000 0.000 0.002 0.004 0.007 0.009 0.011 0.013 0.018 0.024 0.029 0.033 0.038 0.041 0.046 0.052 0.056 0.060 0.064 0.066 0.108 0.166 0.224 0.281 0.339 0.396 0.569 0.782 0.995 1.211 1.427 1.645 2.044 2.504 2.982 3.479 4.073 4.721 5.538 6.391 7.253 8.123 9.002
0.026 0.028 0.029 0.030 0.032 0.033 0.033 0.034 0.034 0.034 0.034 0.035 0.037 0.040 0.042 0.045 0.047 0.047 0.040 0.037 0.032 0.027 0.021 0.017 0.016 0.015 0.012 0.008 0.003 0.000 0.000 0.000 0.000 0.000 0.000 0.001 0.003 0.005 0.006 0.008 0.009 0.012 0.015 0.018 0.021 0.023 0.024 0.026 0.028 0.030 0.030 0.030 0.029 0.063 0.120 0.176 0.233 0.289 0.344 0.504 0.744 1.010 1.299 1.611 1.945 2.490 3.151 3.842 4.564 5.317 6.100 6.962 7.854 8.754 9.662 10.580
0.039 0.040 0.041 0.043 0.044 0.045 0.045 0.045 0.045 0.044 0.044 0.046 0.058 0.069 0.079 0.088 0.096 0.101 0.095 0.087 0.079 0.069 0.058 0.048 0.042 0.035 0.027 0.018 0.008 0.000 0.000 0.000 0.000 0.000 0.000 0.000 0.002 0.003 0.004 0.004 0.005 0.006 0.007 0.008 0.008 0.008 0.008 0.007 0.006 0.004 0.001 0.000 0.000 0.031 0.096 0.162 0.232 0.303 0.376 0.585 0.928 1.294 1.682 2.092 2.525 3.160 3.956 4.783 5.641 6.529 7.448 8.377 9.306 10.244 11.191 12.146
0.052 0.053 0.054 0.055 0.060 0.078 0.091 0.103 0.112 0.119 0.124 0.127 0.135 0.143 0.149 0.155 0.159 0.162 0.152 0.139 0.126 0.111 0.096 0.080 0.069 0.057 0.044 0.029 0.014 0.000 0.000 0.000 0.000 0.000 0.000 0.000 0.001 0.001 0.001 0.001 0.001 0.000 0.000 0.000 0.000 0.000 0.000 0.000 0.000 0.000 0.000 0.000 0.000 0.027 0.101 0.178 0.256 0.337 0.420 0.647 1.089 1.554 2.041 2.550 3.082 3.798 4.730 5.692 6.685 7.709 8.763 9.780 10.748 11.724 12.709 13.703
0.106 0.122 0.141 0.161 0.182 0.205 0.212 0.216 0.218 0.217 0.214 0.209 0.213 0.217 0.220 0.222 0.224 0.224 0.209 0.192 0.174 0.155 0.135 0.113 0.097 0.080 0.061 0.042 0.021 0.000 0.000 0.000 0.000 0.001 0.001 0.000 0.000 0.000 0.000 0.000 0.000 0.000 0.000 0.000 0.000 0.000 0.000 0.000 0.000 0.000 0.000 0.000 0.000 0.021 0.105 0.190 0.278 0.368 0.461 0.686 1.227 1.791 2.377 2.985 3.615 4.405 5.472 6.570 7.698 8.857 10.046 11.173 12.179 13.194 14.178 15.074
0.203 0.225 0.249 0.275 0.302 0.331 0.335 0.331 0.325 0.317 0.306 0.293 0.292 0.293 0.292 0.291 0.288 0.285 0.268 0.246 0.223 0.200 0.175 0.149 0.134 0.119 0.101 0.080 0.056 0.028 0.026 0.024 0.020 0.015 0.008 0.000 0.000 0.000 0.000 0.000 0.000 0.000 0.000 0.000 0.000 0.000 0.000 0.000 0.000 0.000 0.000 0.000 0.000 0.013 0.106 0.201 0.298 0.398 0.499 0.702 1.342 2.005 2.689 3.396 4.126 4.963 6.070 7.176 8.280 9.384 10.486 11.532 12.460 13.410 14.382 15.376
0.299 0.327 0.356 0.388 0.421 0.455 0.460 0.448 0.435 0.418 0.400 0.380 0.371 0.369 0.365 0.360 0.361 0.362 0.351 0.335 0.320 0.305 0.291 0.277 0.254 0.225 0.192 0.157 0.118 0.076 0.061 0.053 0.042 0.030 0.017 0.002 0.000 0.000 0.000 0.000 0.000 0.000 0.000 0.000 0.000 0.000 0.000 0.000 0.000 0.000 0.000 0.000 0.000 0.002 0.105 0.209 0.317 0.434 0.556 0.726 1.416 2.101 2.780 3.454 4.123 4.843 5.945 7.046 8.146 9.244 10.341 11.422 12.448 13.495 14.564 15.656
0.393 0.427 0.462 0.499 0.537 0.578 0.587 0.567 0.547 0.537 0.518 0.492 0.478 0.479 0.480 0.480 0.479 0.478 0.469 0.456 0.443 0.430 0.419 0.407 0.378 0.334 0.287 0.237 0.184 0.127 0.099 0.083 0.066 0.048 0.028 0.006 0.000 0.000 0.000 0.000 0.000 0.000 0.000 0.000 0.000 0.000 0.000 0.000 0.000 0.000 0.001 0.002 0.002 0.004 0.117 0.246 0.382 0.522 0.668 0.820 1.467 2.128 2.783 3.433 4.077 4.725 5.822 6.918 8.012 9.106 10.198 11.290 12.413 13.558 14.725 15.913
0.485 0.530 0.601 0.671 0.739 0.805 0.836 0.813 0.782 0.743 0.696 0.640 0.605 0.604 0.602 0.600 0.597 0.594 0.586 0.575 0.565 0.555 0.546 0.537 0.505 0.447 0.386 0.321 0.253 0.182 0.138 0.116 0.092 0.067 0.040 0.011 0.000 0.000 0.000 0.001 0.001 0.000 0.000 0.000 0.000 0.000 0.000 0.000 0.001 0.002 0.003 0.005 0.007 0.009 0.127 0.281 0.440 0.605 0.775 0.951 1.523 2.160 2.791 3.417 4.037 4.652 5.699 6.790 7.880 8.968 10.056 11.142 12.357 13.599 14.863 16.149
0.790 0.857 0.923 0.986 1.048 1.108 1.136 1.085 1.025 0.957 0.881 0.796 0.732 0.728 0.725 0.720 0.716 0.710 0.703 0.694 0.686 0.679 0.672 0.666 0.636 0.563 0.487 0.408 0.326 0.243 0.202 0.186 0.163 0.131 0.091 0.044 0.017 0.016 0.014 0.011 0.007 0.002 0.000 0.000 0.000 0.000 0.000 0.000 0.001 0.003 0.005 0.008 0.011 0.013 0.132 0.310 0.493 0.682 0.877 1.077 1.585 2.197 2.805 3.407 4.003 4.594 5.578 6.664 7.749 8.832 9.914 10.912 12.005 13.128 14.247 15.362
1.125 1.186 1.245 1.302 1.358 1.412 1.444 1.363 1.275 1.178 1.073 0.960 0.859 0.854 0.848 0.841 0.834 0.827 0.818 0.812 0.809 0.825 0.838 0.847 0.835 0.770 0.703 0.635 0.565 0.495 0.432 0.381 0.322 0.255 0.179 0.096 0.039 0.034 0.028 0.021 0.014 0.005 0.000 0.000 0.000 0.000 0.000 0.000 0.001 0.004 0.007 0.011 0.014 0.018 0.131 0.333 0.541 0.754 0.972 1.196 1.651 2.240 2.812 3.343 3.842 4.310 5.090 5.994 6.863 7.696 8.493 9.255 10.270 11.377 12.480 13.579
1.461 1.516 1.569 1.620 1.669 1.717 1.759 1.650 1.532 1.406 1.272 1.130 0.987 0.995 1.014 1.038 1.065 1.097 1.126 1.134 1.139 1.140 1.137 1.132 1.115 1.044 0.972 0.898 0.824 0.748 0.671 0.584 0.489 0.387 0.276 0.157 0.062 0.053 0.043 0.033 0.021 0.009 0.000 0.000 0.000 0.000 0.000 0.000 0.001 0.005 0.009 0.013 0.018 0.030 0.154 0.396 0.638 0.879 1.121 1.363 1.725 2.180 2.602 2.993 3.352 3.680 4.253 5.001 5.713 6.389 7.030 7.635 8.541 9.631 10.718 11.801
