DATA/SHG/CPC/2018/20180218.asc
ncols        190
nrows        64
xllcorner    -5100000.000000000000
yllcorner    4130000.000000000000
cellsize     10000.000000000000
NODATA_value  -99999.000
[rows 0 to 33 of 64, columns 77 to 153 of 190]
0.530 0.558 0.592 0.628 0.665 0.703 0.741 0.780 0.817 0.855 0.895 0.937 0.980 1.015 1.023 1.031 1.040 1.049 1.059 1.057 1.017 0.976 0.932 0.886 0.840 0.792 0.734 0.677 0.620 0.563 0.506 0.453 0.410 0.366 0.323 0.280 0.236 0.200 0.185 0.171 0.156 0.142 0.128 0.121 0.135 0.149 0.164 0.179 0.194 0.211 0.233 0.256 0.279 0.302 0.325 0.347 0.368 0.390 0.412 0.434 0.457 0.478 0.497 0.517 0.537 0.557 0.577 0.599 0.621 0.644 0.666 0.688 0.710 0.732 0.752 0.772 0.792
0.497 0.524 0.562 0.601 0.641 0.682 0.724 0.766 0.809 0.852 0.898 0.945 0.994 1.039 1.044 1.049 1.054 1.060 1.067 1.068 1.022 0.976 0.930 0.884 0.838 0.791 0.734 0.678 0.621 0.565 0.509 0.455 0.411 0.368 0.325 0.282 0.238 0.199 0.185 0.171 0.157 0.144 0.131 0.121 0.136 0.152 0.167 0.183 0.199 0.216 0.239 0.262 0.285 0.308 0.332 0.355 0.378 0.401 0.424 0.448 0.472 0.495 0.516 0.537 0.559 0.581 0.603 0.626 0.648 0.670 0.691 0.713 0.734 0.755 0.773 0.791 0.808
0.463 0.489 0.530 0.573 0.616 0.660 0.705 0.747 0.791 0.836 0.882 0.929 0.977 1.026 1.032 1.038 1.045 1.052 1.059 1.067 1.022 0.976 0.929 0.883 0.836 0.790 0.734 0.678 0.622 0.567 0.512 0.457 0.413 0.370 0.327 0.284 0.241 0.198 0.184 0.171 0.158 0.146 0.133 0.121 0.138 0.155 0.173 0.190 0.207 0.225 0.248 0.272 0.295 0.318 0.342 0.365 0.389 0.413 0.437 0.462 0.486 0.511 0.534 0.557 0.581 0.605 0.629 0.653 0.675 0.696 0.717 0.738 0.758 0.779 0.795 0.810 0.825
0.427 0.449 0.490 0.532 0.575 0.618 0.661 0.706 0.753 0.801 0.851 0.902 0.953 1.006 1.019 1.027 1.035 1.043 1.052 1.061 1.022 0.975 0.928 0.882 0.834 0.787 0.733 0.678 0.623 0.569 0.514 0.460 0.415 0.372 0.329 0.286 0.244 0.203 0.188 0.177 0.167 0.157 0.147 0.137 0.152 0.169 0.186 0.203 0.220 0.236 0.259 0.282 0.305 0.329 0.352 0.374 0.399 0.424 0.450 0.475 0.501 0.527 0.552 0.577 0.602 0.628 0.654 0.680 0.701 0.722 0.742 0.763 0.783 0.803 0.817 0.830 0.845
0.379 0.400 0.439 0.483 0.527 0.572 0.618 0.664 0.714 0.766 0.819 0.874 0.929 0.986 1.007 1.015 1.024 1.034 1.044 1.054 1.022 0.975 0.928 0.880 0.833 0.785 0.729 0.671 0.615 0.559 0.504 0.451 0.406 0.366 0.326 0.288 0.250 0.214 0.198 0.189 0.179 0.171 0.162 0.154 0.165 0.182 0.199 0.215 0.232 0.248 0.270 0.293 0.316 0.339 0.362 0.384 0.410 0.436 0.462 0.489 0.516 0.543 0.569 0.596 0.623 0.651 0.678 0.706 0.728 0.748 0.769 0.790 0.811 0.833 0.848 0.863 0.878
0.332 0.351 0.387 0.433 0.479 0.526 0.573 0.621 0.674 0.730 0.787 0.845 0.904 0.964 0.994 1.004 1.014 1.018 1.021 1.024 0.993 0.940 0.889 0.839 0.789 0.741 0.690 0.637 0.584 0.533 0.483 0.434 0.392 0.357 0.322 0.288 0.255 0.224 0.208 0.199 0.192 0.184 0.177 0.170 0.179 0.195 0.212 0.228 0.244 0.260 0.281 0.304 0.326 0.349 0.372 0.394 0.420 0.447 0.474 0.502 0.529 0.557 0.585 0.613 0.642 0.670 0.700 0.729 0.753 0.774 0.796 0.818 0.841 0.864 0.881 0.895 0.910
0.285 0.302 0.336 0.383 0.431 0.480 0.529 0.578 0.633 0.693 0.749 0.804 0.857 0.909 0.936 0.936 0.937 0.938 0.941 0.944 0.922 0.874 0.828 0.783 0.739 0.696 0.650 0.601 0.553 0.506 0.460 0.415 0.378 0.346 0.316 0.287 0.260 0.233 0.217 0.210 0.204 0.198 0.192 0.186 0.193 0.209 0.225 0.241 0.256 0.271 0.290 0.312 0.335 0.357 0.380 0.403 0.429 0.457 0.485 0.514 0.542 0.571 0.600 0.630 0.660 0.690 0.720 0.751 0.777 0.800 0.823 0.847 0.871 0.895 0.913 0.928 0.942
0.238 0.254 0.283 0.334 0.384 0.434 0.482 0.529 0.579 0.632 0.683 0.733 0.781 0.828 0.857 0.857 0.858 0.859 0.861 0.864 0.850 0.807 0.766 0.726 0.687 0.649 0.608 0.564 0.521 0.478 0.437 0.396 0.362 0.335 0.310 0.286 0.263 0.240 0.226 0.219 0.212 0.205 0.199 0.193 0.195 0.210 0.226 0.242 0.258 0.274 0.294 0.317 0.340 0.364 0.388 0.412 0.438 0.467 0.496 0.526 0.555 0.585 0.615 0.646 0.677 0.709 0.741 0.773 0.801 0.826 0.850 0.875 0.900 0.925 0.945 0.960 0.975
0.206 0.222 0.248 0.296 0.343 0.389 0.434 0.479 0.524 0.572 0.618 0.663 0.706 0.748 0.779 0.779 0.779 0.780 0.782 0.784 0.776 0.739 0.703 0.667 0.633 0.600 0.566 0.526 0.487 0.449 0.411 0.374 0.340 0.317 0.294 0.273 0.252 0.232 0.217 0.211 0.205 0.199 0.194 0.189 0.191 0.207 0.224 0.241 0.259 0.277 0.297 0.321 0.346 0.370 0.395 0.420 0.447 0.477 0.507 0.537 0.568 0.598 0.629 0.662 0.695 0.728 0.761 0.795 0.825 0.851 0.876 0.902 0.927 0.951 0.971 0.983 0.996
0.179 0.194 0.213 0.258 0.302 0.345 0.388 0.429 0.470 0.513 0.554 0.594 0.632 0.669 0.701 0.701 0.700 0.701 0.702 0.704 0.702 0.669 0.638 0.607 0.576 0.546 0.516 0.478 0.442 0.406 0.371 0.338 0.307 0.287 0.269 0.252 0.235 0.220 0.207 0.202 0.197 0.193 0.189 0.185 0.185 0.203 0.222 0.241 0.260 0.279 0.300 0.325 0.351 0.376 0.402 0.429 0.456 0.487 0.518 0.549 0.580 0.611 0.643 0.676 0.710 0.745 0.780 0.815 0.848 0.873 0.897 0.921 0.945 0.968 0.988 0.999 1.011
0.153 0.166 0.179 0.221 0.262 0.302 0.342 0.380 0.418 0.455 0.492 0.527 0.560 0.593 0.625 0.626 0.626 0.627 0.628 0.629 0.630 0.601 0.571 0.543 0.514 0.487 0.459 0.426 0.393 0.362 0.331 0.301 0.272 0.257 0.243 0.230 0.218 0.206 0.197 0.193 0.189 0.186 0.183 0.181 0.180 0.199 0.219 0.240 0.260 0.281 0.303 0.329 0.356 0.381 0.407 0.433 0.460 0.490 0.521 0.553 0.584 0.616 0.649 0.685 0.722 0.759 0.797 0.835 0.871 0.895 0.918 0.940 0.963 0.985 1.005 1.016 1.026
0.127 0.138 0.149 0.185 0.223 0.260 0.298 0.335 0.371 0.405 0.438 0.470 0.500 0.528 0.555 0.558 0.557 0.556 0.556 0.556 0.555 0.532 0.505 0.478 0.452 0.427 0.402 0.373 0.344 0.316 0.289 0.263 0.238 0.226 0.216 0.207 0.199 0.192 0.186 0.183 0.181 0.179 0.177 0.176 0.175 0.195 0.215 0.236 0.256 0.276 0.296 0.322 0.348 0.375 0.402 0.429 0.457 0.489 0.521 0.554 0.587 0.621 0.655 0.694 0.733 0.773 0.813 0.854 0.895 0.917 0.939 0.960 0.982 1.003 1.023 1.032 1.041
0.106 0.119 0.132 0.164 0.201 0.236 0.269 0.302 0.333 0.362 0.390 0.416 0.441 0.465 0.487 0.491 0.488 0.486 0.485 0.483 0.481 0.462 0.437 0.413 0.389 0.366 0.343 0.318 0.294 0.270 0.246 0.224 0.203 0.193 0.188 0.183 0.179 0.175 0.172 0.170 0.170 0.169 0.170 0.171 0.173 0.190 0.209 0.229 0.248 0.268 0.287 0.313 0.340 0.368 0.396 0.425 0.454 0.487 0.521 0.555 0.590 0.625 0.661 0.702 0.743 0.786 0.829 0.872 0.917 0.939 0.960 0.980 1.000 1.020 1.040 1.049 1.057
0.102 0.114 0.127 0.152 0.183 0.214 0.242 0.270 0.296 0.320 0.343 0.364 0.384 0.403 0.420 0.424 0.420 0.416 0.414 0.411 0.407 0.392 0.369 0.347 0.326 0.305 0.287 0.267 0.248 0.228 0.209 0.191 0.173 0.164 0.161 0.159 0.157 0.155 0.153 0.154 0.156 0.158 0.161 0.165 0.169 0.185 0.203 0.222 0.241 0.259 0.277 0.303 0.332 0.361 0.391 0.420 0.450 0.485 0.520 0.556 0.592 0.629 0.666 0.709 0.753 0.798 0.844 0.887 0.930 0.952 0.970 0.989 1.008 1.029 1.050 1.061 1.070
0.098 0.109 0.121 0.140 0.167 0.193 0.217 0.239 0.260 0.280 0.298 0.314 0.329 0.342 0.354 0.358 0.352 0.350 0.349 0.347 0.346 0.336 0.318 0.300 0.282 0.265 0.247 0.230 0.212 0.194 0.177 0.160 0.144 0.136 0.135 0.134 0.134 0.134 0.134 0.137 0.142 0.147 0.152 0.159 0.166 0.180 0.198 0.216 0.234 0.251 0.269 0.294 0.324 0.354 0.385 0.416 0.447 0.482 0.517 0.553 0.589 0.626 0.662 0.704 0.747 0.789 0.832 0.875 0.918 0.945 0.966 0.988 1.011 1.034 1.058 1.073 1.084
0.094 0.105 0.115 0.131 0.152 0.173 0.192 0.210 0.226 0.241 0.255 0.268 0.281 0.293 0.304 0.311 0.308 0.305 0.304 0.302 0.300 0.292 0.275 0.258 0.241 0.224 0.208 0.192 0.176 0.160 0.144 0.129 0.114 0.106 0.107 0.108 0.110 0.112 0.115 0.120 0.127 0.134 0.143 0.152 0.161 0.175 0.192 0.209 0.226 0.242 0.258 0.282 0.311 0.341 0.371 0.400 0.430 0.464 0.500 0.538 0.575 0.613 0.652 0.693 0.735 0.778 0.821 0.864 0.906 0.937 0.962 0.987 1.012 1.039 1.066 1.084 1.097
0.090 0.100 0.110 0.120 0.137 0.152 0.167 0.182 0.195 0.208 0.220 0.231 0.242 0.252 0.261 0.268 0.264 0.261 0.259 0.256 0.254 0.248 0.232 0.215 0.200 0.184 0.169 0.153 0.139 0.125 0.111 0.098 0.085 0.077 0.080 0.083 0.086 0.090 0.095 0.101 0.111 0.121 0.131 0.141 0.150 0.162 0.178 0.194 0.211 0.227 0.243 0.265 0.294 0.324 0.353 0.382 0.412 0.445 0.483 0.522 0.561 0.601 0.640 0.682 0.724 0.767 0.809 0.852 0.894 0.929 0.956 0.985 1.013 1.043 1.073 1.095 1.109
0.078 0.086 0.094 0.102 0.116 0.129 0.142 0.154 0.165 0.176 0.186 0.195 0.203 0.212 0.219 0.225 0.221 0.217 0.215 0.211 0.208 0.203 0.188 0.173 0.158 0.143 0.129 0.115 0.102 0.090 0.078 0.068 0.059 0.053 0.058 0.064 0.069 0.075 0.081 0.087 0.097 0.106 0.116 0.125 0.135 0.146 0.162 0.179 0.195 0.211 0.228 0.248 0.277 0.306 0.335 0.364 0.393 0.426 0.466 0.506 0.547 0.588 0.629 0.671 0.713 0.756 0.798 0.840 0.883 0.920 0.951 0.982 1.023 1.067 1.114 1.155 1.187
0.062 0.070 0.077 0.085 0.096 0.107 0.117 0.127 0.136 0.144 0.152 0.159 0.166 0.172 0.177 0.182 0.178 0.174 0.170 0.167 0.163 0.159 0.147 0.135 0.123 0.111 0.099 0.088 0.078 0.070 0.061 0.053 0.046 0.039 0.045 0.051 0.056 0.061 0.067 0.073 0.082 0.092 0.101 0.110 0.119 0.130 0.146 0.162 0.179 0.196 0.212 0.231 0.260 0.289 0.318 0.347 0.375 0.407 0.448 0.490 0.532 0.574 0.617 0.659 0.702 0.748 0.795 0.843 0.894 0.945 0.993 1.045 1.100 1.158 1.219 1.274 1.313
0.047 0.055 0.061 0.068 0.077 0.085 0.093 0.101 0.107 0.113 0.119 0.124 0.129 0.133 0.138 0.143 0.142 0.140 0.138 0.136 0.135 0.133 0.123 0.111 0.100 0.088 0.077 0.066 0.058 0.051 0.045 0.038 0.033 0.027 0.032 0.037 0.043 0.048 0.053 0.058 0.068 0.077 0.086 0.095 0.104 0.113 0.130 0.146 0.163 0.180 0.197 0.215 0.243 0.272 0.300 0.327 0.355 0.385 0.426 0.469 0.511 0.553 0.596 0.640 0.691 0.745 0.800 0.856 0.915 0.975 1.038 1.104 1.173 1.245 1.321 1.392 1.437
0.033 0.039 0.045 0.052 0.058 0.064 0.070 0.076 0.081 0.086 0.092 0.097 0.102 0.107 0.111 0.115 0.115 0.113 0.111 0.110 0.109 0.107 0.099 0.088 0.077 0.066 0.055 0.044 0.038 0.032 0.027 0.023 0.019 0.015 0.019 0.024 0.029 0.035 0.040 0.045 0.053 0.062 0.071 0.080 0.089 0.097 0.113 0.129 0.146 0.162 0.178 0.193 0.220 0.248 0.276 0.304 0.332 0.359 0.402 0.445 0.488 0.532 0.575 0.619 0.679 0.740 0.803 0.868 0.934 1.003 1.080 1.160 1.243 1.330 1.420 1.508 1.560
0.020 0.027 0.033 0.039 0.044 0.049 0.054 0.058 0.062 0.065 0.068 0.073 0.077 0.081 0.084 0.088 0.088 0.086 0.085 0.083 0.082 0.081 0.074 0.064 0.053 0.043 0.033 0.023 0.017 0.013 0.010 0.007 0.005 0.003 0.006 0.011 0.017 0.023 0.028 0.033 0.041 0.050 0.058 0.066 0.074 0.082 0.095 0.111 0.126 0.141 0.156 0.171 0.197 0.224 0.252 0.280 0.308 0.336 0.377 0.421 0.465 0.509 0.554 0.598 0.664 0.733 0.804 0.877 0.952 1.028 1.119 1.213 1.310 1.411 1.515 1.622 1.681
0.015 0.020 0.024 0.028 0.032 0.035 0.038 0.040 0.042 0.043 0.045 0.049 0.052 0.055 0.058 0.060 0.060 0.059 0.058 0.057 0.056 0.055 0.050 0.040 0.030 0.020 0.010 0.003 0.000 0.000 0.000 0.000 0.000 0.000 0.003 0.008 0.013 0.017 0.021 0.025 0.031 0.038 0.046 0.053 0.059 0.066 0.078 0.093 0.107 0.121 0.135 0.149 0.173 0.201 0.229 0.257 0.284 0.312 0.353 0.397 0.442 0.487 0.532 0.578 0.647 0.725 0.804 0.885 0.971 1.060 1.165 1.273 1.382 1.493 1.604 1.716 1.800
0.010 0.013 0.016 0.018 0.020 0.022 0.023 0.023 0.023 0.023 0.023 0.025 0.028 0.030 0.031 0.033 0.033 0.032 0.034 0.036 0.037 0.037 0.035 0.028 0.021 0.015 0.009 0.003 0.000 0.000 0.000 0.000 0.000 0.000 0.002 0.005 0.009 0.012 0.014 0.016 0.021 0.027 0.034 0.040 0.045 0.051 0.061 0.075 0.088 0.102 0.115 0.128 0.149 0.177 0.205 0.233 0.261 0.289 0.328 0.373 0.420 0.468 0.518 0.570 0.647 0.738 0.831 0.926 1.024 1.124 1.233 1.346 1.460 1.574 1.690 1.807 1.913
0.005 0.007 0.008 0.009 0.009 0.009 0.008 0.006 0.005 0.002 0.001 0.008 0.014 0.019 0.024 0.029 0.033 0.033 0.033 0.032 0.031 0.030 0.027 0.021 0.016 0.011 0.007 0.003 0.000 0.000 0.000 0.000 0.000 0.000 0.001 0.003 0.005 0.006 0.008 0.009 0.011 0.017 0.022 0.027 0.031 0.036 0.044 0.057 0.070 0.082 0.094 0.105 0.124 0.151 0.177 0.204 0.230 0.255 0.295 0.347 0.401 0.456 0.514 0.572 0.655 0.756 0.860 0.966 1.075 1.186 1.301 1.418 1.536 1.655 1.775 1.897 2.021
0.001 0.001 0.001 0.001 0.003 0.005 0.007 0.008 0.010 0.011 0.012 0.017 0.022 0.026 0.030 0.034 0.037 0.035 0.033 0.030 0.026 0.023 0.018 0.014 0.011 0.007 0.004 0.002 0.000 0.000 0.000 0.000 0.000 0.000 0.000 0.001 0.001 0.002 0.002 0.001 0.002 0.007 0.012 0.017 0.021 0.025 0.032 0.043 0.053 0.063 0.072 0.080 0.095 0.120 0.146 0.171 0.196 0.221 0.260 0.319 0.380 0.443 0.507 0.573 0.660 0.772 0.887 1.004 1.123 1.245 1.367 1.488 1.611 1.735 1.860 1.985 2.124
0.008 0.011 0.013 0.016 0.019 0.021 0.022 0.023 0.023 0.024 0.024 0.028 0.031 0.034 0.037 0.039 0.041 0.037 0.033 0.027 0.022 0.016 0.009 0.007 0.005 0.003 0.002 0.001 0.000 0.000 0.000 0.000 0.000 0.000 0.000 0.000 0.000 0.000 0.000 0.000 0.001 0.005 0.009 0.012 0.016 0.019 0.023 0.031 0.038 0.045 0.051 0.056 0.066 0.090 0.115 0.139 0.163 0.187 0.223 0.289 0.358 0.428 0.499 0.572 0.663 0.786 0.911 1.039 1.169 1.301 1.432 1.558 1.685 1.805 1.901 1.996 2.102
0.021 0.024 0.028 0.031 0.035 0.036 0.037 0.037 0.037 0.037 0.036 0.038 0.040 0.042 0.043 0.044 0.045 0.040 0.033 0.026 0.018 0.010 0.001 0.001 0.001 0.001 0.001 0.001 0.000 0.000 0.000 0.000 0.000 0.000 0.000 0.000 0.000 0.000 0.000 0.000 0.000 0.003 0.006 0.008 0.010 0.012 0.014 0.019 0.024 0.027 0.030 0.032 0.037 0.061 0.084 0.107 0.130 0.153 0.185 0.258 0.334 0.411 0.489 0.570 0.660 0.776 0.891 1.005 1.118 1.229 1.334 1.427 1.519 1.608 1.695 1.779 1.872
0.034 0.038 0.042 0.046 0.051 0.052 0.052 0.051 0.051 0.050 0.048 0.049 0.050 0.050 0.050 0.050 0.050 0.045 0.037 0.030 0.024 0.017 0.010 0.008 0.007 0.006 0.005 0.003 0.000 0.000 0.000 0.000 0.000 0.000 0.000 0.000 0.000 0.000 0.000 0.000 0.000 0.002 0.003 0.005 0.006 0.006 0.007 0.009 0.010 0.010 0.010 0.010 0.009 0.031 0.053 0.076 0.098 0.120 0.144 0.215 0.282 0.346 0.407 0.465 0.527 0.638 0.747 0.855 0.961 1.067 1.167 1.251 1.333 1.412 1.490 1.565 1.645
0.046 0.051 0.056 0.061 0.066 0.068 0.067 0.066 0.065 0.064 0.061 0.060 0.060 0.060 0.059 0.058 0.056 0.052 0.045 0.038 0.032 0.026 0.020 0.016 0.014 0.011 0.008 0.005 0.001 0.000 0.000 0.000 0.000 0.000 0.000 0.000 0.000 0.000 0.000 0.000 0.000 0.001 0.001 0.001 0.001 0.001 0.000 0.000 0.000 0.000 0.000 0.000 0.000 0.019 0.039 0.057 0.074 0.090 0.105 0.160 0.213 0.263 0.310 0.354 0.395 0.500 0.604 0.706 0.807 0.906 1.002 1.077 1.149 1.220 1.288 1.354 1.421
0.059 0.066 0.073 0.081 0.088 0.091 0.089 0.087 0.084 0.080 0.076 0.072 0.071 0.070 0.068 0.065 0.063 0.058 0.052 0.046 0.040 0.035 0.029 0.024 0.021 0.017 0.012 0.007 0.002 0.000 0.000 0.000 0.000 0.000 0.000 0.000 0.000 0.000 0.000 0.000 0.000 0.000 0.000 0.000 0.000 0.000 0.000 0.000 0.000 0.000 0.000 0.000 0.000 0.012 0.027 0.040 0.052 0.062 0.072 0.109 0.148 0.184 0.217 0.246 0.272 0.364 0.462 0.558 0.653 0.747 0.839 0.905 0.968 1.029 1.088 1.144 1.199
0.086 0.093 0.100 0.107 0.113 0.117 0.113 0.108 0.103 0.097 0.091 0.085 0.082 0.080 0.077 0.073 0.070 0.065 0.059 0.054 0.048 0.043 0.038 0.033 0.028 0.022 0.016 0.010 0.004 0.000 0.000 0.000 0.000 0.000 0.000 0.000 0.000 0.000 0.000 0.000 0.000 0.000 0.000 0.000 0.000 0.000 0.000 0.000 0.000 0.000 0.000 0.000 0.000 0.007 0.016 0.024 0.030 0.035 0.040 0.061 0.086 0.108 0.126 0.142 0.154 0.230 0.322 0.412 0.501 0.589 0.676 0.736 0.789 0.840 0.888 0.933 0.976
0.113 0.119 0.126 0.133 0.139 0.144 0.137 0.130 0.123 0.115 0.106 0.098 0.094 0.090 0.086 0.081 0.077 0.071 0.066 0.061 0.057 0.053 0.048 0.043 0.036 0.029 0.022 0.014 0.006 0.000 0.000 0.000 0.000 0.000 0.000 0.000 0.000 0.000 0.000 0.000 0.000 0.000 0.000 0.000 0.000 0.000 0.000 0.000 0.000 0.000 0.000 0.000 0.000 0.003 0.006 0.009 0.010 0.010 0.009 0.016 0.027 0.038 0.051 0.063 0.075 0.140 0.226 0.307 0.383 0.454 0.520 0.569 0.611 0.651 0.688 0.722 0.754
0.140 0.146 0.152 0.159 0.165 0.171 0.162 0.153 0.143 0.133 0.122 0.111 0.107 0.104 0.100 0.096 0.092 0.088 0.083 0.078 0.073 0.067 0.061 0.054 0.046 0.037 0.028 0.018 0.008 0.000 0.000 0.000 0.000 0.000 0.000 0.000 0.000 0.000 0.000 0.000 0.000 0.000 0.000 0.000 0.000 0.000 0.000 0.000 0.000 0.000 0.000 0.000 0.000 0.000 0.000 0.000 0.000 0.000 0.000 0.006 0.018 0.028 0.038 0.048 0.056 0.099 0.163 0.222 0.276 0.326 0.370 0.406 0.437 0.465 0.491 0.514 0.535
