DATA/SHG/CPC/2018/20180424.asc
ncols        190
nrows        64
xllcorner    -5100000.000000000000
yllcorner    4130000.000000000000
cellsize     10000.000000000000
NODATA_value  -99999.000
[rows 0 to 33 of 64, columns 77 to 153 of 190]
0.000 0.000 0.000 0.000 0.000 0.000 0.000 0.001 0.003 0.005 0.006 0.007 0.008 0.011 0.022 0.032 0.043 0.054 0.065 0.082 0.116 0.151 0.189 0.227 0.266 0.310 0.367 0.425 0.483 0.542 0.601 0.653 0.679 0.706 0.731 0.756 0.780 0.798 0.797 0.796 0.795 0.793 0.791 0.785 0.767 0.750 0.734 0.719 0.704 0.688 0.664 0.642 0.620 0.600 0.581 0.580 0.631 0.683 0.739 0.797 0.857 0.978 1.267 1.554 1.841 2.126 2.411 2.796 3.453 4.099 4.735 5.361 5.976 6.569 7.117 7.647 8.162
0.000 0.000 0.000 0.000 0.000 0.000 0.000 0.000 0.001 0.002 0.002 0.002 0.001 0.001 0.015 0.028 0.041 0.055 0.068 0.084 0.123 0.164 0.205 0.247 0.289 0.334 0.393 0.453 0.513 0.573 0.634 0.691 0.715 0.738 0.761 0.783 0.805 0.823 0.821 0.819 0.817 0.814 0.812 0.808 0.794 0.781 0.769 0.757 0.747 0.736 0.718 0.700 0.684 0.671 0.659 0.658 0.720 0.784 0.849 0.917 0.986 1.088 1.373 1.657 1.940 2.223 2.504 2.838 3.448 4.048 4.638 5.218 5.787 6.334 6.808 7.265 7.706
0.000 0.000 0.000 0.000 0.000 0.000 0.000 0.001 0.002 0.003 0.004 0.006 0.007 0.009 0.023 0.036 0.050 0.063 0.076 0.090 0.132 0.176 0.220 0.265 0.311 0.358 0.419 0.480 0.542 0.604 0.666 0.729 0.751 0.771 0.791 0.811 0.829 0.847 0.845 0.842 0.839 0.836 0.833 0.829 0.824 0.821 0.817 0.813 0.808 0.802 0.791 0.780 0.770 0.761 0.752 0.746 0.816 0.887 0.961 1.035 1.112 1.198 1.479 1.760 2.040 2.319 2.598 2.889 3.453 4.007 4.551 5.085 5.608 6.115 6.515 6.899 7.266
0.000 0.000 0.000 0.001 0.002 0.003 0.005 0.006 0.008 0.010 0.012 0.014 0.016 0.018 0.030 0.044 0.058 0.071 0.085 0.099 0.140 0.187 0.235 0.283 0.332 0.382 0.443 0.507 0.570 0.634 0.698 0.763 0.787 0.805 0.822 0.848 0.877 0.904 0.912 0.917 0.920 0.921 0.921 0.919 0.914 0.908 0.902 0.895 0.887 0.879 0.871 0.863 0.856 0.850 0.844 0.839 0.910 0.989 1.070 1.152 1.236 1.322 1.586 1.864 2.140 2.416 2.692 2.966 3.469 3.977 4.474 4.962 5.439 5.906 6.239 6.538 6.804
0.000 0.000 0.001 0.003 0.005 0.007 0.009 0.012 0.014 0.016 0.019 0.021 0.024 0.027 0.038 0.052 0.066 0.080 0.093 0.107 0.147 0.197 0.248 0.300 0.353 0.406 0.478 0.557 0.636 0.716 0.795 0.875 0.916 0.943 0.969 0.993 1.017 1.039 1.043 1.040 1.036 1.030 1.022 1.012 1.004 0.996 0.987 0.977 0.967 0.956 0.950 0.945 0.941 0.938 0.936 0.934 1.002 1.089 1.177 1.267 1.359 1.453 1.694 1.968 2.242 2.514 2.771 2.991 3.374 3.782 4.180 4.566 4.940 5.304 5.586 5.854 6.122
0.000 0.000 0.002 0.004 0.007 0.010 0.013 0.017 0.020 0.023 0.026 0.029 0.032 0.036 0.046 0.060 0.074 0.094 0.117 0.142 0.191 0.258 0.327 0.399 0.472 0.548 0.627 0.707 0.788 0.869 0.950 1.032 1.076 1.098 1.119 1.139 1.158 1.176 1.176 1.166 1.154 1.140 1.125 1.108 1.095 1.084 1.072 1.060 1.047 1.034 1.028 1.026 1.026 1.026 1.026 1.028 1.092 1.182 1.260 1.333 1.402 1.465 1.639 1.854 2.061 2.260 2.449 2.631 2.944 3.302 3.649 3.985 4.309 4.622 4.901 5.170 5.440
0.000 0.000 0.002 0.005 0.009 0.013 0.017 0.022 0.026 0.029 0.035 0.043 0.052 0.062 0.080 0.107 0.136 0.166 0.198 0.231 0.286 0.362 0.441 0.522 0.605 0.690 0.774 0.856 0.938 1.021 1.104 1.187 1.237 1.255 1.271 1.286 1.300 1.313 1.310 1.292 1.273 1.252 1.229 1.205 1.186 1.172 1.158 1.143 1.129 1.115 1.107 1.104 1.099 1.092 1.082 1.071 1.102 1.163 1.218 1.269 1.314 1.355 1.478 1.656 1.825 1.985 2.137 2.280 2.526 2.834 3.130 3.415 3.689 3.952 4.217 4.488 4.759
0.000 0.000 0.002 0.006 0.012 0.018 0.024 0.031 0.039 0.049 0.060 0.073 0.087 0.102 0.125 0.160 0.198 0.237 0.277 0.319 0.377 0.463 0.552 0.642 0.735 0.829 0.921 1.005 1.089 1.173 1.257 1.343 1.399 1.412 1.423 1.434 1.443 1.451 1.446 1.425 1.409 1.391 1.370 1.348 1.329 1.313 1.293 1.271 1.245 1.215 1.193 1.180 1.164 1.147 1.127 1.104 1.111 1.149 1.182 1.210 1.232 1.250 1.327 1.466 1.597 1.719 1.833 1.938 2.119 2.377 2.623 2.858 3.082 3.294 3.533 3.805 4.078
0.000 0.000 0.002 0.009 0.016 0.024 0.033 0.043 0.053 0.068 0.084 0.102 0.121 0.141 0.167 0.211 0.257 0.304 0.353 0.404 0.466 0.562 0.660 0.760 0.862 0.966 1.067 1.152 1.238 1.324 1.415 1.511 1.585 1.603 1.620 1.638 1.654 1.671 1.676 1.652 1.627 1.600 1.571 1.539 1.508 1.477 1.443 1.405 1.364 1.319 1.280 1.257 1.231 1.203 1.173 1.140 1.124 1.140 1.150 1.155 1.156 1.151 1.184 1.285 1.378 1.462 1.538 1.605 1.724 1.932 2.128 2.320 2.505 2.681 2.890 3.155 3.411
0.000 0.000 0.001 0.010 0.020 0.031 0.042 0.053 0.066 0.086 0.107 0.129 0.153 0.178 0.207 0.259 0.314 0.370 0.427 0.486 0.552 0.664 0.784 0.906 1.029 1.155 1.279 1.375 1.469 1.564 1.657 1.750 1.831 1.847 1.863 1.878 1.893 1.907 1.913 1.881 1.847 1.811 1.773 1.733 1.691 1.645 1.595 1.542 1.486 1.427 1.370 1.337 1.301 1.262 1.222 1.179 1.143 1.136 1.124 1.107 1.084 1.057 1.045 1.106 1.163 1.215 1.263 1.307 1.385 1.557 1.719 1.872 2.016 2.151 2.309 2.537 2.757
0.000 0.000 0.000 0.012 0.024 0.036 0.049 0.063 0.078 0.102 0.128 0.155 0.184 0.217 0.255 0.326 0.402 0.482 0.564 0.651 0.742 0.869 0.997 1.128 1.262 1.397 1.533 1.626 1.718 1.809 1.900 1.990 2.077 2.091 2.105 2.118 2.131 2.144 2.153 2.112 2.069 2.024 1.977 1.928 1.877 1.815 1.751 1.683 1.612 1.537 1.463 1.419 1.372 1.312 1.248 1.180 1.113 1.076 1.035 0.992 0.947 0.899 0.862 0.904 0.942 0.976 1.005 1.030 1.071 1.201 1.322 1.434 1.537 1.630 1.736 1.928 2.112
0.000 0.000 0.000 0.012 0.026 0.041 0.058 0.076 0.094 0.127 0.163 0.203 0.246 0.292 0.340 0.425 0.520 0.619 0.721 0.827 0.937 1.071 1.209 1.349 1.491 1.635 1.782 1.878 1.967 2.055 2.143 2.230 2.316 2.335 2.347 2.359 2.370 2.381 2.391 2.345 2.293 2.239 2.183 2.125 2.052 1.961 1.867 1.772 1.674 1.574 1.471 1.402 1.330 1.255 1.177 1.097 1.014 0.965 0.913 0.859 0.802 0.743 0.684 0.707 0.726 0.741 0.752 0.758 0.765 0.855 0.935 1.006 1.067 1.120 1.172 1.328 1.476
0.001 0.003 0.004 0.018 0.037 0.056 0.076 0.097 0.119 0.158 0.205 0.255 0.308 0.364 0.422 0.519 0.633 0.752 0.873 0.998 1.128 1.270 1.417 1.567 1.718 1.871 2.027 2.130 2.216 2.301 2.386 2.470 2.554 2.579 2.589 2.584 2.575 2.565 2.553 2.490 2.413 2.335 2.256 2.176 2.095 1.997 1.894 1.788 1.681 1.571 1.459 1.373 1.288 1.201 1.110 1.017 0.921 0.857 0.794 0.728 0.660 0.589 0.516 0.514 0.514 0.511 0.502 0.490 0.474 0.518 0.557 0.587 0.607 0.619 0.621 0.740 0.900
0.007 0.010 0.013 0.027 0.049 0.071 0.094 0.118 0.143 0.186 0.243 0.304 0.367 0.433 0.502 0.608 0.741 0.879 1.019 1.164 1.313 1.467 1.623 1.782 1.942 2.105 2.255 2.352 2.418 2.484 2.549 2.614 2.677 2.691 2.679 2.666 2.652 2.637 2.621 2.560 2.478 2.395 2.311 2.226 2.140 2.035 1.922 1.807 1.690 1.570 1.448 1.347 1.249 1.149 1.046 0.941 0.832 0.751 0.677 0.600 0.521 0.439 0.354 0.326 0.307 0.285 0.259 0.251 0.243 0.277 0.318 0.356 0.393 0.427 0.460 0.583 0.714
0.012 0.016 0.021 0.035 0.059 0.085 0.111 0.138 0.166 0.212 0.279 0.350 0.423 0.499 0.578 0.692 0.844 0.994 1.144 1.296 1.451 1.604 1.753 1.902 2.052 2.203 2.353 2.459 2.522 2.584 2.646 2.706 2.766 2.784 2.767 2.750 2.731 2.711 2.690 2.631 2.544 2.456 2.367 2.277 2.186 2.076 1.953 1.828 1.701 1.572 1.440 1.324 1.214 1.101 0.985 0.867 0.746 0.649 0.568 0.489 0.411 0.334 0.258 0.229 0.221 0.213 0.204 0.196 0.187 0.209 0.240 0.269 0.297 0.322 0.345 0.432 0.534
0.016 0.022 0.028 0.042 0.070 0.098 0.127 0.157 0.188 0.235 0.308 0.383 0.460 0.538 0.619 0.726 0.882 1.041 1.202 1.365 1.531 1.693 1.844 1.995 2.147 2.299 2.451 2.567 2.627 2.685 2.743 2.800 2.856 2.879 2.857 2.834 2.810 2.785 2.759 2.703 2.611 2.518 2.424 2.329 2.233 2.119 1.987 1.852 1.714 1.559 1.406 1.268 1.143 1.022 0.902 0.784 0.669 0.576 0.501 0.426 0.353 0.281 0.211 0.177 0.168 0.159 0.150 0.141 0.131 0.142 0.165 0.185 0.202 0.218 0.232 0.287 0.360
0.020 0.028 0.035 0.046 0.073 0.101 0.129 0.158 0.187 0.228 0.307 0.389 0.472 0.556 0.643 0.748 0.915 1.085 1.257 1.431 1.608 1.781 1.934 2.087 2.240 2.394 2.549 2.676 2.732 2.787 2.841 2.894 2.946 2.974 2.948 2.920 2.891 2.861 2.830 2.775 2.655 2.533 2.410 2.285 2.158 2.021 1.868 1.717 1.568 1.420 1.274 1.141 1.027 0.914 0.804 0.697 0.591 0.502 0.431 0.362 0.295 0.228 0.162 0.124 0.115 0.105 0.096 0.086 0.076 0.078 0.091 0.102 0.110 0.117 0.121 0.149 0.194
0.018 0.022 0.027 0.033 0.062 0.092 0.121 0.152 0.182 0.219 0.305 0.392 0.481 0.572 0.665 0.768 0.946 1.126 1.309 1.495 1.683 1.869 2.023 2.178 2.333 2.489 2.645 2.786 2.838 2.889 2.938 2.968 2.997 3.010 2.956 2.901 2.843 2.783 2.722 2.644 2.516 2.387 2.257 2.124 1.990 1.851 1.706 1.562 1.420 1.280 1.141 1.012 0.908 0.805 0.705 0.607 0.511 0.426 0.361 0.297 0.235 0.173 0.113 0.072 0.062 0.052 0.042 0.031 0.021 0.017 0.020 0.022 0.030 0.038 0.045 0.067 0.105
0.012 0.016 0.019 0.021 0.051 0.082 0.113 0.145 0.177 0.210 0.300 0.394 0.490 0.587 0.686 0.787 0.973 1.165 1.359 1.555 1.754 1.954 2.093 2.231 2.369 2.506 2.642 2.775 2.804 2.831 2.859 2.885 2.911 2.930 2.867 2.802 2.735 2.666 2.595 2.515 2.380 2.244 2.105 1.965 1.824 1.681 1.543 1.406 1.271 1.138 1.006 0.882 0.787 0.694 0.604 0.515 0.429 0.350 0.290 0.231 0.174 0.118 0.063 0.025 0.020 0.015 0.011 0.007 0.003 0.002 0.009 0.016 0.023 0.029 0.034 0.047 0.076
0.008 0.010 0.011 0.012 0.039 0.072 0.105 0.138 0.172 0.206 0.294 0.394 0.496 0.599 0.695 0.790 0.960 1.144 1.329 1.514 1.698 1.882 2.024 2.160 2.295 2.430 2.564 2.697 2.732 2.757 2.780 2.804 2.826 2.847 2.780 2.706 2.629 2.551 2.470 2.387 2.246 2.102 1.956 1.808 1.659 1.509 1.378 1.248 1.121 0.994 0.870 0.749 0.664 0.581 0.503 0.427 0.354 0.285 0.235 0.187 0.141 0.097 0.055 0.020 0.016 0.012 0.009 0.005 0.002 0.001 0.006 0.011 0.016 0.019 0.023 0.030 0.048
0.003 0.004 0.004 0.003 0.027 0.061 0.095 0.129 0.162 0.193 0.272 0.367 0.462 0.557 0.650 0.743 0.899 1.081 1.264 1.447 1.629 1.811 1.957 2.090 2.222 2.354 2.486 2.616 2.661 2.683 2.703 2.723 2.742 2.760 2.696 2.612 2.526 2.438 2.348 2.256 2.114 1.962 1.809 1.654 1.497 1.336 1.207 1.086 0.967 0.852 0.740 0.631 0.557 0.488 0.420 0.356 0.293 0.234 0.192 0.152 0.115 0.079 0.045 0.014 0.011 0.009 0.006 0.004 0.002 0.000 0.004 0.006 0.009 0.011 0.012 0.015 0.023
0.000 0.000 0.000 0.000 0.019 0.052 0.083 0.114 0.143 0.172 0.239 0.332 0.424 0.515 0.606 0.696 0.838 1.018 1.200 1.380 1.561 1.741 1.890 2.020 2.150 2.280 2.408 2.536 2.592 2.610 2.627 2.643 2.659 2.674 2.614 2.520 2.412 2.303 2.191 2.078 1.928 1.767 1.608 1.450 1.294 1.139 1.020 0.913 0.809 0.708 0.611 0.517 0.451 0.392 0.336 0.282 0.231 0.182 0.147 0.116 0.087 0.059 0.034 0.010 0.007 0.005 0.003 0.002 0.001 0.000 0.001 0.002 0.003 0.003 0.002 0.002 0.000
0.000 0.000 0.000 0.000 0.014 0.043 0.071 0.099 0.126 0.152 0.207 0.297 0.386 0.475 0.562 0.649 0.778 0.956 1.135 1.314 1.493 1.671 1.824 1.952 2.079 2.206 2.332 2.447 2.501 2.504 2.504 2.503 2.501 2.496 2.428 2.314 2.199 2.081 1.962 1.841 1.698 1.544 1.391 1.240 1.090 0.942 0.829 0.737 0.648 0.562 0.479 0.400 0.342 0.294 0.249 0.206 0.165 0.127 0.100 0.077 0.057 0.038 0.021 0.005 0.002 0.001 0.000 0.000 0.000 0.000 0.000 0.000 0.000 0.000 0.000 0.000 0.000
0.000 0.000 0.000 0.000 0.009 0.035 0.061 0.085 0.109 0.132 0.176 0.263 0.349 0.435 0.520 0.604 0.718 0.894 1.069 1.241 1.409 1.575 1.721 1.836 1.949 2.060 2.169 2.276 2.337 2.332 2.325 2.317 2.307 2.295 2.232 2.110 1.987 1.862 1.735 1.607 1.467 1.319 1.173 1.028 0.885 0.743 0.636 0.558 0.483 0.412 0.344 0.279 0.231 0.194 0.160 0.128 0.098 0.071 0.051 0.040 0.030 0.020 0.011 0.003 0.000 0.000 0.000 0.000 0.000 0.000 0.000 0.000 0.000 0.000 0.000 0.000 0.000
0.000 0.000 0.000 0.000 0.005 0.028 0.051 0.072 0.093 0.113 0.146 0.233 0.318 0.401 0.482 0.561 0.656 0.819 0.981 1.141 1.297 1.451 1.592 1.698 1.803 1.907 2.008 2.108 2.174 2.162 2.148 2.132 2.115 2.096 2.038 1.909 1.778 1.645 1.510 1.374 1.235 1.093 0.954 0.815 0.678 0.543 0.439 0.376 0.316 0.259 0.214 0.173 0.143 0.123 0.104 0.086 0.069 0.052 0.040 0.032 0.024 0.016 0.009 0.003 0.000 0.000 0.000 0.000 0.000 0.000 0.000 0.000 0.000 0.000 0.000 0.000 0.000
0.000 0.000 0.000 0.001 0.005 0.029 0.052 0.074 0.096 0.117 0.141 0.221 0.299 0.375 0.448 0.520 0.596 0.747 0.897 1.044 1.188 1.330 1.464 1.563 1.660 1.756 1.850 1.942 2.013 1.994 1.972 1.949 1.925 1.898 1.846 1.709 1.570 1.430 1.288 1.144 1.001 0.875 0.756 0.639 0.525 0.414 0.326 0.286 0.247 0.210 0.174 0.139 0.111 0.095 0.080 0.066 0.052 0.040 0.030 0.023 0.017 0.012 0.007 0.002 0.000 0.000 0.000 0.000 0.000 0.000 0.000 0.000 0.000 0.000 0.000 0.000 0.000
0.011 0.014 0.018 0.022 0.026 0.046 0.067 0.086 0.105 0.124 0.142 0.211 0.282 0.350 0.416 0.481 0.543 0.678 0.816 0.951 1.083 1.212 1.339 1.430 1.520 1.607 1.694 1.778 1.855 1.828 1.799 1.769 1.737 1.704 1.660 1.524 1.389 1.256 1.125 0.996 0.871 0.761 0.653 0.548 0.446 0.347 0.263 0.228 0.195 0.163 0.132 0.103 0.078 0.066 0.055 0.044 0.035 0.026 0.019 0.015 0.011 0.007 0.004 0.001 0.000 0.000 0.000 0.000 0.000 0.000 0.000 0.000 0.000 0.000 0.000 0.000 0.000
0.028 0.033 0.037 0.042 0.047 0.063 0.082 0.099 0.116 0.132 0.147 0.203 0.266 0.327 0.387 0.444 0.498 0.613 0.738 0.861 0.980 1.097 1.212 1.299 1.380 1.459 1.536 1.610 1.681 1.655 1.622 1.587 1.552 1.517 1.480 1.354 1.227 1.103 0.980 0.860 0.741 0.643 0.548 0.455 0.365 0.278 0.198 0.169 0.141 0.115 0.090 0.066 0.045 0.037 0.029 0.022 0.017 0.011 0.008 0.005 0.003 0.002 0.001 0.000 0.000 0.000 0.000 0.000 0.000 0.000 0.000 0.000 0.000 0.000 0.000 0.000 0.000
0.045 0.051 0.056 0.062 0.069 0.082 0.097 0.112 0.127 0.140 0.153 0.197 0.253 0.307 0.359 0.409 0.457 0.552 0.666 0.777 0.885 0.990 1.093 1.172 1.242 1.310 1.375 1.438 1.498 1.481 1.444 1.407 1.369 1.330 1.291 1.182 1.064 0.948 0.834 0.722 0.611 0.523 0.440 0.359 0.281 0.206 0.133 0.108 0.086 0.065 0.046 0.028 0.011 0.006 0.002 0.000 0.000 0.000 0.000 0.000 0.000 0.000 0.000 0.000 0.000 0.000 0.000 0.000 0.000 0.000 0.000 0.000 0.000 0.000 0.000 0.000 0.000
0.062 0.069 0.075 0.082 0.089 0.100 0.114 0.126 0.140 0.151 0.159 0.190 0.240 0.288 0.334 0.378 0.421 0.498 0.599 0.698 0.794 0.887 0.977 1.048 1.107 1.164 1.218 1.270 1.319 1.307 1.268 1.227 1.186 1.145 1.103 1.009 0.900 0.792 0.686 0.582 0.480 0.401 0.329 0.260 0.194 0.131 0.071 0.053 0.042 0.031 0.020 0.010 0.001 0.000 0.000 0.000 0.000 0.000 0.000 0.000 0.000 0.000 0.000 0.000 0.000 0.000 0.000 0.000 0.000 0.000 0.000 0.000 0.000 0.000 0.000 0.000 0.000
0.080 0.093 0.106 0.118 0.130 0.141 0.151 0.158 0.163 0.166 0.166 0.184 0.228 0.270 0.310 0.349 0.386 0.447 0.536 0.622 0.706 0.786 0.864 0.927 0.975 1.021 1.064 1.104 1.142 1.135 1.092 1.049 1.005 0.960 0.915 0.834 0.733 0.634 0.542 0.453 0.367 0.303 0.249 0.198 0.150 0.104 0.061 0.042 0.033 0.024 0.016 0.009 0.001 0.000 0.000 0.000 0.000 0.000 0.000 0.000 0.000 0.000 0.000 0.000 0.000 0.000 0.000 0.000 0.000 0.000 0.000 0.000 0.000 0.000 0.000 0.000 0.000
0.140 0.151 0.163 0.173 0.184 0.192 0.193 0.192 0.189 0.183 0.175 0.180 0.217 0.254 0.288 0.321 0.353 0.399 0.475 0.550 0.621 0.689 0.755 0.809 0.846 0.880 0.912 0.942 0.969 0.961 0.915 0.871 0.827 0.784 0.743 0.679 0.594 0.513 0.436 0.361 0.290 0.234 0.192 0.152 0.115 0.080 0.047 0.031 0.024 0.018 0.012 0.006 0.001 0.000 0.000 0.000 0.000 0.000 0.000 0.000 0.000 0.000 0.000 0.000 0.000 0.000 0.000 0.000 0.000 0.000 0.000 0.000 0.000 0.000 0.000 0.000 0.000
0.200 0.210 0.220 0.229 0.238 0.245 0.238 0.228 0.217 0.202 0.186 0.176 0.209 0.239 0.268 0.295 0.321 0.354 0.418 0.480 0.543 0.601 0.656 0.702 0.726 0.746 0.763 0.775 0.784 0.774 0.732 0.692 0.652 0.614 0.576 0.526 0.456 0.389 0.326 0.266 0.209 0.164 0.132 0.103 0.077 0.053 0.031 0.019 0.014 0.010 0.007 0.004 0.001 0.000 0.000 0.000 0.000 0.000 0.000 0.000 0.000 0.000 0.000 0.000 0.000 0.000 0.000 0.000 0.000 0.000 0.000 0.000 0.000 0.000 0.000 0.000 0.000
0.260 0.269 0.277 0.285 0.293 0.300 0.284 0.267 0.247 0.224 0.199 0.175 0.205 0.236 0.265 0.292 0.317 0.343 0.397 0.447 0.493 0.536 0.576 0.608 0.615 0.618 0.617 0.612 0.603 0.586 0.549 0.512 0.477 0.443 0.409 0.370 0.314 0.262 0.213 0.167 0.124 0.090 0.070 0.052 0.036 0.023 0.013 0.007 0.004 0.002 0.001 0.000 0.000 0.000 0.000 0.000 0.000 0.000 0.000 0.000 0.000 0.000 0.000 0.000 0.000 0.000 0.000 0.000 0.000 0.000 0.000 0.000 0.000 0.000 0.000 0.000 0.000
