DATA/SHG/CPC/2018/20180225.asc
ncols        190
nrows        64
xllcorner    -5100000.000000000000
yllcorner    4130000.000000000000
cellsize     10000.000000000000
NODATA_value  -99999.000
[rows 0 to 33 of 64, columns 77 to 153 of 190]
0.310 0.300 0.288 0.275 0.262 0.249 0.235 0.221 0.208 0.195 0.181 0.166 0.151 0.139 0.137 0.135 0.133 0.130 0.128 0.131 0.149 0.168 0.187 0.206 0.225 0.245 0.269 0.294 0.318 0.343 0.368 0.392 0.415 0.439 0.462 0.485 0.508 0.531 0.553 0.575 0.596 0.618 0.639 0.662 0.692 0.722 0.752 0.781 0.811 0.842 0.880 0.917 0.953 0.988 1.021 1.048 1.054 1.059 1.063 1.066 1.068 1.058 1.014 0.970 0.926 0.883 0.841 0.796 0.741 0.686 0.632 0.580 0.529 0.478 0.430 0.383 0.336
0.319 0.310 0.296 0.282 0.268 0.254 0.239 0.224 0.209 0.194 0.178 0.162 0.146 0.130 0.129 0.128 0.126 0.124 0.122 0.122 0.141 0.160 0.179 0.198 0.217 0.236 0.261 0.285 0.310 0.335 0.360 0.384 0.407 0.430 0.453 0.476 0.499 0.521 0.542 0.563 0.584 0.604 0.624 0.646 0.675 0.703 0.732 0.760 0.788 0.817 0.850 0.883 0.914 0.943 0.970 0.992 0.992 0.992 0.991 0.989 0.987 0.979 0.937 0.896 0.856 0.817 0.778 0.738 0.687 0.637 0.588 0.540 0.493 0.447 0.403 0.361 0.319
0.328 0.320 0.305 0.290 0.275 0.259 0.243 0.228 0.213 0.197 0.181 0.164 0.148 0.130 0.128 0.126 0.124 0.121 0.119 0.116 0.134 0.153 0.172 0.190 0.209 0.227 0.252 0.277 0.302 0.327 0.352 0.377 0.399 0.422 0.445 0.467 0.490 0.512 0.532 0.552 0.572 0.591 0.610 0.629 0.656 0.682 0.708 0.733 0.757 0.781 0.807 0.832 0.857 0.880 0.902 0.922 0.920 0.917 0.913 0.909 0.905 0.899 0.860 0.822 0.785 0.749 0.714 0.678 0.632 0.587 0.542 0.499 0.456 0.415 0.376 0.337 0.300
0.338 0.331 0.317 0.302 0.286 0.271 0.255 0.238 0.222 0.205 0.187 0.169 0.151 0.132 0.128 0.125 0.122 0.119 0.115 0.112 0.127 0.146 0.164 0.183 0.201 0.219 0.243 0.268 0.293 0.318 0.343 0.369 0.391 0.414 0.436 0.458 0.478 0.499 0.517 0.535 0.552 0.570 0.587 0.604 0.627 0.650 0.673 0.695 0.717 0.738 0.759 0.780 0.799 0.818 0.835 0.851 0.848 0.843 0.837 0.830 0.823 0.815 0.782 0.748 0.714 0.681 0.649 0.618 0.576 0.535 0.496 0.457 0.419 0.382 0.347 0.313 0.280
0.352 0.346 0.332 0.316 0.300 0.283 0.266 0.249 0.231 0.213 0.194 0.175 0.155 0.135 0.127 0.124 0.120 0.116 0.112 0.108 0.120 0.139 0.157 0.175 0.193 0.211 0.235 0.260 0.285 0.309 0.333 0.357 0.378 0.399 0.419 0.439 0.458 0.478 0.495 0.512 0.529 0.545 0.562 0.578 0.598 0.619 0.639 0.659 0.677 0.696 0.713 0.728 0.743 0.757 0.769 0.780 0.777 0.769 0.760 0.752 0.742 0.732 0.704 0.673 0.642 0.613 0.584 0.556 0.520 0.484 0.449 0.414 0.381 0.348 0.316 0.284 0.253
0.366 0.361 0.348 0.331 0.313 0.296 0.278 0.260 0.241 0.221 0.201 0.180 0.159 0.138 0.127 0.123 0.118 0.115 0.113 0.110 0.121 0.139 0.158 0.176 0.193 0.210 0.231 0.254 0.277 0.300 0.322 0.344 0.364 0.383 0.402 0.420 0.439 0.457 0.474 0.490 0.506 0.522 0.537 0.553 0.570 0.588 0.606 0.622 0.639 0.654 0.667 0.678 0.688 0.697 0.705 0.711 0.706 0.696 0.686 0.676 0.665 0.654 0.631 0.603 0.576 0.549 0.522 0.496 0.465 0.432 0.401 0.371 0.342 0.313 0.284 0.255 0.227
0.380 0.375 0.363 0.346 0.327 0.309 0.290 0.271 0.251 0.230 0.209 0.188 0.167 0.147 0.136 0.134 0.132 0.129 0.127 0.124 0.131 0.147 0.164 0.179 0.195 0.209 0.227 0.249 0.270 0.291 0.311 0.331 0.349 0.367 0.385 0.402 0.419 0.436 0.452 0.468 0.483 0.498 0.513 0.528 0.543 0.558 0.573 0.587 0.600 0.613 0.622 0.628 0.634 0.639 0.643 0.647 0.643 0.631 0.620 0.608 0.596 0.583 0.562 0.536 0.510 0.485 0.460 0.435 0.408 0.380 0.353 0.327 0.302 0.277 0.252 0.225 0.200
0.394 0.390 0.379 0.359 0.338 0.318 0.298 0.279 0.259 0.239 0.219 0.200 0.181 0.162 0.150 0.148 0.145 0.143 0.140 0.138 0.141 0.156 0.170 0.184 0.197 0.209 0.224 0.244 0.263 0.282 0.300 0.318 0.336 0.352 0.369 0.385 0.400 0.416 0.431 0.445 0.459 0.472 0.485 0.498 0.511 0.523 0.534 0.545 0.556 0.566 0.573 0.577 0.580 0.582 0.584 0.585 0.580 0.567 0.554 0.540 0.526 0.512 0.493 0.468 0.444 0.421 0.397 0.374 0.351 0.327 0.304 0.282 0.261 0.241 0.219 0.195 0.172
0.396 0.390 0.381 0.361 0.342 0.322 0.303 0.285 0.266 0.247 0.229 0.211 0.194 0.177 0.164 0.161 0.159 0.157 0.154 0.152 0.153 0.165 0.177 0.188 0.199 0.210 0.222 0.239 0.257 0.274 0.290 0.306 0.321 0.335 0.350 0.364 0.377 0.391 0.404 0.416 0.429 0.441 0.453 0.464 0.475 0.485 0.495 0.504 0.512 0.520 0.525 0.526 0.527 0.526 0.526 0.524 0.518 0.503 0.488 0.473 0.457 0.441 0.423 0.400 0.378 0.356 0.335 0.313 0.293 0.273 0.254 0.237 0.220 0.203 0.185 0.164 0.144
0.394 0.389 0.382 0.363 0.345 0.326 0.308 0.290 0.273 0.255 0.239 0.222 0.206 0.191 0.177 0.175 0.173 0.171 0.168 0.166 0.164 0.174 0.183 0.192 0.201 0.209 0.218 0.233 0.248 0.262 0.276 0.289 0.302 0.315 0.328 0.341 0.353 0.365 0.376 0.388 0.399 0.410 0.420 0.431 0.440 0.448 0.455 0.462 0.469 0.474 0.478 0.477 0.474 0.471 0.468 0.463 0.456 0.440 0.423 0.406 0.389 0.371 0.355 0.336 0.317 0.299 0.280 0.261 0.243 0.227 0.211 0.196 0.181 0.166 0.151 0.132 0.114
0.391 0.387 0.383 0.365 0.347 0.330 0.313 0.296 0.279 0.263 0.248 0.233 0.219 0.204 0.189 0.185 0.181 0.178 0.175 0.172 0.169 0.177 0.185 0.192 0.199 0.206 0.213 0.226 0.238 0.251 0.262 0.273 0.284 0.295 0.307 0.318 0.329 0.339 0.349 0.359 0.369 0.379 0.388 0.397 0.406 0.412 0.417 0.422 0.426 0.430 0.432 0.428 0.422 0.418 0.413 0.408 0.402 0.386 0.371 0.355 0.340 0.324 0.308 0.289 0.270 0.251 0.233 0.214 0.196 0.182 0.168 0.154 0.141 0.129 0.116 0.100 0.085
0.389 0.385 0.382 0.367 0.350 0.333 0.315 0.297 0.279 0.262 0.247 0.232 0.218 0.204 0.191 0.187 0.184 0.182 0.179 0.176 0.174 0.180 0.186 0.192 0.198 0.204 0.209 0.219 0.230 0.240 0.249 0.258 0.266 0.276 0.286 0.296 0.305 0.314 0.322 0.331 0.340 0.349 0.357 0.365 0.372 0.376 0.380 0.383 0.386 0.389 0.392 0.387 0.381 0.376 0.370 0.363 0.357 0.341 0.325 0.309 0.293 0.277 0.260 0.242 0.223 0.204 0.185 0.167 0.148 0.136 0.124 0.113 0.102 0.091 0.081 0.067 0.054
0.380 0.374 0.368 0.352 0.334 0.316 0.299 0.283 0.267 0.253 0.240 0.227 0.215 0.204 0.194 0.189 0.187 0.185 0.183 0.181 0.179 0.183 0.188 0.193 0.198 0.202 0.206 0.214 0.222 0.229 0.236 0.243 0.249 0.257 0.266 0.274 0.282 0.290 0.297 0.305 0.313 0.320 0.327 0.334 0.340 0.343 0.346 0.348 0.350 0.351 0.353 0.347 0.341 0.334 0.326 0.319 0.311 0.296 0.279 0.263 0.246 0.230 0.213 0.195 0.176 0.157 0.138 0.120 0.101 0.090 0.080 0.071 0.062 0.053 0.045 0.034 0.027
0.354 0.348 0.341 0.329 0.313 0.297 0.283 0.268 0.255 0.243 0.232 0.222 0.212 0.203 0.195 0.191 0.189 0.188 0.187 0.185 0.184 0.186 0.190 0.194 0.197 0.200 0.203 0.208 0.215 0.221 0.226 0.232 0.237 0.243 0.250 0.257 0.263 0.269 0.274 0.280 0.286 0.292 0.298 0.303 0.308 0.310 0.312 0.313 0.313 0.314 0.314 0.309 0.301 0.292 0.284 0.275 0.266 0.251 0.234 0.217 0.200 0.183 0.166 0.147 0.129 0.110 0.091 0.076 0.062 0.055 0.051 0.046 0.042 0.037 0.033 0.027 0.021
0.327 0.321 0.315 0.305 0.291 0.278 0.265 0.254 0.242 0.232 0.224 0.216 0.209 0.202 0.196 0.193 0.192 0.190 0.189 0.188 0.187 0.188 0.190 0.193 0.195 0.198 0.200 0.204 0.209 0.214 0.218 0.222 0.226 0.231 0.236 0.240 0.244 0.248 0.251 0.255 0.260 0.264 0.269 0.273 0.276 0.278 0.278 0.278 0.277 0.277 0.276 0.270 0.261 0.251 0.241 0.231 0.221 0.206 0.190 0.174 0.158 0.143 0.128 0.113 0.099 0.085 0.072 0.060 0.048 0.042 0.038 0.035 0.031 0.028 0.024 0.020 0.015
0.301 0.295 0.289 0.280 0.269 0.258 0.248 0.238 0.229 0.221 0.215 0.208 0.202 0.197 0.193 0.189 0.188 0.187 0.187 0.186 0.186 0.187 0.189 0.191 0.193 0.196 0.198 0.200 0.204 0.207 0.210 0.213 0.216 0.218 0.221 0.224 0.226 0.227 0.228 0.231 0.234 0.237 0.240 0.243 0.245 0.245 0.244 0.243 0.242 0.240 0.238 0.232 0.222 0.211 0.201 0.191 0.180 0.167 0.152 0.138 0.124 0.111 0.097 0.085 0.074 0.063 0.053 0.043 0.035 0.029 0.026 0.023 0.020 0.018 0.015 0.012 0.009
0.275 0.268 0.262 0.256 0.246 0.238 0.229 0.221 0.213 0.206 0.201 0.197 0.193 0.189 0.187 0.185 0.184 0.184 0.184 0.185 0.185 0.186 0.188 0.190 0.192 0.193 0.195 0.197 0.199 0.201 0.203 0.204 0.205 0.206 0.207 0.208 0.208 0.207 0.207 0.207 0.209 0.212 0.213 0.215 0.215 0.215 0.213 0.210 0.207 0.204 0.201 0.194 0.183 0.173 0.162 0.151 0.140 0.128 0.115 0.102 0.090 0.078 0.066 0.056 0.048 0.040 0.033 0.026 0.020 0.016 0.014 0.012 0.010 0.008 0.006 0.004 0.003
0.252 0.245 0.239 0.232 0.224 0.217 0.209 0.202 0.196 0.190 0.187 0.184 0.182 0.181 0.180 0.180 0.180 0.181 0.182 0.183 0.184 0.185 0.187 0.188 0.190 0.191 0.192 0.194 0.195 0.195 0.196 0.197 0.197 0.197 0.197 0.197 0.196 0.194 0.192 0.191 0.191 0.191 0.191 0.189 0.188 0.185 0.182 0.178 0.173 0.169 0.164 0.157 0.145 0.134 0.123 0.111 0.100 0.088 0.077 0.066 0.055 0.045 0.035 0.027 0.021 0.016 0.012 0.008 0.005 0.003 0.001 0.000 0.001 0.002 0.004 0.006 0.008
0.230 0.223 0.216 0.209 0.202 0.195 0.189 0.184 0.178 0.173 0.172 0.172 0.172 0.172 0.174 0.175 0.176 0.178 0.179 0.181 0.183 0.185 0.187 0.189 0.191 0.193 0.194 0.196 0.196 0.196 0.196 0.195 0.195 0.193 0.191 0.189 0.186 0.183 0.179 0.176 0.174 0.171 0.168 0.165 0.161 0.156 0.151 0.145 0.140 0.133 0.127 0.119 0.108 0.096 0.084 0.072 0.060 0.048 0.038 0.029 0.020 0.011 0.003 0.000 0.000 0.000 0.000 0.000 0.000 0.000 0.003 0.005 0.008 0.012 0.016 0.019 0.022
0.209 0.201 0.193 0.185 0.179 0.174 0.169 0.165 0.161 0.157 0.157 0.159 0.161 0.163 0.169 0.174 0.178 0.181 0.184 0.188 0.191 0.194 0.196 0.197 0.198 0.199 0.200 0.200 0.199 0.198 0.196 0.194 0.192 0.190 0.186 0.182 0.177 0.172 0.167 0.161 0.157 0.152 0.147 0.141 0.134 0.127 0.121 0.114 0.106 0.099 0.091 0.082 0.070 0.058 0.049 0.040 0.031 0.023 0.019 0.015 0.011 0.007 0.003 0.000 0.000 0.000 0.000 0.000 0.000 0.001 0.005 0.010 0.015 0.020 0.027 0.032 0.035
0.187 0.179 0.170 0.162 0.156 0.152 0.149 0.149 0.149 0.149 0.153 0.158 0.164 0.170 0.176 0.182 0.187 0.190 0.194 0.197 0.201 0.204 0.205 0.206 0.206 0.206 0.205 0.205 0.203 0.200 0.197 0.194 0.190 0.186 0.181 0.175 0.169 0.162 0.155 0.147 0.141 0.133 0.126 0.117 0.109 0.101 0.094 0.088 0.081 0.075 0.068 0.062 0.054 0.046 0.038 0.031 0.024 0.018 0.015 0.011 0.008 0.005 0.002 0.000 0.000 0.000 0.000 0.000 0.000 0.000 0.007 0.014 0.021 0.029 0.037 0.045 0.049
0.171 0.165 0.159 0.152 0.149 0.149 0.150 0.150 0.151 0.152 0.156 0.163 0.169 0.176 0.183 0.191 0.196 0.199 0.203 0.207 0.210 0.214 0.215 0.214 0.213 0.212 0.211 0.210 0.207 0.203 0.198 0.193 0.188 0.183 0.176 0.169 0.164 0.158 0.151 0.143 0.135 0.126 0.118 0.108 0.098 0.087 0.079 0.073 0.066 0.060 0.053 0.046 0.040 0.034 0.028 0.022 0.017 0.013 0.010 0.008 0.005 0.003 0.002 0.000 0.000 0.000 0.000 0.000 0.000 0.000 0.008 0.017 0.027 0.037 0.047 0.058 0.063
0.175 0.168 0.160 0.152 0.148 0.149 0.150 0.151 0.153 0.155 0.159 0.167 0.174 0.182 0.190 0.198 0.205 0.208 0.212 0.216 0.220 0.223 0.224 0.223 0.221 0.219 0.217 0.220 0.222 0.221 0.219 0.216 0.213 0.209 0.203 0.194 0.184 0.174 0.162 0.149 0.137 0.126 0.114 0.101 0.088 0.074 0.064 0.058 0.051 0.044 0.037 0.031 0.025 0.021 0.017 0.013 0.010 0.007 0.005 0.004 0.002 0.001 0.001 0.000 0.000 0.000 0.000 0.000 0.004 0.010 0.023 0.037 0.050 0.062 0.074 0.085 0.090
0.179 0.171 0.162 0.152 0.146 0.148 0.150 0.152 0.155 0.158 0.162 0.170 0.179 0.188 0.197 0.206 0.214 0.218 0.226 0.235 0.245 0.254 0.262 0.265 0.267 0.270 0.272 0.274 0.274 0.269 0.264 0.258 0.251 0.244 0.234 0.220 0.206 0.191 0.174 0.157 0.141 0.126 0.111 0.095 0.078 0.061 0.049 0.043 0.036 0.029 0.022 0.015 0.011 0.008 0.006 0.004 0.002 0.001 0.000 0.002 0.005 0.010 0.015 0.020 0.026 0.032 0.038 0.045 0.052 0.059 0.070 0.080 0.090 0.099 0.107 0.115 0.118
0.184 0.174 0.164 0.153 0.144 0.147 0.150 0.153 0.156 0.160 0.167 0.184 0.200 0.216 0.231 0.245 0.259 0.269 0.279 0.290 0.300 0.311 0.321 0.322 0.324 0.326 0.327 0.328 0.326 0.319 0.310 0.301 0.290 0.279 0.266 0.248 0.229 0.209 0.188 0.165 0.145 0.127 0.109 0.090 0.070 0.049 0.035 0.028 0.021 0.014 0.010 0.006 0.006 0.008 0.010 0.012 0.014 0.016 0.019 0.026 0.033 0.040 0.049 0.059 0.067 0.074 0.082 0.091 0.099 0.108 0.117 0.124 0.130 0.136 0.141 0.145 0.147
0.189 0.178 0.166 0.157 0.157 0.171 0.183 0.196 0.207 0.218 0.229 0.243 0.258 0.271 0.284 0.296 0.308 0.320 0.332 0.343 0.356 0.368 0.380 0.381 0.381 0.382 0.382 0.382 0.380 0.369 0.357 0.344 0.330 0.316 0.299 0.276 0.253 0.228 0.202 0.175 0.150 0.132 0.115 0.098 0.080 0.061 0.046 0.043 0.039 0.035 0.031 0.027 0.024 0.026 0.028 0.030 0.032 0.034 0.039 0.048 0.059 0.070 0.083 0.096 0.107 0.116 0.126 0.136 0.146 0.157 0.165 0.168 0.171 0.174 0.175 0.176 0.176
0.233 0.232 0.233 0.233 0.235 0.246 0.256 0.266 0.275 0.284 0.291 0.304 0.316 0.327 0.338 0.348 0.357 0.371 0.384 0.397 0.411 0.425 0.439 0.439 0.438 0.438 0.437 0.436 0.435 0.420 0.404 0.388 0.373 0.357 0.340 0.316 0.293 0.269 0.245 0.220 0.197 0.177 0.157 0.136 0.115 0.093 0.073 0.069 0.064 0.059 0.053 0.047 0.043 0.045 0.047 0.048 0.050 0.052 0.057 0.070 0.085 0.100 0.115 0.132 0.147 0.158 0.169 0.181 0.193 0.205 0.213 0.214 0.213 0.211 0.203 0.192 0.181
0.300 0.303 0.305 0.309 0.313 0.321 0.330 0.337 0.344 0.350 0.355 0.365 0.374 0.384 0.392 0.400 0.407 0.421 0.435 0.450 0.465 0.480 0.496 0.502 0.506 0.510 0.513 0.515 0.515 0.500 0.482 0.463 0.442 0.420 0.396 0.371 0.347 0.322 0.297 0.271 0.246 0.223 0.200 0.176 0.151 0.125 0.101 0.095 0.089 0.082 0.075 0.068 0.062 0.063 0.065 0.067 0.068 0.070 0.074 0.091 0.109 0.128 0.147 0.168 0.187 0.203 0.218 0.231 0.242 0.252 0.255 0.243 0.228 0.209 0.188 0.164 0.145
0.367 0.372 0.377 0.384 0.391 0.398 0.403 0.408 0.413 0.416 0.419 0.426 0.433 0.440 0.447 0.463 0.479 0.500 0.523 0.546 0.569 0.592 0.614 0.621 0.621 0.620 0.618 0.615 0.611 0.592 0.567 0.541 0.513 0.484 0.453 0.426 0.401 0.375 0.349 0.322 0.296 0.270 0.243 0.216 0.188 0.159 0.129 0.121 0.114 0.106 0.097 0.089 0.080 0.082 0.084 0.086 0.094 0.103 0.114 0.140 0.166 0.192 0.218 0.244 0.268 0.278 0.285 0.291 0.296 0.299 0.296 0.271 0.242 0.211 0.177 0.139 0.108
0.433 0.440 0.449 0.458 0.468 0.474 0.478 0.481 0.492 0.502 0.509 0.521 0.537 0.553 0.569 0.585 0.602 0.623 0.645 0.668 0.690 0.713 0.735 0.741 0.736 0.731 0.725 0.717 0.709 0.685 0.653 0.620 0.586 0.549 0.511 0.482 0.455 0.428 0.401 0.374 0.346 0.317 0.287 0.257 0.225 0.193 0.161 0.152 0.147 0.142 0.137 0.132 0.127 0.135 0.145 0.156 0.168 0.181 0.195 0.221 0.247 0.273 0.299 0.325 0.351 0.353 0.354 0.353 0.351 0.347 0.340 0.301 0.260 0.215 0.168 0.118 0.071
0.499 0.520 0.542 0.565 0.590 0.609 0.617 0.624 0.629 0.632 0.633 0.640 0.656 0.673 0.690 0.708 0.725 0.745 0.767 0.789 0.811 0.833 0.855 0.862 0.853 0.843 0.832 0.820 0.807 0.780 0.741 0.701 0.660 0.616 0.572 0.537 0.509 0.482 0.459 0.433 0.406 0.377 0.347 0.317 0.286 0.255 0.224 0.212 0.206 0.201 0.196 0.191 0.186 0.196 0.210 0.225 0.241 0.258 0.276 0.301 0.327 0.353 0.380 0.406 0.432 0.430 0.424 0.417 0.408 0.397 0.385 0.335 0.280 0.223 0.162 0.099 0.034
0.636 0.661 0.687 0.714 0.743 0.765 0.767 0.768 0.766 0.763 0.758 0.758 0.776 0.794 0.812 0.830 0.848 0.867 0.889 0.911 0.932 0.954 0.975 0.984 0.970 0.956 0.940 0.924 0.908 0.891 0.857 0.820 0.778 0.733 0.685 0.646 0.617 0.587 0.555 0.521 0.485 0.451 0.419 0.387 0.354 0.321 0.287 0.271 0.266 0.261 0.256 0.251 0.246 0.256 0.274 0.293 0.313 0.334 0.356 0.382 0.408 0.434 0.460 0.486 0.512 0.509 0.496 0.482 0.466 0.448 0.427 0.367 0.300 0.233 0.167 0.100 0.033
0.771 0.800 0.831 0.862 0.895 0.924 0.919 0.913 0.905 0.896 0.884 0.877 0.895 0.914 0.932 0.951 0.971 0.990 1.011 1.034 1.071 1.109 1.147 1.174 1.171 1.165 1.157 1.148 1.137 1.113 1.062 1.009 0.951 0.890 0.825 0.770 0.733 0.694 0.653 0.611 0.566 0.525 0.491 0.457 0.422 0.387 0.351 0.330 0.325 0.320 0.315 0.310 0.305 0.315 0.337 0.360 0.384 0.409 0.436 0.462 0.488 0.512 0.534 0.554 0.573 0.563 0.540 0.515 0.490 0.464 0.437 0.380 0.314 0.247 0.179 0.112 0.045
0.905 0.938 0.973 1.009 1.046 1.083 1.073 1.060 1.046 1.030 1.012 0.994 1.022 1.056 1.093 1.133 1.177 1.220 1.258 1.297 1.335 1.375 1.414 1.447 1.435 1.421 1.405 1.387 1.367 1.338 1.271 1.201 1.128 1.050 0.970 0.896 0.850 0.803 0.754 0.702 0.649 0.600 0.564 0.528 0.491 0.453 0.415 0.389 0.384 0.379 0.374 0.369 0.364 0.373 0.399 0.424 0.448 0.473 0.497 0.518 0.537 0.555 0.571 0.587 0.601 0.592 0.565 0.537 0.508 0.479 0.448 0.394 0.327 0.260 0.192 0.125 0.058
