DATA/SHG/CPC/2018/20180529.asc
ncols        190
nrows        64
xllcorner    -5100000.000000000000
yllcorner    4130000.000000000000
cellsize     10000.000000000000
NODATA_value  -99999.000
[rows 0 to 33 of 64, columns 0 to 76 of 190]
0.000 0.000 0.000 0.000 0.000 0.000 0.000 0.000 0.000 0.000 0.000 0.000 0.000 0.000 0.000 0.000 0.000 0.000 0.011 0.028 0.044 0.061 0.078 0.094 0.122 0.155 0.188 0.221 0.255 0.288 0.323 0.358 0.394 0.429 0.464 0.498 0.526 0.551 0.576 0.602 0.628 0.655 0.673 0.684 0.695 0.706 0.717 0.729 0.740 0.752 0.764 0.776 0.789 0.802 0.815 0.829 0.842 0.857 0.871 0.886 0.895 0.895 0.895 0.895 0.895 0.895 0.889 0.875 0.861 0.848 0.835 0.823 0.806 0.778 0.751 0.724 0.698
0.000 0.000 0.000 0.000 0.000 0.000 0.000 0.000 0.000 0.000 0.000 0.000 0.000 0.000 0.000 0.000 0.000 0.000 0.009 0.026 0.043 0.060 0.077 0.095 0.120 0.154 0.187 0.221 0.253 0.286 0.319 0.353 0.386 0.420 0.454 0.487 0.517 0.544 0.571 0.599 0.628 0.657 0.679 0.690 0.702 0.714 0.727 0.739 0.752 0.765 0.778 0.792 0.806 0.820 0.835 0.850 0.865 0.880 0.896 0.910 0.917 0.914 0.911 0.908 0.905 0.903 0.898 0.886 0.874 0.863 0.853 0.843 0.830 0.803 0.777 0.752 0.726
0.000 0.000 0.000 0.000 0.000 0.000 0.000 0.000 0.000 0.000 0.000 0.000 0.000 0.000 0.000 0.000 0.000 0.000 0.007 0.024 0.042 0.059 0.076 0.093 0.115 0.148 0.180 0.212 0.244 0.276 0.309 0.342 0.376 0.409 0.443 0.476 0.508 0.537 0.566 0.596 0.627 0.658 0.684 0.697 0.710 0.723 0.736 0.749 0.763 0.777 0.792 0.807 0.822 0.837 0.851 0.864 0.877 0.889 0.900 0.911 0.919 0.917 0.914 0.912 0.910 0.908 0.906 0.896 0.886 0.878 0.870 0.862 0.853 0.828 0.803 0.779 0.755
0.000 0.000 0.000 0.000 0.000 0.000 0.000 0.000 0.000 0.000 0.000 0.000 0.000 0.000 0.000 0.000 0.000 0.000 0.004 0.021 0.038 0.055 0.072 0.089 0.109 0.141 0.173 0.204 0.236 0.267 0.298 0.332 0.365 0.399 0.432 0.465 0.498 0.529 0.560 0.593 0.625 0.659 0.690 0.703 0.717 0.731 0.745 0.760 0.775 0.790 0.804 0.819 0.834 0.849 0.863 0.874 0.885 0.895 0.904 0.913 0.921 0.919 0.917 0.916 0.915 0.914 0.913 0.905 0.898 0.892 0.886 0.880 0.876 0.853 0.829 0.806 0.783
0.000 0.000 0.000 0.000 0.000 0.000 0.000 0.000 0.000 0.000 0.000 0.000 0.000 0.000 0.000 0.000 0.000 0.000 0.002 0.019 0.035 0.052 0.068 0.085 0.102 0.134 0.165 0.196 0.227 0.257 0.288 0.321 0.355 0.388 0.421 0.454 0.488 0.520 0.553 0.587 0.621 0.657 0.694 0.709 0.723 0.739 0.754 0.770 0.787 0.802 0.816 0.831 0.846 0.860 0.875 0.884 0.893 0.901 0.908 0.915 0.922 0.921 0.920 0.920 0.919 0.919 0.919 0.914 0.909 0.906 0.903 0.901 0.899 0.881 0.860 0.839 0.819
0.000 0.000 0.000 0.000 0.000 0.000 0.000 0.000 0.000 0.000 0.000 0.000 0.000 0.000 0.000 0.000 0.000 0.000 0.000 0.016 0.032 0.049 0.065 0.081 0.097 0.127 0.158 0.188 0.218 0.248 0.278 0.309 0.341 0.373 0.404 0.436 0.467 0.502 0.538 0.576 0.614 0.653 0.694 0.713 0.730 0.746 0.763 0.781 0.799 0.814 0.828 0.843 0.858 0.872 0.887 0.895 0.902 0.908 0.913 0.918 0.922 0.923 0.924 0.927 0.930 0.933 0.936 0.935 0.933 0.930 0.929 0.927 0.925 0.911 0.892 0.873 0.855
0.000 0.000 0.000 0.000 0.000 0.000 0.000 0.000 0.000 0.000 0.000 0.000 0.000 0.000 0.000 0.000 0.000 0.000 0.000 0.013 0.029 0.045 0.061 0.077 0.092 0.117 0.146 0.175 0.203 0.231 0.258 0.289 0.320 0.352 0.383 0.414 0.446 0.483 0.523 0.564 0.606 0.649 0.693 0.718 0.736 0.754 0.772 0.791 0.810 0.826 0.840 0.855 0.869 0.884 0.898 0.907 0.914 0.920 0.927 0.933 0.939 0.943 0.946 0.949 0.952 0.955 0.959 0.959 0.957 0.955 0.954 0.952 0.951 0.940 0.923 0.907 0.891
0.000 0.000 0.000 0.000 0.000 0.000 0.000 0.000 0.000 0.000 0.000 0.000 0.000 0.000 0.000 0.000 0.000 0.000 0.000 0.010 0.025 0.040 0.054 0.067 0.080 0.103 0.130 0.158 0.185 0.212 0.239 0.268 0.299 0.331 0.362 0.393 0.424 0.462 0.506 0.550 0.596 0.643 0.690 0.722 0.741 0.760 0.780 0.800 0.820 0.838 0.852 0.868 0.884 0.900 0.917 0.929 0.935 0.941 0.948 0.954 0.960 0.965 0.968 0.971 0.975 0.978 0.982 0.983 0.981 0.980 0.979 0.978 0.977 0.969 0.954 0.939 0.925
0.000 0.000 0.000 0.000 0.000 0.000 0.000 0.000 0.000 0.000 0.000 0.000 0.000 0.000 0.000 0.000 0.000 0.000 0.000 0.007 0.020 0.033 0.046 0.058 0.069 0.088 0.115 0.142 0.168 0.194 0.219 0.248 0.279 0.310 0.341 0.372 0.403 0.441 0.488 0.536 0.585 0.633 0.680 0.716 0.735 0.755 0.777 0.801 0.825 0.847 0.864 0.881 0.899 0.917 0.935 0.950 0.956 0.962 0.969 0.975 0.981 0.986 0.990 0.993 0.997 1.001 1.004 1.006 1.005 1.004 1.004 1.003 1.002 0.998 0.985 0.973 0.962
0.000 0.000 0.000 0.000 0.000 0.000 0.000 0.000 0.000 0.000 0.000 0.000 0.000 0.000 0.000 0.000 0.000 0.000 0.000 0.004 0.016 0.028 0.038 0.049 0.059 0.074 0.100 0.125 0.151 0.176 0.201 0.227 0.258 0.289 0.318 0.348 0.376 0.411 0.458 0.506 0.555 0.603 0.653 0.695 0.719 0.744 0.771 0.799 0.829 0.857 0.875 0.894 0.913 0.933 0.953 0.971 0.977 0.983 0.990 0.996 1.002 1.008 1.011 1.015 1.019 1.023 1.029 1.034 1.034 1.034 1.033 1.032 1.031 1.028 1.018 1.009 1.000
0.000 0.000 0.000 0.000 0.000 0.000 0.000 0.000 0.000 0.000 0.000 0.000 0.000 0.000 0.000 0.000 0.000 0.000 0.000 0.002 0.013 0.022 0.031 0.040 0.049 0.060 0.085 0.109 0.133 0.156 0.179 0.203 0.232 0.260 0.289 0.317 0.344 0.375 0.424 0.473 0.523 0.573 0.624 0.672 0.701 0.731 0.763 0.797 0.831 0.865 0.885 0.906 0.927 0.949 0.971 0.992 0.998 1.004 1.010 1.015 1.021 1.029 1.034 1.040 1.046 1.053 1.061 1.068 1.067 1.066 1.065 1.063 1.060 1.058 1.050 1.043 1.037
0.000 0.000 0.000 0.000 0.000 0.000 0.000 0.000 0.000 0.000 0.000 0.000 0.000 0.000 0.000 0.000 0.000 0.000 0.000 0.001 0.009 0.017 0.024 0.031 0.038 0.044 0.067 0.090 0.112 0.134 0.156 0.177 0.205 0.232 0.259 0.286 0.312 0.339 0.389 0.440 0.491 0.543 0.595 0.648 0.682 0.717 0.754 0.793 0.832 0.873 0.895 0.915 0.933 0.953 0.973 0.995 1.001 1.008 1.017 1.026 1.037 1.049 1.057 1.065 1.073 1.082 1.092 1.103 1.101 1.099 1.096 1.093 1.090 1.086 1.081 1.077 1.074
0.000 0.000 0.000 0.000 0.000 0.000 0.000 0.000 0.000 0.000 0.000 0.000 0.000 0.000 0.000 0.000 0.000 0.000 0.000 0.000 0.006 0.012 0.017 0.022 0.027 0.030 0.050 0.072 0.093 0.113 0.133 0.153 0.178 0.205 0.230 0.256 0.281 0.305 0.354 0.407 0.459 0.513 0.566 0.620 0.658 0.693 0.729 0.767 0.805 0.845 0.868 0.889 0.912 0.935 0.960 0.986 0.999 1.010 1.023 1.037 1.052 1.068 1.079 1.089 1.100 1.111 1.123 1.135 1.135 1.132 1.128 1.124 1.119 1.115 1.112 1.110 1.122
0.000 0.000 0.000 0.000 0.000 0.000 0.000 0.000 0.000 0.000 0.000 0.000 0.000 0.000 0.000 0.000 0.000 0.000 0.000 0.000 0.004 0.008 0.011 0.014 0.016 0.018 0.034 0.054 0.073 0.092 0.111 0.129 0.152 0.177 0.202 0.226 0.250 0.273 0.317 0.367 0.417 0.465 0.513 0.560 0.600 0.639 0.679 0.721 0.763 0.807 0.837 0.863 0.889 0.917 0.945 0.975 0.995 1.010 1.027 1.046 1.065 1.086 1.101 1.113 1.126 1.139 1.153 1.168 1.170 1.173 1.180 1.190 1.203 1.219 1.238 1.259 1.282
0.000 0.000 0.000 0.000 0.000 0.000 0.000 0.000 0.000 0.000 0.000 0.000 0.000 0.000 0.000 0.000 0.000 0.000 0.000 0.000 0.002 0.004 0.005 0.006 0.006 0.006 0.018 0.036 0.054 0.072 0.089 0.104 0.124 0.147 0.170 0.192 0.215 0.236 0.274 0.321 0.367 0.412 0.456 0.499 0.541 0.584 0.628 0.674 0.721 0.768 0.806 0.835 0.865 0.897 0.930 0.963 0.989 1.010 1.031 1.053 1.077 1.102 1.121 1.137 1.156 1.179 1.205 1.234 1.256 1.270 1.288 1.308 1.331 1.357 1.384 1.411 1.440
0.000 0.000 0.000 0.000 0.000 0.000 0.000 0.000 0.000 0.000 0.000 0.000 0.000 0.000 0.000 0.000 0.000 0.000 0.000 0.000 0.000 0.000 0.000 0.000 0.000 0.000 0.008 0.024 0.040 0.053 0.066 0.077 0.093 0.115 0.137 0.159 0.180 0.201 0.232 0.275 0.318 0.359 0.399 0.439 0.481 0.528 0.576 0.626 0.677 0.729 0.773 0.806 0.840 0.876 0.912 0.944 0.971 0.992 1.015 1.041 1.070 1.102 1.132 1.160 1.191 1.226 1.264 1.305 1.341 1.365 1.393 1.423 1.456 1.492 1.528 1.562 1.597
0.000 0.000 0.000 0.000 0.000 0.000 0.000 0.000 0.000 0.000 0.000 0.000 0.000 0.000 0.000 0.000 0.000 0.000 0.000 0.000 0.000 0.000 0.000 0.000 0.000 0.000 0.004 0.016 0.027 0.036 0.045 0.052 0.063 0.084 0.105 0.125 0.145 0.165 0.191 0.231 0.270 0.308 0.344 0.380 0.419 0.471 0.523 0.576 0.628 0.679 0.724 0.755 0.788 0.821 0.854 0.888 0.921 0.951 0.984 1.019 1.058 1.098 1.140 1.180 1.223 1.269 1.319 1.372 1.422 1.457 1.494 1.535 1.578 1.624 1.671 1.710 1.751
0.000 0.000 0.000 0.000 0.000 0.000 0.000 0.000 0.000 0.000 0.000 0.000 0.000 0.000 0.000 0.000 0.000 0.000 0.000 0.000 0.000 0.000 0.000 0.000 0.000 0.000 0.002 0.009 0.016 0.021 0.025 0.028 0.032 0.053 0.072 0.092 0.111 0.130 0.152 0.188 0.223 0.258 0.292 0.324 0.358 0.409 0.460 0.510 0.560 0.610 0.656 0.690 0.725 0.760 0.795 0.832 0.869 0.908 0.950 0.995 1.042 1.092 1.144 1.196 1.251 1.309 1.371 1.436 1.501 1.546 1.593 1.644 1.698 1.758 1.824 1.879 1.938
0.000 0.000 0.000 0.000 0.000 0.000 0.000 0.000 0.000 0.000 0.000 0.000 0.000 0.000 0.000 0.000 0.000 0.000 0.000 0.000 0.000 0.000 0.000 0.000 0.000 0.000 0.000 0.003 0.006 0.007 0.006 0.005 0.002 0.023 0.045 0.065 0.084 0.102 0.119 0.152 0.184 0.214 0.243 0.270 0.297 0.347 0.396 0.445 0.493 0.541 0.588 0.624 0.661 0.698 0.736 0.775 0.814 0.862 0.914 0.968 1.024 1.084 1.146 1.209 1.276 1.343 1.408 1.477 1.550 1.607 1.671 1.742 1.821 1.908 2.002 2.072 2.146
0.000 0.000 0.000 0.000 0.000 0.000 0.000 0.000 0.000 0.000 0.000 0.000 0.000 0.000 0.000 0.000 0.000 0.000 0.000 0.000 0.000 0.000 0.000 0.000 0.000 0.000 0.000 0.000 0.000 0.000 0.000 0.000 0.000 0.016 0.034 0.050 0.065 0.079 0.092 0.118 0.145 0.171 0.195 0.218 0.240 0.285 0.333 0.380 0.427 0.473 0.519 0.558 0.597 0.636 0.676 0.717 0.758 0.814 0.872 0.927 0.983 1.039 1.096 1.161 1.232 1.308 1.387 1.472 1.560 1.644 1.734 1.832 1.937 2.050 2.170 2.261 2.350
0.000 0.000 0.000 0.000 0.000 0.000 0.000 0.000 0.000 0.000 0.000 0.000 0.000 0.000 0.000 0.000 0.000 0.000 0.000 0.000 0.000 0.000 0.000 0.000 0.000 0.000 0.000 0.000 0.000 0.000 0.000 0.000 0.000 0.011 0.024 0.036 0.047 0.057 0.066 0.086 0.108 0.129 0.149 0.168 0.185 0.224 0.270 0.316 0.361 0.406 0.450 0.491 0.530 0.569 0.607 0.643 0.679 0.730 0.786 0.843 0.900 0.957 1.015 1.091 1.178 1.268 1.363 1.462 1.566 1.675 1.791 1.915 2.046 2.185 2.331 2.446 2.550
0.000 0.000 0.000 0.000 0.000 0.000 0.000 0.000 0.000 0.000 0.000 0.000 0.000 0.000 0.000 0.000 0.000 0.000 0.000 0.000 0.000 0.000 0.000 0.000 0.000 0.000 0.000 0.000 0.000 0.000 0.000 0.000 0.000 0.006 0.016 0.024 0.031 0.037 0.042 0.055 0.073 0.089 0.105 0.119 0.134 0.169 0.215 0.260 0.303 0.344 0.384 0.422 0.458 0.493 0.528 0.562 0.594 0.641 0.699 0.758 0.816 0.875 0.935 1.017 1.119 1.224 1.334 1.449 1.568 1.698 1.841 1.990 2.148 2.313 2.485 2.626 2.735
0.000 0.000 0.000 0.000 0.000 0.000 0.000 0.000 0.000 0.000 0.000 0.000 0.000 0.000 0.000 0.000 0.000 0.000 0.000 0.000 0.000 0.000 0.000 0.000 0.000 0.000 0.000 0.000 0.000 0.000 0.000 0.000 0.000 0.003 0.008 0.012 0.016 0.019 0.023 0.032 0.049 0.065 0.080 0.094 0.107 0.133 0.174 0.213 0.250 0.286 0.320 0.353 0.387 0.419 0.450 0.481 0.510 0.553 0.612 0.672 0.732 0.793 0.854 0.939 1.056 1.177 1.302 1.431 1.565 1.706 1.853 2.003 2.157 2.316 2.477 2.613 2.716
0.000 0.000 0.000 0.000 0.000 0.000 0.000 0.000 0.000 0.000 0.000 0.000 0.000 0.000 0.000 0.000 0.000 0.000 0.000 0.000 0.000 0.000 0.000 0.000 0.000 0.000 0.000 0.000 0.000 0.000 0.000 0.000 0.000 0.001 0.005 0.008 0.011 0.014 0.017 0.023 0.037 0.049 0.061 0.072 0.082 0.099 0.134 0.168 0.199 0.229 0.258 0.286 0.316 0.345 0.374 0.401 0.427 0.464 0.525 0.586 0.648 0.710 0.771 0.849 0.970 1.091 1.210 1.330 1.449 1.580 1.740 1.904 2.072 2.243 2.418 2.576 2.693
0.000 0.000 0.000 0.000 0.000 0.000 0.000 0.000 0.000 0.000 0.000 0.000 0.000 0.000 0.000 0.000 0.000 0.000 0.000 0.000 0.000 0.000 0.000 0.000 0.000 0.000 0.000 0.000 0.000 0.000 0.000 0.000 0.000 0.000 0.003 0.006 0.008 0.010 0.011 0.014 0.025 0.034 0.043 0.050 0.057 0.067 0.097 0.124 0.150 0.174 0.197 0.220 0.247 0.273 0.298 0.324 0.351 0.383 0.444 0.503 0.560 0.615 0.668 0.732 0.851 0.970 1.088 1.206 1.323 1.451 1.624 1.801 1.982 2.167 2.356 2.535 2.666
0.000 0.000 0.000 0.000 0.000 0.000 0.000 0.000 0.000 0.000 0.000 0.000 0.000 0.000 0.000 0.000 0.000 0.000 0.000 0.000 0.000 0.000 0.000 0.000 0.000 0.000 0.000 0.000 0.000 0.000 0.000 0.000 0.000 0.000 0.002 0.003 0.005 0.006 0.006 0.007 0.014 0.020 0.026 0.030 0.034 0.037 0.060 0.082 0.105 0.127 0.148 0.168 0.195 0.221 0.246 0.270 0.293 0.317 0.371 0.423 0.473 0.521 0.567 0.615 0.733 0.850 0.967 1.083 1.199 1.318 1.504 1.695 1.889 2.087 2.289 2.491 2.635
0.000 0.000 0.000 0.000 0.000 0.000 0.000 0.000 0.000 0.000 0.000 0.000 0.000 0.000 0.000 0.000 0.000 0.000 0.000 0.000 0.000 0.000 0.000 0.000 0.000 0.000 0.000 0.000 0.000 0.000 0.000 0.000 0.000 0.000 0.001 0.001 0.002 0.002 0.001 0.001 0.004 0.009 0.013 0.016 0.020 0.023 0.043 0.063 0.082 0.100 0.116 0.131 0.153 0.176 0.197 0.217 0.237 0.255 0.299 0.344 0.388 0.429 0.468 0.506 0.615 0.730 0.846 0.960 1.074 1.188 1.381 1.585 1.793 1.999 2.197 2.391 2.526
0.000 0.000 0.000 0.000 0.000 0.000 0.000 0.000 0.000 0.000 0.000 0.000 0.000 0.000 0.000 0.000 0.000 0.000 0.000 0.000 0.000 0.000 0.000 0.000 0.000 0.000 0.000 0.000 0.000 0.000 0.000 0.000 0.000 0.000 0.000 0.000 0.000 0.000 0.000 0.000 0.003 0.006 0.009 0.012 0.015 0.017 0.030 0.046 0.060 0.073 0.085 0.096 0.113 0.131 0.149 0.166 0.181 0.196 0.230 0.268 0.305 0.339 0.371 0.402 0.498 0.612 0.726 0.840 0.951 1.060 1.239 1.435 1.629 1.820 2.009 2.195 2.333
0.000 0.000 0.000 0.000 0.000 0.000 0.000 0.000 0.000 0.000 0.000 0.000 0.000 0.000 0.000 0.000 0.000 0.000 0.000 0.000 0.000 0.000 0.000 0.000 0.000 0.000 0.000 0.000 0.000 0.000 0.000 0.000 0.000 0.000 0.000 0.000 0.000 0.000 0.000 0.000 0.002 0.004 0.006 0.008 0.009 0.011 0.019 0.030 0.040 0.048 0.055 0.061 0.073 0.088 0.102 0.115 0.127 0.138 0.162 0.196 0.231 0.264 0.295 0.326 0.408 0.518 0.626 0.730 0.832 0.931 1.089 1.276 1.461 1.644 1.824 2.001 2.142
0.000 0.000 0.000 0.000 0.000 0.000 0.000 0.000 0.000 0.000 0.000 0.000 0.000 0.000 0.000 0.000 0.000 0.000 0.000 0.000 0.001 0.000 0.000 0.000 0.000 0.000 0.000 0.000 0.000 0.000 0.000 0.000 0.000 0.000 0.000 0.000 0.000 0.000 0.000 0.000 0.001 0.002 0.003 0.004 0.005 0.005 0.009 0.015 0.020 0.024 0.027 0.029 0.037 0.053 0.067 0.080 0.092 0.103 0.124 0.155 0.184 0.213 0.239 0.265 0.329 0.430 0.527 0.623 0.715 0.805 0.941 1.120 1.296 1.470 1.641 1.810 1.952
0.000 0.000 0.000 0.000 0.000 0.000 0.000 0.000 0.000 0.000 0.000 0.000 0.001 0.003 0.005 0.007 0.009 0.009 0.009 0.007 0.005 0.003 0.000 0.000 0.000 0.000 0.000 0.000 0.000 0.000 0.000 0.000 0.000 0.000 0.000 0.000 0.000 0.000 0.000 0.000 0.000 0.001 0.001 0.001 0.000 0.000 0.002 0.006 0.010 0.014 0.018 0.021 0.027 0.039 0.049 0.059 0.067 0.074 0.088 0.114 0.139 0.163 0.185 0.206 0.253 0.344 0.432 0.518 0.601 0.681 0.795 0.966 1.134 1.299 1.461 1.622 1.763
0.000 0.000 0.000 0.000 0.000 0.001 0.002 0.004 0.006 0.008 0.011 0.013 0.015 0.017 0.020 0.023 0.025 0.022 0.019 0.015 0.011 0.005 0.000 0.000 0.000 0.000 0.000 0.000 0.000 0.000 0.000 0.000 0.000 0.000 0.000 0.000 0.000 0.000 0.000 0.000 0.000 0.000 0.000 0.000 0.000 0.000 0.001 0.004 0.007 0.010 0.013 0.015 0.018 0.026 0.033 0.038 0.043 0.047 0.054 0.075 0.095 0.114 0.132 0.148 0.179 0.261 0.340 0.416 0.489 0.560 0.655 0.823 0.985 1.142 1.293 1.440 1.569
0.002 0.003 0.004 0.005 0.006 0.008 0.011 0.014 0.017 0.020 0.024 0.026 0.029 0.032 0.035 0.038 0.041 0.036 0.030 0.024 0.017 0.009 0.000 0.000 0.000 0.000 0.000 0.000 0.000 0.000 0.000 0.000 0.000 0.000 0.000 0.000 0.000 0.000 0.000 0.000 0.000 0.000 0.000 0.000 0.000 0.000 0.000 0.003 0.005 0.006 0.008 0.009 0.010 0.014 0.017 0.019 0.020 0.020 0.021 0.038 0.053 0.067 0.080 0.093 0.114 0.193 0.270 0.345 0.419 0.492 0.573 0.722 0.865 1.004 1.136 1.264 1.380
0.009 0.010 0.011 0.012 0.013 0.016 0.019 0.023 0.027 0.032 0.037 0.040 0.043 0.046 0.049 0.053 0.056 0.051 0.042 0.033 0.024 0.013 0.002 0.000 0.000 0.000 0.000 0.000 0.000 0.000 0.000 0.000 0.000 0.000 0.000 0.000 0.000 0.000 0.000 0.000 0.000 0.000 0.000 0.000 0.000 0.000 0.000 0.001 0.002 0.003 0.003 0.003 0.003 0.004 0.003 0.001 0.000 0.000 0.000 0.016 0.031 0.045 0.058 0.070 0.081 0.153 0.225 0.295 0.364 0.431 0.497 0.627 0.751 0.871 0.985 1.093 1.196
