DATA/SHG/CPC/2018/20180626.asc
ncols        190
nrows        64
xllcorner    -5100000.000000000000
yllcorner    4130000.000000000000
cellsize     10000.000000000000
NODATA_value  -99999.000
[rows 0 to 32 of 64, columns 75 to 149 of 190]
5.748 5.523 5.301 5.044 4.709 4.369 4.024 3.673 3.318 2.973 2.659 2.338 2.011 1.677 1.336 1.043 0.911 0.778 0.645 0.513 0.381 0.274 0.253 0.233 0.220 0.208 0.196 0.189 0.199 0.208 0.218 0.227 0.236 0.245 0.252 0.259 0.266 0.273 0.279 0.285 0.289 0.293 0.297 0.301 0.305 0.310 0.318 0.327 0.336 0.345 0.354 0.366 0.383 0.400 0.417 0.434 0.452 0.471 0.495 0.520 0.546 0.573 0.601 0.641 0.714 0.787 0.860 0.932 1.004 1.103 1.275 1.442 1.605 1.764 1.917
5.938 5.723 5.510 5.273 4.921 4.563 4.200 3.833 3.460 3.090 2.752 2.408 2.058 1.701 1.337 0.996 0.879 0.759 0.637 0.511 0.381 0.262 0.250 0.239 0.227 0.216 0.206 0.197 0.206 0.215 0.224 0.233 0.242 0.250 0.256 0.262 0.268 0.273 0.279 0.284 0.288 0.291 0.295 0.299 0.303 0.307 0.317 0.327 0.337 0.348 0.358 0.370 0.388 0.406 0.424 0.443 0.462 0.482 0.509 0.538 0.567 0.596 0.627 0.663 0.735 0.807 0.879 0.950 1.021 1.105 1.256 1.404 1.546 1.684 1.818
6.125 5.920 5.718 5.507 5.137 4.761 4.381 3.996 3.609 3.242 2.906 2.559 2.203 1.837 1.461 1.076 0.948 0.819 0.686 0.550 0.410 0.268 0.255 0.245 0.235 0.225 0.215 0.206 0.214 0.223 0.231 0.239 0.247 0.255 0.260 0.265 0.270 0.274 0.278 0.283 0.286 0.290 0.293 0.297 0.301 0.304 0.316 0.328 0.340 0.352 0.364 0.377 0.396 0.415 0.434 0.453 0.473 0.492 0.523 0.554 0.586 0.618 0.651 0.686 0.757 0.828 0.898 0.968 1.038 1.111 1.242 1.369 1.492 1.609 1.723
6.310 6.117 5.938 5.762 5.408 5.040 4.673 4.304 3.936 3.567 3.196 2.815 2.425 2.024 1.614 1.195 1.020 0.880 0.738 0.591 0.442 0.290 0.259 0.250 0.241 0.233 0.225 0.217 0.222 0.230 0.238 0.245 0.252 0.260 0.264 0.268 0.272 0.276 0.280 0.284 0.289 0.293 0.297 0.302 0.306 0.310 0.321 0.334 0.347 0.359 0.372 0.385 0.404 0.424 0.443 0.463 0.483 0.504 0.536 0.570 0.604 0.639 0.675 0.711 0.778 0.848 0.917 0.987 1.055 1.124 1.233 1.339 1.442 1.539 1.632
6.570 6.399 6.232 6.069 5.741 5.372 5.003 4.633 4.263 3.893 3.494 3.079 2.655 2.220 1.776 1.322 1.094 0.945 0.792 0.635 0.475 0.313 0.263 0.256 0.248 0.241 0.234 0.227 0.235 0.246 0.255 0.264 0.270 0.275 0.279 0.283 0.286 0.289 0.291 0.293 0.296 0.300 0.304 0.308 0.312 0.316 0.327 0.340 0.353 0.367 0.380 0.393 0.412 0.432 0.453 0.473 0.494 0.515 0.548 0.585 0.622 0.660 0.698 0.737 0.800 0.869 0.937 1.005 1.070 1.128 1.207 1.288 1.366 1.442 1.515
6.835 6.677 6.523 6.372 6.074 5.704 5.333 4.962 4.590 4.218 3.801 3.352 2.893 2.425 1.946 1.458 1.171 1.011 0.849 0.699 0.547 0.390 0.329 0.329 0.326 0.319 0.309 0.295 0.292 0.297 0.299 0.300 0.300 0.298 0.298 0.300 0.301 0.302 0.302 0.302 0.304 0.308 0.312 0.315 0.319 0.323 0.333 0.346 0.360 0.374 0.388 0.402 0.420 0.441 0.462 0.483 0.505 0.526 0.559 0.598 0.634 0.669 0.703 0.736 0.787 0.845 0.901 0.955 1.008 1.060 1.126 1.195 1.262 1.325 1.387
7.097 6.952 6.810 6.671 6.407 6.035 5.663 5.290 4.917 4.544 4.117 3.634 3.149 2.666 2.186 1.708 1.395 1.246 1.092 0.929 0.757 0.580 0.481 0.466 0.447 0.424 0.398 0.369 0.352 0.349 0.345 0.339 0.332 0.323 0.318 0.317 0.317 0.315 0.313 0.311 0.312 0.315 0.319 0.322 0.326 0.329 0.338 0.352 0.366 0.381 0.395 0.408 0.426 0.446 0.467 0.487 0.508 0.528 0.556 0.589 0.620 0.651 0.680 0.709 0.751 0.802 0.852 0.901 0.948 0.994 1.047 1.105 1.160 1.212 1.262
7.355 7.222 7.093 6.967 6.740 6.344 5.954 5.571 5.195 4.825 4.416 3.937 3.461 2.986 2.515 2.045 1.688 1.520 1.346 1.163 0.972 0.776 0.637 0.606 0.571 0.533 0.491 0.446 0.413 0.403 0.392 0.379 0.365 0.349 0.338 0.335 0.333 0.329 0.325 0.321 0.320 0.323 0.325 0.327 0.330 0.334 0.342 0.355 0.369 0.382 0.395 0.409 0.425 0.446 0.466 0.487 0.507 0.528 0.553 0.581 0.608 0.634 0.659 0.682 0.717 0.762 0.806 0.848 0.889 0.929 0.972 1.017 1.061 1.101 1.139
7.505 7.357 7.215 7.080 6.880 6.507 6.141 5.781 5.429 5.083 4.709 4.239 3.770 3.304 2.841 2.380 1.986 1.798 1.605 1.403 1.191 0.976 0.797 0.750 0.700 0.646 0.588 0.527 0.475 0.459 0.441 0.421 0.398 0.372 0.351 0.344 0.338 0.331 0.325 0.319 0.315 0.319 0.323 0.327 0.331 0.336 0.344 0.357 0.370 0.383 0.396 0.409 0.424 0.445 0.466 0.487 0.507 0.528 0.550 0.574 0.596 0.617 0.638 0.657 0.683 0.722 0.760 0.796 0.831 0.865 0.899 0.933 0.964 0.996 1.028
7.517 7.391 7.271 7.158 7.012 6.663 6.321 5.985 5.657 5.335 5.000 4.537 4.077 3.620 3.164 2.712 2.288 2.081 1.869 1.647 1.416 1.180 0.961 0.893 0.819 0.742 0.663 0.582 0.506 0.480 0.453 0.426 0.398 0.369 0.343 0.337 0.331 0.325 0.319 0.314 0.310 0.315 0.320 0.326 0.332 0.338 0.346 0.359 0.372 0.384 0.397 0.410 0.424 0.445 0.465 0.486 0.507 0.528 0.549 0.568 0.585 0.602 0.618 0.633 0.652 0.687 0.721 0.754 0.787 0.819 0.850 0.878 0.905 0.929 0.952
7.523 7.419 7.321 7.230 7.139 6.813 6.495 6.183 5.878 5.580 5.288 4.834 4.382 3.933 3.486 3.022 2.548 2.292 2.042 1.791 1.541 1.292 1.044 0.960 0.875 0.789 0.700 0.609 0.517 0.488 0.458 0.428 0.398 0.366 0.335 0.330 0.324 0.319 0.314 0.308 0.304 0.310 0.317 0.325 0.332 0.340 0.348 0.361 0.373 0.386 0.398 0.410 0.423 0.444 0.465 0.486 0.506 0.525 0.544 0.558 0.573 0.587 0.601 0.614 0.630 0.662 0.693 0.724 0.754 0.783 0.810 0.830 0.848 0.864 0.877
7.524 7.441 7.366 7.296 7.233 6.957 6.662 6.374 6.055 5.718 5.388 4.918 4.437 3.968 3.511 3.065 2.631 2.359 2.115 1.870 1.626 1.382 1.141 1.028 0.934 0.838 0.739 0.639 0.536 0.496 0.464 0.432 0.398 0.365 0.330 0.323 0.317 0.313 0.308 0.303 0.299 0.306 0.314 0.323 0.332 0.341 0.351 0.363 0.376 0.388 0.400 0.413 0.425 0.444 0.463 0.481 0.499 0.516 0.533 0.546 0.559 0.572 0.584 0.596 0.608 0.637 0.666 0.694 0.721 0.747 0.773 0.784 0.793 0.800 0.805
7.518 7.421 7.307 7.191 7.073 6.785 6.452 6.126 5.809 5.499 5.197 4.786 4.347 3.918 3.502 3.097 2.704 2.425 2.186 1.947 1.709 1.472 1.236 1.099 0.995 0.889 0.781 0.671 0.558 0.506 0.471 0.436 0.400 0.364 0.327 0.315 0.311 0.305 0.301 0.297 0.293 0.300 0.310 0.321 0.332 0.343 0.355 0.367 0.380 0.392 0.404 0.416 0.429 0.445 0.462 0.478 0.493 0.508 0.522 0.534 0.546 0.557 0.568 0.578 0.589 0.613 0.639 0.664 0.689 0.713 0.736 0.739 0.740 0.739 0.735
7.175 7.057 6.937 6.815 6.691 6.448 6.142 5.845 5.555 5.273 5.000 4.645 4.246 3.858 3.483 3.119 2.767 2.489 2.256 2.023 1.791 1.559 1.329 1.172 1.059 0.943 0.825 0.705 0.577 0.506 0.465 0.426 0.387 0.350 0.313 0.298 0.295 0.292 0.289 0.287 0.286 0.294 0.306 0.318 0.331 0.344 0.358 0.371 0.383 0.396 0.408 0.420 0.432 0.447 0.461 0.474 0.488 0.500 0.512 0.523 0.533 0.543 0.552 0.561 0.570 0.590 0.613 0.636 0.658 0.685 0.711 0.721 0.730 0.742 0.757
6.819 6.695 6.569 6.441 6.311 6.104 5.826 5.556 5.294 5.041 4.795 4.493 4.135 3.788 3.453 3.130 2.818 2.551 2.324 2.069 1.819 1.576 1.339 1.158 1.030 0.905 0.782 0.662 0.544 0.469 0.433 0.397 0.362 0.329 0.295 0.280 0.279 0.278 0.277 0.278 0.278 0.287 0.301 0.315 0.330 0.345 0.361 0.375 0.387 0.399 0.412 0.424 0.436 0.448 0.460 0.472 0.483 0.493 0.503 0.512 0.525 0.538 0.552 0.568 0.584 0.608 0.634 0.659 0.683 0.707 0.729 0.749 0.770 0.794 0.820
6.466 6.335 6.203 6.069 5.933 5.752 5.502 5.261 5.027 4.801 4.583 4.331 3.959 3.601 3.260 2.934 2.625 2.346 2.105 1.875 1.655 1.443 1.237 1.067 0.950 0.836 0.724 0.615 0.508 0.432 0.399 0.367 0.336 0.306 0.277 0.261 0.262 0.263 0.265 0.267 0.270 0.279 0.295 0.311 0.328 0.346 0.363 0.379 0.391 0.403 0.415 0.429 0.442 0.455 0.467 0.479 0.492 0.504 0.517 0.531 0.548 0.565 0.584 0.603 0.623 0.645 0.668 0.689 0.709 0.729 0.748 0.774 0.807 0.842 0.881
6.114 5.978 5.839 5.699 5.554 5.331 5.050 4.776 4.511 4.254 4.005 3.743 3.426 3.124 2.839 2.569 2.316 2.082 1.872 1.673 1.484 1.302 1.128 0.974 0.868 0.765 0.664 0.566 0.470 0.394 0.365 0.337 0.310 0.283 0.258 0.241 0.244 0.248 0.252 0.256 0.261 0.271 0.291 0.310 0.330 0.350 0.370 0.388 0.401 0.415 0.428 0.442 0.456 0.469 0.481 0.494 0.507 0.520 0.533 0.550 0.570 0.592 0.614 0.638 0.662 0.684 0.702 0.720 0.737 0.752 0.767 0.796 0.841 0.888 0.938
5.558 5.355 5.153 4.951 4.750 4.543 4.290 4.045 3.808 3.580 3.359 3.140 2.878 2.633 2.404 2.191 1.993 1.811 1.631 1.463 1.305 1.155 1.011 0.878 0.783 0.691 0.601 0.514 0.429 0.355 0.330 0.305 0.282 0.263 0.244 0.230 0.238 0.245 0.253 0.260 0.268 0.279 0.299 0.319 0.340 0.360 0.381 0.400 0.413 0.427 0.441 0.455 0.469 0.483 0.496 0.509 0.523 0.536 0.550 0.567 0.592 0.617 0.644 0.671 0.699 0.723 0.738 0.752 0.765 0.777 0.788 0.816 0.872 0.934 1.048
4.747 4.546 4.346 4.146 3.947 3.749 3.525 3.308 3.099 2.899 2.706 2.522 2.317 2.128 1.955 1.798 1.657 1.532 1.384 1.246 1.119 0.999 0.886 0.781 0.703 0.628 0.554 0.481 0.410 0.343 0.324 0.306 0.287 0.269 0.252 0.236 0.244 0.252 0.260 0.268 0.276 0.286 0.307 0.328 0.349 0.370 0.391 0.411 0.425 0.439 0.454 0.468 0.482 0.496 0.510 0.524 0.538 0.552 0.566 0.584 0.612 0.642 0.672 0.703 0.736 0.773 0.803 0.842 0.890 0.947 1.013 1.103 1.244 1.396 1.559
3.936 3.737 3.539 3.342 3.145 2.948 2.752 2.564 2.384 2.211 2.047 1.891 1.742 1.609 1.492 1.396 1.337 1.283 1.188 1.090 0.998 0.910 0.826 0.745 0.674 0.606 0.539 0.474 0.410 0.348 0.326 0.309 0.292 0.275 0.259 0.243 0.250 0.258 0.267 0.276 0.284 0.293 0.315 0.336 0.358 0.379 0.401 0.423 0.437 0.452 0.466 0.481 0.495 0.510 0.524 0.538 0.554 0.570 0.588 0.610 0.650 0.692 0.737 0.785 0.836 0.891 0.961 1.039 1.127 1.224 1.330 1.455 1.645 1.846 2.058
3.125 2.929 2.733 2.538 2.343 2.149 1.974 1.814 1.676 1.591 1.510 1.432 1.367 1.311 1.259 1.213 1.170 1.133 1.062 0.981 0.907 0.836 0.769 0.706 0.643 0.582 0.522 0.464 0.408 0.353 0.329 0.312 0.297 0.281 0.266 0.251 0.256 0.265 0.274 0.283 0.292 0.302 0.322 0.344 0.366 0.389 0.411 0.433 0.447 0.460 0.474 0.487 0.501 0.514 0.533 0.553 0.574 0.597 0.621 0.647 0.699 0.753 0.811 0.871 0.933 1.000 1.109 1.228 1.355 1.492 1.637 1.796 2.035 2.285 2.546
2.316 2.143 2.014 1.888 1.763 1.641 1.542 1.463 1.387 1.315 1.246 1.181 1.130 1.091 1.056 1.025 1.000 0.979 0.931 0.868 0.811 0.757 0.707 0.661 0.611 0.557 0.504 0.453 0.404 0.356 0.330 0.316 0.301 0.287 0.273 0.259 0.261 0.271 0.284 0.296 0.308 0.319 0.338 0.359 0.379 0.399 0.417 0.435 0.449 0.463 0.476 0.489 0.503 0.516 0.539 0.566 0.593 0.622 0.653 0.685 0.745 0.812 0.881 0.953 1.028 1.106 1.249 1.407 1.574 1.750 1.935 2.129 2.414 2.713 3.023
1.918 1.794 1.672 1.552 1.434 1.318 1.224 1.158 1.095 1.035 0.980 0.928 0.889 0.866 0.848 0.834 0.825 0.821 0.797 0.751 0.711 0.674 0.642 0.613 0.576 0.529 0.484 0.440 0.398 0.365 0.345 0.336 0.327 0.317 0.307 0.297 0.298 0.309 0.319 0.329 0.338 0.346 0.360 0.377 0.394 0.409 0.424 0.438 0.451 0.465 0.478 0.492 0.505 0.519 0.545 0.577 0.611 0.646 0.683 0.721 0.788 0.867 0.948 1.033 1.120 1.209 1.379 1.577 1.784 2.000 2.310 2.656 3.065 3.477 3.879
1.561 1.444 1.329 1.215 1.104 0.994 0.903 0.850 0.800 0.753 0.710 0.672 0.644 0.638 0.636 0.639 0.646 0.659 0.658 0.630 0.630 0.630 0.629 0.627 0.613 0.579 0.544 0.508 0.470 0.431 0.403 0.392 0.381 0.369 0.356 0.343 0.340 0.348 0.355 0.362 0.368 0.374 0.383 0.397 0.409 0.421 0.432 0.441 0.453 0.467 0.480 0.494 0.507 0.521 0.549 0.587 0.627 0.669 0.711 0.756 0.829 0.967 1.144 1.348 1.577 1.833 2.154 2.502 2.859 3.224 3.596 3.978 4.357 4.726 5.085
1.203 1.093 0.984 0.877 0.772 0.669 0.579 0.539 0.501 0.468 0.438 0.412 0.407 0.466 0.525 0.582 0.638 0.693 0.737 0.737 0.734 0.731 0.727 0.723 0.709 0.670 0.629 0.587 0.543 0.498 0.462 0.449 0.435 0.421 0.406 0.391 0.382 0.387 0.392 0.396 0.399 0.402 0.407 0.417 0.426 0.433 0.440 0.446 0.455 0.469 0.482 0.496 0.512 0.530 0.572 0.649 0.742 0.848 0.970 1.107 1.307 1.574 1.867 2.186 2.532 2.903 3.286 3.670 4.063 4.464 4.873 5.290 5.657 5.982 6.298
0.844 0.740 0.638 0.538 0.439 0.362 0.335 0.367 0.400 0.432 0.465 0.497 0.532 0.588 0.643 0.696 0.749 0.800 0.847 0.844 0.838 0.832 0.826 0.819 0.806 0.761 0.715 0.667 0.618 0.567 0.522 0.506 0.490 0.473 0.456 0.438 0.425 0.427 0.429 0.430 0.431 0.431 0.433 0.438 0.443 0.447 0.451 0.454 0.462 0.481 0.501 0.522 0.545 0.569 0.633 0.776 0.934 1.106 1.293 1.495 1.771 2.154 2.563 2.997 3.458 3.945 4.409 4.829 5.258 5.694 6.139 6.592 6.964 7.246 7.519
0.616 0.583 0.550 0.522 0.498 0.478 0.463 0.493 0.526 0.559 0.592 0.626 0.660 0.711 0.762 0.812 0.860 0.908 0.955 0.951 0.943 0.935 0.925 0.915 0.905 0.854 0.802 0.748 0.693 0.637 0.582 0.564 0.545 0.526 0.509 0.490 0.470 0.470 0.469 0.467 0.464 0.459 0.456 0.459 0.461 0.463 0.465 0.466 0.471 0.496 0.521 0.548 0.577 0.606 0.680 0.888 1.111 1.348 1.601 1.868 2.209 2.707 3.231 3.781 4.357 4.960 5.522 5.978 6.443 6.915 7.396 7.884 8.279 8.518 8.748
0.648 0.636 0.618 0.605 0.596 0.591 0.590 0.618 0.651 0.685 0.720 0.754 0.788 0.834 0.881 0.927 0.973 1.016 1.059 1.059 1.049 1.037 1.025 1.013 0.999 0.958 0.912 0.862 0.808 0.750 0.687 0.663 0.640 0.615 0.587 0.556 0.523 0.518 0.512 0.505 0.497 0.489 0.479 0.480 0.480 0.480 0.479 0.478 0.479 0.509 0.540 0.573 0.607 0.642 0.710 0.984 1.272 1.575 1.893 2.225 2.619 3.232 3.872 4.537 5.229 5.947 6.649 7.215 7.746 8.242 8.701 9.126 9.450 9.596 9.726
0.676 0.685 0.682 0.683 0.689 0.699 0.714 0.742 0.777 0.812 0.846 0.882 0.917 0.958 1.002 1.044 1.086 1.156 1.225 1.252 1.255 1.255 1.252 1.246 1.237 1.188 1.123 1.054 0.981 0.903 0.821 0.779 0.745 0.708 0.668 0.625 0.580 0.566 0.556 0.544 0.532 0.519 0.504 0.502 0.500 0.497 0.494 0.490 0.486 0.521 0.558 0.596 0.636 0.677 0.726 1.065 1.418 1.808 2.323 2.884 3.505 4.355 5.214 6.081 6.956 7.840 8.671 9.081 9.454 9.792 10.095 10.362 10.569 10.641 10.696
0.702 0.729 0.741 0.758 0.779 0.804 0.833 0.867 0.902 0.939 1.002 1.067 1.133 1.202 1.272 1.341 1.409 1.476 1.543 1.567 1.556 1.542 1.526 1.506 1.482 1.423 1.339 1.251 1.158 1.062 0.961 0.898 0.852 0.803 0.751 0.697 0.641 0.615 0.600 0.585 0.568 0.550 0.531 0.524 0.520 0.515 0.509 0.504 0.499 0.557 0.641 0.746 0.870 1.014 1.179 1.722 2.346 3.015 3.729 4.487 5.290 6.175 7.071 7.976 8.888 9.810 10.727 10.979 11.195 11.376 11.522 11.632 11.702 11.700 11.681
0.725 0.770 0.800 0.854 0.913 0.978 1.049 1.119 1.185 1.252 1.321 1.391 1.463 1.534 1.601 1.667 1.732 1.797 1.861 1.885 1.861 1.833 1.802 1.768 1.731 1.662 1.559 1.452 1.340 1.224 1.104 1.019 0.961 0.901 0.838 0.772 0.704 0.666 0.646 0.627 0.612 0.592 0.566 0.559 0.566 0.576 0.590 0.608 0.629 0.749 0.922 1.114 1.327 1.560 1.812 2.486 3.308 4.175 5.087 6.043 7.044 7.984 8.918 9.859 10.810 11.768 12.735 12.910 12.970 12.993 12.982 12.935 12.852 12.775 12.682
0.851 0.934 1.002 1.075 1.154 1.239 1.330 1.418 1.489 1.562 1.637 1.713 1.791 1.866 1.930 1.993 2.056 2.118 2.179 2.207 2.168 2.127 2.082 2.034 1.983 1.905 1.783 1.657 1.526 1.392 1.255 1.167 1.117 1.061 1.001 0.936 0.866 0.817 0.788 0.755 0.715 0.670 0.619 0.606 0.629 0.655 0.684 0.718 0.754 0.920 1.181 1.462 1.763 2.083 2.424 3.203 4.223 5.287 6.397 7.551 8.750 9.782 10.753 11.732 12.720 13.716 14.720 14.875 14.777 14.644 14.475 14.271 14.043 13.893 13.746
1.012 1.109 1.197 1.290 1.390 1.495 1.606 1.715 1.792 1.871 1.951 2.033 2.116 2.198 2.259 2.320 2.380 2.439 2.497 2.531 2.479 2.424 2.374 2.319 2.258 2.179 2.058 1.939 1.821 1.704 1.588 1.488 1.415 1.338 1.256 1.169 1.078 0.999 0.946 0.888 0.824 0.754 0.678 0.649 0.688 0.729 0.775 0.824 0.876 1.071 1.420 1.788 2.177 2.586 3.014 3.872 5.090 6.352 7.659 9.011 10.407 11.569 12.577 13.674 14.895 16.134 17.392 17.687 17.446 17.108 16.672 16.138 15.506 15.174 14.952
