DATA/SHG/CPC/2018/20180504.asc
ncols        190
nrows        64
xllcorner    -5100000.000000000000
yllcorner    4130000.000000000000
cellsize     10000.000000000000
NODATA_value  -99999.000
[rows 0 to 33 of 64, columns 75 to 149 of 190]
1.876 1.963 2.050 2.153 2.296 2.442 2.590 2.742 2.896 3.045 3.176 3.311 3.449 3.591 3.736 3.862 3.919 3.976 4.034 4.093 4.151 4.192 4.169 4.147 4.120 4.091 4.062 4.018 3.927 3.836 3.746 3.657 3.568 3.490 3.446 3.401 3.357 3.312 3.268 3.237 3.248 3.259 3.270 3.282 3.294 3.318 3.380 3.442 3.506 3.571 3.636 3.711 3.811 3.908 4.004 4.099 4.191 4.258 4.254 4.250 4.244 4.237 4.230 4.187 4.052 3.922 3.793 3.665 3.540 3.389 3.164 2.941 2.721 2.503 2.288
1.737 1.822 1.906 2.002 2.155 2.311 2.469 2.630 2.794 2.957 3.100 3.247 3.398 3.551 3.709 3.856 3.910 3.963 4.017 4.071 4.126 4.172 4.143 4.113 4.082 4.051 4.019 3.981 3.892 3.805 3.717 3.631 3.544 3.464 3.419 3.375 3.330 3.286 3.241 3.203 3.215 3.228 3.240 3.253 3.266 3.286 3.352 3.419 3.487 3.556 3.625 3.699 3.791 3.881 3.969 4.054 4.137 4.206 4.200 4.195 4.191 4.189 4.188 4.170 4.045 3.923 3.802 3.683 3.566 3.435 3.220 3.008 2.798 2.590 2.385
1.599 1.681 1.762 1.849 2.011 2.177 2.345 2.516 2.689 2.858 3.006 3.160 3.317 3.478 3.643 3.813 3.867 3.921 3.975 4.030 4.085 4.141 4.111 4.078 4.045 4.012 3.978 3.943 3.858 3.773 3.688 3.604 3.520 3.437 3.393 3.348 3.303 3.259 3.214 3.170 3.183 3.196 3.210 3.224 3.238 3.253 3.321 3.390 3.459 3.528 3.597 3.667 3.749 3.830 3.910 3.988 4.065 4.139 4.139 4.140 4.142 4.146 4.151 4.153 4.036 3.922 3.809 3.698 3.589 3.478 3.274 3.072 2.872 2.675 2.480
1.461 1.541 1.619 1.694 1.855 2.024 2.194 2.365 2.537 2.710 2.874 3.042 3.213 3.389 3.569 3.753 3.824 3.879 3.933 3.988 4.045 4.101 4.080 4.045 4.009 3.973 3.937 3.900 3.823 3.740 3.658 3.576 3.496 3.415 3.366 3.322 3.277 3.224 3.172 3.122 3.126 3.138 3.152 3.168 3.187 3.207 3.272 3.341 3.412 3.482 3.553 3.624 3.700 3.776 3.850 3.923 3.995 4.065 4.076 4.083 4.092 4.101 4.112 4.125 4.026 3.919 3.815 3.712 3.611 3.512 3.325 3.133 2.944 2.758 2.573
1.333 1.404 1.471 1.536 1.687 1.859 2.033 2.208 2.383 2.560 2.738 2.920 3.106 3.296 3.491 3.689 3.781 3.836 3.891 3.947 4.004 4.061 4.049 4.012 3.974 3.935 3.896 3.857 3.773 3.675 3.579 3.483 3.389 3.295 3.234 3.186 3.141 3.099 3.060 3.025 3.032 3.053 3.077 3.102 3.130 3.159 3.221 3.293 3.364 3.436 3.509 3.582 3.653 3.723 3.792 3.859 3.925 3.991 4.013 4.026 4.040 4.056 4.073 4.091 4.013 3.915 3.819 3.724 3.636 3.563 3.420 3.267 3.123 2.986 2.857
1.208 1.269 1.327 1.382 1.517 1.694 1.871 2.050 2.229 2.410 2.599 2.795 2.996 3.200 3.409 3.622 3.739 3.794 3.849 3.891 3.931 3.971 3.952 3.894 3.836 3.777 3.717 3.657 3.576 3.482 3.390 3.299 3.208 3.118 3.063 3.029 2.998 2.970 2.945 2.924 2.936 2.966 2.999 3.034 3.070 3.109 3.171 3.244 3.317 3.390 3.464 3.538 3.607 3.671 3.735 3.797 3.858 3.917 3.948 3.966 3.982 4.001 4.021 4.043 3.997 3.928 3.867 3.816 3.772 3.738 3.641 3.523 3.413 3.311 3.216
1.086 1.137 1.185 1.230 1.347 1.527 1.709 1.891 2.074 2.259 2.456 2.667 2.871 3.073 3.272 3.468 3.584 3.618 3.652 3.690 3.731 3.772 3.764 3.704 3.643 3.581 3.518 3.455 3.378 3.289 3.201 3.113 3.027 2.941 2.889 2.869 2.852 2.838 2.827 2.820 2.838 2.877 2.919 2.963 3.009 3.057 3.120 3.194 3.269 3.344 3.412 3.469 3.521 3.571 3.625 3.682 3.743 3.808 3.849 3.872 3.896 3.923 3.951 3.981 3.971 3.941 3.919 3.905 3.900 3.904 3.854 3.771 3.695 3.628 3.568
0.967 1.008 1.046 1.081 1.176 1.368 1.556 1.740 1.921 2.097 2.281 2.479 2.675 2.868 3.059 3.248 3.380 3.414 3.450 3.489 3.531 3.573 3.578 3.514 3.450 3.385 3.320 3.253 3.179 3.094 3.010 2.927 2.845 2.763 2.711 2.705 2.702 2.703 2.706 2.713 2.737 2.776 2.802 2.831 2.862 2.895 2.940 2.998 3.058 3.120 3.185 3.252 3.319 3.385 3.455 3.529 3.606 3.687 3.746 3.777 3.809 3.843 3.879 3.916 3.937 3.945 3.961 3.986 4.020 4.062 4.059 4.010 3.969 3.936 3.911
0.878 0.921 0.962 1.001 1.080 1.259 1.434 1.605 1.772 1.935 2.103 2.293 2.481 2.666 2.849 3.030 3.175 3.211 3.247 3.287 3.331 3.375 3.393 3.326 3.259 3.191 3.122 3.053 2.980 2.899 2.819 2.740 2.652 2.554 2.478 2.463 2.448 2.436 2.424 2.415 2.419 2.454 2.491 2.531 2.573 2.618 2.671 2.739 2.809 2.882 2.956 3.034 3.113 3.196 3.282 3.372 3.466 3.563 3.641 3.680 3.720 3.762 3.805 3.851 3.895 3.941 3.995 4.058 4.130 4.210 4.256 4.242 4.236 4.226 4.218
0.825 0.863 0.899 0.934 0.988 1.153 1.315 1.472 1.626 1.776 1.927 2.109 2.289 2.466 2.641 2.814 2.970 3.007 3.045 3.086 3.131 3.176 3.209 3.130 3.041 2.951 2.859 2.765 2.670 2.572 2.474 2.377 2.281 2.186 2.103 2.095 2.088 2.082 2.078 2.076 2.083 2.129 2.177 2.228 2.282 2.338 2.399 2.478 2.558 2.641 2.726 2.813 2.904 3.003 3.105 3.212 3.322 3.435 3.535 3.581 3.629 3.679 3.730 3.783 3.845 3.929 4.021 4.118 4.223 4.334 4.417 4.412 4.408 4.407 4.409
0.773 0.806 0.837 0.867 0.899 1.051 1.199 1.344 1.484 1.621 1.754 1.928 2.100 2.269 2.436 2.596 2.746 2.772 2.792 2.813 2.836 2.857 2.875 2.782 2.686 2.589 2.490 2.389 2.287 2.192 2.097 2.003 1.910 1.817 1.727 1.726 1.726 1.728 1.731 1.736 1.745 1.802 1.862 1.924 1.988 2.056 2.126 2.215 2.305 2.398 2.493 2.590 2.691 2.806 2.925 3.041 3.159 3.280 3.394 3.448 3.508 3.572 3.643 3.718 3.803 3.917 4.038 4.166 4.301 4.442 4.566 4.570 4.577 4.586 4.597
0.723 0.751 0.777 0.802 0.826 0.952 1.087 1.219 1.347 1.473 1.593 1.747 1.901 2.048 2.189 2.324 2.452 2.479 2.487 2.497 2.509 2.517 2.524 2.437 2.334 2.230 2.124 2.016 1.907 1.812 1.720 1.629 1.538 1.448 1.358 1.356 1.363 1.372 1.382 1.395 1.408 1.473 1.544 1.617 1.693 1.771 1.852 1.949 2.046 2.143 2.240 2.337 2.435 2.556 2.680 2.807 2.937 3.070 3.204 3.282 3.366 3.454 3.548 3.648 3.754 3.898 4.049 4.207 4.372 4.543 4.712 4.726 4.743 4.762 4.783
0.673 0.698 0.724 0.749 0.773 0.876 0.999 1.117 1.230 1.339 1.442 1.570 1.701 1.826 1.945 2.057 2.163 2.190 2.187 2.184 2.184 2.181 2.176 2.094 1.984 1.872 1.760 1.645 1.529 1.433 1.343 1.254 1.166 1.079 0.992 0.984 0.999 1.031 1.064 1.096 1.127 1.200 1.281 1.360 1.437 1.513 1.586 1.680 1.777 1.874 1.972 2.069 2.167 2.296 2.432 2.571 2.713 2.857 3.004 3.111 3.218 3.331 3.449 3.573 3.701 3.873 4.054 4.241 4.436 4.637 4.845 4.880 4.907 4.936 4.967
0.640 0.664 0.688 0.712 0.735 0.813 0.919 1.020 1.117 1.209 1.296 1.399 1.508 1.611 1.707 1.797 1.881 1.904 1.889 1.875 1.863 1.849 1.831 1.753 1.636 1.518 1.398 1.276 1.171 1.091 1.026 0.962 0.899 0.837 0.777 0.778 0.809 0.838 0.866 0.892 0.918 0.977 1.050 1.121 1.190 1.257 1.322 1.411 1.508 1.606 1.704 1.802 1.900 2.034 2.182 2.332 2.486 2.642 2.800 2.934 3.066 3.202 3.344 3.492 3.645 3.840 4.051 4.269 4.493 4.723 4.953 5.033 5.098 5.180 5.278
0.607 0.630 0.653 0.675 0.697 0.754 0.844 0.929 1.009 1.084 1.155 1.234 1.321 1.401 1.475 1.543 1.604 1.622 1.595 1.577 1.562 1.546 1.530 1.470 1.367 1.265 1.165 1.067 0.971 0.894 0.834 0.775 0.718 0.662 0.608 0.598 0.623 0.646 0.669 0.690 0.710 0.756 0.821 0.884 0.945 1.004 1.061 1.142 1.240 1.338 1.436 1.534 1.633 1.769 1.929 2.091 2.256 2.424 2.595 2.753 2.915 3.085 3.263 3.450 3.645 3.866 4.096 4.327 4.559 4.791 5.023 5.177 5.315 5.469 5.639
0.575 0.597 0.618 0.639 0.659 0.700 0.773 0.841 0.905 0.964 1.018 1.075 1.139 1.199 1.257 1.311 1.361 1.385 1.361 1.339 1.321 1.301 1.281 1.232 1.136 1.042 0.949 0.858 0.769 0.694 0.640 0.588 0.536 0.486 0.437 0.418 0.438 0.456 0.473 0.489 0.504 0.538 0.594 0.649 0.702 0.753 0.801 0.874 0.972 1.071 1.170 1.280 1.388 1.532 1.709 1.887 2.065 2.243 2.422 2.609 2.808 3.015 3.231 3.455 3.687 3.922 4.155 4.389 4.623 4.858 5.093 5.305 5.515 5.741 5.984
0.543 0.564 0.583 0.603 0.621 0.642 0.692 0.740 0.784 0.826 0.864 0.905 0.957 1.006 1.052 1.095 1.134 1.157 1.129 1.104 1.081 1.057 1.033 0.992 0.904 0.817 0.732 0.648 0.566 0.494 0.446 0.399 0.353 0.309 0.265 0.241 0.255 0.268 0.280 0.290 0.300 0.323 0.389 0.452 0.513 0.571 0.628 0.703 0.810 0.916 1.020 1.122 1.222 1.354 1.533 1.713 1.893 2.073 2.254 2.457 2.693 2.937 3.190 3.451 3.720 3.977 4.213 4.449 4.686 4.924 5.162 5.417 5.699 5.997 6.312
0.495 0.506 0.516 0.524 0.531 0.540 0.581 0.618 0.652 0.683 0.711 0.738 0.779 0.817 0.851 0.883 0.910 0.930 0.898 0.869 0.842 0.815 0.786 0.751 0.670 0.590 0.512 0.436 0.362 0.293 0.250 0.209 0.170 0.148 0.127 0.116 0.142 0.167 0.191 0.215 0.237 0.266 0.322 0.375 0.426 0.475 0.521 0.580 0.680 0.777 0.873 0.967 1.059 1.175 1.356 1.538 1.720 1.902 2.085 2.296 2.569 2.851 3.140 3.439 3.745 4.031 4.270 4.509 4.749 4.990 5.231 5.512 5.867 6.246 6.863
0.427 0.433 0.438 0.441 0.442 0.443 0.472 0.498 0.522 0.543 0.560 0.575 0.604 0.631 0.654 0.673 0.690 0.703 0.669 0.636 0.605 0.574 0.541 0.510 0.454 0.400 0.347 0.296 0.247 0.200 0.180 0.160 0.141 0.123 0.105 0.091 0.113 0.134 0.154 0.174 0.192 0.212 0.258 0.301 0.342 0.381 0.417 0.460 0.551 0.640 0.728 0.813 0.897 0.997 1.180 1.363 1.547 1.732 1.916 2.127 2.437 2.756 3.083 3.418 3.762 4.099 4.400 4.745 5.134 5.569 6.048 6.628 7.411 8.261 9.180
0.361 0.361 0.361 0.359 0.355 0.350 0.365 0.382 0.395 0.405 0.413 0.417 0.432 0.447 0.459 0.470 0.493 0.514 0.501 0.484 0.468 0.452 0.436 0.421 0.377 0.330 0.285 0.242 0.200 0.161 0.142 0.126 0.110 0.096 0.082 0.070 0.086 0.103 0.119 0.134 0.148 0.161 0.196 0.229 0.260 0.289 0.316 0.342 0.424 0.505 0.585 0.662 0.737 0.818 1.003 1.188 1.380 1.572 1.764 1.972 2.328 2.693 3.067 3.450 3.843 4.254 4.753 5.296 5.884 6.517 7.194 7.969 9.054 10.207 11.428
0.295 0.291 0.285 0.278 0.270 0.259 0.262 0.268 0.273 0.284 0.294 0.303 0.323 0.345 0.365 0.385 0.402 0.419 0.410 0.393 0.377 0.362 0.346 0.331 0.297 0.258 0.221 0.186 0.152 0.120 0.103 0.091 0.079 0.068 0.058 0.049 0.059 0.072 0.084 0.095 0.105 0.114 0.137 0.160 0.181 0.200 0.217 0.239 0.315 0.394 0.472 0.547 0.620 0.691 0.876 1.069 1.261 1.454 1.647 1.840 2.234 2.640 3.056 3.481 3.915 4.364 5.061 5.802 6.588 7.419 8.294 9.240 10.627 12.082 13.605
0.232 0.224 0.219 0.213 0.207 0.199 0.202 0.212 0.221 0.228 0.235 0.241 0.254 0.271 0.287 0.301 0.314 0.325 0.318 0.302 0.287 0.271 0.257 0.242 0.216 0.185 0.155 0.128 0.102 0.078 0.064 0.055 0.047 0.040 0.034 0.028 0.034 0.042 0.052 0.062 0.072 0.081 0.100 0.121 0.142 0.161 0.180 0.198 0.258 0.328 0.396 0.461 0.525 0.586 0.756 0.949 1.142 1.336 1.529 1.723 2.130 2.578 3.035 3.502 3.977 4.462 5.324 6.263 7.247 8.275 9.348 10.466 12.131 13.888 15.713
0.202 0.195 0.187 0.179 0.169 0.159 0.157 0.163 0.169 0.174 0.177 0.180 0.187 0.199 0.210 0.219 0.226 0.232 0.227 0.211 0.196 0.181 0.167 0.152 0.133 0.109 0.088 0.068 0.050 0.037 0.031 0.028 0.026 0.024 0.022 0.020 0.024 0.033 0.042 0.050 0.058 0.066 0.080 0.097 0.114 0.129 0.144 0.157 0.203 0.264 0.322 0.378 0.432 0.483 0.636 0.830 1.024 1.218 1.412 1.606 2.018 2.507 3.005 3.513 4.030 4.557 5.541 6.678 7.860 9.086 10.549 12.127 14.228 16.440 18.673
0.176 0.166 0.156 0.145 0.133 0.120 0.112 0.116 0.118 0.120 0.120 0.120 0.122 0.129 0.134 0.138 0.140 0.141 0.135 0.120 0.113 0.107 0.100 0.093 0.085 0.073 0.061 0.050 0.040 0.030 0.024 0.022 0.020 0.018 0.016 0.015 0.017 0.025 0.032 0.039 0.045 0.051 0.061 0.074 0.087 0.098 0.109 0.118 0.151 0.202 0.250 0.297 0.341 0.383 0.516 0.710 0.905 1.099 1.294 1.489 1.895 2.504 3.194 3.945 4.756 5.628 6.982 8.586 10.248 11.969 13.748 15.587 17.767 20.077 22.409
0.151 0.138 0.125 0.111 0.097 0.081 0.069 0.069 0.068 0.067 0.064 0.061 0.060 0.070 0.079 0.088 0.096 0.103 0.107 0.100 0.093 0.086 0.079 0.072 0.065 0.055 0.046 0.038 0.030 0.022 0.017 0.015 0.014 0.012 0.011 0.010 0.011 0.017 0.022 0.027 0.032 0.037 0.043 0.052 0.061 0.068 0.074 0.080 0.101 0.142 0.181 0.218 0.261 0.307 0.443 0.687 0.947 1.225 1.520 1.831 2.435 3.333 4.292 5.311 6.390 7.530 9.080 10.943 12.865 14.846 16.885 18.983 21.279 23.688 26.118
0.127 0.111 0.096 0.079 0.062 0.045 0.032 0.035 0.038 0.042 0.045 0.049 0.053 0.061 0.068 0.074 0.080 0.084 0.088 0.080 0.073 0.066 0.059 0.051 0.044 0.037 0.030 0.024 0.019 0.014 0.010 0.009 0.007 0.006 0.005 0.004 0.005 0.009 0.013 0.016 0.020 0.023 0.026 0.033 0.041 0.049 0.057 0.064 0.084 0.131 0.178 0.226 0.274 0.323 0.468 0.787 1.123 1.476 1.846 2.232 2.934 4.100 5.327 6.614 7.962 9.370 11.115 13.239 15.420 17.661 19.960 22.317 24.764 27.271 29.800
0.118 0.105 0.092 0.077 0.061 0.044 0.026 0.028 0.031 0.035 0.039 0.043 0.047 0.052 0.057 0.061 0.064 0.066 0.068 0.061 0.053 0.046 0.038 0.030 0.023 0.018 0.014 0.010 0.007 0.005 0.003 0.002 0.001 0.000 0.001 0.001 0.000 0.005 0.009 0.014 0.019 0.024 0.030 0.038 0.046 0.053 0.061 0.069 0.085 0.134 0.184 0.235 0.287 0.339 0.475 0.869 1.280 1.708 2.153 2.615 3.371 4.805 6.299 7.854 9.469 11.145 13.089 15.472 17.914 20.413 22.972 25.589 28.223 30.828 33.455
0.139 0.122 0.105 0.086 0.066 0.044 0.022 0.020 0.024 0.028 0.033 0.037 0.041 0.045 0.047 0.048 0.049 0.049 0.048 0.041 0.034 0.026 0.018 0.010 0.001 0.006 0.013 0.018 0.021 0.022 0.020 0.020 0.018 0.015 0.011 0.006 0.000 0.005 0.011 0.016 0.022 0.029 0.035 0.043 0.050 0.058 0.066 0.073 0.085 0.137 0.190 0.244 0.298 0.353 0.465 0.934 1.420 1.924 2.444 2.981 3.745 5.446 7.209 9.031 10.914 12.858 14.997 17.554 20.069 22.542 24.972 27.360 29.646 31.733 33.761
0.163 0.141 0.119 0.095 0.071 0.045 0.019 0.013 0.017 0.022 0.026 0.031 0.036 0.037 0.037 0.036 0.034 0.046 0.058 0.065 0.069 0.073 0.078 0.083 0.088 0.089 0.087 0.082 0.075 0.066 0.054 0.047 0.041 0.033 0.023 0.013 0.002 0.005 0.012 0.019 0.025 0.033 0.040 0.047 0.055 0.063 0.070 0.078 0.085 0.139 0.195 0.252 0.309 0.367 0.437 0.981 1.543 2.137 2.826 3.552 4.406 6.400 8.412 10.444 12.496 14.566 16.695 19.065 21.394 23.680 25.924 28.125 30.233 32.059 33.827
0.188 0.160 0.134 0.106 0.078 0.048 0.017 0.005 0.010 0.016 0.037 0.055 0.072 0.085 0.097 0.108 0.120 0.131 0.142 0.150 0.155 0.160 0.166 0.172 0.179 0.174 0.162 0.148 0.131 0.112 0.091 0.076 0.064 0.051 0.037 0.021 0.005 0.005 0.013 0.020 0.028 0.036 0.044 0.052 0.060 0.067 0.075 0.082 0.091 0.163 0.256 0.364 0.487 0.624 0.775 1.464 2.241 3.054 3.903 4.788 5.709 7.746 9.845 11.963 14.100 16.256 18.432 20.616 22.758 24.858 26.915 28.930 30.876 32.443 33.950
0.215 0.180 0.154 0.147 0.137 0.122 0.104 0.099 0.116 0.131 0.144 0.155 0.163 0.172 0.183 0.194 0.205 0.215 0.226 0.234 0.240 0.247 0.254 0.261 0.269 0.262 0.240 0.216 0.189 0.160 0.130 0.106 0.089 0.071 0.051 0.030 0.009 0.005 0.013 0.024 0.043 0.059 0.072 0.088 0.109 0.133 0.158 0.186 0.216 0.331 0.488 0.660 0.847 1.048 1.263 2.025 2.962 3.934 4.942 5.986 7.066 9.072 11.256 13.459 15.682 17.924 20.186 22.207 24.163 26.076 27.947 29.775 31.562 32.883 34.130
0.394 0.377 0.360 0.340 0.315 0.287 0.255 0.232 0.242 0.249 0.254 0.256 0.257 0.259 0.269 0.280 0.290 0.300 0.310 0.318 0.326 0.333 0.341 0.350 0.358 0.352 0.320 0.286 0.250 0.211 0.174 0.171 0.173 0.169 0.159 0.143 0.121 0.114 0.126 0.135 0.141 0.144 0.144 0.160 0.191 0.224 0.260 0.298 0.338 0.483 0.705 0.941 1.191 1.456 1.735 2.549 3.644 4.775 5.942 7.145 8.384 10.375 12.645 14.934 17.243 19.571 21.918 23.838 25.607 27.334 29.019 30.661 32.132 32.995 33.748
0.628 0.601 0.570 0.536 0.498 0.455 0.409 0.367 0.369 0.368 0.365 0.360 0.352 0.346 0.356 0.366 0.375 0.384 0.394 0.402 0.410 0.420 0.437 0.457 0.480 0.495 0.483 0.475 0.471 0.472 0.477 0.476 0.451 0.420 0.382 0.338 0.288 0.255 0.254 0.250 0.243 0.233 0.220 0.229 0.270 0.313 0.359 0.407 0.457 0.621 0.906 1.206 1.520 1.849 2.192 3.035 4.289 5.579 6.904 8.266 9.663 11.657 14.012 16.350 18.622 20.867 23.083 24.720 26.032 27.268 28.427 29.509 30.515 31.219 31.802
0.864 0.828 0.784 0.735 0.683 0.627 0.567 0.505 0.498 0.489 0.478 0.465 0.450 0.433 0.439 0.447 0.459 0.474 0.493 0.514 0.538 0.565 0.595 0.627 0.663 0.696 0.703 0.715 0.731 0.751 0.775 0.789 0.736 0.677 0.612 0.540 0.463 0.398 0.384 0.367 0.347 0.324 0.299 0.295 0.347 0.400 0.456 0.514 0.574 0.743 1.092 1.455 1.833 2.226 2.642 3.512 4.925 6.357 7.808 9.277 10.765 12.636 14.841 17.019 19.169 21.291 23.386 24.866 25.841 26.739 27.561 28.306 28.975 29.483 29.897
