DATA/SHG/CPC/2018/20180607.asc
ncols        190
nrows        64
xllcorner    -5100000.000000000000
yllcorner    4130000.000000000000
cellsize     10000.000000000000
NODATA_value  -99999.000
[rows 0 to 33 of 64, columns 76 to 151 of 190]
0.000 0.000 0.000 0.000 0.000 0.000 0.000 0.000 0.000 0.000 0.000 0.000 0.000 0.000 0.001 0.004 0.008 0.012 0.017 0.021 0.027 0.037 0.047 0.059 0.073 0.087 0.101 0.109 0.118 0.127 0.136 0.146 0.152 0.145 0.136 0.127 0.117 0.106 0.096 0.092 0.087 0.082 0.077 0.071 0.070 0.083 0.097 0.111 0.126 0.141 0.159 0.184 0.210 0.237 0.265 0.294 0.329 0.380 0.432 0.486 0.541 0.599 0.684 0.853 1.026 1.198 1.367 1.535 1.744 2.067 2.382 2.688 2.985 3.274 3.535 3.733
0.000 0.000 0.000 0.000 0.000 0.000 0.000 0.000 0.000 0.000 0.000 0.000 0.000 0.000 0.001 0.007 0.013 0.020 0.027 0.034 0.041 0.057 0.073 0.090 0.108 0.127 0.146 0.156 0.167 0.178 0.189 0.201 0.211 0.200 0.188 0.175 0.161 0.147 0.133 0.127 0.121 0.115 0.108 0.101 0.096 0.112 0.127 0.143 0.160 0.177 0.196 0.225 0.255 0.287 0.330 0.381 0.436 0.510 0.585 0.661 0.737 0.815 0.906 1.073 1.238 1.401 1.561 1.720 1.898 2.183 2.459 2.727 2.985 3.236 3.465 3.619
0.000 0.000 0.000 0.000 0.000 0.000 0.000 0.000 0.002 0.004 0.005 0.007 0.009 0.011 0.013 0.020 0.028 0.035 0.043 0.050 0.058 0.077 0.098 0.120 0.142 0.166 0.191 0.203 0.215 0.228 0.242 0.256 0.270 0.255 0.240 0.224 0.207 0.189 0.171 0.163 0.156 0.148 0.140 0.131 0.123 0.153 0.190 0.227 0.264 0.301 0.338 0.389 0.441 0.493 0.546 0.599 0.653 0.731 0.810 0.890 0.970 1.051 1.136 1.295 1.451 1.605 1.757 1.907 2.060 2.307 2.544 2.774 2.994 3.206 3.405 3.515
0.000 0.000 0.000 0.001 0.002 0.004 0.007 0.010 0.013 0.015 0.017 0.020 0.022 0.024 0.026 0.034 0.042 0.050 0.058 0.066 0.074 0.096 0.122 0.148 0.175 0.204 0.233 0.249 0.263 0.278 0.294 0.309 0.325 0.312 0.293 0.273 0.270 0.273 0.275 0.287 0.298 0.308 0.317 0.324 0.330 0.363 0.400 0.436 0.473 0.509 0.545 0.597 0.651 0.705 0.760 0.816 0.872 0.952 1.034 1.118 1.202 1.287 1.373 1.518 1.665 1.811 1.954 2.096 2.235 2.439 2.638 2.829 3.011 3.185 3.350 3.420
0.002 0.001 0.000 0.002 0.006 0.009 0.014 0.019 0.024 0.027 0.029 0.032 0.034 0.037 0.040 0.047 0.055 0.064 0.073 0.082 0.091 0.115 0.144 0.175 0.207 0.240 0.274 0.309 0.346 0.385 0.426 0.469 0.514 0.527 0.529 0.530 0.531 0.531 0.531 0.536 0.540 0.544 0.546 0.546 0.545 0.573 0.609 0.645 0.681 0.717 0.752 0.804 0.860 0.917 0.974 1.032 1.090 1.171 1.257 1.344 1.432 1.521 1.611 1.742 1.881 2.018 2.153 2.284 2.409 2.568 2.729 2.885 3.035 3.179 3.318 3.390
0.004 0.003 0.001 0.003 0.008 0.014 0.020 0.027 0.034 0.039 0.041 0.044 0.047 0.050 0.053 0.059 0.069 0.078 0.096 0.117 0.140 0.179 0.231 0.287 0.345 0.407 0.473 0.526 0.571 0.619 0.669 0.721 0.775 0.795 0.794 0.793 0.792 0.790 0.787 0.786 0.784 0.781 0.776 0.770 0.762 0.782 0.818 0.853 0.889 0.924 0.959 1.010 1.068 1.127 1.187 1.247 1.308 1.389 1.482 1.578 1.669 1.753 1.832 1.943 2.067 2.188 2.307 2.424 2.538 2.671 2.807 2.938 3.063 3.182 3.296 3.366
0.007 0.004 0.001 0.004 0.011 0.018 0.026 0.035 0.044 0.050 0.053 0.062 0.072 0.084 0.097 0.116 0.141 0.169 0.198 0.227 0.258 0.305 0.372 0.442 0.515 0.592 0.671 0.739 0.794 0.851 0.910 0.970 1.033 1.063 1.061 1.057 1.053 1.049 1.044 1.037 1.029 1.019 1.007 0.994 0.980 0.992 1.027 1.062 1.097 1.143 1.206 1.280 1.361 1.437 1.510 1.579 1.644 1.717 1.793 1.864 1.928 1.987 2.040 2.128 2.241 2.352 2.460 2.566 2.669 2.779 2.891 2.996 3.096 3.190 3.279 3.343
0.010 0.006 0.002 0.004 0.017 0.030 0.045 0.060 0.076 0.091 0.103 0.117 0.132 0.149 0.167 0.190 0.224 0.260 0.297 0.334 0.373 0.428 0.509 0.593 0.681 0.772 0.866 0.950 1.014 1.080 1.148 1.218 1.289 1.332 1.327 1.321 1.315 1.308 1.300 1.290 1.287 1.302 1.319 1.338 1.359 1.399 1.460 1.519 1.575 1.628 1.678 1.734 1.797 1.856 1.912 1.963 2.010 2.059 2.110 2.155 2.194 2.227 2.254 2.316 2.418 2.518 2.615 2.710 2.803 2.893 2.979 3.060 3.135 3.204 3.268 3.321
0.027 0.027 0.027 0.032 0.047 0.063 0.080 0.098 0.116 0.135 0.152 0.171 0.191 0.212 0.235 0.263 0.304 0.349 0.394 0.439 0.487 0.546 0.642 0.741 0.843 0.949 1.057 1.159 1.232 1.306 1.383 1.469 1.565 1.639 1.654 1.672 1.694 1.720 1.749 1.778 1.799 1.823 1.848 1.874 1.903 1.940 1.988 2.034 2.076 2.116 2.153 2.192 2.237 2.279 2.316 2.350 2.380 2.407 2.432 2.451 2.464 2.472 2.473 2.505 2.597 2.686 2.772 2.857 2.938 3.012 3.074 3.129 3.173 3.211 3.244 3.276
0.055 0.055 0.056 0.059 0.077 0.096 0.115 0.135 0.156 0.177 0.200 0.223 0.248 0.274 0.302 0.333 0.383 0.435 0.488 0.542 0.598 0.661 0.782 0.916 1.053 1.191 1.332 1.468 1.564 1.661 1.759 1.857 1.957 2.045 2.076 2.111 2.148 2.190 2.235 2.280 2.309 2.340 2.373 2.408 2.445 2.483 2.518 2.551 2.580 2.606 2.630 2.652 2.680 2.705 2.725 2.741 2.753 2.761 2.760 2.753 2.740 2.722 2.698 2.687 2.756 2.824 2.892 2.958 3.023 3.078 3.110 3.136 3.158 3.176 3.188 3.201
0.082 0.083 0.084 0.086 0.106 0.127 0.149 0.172 0.195 0.219 0.246 0.274 0.304 0.335 0.376 0.430 0.510 0.597 0.684 0.772 0.865 0.961 1.102 1.246 1.392 1.540 1.690 1.842 1.942 2.042 2.143 2.244 2.346 2.447 2.494 2.544 2.598 2.655 2.716 2.779 2.816 2.855 2.896 2.939 2.984 3.029 3.051 3.070 3.086 3.099 3.109 3.117 3.127 3.134 3.135 3.128 3.110 3.083 3.044 2.998 2.945 2.886 2.820 2.767 2.831 2.895 2.957 3.018 3.079 3.130 3.141 3.147 3.148 3.145 3.136 3.128
0.109 0.111 0.112 0.114 0.135 0.158 0.183 0.218 0.263 0.308 0.358 0.410 0.464 0.520 0.577 0.636 0.730 0.835 0.941 1.047 1.158 1.273 1.420 1.573 1.729 1.886 2.046 2.208 2.318 2.421 2.525 2.630 2.735 2.841 2.907 2.973 3.043 3.116 3.192 3.273 3.321 3.368 3.417 3.468 3.520 3.571 3.580 3.589 3.599 3.611 3.624 3.638 3.616 3.585 3.543 3.492 3.432 3.361 3.292 3.216 3.133 3.043 2.946 2.848 2.907 2.966 3.024 3.080 3.136 3.187 3.177 3.162 3.142 3.118 3.089 3.058
0.149 0.169 0.189 0.211 0.250 0.294 0.340 0.386 0.432 0.480 0.534 0.593 0.652 0.714 0.777 0.842 0.945 1.068 1.192 1.317 1.446 1.579 1.734 1.897 2.062 2.230 2.399 2.571 2.693 2.799 2.906 3.014 3.122 3.231 3.316 3.398 3.459 3.520 3.586 3.656 3.705 3.758 3.820 3.892 3.972 4.062 4.088 4.103 4.119 4.136 4.155 4.174 4.120 4.045 3.961 3.866 3.762 3.649 3.547 3.440 3.326 3.206 3.079 2.945 2.984 3.038 3.091 3.143 3.194 3.243 3.217 3.181 3.141 3.096 3.047 2.993
0.300 0.322 0.346 0.370 0.408 0.456 0.503 0.552 0.601 0.651 0.709 0.773 0.839 0.906 0.974 1.045 1.156 1.296 1.439 1.582 1.729 1.881 2.046 2.218 2.393 2.570 2.749 2.909 3.018 3.101 3.183 3.265 3.346 3.427 3.499 3.570 3.646 3.725 3.808 3.895 3.982 4.076 4.179 4.291 4.412 4.543 4.594 4.615 4.636 4.659 4.683 4.709 4.633 4.515 4.387 4.250 4.103 3.946 3.808 3.671 3.527 3.376 3.219 3.054 3.063 3.112 3.160 3.207 3.251 3.285 3.249 3.202 3.157 3.114 3.073 3.035
0.450 0.475 0.501 0.528 0.566 0.616 0.666 0.717 0.769 0.822 0.882 0.952 1.023 1.096 1.170 1.246 1.361 1.520 1.674 1.825 1.975 2.125 2.278 2.435 2.591 2.746 2.899 3.052 3.166 3.247 3.327 3.406 3.485 3.564 3.646 3.735 3.828 3.925 4.025 4.130 4.249 4.383 4.527 4.680 4.842 5.013 5.098 5.124 5.152 5.180 5.210 5.241 5.155 4.994 4.823 4.643 4.453 4.253 4.077 3.921 3.763 3.602 3.439 3.274 3.249 3.278 3.297 3.305 3.302 3.289 3.255 3.217 3.182 3.148 3.116 3.086
0.599 0.627 0.656 0.685 0.723 0.775 0.828 0.882 0.936 0.991 1.054 1.133 1.213 1.292 1.370 1.448 1.552 1.707 1.858 2.006 2.153 2.300 2.449 2.600 2.751 2.900 3.048 3.195 3.315 3.393 3.471 3.548 3.625 3.701 3.789 3.895 4.006 4.120 4.238 4.360 4.505 4.681 4.865 5.059 5.262 5.474 5.600 5.632 5.665 5.698 5.714 5.731 5.634 5.432 5.229 5.026 4.822 4.618 4.436 4.269 4.100 3.928 3.754 3.577 3.497 3.480 3.452 3.413 3.364 3.304 3.260 3.231 3.204 3.180 3.157 3.136
0.747 0.778 0.809 0.842 0.894 0.959 1.023 1.085 1.145 1.203 1.265 1.343 1.420 1.497 1.574 1.650 1.742 1.894 2.042 2.187 2.332 2.476 2.620 2.766 2.912 3.056 3.199 3.340 3.463 3.539 3.615 3.690 3.765 3.839 3.927 4.051 4.179 4.311 4.446 4.586 4.751 4.957 5.168 5.383 5.604 5.830 5.981 5.998 6.017 6.038 6.059 6.082 6.013 5.809 5.605 5.400 5.195 4.990 4.797 4.619 4.439 4.256 4.070 3.882 3.755 3.691 3.617 3.531 3.436 3.330 3.263 3.243 3.225 3.209 3.195 3.184
0.943 0.990 1.040 1.092 1.146 1.205 1.262 1.318 1.372 1.423 1.476 1.553 1.628 1.703 1.778 1.852 1.932 2.081 2.227 2.369 2.511 2.652 2.792 2.933 3.074 3.212 3.350 3.486 3.612 3.686 3.760 3.831 3.891 3.953 4.031 4.164 4.302 4.444 4.592 4.744 4.915 5.144 5.377 5.615 5.859 6.107 6.301 6.324 6.349 6.375 6.403 6.431 6.392 6.187 5.981 5.775 5.568 5.362 5.161 4.972 4.780 4.586 4.389 4.190 4.024 3.913 3.792 3.660 3.518 3.366 3.263 3.252 3.245 3.260 3.270 3.276
1.170 1.224 1.281 1.339 1.399 1.452 1.503 1.552 1.600 1.645 1.689 1.762 1.836 1.909 1.982 2.054 2.125 2.269 2.412 2.551 2.690 2.828 2.963 3.078 3.193 3.306 3.420 3.533 3.643 3.707 3.773 3.843 3.915 3.989 4.072 4.226 4.385 4.548 4.716 4.889 5.074 5.325 5.580 5.841 6.107 6.378 6.620 6.649 6.679 6.711 6.744 6.778 6.771 6.564 6.357 6.149 5.941 5.733 5.527 5.326 5.123 4.918 4.710 4.499 4.307 4.164 4.021 3.878 3.734 3.590 3.489 3.492 3.491 3.486 3.475 3.460
1.395 1.456 1.519 1.584 1.651 1.700 1.745 1.788 1.829 1.868 1.906 1.972 2.044 2.115 2.182 2.226 2.269 2.373 2.489 2.604 2.718 2.832 2.944 3.057 3.169 3.280 3.391 3.502 3.612 3.691 3.770 3.851 3.935 4.022 4.112 4.282 4.462 4.647 4.836 5.029 5.228 5.500 5.778 6.062 6.350 6.644 6.936 6.971 7.008 7.045 7.084 7.124 7.150 6.942 6.732 6.505 6.287 6.078 5.878 5.669 5.459 5.250 5.041 4.831 4.631 4.487 4.342 4.196 4.050 3.904 3.781 3.764 3.742 3.716 3.685 3.649
1.618 1.686 1.756 1.827 1.901 1.950 1.989 2.019 2.029 2.038 2.045 2.078 2.122 2.164 2.204 2.244 2.282 2.373 2.485 2.597 2.707 2.817 2.926 3.036 3.146 3.255 3.364 3.472 3.580 3.672 3.763 3.857 3.953 4.052 4.154 4.334 4.534 4.740 4.950 5.164 5.383 5.670 5.971 6.276 6.587 6.903 7.193 7.228 7.237 7.246 7.257 7.268 7.281 7.088 6.893 6.708 6.532 6.366 6.209 6.000 5.791 5.581 5.372 5.163 4.955 4.809 4.662 4.514 4.366 4.218 4.077 4.039 3.997 3.950 3.898 3.842
1.831 1.880 1.931 1.983 2.037 2.065 2.073 2.079 2.085 2.088 2.091 2.115 2.154 2.191 2.227 2.262 2.296 2.374 2.482 2.590 2.697 2.804 2.909 3.016 3.123 3.230 3.337 3.442 3.548 3.650 3.753 3.859 3.968 4.079 4.193 4.380 4.602 4.841 5.082 5.323 5.565 5.845 6.131 6.410 6.680 6.942 7.196 7.258 7.271 7.284 7.298 7.313 7.329 7.198 7.045 6.901 6.767 6.643 6.528 6.331 6.122 5.913 5.703 5.494 5.285 5.131 4.982 4.833 4.683 4.532 4.381 4.319 4.256 4.188 4.116 4.040
1.871 1.926 1.983 2.041 2.101 2.136 2.139 2.141 2.141 2.140 2.138 2.152 2.187 2.220 2.251 2.282 2.311 2.375 2.480 2.584 2.688 2.791 2.893 2.996 3.101 3.206 3.310 3.414 3.524 3.644 3.773 3.909 4.051 4.199 4.354 4.561 4.803 5.047 5.291 5.536 5.782 6.035 6.286 6.528 6.763 6.989 7.208 7.288 7.304 7.321 7.339 7.357 7.376 7.297 7.186 7.084 6.992 6.910 6.837 6.662 6.453 6.243 6.034 5.825 5.616 5.453 5.302 5.151 4.999 4.854 4.665 4.532 4.398 4.245 4.075 3.886
1.910 1.971 2.033 2.097 2.163 2.208 2.207 2.203 2.199 2.193 2.186 2.191 2.221 2.249 2.277 2.303 2.327 2.377 2.478 2.572 2.667 2.763 2.860 2.963 3.075 3.190 3.309 3.432 3.557 3.696 3.853 4.017 4.186 4.362 4.543 4.757 5.004 5.251 5.499 5.748 5.998 6.233 6.448 6.655 6.854 7.045 7.228 7.317 7.337 7.357 7.378 7.400 7.423 7.386 7.317 7.258 7.208 7.167 7.136 6.992 6.870 6.786 6.710 6.643 6.584 6.453 6.241 5.977 5.660 5.290 4.867 4.600 4.385 4.153 3.902 3.634
1.947 2.013 2.082 2.152 2.224 2.281 2.275 2.267 2.258 2.248 2.236 2.227 2.238 2.248 2.259 2.268 2.278 2.305 2.402 2.501 2.601 2.703 2.806 2.916 3.043 3.174 3.308 3.446 3.587 3.742 3.926 4.117 4.314 4.517 4.726 4.953 5.203 5.454 5.706 5.958 6.212 6.439 6.619 6.790 6.953 7.109 7.256 7.345 7.368 7.392 7.417 7.442 7.473 7.500 7.552 7.649 7.793 7.981 8.215 8.308 8.252 8.205 8.167 8.137 8.115 7.875 7.430 6.932 6.381 5.777 5.121 4.686 4.391 4.078 3.748 3.399
1.982 2.054 2.129 2.205 2.277 2.330 2.301 2.272 2.243 2.214 2.185 2.159 2.169 2.179 2.188 2.197 2.205 2.221 2.323 2.428 2.535 2.642 2.751 2.864 3.007 3.153 3.303 3.456 3.612 3.780 3.992 4.211 4.435 4.665 4.902 5.146 5.401 5.655 5.911 6.168 6.425 6.654 6.783 6.901 7.016 7.128 7.236 7.318 7.351 7.389 7.433 7.483 7.538 7.657 7.911 8.209 8.554 8.943 9.378 9.642 9.624 9.615 9.613 9.620 9.636 9.349 8.670 7.938 7.153 6.316 5.426 4.789 4.414 4.022 3.611 3.182
1.977 2.037 2.095 2.152 2.207 2.260 2.236 2.208 2.179 2.150 2.122 2.094 2.100 2.109 2.117 2.125 2.133 2.141 2.244 2.355 2.466 2.579 2.694 2.809 2.967 3.129 3.294 3.462 3.634 3.812 4.052 4.297 4.549 4.793 5.034 5.275 5.508 5.742 5.977 6.212 6.448 6.665 6.772 6.876 6.977 7.075 7.170 7.254 7.312 7.375 7.443 7.517 7.597 7.768 8.222 8.722 9.267 9.858 10.493 10.967 10.986 11.013 11.049 11.093 11.146 10.874 9.961 8.995 7.977 6.907 5.783 4.910 4.456 3.983 3.478 2.947
1.932 1.986 2.038 2.089 2.138 2.186 2.172 2.144 2.115 2.087 2.059 2.031 2.032 2.040 2.047 2.054 2.061 2.068 2.163 2.279 2.397 2.516 2.636 2.757 2.920 3.089 3.261 3.434 3.609 3.785 4.022 4.265 4.509 4.755 5.002 5.251 5.487 5.724 5.961 6.199 6.437 6.671 6.765 6.855 6.942 7.026 7.107 7.185 7.267 7.354 7.447 7.546 7.650 7.831 8.486 9.187 9.933 10.724 11.561 12.282 12.338 12.402 12.475 12.556 12.645 12.368 10.914 9.487 8.088 6.716 5.372 4.290 3.797 3.333 2.896 2.486
1.888 1.936 1.983 2.028 2.071 2.113 2.107 2.079 2.051 2.023 1.996 1.968 1.964 1.971 1.977 1.984 1.983 1.983 2.063 2.180 2.298 2.417 2.537 2.658 2.821 2.998 3.177 3.358 3.541 3.725 3.961 4.211 4.462 4.715 4.969 5.224 5.466 5.705 5.945 6.185 6.426 6.668 6.761 6.837 6.910 6.980 7.047 7.111 7.216 7.328 7.446 7.569 7.697 7.847 8.704 9.605 10.549 11.484 12.388 13.181 12.976 12.698 12.347 11.923 11.425 10.757 9.424 8.118 6.840 5.589 4.366 3.317 2.946 2.603 2.287 1.999
1.845 1.888 1.929 1.968 2.006 2.042 2.043 2.015 1.987 1.952 1.915 1.877 1.859 1.858 1.859 1.860 1.863 1.866 1.937 2.059 2.182 2.306 2.431 2.557 2.720 2.905 3.092 3.281 3.471 3.664 3.899 4.156 4.413 4.673 4.934 5.196 5.443 5.685 5.928 6.171 6.414 6.658 6.760 6.823 6.882 6.938 6.991 7.043 7.198 7.398 7.632 7.900 8.201 8.536 9.375 10.233 11.060 11.855 12.618 13.350 12.866 12.265 11.590 10.842 10.021 9.121 7.909 6.724 5.567 4.437 3.334 2.318 2.069 1.847 1.653 1.486
1.804 1.842 1.877 1.909 1.937 1.960 1.957 1.920 1.880 1.839 1.796 1.751 1.725 1.728 1.732 1.736 1.742 1.749 1.809 1.936 2.064 2.193 2.324 2.455 2.617 2.810 3.005 3.202 3.400 3.600 3.835 4.099 4.363 4.629 4.897 5.166 5.420 5.665 5.910 6.144 6.364 6.569 6.672 6.740 6.822 6.918 7.027 7.150 7.420 7.769 8.151 8.568 9.017 9.501 10.197 10.915 11.602 12.257 12.881 13.473 12.831 11.906 10.908 9.836 8.692 7.474 6.368 5.305 4.268 3.259 2.277 1.323 1.166 1.066 0.993 0.947
1.785 1.811 1.832 1.850 1.864 1.873 1.865 1.821 1.775 1.727 1.678 1.626 1.591 1.597 1.604 1.612 1.621 1.630 1.680 1.812 1.945 2.080 2.215 2.351 2.513 2.713 2.916 3.120 3.327 3.536 3.793 4.082 4.372 4.662 4.952 5.242 5.492 5.691 5.876 6.046 6.202 6.343 6.466 6.594 6.736 6.891 7.060 7.242 7.606 8.103 8.634 9.199 9.798 10.429 11.050 11.629 12.176 12.692 13.175 13.628 12.870 11.621 10.300 8.905 7.438 5.897 4.803 3.860 2.944 2.056 1.195 0.413 0.380 0.463 0.544 0.626
1.772 1.784 1.791 1.795 1.794 1.790 1.775 1.725 1.672 1.618 1.561 1.503 1.456 1.465 1.475 1.486 1.499 1.512 1.551 1.688 1.827 1.971 2.112 2.249 2.405 2.632 2.869 3.115 3.370 3.635 3.913 4.203 4.494 4.785 5.076 5.367 5.603 5.738 5.858 5.964 6.055 6.132 6.247 6.434 6.636 6.850 7.078 7.320 7.756 8.402 9.082 9.795 10.542 11.322 11.935 12.374 12.782 13.157 13.502 13.814 12.983 11.411 9.703 7.939 6.245 4.620 3.612 2.899 2.219 1.573 0.961 0.384 0.301 0.382 0.462 0.541
1.763 1.760 1.754 1.744 1.729 1.710 1.687 1.630 1.571 1.510 1.447 1.383 1.320 1.344 1.376 1.408 1.442 1.476 1.519 1.654 1.785 1.911 2.034 2.152 2.287 2.555 2.833 3.121 3.417 3.723 4.033 4.324 4.616 4.908 5.200 5.492 5.730 5.800 5.856 5.897 5.924 5.937 6.013 6.260 6.521 6.795 7.082 7.383 7.871 8.666 9.494 10.355 11.250 12.089 12.485 12.488 12.436 12.326 12.160 11.937 10.968 9.372 7.845 6.387 4.999 3.680 2.799 2.235 1.706 1.210 0.749 0.321 0.223 0.301 0.379 0.457
