DATA/SHG/CPC/2018/20180630.asc
ncols        190
nrows        64
xllcorner    -5100000.000000000000
yllcorner    4130000.000000000000
cellsize     10000.000000000000
NODATA_value  -99999.000
[rows 0 to 32 of 64, columns 0 to 74 of 190]
0.004 0.010 0.016 0.022 0.029 0.037 0.045 0.053 0.062 0.072 0.082 0.092 0.125 0.166 0.207 0.249 0.292 0.334 0.449 0.594 0.741 0.890 1.039 1.190 1.466 1.805 2.142 2.477 2.812 3.145 3.499 3.862 4.224 4.585 4.943 5.288 5.547 5.749 5.955 6.165 6.379 6.597 6.775 6.919 7.064 7.211 7.359 7.508 7.666 7.837 8.013 8.193 8.377 8.566 8.789 9.049 9.313 9.581 9.853 10.130 10.339 10.456 10.572 10.685 10.796 10.905 10.957 10.933 10.912 10.897 10.886 10.880 10.851 10.777 10.703
0.009 0.016 0.024 0.031 0.039 0.047 0.056 0.066 0.076 0.087 0.099 0.110 0.140 0.183 0.226 0.270 0.315 0.359 0.462 0.613 0.764 0.917 1.072 1.228 1.477 1.811 2.144 2.475 2.796 3.114 3.445 3.791 4.135 4.477 4.817 5.155 5.437 5.653 5.873 6.097 6.325 6.556 6.755 6.904 7.053 7.204 7.356 7.509 7.674 7.861 8.053 8.249 8.450 8.655 8.885 9.160 9.439 9.722 10.009 10.264 10.435 10.482 10.530 10.579 10.629 10.681 10.716 10.707 10.704 10.705 10.711 10.721 10.716 10.644 10.574
0.017 0.024 0.032 0.040 0.048 0.056 0.066 0.078 0.090 0.102 0.115 0.128 0.155 0.200 0.245 0.291 0.337 0.384 0.474 0.629 0.786 0.942 1.098 1.255 1.474 1.794 2.109 2.421 2.730 3.034 3.349 3.688 4.025 4.360 4.693 5.024 5.323 5.553 5.786 6.024 6.266 6.512 6.735 6.887 7.041 7.196 7.352 7.510 7.678 7.881 8.089 8.301 8.503 8.697 8.900 9.136 9.364 9.582 9.790 9.990 10.157 10.208 10.260 10.312 10.366 10.421 10.470 10.478 10.491 10.509 10.531 10.558 10.579 10.512 10.445
0.024 0.032 0.040 0.049 0.057 0.066 0.076 0.089 0.103 0.117 0.131 0.146 0.170 0.219 0.268 0.316 0.364 0.411 0.486 0.642 0.799 0.957 1.114 1.272 1.465 1.771 2.074 2.372 2.667 2.959 3.255 3.587 3.917 4.245 4.571 4.895 5.204 5.448 5.696 5.948 6.204 6.463 6.713 6.870 7.028 7.184 7.340 7.496 7.657 7.853 8.046 8.237 8.426 8.611 8.796 9.000 9.195 9.381 9.557 9.724 9.879 9.933 9.989 10.045 10.102 10.161 10.220 10.245 10.274 10.308 10.347 10.390 10.438 10.378 10.315
0.031 0.040 0.049 0.057 0.066 0.076 0.088 0.106 0.125 0.145 0.166 0.187 0.214 0.261 0.307 0.353 0.397 0.441 0.497 0.655 0.813 0.971 1.130 1.289 1.459 1.753 2.042 2.327 2.609 2.887 3.164 3.489 3.812 4.133 4.452 4.769 5.083 5.340 5.598 5.861 6.130 6.404 6.683 6.841 6.997 7.153 7.309 7.465 7.621 7.807 7.991 8.173 8.352 8.528 8.702 8.873 9.036 9.189 9.333 9.468 9.594 9.658 9.717 9.777 9.838 9.900 9.963 10.007 10.053 10.118 10.206 10.294 10.382 10.364 10.321
0.041 0.052 0.064 0.076 0.089 0.103 0.118 0.139 0.161 0.184 0.209 0.234 0.260 0.304 0.347 0.390 0.431 0.472 0.512 0.666 0.826 0.985 1.145 1.305 1.466 1.738 2.014 2.286 2.554 2.819 3.078 3.383 3.693 4.001 4.308 4.614 4.918 5.194 5.471 5.754 6.041 6.334 6.633 6.811 6.967 7.123 7.278 7.434 7.589 7.763 7.938 8.110 8.280 8.447 8.612 8.755 8.886 9.007 9.119 9.221 9.315 9.383 9.467 9.572 9.680 9.791 9.903 9.998 10.086 10.174 10.262 10.349 10.435 10.427 10.375
0.058 0.071 0.085 0.099 0.115 0.130 0.147 0.171 0.196 0.223 0.251 0.279 0.309 0.348 0.388 0.428 0.466 0.504 0.541 0.678 0.838 0.999 1.160 1.318 1.470 1.704 1.959 2.210 2.458 2.703 2.945 3.236 3.541 3.845 4.148 4.450 4.750 5.043 5.339 5.641 5.947 6.259 6.577 6.781 6.937 7.092 7.247 7.403 7.558 7.722 7.888 8.051 8.211 8.369 8.524 8.657 8.779 8.901 9.022 9.142 9.263 9.376 9.488 9.601 9.717 9.836 9.956 10.057 10.144 10.231 10.317 10.403 10.489 10.492 10.431
0.074 0.088 0.105 0.121 0.139 0.157 0.176 0.201 0.230 0.260 0.291 0.323 0.356 0.393 0.430 0.466 0.505 0.545 0.584 0.702 0.855 1.005 1.149 1.289 1.425 1.630 1.874 2.114 2.351 2.585 2.816 3.090 3.391 3.691 3.990 4.287 4.583 4.887 5.202 5.522 5.848 6.179 6.515 6.751 6.906 7.062 7.217 7.372 7.519 7.675 7.836 8.001 8.170 8.343 8.520 8.669 8.790 8.910 9.030 9.149 9.269 9.387 9.506 9.628 9.752 9.878 10.007 10.117 10.202 10.288 10.373 10.458 10.542 10.560 10.490
0.090 0.105 0.124 0.143 0.163 0.183 0.204 0.231 0.263 0.301 0.340 0.380 0.421 0.462 0.501 0.540 0.578 0.615 0.651 0.742 0.879 1.012 1.141 1.265 1.385 1.560 1.792 2.022 2.248 2.471 2.691 2.946 3.243 3.538 3.832 4.125 4.417 4.725 5.059 5.399 5.743 6.053 6.361 6.592 6.730 6.882 7.046 7.223 7.413 7.602 7.777 7.956 8.138 8.325 8.515 8.681 8.800 8.919 9.038 9.156 9.275 9.395 9.523 9.652 9.784 9.919 10.055 10.176 10.261 10.345 10.429 10.513 10.593 10.600 10.502
0.105 0.122 0.147 0.173 0.200 0.227 0.256 0.290 0.331 0.372 0.414 0.457 0.501 0.543 0.579 0.615 0.651 0.685 0.719 0.786 0.908 1.025 1.138 1.246 1.349 1.492 1.714 1.932 2.147 2.360 2.568 2.803 3.096 3.384 3.654 3.921 4.184 4.459 4.768 5.075 5.380 5.682 5.982 6.246 6.429 6.626 6.836 7.059 7.294 7.525 7.714 7.906 8.103 8.303 8.507 8.693 8.811 8.929 9.047 9.164 9.281 9.401 9.537 9.675 9.815 9.951 10.074 10.189 10.248 10.305 10.358 10.409 10.456 10.479 10.398
0.144 0.166 0.194 0.224 0.254 0.286 0.318 0.354 0.398 0.442 0.487 0.533 0.580 0.624 0.659 0.692 0.724 0.756 0.787 0.835 0.941 1.042 1.139 1.231 1.319 1.428 1.636 1.832 2.023 2.209 2.390 2.583 2.848 3.108 3.365 3.618 3.867 4.122 4.423 4.723 5.019 5.314 5.606 5.886 6.116 6.358 6.614 6.882 7.163 7.445 7.647 7.853 8.063 8.277 8.494 8.705 8.822 8.939 9.038 9.118 9.206 9.304 9.425 9.551 9.683 9.821 9.963 10.105 10.155 10.201 10.244 10.285 10.323 10.353 10.289
0.185 0.209 0.241 0.274 0.308 0.343 0.379 0.417 0.463 0.511 0.559 0.608 0.658 0.707 0.738 0.769 0.799 0.828 0.856 0.887 0.972 1.050 1.123 1.190 1.251 1.313 1.497 1.675 1.848 2.016 2.178 2.339 2.590 2.837 3.081 3.320 3.555 3.788 4.082 4.373 4.662 4.948 5.233 5.515 5.790 6.078 6.378 6.692 7.019 7.359 7.576 7.764 7.930 8.102 8.280 8.463 8.551 8.643 8.744 8.852 8.968 9.093 9.232 9.378 9.529 9.686 9.848 10.015 10.064 10.100 10.134 10.164 10.192 10.217 10.176
0.225 0.251 0.286 0.323 0.360 0.399 0.438 0.479 0.528 0.578 0.630 0.682 0.734 0.785 0.812 0.837 0.860 0.882 0.902 0.921 0.982 1.039 1.091 1.137 1.177 1.210 1.364 1.523 1.678 1.828 1.972 2.111 2.337 2.571 2.800 3.026 3.248 3.465 3.742 4.026 4.307 4.585 4.862 5.136 5.437 5.737 6.035 6.330 6.622 6.912 7.105 7.286 7.472 7.664 7.861 8.064 8.193 8.314 8.442 8.578 8.723 8.875 9.035 9.199 9.370 9.546 9.727 9.914 9.976 10.002 10.026 10.046 10.064 10.079 10.059
0.264 0.293 0.330 0.370 0.412 0.456 0.500 0.545 0.595 0.647 0.698 0.749 0.799 0.849 0.876 0.896 0.915 0.932 0.948 0.962 0.998 1.035 1.065 1.090 1.109 1.122 1.236 1.378 1.514 1.645 1.771 1.892 2.089 2.309 2.524 2.736 2.944 3.144 3.393 3.659 3.919 4.175 4.426 4.672 4.952 5.243 5.532 5.818 6.102 6.382 6.603 6.803 7.009 7.220 7.437 7.660 7.828 7.976 8.133 8.297 8.470 8.650 8.832 9.016 9.205 9.400 9.601 9.807 9.890 9.862 9.828 9.798 9.771 9.749 9.694
0.315 0.350 0.392 0.437 0.481 0.526 0.571 0.617 0.665 0.716 0.766 0.815 0.865 0.914 0.942 0.957 0.971 0.983 0.994 1.004 1.021 1.036 1.046 1.050 1.048 1.039 1.114 1.237 1.355 1.468 1.577 1.675 1.836 2.037 2.233 2.424 2.610 2.792 3.014 3.263 3.507 3.746 3.981 4.210 4.471 4.753 5.033 5.310 5.584 5.856 6.095 6.315 6.541 6.772 7.008 7.251 7.455 7.631 7.816 8.009 8.209 8.418 8.568 8.712 8.861 9.015 9.175 9.340 9.405 9.380 9.360 9.343 9.331 9.322 9.277
0.383 0.419 0.461 0.506 0.551 0.597 0.642 0.688 0.736 0.785 0.834 0.882 0.931 0.979 1.008 1.019 1.028 1.036 1.043 1.048 1.050 1.044 1.034 1.024 1.012 0.998 1.043 1.146 1.239 1.322 1.396 1.459 1.576 1.759 1.938 2.112 2.281 2.446 2.640 2.872 3.100 3.323 3.541 3.754 3.992 4.266 4.537 4.805 5.070 5.333 5.583 5.823 6.068 6.318 6.572 6.789 6.975 7.126 7.281 7.440 7.603 7.770 7.935 8.097 8.264 8.437 8.615 8.797 8.905 8.895 8.888 8.886 8.887 8.892 8.862
0.450 0.488 0.529 0.575 0.621 0.667 0.713 0.759 0.806 0.854 0.902 0.950 0.997 1.044 1.076 1.082 1.086 1.089 1.091 1.091 1.087 1.074 1.059 1.042 1.023 1.003 1.013 1.081 1.139 1.187 1.225 1.253 1.321 1.487 1.649 1.806 1.958 2.105 2.271 2.487 2.698 2.904 3.106 3.303 3.517 3.782 4.044 4.302 4.553 4.792 5.022 5.243 5.458 5.667 5.870 6.067 6.251 6.416 6.585 6.758 6.935 7.115 7.298 7.478 7.664 7.854 8.050 8.251 8.403 8.407 8.414 8.425 8.440 8.459 8.451
0.516 0.556 0.597 0.644 0.690 0.737 0.783 0.830 0.879 0.929 0.977 1.024 1.068 1.110 1.143 1.144 1.144 1.142 1.139 1.135 1.127 1.107 1.086 1.062 1.037 1.010 0.993 1.026 1.049 1.062 1.065 1.058 1.071 1.221 1.365 1.505 1.640 1.769 1.907 2.107 2.306 2.507 2.703 2.894 3.091 3.336 3.571 3.795 4.010 4.214 4.409 4.610 4.804 4.993 5.175 5.352 5.524 5.703 5.886 6.073 6.263 6.458 6.656 6.855 7.059 7.267 7.481 7.701 7.898 7.915 7.936 7.961 7.975 7.916 7.837
0.582 0.626 0.672 0.723 0.774 0.825 0.877 0.929 0.981 1.025 1.066 1.105 1.143 1.179 1.211 1.207 1.202 1.196 1.189 1.180 1.169 1.143 1.115 1.085 1.052 1.018 0.984 0.982 0.970 0.948 0.916 0.874 0.828 0.973 1.121 1.259 1.388 1.506 1.618 1.811 2.000 2.183 2.361 2.534 2.703 2.912 3.111 3.299 3.478 3.646 3.804 3.984 4.157 4.325 4.487 4.643 4.794 4.987 5.184 5.384 5.589 5.798 6.011 6.228 6.449 6.662 6.833 6.994 7.145 7.088 7.027 6.964 6.897 6.827 6.755
0.665 0.715 0.766 0.818 0.871 0.923 0.977 1.030 1.084 1.122 1.157 1.189 1.220 1.249 1.276 1.271 1.262 1.251 1.239 1.226 1.212 1.181 1.146 1.109 1.070 1.029 0.985 0.952 0.920 0.888 0.855 0.822 0.789 0.895 1.008 1.113 1.207 1.291 1.366 1.529 1.699 1.864 2.024 2.179 2.329 2.498 2.661 2.814 2.957 3.089 3.211 3.364 3.517 3.665 3.806 3.942 4.071 4.268 4.480 4.687 4.883 5.067 5.240 5.405 5.562 5.708 5.845 5.971 6.088 6.045 5.974 5.900 5.823 5.743 5.660
0.746 0.802 0.859 0.913 0.967 1.021 1.075 1.130 1.185 1.221 1.249 1.275 1.299 1.321 1.342 1.337 1.323 1.308 1.292 1.273 1.250 1.211 1.167 1.122 1.075 1.026 0.976 0.939 0.906 0.872 0.839 0.805 0.770 0.827 0.906 0.976 1.036 1.087 1.127 1.252 1.404 1.552 1.693 1.830 1.962 2.096 2.223 2.340 2.447 2.543 2.629 2.768 2.927 3.076 3.214 3.342 3.459 3.626 3.805 3.972 4.127 4.271 4.403 4.532 4.654 4.765 4.867 4.959 5.041 5.005 4.924 4.840 4.753 4.663 4.571
0.825 0.887 0.950 1.008 1.063 1.118 1.174 1.230 1.286 1.322 1.343 1.363 1.385 1.406 1.426 1.423 1.402 1.377 1.347 1.313 1.275 1.230 1.181 1.130 1.078 1.024 0.969 0.926 0.892 0.857 0.822 0.787 0.751 0.769 0.814 0.850 0.876 0.892 0.899 0.981 1.115 1.244 1.368 1.487 1.616 1.744 1.863 1.976 2.081 2.179 2.270 2.382 2.505 2.616 2.717 2.807 2.887 3.004 3.142 3.268 3.383 3.487 3.578 3.669 3.756 3.834 3.901 3.958 4.006 3.970 3.879 3.785 3.688 3.588 3.485
0.903 0.970 1.038 1.102 1.159 1.219 1.279 1.340 1.401 1.444 1.464 1.484 1.502 1.519 1.535 1.528 1.492 1.452 1.407 1.358 1.305 1.250 1.196 1.140 1.082 1.023 0.963 0.913 0.878 0.842 0.806 0.770 0.733 0.721 0.733 0.734 0.726 0.725 0.724 0.789 0.929 1.062 1.190 1.311 1.426 1.531 1.625 1.713 1.793 1.867 1.933 2.008 2.093 2.167 2.231 2.284 2.326 2.393 2.491 2.577 2.652 2.715 2.766 2.817 2.870 2.912 2.945 2.968 2.982 2.972 2.946 2.918 2.888 2.856 2.821
0.993 1.068 1.145 1.217 1.278 1.339 1.400 1.462 1.525 1.574 1.590 1.605 1.619 1.632 1.644 1.637 1.586 1.531 1.472 1.408 1.340 1.272 1.213 1.151 1.089 1.024 0.959 0.901 0.865 0.828 0.796 0.764 0.732 0.710 0.711 0.709 0.704 0.696 0.686 0.715 0.833 0.945 1.050 1.149 1.242 1.325 1.395 1.458 1.513 1.562 1.603 1.645 1.693 1.730 1.756 1.772 1.777 1.795 1.852 1.898 1.932 1.955 2.000 2.074 2.161 2.243 2.318 2.387 2.450 2.479 2.445 2.410 2.371 2.331 2.288
1.098 1.177 1.256 1.334 1.396 1.459 1.521 1.585 1.648 1.705 1.717 1.728 1.738 1.747 1.755 1.751 1.685 1.615 1.541 1.462 1.379 1.296 1.231 1.169 1.107 1.044 0.980 0.921 0.888 0.856 0.822 0.789 0.754 0.724 0.715 0.703 0.688 0.671 0.650 0.648 0.744 0.834 0.917 0.994 1.065 1.127 1.172 1.210 1.241 1.265 1.281 1.293 1.303 1.303 1.292 1.300 1.316 1.340 1.415 1.484 1.546 1.601 1.649 1.696 1.763 1.823 1.877 1.925 1.967 1.989 1.947 1.904 1.858 1.809 1.759
1.202 1.284 1.367 1.451 1.514 1.578 1.642 1.706 1.771 1.836 1.845 1.852 1.858 1.863 1.867 1.867 1.779 1.692 1.604 1.517 1.429 1.342 1.279 1.215 1.150 1.085 1.019 0.953 0.919 0.884 0.849 0.814 0.778 0.741 0.722 0.700 0.676 0.648 0.617 0.587 0.661 0.729 0.790 0.845 0.894 0.936 0.957 0.970 0.999 1.030 1.057 1.080 1.099 1.113 1.121 1.123 1.120 1.114 1.166 1.211 1.249 1.281 1.305 1.325 1.370 1.409 1.442 1.469 1.490 1.502 1.452 1.401 1.347 1.290 1.232
1.305 1.390 1.476 1.563 1.631 1.696 1.762 1.827 1.894 1.958 1.966 1.962 1.954 1.942 1.927 1.909 1.831 1.744 1.657 1.569 1.482 1.396 1.327 1.261 1.194 1.127 1.059 0.990 0.950 0.914 0.877 0.839 0.801 0.763 0.732 0.701 0.666 0.628 0.588 0.544 0.585 0.646 0.707 0.765 0.820 0.873 0.904 0.929 0.950 0.966 0.979 0.987 0.987 0.981 0.970 0.952 0.930 0.901 0.924 0.945 0.960 0.967 0.968 0.963 0.984 1.002 1.014 1.020 1.020 1.014 0.960 0.900 0.838 0.801 0.804
1.406 1.510 1.621 1.729 1.813 1.879 1.939 1.991 2.036 2.073 2.074 2.057 2.037 2.013 1.985 1.954 1.883 1.796 1.709 1.622 1.535 1.449 1.376 1.307 1.239 1.169 1.099 1.029 0.982 0.944 0.905 0.865 0.826 0.785 0.743 0.705 0.670 0.639 0.611 0.586 0.622 0.676 0.728 0.777 0.824 0.868 0.889 0.899 0.905 0.907 0.905 0.898 0.880 0.855 0.824 0.787 0.745 0.697 0.688 0.686 0.677 0.661 0.639 0.609 0.604 0.601 0.617 0.657 0.698 0.739 0.749 0.753 0.757 0.763 0.769
1.693 1.797 1.897 1.995 2.064 2.105 2.139 2.166 2.185 2.197 2.186 2.156 2.123 2.087 2.047 2.003 1.934 1.848 1.761 1.675 1.588 1.502 1.425 1.355 1.284 1.212 1.138 1.050 0.981 0.932 0.886 0.843 0.803 0.767 0.736 0.710 0.687 0.668 0.652 0.639 0.664 0.709 0.752 0.792 0.830 0.865 0.877 0.873 0.864 0.852 0.835 0.814 0.780 0.735 0.684 0.628 0.566 0.498 0.459 0.453 0.456 0.457 0.456 0.452 0.476 0.517 0.558 0.599 0.641 0.683 0.701 0.708 0.716 0.725 0.734
1.995 2.087 2.177 2.263 2.323 2.338 2.347 2.348 2.342 2.328 2.301 2.259 2.214 2.165 2.112 2.056 1.986 1.899 1.813 1.731 1.650 1.556 1.462 1.377 1.286 1.190 1.090 0.984 0.905 0.866 0.831 0.800 0.771 0.745 0.725 0.711 0.700 0.693 0.689 0.689 0.707 0.744 0.778 0.809 0.838 0.864 0.870 0.851 0.828 0.801 0.769 0.734 0.703 0.666 0.624 0.577 0.526 0.470 0.439 0.437 0.431 0.424 0.414 0.401 0.415 0.457 0.499 0.541 0.584 0.627 0.652 0.662 0.673 0.685 0.698
2.299 2.381 2.459 2.534 2.589 2.579 2.562 2.538 2.506 2.467 2.420 2.366 2.341 2.336 2.307 2.254 2.179 2.092 1.992 1.881 1.758 1.622 1.489 1.386 1.278 1.165 1.047 0.924 0.825 0.797 0.774 0.753 0.735 0.721 0.711 0.709 0.710 0.715 0.723 0.735 0.754 0.781 0.806 0.829 0.849 0.883 0.907 0.897 0.885 0.871 0.854 0.834 0.802 0.749 0.690 0.627 0.559 0.487 0.434 0.423 0.409 0.393 0.374 0.353 0.354 0.397 0.440 0.483 0.527 0.571 0.602 0.616 0.630 0.645 0.661
2.606 2.677 2.744 2.809 2.863 2.859 2.881 2.914 2.957 3.011 3.067 3.026 2.961 2.872 2.760 2.623 2.468 2.339 2.197 2.044 1.878 1.701 1.521 1.400 1.275 1.144 1.009 0.869 0.741 0.725 0.713 0.703 0.696 0.693 0.694 0.703 0.717 0.733 0.759 0.790 0.824 0.860 0.898 0.939 0.982 1.027 1.063 1.045 1.024 1.000 0.974 0.945 0.906 0.836 0.761 0.682 0.597 0.508 0.432 0.412 0.389 0.364 0.337 0.307 0.293 0.337 0.381 0.425 0.469 0.514 0.560 0.610 0.657 0.701 0.743
2.908 3.006 3.121 3.256 3.409 3.466 3.525 3.595 3.674 3.765 3.865 3.754 3.606 3.434 3.237 3.017 2.774 2.598 2.415 2.219 2.012 1.792 1.561 1.420 1.277 1.129 0.977 0.819 0.656 0.650 0.649 0.659 0.669 0.680 0.691 0.719 0.752 0.788 0.829 0.874 0.924 0.968 1.015 1.064 1.115 1.169 1.222 1.194 1.164 1.131 1.096 1.058 1.014 0.928 0.836 0.740 0.640 0.534 0.431 0.403 0.372 0.338 0.302 0.279 0.290 0.375 0.458 0.538 0.615 0.690 0.759 0.800 0.838 0.874 0.907
