DATA/SHG/CPC/2018/20180624.asc
ncols        190
nrows        64
xllcorner    -5100000.000000000000
yllcorner    4130000.000000000000
cellsize     10000.000000000000
NODATA_value  -99999.000
[rows 0 to 32 of 64, columns 76 to 151 of 190]
0.111 0.120 0.131 0.146 0.162 0.178 0.194 0.210 0.227 0.245 0.264 0.281 0.299 0.316 0.336 0.365 0.393 0.420 0.447 0.473 0.515 0.615 0.714 0.815 0.917 1.018 1.141 1.338 1.536 1.734 1.931 2.129 2.314 2.456 2.598 2.740 2.882 3.024 3.137 3.164 3.192 3.220 3.249 3.279 3.279 3.185 3.095 3.009 2.927 2.848 2.740 2.533 2.328 2.123 1.920 1.717 1.527 1.370 1.212 1.053 0.893 0.731 0.597 0.540 0.481 0.422 0.362 0.302 0.247 0.208 0.169 0.130 0.090 0.049 0.019 0.017
0.090 0.099 0.110 0.126 0.142 0.158 0.174 0.191 0.207 0.225 0.241 0.258 0.274 0.289 0.306 0.333 0.361 0.388 0.414 0.441 0.475 0.576 0.676 0.775 0.874 0.972 1.080 1.278 1.476 1.674 1.872 2.070 2.261 2.403 2.545 2.686 2.828 2.969 3.097 3.127 3.159 3.191 3.224 3.258 3.278 3.201 3.128 3.059 2.993 2.932 2.854 2.651 2.449 2.248 2.041 1.831 1.628 1.460 1.292 1.126 0.961 0.797 0.650 0.589 0.527 0.465 0.402 0.339 0.279 0.238 0.197 0.155 0.114 0.071 0.035 0.030
0.070 0.079 0.089 0.105 0.122 0.138 0.155 0.171 0.187 0.203 0.220 0.237 0.255 0.274 0.294 0.320 0.345 0.371 0.396 0.420 0.445 0.541 0.638 0.735 0.831 0.926 1.021 1.218 1.416 1.614 1.812 2.010 2.209 2.350 2.492 2.633 2.774 2.915 3.056 3.090 3.125 3.161 3.198 3.236 3.274 3.208 3.142 3.076 3.011 2.948 2.882 2.673 2.466 2.261 2.059 1.858 1.661 1.498 1.336 1.175 1.015 0.856 0.702 0.638 0.574 0.509 0.443 0.377 0.311 0.268 0.225 0.182 0.138 0.093 0.051 0.044
0.049 0.059 0.069 0.085 0.101 0.116 0.132 0.146 0.161 0.179 0.198 0.218 0.239 0.260 0.282 0.306 0.330 0.354 0.377 0.400 0.423 0.508 0.602 0.696 0.789 0.881 0.973 1.157 1.356 1.554 1.752 1.951 2.149 2.298 2.439 2.580 2.714 2.846 2.979 3.022 3.054 3.088 3.123 3.160 3.198 3.145 3.083 3.022 2.962 2.903 2.844 2.659 2.461 2.267 2.074 1.883 1.695 1.535 1.378 1.222 1.067 0.914 0.762 0.689 0.621 0.553 0.485 0.415 0.346 0.299 0.254 0.209 0.163 0.116 0.069 0.058
0.037 0.044 0.051 0.065 0.079 0.094 0.108 0.122 0.135 0.155 0.176 0.199 0.222 0.246 0.270 0.293 0.316 0.338 0.359 0.381 0.402 0.475 0.566 0.657 0.748 0.837 0.926 1.096 1.290 1.482 1.670 1.855 2.037 2.181 2.314 2.448 2.581 2.716 2.850 2.910 2.949 2.989 3.030 3.073 3.117 3.082 3.024 2.967 2.911 2.857 2.803 2.642 2.455 2.270 2.087 1.906 1.728 1.570 1.419 1.268 1.119 0.970 0.823 0.739 0.669 0.598 0.527 0.453 0.378 0.327 0.283 0.240 0.199 0.159 0.122 0.112
0.025 0.030 0.034 0.045 0.058 0.072 0.085 0.097 0.110 0.129 0.154 0.178 0.204 0.230 0.257 0.281 0.302 0.322 0.343 0.364 0.386 0.449 0.538 0.626 0.712 0.798 0.882 1.027 1.207 1.384 1.558 1.729 1.897 2.043 2.178 2.313 2.448 2.584 2.721 2.797 2.842 2.888 2.936 2.985 3.035 3.017 2.964 2.911 2.860 2.810 2.760 2.623 2.446 2.271 2.098 1.927 1.759 1.605 1.453 1.294 1.138 0.985 0.835 0.738 0.664 0.592 0.523 0.456 0.390 0.345 0.308 0.274 0.241 0.209 0.180 0.169
0.014 0.016 0.018 0.025 0.038 0.050 0.062 0.073 0.085 0.104 0.130 0.158 0.186 0.214 0.243 0.269 0.290 0.312 0.334 0.357 0.380 0.433 0.517 0.599 0.680 0.760 0.838 0.961 1.127 1.290 1.450 1.607 1.761 1.904 2.041 2.178 2.315 2.453 2.591 2.683 2.734 2.786 2.840 2.896 2.952 2.951 2.903 2.855 2.808 2.754 2.687 2.553 2.368 2.186 2.008 1.834 1.664 1.506 1.357 1.212 1.069 0.930 0.793 0.699 0.635 0.573 0.513 0.456 0.400 0.361 0.332 0.306 0.281 0.258 0.236 0.226
0.004 0.003 0.002 0.006 0.019 0.032 0.043 0.054 0.064 0.081 0.109 0.139 0.168 0.198 0.228 0.256 0.279 0.302 0.326 0.350 0.375 0.419 0.497 0.573 0.649 0.723 0.796 0.899 1.051 1.200 1.346 1.489 1.628 1.766 1.904 2.043 2.182 2.321 2.461 2.567 2.615 2.650 2.686 2.724 2.763 2.758 2.692 2.629 2.567 2.507 2.449 2.341 2.173 2.008 1.848 1.691 1.538 1.394 1.259 1.126 0.997 0.871 0.748 0.658 0.603 0.551 0.501 0.454 0.408 0.375 0.355 0.336 0.319 0.304 0.291 0.283
0.000 0.000 0.000 0.003 0.013 0.023 0.031 0.039 0.046 0.058 0.088 0.119 0.150 0.181 0.213 0.243 0.267 0.292 0.317 0.342 0.368 0.406 0.478 0.549 0.619 0.688 0.755 0.841 0.979 1.113 1.245 1.369 1.481 1.593 1.714 1.831 1.946 2.057 2.166 2.252 2.292 2.333 2.375 2.419 2.464 2.478 2.420 2.365 2.311 2.259 2.209 2.125 1.974 1.827 1.684 1.544 1.408 1.279 1.157 1.038 0.922 0.809 0.699 0.614 0.570 0.527 0.487 0.449 0.414 0.387 0.375 0.364 0.353 0.342 0.332 0.325
0.000 0.000 0.000 0.001 0.008 0.015 0.020 0.025 0.029 0.035 0.067 0.099 0.131 0.164 0.197 0.229 0.255 0.281 0.308 0.335 0.362 0.394 0.457 0.516 0.573 0.629 0.683 0.743 0.854 0.959 1.059 1.154 1.244 1.334 1.441 1.545 1.646 1.744 1.839 1.923 1.968 2.015 2.063 2.113 2.164 2.196 2.147 2.099 2.053 2.009 1.967 1.906 1.772 1.642 1.516 1.393 1.275 1.161 1.052 0.947 0.844 0.745 0.648 0.570 0.536 0.504 0.473 0.443 0.414 0.391 0.382 0.372 0.364 0.356 0.349 0.347
0.000 0.000 0.000 0.000 0.004 0.008 0.010 0.012 0.012 0.012 0.045 0.078 0.112 0.146 0.180 0.211 0.233 0.253 0.273 0.292 0.310 0.327 0.380 0.431 0.482 0.531 0.578 0.624 0.712 0.795 0.873 0.946 1.014 1.078 1.171 1.262 1.349 1.434 1.515 1.592 1.644 1.696 1.750 1.806 1.863 1.913 1.871 1.832 1.794 1.758 1.724 1.683 1.566 1.453 1.347 1.245 1.146 1.050 0.956 0.866 0.778 0.693 0.611 0.539 0.511 0.484 0.459 0.435 0.412 0.392 0.386 0.379 0.374 0.369 0.365 0.366
0.000 0.000 0.000 0.000 0.001 0.001 0.001 0.000 0.000 0.000 0.029 0.062 0.093 0.122 0.150 0.177 0.194 0.210 0.224 0.238 0.250 0.262 0.303 0.349 0.392 0.435 0.475 0.514 0.577 0.637 0.693 0.743 0.789 0.829 0.905 0.982 1.056 1.127 1.195 1.260 1.318 1.377 1.437 1.498 1.560 1.630 1.607 1.581 1.555 1.531 1.508 1.486 1.390 1.295 1.204 1.116 1.030 0.948 0.868 0.790 0.714 0.642 0.572 0.507 0.485 0.464 0.444 0.425 0.408 0.393 0.389 0.386 0.383 0.381 0.380 0.382
0.000 0.000 0.000 0.000 0.000 0.000 0.000 0.000 0.000 0.000 0.021 0.049 0.074 0.099 0.122 0.143 0.157 0.167 0.176 0.185 0.192 0.198 0.229 0.268 0.305 0.340 0.374 0.407 0.447 0.485 0.518 0.546 0.569 0.588 0.643 0.707 0.781 0.854 0.925 0.993 1.064 1.134 1.202 1.269 1.333 1.396 1.387 1.366 1.345 1.326 1.308 1.291 1.216 1.135 1.058 0.983 0.912 0.844 0.776 0.710 0.648 0.588 0.531 0.477 0.457 0.442 0.428 0.415 0.403 0.393 0.392 0.391 0.392 0.393 0.395 0.397
0.000 0.000 0.000 0.000 0.000 0.000 0.000 0.000 0.000 0.000 0.014 0.037 0.058 0.077 0.095 0.112 0.121 0.126 0.130 0.133 0.135 0.136 0.156 0.188 0.219 0.248 0.275 0.305 0.333 0.359 0.384 0.408 0.431 0.452 0.504 0.571 0.635 0.697 0.756 0.812 0.873 0.935 0.995 1.053 1.110 1.164 1.166 1.150 1.134 1.120 1.107 1.094 1.039 0.972 0.909 0.848 0.791 0.736 0.681 0.628 0.578 0.531 0.486 0.444 0.428 0.418 0.410 0.403 0.405 0.407 0.420 0.440 0.464 0.493 0.527 0.565
0.000 0.000 0.000 0.000 0.000 0.000 0.000 0.000 0.000 0.000 0.009 0.026 0.042 0.056 0.069 0.081 0.087 0.086 0.087 0.089 0.090 0.092 0.107 0.136 0.164 0.190 0.215 0.238 0.259 0.280 0.299 0.317 0.333 0.348 0.386 0.441 0.493 0.543 0.590 0.634 0.684 0.738 0.790 0.840 0.888 0.935 0.945 0.933 0.923 0.913 0.905 0.897 0.859 0.806 0.757 0.710 0.666 0.626 0.585 0.556 0.529 0.504 0.481 0.460 0.455 0.458 0.460 0.463 0.467 0.470 0.498 0.538 0.583 0.633 0.687 0.747
0.000 0.000 0.000 0.000 0.000 0.000 0.000 0.000 0.000 0.000 0.005 0.017 0.029 0.040 0.050 0.060 0.066 0.066 0.067 0.068 0.069 0.069 0.078 0.100 0.121 0.140 0.157 0.173 0.188 0.202 0.215 0.227 0.238 0.247 0.270 0.314 0.354 0.392 0.427 0.459 0.497 0.543 0.587 0.629 0.669 0.708 0.723 0.716 0.710 0.706 0.720 0.735 0.727 0.701 0.677 0.654 0.633 0.613 0.593 0.573 0.555 0.539 0.525 0.513 0.510 0.514 0.518 0.523 0.528 0.533 0.571 0.632 0.697 0.768 0.843 0.923
0.000 0.000 0.000 0.000 0.000 0.000 0.000 0.000 0.000 0.000 0.002 0.012 0.021 0.029 0.037 0.043 0.048 0.047 0.047 0.047 0.047 0.046 0.050 0.065 0.079 0.091 0.101 0.110 0.118 0.126 0.133 0.139 0.144 0.147 0.158 0.189 0.218 0.244 0.267 0.287 0.314 0.370 0.425 0.479 0.532 0.583 0.620 0.635 0.649 0.663 0.677 0.691 0.692 0.672 0.655 0.639 0.624 0.611 0.599 0.587 0.578 0.571 0.566 0.563 0.565 0.570 0.576 0.582 0.589 0.596 0.639 0.720 0.807 0.898 0.994 1.094
0.000 0.000 0.000 0.000 0.000 0.000 0.000 0.000 0.000 0.000 0.001 0.008 0.014 0.019 0.024 0.027 0.030 0.029 0.028 0.027 0.026 0.024 0.024 0.032 0.039 0.044 0.047 0.049 0.050 0.052 0.053 0.053 0.061 0.069 0.082 0.117 0.152 0.187 0.222 0.256 0.294 0.346 0.396 0.445 0.492 0.539 0.577 0.591 0.605 0.620 0.634 0.648 0.654 0.642 0.631 0.621 0.614 0.607 0.602 0.600 0.600 0.602 0.606 0.611 0.619 0.626 0.633 0.641 0.649 0.657 0.702 0.804 0.915 1.111 1.330 1.571
0.000 0.000 0.000 0.000 0.000 0.000 0.000 0.000 0.000 0.000 0.000 0.004 0.007 0.010 0.011 0.012 0.012 0.010 0.008 0.006 0.004 0.002 0.000 0.004 0.008 0.012 0.016 0.020 0.023 0.031 0.039 0.046 0.054 0.062 0.072 0.106 0.140 0.174 0.208 0.241 0.276 0.323 0.368 0.412 0.455 0.496 0.533 0.548 0.562 0.576 0.591 0.605 0.616 0.610 0.606 0.603 0.601 0.602 0.604 0.611 0.619 0.630 0.643 0.658 0.686 0.722 0.772 0.837 0.916 1.009 1.151 1.402 1.676 1.973 2.292 2.634
0.000 0.000 0.000 0.000 0.000 0.000 0.000 0.000 0.000 0.000 0.000 0.001 0.001 0.001 0.000 0.002 0.004 0.006 0.006 0.005 0.004 0.003 0.000 0.003 0.006 0.009 0.012 0.014 0.017 0.024 0.032 0.039 0.047 0.055 0.063 0.095 0.128 0.161 0.194 0.227 0.260 0.301 0.341 0.380 0.418 0.455 0.490 0.504 0.519 0.533 0.548 0.562 0.576 0.577 0.579 0.587 0.596 0.608 0.622 0.648 0.679 0.714 0.754 0.798 0.852 0.951 1.064 1.192 1.334 1.490 1.688 2.040 2.414 2.811 3.231 3.673
0.000 0.000 0.000 0.000 0.000 0.000 0.000 0.001 0.003 0.005 0.006 0.008 0.010 0.013 0.015 0.017 0.019 0.019 0.017 0.014 0.010 0.006 0.001 0.002 0.004 0.006 0.008 0.009 0.011 0.017 0.025 0.032 0.040 0.048 0.056 0.084 0.116 0.149 0.181 0.213 0.245 0.280 0.315 0.349 0.382 0.414 0.450 0.470 0.489 0.507 0.525 0.542 0.559 0.571 0.585 0.601 0.619 0.638 0.659 0.704 0.755 0.810 0.869 0.933 1.003 1.165 1.342 1.532 1.737 1.956 2.202 2.654 3.129 3.626 4.146 4.689
0.001 0.004 0.007 0.009 0.012 0.014 0.016 0.017 0.019 0.020 0.021 0.022 0.025 0.027 0.029 0.031 0.034 0.033 0.028 0.022 0.016 0.010 0.003 0.001 0.002 0.003 0.004 0.005 0.005 0.010 0.018 0.025 0.033 0.041 0.049 0.073 0.105 0.141 0.177 0.214 0.251 0.287 0.322 0.356 0.388 0.419 0.448 0.468 0.485 0.502 0.518 0.534 0.549 0.568 0.590 0.614 0.639 0.666 0.695 0.756 0.826 0.901 0.980 1.063 1.151 1.365 1.604 1.858 2.125 2.407 2.703 3.245 3.820 4.418 5.038 5.681
0.022 0.024 0.026 0.029 0.031 0.033 0.034 0.034 0.035 0.035 0.035 0.036 0.039 0.041 0.043 0.046 0.048 0.047 0.040 0.032 0.023 0.014 0.005 0.000 0.000 0.001 0.000 0.000 0.000 0.005 0.015 0.027 0.039 0.053 0.067 0.095 0.133 0.170 0.208 0.246 0.284 0.317 0.346 0.374 0.400 0.425 0.449 0.467 0.482 0.497 0.511 0.526 0.539 0.563 0.593 0.624 0.657 0.692 0.729 0.803 0.893 0.987 1.086 1.189 1.297 1.550 1.852 2.169 2.499 2.929 3.402 4.098 4.831 5.564 6.296 7.027
0.042 0.044 0.046 0.048 0.050 0.052 0.052 0.052 0.051 0.051 0.050 0.050 0.053 0.055 0.058 0.060 0.063 0.062 0.052 0.048 0.043 0.036 0.027 0.022 0.021 0.019 0.016 0.011 0.004 0.006 0.021 0.037 0.055 0.073 0.093 0.121 0.160 0.199 0.238 0.277 0.317 0.348 0.371 0.393 0.414 0.433 0.450 0.466 0.479 0.492 0.505 0.518 0.530 0.557 0.594 0.633 0.674 0.717 0.761 0.846 0.998 1.189 1.406 1.650 1.920 2.330 2.810 3.306 3.819 4.349 4.895 5.580 6.309 7.038 7.765 8.492
0.063 0.065 0.066 0.068 0.070 0.071 0.070 0.069 0.068 0.067 0.065 0.067 0.083 0.097 0.109 0.120 0.129 0.133 0.125 0.115 0.103 0.090 0.075 0.061 0.054 0.045 0.035 0.024 0.010 0.006 0.026 0.047 0.069 0.092 0.117 0.147 0.187 0.227 0.267 0.308 0.349 0.381 0.398 0.414 0.428 0.442 0.453 0.465 0.477 0.489 0.500 0.515 0.533 0.574 0.649 0.738 0.839 0.953 1.080 1.283 1.564 1.872 2.206 2.566 2.952 3.436 3.989 4.559 5.146 5.750 6.370 7.061 7.786 8.510 9.234 9.956
0.084 0.085 0.087 0.088 0.096 0.123 0.143 0.158 0.170 0.178 0.182 0.184 0.193 0.201 0.207 0.212 0.214 0.214 0.200 0.183 0.165 0.145 0.124 0.103 0.089 0.073 0.056 0.038 0.018 0.004 0.029 0.055 0.082 0.110 0.140 0.172 0.213 0.255 0.296 0.338 0.381 0.415 0.428 0.441 0.453 0.464 0.473 0.484 0.502 0.521 0.541 0.561 0.582 0.642 0.775 0.920 1.078 1.250 1.434 1.705 2.103 2.527 2.977 3.454 3.957 4.523 5.150 5.794 6.455 7.133 7.827 8.541 9.262 9.982 10.701 11.419
0.170 0.195 0.224 0.254 0.287 0.322 0.330 0.332 0.331 0.325 0.316 0.303 0.305 0.307 0.307 0.305 0.301 0.295 0.276 0.253 0.228 0.202 0.175 0.146 0.125 0.103 0.079 0.054 0.027 0.002 0.031 0.062 0.094 0.135 0.178 0.222 0.270 0.316 0.359 0.401 0.441 0.475 0.484 0.492 0.498 0.504 0.508 0.514 0.536 0.559 0.582 0.606 0.631 0.696 0.886 1.089 1.304 1.532 1.773 2.100 2.614 3.154 3.721 4.314 4.933 5.592 6.293 7.011 7.746 8.497 9.265 10.020 10.737 11.452 12.120 12.643
0.325 0.359 0.396 0.434 0.475 0.519 0.521 0.510 0.495 0.476 0.453 0.426 0.418 0.414 0.407 0.399 0.389 0.378 0.353 0.324 0.293 0.261 0.227 0.192 0.173 0.158 0.142 0.124 0.104 0.083 0.122 0.165 0.207 0.249 0.291 0.332 0.371 0.409 0.444 0.477 0.509 0.538 0.541 0.544 0.545 0.545 0.544 0.544 0.569 0.595 0.622 0.650 0.679 0.738 0.984 1.244 1.516 1.801 2.100 2.467 3.098 3.755 4.438 5.147 5.882 6.642 7.389 8.113 8.812 9.488 10.139 10.732 11.210 11.656 12.071 12.454
0.478 0.520 0.565 0.612 0.661 0.713 0.715 0.691 0.662 0.629 0.593 0.553 0.533 0.522 0.510 0.495 0.487 0.477 0.458 0.436 0.415 0.396 0.379 0.363 0.343 0.321 0.297 0.272 0.245 0.216 0.243 0.284 0.325 0.365 0.404 0.443 0.475 0.504 0.530 0.555 0.578 0.600 0.600 0.597 0.593 0.587 0.581 0.573 0.601 0.631 0.662 0.694 0.726 0.765 1.069 1.386 1.731 2.160 2.603 3.084 3.857 4.627 5.395 6.160 6.923 7.670 8.311 8.929 9.523 10.093 10.640 11.133 11.471 11.778 12.052 12.295
0.629 0.679 0.732 0.787 0.844 0.904 0.913 0.875 0.834 0.808 0.768 0.712 0.679 0.670 0.659 0.646 0.632 0.616 0.599 0.584 0.570 0.557 0.546 0.536 0.515 0.486 0.454 0.421 0.387 0.351 0.366 0.404 0.443 0.480 0.518 0.554 0.580 0.600 0.619 0.635 0.650 0.663 0.659 0.651 0.642 0.631 0.619 0.612 0.682 0.775 0.885 1.012 1.156 1.316 1.740 2.203 2.681 3.173 3.680 4.201 4.954 5.713 6.470 7.223 7.975 8.720 9.256 9.769 10.257 10.722 11.163 11.565 11.763 11.930 12.065 12.168
0.777 0.844 0.953 1.060 1.163 1.263 1.304 1.256 1.194 1.117 1.026 0.920 0.848 0.833 0.816 0.798 0.778 0.757 0.739 0.730 0.722 0.716 0.711 0.708 0.689 0.652 0.613 0.573 0.531 0.487 0.488 0.525 0.561 0.596 0.631 0.666 0.687 0.699 0.712 0.736 0.756 0.771 0.786 0.808 0.837 0.871 0.912 0.960 1.085 1.253 1.437 1.637 1.854 2.088 2.546 3.074 3.615 4.171 4.741 5.326 6.052 6.800 7.545 8.288 9.028 9.765 10.223 10.630 11.014 11.373 11.708 12.020 12.086 12.113 12.108 12.071
1.265 1.367 1.465 1.561 1.653 1.742 1.778 1.679 1.567 1.439 1.297 1.141 1.017 0.997 0.975 0.951 0.925 0.898 0.877 0.874 0.873 0.873 0.875 0.878 0.864 0.819 0.773 0.725 0.676 0.629 0.655 0.722 0.783 0.836 0.881 0.920 0.945 0.958 0.967 0.971 0.970 0.965 0.987 1.037 1.093 1.156 1.225 1.300 1.471 1.712 1.970 2.244 2.535 2.843 3.337 3.928 4.533 5.152 5.786 6.434 7.151 7.888 8.622 9.353 10.082 10.808 11.213 11.515 11.793 12.047 12.277 12.411 12.233 12.007 11.770 11.522
1.802 1.892 1.980 2.064 2.145 2.223 2.264 2.115 1.952 1.774 1.582 1.375 1.189 1.162 1.135 1.105 1.074 1.042 1.013 1.017 1.025 1.061 1.094 1.123 1.139 1.126 1.119 1.115 1.117 1.122 1.142 1.177 1.205 1.226 1.240 1.247 1.246 1.239 1.227 1.211 1.190 1.164 1.180 1.258 1.343 1.433 1.530 1.634 1.839 2.154 2.485 2.833 3.198 3.579 4.112 4.766 5.435 6.118 6.815 7.527 8.252 8.977 9.667 10.285 10.864 11.405 11.617 11.666 11.686 11.679 11.644 11.581 11.363 11.090 10.805 10.510
