DATA/SHG/CPC/2018/20180629.asc
ncols        190
nrows        64
xllcorner    -5100000.000000000000
yllcorner    4130000.000000000000
cellsize     10000.000000000000
NODATA_value  -99999.000
[rows 0 to 33 of 64, columns 0 to 74 of 190]
0.004 0.010 0.017 0.024 0.031 0.039 0.048 0.058 0.069 0.081 0.093 0.105 0.129 0.157 0.186 0.215 0.245 0.276 0.337 0.411 0.487 0.562 0.638 0.715 0.850 1.014 1.176 1.336 1.494 1.651 1.826 2.012 2.197 2.382 2.566 2.749 2.888 2.997 3.108 3.218 3.330 3.441 3.531 3.603 3.674 3.744 3.813 3.882 3.963 4.057 4.152 4.248 4.344 4.442 4.568 4.724 4.882 5.039 5.197 5.355 5.494 5.608 5.719 5.827 5.932 6.034 6.134 6.233 6.330 6.426 6.520 6.612 6.729 6.893 7.055
0.009 0.017 0.025 0.033 0.041 0.049 0.060 0.072 0.085 0.098 0.112 0.126 0.150 0.180 0.211 0.243 0.275 0.308 0.365 0.441 0.518 0.595 0.673 0.751 0.871 1.029 1.185 1.339 1.491 1.642 1.807 1.990 2.171 2.352 2.531 2.709 2.857 2.968 3.080 3.193 3.305 3.419 3.514 3.584 3.652 3.720 3.787 3.853 3.930 4.027 4.125 4.224 4.323 4.423 4.544 4.701 4.860 5.018 5.177 5.320 5.430 5.503 5.574 5.641 5.706 5.769 5.838 5.931 6.023 6.112 6.200 6.286 6.387 6.545 6.702
0.017 0.025 0.033 0.042 0.050 0.059 0.070 0.085 0.099 0.115 0.130 0.147 0.170 0.203 0.236 0.270 0.305 0.340 0.393 0.471 0.550 0.631 0.711 0.792 0.899 1.051 1.200 1.347 1.492 1.635 1.789 1.968 2.145 2.322 2.497 2.671 2.825 2.938 3.052 3.166 3.281 3.396 3.498 3.565 3.631 3.696 3.761 3.825 3.896 3.996 4.097 4.199 4.297 4.391 4.492 4.627 4.756 4.877 4.992 5.100 5.195 5.259 5.321 5.379 5.435 5.489 5.545 5.632 5.717 5.800 5.882 5.961 6.047 6.200 6.351
0.024 0.033 0.041 0.050 0.060 0.069 0.080 0.097 0.113 0.131 0.148 0.167 0.190 0.228 0.267 0.307 0.346 0.385 0.435 0.516 0.596 0.676 0.757 0.837 0.932 1.076 1.218 1.358 1.495 1.631 1.772 1.947 2.120 2.293 2.464 2.633 2.793 2.908 3.023 3.139 3.255 3.372 3.482 3.547 3.610 3.677 3.742 3.806 3.872 3.967 4.060 4.149 4.235 4.318 4.400 4.511 4.616 4.713 4.804 4.887 4.963 5.018 5.071 5.120 5.167 5.212 5.254 5.334 5.413 5.491 5.566 5.640 5.711 5.856 6.002
0.031 0.040 0.049 0.059 0.069 0.079 0.093 0.115 0.138 0.163 0.188 0.214 0.243 0.283 0.322 0.361 0.400 0.438 0.482 0.562 0.642 0.722 0.802 0.882 0.967 1.104 1.238 1.370 1.500 1.629 1.757 1.927 2.097 2.265 2.432 2.597 2.761 2.878 2.997 3.118 3.241 3.365 3.492 3.557 3.620 3.682 3.743 3.802 3.859 3.943 4.024 4.102 4.177 4.249 4.317 4.402 4.483 4.556 4.622 4.682 4.734 4.780 4.823 4.864 4.902 4.938 4.970 5.039 5.112 5.193 5.287 5.377 5.462 5.602 5.747
0.040 0.052 0.065 0.080 0.095 0.111 0.128 0.154 0.181 0.208 0.238 0.268 0.299 0.338 0.376 0.415 0.453 0.491 0.530 0.608 0.688 0.768 0.848 0.928 1.007 1.133 1.260 1.385 1.508 1.629 1.749 1.915 2.083 2.248 2.411 2.571 2.728 2.856 2.981 3.109 3.238 3.370 3.503 3.574 3.632 3.689 3.745 3.799 3.852 3.921 3.991 4.058 4.122 4.182 4.240 4.300 4.356 4.405 4.448 4.483 4.511 4.545 4.594 4.655 4.714 4.772 4.828 4.910 4.997 5.080 5.158 5.232 5.301 5.409 5.528
0.056 0.071 0.087 0.105 0.123 0.142 0.162 0.191 0.221 0.253 0.286 0.320 0.355 0.393 0.431 0.469 0.507 0.545 0.582 0.654 0.734 0.814 0.893 0.972 1.049 1.162 1.284 1.407 1.531 1.655 1.780 1.932 2.091 2.246 2.399 2.549 2.697 2.832 2.964 3.098 3.234 3.372 3.512 3.592 3.646 3.698 3.748 3.798 3.846 3.902 3.961 4.017 4.070 4.119 4.165 4.216 4.268 4.318 4.364 4.408 4.449 4.500 4.557 4.612 4.665 4.717 4.767 4.832 4.904 4.971 5.033 5.092 5.145 5.223 5.317
0.071 0.088 0.108 0.129 0.150 0.173 0.196 0.227 0.261 0.297 0.333 0.371 0.409 0.448 0.485 0.523 0.564 0.605 0.646 0.713 0.791 0.867 0.940 1.011 1.080 1.184 1.308 1.433 1.558 1.684 1.811 1.952 2.101 2.247 2.390 2.531 2.669 2.806 2.945 3.086 3.228 3.373 3.520 3.612 3.660 3.708 3.753 3.798 3.846 3.902 3.962 4.021 4.080 4.137 4.194 4.245 4.287 4.327 4.364 4.398 4.429 4.470 4.521 4.570 4.618 4.664 4.709 4.759 4.815 4.866 4.913 4.956 4.993 5.045 5.113
0.086 0.105 0.128 0.152 0.176 0.202 0.229 0.262 0.300 0.344 0.390 0.436 0.484 0.529 0.570 0.611 0.651 0.691 0.730 0.785 0.855 0.923 0.989 1.052 1.113 1.205 1.331 1.458 1.585 1.713 1.841 1.975 2.114 2.251 2.384 2.515 2.643 2.778 2.923 3.071 3.220 3.360 3.498 3.594 3.640 3.691 3.749 3.812 3.881 3.949 4.006 4.063 4.119 4.174 4.229 4.275 4.308 4.338 4.366 4.390 4.412 4.441 4.487 4.530 4.572 4.613 4.651 4.691 4.731 4.766 4.797 4.824 4.847 4.884 4.942
0.101 0.121 0.152 0.184 0.218 0.253 0.289 0.330 0.377 0.425 0.475 0.525 0.575 0.622 0.662 0.701 0.739 0.776 0.813 0.860 0.922 0.982 1.040 1.095 1.148 1.226 1.354 1.483 1.611 1.741 1.870 2.001 2.131 2.255 2.371 2.487 2.602 2.726 2.865 3.002 3.138 3.273 3.407 3.519 3.586 3.658 3.736 3.820 3.910 3.995 4.050 4.105 4.158 4.211 4.264 4.309 4.332 4.353 4.370 4.385 4.398 4.414 4.454 4.492 4.528 4.564 4.602 4.639 4.670 4.698 4.723 4.744 4.761 4.783 4.836
0.143 0.170 0.205 0.242 0.280 0.320 0.360 0.404 0.454 0.506 0.558 0.612 0.666 0.717 0.754 0.791 0.827 0.863 0.898 0.937 0.991 1.043 1.093 1.140 1.186 1.247 1.374 1.496 1.615 1.731 1.845 1.957 2.073 2.189 2.305 2.422 2.539 2.659 2.793 2.926 3.058 3.188 3.317 3.439 3.526 3.619 3.718 3.823 3.934 4.042 4.095 4.147 4.198 4.249 4.299 4.345 4.359 4.370 4.376 4.381 4.385 4.393 4.432 4.469 4.507 4.545 4.582 4.618 4.637 4.653 4.665 4.674 4.679 4.683 4.732
0.188 0.217 0.257 0.299 0.341 0.385 0.430 0.477 0.530 0.585 0.641 0.698 0.755 0.812 0.847 0.882 0.916 0.949 0.982 1.013 1.054 1.094 1.131 1.167 1.200 1.237 1.352 1.464 1.574 1.681 1.786 1.889 2.005 2.122 2.240 2.357 2.475 2.593 2.723 2.851 2.979 3.104 3.229 3.352 3.460 3.574 3.694 3.820 3.951 4.089 4.141 4.183 4.222 4.261 4.302 4.343 4.349 4.354 4.360 4.366 4.372 4.379 4.415 4.452 4.489 4.526 4.562 4.598 4.607 4.611 4.611 4.607 4.600 4.589 4.629
0.232 0.264 0.308 0.353 0.400 0.448 0.498 0.548 0.605 0.663 0.723 0.783 0.842 0.901 0.932 0.960 0.987 1.012 1.035 1.057 1.091 1.123 1.154 1.182 1.209 1.233 1.332 1.435 1.536 1.634 1.730 1.823 1.938 2.056 2.174 2.292 2.411 2.530 2.654 2.778 2.901 3.022 3.142 3.261 3.389 3.520 3.651 3.781 3.912 4.043 4.097 4.139 4.181 4.225 4.270 4.316 4.329 4.336 4.343 4.350 4.358 4.367 4.398 4.435 4.471 4.507 4.543 4.578 4.581 4.572 4.560 4.544 4.524 4.502 4.527
0.274 0.310 0.357 0.407 0.458 0.513 0.569 0.624 0.683 0.742 0.801 0.859 0.917 0.975 1.006 1.028 1.049 1.069 1.087 1.104 1.129 1.154 1.178 1.200 1.220 1.237 1.315 1.409 1.501 1.590 1.676 1.760 1.870 1.989 2.108 2.227 2.346 2.464 2.583 2.703 2.824 2.946 3.069 3.192 3.321 3.452 3.583 3.714 3.846 3.977 4.047 4.093 4.139 4.187 4.237 4.287 4.308 4.317 4.325 4.335 4.344 4.355 4.382 4.418 4.453 4.488 4.523 4.558 4.558 4.539 4.521 4.504 4.486 4.469 4.492
0.331 0.376 0.429 0.484 0.539 0.595 0.650 0.706 0.763 0.821 0.878 0.935 0.992 1.049 1.080 1.098 1.114 1.128 1.141 1.152 1.169 1.188 1.204 1.219 1.232 1.243 1.301 1.386 1.469 1.548 1.622 1.693 1.791 1.907 2.024 2.142 2.261 2.379 2.501 2.624 2.748 2.872 2.998 3.124 3.253 3.384 3.516 3.647 3.779 3.911 3.996 4.045 4.096 4.149 4.202 4.257 4.287 4.297 4.307 4.318 4.330 4.342 4.367 4.403 4.438 4.472 4.506 4.539 4.546 4.528 4.511 4.495 4.478 4.462 4.473
0.407 0.457 0.510 0.565 0.621 0.676 0.732 0.787 0.844 0.900 0.956 1.012 1.068 1.123 1.157 1.169 1.179 1.188 1.196 1.202 1.211 1.223 1.233 1.239 1.243 1.244 1.279 1.351 1.420 1.487 1.550 1.610 1.696 1.815 1.934 2.053 2.174 2.295 2.418 2.544 2.670 2.798 2.926 3.055 3.185 3.317 3.449 3.580 3.713 3.845 3.943 3.997 4.052 4.109 4.167 4.226 4.264 4.276 4.289 4.303 4.319 4.335 4.360 4.393 4.426 4.459 4.491 4.522 4.534 4.518 4.501 4.485 4.470 4.454 4.456
0.482 0.536 0.591 0.646 0.702 0.758 0.813 0.869 0.925 0.980 1.035 1.089 1.143 1.197 1.235 1.241 1.246 1.249 1.250 1.250 1.251 1.253 1.253 1.250 1.245 1.237 1.252 1.313 1.372 1.428 1.481 1.530 1.601 1.721 1.843 1.964 2.087 2.209 2.334 2.463 2.592 2.722 2.853 2.985 3.117 3.249 3.381 3.515 3.654 3.792 3.906 3.965 4.024 4.081 4.137 4.193 4.237 4.253 4.270 4.288 4.308 4.328 4.352 4.384 4.415 4.446 4.475 4.505 4.522 4.506 4.491 4.476 4.461 4.446 4.441
0.556 0.614 0.672 0.727 0.783 0.839 0.894 0.950 1.008 1.065 1.120 1.173 1.224 1.272 1.309 1.310 1.309 1.307 1.303 1.298 1.292 1.285 1.276 1.265 1.250 1.234 1.228 1.279 1.327 1.372 1.415 1.454 1.505 1.628 1.751 1.875 1.999 2.124 2.250 2.381 2.516 2.656 2.799 2.942 3.086 3.225 3.362 3.498 3.634 3.768 3.890 3.946 4.001 4.056 4.109 4.162 4.209 4.229 4.250 4.272 4.295 4.320 4.346 4.375 4.405 4.433 4.461 4.488 4.510 4.495 4.480 4.466 4.447 4.403 4.358
0.629 0.692 0.757 0.816 0.876 0.937 0.999 1.061 1.123 1.173 1.220 1.265 1.308 1.349 1.385 1.381 1.375 1.367 1.358 1.348 1.336 1.320 1.302 1.281 1.258 1.233 1.207 1.248 1.285 1.320 1.352 1.380 1.409 1.538 1.672 1.804 1.937 2.069 2.200 2.343 2.488 2.634 2.781 2.930 3.080 3.215 3.349 3.482 3.614 3.746 3.875 3.928 3.980 4.031 4.081 4.131 4.179 4.203 4.228 4.254 4.282 4.310 4.340 4.367 4.395 4.417 4.428 4.432 4.431 4.389 4.342 4.292 4.238 4.181 4.119
0.715 0.784 0.855 0.918 0.980 1.044 1.108 1.173 1.239 1.283 1.322 1.360 1.395 1.428 1.459 1.453 1.442 1.429 1.415 1.399 1.381 1.357 1.330 1.301 1.269 1.234 1.194 1.216 1.247 1.280 1.314 1.349 1.387 1.508 1.640 1.771 1.902 2.032 2.162 2.308 2.458 2.609 2.762 2.916 3.072 3.207 3.338 3.467 3.596 3.724 3.851 3.910 3.959 4.008 4.055 4.101 4.147 4.177 4.207 4.236 4.264 4.291 4.315 4.324 4.326 4.322 4.312 4.296 4.274 4.223 4.163 4.100 4.033 3.962 3.888
0.799 0.874 0.950 1.018 1.083 1.149 1.216 1.284 1.352 1.394 1.426 1.456 1.484 1.509 1.533 1.527 1.510 1.492 1.472 1.449 1.420 1.384 1.343 1.301 1.256 1.208 1.159 1.172 1.208 1.247 1.286 1.328 1.370 1.479 1.609 1.738 1.867 1.996 2.124 2.271 2.426 2.583 2.741 2.901 3.063 3.200 3.327 3.454 3.579 3.703 3.827 3.894 3.941 3.989 4.038 4.088 4.139 4.173 4.198 4.221 4.243 4.262 4.280 4.275 4.256 4.232 4.201 4.165 4.123 4.060 3.988 3.912 3.832 3.748 3.661
0.882 0.962 1.044 1.118 1.186 1.254 1.323 1.394 1.464 1.508 1.533 1.555 1.581 1.605 1.628 1.624 1.598 1.566 1.529 1.487 1.440 1.391 1.343 1.292 1.239 1.184 1.126 1.126 1.168 1.212 1.257 1.304 1.353 1.450 1.578 1.706 1.833 1.960 2.087 2.233 2.393 2.555 2.719 2.884 3.051 3.192 3.315 3.438 3.559 3.679 3.798 3.876 3.927 3.978 4.030 4.084 4.138 4.172 4.191 4.208 4.223 4.236 4.247 4.231 4.192 4.147 4.097 4.040 3.978 3.902 3.817 3.727 3.634 3.538 3.437
0.962 1.048 1.136 1.216 1.288 1.364 1.440 1.517 1.593 1.646 1.670 1.692 1.713 1.733 1.751 1.742 1.697 1.647 1.592 1.531 1.465 1.402 1.345 1.286 1.225 1.161 1.095 1.079 1.127 1.176 1.227 1.279 1.333 1.421 1.548 1.674 1.800 1.924 2.049 2.191 2.356 2.523 2.691 2.861 3.032 3.181 3.301 3.420 3.538 3.655 3.771 3.857 3.911 3.966 4.022 4.078 4.136 4.173 4.186 4.196 4.205 4.211 4.216 4.193 4.133 4.068 3.998 3.921 3.838 3.751 3.661 3.568 3.471 3.371 3.267
1.064 1.161 1.258 1.350 1.427 1.503 1.580 1.657 1.734 1.794 1.813 1.830 1.847 1.862 1.876 1.866 1.803 1.734 1.660 1.581 1.496 1.414 1.350 1.282 1.213 1.141 1.067 1.030 1.084 1.138 1.198 1.256 1.312 1.389 1.513 1.637 1.761 1.884 2.007 2.145 2.315 2.487 2.661 2.836 3.013 3.172 3.288 3.403 3.518 3.631 3.744 3.838 3.895 3.953 4.012 4.072 4.133 4.177 4.182 4.186 4.188 4.188 4.186 4.160 4.085 4.006 3.924 3.840 3.752 3.659 3.557 3.452 3.344 3.232 3.116
1.189 1.289 1.390 1.488 1.565 1.642 1.719 1.797 1.874 1.942 1.957 1.970 1.982 1.992 2.001 1.996 1.914 1.826 1.734 1.636 1.532 1.430 1.357 1.286 1.216 1.145 1.074 1.023 1.081 1.136 1.190 1.242 1.292 1.353 1.477 1.599 1.722 1.844 1.966 2.097 2.273 2.450 2.629 2.810 2.992 3.163 3.276 3.388 3.499 3.609 3.718 3.817 3.878 3.939 4.001 4.061 4.118 4.164 4.161 4.158 4.155 4.153 4.151 4.134 4.048 3.959 3.866 3.771 3.673 3.570 3.457 3.340 3.219 3.096 2.969
1.314 1.417 1.521 1.626 1.703 1.781 1.858 1.936 2.014 2.092 2.102 2.111 2.118 2.124 2.128 2.127 2.013 1.901 1.789 1.678 1.569 1.460 1.389 1.318 1.247 1.176 1.105 1.035 1.087 1.136 1.184 1.230 1.274 1.318 1.440 1.562 1.684 1.805 1.925 2.047 2.229 2.411 2.596 2.781 2.969 3.155 3.264 3.373 3.472 3.573 3.678 3.785 3.842 3.900 3.957 4.013 4.069 4.122 4.120 4.119 4.117 4.116 4.115 4.110 4.013 3.914 3.811 3.706 3.597 3.485 3.360 3.231 3.099 2.963 2.824
1.437 1.543 1.650 1.758 1.841 1.919 1.997 2.075 2.154 2.225 2.231 2.222 2.207 2.187 2.163 2.133 2.034 1.925 1.817 1.709 1.603 1.498 1.422 1.351 1.279 1.208 1.136 1.064 1.094 1.138 1.179 1.219 1.258 1.294 1.405 1.525 1.646 1.765 1.885 2.004 2.183 2.355 2.526 2.699 2.872 3.047 3.157 3.264 3.376 3.491 3.611 3.736 3.799 3.855 3.911 3.966 4.021 4.075 4.080 4.079 4.079 4.079 4.079 4.080 3.982 3.872 3.759 3.643 3.524 3.402 3.266 3.125 2.981 2.845 2.724
1.559 1.686 1.822 1.954 2.053 2.129 2.196 2.253 2.300 2.337 2.331 2.304 2.271 2.234 2.191 2.144 2.054 1.948 1.843 1.740 1.637 1.535 1.455 1.383 1.311 1.239 1.167 1.095 1.104 1.141 1.177 1.211 1.243 1.273 1.346 1.445 1.546 1.648 1.752 1.857 2.013 2.187 2.362 2.538 2.715 2.893 3.026 3.148 3.275 3.406 3.541 3.680 3.756 3.811 3.865 3.919 3.973 4.026 4.039 4.039 4.040 4.042 4.043 4.045 3.954 3.833 3.716 3.604 3.493 3.382 3.264 3.144 3.026 2.909 2.793
1.903 2.028 2.149 2.266 2.346 2.388 2.421 2.443 2.457 2.460 2.436 2.391 2.341 2.286 2.226 2.160 2.073 1.970 1.869 1.768 1.669 1.571 1.488 1.415 1.343 1.271 1.196 1.103 1.070 1.080 1.087 1.091 1.092 1.091 1.151 1.255 1.361 1.469 1.579 1.689 1.840 2.018 2.197 2.376 2.557 2.738 2.891 3.028 3.170 3.316 3.466 3.621 3.714 3.767 3.820 3.873 3.925 3.977 3.997 4.001 4.008 4.017 4.028 4.041 3.974 3.864 3.753 3.644 3.535 3.426 3.313 3.198 3.084 2.972 2.861
2.265 2.375 2.481 2.583 2.649 2.657 2.656 2.645 2.623 2.593 2.546 2.483 2.416 2.343 2.265 2.182 2.090 1.991 1.893 1.796 1.692 1.578 1.470 1.378 1.285 1.190 1.093 0.994 0.938 0.938 0.936 0.931 0.923 0.912 0.954 1.064 1.176 1.289 1.404 1.520 1.667 1.848 2.030 2.214 2.398 2.583 2.752 2.904 3.061 3.222 3.387 3.557 3.666 3.713 3.763 3.817 3.874 3.935 3.972 3.984 3.998 4.014 4.032 4.052 4.007 3.898 3.790 3.683 3.576 3.470 3.361 3.251 3.142 3.034 2.927
2.630 2.726 2.817 2.903 2.963 2.937 2.901 2.856 2.801 2.736 2.662 2.581 2.521 2.471 2.395 2.294 2.177 2.068 1.949 1.821 1.683 1.535 1.395 1.297 1.197 1.096 0.992 0.887 0.809 0.800 0.788 0.773 0.756 0.736 0.755 0.871 0.988 1.107 1.228 1.350 1.492 1.677 1.863 2.050 2.238 2.426 2.604 2.766 2.930 3.095 3.263 3.432 3.564 3.623 3.685 3.750 3.819 3.891 3.945 3.964 3.985 4.008 4.034 4.061 4.039 3.932 3.826 3.721 3.617 3.513 3.408 3.302 3.197 3.094 2.992
3.000 3.081 3.156 3.228 3.287 3.253 3.237 3.225 3.217 3.214 3.208 3.120 3.007 2.868 2.705 2.517 2.313 2.170 2.018 1.856 1.684 1.502 1.322 1.218 1.112 1.004 0.894 0.782 0.682 0.664 0.643 0.619 0.593 0.564 0.556 0.677 0.800 0.924 1.056 1.188 1.327 1.516 1.703 1.890 2.075 2.260 2.441 2.610 2.780 2.952 3.127 3.303 3.458 3.529 3.603 3.680 3.760 3.844 3.917 3.943 3.971 4.001 4.033 4.067 4.070 3.966 3.862 3.759 3.656 3.555 3.450 3.337 3.232 3.135 3.046
3.350 3.447 3.560 3.691 3.839 3.847 3.846 3.849 3.856 3.868 3.883 3.719 3.518 3.293 3.042 2.767 2.466 2.283 2.097 1.901 1.695 1.479 1.254 1.141 1.028 0.914 0.797 0.679 0.559 0.531 0.501 0.476 0.452 0.428 0.406 0.538 0.669 0.798 0.925 1.051 1.177 1.363 1.547 1.731 1.914 2.096 2.276 2.452 2.629 2.808 2.989 3.172 3.350 3.432 3.517 3.606 3.698 3.794 3.887 3.920 3.955 3.992 4.031 4.063 4.062 3.936 3.815 3.699 3.588 3.483 3.383 3.297 3.219 3.149 3.087
3.648 3.805 3.979 4.170 4.378 4.436 4.449 4.467 4.489 4.516 4.546 4.344 4.056 3.743 3.405 3.042 2.655 2.406 2.186 1.956 1.716 1.467 1.208 1.065 0.947 0.828 0.709 0.590 0.470 0.432 0.408 0.384 0.362 0.339 0.317 0.424 0.549 0.673 0.795 0.916 1.036 1.211 1.392 1.573 1.753 1.932 2.110 2.292 2.476 2.662 2.850 3.039 3.231 3.332 3.429 3.529 3.625 3.712 3.800 3.819 3.832 3.845 3.857 3.868 3.878 3.774 3.671 3.573 3.480 3.392 3.309 3.250 3.199 3.156 3.120
