DATA/SHG/CPC/2018/20180312.asc
ncols        190
nrows        64
xllcorner    -5100000.000000000000
yllcorner    4130000.000000000000
cellsize     10000.000000000000
NODATA_value  -99999.000
[rows 0 to 33 of 64, columns 0 to 76 of 190]
0.000 0.000 0.000 0.000 0.000 0.000 0.000 0.000 0.000 0.000 0.000 0.000 0.000 0.000 0.000 0.000 0.000 0.000 0.000 0.000 0.000 0.000 0.000 0.000 0.000 0.000 0.000 0.000 0.000 0.000 0.000 0.000 0.000 0.000 0.000 0.000 0.018 0.050 0.082 0.115 0.148 0.182 0.198 0.198 0.199 0.199 0.200 0.201 0.198 0.192 0.185 0.179 0.172 0.166 0.159 0.153 0.146 0.139 0.132 0.125 0.118 0.112 0.105 0.099 0.092 0.085 0.079 0.074 0.069 0.064 0.059 0.053 0.047 0.041 0.036 0.031 0.025
0.000 0.000 0.000 0.000 0.000 0.000 0.000 0.000 0.000 0.000 0.000 0.000 0.000 0.000 0.000 0.000 0.000 0.000 0.000 0.000 0.000 0.000 0.000 0.000 0.000 0.000 0.000 0.000 0.000 0.000 0.000 0.000 0.000 0.000 0.000 0.000 0.015 0.049 0.083 0.118 0.154 0.190 0.212 0.213 0.214 0.215 0.215 0.216 0.214 0.208 0.201 0.195 0.188 0.181 0.174 0.167 0.159 0.152 0.144 0.137 0.131 0.125 0.119 0.112 0.106 0.099 0.092 0.086 0.080 0.074 0.068 0.061 0.055 0.050 0.045 0.040 0.035
0.000 0.000 0.000 0.000 0.000 0.000 0.000 0.000 0.000 0.000 0.000 0.000 0.000 0.000 0.000 0.000 0.000 0.000 0.000 0.000 0.000 0.000 0.000 0.000 0.000 0.000 0.000 0.000 0.000 0.000 0.000 0.000 0.000 0.000 0.000 0.000 0.011 0.047 0.084 0.121 0.159 0.198 0.227 0.228 0.229 0.230 0.231 0.232 0.231 0.224 0.217 0.210 0.204 0.197 0.191 0.184 0.177 0.171 0.164 0.157 0.149 0.143 0.136 0.128 0.121 0.113 0.105 0.098 0.092 0.085 0.078 0.070 0.063 0.058 0.054 0.049 0.045
0.000 0.000 0.000 0.000 0.000 0.000 0.000 0.000 0.000 0.000 0.000 0.000 0.000 0.000 0.000 0.000 0.000 0.000 0.000 0.000 0.000 0.000 0.000 0.000 0.000 0.000 0.000 0.000 0.000 0.000 0.000 0.000 0.000 0.000 0.000 0.000 0.006 0.045 0.084 0.123 0.164 0.205 0.241 0.242 0.244 0.245 0.248 0.250 0.251 0.245 0.238 0.232 0.225 0.219 0.212 0.205 0.198 0.191 0.184 0.176 0.168 0.161 0.153 0.144 0.136 0.127 0.118 0.111 0.103 0.095 0.088 0.079 0.071 0.067 0.063 0.059 0.055
0.000 0.000 0.000 0.000 0.000 0.000 0.000 0.000 0.000 0.000 0.000 0.000 0.000 0.000 0.000 0.000 0.000 0.000 0.000 0.000 0.000 0.000 0.000 0.000 0.000 0.000 0.000 0.000 0.000 0.000 0.000 0.000 0.000 0.000 0.000 0.000 0.001 0.042 0.083 0.126 0.169 0.214 0.259 0.261 0.264 0.266 0.268 0.271 0.273 0.267 0.260 0.254 0.247 0.240 0.234 0.226 0.219 0.211 0.203 0.196 0.188 0.179 0.170 0.161 0.151 0.142 0.131 0.123 0.115 0.107 0.100 0.092 0.084 0.080 0.076 0.073 0.069
0.000 0.000 0.000 0.000 0.000 0.000 0.000 0.000 0.000 0.000 0.000 0.000 0.000 0.000 0.000 0.000 0.000 0.000 0.000 0.000 0.000 0.000 0.000 0.000 0.000 0.000 0.000 0.000 0.000 0.000 0.000 0.000 0.000 0.000 0.000 0.000 0.000 0.039 0.083 0.129 0.176 0.223 0.272 0.281 0.284 0.286 0.289 0.291 0.294 0.289 0.282 0.276 0.269 0.262 0.255 0.247 0.240 0.232 0.224 0.215 0.207 0.198 0.189 0.181 0.173 0.165 0.156 0.149 0.140 0.132 0.122 0.113 0.102 0.096 0.092 0.088 0.083
0.000 0.000 0.000 0.000 0.000 0.000 0.000 0.000 0.000 0.000 0.000 0.000 0.000 0.000 0.000 0.000 0.000 0.000 0.000 0.000 0.000 0.000 0.000 0.000 0.000 0.000 0.000 0.000 0.000 0.000 0.000 0.000 0.000 0.000 0.000 0.000 0.000 0.035 0.083 0.132 0.181 0.232 0.284 0.301 0.304 0.306 0.309 0.312 0.315 0.311 0.305 0.298 0.291 0.284 0.277 0.270 0.263 0.257 0.251 0.245 0.239 0.232 0.223 0.215 0.206 0.197 0.188 0.178 0.168 0.157 0.145 0.133 0.121 0.112 0.108 0.102 0.097
0.000 0.000 0.000 0.000 0.000 0.000 0.000 0.000 0.000 0.000 0.000 0.000 0.000 0.000 0.000 0.000 0.000 0.000 0.000 0.000 0.000 0.000 0.000 0.000 0.000 0.000 0.000 0.000 0.000 0.000 0.000 0.000 0.000 0.000 0.000 0.000 0.000 0.030 0.081 0.133 0.186 0.240 0.295 0.320 0.323 0.326 0.330 0.333 0.336 0.335 0.329 0.323 0.318 0.313 0.308 0.303 0.297 0.291 0.285 0.280 0.274 0.267 0.258 0.249 0.239 0.229 0.219 0.208 0.196 0.183 0.169 0.155 0.140 0.129 0.123 0.118 0.112
0.000 0.000 0.000 0.000 0.000 0.000 0.000 0.000 0.000 0.000 0.000 0.000 0.000 0.000 0.000 0.000 0.000 0.000 0.000 0.000 0.000 0.000 0.000 0.000 0.000 0.000 0.000 0.000 0.000 0.000 0.000 0.000 0.000 0.000 0.000 0.000 0.000 0.024 0.078 0.134 0.190 0.246 0.304 0.338 0.342 0.346 0.350 0.355 0.361 0.362 0.357 0.353 0.348 0.344 0.340 0.336 0.330 0.325 0.319 0.314 0.309 0.303 0.293 0.283 0.272 0.262 0.251 0.239 0.224 0.209 0.193 0.177 0.161 0.155 0.156 0.158 0.160
0.000 0.000 0.000 0.000 0.000 0.000 0.000 0.000 0.000 0.000 0.000 0.000 0.000 0.000 0.000 0.000 0.000 0.000 0.000 0.000 0.000 0.000 0.000 0.000 0.000 0.000 0.000 0.000 0.000 0.000 0.000 0.000 0.000 0.000 0.000 0.000 0.000 0.017 0.074 0.132 0.190 0.250 0.309 0.354 0.359 0.365 0.371 0.378 0.385 0.389 0.385 0.381 0.378 0.375 0.372 0.368 0.363 0.358 0.353 0.349 0.344 0.338 0.328 0.317 0.306 0.296 0.290 0.284 0.274 0.264 0.254 0.244 0.235 0.227 0.229 0.231 0.232
0.000 0.000 0.000 0.000 0.000 0.000 0.000 0.000 0.000 0.000 0.000 0.000 0.000 0.000 0.000 0.000 0.000 0.000 0.000 0.000 0.000 0.000 0.000 0.000 0.000 0.000 0.000 0.000 0.000 0.000 0.000 0.000 0.000 0.000 0.000 0.000 0.000 0.010 0.069 0.129 0.190 0.252 0.314 0.369 0.376 0.383 0.391 0.399 0.408 0.416 0.413 0.410 0.407 0.405 0.403 0.401 0.396 0.392 0.388 0.387 0.386 0.385 0.379 0.373 0.368 0.364 0.360 0.357 0.347 0.337 0.328 0.318 0.309 0.300 0.302 0.303 0.304
0.000 0.000 0.000 0.000 0.000 0.000 0.000 0.000 0.000 0.000 0.000 0.000 0.000 0.000 0.000 0.000 0.000 0.000 0.000 0.000 0.000 0.000 0.000 0.000 0.000 0.000 0.000 0.000 0.000 0.000 0.000 0.000 0.000 0.000 0.000 0.000 0.000 0.001 0.063 0.126 0.189 0.253 0.318 0.384 0.392 0.401 0.411 0.421 0.431 0.442 0.440 0.438 0.436 0.436 0.436 0.438 0.437 0.437 0.437 0.439 0.441 0.444 0.440 0.437 0.434 0.432 0.430 0.429 0.420 0.411 0.401 0.392 0.383 0.374 0.374 0.375 0.377
0.000 0.000 0.000 0.000 0.000 0.000 0.000 0.000 0.000 0.000 0.000 0.000 0.000 0.000 0.000 0.000 0.000 0.000 0.000 0.000 0.000 0.000 0.000 0.000 0.000 0.000 0.000 0.000 0.000 0.000 0.000 0.000 0.000 0.000 0.000 0.000 0.000 0.000 0.057 0.122 0.188 0.254 0.322 0.390 0.404 0.411 0.420 0.430 0.443 0.458 0.461 0.462 0.464 0.467 0.471 0.477 0.479 0.482 0.485 0.490 0.495 0.501 0.501 0.499 0.499 0.498 0.499 0.500 0.493 0.484 0.475 0.466 0.457 0.448 0.447 0.448 0.460
0.000 0.000 0.000 0.000 0.000 0.000 0.000 0.000 0.000 0.000 0.000 0.000 0.000 0.000 0.000 0.000 0.000 0.000 0.000 0.000 0.000 0.000 0.000 0.000 0.000 0.000 0.000 0.000 0.000 0.000 0.000 0.000 0.000 0.000 0.000 0.000 0.000 0.003 0.053 0.118 0.181 0.242 0.300 0.356 0.380 0.394 0.411 0.429 0.449 0.471 0.481 0.485 0.491 0.498 0.505 0.514 0.520 0.526 0.533 0.540 0.548 0.557 0.561 0.561 0.563 0.565 0.567 0.570 0.565 0.564 0.565 0.570 0.577 0.586 0.602 0.622 0.643
0.000 0.000 0.000 0.000 0.000 0.000 0.000 0.000 0.000 0.000 0.000 0.000 0.000 0.000 0.000 0.000 0.000 0.000 0.000 0.000 0.000 0.000 0.000 0.000 0.000 0.000 0.000 0.000 0.000 0.000 0.005 0.009 0.014 0.017 0.020 0.022 0.024 0.025 0.060 0.117 0.172 0.225 0.276 0.324 0.355 0.376 0.399 0.425 0.452 0.482 0.499 0.508 0.517 0.527 0.538 0.551 0.561 0.569 0.579 0.589 0.601 0.613 0.621 0.627 0.636 0.647 0.660 0.676 0.687 0.695 0.706 0.719 0.735 0.753 0.775 0.800 0.826
0.000 0.000 0.000 0.000 0.000 0.000 0.000 0.000 0.000 0.000 0.000 0.000 0.000 0.000 0.000 0.000 0.000 0.000 0.000 0.000 0.000 0.000 0.000 0.003 0.007 0.013 0.018 0.023 0.027 0.032 0.037 0.042 0.046 0.047 0.048 0.048 0.048 0.047 0.070 0.119 0.166 0.211 0.253 0.294 0.327 0.356 0.386 0.419 0.454 0.490 0.517 0.529 0.542 0.555 0.570 0.584 0.596 0.608 0.621 0.636 0.653 0.673 0.690 0.705 0.721 0.741 0.762 0.786 0.808 0.825 0.844 0.866 0.890 0.917 0.946 0.976 1.006
0.000 0.000 0.000 0.000 0.000 0.000 0.000 0.000 0.000 0.000 0.000 0.000 0.000 0.000 0.000 0.000 0.000 0.000 0.000 0.000 0.001 0.006 0.012 0.020 0.029 0.039 0.049 0.054 0.059 0.064 0.070 0.075 0.079 0.078 0.077 0.075 0.073 0.070 0.081 0.123 0.162 0.199 0.233 0.266 0.297 0.333 0.371 0.411 0.450 0.492 0.525 0.538 0.553 0.568 0.585 0.602 0.620 0.639 0.659 0.681 0.705 0.731 0.757 0.779 0.804 0.832 0.862 0.894 0.926 0.951 0.979 1.010 1.043 1.079 1.116 1.150 1.186
0.000 0.000 0.000 0.000 0.000 0.000 0.000 0.000 0.000 0.000 0.000 0.000 0.000 0.000 0.000 0.000 0.000 0.000 0.000 0.000 0.002 0.011 0.023 0.035 0.049 0.065 0.080 0.085 0.090 0.096 0.102 0.108 0.112 0.110 0.107 0.103 0.099 0.094 0.095 0.129 0.160 0.188 0.214 0.239 0.264 0.305 0.347 0.390 0.435 0.480 0.523 0.540 0.558 0.577 0.598 0.620 0.642 0.667 0.694 0.723 0.754 0.787 0.821 0.852 0.885 0.921 0.959 1.000 1.041 1.075 1.112 1.152 1.194 1.240 1.289 1.333 1.381
0.000 0.000 0.000 0.000 0.000 0.000 0.000 0.000 0.000 0.000 0.000 0.000 0.000 0.000 0.000 0.000 0.000 0.000 0.000 0.000 0.001 0.015 0.032 0.049 0.068 0.089 0.110 0.116 0.122 0.128 0.134 0.140 0.146 0.140 0.132 0.125 0.118 0.111 0.105 0.130 0.153 0.175 0.195 0.212 0.229 0.274 0.320 0.368 0.417 0.468 0.519 0.540 0.562 0.586 0.610 0.636 0.663 0.694 0.728 0.764 0.801 0.841 0.882 0.922 0.963 1.006 1.048 1.093 1.142 1.186 1.234 1.287 1.344 1.406 1.472 1.527 1.586
0.000 0.000 0.000 0.000 0.000 0.000 0.000 0.000 0.000 0.000 0.000 0.000 0.000 0.000 0.000 0.000 0.000 0.000 0.000 0.000 0.000 0.018 0.039 0.062 0.086 0.111 0.136 0.141 0.144 0.147 0.150 0.153 0.155 0.149 0.142 0.135 0.129 0.123 0.117 0.132 0.149 0.164 0.177 0.188 0.197 0.241 0.293 0.345 0.399 0.454 0.510 0.539 0.566 0.593 0.621 0.651 0.682 0.720 0.758 0.794 0.832 0.872 0.913 0.956 1.003 1.054 1.107 1.165 1.225 1.285 1.349 1.417 1.490 1.567 1.649 1.718 1.788
0.000 0.000 0.000 0.000 0.000 0.000 0.000 0.000 0.000 0.000 0.000 0.000 0.000 0.000 0.000 0.000 0.000 0.000 0.000 0.000 0.000 0.018 0.042 0.066 0.091 0.116 0.142 0.151 0.153 0.156 0.158 0.160 0.162 0.158 0.152 0.146 0.140 0.135 0.129 0.137 0.147 0.155 0.161 0.165 0.167 0.208 0.264 0.321 0.379 0.439 0.500 0.536 0.563 0.590 0.617 0.644 0.671 0.707 0.748 0.789 0.832 0.877 0.923 0.977 1.036 1.098 1.163 1.232 1.305 1.380 1.459 1.543 1.631 1.724 1.821 1.905 1.986
0.000 0.000 0.000 0.000 0.000 0.000 0.000 0.000 0.000 0.000 0.000 0.000 0.000 0.000 0.000 0.000 0.000 0.000 0.000 0.000 0.000 0.015 0.041 0.067 0.093 0.120 0.148 0.160 0.162 0.164 0.166 0.167 0.169 0.166 0.161 0.156 0.151 0.146 0.142 0.143 0.146 0.148 0.147 0.144 0.144 0.183 0.245 0.305 0.363 0.420 0.475 0.513 0.541 0.569 0.596 0.625 0.653 0.691 0.736 0.783 0.831 0.881 0.932 0.994 1.065 1.139 1.216 1.297 1.381 1.471 1.565 1.665 1.768 1.877 1.989 2.089 2.176
0.000 0.000 0.000 0.000 0.000 0.000 0.000 0.000 0.000 0.000 0.000 0.000 0.000 0.000 0.000 0.000 0.000 0.000 0.000 0.000 0.000 0.012 0.039 0.067 0.095 0.124 0.153 0.170 0.171 0.173 0.174 0.175 0.176 0.174 0.170 0.165 0.161 0.157 0.153 0.151 0.152 0.153 0.155 0.158 0.161 0.189 0.245 0.299 0.352 0.403 0.452 0.491 0.519 0.547 0.576 0.605 0.634 0.672 0.723 0.775 0.829 0.884 0.940 1.008 1.090 1.176 1.266 1.358 1.454 1.551 1.648 1.748 1.851 1.959 2.070 2.171 2.262
0.000 0.000 0.000 0.000 0.000 0.000 0.000 0.000 0.000 0.000 0.000 0.000 0.000 0.000 0.000 0.000 0.000 0.000 0.000 0.000 0.000 0.009 0.038 0.067 0.097 0.127 0.157 0.179 0.180 0.181 0.182 0.182 0.182 0.181 0.177 0.172 0.168 0.164 0.160 0.158 0.161 0.164 0.168 0.172 0.177 0.197 0.247 0.296 0.342 0.387 0.430 0.468 0.497 0.526 0.555 0.585 0.615 0.653 0.708 0.766 0.824 0.885 0.942 1.005 1.089 1.174 1.262 1.351 1.442 1.539 1.648 1.761 1.877 1.997 2.121 2.239 2.344
0.000 0.000 0.000 0.000 0.000 0.000 0.000 0.000 0.000 0.000 0.000 0.000 0.000 0.000 0.000 0.000 0.000 0.000 0.000 0.000 0.000 0.005 0.035 0.067 0.099 0.130 0.162 0.187 0.188 0.188 0.188 0.188 0.187 0.187 0.182 0.178 0.174 0.171 0.167 0.165 0.169 0.174 0.180 0.186 0.193 0.207 0.251 0.293 0.334 0.373 0.410 0.445 0.475 0.505 0.535 0.562 0.587 0.617 0.671 0.725 0.779 0.834 0.889 0.951 1.041 1.133 1.227 1.323 1.421 1.524 1.645 1.771 1.900 2.032 2.169 2.304 2.423
0.000 0.000 0.000 0.000 0.000 0.000 0.000 0.000 0.000 0.000 0.000 0.000 0.000 0.000 0.000 0.000 0.000 0.002 0.003 0.006 0.009 0.013 0.044 0.075 0.106 0.136 0.166 0.195 0.195 0.194 0.194 0.194 0.193 0.192 0.188 0.184 0.181 0.177 0.174 0.171 0.177 0.184 0.192 0.200 0.208 0.219 0.257 0.293 0.325 0.355 0.383 0.410 0.435 0.461 0.485 0.509 0.533 0.558 0.613 0.668 0.724 0.780 0.836 0.895 0.992 1.091 1.191 1.293 1.397 1.505 1.639 1.777 1.919 2.064 2.213 2.364 2.497
0.000 0.000 0.000 0.000 0.000 0.000 0.000 0.000 0.000 0.000 0.000 0.000 0.000 0.000 0.000 0.000 0.002 0.006 0.010 0.015 0.020 0.026 0.053 0.083 0.112 0.141 0.170 0.199 0.202 0.201 0.200 0.199 0.198 0.197 0.194 0.190 0.187 0.184 0.181 0.177 0.185 0.192 0.199 0.206 0.213 0.220 0.246 0.273 0.299 0.323 0.345 0.365 0.389 0.412 0.435 0.457 0.479 0.501 0.554 0.611 0.668 0.725 0.783 0.841 0.941 1.046 1.153 1.262 1.373 1.485 1.630 1.780 1.934 2.087 2.232 2.377 2.499
0.000 0.000 0.000 0.000 0.000 0.000 0.000 0.000 0.000 0.000 0.000 0.000 0.000 0.000 0.000 0.000 0.004 0.009 0.016 0.023 0.031 0.039 0.062 0.091 0.119 0.147 0.175 0.202 0.209 0.208 0.207 0.205 0.204 0.202 0.200 0.196 0.193 0.189 0.185 0.181 0.185 0.192 0.198 0.204 0.210 0.215 0.234 0.255 0.274 0.292 0.308 0.322 0.342 0.364 0.385 0.406 0.426 0.446 0.495 0.553 0.612 0.670 0.730 0.789 0.888 1.000 1.111 1.220 1.330 1.441 1.579 1.724 1.869 2.015 2.160 2.305 2.427
0.000 0.000 0.000 0.000 0.000 0.000 0.000 0.000 0.000 0.000 0.000 0.000 0.000 0.000 0.000 0.000 0.004 0.012 0.021 0.030 0.041 0.051 0.072 0.099 0.127 0.154 0.180 0.207 0.216 0.215 0.213 0.212 0.210 0.209 0.206 0.202 0.198 0.194 0.189 0.184 0.186 0.192 0.197 0.202 0.207 0.211 0.223 0.238 0.251 0.263 0.273 0.281 0.296 0.316 0.336 0.355 0.374 0.392 0.436 0.493 0.550 0.607 0.664 0.722 0.813 0.923 1.034 1.146 1.259 1.372 1.506 1.651 1.797 1.942 2.088 2.234 2.356
0.000 0.000 0.000 0.000 0.000 0.000 0.000 0.000 0.000 0.000 0.000 0.000 0.000 0.000 0.000 0.000 0.004 0.014 0.026 0.038 0.053 0.069 0.090 0.117 0.143 0.167 0.190 0.212 0.223 0.222 0.220 0.218 0.217 0.215 0.212 0.208 0.203 0.198 0.193 0.188 0.187 0.192 0.196 0.200 0.204 0.207 0.214 0.223 0.230 0.236 0.239 0.242 0.250 0.267 0.282 0.296 0.309 0.319 0.353 0.410 0.468 0.527 0.586 0.645 0.732 0.844 0.958 1.072 1.186 1.301 1.433 1.579 1.724 1.870 2.016 2.162 2.286
0.000 0.000 0.000 0.000 0.000 0.000 0.000 0.000 0.000 0.000 0.000 0.000 0.000 0.001 0.002 0.004 0.009 0.024 0.041 0.059 0.078 0.098 0.120 0.142 0.163 0.183 0.202 0.219 0.230 0.228 0.227 0.225 0.223 0.222 0.219 0.214 0.208 0.203 0.197 0.191 0.188 0.192 0.195 0.198 0.201 0.203 0.206 0.208 0.208 0.207 0.204 0.199 0.199 0.211 0.221 0.230 0.238 0.244 0.268 0.327 0.387 0.447 0.507 0.568 0.650 0.765 0.880 0.996 1.113 1.231 1.360 1.506 1.652 1.798 1.944 2.091 2.218
0.000 0.000 0.000 0.000 0.000 0.000 0.000 0.000 0.000 0.000 0.000 0.001 0.003 0.005 0.008 0.011 0.015 0.035 0.056 0.078 0.101 0.126 0.150 0.168 0.185 0.200 0.214 0.227 0.237 0.235 0.233 0.232 0.230 0.228 0.226 0.220 0.214 0.208 0.202 0.196 0.191 0.193 0.195 0.196 0.197 0.197 0.196 0.192 0.187 0.179 0.170 0.159 0.150 0.157 0.162 0.166 0.169 0.170 0.183 0.244 0.305 0.366 0.429 0.491 0.567 0.684 0.802 0.921 1.040 1.160 1.288 1.440 1.590 1.739 1.886 2.031 2.162
0.000 0.000 0.000 0.000 0.000 0.000 0.000 0.000 0.000 0.000 0.000 0.003 0.006 0.009 0.013 0.017 0.022 0.045 0.070 0.096 0.123 0.152 0.182 0.196 0.208 0.219 0.228 0.236 0.243 0.242 0.240 0.240 0.238 0.237 0.234 0.228 0.222 0.216 0.209 0.202 0.195 0.196 0.196 0.195 0.193 0.192 0.189 0.179 0.167 0.153 0.137 0.120 0.102 0.104 0.104 0.103 0.101 0.097 0.097 0.160 0.222 0.286 0.350 0.418 0.501 0.631 0.759 0.886 1.012 1.137 1.263 1.410 1.554 1.697 1.838 1.978 2.109
0.000 0.000 0.000 0.000 0.000 0.000 0.000 0.000 0.000 0.000 0.000 0.003 0.008 0.012 0.018 0.023 0.029 0.053 0.082 0.113 0.144 0.177 0.211 0.224 0.232 0.240 0.247 0.254 0.260 0.260 0.258 0.255 0.252 0.248 0.244 0.238 0.231 0.223 0.216 0.209 0.201 0.199 0.196 0.194 0.190 0.187 0.182 0.167 0.149 0.128 0.107 0.083 0.058 0.053 0.048 0.042 0.040 0.046 0.053 0.127 0.204 0.281 0.358 0.434 0.509 0.633 0.757 0.880 1.001 1.121 1.240 1.381 1.519 1.657 1.792 1.926 2.058
