DATA/SHG/CPC/2018/20180528.asc
ncols        190
nrows        64
xllcorner    -5100000.000000000000
yllcorner    4130000.000000000000
cellsize     10000.000000000000
NODATA_value  -99999.000
[rows 0 to 33 of 64, columns 76 to 151 of 190]
0.017 0.020 0.023 0.028 0.033 0.038 0.043 0.047 0.054 0.064 0.073 0.082 0.090 0.096 0.111 0.149 0.185 0.220 0.255 0.289 0.352 0.516 0.681 0.849 1.017 1.185 1.389 1.712 2.037 2.362 2.688 3.015 3.325 3.579 3.832 4.085 4.338 4.591 4.817 4.960 5.101 5.242 5.381 5.520 5.692 5.969 6.247 6.525 6.804 7.083 7.413 7.890 8.361 8.823 9.279 9.727 10.097 10.257 10.417 10.575 10.731 10.887 10.982 10.883 10.767 10.652 10.538 10.425 10.379 10.509 10.635 10.755 10.871 10.981 11.085 11.179
0.011 0.012 0.014 0.019 0.023 0.027 0.031 0.035 0.039 0.047 0.053 0.059 0.064 0.068 0.075 0.112 0.148 0.184 0.220 0.256 0.305 0.473 0.641 0.808 0.976 1.143 1.327 1.655 1.983 2.313 2.643 2.974 3.297 3.550 3.802 4.054 4.305 4.557 4.794 4.932 5.068 5.204 5.338 5.471 5.622 5.901 6.180 6.460 6.740 7.020 7.323 7.768 8.206 8.636 9.042 9.426 9.761 9.876 9.985 10.088 10.186 10.278 10.335 10.223 10.112 10.002 9.894 9.787 9.715 9.823 9.926 10.024 10.117 10.205 10.285 10.347
0.005 0.005 0.006 0.010 0.013 0.017 0.020 0.023 0.028 0.035 0.041 0.047 0.053 0.059 0.065 0.100 0.135 0.169 0.203 0.237 0.271 0.435 0.602 0.768 0.934 1.100 1.266 1.596 1.929 2.262 2.597 2.932 3.269 3.521 3.772 4.022 4.273 4.523 4.772 4.905 5.036 5.166 5.296 5.424 5.552 5.832 6.109 6.380 6.648 6.910 7.171 7.549 7.913 8.263 8.599 8.920 9.222 9.312 9.396 9.474 9.547 9.613 9.669 9.562 9.457 9.353 9.250 9.148 9.056 9.142 9.223 9.298 9.369 9.434 9.493 9.523
0.000 0.000 0.000 0.004 0.009 0.013 0.018 0.022 0.026 0.032 0.038 0.043 0.049 0.054 0.059 0.088 0.122 0.154 0.187 0.219 0.251 0.397 0.563 0.728 0.893 1.058 1.223 1.536 1.873 2.211 2.550 2.890 3.230 3.492 3.742 3.991 4.236 4.479 4.721 4.861 4.989 5.118 5.249 5.381 5.515 5.762 6.018 6.270 6.518 6.761 6.999 7.307 7.608 7.896 8.170 8.429 8.675 8.754 8.813 8.866 8.914 8.956 8.992 8.901 8.801 8.703 8.605 8.509 8.414 8.467 8.525 8.578 8.626 8.669 8.707 8.707
0.000 0.000 0.000 0.004 0.008 0.012 0.016 0.021 0.025 0.030 0.035 0.040 0.044 0.049 0.053 0.078 0.109 0.140 0.171 0.201 0.231 0.360 0.525 0.689 0.853 1.017 1.180 1.482 1.827 2.168 2.504 2.837 3.165 3.428 3.670 3.912 4.153 4.393 4.633 4.791 4.925 5.061 5.198 5.337 5.478 5.696 5.933 6.165 6.392 6.616 6.834 7.079 7.318 7.544 7.756 7.953 8.137 8.203 8.237 8.265 8.288 8.305 8.316 8.240 8.146 8.053 7.961 7.854 7.711 7.682 7.679 7.677 7.676 7.677 7.679 7.683
0.000 0.000 0.000 0.003 0.007 0.011 0.015 0.019 0.023 0.028 0.032 0.036 0.040 0.044 0.047 0.067 0.097 0.126 0.162 0.200 0.240 0.362 0.535 0.709 0.882 1.056 1.229 1.499 1.826 2.148 2.466 2.779 3.089 3.353 3.593 3.832 4.070 4.308 4.545 4.719 4.860 5.003 5.147 5.292 5.439 5.635 5.852 6.064 6.272 6.475 6.674 6.866 7.043 7.207 7.357 7.492 7.614 7.659 7.655 7.618 7.571 7.513 7.444 7.322 7.179 7.036 6.893 6.749 6.604 6.564 6.567 6.572 6.578 6.586 6.595 6.634
0.000 0.000 0.000 0.002 0.006 0.010 0.014 0.018 0.022 0.026 0.030 0.036 0.044 0.053 0.063 0.088 0.129 0.172 0.217 0.261 0.308 0.416 0.589 0.762 0.935 1.107 1.280 1.521 1.829 2.132 2.431 2.726 3.017 3.279 3.516 3.752 3.988 4.223 4.458 4.646 4.793 4.943 5.093 5.246 5.399 5.579 5.776 5.968 6.157 6.325 6.461 6.567 6.646 6.715 6.774 6.823 6.862 6.838 6.765 6.680 6.586 6.480 6.364 6.228 6.084 5.938 5.792 5.646 5.499 5.446 5.456 5.467 5.480 5.495 5.510 5.577
0.000 0.000 0.000 0.002 0.006 0.011 0.016 0.022 0.028 0.036 0.045 0.056 0.068 0.081 0.095 0.122 0.169 0.219 0.270 0.321 0.374 0.471 0.643 0.815 0.987 1.159 1.331 1.547 1.836 2.121 2.402 2.678 2.950 3.206 3.440 3.674 3.907 4.139 4.371 4.571 4.715 4.844 4.972 5.097 5.220 5.349 5.481 5.605 5.721 5.828 5.927 5.997 6.032 6.056 6.070 6.073 6.067 6.007 5.886 5.755 5.613 5.460 5.297 5.137 4.990 4.842 4.694 4.545 4.395 4.327 4.344 4.362 4.382 4.403 4.426 4.511
0.000 0.000 0.000 0.002 0.008 0.014 0.022 0.029 0.037 0.047 0.061 0.075 0.091 0.108 0.126 0.154 0.208 0.264 0.321 0.379 0.438 0.525 0.697 0.868 1.040 1.211 1.382 1.578 1.849 2.115 2.377 2.632 2.878 3.111 3.326 3.536 3.741 3.940 4.134 4.305 4.428 4.548 4.667 4.784 4.899 5.008 5.104 5.191 5.270 5.341 5.403 5.439 5.428 5.407 5.376 5.335 5.284 5.189 5.021 4.842 4.653 4.453 4.242 4.048 3.899 3.749 3.598 3.446 3.294 3.209 3.233 3.258 3.328 3.402 3.471 3.591
0.000 0.000 0.000 0.001 0.009 0.018 0.026 0.036 0.046 0.057 0.075 0.093 0.113 0.134 0.156 0.184 0.244 0.307 0.370 0.435 0.501 0.580 0.754 0.930 1.105 1.278 1.449 1.629 1.871 2.105 2.332 2.550 2.760 2.962 3.154 3.341 3.523 3.699 3.871 4.028 4.142 4.255 4.365 4.473 4.580 4.676 4.735 4.786 4.828 4.863 4.889 4.893 4.837 4.771 4.694 4.608 4.512 4.382 4.167 3.941 3.704 3.457 3.199 3.015 2.927 2.840 2.752 2.664 2.576 2.531 2.597 2.658 2.712 2.761 2.804 2.883
0.000 0.000 0.000 0.000 0.010 0.020 0.031 0.042 0.054 0.066 0.088 0.111 0.134 0.159 0.188 0.220 0.293 0.370 0.449 0.530 0.613 0.700 0.869 1.038 1.205 1.370 1.534 1.696 1.903 2.102 2.293 2.477 2.652 2.820 2.989 3.152 3.311 3.464 3.613 3.754 3.860 3.963 4.065 4.165 4.263 4.354 4.376 4.390 4.396 4.394 4.383 4.357 4.256 4.145 4.034 3.922 3.807 3.680 3.475 3.273 3.074 2.879 2.686 2.511 2.422 2.334 2.245 2.156 2.067 1.999 2.040 2.074 2.103 2.126 2.144 2.182
0.000 0.000 0.000 0.000 0.010 0.022 0.035 0.049 0.065 0.082 0.110 0.141 0.174 0.209 0.246 0.285 0.364 0.453 0.545 0.638 0.733 0.831 0.986 1.147 1.306 1.464 1.621 1.775 1.944 2.108 2.264 2.412 2.552 2.684 2.829 2.969 3.105 3.235 3.361 3.481 3.579 3.674 3.768 3.859 3.948 4.028 4.011 3.985 3.953 3.916 3.875 3.828 3.714 3.596 3.477 3.356 3.232 3.106 2.915 2.727 2.542 2.360 2.181 2.008 1.918 1.829 1.739 1.649 1.558 1.474 1.489 1.498 1.501 1.498 1.490 1.487
0.001 0.002 0.004 0.007 0.020 0.036 0.053 0.071 0.089 0.108 0.140 0.178 0.218 0.259 0.303 0.348 0.432 0.534 0.637 0.742 0.849 0.960 1.104 1.258 1.410 1.560 1.709 1.856 1.994 2.123 2.243 2.356 2.461 2.558 2.674 2.792 2.909 3.021 3.126 3.226 3.311 3.386 3.455 3.518 3.575 3.625 3.595 3.545 3.491 3.431 3.366 3.296 3.178 3.052 2.923 2.792 2.660 2.525 2.352 2.178 2.006 1.838 1.673 1.511 1.415 1.325 1.234 1.143 1.051 0.959 0.944 0.927 0.905 0.877 0.843 0.803
0.007 0.011 0.016 0.021 0.034 0.053 0.072 0.092 0.113 0.134 0.168 0.213 0.259 0.308 0.358 0.410 0.498 0.611 0.726 0.843 0.963 1.085 1.224 1.370 1.515 1.658 1.799 1.931 2.039 2.132 2.222 2.310 2.394 2.475 2.569 2.667 2.758 2.844 2.924 2.998 3.056 3.103 3.144 3.179 3.207 3.229 3.184 3.112 3.034 2.952 2.863 2.770 2.646 2.510 2.372 2.232 2.090 1.946 1.787 1.626 1.469 1.315 1.163 1.015 0.913 0.822 0.730 0.640 0.594 0.550 0.558 0.577 0.594 0.612 0.629 0.645
0.013 0.019 0.026 0.034 0.048 0.069 0.090 0.112 0.135 0.159 0.195 0.246 0.299 0.354 0.411 0.470 0.559 0.684 0.806 0.926 1.048 1.170 1.297 1.427 1.556 1.684 1.810 1.936 2.038 2.118 2.194 2.268 2.339 2.406 2.477 2.549 2.614 2.674 2.728 2.776 2.808 2.827 2.840 2.846 2.846 2.840 2.780 2.685 2.584 2.478 2.367 2.251 2.116 1.971 1.824 1.675 1.524 1.370 1.222 1.119 1.020 0.924 0.832 0.742 0.685 0.640 0.597 0.554 0.512 0.470 0.471 0.487 0.503 0.518 0.533 0.547
0.018 0.027 0.036 0.046 0.061 0.084 0.108 0.132 0.157 0.183 0.220 0.276 0.332 0.389 0.447 0.505 0.586 0.709 0.832 0.956 1.080 1.205 1.331 1.456 1.579 1.701 1.822 1.942 2.041 2.107 2.170 2.230 2.287 2.341 2.391 2.437 2.476 2.510 2.538 2.560 2.568 2.559 2.543 2.521 2.493 2.459 2.382 2.264 2.140 2.012 1.903 1.795 1.684 1.570 1.459 1.351 1.246 1.144 1.049 0.961 0.877 0.795 0.717 0.643 0.588 0.547 0.507 0.467 0.428 0.390 0.384 0.398 0.412 0.425 0.437 0.449
0.022 0.033 0.045 0.058 0.076 0.102 0.127 0.152 0.177 0.200 0.232 0.290 0.349 0.409 0.469 0.530 0.606 0.732 0.858 0.985 1.112 1.240 1.366 1.486 1.604 1.720 1.836 1.950 2.047 2.099 2.149 2.195 2.239 2.279 2.312 2.332 2.345 2.353 2.355 2.351 2.335 2.304 2.269 2.230 2.187 2.140 2.068 1.960 1.853 1.747 1.642 1.538 1.434 1.333 1.235 1.139 1.046 0.956 0.873 0.800 0.730 0.664 0.600 0.540 0.491 0.454 0.416 0.380 0.344 0.309 0.298 0.310 0.322 0.332 0.343 0.352
0.044 0.059 0.074 0.087 0.102 0.126 0.150 0.173 0.195 0.217 0.243 0.304 0.365 0.428 0.491 0.555 0.626 0.754 0.883 1.013 1.143 1.274 1.403 1.517 1.629 1.741 1.850 1.959 2.056 2.095 2.131 2.163 2.188 2.212 2.231 2.227 2.220 2.210 2.196 2.180 2.154 2.105 2.052 1.996 1.935 1.870 1.792 1.688 1.585 1.482 1.380 1.280 1.182 1.093 1.007 0.924 0.843 0.766 0.695 0.636 0.581 0.528 0.480 0.434 0.394 0.359 0.325 0.292 0.260 0.228 0.213 0.223 0.233 0.259 0.285 0.310
0.080 0.093 0.105 0.117 0.129 0.151 0.173 0.194 0.215 0.235 0.254 0.317 0.381 0.446 0.512 0.579 0.646 0.775 0.907 1.040 1.173 1.307 1.440 1.538 1.634 1.729 1.824 1.917 2.008 2.032 2.055 2.077 2.099 2.120 2.138 2.120 2.099 2.074 2.046 2.015 1.978 1.911 1.841 1.766 1.687 1.604 1.515 1.415 1.315 1.216 1.118 1.021 0.928 0.851 0.777 0.706 0.638 0.573 0.513 0.469 0.428 0.390 0.356 0.325 0.307 0.289 0.274 0.262 0.252 0.246 0.250 0.275 0.300 0.325 0.349 0.373
0.115 0.126 0.137 0.148 0.158 0.177 0.197 0.216 0.235 0.253 0.270 0.329 0.396 0.464 0.532 0.594 0.655 0.769 0.892 1.015 1.137 1.257 1.377 1.474 1.566 1.657 1.748 1.837 1.925 1.952 1.973 1.992 2.011 2.029 2.047 2.017 1.981 1.942 1.900 1.855 1.806 1.722 1.633 1.541 1.444 1.343 1.238 1.142 1.045 0.950 0.856 0.762 0.671 0.606 0.545 0.503 0.461 0.421 0.384 0.365 0.349 0.335 0.324 0.314 0.307 0.302 0.299 0.300 0.303 0.309 0.321 0.345 0.368 0.391 0.413 0.435
0.151 0.161 0.170 0.179 0.187 0.203 0.221 0.237 0.252 0.265 0.279 0.327 0.389 0.450 0.510 0.569 0.627 0.729 0.848 0.966 1.084 1.200 1.316 1.411 1.499 1.586 1.672 1.758 1.842 1.874 1.891 1.908 1.924 1.939 1.954 1.918 1.868 1.814 1.758 1.698 1.635 1.537 1.431 1.320 1.205 1.087 0.978 0.898 0.823 0.749 0.678 0.609 0.542 0.501 0.463 0.425 0.389 0.355 0.321 0.312 0.306 0.302 0.301 0.301 0.304 0.311 0.322 0.335 0.351 0.370 0.392 0.414 0.436 0.457 0.478 0.499
0.186 0.192 0.196 0.201 0.205 0.214 0.228 0.241 0.254 0.266 0.277 0.317 0.376 0.433 0.490 0.546 0.600 0.690 0.804 0.919 1.032 1.144 1.255 1.349 1.433 1.516 1.598 1.679 1.759 1.796 1.811 1.824 1.838 1.850 1.862 1.822 1.757 1.689 1.619 1.547 1.473 1.373 1.265 1.157 1.049 0.942 0.835 0.759 0.693 0.629 0.567 0.507 0.449 0.412 0.379 0.347 0.317 0.287 0.260 0.257 0.261 0.267 0.275 0.286 0.298 0.318 0.341 0.367 0.396 0.428 0.463 0.484 0.504 0.524 0.543 0.562
0.204 0.207 0.210 0.213 0.215 0.222 0.234 0.245 0.256 0.267 0.277 0.308 0.363 0.417 0.471 0.523 0.574 0.652 0.762 0.872 0.981 1.089 1.196 1.289 1.369 1.447 1.525 1.602 1.679 1.721 1.732 1.741 1.748 1.753 1.757 1.715 1.640 1.564 1.485 1.404 1.321 1.223 1.116 1.009 0.903 0.797 0.691 0.617 0.561 0.506 0.453 0.403 0.355 0.321 0.294 0.268 0.243 0.219 0.197 0.200 0.214 0.230 0.248 0.268 0.290 0.322 0.358 0.397 0.439 0.510 0.588 0.634 0.667 0.692 0.709 0.718
0.221 0.223 0.225 0.225 0.226 0.229 0.240 0.250 0.259 0.268 0.276 0.299 0.351 0.402 0.452 0.501 0.549 0.616 0.722 0.828 0.932 1.035 1.137 1.228 1.305 1.381 1.457 1.533 1.608 1.653 1.656 1.657 1.657 1.654 1.650 1.610 1.526 1.440 1.353 1.263 1.172 1.072 0.967 0.861 0.756 0.652 0.547 0.474 0.426 0.381 0.338 0.297 0.258 0.230 0.208 0.187 0.167 0.149 0.132 0.141 0.189 0.253 0.323 0.399 0.482 0.564 0.642 0.719 0.795 0.871 0.945 0.968 0.966 0.955 0.937 0.910
0.240 0.240 0.239 0.238 0.237 0.237 0.246 0.254 0.262 0.269 0.276 0.292 0.345 0.395 0.444 0.491 0.537 0.592 0.693 0.792 0.889 0.985 1.079 1.167 1.242 1.316 1.390 1.464 1.537 1.587 1.582 1.576 1.568 1.558 1.546 1.506 1.414 1.319 1.223 1.125 1.025 0.922 0.817 0.713 0.610 0.506 0.403 0.328 0.290 0.254 0.221 0.204 0.195 0.195 0.206 0.221 0.242 0.267 0.296 0.354 0.440 0.533 0.631 0.737 0.849 0.941 1.015 1.088 1.161 1.232 1.303 1.309 1.272 1.226 1.172 1.110
0.258 0.257 0.255 0.252 0.251 0.256 0.270 0.282 0.292 0.301 0.307 0.316 0.362 0.407 0.449 0.491 0.530 0.572 0.665 0.757 0.847 0.936 1.023 1.106 1.179 1.252 1.324 1.395 1.467 1.523 1.510 1.496 1.480 1.463 1.443 1.405 1.304 1.201 1.096 0.989 0.880 0.771 0.685 0.606 0.526 0.447 0.367 0.309 0.301 0.294 0.288 0.283 0.280 0.290 0.321 0.357 0.398 0.443 0.493 0.570 0.684 0.805 0.933 1.067 1.208 1.319 1.389 1.458 1.527 1.594 1.661 1.658 1.585 1.504 1.414 1.317
0.306 0.311 0.315 0.318 0.321 0.323 0.330 0.336 0.340 0.343 0.344 0.343 0.381 0.419 0.456 0.491 0.525 0.557 0.640 0.725 0.807 0.889 0.968 1.047 1.117 1.188 1.258 1.328 1.397 1.461 1.441 1.419 1.395 1.379 1.367 1.346 1.257 1.170 1.083 0.997 0.913 0.830 0.750 0.670 0.590 0.509 0.428 0.363 0.360 0.359 0.359 0.361 0.364 0.380 0.431 0.488 0.549 0.614 0.684 0.778 0.921 1.071 1.228 1.391 1.560 1.697 1.763 1.829 1.893 1.957 2.019 2.014 1.906 1.789 1.662 1.519
0.387 0.389 0.391 0.391 0.391 0.391 0.392 0.392 0.390 0.387 0.381 0.375 0.401 0.434 0.465 0.494 0.521 0.547 0.616 0.694 0.770 0.844 0.916 0.987 1.062 1.140 1.218 1.296 1.374 1.452 1.446 1.433 1.420 1.408 1.395 1.382 1.299 1.216 1.135 1.054 0.975 0.897 0.816 0.734 0.653 0.571 0.489 0.415 0.418 0.423 0.429 0.437 0.446 0.465 0.537 0.613 0.695 0.780 0.871 0.979 1.152 1.330 1.516 1.707 1.906 2.090 2.202 2.289 2.353 2.391 2.406 2.357 2.197 2.027 1.844 1.651
0.468 0.467 0.466 0.465 0.462 0.459 0.455 0.449 0.441 0.432 0.421 0.408 0.423 0.450 0.475 0.498 0.524 0.551 0.614 0.692 0.770 0.848 0.926 1.003 1.081 1.159 1.237 1.315 1.393 1.471 1.476 1.463 1.450 1.436 1.423 1.409 1.340 1.262 1.185 1.110 1.036 0.963 0.881 0.799 0.717 0.634 0.551 0.468 0.475 0.486 0.498 0.512 0.527 0.545 0.637 0.734 0.866 1.131 1.399 1.672 1.965 2.235 2.480 2.701 2.899 3.053 3.057 3.037 2.993 2.924 2.832 2.700 2.491 2.270 2.037 1.794
0.549 0.547 0.543 0.539 0.534 0.528 0.519 0.507 0.494 0.485 0.470 0.449 0.453 0.479 0.505 0.532 0.558 0.584 0.639 0.716 0.793 0.870 0.946 1.022 1.100 1.178 1.256 1.334 1.412 1.491 1.506 1.492 1.479 1.465 1.451 1.437 1.379 1.306 1.235 1.164 1.095 1.027 0.947 0.864 0.781 0.697 0.613 0.544 0.658 0.809 0.981 1.176 1.392 1.630 1.897 2.168 2.442 2.717 2.996 3.276 3.466 3.629 3.769 3.884 3.975 4.039 3.936 3.809 3.657 3.481 3.280 3.055 2.795 2.524 2.241 1.947
0.631 0.629 0.640 0.648 0.654 0.657 0.651 0.633 0.609 0.580 0.544 0.502 0.487 0.513 0.539 0.565 0.591 0.617 0.665 0.741 0.816 0.892 0.967 1.042 1.118 1.196 1.275 1.353 1.432 1.510 1.536 1.522 1.508 1.494 1.479 1.465 1.417 1.349 1.292 1.292 1.288 1.279 1.279 1.296 1.328 1.373 1.433 1.507 1.697 1.945 2.214 2.505 2.819 3.154 3.447 3.729 4.013 4.299 4.588 4.879 4.990 5.047 5.080 5.089 5.074 5.035 4.838 4.603 4.344 4.061 3.753 3.421 3.109 2.788 2.456 2.112
0.836 0.840 0.841 0.840 0.836 0.829 0.812 0.774 0.729 0.679 0.623 0.561 0.522 0.548 0.574 0.599 0.624 0.650 0.691 0.765 0.840 0.914 0.988 1.061 1.137 1.215 1.294 1.372 1.451 1.536 1.637 1.691 1.749 1.813 1.881 1.954 1.989 1.978 1.962 1.942 1.917 1.887 1.911 1.991 2.085 2.194 2.317 2.454 2.712 3.057 3.423 3.811 4.221 4.653 4.993 5.285 5.579 5.876 6.175 6.477 6.536 6.487 6.414 6.316 6.195 6.050 5.763 5.421 5.054 4.664 4.249 3.785 3.370 2.971 2.574 2.179
1.058 1.053 1.045 1.034 1.020 1.003 0.978 0.920 0.855 0.784 0.708 0.625 0.557 0.582 0.608 0.633 0.658 0.683 0.717 0.790 0.866 0.970 1.075 1.182 1.296 1.434 1.581 1.738 1.905 2.082 2.231 2.306 2.386 2.471 2.560 2.655 2.705 2.673 2.636 2.595 2.549 2.498 2.526 2.669 2.827 2.999 3.185 3.385 3.703 4.144 4.607 5.092 5.598 6.127 6.534 6.837 7.141 7.449 7.758 8.070 8.104 7.949 7.761 7.512 7.203 6.832 6.370 5.872 5.360 4.835 4.295 3.742 3.307 2.916 2.527 2.140
1.284 1.268 1.250 1.230 1.206 1.180 1.150 1.071 0.985 0.894 0.797 0.694 0.592 0.632 0.683 0.740 0.803 0.871 0.943 1.050 1.159 1.269 1.381 1.494 1.616 1.797 1.987 2.187 2.397 2.617 2.819 2.915 3.016 3.123 3.234 3.349 3.426 3.373 3.315 3.253 3.186 3.114 3.126 3.332 3.553 3.787 4.036 4.299 4.669 5.207 5.767 6.348 6.951 7.698 8.461 8.946 9.341 9.645 9.860 9.984 9.834 9.438 8.982 8.465 7.888 7.251 6.646 6.087 5.514 4.928 4.327 3.713 3.242 2.859 2.478 2.099
