DATA/SHG/CPC/2018/20180702.asc
ncols        190
nrows        64
xllcorner    -5100000.000000000000
yllcorner    4130000.000000000000
cellsize     10000.000000000000
NODATA_value  -99999.000
[rows 0 to 32 of 64, columns 0 to 73 of 190]
0.092 0.110 0.130 0.152 0.177 0.204 0.250 0.304 0.361 0.420 0.483 0.549 0.631 0.721 0.814 0.912 1.013 1.118 1.251 1.399 1.550 1.706 1.865 2.028 2.144 2.231 2.314 2.392 2.466 2.535 2.540 2.501 2.456 2.403 2.342 2.285 2.254 2.240 2.222 2.198 2.169 2.135 2.139 2.177 2.213 2.249 2.285 2.319 2.364 2.418 2.472 2.527 2.583 2.638 2.712 2.805 2.898 2.991 3.084 3.177 3.262 3.334 3.405 3.473 3.539 3.602 3.668 3.738 3.807 3.874 3.939 4.003 4.085 4.201
0.112 0.138 0.166 0.196 0.227 0.260 0.311 0.376 0.443 0.514 0.587 0.663 0.755 0.858 0.964 1.075 1.189 1.307 1.448 1.609 1.774 1.942 2.115 2.290 2.415 2.487 2.554 2.618 2.688 2.751 2.758 2.705 2.645 2.577 2.502 2.420 2.359 2.328 2.291 2.250 2.203 2.151 2.133 2.168 2.202 2.236 2.268 2.300 2.341 2.396 2.452 2.509 2.566 2.623 2.692 2.786 2.879 2.972 3.065 3.148 3.214 3.262 3.307 3.350 3.392 3.431 3.476 3.541 3.604 3.665 3.725 3.783 3.852 3.963
0.136 0.168 0.202 0.238 0.275 0.313 0.369 0.444 0.522 0.603 0.687 0.774 0.874 0.990 1.110 1.234 1.361 1.491 1.641 1.815 2.001 2.204 2.405 2.607 2.760 2.826 2.886 2.940 2.987 3.028 3.027 2.948 2.863 2.770 2.670 2.563 2.470 2.420 2.366 2.307 2.242 2.173 2.128 2.160 2.192 2.223 2.253 2.282 2.317 2.375 2.432 2.490 2.546 2.599 2.657 2.737 2.812 2.883 2.950 3.012 3.068 3.109 3.148 3.184 3.219 3.252 3.287 3.346 3.403 3.459 3.513 3.565 3.621 3.728
0.159 0.197 0.236 0.278 0.321 0.365 0.424 0.509 0.598 0.689 0.784 0.882 0.990 1.134 1.294 1.458 1.626 1.799 1.982 2.184 2.385 2.586 2.787 2.988 3.154 3.198 3.236 3.267 3.292 3.311 3.303 3.199 3.088 2.970 2.844 2.712 2.585 2.518 2.446 2.369 2.287 2.200 2.124 2.153 2.182 2.215 2.246 2.273 2.300 2.355 2.407 2.458 2.506 2.553 2.599 2.664 2.724 2.781 2.833 2.881 2.924 2.958 2.990 3.020 3.049 3.075 3.099 3.152 3.204 3.254 3.302 3.349 3.394 3.493
0.179 0.223 0.269 0.316 0.365 0.415 0.491 0.609 0.733 0.861 0.994 1.132 1.278 1.449 1.624 1.803 1.986 2.174 2.367 2.568 2.768 2.969 3.169 3.368 3.554 3.576 3.591 3.601 3.604 3.601 3.586 3.456 3.320 3.177 3.026 2.868 2.705 2.622 2.549 2.467 2.376 2.277 2.168 2.195 2.221 2.243 2.263 2.279 2.292 2.338 2.384 2.427 2.469 2.509 2.546 2.595 2.641 2.683 2.720 2.754 2.783 2.810 2.835 2.859 2.880 2.900 2.917 2.961 3.007 3.058 3.117 3.173 3.226 3.321
0.217 0.282 0.352 0.427 0.508 0.593 0.685 0.821 0.961 1.107 1.257 1.412 1.573 1.758 1.948 2.143 2.341 2.544 2.751 2.952 3.151 3.351 3.550 3.748 3.947 3.960 3.953 3.940 3.921 3.896 3.869 3.742 3.599 3.451 3.297 3.137 2.972 2.867 2.762 2.649 2.527 2.396 2.256 2.248 2.263 2.274 2.283 2.288 2.290 2.323 2.362 2.398 2.433 2.466 2.497 2.531 2.562 2.589 2.612 2.631 2.645 2.663 2.692 2.728 2.762 2.796 2.828 2.878 2.933 2.984 3.032 3.077 3.119 3.191
0.304 0.384 0.472 0.566 0.665 0.769 0.878 1.026 1.184 1.347 1.515 1.687 1.865 2.063 2.268 2.477 2.691 2.909 3.131 3.335 3.534 3.732 3.930 4.135 4.345 4.382 4.368 4.350 4.326 4.297 4.262 4.133 3.971 3.802 3.628 3.449 3.264 3.120 2.984 2.839 2.686 2.524 2.352 2.305 2.308 2.309 2.306 2.300 2.291 2.310 2.342 2.372 2.400 2.426 2.450 2.478 2.508 2.536 2.563 2.587 2.610 2.640 2.672 2.704 2.734 2.763 2.791 2.830 2.873 2.913 2.950 2.984 3.014 3.066
0.390 0.480 0.587 0.699 0.816 0.938 1.066 1.226 1.401 1.581 1.766 1.956 2.151 2.362 2.582 2.807 3.052 3.307 3.565 3.794 4.006 4.214 4.419 4.621 4.820 4.872 4.840 4.803 4.761 4.713 4.661 4.530 4.347 4.159 3.965 3.766 3.561 3.381 3.214 3.039 2.854 2.660 2.458 2.364 2.357 2.346 2.332 2.315 2.300 2.312 2.345 2.378 2.411 2.442 2.473 2.501 2.525 2.547 2.567 2.586 2.603 2.626 2.654 2.681 2.708 2.733 2.756 2.785 2.817 2.846 2.871 2.894 2.914 2.946
0.472 0.570 0.695 0.825 0.961 1.102 1.248 1.420 1.613 1.835 2.066 2.302 2.541 2.790 3.047 3.306 3.567 3.831 4.096 4.330 4.530 4.726 4.920 5.110 5.297 5.366 5.316 5.261 5.201 5.135 5.064 4.931 4.729 4.521 4.308 4.089 3.864 3.652 3.454 3.247 3.031 2.807 2.580 2.444 2.431 2.416 2.398 2.378 2.354 2.352 2.383 2.414 2.443 2.472 2.501 2.525 2.543 2.559 2.574 2.586 2.598 2.613 2.637 2.660 2.682 2.703 2.722 2.742 2.763 2.781 2.796 2.807 2.817 2.842
0.551 0.656 0.828 1.006 1.190 1.380 1.577 1.791 2.029 2.270 2.516 2.766 3.020 3.280 3.544 3.811 4.080 4.351 4.624 4.868 5.056 5.241 5.423 5.601 5.776 5.866 5.797 5.724 5.645 5.561 5.472 5.338 5.116 4.884 4.632 4.380 4.128 3.884 3.658 3.430 3.198 2.964 2.726 2.549 2.527 2.502 2.474 2.444 2.411 2.393 2.421 2.449 2.476 2.503 2.529 2.551 2.563 2.573 2.582 2.588 2.594 2.601 2.621 2.640 2.658 2.676 2.698 2.720 2.738 2.754 2.768 2.779 2.788 2.801
0.793 0.936 1.129 1.328 1.534 1.745 1.962 2.192 2.444 2.700 2.960 3.225 3.494 3.766 4.038 4.313 4.589 4.868 5.149 5.408 5.585 5.758 5.929 6.095 6.259 6.370 6.271 6.147 6.020 5.891 5.758 5.601 5.349 5.096 4.843 4.590 4.337 4.086 3.850 3.611 3.369 3.124 2.875 2.656 2.625 2.590 2.553 2.513 2.471 2.434 2.460 2.486 2.510 2.534 2.557 2.578 2.584 2.589 2.591 2.595 2.598 2.604 2.626 2.648 2.670 2.692 2.714 2.736 2.746 2.753 2.758 2.761 2.761 2.761
1.051 1.209 1.423 1.644 1.870 2.102 2.340 2.586 2.853 3.124 3.400 3.679 3.963 4.250 4.529 4.811 5.096 5.382 5.670 5.937 6.072 6.202 6.326 6.444 6.557 6.650 6.518 6.384 6.247 6.107 5.964 5.814 5.561 5.308 5.054 4.800 4.546 4.291 4.044 3.795 3.542 3.286 3.028 2.767 2.725 2.681 2.634 2.585 2.533 2.478 2.500 2.524 2.546 2.565 2.581 2.595 2.599 2.602 2.607 2.611 2.617 2.622 2.643 2.665 2.687 2.709 2.731 2.752 2.755 2.754 2.751 2.745 2.737 2.726
1.302 1.476 1.710 1.952 2.199 2.452 2.711 2.976 3.258 3.544 3.834 4.128 4.424 4.721 4.995 5.262 5.524 5.781 6.032 6.278 6.402 6.511 6.615 6.713 6.804 6.890 6.768 6.624 6.477 6.327 6.174 6.018 5.774 5.519 5.264 5.010 4.754 4.499 4.242 3.981 3.718 3.452 3.183 2.910 2.839 2.797 2.748 2.692 2.628 2.557 2.561 2.576 2.587 2.596 2.603 2.606 2.610 2.616 2.621 2.628 2.634 2.642 2.661 2.682 2.704 2.725 2.747 2.768 2.767 2.757 2.746 2.731 2.715 2.695
1.544 1.743 1.991 2.253 2.521 2.809 3.095 3.379 3.672 3.968 4.266 4.564 4.863 5.163 5.426 5.675 5.918 6.156 6.388 6.615 6.737 6.826 6.909 6.986 7.058 7.123 7.021 6.866 6.709 6.549 6.386 6.219 5.986 5.731 5.475 5.219 4.963 4.729 4.486 4.235 3.979 3.718 3.451 3.178 3.058 2.990 2.916 2.834 2.746 2.650 2.625 2.630 2.632 2.631 2.627 2.620 2.621 2.628 2.636 2.643 2.652 2.660 2.678 2.699 2.721 2.742 2.763 2.784 2.781 2.775 2.774 2.774 2.777 2.782
1.879 2.130 2.406 2.691 2.973 3.253 3.531 3.806 4.096 4.396 4.696 4.998 5.300 5.604 5.863 6.092 6.317 6.536 6.749 6.957 7.078 7.147 7.209 7.266 7.317 7.362 7.276 7.112 6.944 6.775 6.636 6.502 6.314 6.086 5.852 5.613 5.370 5.120 4.860 4.590 4.315 4.034 3.748 3.457 3.283 3.190 3.091 2.984 2.870 2.749 2.693 2.688 2.679 2.668 2.653 2.636 2.632 2.641 2.649 2.659 2.669 2.679 2.700 2.728 2.758 2.791 2.825 2.862 2.881 2.885 2.891 2.899 2.910 2.923
2.341 2.606 2.880 3.156 3.429 3.700 3.969 4.235 4.518 4.821 5.125 5.430 5.736 6.043 6.304 6.515 6.720 6.920 7.115 7.305 7.425 7.473 7.518 7.570 7.620 7.667 7.624 7.488 7.355 7.226 7.101 6.979 6.802 6.556 6.304 6.047 5.784 5.517 5.239 4.950 4.656 4.356 4.051 3.740 3.515 3.397 3.273 3.141 3.002 2.856 2.763 2.748 2.729 2.707 2.684 2.664 2.657 2.673 2.688 2.702 2.716 2.729 2.751 2.786 2.824 2.864 2.905 2.949 2.981 2.993 3.006 3.022 3.041 3.061
2.797 3.077 3.355 3.623 3.887 4.149 4.409 4.666 4.939 5.245 5.553 5.861 6.170 6.480 6.751 6.946 7.142 7.333 7.520 7.701 7.835 7.883 7.929 7.972 8.013 8.050 8.033 7.909 7.789 7.673 7.560 7.451 7.296 7.030 6.760 6.485 6.204 5.918 5.623 5.315 5.002 4.683 4.359 4.029 3.753 3.611 3.461 3.308 3.158 2.997 2.871 2.853 2.831 2.806 2.776 2.742 2.719 2.733 2.746 2.758 2.769 2.780 2.799 2.842 2.887 2.934 2.983 3.035 3.079 3.098 3.119 3.143 3.169 3.197
3.248 3.543 3.833 4.091 4.347 4.600 4.851 5.099 5.377 5.714 6.042 6.364 6.677 6.984 7.260 7.444 7.623 7.797 7.966 8.130 8.267 8.306 8.343 8.376 8.408 8.436 8.437 8.326 8.219 8.115 8.015 7.919 7.794 7.510 7.221 6.927 6.628 6.324 6.012 5.685 5.367 5.064 4.746 4.414 4.101 3.945 3.778 3.599 3.409 3.207 3.023 2.991 2.956 2.916 2.872 2.824 2.782 2.793 2.804 2.814 2.823 2.832 2.846 2.896 2.948 3.003 3.059 3.118 3.174 3.201 3.230 3.262 3.294 3.322
3.694 4.012 4.334 4.606 4.883 5.164 5.451 5.742 6.040 6.350 6.652 6.946 7.233 7.513 7.780 7.947 8.108 8.265 8.417 8.564 8.701 8.731 8.758 8.783 8.805 8.824 8.837 8.738 8.644 8.553 8.466 8.383 8.296 8.008 7.734 7.465 7.200 6.939 6.681 6.356 6.017 5.663 5.296 4.914 4.523 4.327 4.119 3.901 3.671 3.429 3.179 3.133 3.084 3.030 2.972 2.910 2.845 2.854 2.863 2.870 2.878 2.884 2.890 2.948 3.007 3.067 3.122 3.176 3.229 3.256 3.287 3.321 3.360 3.402
4.213 4.551 4.893 5.187 5.481 5.780 6.084 6.393 6.707 6.993 7.268 7.536 7.797 8.050 8.295 8.453 8.598 8.737 8.872 9.002 9.127 9.158 9.176 9.191 9.204 9.214 9.222 9.152 9.083 9.025 8.977 8.941 8.915 8.680 8.421 8.166 7.916 7.669 7.427 7.068 6.679 6.276 5.859 5.428 4.983 4.720 4.472 4.214 3.944 3.662 3.369 3.279 3.215 3.148 3.076 3.000 2.920 2.915 2.921 2.924 2.926 2.926 2.924 2.970 3.024 3.078 3.131 3.183 3.235 3.278 3.322 3.370 3.422 3.478
4.730 5.083 5.442 5.762 6.073 6.389 6.711 7.037 7.368 7.643 7.892 8.134 8.367 8.594 8.813 8.965 9.092 9.215 9.332 9.460 9.576 9.616 9.627 9.632 9.630 9.622 9.608 9.573 9.542 9.521 9.512 9.513 9.526 9.347 9.102 8.862 8.626 8.395 8.167 7.794 7.355 6.903 6.436 5.955 5.460 5.123 4.836 4.538 4.228 3.906 3.574 3.433 3.361 3.281 3.194 3.100 2.998 2.970 2.969 2.967 2.962 2.956 2.949 2.985 3.037 3.089 3.140 3.191 3.242 3.295 3.353 3.415 3.481 3.551
5.241 5.610 5.984 6.330 6.659 6.992 7.331 7.675 8.023 8.301 8.523 8.738 8.978 9.219 9.463 9.642 9.765 9.874 9.966 10.044 10.105 10.122 10.110 10.093 10.068 10.037 10.000 9.982 9.989 10.006 10.035 10.074 10.124 10.008 9.778 9.553 9.332 9.115 8.902 8.533 8.045 7.543 7.026 6.496 5.956 5.551 5.232 4.903 4.562 4.211 3.849 3.645 3.547 3.442 3.329 3.210 3.083 3.026 3.019 3.011 3.001 2.989 2.975 3.000 3.050 3.100 3.150 3.199 3.248 3.309 3.380 3.456 3.536 3.619
5.746 6.131 6.521 6.892 7.242 7.613 7.986 8.362 8.739 9.057 9.299 9.543 9.788 10.036 10.285 10.459 10.528 10.582 10.620 10.643 10.650 10.634 10.600 10.559 10.512 10.459 10.398 10.380 10.424 10.479 10.546 10.623 10.711 10.664 10.449 10.238 10.032 9.841 9.632 9.267 8.733 8.189 7.637 7.075 6.505 6.031 5.675 5.307 4.929 4.540 4.140 3.864 3.740 3.610 3.472 3.327 3.174 3.083 3.070 3.056 3.040 3.023 3.003 3.015 3.064 3.112 3.161 3.208 3.255 3.311 3.378 3.447 3.516 3.586
6.352 6.772 7.189 7.593 7.969 8.348 8.730 9.114 9.500 9.846 10.094 10.344 10.596 10.849 11.104 11.291 11.306 11.305 11.289 11.257 11.210 11.153 11.096 11.032 10.962 10.886 10.803 10.765 10.847 10.941 11.161 11.365 11.547 11.602 11.405 11.183 10.937 10.668 10.374 9.983 9.417 8.842 8.257 7.664 7.062 6.522 6.127 5.722 5.305 4.878 4.441 4.090 3.941 3.785 3.621 3.451 3.273 3.142 3.123 3.103 3.082 3.058 3.025 3.007 3.039 3.070 3.101 3.131 3.161 3.203 3.274 3.346 3.419 3.494
7.080 7.492 7.903 8.308 8.693 9.080 9.470 9.862 10.256 10.632 10.886 11.142 11.400 11.659 11.920 12.138 12.099 12.044 11.974 11.888 11.786 11.677 11.611 11.661 11.726 11.807 11.902 12.027 12.219 12.389 12.537 12.662 12.765 12.789 12.507 12.202 11.872 11.518 11.140 10.708 10.110 9.503 8.887 8.261 7.627 7.023 6.590 6.147 5.693 5.228 4.752 4.322 4.148 3.967 3.778 3.570 3.351 3.160 3.120 3.079 3.036 2.992 2.947 2.914 2.944 2.974 3.002 3.030 3.058 3.094 3.168 3.245 3.322 3.400
7.808 8.214 8.618 9.020 9.413 9.808 10.206 10.607 11.009 11.415 11.675 11.937 12.201 12.466 12.733 12.990 12.886 12.819 12.787 12.792 12.833 12.910 12.998 13.101 13.218 13.351 13.498 13.660 13.774 13.865 13.934 13.981 14.005 13.999 13.633 13.243 12.829 12.392 11.930 11.441 10.811 10.172 9.524 8.867 8.201 7.534 7.063 6.582 6.066 5.538 5.008 4.487 4.271 4.048 3.820 3.586 3.346 3.109 3.064 3.018 2.970 2.921 2.871 2.823 2.851 2.878 2.904 2.930 2.956 2.983 3.062 3.142 3.223 3.305
8.538 8.937 9.334 9.729 10.129 10.533 10.939 11.348 11.761 12.149 12.406 12.638 12.864 13.084 13.299 13.507 13.558 13.617 13.713 13.844 14.011 14.215 14.368 14.522 14.692 14.877 15.077 15.292 15.350 15.363 15.353 15.321 15.266 15.189 14.782 14.308 13.810 13.289 12.743 12.173 11.520 10.788 10.052 9.320 8.590 7.864 7.314 6.782 6.247 5.709 5.167 4.623 4.355 4.111 3.862 3.607 3.346 3.079 3.009 2.958 2.905 2.851 2.796 2.739 2.757 2.783 2.807 2.831 2.854 2.877 2.955 3.039 3.124 3.214
9.268 9.762 10.283 10.748 11.187 11.595 11.962 12.288 12.573 12.816 13.033 13.244 13.449 13.648 13.841 14.028 14.191 14.376 14.598 14.856 15.150 15.480 15.720 15.927 16.149 16.386 16.638 16.904 16.947 16.881 16.793 16.682 16.549 16.386 15.771 15.074 14.390 13.719 13.062 12.417 11.711 10.983 10.258 9.537 8.819 8.104 7.520 6.977 6.431 5.882 5.330 4.774 4.444 4.180 3.910 3.634 3.353 3.065 2.956 2.900 2.842 2.783 2.722 2.661 2.665 2.688 2.717 2.753 2.791 2.831 2.916 3.012 3.107 3.200
11.381 11.761 12.086 12.356 12.620 12.884 13.106 13.288 13.428 13.527 13.665 13.855 14.038 14.216 14.388 14.554 14.784 15.096 15.444 15.828 16.248 16.705 17.054 17.313 17.587 17.876 18.148 18.232 18.042 17.686 17.327 16.964 16.597 16.226 15.684 15.032 14.394 13.769 13.158 12.559 11.892 11.175 10.461 9.751 9.044 8.340 7.730 7.176 6.618 6.058 5.495 4.929 4.539 4.255 3.964 3.667 3.365 3.056 2.904 2.849 2.796 2.742 2.686 2.628 2.631 2.670 2.710 2.753 2.796 2.842 2.919 3.010 3.100 3.188
13.634 13.819 13.948 14.022 14.096 14.215 14.294 14.331 14.327 14.282 14.302 14.471 14.634 14.791 14.942 15.087 15.337 15.775 16.250 16.813 17.447 17.999 18.353 18.472 18.520 18.497 18.402 18.236 17.952 17.583 17.211 16.835 16.455 16.071 15.583 14.978 14.386 13.806 13.240 12.687 12.069 11.363 10.661 9.961 9.265 8.572 7.942 7.377 6.809 6.238 5.663 5.086 4.656 4.369 4.072 3.765 3.448 3.121 2.925 2.868 2.809 2.748 2.686 2.621 2.611 2.656 2.702 2.751 2.800 2.852 2.923 3.009 3.094 3.177
15.945 15.935 15.869 15.747 15.615 15.590 15.524 15.417 15.269 15.080 14.945 15.093 15.504 16.136 16.649 17.042 17.422 18.015 18.526 18.954 19.300 19.563 19.680 19.550 19.348 19.075 18.731 18.315 17.866 17.484 17.099 16.709 16.317 15.920 15.470 14.910 14.364 13.830 13.309 12.802 12.243 11.548 10.857 10.168 9.483 8.845 8.251 7.712 7.160 6.596 6.017 5.426 4.923 4.601 4.269 3.927 3.574 3.212 2.952 2.889 2.824 2.756 2.688 2.617 2.590 2.641 2.693 2.747 2.803 2.860 2.928 3.009 3.089 3.167
18.315 18.110 17.848 17.531 17.177 17.259 17.555 17.930 18.387 18.923 19.528 19.980 20.314 20.528 20.623 20.599 20.513 20.818 21.040 21.180 21.237 21.212 21.081 20.701 20.250 19.727 19.133 18.468 17.784 17.389 16.990 16.588 16.183 15.773 15.343 14.829 14.328 13.840 13.434 13.030 12.584 11.955 11.327 10.702 10.078 9.455 8.842 8.258 7.660 7.049 6.425 5.787 5.199 4.842 4.475 4.097 3.710 3.313 2.981 2.911 2.840 2.766 2.691 2.614 2.567 2.623 2.682 2.742 2.803 2.867 2.944 3.053 3.153 3.246
21.278 21.208 21.155 21.120 21.103 21.562 22.137 22.793 23.529 24.346 25.243 25.330 25.246 25.042 24.720 24.278 23.717 23.704 23.638 23.490 23.259 22.947 22.552 21.926 21.225 20.453 19.610 18.696 17.710 17.298 16.900 16.698 16.422 16.071 15.645 15.243 14.836 14.426 14.012 13.593 13.165 12.542 11.920 11.299 10.680 10.063 9.447 8.816 8.172 7.515 6.844 6.161 5.485 5.093 4.690 4.278 3.856 3.423 3.012 2.936 2.858 2.778 2.696 2.631 2.610 2.718 2.823 2.926 3.026 3.123 3.216 3.297 3.369 3.433
