DATA/SHG/CPC/2018/20180707.asc
ncols        190
nrows        64
xllcorner    -5100000.000000000000
yllcorner    4130000.000000000000
cellsize     10000.000000000000
NODATA_value  -99999.000
[rows 0 to 32 of 64, columns 0 to 74 of 190]
0.000 0.000 0.000 0.000 0.000 0.000 0.000 0.000 0.000 0.000 0.000 0.000 0.000 0.000 0.000 0.000 0.000 0.000 0.002 0.004 0.006 0.007 0.009 0.010 0.028 0.054 0.078 0.101 0.121 0.139 0.182 0.242 0.301 0.362 0.422 0.485 0.538 0.586 0.633 0.680 0.727 0.774 0.808 0.831 0.853 0.874 0.894 0.912 0.939 0.973 1.006 1.037 1.068 1.097 1.145 1.213 1.279 1.343 1.405 1.466 1.541 1.632 1.722 1.808 1.892 1.973 2.081 2.231 2.375 2.514 2.648 2.778 2.951 3.208 3.462
0.000 0.000 0.000 0.000 0.000 0.000 0.000 0.000 0.000 0.000 0.000 0.000 0.000 0.000 0.000 0.000 0.000 0.000 0.001 0.002 0.003 0.003 0.003 0.003 0.014 0.033 0.050 0.066 0.084 0.102 0.142 0.205 0.268 0.329 0.389 0.448 0.501 0.547 0.594 0.640 0.685 0.731 0.766 0.785 0.803 0.820 0.836 0.850 0.870 0.900 0.929 0.957 0.984 1.009 1.047 1.109 1.169 1.227 1.283 1.336 1.393 1.469 1.542 1.610 1.674 1.735 1.812 1.944 2.071 2.193 2.310 2.422 2.563 2.811 3.056
0.000 0.000 0.000 0.000 0.000 0.000 0.000 0.000 0.000 0.000 0.000 0.000 0.000 0.000 0.000 0.000 0.000 0.000 0.000 0.000 0.000 0.000 0.000 0.000 0.007 0.025 0.042 0.060 0.077 0.094 0.125 0.184 0.243 0.300 0.357 0.412 0.464 0.509 0.554 0.599 0.644 0.688 0.725 0.740 0.754 0.767 0.779 0.789 0.803 0.829 0.854 0.878 0.902 0.925 0.953 1.006 1.055 1.101 1.144 1.183 1.223 1.285 1.344 1.398 1.449 1.496 1.548 1.663 1.773 1.877 1.977 2.072 2.177 2.416 2.653
0.000 0.000 0.000 0.000 0.000 0.000 0.000 0.000 0.000 0.000 0.000 0.000 0.000 0.000 0.000 0.000 0.000 0.000 0.000 0.000 0.000 0.000 0.000 0.000 0.004 0.021 0.037 0.054 0.070 0.086 0.109 0.165 0.219 0.273 0.326 0.377 0.427 0.471 0.515 0.559 0.603 0.646 0.685 0.696 0.706 0.719 0.730 0.740 0.751 0.775 0.797 0.817 0.834 0.850 0.865 0.906 0.943 0.977 1.007 1.033 1.057 1.106 1.150 1.191 1.228 1.261 1.290 1.387 1.479 1.567 1.649 1.727 1.799 2.024 2.253
0.000 0.000 0.000 0.000 0.000 0.000 0.000 0.000 0.000 0.000 0.000 0.000 0.000 0.000 0.000 0.000 0.000 0.000 0.000 0.000 0.000 0.000 0.000 0.000 0.001 0.017 0.033 0.048 0.063 0.078 0.094 0.146 0.197 0.247 0.296 0.344 0.390 0.434 0.481 0.528 0.574 0.619 0.663 0.675 0.685 0.694 0.702 0.708 0.714 0.730 0.745 0.757 0.768 0.776 0.783 0.809 0.834 0.855 0.873 0.887 0.898 0.930 0.961 0.988 1.011 1.030 1.045 1.116 1.191 1.267 1.347 1.422 1.491 1.689 1.906
0.000 0.000 0.000 0.000 0.000 0.000 0.000 0.000 0.000 0.000 0.000 0.000 0.000 0.000 0.000 0.000 0.000 0.000 0.000 0.000 0.000 0.000 0.000 0.000 0.000 0.014 0.028 0.043 0.057 0.070 0.086 0.138 0.192 0.243 0.292 0.338 0.382 0.427 0.472 0.516 0.560 0.603 0.646 0.658 0.664 0.670 0.674 0.677 0.680 0.687 0.695 0.700 0.704 0.705 0.705 0.716 0.729 0.738 0.743 0.745 0.744 0.758 0.783 0.811 0.837 0.860 0.879 0.941 1.012 1.079 1.139 1.194 1.243 1.394 1.582
0.000 0.000 0.000 0.000 0.000 0.000 0.000 0.000 0.000 0.000 0.000 0.000 0.000 0.000 0.000 0.000 0.000 0.000 0.000 0.000 0.000 0.000 0.000 0.000 0.001 0.015 0.035 0.057 0.081 0.107 0.135 0.178 0.223 0.266 0.306 0.344 0.379 0.420 0.463 0.505 0.547 0.588 0.628 0.643 0.645 0.647 0.648 0.647 0.646 0.647 0.647 0.645 0.642 0.636 0.628 0.634 0.645 0.653 0.660 0.664 0.667 0.682 0.703 0.722 0.737 0.750 0.760 0.797 0.849 0.896 0.937 0.972 1.001 1.107 1.267
0.000 0.000 0.000 0.000 0.000 0.000 0.000 0.000 0.000 0.000 0.000 0.000 0.000 0.000 0.000 0.000 0.000 0.000 0.000 0.000 0.001 0.002 0.003 0.005 0.006 0.023 0.051 0.080 0.112 0.146 0.182 0.221 0.257 0.291 0.323 0.352 0.379 0.414 0.455 0.495 0.534 0.573 0.612 0.628 0.627 0.625 0.622 0.618 0.619 0.622 0.623 0.624 0.622 0.620 0.616 0.616 0.619 0.620 0.620 0.617 0.612 0.615 0.626 0.635 0.641 0.643 0.644 0.659 0.692 0.719 0.740 0.755 0.765 0.828 0.960
0.000 0.000 0.000 0.000 0.000 0.000 0.000 0.000 0.000 0.000 0.000 0.000 0.000 0.000 0.000 0.000 0.000 0.000 0.000 0.001 0.002 0.004 0.006 0.009 0.011 0.029 0.064 0.102 0.141 0.183 0.227 0.265 0.293 0.319 0.342 0.363 0.381 0.408 0.447 0.485 0.522 0.563 0.603 0.625 0.627 0.629 0.632 0.635 0.638 0.639 0.635 0.630 0.624 0.616 0.607 0.600 0.596 0.590 0.581 0.571 0.558 0.550 0.552 0.551 0.547 0.540 0.530 0.527 0.540 0.547 0.548 0.544 0.538 0.588 0.723
0.000 0.000 0.000 0.000 0.000 0.000 0.000 0.000 0.000 0.000 0.000 0.000 0.000 0.000 0.000 0.000 0.000 0.000 0.000 0.001 0.003 0.006 0.009 0.012 0.016 0.033 0.076 0.121 0.168 0.218 0.270 0.312 0.332 0.349 0.366 0.384 0.402 0.427 0.467 0.506 0.543 0.579 0.613 0.638 0.641 0.644 0.648 0.652 0.656 0.657 0.649 0.639 0.627 0.615 0.600 0.586 0.575 0.561 0.545 0.528 0.508 0.489 0.481 0.470 0.456 0.443 0.439 0.438 0.453 0.466 0.476 0.484 0.490 0.514 0.634
0.000 0.000 0.000 0.000 0.000 0.000 0.000 0.000 0.000 0.000 0.000 0.000 0.000 0.000 0.000 0.000 0.000 0.000 0.000 0.001 0.004 0.008 0.012 0.016 0.020 0.034 0.086 0.140 0.193 0.247 0.300 0.346 0.364 0.382 0.401 0.421 0.442 0.465 0.500 0.534 0.566 0.596 0.626 0.650 0.654 0.658 0.663 0.668 0.674 0.677 0.663 0.648 0.632 0.614 0.595 0.575 0.556 0.535 0.516 0.503 0.488 0.473 0.470 0.465 0.459 0.451 0.442 0.432 0.439 0.444 0.446 0.446 0.444 0.444 0.550
0.000 0.000 0.000 0.000 0.000 0.000 0.000 0.000 0.000 0.000 0.000 0.000 0.000 0.000 0.000 0.000 0.000 0.000 0.000 0.000 0.006 0.013 0.022 0.032 0.045 0.061 0.114 0.167 0.219 0.272 0.323 0.374 0.394 0.415 0.436 0.458 0.481 0.504 0.534 0.562 0.589 0.615 0.639 0.662 0.667 0.672 0.678 0.684 0.691 0.698 0.679 0.664 0.651 0.637 0.624 0.610 0.596 0.581 0.564 0.546 0.526 0.506 0.496 0.486 0.475 0.461 0.447 0.430 0.428 0.425 0.419 0.411 0.401 0.388 0.470
0.000 0.000 0.000 0.000 0.000 0.000 0.000 0.000 0.000 0.000 0.000 0.000 0.000 0.000 0.000 0.000 0.000 0.000 0.000 0.000 0.011 0.024 0.039 0.055 0.074 0.093 0.143 0.194 0.246 0.297 0.347 0.398 0.423 0.446 0.470 0.494 0.519 0.545 0.569 0.593 0.615 0.635 0.654 0.672 0.685 0.699 0.712 0.725 0.739 0.752 0.742 0.729 0.715 0.701 0.687 0.672 0.654 0.634 0.613 0.590 0.566 0.541 0.524 0.509 0.492 0.473 0.453 0.431 0.419 0.407 0.394 0.378 0.359 0.339 0.394
0.000 0.000 0.000 0.000 0.000 0.000 0.000 0.000 0.000 0.000 0.000 0.000 0.000 0.000 0.000 0.000 0.000 0.000 0.000 0.000 0.014 0.033 0.054 0.076 0.101 0.127 0.172 0.222 0.273 0.322 0.372 0.421 0.452 0.477 0.503 0.529 0.557 0.587 0.613 0.637 0.661 0.685 0.710 0.735 0.751 0.764 0.777 0.790 0.802 0.814 0.808 0.794 0.779 0.765 0.750 0.735 0.714 0.689 0.663 0.636 0.607 0.577 0.554 0.533 0.510 0.486 0.460 0.433 0.412 0.415 0.423 0.434 0.446 0.459 0.535
0.000 0.000 0.000 0.000 0.000 0.000 0.000 0.000 0.000 0.000 0.000 0.000 0.000 0.000 0.000 0.000 0.000 0.000 0.000 0.000 0.015 0.040 0.067 0.096 0.126 0.158 0.201 0.251 0.300 0.348 0.396 0.445 0.482 0.511 0.543 0.575 0.609 0.645 0.674 0.699 0.724 0.749 0.774 0.799 0.817 0.830 0.842 0.854 0.866 0.878 0.874 0.859 0.844 0.828 0.813 0.797 0.774 0.745 0.714 0.682 0.649 0.615 0.602 0.596 0.591 0.586 0.581 0.577 0.581 0.593 0.607 0.622 0.639 0.657 0.724
0.000 0.000 0.000 0.000 0.000 0.000 0.000 0.000 0.000 0.000 0.000 0.000 0.000 0.000 0.000 0.000 0.000 0.000 0.000 0.000 0.015 0.046 0.078 0.110 0.141 0.172 0.211 0.259 0.309 0.360 0.413 0.468 0.513 0.548 0.584 0.622 0.661 0.701 0.735 0.761 0.786 0.812 0.838 0.864 0.884 0.896 0.907 0.918 0.930 0.941 0.940 0.924 0.908 0.892 0.877 0.871 0.860 0.841 0.824 0.807 0.791 0.776 0.766 0.761 0.757 0.754 0.751 0.748 0.753 0.770 0.789 0.809 0.831 0.854 0.912
0.000 0.000 0.000 0.000 0.000 0.000 0.000 0.000 0.000 0.000 0.000 0.000 0.000 0.000 0.000 0.000 0.001 0.002 0.003 0.005 0.018 0.049 0.079 0.109 0.139 0.168 0.205 0.258 0.314 0.371 0.429 0.489 0.543 0.583 0.624 0.667 0.711 0.756 0.796 0.822 0.849 0.875 0.901 0.928 0.950 0.961 0.972 0.984 1.003 1.022 1.036 1.030 1.024 1.020 1.015 1.012 1.005 0.990 0.975 0.962 0.949 0.938 0.929 0.926 0.923 0.921 0.920 0.918 0.923 0.946 0.970 0.995 1.022 1.050 1.100
0.000 0.000 0.000 0.000 0.000 0.000 0.000 0.000 0.000 0.000 0.000 0.000 0.000 0.000 0.000 0.002 0.004 0.007 0.010 0.014 0.023 0.052 0.081 0.109 0.137 0.165 0.197 0.256 0.317 0.379 0.443 0.509 0.571 0.616 0.662 0.710 0.759 0.810 0.857 0.884 0.911 0.941 0.972 1.004 1.035 1.054 1.074 1.096 1.119 1.144 1.166 1.162 1.159 1.156 1.153 1.152 1.149 1.137 1.126 1.115 1.106 1.098 1.091 1.090 1.089 1.088 1.088 1.088 1.092 1.120 1.148 1.179 1.212 1.252 1.304
0.000 0.000 0.000 0.000 0.000 0.000 0.000 0.000 0.000 0.000 0.000 0.000 0.000 0.000 0.000 0.004 0.007 0.012 0.017 0.022 0.029 0.056 0.083 0.110 0.136 0.161 0.188 0.253 0.319 0.386 0.456 0.527 0.598 0.649 0.701 0.755 0.811 0.867 0.925 0.956 0.989 1.022 1.057 1.092 1.129 1.153 1.179 1.206 1.234 1.265 1.296 1.294 1.292 1.291 1.291 1.291 1.291 1.283 1.275 1.268 1.262 1.257 1.253 1.253 1.253 1.255 1.260 1.267 1.275 1.314 1.356 1.400 1.447 1.496 1.547
0.000 0.000 0.000 0.000 0.000 0.000 0.000 0.000 0.000 0.000 0.000 0.000 0.000 0.000 0.000 0.005 0.010 0.016 0.022 0.029 0.037 0.061 0.086 0.111 0.135 0.159 0.185 0.253 0.327 0.402 0.477 0.554 0.631 0.690 0.747 0.806 0.866 0.927 0.990 1.028 1.065 1.102 1.140 1.180 1.220 1.251 1.282 1.314 1.348 1.383 1.420 1.425 1.425 1.426 1.427 1.429 1.432 1.427 1.423 1.420 1.418 1.419 1.421 1.426 1.434 1.443 1.453 1.465 1.479 1.522 1.572 1.624 1.679 1.736 1.796
0.000 0.000 0.000 0.000 0.000 0.000 0.000 0.000 0.000 0.000 0.000 0.000 0.000 0.000 0.000 0.005 0.012 0.020 0.028 0.039 0.052 0.077 0.104 0.131 0.157 0.183 0.207 0.270 0.347 0.425 0.504 0.583 0.663 0.729 0.791 0.855 0.919 0.986 1.053 1.100 1.139 1.180 1.222 1.266 1.310 1.347 1.383 1.421 1.460 1.500 1.542 1.552 1.550 1.551 1.554 1.559 1.566 1.568 1.569 1.572 1.577 1.583 1.590 1.601 1.614 1.628 1.644 1.661 1.680 1.727 1.785 1.846 1.909 1.975 2.043
0.000 0.000 0.000 0.000 0.000 0.000 0.000 0.000 0.000 0.000 0.000 0.000 0.000 0.000 0.000 0.007 0.019 0.034 0.050 0.068 0.088 0.112 0.137 0.161 0.185 0.208 0.231 0.287 0.367 0.448 0.529 0.611 0.695 0.767 0.834 0.902 0.972 1.042 1.114 1.169 1.213 1.258 1.304 1.350 1.396 1.437 1.473 1.510 1.548 1.586 1.624 1.642 1.649 1.657 1.668 1.682 1.697 1.708 1.714 1.723 1.733 1.745 1.758 1.774 1.792 1.812 1.833 1.856 1.880 1.929 1.996 2.065 2.136 2.210 2.287
0.000 0.000 0.000 0.000 0.000 0.000 0.000 0.000 0.000 0.000 0.000 0.000 0.000 0.000 0.000 0.008 0.027 0.048 0.070 0.095 0.121 0.147 0.170 0.192 0.214 0.235 0.255 0.303 0.386 0.469 0.554 0.639 0.725 0.804 0.876 0.948 1.022 1.096 1.167 1.226 1.270 1.316 1.363 1.412 1.462 1.508 1.546 1.585 1.624 1.663 1.703 1.730 1.745 1.762 1.781 1.802 1.826 1.845 1.857 1.872 1.888 1.905 1.924 1.946 1.969 1.994 2.021 2.049 2.078 2.117 2.162 2.208 2.255 2.301 2.348
0.000 0.000 0.000 0.000 0.000 0.000 0.000 0.000 0.000 0.000 0.000 0.000 0.000 0.000 0.000 0.007 0.033 0.060 0.089 0.120 0.152 0.182 0.203 0.223 0.243 0.261 0.280 0.318 0.404 0.490 0.583 0.674 0.764 0.846 0.919 0.990 1.061 1.131 1.199 1.261 1.311 1.363 1.416 1.470 1.527 1.579 1.618 1.658 1.699 1.740 1.781 1.816 1.838 1.863 1.891 1.920 1.952 1.980 1.999 2.019 2.040 2.064 2.077 2.082 2.087 2.091 2.095 2.098 2.101 2.117 2.164 2.211 2.258 2.306 2.353
0.000 0.000 0.000 0.000 0.000 0.000 0.000 0.000 0.000 0.000 0.000 0.000 0.000 0.000 0.000 0.005 0.036 0.070 0.105 0.143 0.182 0.219 0.238 0.262 0.288 0.316 0.346 0.388 0.478 0.566 0.652 0.735 0.817 0.894 0.964 1.032 1.100 1.166 1.232 1.295 1.351 1.408 1.467 1.527 1.589 1.649 1.690 1.732 1.773 1.816 1.858 1.899 1.930 1.963 1.998 2.024 2.046 2.064 2.068 2.073 2.078 2.085 2.092 2.099 2.102 2.105 2.106 2.108 2.109 2.118 2.166 2.213 2.262 2.310 2.358
0.000 0.000 0.000 0.000 0.000 0.000 0.000 0.000 0.000 0.000 0.000 0.000 0.000 0.000 0.000 0.002 0.045 0.089 0.134 0.180 0.227 0.274 0.303 0.335 0.368 0.404 0.442 0.482 0.565 0.645 0.723 0.799 0.872 0.943 1.010 1.075 1.139 1.203 1.266 1.328 1.389 1.452 1.516 1.583 1.650 1.719 1.761 1.804 1.835 1.865 1.897 1.931 1.953 1.974 1.996 2.018 2.040 2.062 2.069 2.077 2.086 2.095 2.106 2.117 2.118 2.118 2.118 2.118 2.117 2.118 2.167 2.216 2.265 2.314 2.363
0.000 0.000 0.000 0.000 0.000 0.000 0.000 0.000 0.000 0.000 0.002 0.006 0.012 0.020 0.029 0.041 0.082 0.129 0.178 0.227 0.277 0.328 0.367 0.406 0.447 0.490 0.535 0.582 0.653 0.726 0.796 0.864 0.930 0.993 1.056 1.119 1.180 1.241 1.300 1.359 1.425 1.479 1.531 1.584 1.637 1.690 1.724 1.757 1.794 1.832 1.874 1.918 1.942 1.965 1.988 2.011 2.035 2.058 2.070 2.081 2.093 2.105 2.119 2.133 2.134 2.133 2.131 2.129 2.126 2.122 2.168 2.217 2.267 2.315 2.358
0.000 0.000 0.000 0.000 0.000 0.000 0.000 0.000 0.000 0.000 0.006 0.017 0.029 0.043 0.060 0.078 0.118 0.169 0.220 0.273 0.326 0.380 0.428 0.474 0.522 0.573 0.626 0.680 0.744 0.809 0.871 0.931 0.989 1.045 1.091 1.136 1.180 1.222 1.262 1.300 1.349 1.402 1.455 1.509 1.563 1.618 1.661 1.704 1.750 1.797 1.848 1.901 1.932 1.956 1.980 2.004 2.029 2.054 2.070 2.084 2.099 2.114 2.131 2.149 2.151 2.147 2.142 2.135 2.127 2.118 2.151 2.194 2.235 2.275 2.314
0.000 0.000 0.000 0.000 0.000 0.000 0.000 0.000 0.000 0.000 0.009 0.026 0.045 0.065 0.088 0.113 0.154 0.207 0.262 0.318 0.374 0.432 0.486 0.540 0.596 0.654 0.713 0.764 0.812 0.857 0.900 0.940 0.977 1.012 1.049 1.088 1.125 1.161 1.194 1.226 1.271 1.325 1.379 1.434 1.489 1.545 1.597 1.648 1.703 1.760 1.820 1.882 1.921 1.946 1.971 1.997 2.022 2.048 2.068 2.084 2.099 2.115 2.132 2.150 2.151 2.143 2.134 2.124 2.114 2.103 2.125 2.163 2.200 2.236 2.271
0.000 0.000 0.000 0.000 0.000 0.000 0.000 0.000 0.000 0.000 0.009 0.032 0.058 0.085 0.115 0.146 0.188 0.245 0.303 0.363 0.427 0.491 0.552 0.605 0.655 0.702 0.747 0.788 0.827 0.863 0.896 0.927 0.955 0.981 1.009 1.042 1.073 1.102 1.129 1.154 1.193 1.248 1.303 1.359 1.415 1.471 1.529 1.590 1.654 1.720 1.789 1.860 1.906 1.927 1.950 1.974 2.000 2.027 2.050 2.067 2.085 2.104 2.123 2.143 2.148 2.137 2.126 2.114 2.102 2.089 2.100 2.134 2.167 2.199 2.229
0.000 0.000 0.000 0.000 0.000 0.000 0.000 0.000 0.000 0.000 0.007 0.037 0.072 0.113 0.156 0.200 0.250 0.315 0.379 0.443 0.506 0.570 0.629 0.672 0.712 0.749 0.784 0.815 0.844 0.871 0.895 0.917 0.937 0.953 0.972 0.998 1.022 1.045 1.066 1.085 1.114 1.170 1.227 1.284 1.341 1.398 1.457 1.523 1.590 1.658 1.727 1.797 1.852 1.879 1.907 1.937 1.968 2.001 2.030 2.050 2.070 2.091 2.113 2.135 2.145 2.132 2.119 2.105 2.090 2.075 2.077 2.106 2.135 2.162 2.188
0.000 0.000 0.000 0.000 0.000 0.001 0.004 0.010 0.017 0.028 0.043 0.086 0.131 0.178 0.227 0.277 0.331 0.394 0.458 0.522 0.585 0.649 0.709 0.742 0.772 0.799 0.823 0.845 0.864 0.882 0.897 0.910 0.920 0.928 0.936 0.956 0.974 0.990 1.007 1.022 1.042 1.099 1.155 1.211 1.266 1.320 1.376 1.446 1.516 1.587 1.659 1.732 1.797 1.829 1.863 1.898 1.935 1.973 2.009 2.031 2.054 2.078 2.102 2.127 2.143 2.128 2.112 2.096 2.079 2.061 2.053 2.073 2.094 2.115 2.137
0.000 0.000 0.000 0.000 0.000 0.008 0.020 0.034 0.050 0.068 0.089 0.137 0.188 0.241 0.296 0.353 0.411 0.474 0.538 0.601 0.664 0.727 0.791 0.814 0.835 0.852 0.866 0.878 0.886 0.895 0.902 0.917 0.925 0.927 0.922 0.938 0.952 0.962 0.970 0.975 0.979 1.033 1.087 1.140 1.192 1.243 1.295 1.367 1.440 1.515 1.590 1.666 1.740 1.777 1.817 1.858 1.900 1.944 1.988 2.013 2.038 2.064 2.090 2.114 2.123 2.095 2.069 2.044 2.021 1.999 1.984 2.006 2.030 2.054 2.078
