DATA/SHG/CPC/2018/20180619.asc
ncols        190
nrows        64
xllcorner    -5100000.000000000000
yllcorner    4130000.000000000000
cellsize     10000.000000000000
NODATA_value  -99999.000
[rows 0 to 33 of 64, columns 77 to 153 of 190]
0.000 0.000 0.000 0.000 0.000 0.000 0.000 0.001 0.004 0.006 0.008 0.010 0.011 0.012 0.013 0.013 0.013 0.012 0.010 0.008 0.005 0.001 0.000 0.000 0.000 0.015 0.078 0.140 0.202 0.264 0.324 0.378 0.411 0.443 0.475 0.507 0.539 0.565 0.570 0.575 0.581 0.587 0.592 0.594 0.583 0.572 0.561 0.551 0.542 0.527 0.497 0.467 0.437 0.408 0.378 0.352 0.330 0.310 0.289 0.269 0.249 0.236 0.242 0.248 0.253 0.259 0.264 0.274 0.298 0.320 0.341 0.362 0.381 0.397 0.403 0.408 0.413
0.000 0.000 0.000 0.000 0.000 0.000 0.000 0.000 0.001 0.002 0.002 0.002 0.001 0.000 0.000 0.000 0.000 0.000 0.000 0.000 0.000 0.000 0.000 0.000 0.000 0.007 0.067 0.127 0.187 0.246 0.305 0.360 0.391 0.423 0.455 0.486 0.518 0.546 0.552 0.558 0.564 0.570 0.576 0.580 0.571 0.562 0.553 0.545 0.538 0.528 0.499 0.470 0.442 0.414 0.386 0.360 0.340 0.321 0.302 0.283 0.265 0.251 0.256 0.261 0.265 0.270 0.274 0.281 0.300 0.318 0.335 0.351 0.366 0.378 0.381 0.384 0.385
0.000 0.000 0.000 0.000 0.000 0.000 0.000 0.000 0.000 0.000 0.000 0.000 0.000 0.000 0.000 0.000 0.000 0.000 0.000 0.000 0.000 0.000 0.000 0.000 0.000 0.000 0.058 0.115 0.173 0.229 0.285 0.341 0.372 0.404 0.435 0.466 0.496 0.527 0.533 0.540 0.546 0.553 0.559 0.566 0.558 0.551 0.545 0.538 0.532 0.525 0.498 0.471 0.444 0.418 0.392 0.367 0.349 0.332 0.314 0.297 0.281 0.265 0.270 0.274 0.277 0.281 0.284 0.288 0.303 0.316 0.329 0.341 0.351 0.361 0.361 0.360 0.358
0.000 0.000 0.000 0.000 0.000 0.000 0.000 0.000 0.000 0.000 0.000 0.000 0.000 0.000 0.000 0.000 0.000 0.000 0.000 0.000 0.000 0.000 0.000 0.000 0.000 0.000 0.048 0.104 0.159 0.213 0.267 0.320 0.353 0.384 0.415 0.444 0.474 0.503 0.513 0.520 0.527 0.535 0.543 0.552 0.547 0.541 0.536 0.530 0.525 0.519 0.496 0.471 0.446 0.422 0.398 0.375 0.358 0.342 0.326 0.311 0.296 0.282 0.284 0.287 0.290 0.292 0.295 0.297 0.307 0.316 0.324 0.332 0.338 0.343 0.341 0.337 0.335
0.000 0.000 0.000 0.000 0.000 0.000 0.000 0.000 0.000 0.000 0.000 0.000 0.000 0.000 0.000 0.000 0.000 0.000 0.000 0.000 0.000 0.000 0.000 0.000 0.000 0.000 0.040 0.092 0.142 0.192 0.240 0.287 0.321 0.351 0.381 0.412 0.443 0.474 0.488 0.497 0.507 0.517 0.527 0.538 0.536 0.531 0.526 0.522 0.517 0.513 0.493 0.470 0.447 0.425 0.403 0.382 0.366 0.351 0.338 0.324 0.311 0.298 0.298 0.300 0.302 0.304 0.305 0.305 0.310 0.316 0.321 0.326 0.331 0.336 0.335 0.334 0.332
0.000 0.000 0.000 0.000 0.000 0.000 0.000 0.000 0.000 0.000 0.000 0.000 0.000 0.000 0.000 0.000 0.000 0.000 0.000 0.000 0.000 0.000 0.000 0.000 0.000 0.000 0.029 0.076 0.121 0.164 0.207 0.248 0.283 0.314 0.346 0.379 0.412 0.445 0.464 0.475 0.486 0.498 0.510 0.523 0.525 0.521 0.517 0.513 0.510 0.506 0.491 0.469 0.448 0.428 0.408 0.388 0.373 0.360 0.345 0.331 0.317 0.303 0.299 0.300 0.301 0.302 0.303 0.305 0.309 0.314 0.319 0.323 0.327 0.331 0.331 0.330 0.329
0.000 0.000 0.000 0.000 0.000 0.000 0.000 0.000 0.000 0.000 0.000 0.000 0.000 0.000 0.000 0.000 0.000 0.000 0.000 0.000 0.000 0.000 0.000 0.000 0.000 0.000 0.021 0.061 0.101 0.139 0.175 0.211 0.244 0.278 0.312 0.346 0.380 0.415 0.438 0.452 0.465 0.479 0.493 0.508 0.513 0.510 0.507 0.504 0.500 0.492 0.476 0.454 0.432 0.411 0.392 0.373 0.358 0.345 0.332 0.319 0.307 0.295 0.292 0.294 0.296 0.299 0.301 0.305 0.309 0.313 0.316 0.320 0.323 0.327 0.327 0.326 0.325
0.000 0.000 0.000 0.000 0.000 0.000 0.000 0.000 0.000 0.000 0.000 0.000 0.000 0.000 0.000 0.000 0.000 0.000 0.000 0.000 0.000 0.000 0.000 0.000 0.000 0.000 0.013 0.048 0.082 0.114 0.145 0.175 0.206 0.241 0.276 0.312 0.348 0.385 0.413 0.425 0.433 0.441 0.450 0.459 0.461 0.454 0.449 0.445 0.442 0.440 0.431 0.413 0.396 0.381 0.366 0.353 0.341 0.329 0.318 0.307 0.297 0.287 0.284 0.287 0.291 0.295 0.299 0.304 0.308 0.311 0.314 0.317 0.320 0.322 0.323 0.322 0.322
0.000 0.000 0.000 0.000 0.000 0.000 0.000 0.000 0.000 0.000 0.000 0.000 0.000 0.000 0.000 0.000 0.000 0.000 0.000 0.000 0.000 0.000 0.000 0.000 0.000 0.000 0.008 0.037 0.064 0.091 0.116 0.140 0.165 0.198 0.228 0.256 0.282 0.307 0.326 0.335 0.344 0.354 0.364 0.374 0.380 0.379 0.379 0.380 0.383 0.386 0.385 0.372 0.360 0.349 0.340 0.331 0.323 0.313 0.304 0.295 0.287 0.279 0.276 0.281 0.286 0.291 0.297 0.303 0.308 0.310 0.312 0.314 0.316 0.317 0.317 0.317 0.315
0.000 0.000 0.000 0.000 0.000 0.000 0.000 0.000 0.000 0.000 0.000 0.000 0.000 0.000 0.000 0.000 0.000 0.000 0.000 0.000 0.000 0.000 0.000 0.000 0.000 0.000 0.003 0.026 0.048 0.068 0.087 0.105 0.123 0.146 0.168 0.187 0.205 0.221 0.234 0.244 0.255 0.266 0.277 0.289 0.299 0.303 0.308 0.315 0.322 0.331 0.337 0.329 0.322 0.317 0.312 0.308 0.305 0.297 0.290 0.283 0.276 0.270 0.267 0.273 0.280 0.287 0.294 0.302 0.309 0.310 0.311 0.311 0.311 0.311 0.311 0.309 0.307
0.000 0.000 0.000 0.000 0.000 0.000 0.000 0.000 0.000 0.000 0.000 0.000 0.000 0.000 0.000 0.000 0.000 0.000 0.000 0.000 0.000 0.000 0.000 0.000 0.000 0.000 0.000 0.017 0.033 0.047 0.060 0.072 0.082 0.097 0.110 0.121 0.130 0.136 0.142 0.153 0.165 0.178 0.190 0.203 0.216 0.225 0.236 0.248 0.261 0.275 0.288 0.285 0.284 0.282 0.282 0.282 0.283 0.277 0.271 0.266 0.262 0.259 0.257 0.265 0.274 0.283 0.292 0.301 0.310 0.310 0.309 0.308 0.307 0.306 0.304 0.302 0.299
0.000 0.000 0.000 0.000 0.000 0.000 0.000 0.000 0.000 0.000 0.000 0.000 0.000 0.000 0.000 0.000 0.000 0.000 0.000 0.000 0.000 0.000 0.000 0.000 0.000 0.000 0.000 0.010 0.019 0.028 0.035 0.040 0.044 0.050 0.054 0.056 0.056 0.054 0.051 0.063 0.076 0.089 0.103 0.117 0.137 0.155 0.173 0.190 0.206 0.221 0.235 0.237 0.239 0.242 0.246 0.251 0.256 0.253 0.251 0.249 0.247 0.247 0.247 0.257 0.267 0.278 0.289 0.300 0.311 0.310 0.308 0.306 0.303 0.300 0.297 0.294 0.292
0.000 0.000 0.000 0.000 0.000 0.000 0.000 0.000 0.000 0.000 0.000 0.000 0.000 0.000 0.000 0.000 0.000 0.000 0.000 0.000 0.000 0.000 0.000 0.000 0.000 0.000 0.000 0.004 0.007 0.010 0.010 0.010 0.008 0.005 0.001 0.000 0.000 0.000 0.000 0.017 0.037 0.055 0.072 0.089 0.104 0.118 0.133 0.146 0.158 0.170 0.180 0.186 0.193 0.200 0.208 0.218 0.228 0.229 0.229 0.230 0.232 0.234 0.237 0.248 0.260 0.272 0.285 0.299 0.312 0.310 0.307 0.303 0.299 0.295 0.291 0.287 0.285
0.000 0.000 0.000 0.000 0.000 0.000 0.000 0.000 0.000 0.000 0.000 0.000 0.000 0.000 0.000 0.000 0.000 0.000 0.000 0.000 0.000 0.000 0.000 0.000 0.000 0.000 0.000 0.000 0.000 0.000 0.000 0.000 0.000 0.000 0.000 0.000 0.000 0.000 0.000 0.011 0.025 0.039 0.051 0.062 0.072 0.083 0.093 0.102 0.111 0.119 0.126 0.135 0.146 0.158 0.170 0.184 0.199 0.204 0.207 0.211 0.215 0.221 0.226 0.238 0.252 0.267 0.281 0.296 0.310 0.308 0.304 0.301 0.298 0.295 0.293 0.289 0.284
0.000 0.000 0.000 0.000 0.000 0.000 0.000 0.000 0.000 0.000 0.000 0.000 0.000 0.000 0.000 0.000 0.000 0.000 0.000 0.000 0.000 0.000 0.000 0.000 0.000 0.000 0.000 0.000 0.000 0.000 0.000 0.000 0.000 0.000 0.000 0.000 0.000 0.000 0.000 0.006 0.015 0.024 0.031 0.037 0.042 0.048 0.054 0.060 0.065 0.069 0.073 0.083 0.098 0.114 0.131 0.149 0.168 0.179 0.185 0.192 0.200 0.209 0.219 0.232 0.245 0.259 0.272 0.286 0.298 0.300 0.298 0.297 0.296 0.296 0.296 0.291 0.284
0.000 0.000 0.000 0.000 0.000 0.000 0.000 0.000 0.000 0.000 0.000 0.000 0.000 0.000 0.000 0.000 0.000 0.000 0.000 0.000 0.000 0.000 0.000 0.000 0.000 0.000 0.000 0.000 0.000 0.000 0.000 0.000 0.000 0.000 0.000 0.000 0.000 0.000 0.000 0.002 0.007 0.010 0.012 0.013 0.012 0.014 0.017 0.019 0.020 0.026 0.030 0.044 0.065 0.085 0.105 0.124 0.142 0.155 0.165 0.176 0.187 0.200 0.213 0.226 0.239 0.252 0.264 0.276 0.287 0.292 0.292 0.293 0.295 0.296 0.299 0.294 0.284
0.000 0.000 0.000 0.000 0.000 0.000 0.000 0.000 0.000 0.000 0.000 0.000 0.000 0.000 0.000 0.000 0.000 0.000 0.000 0.000 0.000 0.000 0.000 0.000 0.000 0.000 0.000 0.000 0.000 0.000 0.000 0.000 0.000 0.000 0.000 0.000 0.000 0.000 0.000 0.000 0.000 0.000 0.000 0.000 0.000 0.002 0.007 0.011 0.015 0.019 0.023 0.032 0.051 0.068 0.085 0.101 0.117 0.131 0.144 0.159 0.174 0.190 0.207 0.221 0.233 0.244 0.255 0.266 0.277 0.283 0.286 0.289 0.292 0.296 0.301 0.297 0.285
0.000 0.000 0.000 0.000 0.000 0.000 0.000 0.000 0.000 0.000 0.000 0.000 0.000 0.000 0.000 0.000 0.000 0.000 0.000 0.000 0.000 0.000 0.000 0.000 0.000 0.000 0.000 0.000 0.000 0.000 0.000 0.000 0.000 0.000 0.000 0.000 0.000 0.000 0.000 0.000 0.000 0.000 0.000 0.000 0.000 0.001 0.004 0.008 0.011 0.013 0.016 0.022 0.037 0.052 0.066 0.079 0.092 0.106 0.123 0.141 0.160 0.179 0.199 0.217 0.227 0.237 0.247 0.257 0.267 0.274 0.279 0.284 0.288 0.291 0.293 0.287 0.269
0.000 0.000 0.000 0.000 0.000 0.000 0.000 0.000 0.000 0.000 0.000 0.000 0.000 0.000 0.000 0.000 0.000 0.000 0.000 0.000 0.000 0.000 0.000 0.000 0.000 0.000 0.000 0.000 0.000 0.000 0.000 0.000 0.000 0.000 0.000 0.000 0.000 0.000 0.000 0.000 0.000 0.000 0.000 0.000 0.000 0.000 0.003 0.005 0.006 0.008 0.009 0.012 0.024 0.036 0.048 0.058 0.068 0.080 0.101 0.122 0.144 0.167 0.191 0.210 0.219 0.228 0.238 0.248 0.259 0.268 0.270 0.271 0.271 0.271 0.269 0.261 0.241
0.000 0.000 0.000 0.000 0.000 0.000 0.000 0.000 0.000 0.000 0.000 0.000 0.000 0.000 0.001 0.002 0.002 0.002 0.002 0.002 0.001 0.000 0.000 0.000 0.000 0.000 0.000 0.000 0.000 0.000 0.000 0.000 0.000 0.000 0.000 0.000 0.000 0.000 0.000 0.000 0.000 0.000 0.000 0.000 0.000 0.000 0.001 0.002 0.002 0.002 0.002 0.002 0.012 0.021 0.031 0.040 0.049 0.058 0.081 0.103 0.126 0.148 0.169 0.190 0.201 0.213 0.225 0.238 0.252 0.263 0.261 0.259 0.255 0.251 0.245 0.236 0.213
0.000 0.000 0.000 0.000 0.000 0.000 0.000 0.001 0.002 0.003 0.003 0.004 0.005 0.006 0.007 0.007 0.007 0.006 0.005 0.004 0.002 0.000 0.000 0.000 0.000 0.000 0.000 0.000 0.000 0.000 0.000 0.000 0.000 0.000 0.000 0.000 0.000 0.000 0.000 0.000 0.000 0.000 0.000 0.000 0.000 0.000 0.000 0.000 0.000 0.000 0.000 0.000 0.008 0.016 0.023 0.030 0.036 0.042 0.064 0.085 0.106 0.127 0.148 0.168 0.182 0.197 0.212 0.228 0.244 0.260 0.254 0.247 0.240 0.232 0.223 0.211 0.186
0.002 0.003 0.004 0.005 0.006 0.007 0.007 0.008 0.008 0.008 0.009 0.010 0.011 0.011 0.012 0.013 0.012 0.011 0.009 0.006 0.004 0.001 0.000 0.000 0.000 0.000 0.000 0.000 0.000 0.000 0.000 0.000 0.000 0.000 0.000 0.000 0.000 0.000 0.000 0.000 0.000 0.000 0.000 0.000 0.000 0.000 0.000 0.000 0.000 0.000 0.000 0.000 0.005 0.011 0.016 0.020 0.025 0.028 0.047 0.067 0.087 0.107 0.127 0.146 0.163 0.181 0.198 0.217 0.236 0.256 0.247 0.237 0.226 0.214 0.201 0.187 0.159
0.010 0.011 0.012 0.013 0.014 0.014 0.014 0.015 0.015 0.014 0.015 0.016 0.016 0.017 0.018 0.019 0.018 0.015 0.012 0.009 0.006 0.002 0.000 0.000 0.000 0.000 0.000 0.000 0.000 0.000 0.000 0.000 0.000 0.000 0.000 0.000 0.000 0.000 0.000 0.000 0.000 0.000 0.000 0.000 0.000 0.000 0.000 0.000 0.000 0.000 0.000 0.000 0.003 0.006 0.009 0.011 0.013 0.015 0.030 0.049 0.068 0.087 0.106 0.125 0.144 0.164 0.184 0.205 0.231 0.257 0.251 0.238 0.224 0.207 0.189 0.168 0.144
0.019 0.020 0.021 0.021 0.022 0.022 0.022 0.021 0.021 0.021 0.020 0.021 0.022 0.023 0.023 0.024 0.024 0.020 0.018 0.016 0.013 0.010 0.008 0.008 0.007 0.006 0.004 0.002 0.000 0.000 0.000 0.000 0.000 0.000 0.000 0.000 0.000 0.000 0.000 0.000 0.000 0.000 0.000 0.000 0.000 0.000 0.000 0.000 0.000 0.000 0.000 0.000 0.001 0.002 0.003 0.003 0.003 0.002 0.013 0.035 0.060 0.087 0.115 0.146 0.174 0.199 0.223 0.246 0.267 0.287 0.278 0.257 0.233 0.208 0.181 0.152 0.128
0.028 0.028 0.029 0.030 0.030 0.030 0.029 0.028 0.028 0.027 0.027 0.034 0.039 0.044 0.047 0.050 0.052 0.048 0.044 0.039 0.034 0.027 0.022 0.019 0.016 0.013 0.008 0.004 0.000 0.000 0.000 0.000 0.000 0.000 0.000 0.000 0.000 0.000 0.000 0.000 0.000 0.000 0.000 0.000 0.000 0.000 0.000 0.000 0.000 0.000 0.000 0.000 0.000 0.001 0.003 0.005 0.007 0.010 0.028 0.059 0.093 0.128 0.166 0.205 0.234 0.253 0.272 0.289 0.305 0.319 0.307 0.277 0.245 0.211 0.175 0.138 0.112
0.036 0.037 0.037 0.041 0.052 0.061 0.067 0.072 0.075 0.076 0.076 0.079 0.082 0.083 0.084 0.084 0.083 0.077 0.070 0.063 0.054 0.046 0.037 0.032 0.026 0.020 0.014 0.006 0.000 0.000 0.000 0.000 0.000 0.000 0.000 0.000 0.000 0.000 0.000 0.000 0.000 0.000 0.000 0.000 0.000 0.000 0.000 0.000 0.000 0.000 0.000 0.000 0.001 0.004 0.008 0.012 0.017 0.022 0.041 0.082 0.124 0.168 0.214 0.262 0.295 0.309 0.322 0.333 0.343 0.352 0.337 0.299 0.258 0.216 0.172 0.125 0.096
0.084 0.096 0.109 0.123 0.138 0.141 0.141 0.140 0.137 0.132 0.125 0.125 0.125 0.124 0.122 0.119 0.115 0.107 0.097 0.087 0.076 0.064 0.052 0.045 0.037 0.028 0.019 0.010 0.000 0.000 0.000 0.000 0.000 0.000 0.000 0.000 0.000 0.000 0.000 0.000 0.000 0.000 0.000 0.000 0.000 0.000 0.000 0.000 0.000 0.000 0.000 0.000 0.001 0.007 0.013 0.019 0.026 0.033 0.053 0.102 0.152 0.205 0.260 0.316 0.357 0.365 0.373 0.379 0.383 0.387 0.369 0.322 0.273 0.228 0.194 0.159 0.140
0.154 0.170 0.186 0.204 0.222 0.223 0.217 0.210 0.200 0.189 0.177 0.172 0.169 0.165 0.160 0.154 0.148 0.137 0.124 0.111 0.098 0.084 0.069 0.061 0.052 0.042 0.031 0.017 0.001 0.000 0.000 0.000 0.000 0.000 0.000 0.000 0.000 0.000 0.000 0.000 0.000 0.000 0.000 0.000 0.000 0.000 0.000 0.000 0.000 0.000 0.000 0.000 0.001 0.009 0.017 0.025 0.034 0.044 0.063 0.120 0.179 0.241 0.304 0.369 0.424 0.443 0.461 0.480 0.499 0.517 0.520 0.484 0.447 0.408 0.368 0.326 0.292
0.224 0.243 0.263 0.284 0.306 0.306 0.294 0.281 0.265 0.249 0.230 0.220 0.214 0.207 0.199 0.193 0.187 0.177 0.166 0.154 0.143 0.131 0.119 0.105 0.089 0.071 0.051 0.029 0.005 0.000 0.000 0.000 0.000 0.000 0.000 0.000 0.000 0.000 0.000 0.000 0.000 0.000 0.000 0.000 0.000 0.000 0.000 0.000 0.000 0.000 0.000 0.000 0.000 0.010 0.020 0.032 0.051 0.075 0.106 0.186 0.269 0.356 0.446 0.539 0.625 0.643 0.661 0.680 0.698 0.716 0.723 0.680 0.636 0.590 0.542 0.493 0.448
0.292 0.314 0.338 0.362 0.388 0.391 0.373 0.354 0.342 0.322 0.296 0.280 0.274 0.267 0.259 0.251 0.241 0.230 0.219 0.207 0.195 0.183 0.171 0.152 0.128 0.101 0.073 0.043 0.011 0.000 0.000 0.000 0.000 0.000 0.000 0.000 0.000 0.000 0.000 0.000 0.000 0.000 0.000 0.000 0.000 0.000 0.000 0.000 0.000 0.000 0.000 0.000 0.000 0.023 0.052 0.086 0.124 0.166 0.213 0.306 0.403 0.504 0.609 0.716 0.826 0.843 0.861 0.879 0.897 0.914 0.927 0.877 0.825 0.773 0.718 0.662 0.606
0.363 0.410 0.456 0.500 0.544 0.561 0.538 0.509 0.474 0.432 0.383 0.349 0.340 0.330 0.320 0.309 0.296 0.284 0.272 0.260 0.248 0.236 0.223 0.201 0.168 0.134 0.097 0.059 0.018 0.000 0.000 0.000 0.000 0.000 0.000 0.000 0.000 0.000 0.000 0.000 0.000 0.000 0.000 0.000 0.000 0.000 0.000 0.000 0.000 0.000 0.000 0.000 0.000 0.035 0.083 0.136 0.193 0.254 0.319 0.422 0.534 0.650 0.768 0.891 1.016 1.044 1.061 1.078 1.095 1.112 1.129 1.075 1.017 0.957 0.895 0.832 0.768
0.589 0.632 0.673 0.713 0.752 0.767 0.722 0.670 0.612 0.547 0.476 0.419 0.407 0.395 0.381 0.367 0.352 0.338 0.325 0.313 0.300 0.288 0.275 0.252 0.211 0.168 0.123 0.077 0.028 0.001 0.002 0.002 0.002 0.001 0.001 0.000 0.000 0.000 0.000 0.000 0.000 0.000 0.000 0.000 0.000 0.000 0.000 0.000 0.000 0.000 0.000 0.000 0.000 0.043 0.110 0.181 0.257 0.337 0.421 0.535 0.661 0.791 0.925 1.061 1.201 1.243 1.260 1.277 1.294 1.310 1.334 1.295 1.243 1.189 1.133 1.076 1.016
0.817 0.855 0.892 0.927 0.962 0.979 0.911 0.837 0.756 0.669 0.575 0.490 0.475 0.460 0.444 0.427 0.409 0.391 0.378 0.367 0.366 0.361 0.354 0.335 0.288 0.236 0.180 0.120 0.057 0.010 0.009 0.008 0.006 0.004 0.002 0.000 0.000 0.000 0.000 0.000 0.000 0.000 0.000 0.000 0.000 0.000 0.000 0.000 0.000 0.000 0.000 0.000 0.000 0.046 0.132 0.222 0.316 0.415 0.518 0.644 0.785 0.933 1.092 1.261 1.438 1.517 1.547 1.576 1.603 1.630 1.655 1.618 1.557 1.495 1.431 1.366 1.298
1.046 1.079 1.111 1.142 1.172 1.197 1.107 1.009 0.906 0.796 0.679 0.561 0.553 0.552 0.552 0.553 0.556 0.557 0.549 0.538 0.523 0.506 0.486 0.458 0.393 0.323 0.249 0.171 0.089 0.020 0.017 0.014 0.011 0.007 0.003 0.000 0.000 0.000 0.000 0.000 0.000 0.000 0.000 0.000 0.000 0.000 0.000 0.000 0.000 0.000 0.000 0.000 0.000 0.045 0.150 0.259 0.373 0.491 0.613 0.763 0.944 1.134 1.332 1.540 1.756 1.866 1.890 1.914 1.936 1.957 1.977 1.942 1.873 1.803 1.731 1.657 1.581
