DATA/SHG/CPC/2018/20180527.asc
ncols        190
nrows        64
xllcorner    -5100000.000000000000
yllcorner    4130000.000000000000
cellsize     10000.000000000000
NODATA_value  -99999.000
[rows 0 to 32 of 64, columns 75 to 149 of 190]
0.075 0.073 0.071 0.068 0.065 0.062 0.059 0.055 0.052 0.048 0.047 0.045 0.042 0.040 0.037 0.036 0.042 0.047 0.052 0.057 0.062 0.074 0.112 0.149 0.187 0.225 0.262 0.308 0.383 0.457 0.532 0.606 0.680 0.753 0.820 0.887 0.954 1.020 1.085 1.165 1.287 1.408 1.526 1.642 1.757 1.972 2.495 3.012 3.525 4.032 4.535 5.160 6.161 7.151 8.131 9.100 10.059 10.892 11.388 11.886 12.385 12.886 13.389 13.755 13.708 13.649 13.594 13.543 13.498 13.508 13.658 13.803 13.942 14.075 14.202
0.077 0.075 0.072 0.070 0.066 0.063 0.059 0.055 0.051 0.047 0.044 0.041 0.038 0.034 0.030 0.027 0.032 0.037 0.042 0.047 0.052 0.061 0.098 0.135 0.172 0.208 0.244 0.283 0.358 0.431 0.505 0.579 0.652 0.724 0.790 0.854 0.919 0.982 1.045 1.115 1.228 1.340 1.449 1.557 1.662 1.818 2.318 2.813 3.302 3.787 4.266 4.806 5.761 6.705 7.638 8.556 9.453 10.275 10.746 11.211 11.670 12.122 12.568 12.935 12.891 12.852 12.817 12.787 12.761 12.763 12.888 13.007 13.120 13.227 13.329
0.078 0.076 0.074 0.072 0.068 0.064 0.059 0.055 0.050 0.045 0.042 0.038 0.034 0.030 0.025 0.020 0.025 0.031 0.036 0.041 0.047 0.052 0.087 0.122 0.157 0.192 0.226 0.260 0.333 0.406 0.479 0.551 0.624 0.696 0.759 0.822 0.884 0.945 1.006 1.067 1.171 1.274 1.375 1.473 1.570 1.670 2.155 2.639 3.117 3.589 4.054 4.523 5.412 6.280 7.130 7.959 8.770 9.551 9.994 10.430 10.860 11.284 11.701 12.095 12.072 12.052 12.038 12.028 12.022 12.025 12.124 12.218 12.305 12.387 12.463
0.080 0.078 0.076 0.074 0.070 0.065 0.061 0.056 0.051 0.045 0.041 0.036 0.031 0.026 0.021 0.015 0.019 0.024 0.030 0.035 0.041 0.046 0.076 0.110 0.143 0.176 0.209 0.241 0.308 0.380 0.452 0.524 0.596 0.668 0.730 0.790 0.849 0.909 0.971 1.033 1.133 1.239 1.347 1.456 1.567 1.680 2.106 2.563 3.014 3.459 3.898 4.331 5.096 5.878 6.641 7.383 8.107 8.811 9.248 9.656 10.058 10.453 10.841 11.223 11.248 11.249 11.255 11.265 11.279 11.298 11.368 11.435 11.497 11.553 11.603
0.083 0.081 0.079 0.077 0.073 0.068 0.062 0.057 0.051 0.045 0.040 0.034 0.029 0.023 0.016 0.010 0.012 0.018 0.023 0.029 0.035 0.041 0.066 0.098 0.130 0.161 0.192 0.222 0.284 0.355 0.425 0.495 0.563 0.631 0.694 0.756 0.819 0.883 0.949 1.015 1.116 1.229 1.344 1.460 1.578 1.697 2.063 2.493 2.917 3.336 3.748 4.154 4.801 5.497 6.172 6.828 7.465 8.082 8.511 8.890 9.263 9.629 9.989 10.343 10.422 10.443 10.468 10.498 10.519 10.511 10.518 10.531 10.546 10.564 10.584
0.086 0.084 0.082 0.081 0.076 0.070 0.064 0.058 0.052 0.045 0.039 0.033 0.026 0.019 0.012 0.005 0.006 0.011 0.017 0.024 0.030 0.037 0.059 0.090 0.121 0.151 0.181 0.210 0.263 0.330 0.396 0.462 0.526 0.590 0.654 0.721 0.788 0.857 0.926 0.996 1.098 1.218 1.339 1.462 1.587 1.713 2.027 2.430 2.827 3.219 3.604 3.983 4.527 5.135 5.724 6.294 6.844 7.374 7.781 8.127 8.452 8.761 9.053 9.330 9.404 9.397 9.389 9.383 9.376 9.370 9.383 9.407 9.433 9.462 9.493
0.088 0.087 0.085 0.084 0.080 0.073 0.067 0.060 0.053 0.046 0.039 0.031 0.025 0.018 0.011 0.004 0.003 0.010 0.017 0.024 0.032 0.039 0.057 0.086 0.115 0.143 0.171 0.198 0.244 0.307 0.369 0.430 0.490 0.550 0.614 0.685 0.756 0.829 0.902 0.976 1.078 1.205 1.333 1.463 1.595 1.728 1.996 2.373 2.744 3.108 3.459 3.792 4.228 4.740 5.237 5.720 6.189 6.644 6.995 7.264 7.518 7.755 7.976 8.181 8.257 8.251 8.245 8.240 8.235 8.230 8.248 8.283 8.320 8.360 8.402
0.091 0.090 0.088 0.087 0.083 0.076 0.069 0.063 0.056 0.050 0.043 0.036 0.029 0.021 0.013 0.005 0.003 0.010 0.017 0.025 0.033 0.040 0.055 0.082 0.109 0.135 0.161 0.187 0.225 0.284 0.342 0.399 0.456 0.511 0.573 0.648 0.723 0.800 0.877 0.955 1.056 1.185 1.307 1.428 1.548 1.668 1.879 2.208 2.530 2.845 3.152 3.453 3.820 4.269 4.703 5.123 5.528 5.919 6.221 6.419 6.601 6.767 6.917 7.051 7.112 7.107 7.103 7.098 7.095 7.091 7.111 7.157 7.206 7.257 7.310
0.093 0.091 0.089 0.088 0.085 0.079 0.073 0.067 0.061 0.055 0.049 0.041 0.033 0.025 0.016 0.007 0.002 0.010 0.017 0.025 0.033 0.042 0.054 0.079 0.104 0.128 0.152 0.176 0.207 0.262 0.316 0.370 0.420 0.467 0.519 0.589 0.658 0.726 0.793 0.859 0.940 1.060 1.179 1.297 1.415 1.532 1.707 2.004 2.294 2.577 2.853 3.122 3.428 3.813 4.184 4.540 4.883 5.211 5.465 5.591 5.702 5.797 5.875 5.937 5.967 5.964 5.961 5.958 5.956 5.954 5.974 6.031 6.090 6.197 6.306
0.093 0.091 0.090 0.089 0.087 0.081 0.076 0.070 0.065 0.061 0.055 0.047 0.038 0.028 0.019 0.009 0.001 0.009 0.017 0.026 0.034 0.043 0.053 0.076 0.097 0.118 0.138 0.158 0.181 0.227 0.271 0.313 0.354 0.392 0.433 0.498 0.562 0.625 0.687 0.748 0.818 0.935 1.051 1.167 1.283 1.398 1.542 1.807 2.066 2.317 2.561 2.798 3.050 3.372 3.680 3.973 4.252 4.517 4.726 4.781 4.820 4.844 4.851 4.842 4.883 4.952 5.022 5.092 5.164 5.236 5.317 5.415 5.504 5.586 5.659
0.092 0.091 0.090 0.089 0.088 0.083 0.079 0.074 0.070 0.066 0.062 0.052 0.042 0.032 0.022 0.011 0.000 0.008 0.015 0.022 0.028 0.034 0.040 0.059 0.079 0.097 0.115 0.133 0.150 0.188 0.224 0.257 0.289 0.319 0.348 0.409 0.468 0.526 0.583 0.639 0.697 0.811 0.925 1.038 1.151 1.264 1.385 1.619 1.846 2.065 2.278 2.483 2.688 2.947 3.191 3.431 3.665 3.892 4.092 4.139 4.185 4.232 4.279 4.327 4.378 4.450 4.523 4.597 4.672 4.747 4.821 4.884 4.938 4.984 5.022
0.092 0.091 0.091 0.090 0.089 0.085 0.081 0.078 0.073 0.068 0.064 0.053 0.042 0.032 0.021 0.011 0.001 0.005 0.010 0.015 0.020 0.024 0.028 0.044 0.061 0.077 0.093 0.109 0.124 0.151 0.178 0.203 0.227 0.248 0.268 0.320 0.374 0.427 0.479 0.530 0.580 0.688 0.799 0.910 1.021 1.130 1.235 1.430 1.623 1.811 1.993 2.170 2.341 2.565 2.782 2.993 3.197 3.394 3.583 3.630 3.678 3.726 3.775 3.823 3.873 3.948 4.025 4.102 4.180 4.258 4.335 4.361 4.380 4.390 4.393
0.092 0.091 0.089 0.088 0.086 0.082 0.077 0.072 0.068 0.063 0.058 0.050 0.040 0.030 0.020 0.011 0.002 0.003 0.007 0.010 0.012 0.015 0.017 0.028 0.043 0.058 0.071 0.085 0.098 0.116 0.135 0.152 0.167 0.180 0.191 0.233 0.282 0.333 0.383 0.431 0.477 0.571 0.675 0.775 0.872 0.967 1.058 1.219 1.388 1.551 1.709 1.861 2.008 2.195 2.382 2.562 2.736 2.902 3.062 3.123 3.172 3.221 3.270 3.320 3.370 3.447 3.526 3.607 3.688 3.769 3.852 3.848 3.831 3.805 3.772
0.086 0.084 0.083 0.081 0.079 0.076 0.071 0.067 0.062 0.057 0.053 0.046 0.037 0.028 0.019 0.011 0.003 0.001 0.003 0.004 0.005 0.006 0.006 0.014 0.026 0.039 0.050 0.061 0.073 0.086 0.099 0.112 0.124 0.135 0.146 0.181 0.226 0.269 0.310 0.349 0.387 0.462 0.553 0.640 0.724 0.806 0.885 1.014 1.158 1.297 1.430 1.558 1.680 1.832 1.989 2.139 2.282 2.419 2.549 2.615 2.665 2.716 2.766 2.817 2.869 2.945 3.028 3.111 3.198 3.322 3.444 3.475 3.491 3.513 3.539
0.080 0.078 0.076 0.075 0.073 0.070 0.065 0.061 0.056 0.052 0.048 0.041 0.033 0.025 0.018 0.011 0.004 0.000 0.000 0.000 0.000 0.000 0.000 0.006 0.017 0.027 0.037 0.046 0.055 0.065 0.075 0.085 0.095 0.103 0.111 0.136 0.172 0.207 0.239 0.270 0.299 0.356 0.434 0.508 0.580 0.648 0.714 0.815 0.934 1.049 1.157 1.261 1.358 1.477 1.604 1.724 1.837 1.943 2.043 2.110 2.197 2.288 2.383 2.483 2.587 2.705 2.827 2.948 3.067 3.185 3.302 3.358 3.396 3.439 3.486
0.074 0.072 0.070 0.068 0.066 0.063 0.059 0.055 0.051 0.046 0.042 0.037 0.029 0.022 0.016 0.009 0.004 0.000 0.000 0.000 0.000 0.000 0.000 0.003 0.011 0.019 0.026 0.032 0.038 0.045 0.052 0.059 0.066 0.072 0.077 0.092 0.120 0.146 0.170 0.193 0.213 0.254 0.318 0.380 0.438 0.494 0.547 0.621 0.717 0.807 0.892 0.986 1.077 1.186 1.311 1.434 1.556 1.675 1.793 1.902 2.007 2.117 2.232 2.351 2.473 2.594 2.710 2.825 2.939 3.051 3.162 3.238 3.297 3.360 3.429
0.068 0.066 0.064 0.062 0.060 0.056 0.051 0.047 0.042 0.038 0.034 0.029 0.023 0.018 0.012 0.008 0.003 0.000 0.000 0.000 0.000 0.000 0.000 0.001 0.007 0.012 0.016 0.019 0.022 0.025 0.030 0.034 0.038 0.041 0.044 0.051 0.071 0.088 0.104 0.118 0.129 0.155 0.214 0.272 0.327 0.379 0.430 0.494 0.584 0.672 0.756 0.837 0.916 1.009 1.126 1.241 1.354 1.465 1.575 1.689 1.814 1.943 2.076 2.214 2.356 2.485 2.595 2.704 2.812 2.918 3.023 3.113 3.193 3.277 3.367
0.058 0.055 0.052 0.049 0.047 0.044 0.040 0.036 0.032 0.028 0.025 0.022 0.017 0.013 0.009 0.005 0.002 0.000 0.000 0.000 0.000 0.000 0.000 0.000 0.003 0.005 0.006 0.007 0.006 0.006 0.009 0.010 0.011 0.014 0.018 0.023 0.041 0.058 0.074 0.090 0.106 0.129 0.178 0.225 0.270 0.312 0.352 0.400 0.477 0.552 0.623 0.692 0.757 0.834 0.943 1.050 1.155 1.258 1.359 1.472 1.616 1.764 1.917 2.073 2.234 2.377 2.481 2.584 2.686 2.786 2.885 2.983 3.084 3.192 3.360
0.044 0.041 0.038 0.036 0.033 0.031 0.028 0.024 0.021 0.018 0.016 0.013 0.010 0.007 0.005 0.003 0.001 0.000 0.000 0.000 0.000 0.000 0.000 0.000 0.001 0.001 0.001 0.001 0.001 0.000 0.003 0.006 0.008 0.011 0.013 0.016 0.032 0.047 0.062 0.076 0.090 0.106 0.145 0.181 0.215 0.247 0.276 0.309 0.373 0.435 0.494 0.549 0.602 0.662 0.762 0.861 0.958 1.053 1.146 1.252 1.414 1.582 1.753 1.928 2.108 2.277 2.394 2.523 2.664 2.816 2.981 3.160 3.357 3.568 3.790
0.030 0.027 0.025 0.023 0.020 0.018 0.015 0.013 0.011 0.008 0.006 0.005 0.003 0.002 0.001 0.001 0.006 0.011 0.014 0.015 0.015 0.014 0.011 0.008 0.007 0.006 0.005 0.004 0.002 0.000 0.002 0.004 0.006 0.007 0.009 0.010 0.023 0.037 0.050 0.062 0.074 0.086 0.114 0.140 0.163 0.185 0.203 0.221 0.272 0.321 0.367 0.410 0.451 0.491 0.584 0.674 0.775 0.876 0.976 1.084 1.271 1.459 1.648 1.838 2.028 2.215 2.385 2.566 2.759 2.964 3.181 3.411 3.664 3.930 4.208
0.016 0.013 0.011 0.009 0.007 0.005 0.003 0.001 0.001 0.007 0.011 0.016 0.020 0.025 0.030 0.036 0.041 0.047 0.047 0.043 0.038 0.032 0.025 0.017 0.013 0.011 0.009 0.006 0.004 0.001 0.001 0.002 0.003 0.004 0.005 0.006 0.015 0.027 0.038 0.049 0.059 0.069 0.086 0.101 0.114 0.125 0.133 0.146 0.190 0.235 0.279 0.322 0.362 0.401 0.498 0.597 0.695 0.793 0.890 0.987 1.177 1.368 1.560 1.754 1.947 2.143 2.364 2.598 2.843 3.100 3.368 3.650 3.959 4.280 4.613
0.001 0.004 0.013 0.020 0.026 0.029 0.033 0.037 0.041 0.045 0.048 0.050 0.054 0.060 0.065 0.071 0.076 0.082 0.081 0.072 0.063 0.052 0.040 0.027 0.020 0.017 0.013 0.010 0.006 0.001 0.000 0.001 0.001 0.001 0.001 0.001 0.008 0.018 0.032 0.045 0.058 0.070 0.083 0.095 0.106 0.115 0.123 0.129 0.162 0.200 0.237 0.272 0.306 0.338 0.423 0.520 0.616 0.711 0.806 0.900 1.081 1.276 1.472 1.668 1.866 2.064 2.332 2.617 2.915 3.224 3.544 3.877 4.240 4.617 5.006
0.076 0.081 0.083 0.083 0.082 0.078 0.076 0.079 0.081 0.083 0.084 0.085 0.088 0.094 0.099 0.105 0.111 0.117 0.116 0.103 0.088 0.073 0.056 0.038 0.027 0.023 0.018 0.013 0.008 0.003 0.001 0.004 0.008 0.014 0.021 0.030 0.041 0.052 0.063 0.074 0.083 0.092 0.099 0.105 0.110 0.113 0.114 0.114 0.136 0.167 0.197 0.225 0.251 0.276 0.350 0.444 0.537 0.630 0.721 0.813 0.985 1.183 1.383 1.583 1.784 1.985 2.287 2.625 2.974 3.336 3.771 4.229 4.687 5.132 5.562
0.163 0.160 0.155 0.148 0.140 0.129 0.121 0.122 0.122 0.122 0.121 0.120 0.121 0.127 0.134 0.140 0.146 0.153 0.152 0.135 0.131 0.124 0.113 0.098 0.085 0.079 0.069 0.054 0.036 0.015 0.004 0.013 0.024 0.037 0.051 0.066 0.079 0.088 0.096 0.103 0.109 0.115 0.118 0.117 0.115 0.112 0.107 0.101 0.111 0.135 0.158 0.179 0.198 0.216 0.277 0.368 0.459 0.549 0.638 0.727 0.888 1.137 1.421 1.725 2.050 2.396 2.822 3.281 3.740 4.201 4.663 5.127 5.538 5.917 6.281
0.251 0.241 0.229 0.215 0.199 0.181 0.165 0.164 0.163 0.161 0.159 0.156 0.162 0.202 0.237 0.269 0.297 0.322 0.337 0.323 0.303 0.279 0.251 0.219 0.187 0.163 0.136 0.104 0.069 0.030 0.005 0.021 0.039 0.058 0.079 0.101 0.119 0.124 0.129 0.133 0.136 0.139 0.137 0.131 0.122 0.112 0.101 0.089 0.089 0.106 0.121 0.135 0.156 0.181 0.251 0.377 0.514 0.661 0.819 0.987 1.250 1.604 1.979 2.375 2.791 3.228 3.687 4.151 4.617 5.084 5.552 6.022 6.402 6.716 7.014
0.340 0.323 0.304 0.284 0.261 0.254 0.287 0.335 0.374 0.404 0.426 0.439 0.446 0.473 0.495 0.514 0.529 0.541 0.546 0.516 0.479 0.437 0.393 0.344 0.293 0.252 0.208 0.159 0.106 0.050 0.004 0.027 0.051 0.077 0.105 0.134 0.158 0.161 0.162 0.163 0.163 0.163 0.159 0.153 0.148 0.140 0.130 0.117 0.115 0.140 0.166 0.192 0.218 0.245 0.324 0.497 0.680 0.874 1.079 1.294 1.604 2.050 2.516 3.003 3.511 4.039 4.548 5.019 5.491 5.964 6.439 6.915 7.280 7.528 7.760
0.585 0.625 0.660 0.690 0.716 0.738 0.756 0.774 0.783 0.784 0.777 0.760 0.736 0.747 0.757 0.762 0.765 0.763 0.758 0.713 0.658 0.600 0.539 0.473 0.404 0.346 0.283 0.217 0.147 0.074 0.001 0.031 0.063 0.095 0.150 0.211 0.264 0.279 0.289 0.295 0.295 0.290 0.281 0.267 0.250 0.231 0.209 0.184 0.168 0.195 0.223 0.251 0.280 0.309 0.385 0.605 0.835 1.076 1.328 1.590 1.937 2.474 3.032 3.610 4.208 4.828 5.407 5.884 6.362 6.842 7.323 7.806 8.171 8.353 8.520
1.124 1.168 1.188 1.205 1.217 1.226 1.230 1.220 1.200 1.172 1.134 1.089 1.035 1.024 1.021 1.014 1.003 0.989 0.970 0.913 0.842 0.767 0.689 0.606 0.520 0.475 0.440 0.400 0.355 0.303 0.246 0.296 0.351 0.400 0.446 0.487 0.524 0.518 0.506 0.489 0.467 0.440 0.409 0.383 0.355 0.324 0.290 0.254 0.221 0.250 0.280 0.310 0.341 0.373 0.436 0.702 0.980 1.267 1.565 1.874 2.249 2.877 3.525 4.195 4.884 5.594 6.271 6.771 7.241 7.682 8.094 8.476 8.736 8.741 8.717
1.650 1.713 1.720 1.723 1.721 1.716 1.707 1.674 1.624 1.566 1.500 1.425 1.341 1.304 1.288 1.268 1.244 1.238 1.229 1.195 1.151 1.114 1.084 1.059 1.041 0.997 0.937 0.871 0.800 0.723 0.641 0.655 0.690 0.720 0.746 0.767 0.784 0.761 0.727 0.688 0.644 0.595 0.541 0.502 0.462 0.419 0.374 0.326 0.276 0.304 0.336 0.369 0.402 0.435 0.475 0.789 1.113 1.470 1.942 2.427 2.948 3.732 4.505 5.269 6.022 6.765 7.454 7.824 8.165 8.477 8.760 9.013 9.178 9.050 8.891
2.164 2.262 2.255 2.243 2.228 2.209 2.187 2.135 2.056 1.972 1.919 1.835 1.720 1.657 1.650 1.640 1.629 1.615 1.600 1.582 1.567 1.558 1.555 1.559 1.569 1.524 1.439 1.348 1.251 1.149 1.041 1.019 1.034 1.044 1.050 1.052 1.049 1.010 0.953 0.892 0.826 0.755 0.679 0.623 0.572 0.518 0.461 0.401 0.349 0.440 0.566 0.711 0.874 1.058 1.260 1.726 2.232 2.751 3.285 3.833 4.395 5.127 5.856 6.576 7.285 7.984 8.665 8.906 9.118 9.301 9.454 9.579 9.650 9.387 9.095
2.664 2.813 2.806 2.868 2.924 2.972 3.014 3.003 2.905 2.776 2.616 2.427 2.207 2.063 2.048 2.032 2.014 1.994 1.972 1.962 1.975 1.994 2.019 2.051 2.089 2.057 1.946 1.830 1.708 1.581 1.448 1.387 1.382 1.373 1.359 1.341 1.319 1.263 1.185 1.111 1.083 1.034 0.961 0.930 0.930 0.934 0.942 0.955 0.973 1.121 1.331 1.561 1.809 2.077 2.364 2.866 3.434 4.016 4.612 5.222 5.846 6.531 7.216 7.891 8.555 9.210 9.855 10.015 10.098 10.152 10.177 10.172 10.139 9.754 9.328
3.609 3.930 3.975 4.013 4.045 4.070 4.088 4.044 3.840 3.606 3.341 3.046 2.720 2.470 2.449 2.426 2.401 2.374 2.345 2.334 2.375 2.422 2.475 2.535 2.602 2.596 2.460 2.318 2.171 2.018 1.877 1.939 2.051 2.133 2.186 2.209 2.202 2.155 2.073 1.969 1.842 1.693 1.522 1.448 1.468 1.492 1.520 1.554 1.592 1.780 2.075 2.389 2.723 3.076 3.447 3.990 4.620 5.264 5.923 6.595 7.281 7.943 8.583 9.214 9.835 10.445 11.046 11.152 11.106 11.031 10.927 10.794 10.584 10.023 9.406
4.693 5.127 5.148 5.163 5.171 5.173 5.168 5.112 4.803 4.463 4.092 3.692 3.261 2.878 2.850 2.820 2.788 2.755 2.719 2.698 2.767 2.851 3.024 3.204 3.392 3.533 3.533 3.552 3.591 3.650 3.728 3.793 3.773 3.724 3.645 3.536 3.398 3.234 3.053 2.850 2.624 2.376 2.106 1.960 2.000 2.044 2.093 2.147 2.205 2.418 2.798 3.197 3.615 4.053 4.509 5.098 5.790 6.497 7.217 7.952 8.700 9.363 9.959 10.542 11.074 11.547 11.960 11.911 11.639 11.338 11.005 10.641 10.247 9.665 9.019
