DATA/SHG/CPC/2018/20180406.asc
ncols        190
nrows        64
xllcorner    -5100000.000000000000
yllcorner    4130000.000000000000
cellsize     10000.000000000000
NODATA_value  -99999.000
[rows 0 to 32 of 64, columns 0 to 75 of 190]
0.000 0.000 0.000 0.001 0.002 0.003 0.005 0.006 0.008 0.009 0.011 0.012 0.016 0.020 0.023 0.026 0.029 0.032 0.030 0.027 0.024 0.021 0.018 0.015 0.013 0.011 0.009 0.007 0.004 0.001 0.000 0.000 0.000 0.000 0.000 0.000 0.000 0.000 0.000 0.000 0.000 0.000 0.000 0.000 0.000 0.000 0.000 0.000 0.000 0.000 0.000 0.000 0.000 0.000 0.000 0.000 0.000 0.000 0.000 0.000 0.000 0.000 0.000 0.000 0.000 0.000 0.000 0.000 0.000 0.000 0.000 0.000 0.000 0.000 0.000 0.000
0.003 0.005 0.006 0.008 0.010 0.012 0.014 0.016 0.017 0.019 0.021 0.023 0.026 0.028 0.031 0.033 0.035 0.036 0.035 0.032 0.030 0.027 0.024 0.021 0.018 0.015 0.012 0.009 0.006 0.002 0.000 0.000 0.000 0.000 0.000 0.000 0.000 0.000 0.000 0.000 0.000 0.000 0.000 0.000 0.000 0.000 0.000 0.000 0.000 0.000 0.000 0.000 0.000 0.000 0.000 0.000 0.000 0.000 0.000 0.000 0.000 0.000 0.000 0.000 0.000 0.000 0.000 0.000 0.000 0.000 0.000 0.000 0.000 0.000 0.000 0.000
0.008 0.011 0.013 0.015 0.018 0.021 0.023 0.025 0.027 0.029 0.031 0.033 0.035 0.037 0.039 0.040 0.041 0.041 0.041 0.038 0.035 0.033 0.030 0.027 0.024 0.020 0.017 0.012 0.008 0.003 0.000 0.000 0.000 0.000 0.000 0.000 0.000 0.000 0.000 0.000 0.000 0.000 0.000 0.000 0.000 0.000 0.000 0.000 0.000 0.000 0.000 0.000 0.000 0.000 0.000 0.000 0.000 0.000 0.000 0.000 0.000 0.000 0.000 0.000 0.000 0.000 0.000 0.000 0.000 0.000 0.000 0.000 0.000 0.000 0.000 0.000
0.013 0.016 0.019 0.022 0.026 0.029 0.033 0.035 0.037 0.039 0.041 0.044 0.046 0.047 0.049 0.050 0.051 0.051 0.050 0.047 0.044 0.041 0.038 0.034 0.031 0.026 0.021 0.016 0.011 0.005 0.000 0.000 0.000 0.000 0.000 0.000 0.000 0.000 0.000 0.000 0.000 0.000 0.000 0.000 0.000 0.000 0.000 0.000 0.000 0.000 0.000 0.000 0.000 0.000 0.000 0.000 0.000 0.000 0.000 0.000 0.000 0.000 0.000 0.000 0.000 0.000 0.000 0.000 0.000 0.000 0.000 0.000 0.000 0.000 0.000 0.000
0.018 0.021 0.025 0.029 0.033 0.038 0.043 0.046 0.050 0.054 0.058 0.062 0.066 0.066 0.066 0.066 0.065 0.063 0.061 0.058 0.054 0.050 0.046 0.042 0.037 0.032 0.026 0.020 0.013 0.007 0.000 0.000 0.000 0.000 0.000 0.000 0.000 0.000 0.000 0.000 0.000 0.000 0.000 0.000 0.000 0.000 0.000 0.000 0.000 0.000 0.000 0.000 0.000 0.000 0.000 0.000 0.000 0.000 0.000 0.000 0.000 0.000 0.000 0.000 0.000 0.000 0.000 0.000 0.000 0.000 0.000 0.000 0.000 0.000 0.000 0.000
0.025 0.030 0.036 0.042 0.048 0.054 0.060 0.064 0.068 0.073 0.078 0.082 0.087 0.086 0.084 0.082 0.079 0.076 0.072 0.068 0.064 0.059 0.054 0.050 0.045 0.038 0.031 0.024 0.017 0.009 0.001 0.000 0.000 0.000 0.000 0.000 0.000 0.000 0.000 0.000 0.000 0.000 0.000 0.000 0.000 0.000 0.000 0.000 0.000 0.000 0.000 0.000 0.000 0.000 0.000 0.000 0.000 0.000 0.000 0.000 0.000 0.000 0.000 0.000 0.000 0.000 0.000 0.000 0.000 0.000 0.000 0.000 0.000 0.000 0.000 0.000
0.038 0.044 0.050 0.057 0.063 0.070 0.077 0.082 0.087 0.092 0.097 0.102 0.108 0.106 0.103 0.099 0.094 0.089 0.084 0.079 0.074 0.068 0.063 0.058 0.052 0.045 0.037 0.029 0.020 0.011 0.002 0.000 0.000 0.000 0.000 0.000 0.000 0.000 0.000 0.000 0.000 0.000 0.000 0.000 0.000 0.000 0.000 0.000 0.000 0.000 0.000 0.000 0.000 0.000 0.000 0.000 0.000 0.000 0.000 0.000 0.000 0.000 0.000 0.000 0.000 0.000 0.000 0.000 0.000 0.000 0.000 0.000 0.000 0.000 0.000 0.000
0.051 0.058 0.064 0.071 0.078 0.086 0.093 0.099 0.105 0.110 0.116 0.122 0.128 0.127 0.122 0.116 0.116 0.116 0.113 0.109 0.104 0.097 0.088 0.077 0.064 0.053 0.044 0.034 0.025 0.015 0.004 0.000 0.000 0.000 0.000 0.000 0.000 0.000 0.000 0.000 0.000 0.000 0.000 0.000 0.000 0.000 0.000 0.000 0.000 0.000 0.000 0.000 0.000 0.000 0.000 0.000 0.000 0.000 0.000 0.000 0.000 0.000 0.000 0.000 0.000 0.000 0.000 0.000 0.000 0.000 0.000 0.000 0.000 0.000 0.000 0.000
0.064 0.071 0.078 0.086 0.094 0.102 0.110 0.117 0.123 0.137 0.155 0.177 0.202 0.215 0.213 0.208 0.200 0.189 0.174 0.160 0.148 0.134 0.117 0.098 0.078 0.061 0.051 0.040 0.029 0.018 0.006 0.000 0.000 0.000 0.000 0.000 0.000 0.000 0.000 0.000 0.000 0.000 0.000 0.000 0.000 0.000 0.000 0.000 0.000 0.000 0.000 0.000 0.000 0.000 0.000 0.000 0.000 0.000 0.000 0.000 0.000 0.000 0.000 0.000 0.000 0.000 0.000 0.000 0.000 0.000 0.000 0.000 0.000 0.000 0.000 0.000
0.076 0.085 0.097 0.110 0.123 0.136 0.150 0.167 0.190 0.217 0.247 0.281 0.318 0.338 0.324 0.308 0.288 0.265 0.239 0.214 0.194 0.172 0.148 0.122 0.094 0.070 0.059 0.047 0.034 0.022 0.009 0.000 0.000 0.000 0.000 0.000 0.000 0.000 0.000 0.000 0.000 0.000 0.000 0.000 0.000 0.000 0.000 0.000 0.000 0.000 0.000 0.000 0.000 0.000 0.000 0.000 0.000 0.000 0.000 0.000 0.000 0.000 0.000 0.000 0.000 0.000 0.000 0.000 0.000 0.000 0.000 0.000 0.000 0.000 0.000 0.000
0.116 0.130 0.143 0.157 0.171 0.185 0.200 0.219 0.255 0.293 0.336 0.381 0.430 0.464 0.439 0.411 0.379 0.345 0.307 0.269 0.242 0.213 0.181 0.148 0.112 0.079 0.079 0.091 0.088 0.071 0.038 0.000 0.000 0.000 0.000 0.000 0.000 0.000 0.000 0.000 0.000 0.000 0.000 0.000 0.000 0.000 0.000 0.000 0.000 0.000 0.000 0.000 0.000 0.000 0.000 0.000 0.000 0.000 0.000 0.000 0.000 0.000 0.000 0.000 0.000 0.000 0.000 0.000 0.000 0.000 0.000 0.000 0.000 0.000 0.000 0.000
0.160 0.175 0.189 0.204 0.219 0.234 0.249 0.268 0.316 0.366 0.420 0.478 0.539 0.593 0.557 0.517 0.474 0.428 0.378 0.381 0.432 0.462 0.471 0.459 0.426 0.374 0.349 0.308 0.252 0.182 0.096 0.000 0.000 0.000 0.000 0.000 0.000 0.000 0.000 0.000 0.000 0.000 0.000 0.000 0.000 0.000 0.000 0.000 0.000 0.000 0.000 0.000 0.000 0.000 0.000 0.000 0.000 0.000 0.000 0.000 0.000 0.000 0.000 0.000 0.000 0.000 0.000 0.000 0.000 0.000 0.000 0.000 0.000 0.000 0.000 0.000
0.204 0.220 0.235 0.250 0.266 0.282 0.298 0.315 0.373 0.435 0.501 0.571 0.723 0.926 0.997 1.051 1.096 1.131 1.156 1.172 1.150 1.106 1.041 0.954 0.847 0.718 0.634 0.540 0.432 0.309 0.170 0.017 0.000 0.000 0.000 0.000 0.000 0.000 0.000 0.000 0.000 0.000 0.000 0.000 0.000 0.000 0.000 0.000 0.000 0.000 0.000 0.000 0.000 0.000 0.000 0.000 0.000 0.000 0.000 0.000 0.000 0.000 0.000 0.000 0.000 0.000 0.000 0.000 0.000 0.000 0.000 0.000 0.000 0.000 0.000 0.000
0.247 0.264 0.280 0.297 0.313 0.370 0.445 0.534 0.691 0.883 1.098 1.336 1.598 1.883 1.967 1.987 1.998 1.999 1.991 1.973 1.890 1.771 1.632 1.471 1.289 1.086 0.934 0.788 0.627 0.451 0.260 0.053 0.000 0.000 0.000 0.000 0.000 0.004 0.006 0.007 0.007 0.006 0.004 0.001 0.000 0.000 0.000 0.000 0.000 0.000 0.000 0.000 0.000 0.000 0.000 0.000 0.000 0.000 0.000 0.000 0.000 0.000 0.000 0.000 0.000 0.000 0.000 0.000 0.000 0.000 0.000 0.000 0.000 0.000 0.000 0.000
0.338 0.370 0.427 0.509 0.607 0.719 0.847 0.990 1.210 1.484 1.781 2.102 2.446 2.814 2.946 2.933 2.909 2.877 2.835 2.783 2.651 2.458 2.244 2.009 1.753 1.476 1.249 1.051 0.837 0.610 0.419 0.183 0.089 0.099 0.099 0.090 0.071 0.043 0.028 0.025 0.021 0.016 0.010 0.003 0.000 0.000 0.000 0.000 0.000 0.000 0.000 0.000 0.000 0.000 0.000 0.000 0.000 0.000 0.000 0.000 0.000 0.000 0.000 0.000 0.000 0.000 0.000 0.000 0.000 0.000 0.000 0.000 0.000 0.000 0.000 0.000
0.490 0.521 0.601 0.736 0.886 1.052 1.232 1.428 1.702 2.058 2.438 2.842 3.268 3.719 3.934 3.886 3.830 3.763 3.688 3.602 3.433 3.166 2.909 2.741 2.534 2.288 2.056 1.842 1.583 1.280 0.933 0.541 0.305 0.281 0.248 0.205 0.153 0.091 0.051 0.044 0.036 0.028 0.018 0.007 0.000 0.000 0.000 0.000 0.000 0.000 0.000 0.000 0.000 0.000 0.000 0.000 0.000 0.000 0.000 0.000 0.000 0.000 0.000 0.000 0.000 0.000 0.000 0.000 0.000 0.000 0.000 0.000 0.000 0.000 0.000 0.000
0.642 0.673 0.757 0.946 1.149 1.367 1.601 1.849 2.168 2.607 3.069 3.555 4.064 4.596 4.930 4.920 5.009 5.086 5.149 5.199 5.157 4.929 4.663 4.357 4.013 3.629 3.238 2.868 2.453 1.995 1.492 0.945 0.531 0.474 0.407 0.331 0.245 0.149 0.075 0.064 0.053 0.040 0.026 0.011 0.000 0.000 0.000 0.000 0.000 0.000 0.000 0.000 0.000 0.000 0.000 0.000 0.000 0.000 0.000 0.000 0.000 0.000 0.000 0.000 0.000 0.000 0.000 0.000 0.000 0.000 0.000 0.000 0.000 0.000 0.000 0.000
0.794 0.824 0.897 1.138 1.395 1.666 1.952 2.253 2.743 3.487 4.237 4.993 5.753 6.519 7.149 7.205 7.248 7.277 7.294 7.297 7.224 6.859 6.455 6.012 5.531 5.010 4.464 3.938 3.368 2.754 2.096 1.394 0.766 0.676 0.575 0.465 0.346 0.217 0.100 0.086 0.073 0.060 0.044 0.024 0.004 0.004 0.003 0.003 0.002 0.001 0.000 0.000 0.000 0.000 0.000 0.000 0.000 0.000 0.000 0.000 0.000 0.000 0.000 0.000 0.000 0.000 0.000 0.000 0.000 0.000 0.000 0.000 0.000 0.002 0.003 0.003
0.946 1.088 1.321 1.817 2.352 2.925 3.535 4.184 4.874 5.637 6.405 7.179 7.957 8.741 9.492 9.501 9.497 9.480 9.449 9.405 9.330 8.828 8.287 7.706 7.087 6.429 5.734 5.053 4.328 3.559 2.746 1.888 1.011 0.899 0.784 0.653 0.509 0.349 0.178 0.160 0.138 0.111 0.081 0.047 0.010 0.009 0.008 0.006 0.004 0.002 0.000 0.000 0.000 0.000 0.000 0.000 0.000 0.000 0.000 0.000 0.000 0.000 0.000 0.000 0.000 0.000 0.002 0.004 0.007 0.008 0.009 0.010 0.011 0.011 0.011 0.011
1.961 2.288 2.659 3.269 3.938 4.644 5.388 6.170 6.990 7.777 8.564 9.356 10.153 10.955 11.762 11.809 11.758 11.693 11.616 11.525 11.421 10.835 10.156 9.439 8.683 7.888 7.059 6.228 5.365 4.465 3.527 2.551 1.538 1.284 1.117 0.935 0.738 0.526 0.299 0.243 0.207 0.167 0.123 0.075 0.023 0.014 0.012 0.010 0.007 0.004 0.000 0.000 0.000 0.000 0.000 0.000 0.000 0.000 0.000 0.001 0.002 0.004 0.005 0.007 0.010 0.012 0.015 0.018 0.021 0.022 0.022 0.022 0.022 0.021 0.020 0.018
2.958 3.439 3.963 4.678 5.479 6.319 7.196 8.112 9.065 9.909 10.714 11.524 12.339 13.159 13.985 14.127 14.029 13.918 13.793 13.757 13.730 13.188 12.406 11.546 10.608 9.592 8.499 7.491 6.496 5.463 4.393 3.285 2.139 1.684 1.465 1.231 0.982 0.718 0.439 0.330 0.280 0.226 0.168 0.106 0.040 0.020 0.017 0.013 0.010 0.006 0.001 0.000 0.000 0.000 0.000 0.000 0.000 0.001 0.003 0.005 0.008 0.011 0.014 0.017 0.020 0.023 0.027 0.031 0.035 0.036 0.035 0.034 0.033 0.031 0.030 0.026
3.906 4.539 5.216 6.042 6.977 7.950 8.961 10.009 11.096 12.032 12.855 13.684 14.599 15.542 16.514 16.901 16.878 16.846 16.805 16.755 16.696 16.074 15.019 13.885 12.674 11.385 10.019 8.791 7.664 6.499 5.297 4.057 2.779 2.099 1.828 1.542 1.241 0.925 0.594 0.421 0.357 0.289 0.217 0.141 0.062 0.026 0.022 0.018 0.013 0.008 0.002 0.000 0.000 0.000 0.000 0.000 0.000 0.002 0.005 0.009 0.013 0.017 0.022 0.026 0.030 0.035 0.039 0.044 0.049 0.050 0.048 0.047 0.044 0.042 0.039 0.035
4.804 5.590 6.420 7.363 8.456 9.670 10.881 12.090 13.296 14.380 15.337 16.324 17.338 18.381 19.453 20.031 19.976 19.912 19.840 19.758 19.668 19.039 17.710 16.304 14.819 13.257 11.618 10.130 8.870 7.573 6.239 4.867 3.457 2.529 2.206 1.868 1.515 1.147 0.762 0.510 0.431 0.350 0.265 0.178 0.087 0.034 0.028 0.023 0.017 0.010 0.004 0.000 0.000 0.000 0.000 0.000 0.000 0.002 0.007 0.012 0.017 0.023 0.030 0.035 0.040 0.045 0.051 0.056 0.062 0.065 0.065 0.065 0.066 0.066 0.068 0.067
6.359 7.430 8.508 9.630 10.837 12.041 13.243 14.442 15.639 16.786 17.844 18.929 20.043 21.186 22.356 23.166 23.079 22.984 22.880 22.767 22.645 22.083 20.480 18.801 17.044 15.209 13.296 11.506 10.114 8.685 7.178 5.668 4.155 2.997 2.620 2.226 1.814 1.385 0.938 0.593 0.504 0.411 0.316 0.217 0.115 0.041 0.035 0.028 0.021 0.013 0.006 0.000 0.000 0.000 0.000 0.000 0.000 0.002 0.008 0.015 0.022 0.029 0.037 0.044 0.051 0.058 0.066 0.076 0.085 0.093 0.094 0.095 0.097 0.099 0.101 0.101
8.694 9.791 10.896 12.020 13.217 14.412 15.604 16.794 17.981 19.159 20.315 21.500 22.713 23.955 25.225 26.306 26.188 26.061 25.925 25.781 25.627 25.204 23.293 21.055 18.839 16.643 14.468 12.417 10.904 9.391 7.875 6.358 4.839 3.500 3.061 2.605 2.132 1.641 1.132 0.679 0.579 0.476 0.369 0.259 0.146 0.049 0.042 0.034 0.025 0.017 0.008 0.000 0.000 0.000 0.000 0.000 0.001 0.003 0.011 0.019 0.028 0.036 0.044 0.053 0.062 0.073 0.084 0.096 0.109 0.120 0.122 0.125 0.128 0.131 0.134 0.136
11.018 12.141 13.271 14.409 15.597 16.782 17.965 19.145 20.322 21.497 22.753 24.037 25.349 26.690 28.059 29.361 28.854 28.321 27.763 27.180 26.571 25.924 23.738 21.573 19.429 17.307 15.205 13.133 11.615 10.095 8.573 7.050 5.525 4.020 3.520 3.002 2.467 1.914 1.344 0.769 0.658 0.543 0.425 0.305 0.181 0.058 0.049 0.040 0.029 0.019 0.009 0.000 0.001 0.002 0.003 0.004 0.006 0.008 0.017 0.025 0.034 0.043 0.052 0.061 0.073 0.086 0.100 0.115 0.131 0.147 0.150 0.154 0.158 0.163 0.167 0.172
13.329 14.478 15.635 16.799 17.976 19.152 20.325 21.495 22.629 23.712 24.866 25.978 27.030 28.023 28.955 29.827 29.440 28.818 28.172 27.500 26.803 26.081 24.160 22.069 19.998 17.948 15.920 13.912 12.326 10.800 9.272 7.743 6.212 4.679 3.996 3.417 2.820 2.206 1.574 0.924 0.739 0.615 0.487 0.354 0.216 0.073 0.049 0.039 0.029 0.019 0.010 0.001 0.001 0.003 0.005 0.008 0.011 0.013 0.022 0.031 0.040 0.049 0.059 0.068 0.083 0.099 0.116 0.134 0.153 0.172 0.178 0.183 0.188 0.199 0.220 0.245
15.629 16.758 17.868 18.992 20.096 21.182 22.261 23.333 24.399 25.458 26.442 27.344 28.186 28.968 29.690 30.352 30.052 29.342 28.607 27.847 27.061 26.251 24.561 22.542 20.544 18.568 16.612 14.677 13.038 11.506 9.972 8.437 6.900 5.360 4.469 3.817 3.157 2.488 1.810 1.124 0.844 0.704 0.559 0.409 0.254 0.094 0.047 0.037 0.028 0.019 0.011 0.002 0.002 0.005 0.008 0.011 0.015 0.019 0.027 0.036 0.046 0.056 0.066 0.076 0.092 0.111 0.132 0.157 0.184 0.214 0.236 0.259 0.286 0.318 0.353 0.392
17.367 18.512 19.670 20.842 21.962 23.025 24.080 25.130 26.172 27.208 28.080 28.772 29.404 29.976 30.489 30.941 30.691 29.893 29.069 28.220 27.346 26.447 24.939 22.993 21.068 19.165 17.277 15.398 13.716 12.157 10.594 9.026 7.455 5.879 4.832 4.150 3.459 2.760 2.052 1.335 0.954 0.797 0.635 0.468 0.296 0.120 0.045 0.036 0.027 0.019 0.011 0.003 0.002 0.006 0.010 0.014 0.019 0.024 0.032 0.041 0.051 0.061 0.071 0.081 0.102 0.130 0.162 0.196 0.233 0.272 0.309 0.346 0.387 0.433 0.482 0.535
19.055 20.247 21.453 22.673 23.833 24.872 25.905 26.931 27.950 28.963 29.781 30.263 30.685 31.047 31.350 31.592 31.356 30.469 29.557 28.596 27.568 26.529 25.115 23.218 21.355 19.527 17.735 15.977 14.315 12.740 11.162 9.580 7.993 6.402 5.202 4.490 3.769 3.040 2.302 1.556 1.069 0.895 0.716 0.532 0.344 0.151 0.042 0.034 0.026 0.019 0.011 0.004 0.003 0.008 0.013 0.018 0.022 0.025 0.032 0.042 0.053 0.063 0.074 0.086 0.109 0.148 0.189 0.232 0.279 0.328 0.378 0.429 0.484 0.544 0.607 0.674
20.725 21.965 23.219 24.487 25.708 26.724 27.733 28.736 29.733 30.723 31.544 31.817 31.979 32.028 32.022 31.961 31.618 30.584 29.538 28.481 27.413 26.332 25.051 23.275 21.534 19.827 18.155 16.519 14.917 13.328 11.735 10.137 8.535 6.930 5.582 4.839 4.088 3.329 2.561 1.784 1.188 0.997 0.802 0.601 0.396 0.190 0.045 0.040 0.034 0.028 0.021 0.014 0.011 0.015 0.019 0.022 0.025 0.027 0.032 0.043 0.054 0.066 0.078 0.090 0.114 0.162 0.213 0.266 0.323 0.382 0.443 0.508 0.578 0.651 0.728 0.809
22.377 23.665 24.967 26.282 27.587 28.508 29.378 30.243 31.104 31.959 32.734 32.701 32.613 32.470 32.273 32.021 31.637 30.562 29.476 28.379 27.270 26.149 24.951 23.296 21.676 20.090 18.540 17.024 15.524 13.920 12.311 10.699 9.082 7.461 5.969 5.197 4.416 3.626 2.847 2.063 1.376 1.177 0.967 0.746 0.514 0.270 0.062 0.056 0.049 0.041 0.034 0.026 0.020 0.022 0.024 0.026 0.028 0.029 0.032 0.044 0.056 0.068 0.081 0.093 0.117 0.174 0.234 0.298 0.363 0.432 0.510 0.614 0.728 0.852 0.986 1.129
23.639 24.855 26.093 27.353 28.634 29.527 30.380 31.229 32.072 32.910 33.744 33.583 33.304 32.971 32.583 32.140 31.643 30.553 29.427 28.289 27.139 25.978 24.805 23.281 21.782 20.317 18.888 17.493 16.133 14.515 12.895 11.313 9.706 8.075 6.429 5.648 4.860 4.067 3.266 2.460 1.664 1.426 1.176 0.916 0.644 0.360 0.080 0.072 0.064 0.055 0.046 0.037 0.029 0.030 0.031 0.031 0.031 0.031 0.031 0.044 0.057 0.070 0.083 0.100 0.131 0.213 0.301 0.396 0.497 0.603 0.718 0.857 1.004 1.162 1.329 1.506
