DATA/SHG/CPC/2018/20180509.asc
ncols        190
nrows        64
xllcorner    -5100000.000000000000
yllcorner    4130000.000000000000
cellsize     10000.000000000000
NODATA_value  -99999.000
[rows 0 to 33 of 64, columns 76 to 151 of 190]
0.000 0.000 0.000 0.000 0.000 0.000 0.000 0.000 0.000 0.000 0.000 0.000 0.000 0.000 0.000 0.002 0.002 0.003 0.003 0.003 0.002 0.001 0.000 0.000 0.000 0.000 0.001 0.005 0.009 0.013 0.017 0.020 0.023 0.025 0.027 0.028 0.030 0.031 0.035 0.047 0.060 0.072 0.085 0.097 0.121 0.184 0.245 0.307 0.368 0.428 0.502 0.617 0.732 0.847 0.963 1.079 1.191 1.295 1.402 1.511 1.622 1.737 1.872 2.061 2.249 2.437 2.626 2.815 3.062 3.465 3.860 4.248 4.628 5.001 5.351 5.650
0.000 0.000 0.000 0.000 0.000 0.000 0.000 0.000 0.000 0.000 0.000 0.000 0.000 0.000 0.000 0.000 0.000 0.000 0.000 0.000 0.000 0.000 0.000 0.000 0.000 0.000 0.000 0.004 0.007 0.009 0.012 0.014 0.016 0.017 0.018 0.019 0.019 0.020 0.021 0.034 0.046 0.058 0.069 0.081 0.099 0.160 0.219 0.279 0.338 0.397 0.463 0.579 0.695 0.812 0.930 1.049 1.166 1.282 1.399 1.517 1.637 1.759 1.892 2.081 2.271 2.461 2.651 2.841 3.060 3.430 3.791 4.145 4.492 4.831 5.151 5.401
0.000 0.000 0.000 0.000 0.000 0.000 0.000 0.000 0.000 0.000 0.000 0.000 0.000 0.000 0.000 0.000 0.000 0.000 0.000 0.000 0.000 0.000 0.000 0.000 0.000 0.000 0.000 0.002 0.004 0.006 0.007 0.008 0.009 0.009 0.009 0.009 0.009 0.009 0.008 0.020 0.031 0.043 0.054 0.066 0.077 0.138 0.199 0.260 0.321 0.382 0.444 0.563 0.681 0.799 0.916 1.033 1.150 1.272 1.397 1.522 1.650 1.779 1.911 2.102 2.293 2.484 2.675 2.867 3.066 3.402 3.730 4.050 4.363 4.669 4.962 5.163
0.000 0.000 0.000 0.000 0.000 0.000 0.000 0.000 0.000 0.000 0.000 0.000 0.000 0.000 0.000 0.000 0.000 0.000 0.000 0.000 0.000 0.000 0.000 0.000 0.000 0.000 0.000 0.001 0.002 0.002 0.003 0.003 0.002 0.002 0.001 0.000 0.000 0.001 0.002 0.014 0.028 0.042 0.055 0.069 0.083 0.139 0.200 0.261 0.322 0.382 0.443 0.554 0.671 0.787 0.903 1.018 1.133 1.262 1.393 1.526 1.660 1.796 1.934 2.122 2.314 2.507 2.699 2.893 3.086 3.381 3.675 3.963 4.242 4.514 4.779 4.936
0.000 0.000 0.000 0.000 0.000 0.000 0.000 0.000 0.000 0.000 0.000 0.000 0.000 0.000 0.000 0.000 0.000 0.000 0.000 0.000 0.000 0.000 0.000 0.000 0.000 0.000 0.000 0.000 0.000 0.000 0.000 0.000 0.000 0.001 0.002 0.003 0.005 0.006 0.008 0.020 0.034 0.048 0.062 0.077 0.091 0.141 0.202 0.262 0.323 0.383 0.443 0.546 0.661 0.776 0.890 1.004 1.117 1.249 1.388 1.528 1.669 1.812 1.957 2.142 2.335 2.529 2.723 2.909 3.075 3.304 3.540 3.771 3.996 4.215 4.428 4.570
0.000 0.000 0.000 0.000 0.000 0.000 0.000 0.000 0.000 0.000 0.000 0.000 0.000 0.000 0.000 0.000 0.000 0.000 0.000 0.000 0.000 0.000 0.000 0.000 0.000 0.000 0.000 0.000 0.000 0.000 0.000 0.000 0.000 0.001 0.003 0.006 0.009 0.012 0.015 0.025 0.040 0.054 0.069 0.084 0.098 0.143 0.203 0.263 0.323 0.383 0.443 0.539 0.652 0.765 0.877 0.989 1.101 1.235 1.379 1.517 1.652 1.785 1.914 2.069 2.234 2.395 2.552 2.704 2.853 3.049 3.260 3.465 3.664 3.857 4.044 4.191
0.000 0.000 0.000 0.000 0.000 0.000 0.000 0.000 0.000 0.000 0.000 0.000 0.000 0.000 0.000 0.000 0.000 0.000 0.000 0.000 0.000 0.000 0.000 0.000 0.000 0.000 0.000 0.000 0.000 0.000 0.000 0.000 0.000 0.002 0.005 0.008 0.012 0.016 0.021 0.031 0.045 0.060 0.075 0.090 0.106 0.145 0.205 0.265 0.324 0.383 0.441 0.528 0.638 0.747 0.856 0.965 1.073 1.194 1.322 1.446 1.568 1.687 1.802 1.937 2.085 2.228 2.368 2.504 2.636 2.801 2.986 3.165 3.338 3.505 3.666 3.812
0.000 0.000 0.000 0.000 0.000 0.000 0.000 0.000 0.000 0.000 0.000 0.000 0.000 0.000 0.000 0.000 0.000 0.000 0.000 0.000 0.000 0.000 0.000 0.000 0.000 0.000 0.000 0.000 0.000 0.000 0.000 0.000 0.000 0.002 0.006 0.011 0.016 0.021 0.026 0.036 0.050 0.064 0.079 0.093 0.107 0.140 0.198 0.255 0.313 0.369 0.426 0.506 0.614 0.722 0.829 0.936 1.043 1.153 1.268 1.379 1.487 1.592 1.694 1.810 1.940 2.066 2.189 2.307 2.422 2.559 2.718 2.871 3.018 3.159 3.295 3.432
0.000 0.000 0.000 0.000 0.000 0.000 0.000 0.000 0.000 0.000 0.000 0.000 0.000 0.000 0.000 0.000 0.000 0.000 0.000 0.000 0.000 0.000 0.000 0.000 0.000 0.000 0.000 0.000 0.000 0.000 0.000 0.000 0.000 0.001 0.006 0.010 0.014 0.018 0.022 0.028 0.043 0.058 0.073 0.088 0.103 0.131 0.188 0.244 0.300 0.356 0.412 0.484 0.590 0.697 0.802 0.908 1.012 1.116 1.217 1.315 1.409 1.500 1.589 1.686 1.799 1.908 2.013 2.115 2.212 2.323 2.456 2.583 2.711 2.833 2.951 3.078
0.000 0.000 0.000 0.000 0.000 0.000 0.000 0.000 0.000 0.000 0.000 0.000 0.000 0.000 0.000 0.000 0.000 0.000 0.000 0.000 0.000 0.000 0.000 0.000 0.000 0.000 0.000 0.000 0.000 0.000 0.000 0.000 0.000 0.001 0.004 0.007 0.010 0.013 0.016 0.020 0.035 0.051 0.067 0.082 0.098 0.122 0.178 0.233 0.288 0.343 0.398 0.463 0.568 0.672 0.776 0.880 0.983 1.083 1.170 1.253 1.334 1.412 1.487 1.567 1.666 1.764 1.859 1.953 2.045 2.143 2.257 2.366 2.469 2.567 2.658 2.760
0.000 0.000 0.000 0.000 0.000 0.000 0.000 0.000 0.000 0.000 0.000 0.000 0.000 0.000 0.000 0.000 0.000 0.000 0.000 0.000 0.000 0.000 0.000 0.000 0.000 0.000 0.000 0.000 0.000 0.000 0.000 0.000 0.000 0.000 0.002 0.005 0.006 0.008 0.010 0.011 0.028 0.044 0.060 0.077 0.094 0.113 0.168 0.222 0.276 0.330 0.384 0.442 0.545 0.648 0.747 0.844 0.940 1.032 1.105 1.178 1.250 1.321 1.392 1.464 1.555 1.645 1.732 1.817 1.901 1.984 2.073 2.157 2.234 2.306 2.372 2.445
0.000 0.000 0.000 0.000 0.000 0.000 0.000 0.000 0.000 0.000 0.000 0.000 0.000 0.000 0.000 0.000 0.000 0.000 0.000 0.000 0.000 0.000 0.000 0.000 0.000 0.000 0.000 0.000 0.000 0.000 0.000 0.000 0.000 0.000 0.001 0.002 0.003 0.003 0.004 0.004 0.020 0.037 0.054 0.071 0.089 0.106 0.157 0.209 0.260 0.310 0.359 0.407 0.502 0.595 0.688 0.778 0.868 0.956 1.026 1.095 1.163 1.231 1.297 1.364 1.447 1.527 1.606 1.683 1.759 1.832 1.895 1.953 2.005 2.051 2.092 2.133
0.000 0.000 0.000 0.000 0.000 0.000 0.000 0.000 0.000 0.000 0.000 0.000 0.000 0.000 0.000 0.000 0.000 0.000 0.000 0.000 0.000 0.000 0.000 0.000 0.000 0.000 0.000 0.000 0.000 0.000 0.000 0.000 0.000 0.000 0.000 0.000 0.000 0.000 0.000 0.000 0.014 0.032 0.049 0.066 0.083 0.100 0.144 0.191 0.238 0.284 0.329 0.374 0.456 0.544 0.630 0.714 0.797 0.879 0.947 1.012 1.077 1.141 1.204 1.267 1.340 1.412 1.483 1.552 1.618 1.683 1.723 1.755 1.782 1.803 1.818 1.827
0.000 0.000 0.000 0.000 0.000 0.000 0.000 0.000 0.000 0.000 0.000 0.000 0.000 0.000 0.000 0.000 0.000 0.000 0.000 0.000 0.000 0.000 0.000 0.000 0.000 0.000 0.000 0.000 0.000 0.000 0.000 0.000 0.000 0.000 0.000 0.000 0.000 0.000 0.000 0.000 0.012 0.028 0.045 0.061 0.078 0.094 0.130 0.174 0.217 0.260 0.301 0.341 0.413 0.494 0.573 0.652 0.728 0.804 0.869 0.931 0.992 1.052 1.112 1.171 1.235 1.299 1.362 1.423 1.494 1.566 1.611 1.655 1.703 1.754 1.809 1.868
0.000 0.000 0.000 0.000 0.000 0.000 0.000 0.000 0.000 0.000 0.000 0.000 0.000 0.000 0.000 0.000 0.000 0.000 0.000 0.000 0.000 0.000 0.000 0.000 0.000 0.000 0.000 0.000 0.000 0.000 0.000 0.000 0.000 0.000 0.000 0.000 0.000 0.000 0.000 0.000 0.009 0.025 0.041 0.057 0.072 0.088 0.118 0.158 0.197 0.236 0.273 0.309 0.371 0.445 0.519 0.590 0.661 0.730 0.792 0.854 0.918 0.984 1.051 1.120 1.191 1.262 1.333 1.404 1.475 1.545 1.606 1.667 1.731 1.798 1.870 1.945
0.000 0.000 0.000 0.000 0.000 0.000 0.000 0.000 0.000 0.000 0.000 0.000 0.000 0.000 0.000 0.000 0.000 0.000 0.000 0.000 0.000 0.000 0.000 0.000 0.000 0.000 0.000 0.000 0.000 0.000 0.000 0.000 0.000 0.000 0.000 0.000 0.000 0.000 0.000 0.000 0.007 0.022 0.037 0.052 0.067 0.082 0.107 0.143 0.178 0.213 0.246 0.279 0.331 0.401 0.470 0.537 0.604 0.670 0.737 0.807 0.878 0.951 1.026 1.103 1.176 1.246 1.317 1.386 1.456 1.525 1.597 1.674 1.755 1.839 1.926 2.018
0.000 0.000 0.000 0.000 0.000 0.000 0.000 0.000 0.000 0.000 0.000 0.000 0.000 0.000 0.000 0.000 0.000 0.000 0.000 0.000 0.000 0.000 0.000 0.000 0.000 0.000 0.000 0.000 0.000 0.000 0.000 0.000 0.000 0.000 0.000 0.000 0.000 0.000 0.000 0.000 0.005 0.019 0.034 0.047 0.061 0.074 0.094 0.127 0.159 0.190 0.221 0.251 0.295 0.361 0.425 0.489 0.552 0.613 0.681 0.758 0.837 0.918 1.000 1.084 1.161 1.231 1.300 1.369 1.437 1.506 1.585 1.678 1.775 1.875 1.979 2.087
0.004 0.004 0.003 0.002 0.000 0.000 0.000 0.000 0.000 0.000 0.000 0.000 0.000 0.000 0.000 0.000 0.000 0.000 0.000 0.000 0.000 0.000 0.000 0.000 0.000 0.000 0.000 0.000 0.000 0.000 0.000 0.000 0.000 0.000 0.000 0.000 0.000 0.000 0.000 0.000 0.003 0.016 0.029 0.041 0.053 0.065 0.081 0.111 0.140 0.168 0.196 0.223 0.260 0.321 0.382 0.441 0.500 0.557 0.623 0.708 0.794 0.882 0.972 1.063 1.147 1.215 1.283 1.351 1.419 1.486 1.569 1.678 1.794 1.973 2.172 2.390
0.012 0.010 0.007 0.004 0.000 0.000 0.000 0.000 0.000 0.000 0.000 0.000 0.000 0.000 0.000 0.000 0.000 0.000 0.000 0.000 0.000 0.000 0.000 0.003 0.005 0.006 0.007 0.007 0.007 0.006 0.006 0.005 0.004 0.002 0.000 0.000 0.000 0.000 0.000 0.000 0.001 0.013 0.024 0.035 0.046 0.056 0.068 0.095 0.121 0.147 0.172 0.196 0.226 0.283 0.339 0.395 0.449 0.503 0.563 0.656 0.749 0.845 0.942 1.041 1.136 1.218 1.311 1.415 1.530 1.656 1.814 2.041 2.287 2.552 2.836 3.141
0.020 0.016 0.012 0.007 0.001 0.000 0.000 0.000 0.000 0.000 0.000 0.000 0.000 0.000 0.001 0.005 0.011 0.015 0.019 0.021 0.023 0.025 0.027 0.027 0.026 0.025 0.023 0.020 0.017 0.015 0.013 0.010 0.007 0.004 0.000 0.000 0.000 0.000 0.000 0.000 0.000 0.010 0.020 0.029 0.038 0.047 0.056 0.080 0.103 0.126 0.148 0.170 0.192 0.245 0.298 0.351 0.404 0.456 0.514 0.615 0.718 0.823 0.929 1.036 1.147 1.277 1.419 1.572 1.736 1.910 2.115 2.428 2.760 3.111 3.481 3.871
0.029 0.023 0.017 0.010 0.002 0.000 0.000 0.001 0.003 0.006 0.009 0.013 0.018 0.024 0.030 0.037 0.045 0.049 0.051 0.053 0.053 0.054 0.054 0.052 0.048 0.044 0.039 0.034 0.028 0.024 0.020 0.016 0.011 0.006 0.001 0.000 0.000 0.000 0.000 0.000 0.000 0.008 0.016 0.024 0.032 0.039 0.047 0.067 0.088 0.109 0.128 0.147 0.166 0.216 0.269 0.321 0.373 0.425 0.477 0.584 0.693 0.804 0.916 1.030 1.146 1.325 1.516 1.717 1.930 2.153 2.397 2.795 3.213 3.650 4.106 4.582
0.039 0.033 0.027 0.020 0.013 0.012 0.015 0.018 0.022 0.026 0.030 0.035 0.043 0.051 0.059 0.069 0.079 0.084 0.085 0.084 0.084 0.083 0.082 0.077 0.071 0.064 0.056 0.048 0.039 0.033 0.027 0.022 0.015 0.009 0.002 0.000 0.000 0.003 0.006 0.008 0.009 0.015 0.022 0.029 0.035 0.040 0.044 0.059 0.078 0.095 0.112 0.128 0.143 0.189 0.240 0.292 0.343 0.395 0.446 0.552 0.667 0.784 0.902 1.022 1.143 1.362 1.602 1.852 2.112 2.384 2.667 3.143 3.646 4.169 4.712 5.273
0.063 0.056 0.048 0.039 0.031 0.027 0.031 0.036 0.040 0.045 0.050 0.057 0.066 0.077 0.088 0.099 0.112 0.119 0.118 0.116 0.114 0.112 0.109 0.104 0.094 0.085 0.074 0.063 0.058 0.055 0.053 0.050 0.046 0.041 0.035 0.033 0.034 0.034 0.033 0.031 0.028 0.030 0.034 0.037 0.039 0.041 0.042 0.052 0.067 0.082 0.096 0.109 0.121 0.161 0.212 0.263 0.314 0.364 0.414 0.518 0.640 0.763 0.887 1.013 1.140 1.388 1.676 1.975 2.284 2.635 3.004 3.564 4.165 4.775 5.392 6.018
0.088 0.078 0.069 0.059 0.048 0.043 0.048 0.053 0.058 0.064 0.070 0.078 0.090 0.102 0.116 0.130 0.144 0.154 0.152 0.155 0.158 0.161 0.163 0.162 0.157 0.150 0.143 0.135 0.126 0.119 0.113 0.105 0.097 0.088 0.078 0.071 0.069 0.065 0.060 0.055 0.049 0.046 0.047 0.046 0.045 0.043 0.041 0.046 0.058 0.070 0.080 0.090 0.100 0.134 0.184 0.234 0.284 0.334 0.383 0.483 0.630 0.793 0.968 1.153 1.349 1.664 2.036 2.416 2.805 3.202 3.607 4.179 4.816 5.462 6.115 6.777
0.112 0.102 0.090 0.079 0.067 0.058 0.063 0.070 0.076 0.082 0.089 0.100 0.125 0.150 0.174 0.198 0.222 0.242 0.246 0.247 0.248 0.249 0.249 0.247 0.238 0.229 0.218 0.207 0.196 0.184 0.174 0.162 0.150 0.137 0.122 0.110 0.104 0.097 0.089 0.080 0.070 0.063 0.060 0.056 0.052 0.046 0.040 0.040 0.050 0.058 0.066 0.076 0.087 0.123 0.187 0.255 0.327 0.404 0.485 0.627 0.828 1.039 1.261 1.494 1.738 2.077 2.485 2.902 3.327 3.760 4.201 4.785 5.459 6.140 6.829 7.527
0.138 0.125 0.112 0.099 0.089 0.088 0.106 0.124 0.143 0.161 0.180 0.199 0.223 0.247 0.271 0.294 0.317 0.339 0.340 0.340 0.339 0.338 0.336 0.333 0.321 0.308 0.294 0.280 0.265 0.250 0.235 0.220 0.203 0.186 0.167 0.150 0.140 0.130 0.118 0.106 0.093 0.081 0.078 0.075 0.070 0.063 0.055 0.053 0.064 0.075 0.087 0.098 0.110 0.146 0.229 0.317 0.409 0.505 0.605 0.766 1.014 1.274 1.544 1.824 2.116 2.481 2.925 3.378 3.840 4.309 4.786 5.383 6.092 6.809 7.534 8.268
0.188 0.185 0.184 0.183 0.184 0.186 0.204 0.223 0.241 0.260 0.279 0.298 0.322 0.345 0.367 0.390 0.412 0.434 0.435 0.432 0.430 0.426 0.423 0.419 0.404 0.388 0.371 0.354 0.336 0.317 0.298 0.279 0.258 0.243 0.230 0.216 0.210 0.201 0.190 0.177 0.162 0.146 0.138 0.127 0.115 0.101 0.086 0.075 0.086 0.098 0.109 0.121 0.132 0.166 0.268 0.374 0.485 0.600 0.720 0.894 1.190 1.497 1.815 2.143 2.483 2.876 3.357 3.846 4.344 4.849 5.363 5.972 6.717 7.470 8.189 8.785
0.265 0.267 0.269 0.273 0.279 0.285 0.302 0.321 0.340 0.359 0.379 0.398 0.420 0.442 0.464 0.486 0.507 0.528 0.530 0.525 0.521 0.516 0.510 0.504 0.496 0.489 0.481 0.472 0.461 0.450 0.436 0.420 0.403 0.385 0.365 0.343 0.327 0.309 0.288 0.266 0.242 0.215 0.199 0.181 0.162 0.141 0.118 0.097 0.108 0.120 0.131 0.143 0.154 0.180 0.302 0.427 0.557 0.692 0.830 1.010 1.354 1.709 2.074 2.451 2.838 3.264 3.765 4.239 4.688 5.110 5.507 5.940 6.499 7.032 7.538 8.019
0.341 0.347 0.354 0.362 0.372 0.382 0.399 0.419 0.438 0.458 0.478 0.497 0.518 0.540 0.561 0.582 0.617 0.652 0.668 0.675 0.681 0.688 0.694 0.701 0.694 0.682 0.668 0.654 0.638 0.621 0.600 0.578 0.554 0.528 0.501 0.472 0.446 0.419 0.389 0.357 0.323 0.287 0.262 0.237 0.211 0.182 0.152 0.120 0.131 0.142 0.153 0.165 0.176 0.191 0.331 0.476 0.635 0.844 1.064 1.308 1.724 2.132 2.534 2.930 3.318 3.702 4.088 4.447 4.780 5.086 5.367 5.661 6.104 6.522 6.913 7.278
0.416 0.426 0.437 0.450 0.463 0.478 0.496 0.516 0.537 0.574 0.610 0.646 0.682 0.717 0.752 0.786 0.819 0.851 0.869 0.875 0.882 0.888 0.895 0.901 0.893 0.875 0.856 0.836 0.815 0.793 0.766 0.737 0.706 0.673 0.639 0.603 0.568 0.531 0.492 0.450 0.407 0.361 0.327 0.295 0.261 0.225 0.188 0.153 0.184 0.229 0.280 0.337 0.400 0.468 0.679 0.914 1.159 1.416 1.682 1.960 2.342 2.720 3.093 3.458 3.816 4.167 4.436 4.680 4.897 5.088 5.253 5.407 5.736 6.038 6.314 6.564
0.489 0.505 0.534 0.567 0.603 0.644 0.684 0.720 0.756 0.791 0.826 0.860 0.894 0.926 0.959 0.990 1.021 1.051 1.069 1.076 1.082 1.088 1.095 1.101 1.093 1.070 1.046 1.020 0.994 0.966 0.934 0.897 0.859 0.820 0.779 0.736 0.691 0.645 0.602 0.590 0.562 0.519 0.493 0.478 0.461 0.443 0.424 0.403 0.446 0.517 0.594 0.677 0.767 0.862 1.098 1.380 1.672 1.976 2.290 2.614 2.966 3.315 3.657 3.992 4.321 4.643 4.811 4.939 5.040 5.116 5.165 5.188 5.393 5.580 5.741 5.876
0.623 0.662 0.704 0.750 0.801 0.855 0.906 0.940 0.974 1.008 1.041 1.074 1.106 1.136 1.166 1.195 1.223 1.251 1.270 1.276 1.282 1.288 1.294 1.301 1.294 1.266 1.236 1.205 1.173 1.147 1.177 1.199 1.219 1.234 1.247 1.257 1.241 1.192 1.127 1.047 0.951 0.841 0.776 0.754 0.731 0.707 0.682 0.655 0.701 0.799 0.902 1.011 1.127 1.248 1.505 1.834 2.174 2.524 2.885 3.257 3.596 3.915 4.227 4.533 4.831 5.123 5.211 5.223 5.209 5.169 5.103 5.016 5.099 5.198 5.282 5.349
0.762 0.814 0.870 0.930 0.994 1.062 1.128 1.161 1.193 1.225 1.257 1.288 1.318 1.346 1.373 1.400 1.426 1.451 1.470 1.476 1.483 1.508 1.537 1.570 1.603 1.632 1.675 1.732 1.802 1.886 1.953 1.961 1.966 1.968 1.966 1.962 1.917 1.800 1.667 1.519 1.356 1.178 1.060 1.032 1.003 0.973 0.941 0.907 0.950 1.074 1.203 1.339 1.480 1.628 1.901 2.277 2.664 3.061 3.469 3.887 4.232 4.521 4.840 5.193 5.530 5.850 5.910 5.815 5.675 5.490 5.258 4.982 4.935 4.964 4.977 4.974
0.897 0.963 1.032 1.106 1.184 1.266 1.350 1.381 1.412 1.442 1.472 1.502 1.531 1.558 1.590 1.626 1.666 1.710 1.753 1.787 1.826 1.870 1.917 1.969 2.028 2.117 2.220 2.336 2.465 2.608 2.732 2.726 2.717 2.704 2.688 2.669 2.608 2.423 2.223 2.008 1.777 1.531 1.345 1.311 1.276 1.239 1.201 1.161 1.192 1.342 1.498 1.660 1.827 2.023 2.365 2.862 3.386 3.934 4.507 5.106 5.575 5.888 6.185 6.465 6.728 6.975 6.927 6.631 6.290 5.903 5.470 4.992 4.788 4.746 4.688 4.614
