DATA/SHG/CPC/2018/20180516.asc
ncols        190
nrows        64
xllcorner    -5100000.000000000000
yllcorner    4130000.000000000000
cellsize     10000.000000000000
NODATA_value  -99999.000
[rows 0 to 33 of 64, columns 0 to 75 of 190]
0.000 0.000 0.000 0.000 0.000 0.000 0.000 0.000 0.000 0.000 0.000 0.000 0.005 0.013 0.023 0.034 0.046 0.060 0.111 0.183 0.263 0.350 0.446 0.549 0.587 0.586 0.583 0.578 0.570 0.560 0.509 0.430 0.344 0.252 0.152 0.065 0.035 0.043 0.044 0.040 0.028 0.010 0.000 0.000 0.000 0.000 0.000 0.000 0.000 0.000 0.000 0.000 0.000 0.000 0.000 0.000 0.000 0.000 0.000 0.000 0.000 0.000 0.000 0.000 0.000 0.000 0.000 0.000 0.000 0.000 0.000 0.000 0.000 0.000 0.000 0.000
0.000 0.000 0.000 0.000 0.000 0.000 0.000 0.000 0.000 0.000 0.000 0.000 0.007 0.020 0.035 0.051 0.069 0.088 0.149 0.249 0.356 0.472 0.595 0.726 0.788 0.779 0.767 0.755 0.752 0.750 0.711 0.626 0.536 0.441 0.339 0.232 0.166 0.151 0.130 0.102 0.068 0.027 0.000 0.000 0.000 0.000 0.000 0.000 0.000 0.000 0.000 0.000 0.000 0.000 0.000 0.000 0.000 0.000 0.000 0.000 0.000 0.000 0.000 0.000 0.000 0.000 0.000 0.000 0.000 0.000 0.000 0.000 0.000 0.000 0.000 0.000
0.000 0.000 0.000 0.000 0.000 0.000 0.000 0.000 0.000 0.000 0.000 0.000 0.008 0.026 0.046 0.067 0.090 0.114 0.179 0.306 0.447 0.601 0.759 0.919 1.020 1.018 1.016 1.016 1.016 1.017 0.984 0.879 0.769 0.654 0.533 0.406 0.304 0.266 0.222 0.171 0.114 0.051 0.000 0.000 0.000 0.000 0.000 0.000 0.000 0.000 0.000 0.000 0.000 0.000 0.000 0.000 0.000 0.000 0.000 0.000 0.000 0.000 0.000 0.000 0.000 0.000 0.000 0.000 0.000 0.000 0.000 0.000 0.000 0.000 0.000 0.000
0.000 0.000 0.000 0.000 0.000 0.000 0.000 0.000 0.000 0.000 0.000 0.000 0.007 0.033 0.067 0.110 0.162 0.221 0.311 0.470 0.632 0.797 0.965 1.136 1.271 1.271 1.273 1.275 1.278 1.282 1.262 1.138 1.008 0.872 0.731 0.585 0.448 0.387 0.320 0.247 0.167 0.081 0.000 0.000 0.000 0.005 0.007 0.005 0.000 0.000 0.000 0.000 0.000 0.000 0.000 0.000 0.000 0.000 0.000 0.000 0.000 0.000 0.000 0.000 0.000 0.000 0.000 0.000 0.000 0.000 0.000 0.000 0.000 0.000 0.000 0.000
0.000 0.000 0.000 0.000 0.000 0.000 0.000 0.000 0.000 0.000 0.000 0.000 0.007 0.063 0.127 0.199 0.279 0.368 0.472 0.642 0.814 0.990 1.169 1.350 1.520 1.523 1.527 1.533 1.539 1.545 1.546 1.402 1.252 1.096 0.936 0.769 0.599 0.518 0.452 0.373 0.281 0.176 0.058 0.056 0.052 0.045 0.034 0.019 0.001 0.000 0.000 0.000 0.000 0.000 0.000 0.000 0.000 0.000 0.000 0.000 0.000 0.000 0.000 0.000 0.000 0.000 0.000 0.000 0.000 0.000 0.000 0.000 0.000 0.000 0.000 0.000
0.000 0.000 0.000 0.000 0.000 0.000 0.000 0.000 0.000 0.000 0.000 0.000 0.000 0.084 0.177 0.278 0.388 0.506 0.632 0.810 0.993 1.179 1.368 1.560 1.755 1.774 1.781 1.789 1.798 1.808 1.823 1.696 1.551 1.405 1.259 1.111 0.962 0.856 0.744 0.619 0.480 0.328 0.163 0.126 0.109 0.089 0.065 0.037 0.006 0.000 0.000 0.000 0.000 0.000 0.000 0.000 0.000 0.000 0.000 0.000 0.000 0.000 0.000 0.000 0.000 0.000 0.000 0.000 0.000 0.000 0.000 0.000 0.000 0.000 0.000 0.000
0.000 0.000 0.000 0.000 0.000 0.000 0.000 0.000 0.000 0.000 0.000 0.000 0.000 0.097 0.219 0.349 0.488 0.634 0.789 0.975 1.168 1.365 1.564 1.772 1.989 2.053 2.079 2.107 2.139 2.173 2.210 2.107 1.959 1.810 1.660 1.509 1.357 1.208 1.049 0.877 0.692 0.493 0.282 0.198 0.169 0.136 0.099 0.059 0.015 0.000 0.000 0.000 0.000 0.000 0.000 0.000 0.000 0.000 0.000 0.000 0.000 0.000 0.000 0.000 0.000 0.000 0.000 0.000 0.000 0.000 0.000 0.000 0.000 0.000 0.000 0.000
0.000 0.000 0.000 0.000 0.000 0.000 0.000 0.000 0.000 0.000 0.000 0.000 0.000 0.100 0.251 0.411 0.583 0.768 0.965 1.174 1.389 1.607 1.829 2.054 2.282 2.386 2.422 2.461 2.502 2.546 2.594 2.519 2.368 2.215 2.062 1.907 1.752 1.573 1.368 1.149 0.917 0.672 0.414 0.275 0.233 0.187 0.137 0.084 0.031 0.004 0.005 0.006 0.005 0.004 0.001 0.000 0.000 0.000 0.000 0.000 0.000 0.000 0.000 0.000 0.000 0.000 0.000 0.000 0.000 0.000 0.000 0.000 0.000 0.000 0.000 0.000
0.000 0.000 0.000 0.000 0.000 0.000 0.000 0.000 0.000 0.001 0.003 0.006 0.010 0.111 0.302 0.504 0.716 0.940 1.173 1.406 1.633 1.863 2.096 2.332 2.572 2.716 2.762 2.810 2.862 2.916 2.973 2.932 2.777 2.621 2.464 2.306 2.148 1.951 1.699 1.434 1.155 0.880 0.603 0.426 0.380 0.322 0.253 0.173 0.082 0.022 0.020 0.017 0.014 0.009 0.004 0.000 0.000 0.000 0.000 0.000 0.000 0.000 0.000 0.000 0.000 0.000 0.000 0.000 0.000 0.000 0.000 0.000 0.000 0.000 0.000 0.000
0.000 0.000 0.000 0.000 0.000 0.000 0.000 0.001 0.005 0.009 0.014 0.020 0.027 0.119 0.348 0.588 0.838 1.099 1.371 1.634 1.873 2.114 2.359 2.607 2.858 3.042 3.098 3.156 3.218 3.282 3.350 3.345 3.186 3.026 2.859 2.690 2.519 2.315 2.039 1.760 1.480 1.197 0.913 0.685 0.600 0.503 0.394 0.275 0.145 0.040 0.035 0.029 0.023 0.015 0.007 0.000 0.000 0.000 0.000 0.000 0.000 0.000 0.000 0.000 0.000 0.000 0.000 0.000 0.000 0.000 0.000 0.000 0.000 0.000 0.000 0.000
0.000 0.000 0.000 0.000 0.000 0.000 0.000 0.002 0.008 0.016 0.024 0.033 0.044 0.116 0.382 0.660 0.948 1.247 1.556 1.859 2.109 2.362 2.618 2.877 3.140 3.364 3.430 3.498 3.566 3.635 3.704 3.730 3.560 3.388 3.214 3.038 2.860 2.663 2.380 2.094 1.806 1.516 1.224 0.955 0.830 0.694 0.546 0.388 0.218 0.059 0.051 0.042 0.033 0.022 0.011 0.000 0.000 0.000 0.000 0.000 0.000 0.000 0.000 0.000 0.000 0.000 0.000 0.000 0.000 0.000 0.000 0.000 0.000 0.000 0.000 0.000
0.000 0.000 0.000 0.000 0.000 0.000 0.000 0.001 0.011 0.021 0.033 0.046 0.059 0.100 0.405 0.720 1.046 1.382 1.730 2.081 2.345 2.612 2.881 3.154 3.428 3.694 3.763 3.832 3.902 3.973 4.045 4.107 3.930 3.751 3.570 3.387 3.202 3.013 2.722 2.429 2.134 1.836 1.537 1.236 1.072 0.896 0.709 0.512 0.303 0.082 0.068 0.057 0.046 0.033 0.018 0.001 0.000 0.000 0.000 0.000 0.000 0.000 0.000 0.000 0.000 0.000 0.000 0.000 0.000 0.000 0.000 0.000 0.000 0.000 0.000 0.000
0.000 0.000 0.000 0.000 0.000 0.000 0.000 0.000 0.012 0.026 0.041 0.057 0.087 0.131 0.471 0.832 1.196 1.565 1.937 2.314 2.595 2.871 3.150 3.432 3.717 4.004 4.094 4.166 4.238 4.311 4.384 4.458 4.301 4.115 3.928 3.738 3.546 3.353 3.067 2.766 2.463 2.159 1.852 1.543 1.322 1.106 0.881 0.648 0.405 0.155 0.103 0.087 0.069 0.049 0.028 0.004 0.000 0.000 0.000 0.000 0.000 0.000 0.000 0.000 0.000 0.000 0.000 0.000 0.000 0.000 0.000 0.000 0.000 0.000 0.000 0.000
0.000 0.000 0.000 0.000 0.000 0.000 0.000 0.000 0.026 0.065 0.113 0.170 0.235 0.310 0.621 0.996 1.374 1.757 2.143 2.533 2.841 3.127 3.416 3.707 4.001 4.298 4.424 4.498 4.572 4.647 4.722 4.798 4.674 4.481 4.287 4.090 3.892 3.703 3.433 3.127 2.813 2.492 2.164 1.827 1.560 1.313 1.058 0.794 0.521 0.240 0.141 0.118 0.094 0.068 0.040 0.010 0.000 0.000 0.000 0.000 0.000 0.000 0.000 0.000 0.000 0.000 0.000 0.000 0.000 0.000 0.000 0.000 0.000 0.000 0.000 0.000
0.000 0.000 0.000 0.000 0.000 0.000 0.000 0.000 0.041 0.112 0.190 0.278 0.374 0.479 0.767 1.155 1.548 1.944 2.344 2.748 3.083 3.379 3.678 3.979 4.283 4.589 4.753 4.829 4.905 4.982 5.070 5.160 5.083 4.896 4.707 4.517 4.325 4.132 3.859 3.526 3.185 2.837 2.481 2.118 1.806 1.529 1.243 0.949 0.646 0.334 0.181 0.152 0.121 0.088 0.053 0.017 0.000 0.000 0.000 0.000 0.000 0.000 0.000 0.000 0.000 0.000 0.000 0.000 0.000 0.000 0.000 0.000 0.000 0.000 0.000 0.000
0.000 0.000 0.000 0.000 0.000 0.000 0.000 0.000 0.048 0.149 0.258 0.376 0.503 0.638 0.908 1.310 1.717 2.127 2.541 2.959 3.323 3.628 3.938 4.255 4.574 4.894 5.103 5.192 5.283 5.378 5.474 5.574 5.540 5.347 5.153 4.958 4.761 4.562 4.292 3.932 3.565 3.190 2.807 2.416 2.061 1.754 1.437 1.112 0.779 0.436 0.222 0.186 0.149 0.110 0.069 0.025 0.000 0.000 0.000 0.000 0.000 0.000 0.000 0.000 0.000 0.000 0.000 0.000 0.000 0.000 0.000 0.000 0.000 0.000 0.000 0.000
0.000 0.000 0.000 0.000 0.000 0.000 0.000 0.000 0.045 0.176 0.316 0.465 0.622 0.788 1.045 1.470 1.910 2.348 2.782 3.214 3.605 3.925 4.245 4.567 4.891 5.216 5.466 5.564 5.665 5.769 5.876 5.985 5.998 5.800 5.601 5.400 5.197 4.993 4.733 4.346 3.952 3.549 3.139 2.722 2.325 1.987 1.640 1.282 0.909 0.527 0.237 0.193 0.150 0.108 0.067 0.028 0.000 0.000 0.000 0.000 0.000 0.000 0.000 0.000 0.000 0.000 0.000 0.000 0.000 0.000 0.000 0.000 0.000 0.000 0.000 0.000
0.000 0.000 0.000 0.000 0.000 0.000 0.000 0.000 0.048 0.238 0.437 0.645 0.862 1.089 1.363 1.796 2.227 2.654 3.079 3.500 3.901 4.226 4.551 4.878 5.206 5.536 5.826 5.934 6.044 6.157 6.274 6.392 6.457 6.254 6.049 5.842 5.635 5.425 5.181 4.767 4.349 3.922 3.478 3.018 2.558 2.180 1.793 1.398 0.994 0.581 0.217 0.177 0.138 0.101 0.064 0.029 0.000 0.000 0.000 0.000 0.000 0.000 0.000 0.000 0.000 0.000 0.000 0.000 0.000 0.000 0.000 0.000 0.000 0.000 0.000 0.000
0.000 0.000 0.000 0.013 0.035 0.066 0.107 0.156 0.223 0.445 0.677 0.917 1.167 1.426 1.702 2.125 2.545 2.963 3.378 3.790 4.195 4.524 4.855 5.186 5.520 5.854 6.182 6.299 6.419 6.542 6.668 6.796 6.917 6.729 6.552 6.365 6.169 5.963 5.742 5.290 4.820 4.334 3.830 3.309 2.774 2.366 1.948 1.522 1.087 0.644 0.196 0.160 0.126 0.092 0.060 0.030 0.000 0.000 0.000 0.000 0.000 0.000 0.000 0.000 0.000 0.000 0.001 0.001 0.002 0.002 0.002 0.002 0.002 0.001 0.000 0.000
0.000 0.000 0.000 0.041 0.095 0.158 0.231 0.312 0.403 0.642 0.906 1.179 1.461 1.753 2.053 2.456 2.866 3.274 3.679 4.081 4.481 4.821 5.156 5.493 5.831 6.170 6.533 6.719 6.888 7.064 7.245 7.434 7.628 7.472 7.261 7.040 6.810 6.570 6.320 5.838 5.308 4.762 4.198 3.618 3.020 2.560 2.112 1.655 1.189 0.715 0.232 0.142 0.112 0.083 0.055 0.029 0.003 0.000 0.000 0.000 0.001 0.000 0.000 0.001 0.001 0.002 0.004 0.005 0.007 0.007 0.006 0.005 0.003 0.002 0.000 0.000
0.000 0.000 0.000 0.059 0.145 0.240 0.345 0.458 0.581 0.829 1.125 1.431 1.745 2.069 2.402 2.789 3.190 3.588 3.983 4.392 4.819 5.207 5.579 5.953 6.329 6.707 7.086 7.322 7.513 7.711 7.915 8.125 8.342 8.224 7.979 7.724 7.460 7.186 6.902 6.402 5.813 5.207 4.584 3.943 3.286 2.763 2.284 1.797 1.300 0.795 0.282 0.133 0.119 0.100 0.077 0.048 0.014 0.004 0.003 0.003 0.002 0.001 0.000 0.001 0.003 0.004 0.007 0.009 0.011 0.011 0.009 0.008 0.006 0.003 0.001 0.000
0.000 0.000 0.000 0.067 0.185 0.312 0.448 0.594 0.748 1.006 1.334 1.672 1.997 2.328 2.663 3.041 3.460 3.896 4.348 4.817 5.302 5.727 6.106 6.486 6.868 7.251 7.637 7.916 8.130 8.350 8.577 8.810 9.049 8.985 8.706 8.417 8.119 7.811 7.493 6.983 6.334 5.668 4.986 4.286 3.573 2.988 2.492 1.991 1.487 0.978 0.465 0.239 0.208 0.171 0.129 0.083 0.031 0.008 0.007 0.006 0.004 0.003 0.001 0.001 0.004 0.006 0.009 0.012 0.016 0.016 0.013 0.011 0.008 0.005 0.001 0.000
0.000 0.000 0.000 0.065 0.215 0.371 0.531 0.693 0.859 1.099 1.432 1.769 2.111 2.458 2.809 3.214 3.691 4.185 4.696 5.223 5.767 6.245 6.629 7.016 7.403 7.793 8.184 8.504 8.740 8.982 9.231 9.486 9.748 9.754 9.442 9.119 8.787 8.465 8.118 7.602 6.900 6.181 5.444 4.690 3.919 3.261 2.749 2.234 1.714 1.189 0.661 0.350 0.301 0.247 0.187 0.122 0.053 0.012 0.010 0.008 0.006 0.004 0.001 0.001 0.005 0.008 0.012 0.015 0.019 0.021 0.019 0.017 0.017 0.017 0.017 0.018
0.010 0.017 0.026 0.081 0.245 0.412 0.582 0.755 0.930 1.159 1.508 1.861 2.220 2.583 2.950 3.368 3.904 4.456 5.025 5.611 6.213 6.760 7.151 7.543 7.937 8.332 8.729 9.084 9.342 9.607 9.960 10.315 10.667 10.812 10.481 10.117 9.722 9.295 8.837 8.268 7.506 6.726 5.929 5.114 4.283 3.538 3.011 2.480 1.945 1.405 0.861 0.466 0.399 0.327 0.250 0.167 0.080 0.017 0.014 0.011 0.009 0.006 0.003 0.001 0.005 0.010 0.015 0.020 0.026 0.029 0.030 0.030 0.032 0.034 0.037 0.039
0.030 0.044 0.059 0.098 0.272 0.450 0.630 0.813 0.999 1.213 1.578 1.948 2.323 2.702 3.086 3.505 4.099 4.709 5.337 5.981 6.641 7.273 7.671 8.102 8.571 9.078 9.624 10.168 10.521 10.872 11.219 11.564 11.907 12.120 11.677 11.203 10.696 10.157 9.587 8.952 8.129 7.288 6.430 5.555 4.663 3.819 3.277 2.731 2.180 1.625 1.065 0.587 0.502 0.412 0.317 0.218 0.116 0.031 0.029 0.026 0.021 0.015 0.007 0.001 0.006 0.012 0.018 0.025 0.031 0.038 0.040 0.043 0.047 0.051 0.056 0.060
0.048 0.068 0.090 0.113 0.296 0.484 0.674 0.867 1.064 1.263 1.644 2.030 2.421 2.817 3.217 3.621 4.268 4.930 5.608 6.301 7.011 7.734 8.260 8.825 9.427 10.068 10.746 11.457 11.801 12.142 12.480 12.815 13.148 13.460 12.905 12.319 11.701 11.051 10.369 9.652 8.768 7.867 6.949 6.013 5.061 4.105 3.547 2.985 2.404 1.824 1.249 0.698 0.597 0.494 0.389 0.281 0.171 0.063 0.056 0.048 0.038 0.026 0.014 0.000 0.007 0.014 0.021 0.029 0.037 0.045 0.050 0.055 0.061 0.067 0.074 0.081
0.064 0.090 0.119 0.148 0.317 0.515 0.715 0.919 1.121 1.317 1.676 2.071 2.473 2.882 3.298 3.721 4.384 5.101 5.834 6.583 7.348 8.129 8.809 9.506 10.242 11.016 11.827 12.677 13.081 13.413 13.741 14.067 14.390 14.711 14.164 13.467 12.737 11.976 11.183 10.358 9.425 8.400 7.368 6.336 5.304 4.273 3.646 3.074 2.507 1.946 1.391 0.841 0.688 0.577 0.463 0.347 0.228 0.107 0.085 0.071 0.056 0.039 0.021 0.002 0.007 0.015 0.024 0.033 0.042 0.052 0.059 0.066 0.074 0.084 0.098 0.113
0.078 0.110 0.141 0.174 0.319 0.516 0.712 0.908 1.104 1.299 1.646 2.066 2.493 2.926 3.367 3.814 4.483 5.256 6.044 6.848 7.668 8.504 9.316 10.147 11.016 11.922 12.867 13.850 14.363 14.685 15.004 15.320 15.633 15.938 15.299 14.364 13.422 12.473 11.516 10.551 9.535 8.504 7.472 6.441 5.410 4.380 3.705 3.152 2.605 2.063 1.527 0.997 0.781 0.661 0.539 0.414 0.287 0.158 0.114 0.096 0.075 0.054 0.030 0.006 0.007 0.017 0.027 0.039 0.051 0.063 0.076 0.091 0.107 0.125 0.145 0.167
0.082 0.115 0.150 0.185 0.306 0.502 0.697 0.892 1.087 1.282 1.609 2.053 2.504 2.962 3.427 3.900 4.565 5.393 6.236 7.096 7.971 8.862 9.783 10.746 11.748 12.788 13.853 14.867 15.399 15.571 15.723 15.857 15.971 16.065 15.537 14.575 13.607 12.631 11.647 10.656 9.638 8.607 7.577 6.546 5.516 4.487 3.757 3.224 2.696 2.174 1.658 1.147 0.877 0.748 0.618 0.484 0.349 0.211 0.145 0.120 0.093 0.066 0.041 0.016 0.015 0.027 0.040 0.053 0.066 0.080 0.098 0.118 0.141 0.165 0.191 0.218
0.083 0.120 0.157 0.195 0.293 0.488 0.683 0.877 1.071 1.264 1.564 2.033 2.508 2.991 3.481 3.977 4.629 5.513 6.412 7.348 8.339 9.337 10.353 11.375 12.381 13.370 14.342 15.297 15.884 15.988 16.073 16.139 16.185 16.212 15.782 14.794 13.799 12.796 11.786 10.768 9.741 8.711 7.681 6.652 5.622 4.593 3.805 3.291 2.782 2.280 1.783 1.291 0.965 0.818 0.672 0.526 0.380 0.234 0.148 0.123 0.098 0.074 0.051 0.028 0.024 0.038 0.052 0.066 0.081 0.096 0.117 0.144 0.172 0.203 0.235 0.268
0.084 0.124 0.164 0.205 0.281 0.475 0.668 0.862 1.055 1.247 1.511 2.004 2.533 3.110 3.705 4.318 5.040 6.035 7.036 8.044 9.059 10.080 11.092 12.056 13.003 13.933 14.847 15.744 16.389 16.425 16.442 16.440 16.419 16.378 16.035 15.021 13.999 12.969 11.932 10.888 9.844 8.814 7.785 6.756 5.728 4.695 3.833 3.328 2.826 2.329 1.835 1.344 0.974 0.828 0.683 0.538 0.394 0.250 0.149 0.126 0.103 0.081 0.060 0.040 0.033 0.048 0.063 0.079 0.096 0.112 0.135 0.168 0.202 0.239 0.277 0.316
0.084 0.126 0.169 0.213 0.269 0.466 0.680 0.910 1.156 1.418 1.724 2.329 2.952 3.593 4.252 4.930 5.659 6.677 7.702 8.733 9.770 10.814 11.847 12.753 13.641 14.513 15.369 16.207 16.913 16.882 16.831 16.761 16.672 16.564 16.296 15.255 14.206 13.150 12.103 11.030 9.942 8.908 7.873 6.835 5.796 4.756 3.817 3.324 2.835 2.349 1.867 1.389 0.982 0.837 0.693 0.550 0.407 0.264 0.149 0.128 0.108 0.088 0.069 0.051 0.041 0.058 0.075 0.092 0.110 0.128 0.151 0.190 0.232 0.277 0.326 0.379
0.082 0.126 0.170 0.214 0.259 0.497 0.768 1.055 1.358 1.677 2.013 2.662 3.350 4.055 4.779 5.522 6.283 7.312 8.359 9.413 10.473 11.540 12.613 13.466 14.296 15.110 15.907 16.687 17.451 17.358 17.248 17.238 17.163 17.021 16.805 15.746 14.658 13.543 12.400 11.229 10.036 8.996 7.954 6.911 5.866 4.819 3.797 3.317 2.840 2.367 1.897 1.431 0.989 0.846 0.704 0.562 0.420 0.279 0.148 0.130 0.112 0.094 0.077 0.063 0.056 0.076 0.095 0.112 0.127 0.140 0.155 0.206 0.260 0.318 0.379 0.444
0.078 0.123 0.168 0.213 0.259 0.510 0.838 1.182 1.542 1.918 2.311 2.975 3.727 4.497 5.286 6.092 6.918 7.938 9.008 10.085 11.168 12.258 13.354 14.234 15.212 16.170 17.107 18.023 18.919 18.959 18.785 18.545 18.240 17.868 17.431 16.363 15.179 13.966 12.726 11.458 10.162 9.085 8.037 6.988 5.937 4.884 3.829 3.306 2.842 2.381 1.923 1.469 1.019 0.855 0.714 0.573 0.437 0.308 0.179 0.164 0.154 0.142 0.130 0.116 0.102 0.115 0.127 0.137 0.146 0.152 0.157 0.219 0.286 0.356 0.429 0.506
