DATA/SHG/CPC/2018/20180405.asc
ncols        190
nrows        64
xllcorner    -5100000.000000000000
yllcorner    4130000.000000000000
cellsize     10000.000000000000
NODATA_value  -99999.000
[rows 0 to 33 of 64, columns 0 to 76 of 190]
0.000 0.000 0.000 0.000 0.000 0.000 0.000 0.000 0.000 0.000 0.000 0.000 0.001 0.002 0.004 0.006 0.008 0.011 0.019 0.030 0.041 0.053 0.065 0.078 0.092 0.108 0.123 0.139 0.155 0.171 0.179 0.182 0.184 0.187 0.189 0.194 0.196 0.196 0.195 0.194 0.192 0.190 0.184 0.175 0.166 0.157 0.146 0.136 0.127 0.120 0.112 0.104 0.096 0.088 0.081 0.076 0.071 0.066 0.060 0.055 0.050 0.047 0.044 0.041 0.038 0.034 0.032 0.032 0.031 0.030 0.029 0.028 0.028 0.030 0.032 0.034 0.036
0.000 0.000 0.000 0.000 0.000 0.000 0.000 0.000 0.000 0.000 0.000 0.000 0.001 0.004 0.006 0.009 0.012 0.016 0.024 0.037 0.050 0.063 0.077 0.091 0.107 0.123 0.139 0.156 0.175 0.194 0.207 0.211 0.216 0.221 0.225 0.229 0.231 0.229 0.226 0.222 0.218 0.214 0.206 0.196 0.185 0.174 0.163 0.151 0.140 0.131 0.123 0.114 0.105 0.095 0.087 0.081 0.076 0.070 0.064 0.059 0.054 0.051 0.048 0.044 0.041 0.037 0.034 0.033 0.032 0.030 0.029 0.027 0.026 0.028 0.030 0.032 0.033
0.000 0.000 0.000 0.000 0.000 0.000 0.000 0.000 0.000 0.000 0.000 0.000 0.001 0.005 0.008 0.012 0.016 0.020 0.029 0.043 0.058 0.075 0.092 0.110 0.129 0.148 0.168 0.188 0.208 0.229 0.245 0.249 0.253 0.257 0.261 0.265 0.267 0.262 0.257 0.251 0.245 0.238 0.229 0.217 0.205 0.192 0.179 0.166 0.153 0.143 0.134 0.124 0.114 0.105 0.096 0.090 0.085 0.079 0.072 0.066 0.060 0.056 0.052 0.048 0.044 0.040 0.036 0.034 0.032 0.031 0.029 0.027 0.025 0.026 0.028 0.030 0.031
0.000 0.000 0.000 0.000 0.000 0.000 0.000 0.000 0.000 0.000 0.000 0.000 0.001 0.005 0.010 0.016 0.021 0.028 0.037 0.055 0.074 0.093 0.113 0.135 0.156 0.177 0.198 0.219 0.241 0.264 0.283 0.287 0.290 0.294 0.298 0.301 0.303 0.296 0.289 0.281 0.272 0.263 0.252 0.239 0.225 0.213 0.200 0.187 0.173 0.163 0.153 0.143 0.132 0.121 0.109 0.102 0.096 0.088 0.081 0.073 0.065 0.061 0.057 0.052 0.047 0.042 0.037 0.035 0.033 0.031 0.029 0.026 0.023 0.025 0.026 0.027 0.029
0.000 0.000 0.000 0.000 0.000 0.000 0.000 0.000 0.000 0.000 0.000 0.000 0.001 0.007 0.013 0.020 0.028 0.036 0.046 0.066 0.088 0.111 0.134 0.158 0.183 0.205 0.228 0.251 0.274 0.298 0.321 0.324 0.328 0.331 0.334 0.337 0.340 0.331 0.325 0.318 0.310 0.301 0.290 0.277 0.263 0.248 0.233 0.216 0.199 0.188 0.176 0.163 0.150 0.137 0.123 0.115 0.107 0.099 0.090 0.081 0.072 0.067 0.062 0.056 0.051 0.045 0.040 0.037 0.034 0.032 0.029 0.026 0.023 0.024 0.025 0.026 0.027
0.000 0.000 0.000 0.000 0.000 0.000 0.000 0.000 0.000 0.000 0.000 0.000 0.000 0.008 0.016 0.025 0.034 0.043 0.054 0.077 0.102 0.127 0.154 0.181 0.209 0.233 0.257 0.281 0.306 0.331 0.358 0.369 0.377 0.384 0.391 0.396 0.401 0.394 0.385 0.374 0.362 0.349 0.335 0.319 0.302 0.284 0.266 0.247 0.227 0.212 0.198 0.184 0.169 0.154 0.138 0.127 0.118 0.109 0.099 0.089 0.079 0.072 0.067 0.063 0.057 0.052 0.046 0.042 0.039 0.036 0.033 0.029 0.025 0.024 0.025 0.025 0.026
0.000 0.000 0.000 0.000 0.000 0.000 0.000 0.000 0.000 0.000 0.000 0.000 0.000 0.008 0.018 0.028 0.039 0.051 0.062 0.087 0.114 0.143 0.172 0.204 0.240 0.272 0.303 0.334 0.367 0.400 0.435 0.448 0.453 0.458 0.462 0.465 0.467 0.458 0.445 0.430 0.415 0.398 0.380 0.361 0.342 0.321 0.300 0.278 0.255 0.237 0.222 0.205 0.188 0.171 0.153 0.142 0.134 0.125 0.116 0.106 0.095 0.088 0.082 0.076 0.069 0.062 0.054 0.049 0.045 0.041 0.036 0.032 0.026 0.024 0.025 0.025 0.024
0.000 0.000 0.000 0.000 0.000 0.000 0.000 0.000 0.000 0.000 0.000 0.000 0.000 0.008 0.019 0.032 0.045 0.060 0.076 0.105 0.140 0.176 0.214 0.254 0.295 0.332 0.365 0.400 0.436 0.473 0.510 0.527 0.530 0.532 0.533 0.534 0.533 0.523 0.506 0.488 0.469 0.448 0.427 0.405 0.382 0.359 0.335 0.310 0.288 0.270 0.255 0.240 0.223 0.206 0.188 0.173 0.163 0.152 0.140 0.128 0.115 0.105 0.097 0.089 0.081 0.072 0.063 0.056 0.051 0.046 0.040 0.034 0.028 0.025 0.024 0.024 0.023
0.000 0.000 0.000 0.000 0.000 0.000 0.000 0.000 0.000 0.000 0.000 0.000 0.000 0.008 0.024 0.041 0.059 0.079 0.099 0.130 0.171 0.213 0.256 0.301 0.348 0.390 0.427 0.465 0.504 0.544 0.585 0.607 0.607 0.606 0.605 0.603 0.600 0.589 0.568 0.546 0.523 0.503 0.482 0.461 0.440 0.417 0.394 0.370 0.344 0.322 0.304 0.285 0.266 0.245 0.224 0.205 0.193 0.179 0.165 0.151 0.135 0.122 0.113 0.103 0.094 0.083 0.072 0.063 0.057 0.051 0.044 0.038 0.031 0.028 0.030 0.032 0.033
0.000 0.000 0.000 0.000 0.000 0.000 0.000 0.000 0.000 0.000 0.000 0.000 0.000 0.008 0.028 0.049 0.072 0.096 0.121 0.154 0.200 0.247 0.297 0.347 0.399 0.448 0.488 0.529 0.571 0.614 0.658 0.687 0.685 0.682 0.681 0.680 0.678 0.670 0.650 0.628 0.606 0.583 0.560 0.535 0.510 0.485 0.458 0.430 0.402 0.375 0.354 0.332 0.309 0.285 0.261 0.238 0.223 0.207 0.191 0.174 0.156 0.140 0.129 0.118 0.106 0.096 0.087 0.078 0.074 0.070 0.065 0.059 0.053 0.047 0.048 0.049 0.050
0.000 0.000 0.000 0.000 0.000 0.000 0.000 0.000 0.000 0.000 0.000 0.000 0.000 0.006 0.030 0.056 0.083 0.111 0.141 0.176 0.227 0.280 0.335 0.391 0.449 0.505 0.550 0.597 0.645 0.693 0.741 0.780 0.779 0.777 0.774 0.772 0.768 0.762 0.738 0.714 0.689 0.664 0.637 0.610 0.582 0.553 0.523 0.492 0.460 0.429 0.404 0.379 0.353 0.326 0.298 0.271 0.254 0.236 0.219 0.205 0.190 0.174 0.166 0.156 0.146 0.135 0.123 0.111 0.105 0.098 0.091 0.083 0.075 0.067 0.067 0.067 0.067
0.000 0.000 0.000 0.000 0.000 0.000 0.000 0.000 0.000 0.000 0.000 0.000 0.000 0.003 0.032 0.062 0.093 0.126 0.159 0.198 0.259 0.322 0.386 0.452 0.520 0.588 0.637 0.685 0.733 0.782 0.831 0.878 0.875 0.872 0.868 0.864 0.859 0.854 0.828 0.801 0.773 0.745 0.716 0.686 0.655 0.622 0.589 0.555 0.519 0.483 0.456 0.431 0.407 0.383 0.358 0.333 0.318 0.302 0.285 0.267 0.248 0.228 0.215 0.203 0.190 0.175 0.160 0.144 0.135 0.127 0.118 0.108 0.098 0.087 0.086 0.085 0.085
0.000 0.000 0.000 0.000 0.000 0.000 0.000 0.000 0.000 0.000 0.000 0.000 0.001 0.002 0.035 0.073 0.113 0.155 0.199 0.246 0.312 0.380 0.451 0.523 0.596 0.672 0.723 0.772 0.821 0.871 0.920 0.970 0.971 0.967 0.962 0.956 0.950 0.944 0.918 0.888 0.858 0.827 0.795 0.763 0.731 0.700 0.669 0.637 0.605 0.572 0.546 0.521 0.495 0.468 0.441 0.413 0.392 0.372 0.352 0.330 0.307 0.283 0.266 0.250 0.234 0.216 0.198 0.179 0.167 0.156 0.145 0.133 0.121 0.108 0.105 0.104 0.110
0.000 0.000 0.000 0.000 0.000 0.000 0.000 0.000 0.000 0.001 0.002 0.004 0.006 0.008 0.043 0.088 0.136 0.186 0.238 0.293 0.362 0.437 0.513 0.591 0.671 0.752 0.809 0.859 0.909 0.959 1.009 1.060 1.068 1.062 1.056 1.049 1.041 1.036 1.014 0.986 0.957 0.928 0.899 0.869 0.838 0.805 0.772 0.738 0.704 0.669 0.640 0.612 0.583 0.554 0.524 0.493 0.467 0.444 0.419 0.394 0.367 0.339 0.317 0.299 0.279 0.258 0.237 0.214 0.199 0.194 0.192 0.189 0.186 0.183 0.188 0.198 0.209
0.000 0.000 0.000 0.000 0.000 0.000 0.000 0.000 0.001 0.003 0.005 0.008 0.010 0.013 0.048 0.101 0.157 0.215 0.275 0.337 0.410 0.491 0.573 0.657 0.743 0.831 0.895 0.946 0.996 1.047 1.100 1.152 1.170 1.165 1.160 1.155 1.151 1.146 1.126 1.097 1.068 1.038 1.008 0.977 0.945 0.910 0.875 0.840 0.803 0.767 0.734 0.703 0.672 0.640 0.607 0.574 0.544 0.516 0.488 0.458 0.428 0.396 0.379 0.367 0.354 0.340 0.325 0.310 0.301 0.298 0.294 0.290 0.286 0.282 0.285 0.296 0.306
0.000 0.000 0.000 0.000 0.000 0.000 0.000 0.000 0.001 0.004 0.007 0.011 0.015 0.019 0.051 0.112 0.175 0.241 0.309 0.379 0.457 0.544 0.633 0.725 0.819 0.914 0.989 1.042 1.094 1.147 1.200 1.253 1.279 1.274 1.269 1.265 1.260 1.255 1.239 1.209 1.178 1.147 1.116 1.085 1.052 1.015 0.979 0.941 0.903 0.865 0.829 0.796 0.762 0.727 0.692 0.663 0.637 0.615 0.592 0.569 0.545 0.521 0.500 0.485 0.470 0.453 0.436 0.418 0.405 0.401 0.396 0.392 0.387 0.381 0.382 0.393 0.404
0.000 0.000 0.000 0.000 0.000 0.000 0.000 0.000 0.001 0.005 0.010 0.014 0.019 0.024 0.051 0.120 0.193 0.270 0.350 0.434 0.523 0.617 0.712 0.808 0.906 1.004 1.088 1.141 1.194 1.247 1.300 1.353 1.388 1.383 1.378 1.374 1.369 1.364 1.351 1.320 1.289 1.257 1.225 1.193 1.159 1.121 1.083 1.044 1.006 0.970 0.937 0.908 0.879 0.851 0.823 0.796 0.770 0.746 0.722 0.697 0.672 0.646 0.622 0.605 0.586 0.567 0.547 0.526 0.509 0.504 0.499 0.493 0.487 0.481 0.479 0.490 0.502
0.000 0.000 0.000 0.000 0.000 0.000 0.000 0.000 0.001 0.006 0.011 0.017 0.023 0.029 0.050 0.132 0.217 0.306 0.399 0.495 0.594 0.692 0.790 0.890 0.991 1.093 1.187 1.240 1.293 1.346 1.400 1.453 1.496 1.492 1.487 1.482 1.478 1.473 1.464 1.432 1.399 1.364 1.330 1.296 1.262 1.225 1.190 1.155 1.122 1.090 1.060 1.032 1.006 0.979 0.954 0.928 0.904 0.878 0.852 0.826 0.799 0.771 0.745 0.724 0.703 0.681 0.659 0.635 0.614 0.608 0.601 0.595 0.589 0.589 0.591 0.609 0.628
0.000 0.000 0.000 0.000 0.000 0.000 0.000 0.000 0.000 0.006 0.013 0.019 0.026 0.033 0.045 0.139 0.237 0.339 0.444 0.552 0.664 0.765 0.867 0.971 1.075 1.181 1.285 1.339 1.392 1.445 1.499 1.553 1.604 1.597 1.588 1.579 1.572 1.565 1.558 1.524 1.491 1.457 1.424 1.392 1.360 1.327 1.296 1.266 1.237 1.209 1.182 1.157 1.132 1.107 1.083 1.060 1.037 1.010 0.982 0.954 0.926 0.897 0.868 0.845 0.821 0.798 0.777 0.756 0.735 0.735 0.734 0.735 0.735 0.736 0.737 0.756 0.776
0.000 0.000 0.000 0.000 0.000 0.000 0.000 0.000 0.000 0.006 0.014 0.021 0.029 0.037 0.046 0.143 0.253 0.367 0.485 0.606 0.730 0.837 0.943 1.050 1.158 1.267 1.371 1.422 1.469 1.517 1.566 1.616 1.668 1.667 1.661 1.655 1.650 1.646 1.643 1.614 1.582 1.550 1.518 1.487 1.457 1.428 1.401 1.375 1.350 1.326 1.303 1.280 1.257 1.234 1.212 1.191 1.170 1.142 1.113 1.084 1.055 1.028 1.002 0.980 0.960 0.939 0.919 0.899 0.879 0.877 0.878 0.879 0.880 0.882 0.884 0.902 0.923
0.000 0.000 0.000 0.000 0.000 0.000 0.000 0.000 0.000 0.006 0.014 0.023 0.032 0.041 0.051 0.143 0.266 0.392 0.522 0.651 0.780 0.889 0.989 1.090 1.191 1.293 1.394 1.457 1.508 1.560 1.614 1.669 1.725 1.736 1.733 1.730 1.728 1.726 1.726 1.703 1.672 1.642 1.612 1.582 1.553 1.527 1.504 1.482 1.461 1.442 1.423 1.401 1.377 1.354 1.331 1.310 1.290 1.265 1.238 1.212 1.187 1.164 1.141 1.120 1.100 1.081 1.061 1.042 1.023 1.019 1.021 1.023 1.026 1.028 1.031 1.048 1.069
0.000 0.000 0.000 0.000 0.000 0.000 0.000 0.000 0.000 0.006 0.015 0.025 0.035 0.046 0.057 0.139 0.268 0.398 0.529 0.661 0.795 0.909 1.010 1.112 1.213 1.315 1.416 1.490 1.545 1.602 1.660 1.720 1.780 1.804 1.803 1.803 1.804 1.806 1.808 1.792 1.762 1.733 1.705 1.676 1.649 1.625 1.604 1.584 1.563 1.542 1.521 1.500 1.479 1.459 1.441 1.423 1.406 1.385 1.362 1.340 1.318 1.298 1.279 1.260 1.241 1.222 1.203 1.185 1.166 1.160 1.163 1.167 1.170 1.174 1.178 1.193 1.211
0.000 0.000 0.000 0.000 0.000 0.000 0.000 0.000 0.000 0.005 0.016 0.028 0.040 0.052 0.065 0.132 0.265 0.399 0.534 0.671 0.808 0.930 1.031 1.133 1.235 1.337 1.439 1.522 1.582 1.643 1.706 1.770 1.835 1.872 1.873 1.876 1.880 1.882 1.885 1.874 1.845 1.818 1.792 1.767 1.743 1.722 1.701 1.680 1.659 1.638 1.617 1.597 1.580 1.564 1.548 1.534 1.521 1.505 1.485 1.466 1.448 1.431 1.416 1.399 1.381 1.362 1.344 1.327 1.309 1.297 1.292 1.285 1.278 1.271 1.263 1.263 1.272
0.000 0.000 0.000 0.000 0.000 0.000 0.000 0.000 0.000 0.004 0.017 0.030 0.044 0.058 0.073 0.125 0.261 0.399 0.538 0.679 0.820 0.950 1.052 1.154 1.256 1.359 1.461 1.552 1.616 1.682 1.741 1.803 1.868 1.916 1.918 1.922 1.928 1.936 1.946 1.946 1.922 1.899 1.877 1.856 1.837 1.818 1.797 1.776 1.755 1.734 1.713 1.694 1.680 1.667 1.655 1.644 1.634 1.623 1.607 1.591 1.577 1.564 1.546 1.524 1.497 1.470 1.444 1.418 1.392 1.373 1.365 1.357 1.348 1.339 1.330 1.325 1.333
0.000 0.000 0.000 0.000 0.000 0.000 0.000 0.000 0.000 0.002 0.017 0.032 0.047 0.063 0.080 0.116 0.256 0.398 0.541 0.685 0.831 0.970 1.071 1.160 1.250 1.341 1.433 1.522 1.586 1.652 1.722 1.796 1.872 1.940 1.949 1.960 1.973 1.988 2.005 2.017 1.997 1.978 1.961 1.944 1.929 1.914 1.893 1.872 1.851 1.830 1.808 1.789 1.779 1.769 1.761 1.748 1.734 1.717 1.695 1.674 1.654 1.635 1.616 1.597 1.571 1.545 1.520 1.495 1.470 1.448 1.439 1.429 1.419 1.408 1.397 1.388 1.395
0.000 0.000 0.000 0.000 0.000 0.000 0.000 0.000 0.000 0.000 0.016 0.033 0.050 0.068 0.086 0.105 0.245 0.382 0.516 0.646 0.772 0.895 0.987 1.080 1.175 1.270 1.367 1.465 1.540 1.619 1.700 1.785 1.873 1.962 1.978 1.996 2.016 2.038 2.062 2.087 2.071 2.057 2.043 2.031 2.020 2.010 1.989 1.968 1.942 1.915 1.888 1.862 1.847 1.832 1.817 1.802 1.788 1.772 1.753 1.735 1.718 1.701 1.685 1.670 1.645 1.620 1.595 1.571 1.547 1.524 1.513 1.502 1.489 1.477 1.464 1.451 1.456
0.000 0.000 0.000 0.000 0.000 0.000 0.000 0.000 0.000 0.000 0.015 0.032 0.050 0.067 0.085 0.102 0.214 0.339 0.460 0.578 0.692 0.803 0.901 0.999 1.098 1.199 1.300 1.403 1.492 1.581 1.674 1.770 1.870 1.972 2.005 2.030 2.057 2.086 2.117 2.150 2.144 2.126 2.110 2.095 2.082 2.071 2.046 2.019 1.993 1.967 1.942 1.917 1.901 1.886 1.871 1.856 1.841 1.827 1.811 1.795 1.780 1.767 1.754 1.741 1.718 1.694 1.671 1.647 1.624 1.601 1.588 1.574 1.561 1.544 1.522 1.500 1.495
0.000 0.000 0.000 0.000 0.000 0.000 0.000 0.000 0.000 0.000 0.012 0.030 0.047 0.064 0.082 0.099 0.186 0.299 0.408 0.514 0.616 0.715 0.815 0.917 1.021 1.125 1.232 1.339 1.440 1.541 1.645 1.753 1.863 1.977 2.019 2.041 2.065 2.093 2.124 2.158 2.157 2.145 2.134 2.126 2.119 2.114 2.094 2.069 2.044 2.019 1.995 1.972 1.955 1.940 1.925 1.910 1.895 1.881 1.867 1.854 1.842 1.831 1.821 1.812 1.791 1.768 1.743 1.713 1.684 1.655 1.632 1.610 1.588 1.565 1.542 1.518 1.508
0.000 0.000 0.000 0.000 0.000 0.000 0.000 0.000 0.000 0.000 0.009 0.027 0.044 0.062 0.079 0.097 0.162 0.262 0.359 0.453 0.544 0.630 0.727 0.834 0.942 1.051 1.161 1.267 1.370 1.473 1.577 1.683 1.790 1.899 1.962 1.994 2.029 2.067 2.109 2.153 2.167 2.161 2.157 2.155 2.154 2.155 2.142 2.118 2.094 2.071 2.048 2.026 2.008 1.994 1.979 1.964 1.949 1.934 1.922 1.910 1.895 1.881 1.867 1.853 1.829 1.800 1.771 1.743 1.714 1.685 1.660 1.636 1.612 1.587 1.562 1.536 1.522
0.000 0.000 0.000 0.000 0.000 0.000 0.000 0.000 0.000 0.000 0.007 0.024 0.042 0.059 0.076 0.094 0.141 0.230 0.315 0.396 0.475 0.552 0.640 0.747 0.853 0.957 1.060 1.162 1.266 1.373 1.483 1.594 1.706 1.819 1.901 1.944 1.990 2.039 2.090 2.145 2.176 2.176 2.178 2.182 2.188 2.195 2.189 2.167 2.144 2.122 2.101 2.080 2.060 2.043 2.024 2.005 1.985 1.965 1.947 1.933 1.919 1.906 1.892 1.879 1.858 1.829 1.800 1.772 1.743 1.715 1.688 1.662 1.636 1.610 1.582 1.555 1.536
0.000 0.000 0.000 0.000 0.000 0.000 0.000 0.000 0.000 0.000 0.004 0.022 0.039 0.055 0.070 0.085 0.116 0.194 0.270 0.343 0.413 0.481 0.558 0.660 0.762 0.862 0.961 1.058 1.159 1.272 1.387 1.503 1.620 1.739 1.838 1.891 1.948 2.007 2.069 2.134 2.183 2.189 2.197 2.208 2.219 2.233 2.237 2.215 2.192 2.169 2.145 2.121 2.098 2.077 2.056 2.035 2.013 1.990 1.970 1.956 1.943 1.930 1.917 1.904 1.886 1.857 1.829 1.801 1.772 1.744 1.716 1.689 1.661 1.632 1.603 1.574 1.551
0.000 0.000 0.000 0.000 0.000 0.000 0.000 0.000 0.000 0.000 0.001 0.017 0.031 0.045 0.059 0.072 0.090 0.159 0.226 0.291 0.354 0.413 0.476 0.575 0.672 0.768 0.863 0.956 1.052 1.170 1.289 1.410 1.533 1.656 1.772 1.835 1.902 1.972 2.044 2.119 2.185 2.197 2.213 2.230 2.250 2.273 2.288 2.264 2.239 2.214 2.188 2.162 2.136 2.113 2.089 2.065 2.041 2.015 1.992 1.979 1.967 1.954 1.942 1.930 1.914 1.886 1.858 1.829 1.801 1.773 1.744 1.707 1.669 1.630 1.589 1.547 1.507
0.000 0.000 0.000 0.000 0.000 0.000 0.000 0.000 0.000 0.000 0.000 0.012 0.025 0.037 0.048 0.058 0.068 0.127 0.186 0.242 0.296 0.348 0.397 0.490 0.583 0.675 0.766 0.855 0.943 1.066 1.191 1.319 1.448 1.577 1.706 1.780 1.856 1.934 2.014 2.097 2.180 2.201 2.225 2.251 2.279 2.310 2.340 2.314 2.287 2.260 2.232 2.203 2.174 2.149 2.123 2.097 2.069 2.041 2.014 2.002 1.990 1.978 1.967 1.954 1.937 1.905 1.871 1.837 1.802 1.766 1.728 1.687 1.643 1.598 1.552 1.504 1.457
0.000 0.000 0.000 0.000 0.000 0.000 0.000 0.000 0.000 0.000 0.000 0.009 0.019 0.028 0.037 0.046 0.054 0.098 0.148 0.196 0.242 0.285 0.326 0.408 0.501 0.592 0.682 0.771 0.858 0.980 1.110 1.240 1.371 1.503 1.635 1.724 1.808 1.894 1.982 2.072 2.165 2.202 2.234 2.269 2.305 2.344 2.386 2.364 2.335 2.306 2.276 2.245 2.214 2.186 2.157 2.128 2.100 2.071 2.039 2.025 2.011 1.995 1.978 1.959 1.940 1.905 1.868 1.831 1.793 1.754 1.715 1.667 1.619 1.568 1.516 1.463 1.408
