DATA/SHG/CPC/2018/20180530.asc
ncols        190
nrows        64
xllcorner    -5100000.000000000000
yllcorner    4130000.000000000000
cellsize     10000.000000000000
NODATA_value  -99999.000
[rows 0 to 32 of 64, columns 0 to 75 of 190]
0.000 0.000 0.000 0.001 0.002 0.003 0.010 0.017 0.025 0.032 0.040 0.048 0.054 0.059 0.065 0.071 0.078 0.084 0.097 0.114 0.131 0.149 0.167 0.186 0.205 0.224 0.243 0.261 0.279 0.296 0.310 0.322 0.333 0.342 0.351 0.360 0.377 0.399 0.420 0.442 0.463 0.483 0.497 0.506 0.515 0.524 0.533 0.542 0.551 0.560 0.570 0.579 0.589 0.598 0.610 0.622 0.635 0.648 0.661 0.673 0.683 0.690 0.696 0.702 0.708 0.713 0.718 0.722 0.726 0.729 0.733 0.737 0.741 0.748 0.755 0.762
0.004 0.005 0.007 0.009 0.011 0.013 0.019 0.027 0.034 0.042 0.050 0.058 0.065 0.072 0.078 0.085 0.092 0.099 0.113 0.131 0.151 0.170 0.191 0.212 0.232 0.249 0.267 0.284 0.302 0.320 0.334 0.344 0.353 0.361 0.367 0.373 0.385 0.406 0.426 0.446 0.466 0.485 0.500 0.509 0.518 0.527 0.537 0.546 0.556 0.565 0.575 0.585 0.595 0.605 0.616 0.629 0.642 0.654 0.667 0.678 0.687 0.690 0.693 0.696 0.698 0.700 0.703 0.706 0.710 0.713 0.716 0.719 0.723 0.730 0.737 0.744
0.009 0.012 0.014 0.017 0.019 0.023 0.028 0.036 0.044 0.052 0.061 0.069 0.077 0.084 0.091 0.099 0.107 0.114 0.128 0.148 0.170 0.194 0.218 0.242 0.264 0.282 0.300 0.318 0.335 0.353 0.366 0.373 0.378 0.382 0.385 0.387 0.394 0.413 0.432 0.451 0.469 0.488 0.503 0.512 0.522 0.531 0.541 0.550 0.560 0.570 0.580 0.591 0.601 0.612 0.622 0.634 0.644 0.654 0.663 0.671 0.678 0.680 0.683 0.684 0.686 0.687 0.688 0.691 0.694 0.697 0.700 0.702 0.705 0.712 0.718 0.725
0.015 0.018 0.021 0.024 0.028 0.032 0.037 0.046 0.054 0.063 0.071 0.080 0.088 0.097 0.107 0.118 0.130 0.142 0.157 0.181 0.205 0.229 0.253 0.277 0.300 0.318 0.335 0.352 0.369 0.385 0.399 0.402 0.403 0.404 0.403 0.402 0.403 0.421 0.439 0.456 0.473 0.490 0.506 0.515 0.525 0.536 0.547 0.557 0.568 0.578 0.589 0.599 0.609 0.619 0.628 0.637 0.645 0.652 0.659 0.665 0.670 0.671 0.672 0.673 0.674 0.674 0.674 0.676 0.679 0.681 0.683 0.685 0.687 0.694 0.700 0.706
0.020 0.023 0.027 0.032 0.036 0.041 0.047 0.057 0.068 0.078 0.089 0.099 0.110 0.122 0.134 0.148 0.161 0.176 0.192 0.216 0.240 0.264 0.288 0.313 0.336 0.353 0.370 0.386 0.402 0.418 0.433 0.432 0.430 0.427 0.423 0.418 0.412 0.429 0.449 0.467 0.485 0.502 0.518 0.529 0.539 0.549 0.559 0.569 0.578 0.588 0.598 0.608 0.617 0.626 0.635 0.641 0.647 0.652 0.656 0.659 0.662 0.662 0.662 0.662 0.662 0.661 0.660 0.661 0.663 0.666 0.671 0.674 0.677 0.684 0.691 0.697
0.026 0.031 0.037 0.044 0.051 0.058 0.067 0.077 0.088 0.099 0.109 0.120 0.132 0.146 0.161 0.176 0.192 0.209 0.226 0.250 0.275 0.299 0.323 0.348 0.372 0.389 0.405 0.420 0.436 0.451 0.467 0.466 0.463 0.460 0.456 0.452 0.447 0.462 0.478 0.493 0.508 0.521 0.534 0.544 0.553 0.563 0.572 0.581 0.589 0.598 0.607 0.616 0.625 0.633 0.642 0.646 0.649 0.652 0.653 0.654 0.654 0.654 0.655 0.657 0.659 0.660 0.662 0.665 0.668 0.670 0.672 0.674 0.674 0.679 0.685 0.690
0.034 0.041 0.049 0.057 0.066 0.076 0.086 0.097 0.108 0.119 0.130 0.142 0.153 0.169 0.186 0.204 0.222 0.241 0.261 0.285 0.309 0.334 0.358 0.384 0.411 0.431 0.448 0.465 0.481 0.497 0.512 0.513 0.508 0.503 0.498 0.493 0.487 0.495 0.508 0.520 0.531 0.541 0.550 0.559 0.568 0.576 0.585 0.593 0.601 0.609 0.617 0.625 0.633 0.641 0.648 0.653 0.657 0.660 0.663 0.666 0.668 0.670 0.671 0.672 0.673 0.673 0.673 0.674 0.675 0.675 0.675 0.674 0.673 0.674 0.679 0.683
0.042 0.051 0.060 0.071 0.081 0.093 0.104 0.116 0.127 0.139 0.151 0.163 0.175 0.191 0.211 0.231 0.253 0.276 0.300 0.326 0.353 0.381 0.408 0.436 0.464 0.484 0.500 0.515 0.529 0.544 0.558 0.559 0.554 0.548 0.541 0.534 0.527 0.530 0.539 0.548 0.555 0.562 0.568 0.575 0.583 0.590 0.598 0.605 0.613 0.622 0.631 0.641 0.650 0.660 0.671 0.677 0.679 0.682 0.684 0.685 0.687 0.688 0.688 0.688 0.687 0.686 0.685 0.684 0.682 0.681 0.678 0.675 0.671 0.670 0.673 0.676
0.051 0.060 0.071 0.083 0.096 0.109 0.122 0.135 0.147 0.161 0.175 0.189 0.202 0.221 0.244 0.269 0.294 0.320 0.347 0.374 0.402 0.430 0.459 0.487 0.516 0.538 0.552 0.565 0.579 0.591 0.604 0.607 0.599 0.592 0.584 0.576 0.567 0.565 0.571 0.576 0.581 0.586 0.592 0.600 0.609 0.616 0.623 0.629 0.634 0.641 0.651 0.661 0.672 0.682 0.693 0.701 0.702 0.704 0.705 0.706 0.706 0.706 0.705 0.704 0.702 0.700 0.697 0.694 0.691 0.687 0.682 0.677 0.671 0.673 0.681 0.689
0.059 0.068 0.085 0.101 0.118 0.135 0.153 0.169 0.182 0.196 0.209 0.222 0.235 0.253 0.279 0.306 0.334 0.363 0.393 0.422 0.451 0.480 0.509 0.538 0.568 0.592 0.604 0.616 0.628 0.639 0.650 0.654 0.646 0.637 0.627 0.617 0.605 0.598 0.603 0.610 0.616 0.624 0.631 0.639 0.644 0.649 0.652 0.655 0.657 0.660 0.671 0.682 0.693 0.704 0.716 0.725 0.725 0.726 0.726 0.726 0.726 0.725 0.722 0.720 0.717 0.714 0.716 0.717 0.717 0.716 0.715 0.713 0.710 0.709 0.718 0.727
0.087 0.100 0.118 0.135 0.152 0.170 0.188 0.205 0.218 0.231 0.243 0.256 0.268 0.284 0.313 0.343 0.374 0.405 0.438 0.470 0.499 0.529 0.559 0.589 0.620 0.646 0.658 0.670 0.681 0.692 0.703 0.709 0.698 0.685 0.672 0.657 0.641 0.628 0.635 0.643 0.651 0.660 0.670 0.679 0.681 0.682 0.682 0.682 0.680 0.679 0.691 0.702 0.714 0.726 0.738 0.749 0.749 0.748 0.748 0.750 0.752 0.755 0.756 0.758 0.760 0.762 0.764 0.767 0.765 0.762 0.758 0.754 0.750 0.745 0.755 0.765
0.118 0.132 0.150 0.168 0.186 0.205 0.223 0.241 0.253 0.266 0.278 0.289 0.301 0.314 0.346 0.379 0.412 0.447 0.482 0.517 0.548 0.579 0.612 0.645 0.679 0.713 0.724 0.734 0.743 0.752 0.760 0.767 0.751 0.735 0.717 0.698 0.678 0.657 0.666 0.676 0.686 0.697 0.708 0.719 0.718 0.716 0.713 0.709 0.704 0.698 0.710 0.727 0.745 0.759 0.769 0.776 0.778 0.781 0.784 0.788 0.792 0.797 0.800 0.803 0.805 0.809 0.812 0.816 0.813 0.808 0.802 0.796 0.790 0.783 0.792 0.803
0.148 0.164 0.182 0.201 0.220 0.239 0.258 0.277 0.289 0.301 0.312 0.323 0.335 0.347 0.380 0.416 0.452 0.488 0.524 0.561 0.596 0.630 0.666 0.703 0.740 0.779 0.790 0.798 0.805 0.812 0.818 0.824 0.807 0.786 0.764 0.741 0.716 0.691 0.697 0.708 0.720 0.732 0.745 0.759 0.771 0.784 0.792 0.796 0.796 0.791 0.800 0.809 0.814 0.815 0.813 0.807 0.809 0.814 0.819 0.825 0.832 0.839 0.843 0.847 0.851 0.855 0.860 0.865 0.861 0.854 0.847 0.839 0.830 0.821 0.828 0.840
0.177 0.195 0.215 0.234 0.253 0.274 0.293 0.312 0.324 0.336 0.348 0.360 0.373 0.386 0.417 0.454 0.491 0.529 0.567 0.605 0.642 0.680 0.719 0.759 0.800 0.842 0.857 0.863 0.868 0.873 0.877 0.880 0.863 0.838 0.812 0.784 0.756 0.763 0.803 0.847 0.884 0.914 0.939 0.956 0.961 0.958 0.951 0.940 0.925 0.906 0.898 0.894 0.887 0.875 0.860 0.842 0.840 0.846 0.854 0.862 0.870 0.880 0.886 0.891 0.896 0.902 0.907 0.914 0.910 0.916 0.929 0.946 0.967 0.992 1.033 1.082
0.219 0.243 0.264 0.283 0.300 0.317 0.332 0.346 0.358 0.371 0.384 0.397 0.411 0.425 0.454 0.492 0.530 0.569 0.608 0.648 0.688 0.729 0.772 0.815 0.859 0.904 0.924 0.928 0.931 0.935 0.978 1.028 1.060 1.074 1.086 1.097 1.105 1.110 1.128 1.148 1.163 1.170 1.172 1.167 1.154 1.137 1.115 1.089 1.059 1.024 1.000 0.983 0.963 0.939 0.911 0.880 0.869 0.878 0.888 0.898 0.909 0.920 0.932 0.946 0.964 0.986 1.012 1.042 1.068 1.091 1.118 1.149 1.184 1.222 1.272 1.331
0.280 0.303 0.321 0.336 0.349 0.361 0.371 0.381 0.392 0.406 0.419 0.434 0.448 0.463 0.490 0.529 0.569 0.609 0.649 0.690 0.733 0.777 0.825 0.885 0.954 1.031 1.093 1.140 1.194 1.255 1.324 1.400 1.447 1.454 1.459 1.461 1.461 1.459 1.458 1.456 1.448 1.433 1.411 1.383 1.352 1.319 1.282 1.241 1.196 1.147 1.105 1.076 1.042 1.006 0.966 0.929 0.913 0.929 0.944 0.958 0.971 0.983 1.000 1.028 1.061 1.097 1.138 1.182 1.225 1.262 1.302 1.347 1.396 1.449 1.509 1.577
0.342 0.363 0.380 0.390 0.399 0.406 0.412 0.417 0.425 0.440 0.455 0.470 0.485 0.501 0.526 0.567 0.609 0.651 0.693 0.736 0.786 0.859 0.940 1.029 1.125 1.230 1.327 1.400 1.480 1.567 1.661 1.763 1.837 1.836 1.833 1.827 1.819 1.809 1.795 1.770 1.739 1.701 1.657 1.606 1.553 1.506 1.454 1.400 1.346 1.285 1.227 1.192 1.154 1.113 1.070 1.024 0.994 1.006 1.018 1.029 1.038 1.047 1.064 1.107 1.153 1.204 1.259 1.319 1.378 1.428 1.483 1.542 1.604 1.671 1.743 1.820
0.404 0.424 0.440 0.446 0.450 0.453 0.455 0.455 0.459 0.475 0.493 0.510 0.528 0.546 0.570 0.612 0.655 0.697 0.740 0.783 0.836 0.937 1.046 1.163 1.288 1.421 1.553 1.652 1.757 1.870 1.991 2.118 2.228 2.219 2.208 2.195 2.179 2.162 2.138 2.090 2.045 2.005 1.952 1.888 1.817 1.759 1.694 1.622 1.542 1.455 1.369 1.325 1.278 1.228 1.177 1.122 1.075 1.084 1.093 1.100 1.107 1.112 1.124 1.181 1.242 1.307 1.377 1.451 1.526 1.591 1.659 1.732 1.810 1.900 2.001 2.104
0.466 0.483 0.496 0.496 0.496 0.496 0.497 0.497 0.499 0.517 0.536 0.555 0.574 0.593 0.615 0.657 0.700 0.743 0.786 0.829 0.876 1.006 1.143 1.288 1.442 1.604 1.771 1.895 2.027 2.166 2.312 2.466 2.621 2.607 2.600 2.602 2.611 2.628 2.651 2.592 2.522 2.440 2.346 2.241 2.124 2.040 1.950 1.851 1.746 1.633 1.513 1.460 1.404 1.346 1.285 1.222 1.157 1.163 1.168 1.172 1.176 1.178 1.180 1.251 1.327 1.405 1.482 1.564 1.651 1.737 1.832 1.938 2.054 2.179 2.315 2.437
0.517 0.527 0.535 0.536 0.536 0.537 0.538 0.540 0.541 0.559 0.579 0.599 0.619 0.640 0.661 0.702 0.746 0.789 0.832 0.876 0.920 1.066 1.232 1.405 1.587 1.777 1.972 2.123 2.278 2.442 2.615 2.797 2.988 3.023 3.043 3.072 3.108 3.153 3.205 3.123 3.011 2.887 2.752 2.604 2.445 2.328 2.212 2.088 1.956 1.817 1.671 1.598 1.533 1.466 1.396 1.324 1.250 1.242 1.240 1.232 1.224 1.217 1.209 1.277 1.362 1.451 1.545 1.644 1.747 1.866 1.997 2.137 2.288 2.449 2.619 2.765
0.569 0.573 0.574 0.575 0.576 0.578 0.580 0.582 0.584 0.600 0.621 0.642 0.664 0.686 0.709 0.747 0.791 0.835 0.878 0.927 0.978 1.132 1.323 1.518 1.718 1.921 2.129 2.315 2.502 2.698 2.903 3.117 3.340 3.430 3.478 3.534 3.597 3.669 3.748 3.664 3.511 3.346 3.168 2.980 2.779 2.624 2.481 2.331 2.174 2.009 1.837 1.736 1.658 1.574 1.484 1.388 1.288 1.254 1.246 1.239 1.232 1.225 1.218 1.287 1.388 1.493 1.604 1.718 1.838 1.986 2.151 2.327 2.512 2.708 2.914 3.088
0.624 0.620 0.615 0.614 0.616 0.618 0.621 0.623 0.626 0.640 0.663 0.685 0.707 0.730 0.755 0.794 0.844 0.897 0.952 1.009 1.068 1.214 1.419 1.629 1.842 2.060 2.281 2.498 2.717 2.944 3.181 3.427 3.682 3.828 3.903 3.986 4.077 4.176 4.283 4.217 4.022 3.815 3.597 3.366 3.142 2.968 2.811 2.638 2.446 2.238 2.013 1.861 1.762 1.659 1.549 1.434 1.314 1.259 1.252 1.245 1.239 1.233 1.227 1.292 1.409 1.531 1.657 1.789 1.924 2.095 2.296 2.506 2.727 2.958 3.198 3.405
0.680 0.670 0.659 0.653 0.655 0.656 0.656 0.656 0.655 0.665 0.689 0.714 0.741 0.769 0.799 0.841 0.899 0.960 1.023 1.088 1.155 1.291 1.511 1.734 1.962 2.194 2.430 2.671 2.921 3.181 3.449 3.727 4.013 4.218 4.320 4.431 4.549 4.691 4.839 4.826 4.614 4.395 4.168 3.933 3.691 3.463 3.246 3.011 2.760 2.491 2.205 1.990 1.873 1.749 1.620 1.485 1.345 1.264 1.258 1.252 1.246 1.241 1.235 1.292 1.426 1.564 1.707 1.854 2.006 2.182 2.383 2.589 2.800 3.016 3.237 3.427
0.735 0.717 0.696 0.681 0.680 0.680 0.679 0.678 0.676 0.683 0.712 0.742 0.774 0.807 0.841 0.886 0.952 1.021 1.091 1.165 1.240 1.364 1.598 1.836 2.078 2.323 2.573 2.834 3.116 3.407 3.743 4.088 4.442 4.736 4.884 5.032 5.181 5.331 5.482 5.514 5.275 5.029 4.776 4.515 4.246 3.974 3.697 3.402 3.090 2.761 2.415 2.126 1.988 1.845 1.696 1.542 1.382 1.268 1.263 1.258 1.253 1.248 1.235 1.261 1.389 1.516 1.644 1.771 1.900 2.056 2.275 2.498 2.726 2.959 3.197 3.414
0.788 0.762 0.734 0.707 0.706 0.704 0.702 0.700 0.697 0.699 0.733 0.768 0.805 0.843 0.882 0.928 1.002 1.079 1.157 1.239 1.322 1.433 1.684 1.964 2.254 2.553 2.862 3.184 3.534 3.891 4.257 4.631 5.012 5.362 5.512 5.664 5.816 5.969 6.123 6.208 5.943 5.670 5.391 5.103 4.808 4.502 4.164 3.809 3.437 3.048 2.641 2.267 2.109 1.947 1.778 1.603 1.417 1.254 1.236 1.215 1.192 1.165 1.136 1.133 1.261 1.390 1.519 1.647 1.777 1.926 2.161 2.402 2.648 2.898 3.153 3.398
0.844 0.810 0.774 0.735 0.732 0.729 0.726 0.722 0.718 0.714 0.753 0.793 0.834 0.877 0.921 0.969 1.063 1.164 1.271 1.386 1.507 1.637 1.942 2.255 2.578 2.911 3.253 3.605 3.983 4.368 4.762 5.164 5.574 5.986 6.139 6.294 6.449 6.605 6.762 6.909 6.617 6.318 6.012 5.699 5.377 5.047 4.649 4.233 3.805 3.363 2.907 2.448 2.268 2.076 1.874 1.660 1.435 1.209 1.181 1.150 1.116 1.079 1.039 1.005 1.134 1.264 1.393 1.523 1.654 1.791 2.044 2.302 2.564 2.832 3.105 3.377
0.903 0.860 0.816 0.769 0.758 0.754 0.750 0.745 0.741 0.738 0.779 0.831 0.886 0.944 1.006 1.071 1.182 1.307 1.439 1.577 1.723 1.876 2.189 2.536 2.892 3.258 3.633 4.018 4.422 4.836 5.258 5.688 6.126 6.572 6.764 6.922 7.080 7.240 7.400 7.561 7.298 6.959 6.618 6.278 5.938 5.599 5.161 4.697 4.220 3.728 3.222 2.702 2.452 2.221 1.980 1.728 1.464 1.190 1.129 1.088 1.043 0.996 0.946 0.892 1.007 1.137 1.268 1.399 1.530 1.662 1.922 2.197 2.477 2.755 3.023 3.286
0.963 0.919 0.870 0.813 0.791 0.788 0.786 0.783 0.781 0.779 0.820 0.883 0.950 1.019 1.092 1.169 1.293 1.442 1.598 1.762 1.932 2.109 2.426 2.806 3.196 3.595 4.003 4.421 4.853 5.295 5.745 6.203 6.669 7.140 7.327 7.442 7.572 7.716 7.874 8.047 7.841 7.502 7.163 6.824 6.486 6.149 5.689 5.176 4.649 4.107 3.552 2.982 2.646 2.377 2.098 1.807 1.504 1.191 1.080 1.028 0.974 0.916 0.855 0.791 0.879 1.011 1.145 1.280 1.413 1.546 1.786 2.052 2.313 2.571 2.824 3.074
1.115 1.044 0.965 0.876 0.830 0.827 0.825 0.823 0.821 0.819 0.858 0.932 1.010 1.091 1.175 1.263 1.396 1.570 1.750 1.938 2.132 2.334 2.653 3.066 3.489 3.921 4.354 4.749 5.147 5.555 5.970 6.391 6.818 7.251 7.522 7.687 7.867 8.061 8.269 8.491 8.381 8.043 7.706 7.370 7.033 6.698 6.231 5.668 5.091 4.500 3.895 3.275 2.852 2.544 2.226 1.896 1.555 1.204 1.034 0.979 0.924 0.863 0.796 0.724 0.784 0.917 1.049 1.180 1.309 1.437 1.648 1.900 2.147 2.391 2.630 2.865
1.282 1.180 1.069 0.948 0.869 0.867 0.865 0.863 0.861 0.860 0.891 0.977 1.067 1.159 1.255 1.353 1.492 1.690 1.895 2.111 2.334 2.550 2.842 3.241 3.632 4.015 4.388 4.754 5.141 5.572 6.008 6.451 6.900 7.356 7.702 7.918 8.147 8.390 8.648 8.920 8.920 8.584 8.249 7.914 7.579 7.246 6.786 6.174 5.547 4.907 4.252 3.583 3.097 2.784 2.450 2.095 1.719 1.321 1.080 1.011 0.936 0.856 0.771 0.679 0.699 0.827 0.955 1.081 1.206 1.330 1.514 1.752 1.985 2.214 2.439 2.660
1.459 1.325 1.183 1.031 0.907 0.906 0.904 0.902 0.901 0.900 0.922 1.019 1.143 1.292 1.437 1.578 1.738 1.958 2.170 2.376 2.575 2.767 3.004 3.373 3.735 4.087 4.431 4.767 5.129 5.582 6.040 6.505 6.976 7.453 7.868 8.133 8.412 8.705 9.012 9.334 9.458 9.123 8.790 8.457 8.124 7.865 7.513 6.917 6.291 5.637 4.953 4.240 3.628 3.241 2.833 2.404 1.953 1.481 1.137 1.048 0.955 0.855 0.750 0.640 0.614 0.739 0.862 0.984 1.105 1.224 1.385 1.608 1.827 2.042 2.253 2.460
1.645 1.480 1.306 1.123 0.946 0.970 1.017 1.070 1.130 1.197 1.278 1.421 1.560 1.695 1.825 1.952 2.083 2.278 2.467 2.648 2.823 2.990 3.174 3.514 3.846 4.168 4.483 4.789 5.111 5.585 6.065 6.552 7.045 7.544 8.018 8.333 8.662 9.004 9.439 9.905 10.268 10.027 9.784 9.541 9.296 9.051 8.723 8.025 7.297 6.541 5.755 4.940 4.180 3.718 3.236 2.733 2.208 1.662 1.199 1.091 0.978 0.859 0.735 0.605 0.531 0.652 0.771 0.888 1.005 1.120 1.266 1.501 1.721 1.925 2.114 2.288
1.987 1.830 1.657 1.469 1.264 1.306 1.377 1.454 1.539 1.630 1.729 1.855 1.980 2.101 2.217 2.329 2.438 2.606 2.770 2.927 3.078 3.221 3.358 3.663 3.965 4.258 4.543 4.819 5.087 5.582 6.087 6.650 7.224 7.808 8.399 8.852 9.330 9.833 10.362 10.916 11.471 11.226 10.980 10.733 10.485 10.236 9.961 9.161 8.332 7.473 6.585 5.669 4.751 4.216 3.660 3.082 2.483 1.863 1.266 1.140 1.007 0.869 0.726 0.599 0.532 0.699 0.855 1.000 1.135 1.258 1.381 1.563 1.730 1.881 2.018 2.139
