DATA/SHG/CPC/2018/20180531.asc
ncols        190
nrows        64
xllcorner    -5100000.000000000000
yllcorner    4130000.000000000000
cellsize     10000.000000000000
NODATA_value  -99999.000
[rows 0 to 33 of 64, columns 75 to 149 of 190]
0.025 0.024 0.024 0.024 0.027 0.029 0.031 0.033 0.035 0.037 0.041 0.044 0.046 0.048 0.050 0.055 0.071 0.087 0.102 0.117 0.132 0.159 0.231 0.304 0.379 0.455 0.531 0.622 0.762 0.902 1.042 1.183 1.324 1.457 1.562 1.666 1.771 1.874 1.978 2.069 2.122 2.175 2.228 2.280 2.331 2.392 2.483 2.574 2.666 2.759 2.852 2.959 3.107 3.252 3.395 3.535 3.673 3.785 3.828 3.871 3.913 3.955 3.996 4.022 4.000 3.972 3.943 3.914 3.884 3.879 3.941 4.001 4.057 4.111 4.161
0.025 0.024 0.024 0.024 0.026 0.028 0.030 0.032 0.034 0.036 0.037 0.039 0.040 0.040 0.040 0.042 0.059 0.077 0.094 0.110 0.127 0.149 0.225 0.301 0.378 0.454 0.531 0.615 0.756 0.898 1.039 1.181 1.324 1.462 1.565 1.668 1.770 1.872 1.974 2.069 2.121 2.172 2.222 2.272 2.321 2.376 2.469 2.563 2.657 2.752 2.847 2.948 3.085 3.219 3.351 3.475 3.592 3.693 3.722 3.748 3.772 3.794 3.815 3.826 3.796 3.766 3.735 3.704 3.672 3.653 3.701 3.747 3.789 3.829 3.865
0.025 0.025 0.024 0.023 0.025 0.027 0.029 0.030 0.032 0.036 0.039 0.042 0.045 0.047 0.050 0.052 0.068 0.084 0.100 0.116 0.131 0.146 0.222 0.299 0.376 0.453 0.531 0.609 0.750 0.893 1.036 1.179 1.323 1.467 1.568 1.670 1.770 1.871 1.971 2.070 2.120 2.168 2.216 2.264 2.311 2.359 2.457 2.554 2.650 2.744 2.836 2.927 3.042 3.152 3.257 3.357 3.452 3.541 3.560 3.577 3.593 3.606 3.617 3.625 3.593 3.561 3.528 3.494 3.461 3.430 3.465 3.496 3.525 3.551 3.573
0.026 0.025 0.024 0.024 0.027 0.031 0.035 0.040 0.045 0.051 0.054 0.056 0.058 0.060 0.062 0.064 0.077 0.093 0.107 0.122 0.136 0.150 0.218 0.296 0.374 0.452 0.531 0.609 0.744 0.888 1.032 1.177 1.322 1.467 1.572 1.672 1.771 1.872 1.974 2.075 2.132 2.183 2.234 2.286 2.337 2.389 2.476 2.565 2.653 2.739 2.823 2.905 2.996 3.084 3.167 3.245 3.318 3.386 3.400 3.409 3.415 3.420 3.422 3.422 3.391 3.356 3.321 3.286 3.250 3.214 3.231 3.249 3.264 3.276 3.284
0.031 0.030 0.029 0.028 0.032 0.037 0.043 0.050 0.057 0.065 0.068 0.070 0.072 0.073 0.074 0.076 0.087 0.101 0.115 0.128 0.141 0.154 0.215 0.293 0.372 0.451 0.530 0.610 0.746 0.900 1.052 1.202 1.350 1.496 1.608 1.708 1.808 1.906 2.003 2.100 2.162 2.213 2.265 2.317 2.369 2.421 2.497 2.578 2.658 2.735 2.811 2.885 2.956 3.021 3.082 3.138 3.188 3.234 3.243 3.243 3.240 3.236 3.229 3.220 3.189 3.153 3.116 3.078 3.035 2.981 2.967 2.962 2.957 2.953 2.949
0.037 0.036 0.034 0.032 0.036 0.044 0.051 0.060 0.069 0.078 0.083 0.084 0.085 0.086 0.087 0.088 0.096 0.109 0.122 0.144 0.168 0.193 0.258 0.348 0.439 0.530 0.620 0.711 0.837 0.982 1.125 1.267 1.407 1.545 1.656 1.752 1.847 1.941 2.034 2.126 2.192 2.244 2.296 2.348 2.400 2.452 2.519 2.593 2.664 2.733 2.801 2.867 2.920 2.964 3.002 3.036 3.064 3.088 3.089 3.075 3.049 3.019 2.985 2.946 2.896 2.841 2.787 2.732 2.677 2.623 2.604 2.601 2.598 2.595 2.593
0.043 0.041 0.039 0.036 0.040 0.049 0.059 0.069 0.080 0.091 0.097 0.098 0.110 0.124 0.138 0.153 0.175 0.203 0.230 0.257 0.282 0.307 0.363 0.454 0.544 0.634 0.725 0.815 0.929 1.066 1.201 1.334 1.465 1.595 1.704 1.796 1.887 1.976 2.065 2.153 2.222 2.274 2.326 2.379 2.431 2.484 2.544 2.609 2.672 2.734 2.789 2.835 2.862 2.872 2.878 2.880 2.878 2.871 2.845 2.804 2.759 2.709 2.655 2.596 2.539 2.484 2.429 2.375 2.320 2.265 2.242 2.240 2.239 2.238 2.237
0.049 0.047 0.044 0.041 0.044 0.064 0.085 0.108 0.133 0.159 0.181 0.196 0.212 0.228 0.245 0.263 0.285 0.313 0.342 0.369 0.394 0.420 0.469 0.559 0.649 0.739 0.829 0.918 1.023 1.152 1.278 1.403 1.526 1.647 1.754 1.841 1.928 2.013 2.098 2.181 2.251 2.303 2.351 2.399 2.446 2.493 2.539 2.582 2.622 2.658 2.690 2.717 2.728 2.720 2.706 2.689 2.667 2.642 2.599 2.539 2.474 2.404 2.330 2.251 2.183 2.128 2.073 2.018 1.963 1.908 1.880 1.880 1.880 1.880 1.881
0.082 0.087 0.092 0.097 0.107 0.132 0.159 0.187 0.217 0.248 0.277 0.294 0.313 0.331 0.351 0.371 0.394 0.423 0.453 0.480 0.507 0.533 0.574 0.664 0.754 0.843 0.933 1.022 1.119 1.240 1.358 1.474 1.589 1.701 1.802 1.884 1.963 2.041 2.118 2.192 2.258 2.304 2.349 2.393 2.436 2.478 2.516 2.541 2.563 2.581 2.594 2.604 2.600 2.572 2.540 2.503 2.462 2.417 2.358 2.278 2.193 2.104 2.010 1.912 1.827 1.772 1.717 1.662 1.607 1.552 1.519 1.520 1.521 1.538 1.555
0.147 0.152 0.156 0.161 0.169 0.199 0.231 0.265 0.300 0.336 0.372 0.392 0.413 0.434 0.456 0.479 0.503 0.533 0.563 0.592 0.619 0.646 0.680 0.778 0.880 0.979 1.073 1.163 1.252 1.362 1.468 1.570 1.667 1.760 1.847 1.921 1.993 2.064 2.134 2.202 2.264 2.306 2.347 2.387 2.426 2.464 2.497 2.504 2.508 2.508 2.503 2.495 2.476 2.429 2.377 2.322 2.262 2.197 2.122 2.022 1.917 1.808 1.695 1.577 1.489 1.456 1.423 1.390 1.357 1.324 1.305 1.320 1.332 1.343 1.351
0.212 0.217 0.221 0.224 0.229 0.265 0.302 0.341 0.381 0.423 0.466 0.489 0.512 0.536 0.561 0.604 0.665 0.727 0.785 0.834 0.875 0.913 0.948 1.035 1.119 1.198 1.274 1.345 1.412 1.502 1.589 1.671 1.749 1.823 1.892 1.959 2.025 2.089 2.152 2.212 2.271 2.309 2.346 2.382 2.417 2.452 2.482 2.472 2.457 2.439 2.417 2.390 2.356 2.290 2.220 2.148 2.074 1.999 1.918 1.817 1.717 1.616 1.517 1.417 1.328 1.295 1.262 1.230 1.198 1.166 1.141 1.146 1.149 1.150 1.149
0.278 0.282 0.285 0.288 0.292 0.329 0.371 0.415 0.489 0.584 0.679 0.749 0.812 0.871 0.928 0.981 1.031 1.079 1.124 1.160 1.188 1.213 1.235 1.297 1.362 1.422 1.479 1.531 1.578 1.647 1.714 1.777 1.836 1.891 1.941 2.000 2.058 2.116 2.171 2.225 2.277 2.313 2.346 2.378 2.409 2.440 2.464 2.433 2.398 2.361 2.322 2.282 2.240 2.164 2.086 2.005 1.923 1.839 1.753 1.653 1.555 1.456 1.358 1.261 1.166 1.134 1.102 1.071 1.039 1.008 0.979 0.974 0.968 0.959 0.949
0.343 0.379 0.432 0.487 0.545 0.631 0.726 0.821 0.917 1.012 1.108 1.173 1.224 1.273 1.318 1.360 1.399 1.435 1.467 1.490 1.504 1.516 1.525 1.563 1.609 1.651 1.688 1.721 1.750 1.796 1.844 1.888 1.928 1.963 1.994 2.042 2.094 2.138 2.181 2.222 2.261 2.287 2.309 2.331 2.351 2.369 2.387 2.355 2.312 2.267 2.221 2.173 2.123 2.042 1.955 1.866 1.774 1.681 1.586 1.489 1.392 1.296 1.200 1.105 1.009 0.973 0.942 0.911 0.881 0.850 0.820 0.805 0.789 0.771 0.751
0.717 0.776 0.838 0.903 0.971 1.057 1.152 1.248 1.343 1.439 1.535 1.598 1.639 1.677 1.711 1.742 1.770 1.793 1.812 1.822 1.823 1.822 1.818 1.834 1.861 1.884 1.902 1.916 1.914 1.926 1.946 1.964 1.980 1.994 2.006 2.037 2.075 2.113 2.148 2.183 2.215 2.238 2.255 2.271 2.286 2.299 2.312 2.279 2.228 2.176 2.121 2.065 2.007 1.922 1.826 1.728 1.628 1.526 1.422 1.325 1.230 1.136 1.041 0.948 0.855 0.812 0.782 0.752 0.723 0.709 0.693 0.685 0.680 0.675 0.670
1.101 1.170 1.241 1.316 1.393 1.481 1.577 1.673 1.769 1.865 1.962 2.027 2.056 2.083 2.106 2.126 2.143 2.154 2.160 2.160 2.146 2.121 2.087 2.065 2.060 2.049 2.032 2.009 1.980 1.971 1.982 1.991 1.999 2.004 2.007 2.026 2.058 2.089 2.118 2.145 2.171 2.189 2.201 2.212 2.222 2.230 2.238 2.205 2.147 2.086 2.024 1.960 1.894 1.804 1.699 1.592 1.484 1.373 1.261 1.161 1.086 1.012 0.938 0.866 0.794 0.762 0.745 0.728 0.709 0.689 0.667 0.658 0.653 0.649 0.645
1.481 1.560 1.642 1.726 1.813 1.905 2.001 2.097 2.194 2.291 2.388 2.457 2.501 2.538 2.567 2.588 2.601 2.601 2.577 2.535 2.477 2.409 2.331 2.266 2.235 2.198 2.155 2.107 2.053 2.019 2.021 2.021 2.019 2.016 2.010 2.017 2.042 2.066 2.089 2.109 2.129 2.142 2.149 2.155 2.159 2.163 2.165 2.134 2.067 1.998 1.928 1.861 1.795 1.712 1.613 1.516 1.421 1.326 1.234 1.153 1.082 1.012 0.942 0.874 0.806 0.766 0.744 0.721 0.696 0.670 0.643 0.630 0.626 0.623 0.620
1.859 1.947 2.038 2.132 2.232 2.374 2.509 2.639 2.765 2.886 3.002 3.094 3.111 3.120 3.122 3.116 3.102 3.072 3.005 2.920 2.818 2.707 2.585 2.474 2.417 2.354 2.286 2.211 2.131 2.068 2.061 2.053 2.042 2.029 2.015 2.010 2.028 2.045 2.061 2.075 2.088 2.096 2.096 2.094 2.092 2.089 2.085 2.057 1.991 1.927 1.863 1.801 1.740 1.666 1.574 1.484 1.395 1.307 1.221 1.144 1.077 1.011 0.945 0.881 0.817 0.772 0.744 0.715 0.685 0.653 0.620 0.602 0.599 0.597 0.594
2.329 2.469 2.617 2.774 2.939 3.106 3.224 3.338 3.448 3.552 3.652 3.738 3.727 3.709 3.684 3.650 3.608 3.554 3.444 3.316 3.170 3.015 2.850 2.687 2.605 2.516 2.422 2.322 2.216 2.120 2.104 2.087 2.067 2.042 2.015 1.995 2.005 2.013 2.020 2.026 2.030 2.031 2.027 2.021 2.015 2.007 1.999 1.976 1.916 1.856 1.798 1.740 1.684 1.620 1.534 1.450 1.368 1.287 1.207 1.134 1.071 1.009 0.947 0.887 0.828 0.778 0.745 0.710 0.674 0.637 0.599 0.574 0.572 0.570 0.570
2.911 3.080 3.257 3.443 3.637 3.839 3.943 4.041 4.134 4.222 4.306 4.385 4.350 4.305 4.252 4.190 4.122 4.045 3.894 3.722 3.533 3.334 3.126 2.906 2.784 2.660 2.533 2.403 2.270 2.138 2.112 2.084 2.056 2.026 1.995 1.966 1.970 1.972 1.973 1.973 1.971 1.967 1.958 1.949 1.938 1.927 1.914 1.895 1.839 1.784 1.731 1.678 1.627 1.571 1.492 1.415 1.339 1.265 1.192 1.123 1.064 1.006 0.949 0.892 0.837 0.791 0.757 0.722 0.686 0.650 0.612 0.584 0.576 0.566 0.553
3.485 3.683 3.889 4.103 4.326 4.557 4.665 4.746 4.823 4.895 4.963 5.026 4.979 4.906 4.826 4.730 4.585 4.439 4.224 3.989 3.749 3.507 3.261 3.013 2.864 2.727 2.587 2.445 2.300 2.152 2.110 2.078 2.045 2.012 1.977 1.941 1.937 1.933 1.928 1.921 1.913 1.904 1.891 1.878 1.863 1.847 1.830 1.812 1.761 1.711 1.663 1.615 1.568 1.521 1.449 1.378 1.313 1.250 1.190 1.133 1.082 1.032 0.983 0.934 0.885 0.839 0.801 0.763 0.724 0.684 0.643 0.606 0.587 0.565 0.540
4.050 4.277 4.512 4.755 5.007 5.266 5.390 5.455 5.500 5.489 5.476 5.461 5.353 5.208 5.061 4.912 4.762 4.611 4.395 4.148 3.896 3.641 3.383 3.122 2.946 2.797 2.645 2.490 2.333 2.173 2.110 2.074 2.036 1.998 1.959 1.919 1.905 1.895 1.884 1.871 1.858 1.842 1.825 1.807 1.788 1.769 1.748 1.727 1.684 1.641 1.600 1.560 1.521 1.484 1.426 1.369 1.315 1.264 1.215 1.169 1.121 1.073 1.025 0.979 0.932 0.887 0.846 0.804 0.762 0.719 0.675 0.632 0.600 0.566 0.529
4.607 4.839 5.031 5.231 5.439 5.656 5.739 5.726 5.710 5.692 5.672 5.651 5.553 5.402 5.250 5.096 4.940 4.783 4.569 4.310 4.046 3.778 3.508 3.235 3.032 2.870 2.706 2.539 2.369 2.196 2.111 2.070 2.028 1.986 1.942 1.898 1.874 1.858 1.841 1.823 1.803 1.781 1.760 1.739 1.718 1.696 1.673 1.650 1.615 1.578 1.543 1.510 1.478 1.447 1.402 1.357 1.315 1.275 1.238 1.203 1.158 1.113 1.068 1.023 0.979 0.936 0.892 0.847 0.801 0.755 0.708 0.660 0.616 0.569 0.520
4.695 4.908 5.128 5.356 5.593 5.838 5.964 5.944 5.921 5.897 5.870 5.842 5.754 5.598 5.440 5.281 5.120 4.957 4.747 4.475 4.198 3.919 3.636 3.351 3.121 2.947 2.770 2.590 2.408 2.222 2.113 2.068 2.022 1.975 1.927 1.878 1.845 1.823 1.800 1.775 1.749 1.721 1.696 1.672 1.648 1.624 1.599 1.573 1.544 1.514 1.485 1.458 1.433 1.409 1.377 1.343 1.312 1.283 1.257 1.234 1.196 1.152 1.110 1.067 1.025 0.984 0.938 0.890 0.841 0.791 0.735 0.665 0.597 0.533 0.470
4.728 4.969 5.217 5.474 5.739 6.012 6.191 6.163 6.134 6.103 6.070 6.034 5.957 5.795 5.631 5.467 5.300 5.132 4.927 4.642 4.324 4.013 3.708 3.409 3.156 2.971 2.787 2.604 2.422 2.242 2.117 2.068 2.017 1.966 1.913 1.859 1.817 1.789 1.759 1.728 1.696 1.662 1.632 1.606 1.580 1.553 1.525 1.497 1.471 1.448 1.426 1.405 1.386 1.369 1.348 1.326 1.306 1.289 1.274 1.263 1.232 1.208 1.190 1.173 1.158 1.143 1.095 1.018 0.928 0.825 0.707 0.576 0.495 0.437 0.380
4.754 5.023 5.299 5.584 5.877 6.178 6.419 6.384 6.348 6.310 6.270 6.228 6.146 5.915 5.688 5.466 5.248 5.035 4.806 4.508 4.219 3.936 3.660 3.390 3.147 2.967 2.789 2.612 2.436 2.261 2.123 2.069 2.014 1.957 1.900 1.842 1.791 1.757 1.721 1.684 1.645 1.605 1.569 1.541 1.512 1.482 1.453 1.422 1.397 1.380 1.365 1.351 1.343 1.338 1.336 1.342 1.356 1.379 1.409 1.447 1.460 1.446 1.433 1.421 1.410 1.401 1.324 1.187 1.036 0.871 0.693 0.501 0.392 0.339 0.289
4.772 5.068 5.373 5.687 6.008 6.314 6.544 6.427 6.313 6.201 6.091 5.984 5.870 5.654 5.443 5.237 5.034 4.837 4.636 4.367 4.107 3.853 3.605 3.364 3.136 2.962 2.789 2.618 2.448 2.278 2.130 2.071 2.011 1.950 1.888 1.825 1.767 1.726 1.684 1.640 1.595 1.549 1.506 1.478 1.451 1.425 1.399 1.374 1.356 1.352 1.348 1.347 1.346 1.347 1.362 1.403 1.453 1.510 1.576 1.649 1.691 1.682 1.674 1.667 1.661 1.657 1.567 1.369 1.157 0.931 0.692 0.439 0.287 0.241 0.196
4.663 4.931 5.188 5.441 5.691 5.938 6.182 6.095 5.988 5.884 5.782 5.682 5.585 5.390 5.195 5.003 4.817 4.634 4.456 4.219 3.987 3.762 3.543 3.330 3.124 2.956 2.789 2.623 2.458 2.295 2.138 2.074 2.010 1.944 1.873 1.800 1.730 1.682 1.636 1.591 1.548 1.506 1.467 1.442 1.418 1.395 1.373 1.351 1.334 1.335 1.338 1.342 1.348 1.355 1.379 1.456 1.541 1.633 1.734 1.843 1.921 1.917 1.914 1.912 1.911 1.911 1.824 1.564 1.292 1.005 0.705 0.391 0.181 0.141 0.102
4.330 4.603 4.849 5.091 5.330 5.566 5.798 5.761 5.662 5.566 5.471 5.379 5.290 5.123 4.943 4.767 4.595 4.428 4.266 4.064 3.861 3.664 3.474 3.290 3.112 2.936 2.760 2.588 2.420 2.255 2.095 2.017 1.944 1.872 1.801 1.730 1.660 1.617 1.577 1.538 1.500 1.463 1.428 1.406 1.385 1.365 1.345 1.326 1.310 1.318 1.327 1.337 1.348 1.361 1.388 1.500 1.620 1.748 1.884 2.028 2.150 2.151 2.153 2.155 2.159 2.164 2.085 1.739 1.396 1.057 0.722 0.391 0.151 0.124 0.098
4.002 4.279 4.513 4.744 4.972 5.196 5.418 5.425 5.334 5.246 5.159 5.075 4.993 4.852 4.687 4.526 4.370 4.187 4.012 3.819 3.626 3.441 3.263 3.094 2.932 2.772 2.614 2.459 2.309 2.163 2.021 1.937 1.867 1.798 1.728 1.660 1.592 1.551 1.516 1.483 1.450 1.419 1.389 1.369 1.351 1.334 1.317 1.301 1.286 1.299 1.313 1.330 1.347 1.366 1.389 1.536 1.692 1.856 2.026 2.192 2.341 2.316 2.281 2.239 2.188 2.129 2.028 1.698 1.371 1.048 0.729 0.414 0.155 0.128 0.101
3.677 3.958 4.181 4.401 4.617 4.831 5.041 5.088 5.005 4.922 4.811 4.696 4.576 4.418 4.239 4.068 3.905 3.750 3.603 3.448 3.290 3.140 2.998 2.864 2.738 2.603 2.463 2.327 2.194 2.066 1.942 1.857 1.790 1.722 1.656 1.589 1.524 1.484 1.455 1.426 1.399 1.373 1.349 1.332 1.317 1.302 1.289 1.276 1.264 1.289 1.324 1.366 1.415 1.470 1.531 1.687 1.849 2.007 2.163 2.315 2.464 2.409 2.338 2.259 2.171 2.075 1.967 1.653 1.343 1.036 0.733 0.434 0.158 0.131 0.104
3.358 3.640 3.852 4.055 4.247 4.426 4.593 4.638 4.521 4.399 4.273 4.143 4.009 3.863 3.712 3.568 3.433 3.306 3.187 3.068 2.946 2.831 2.724 2.626 2.535 2.430 2.308 2.189 2.075 1.965 1.859 1.777 1.712 1.647 1.582 1.518 1.455 1.415 1.391 1.369 1.352 1.333 1.312 1.300 1.294 1.292 1.292 1.295 1.301 1.346 1.410 1.481 1.558 1.642 1.732 1.871 2.018 2.162 2.303 2.441 2.576 2.511 2.403 2.287 2.162 2.029 1.888 1.605 1.310 1.020 0.733 0.450 0.171 0.135 0.108
3.083 3.355 3.529 3.691 3.841 3.978 4.104 4.149 4.017 3.881 3.740 3.595 3.446 3.301 3.177 3.062 2.955 2.856 2.765 2.680 2.593 2.513 2.442 2.379 2.323 2.252 2.148 2.048 1.952 1.860 1.773 1.706 1.652 1.598 1.545 1.493 1.441 1.405 1.384 1.361 1.337 1.310 1.283 1.273 1.280 1.289 1.302 1.317 1.335 1.397 1.490 1.589 1.695 1.807 1.925 2.057 2.190 2.320 2.447 2.570 2.690 2.621 2.476 2.323 2.162 1.992 1.814 1.553 1.275 1.000 0.730 0.463 0.205 0.154 0.136
2.833 3.086 3.218 3.338 3.446 3.542 3.627 3.666 3.519 3.367 3.212 3.052 2.888 2.732 2.636 2.549 2.470 2.399 2.336 2.283 2.231 2.190 2.173 2.155 2.138 2.104 2.027 1.953 1.884 1.819 1.758 1.702 1.651 1.600 1.550 1.501 1.453 1.412 1.384 1.354 1.323 1.290 1.256 1.243 1.262 1.284 1.309 1.336 1.366 1.440 1.562 1.690 1.824 1.965 2.112 2.247 2.366 2.481 2.594 2.703 2.809 2.739 2.557 2.360 2.157 1.964 1.780 1.551 1.301 1.053 0.810 0.569 0.332 0.255 0.232
2.591 2.828 2.918 2.997 3.064 3.118 3.161 3.187 3.025 2.859 2.688 2.513 2.334 2.156 2.126 2.117 2.110 2.106 2.105 2.106 2.089 2.071 2.053 2.035 2.017 1.993 1.934 1.879 1.828 1.781 1.739 1.698 1.650 1.602 1.555 1.509 1.463 1.421 1.386 1.349 1.311 1.271 1.230 1.210 1.242 1.276 1.312 1.352 1.394 1.477 1.627 1.784 1.947 2.116 2.278 2.383 2.446 2.506 2.563 2.617 2.667 2.596 2.416 2.246 2.086 1.935 1.795 1.601 1.365 1.133 0.904 0.678 0.456 0.358 0.329
