DATA/SHG/CPC/2018/20180616.asc
ncols        190
nrows        64
xllcorner    -5100000.000000000000
yllcorner    4130000.000000000000
cellsize     10000.000000000000
NODATA_value  -99999.000
[rows 0 to 32 of 64, columns 75 to 149 of 190]
2.268 2.390 2.511 2.661 2.876 3.094 3.316 3.540 3.768 3.993 4.205 4.422 4.644 4.870 5.101 5.301 5.395 5.491 5.589 5.688 5.789 5.853 5.789 5.725 5.659 5.594 5.530 5.432 5.224 5.018 4.812 4.608 4.404 4.219 4.087 3.953 3.818 3.681 3.542 3.437 3.444 3.449 3.453 3.457 3.460 3.501 3.665 3.828 3.991 4.154 4.318 4.511 4.790 5.065 5.334 5.598 5.857 6.057 6.099 6.138 6.175 6.211 6.245 6.209 5.972 5.731 5.492 5.255 5.021 4.773 4.483 4.198 3.916 3.640 3.367
2.063 2.180 2.296 2.431 2.658 2.887 3.120 3.356 3.595 3.834 4.063 4.296 4.534 4.776 5.023 5.256 5.354 5.452 5.551 5.651 5.751 5.835 5.771 5.707 5.645 5.583 5.522 5.445 5.242 5.041 4.840 4.640 4.442 4.251 4.112 3.970 3.827 3.683 3.536 3.407 3.409 3.410 3.411 3.410 3.409 3.428 3.592 3.755 3.918 4.082 4.245 4.421 4.678 4.930 5.176 5.413 5.637 5.825 5.842 5.856 5.866 5.873 5.876 5.842 5.609 5.378 5.150 4.924 4.700 4.471 4.200 3.934 3.671 3.413 3.159
1.859 1.971 2.082 2.199 2.437 2.677 2.921 3.169 3.418 3.666 3.907 4.154 4.407 4.667 4.933 5.204 5.304 5.403 5.502 5.603 5.704 5.806 5.748 5.688 5.629 5.571 5.513 5.456 5.259 5.062 4.867 4.672 4.478 4.286 4.138 3.989 3.839 3.686 3.532 3.377 3.376 3.373 3.369 3.365 3.360 3.356 3.529 3.703 3.872 4.036 4.195 4.350 4.570 4.780 4.980 5.170 5.349 5.514 5.516 5.514 5.509 5.501 5.489 5.466 5.243 5.023 4.806 4.591 4.378 4.165 3.913 3.666 3.422 3.183 2.948
1.657 1.765 1.871 1.973 2.209 2.456 2.705 2.955 3.207 3.460 3.722 3.991 4.266 4.547 4.835 5.128 5.254 5.354 5.454 5.555 5.657 5.760 5.725 5.669 5.613 5.557 5.503 5.449 5.275 5.083 4.892 4.702 4.513 4.326 4.167 4.010 3.852 3.700 3.555 3.413 3.408 3.418 3.428 3.438 3.446 3.454 3.595 3.746 3.893 4.034 4.171 4.302 4.472 4.637 4.792 4.937 5.072 5.197 5.194 5.177 5.157 5.133 5.105 5.074 4.876 4.667 4.460 4.255 4.053 3.854 3.623 3.394 3.170 2.949 2.733
1.482 1.578 1.669 1.757 1.975 2.228 2.481 2.737 2.994 3.252 3.531 3.822 4.119 4.422 4.731 5.047 5.203 5.304 5.405 5.507 5.610 5.713 5.702 5.648 5.596 5.544 5.492 5.442 5.284 5.093 4.906 4.723 4.544 4.368 4.218 4.078 3.942 3.809 3.680 3.555 3.532 3.540 3.546 3.552 3.557 3.561 3.666 3.795 3.919 4.038 4.152 4.261 4.385 4.505 4.615 4.715 4.805 4.885 4.876 4.844 4.808 4.769 4.726 4.680 4.507 4.309 4.112 3.918 3.727 3.539 3.334 3.133 2.939 2.754 2.576
1.313 1.395 1.472 1.545 1.740 1.998 2.257 2.518 2.780 3.043 3.335 3.648 3.966 4.291 4.622 4.959 5.153 5.254 5.356 5.444 5.533 5.624 5.624 5.566 5.511 5.459 5.410 5.364 5.237 5.064 4.894 4.729 4.567 4.409 4.273 4.149 4.029 3.913 3.801 3.692 3.658 3.662 3.665 3.667 3.668 3.669 3.742 3.849 3.950 4.047 4.138 4.225 4.308 4.384 4.449 4.504 4.549 4.584 4.562 4.511 4.450 4.386 4.317 4.245 4.090 3.904 3.725 3.552 3.384 3.223 3.055 2.889 2.730 2.580 2.438
1.149 1.216 1.278 1.337 1.504 1.767 2.031 2.297 2.564 2.833 3.134 3.468 3.796 4.121 4.443 4.762 4.965 5.049 5.138 5.233 5.335 5.440 5.473 5.429 5.387 5.349 5.313 5.281 5.186 5.030 4.878 4.730 4.586 4.446 4.323 4.216 4.113 4.014 3.918 3.826 3.784 3.784 3.784 3.782 3.780 3.777 3.824 3.908 3.987 4.061 4.123 4.166 4.195 4.212 4.223 4.228 4.227 4.219 4.174 4.100 4.023 3.942 3.857 3.769 3.635 3.476 3.324 3.177 3.037 2.902 2.768 2.637 2.514 2.399 2.292
0.989 1.041 1.089 1.133 1.267 1.548 1.823 2.094 2.359 2.620 2.902 3.222 3.541 3.857 4.170 4.480 4.711 4.809 4.911 5.020 5.135 5.253 5.319 5.288 5.260 5.235 5.213 5.194 5.131 4.992 4.858 4.728 4.601 4.478 4.369 4.279 4.193 4.110 4.030 3.955 3.911 3.900 3.878 3.856 3.835 3.814 3.821 3.861 3.894 3.921 3.940 3.953 3.955 3.945 3.929 3.907 3.879 3.844 3.783 3.693 3.599 3.502 3.401 3.296 3.175 3.043 2.917 2.798 2.684 2.576 2.474 2.378 2.291 2.211 2.139
0.872 0.928 0.981 1.033 1.145 1.408 1.665 1.918 2.166 2.409 2.667 2.979 3.288 3.595 3.899 4.201 4.455 4.566 4.681 4.803 4.932 5.063 5.161 5.144 5.129 5.118 5.110 5.105 5.071 4.950 4.834 4.721 4.601 4.472 4.354 4.259 4.169 4.084 4.005 3.931 3.875 3.854 3.834 3.814 3.794 3.775 3.766 3.776 3.779 3.775 3.765 3.748 3.722 3.685 3.642 3.593 3.537 3.476 3.397 3.290 3.180 3.067 2.949 2.828 2.710 2.605 2.505 2.412 2.325 2.244 2.172 2.112 2.059 2.027 2.000
0.808 0.857 0.905 0.951 1.027 1.272 1.512 1.748 1.978 2.203 2.434 2.737 3.038 3.336 3.631 3.924 4.196 4.320 4.448 4.583 4.725 4.870 5.001 4.990 4.972 4.955 4.938 4.920 4.888 4.761 4.636 4.515 4.397 4.283 4.176 4.105 4.038 3.976 3.920 3.869 3.827 3.808 3.789 3.771 3.752 3.735 3.718 3.698 3.671 3.638 3.597 3.551 3.496 3.432 3.362 3.285 3.203 3.115 3.015 2.892 2.766 2.636 2.502 2.365 2.266 2.218 2.173 2.132 2.095 2.060 2.030 2.006 1.983 1.961 1.941
0.745 0.789 0.830 0.871 0.914 1.141 1.364 1.582 1.794 2.002 2.204 2.499 2.790 3.079 3.366 3.648 3.922 4.052 4.179 4.313 4.451 4.590 4.730 4.714 4.697 4.679 4.661 4.644 4.625 4.512 4.401 4.294 4.191 4.090 3.994 3.945 3.901 3.863 3.830 3.802 3.779 3.761 3.744 3.727 3.711 3.695 3.677 3.627 3.570 3.507 3.437 3.360 3.277 3.186 3.088 2.986 2.885 2.784 2.683 2.574 2.468 2.365 2.266 2.170 2.086 2.053 2.024 1.998 1.976 1.957 1.940 1.923 1.907 1.893 1.881
0.684 0.722 0.758 0.792 0.825 1.015 1.221 1.421 1.620 1.818 2.010 2.283 2.560 2.831 3.095 3.351 3.600 3.747 3.876 4.012 4.153 4.294 4.435 4.439 4.421 4.403 4.385 4.367 4.349 4.259 4.163 4.070 3.981 3.894 3.811 3.780 3.760 3.744 3.734 3.729 3.729 3.714 3.699 3.684 3.669 3.654 3.621 3.526 3.426 3.323 3.218 3.110 3.000 2.900 2.801 2.703 2.605 2.509 2.413 2.319 2.229 2.142 2.058 1.978 1.903 1.886 1.872 1.861 1.854 1.850 1.849 1.839 1.831 1.824 1.819
0.624 0.661 0.700 0.739 0.777 0.939 1.134 1.323 1.506 1.684 1.856 2.092 2.345 2.591 2.830 3.061 3.286 3.441 3.573 3.711 3.854 3.997 4.141 4.165 4.147 4.128 4.110 4.092 4.073 4.004 3.922 3.843 3.768 3.695 3.626 3.610 3.613 3.617 3.620 3.622 3.622 3.594 3.557 3.518 3.476 3.433 3.387 3.287 3.176 3.063 2.947 2.828 2.707 2.608 2.513 2.418 2.325 2.233 2.141 2.062 1.987 1.915 1.847 1.783 1.722 1.715 1.716 1.721 1.729 1.740 1.755 1.753 1.753 1.753 1.756
0.609 0.648 0.686 0.725 0.763 0.891 1.066 1.235 1.398 1.555 1.707 1.908 2.136 2.358 2.572 2.778 2.978 3.136 3.270 3.410 3.555 3.700 3.846 3.891 3.872 3.854 3.835 3.816 3.804 3.760 3.699 3.640 3.584 3.531 3.479 3.463 3.463 3.461 3.458 3.453 3.447 3.413 3.366 3.317 3.265 3.211 3.155 3.052 2.930 2.805 2.678 2.549 2.417 2.315 2.224 2.134 2.045 1.956 1.869 1.801 1.742 1.686 1.633 1.584 1.539 1.541 1.557 1.577 1.602 1.654 1.708 1.758 1.820 1.896 1.987
0.596 0.635 0.673 0.711 0.749 0.848 1.002 1.151 1.295 1.432 1.564 1.731 1.934 2.131 2.320 2.502 2.677 2.831 2.967 3.109 3.255 3.400 3.546 3.613 3.603 3.596 3.592 3.591 3.593 3.568 3.518 3.471 3.426 3.383 3.343 3.322 3.315 3.307 3.297 3.286 3.273 3.235 3.178 3.118 3.056 2.992 2.925 2.819 2.686 2.551 2.413 2.273 2.130 2.022 1.935 1.849 1.764 1.679 1.596 1.538 1.517 1.502 1.494 1.493 1.498 1.538 1.593 1.650 1.708 1.769 1.831 1.931 2.056 2.195 2.349
0.583 0.621 0.659 0.697 0.735 0.810 0.945 1.074 1.197 1.314 1.426 1.560 1.733 1.902 2.067 2.227 2.384 2.532 2.668 2.807 2.952 3.096 3.239 3.330 3.334 3.341 3.350 3.363 3.379 3.374 3.335 3.299 3.264 3.233 3.204 3.183 3.170 3.155 3.138 3.121 3.101 3.060 2.992 2.922 2.850 2.776 2.699 2.589 2.445 2.299 2.151 2.005 1.863 1.760 1.695 1.634 1.578 1.526 1.478 1.460 1.467 1.482 1.503 1.531 1.565 1.617 1.681 1.746 1.813 1.882 1.953 2.089 2.277 2.480 2.696
0.571 0.608 0.646 0.683 0.720 0.766 0.870 0.969 1.064 1.155 1.240 1.340 1.499 1.654 1.806 1.953 2.096 2.235 2.369 2.507 2.650 2.792 2.933 3.044 3.061 3.082 3.106 3.132 3.162 3.177 3.149 3.124 3.101 3.080 3.062 3.045 3.025 3.004 2.981 2.957 2.931 2.887 2.804 2.719 2.630 2.537 2.442 2.327 2.187 2.049 1.914 1.783 1.654 1.560 1.514 1.472 1.435 1.402 1.374 1.374 1.411 1.455 1.505 1.562 1.626 1.695 1.767 1.840 1.916 1.993 2.072 2.233 2.485 2.750 3.029
0.538 0.565 0.589 0.611 0.631 0.656 0.744 0.828 0.906 0.980 1.050 1.123 1.269 1.410 1.548 1.682 1.812 1.939 2.071 2.208 2.348 2.488 2.628 2.755 2.786 2.820 2.858 2.898 2.942 2.978 2.961 2.947 2.935 2.928 2.922 2.912 2.883 2.850 2.815 2.776 2.734 2.678 2.581 2.481 2.378 2.272 2.163 2.047 1.920 1.796 1.675 1.557 1.443 1.355 1.328 1.306 1.288 1.275 1.266 1.282 1.348 1.421 1.501 1.587 1.679 1.770 1.850 1.932 2.016 2.102 2.189 2.363 2.678 3.015 3.576
0.484 0.502 0.518 0.532 0.544 0.553 0.623 0.691 0.753 0.811 0.864 0.912 1.042 1.170 1.295 1.415 1.532 1.645 1.775 1.909 2.048 2.186 2.324 2.463 2.521 2.579 2.638 2.698 2.758 2.818 2.812 2.806 2.801 2.796 2.792 2.786 2.742 2.695 2.646 2.593 2.536 2.472 2.362 2.248 2.131 2.011 1.888 1.764 1.650 1.540 1.433 1.329 1.228 1.145 1.138 1.135 1.137 1.143 1.153 1.184 1.279 1.381 1.490 1.605 1.727 1.869 2.020 2.209 2.436 2.702 3.006 3.441 4.164 4.953 5.809
0.431 0.442 0.450 0.456 0.459 0.460 0.507 0.558 0.604 0.645 0.682 0.714 0.819 0.934 1.045 1.155 1.277 1.395 1.537 1.685 1.835 1.984 2.132 2.279 2.352 2.414 2.476 2.540 2.605 2.670 2.672 2.669 2.666 2.664 2.662 2.660 2.605 2.545 2.481 2.413 2.343 2.269 2.146 2.018 1.887 1.753 1.616 1.477 1.378 1.281 1.188 1.098 1.010 0.932 0.944 0.961 0.992 1.027 1.066 1.118 1.262 1.415 1.579 1.752 1.936 2.144 2.465 2.824 3.222 3.658 4.133 4.724 5.741 6.824 7.973
0.381 0.383 0.383 0.381 0.376 0.369 0.395 0.430 0.462 0.501 0.538 0.573 0.671 0.791 0.908 1.023 1.134 1.242 1.374 1.518 1.664 1.809 1.953 2.097 2.182 2.247 2.314 2.382 2.450 2.519 2.533 2.532 2.531 2.531 2.531 2.532 2.472 2.397 2.319 2.238 2.153 2.065 1.933 1.792 1.647 1.499 1.349 1.207 1.126 1.054 0.985 0.918 0.853 0.791 0.827 0.872 0.922 0.975 1.033 1.095 1.282 1.480 1.688 1.906 2.135 2.379 2.870 3.400 3.968 4.575 5.220 5.941 7.251 8.627 10.069
0.333 0.330 0.329 0.327 0.322 0.315 0.334 0.370 0.404 0.437 0.467 0.496 0.573 0.683 0.790 0.893 0.994 1.091 1.212 1.352 1.495 1.636 1.776 1.916 2.011 2.081 2.151 2.223 2.295 2.368 2.393 2.394 2.395 2.397 2.400 2.403 2.343 2.254 2.163 2.068 1.971 1.871 1.738 1.597 1.455 1.314 1.174 1.033 0.954 0.893 0.835 0.779 0.725 0.674 0.716 0.779 0.848 0.920 0.997 1.077 1.291 1.534 1.787 2.050 2.323 2.606 3.237 3.937 4.676 5.452 6.268 7.121 8.693 10.362 12.098
0.333 0.327 0.320 0.310 0.299 0.285 0.291 0.320 0.348 0.374 0.398 0.420 0.478 0.577 0.674 0.767 0.857 0.944 1.051 1.188 1.326 1.463 1.600 1.735 1.839 1.913 1.987 2.063 2.139 2.227 2.273 2.281 2.287 2.289 2.290 2.287 2.227 2.125 2.020 1.912 1.801 1.687 1.555 1.415 1.276 1.137 0.998 0.860 0.780 0.730 0.682 0.637 0.595 0.554 0.600 0.682 0.769 0.860 0.955 1.055 1.291 1.578 1.876 2.183 2.501 2.829 3.565 4.435 5.343 6.290 7.441 8.685 10.607 12.658 14.717
0.340 0.327 0.312 0.296 0.277 0.256 0.249 0.273 0.294 0.313 0.331 0.347 0.386 0.475 0.561 0.643 0.723 0.799 0.892 1.025 1.176 1.325 1.472 1.617 1.740 1.828 1.915 2.002 2.089 2.175 2.224 2.220 2.213 2.204 2.192 2.178 2.116 2.001 1.882 1.760 1.635 1.507 1.372 1.234 1.097 0.959 0.823 0.686 0.603 0.564 0.527 0.493 0.462 0.432 0.480 0.581 0.687 0.796 0.910 1.028 1.280 1.692 2.181 2.725 3.324 3.978 5.037 6.299 7.605 8.953 10.345 11.779 13.698 15.790 17.891
0.348 0.328 0.307 0.283 0.257 0.230 0.210 0.226 0.241 0.254 0.266 0.275 0.303 0.405 0.504 0.599 0.689 0.776 0.872 1.016 1.159 1.300 1.439 1.576 1.699 1.785 1.870 1.955 2.039 2.123 2.178 2.162 2.143 2.122 2.098 2.072 2.009 1.879 1.747 1.611 1.472 1.330 1.189 1.053 0.917 0.782 0.647 0.513 0.424 0.396 0.370 0.347 0.344 0.349 0.431 0.608 0.806 1.023 1.261 1.518 1.983 2.661 3.393 4.179 5.021 5.917 7.132 8.585 10.081 11.620 13.201 14.826 16.775 18.909 21.052
0.358 0.332 0.303 0.272 0.240 0.214 0.212 0.251 0.286 0.318 0.345 0.369 0.395 0.483 0.568 0.649 0.726 0.799 0.874 1.010 1.144 1.277 1.408 1.537 1.658 1.742 1.825 1.908 1.990 2.072 2.135 2.107 2.076 2.043 2.007 1.968 1.905 1.762 1.615 1.466 1.313 1.157 1.005 0.892 0.787 0.681 0.574 0.466 0.393 0.400 0.407 0.416 0.427 0.439 0.541 0.807 1.094 1.400 1.727 2.074 2.653 3.573 4.547 5.577 6.661 7.800 9.181 10.824 12.510 14.240 16.012 17.826 19.839 22.014 24.198
0.431 0.430 0.425 0.419 0.413 0.407 0.399 0.423 0.445 0.463 0.477 0.487 0.494 0.565 0.636 0.703 0.766 0.825 0.881 1.005 1.132 1.256 1.379 1.499 1.618 1.700 1.781 1.862 1.942 2.022 2.095 2.055 2.012 1.967 1.935 1.907 1.867 1.737 1.607 1.477 1.346 1.215 1.087 0.979 0.869 0.759 0.648 0.535 0.448 0.461 0.475 0.491 0.509 0.528 0.630 0.985 1.361 1.756 2.172 2.608 3.265 4.428 5.645 6.917 8.243 9.624 11.184 13.018 14.894 16.813 18.775 20.780 22.889 25.105 27.331
0.625 0.631 0.624 0.616 0.608 0.599 0.590 0.598 0.606 0.611 0.612 0.609 0.602 0.650 0.707 0.761 0.810 0.855 0.897 1.003 1.121 1.237 1.352 1.464 1.575 1.676 1.780 1.883 1.984 2.084 2.183 2.163 2.131 2.096 2.058 2.017 1.973 1.843 1.711 1.579 1.446 1.312 1.179 1.066 0.953 0.838 0.723 0.606 0.500 0.520 0.541 0.564 0.588 0.614 0.697 1.142 1.606 2.091 2.596 3.121 3.821 5.226 6.685 8.199 9.768 11.391 13.137 15.077 16.956 18.773 20.529 22.223 23.846 25.354 26.756
0.814 0.832 0.823 0.813 0.803 0.792 0.781 0.776 0.771 0.762 0.750 0.734 0.713 0.739 0.782 0.822 0.857 0.911 0.966 1.078 1.213 1.349 1.484 1.621 1.757 1.865 1.964 2.061 2.157 2.251 2.344 2.328 2.283 2.235 2.184 2.130 2.073 1.950 1.815 1.681 1.545 1.409 1.273 1.155 1.037 0.918 0.798 0.678 0.556 0.578 0.606 0.635 0.666 0.699 0.744 1.278 1.831 2.436 3.192 3.965 4.825 6.512 8.197 9.881 11.564 13.245 14.927 16.596 18.204 19.750 21.236 22.659 23.979 25.018 25.952
0.998 1.033 1.022 1.011 0.998 0.985 0.972 0.957 0.939 0.919 0.914 0.898 0.871 0.886 0.940 0.994 1.049 1.104 1.160 1.262 1.398 1.535 1.672 1.809 1.946 2.056 2.149 2.240 2.331 2.419 2.507 2.496 2.438 2.377 2.313 2.246 2.176 2.057 1.920 1.783 1.645 1.507 1.369 1.244 1.122 0.999 0.875 0.750 0.641 0.766 0.938 1.132 1.347 1.585 1.845 2.580 3.379 4.196 5.030 5.882 6.752 8.402 10.081 11.758 13.434 15.108 16.776 18.174 19.511 20.787 22.002 23.155 24.215 24.787 25.253
1.178 1.235 1.228 1.253 1.275 1.293 1.308 1.310 1.289 1.256 1.213 1.158 1.093 1.074 1.129 1.185 1.240 1.296 1.353 1.445 1.583 1.720 1.858 1.997 2.135 2.248 2.335 2.421 2.506 2.589 2.671 2.668 2.596 2.522 2.445 2.365 2.282 2.164 2.025 1.899 1.852 1.783 1.693 1.639 1.617 1.607 1.608 1.620 1.644 1.836 2.105 2.397 2.710 3.046 3.404 4.163 5.040 5.935 6.848 7.778 8.726 10.292 11.964 13.634 15.303 16.970 18.636 19.811 20.878 21.883 22.827 23.710 24.532 24.660 24.659
1.571 1.700 1.716 1.729 1.739 1.746 1.749 1.734 1.674 1.603 1.521 1.428 1.324 1.262 1.318 1.374 1.431 1.488 1.546 1.628 1.767 1.906 2.045 2.184 2.323 2.441 2.523 2.603 2.682 2.759 2.850 2.997 3.050 3.097 3.137 3.171 3.200 3.170 3.070 2.950 2.807 2.644 2.459 2.381 2.410 2.449 2.499 2.561 2.634 2.881 3.248 3.637 4.048 4.482 4.937 5.726 6.681 7.654 8.645 9.654 10.680 12.180 13.845 15.509 17.171 18.831 20.490 21.507 22.303 23.038 23.712 24.325 24.758 24.311 23.700
2.034 2.202 2.207 2.208 2.206 2.200 2.192 2.167 2.069 1.959 1.839 1.707 1.565 1.449 1.506 1.564 1.621 1.679 1.738 1.811 1.950 2.096 2.297 2.504 2.717 2.929 3.138 3.371 3.627 3.906 4.208 4.437 4.463 4.482 4.495 4.501 4.502 4.431 4.237 4.022 3.785 3.526 3.247 3.111 3.189 3.278 3.378 3.489 3.611 3.901 4.366 4.853 5.362 5.893 6.446 7.268 8.302 9.353 10.422 11.508 12.613 14.067 15.726 17.303 18.734 20.109 21.428 22.056 22.339 22.572 22.754 22.886 22.967 22.404 21.590
