DATA/SHG/CPC/2018/20180508.asc
ncols        190
nrows        64
xllcorner    -5100000.000000000000
yllcorner    4130000.000000000000
cellsize     10000.000000000000
NODATA_value  -99999.000
[rows 0 to 33 of 64, columns 77 to 153 of 190]
0.000 0.000 0.000 0.000 0.000 0.000 0.000 0.000 0.000 0.000 0.000 0.000 0.000 0.000 0.001 0.002 0.002 0.002 0.002 0.002 0.001 0.000 0.000 0.000 0.000 0.005 0.025 0.045 0.064 0.084 0.103 0.121 0.132 0.143 0.155 0.166 0.177 0.187 0.194 0.200 0.207 0.213 0.220 0.230 0.249 0.268 0.287 0.307 0.328 0.352 0.389 0.426 0.464 0.504 0.544 0.586 0.631 0.678 0.727 0.777 0.830 0.894 1.004 1.126 1.249 1.375 1.503 1.650 1.842 2.030 2.213 2.391 2.565 2.717 2.815 2.905 2.986
0.000 0.000 0.000 0.000 0.000 0.000 0.000 0.000 0.000 0.000 0.000 0.000 0.000 0.000 0.000 0.000 0.000 0.000 0.000 0.000 0.000 0.000 0.000 0.000 0.000 0.002 0.022 0.041 0.060 0.079 0.098 0.116 0.127 0.138 0.150 0.161 0.172 0.183 0.190 0.197 0.204 0.211 0.219 0.228 0.249 0.270 0.292 0.314 0.337 0.362 0.403 0.444 0.487 0.537 0.594 0.655 0.726 0.802 0.883 0.969 1.060 1.160 1.289 1.421 1.554 1.690 1.828 1.973 2.144 2.311 2.474 2.631 2.784 2.919 2.978 3.029 3.071
0.000 0.000 0.000 0.000 0.000 0.000 0.000 0.000 0.000 0.000 0.000 0.000 0.000 0.000 0.000 0.000 0.000 0.000 0.000 0.000 0.000 0.000 0.000 0.000 0.000 0.000 0.019 0.037 0.056 0.074 0.092 0.110 0.122 0.133 0.144 0.156 0.167 0.178 0.186 0.194 0.201 0.209 0.218 0.226 0.250 0.277 0.305 0.335 0.367 0.400 0.458 0.520 0.585 0.653 0.725 0.801 0.894 0.992 1.095 1.202 1.315 1.433 1.572 1.713 1.856 2.002 2.150 2.300 2.451 2.597 2.738 2.875 3.007 3.129 3.150 3.162 3.165
0.000 0.000 0.000 0.000 0.000 0.000 0.000 0.000 0.000 0.000 0.000 0.000 0.000 0.000 0.000 0.000 0.000 0.000 0.000 0.000 0.000 0.000 0.000 0.000 0.000 0.000 0.016 0.034 0.052 0.069 0.087 0.105 0.117 0.128 0.139 0.150 0.162 0.173 0.183 0.193 0.204 0.215 0.228 0.241 0.271 0.305 0.340 0.377 0.416 0.456 0.526 0.603 0.683 0.766 0.853 0.943 1.056 1.176 1.300 1.430 1.564 1.703 1.852 2.003 2.156 2.311 2.469 2.629 2.761 2.886 3.007 3.123 3.235 3.342 3.330 3.313 3.317
0.000 0.000 0.000 0.000 0.000 0.000 0.000 0.000 0.000 0.000 0.000 0.000 0.000 0.000 0.000 0.000 0.000 0.000 0.000 0.000 0.000 0.000 0.000 0.000 0.000 0.000 0.013 0.030 0.047 0.063 0.079 0.094 0.106 0.118 0.130 0.142 0.155 0.168 0.181 0.194 0.208 0.223 0.239 0.255 0.289 0.330 0.373 0.417 0.463 0.510 0.590 0.682 0.777 0.875 0.977 1.082 1.213 1.355 1.501 1.652 1.808 1.969 2.129 2.290 2.453 2.618 2.792 2.982 3.125 3.257 3.387 3.517 3.645 3.771 3.788 3.780 3.770
0.000 0.000 0.000 0.000 0.000 0.000 0.000 0.000 0.000 0.000 0.000 0.000 0.000 0.000 0.000 0.000 0.000 0.000 0.000 0.000 0.000 0.000 0.000 0.000 0.000 0.000 0.010 0.025 0.039 0.054 0.067 0.081 0.094 0.107 0.120 0.134 0.148 0.163 0.178 0.195 0.212 0.230 0.249 0.269 0.306 0.354 0.404 0.456 0.508 0.563 0.651 0.758 0.868 0.981 1.098 1.218 1.365 1.533 1.714 1.898 2.087 2.279 2.470 2.662 2.859 3.062 3.269 3.482 3.634 3.761 3.885 4.009 4.132 4.253 4.272 4.250 4.225
0.000 0.000 0.000 0.000 0.000 0.000 0.000 0.000 0.000 0.000 0.000 0.000 0.000 0.000 0.000 0.000 0.000 0.000 0.000 0.000 0.000 0.000 0.000 0.000 0.000 0.000 0.007 0.020 0.032 0.045 0.057 0.068 0.081 0.095 0.110 0.126 0.141 0.157 0.175 0.195 0.215 0.237 0.259 0.281 0.322 0.377 0.434 0.492 0.553 0.620 0.721 0.853 0.992 1.138 1.290 1.449 1.628 1.822 2.020 2.223 2.429 2.639 2.850 3.065 3.286 3.511 3.741 3.976 4.144 4.265 4.384 4.502 4.619 4.735 4.758 4.722 4.682
0.000 0.000 0.000 0.000 0.000 0.000 0.000 0.000 0.000 0.000 0.000 0.000 0.000 0.000 0.000 0.000 0.000 0.000 0.000 0.000 0.000 0.000 0.000 0.000 0.000 0.000 0.004 0.015 0.026 0.036 0.046 0.056 0.067 0.083 0.100 0.117 0.134 0.151 0.171 0.193 0.214 0.237 0.262 0.288 0.332 0.400 0.471 0.546 0.623 0.705 0.821 0.983 1.151 1.326 1.507 1.695 1.895 2.107 2.323 2.542 2.766 2.994 3.226 3.463 3.706 3.954 4.207 4.465 4.654 4.769 4.883 4.996 5.107 5.217 5.246 5.196 5.143
0.000 0.000 0.000 0.000 0.000 0.000 0.000 0.000 0.000 0.000 0.000 0.000 0.000 0.000 0.000 0.000 0.000 0.000 0.000 0.000 0.000 0.000 0.000 0.000 0.000 0.000 0.002 0.012 0.020 0.029 0.036 0.044 0.053 0.069 0.083 0.097 0.109 0.121 0.136 0.164 0.192 0.223 0.255 0.289 0.338 0.421 0.507 0.597 0.690 0.786 0.914 1.105 1.302 1.506 1.717 1.934 2.158 2.387 2.620 2.858 3.099 3.344 3.595 3.856 4.121 4.391 4.667 4.948 5.165 5.275 5.383 5.466 5.541 5.612 5.618 5.535 5.453
0.000 0.000 0.000 0.000 0.000 0.000 0.000 0.000 0.000 0.000 0.000 0.000 0.000 0.000 0.000 0.000 0.000 0.000 0.000 0.000 0.000 0.000 0.000 0.000 0.000 0.000 0.001 0.008 0.015 0.021 0.027 0.033 0.039 0.050 0.061 0.070 0.079 0.087 0.098 0.133 0.169 0.207 0.246 0.287 0.340 0.438 0.539 0.644 0.752 0.864 1.000 1.220 1.447 1.680 1.919 2.166 2.416 2.663 2.913 3.168 3.427 3.690 3.937 4.193 4.455 4.722 4.995 5.273 5.498 5.567 5.634 5.697 5.757 5.814 5.829 5.753 5.678
0.000 0.000 0.000 0.000 0.000 0.000 0.000 0.000 0.000 0.000 0.000 0.000 0.000 0.000 0.000 0.000 0.000 0.000 0.000 0.000 0.000 0.000 0.000 0.000 0.000 0.000 0.000 0.005 0.010 0.015 0.019 0.023 0.026 0.033 0.040 0.045 0.050 0.054 0.058 0.100 0.144 0.189 0.235 0.284 0.338 0.452 0.568 0.688 0.812 0.938 1.080 1.329 1.584 1.832 2.078 2.326 2.573 2.811 3.052 3.296 3.544 3.794 4.051 4.332 4.618 4.910 5.207 5.509 5.775 5.831 5.883 5.931 5.977 6.019 6.038 5.969 5.902
0.000 0.000 0.000 0.000 0.000 0.000 0.000 0.000 0.000 0.000 0.000 0.000 0.000 0.000 0.000 0.000 0.000 0.000 0.000 0.000 0.000 0.000 0.000 0.000 0.000 0.000 0.000 0.003 0.006 0.009 0.011 0.013 0.014 0.017 0.019 0.021 0.022 0.021 0.020 0.066 0.117 0.169 0.223 0.279 0.335 0.457 0.583 0.709 0.836 0.964 1.093 1.339 1.588 1.839 2.090 2.343 2.597 2.849 3.105 3.363 3.625 3.890 4.160 4.465 4.775 5.091 5.413 5.740 6.056 6.097 6.134 6.168 6.199 6.227 6.244 6.183 6.124
0.000 0.000 0.000 0.000 0.000 0.000 0.000 0.000 0.000 0.000 0.000 0.000 0.000 0.000 0.000 0.000 0.000 0.000 0.000 0.000 0.000 0.000 0.000 0.000 0.000 0.000 0.000 0.001 0.002 0.003 0.003 0.003 0.003 0.002 0.000 0.000 0.001 0.002 0.003 0.049 0.106 0.162 0.217 0.273 0.328 0.444 0.573 0.703 0.833 0.964 1.096 1.334 1.588 1.844 2.101 2.359 2.618 2.884 3.154 3.427 3.704 3.983 4.266 4.592 4.927 5.267 5.613 5.964 6.321 6.365 6.388 6.408 6.424 6.438 6.447 6.395 6.326
0.000 0.000 0.000 0.000 0.000 0.000 0.000 0.000 0.000 0.000 0.000 0.000 0.000 0.000 0.000 0.000 0.000 0.000 0.000 0.000 0.000 0.000 0.000 0.000 0.000 0.000 0.000 0.000 0.000 0.000 0.000 0.000 0.000 0.001 0.002 0.003 0.005 0.007 0.009 0.049 0.104 0.158 0.213 0.267 0.321 0.431 0.563 0.696 0.830 0.964 1.099 1.327 1.587 1.848 2.110 2.373 2.638 2.916 3.200 3.488 3.779 4.073 4.370 4.714 5.073 5.438 5.806 6.142 6.474 6.516 6.508 6.508 6.517 6.534 6.559 6.487 6.396
0.000 0.000 0.000 0.000 0.000 0.000 0.000 0.000 0.000 0.000 0.000 0.000 0.000 0.000 0.000 0.000 0.000 0.000 0.000 0.000 0.000 0.000 0.000 0.000 0.000 0.000 0.000 0.000 0.000 0.000 0.000 0.000 0.000 0.001 0.004 0.006 0.009 0.012 0.016 0.048 0.102 0.155 0.209 0.261 0.314 0.416 0.552 0.688 0.825 0.963 1.101 1.320 1.585 1.851 2.118 2.386 2.656 2.942 3.220 3.503 3.792 4.085 4.385 4.709 5.040 5.367 5.690 6.009 6.324 6.426 6.455 6.492 6.537 6.590 6.652 6.585 6.470
0.000 0.000 0.000 0.000 0.000 0.000 0.000 0.000 0.000 0.000 0.000 0.000 0.000 0.000 0.000 0.000 0.000 0.000 0.000 0.000 0.000 0.000 0.000 0.000 0.000 0.000 0.000 0.000 0.000 0.000 0.000 0.000 0.000 0.001 0.005 0.009 0.013 0.017 0.022 0.048 0.101 0.153 0.205 0.256 0.307 0.401 0.540 0.680 0.819 0.950 1.078 1.269 1.518 1.765 2.010 2.253 2.493 2.764 3.066 3.373 3.686 4.004 4.327 4.648 4.962 5.272 5.578 5.880 6.178 6.328 6.394 6.467 6.549 6.639 6.737 6.687 6.550
0.000 0.000 0.000 0.000 0.000 0.000 0.000 0.000 0.000 0.000 0.000 0.000 0.000 0.000 0.000 0.000 0.000 0.000 0.000 0.000 0.000 0.000 0.000 0.000 0.000 0.000 0.000 0.000 0.000 0.000 0.000 0.000 0.000 0.001 0.006 0.011 0.016 0.022 0.027 0.049 0.099 0.148 0.195 0.242 0.288 0.364 0.490 0.614 0.736 0.855 0.971 1.136 1.376 1.613 1.848 2.081 2.312 2.581 2.907 3.238 3.575 3.917 4.264 4.591 4.888 5.181 5.470 5.755 6.036 6.223 6.324 6.434 6.553 6.679 6.814 6.795 6.634
0.000 0.000 0.000 0.000 0.000 0.000 0.000 0.000 0.000 0.000 0.000 0.000 0.000 0.000 0.000 0.000 0.000 0.000 0.000 0.000 0.000 0.000 0.000 0.000 0.000 0.000 0.000 0.000 0.000 0.000 0.000 0.000 0.000 0.001 0.007 0.012 0.018 0.024 0.030 0.045 0.090 0.134 0.176 0.218 0.258 0.318 0.433 0.545 0.655 0.762 0.867 1.006 1.236 1.463 1.689 1.912 2.132 2.393 2.742 3.098 3.458 3.824 4.196 4.538 4.818 5.094 5.366 5.634 5.898 6.109 6.247 6.395 6.579 6.775 6.982 7.037 6.870
0.000 0.000 0.000 0.000 0.000 0.000 0.000 0.000 0.000 0.000 0.000 0.000 0.000 0.000 0.000 0.000 0.000 0.000 0.000 0.000 0.000 0.000 0.000 0.000 0.000 0.000 0.000 0.000 0.000 0.000 0.000 0.000 0.000 0.000 0.006 0.013 0.019 0.025 0.032 0.042 0.082 0.121 0.158 0.195 0.230 0.275 0.378 0.479 0.577 0.673 0.766 0.879 1.099 1.316 1.532 1.745 1.956 2.199 2.573 2.952 3.336 3.726 4.121 4.461 4.715 4.983 5.265 5.561 5.871 6.159 6.371 6.595 6.830 7.076 7.333 7.447 7.229
0.000 0.000 0.000 0.000 0.000 0.000 0.000 0.000 0.000 0.000 0.000 0.000 0.000 0.000 0.000 0.000 0.000 0.000 0.000 0.000 0.000 0.000 0.000 0.000 0.000 0.000 0.000 0.000 0.000 0.000 0.000 0.000 0.000 0.000 0.006 0.013 0.020 0.026 0.033 0.041 0.075 0.109 0.142 0.173 0.204 0.234 0.326 0.415 0.502 0.586 0.667 0.754 0.964 1.172 1.374 1.573 1.767 1.977 2.349 2.718 3.085 3.449 3.811 4.163 4.479 4.809 5.154 5.512 5.884 6.247 6.509 6.783 7.069 7.365 7.673 7.868 7.599
0.000 0.000 0.000 0.000 0.000 0.000 0.000 0.000 0.000 0.000 0.000 0.000 0.000 0.000 0.000 0.000 0.000 0.000 0.000 0.000 0.000 0.000 0.000 0.000 0.000 0.000 0.000 0.000 0.000 0.000 0.000 0.000 0.000 0.000 0.006 0.013 0.020 0.028 0.035 0.043 0.070 0.098 0.126 0.153 0.178 0.202 0.276 0.353 0.428 0.499 0.568 0.634 0.820 1.009 1.195 1.377 1.555 1.730 2.087 2.445 2.801 3.153 3.503 3.851 4.230 4.623 5.029 5.450 5.884 6.323 6.636 6.960 7.296 7.643 8.001 8.299 7.980
0.000 0.000 0.000 0.000 0.000 0.000 0.000 0.000 0.000 0.000 0.000 0.000 0.000 0.000 0.000 0.000 0.000 0.000 0.000 0.000 0.000 0.000 0.000 0.000 0.000 0.000 0.000 0.000 0.000 0.000 0.000 0.000 0.000 0.000 0.005 0.013 0.021 0.029 0.037 0.045 0.065 0.088 0.111 0.132 0.151 0.170 0.227 0.291 0.354 0.413 0.470 0.523 0.679 0.851 1.020 1.186 1.347 1.505 1.829 2.176 2.519 2.861 3.199 3.535 3.967 4.422 4.890 5.373 5.870 6.381 6.751 7.126 7.512 7.909 8.318 8.738 8.371
0.000 0.000 0.000 0.000 0.000 0.000 0.000 0.000 0.000 0.000 0.000 0.000 0.000 0.000 0.000 0.000 0.000 0.000 0.000 0.000 0.000 0.000 0.000 0.000 0.000 0.000 0.000 0.000 0.000 0.001 0.001 0.002 0.004 0.005 0.010 0.018 0.025 0.033 0.040 0.047 0.061 0.079 0.096 0.112 0.126 0.139 0.180 0.233 0.283 0.330 0.374 0.416 0.541 0.697 0.850 0.998 1.143 1.284 1.574 1.909 2.241 2.571 2.898 3.222 3.690 4.207 4.738 5.283 5.880 6.494 6.946 7.355 7.748 8.127 8.491 8.840 8.520
0.000 0.000 0.000 0.000 0.000 0.000 0.000 0.000 0.000 0.000 0.000 0.000 0.000 0.000 0.000 0.000 0.000 0.000 0.000 0.000 0.000 0.000 0.000 0.000 0.000 0.000 0.000 0.000 0.001 0.002 0.004 0.006 0.009 0.011 0.016 0.023 0.030 0.036 0.043 0.049 0.059 0.071 0.083 0.093 0.102 0.109 0.136 0.177 0.214 0.250 0.282 0.311 0.408 0.547 0.683 0.815 0.944 1.068 1.321 1.675 2.050 2.437 2.837 3.250 3.803 4.418 5.038 5.662 6.289 6.921 7.350 7.693 8.021 8.333 8.632 8.915 8.663
0.000 0.000 0.000 0.000 0.000 0.000 0.000 0.000 0.000 0.000 0.000 0.000 0.000 0.000 0.000 0.000 0.000 0.000 0.000 0.000 0.000 0.000 0.000 0.000 0.000 0.000 0.000 0.000 0.001 0.004 0.007 0.010 0.014 0.018 0.022 0.028 0.034 0.040 0.046 0.051 0.058 0.065 0.071 0.075 0.079 0.081 0.095 0.124 0.149 0.172 0.198 0.226 0.310 0.456 0.604 0.755 0.907 1.063 1.353 1.772 2.202 2.646 3.102 3.571 4.136 4.770 5.407 6.048 6.694 7.343 7.768 8.045 8.307 8.554 8.787 9.004 8.805
0.000 0.000 0.000 0.000 0.000 0.000 0.000 0.000 0.000 0.000 0.000 0.000 0.000 0.000 0.000 0.000 0.000 0.000 0.000 0.000 0.000 0.000 0.000 0.000 0.000 0.000 0.000 0.000 0.001 0.005 0.009 0.013 0.018 0.023 0.029 0.034 0.039 0.044 0.049 0.054 0.058 0.061 0.065 0.068 0.069 0.070 0.079 0.107 0.134 0.160 0.186 0.211 0.284 0.440 0.599 0.760 0.924 1.089 1.381 1.855 2.342 2.842 3.354 3.878 4.465 5.117 5.772 6.431 7.094 7.761 8.201 8.412 8.608 8.789 8.956 9.108 8.947
0.000 0.000 0.000 0.000 0.000 0.000 0.000 0.000 0.000 0.000 0.000 0.000 0.000 0.000 0.000 0.000 0.000 0.000 0.000 0.000 0.000 0.000 0.000 0.000 0.000 0.000 0.000 0.000 0.000 0.005 0.011 0.017 0.026 0.037 0.049 0.057 0.064 0.070 0.075 0.079 0.082 0.082 0.082 0.081 0.078 0.075 0.077 0.102 0.127 0.151 0.174 0.197 0.255 0.422 0.591 0.763 0.937 1.114 1.396 1.926 2.469 3.024 3.592 4.172 4.790 5.459 6.132 6.808 7.489 8.174 8.647 8.792 8.923 9.036 9.147 9.274 9.190
0.000 0.000 0.000 0.000 0.000 0.000 0.000 0.000 0.000 0.000 0.000 0.000 0.000 0.000 0.000 0.000 0.000 0.000 0.000 0.000 0.000 0.000 0.000 0.001 0.003 0.007 0.013 0.020 0.029 0.040 0.052 0.064 0.076 0.088 0.101 0.105 0.108 0.109 0.109 0.109 0.107 0.104 0.100 0.094 0.088 0.081 0.076 0.099 0.120 0.142 0.163 0.183 0.224 0.402 0.582 0.764 0.948 1.135 1.398 1.984 2.583 3.194 3.817 4.454 5.102 5.749 6.390 7.026 7.655 8.278 8.751 8.884 9.033 9.199 9.380 9.576 9.605
0.000 0.000 0.000 0.000 0.000 0.000 0.000 0.000 0.000 0.000 0.000 0.000 0.000 0.000 0.000 0.000 0.000 0.000 0.001 0.002 0.002 0.004 0.005 0.011 0.020 0.031 0.044 0.057 0.073 0.086 0.099 0.112 0.126 0.139 0.153 0.154 0.152 0.149 0.145 0.140 0.134 0.127 0.118 0.109 0.099 0.088 0.076 0.095 0.115 0.134 0.152 0.170 0.191 0.379 0.569 0.766 0.980 1.196 1.445 2.069 2.688 3.303 3.913 4.518 5.123 5.744 6.359 6.968 7.572 8.169 8.688 8.891 9.110 9.346 9.597 9.863 10.011
0.000 0.000 0.000 0.000 0.000 0.000 0.000 0.000 0.000 0.000 0.000 0.000 0.000 0.000 0.000 0.000 0.000 0.001 0.002 0.004 0.006 0.007 0.010 0.020 0.036 0.053 0.072 0.093 0.115 0.132 0.146 0.160 0.175 0.190 0.205 0.205 0.198 0.190 0.182 0.172 0.162 0.150 0.138 0.125 0.111 0.096 0.082 0.110 0.144 0.180 0.218 0.258 0.299 0.500 0.718 0.938 1.160 1.383 1.608 2.198 2.797 3.392 3.982 4.568 5.149 5.744 6.333 6.917 7.494 8.065 8.609 8.882 9.172 9.477 9.798 10.135 10.409
0.000 0.000 0.000 0.000 0.000 0.000 0.000 0.000 0.000 0.000 0.000 0.000 0.000 0.000 0.000 0.000 0.000 0.001 0.003 0.006 0.008 0.011 0.014 0.027 0.050 0.074 0.100 0.127 0.156 0.177 0.192 0.208 0.224 0.240 0.256 0.256 0.245 0.236 0.242 0.241 0.233 0.228 0.225 0.223 0.219 0.216 0.212 0.240 0.282 0.326 0.372 0.419 0.469 0.657 0.882 1.109 1.338 1.569 1.801 2.332 2.911 3.486 4.056 4.621 5.183 5.750 6.314 6.871 7.422 7.968 8.507 8.858 9.217 9.593 9.983 10.390 10.799
0.000 0.000 0.000 0.000 0.000 0.000 0.000 0.000 0.000 0.000 0.000 0.000 0.000 0.000 0.000 0.000 0.000 0.001 0.004 0.007 0.011 0.015 0.019 0.032 0.061 0.092 0.125 0.159 0.200 0.277 0.336 0.389 0.436 0.476 0.511 0.523 0.511 0.492 0.466 0.432 0.391 0.368 0.363 0.359 0.353 0.347 0.341 0.369 0.419 0.470 0.524 0.579 0.636 0.811 1.044 1.278 1.515 1.752 1.992 2.470 3.029 3.584 4.134 4.680 5.221 5.762 6.300 6.831 7.357 7.876 8.351 8.689 9.015 9.344 9.676 10.011 10.348
0.000 0.000 0.000 0.000 0.000 0.000 0.000 0.000 0.000 0.000 0.000 0.000 0.000 0.000 0.000 0.000 0.000 0.001 0.005 0.012 0.048 0.089 0.137 0.197 0.282 0.374 0.470 0.573 0.680 0.768 0.800 0.826 0.846 0.859 0.867 0.854 0.809 0.757 0.697 0.630 0.556 0.508 0.502 0.495 0.487 0.480 0.471 0.495 0.553 0.612 0.673 0.736 0.801 0.964 1.204 1.446 1.689 1.934 2.180 2.612 3.151 3.673 4.165 4.644 5.109 5.556 5.985 6.396 6.790 7.165 7.523 7.863 8.202 8.544 8.889 9.236 9.587
0.000 0.000 0.000 0.000 0.000 0.000 0.000 0.000 0.000 0.000 0.000 0.000 0.008 0.026 0.050 0.081 0.119 0.161 0.210 0.266 0.327 0.394 0.467 0.549 0.659 0.774 0.895 1.022 1.154 1.266 1.271 1.269 1.262 1.249 1.229 1.192 1.114 1.029 0.937 0.837 0.729 0.649 0.641 0.632 0.622 0.612 0.601 0.619 0.685 0.752 0.821 0.892 0.972 1.135 1.383 1.620 1.847 2.063 2.269 2.605 3.064 3.509 3.940 4.357 4.760 5.137 5.488 5.821 6.137 6.435 6.715 7.034 7.387 7.741 8.099 8.460 8.824
