DATA/SHG/CPC/2018/20180306.asc
ncols        190
nrows        64
xllcorner    -5100000.000000000000
yllcorner    4130000.000000000000
cellsize     10000.000000000000
NODATA_value  -99999.000
[rows 0 to 33 of 64, columns 76 to 151 of 190]
0.000 0.000 0.000 0.000 0.000 0.000 0.000 0.000 0.000 0.000 0.000 0.000 0.000 0.000 0.000 0.001 0.002 0.002 0.003 0.002 0.002 0.001 0.000 0.000 0.000 0.000 0.000 0.000 0.000 0.000 0.000 0.000 0.000 0.000 0.000 0.000 0.000 0.000 0.001 0.004 0.007 0.009 0.011 0.013 0.031 0.098 0.168 0.240 0.316 0.394 0.486 0.617 0.752 0.890 1.031 1.177 1.330 1.499 1.673 1.851 2.035 2.223 2.442 2.734 3.028 3.324 3.620 3.918 4.248 4.661 5.068 5.470 5.866 6.257 6.640 7.009
0.000 0.000 0.000 0.000 0.000 0.000 0.000 0.000 0.000 0.000 0.000 0.000 0.000 0.000 0.000 0.000 0.000 0.000 0.000 0.000 0.000 0.000 0.000 0.000 0.000 0.000 0.000 0.000 0.000 0.000 0.000 0.000 0.000 0.000 0.000 0.000 0.000 0.000 0.000 0.002 0.004 0.005 0.006 0.007 0.018 0.097 0.179 0.263 0.351 0.441 0.541 0.688 0.838 0.992 1.154 1.320 1.491 1.683 1.879 2.077 2.279 2.485 2.706 3.005 3.304 3.606 3.908 4.211 4.530 4.918 5.300 5.677 6.048 6.414 6.768 7.085
0.000 0.000 0.000 0.000 0.000 0.000 0.000 0.000 0.000 0.000 0.000 0.000 0.000 0.000 0.000 0.000 0.000 0.000 0.000 0.000 0.000 0.000 0.000 0.000 0.000 0.000 0.000 0.000 0.000 0.000 0.000 0.000 0.000 0.000 0.000 0.000 0.000 0.000 0.000 0.001 0.001 0.001 0.001 0.001 0.001 0.096 0.197 0.303 0.413 0.528 0.649 0.816 0.984 1.155 1.327 1.500 1.677 1.884 2.094 2.307 2.523 2.743 2.969 3.273 3.579 3.886 4.194 4.503 4.816 5.179 5.537 5.889 6.235 6.576 6.908 7.172
0.000 0.000 0.000 0.000 0.000 0.000 0.000 0.000 0.000 0.000 0.000 0.000 0.000 0.000 0.000 0.000 0.000 0.000 0.000 0.000 0.000 0.000 0.000 0.000 0.000 0.000 0.000 0.000 0.000 0.000 0.000 0.000 0.000 0.000 0.000 0.000 0.000 0.000 0.000 0.002 0.006 0.010 0.016 0.024 0.032 0.138 0.260 0.386 0.516 0.652 0.792 0.963 1.139 1.317 1.497 1.679 1.862 2.080 2.305 2.533 2.764 2.998 3.236 3.540 3.852 4.164 4.478 4.793 5.109 5.446 5.779 6.106 6.427 6.743 7.053 7.270
0.000 0.000 0.000 0.000 0.000 0.000 0.000 0.000 0.000 0.000 0.000 0.000 0.000 0.000 0.000 0.000 0.000 0.000 0.000 0.000 0.000 0.000 0.000 0.000 0.000 0.000 0.000 0.000 0.000 0.000 0.000 0.000 0.000 0.000 0.000 0.000 0.000 0.000 0.000 0.006 0.015 0.026 0.037 0.050 0.064 0.175 0.317 0.463 0.614 0.770 0.930 1.109 1.293 1.478 1.666 1.855 2.045 2.273 2.512 2.754 3.000 3.249 3.501 3.806 4.123 4.441 4.760 5.080 5.398 5.714 6.030 6.346 6.663 6.980 7.297 7.531
0.000 0.000 0.000 0.000 0.000 0.000 0.000 0.000 0.000 0.000 0.000 0.000 0.000 0.000 0.000 0.000 0.000 0.000 0.000 0.000 0.000 0.000 0.000 0.000 0.000 0.000 0.000 0.000 0.000 0.000 0.000 0.000 0.000 0.000 0.000 0.000 0.000 0.000 0.000 0.009 0.023 0.039 0.056 0.075 0.095 0.206 0.369 0.536 0.707 0.884 1.064 1.252 1.444 1.637 1.832 2.029 2.227 2.462 2.715 2.968 3.224 3.481 3.740 4.041 4.360 4.680 5.003 5.327 5.653 5.973 6.290 6.608 6.926 7.244 7.563 7.806
0.000 0.000 0.000 0.000 0.000 0.000 0.000 0.000 0.000 0.000 0.000 0.000 0.000 0.000 0.000 0.000 0.000 0.000 0.000 0.000 0.000 0.000 0.000 0.000 0.000 0.000 0.000 0.000 0.000 0.000 0.000 0.000 0.000 0.000 0.000 0.000 0.000 0.000 0.000 0.010 0.030 0.052 0.075 0.098 0.124 0.233 0.416 0.604 0.796 0.990 1.184 1.378 1.574 1.773 1.976 2.183 2.393 2.633 2.893 3.155 3.419 3.684 3.952 4.254 4.581 4.910 5.240 5.572 5.906 6.231 6.550 6.869 7.188 7.508 7.828 8.080
0.000 0.000 0.000 0.000 0.000 0.000 0.000 0.000 0.000 0.000 0.000 0.000 0.000 0.000 0.000 0.000 0.000 0.000 0.000 0.000 0.000 0.000 0.000 0.000 0.000 0.000 0.000 0.000 0.000 0.000 0.000 0.000 0.000 0.000 0.000 0.000 0.000 0.000 0.000 0.010 0.036 0.066 0.098 0.133 0.171 0.276 0.471 0.665 0.861 1.056 1.253 1.455 1.667 1.883 2.103 2.326 2.553 2.800 3.068 3.339 3.611 3.885 4.161 4.466 4.800 5.137 5.475 5.815 6.157 6.489 6.809 7.129 7.450 7.771 8.092 8.355
0.000 0.000 0.000 0.000 0.000 0.000 0.000 0.000 0.000 0.000 0.000 0.000 0.000 0.000 0.000 0.000 0.000 0.000 0.000 0.000 0.000 0.000 0.000 0.000 0.000 0.000 0.000 0.000 0.000 0.000 0.000 0.000 0.000 0.000 0.000 0.000 0.000 0.000 0.000 0.011 0.050 0.092 0.137 0.184 0.235 0.332 0.529 0.726 0.924 1.122 1.320 1.528 1.757 1.989 2.225 2.465 2.708 2.965 3.242 3.521 3.801 4.084 4.369 4.675 5.017 5.362 5.708 6.056 6.406 6.745 7.067 7.389 7.701 8.009 8.315 8.576
0.000 0.000 0.000 0.000 0.000 0.000 0.000 0.000 0.000 0.000 0.000 0.000 0.000 0.000 0.000 0.000 0.000 0.000 0.000 0.000 0.000 0.000 0.000 0.000 0.000 0.000 0.000 0.000 0.000 0.000 0.000 0.000 0.000 0.000 0.000 0.000 0.000 0.000 0.000 0.009 0.060 0.115 0.173 0.233 0.296 0.387 0.586 0.786 0.986 1.186 1.387 1.598 1.843 2.091 2.344 2.600 2.860 3.128 3.413 3.700 3.989 4.280 4.573 4.871 5.211 5.554 5.901 6.252 6.607 6.950 7.255 7.558 7.858 8.156 8.452 8.721
0.000 0.000 0.000 0.000 0.000 0.000 0.000 0.000 0.000 0.000 0.000 0.000 0.000 0.000 0.000 0.000 0.000 0.000 0.000 0.000 0.000 0.000 0.000 0.000 0.000 0.000 0.000 0.000 0.000 0.000 0.000 0.000 0.000 0.000 0.000 0.000 0.000 0.000 0.000 0.003 0.068 0.135 0.205 0.278 0.354 0.442 0.643 0.845 1.047 1.250 1.454 1.663 1.924 2.189 2.450 2.710 2.971 3.236 3.517 3.800 4.084 4.371 4.660 4.959 5.316 5.676 6.040 6.408 6.779 7.141 7.436 7.728 8.018 8.305 8.590 8.862
0.000 0.000 0.000 0.000 0.000 0.000 0.000 0.000 0.000 0.000 0.000 0.000 0.000 0.000 0.000 0.000 0.000 0.000 0.000 0.000 0.000 0.000 0.000 0.000 0.000 0.000 0.000 0.000 0.000 0.000 0.000 0.000 0.000 0.000 0.000 0.000 0.000 0.000 0.000 0.000 0.072 0.152 0.235 0.320 0.409 0.500 0.697 0.896 1.095 1.291 1.486 1.679 1.940 2.204 2.469 2.736 3.004 3.273 3.563 3.854 4.148 4.444 4.742 5.043 5.417 5.794 6.174 6.559 6.947 7.334 7.618 7.899 8.179 8.456 8.731 9.000
0.000 0.000 0.000 0.000 0.000 0.000 0.000 0.000 0.000 0.000 0.000 0.000 0.000 0.000 0.000 0.000 0.000 0.000 0.000 0.000 0.000 0.000 0.000 0.000 0.000 0.000 0.000 0.000 0.000 0.000 0.000 0.000 0.000 0.000 0.000 0.000 0.001 0.004 0.008 0.012 0.087 0.179 0.272 0.367 0.464 0.562 0.741 0.934 1.124 1.314 1.501 1.687 1.945 2.215 2.487 2.760 3.034 3.310 3.606 3.907 4.210 4.514 4.821 5.130 5.514 5.907 6.305 6.706 7.112 7.521 7.802 8.073 8.342 8.609 8.873 9.135
0.000 0.000 0.000 0.000 0.000 0.000 0.000 0.000 0.000 0.000 0.000 0.000 0.000 0.000 0.000 0.000 0.000 0.000 0.000 0.000 0.000 0.000 0.000 0.000 0.000 0.000 0.000 0.000 0.000 0.000 0.000 0.000 0.000 0.000 0.003 0.008 0.015 0.022 0.031 0.040 0.112 0.211 0.311 0.413 0.517 0.622 0.787 0.972 1.156 1.338 1.519 1.697 1.949 2.225 2.503 2.782 3.063 3.345 3.648 3.957 4.269 4.583 4.898 5.216 5.606 6.017 6.432 6.849 7.261 7.675 7.972 8.259 8.558 8.869 9.193 9.530
0.000 0.000 0.000 0.000 0.000 0.000 0.000 0.000 0.000 0.000 0.000 0.000 0.000 0.000 0.000 0.000 0.000 0.000 0.000 0.000 0.000 0.000 0.000 0.000 0.000 0.000 0.000 0.000 0.000 0.000 0.000 0.000 0.000 0.000 0.005 0.015 0.027 0.039 0.053 0.067 0.134 0.240 0.348 0.457 0.568 0.681 0.835 1.013 1.189 1.364 1.537 1.709 1.950 2.233 2.518 2.803 3.091 3.379 3.686 3.994 4.307 4.624 4.946 5.273 5.661 6.075 6.491 6.909 7.328 7.749 8.105 8.447 8.802 9.170 9.550 9.942
0.000 0.000 0.000 0.000 0.000 0.000 0.000 0.000 0.000 0.000 0.000 0.000 0.000 0.000 0.000 0.000 0.000 0.000 0.000 0.000 0.000 0.000 0.000 0.000 0.000 0.000 0.000 0.000 0.000 0.000 0.000 0.000 0.000 0.000 0.006 0.021 0.037 0.055 0.073 0.093 0.155 0.268 0.383 0.500 0.618 0.738 0.884 1.055 1.224 1.391 1.550 1.709 1.931 2.208 2.485 2.760 3.034 3.308 3.609 3.939 4.273 4.612 4.956 5.304 5.696 6.118 6.541 6.966 7.393 7.821 8.225 8.623 9.034 9.458 9.894 10.342
0.000 0.000 0.000 0.000 0.000 0.000 0.000 0.000 0.000 0.000 0.000 0.000 0.000 0.000 0.000 0.000 0.000 0.000 0.000 0.000 0.000 0.000 0.000 0.000 0.000 0.000 0.000 0.000 0.000 0.000 0.000 0.000 0.000 0.000 0.006 0.026 0.047 0.069 0.093 0.117 0.174 0.291 0.406 0.519 0.631 0.741 0.868 1.027 1.187 1.346 1.506 1.666 1.872 2.145 2.416 2.687 2.956 3.225 3.527 3.878 4.234 4.595 4.960 5.330 5.730 6.159 6.590 7.022 7.456 7.892 8.333 8.787 9.254 9.733 10.225 10.729
0.000 0.000 0.000 0.000 0.000 0.000 0.000 0.000 0.000 0.000 0.000 0.000 0.000 0.000 0.000 0.000 0.000 0.000 0.000 0.000 0.000 0.000 0.000 0.000 0.000 0.000 0.000 0.000 0.000 0.000 0.000 0.000 0.000 0.000 0.004 0.028 0.053 0.078 0.104 0.130 0.176 0.285 0.392 0.498 0.602 0.704 0.820 0.980 1.141 1.301 1.461 1.622 1.814 2.082 2.349 2.615 2.880 3.143 3.441 3.813 4.190 4.573 4.960 5.352 5.762 6.198 6.636 7.076 7.517 7.960 8.427 8.937 9.466 10.146 10.877 11.660
0.000 0.000 0.000 0.000 0.000 0.000 0.000 0.000 0.000 0.000 0.000 0.000 0.000 0.000 0.000 0.000 0.000 0.000 0.000 0.000 0.000 0.000 0.000 0.000 0.000 0.000 0.000 0.000 0.000 0.000 0.000 0.000 0.000 0.000 0.002 0.028 0.056 0.084 0.112 0.141 0.179 0.280 0.380 0.478 0.575 0.670 0.773 0.933 1.094 1.255 1.417 1.578 1.758 2.021 2.283 2.544 2.804 3.063 3.349 3.743 4.142 4.546 4.954 5.368 5.792 6.263 6.763 7.293 7.851 8.438 9.096 9.901 10.758 11.666 12.625 13.636
0.000 0.000 0.000 0.000 0.000 0.000 0.000 0.000 0.000 0.000 0.000 0.000 0.000 0.000 0.000 0.000 0.000 0.000 0.000 0.000 0.000 0.000 0.000 0.000 0.000 0.000 0.000 0.000 0.000 0.000 0.000 0.000 0.000 0.000 0.000 0.028 0.058 0.089 0.120 0.152 0.185 0.278 0.370 0.461 0.550 0.637 0.725 0.886 1.048 1.210 1.372 1.534 1.702 1.961 2.218 2.466 2.716 2.967 3.235 3.647 4.064 4.486 4.913 5.345 5.802 6.402 7.031 7.689 8.376 9.092 9.880 10.913 11.998 13.133 14.320 15.558
0.000 0.000 0.000 0.000 0.000 0.000 0.000 0.000 0.000 0.000 0.000 0.000 0.000 0.000 0.000 0.000 0.000 0.000 0.000 0.000 0.000 0.000 0.000 0.000 0.000 0.000 0.000 0.000 0.000 0.000 0.000 0.000 0.000 0.000 0.000 0.027 0.060 0.093 0.127 0.162 0.197 0.277 0.362 0.445 0.527 0.606 0.677 0.823 0.976 1.127 1.277 1.426 1.573 1.819 2.072 2.327 2.583 2.840 3.098 3.530 3.969 4.414 4.863 5.318 5.784 6.513 7.270 8.057 8.872 9.717 10.613 11.873 13.185 14.548 15.963 17.428
0.000 0.000 0.000 0.000 0.000 0.000 0.000 0.000 0.000 0.000 0.000 0.000 0.000 0.000 0.000 0.000 0.000 0.000 0.000 0.000 0.000 0.000 0.000 0.000 0.000 0.000 0.000 0.000 0.000 0.000 0.000 0.000 0.000 0.000 0.000 0.025 0.060 0.094 0.126 0.157 0.187 0.248 0.318 0.386 0.451 0.515 0.577 0.706 0.853 0.999 1.143 1.286 1.428 1.666 1.926 2.186 2.448 2.711 2.975 3.408 3.870 4.337 4.809 5.286 5.767 6.593 7.480 8.395 9.339 10.312 11.314 12.781 14.321 15.911 17.553 19.246
0.000 0.000 0.000 0.000 0.000 0.000 0.000 0.000 0.000 0.000 0.000 0.000 0.000 0.000 0.000 0.000 0.000 0.000 0.000 0.000 0.000 0.000 0.000 0.000 0.000 0.000 0.000 0.000 0.000 0.000 0.000 0.000 0.000 0.000 0.000 0.018 0.047 0.074 0.100 0.125 0.149 0.196 0.257 0.316 0.372 0.426 0.479 0.591 0.732 0.872 1.011 1.149 1.285 1.512 1.778 2.044 2.312 2.581 2.851 3.281 3.765 4.254 4.749 5.248 5.752 6.645 7.660 8.703 9.776 10.936 12.144 13.827 15.624 17.451 19.309 21.198
0.000 0.000 0.000 0.000 0.000 0.000 0.000 0.000 0.000 0.000 0.000 0.000 0.000 0.000 0.000 0.000 0.000 0.000 0.000 0.001 0.001 0.001 0.000 0.000 0.000 0.000 0.000 0.000 0.000 0.000 0.000 0.000 0.000 0.000 0.000 0.011 0.034 0.056 0.076 0.095 0.113 0.148 0.199 0.248 0.295 0.340 0.383 0.477 0.613 0.747 0.881 1.013 1.143 1.357 1.628 1.901 2.174 2.449 2.726 3.148 3.680 4.244 4.833 5.447 6.087 7.115 8.335 9.583 10.860 12.165 13.499 15.258 17.191 19.155 21.150 23.176
0.000 0.000 0.000 0.000 0.000 0.000 0.000 0.000 0.000 0.000 0.000 0.000 0.002 0.003 0.004 0.005 0.006 0.007 0.006 0.006 0.004 0.003 0.001 0.000 0.000 0.000 0.000 0.000 0.000 0.000 0.000 0.000 0.000 0.000 0.000 0.006 0.023 0.039 0.053 0.066 0.078 0.101 0.143 0.183 0.220 0.256 0.289 0.364 0.495 0.624 0.751 0.879 1.004 1.205 1.495 1.791 2.095 2.405 2.722 3.209 3.860 4.536 5.238 5.965 6.717 7.808 9.154 10.529 11.932 13.364 14.824 16.657 18.727 20.827 22.958 25.121
0.000 0.000 0.000 0.000 0.001 0.003 0.005 0.007 0.008 0.009 0.010 0.011 0.012 0.013 0.014 0.014 0.015 0.015 0.013 0.011 0.008 0.006 0.003 0.000 0.000 0.000 0.000 0.000 0.000 0.000 0.000 0.000 0.000 0.000 0.000 0.003 0.014 0.023 0.032 0.039 0.044 0.057 0.091 0.125 0.157 0.187 0.216 0.274 0.399 0.520 0.640 0.757 0.872 1.059 1.380 1.707 2.042 2.384 2.732 3.250 4.013 4.802 5.617 6.456 7.322 8.470 9.943 11.445 12.974 14.533 16.120 18.023 20.229 22.466 24.734 27.033
0.006 0.008 0.010 0.013 0.015 0.018 0.020 0.021 0.021 0.022 0.022 0.022 0.023 0.023 0.023 0.023 0.023 0.023 0.020 0.017 0.013 0.009 0.005 0.000 0.000 0.000 0.000 0.000 0.000 0.000 0.000 0.000 0.000 0.000 0.000 0.001 0.008 0.014 0.020 0.026 0.032 0.040 0.068 0.094 0.117 0.140 0.160 0.198 0.312 0.423 0.532 0.638 0.742 0.906 1.258 1.616 1.982 2.355 2.735 3.265 4.141 5.042 5.969 6.922 7.899 9.103 10.703 12.330 13.987 15.671 17.385 19.357 21.700 24.073 26.357 28.296
0.017 0.020 0.023 0.026 0.030 0.034 0.035 0.035 0.035 0.035 0.034 0.034 0.034 0.033 0.033 0.032 0.032 0.031 0.027 0.023 0.018 0.012 0.007 0.001 0.001 0.001 0.001 0.001 0.001 0.000 0.000 0.000 0.000 0.000 0.000 0.000 0.005 0.010 0.015 0.019 0.023 0.027 0.046 0.064 0.080 0.094 0.106 0.125 0.228 0.328 0.426 0.522 0.615 0.745 1.128 1.518 1.915 2.319 2.731 3.254 4.242 5.256 6.296 7.360 8.450 9.679 11.243 12.774 14.273 15.739 17.171 18.721 20.585 22.395 24.152 25.855
0.028 0.032 0.036 0.040 0.044 0.049 0.050 0.049 0.049 0.048 0.047 0.045 0.044 0.044 0.043 0.042 0.041 0.039 0.035 0.030 0.025 0.020 0.015 0.010 0.008 0.007 0.006 0.005 0.003 0.000 0.000 0.000 0.000 0.000 0.000 0.000 0.003 0.006 0.009 0.012 0.014 0.016 0.027 0.036 0.044 0.050 0.054 0.057 0.146 0.236 0.323 0.408 0.490 0.578 0.992 1.413 1.841 2.266 2.689 3.156 4.169 5.174 6.171 7.160 8.142 9.177 10.596 11.983 13.336 14.657 15.945 17.277 18.905 20.480 22.001 23.469
0.040 0.044 0.048 0.053 0.058 0.063 0.065 0.064 0.063 0.062 0.060 0.058 0.056 0.055 0.054 0.052 0.050 0.048 0.044 0.039 0.034 0.029 0.024 0.019 0.016 0.014 0.011 0.008 0.005 0.001 0.000 0.000 0.000 0.000 0.000 0.000 0.001 0.003 0.004 0.005 0.006 0.006 0.009 0.010 0.010 0.008 0.005 0.000 0.075 0.162 0.248 0.333 0.417 0.499 0.890 1.310 1.727 2.143 2.556 2.967 3.924 4.895 5.858 6.814 7.761 8.708 9.982 11.224 12.433 13.609 14.752 15.887 17.280 18.619 19.905 21.138
0.050 0.056 0.063 0.070 0.077 0.084 0.088 0.086 0.083 0.080 0.077 0.072 0.069 0.067 0.065 0.062 0.060 0.057 0.053 0.048 0.043 0.038 0.034 0.029 0.025 0.021 0.017 0.012 0.007 0.002 0.000 0.000 0.000 0.000 0.000 0.000 0.000 0.000 0.000 0.000 0.000 0.000 0.000 0.000 0.000 0.000 0.000 0.000 0.061 0.143 0.223 0.302 0.380 0.457 0.799 1.209 1.617 2.022 2.425 2.826 3.688 4.625 5.554 6.475 7.389 8.294 9.402 10.499 11.563 12.595 13.593 14.559 15.708 16.813 17.864 18.862
0.074 0.081 0.088 0.095 0.102 0.109 0.113 0.109 0.104 0.099 0.093 0.087 0.082 0.079 0.076 0.073 0.069 0.066 0.062 0.057 0.052 0.048 0.043 0.038 0.033 0.028 0.023 0.017 0.010 0.004 0.000 0.000 0.000 0.000 0.000 0.000 0.000 0.000 0.000 0.000 0.000 0.000 0.000 0.000 0.000 0.000 0.000 0.000 0.048 0.124 0.199 0.273 0.345 0.416 0.711 1.111 1.509 1.904 2.297 2.687 3.459 4.362 5.257 6.145 7.024 7.896 8.854 9.807 10.727 11.614 12.468 13.250 14.075 14.877 15.633 16.344
0.100 0.107 0.114 0.121 0.127 0.134 0.138 0.132 0.126 0.119 0.111 0.102 0.094 0.091 0.087 0.084 0.079 0.075 0.071 0.066 0.061 0.057 0.053 0.049 0.043 0.037 0.030 0.022 0.014 0.006 0.000 0.000 0.000 0.000 0.000 0.000 0.000 0.000 0.000 0.000 0.000 0.000 0.000 0.000 0.000 0.000 0.000 0.000 0.036 0.107 0.176 0.244 0.311 0.377 0.626 1.015 1.403 1.788 2.171 2.551 3.239 4.108 4.950 5.748 6.521 7.271 8.020 8.746 9.436 10.090 10.707 11.287 11.908 12.511 13.069 13.582
0.126 0.133 0.139 0.146 0.152 0.159 0.165 0.157 0.148 0.139 0.129 0.118 0.108 0.104 0.102 0.099 0.095 0.092 0.088 0.084 0.079 0.073 0.068 0.061 0.055 0.046 0.038 0.028 0.019 0.008 0.000 0.000 0.000 0.000 0.000 0.000 0.000 0.000 0.000 0.000 0.000 0.000 0.000 0.000 0.000 0.000 0.000 0.000 0.025 0.091 0.155 0.218 0.279 0.340 0.541 0.910 1.269 1.618 1.957 2.286 2.830 3.570 4.285 4.977 5.645 6.288 6.896 7.462 7.992 8.485 8.942 9.363 9.788 10.193 10.552 10.867
