DATA/SHG/CPC/2018/20180501.asc
ncols        190
nrows        64
xllcorner    -5100000.000000000000
yllcorner    4130000.000000000000
cellsize     10000.000000000000
NODATA_value  -99999.000
[rows 0 to 33 of 64, columns 77 to 153 of 190]
0.020 0.023 0.028 0.033 0.037 0.041 0.045 0.051 0.060 0.069 0.076 0.084 0.090 0.103 0.139 0.173 0.205 0.237 0.269 0.327 0.480 0.632 0.787 0.941 1.093 1.282 1.589 1.897 2.204 2.511 2.818 3.105 3.325 3.546 3.768 3.991 4.214 4.391 4.420 4.451 4.483 4.517 4.553 4.538 4.369 4.205 4.045 3.890 3.740 3.559 3.274 2.991 2.709 2.429 2.151 1.908 1.764 1.621 1.476 1.332 1.187 1.106 1.211 1.316 1.420 1.523 1.625 1.790 2.126 2.457 2.782 3.101 3.415 3.723 4.023 4.317 4.603
0.012 0.014 0.018 0.022 0.026 0.029 0.033 0.036 0.043 0.049 0.054 0.059 0.062 0.069 0.102 0.134 0.166 0.198 0.230 0.274 0.427 0.579 0.729 0.879 1.027 1.193 1.500 1.807 2.114 2.421 2.728 3.025 3.249 3.473 3.699 3.925 4.151 4.355 4.392 4.430 4.470 4.512 4.555 4.575 4.427 4.284 4.145 4.011 3.882 3.736 3.458 3.182 2.907 2.626 2.346 2.089 1.941 1.796 1.653 1.513 1.375 1.275 1.377 1.479 1.579 1.679 1.779 1.911 2.222 2.528 2.829 3.124 3.413 3.696 3.964 4.226 4.481
0.006 0.006 0.009 0.012 0.015 0.018 0.021 0.024 0.029 0.034 0.039 0.043 0.047 0.050 0.081 0.112 0.142 0.173 0.203 0.233 0.379 0.527 0.673 0.818 0.963 1.106 1.411 1.718 2.024 2.331 2.637 2.944 3.171 3.399 3.628 3.857 4.088 4.318 4.362 4.408 4.456 4.505 4.556 4.607 4.467 4.326 4.189 4.057 3.929 3.802 3.524 3.252 2.985 2.724 2.468 2.221 2.084 1.950 1.818 1.688 1.561 1.445 1.544 1.642 1.739 1.836 1.932 2.036 2.323 2.605 2.881 3.151 3.416 3.675 3.912 4.142 4.365
0.000 0.000 0.003 0.007 0.010 0.013 0.016 0.018 0.022 0.025 0.028 0.031 0.033 0.035 0.061 0.090 0.119 0.148 0.177 0.205 0.333 0.476 0.618 0.759 0.899 1.038 1.322 1.628 1.935 2.241 2.547 2.853 3.093 3.325 3.557 3.775 3.987 4.199 4.251 4.286 4.324 4.364 4.408 4.454 4.346 4.224 4.107 3.994 3.886 3.782 3.543 3.295 3.053 2.816 2.584 2.358 2.224 2.100 1.979 1.861 1.744 1.631 1.711 1.806 1.900 1.994 2.086 2.179 2.430 2.687 2.938 3.185 3.425 3.660 3.867 4.061 4.244
0.000 0.000 0.002 0.005 0.007 0.009 0.011 0.012 0.014 0.016 0.018 0.019 0.020 0.020 0.041 0.069 0.096 0.124 0.151 0.178 0.287 0.426 0.564 0.700 0.836 0.971 1.232 1.531 1.824 2.112 2.394 2.670 2.896 3.107 3.317 3.526 3.735 3.942 4.025 4.072 4.122 4.175 4.231 4.289 4.220 4.118 4.021 3.928 3.839 3.755 3.557 3.333 3.115 2.902 2.695 2.493 2.361 2.248 2.138 2.030 1.925 1.822 1.878 1.970 2.061 2.151 2.233 2.295 2.481 2.689 2.893 3.092 3.288 3.478 3.667 3.857 4.050
0.000 0.000 0.001 0.003 0.004 0.005 0.006 0.007 0.007 0.008 0.008 0.008 0.007 0.006 0.022 0.048 0.074 0.102 0.131 0.160 0.254 0.389 0.522 0.652 0.781 0.908 1.128 1.402 1.669 1.931 2.188 2.438 2.660 2.868 3.074 3.279 3.483 3.687 3.796 3.855 3.918 3.983 4.051 4.122 4.090 4.008 3.930 3.856 3.787 3.723 3.565 3.365 3.171 2.983 2.799 2.621 2.496 2.386 2.263 2.141 2.022 1.904 1.914 1.975 2.035 2.094 2.151 2.207 2.361 2.550 2.734 2.914 3.090 3.262 3.452 3.651 3.853
0.000 0.000 0.000 0.001 0.002 0.002 0.002 0.002 0.001 0.000 0.000 0.000 0.000 0.000 0.014 0.043 0.072 0.102 0.131 0.161 0.238 0.364 0.488 0.610 0.729 0.847 1.031 1.279 1.521 1.758 1.989 2.214 2.426 2.629 2.831 3.033 3.233 3.433 3.564 3.636 3.711 3.788 3.869 3.952 3.955 3.892 3.834 3.781 3.721 3.650 3.505 3.306 3.113 2.927 2.748 2.576 2.437 2.320 2.205 2.092 1.980 1.870 1.859 1.915 1.968 2.021 2.072 2.121 2.245 2.415 2.580 2.741 2.897 3.049 3.235 3.444 3.655
0.000 0.000 0.000 0.000 0.000 0.000 0.000 0.000 0.000 0.000 0.000 0.000 0.000 0.000 0.011 0.041 0.071 0.101 0.132 0.163 0.225 0.342 0.456 0.569 0.680 0.788 0.940 1.163 1.379 1.591 1.796 1.996 2.193 2.392 2.590 2.788 2.985 3.180 3.329 3.404 3.466 3.530 3.595 3.662 3.669 3.600 3.535 3.475 3.419 3.368 3.265 3.095 2.933 2.777 2.628 2.486 2.361 2.252 2.145 2.040 1.937 1.835 1.806 1.855 1.903 1.949 1.994 2.037 2.134 2.285 2.430 2.572 2.709 2.842 3.016 3.235 3.456
0.000 0.000 0.000 0.000 0.000 0.000 0.000 0.000 0.000 0.000 0.000 0.000 0.000 0.000 0.007 0.038 0.069 0.100 0.132 0.164 0.214 0.322 0.427 0.531 0.632 0.732 0.856 1.053 1.244 1.430 1.606 1.770 1.934 2.111 2.284 2.451 2.613 2.770 2.897 2.964 3.033 3.103 3.174 3.247 3.281 3.232 3.188 3.148 3.113 3.083 3.017 2.878 2.746 2.620 2.501 2.389 2.284 2.183 2.084 1.987 1.891 1.798 1.755 1.798 1.839 1.879 1.917 1.954 2.028 2.159 2.285 2.403 2.516 2.623 2.768 2.974 3.174
0.000 0.000 0.000 0.000 0.000 0.000 0.000 0.000 0.000 0.000 0.000 0.000 0.000 0.000 0.003 0.035 0.067 0.099 0.132 0.165 0.205 0.301 0.392 0.481 0.567 0.651 0.744 0.905 1.059 1.206 1.345 1.478 1.609 1.764 1.913 2.057 2.197 2.331 2.450 2.523 2.598 2.674 2.752 2.830 2.889 2.861 2.837 2.817 2.803 2.793 2.764 2.655 2.552 2.457 2.368 2.286 2.205 2.112 2.021 1.932 1.844 1.758 1.699 1.730 1.761 1.791 1.821 1.851 1.903 2.008 2.107 2.202 2.291 2.375 2.487 2.672 2.852
0.000 0.000 0.000 0.000 0.000 0.000 0.000 0.000 0.000 0.000 0.000 0.000 0.000 0.000 0.000 0.030 0.058 0.085 0.111 0.135 0.158 0.240 0.320 0.398 0.473 0.546 0.617 0.747 0.869 0.985 1.093 1.195 1.290 1.422 1.549 1.670 1.786 1.898 2.002 2.082 2.163 2.245 2.329 2.414 2.492 2.484 2.481 2.482 2.488 2.498 2.503 2.424 2.352 2.282 2.214 2.148 2.081 1.989 1.899 1.813 1.729 1.650 1.588 1.618 1.648 1.678 1.708 1.737 1.776 1.858 1.934 2.006 2.072 2.133 2.210 2.375 2.536
0.000 0.000 0.000 0.000 0.000 0.000 0.000 0.000 0.000 0.000 0.000 0.000 0.000 0.000 0.000 0.020 0.043 0.063 0.083 0.101 0.118 0.182 0.251 0.318 0.382 0.444 0.504 0.597 0.688 0.772 0.849 0.919 0.982 1.086 1.190 1.289 1.382 1.471 1.554 1.640 1.727 1.815 1.905 1.996 2.099 2.124 2.147 2.170 2.194 2.218 2.243 2.181 2.119 2.059 2.003 1.948 1.896 1.818 1.743 1.671 1.602 1.536 1.477 1.506 1.536 1.565 1.595 1.624 1.655 1.713 1.767 1.815 1.858 1.896 1.938 2.083 2.224
0.000 0.000 0.000 0.000 0.000 0.000 0.000 0.000 0.000 0.000 0.000 0.000 0.000 0.000 0.000 0.013 0.029 0.043 0.057 0.069 0.079 0.126 0.185 0.241 0.294 0.345 0.394 0.455 0.515 0.568 0.613 0.652 0.683 0.757 0.838 0.933 1.028 1.119 1.206 1.309 1.414 1.516 1.615 1.712 1.806 1.842 1.867 1.893 1.920 1.948 1.976 1.934 1.883 1.835 1.789 1.746 1.705 1.644 1.583 1.525 1.471 1.420 1.372 1.395 1.424 1.453 1.482 1.510 1.539 1.574 1.604 1.630 1.650 1.665 1.674 1.797 1.944
0.000 0.000 0.000 0.000 0.000 0.000 0.000 0.000 0.000 0.000 0.000 0.000 0.000 0.000 0.000 0.007 0.017 0.025 0.032 0.038 0.042 0.074 0.121 0.166 0.209 0.249 0.292 0.335 0.377 0.417 0.455 0.490 0.523 0.593 0.679 0.762 0.841 0.917 0.989 1.077 1.170 1.260 1.348 1.433 1.516 1.558 1.587 1.616 1.646 1.677 1.708 1.684 1.645 1.608 1.573 1.541 1.512 1.467 1.420 1.377 1.337 1.301 1.267 1.284 1.312 1.341 1.370 1.406 1.442 1.472 1.502 1.533 1.565 1.598 1.632 1.749 1.874
0.000 0.000 0.000 0.000 0.000 0.000 0.000 0.000 0.000 0.000 0.000 0.000 0.000 0.000 0.000 0.002 0.006 0.010 0.013 0.016 0.020 0.043 0.085 0.125 0.164 0.201 0.236 0.270 0.302 0.331 0.359 0.384 0.406 0.456 0.527 0.595 0.659 0.719 0.777 0.848 0.929 1.008 1.084 1.158 1.229 1.275 1.307 1.339 1.372 1.405 1.440 1.433 1.405 1.379 1.355 1.334 1.316 1.288 1.268 1.251 1.236 1.222 1.211 1.233 1.268 1.302 1.336 1.369 1.401 1.434 1.468 1.503 1.539 1.576 1.614 1.705 1.808
0.000 0.000 0.000 0.000 0.000 0.000 0.000 0.000 0.000 0.000 0.000 0.001 0.001 0.001 0.000 0.001 0.004 0.007 0.010 0.012 0.014 0.029 0.063 0.096 0.127 0.156 0.183 0.208 0.229 0.248 0.265 0.280 0.292 0.323 0.379 0.431 0.480 0.526 0.568 0.622 0.692 0.759 0.824 0.886 0.945 0.991 1.026 1.061 1.098 1.157 1.214 1.240 1.238 1.236 1.235 1.234 1.233 1.225 1.215 1.206 1.200 1.195 1.193 1.211 1.243 1.274 1.303 1.333 1.361 1.394 1.433 1.472 1.512 1.553 1.595 1.666 1.748
0.000 0.000 0.000 0.001 0.001 0.002 0.003 0.003 0.004 0.004 0.004 0.004 0.003 0.002 0.001 0.001 0.003 0.005 0.007 0.008 0.010 0.017 0.044 0.068 0.091 0.112 0.131 0.148 0.159 0.168 0.175 0.179 0.181 0.194 0.235 0.272 0.305 0.336 0.363 0.400 0.482 0.562 0.641 0.719 0.795 0.864 0.921 0.977 1.031 1.084 1.136 1.165 1.164 1.163 1.163 1.163 1.163 1.161 1.160 1.160 1.162 1.167 1.173 1.191 1.219 1.246 1.272 1.297 1.322 1.354 1.397 1.440 1.484 1.529 1.575 1.631 1.692
0.008 0.008 0.007 0.006 0.006 0.007 0.007 0.008 0.008 0.009 0.008 0.007 0.005 0.004 0.002 0.000 0.001 0.003 0.004 0.004 0.005 0.008 0.026 0.043 0.058 0.071 0.082 0.091 0.092 0.090 0.088 0.094 0.101 0.114 0.159 0.204 0.248 0.291 0.333 0.383 0.459 0.533 0.607 0.679 0.750 0.815 0.866 0.916 0.965 1.012 1.058 1.090 1.090 1.090 1.091 1.092 1.093 1.095 1.102 1.112 1.123 1.136 1.151 1.171 1.195 1.218 1.241 1.263 1.283 1.314 1.360 1.408 1.476 1.549 1.626 1.704 1.777
0.019 0.017 0.014 0.011 0.011 0.011 0.012 0.012 0.013 0.013 0.012 0.010 0.008 0.005 0.003 0.000 0.000 0.001 0.001 0.001 0.000 0.001 0.022 0.041 0.057 0.071 0.083 0.093 0.098 0.104 0.109 0.113 0.116 0.122 0.164 0.205 0.246 0.285 0.325 0.366 0.437 0.506 0.573 0.640 0.705 0.767 0.812 0.857 0.900 0.942 0.982 1.015 1.016 1.017 1.019 1.020 1.022 1.027 1.043 1.061 1.081 1.103 1.127 1.153 1.178 1.208 1.241 1.277 1.317 1.370 1.449 1.534 1.623 1.717 1.815 1.906 1.971
0.031 0.027 0.022 0.016 0.016 0.016 0.017 0.017 0.017 0.018 0.016 0.013 0.010 0.009 0.020 0.034 0.048 0.060 0.069 0.077 0.085 0.092 0.102 0.111 0.117 0.121 0.123 0.123 0.126 0.128 0.130 0.132 0.132 0.133 0.169 0.207 0.244 0.281 0.317 0.352 0.416 0.479 0.542 0.603 0.662 0.720 0.760 0.799 0.836 0.873 0.908 0.939 0.941 0.944 0.953 0.961 0.970 0.980 1.006 1.032 1.058 1.085 1.111 1.139 1.181 1.226 1.275 1.327 1.383 1.448 1.549 1.654 1.765 1.880 1.999 2.109 2.166
0.044 0.037 0.030 0.023 0.021 0.021 0.023 0.030 0.038 0.047 0.058 0.070 0.084 0.101 0.121 0.142 0.156 0.165 0.171 0.176 0.180 0.183 0.185 0.183 0.180 0.174 0.166 0.155 0.153 0.153 0.152 0.151 0.149 0.147 0.175 0.210 0.244 0.277 0.310 0.341 0.397 0.455 0.511 0.566 0.621 0.680 0.722 0.762 0.800 0.837 0.873 0.907 0.918 0.926 0.935 0.944 0.953 0.962 0.988 1.014 1.041 1.068 1.094 1.122 1.179 1.240 1.305 1.373 1.445 1.522 1.644 1.771 1.902 2.038 2.178 2.314 2.362
0.064 0.060 0.056 0.050 0.052 0.061 0.071 0.081 0.093 0.106 0.123 0.143 0.166 0.191 0.219 0.248 0.266 0.271 0.273 0.275 0.276 0.276 0.270 0.258 0.245 0.229 0.211 0.190 0.182 0.179 0.175 0.171 0.167 0.162 0.182 0.214 0.252 0.289 0.326 0.361 0.415 0.473 0.530 0.585 0.639 0.691 0.730 0.764 0.797 0.828 0.859 0.888 0.900 0.909 0.918 0.927 0.936 0.945 0.969 0.996 1.023 1.051 1.078 1.105 1.175 1.251 1.332 1.415 1.503 1.594 1.734 1.882 2.034 2.191 2.353 2.519 2.560
0.117 0.110 0.101 0.092 0.091 0.104 0.117 0.132 0.148 0.164 0.186 0.215 0.246 0.279 0.315 0.352 0.376 0.377 0.376 0.374 0.372 0.369 0.357 0.336 0.312 0.286 0.258 0.240 0.233 0.237 0.239 0.239 0.237 0.233 0.252 0.287 0.321 0.354 0.387 0.418 0.462 0.514 0.564 0.612 0.659 0.704 0.738 0.767 0.794 0.821 0.846 0.869 0.882 0.891 0.900 0.909 0.919 0.928 0.951 0.978 1.006 1.033 1.061 1.089 1.166 1.259 1.355 1.454 1.562 1.670 1.821 1.980 2.137 2.293 2.449 2.603 2.679
0.172 0.161 0.148 0.134 0.130 0.146 0.163 0.181 0.201 0.221 0.247 0.284 0.323 0.364 0.408 0.454 0.486 0.485 0.501 0.514 0.524 0.531 0.527 0.507 0.483 0.455 0.423 0.387 0.363 0.359 0.352 0.344 0.334 0.323 0.330 0.361 0.391 0.420 0.448 0.476 0.512 0.556 0.599 0.641 0.680 0.718 0.748 0.772 0.794 0.814 0.834 0.852 0.865 0.874 0.883 0.892 0.901 0.911 0.932 0.972 1.017 1.065 1.115 1.166 1.258 1.365 1.469 1.572 1.673 1.771 1.911 2.065 2.218 2.370 2.521 2.672 2.787
0.227 0.212 0.196 0.178 0.167 0.187 0.208 0.230 0.253 0.277 0.314 0.395 0.475 0.554 0.632 0.709 0.772 0.783 0.786 0.787 0.785 0.780 0.765 0.728 0.686 0.641 0.592 0.538 0.495 0.483 0.468 0.452 0.434 0.414 0.409 0.436 0.462 0.487 0.511 0.534 0.563 0.600 0.636 0.671 0.703 0.735 0.760 0.778 0.794 0.809 0.825 0.842 0.859 0.879 0.903 0.931 0.963 0.999 1.044 1.096 1.150 1.207 1.265 1.325 1.408 1.506 1.601 1.694 1.785 1.874 2.001 2.151 2.299 2.448 2.595 2.741 2.886
0.284 0.265 0.244 0.234 0.257 0.320 0.384 0.448 0.513 0.577 0.643 0.720 0.796 0.871 0.946 1.019 1.085 1.084 1.075 1.063 1.049 1.031 1.008 0.953 0.894 0.831 0.764 0.694 0.629 0.608 0.586 0.561 0.535 0.507 0.489 0.512 0.534 0.555 0.575 0.594 0.616 0.646 0.675 0.703 0.729 0.753 0.774 0.790 0.806 0.822 0.838 0.854 0.877 0.914 0.955 1.000 1.048 1.100 1.157 1.218 1.281 1.346 1.413 1.482 1.561 1.649 1.735 1.818 1.899 1.978 2.091 2.237 2.382 2.526 2.669 2.811 2.976
0.475 0.496 0.522 0.552 0.586 0.648 0.713 0.777 0.842 0.907 0.972 1.045 1.118 1.189 1.260 1.329 1.398 1.387 1.366 1.342 1.315 1.286 1.254 1.181 1.105 1.025 0.941 0.853 0.765 0.736 0.705 0.673 0.644 0.612 0.581 0.601 0.619 0.635 0.649 0.661 0.673 0.696 0.718 0.738 0.756 0.773 0.788 0.804 0.820 0.836 0.852 0.867 0.892 0.945 1.003 1.064 1.129 1.197 1.268 1.338 1.410 1.483 1.559 1.636 1.716 1.794 1.870 1.944 2.016 2.085 2.183 2.325 2.465 2.592 2.684 2.774 2.893
0.744 0.780 0.821 0.865 0.913 0.976 1.041 1.106 1.171 1.236 1.302 1.371 1.440 1.508 1.575 1.640 1.705 1.694 1.660 1.624 1.585 1.543 1.499 1.433 1.363 1.284 1.197 1.101 0.996 0.956 0.916 0.871 0.820 0.764 0.702 0.711 0.719 0.726 0.730 0.732 0.732 0.748 0.762 0.775 0.785 0.795 0.803 0.819 0.834 0.850 0.865 0.880 0.903 0.973 1.047 1.124 1.206 1.291 1.377 1.456 1.536 1.618 1.703 1.789 1.862 1.886 1.908 1.929 1.948 1.966 2.004 2.092 2.178 2.262 2.343 2.422 2.523
1.010 1.060 1.115 1.174 1.237 1.302 1.368 1.433 1.499 1.565 1.631 1.697 1.763 1.827 1.890 2.007 2.120 2.151 2.135 2.113 2.085 2.049 2.007 1.919 1.810 1.693 1.567 1.433 1.290 1.213 1.149 1.078 1.003 0.921 0.834 0.823 0.821 0.818 0.812 0.804 0.794 0.801 0.808 0.813 0.816 0.818 0.818 0.833 0.848 0.863 0.878 0.893 0.909 0.996 1.087 1.182 1.281 1.376 1.463 1.516 1.558 1.588 1.607 1.615 1.615 1.632 1.647 1.662 1.674 1.685 1.708 1.786 1.861 1.934 2.005 2.073 2.156
1.271 1.336 1.405 1.478 1.556 1.628 1.694 1.766 1.899 2.028 2.154 2.274 2.389 2.500 2.607 2.709 2.807 2.826 2.781 2.729 2.669 2.603 2.531 2.414 2.267 2.111 1.947 1.774 1.593 1.476 1.386 1.291 1.191 1.085 0.973 0.937 0.926 0.912 0.897 0.879 0.860 0.856 0.856 0.853 0.849 0.844 0.838 0.859 0.888 0.919 0.954 0.992 1.034 1.122 1.210 1.293 1.372 1.446 1.516 1.522 1.513 1.494 1.463 1.421 1.369 1.380 1.389 1.396 1.402 1.407 1.415 1.482 1.547 1.610 1.670 1.727 1.792
1.536 1.675 1.826 1.991 2.168 2.331 2.458 2.582 2.702 2.818 2.930 3.037 3.138 3.234 3.326 3.414 3.498 3.509 3.433 3.351 3.261 3.165 3.062 2.918 2.733 2.539 2.336 2.125 1.905 1.744 1.630 1.510 1.385 1.254 1.118 1.053 1.032 1.011 0.995 0.968 0.932 0.918 0.918 0.919 0.922 0.926 0.931 0.962 1.005 1.051 1.100 1.153 1.209 1.278 1.345 1.409 1.468 1.522 1.572 1.538 1.480 1.411 1.331 1.239 1.136 1.129 1.132 1.133 1.132 1.130 1.127 1.181 1.236 1.288 1.337 1.384 1.430
2.168 2.351 2.547 2.755 2.977 3.176 3.290 3.400 3.507 3.610 3.709 3.803 3.889 3.971 4.048 4.121 4.191 4.199 4.093 3.980 3.860 3.733 3.600 3.431 3.207 2.975 2.734 2.484 2.232 2.074 1.976 1.862 1.732 1.588 1.428 1.326 1.285 1.234 1.173 1.102 1.021 0.984 0.990 0.996 1.004 1.013 1.023 1.061 1.118 1.178 1.242 1.309 1.380 1.438 1.486 1.529 1.568 1.602 1.632 1.567 1.459 1.340 1.210 1.068 0.916 0.881 0.877 0.871 0.864 0.855 0.850 0.899 0.952 1.004 1.052 1.098 1.141
2.788 3.015 3.255 3.508 3.773 4.023 4.124 4.221 4.315 4.405 4.491 4.572 4.643 4.710 4.773 4.832 4.886 4.895 4.759 4.618 4.499 4.369 4.230 4.066 3.854 3.642 3.430 3.218 3.007 2.813 2.646 2.465 2.268 2.055 1.828 1.649 1.563 1.468 1.362 1.246 1.120 1.049 1.060 1.071 1.084 1.098 1.113 1.156 1.228 1.303 1.381 1.462 1.547 1.603 1.631 1.654 1.672 1.686 1.696 1.606 1.449 1.277 1.096 0.914 0.732 0.674 0.674 0.673 0.671 0.668 0.664 0.696 0.738 0.778 0.815 0.849 0.881
3.394 3.666 3.950 4.247 4.556 4.873 4.960 5.045 5.125 5.201 5.274 5.343 5.413 5.493 5.580 5.673 5.773 5.848 5.705 5.551 5.388 5.215 5.032 4.837 4.625 4.414 4.203 3.992 3.781 3.567 3.333 3.083 2.819 2.539 2.244 1.983 1.852 1.712 1.561 1.401 1.230 1.113 1.129 1.145 1.163 1.183 1.203 1.248 1.334 1.423 1.516 1.612 1.711 1.767 1.763 1.748 1.722 1.685 1.636 1.516 1.333 1.150 0.965 0.780 0.593 0.511 0.507 0.501 0.495 0.487 0.479 0.496 0.527 0.555 0.580 0.603 0.623
