DATA/SHG/CPC/2018/20180305.asc
ncols        190
nrows        64
xllcorner    -5100000.000000000000
yllcorner    4130000.000000000000
cellsize     10000.000000000000
NODATA_value  -99999.000
[rows 0 to 33 of 64, columns 76 to 151 of 190]
0.000 0.000 0.000 0.000 0.000 0.000 0.000 0.000 0.000 0.000 0.000 0.000 0.000 0.000 0.000 0.000 0.000 0.000 0.000 0.000 0.000 0.000 0.000 0.000 0.000 0.000 0.000 0.000 0.000 0.000 0.000 0.000 0.000 0.000 0.000 0.000 0.000 0.000 0.000 0.000 0.000 0.000 0.000 0.000 0.008 0.039 0.073 0.108 0.145 0.184 0.230 0.294 0.360 0.428 0.498 0.570 0.644 0.722 0.802 0.886 0.971 1.059 1.159 1.287 1.417 1.548 1.680 1.812 1.957 2.132 2.303 2.472 2.638 2.801 2.958 3.099
0.000 0.000 0.000 0.000 0.000 0.000 0.000 0.000 0.000 0.000 0.000 0.000 0.000 0.000 0.000 0.000 0.000 0.000 0.000 0.000 0.000 0.000 0.000 0.000 0.000 0.000 0.000 0.000 0.000 0.000 0.000 0.000 0.000 0.000 0.000 0.000 0.000 0.000 0.000 0.000 0.000 0.000 0.000 0.000 0.005 0.045 0.086 0.129 0.174 0.221 0.272 0.344 0.419 0.495 0.575 0.658 0.743 0.834 0.928 1.023 1.121 1.221 1.327 1.460 1.593 1.728 1.863 1.999 2.140 2.302 2.460 2.616 2.769 2.919 3.062 3.175
0.000 0.000 0.000 0.000 0.000 0.000 0.000 0.000 0.000 0.000 0.000 0.000 0.000 0.000 0.000 0.000 0.000 0.000 0.000 0.000 0.000 0.000 0.000 0.000 0.000 0.000 0.000 0.000 0.000 0.000 0.000 0.000 0.000 0.000 0.000 0.000 0.000 0.000 0.000 0.000 0.000 0.000 0.000 0.000 0.001 0.050 0.103 0.158 0.216 0.277 0.340 0.424 0.509 0.594 0.682 0.770 0.860 0.960 1.063 1.167 1.274 1.383 1.495 1.631 1.768 1.906 2.045 2.185 2.326 2.474 2.620 2.763 2.903 3.040 3.171 3.257
0.000 0.000 0.000 0.000 0.000 0.000 0.000 0.000 0.000 0.000 0.000 0.000 0.000 0.000 0.000 0.000 0.000 0.000 0.000 0.000 0.000 0.000 0.000 0.000 0.000 0.000 0.000 0.000 0.000 0.000 0.000 0.000 0.000 0.000 0.000 0.000 0.000 0.000 0.000 0.001 0.003 0.006 0.010 0.014 0.019 0.075 0.140 0.207 0.277 0.350 0.425 0.513 0.603 0.694 0.787 0.881 0.975 1.084 1.196 1.309 1.425 1.543 1.663 1.801 1.942 2.084 2.226 2.370 2.514 2.650 2.783 2.912 3.039 3.163 3.284 3.344
0.000 0.000 0.000 0.000 0.000 0.000 0.000 0.000 0.000 0.000 0.000 0.000 0.000 0.000 0.000 0.000 0.000 0.000 0.000 0.000 0.000 0.000 0.000 0.000 0.000 0.000 0.000 0.000 0.000 0.000 0.000 0.000 0.000 0.000 0.000 0.000 0.000 0.000 0.000 0.004 0.009 0.015 0.022 0.030 0.038 0.098 0.174 0.254 0.336 0.420 0.508 0.601 0.696 0.793 0.891 0.990 1.090 1.205 1.326 1.449 1.574 1.701 1.829 1.971 2.115 2.260 2.406 2.553 2.700 2.830 2.955 3.079 3.204 3.329 3.453 3.519
0.000 0.000 0.000 0.000 0.000 0.000 0.000 0.000 0.000 0.000 0.000 0.000 0.000 0.000 0.000 0.000 0.000 0.000 0.000 0.000 0.000 0.000 0.000 0.000 0.000 0.000 0.000 0.000 0.000 0.000 0.000 0.000 0.000 0.000 0.000 0.000 0.000 0.000 0.000 0.005 0.014 0.023 0.034 0.045 0.056 0.117 0.206 0.297 0.391 0.488 0.587 0.687 0.788 0.890 0.993 1.098 1.203 1.325 1.454 1.584 1.715 1.847 1.981 2.124 2.272 2.422 2.574 2.727 2.882 3.015 3.139 3.264 3.388 3.511 3.635 3.702
0.000 0.000 0.000 0.000 0.000 0.000 0.000 0.000 0.000 0.000 0.000 0.000 0.000 0.000 0.000 0.000 0.000 0.000 0.000 0.000 0.000 0.000 0.000 0.000 0.000 0.000 0.000 0.000 0.000 0.000 0.000 0.000 0.000 0.000 0.000 0.000 0.000 0.000 0.000 0.006 0.018 0.031 0.044 0.059 0.074 0.134 0.235 0.338 0.444 0.552 0.660 0.765 0.870 0.976 1.085 1.196 1.309 1.434 1.568 1.704 1.840 1.978 2.117 2.266 2.421 2.579 2.738 2.899 3.061 3.201 3.324 3.448 3.571 3.694 3.817 3.887
0.000 0.000 0.000 0.000 0.000 0.000 0.000 0.000 0.000 0.000 0.000 0.000 0.000 0.000 0.000 0.000 0.000 0.000 0.000 0.000 0.000 0.000 0.000 0.000 0.000 0.000 0.000 0.000 0.000 0.000 0.000 0.000 0.000 0.000 0.000 0.000 0.000 0.000 0.000 0.006 0.022 0.039 0.058 0.079 0.102 0.162 0.270 0.379 0.488 0.598 0.708 0.820 0.934 1.050 1.168 1.288 1.411 1.541 1.681 1.822 1.964 2.107 2.252 2.405 2.569 2.734 2.900 3.068 3.238 3.386 3.509 3.632 3.754 3.877 3.999 4.073
0.000 0.000 0.000 0.000 0.000 0.000 0.000 0.000 0.000 0.000 0.000 0.000 0.000 0.000 0.000 0.000 0.000 0.000 0.000 0.000 0.000 0.000 0.000 0.000 0.000 0.000 0.000 0.000 0.000 0.000 0.000 0.000 0.000 0.000 0.000 0.000 0.000 0.000 0.000 0.007 0.030 0.055 0.082 0.111 0.141 0.197 0.308 0.419 0.531 0.643 0.756 0.873 0.996 1.121 1.249 1.378 1.510 1.647 1.793 1.939 2.086 2.235 2.385 2.543 2.714 2.886 3.061 3.236 3.414 3.571 3.693 3.815 3.933 4.049 4.162 4.235
0.000 0.000 0.000 0.000 0.000 0.000 0.000 0.000 0.000 0.000 0.000 0.000 0.000 0.000 0.000 0.000 0.000 0.000 0.000 0.000 0.000 0.000 0.000 0.000 0.000 0.000 0.000 0.000 0.000 0.000 0.000 0.000 0.000 0.000 0.000 0.000 0.000 0.000 0.000 0.005 0.036 0.069 0.104 0.140 0.178 0.232 0.345 0.459 0.573 0.688 0.804 0.923 1.056 1.190 1.327 1.466 1.607 1.752 1.903 2.054 2.207 2.362 2.517 2.673 2.846 3.022 3.202 3.385 3.571 3.740 3.853 3.964 4.073 4.181 4.286 4.363
0.000 0.000 0.000 0.000 0.000 0.000 0.000 0.000 0.000 0.000 0.000 0.000 0.000 0.000 0.000 0.000 0.000 0.000 0.000 0.000 0.000 0.000 0.000 0.000 0.000 0.000 0.000 0.000 0.000 0.000 0.000 0.000 0.000 0.000 0.000 0.000 0.000 0.000 0.000 0.002 0.041 0.081 0.124 0.168 0.213 0.266 0.382 0.498 0.615 0.732 0.850 0.971 1.113 1.257 1.397 1.537 1.677 1.818 1.966 2.117 2.269 2.423 2.580 2.742 2.930 3.122 3.316 3.515 3.716 3.905 4.010 4.113 4.215 4.314 4.412 4.491
0.000 0.000 0.000 0.000 0.000 0.000 0.000 0.000 0.000 0.000 0.000 0.000 0.000 0.000 0.000 0.000 0.000 0.000 0.000 0.000 0.000 0.000 0.000 0.000 0.000 0.000 0.000 0.000 0.000 0.000 0.000 0.000 0.000 0.000 0.000 0.000 0.000 0.000 0.000 0.000 0.044 0.092 0.142 0.193 0.247 0.302 0.416 0.531 0.646 0.759 0.872 0.983 1.123 1.264 1.405 1.547 1.689 1.832 1.990 2.149 2.310 2.474 2.639 2.807 3.011 3.217 3.427 3.641 3.858 4.072 4.169 4.264 4.358 4.449 4.539 4.621
0.000 0.000 0.000 0.000 0.000 0.000 0.000 0.000 0.000 0.000 0.000 0.000 0.000 0.000 0.000 0.000 0.000 0.000 0.000 0.000 0.000 0.000 0.000 0.000 0.000 0.000 0.000 0.000 0.000 0.000 0.000 0.000 0.000 0.000 0.000 0.000 0.001 0.002 0.005 0.008 0.053 0.108 0.165 0.222 0.280 0.340 0.443 0.554 0.664 0.773 0.881 0.988 1.125 1.269 1.412 1.557 1.701 1.847 2.011 2.179 2.349 2.522 2.696 2.872 3.088 3.310 3.535 3.764 3.996 4.232 4.329 4.416 4.502 4.586 4.668 4.749
0.000 0.000 0.000 0.000 0.000 0.000 0.000 0.000 0.000 0.000 0.000 0.000 0.000 0.000 0.000 0.000 0.000 0.000 0.000 0.000 0.000 0.000 0.000 0.000 0.000 0.000 0.000 0.000 0.000 0.000 0.000 0.000 0.000 0.000 0.002 0.005 0.009 0.013 0.019 0.025 0.068 0.127 0.188 0.250 0.313 0.376 0.472 0.578 0.683 0.788 0.891 0.993 1.127 1.273 1.419 1.566 1.713 1.861 2.030 2.207 2.386 2.568 2.751 2.936 3.161 3.398 3.639 3.882 4.111 4.339 4.434 4.507 4.583 4.663 4.748 4.836
0.000 0.000 0.000 0.000 0.000 0.000 0.000 0.000 0.000 0.000 0.000 0.000 0.000 0.000 0.000 0.000 0.000 0.000 0.001 0.001 0.001 0.000 0.000 0.000 0.000 0.000 0.000 0.000 0.000 0.000 0.000 0.000 0.000 0.000 0.003 0.009 0.016 0.024 0.032 0.041 0.082 0.146 0.211 0.277 0.344 0.412 0.502 0.603 0.704 0.803 0.902 0.999 1.129 1.277 1.425 1.574 1.724 1.874 2.047 2.226 2.406 2.589 2.773 2.958 3.174 3.402 3.629 3.854 4.079 4.303 4.427 4.517 4.611 4.708 4.810 4.915
0.000 0.000 0.000 0.000 0.000 0.000 0.000 0.000 0.000 0.000 0.000 0.002 0.003 0.004 0.005 0.006 0.007 0.006 0.006 0.004 0.003 0.001 0.000 0.000 0.000 0.000 0.000 0.000 0.000 0.000 0.000 0.000 0.000 0.000 0.004 0.013 0.023 0.033 0.045 0.056 0.094 0.163 0.232 0.303 0.374 0.447 0.532 0.629 0.725 0.820 0.909 0.997 1.114 1.258 1.402 1.546 1.689 1.832 1.999 2.185 2.373 2.563 2.755 2.948 3.160 3.384 3.606 3.828 4.049 4.268 4.417 4.524 4.635 4.749 4.868 4.991
0.000 0.000 0.000 0.000 0.002 0.004 0.006 0.007 0.009 0.011 0.012 0.013 0.014 0.015 0.015 0.015 0.015 0.013 0.011 0.009 0.006 0.003 0.000 0.000 0.000 0.000 0.000 0.000 0.000 0.000 0.000 0.000 0.000 0.000 0.004 0.016 0.029 0.042 0.056 0.071 0.106 0.177 0.246 0.315 0.382 0.449 0.522 0.611 0.699 0.787 0.874 0.961 1.071 1.214 1.357 1.500 1.642 1.785 1.949 2.143 2.339 2.536 2.735 2.936 3.147 3.366 3.585 3.802 4.019 4.235 4.402 4.527 4.655 4.787 4.922 5.062
0.012 0.013 0.014 0.015 0.015 0.017 0.018 0.020 0.022 0.024 0.025 0.025 0.025 0.025 0.025 0.024 0.023 0.020 0.017 0.013 0.009 0.004 0.000 0.000 0.000 0.000 0.000 0.000 0.000 0.000 0.000 0.000 0.005 0.007 0.011 0.026 0.042 0.056 0.070 0.084 0.109 0.175 0.239 0.303 0.365 0.426 0.493 0.580 0.667 0.754 0.840 0.926 1.028 1.170 1.312 1.454 1.596 1.737 1.898 2.099 2.303 2.508 2.714 2.923 3.135 3.350 3.564 3.778 3.990 4.202 4.384 4.525 4.673 4.868 5.078 5.301
0.032 0.031 0.031 0.029 0.028 0.029 0.031 0.033 0.034 0.036 0.038 0.038 0.037 0.036 0.035 0.034 0.032 0.028 0.023 0.018 0.012 0.006 0.002 0.016 0.029 0.038 0.045 0.050 0.051 0.053 0.053 0.051 0.047 0.041 0.034 0.048 0.061 0.073 0.085 0.097 0.113 0.173 0.233 0.291 0.349 0.405 0.464 0.550 0.636 0.721 0.806 0.891 0.985 1.126 1.268 1.409 1.549 1.690 1.845 2.054 2.265 2.477 2.691 2.907 3.120 3.340 3.570 3.811 4.062 4.323 4.579 4.808 5.051 5.308 5.578 5.862
0.052 0.050 0.048 0.045 0.041 0.042 0.044 0.045 0.047 0.049 0.051 0.050 0.048 0.047 0.048 0.067 0.089 0.106 0.118 0.127 0.135 0.143 0.149 0.152 0.153 0.151 0.146 0.139 0.130 0.122 0.113 0.103 0.090 0.076 0.060 0.069 0.080 0.090 0.100 0.110 0.119 0.174 0.228 0.281 0.334 0.385 0.435 0.520 0.604 0.689 0.772 0.856 0.943 1.083 1.223 1.359 1.494 1.630 1.774 1.986 2.200 2.416 2.633 2.852 3.078 3.344 3.620 3.907 4.204 4.511 4.822 5.112 5.416 5.733 6.064 6.409
0.073 0.070 0.065 0.060 0.055 0.055 0.056 0.061 0.075 0.092 0.112 0.131 0.151 0.174 0.199 0.226 0.256 0.273 0.282 0.287 0.291 0.294 0.297 0.291 0.280 0.266 0.250 0.232 0.210 0.193 0.176 0.157 0.136 0.113 0.088 0.091 0.100 0.108 0.116 0.124 0.130 0.175 0.224 0.273 0.320 0.366 0.407 0.482 0.560 0.637 0.714 0.790 0.865 0.998 1.134 1.271 1.408 1.545 1.683 1.901 2.122 2.345 2.570 2.796 3.026 3.338 3.660 3.992 4.335 4.689 5.051 5.402 5.766 6.145 6.537 6.942
0.097 0.099 0.101 0.103 0.105 0.115 0.133 0.153 0.176 0.201 0.229 0.257 0.285 0.315 0.348 0.383 0.421 0.441 0.446 0.447 0.447 0.447 0.445 0.432 0.409 0.384 0.357 0.327 0.294 0.267 0.241 0.213 0.184 0.152 0.119 0.114 0.121 0.127 0.131 0.131 0.128 0.158 0.198 0.237 0.275 0.312 0.347 0.414 0.489 0.563 0.637 0.710 0.782 0.908 1.046 1.183 1.321 1.460 1.598 1.814 2.043 2.273 2.505 2.738 2.973 3.321 3.689 4.068 4.456 4.856 5.265 5.677 6.103 6.542 6.995 7.461
0.170 0.172 0.173 0.175 0.177 0.189 0.215 0.244 0.275 0.308 0.344 0.380 0.416 0.454 0.495 0.538 0.583 0.610 0.611 0.608 0.604 0.600 0.595 0.576 0.542 0.505 0.466 0.425 0.387 0.354 0.325 0.294 0.259 0.222 0.183 0.164 0.160 0.153 0.142 0.128 0.111 0.127 0.162 0.195 0.228 0.259 0.289 0.347 0.419 0.490 0.560 0.630 0.699 0.818 0.956 1.095 1.235 1.374 1.514 1.726 1.962 2.199 2.438 2.678 2.921 3.293 3.708 4.132 4.567 5.062 5.590 6.127 6.673 7.229 7.794 8.368
0.243 0.244 0.246 0.247 0.248 0.260 0.295 0.332 0.371 0.412 0.456 0.501 0.545 0.591 0.640 0.690 0.743 0.780 0.777 0.779 0.778 0.775 0.769 0.749 0.710 0.669 0.626 0.581 0.533 0.488 0.447 0.404 0.358 0.309 0.258 0.222 0.203 0.182 0.157 0.129 0.098 0.097 0.126 0.155 0.182 0.207 0.232 0.281 0.349 0.417 0.485 0.551 0.617 0.727 0.867 1.007 1.148 1.289 1.430 1.636 1.888 2.159 2.447 2.754 3.078 3.540 4.076 4.629 5.200 5.790 6.397 6.987 7.574 8.172 8.778 9.394
0.316 0.317 0.318 0.319 0.320 0.329 0.372 0.417 0.465 0.514 0.567 0.626 0.701 0.774 0.846 0.916 0.984 1.037 1.034 1.023 1.010 0.994 0.975 0.947 0.898 0.847 0.794 0.739 0.681 0.624 0.572 0.517 0.459 0.398 0.335 0.282 0.250 0.214 0.175 0.133 0.088 0.068 0.092 0.115 0.137 0.157 0.176 0.215 0.281 0.346 0.410 0.471 0.529 0.625 0.764 0.904 1.047 1.190 1.336 1.573 1.905 2.254 2.621 3.006 3.408 3.931 4.546 5.178 5.829 6.498 7.185 7.835 8.465 9.104 9.752 10.410
0.389 0.390 0.390 0.391 0.400 0.434 0.513 0.593 0.674 0.757 0.842 0.926 0.995 1.063 1.128 1.193 1.255 1.310 1.294 1.271 1.245 1.216 1.184 1.147 1.088 1.027 0.964 0.899 0.832 0.764 0.699 0.632 0.563 0.491 0.416 0.346 0.299 0.250 0.197 0.140 0.081 0.041 0.061 0.080 0.099 0.116 0.132 0.161 0.218 0.271 0.322 0.369 0.414 0.494 0.640 0.787 0.936 1.086 1.238 1.493 1.904 2.331 2.777 3.240 3.721 4.302 4.997 5.709 6.439 7.188 7.954 8.674 9.345 10.026 10.716 11.415
0.511 0.539 0.573 0.612 0.656 0.706 0.788 0.873 0.959 1.047 1.136 1.226 1.291 1.353 1.413 1.471 1.527 1.582 1.557 1.521 1.482 1.441 1.396 1.349 1.280 1.210 1.137 1.062 0.985 0.906 0.830 0.751 0.670 0.581 0.484 0.385 0.322 0.259 0.198 0.137 0.077 0.030 0.046 0.060 0.074 0.086 0.098 0.116 0.159 0.199 0.236 0.271 0.302 0.362 0.514 0.668 0.824 0.981 1.140 1.396 1.884 2.391 2.915 3.456 4.015 4.656 5.430 6.221 7.031 7.858 8.704 9.502 10.215 10.937 11.654 12.353
0.685 0.733 0.785 0.843 0.907 0.976 1.062 1.151 1.242 1.335 1.429 1.524 1.588 1.644 1.698 1.750 1.801 1.850 1.823 1.774 1.723 1.668 1.611 1.551 1.479 1.402 1.321 1.235 1.144 1.049 0.950 0.844 0.732 0.615 0.491 0.361 0.301 0.242 0.185 0.128 0.073 0.020 0.031 0.041 0.050 0.058 0.065 0.073 0.103 0.130 0.154 0.175 0.193 0.228 0.388 0.548 0.711 0.874 1.040 1.280 1.847 2.432 3.034 3.654 4.292 4.976 5.757 6.547 7.344 8.150 8.963 9.756 10.500 11.277 12.085 12.926
0.854 0.920 0.992 1.070 1.152 1.241 1.334 1.428 1.524 1.621 1.720 1.819 1.886 1.936 1.984 2.031 2.103 2.170 2.158 2.105 2.045 1.978 1.904 1.822 1.731 1.633 1.531 1.424 1.313 1.197 1.071 0.939 0.800 0.656 0.505 0.348 0.278 0.224 0.171 0.118 0.067 0.016 0.018 0.023 0.028 0.031 0.033 0.035 0.051 0.065 0.075 0.083 0.088 0.093 0.259 0.427 0.595 0.758 0.914 1.096 1.691 2.287 2.884 3.482 4.082 4.710 5.527 6.352 7.185 8.027 8.876 9.734 10.620 11.537 12.486 13.466
1.017 1.102 1.194 1.290 1.392 1.500 1.604 1.703 1.806 1.940 2.078 2.222 2.329 2.398 2.462 2.521 2.574 2.622 2.597 2.512 2.421 2.322 2.216 2.103 1.988 1.869 1.746 1.619 1.486 1.349 1.199 1.040 0.874 0.703 0.525 0.341 0.255 0.205 0.156 0.108 0.060 0.014 0.006 0.007 0.007 0.005 0.003 0.000 0.008 0.017 0.024 0.032 0.039 0.045 0.183 0.328 0.465 0.594 0.716 0.831 1.413 2.014 2.617 3.221 3.826 4.436 5.289 6.150 7.019 7.895 8.780 9.681 10.707 11.765 12.854 13.975
1.175 1.281 1.405 1.541 1.689 1.848 2.003 2.144 2.291 2.442 2.600 2.762 2.880 2.931 2.976 3.016 3.050 3.079 3.042 2.926 2.803 2.673 2.536 2.392 2.249 2.110 1.966 1.818 1.665 1.507 1.334 1.148 0.955 0.757 0.552 0.342 0.231 0.185 0.141 0.100 0.059 0.017 0.004 0.005 0.005 0.005 0.005 0.005 0.010 0.016 0.021 0.025 0.030 0.033 0.127 0.238 0.342 0.438 0.527 0.608 1.134 1.741 2.349 2.958 3.569 4.180 5.043 5.940 6.844 7.756 8.677 9.605 10.763 11.961 13.191 14.452
1.370 1.523 1.688 1.864 2.052 2.251 2.445 2.605 2.770 2.940 3.115 3.296 3.436 3.468 3.494 3.515 3.530 3.540 3.496 3.348 3.194 3.032 2.864 2.688 2.516 2.356 2.191 2.022 1.848 1.670 1.479 1.270 1.057 0.838 0.614 0.385 0.248 0.206 0.163 0.120 0.077 0.032 0.013 0.013 0.012 0.012 0.011 0.010 0.012 0.015 0.018 0.020 0.021 0.022 0.079 0.157 0.227 0.290 0.346 0.393 0.855 1.467 2.080 2.695 3.311 3.928 4.790 5.722 6.662 7.609 8.565 9.463 10.567 11.721 12.879 14.041
1.560 1.754 1.959 2.175 2.404 2.643 2.882 3.060 3.243 3.432 3.626 3.825 3.996 4.009 4.016 4.018 4.015 4.006 3.956 3.778 3.592 3.407 3.216 3.017 2.821 2.644 2.461 2.271 2.074 1.872 1.657 1.426 1.190 0.949 0.702 0.451 0.276 0.231 0.186 0.141 0.095 0.048 0.022 0.021 0.020 0.019 0.017 0.016 0.015 0.016 0.016 0.015 0.013 0.011 0.039 0.083 0.121 0.150 0.172 0.187 0.574 1.192 1.805 2.393 2.957 3.497 4.240 5.068 5.876 6.665 7.435 8.185 9.244 10.415 11.590 12.769
1.740 1.974 2.219 2.476 2.744 3.024 3.313 3.510 3.711 3.918 4.130 4.348 4.560 4.555 4.548 4.539 4.527 4.512 4.476 4.274 4.066 3.852 3.630 3.402 3.172 2.967 2.755 2.536 2.312 2.080 1.841 1.587 1.329 1.065 0.796 0.523 0.304 0.257 0.210 0.162 0.114 0.065 0.031 0.029 0.027 0.025 0.023 0.021 0.019 0.017 0.014 0.010 0.006 0.003 0.014 0.037 0.058 0.077 0.094 0.109 0.394 0.924 1.429 1.910 2.366 2.798 3.408 4.151 4.874 5.578 6.263 6.928 7.918 9.107 10.299 11.495
