DATA/SHG/CPC/2018/20180513.asc
ncols        190
nrows        64
xllcorner    -5100000.000000000000
yllcorner    4130000.000000000000
cellsize     10000.000000000000
NODATA_value  -99999.000
[rows 0 to 33 of 64, columns 0 to 75 of 190]
0.027 0.032 0.038 0.044 0.051 0.058 0.069 0.081 0.094 0.108 0.121 0.136 0.160 0.190 0.222 0.256 0.292 0.331 0.408 0.507 0.615 0.732 0.857 0.992 1.038 1.034 1.026 1.015 1.001 0.983 0.906 0.789 0.663 0.528 0.385 0.255 0.193 0.175 0.149 0.115 0.074 0.025 0.000 0.000 0.000 0.000 0.000 0.000 0.000 0.000 0.000 0.000 0.000 0.000 0.000 0.000 0.000 0.000 0.000 0.000 0.000 0.000 0.000 0.000 0.000 0.000 0.000 0.000 0.000 0.000 0.000 0.000 0.000 0.000 0.000 0.000
0.034 0.041 0.049 0.057 0.066 0.075 0.087 0.101 0.116 0.131 0.147 0.164 0.192 0.229 0.269 0.312 0.356 0.403 0.493 0.623 0.762 0.909 1.066 1.230 1.306 1.290 1.270 1.250 1.240 1.229 1.165 1.039 0.906 0.765 0.617 0.462 0.355 0.310 0.256 0.195 0.126 0.049 0.000 0.000 0.000 0.000 0.000 0.000 0.000 0.000 0.000 0.000 0.000 0.000 0.000 0.000 0.000 0.000 0.000 0.000 0.000 0.000 0.000 0.000 0.000 0.000 0.000 0.000 0.000 0.000 0.000 0.000 0.000 0.000 0.000 0.000
0.043 0.051 0.061 0.070 0.080 0.090 0.104 0.120 0.137 0.154 0.172 0.191 0.221 0.267 0.315 0.365 0.417 0.472 0.569 0.729 0.907 1.101 1.298 1.499 1.622 1.612 1.601 1.589 1.578 1.565 1.507 1.355 1.196 1.030 0.857 0.676 0.525 0.452 0.371 0.282 0.186 0.081 0.000 0.000 0.000 0.000 0.000 0.000 0.000 0.000 0.000 0.000 0.000 0.000 0.000 0.000 0.000 0.000 0.000 0.000 0.000 0.000 0.000 0.000 0.000 0.000 0.000 0.000 0.000 0.000 0.000 0.000 0.000 0.000 0.000 0.000
0.051 0.061 0.071 0.082 0.094 0.106 0.120 0.138 0.157 0.176 0.197 0.217 0.247 0.307 0.380 0.461 0.552 0.652 0.783 0.982 1.184 1.388 1.595 1.805 1.967 1.955 1.942 1.929 1.916 1.901 1.856 1.679 1.494 1.302 1.103 0.897 0.703 0.602 0.493 0.377 0.253 0.121 0.000 0.000 0.000 0.006 0.008 0.005 0.000 0.000 0.000 0.000 0.000 0.000 0.000 0.000 0.000 0.000 0.000 0.000 0.000 0.000 0.000 0.000 0.000 0.000 0.000 0.000 0.000 0.000 0.000 0.000 0.000 0.000 0.000 0.000
0.058 0.070 0.082 0.094 0.107 0.120 0.139 0.164 0.191 0.218 0.247 0.277 0.316 0.412 0.517 0.631 0.755 0.888 1.037 1.246 1.458 1.672 1.889 2.109 2.313 2.299 2.284 2.269 2.254 2.238 2.212 2.009 1.799 1.581 1.357 1.125 0.888 0.762 0.653 0.528 0.389 0.235 0.066 0.064 0.060 0.051 0.039 0.022 0.001 0.000 0.000 0.000 0.000 0.000 0.000 0.000 0.000 0.000 0.000 0.000 0.000 0.000 0.000 0.000 0.000 0.000 0.000 0.000 0.000 0.000 0.000 0.000 0.000 0.000 0.000 0.000
0.071 0.088 0.106 0.124 0.144 0.164 0.186 0.215 0.245 0.277 0.309 0.343 0.378 0.506 0.644 0.791 0.948 1.114 1.289 1.506 1.728 1.952 2.179 2.409 2.641 2.642 2.626 2.609 2.592 2.574 2.561 2.372 2.163 1.951 1.737 1.522 1.304 1.147 0.985 0.809 0.617 0.411 0.191 0.143 0.124 0.101 0.074 0.042 0.007 0.000 0.000 0.000 0.000 0.000 0.000 0.000 0.000 0.000 0.000 0.000 0.000 0.000 0.000 0.000 0.000 0.000 0.000 0.000 0.000 0.000 0.000 0.000 0.000 0.000 0.000 0.000
0.099 0.118 0.139 0.161 0.184 0.208 0.233 0.265 0.299 0.334 0.371 0.408 0.447 0.590 0.761 0.941 1.131 1.329 1.537 1.763 1.995 2.229 2.466 2.712 2.967 3.019 3.018 3.017 3.018 3.019 3.022 2.859 2.642 2.423 2.202 1.979 1.754 1.546 1.332 1.104 0.861 0.603 0.330 0.226 0.192 0.155 0.113 0.067 0.017 0.000 0.000 0.000 0.000 0.000 0.000 0.000 0.000 0.000 0.000 0.000 0.000 0.000 0.000 0.000 0.000 0.000 0.000 0.000 0.000 0.000 0.000 0.000 0.000 0.000 0.000 0.000
0.126 0.148 0.172 0.197 0.223 0.250 0.278 0.313 0.351 0.390 0.431 0.472 0.515 0.664 0.868 1.081 1.312 1.558 1.816 2.072 2.327 2.583 2.842 3.102 3.365 3.460 3.462 3.465 3.469 3.475 3.481 3.347 3.123 2.896 2.668 2.438 2.206 1.960 1.694 1.414 1.119 0.809 0.484 0.313 0.265 0.213 0.156 0.096 0.035 0.005 0.006 0.006 0.006 0.004 0.002 0.000 0.000 0.000 0.000 0.000 0.000 0.000 0.000 0.000 0.000 0.000 0.000 0.000 0.000 0.000 0.000 0.000 0.000 0.000 0.000 0.000
0.153 0.176 0.204 0.232 0.261 0.292 0.323 0.360 0.402 0.454 0.509 0.565 0.623 0.783 1.035 1.298 1.571 1.856 2.151 2.431 2.693 2.957 3.222 3.490 3.760 3.899 3.905 3.912 3.920 3.929 3.939 3.836 3.605 3.371 3.136 2.898 2.659 2.388 2.070 1.738 1.391 1.047 0.700 0.480 0.427 0.361 0.283 0.193 0.091 0.024 0.021 0.019 0.015 0.010 0.004 0.000 0.000 0.000 0.000 0.000 0.000 0.000 0.000 0.000 0.000 0.000 0.000 0.000 0.000 0.000 0.000 0.000 0.000 0.000 0.000 0.000
0.178 0.204 0.243 0.284 0.326 0.369 0.414 0.464 0.521 0.580 0.640 0.702 0.766 0.917 1.207 1.507 1.819 2.141 2.474 2.788 3.056 3.327 3.600 3.875 4.152 4.336 4.345 4.356 4.368 4.381 4.395 4.327 4.088 3.846 3.594 3.339 3.083 2.798 2.452 2.104 1.753 1.399 1.043 0.762 0.665 0.557 0.437 0.304 0.159 0.043 0.038 0.032 0.025 0.016 0.007 0.000 0.000 0.000 0.000 0.000 0.000 0.000 0.000 0.000 0.000 0.000 0.000 0.000 0.000 0.000 0.000 0.000 0.000 0.000 0.000 0.000
0.253 0.290 0.334 0.379 0.426 0.474 0.524 0.577 0.640 0.704 0.770 0.838 0.907 1.039 1.366 1.705 2.054 2.414 2.785 3.141 3.417 3.695 3.975 4.257 4.541 4.771 4.782 4.791 4.798 4.806 4.812 4.770 4.515 4.257 3.997 3.735 3.470 3.190 2.835 2.477 2.117 1.754 1.389 1.055 0.916 0.765 0.602 0.427 0.239 0.064 0.055 0.046 0.035 0.024 0.012 0.000 0.000 0.000 0.000 0.000 0.000 0.000 0.000 0.000 0.000 0.000 0.000 0.000 0.000 0.000 0.000 0.000 0.000 0.000 0.000 0.000
0.333 0.374 0.423 0.473 0.524 0.577 0.631 0.688 0.757 0.827 0.898 0.971 1.046 1.149 1.514 1.891 2.278 2.676 3.084 3.492 3.774 4.056 4.339 4.623 4.907 5.176 5.183 5.189 5.195 5.200 5.205 5.199 4.935 4.670 4.402 4.132 3.860 3.583 3.219 2.852 2.483 2.111 1.737 1.361 1.179 0.985 0.779 0.561 0.331 0.089 0.074 0.062 0.051 0.036 0.020 0.001 0.000 0.000 0.000 0.000 0.000 0.000 0.000 0.000 0.000 0.000 0.000 0.000 0.000 0.000 0.000 0.000 0.000 0.000 0.000 0.000
0.411 0.456 0.510 0.565 0.621 0.679 0.738 0.798 0.871 0.947 1.024 1.102 1.199 1.309 1.711 2.130 2.552 2.975 3.401 3.828 4.122 4.407 4.692 4.979 5.266 5.553 5.583 5.588 5.592 5.595 5.598 5.601 5.358 5.084 4.809 4.531 4.250 3.968 3.606 3.230 2.851 2.470 2.087 1.701 1.452 1.216 0.970 0.715 0.450 0.175 0.118 0.101 0.080 0.058 0.032 0.005 0.000 0.000 0.000 0.000 0.000 0.000 0.000 0.000 0.000 0.000 0.000 0.000 0.000 0.000 0.000 0.000 0.000 0.000 0.000 0.000
0.487 0.538 0.595 0.655 0.716 0.785 0.854 0.924 1.017 1.123 1.237 1.360 1.492 1.632 2.000 2.426 2.854 3.284 3.716 4.150 4.469 4.756 5.044 5.333 5.623 5.913 5.983 5.986 5.988 5.990 5.991 5.992 5.782 5.501 5.217 4.931 4.643 4.364 4.015 3.633 3.244 2.847 2.442 2.029 1.724 1.454 1.174 0.885 0.586 0.277 0.167 0.141 0.112 0.081 0.048 0.012 0.000 0.000 0.000 0.000 0.000 0.000 0.000 0.000 0.000 0.000 0.000 0.000 0.000 0.000 0.000 0.000 0.000 0.000 0.000 0.000
0.594 0.660 0.728 0.797 0.866 0.935 1.004 1.072 1.181 1.317 1.461 1.614 1.776 1.945 2.286 2.719 3.154 3.591 4.029 4.470 4.815 5.105 5.395 5.687 5.979 6.272 6.384 6.385 6.385 6.385 6.394 6.407 6.246 5.969 5.691 5.410 5.127 4.842 4.486 4.077 3.661 3.236 2.804 2.364 2.005 1.701 1.387 1.064 0.731 0.388 0.218 0.184 0.147 0.107 0.065 0.021 0.000 0.000 0.000 0.000 0.000 0.000 0.000 0.000 0.000 0.000 0.000 0.000 0.000 0.000 0.000 0.000 0.000 0.000 0.000 0.000
0.743 0.812 0.881 0.949 1.017 1.086 1.154 1.221 1.336 1.501 1.676 1.858 2.049 2.249 2.571 3.010 3.451 3.895 4.340 4.787 5.159 5.451 5.746 6.043 6.339 6.634 6.792 6.803 6.817 6.835 6.855 6.880 6.763 6.479 6.193 5.904 5.614 5.321 4.965 4.529 4.085 3.633 3.174 2.706 2.296 1.958 1.610 1.253 0.886 0.509 0.272 0.229 0.183 0.135 0.085 0.033 0.002 0.003 0.003 0.003 0.002 0.001 0.000 0.000 0.000 0.000 0.000 0.000 0.000 0.000 0.000 0.000 0.000 0.000 0.000 0.000
0.890 0.962 1.033 1.101 1.169 1.236 1.303 1.370 1.481 1.677 1.881 2.093 2.314 2.543 2.852 3.308 3.776 4.238 4.694 5.143 5.537 5.832 6.126 6.419 6.711 7.002 7.203 7.225 7.251 7.280 7.312 7.348 7.282 6.990 6.696 6.400 6.102 5.802 5.452 4.988 4.517 4.038 3.551 3.056 2.596 2.224 1.842 1.450 1.045 0.631 0.317 0.266 0.213 0.160 0.106 0.051 0.011 0.010 0.008 0.007 0.005 0.002 0.000 0.000 0.000 0.000 0.000 0.000 0.000 0.000 0.000 0.000 0.000 0.000 0.000 0.000
1.036 1.111 1.186 1.253 1.320 1.386 1.453 1.519 1.637 1.898 2.165 2.438 2.719 3.007 3.332 3.785 4.231 4.670 5.103 5.530 5.927 6.218 6.508 6.796 7.084 7.370 7.609 7.643 7.681 7.721 7.765 7.812 7.802 7.503 7.201 6.898 6.592 6.285 5.946 5.455 4.961 4.460 3.941 3.404 2.873 2.463 2.045 1.619 1.185 0.742 0.352 0.297 0.242 0.185 0.128 0.070 0.019 0.017 0.014 0.011 0.008 0.004 0.000 0.000 0.000 0.000 0.000 0.000 0.000 0.000 0.000 0.000 0.000 0.000 0.000 0.000
1.181 1.263 1.347 1.433 1.529 1.636 1.753 1.880 2.025 2.309 2.600 2.898 3.202 3.514 3.837 4.267 4.691 5.108 5.519 5.923 6.317 6.604 6.890 7.174 7.458 7.740 8.012 8.058 8.106 8.159 8.214 8.273 8.324 8.038 7.764 7.482 7.193 6.894 6.583 6.055 5.507 4.942 4.358 3.755 3.138 2.699 2.252 1.797 1.333 0.862 0.387 0.329 0.270 0.211 0.151 0.090 0.028 0.025 0.020 0.016 0.011 0.006 0.000 0.000 0.000 0.000 0.000 0.000 0.000 0.000 0.000 0.000 0.000 0.000 0.000 0.000
1.350 1.440 1.532 1.652 1.784 1.927 2.080 2.243 2.416 2.712 3.027 3.349 3.677 4.013 4.355 4.756 5.157 5.552 5.941 6.323 6.699 6.991 7.272 7.553 7.832 8.110 8.408 8.523 8.621 8.727 8.840 8.960 9.088 8.842 8.540 8.229 7.910 7.584 7.249 6.684 6.072 5.442 4.793 4.125 3.439 2.943 2.467 1.983 1.490 0.989 0.480 0.362 0.300 0.238 0.175 0.111 0.046 0.033 0.027 0.022 0.016 0.009 0.001 0.000 0.000 0.000 0.000 0.000 0.000 0.000 0.000 0.000 0.000 0.000 0.000 0.000
1.518 1.615 1.715 1.860 2.028 2.206 2.395 2.594 2.803 3.107 3.446 3.791 4.144 4.503 4.870 5.251 5.630 6.002 6.368 6.743 7.137 7.471 7.780 8.087 8.392 8.695 8.996 9.160 9.284 9.415 9.554 9.700 9.853 9.654 9.323 8.983 8.636 8.280 7.917 7.332 6.655 5.959 5.246 4.513 3.762 3.195 2.690 2.176 1.655 1.125 0.587 0.406 0.355 0.297 0.232 0.158 0.078 0.050 0.042 0.034 0.025 0.014 0.003 0.000 0.000 0.000 0.000 0.000 0.000 0.000 0.000 0.000 0.000 0.000 0.000 0.000
1.684 1.788 1.895 2.056 2.260 2.474 2.699 2.933 3.178 3.494 3.857 4.226 4.562 4.903 5.249 5.611 5.995 6.399 6.821 7.262 7.722 8.093 8.395 8.696 8.994 9.291 9.585 9.789 9.939 10.095 10.260 10.431 10.610 10.473 10.113 9.745 9.369 8.984 8.592 7.998 7.256 6.495 5.717 4.920 4.106 3.463 2.942 2.419 1.894 1.367 0.838 0.581 0.504 0.419 0.327 0.228 0.120 0.069 0.058 0.046 0.034 0.020 0.006 0.000 0.000 0.000 0.000 0.000 0.000 0.000 0.000 0.000 0.000 0.000 0.000 0.000
1.846 1.958 2.072 2.240 2.478 2.709 2.939 3.168 3.396 3.674 4.018 4.367 4.721 5.081 5.446 5.846 6.296 6.765 7.254 7.760 8.286 8.716 9.012 9.306 9.597 9.887 10.176 10.409 10.584 10.767 10.957 11.154 11.358 11.299 10.910 10.514 10.109 9.714 9.291 8.686 7.883 7.061 6.221 5.363 4.487 3.763 3.234 2.704 2.171 1.637 1.100 0.763 0.660 0.549 0.430 0.304 0.170 0.088 0.075 0.060 0.044 0.027 0.010 0.000 0.000 0.000 0.000 0.000 0.000 0.000 0.001 0.003 0.005 0.009 0.013 0.016
1.994 2.110 2.227 2.379 2.607 2.834 3.060 3.285 3.508 3.771 4.134 4.502 4.875 5.253 5.637 6.060 6.576 7.112 7.665 8.238 8.830 9.340 9.629 9.917 10.202 10.485 10.767 11.021 11.222 11.430 11.733 12.038 12.341 12.431 12.025 11.585 11.111 10.603 10.061 9.401 8.534 7.649 6.746 5.825 4.886 4.064 3.528 2.990 2.451 1.909 1.365 0.953 0.823 0.685 0.540 0.388 0.228 0.109 0.092 0.074 0.055 0.035 0.015 0.000 0.000 0.000 0.000 0.000 0.000 0.001 0.005 0.010 0.015 0.021 0.029 0.035
2.126 2.249 2.373 2.514 2.738 2.961 3.182 3.403 3.621 3.863 4.244 4.630 5.022 5.419 5.821 6.254 6.836 7.437 8.057 8.695 9.352 9.966 10.248 10.551 10.898 11.289 11.724 12.173 12.477 12.778 13.078 13.375 13.669 13.830 13.305 12.745 12.152 11.525 10.864 10.133 9.203 8.255 7.289 6.304 5.302 4.367 3.824 3.279 2.731 2.182 1.631 1.149 0.993 0.829 0.658 0.473 0.285 0.128 0.108 0.087 0.065 0.042 0.019 0.000 0.000 0.000 0.000 0.000 0.000 0.001 0.008 0.016 0.024 0.034 0.044 0.053
2.255 2.385 2.517 2.651 2.870 3.088 3.306 3.521 3.736 3.949 4.348 4.753 5.164 5.579 6.000 6.420 7.042 7.682 8.339 9.013 9.705 10.411 10.824 11.281 11.782 12.327 12.915 13.543 13.838 14.132 14.423 14.711 14.997 15.262 14.618 13.940 13.227 12.481 11.701 10.883 9.889 8.878 7.849 6.802 5.737 4.671 4.121 3.569 2.990 2.405 1.821 1.252 1.064 0.876 0.690 0.505 0.320 0.145 0.122 0.099 0.075 0.050 0.025 0.000 0.000 0.000 0.000 0.000 0.000 0.001 0.010 0.021 0.033 0.045 0.058 0.071
2.382 2.519 2.659 2.800 3.003 3.217 3.430 3.641 3.843 4.032 4.396 4.795 5.199 5.606 6.017 6.432 7.077 7.778 8.496 9.231 9.984 10.754 11.353 11.964 12.618 13.317 14.059 14.845 15.201 15.486 15.768 16.048 16.326 16.602 15.965 15.167 14.336 13.471 12.572 11.639 10.593 9.453 8.305 7.158 6.012 4.866 4.220 3.636 3.053 2.470 1.888 1.307 1.082 0.899 0.716 0.535 0.355 0.176 0.137 0.111 0.085 0.058 0.031 0.002 0.000 0.000 0.000 0.000 0.000 0.000 0.012 0.026 0.040 0.060 0.091 0.127
2.506 2.646 2.782 2.916 3.090 3.281 3.467 3.649 3.827 4.001 4.338 4.751 5.168 5.588 6.012 6.440 7.093 7.854 8.633 9.430 10.244 11.075 11.835 12.599 13.407 14.259 15.155 16.094 16.564 16.840 17.114 17.386 17.656 17.916 17.174 16.122 15.064 14.001 12.931 11.856 10.726 9.580 8.434 7.289 6.144 5.000 4.278 3.696 3.115 2.534 1.954 1.375 1.100 0.920 0.742 0.564 0.388 0.213 0.152 0.124 0.096 0.067 0.037 0.007 0.000 0.000 0.000 0.001 0.003 0.005 0.028 0.062 0.102 0.147 0.198 0.255
2.593 2.724 2.853 2.980 3.134 3.310 3.482 3.651 3.815 3.975 4.277 4.703 5.132 5.566 6.003 6.443 7.090 7.912 8.753 9.610 10.485 11.377 12.270 13.187 14.149 15.154 16.189 17.165 17.647 17.760 17.853 17.928 17.983 18.019 17.400 16.327 15.249 14.164 13.074 11.978 10.851 9.706 8.562 7.419 6.276 5.134 4.335 3.755 3.176 2.598 2.020 1.444 1.116 0.940 0.766 0.592 0.420 0.249 0.168 0.136 0.104 0.072 0.041 0.011 0.001 0.003 0.005 0.008 0.012 0.016 0.049 0.103 0.163 0.229 0.300 0.377
2.679 2.803 2.925 3.046 3.182 3.344 3.502 3.657 3.807 3.953 4.211 4.650 5.093 5.539 5.989 6.443 7.068 7.952 8.853 9.796 10.800 11.808 12.813 13.799 14.767 15.718 16.651 17.566 18.105 18.150 18.177 18.184 18.172 18.141 17.632 16.538 15.439 14.334 13.223 12.106 10.975 9.832 8.690 7.548 6.407 5.267 4.391 3.814 3.237 2.661 2.086 1.511 1.130 0.956 0.783 0.609 0.436 0.264 0.161 0.130 0.100 0.071 0.042 0.014 0.002 0.005 0.010 0.015 0.020 0.026 0.065 0.139 0.219 0.305 0.396 0.493
2.767 2.884 3.000 3.113 3.234 3.382 3.527 3.667 3.803 3.936 4.142 4.594 5.089 5.639 6.201 6.774 7.465 8.471 9.481 10.495 11.513 12.536 13.537 14.461 15.368 16.258 17.130 17.984 18.582 18.560 18.520 18.460 18.381 18.282 17.870 16.755 15.635 14.510 13.378 12.240 11.098 9.957 8.817 7.677 6.538 5.398 4.440 3.863 3.287 2.713 2.140 1.569 1.135 0.962 0.789 0.617 0.445 0.273 0.152 0.124 0.096 0.068 0.042 0.016 0.002 0.008 0.014 0.020 0.027 0.035 0.075 0.169 0.269 0.375 0.486 0.604
2.856 2.967 3.076 3.183 3.290 3.438 3.609 3.797 4.003 4.227 4.497 5.065 5.644 6.234 6.837 7.450 8.117 9.137 10.161 11.190 12.222 13.258 14.278 15.141 15.987 16.815 17.626 18.420 19.078 18.990 18.882 18.755 18.609 18.444 18.113 16.979 15.838 14.691 13.564 12.412 11.241 10.101 8.959 7.814 6.666 5.515 4.470 3.898 3.327 2.758 2.190 1.624 1.140 0.968 0.796 0.624 0.453 0.282 0.142 0.116 0.091 0.066 0.041 0.018 0.002 0.009 0.017 0.026 0.034 0.044 0.090 0.251 0.423 0.606 0.800 1.004
2.911 3.023 3.145 3.277 3.419 3.629 3.863 4.114 4.383 4.670 4.975 5.566 6.185 6.816 7.459 8.113 8.779 9.798 10.836 11.878 12.925 13.975 15.029 15.838 16.623 17.390 18.140 18.873 19.588 19.438 19.273 19.228 19.113 18.926 18.659 17.521 16.354 15.160 13.938 12.687 11.413 10.263 9.110 7.955 6.796 5.634 4.498 3.931 3.366 2.802 2.239 1.679 1.145 0.973 0.802 0.631 0.461 0.290 0.132 0.108 0.085 0.062 0.040 0.019 0.002 0.029 0.070 0.127 0.199 0.286 0.397 0.596 0.805 1.025 1.256 1.498
2.898 3.045 3.201 3.367 3.543 3.800 4.097 4.411 4.743 5.093 5.461 6.053 6.713 7.385 8.068 8.763 9.469 10.453 11.505 12.562 13.622 14.687 15.755 16.597 17.567 18.510 19.427 20.319 21.185 21.183 20.961 20.668 20.304 19.869 19.363 18.216 16.952 15.660 14.339 12.991 11.615 10.428 9.265 8.099 6.929 5.758 4.583 3.964 3.403 2.844 2.287 1.731 1.177 0.978 0.808 0.638 0.470 0.303 0.135 0.107 0.086 0.065 0.044 0.022 0.001 0.076 0.170 0.279 0.403 0.541 0.695 0.930 1.177 1.434 1.702 1.981
