DATA/SHG/CPC/2018/20180309.asc
ncols        190
nrows        64
xllcorner    -5100000.000000000000
yllcorner    4130000.000000000000
cellsize     10000.000000000000
NODATA_value  -99999.000
[rows 0 to 33 of 64, columns 0 to 75 of 190]
0.000 0.000 0.000 0.000 0.000 0.000 0.000 0.000 0.000 0.000 0.000 0.000 0.011 0.029 0.050 0.074 0.102 0.132 0.220 0.342 0.476 0.624 0.785 0.959 1.013 0.998 0.977 0.951 0.920 0.883 0.796 0.672 0.538 0.393 0.238 0.098 0.051 0.063 0.066 0.058 0.041 0.015 0.000 0.000 0.000 0.000 0.000 0.000 0.000 0.000 0.000 0.000 0.000 0.000 0.000 0.000 0.000 0.000 0.000 0.000 0.000 0.000 0.000 0.000 0.000 0.000 0.000 0.000 0.000 0.000 0.000 0.000 0.000 0.000 0.000 0.000
0.000 0.000 0.000 0.000 0.000 0.000 0.000 0.000 0.000 0.000 0.000 0.000 0.016 0.045 0.077 0.113 0.151 0.193 0.300 0.468 0.649 0.842 1.049 1.269 1.363 1.329 1.289 1.243 1.192 1.143 1.052 0.915 0.774 0.631 0.484 0.335 0.245 0.223 0.192 0.151 0.100 0.040 0.000 0.000 0.000 0.000 0.000 0.000 0.000 0.000 0.000 0.000 0.000 0.000 0.000 0.000 0.000 0.000 0.000 0.000 0.000 0.000 0.000 0.000 0.000 0.000 0.000 0.000 0.000 0.000 0.000 0.000 0.000 0.000 0.000 0.000
0.000 0.000 0.000 0.000 0.000 0.000 0.000 0.000 0.000 0.000 0.000 0.000 0.017 0.057 0.101 0.147 0.197 0.250 0.366 0.580 0.811 1.051 1.289 1.523 1.650 1.600 1.552 1.505 1.461 1.419 1.342 1.194 1.044 0.890 0.734 0.575 0.448 0.392 0.327 0.253 0.168 0.075 0.000 0.000 0.000 0.000 0.000 0.000 0.000 0.000 0.000 0.000 0.000 0.000 0.000 0.000 0.000 0.000 0.000 0.000 0.000 0.000 0.000 0.000 0.000 0.000 0.000 0.000 0.000 0.000 0.000 0.000 0.000 0.000 0.000 0.000
0.000 0.000 0.000 0.000 0.000 0.000 0.000 0.000 0.000 0.000 0.000 0.000 0.014 0.070 0.139 0.222 0.319 0.429 0.581 0.816 1.049 1.279 1.506 1.730 1.891 1.847 1.806 1.766 1.728 1.692 1.634 1.477 1.316 1.153 0.987 0.818 0.661 0.571 0.472 0.364 0.246 0.119 0.000 0.000 0.000 0.009 0.012 0.009 0.000 0.000 0.000 0.000 0.000 0.000 0.000 0.000 0.000 0.000 0.000 0.000 0.000 0.000 0.000 0.000 0.000 0.000 0.000 0.000 0.000 0.000 0.000 0.000 0.000 0.000 0.000 0.000
0.000 0.000 0.000 0.000 0.000 0.000 0.000 0.000 0.000 0.000 0.000 0.000 0.014 0.117 0.234 0.365 0.509 0.666 0.843 1.068 1.290 1.510 1.726 1.939 2.129 2.092 2.057 2.024 1.993 1.963 1.929 1.761 1.591 1.418 1.242 1.063 0.883 0.762 0.658 0.540 0.408 0.262 0.103 0.100 0.094 0.080 0.061 0.034 0.002 0.000 0.000 0.000 0.000 0.000 0.000 0.000 0.000 0.000 0.000 0.000 0.000 0.000 0.000 0.000 0.000 0.000 0.000 0.000 0.000 0.000 0.000 0.000 0.000 0.000 0.000 0.000
0.000 0.000 0.000 0.000 0.000 0.000 0.000 0.000 0.000 0.000 0.000 0.000 0.000 0.150 0.315 0.493 0.684 0.889 1.108 1.323 1.534 1.743 1.948 2.151 2.351 2.335 2.307 2.280 2.255 2.232 2.213 2.060 1.899 1.745 1.597 1.456 1.322 1.183 1.030 0.862 0.681 0.487 0.278 0.225 0.195 0.159 0.116 0.067 0.011 0.000 0.000 0.000 0.000 0.000 0.000 0.000 0.000 0.000 0.000 0.000 0.000 0.000 0.000 0.000 0.000 0.000 0.000 0.000 0.000 0.000 0.000 0.000 0.000 0.000 0.000 0.000
0.000 0.000 0.000 0.000 0.000 0.000 0.000 0.000 0.000 0.000 0.000 0.000 0.000 0.168 0.380 0.606 0.845 1.097 1.363 1.580 1.781 1.979 2.174 2.368 2.563 2.589 2.572 2.556 2.542 2.530 2.520 2.408 2.270 2.139 2.015 1.896 1.785 1.617 1.414 1.198 0.968 0.725 0.467 0.355 0.303 0.243 0.178 0.105 0.027 0.000 0.000 0.000 0.000 0.000 0.000 0.000 0.000 0.000 0.000 0.000 0.000 0.000 0.000 0.000 0.000 0.000 0.000 0.000 0.000 0.000 0.000 0.000 0.000 0.000 0.000 0.000
0.000 0.000 0.000 0.000 0.000 0.000 0.000 0.000 0.000 0.000 0.000 0.000 0.000 0.172 0.432 0.704 0.992 1.292 1.604 1.841 2.037 2.231 2.423 2.615 2.805 2.865 2.854 2.844 2.836 2.830 2.825 2.749 2.634 2.526 2.424 2.329 2.241 2.064 1.813 1.548 1.269 0.976 0.670 0.492 0.417 0.335 0.246 0.151 0.055 0.009 0.011 0.011 0.010 0.007 0.003 0.000 0.000 0.000 0.000 0.000 0.000 0.000 0.000 0.000 0.000 0.000 0.000 0.000 0.000 0.000 0.000 0.000 0.000 0.000 0.000 0.000
0.000 0.000 0.000 0.000 0.000 0.000 0.000 0.000 0.000 0.002 0.005 0.009 0.015 0.180 0.487 0.805 1.135 1.478 1.832 2.106 2.297 2.487 2.676 2.863 3.049 3.139 3.134 3.130 3.127 3.127 3.128 3.083 2.991 2.906 2.827 2.755 2.689 2.525 2.225 1.911 1.584 1.258 0.943 0.735 0.649 0.547 0.429 0.294 0.143 0.043 0.039 0.034 0.027 0.018 0.007 0.000 0.000 0.000 0.000 0.000 0.000 0.000 0.000 0.000 0.000 0.000 0.000 0.000 0.000 0.000 0.000 0.000 0.000 0.000 0.000 0.001
0.000 0.000 0.000 0.000 0.000 0.000 0.000 0.002 0.007 0.014 0.022 0.031 0.042 0.184 0.532 0.893 1.266 1.650 2.047 2.372 2.558 2.744 2.928 3.112 3.294 3.411 3.411 3.413 3.417 3.422 3.428 3.410 3.341 3.274 3.190 3.105 3.020 2.860 2.539 2.229 1.929 1.639 1.359 1.127 0.984 0.824 0.648 0.455 0.246 0.079 0.070 0.058 0.045 0.030 0.014 0.000 0.000 0.000 0.000 0.000 0.000 0.000 0.000 0.000 0.000 0.000 0.000 0.000 0.000 0.000 0.000 0.000 0.000 0.000 0.001 0.003
0.000 0.000 0.000 0.000 0.000 0.000 0.000 0.002 0.013 0.024 0.037 0.052 0.068 0.175 0.566 0.968 1.383 1.810 2.248 2.638 2.821 3.002 3.182 3.361 3.539 3.681 3.688 3.692 3.691 3.685 3.673 3.644 3.558 3.472 3.386 3.298 3.210 3.088 2.803 2.528 2.264 2.009 1.765 1.536 1.335 1.117 0.883 0.633 0.366 0.117 0.101 0.084 0.065 0.044 0.022 0.000 0.000 0.000 0.000 0.000 0.000 0.000 0.000 0.000 0.000 0.000 0.000 0.000 0.000 0.000 0.000 0.000 0.000 0.000 0.002 0.004
0.000 0.000 0.000 0.000 0.000 0.000 0.000 0.002 0.017 0.033 0.051 0.071 0.092 0.153 0.586 1.031 1.487 1.956 2.437 2.910 3.096 3.280 3.463 3.643 3.822 3.988 3.979 3.964 3.944 3.918 3.886 3.848 3.760 3.671 3.582 3.492 3.401 3.306 3.056 2.817 2.588 2.368 2.159 1.960 1.701 1.426 1.135 0.827 0.502 0.162 0.135 0.113 0.089 0.063 0.034 0.001 0.000 0.000 0.000 0.000 0.000 0.000 0.000 0.000 0.000 0.000 0.000 0.000 0.000 0.000 0.000 0.000 0.000 0.000 0.002 0.005
0.000 0.000 0.000 0.000 0.000 0.000 0.000 0.000 0.019 0.041 0.064 0.088 0.138 0.210 0.688 1.190 1.694 2.200 2.706 3.215 3.417 3.595 3.771 3.945 4.117 4.287 4.275 4.241 4.201 4.156 4.105 4.049 3.962 3.870 3.778 3.686 3.592 3.498 3.299 3.095 2.901 2.717 2.543 2.380 2.064 1.714 1.359 1.001 0.639 0.272 0.192 0.161 0.127 0.090 0.050 0.008 0.000 0.000 0.000 0.000 0.000 0.000 0.000 0.000 0.000 0.000 0.000 0.000 0.000 0.000 0.000 0.000 0.000 0.000 0.003 0.006
0.000 0.000 0.000 0.000 0.000 0.000 0.000 0.000 0.042 0.106 0.185 0.279 0.388 0.511 0.941 1.449 1.958 2.468 2.980 3.493 3.740 3.911 4.080 4.248 4.413 4.576 4.577 4.523 4.464 4.400 4.329 4.254 4.164 4.070 3.975 3.880 3.784 3.692 3.532 3.345 3.156 2.964 2.769 2.571 2.255 1.890 1.522 1.149 0.773 0.392 0.253 0.211 0.167 0.120 0.070 0.017 0.000 0.000 0.000 0.000 0.000 0.000 0.000 0.000 0.000 0.000 0.000 0.000 0.000 0.000 0.000 0.000 0.000 0.000 0.003 0.007
0.000 0.000 0.000 0.000 0.000 0.000 0.000 0.000 0.069 0.185 0.316 0.461 0.621 0.796 1.192 1.705 2.219 2.735 3.251 3.770 4.065 4.229 4.392 4.552 4.711 4.868 4.884 4.811 4.733 4.649 4.564 4.480 4.393 4.303 4.211 4.116 4.020 3.922 3.766 3.570 3.370 3.168 2.963 2.755 2.449 2.070 1.688 1.301 0.911 0.516 0.317 0.265 0.210 0.153 0.093 0.029 0.000 0.000 0.000 0.000 0.000 0.000 0.000 0.000 0.000 0.000 0.000 0.000 0.000 0.000 0.000 0.000 0.000 0.000 0.002 0.007
0.000 0.000 0.000 0.000 0.000 0.000 0.000 0.000 0.080 0.248 0.430 0.627 0.839 1.065 1.442 1.959 2.478 2.999 3.521 4.044 4.391 4.549 4.705 4.859 5.004 5.141 5.170 5.086 5.001 4.917 4.833 4.749 4.659 4.562 4.463 4.362 4.259 4.154 4.003 3.797 3.587 3.375 3.160 2.942 2.647 2.254 1.858 1.457 1.053 0.644 0.383 0.321 0.256 0.189 0.118 0.042 0.000 0.000 0.000 0.000 0.000 0.000 0.000 0.000 0.000 0.000 0.000 0.000 0.000 0.000 0.000 0.000 0.000 0.000 0.002 0.007
0.000 0.000 0.000 0.000 0.000 0.000 0.000 0.000 0.075 0.294 0.528 0.777 1.040 1.318 1.689 2.228 2.787 3.333 3.867 4.389 4.777 4.918 5.050 5.175 5.290 5.398 5.438 5.353 5.269 5.185 5.101 5.017 4.927 4.823 4.717 4.609 4.499 4.388 4.243 4.027 3.807 3.585 3.360 3.132 2.849 2.442 2.032 1.613 1.176 0.736 0.399 0.323 0.249 0.178 0.110 0.045 0.000 0.000 0.000 0.000 0.000 0.000 0.000 0.000 0.000 0.000 0.000 0.000 0.000 0.000 0.000 0.000 0.000 0.000 0.001 0.006
0.000 0.000 0.000 0.000 0.000 0.000 0.000 0.000 0.089 0.419 0.761 1.114 1.480 1.858 2.276 2.803 3.318 3.821 4.311 4.789 5.189 5.301 5.404 5.499 5.585 5.663 5.705 5.621 5.537 5.453 5.368 5.284 5.196 5.085 4.972 4.858 4.741 4.623 4.485 4.259 4.023 3.773 3.517 3.257 2.963 2.525 2.084 1.640 1.193 0.743 0.349 0.282 0.219 0.158 0.100 0.045 0.000 0.000 0.000 0.000 0.000 0.000 0.000 0.000 0.000 0.000 0.000 0.000 0.000 0.000 0.000 0.000 0.000 0.000 0.001 0.005
0.000 0.001 0.003 0.032 0.082 0.151 0.241 0.350 0.492 0.864 1.248 1.644 2.052 2.472 2.906 3.390 3.862 4.321 4.768 5.202 5.610 5.692 5.766 5.831 5.888 5.936 5.972 5.888 5.804 5.720 5.636 5.552 5.467 5.345 5.216 5.083 4.945 4.804 4.656 4.397 4.134 3.865 3.590 3.311 3.023 2.574 2.123 1.670 1.213 0.753 0.296 0.240 0.186 0.135 0.087 0.042 0.000 0.000 0.000 0.000 0.000 0.000 0.000 0.000 0.000 0.000 0.000 0.000 0.000 0.000 0.000 0.000 0.000 0.000 0.000 0.004
0.005 0.007 0.010 0.101 0.221 0.361 0.521 0.701 0.901 1.296 1.722 2.160 2.610 3.072 3.545 3.989 4.417 4.833 5.236 5.627 6.006 6.091 6.136 6.172 6.199 6.218 6.239 6.174 6.092 6.003 5.906 5.803 5.692 5.555 5.411 5.264 5.112 4.956 4.796 4.532 4.250 3.962 3.669 3.370 3.067 2.627 2.166 1.702 1.236 0.766 0.295 0.194 0.150 0.109 0.071 0.036 0.004 0.000 0.000 0.000 0.000 0.000 0.000 0.000 0.000 0.000 0.000 0.000 0.000 0.000 0.000 0.000 0.000 0.000 0.000 0.002
0.010 0.013 0.017 0.148 0.339 0.549 0.780 1.030 1.300 1.715 2.183 2.662 3.154 3.658 4.174 4.601 4.985 5.358 5.718 6.058 6.410 6.526 6.554 6.576 6.591 6.600 6.604 6.528 6.421 6.306 6.184 6.056 5.920 5.769 5.611 5.448 5.282 5.112 4.937 4.672 4.371 4.064 3.752 3.435 3.113 2.682 2.211 1.738 1.261 0.782 0.301 0.155 0.135 0.110 0.081 0.048 0.011 0.000 0.000 0.000 0.000 0.000 0.000 0.000 0.000 0.000 0.000 0.000 0.000 0.000 0.000 0.000 0.000 0.000 0.000 0.001
0.014 0.019 0.024 0.173 0.434 0.715 1.016 1.336 1.677 2.119 2.629 3.150 3.630 4.108 4.583 4.973 5.317 5.676 6.049 6.435 6.836 7.007 7.013 7.012 7.006 6.993 6.974 6.889 6.756 6.617 6.470 6.316 6.155 5.987 5.814 5.637 5.457 5.272 5.083 4.817 4.497 4.172 3.841 3.505 3.174 2.767 2.305 1.842 1.378 0.914 0.448 0.240 0.205 0.165 0.122 0.074 0.022 0.000 0.000 0.000 0.000 0.000 0.000 0.000 0.000 0.000 0.000 0.000 0.000 0.000 0.000 0.000 0.000 0.000 0.000 0.000
0.018 0.024 0.030 0.176 0.508 0.854 1.206 1.564 1.927 2.345 2.821 3.296 3.769 4.240 4.708 5.138 5.531 5.939 6.361 6.797 7.246 7.494 7.478 7.455 7.427 7.392 7.351 7.257 7.099 6.934 6.762 6.583 6.397 6.208 6.021 5.830 5.635 5.438 5.240 4.984 4.658 4.330 4.001 3.669 3.336 2.942 2.477 2.011 1.543 1.075 0.606 0.329 0.279 0.225 0.167 0.104 0.038 0.000 0.000 0.000 0.000 0.000 0.000 0.000 0.000 0.000 0.000 0.000 0.000 0.000 0.000 0.001 0.003 0.005 0.007 0.009
0.048 0.073 0.104 0.234 0.595 0.961 1.333 1.710 2.093 2.506 2.976 3.444 3.909 4.373 4.835 5.287 5.730 6.187 6.658 7.143 7.641 7.986 7.948 7.904 7.853 7.797 7.734 7.632 7.449 7.259 7.044 6.831 6.623 6.420 6.222 6.024 5.824 5.624 5.423 5.180 4.848 4.513 4.177 3.839 3.500 3.118 2.650 2.180 1.709 1.237 0.765 0.422 0.357 0.288 0.216 0.139 0.058 0.000 0.000 0.000 0.000 0.000 0.000 0.000 0.000 0.000 0.000 0.000 0.000 0.001 0.003 0.005 0.008 0.012 0.016 0.019
0.103 0.147 0.195 0.295 0.676 1.062 1.453 1.850 2.253 2.669 3.132 3.593 4.052 4.509 4.964 5.421 5.913 6.419 6.939 7.473 8.021 8.485 8.418 8.290 8.169 8.056 7.950 7.833 7.622 7.415 7.211 7.012 6.815 6.621 6.420 6.218 6.015 5.811 5.606 5.378 5.039 4.698 4.355 4.011 3.665 3.295 2.823 2.350 1.875 1.400 0.924 0.518 0.439 0.356 0.269 0.177 0.081 0.000 0.000 0.000 0.000 0.000 0.000 0.000 0.000 0.000 0.000 0.000 0.000 0.001 0.004 0.009 0.013 0.018 0.024 0.029
0.153 0.215 0.281 0.353 0.750 1.156 1.567 1.984 2.406 2.835 3.290 3.744 4.196 4.646 5.094 5.532 6.032 6.530 7.027 7.523 8.018 8.506 8.397 8.295 8.200 8.113 8.033 7.959 7.761 7.566 7.375 7.188 7.004 6.823 6.618 6.413 6.206 5.998 5.790 5.577 5.231 4.884 4.535 4.184 3.832 3.473 2.997 2.521 2.033 1.548 1.069 0.610 0.516 0.419 0.318 0.213 0.106 0.000 0.000 0.000 0.000 0.000 0.000 0.000 0.000 0.000 0.000 0.000 0.000 0.000 0.006 0.011 0.018 0.024 0.032 0.039
0.197 0.277 0.361 0.451 0.818 1.243 1.674 2.111 2.542 2.956 3.372 3.787 4.200 4.612 5.022 5.430 5.913 6.407 6.900 7.391 7.882 8.371 8.368 8.292 8.223 8.162 8.109 8.063 7.896 7.714 7.535 7.360 7.189 7.021 6.818 6.608 6.398 6.187 5.975 5.762 5.426 5.050 4.671 4.291 3.911 3.530 3.059 2.582 2.111 1.646 1.186 0.732 0.591 0.482 0.370 0.254 0.134 0.012 0.000 0.000 0.000 0.000 0.000 0.000 0.000 0.000 0.000 0.000 0.000 0.000 0.006 0.014 0.022 0.032 0.046 0.062
0.235 0.331 0.430 0.533 0.853 1.269 1.681 2.090 2.494 2.894 3.301 3.710 4.118 4.524 4.928 5.330 5.795 6.285 6.774 7.261 7.747 8.232 8.331 8.281 8.239 8.204 8.176 8.156 8.027 7.857 7.691 7.528 7.369 7.214 7.013 6.787 6.553 6.309 6.057 5.796 5.445 5.064 4.683 4.301 3.918 3.535 3.092 2.635 2.184 1.738 1.298 0.863 0.670 0.549 0.425 0.297 0.166 0.031 0.000 0.000 0.000 0.000 0.000 0.000 0.000 0.000 0.000 0.001 0.002 0.003 0.013 0.029 0.046 0.066 0.087 0.111
0.257 0.365 0.477 0.593 0.864 1.267 1.665 2.059 2.450 2.836 3.232 3.635 4.037 4.437 4.836 5.233 5.679 6.164 6.649 7.132 7.614 8.095 8.286 8.262 8.246 8.237 8.240 8.267 8.192 8.040 7.886 7.727 7.565 7.400 7.184 6.927 6.662 6.387 6.104 5.812 5.463 5.080 4.696 4.311 3.926 3.540 3.120 2.682 2.251 1.824 1.404 0.989 0.752 0.619 0.483 0.344 0.201 0.055 0.000 0.000 0.000 0.000 0.000 0.000 0.000 0.001 0.003 0.004 0.006 0.008 0.022 0.045 0.070 0.097 0.127 0.158
0.273 0.394 0.520 0.649 0.879 1.268 1.653 2.033 2.410 2.783 3.164 3.562 3.958 4.353 4.746 5.137 5.564 6.045 6.525 7.020 7.544 8.061 8.370 8.397 8.423 8.448 8.474 8.498 8.443 8.279 8.112 7.941 7.767 7.589 7.364 7.076 6.780 6.474 6.160 5.836 5.481 5.096 4.709 4.322 3.935 3.547 3.142 2.724 2.312 1.905 1.504 1.108 0.818 0.654 0.497 0.347 0.203 0.066 0.000 0.000 0.000 0.000 0.000 0.000 0.001 0.003 0.005 0.007 0.010 0.013 0.029 0.060 0.092 0.127 0.164 0.203
0.285 0.420 0.558 0.700 0.898 1.273 1.644 2.012 2.375 2.734 3.099 3.491 3.906 4.351 4.798 5.247 5.718 6.238 6.752 7.258 7.757 8.248 8.609 8.634 8.659 8.683 8.707 8.730 8.697 8.521 8.342 8.159 7.972 7.782 7.553 7.234 6.907 6.570 6.225 5.870 5.500 5.112 4.724 4.334 3.944 3.537 3.116 2.690 2.268 1.849 1.433 1.021 0.702 0.562 0.428 0.302 0.182 0.069 0.000 0.000 0.000 0.000 0.000 0.000 0.001 0.004 0.007 0.010 0.014 0.017 0.034 0.072 0.112 0.154 0.199 0.246
0.293 0.441 0.592 0.748 0.922 1.281 1.652 2.040 2.446 2.870 3.310 3.759 4.209 4.662 5.117 5.574 6.038 6.533 7.022 7.502 7.976 8.442 8.848 8.872 8.895 8.918 8.940 8.962 8.955 8.767 8.575 8.380 8.181 7.978 7.751 7.401 7.043 6.675 6.305 5.924 5.529 5.123 4.708 4.283 3.849 3.404 2.958 2.544 2.133 1.726 1.322 0.921 0.580 0.463 0.353 0.251 0.154 0.065 0.000 0.000 0.000 0.000 0.000 0.000 0.001 0.004 0.008 0.013 0.017 0.022 0.041 0.102 0.166 0.232 0.301 0.371
0.283 0.429 0.575 0.719 0.861 1.255 1.687 2.137 2.604 3.089 3.592 4.051 4.510 4.970 5.433 5.899 6.366 6.836 7.299 7.754 8.202 8.643 9.077 9.110 9.132 9.153 9.174 9.194 9.215 9.016 8.815 8.659 8.476 8.264 8.024 7.648 7.260 6.859 6.444 6.017 5.577 5.137 4.688 4.229 3.760 3.282 2.798 2.395 1.996 1.600 1.207 0.818 0.451 0.358 0.272 0.193 0.120 0.054 0.000 0.000 0.000 0.000 0.000 0.000 0.001 0.012 0.029 0.051 0.079 0.113 0.156 0.225 0.297 0.371 0.447 0.525
0.251 0.393 0.534 0.673 0.811 1.210 1.704 2.215 2.743 3.290 3.853 4.341 4.807 5.276 5.747 6.220 6.695 7.145 7.583 8.013 8.436 8.852 9.261 9.370 9.508 9.631 9.739 9.833 9.912 9.754 9.529 9.276 8.995 8.686 8.350 7.937 7.503 7.056 6.596 6.123 5.637 5.161 4.677 4.184 3.682 3.169 2.647 2.244 1.856 1.471 1.090 0.712 0.338 0.246 0.184 0.128 0.081 0.040 0.002 0.000 0.000 0.000 0.000 0.000 0.000 0.030 0.066 0.109 0.157 0.210 0.269 0.346 0.425 0.507 0.590 0.676
