DATA/SHG/CPC/2018/20180217.asc
ncols        190
nrows        64
xllcorner    -5100000.000000000000
yllcorner    4130000.000000000000
cellsize     10000.000000000000
NODATA_value  -99999.000
[rows 0 to 33 of 64, columns 77 to 153 of 190]
0.000 0.001 0.004 0.006 0.008 0.010 0.012 0.013 0.017 0.020 0.023 0.027 0.030 0.034 0.041 0.047 0.053 0.060 0.066 0.076 0.099 0.121 0.143 0.165 0.187 0.209 0.234 0.260 0.285 0.310 0.335 0.361 0.388 0.414 0.441 0.467 0.494 0.524 0.567 0.610 0.653 0.695 0.736 0.788 0.874 0.959 1.044 1.127 1.209 1.298 1.405 1.509 1.612 1.712 1.810 1.891 1.930 1.967 2.001 2.034 2.064 2.066 1.991 1.917 1.845 1.773 1.703 1.624 1.516 1.411 1.307 1.205 1.106 1.008 0.909 0.813 0.719
0.000 0.000 0.002 0.003 0.004 0.005 0.006 0.006 0.010 0.013 0.017 0.020 0.024 0.027 0.034 0.040 0.046 0.053 0.060 0.068 0.089 0.111 0.132 0.152 0.173 0.194 0.219 0.244 0.269 0.293 0.318 0.343 0.369 0.395 0.421 0.447 0.472 0.500 0.541 0.581 0.622 0.661 0.700 0.745 0.827 0.908 0.988 1.068 1.146 1.227 1.324 1.419 1.511 1.599 1.684 1.759 1.786 1.812 1.837 1.860 1.881 1.888 1.818 1.750 1.684 1.619 1.555 1.487 1.388 1.292 1.197 1.105 1.015 0.926 0.838 0.752 0.668
0.000 0.000 0.001 0.001 0.001 0.001 0.000 0.000 0.004 0.008 0.012 0.015 0.018 0.021 0.027 0.033 0.040 0.047 0.053 0.060 0.080 0.100 0.120 0.140 0.159 0.178 0.203 0.228 0.252 0.277 0.302 0.326 0.352 0.377 0.402 0.427 0.451 0.476 0.515 0.553 0.591 0.628 0.665 0.702 0.780 0.857 0.933 1.006 1.078 1.149 1.232 1.313 1.392 1.467 1.540 1.609 1.630 1.649 1.666 1.682 1.697 1.707 1.644 1.582 1.522 1.463 1.405 1.347 1.258 1.171 1.086 1.003 0.922 0.843 0.764 0.688 0.615
0.000 0.000 0.000 0.000 0.000 0.000 0.000 0.000 0.003 0.006 0.008 0.011 0.013 0.014 0.020 0.027 0.033 0.040 0.047 0.054 0.071 0.090 0.109 0.128 0.146 0.164 0.187 0.212 0.236 0.261 0.285 0.309 0.334 0.358 0.383 0.407 0.430 0.454 0.489 0.526 0.563 0.599 0.635 0.670 0.738 0.807 0.875 0.941 1.006 1.068 1.139 1.208 1.274 1.338 1.399 1.457 1.475 1.487 1.498 1.507 1.515 1.521 1.469 1.413 1.359 1.306 1.254 1.204 1.126 1.048 0.972 0.899 0.827 0.757 0.689 0.623 0.559
0.000 0.000 0.000 0.000 0.000 0.000 0.000 0.000 0.002 0.004 0.005 0.006 0.007 0.008 0.013 0.020 0.027 0.034 0.041 0.048 0.063 0.081 0.098 0.116 0.133 0.149 0.172 0.196 0.220 0.244 0.267 0.291 0.314 0.338 0.361 0.385 0.408 0.431 0.464 0.500 0.535 0.571 0.606 0.640 0.697 0.759 0.819 0.878 0.935 0.990 1.048 1.105 1.160 1.212 1.261 1.307 1.321 1.327 1.331 1.333 1.334 1.334 1.292 1.243 1.194 1.148 1.103 1.061 0.997 0.930 0.865 0.802 0.740 0.680 0.620 0.560 0.502
0.000 0.000 0.000 0.000 0.000 0.000 0.000 0.000 0.001 0.002 0.002 0.003 0.003 0.003 0.007 0.013 0.020 0.028 0.035 0.043 0.056 0.073 0.090 0.106 0.122 0.137 0.158 0.181 0.203 0.226 0.248 0.270 0.293 0.317 0.340 0.363 0.386 0.409 0.440 0.474 0.509 0.543 0.577 0.610 0.659 0.713 0.766 0.817 0.866 0.914 0.961 1.006 1.048 1.088 1.125 1.160 1.170 1.170 1.171 1.171 1.170 1.167 1.137 1.095 1.054 1.014 0.974 0.935 0.880 0.821 0.764 0.709 0.656 0.604 0.550 0.496 0.443
0.000 0.000 0.000 0.000 0.000 0.000 0.000 0.000 0.000 0.000 0.000 0.000 0.000 0.000 0.004 0.011 0.019 0.026 0.033 0.040 0.052 0.067 0.082 0.097 0.111 0.126 0.144 0.166 0.187 0.209 0.230 0.251 0.273 0.296 0.318 0.341 0.364 0.387 0.415 0.449 0.482 0.515 0.548 0.581 0.622 0.668 0.714 0.757 0.799 0.839 0.876 0.911 0.945 0.976 1.007 1.036 1.046 1.044 1.040 1.036 1.030 1.024 0.997 0.958 0.920 0.882 0.844 0.808 0.762 0.711 0.662 0.615 0.570 0.526 0.480 0.431 0.384
0.000 0.000 0.000 0.000 0.000 0.000 0.000 0.000 0.000 0.000 0.000 0.000 0.000 0.000 0.003 0.010 0.017 0.024 0.031 0.038 0.048 0.062 0.075 0.089 0.102 0.114 0.130 0.151 0.171 0.192 0.212 0.231 0.252 0.275 0.297 0.320 0.342 0.364 0.391 0.423 0.453 0.483 0.513 0.542 0.576 0.615 0.653 0.690 0.726 0.761 0.793 0.821 0.848 0.873 0.896 0.918 0.926 0.919 0.911 0.902 0.892 0.881 0.857 0.820 0.785 0.749 0.714 0.680 0.641 0.599 0.558 0.519 0.482 0.447 0.408 0.365 0.323
0.000 0.000 0.000 0.000 0.000 0.000 0.000 0.000 0.000 0.000 0.000 0.000 0.000 0.000 0.002 0.009 0.015 0.022 0.029 0.036 0.044 0.056 0.069 0.081 0.092 0.103 0.117 0.136 0.156 0.175 0.193 0.211 0.229 0.250 0.271 0.291 0.312 0.332 0.354 0.383 0.412 0.440 0.468 0.495 0.524 0.558 0.592 0.624 0.655 0.685 0.712 0.733 0.753 0.771 0.787 0.802 0.807 0.796 0.783 0.770 0.755 0.739 0.716 0.682 0.649 0.616 0.584 0.552 0.519 0.485 0.452 0.424 0.397 0.370 0.339 0.302 0.266
0.000 0.000 0.000 0.000 0.000 0.000 0.000 0.000 0.000 0.000 0.000 0.000 0.000 0.000 0.001 0.007 0.014 0.021 0.027 0.034 0.040 0.051 0.061 0.072 0.082 0.091 0.102 0.119 0.136 0.153 0.168 0.183 0.199 0.219 0.239 0.259 0.278 0.297 0.318 0.345 0.371 0.397 0.423 0.448 0.473 0.503 0.531 0.559 0.585 0.610 0.633 0.647 0.660 0.671 0.680 0.688 0.690 0.674 0.657 0.639 0.619 0.599 0.581 0.555 0.529 0.504 0.478 0.452 0.426 0.399 0.374 0.349 0.325 0.302 0.276 0.243 0.212
0.000 0.000 0.000 0.000 0.000 0.000 0.000 0.000 0.000 0.000 0.000 0.000 0.000 0.000 0.000 0.006 0.011 0.017 0.022 0.026 0.031 0.041 0.050 0.060 0.069 0.078 0.087 0.102 0.117 0.131 0.144 0.157 0.169 0.188 0.207 0.226 0.245 0.263 0.282 0.307 0.331 0.355 0.378 0.401 0.424 0.449 0.472 0.495 0.516 0.537 0.555 0.562 0.568 0.575 0.582 0.588 0.591 0.576 0.561 0.546 0.531 0.515 0.498 0.472 0.446 0.419 0.393 0.367 0.341 0.318 0.295 0.274 0.253 0.233 0.212 0.183 0.156
0.000 0.000 0.000 0.000 0.000 0.000 0.000 0.000 0.000 0.000 0.000 0.000 0.000 0.000 0.000 0.004 0.008 0.012 0.016 0.019 0.022 0.030 0.039 0.048 0.057 0.065 0.074 0.086 0.098 0.109 0.120 0.131 0.140 0.158 0.176 0.194 0.212 0.229 0.246 0.269 0.291 0.313 0.335 0.356 0.376 0.397 0.417 0.436 0.455 0.473 0.491 0.497 0.502 0.507 0.510 0.513 0.515 0.500 0.483 0.467 0.450 0.433 0.415 0.389 0.362 0.335 0.309 0.282 0.255 0.235 0.216 0.198 0.181 0.164 0.147 0.123 0.100
0.000 0.000 0.000 0.000 0.000 0.000 0.000 0.000 0.000 0.000 0.000 0.000 0.000 0.000 0.000 0.002 0.005 0.007 0.010 0.011 0.013 0.020 0.028 0.036 0.044 0.053 0.060 0.070 0.080 0.089 0.097 0.105 0.112 0.128 0.145 0.162 0.179 0.196 0.212 0.232 0.252 0.272 0.292 0.312 0.331 0.349 0.367 0.384 0.400 0.416 0.431 0.435 0.438 0.439 0.440 0.440 0.439 0.423 0.406 0.388 0.370 0.351 0.332 0.306 0.279 0.252 0.224 0.197 0.170 0.152 0.137 0.122 0.107 0.094 0.081 0.062 0.048
0.000 0.000 0.000 0.000 0.000 0.000 0.000 0.000 0.000 0.000 0.000 0.000 0.000 0.000 0.000 0.001 0.002 0.003 0.004 0.004 0.005 0.009 0.017 0.025 0.032 0.040 0.047 0.055 0.063 0.070 0.078 0.084 0.091 0.104 0.120 0.135 0.150 0.164 0.177 0.195 0.214 0.232 0.251 0.269 0.286 0.302 0.317 0.332 0.346 0.359 0.372 0.375 0.374 0.372 0.370 0.367 0.363 0.348 0.329 0.309 0.289 0.269 0.249 0.223 0.195 0.168 0.141 0.119 0.099 0.090 0.084 0.077 0.071 0.065 0.060 0.049 0.038
0.000 0.000 0.000 0.000 0.000 0.000 0.000 0.000 0.000 0.000 0.000 0.000 0.000 0.000 0.000 0.000 0.000 0.000 0.000 0.000 0.000 0.004 0.011 0.018 0.024 0.030 0.036 0.042 0.048 0.055 0.061 0.067 0.072 0.082 0.095 0.108 0.121 0.132 0.144 0.158 0.176 0.193 0.210 0.226 0.242 0.256 0.269 0.281 0.292 0.303 0.313 0.315 0.311 0.306 0.301 0.295 0.288 0.272 0.255 0.237 0.220 0.204 0.187 0.168 0.148 0.129 0.111 0.094 0.078 0.069 0.064 0.058 0.053 0.048 0.044 0.036 0.028
0.000 0.000 0.000 0.000 0.000 0.000 0.000 0.000 0.000 0.000 0.000 0.000 0.000 0.000 0.000 0.000 0.000 0.000 0.000 0.000 0.000 0.002 0.007 0.012 0.017 0.021 0.025 0.029 0.034 0.040 0.044 0.049 0.053 0.061 0.072 0.082 0.092 0.102 0.110 0.122 0.138 0.154 0.169 0.184 0.198 0.210 0.220 0.230 0.239 0.248 0.257 0.259 0.254 0.249 0.243 0.237 0.231 0.219 0.203 0.187 0.172 0.157 0.142 0.126 0.110 0.095 0.081 0.068 0.055 0.048 0.043 0.039 0.035 0.031 0.027 0.022 0.017
0.000 0.000 0.000 0.000 0.000 0.000 0.000 0.000 0.000 0.000 0.000 0.000 0.000 0.000 0.000 0.000 0.000 0.000 0.000 0.000 0.000 0.001 0.004 0.008 0.010 0.012 0.014 0.017 0.021 0.025 0.028 0.032 0.035 0.040 0.048 0.057 0.064 0.071 0.078 0.087 0.103 0.118 0.132 0.146 0.159 0.171 0.179 0.188 0.196 0.203 0.210 0.211 0.205 0.198 0.192 0.184 0.177 0.166 0.151 0.137 0.123 0.109 0.096 0.083 0.071 0.060 0.050 0.041 0.032 0.026 0.023 0.020 0.016 0.014 0.011 0.008 0.005
0.000 0.000 0.000 0.000 0.000 0.000 0.000 0.000 0.000 0.000 0.000 0.000 0.000 0.000 0.000 0.000 0.000 0.000 0.000 0.000 0.000 0.000 0.002 0.003 0.004 0.004 0.004 0.004 0.007 0.010 0.013 0.016 0.020 0.024 0.032 0.039 0.046 0.053 0.059 0.066 0.079 0.092 0.103 0.115 0.125 0.134 0.141 0.147 0.153 0.158 0.163 0.164 0.156 0.148 0.140 0.132 0.123 0.112 0.099 0.086 0.074 0.062 0.050 0.039 0.031 0.024 0.018 0.013 0.008 0.005 0.002 0.000 0.000 0.000 0.000 0.000 0.000
0.000 0.000 0.000 0.000 0.000 0.000 0.000 0.000 0.000 0.000 0.000 0.000 0.000 0.000 0.000 0.000 0.000 0.000 0.000 0.000 0.000 0.000 0.000 0.000 0.000 0.000 0.000 0.000 0.003 0.007 0.009 0.012 0.015 0.017 0.023 0.029 0.034 0.038 0.042 0.047 0.057 0.066 0.075 0.084 0.092 0.098 0.103 0.107 0.111 0.114 0.116 0.117 0.108 0.099 0.089 0.079 0.069 0.059 0.047 0.036 0.025 0.014 0.004 0.000 0.000 0.000 0.000 0.000 0.000 0.000 0.000 0.000 0.000 0.000 0.000 0.000 0.000
0.000 0.000 0.000 0.000 0.000 0.000 0.000 0.000 0.000 0.000 0.000 0.000 0.000 0.000 0.000 0.000 0.000 0.000 0.000 0.000 0.000 0.000 0.000 0.000 0.000 0.000 0.000 0.000 0.002 0.004 0.007 0.008 0.010 0.012 0.015 0.019 0.022 0.024 0.026 0.027 0.035 0.042 0.048 0.054 0.059 0.063 0.066 0.068 0.069 0.070 0.071 0.070 0.060 0.049 0.043 0.037 0.032 0.026 0.021 0.016 0.012 0.007 0.003 0.000 0.000 0.000 0.000 0.000 0.000 0.000 0.000 0.000 0.000 0.000 0.000 0.000 0.000
0.000 0.000 0.000 0.000 0.000 0.000 0.000 0.000 0.000 0.000 0.000 0.000 0.000 0.000 0.000 0.000 0.000 0.000 0.000 0.000 0.000 0.000 0.000 0.000 0.000 0.000 0.000 0.000 0.001 0.003 0.004 0.005 0.006 0.006 0.008 0.009 0.010 0.010 0.010 0.010 0.014 0.018 0.021 0.024 0.027 0.031 0.035 0.038 0.041 0.044 0.047 0.050 0.044 0.039 0.034 0.029 0.025 0.020 0.016 0.012 0.009 0.006 0.003 0.000 0.000 0.000 0.000 0.000 0.000 0.000 0.000 0.000 0.000 0.000 0.000 0.000 0.000
0.000 0.000 0.000 0.000 0.000 0.000 0.000 0.000 0.000 0.000 0.000 0.000 0.000 0.000 0.000 0.000 0.000 0.000 0.000 0.000 0.000 0.000 0.000 0.000 0.000 0.000 0.000 0.000 0.000 0.001 0.001 0.001 0.001 0.001 0.001 0.000 0.000 0.000 0.000 0.000 0.004 0.008 0.012 0.016 0.020 0.024 0.027 0.029 0.031 0.033 0.035 0.036 0.033 0.028 0.025 0.021 0.017 0.014 0.011 0.008 0.006 0.004 0.002 0.000 0.000 0.000 0.000 0.000 0.000 0.000 0.000 0.000 0.000 0.000 0.000 0.000 0.000
0.000 0.000 0.000 0.000 0.000 0.000 0.000 0.000 0.000 0.000 0.000 0.000 0.000 0.000 0.000 0.000 0.000 0.000 0.000 0.000 0.000 0.000 0.000 0.000 0.000 0.000 0.000 0.000 0.000 0.000 0.000 0.000 0.000 0.000 0.000 0.000 0.000 0.000 0.000 0.000 0.002 0.006 0.009 0.012 0.014 0.017 0.018 0.020 0.021 0.022 0.023 0.023 0.021 0.018 0.015 0.012 0.010 0.008 0.006 0.004 0.003 0.002 0.001 0.000 0.000 0.000 0.000 0.000 0.000 0.000 0.000 0.000 0.000 0.000 0.000 0.000 0.000
0.000 0.000 0.000 0.000 0.000 0.000 0.000 0.000 0.000 0.000 0.000 0.000 0.000 0.000 0.000 0.000 0.000 0.000 0.000 0.000 0.000 0.000 0.000 0.000 0.000 0.000 0.000 0.000 0.000 0.000 0.000 0.000 0.000 0.000 0.000 0.000 0.000 0.000 0.000 0.000 0.001 0.003 0.005 0.007 0.009 0.010 0.010 0.011 0.011 0.011 0.011 0.010 0.009 0.007 0.005 0.003 0.002 0.001 0.000 0.000 0.000 0.000 0.000 0.000 0.000 0.000 0.000 0.000 0.000 0.000 0.000 0.000 0.000 0.000 0.000 0.000 0.000
0.000 0.000 0.000 0.000 0.000 0.000 0.000 0.000 0.000 0.000 0.000 0.000 0.000 0.000 0.000 0.000 0.000 0.000 0.000 0.000 0.000 0.000 0.000 0.000 0.000 0.000 0.000 0.000 0.000 0.000 0.000 0.000 0.000 0.000 0.000 0.000 0.000 0.000 0.000 0.000 0.000 0.002 0.002 0.003 0.003 0.003 0.003 0.002 0.001 0.000 0.000 0.000 0.000 0.000 0.000 0.000 0.000 0.000 0.000 0.000 0.000 0.000 0.000 0.000 0.000 0.000 0.000 0.000 0.000 0.000 0.000 0.000 0.000 0.000 0.000 0.000 0.000
0.000 0.000 0.000 0.000 0.000 0.000 0.000 0.000 0.000 0.000 0.000 0.000 0.000 0.000 0.000 0.000 0.000 0.000 0.000 0.000 0.000 0.000 0.000 0.000 0.000 0.000 0.000 0.000 0.000 0.000 0.000 0.000 0.000 0.000 0.000 0.000 0.000 0.000 0.000 0.000 0.000 0.000 0.000 0.000 0.000 0.000 0.000 0.000 0.000 0.000 0.000 0.000 0.000 0.000 0.000 0.000 0.000 0.000 0.000 0.000 0.000 0.000 0.000 0.000 0.000 0.000 0.000 0.000 0.000 0.000 0.000 0.000 0.000 0.000 0.000 0.000 0.000
0.000 0.000 0.000 0.000 0.000 0.000 0.000 0.000 0.000 0.000 0.000 0.000 0.000 0.000 0.000 0.000 0.000 0.000 0.000 0.000 0.000 0.000 0.000 0.000 0.000 0.000 0.000 0.000 0.000 0.000 0.000 0.000 0.000 0.000 0.000 0.000 0.000 0.000 0.000 0.000 0.000 0.000 0.000 0.000 0.000 0.000 0.000 0.000 0.000 0.000 0.000 0.000 0.000 0.000 0.000 0.000 0.000 0.000 0.000 0.000 0.000 0.000 0.000 0.000 0.000 0.000 0.000 0.000 0.000 0.000 0.000 0.000 0.000 0.000 0.000 0.000 0.000
0.000 0.000 0.000 0.000 0.000 0.000 0.000 0.000 0.000 0.000 0.000 0.000 0.000 0.000 0.000 0.000 0.000 0.000 0.000 0.000 0.000 0.000 0.000 0.000 0.000 0.000 0.000 0.000 0.000 0.000 0.000 0.000 0.000 0.000 0.000 0.000 0.000 0.000 0.000 0.000 0.000 0.000 0.000 0.000 0.000 0.000 0.000 0.000 0.000 0.000 0.000 0.000 0.000 0.000 0.000 0.000 0.000 0.000 0.000 0.000 0.000 0.000 0.000 0.000 0.000 0.000 0.000 0.000 0.000 0.000 0.000 0.000 0.000 0.000 0.000 0.000 0.000
0.000 0.000 0.000 0.000 0.000 0.000 0.000 0.000 0.000 0.000 0.000 0.000 0.000 0.000 0.000 0.000 0.000 0.000 0.000 0.000 0.000 0.000 0.000 0.000 0.000 0.000 0.000 0.000 0.000 0.000 0.000 0.000 0.000 0.000 0.000 0.000 0.000 0.000 0.000 0.000 0.000 0.000 0.000 0.000 0.000 0.000 0.000 0.000 0.000 0.000 0.000 0.000 0.000 0.000 0.000 0.000 0.000 0.000 0.000 0.000 0.000 0.000 0.000 0.000 0.000 0.000 0.000 0.000 0.000 0.000 0.000 0.000 0.000 0.000 0.000 0.000 0.000
0.000 0.000 0.000 0.000 0.000 0.000 0.000 0.000 0.000 0.000 0.000 0.000 0.000 0.000 0.000 0.000 0.000 0.000 0.000 0.000 0.000 0.000 0.000 0.000 0.000 0.000 0.000 0.000 0.000 0.000 0.000 0.000 0.000 0.000 0.000 0.000 0.000 0.000 0.000 0.000 0.000 0.000 0.000 0.000 0.000 0.000 0.000 0.000 0.000 0.000 0.000 0.000 0.000 0.000 0.000 0.000 0.000 0.000 0.000 0.000 0.000 0.000 0.000 0.000 0.000 0.000 0.000 0.000 0.000 0.000 0.000 0.000 0.000 0.000 0.000 0.000 0.000
0.000 0.000 0.000 0.000 0.000 0.000 0.000 0.000 0.000 0.000 0.000 0.000 0.000 0.000 0.000 0.000 0.000 0.000 0.000 0.000 0.000 0.000 0.000 0.000 0.000 0.000 0.000 0.000 0.000 0.000 0.000 0.000 0.000 0.000 0.000 0.000 0.000 0.000 0.000 0.000 0.000 0.000 0.000 0.000 0.000 0.000 0.000 0.000 0.000 0.000 0.000 0.000 0.000 0.000 0.000 0.000 0.000 0.000 0.000 0.000 0.000 0.000 0.000 0.000 0.000 0.000 0.000 0.000 0.000 0.000 0.000 0.000 0.000 0.000 0.000 0.000 0.000
0.000 0.000 0.000 0.000 0.000 0.000 0.000 0.000 0.000 0.000 0.000 0.000 0.000 0.000 0.000 0.000 0.000 0.000 0.000 0.000 0.000 0.000 0.000 0.000 0.000 0.000 0.000 0.000 0.000 0.000 0.000 0.000 0.000 0.000 0.000 0.000 0.000 0.000 0.000 0.000 0.000 0.000 0.000 0.000 0.000 0.000 0.000 0.000 0.000 0.000 0.000 0.000 0.000 0.000 0.000 0.000 0.000 0.000 0.000 0.000 0.000 0.000 0.000 0.000 0.000 0.000 0.000 0.000 0.000 0.000 0.000 0.000 0.000 0.000 0.000 0.000 0.000
0.000 0.000 0.000 0.000 0.000 0.000 0.000 0.000 0.000 0.000 0.000 0.000 0.000 0.000 0.000 0.000 0.000 0.000 0.000 0.000 0.000 0.000 0.000 0.000 0.000 0.000 0.000 0.000 0.000 0.000 0.000 0.000 0.000 0.000 0.000 0.000 0.000 0.000 0.000 0.000 0.000 0.000 0.000 0.000 0.000 0.000 0.000 0.000 0.000 0.000 0.000 0.000 0.000 0.000 0.000 0.000 0.000 0.000 0.000 0.000 0.000 0.000 0.000 0.000 0.000 0.000 0.000 0.000 0.000 0.000 0.000 0.000 0.000 0.000 0.000 0.000 0.000
0.000 0.000 0.000 0.000 0.000 0.000 0.000 0.000 0.000 0.000 0.000 0.000 0.000 0.000 0.000 0.000 0.000 0.000 0.000 0.000 0.000 0.000 0.000 0.000 0.000 0.000 0.000 0.000 0.000 0.000 0.000 0.000 0.000 0.000 0.000 0.000 0.000 0.000 0.000 0.000 0.000 0.000 0.000 0.000 0.000 0.000 0.000 0.000 0.000 0.000 0.000 0.000 0.000 0.000 0.000 0.000 0.000 0.000 0.000 0.000 0.000 0.000 0.000 0.000 0.000 0.000 0.000 0.000 0.000 0.000 0.000 0.000 0.000 0.000 0.000 0.000 0.000
