DATA/SHG/CPC/2018/20180715.asc
ncols        190
nrows        64
xllcorner    -5100000.000000000000
yllcorner    4130000.000000000000
cellsize     10000.000000000000
NODATA_value  -99999.000
[rows 0 to 32 of 64, columns 75 to 149 of 190]
1.573 1.539 1.505 1.471 1.433 1.395 1.356 1.317 1.278 1.240 1.206 1.171 1.135 1.099 1.062 1.031 1.024 1.018 1.011 1.005 1.000 0.998 1.009 1.021 1.037 1.056 1.076 1.094 1.103 1.112 1.122 1.132 1.142 1.149 1.142 1.133 1.124 1.113 1.101 1.090 1.087 1.084 1.081 1.078 1.074 1.072 1.078 1.086 1.095 1.106 1.119 1.134 1.149 1.167 1.187 1.208 1.231 1.264 1.321 1.381 1.444 1.510 1.578 1.691 1.941 2.206 2.471 2.735 3.000 3.334 3.848 4.346 4.830 5.299 5.753
1.587 1.554 1.520 1.485 1.446 1.407 1.367 1.327 1.286 1.246 1.209 1.171 1.133 1.094 1.054 1.017 1.017 1.017 1.016 1.014 1.012 1.012 1.032 1.054 1.077 1.102 1.127 1.153 1.163 1.174 1.186 1.198 1.210 1.220 1.207 1.193 1.178 1.161 1.144 1.127 1.123 1.119 1.115 1.110 1.106 1.103 1.117 1.132 1.149 1.168 1.189 1.211 1.235 1.261 1.289 1.335 1.393 1.460 1.561 1.667 1.778 1.893 2.014 2.159 2.424 2.689 2.954 3.220 3.485 3.780 4.227 4.659 5.076 5.478 5.866
1.601 1.568 1.534 1.501 1.460 1.419 1.378 1.337 1.296 1.261 1.229 1.196 1.161 1.125 1.088 1.049 1.048 1.046 1.043 1.040 1.036 1.032 1.058 1.086 1.115 1.146 1.178 1.211 1.224 1.236 1.250 1.263 1.277 1.292 1.273 1.254 1.233 1.211 1.188 1.163 1.159 1.154 1.149 1.143 1.138 1.132 1.172 1.221 1.272 1.322 1.373 1.425 1.485 1.548 1.614 1.683 1.755 1.831 1.953 2.080 2.212 2.349 2.490 2.641 2.906 3.172 3.437 3.703 3.969 4.241 4.621 4.986 5.337 5.672 5.993
1.615 1.583 1.554 1.526 1.491 1.456 1.422 1.389 1.357 1.325 1.289 1.251 1.212 1.171 1.130 1.087 1.079 1.075 1.071 1.066 1.061 1.055 1.082 1.116 1.151 1.188 1.226 1.265 1.283 1.298 1.313 1.328 1.344 1.360 1.341 1.316 1.290 1.286 1.290 1.294 1.316 1.338 1.359 1.377 1.393 1.408 1.455 1.507 1.559 1.612 1.666 1.720 1.791 1.867 1.946 2.028 2.113 2.200 2.339 2.488 2.641 2.799 2.961 3.129 3.387 3.653 3.920 4.186 4.452 4.718 5.029 5.328 5.611 5.880 6.134
1.663 1.633 1.603 1.572 1.540 1.508 1.477 1.446 1.417 1.388 1.350 1.307 1.264 1.219 1.173 1.126 1.110 1.105 1.099 1.093 1.086 1.079 1.105 1.145 1.186 1.229 1.273 1.318 1.364 1.409 1.456 1.505 1.556 1.609 1.625 1.629 1.632 1.634 1.635 1.636 1.648 1.661 1.673 1.682 1.689 1.694 1.737 1.791 1.846 1.901 1.957 2.013 2.094 2.183 2.274 2.369 2.467 2.568 2.720 2.890 3.064 3.243 3.427 3.616 3.868 4.134 4.401 4.668 4.936 5.211 5.470 5.716 5.949 6.170 6.379
1.715 1.683 1.651 1.619 1.588 1.559 1.530 1.503 1.476 1.450 1.411 1.365 1.317 1.268 1.217 1.165 1.141 1.135 1.128 1.138 1.151 1.165 1.214 1.286 1.362 1.440 1.522 1.606 1.671 1.725 1.780 1.838 1.897 1.959 1.982 1.983 1.983 1.982 1.981 1.979 1.982 1.986 1.988 1.988 1.986 1.982 2.018 2.074 2.132 2.189 2.248 2.306 2.393 2.495 2.599 2.707 2.818 2.931 3.096 3.294 3.507 3.717 3.923 4.125 4.377 4.652 4.927 5.203 5.480 5.758 5.981 6.172 6.352 6.519 6.674
1.768 1.734 1.700 1.666 1.635 1.609 1.583 1.558 1.534 1.511 1.474 1.423 1.389 1.359 1.329 1.301 1.296 1.317 1.338 1.357 1.373 1.389 1.438 1.524 1.612 1.704 1.798 1.896 1.976 2.038 2.102 2.168 2.236 2.306 2.339 2.337 2.334 2.331 2.326 2.322 2.318 2.313 2.306 2.297 2.286 2.272 2.298 2.357 2.416 2.476 2.553 2.656 2.784 2.932 3.080 3.226 3.372 3.516 3.694 3.895 4.093 4.288 4.479 4.667 4.906 5.184 5.463 5.742 6.022 6.303 6.503 6.640 6.766 6.879 6.980
1.821 1.786 1.750 1.714 1.682 1.672 1.664 1.659 1.657 1.657 1.647 1.618 1.590 1.564 1.538 1.514 1.507 1.530 1.554 1.575 1.593 1.612 1.659 1.758 1.859 1.964 2.071 2.182 2.278 2.349 2.421 2.495 2.572 2.650 2.696 2.691 2.686 2.679 2.672 2.665 2.655 2.655 2.678 2.705 2.736 2.771 2.836 2.938 3.038 3.136 3.232 3.326 3.442 3.586 3.728 3.870 4.011 4.151 4.313 4.499 4.682 4.861 5.038 5.210 5.433 5.715 5.996 6.279 6.562 6.847 7.036 7.120 7.191 7.250 7.297
1.911 1.886 1.861 1.835 1.815 1.814 1.816 1.820 1.827 1.837 1.839 1.814 1.790 1.768 1.746 1.726 1.717 1.742 1.768 1.791 1.812 1.834 1.876 1.988 2.103 2.220 2.341 2.464 2.578 2.657 2.738 2.820 2.912 3.012 3.087 3.104 3.125 3.153 3.185 3.223 3.263 3.300 3.340 3.383 3.431 3.482 3.549 3.642 3.734 3.823 3.911 3.997 4.100 4.239 4.377 4.514 4.651 4.786 4.934 5.105 5.273 5.438 5.599 5.757 5.959 6.244 6.529 6.815 7.101 7.389 7.580 7.610 7.627 7.608 7.574
2.049 2.022 1.995 1.968 1.945 1.954 1.965 1.979 1.995 2.014 2.030 2.009 1.989 1.970 1.952 1.936 1.925 1.953 1.981 2.007 2.031 2.054 2.090 2.234 2.394 2.551 2.705 2.855 2.996 3.095 3.193 3.290 3.386 3.480 3.565 3.606 3.651 3.703 3.759 3.822 3.886 3.939 3.996 4.056 4.120 4.188 4.263 4.348 4.431 4.512 4.592 4.669 4.758 4.893 5.026 5.159 5.290 5.421 5.557 5.714 5.867 6.016 6.163 6.306 6.457 6.711 6.966 7.221 7.475 7.729 7.902 7.855 7.797 7.731 7.655
2.187 2.158 2.130 2.101 2.073 2.091 2.111 2.134 2.160 2.188 2.219 2.202 2.186 2.171 2.158 2.176 2.224 2.311 2.397 2.471 2.534 2.595 2.654 2.802 2.947 3.089 3.227 3.361 3.492 3.586 3.679 3.770 3.860 3.949 4.036 4.101 4.171 4.246 4.327 4.413 4.504 4.573 4.647 4.724 4.805 4.890 4.977 5.054 5.129 5.202 5.273 5.343 5.416 5.546 5.675 5.811 5.933 6.040 6.135 6.248 6.350 6.443 6.525 6.598 6.688 6.943 7.197 7.452 7.706 7.960 8.158 8.069 7.970 7.862 7.745
2.324 2.295 2.265 2.235 2.204 2.225 2.255 2.287 2.372 2.491 2.610 2.674 2.725 2.771 2.811 2.846 2.876 2.948 3.026 3.092 3.147 3.200 3.251 3.373 3.503 3.629 3.751 3.871 3.986 4.077 4.165 4.250 4.335 4.419 4.501 4.589 4.683 4.783 4.888 4.998 5.114 5.203 5.293 5.387 5.485 5.586 5.706 5.797 5.890 5.987 6.087 6.190 6.296 6.395 6.479 6.547 6.598 6.635 6.655 6.723 6.781 6.829 6.867 6.895 6.920 7.174 7.428 7.682 7.936 8.190 8.424 8.293 8.153 8.003 7.844
2.462 2.499 2.562 2.621 2.676 2.780 2.899 3.018 3.135 3.251 3.367 3.424 3.456 3.483 3.504 3.520 3.531 3.586 3.656 3.714 3.761 3.806 3.850 3.947 4.061 4.172 4.279 4.383 4.483 4.569 4.651 4.732 4.811 4.889 4.966 5.071 5.189 5.286 5.387 5.496 5.613 5.727 5.856 6.003 6.168 6.352 6.554 6.675 6.783 6.894 7.008 7.126 7.247 7.287 7.300 7.298 7.279 7.244 7.194 7.208 7.221 7.225 7.218 7.201 7.174 7.405 7.659 7.913 8.167 8.420 8.674 8.525 8.344 8.153 7.952
3.276 3.329 3.379 3.424 3.465 3.553 3.669 3.784 3.898 4.011 4.124 4.177 4.191 4.199 4.201 4.199 4.190 4.224 4.286 4.337 4.376 4.413 4.449 4.524 4.623 4.718 4.810 4.898 4.952 4.995 5.037 5.078 5.118 5.157 5.195 5.284 5.404 5.532 5.669 5.813 5.965 6.148 6.358 6.587 6.833 7.098 7.381 7.549 7.671 7.797 7.926 8.058 8.193 8.194 8.137 8.064 7.975 7.870 7.749 7.703 7.671 7.630 7.578 7.517 7.445 7.635 7.889 8.143 8.395 8.616 8.818 8.669 8.471 8.291 8.129
4.123 4.162 4.197 4.229 4.256 4.325 4.438 4.550 4.661 4.771 4.880 4.935 4.929 4.918 4.902 4.881 4.854 4.864 4.918 4.962 4.982 4.988 4.981 4.999 5.046 5.085 5.115 5.137 5.150 5.173 5.211 5.248 5.284 5.319 5.353 5.451 5.606 5.770 5.941 6.121 6.308 6.550 6.841 7.151 7.478 7.824 8.188 8.418 8.554 8.695 8.838 8.985 9.135 9.117 8.989 8.845 8.686 8.511 8.319 8.208 8.143 8.070 7.989 7.899 7.800 7.914 8.107 8.281 8.434 8.569 8.683 8.615 8.499 8.401 8.322
4.972 4.997 5.019 5.036 5.050 5.097 5.207 5.315 5.423 5.530 5.636 5.696 5.701 5.697 5.683 5.659 5.624 5.603 5.615 5.599 5.559 5.505 5.438 5.394 5.403 5.404 5.397 5.381 5.357 5.352 5.386 5.419 5.451 5.482 5.512 5.608 5.799 5.998 6.205 6.420 6.643 6.931 7.304 7.694 8.103 8.530 8.975 9.282 9.433 9.588 9.746 9.910 10.075 10.060 9.870 9.667 9.452 9.224 8.984 8.819 8.716 8.606 8.486 8.358 8.222 8.233 8.339 8.426 8.493 8.540 8.568 8.543 8.509 8.493 8.496
5.823 5.835 5.842 5.846 5.851 5.948 6.114 6.266 6.402 6.524 6.631 6.698 6.669 6.628 6.578 6.517 6.446 6.374 6.326 6.250 6.150 6.036 5.909 5.798 5.770 5.733 5.688 5.635 5.574 5.532 5.562 5.591 5.619 5.646 5.672 5.757 5.984 6.218 6.460 6.710 6.968 7.293 7.756 8.236 8.733 9.248 9.780 10.184 10.349 10.516 10.684 10.853 11.023 11.028 10.781 10.522 10.251 9.966 9.669 9.438 9.298 9.149 8.991 8.825 8.651 8.571 8.591 8.590 8.571 8.531 8.472 8.453 8.501 8.567 8.652
6.914 6.987 7.057 7.124 7.188 7.255 7.369 7.469 7.554 7.624 7.679 7.710 7.644 7.567 7.481 7.383 7.276 7.160 7.052 6.916 6.756 6.582 6.394 6.211 6.145 6.071 5.989 5.898 5.799 5.712 5.738 5.763 5.786 5.807 5.832 5.906 6.175 6.455 6.745 7.046 7.357 7.724 8.263 8.821 9.395 9.987 10.596 11.103 11.274 11.446 11.619 11.793 11.968 12.007 11.705 11.389 11.061 10.720 10.367 10.065 9.887 9.700 9.504 9.301 9.088 8.928 8.861 8.774 8.668 8.542 8.396 8.345 8.474 8.627 8.897
8.300 8.362 8.420 8.474 8.526 8.574 8.636 8.684 8.717 8.736 8.739 8.728 8.628 8.515 8.392 8.258 8.114 7.960 7.792 7.597 7.376 7.142 6.894 6.629 6.494 6.358 6.221 6.083 5.943 5.807 5.834 5.866 5.903 5.944 5.990 6.058 6.374 6.701 7.037 7.385 7.742 8.135 8.752 9.386 10.037 10.706 11.392 12.020 12.196 12.373 12.551 12.731 12.911 12.999 12.640 12.268 11.883 11.486 11.076 10.700 10.484 10.259 10.026 9.784 9.533 9.278 9.139 9.022 8.925 8.850 8.795 8.859 9.192 9.551 9.936
9.687 9.737 9.783 9.826 9.865 9.902 9.915 9.911 9.893 9.859 9.811 9.748 9.619 9.470 9.311 9.127 8.851 8.572 8.279 7.980 7.676 7.371 7.066 6.759 6.597 6.455 6.311 6.167 6.021 5.873 5.904 5.957 6.014 6.076 6.143 6.215 6.562 6.935 7.318 7.712 8.116 8.531 9.220 9.931 10.660 11.406 12.168 12.935 13.116 13.298 13.481 13.666 13.851 14.002 13.586 13.157 12.661 12.162 11.661 11.179 10.893 10.601 10.304 10.002 9.695 9.418 9.373 9.349 9.346 9.364 9.403 9.527 9.975 10.448 10.948
11.076 11.114 11.148 11.179 11.206 11.231 11.206 11.150 11.050 10.841 10.625 10.403 10.141 9.864 9.584 9.303 9.018 8.732 8.435 8.130 7.822 7.512 7.201 6.889 6.700 6.552 6.403 6.252 6.100 5.947 5.968 6.042 6.120 6.203 6.291 6.383 6.738 7.157 7.587 8.027 8.478 8.939 9.670 10.458 11.263 12.086 12.925 13.727 13.914 14.034 14.151 14.264 14.373 14.479 14.010 13.506 12.999 12.490 11.979 11.465 11.152 10.838 10.518 10.193 9.863 9.537 9.585 9.654 9.745 9.856 9.989 10.168 10.730 11.319 11.933
12.466 12.443 12.321 12.198 12.074 11.949 11.771 11.552 11.326 11.095 10.857 10.613 10.343 10.058 9.770 9.480 9.188 8.893 8.592 8.282 7.968 7.654 7.338 7.021 6.806 6.652 6.496 6.339 6.181 6.021 6.027 6.122 6.221 6.324 6.433 6.546 6.902 7.369 7.891 8.419 8.951 9.488 10.228 11.023 11.803 12.570 13.322 14.059 14.298 14.402 14.502 14.599 14.692 14.781 14.370 13.856 13.339 12.820 12.298 11.775 11.417 11.079 10.736 10.388 10.035 9.677 9.776 9.938 10.122 10.327 10.553 10.801 11.459 12.163 12.892
12.911 12.786 12.660 12.533 12.405 12.276 12.097 11.856 11.609 11.355 11.095 10.828 10.548 10.254 9.958 9.660 9.360 9.057 8.749 8.435 8.116 7.797 7.476 7.154 6.913 6.752 6.591 6.427 6.263 6.125 6.146 6.305 6.478 6.663 6.861 7.072 7.476 8.015 8.559 9.107 9.660 10.218 10.893 11.625 12.342 13.044 13.732 14.406 14.685 14.773 14.857 14.937 15.013 15.086 14.732 14.208 13.681 13.151 12.620 12.086 11.687 11.326 10.960 10.589 10.213 9.831 9.945 10.201 10.478 10.777 11.161 11.526 12.206 12.908 13.566
13.259 13.130 13.000 12.869 12.737 12.604 12.429 12.166 11.896 11.620 11.338 11.050 10.754 10.452 10.148 9.842 9.533 9.222 8.908 8.588 8.244 7.912 7.591 7.282 7.043 6.908 6.781 6.662 6.550 6.447 6.477 6.693 6.923 7.165 7.421 7.689 8.096 8.656 9.220 9.790 10.364 10.942 11.574 12.241 12.894 13.533 14.158 14.768 15.076 15.147 15.215 15.278 15.338 15.394 15.097 14.562 14.025 13.485 12.944 12.400 11.961 11.708 11.526 11.372 11.247 11.151 11.392 11.736 12.033 12.281 12.482 12.635 13.069 13.576 14.040
13.607 13.475 13.341 13.206 13.070 12.933 12.766 12.481 12.189 11.891 11.587 11.276 10.946 10.567 10.197 9.834 9.479 9.132 8.797 8.492 8.200 7.920 7.651 7.395 7.184 7.083 6.991 6.906 6.828 6.759 6.793 7.067 7.354 7.653 7.965 8.291 8.709 9.290 9.876 10.466 11.061 11.661 12.268 12.872 13.462 14.037 14.598 15.144 15.470 15.525 15.576 15.623 15.606 15.561 15.284 14.819 14.431 14.119 13.883 13.724 13.619 13.534 13.479 13.452 13.454 13.485 13.605 13.737 13.822 13.859 13.848 13.790 13.974 14.287 14.557
13.956 13.819 13.682 13.543 13.403 13.237 12.988 12.595 12.201 11.807 11.412 11.016 10.623 10.272 9.928 9.593 9.265 8.945 8.636 8.382 8.143 7.915 7.698 7.494 7.316 7.250 7.191 7.140 7.097 7.062 7.095 7.426 7.770 8.126 8.495 8.878 9.317 9.919 10.525 11.136 11.752 12.373 12.977 13.458 13.898 14.324 14.735 15.132 15.379 15.333 15.283 15.230 15.174 15.115 15.010 14.883 14.832 14.858 14.960 15.138 15.287 15.329 15.400 15.500 15.629 15.786 15.862 15.783 15.656 15.482 15.260 14.990 14.920 15.040 15.115
14.250 14.007 13.778 13.531 13.264 12.978 12.672 12.282 11.886 11.490 11.093 10.695 10.297 9.969 9.653 9.344 9.043 8.750 8.465 8.260 8.072 7.896 7.732 7.580 7.439 7.407 7.383 7.367 7.358 7.357 7.382 7.770 8.171 8.584 8.972 9.344 9.733 10.276 10.819 11.362 11.903 12.444 12.963 13.353 13.729 14.090 14.436 14.768 15.010 14.949 14.885 14.817 14.747 14.673 14.657 14.868 15.155 15.518 15.958 16.473 16.923 17.093 17.291 17.517 17.773 18.056 18.164 17.874 17.536 17.150 16.717 16.236 15.909 15.835 15.716
14.406 14.035 13.739 13.424 13.090 12.737 12.365 11.970 11.572 11.174 10.775 10.375 9.975 9.660 9.371 9.089 8.815 8.549 8.291 8.125 7.989 7.865 7.753 7.653 7.564 7.544 7.532 7.523 7.518 7.515 7.516 7.861 8.233 8.604 8.974 9.345 9.714 10.252 10.792 11.332 11.870 12.409 12.939 13.265 13.575 13.871 14.153 14.420 14.645 14.569 14.491 14.409 14.323 14.235 14.225 14.774 15.398 16.099 16.876 17.729 18.529 18.824 19.149 19.502 19.884 20.295 20.387 19.379 18.388 17.413 16.455 15.513 14.731 14.306 13.892
14.575 14.080 13.718 13.336 12.935 12.515 12.075 11.659 11.259 10.859 10.458 10.057 9.655 9.344 9.082 8.828 8.581 8.322 8.077 7.929 7.830 7.742 7.664 7.596 7.539 7.526 7.528 7.533 7.541 7.552 7.567 7.869 8.238 8.608 8.977 9.346 9.714 10.228 10.766 11.302 11.838 12.373 12.908 13.191 13.437 13.669 13.885 14.088 14.275 14.193 14.100 14.004 13.904 13.801 13.716 14.601 15.563 16.600 17.649 18.675 19.607 19.590 19.467 19.237 18.901 18.457 17.862 16.927 16.008 15.106 14.220 13.351 12.584 12.208 11.843
14.757 14.144 13.715 13.266 12.798 12.311 11.804 11.349 10.947 10.541 10.091 9.651 9.222 8.890 8.638 8.400 8.176 7.965 7.769 7.654 7.602 7.560 7.529 7.508 7.498 7.505 7.521 7.539 7.561 7.586 7.614 7.876 8.244 8.612 8.980 9.347 9.714 10.205 10.740 11.274 11.807 12.339 12.871 13.134 13.315 13.482 13.634 13.771 13.887 13.807 13.752 13.755 13.816 13.934 14.110 15.051 16.046 17.018 17.968 18.896 19.801 19.362 18.767 18.065 17.256 16.341 15.323 14.461 13.615 12.786 11.973 11.176 10.429 10.102 9.786
14.951 14.226 13.710 13.084 12.463 11.848 11.239 10.702 10.268 9.844 9.431 9.029 8.638 8.328 8.124 7.934 7.759 7.597 7.449 7.367 7.362 7.367 7.382 7.408 7.445 7.481 7.510 7.542 7.578 7.616 7.658 7.884 8.250 8.617 8.983 9.349 9.714 10.183 10.715 11.236 11.672 12.080 12.459 12.618 12.694 12.785 12.890 13.009 13.142 13.291 13.491 13.749 14.064 14.438 14.868 15.690 16.586 17.459 18.310 19.138 19.944 19.242 18.175 17.002 15.722 14.335 12.842 11.982 11.209 10.452 9.712 8.988 8.280 7.987 7.720
14.400 13.461 12.848 12.241 11.640 11.045 10.455 9.921 9.524 9.138 8.763 8.398 8.044 7.754 7.598 7.457 7.329 7.216 7.116 7.069 7.110 7.162 7.224 7.297 7.380 7.453 7.496 7.542 7.591 7.643 7.698 7.886 8.233 8.567 8.887 9.195 9.490 9.826 10.193 10.530 10.838 11.117 11.367 11.540 11.680 11.834 12.003 12.186 12.383 12.715 13.170 13.683 14.253 14.881 15.566 16.352 17.148 17.922 18.674 19.404 20.111 19.230 17.692 16.047 14.296 12.439 10.475 9.490 8.790 8.105 7.438 6.786 6.197 5.999 5.861
13.590 12.575 11.982 11.395 10.813 10.237 9.666 9.132 8.772 8.423 8.085 7.758 7.441 7.168 7.061 6.968 6.888 6.823 6.772 6.760 6.847 6.947 7.061 7.165 7.260 7.337 7.389 7.451 7.523 7.603 7.694 7.856 8.145 8.421 8.684 8.934 9.171 9.410 9.648 9.856 10.036 10.187 10.308 10.449 10.652 10.870 11.102 11.349 11.610 12.079 12.789 13.556 14.381 15.263 16.203 17.035 17.733 18.408 19.061 19.691 20.299 19.327 17.318 15.132 12.854 10.620 8.432 7.372 6.838 6.323 5.826 5.349 4.890 4.680 4.554
