DATA/SHG/CPC/2018/20180105.asc
ncols        190
nrows        64
xllcorner    -5100000.000000000000
yllcorner    4130000.000000000000
cellsize     10000.000000000000
NODATA_value  -99999.000
[rows 0 to 33 of 64, columns 77 to 153 of 190]
0.018 0.020 0.023 0.026 0.028 0.031 0.034 0.037 0.041 0.045 0.049 0.052 0.055 0.060 0.072 0.083 0.094 0.105 0.116 0.131 0.156 0.182 0.207 0.233 0.258 0.286 0.320 0.354 0.388 0.423 0.457 0.490 0.520 0.551 0.581 0.612 0.642 0.667 0.671 0.675 0.680 0.685 0.690 0.687 0.660 0.633 0.606 0.580 0.554 0.527 0.495 0.463 0.432 0.401 0.370 0.342 0.318 0.295 0.271 0.249 0.226 0.204 0.185 0.165 0.146 0.128 0.110 0.094 0.082 0.069 0.055 0.041 0.026 0.014 0.013 0.011 0.009
0.011 0.013 0.015 0.018 0.021 0.024 0.027 0.030 0.033 0.036 0.039 0.042 0.045 0.048 0.059 0.070 0.081 0.093 0.104 0.118 0.143 0.169 0.194 0.220 0.245 0.271 0.306 0.340 0.374 0.409 0.443 0.477 0.508 0.539 0.570 0.601 0.632 0.661 0.666 0.672 0.677 0.684 0.690 0.692 0.667 0.641 0.616 0.591 0.567 0.542 0.511 0.481 0.451 0.419 0.388 0.358 0.334 0.310 0.288 0.265 0.243 0.222 0.205 0.188 0.171 0.155 0.140 0.125 0.110 0.094 0.077 0.060 0.042 0.026 0.023 0.019 0.015
0.005 0.005 0.008 0.011 0.014 0.017 0.020 0.023 0.026 0.028 0.030 0.033 0.034 0.036 0.047 0.059 0.070 0.082 0.093 0.105 0.130 0.156 0.181 0.206 0.231 0.257 0.291 0.325 0.360 0.394 0.429 0.464 0.495 0.527 0.558 0.590 0.622 0.654 0.661 0.668 0.675 0.682 0.690 0.697 0.670 0.642 0.614 0.588 0.562 0.537 0.506 0.476 0.446 0.417 0.389 0.362 0.340 0.319 0.298 0.278 0.258 0.239 0.224 0.209 0.195 0.182 0.169 0.157 0.138 0.120 0.100 0.080 0.059 0.038 0.033 0.027 0.021
0.000 0.000 0.003 0.006 0.009 0.012 0.015 0.017 0.019 0.021 0.022 0.024 0.025 0.025 0.035 0.047 0.058 0.070 0.082 0.094 0.118 0.143 0.168 0.193 0.218 0.243 0.276 0.311 0.346 0.380 0.415 0.450 0.482 0.515 0.547 0.577 0.605 0.633 0.639 0.642 0.646 0.649 0.652 0.656 0.634 0.609 0.586 0.563 0.541 0.520 0.493 0.466 0.439 0.414 0.389 0.365 0.345 0.326 0.308 0.290 0.272 0.256 0.243 0.231 0.219 0.208 0.198 0.188 0.168 0.146 0.123 0.100 0.076 0.052 0.044 0.037 0.033
0.000 0.000 0.002 0.004 0.007 0.009 0.010 0.012 0.013 0.014 0.014 0.015 0.015 0.015 0.023 0.035 0.047 0.059 0.071 0.084 0.105 0.130 0.155 0.180 0.205 0.230 0.261 0.295 0.328 0.360 0.392 0.423 0.452 0.480 0.507 0.534 0.560 0.586 0.594 0.598 0.601 0.605 0.609 0.613 0.597 0.576 0.556 0.537 0.519 0.501 0.479 0.455 0.432 0.410 0.388 0.368 0.350 0.333 0.317 0.302 0.286 0.272 0.261 0.251 0.242 0.234 0.226 0.217 0.196 0.173 0.151 0.131 0.111 0.093 0.085 0.080 0.074
0.000 0.000 0.001 0.003 0.004 0.005 0.006 0.006 0.007 0.007 0.007 0.006 0.005 0.005 0.011 0.023 0.035 0.048 0.062 0.075 0.095 0.120 0.144 0.168 0.191 0.214 0.242 0.273 0.303 0.332 0.361 0.389 0.416 0.441 0.466 0.491 0.515 0.538 0.549 0.553 0.557 0.561 0.565 0.570 0.560 0.542 0.526 0.511 0.496 0.482 0.464 0.443 0.424 0.405 0.387 0.370 0.354 0.340 0.324 0.310 0.295 0.282 0.272 0.263 0.255 0.247 0.240 0.234 0.218 0.200 0.183 0.167 0.152 0.138 0.130 0.123 0.115
0.000 0.000 0.000 0.001 0.002 0.002 0.002 0.001 0.001 0.000 0.000 0.000 0.000 0.000 0.006 0.019 0.032 0.045 0.058 0.071 0.088 0.111 0.134 0.156 0.178 0.199 0.224 0.252 0.279 0.305 0.331 0.356 0.380 0.404 0.426 0.449 0.470 0.492 0.504 0.508 0.513 0.517 0.522 0.527 0.521 0.508 0.495 0.483 0.472 0.461 0.446 0.428 0.410 0.393 0.377 0.361 0.347 0.334 0.321 0.309 0.297 0.286 0.277 0.271 0.265 0.259 0.254 0.250 0.240 0.226 0.214 0.202 0.192 0.183 0.174 0.166 0.157
0.000 0.000 0.000 0.000 0.000 0.000 0.000 0.000 0.000 0.000 0.000 0.000 0.000 0.000 0.005 0.017 0.030 0.042 0.054 0.067 0.082 0.103 0.124 0.145 0.165 0.185 0.206 0.231 0.255 0.279 0.302 0.324 0.346 0.367 0.387 0.407 0.427 0.446 0.459 0.463 0.468 0.473 0.478 0.483 0.482 0.471 0.460 0.451 0.441 0.433 0.421 0.406 0.391 0.377 0.363 0.350 0.338 0.327 0.317 0.307 0.298 0.289 0.282 0.278 0.274 0.271 0.268 0.266 0.260 0.251 0.243 0.237 0.231 0.226 0.219 0.209 0.199
0.000 0.000 0.000 0.000 0.000 0.000 0.000 0.000 0.000 0.000 0.000 0.000 0.000 0.000 0.003 0.015 0.027 0.039 0.051 0.063 0.076 0.096 0.115 0.134 0.153 0.171 0.190 0.212 0.233 0.253 0.273 0.292 0.310 0.329 0.347 0.365 0.382 0.399 0.412 0.418 0.423 0.428 0.434 0.440 0.441 0.432 0.424 0.417 0.410 0.404 0.396 0.383 0.371 0.360 0.349 0.339 0.329 0.321 0.312 0.305 0.298 0.292 0.287 0.285 0.283 0.282 0.281 0.281 0.279 0.275 0.272 0.268 0.264 0.260 0.252 0.238 0.225
0.000 0.000 0.000 0.000 0.000 0.000 0.000 0.000 0.000 0.000 0.000 0.000 0.000 0.000 0.001 0.013 0.025 0.036 0.048 0.059 0.071 0.088 0.105 0.121 0.137 0.154 0.170 0.189 0.207 0.224 0.241 0.257 0.273 0.290 0.306 0.322 0.338 0.353 0.366 0.372 0.378 0.384 0.390 0.396 0.400 0.394 0.388 0.383 0.379 0.375 0.370 0.360 0.350 0.342 0.334 0.326 0.319 0.313 0.307 0.302 0.298 0.294 0.290 0.290 0.290 0.290 0.291 0.292 0.293 0.288 0.284 0.280 0.277 0.273 0.266 0.254 0.241
0.000 0.000 0.000 0.000 0.000 0.000 0.000 0.000 0.000 0.000 0.000 0.000 0.000 0.000 0.000 0.010 0.020 0.029 0.038 0.047 0.054 0.070 0.086 0.102 0.118 0.133 0.149 0.165 0.180 0.195 0.209 0.223 0.236 0.251 0.266 0.280 0.294 0.307 0.320 0.326 0.333 0.339 0.346 0.352 0.358 0.354 0.351 0.349 0.346 0.345 0.343 0.336 0.329 0.323 0.318 0.313 0.308 0.304 0.300 0.296 0.293 0.291 0.289 0.291 0.293 0.295 0.298 0.302 0.304 0.300 0.297 0.293 0.289 0.286 0.281 0.269 0.258
0.000 0.000 0.000 0.000 0.000 0.000 0.000 0.000 0.000 0.000 0.000 0.000 0.000 0.000 0.000 0.007 0.014 0.021 0.027 0.033 0.038 0.052 0.068 0.083 0.098 0.113 0.128 0.141 0.154 0.166 0.178 0.189 0.200 0.213 0.226 0.239 0.251 0.262 0.274 0.281 0.287 0.294 0.301 0.309 0.317 0.317 0.317 0.317 0.318 0.318 0.319 0.314 0.310 0.306 0.302 0.298 0.295 0.292 0.290 0.289 0.288 0.288 0.288 0.291 0.295 0.300 0.305 0.310 0.316 0.312 0.309 0.305 0.302 0.299 0.295 0.284 0.274
0.000 0.000 0.000 0.000 0.000 0.000 0.000 0.000 0.000 0.000 0.000 0.000 0.000 0.000 0.000 0.004 0.009 0.013 0.017 0.020 0.023 0.034 0.049 0.064 0.078 0.093 0.107 0.119 0.129 0.139 0.148 0.157 0.165 0.175 0.187 0.199 0.211 0.222 0.234 0.243 0.252 0.260 0.269 0.277 0.286 0.288 0.289 0.290 0.292 0.294 0.296 0.293 0.290 0.287 0.285 0.283 0.281 0.281 0.281 0.281 0.282 0.284 0.286 0.291 0.297 0.304 0.311 0.318 0.326 0.324 0.321 0.318 0.315 0.312 0.309 0.299 0.287
0.000 0.000 0.000 0.000 0.000 0.000 0.000 0.000 0.000 0.000 0.000 0.000 0.000 0.000 0.000 0.002 0.004 0.006 0.007 0.008 0.008 0.017 0.031 0.045 0.059 0.073 0.086 0.096 0.105 0.113 0.121 0.129 0.137 0.147 0.159 0.170 0.181 0.193 0.203 0.213 0.221 0.230 0.238 0.247 0.255 0.259 0.261 0.263 0.266 0.269 0.272 0.272 0.270 0.269 0.268 0.267 0.267 0.268 0.270 0.273 0.276 0.280 0.284 0.291 0.299 0.308 0.317 0.324 0.331 0.328 0.323 0.319 0.314 0.310 0.306 0.295 0.283
0.000 0.000 0.000 0.000 0.000 0.000 0.000 0.000 0.000 0.000 0.000 0.000 0.000 0.000 0.000 0.000 0.000 0.000 0.000 0.000 0.000 0.007 0.020 0.033 0.044 0.055 0.065 0.074 0.082 0.089 0.097 0.104 0.111 0.120 0.131 0.142 0.152 0.163 0.173 0.182 0.191 0.199 0.207 0.216 0.224 0.229 0.233 0.236 0.240 0.244 0.249 0.250 0.250 0.250 0.251 0.251 0.253 0.256 0.258 0.261 0.265 0.270 0.275 0.282 0.290 0.297 0.304 0.312 0.319 0.318 0.314 0.310 0.307 0.304 0.301 0.291 0.279
0.000 0.000 0.000 0.000 0.000 0.000 0.000 0.000 0.000 0.000 0.000 0.000 0.000 0.000 0.000 0.000 0.000 0.000 0.000 0.000 0.000 0.004 0.014 0.023 0.031 0.038 0.045 0.052 0.059 0.066 0.072 0.079 0.086 0.094 0.104 0.114 0.124 0.133 0.143 0.152 0.160 0.169 0.177 0.185 0.193 0.199 0.204 0.209 0.214 0.218 0.223 0.224 0.224 0.224 0.224 0.224 0.224 0.227 0.233 0.239 0.246 0.254 0.262 0.270 0.278 0.285 0.292 0.300 0.307 0.308 0.305 0.302 0.300 0.297 0.295 0.287 0.275
0.000 0.000 0.000 0.000 0.000 0.000 0.000 0.000 0.000 0.000 0.000 0.000 0.000 0.000 0.000 0.000 0.000 0.000 0.000 0.000 0.000 0.002 0.008 0.014 0.019 0.023 0.026 0.030 0.036 0.042 0.048 0.054 0.060 0.067 0.077 0.086 0.095 0.104 0.113 0.122 0.131 0.141 0.150 0.159 0.168 0.175 0.179 0.183 0.186 0.189 0.191 0.192 0.192 0.193 0.193 0.193 0.194 0.198 0.207 0.216 0.226 0.237 0.249 0.258 0.266 0.273 0.280 0.287 0.295 0.297 0.295 0.294 0.292 0.291 0.290 0.283 0.271
0.000 0.000 0.000 0.000 0.000 0.000 0.000 0.000 0.000 0.000 0.000 0.000 0.000 0.000 0.000 0.000 0.000 0.000 0.000 0.000 0.000 0.000 0.003 0.006 0.007 0.008 0.008 0.008 0.014 0.019 0.025 0.032 0.039 0.046 0.056 0.066 0.077 0.087 0.097 0.106 0.115 0.123 0.131 0.139 0.147 0.153 0.155 0.157 0.158 0.159 0.160 0.160 0.160 0.161 0.162 0.163 0.164 0.168 0.180 0.193 0.206 0.220 0.234 0.246 0.254 0.261 0.268 0.275 0.282 0.286 0.285 0.285 0.282 0.278 0.274 0.264 0.248
0.000 0.000 0.000 0.000 0.000 0.000 0.000 0.000 0.000 0.000 0.000 0.000 0.000 0.000 0.000 0.000 0.000 0.000 0.000 0.000 0.000 0.000 0.000 0.000 0.000 0.000 0.000 0.000 0.007 0.013 0.019 0.024 0.029 0.034 0.044 0.053 0.063 0.072 0.082 0.091 0.098 0.106 0.113 0.120 0.127 0.132 0.133 0.132 0.132 0.130 0.129 0.127 0.128 0.130 0.131 0.132 0.134 0.138 0.153 0.168 0.184 0.201 0.219 0.233 0.238 0.244 0.250 0.256 0.263 0.266 0.261 0.256 0.251 0.245 0.238 0.227 0.210
0.000 0.000 0.000 0.000 0.000 0.000 0.000 0.000 0.000 0.000 0.000 0.000 0.000 0.000 0.000 0.000 0.000 0.000 0.000 0.000 0.000 0.000 0.000 0.000 0.000 0.000 0.000 0.000 0.004 0.009 0.013 0.017 0.020 0.023 0.032 0.041 0.049 0.058 0.067 0.075 0.082 0.088 0.095 0.101 0.106 0.112 0.110 0.108 0.105 0.102 0.098 0.095 0.096 0.098 0.101 0.103 0.105 0.108 0.125 0.141 0.158 0.174 0.191 0.206 0.212 0.219 0.225 0.232 0.239 0.243 0.236 0.229 0.220 0.212 0.202 0.191 0.173
0.000 0.000 0.000 0.000 0.000 0.000 0.000 0.000 0.000 0.000 0.000 0.000 0.000 0.000 0.000 0.000 0.000 0.000 0.000 0.000 0.000 0.000 0.000 0.000 0.000 0.000 0.000 0.000 0.002 0.005 0.007 0.009 0.011 0.012 0.019 0.028 0.036 0.044 0.052 0.060 0.066 0.071 0.077 0.082 0.087 0.091 0.088 0.085 0.082 0.079 0.076 0.073 0.074 0.076 0.078 0.079 0.080 0.081 0.097 0.113 0.130 0.146 0.163 0.179 0.186 0.193 0.200 0.207 0.215 0.221 0.212 0.202 0.191 0.179 0.167 0.154 0.136
0.000 0.000 0.000 0.000 0.000 0.000 0.000 0.000 0.000 0.000 0.000 0.000 0.000 0.000 0.000 0.000 0.000 0.000 0.000 0.000 0.000 0.000 0.000 0.000 0.000 0.000 0.000 0.000 0.001 0.002 0.003 0.003 0.003 0.002 0.008 0.015 0.024 0.032 0.039 0.046 0.051 0.056 0.060 0.064 0.067 0.070 0.068 0.065 0.062 0.059 0.056 0.054 0.054 0.055 0.055 0.055 0.055 0.055 0.069 0.085 0.102 0.118 0.135 0.151 0.159 0.167 0.175 0.183 0.191 0.199 0.188 0.175 0.162 0.148 0.133 0.118 0.099
0.000 0.000 0.000 0.000 0.000 0.000 0.000 0.000 0.000 0.000 0.000 0.000 0.000 0.000 0.000 0.000 0.000 0.000 0.000 0.000 0.000 0.000 0.000 0.000 0.000 0.000 0.000 0.000 0.000 0.000 0.000 0.000 0.000 0.000 0.004 0.011 0.018 0.024 0.029 0.034 0.038 0.041 0.044 0.046 0.048 0.049 0.048 0.045 0.042 0.040 0.037 0.035 0.034 0.033 0.033 0.032 0.030 0.029 0.041 0.057 0.074 0.090 0.106 0.123 0.133 0.141 0.149 0.158 0.166 0.172 0.161 0.146 0.132 0.118 0.105 0.093 0.078
0.000 0.000 0.000 0.000 0.000 0.000 0.000 0.000 0.000 0.000 0.000 0.000 0.000 0.000 0.000 0.000 0.000 0.000 0.000 0.000 0.000 0.000 0.000 0.000 0.000 0.000 0.000 0.000 0.000 0.000 0.000 0.000 0.000 0.000 0.002 0.007 0.012 0.016 0.020 0.023 0.025 0.027 0.028 0.029 0.029 0.029 0.028 0.025 0.023 0.020 0.018 0.015 0.014 0.012 0.010 0.008 0.006 0.004 0.013 0.031 0.049 0.065 0.081 0.096 0.105 0.112 0.118 0.123 0.128 0.132 0.124 0.112 0.100 0.089 0.079 0.069 0.058
0.000 0.000 0.000 0.000 0.000 0.000 0.000 0.000 0.000 0.000 0.000 0.000 0.000 0.000 0.000 0.000 0.000 0.000 0.000 0.000 0.000 0.000 0.000 0.000 0.000 0.000 0.000 0.000 0.000 0.000 0.000 0.000 0.000 0.000 0.001 0.004 0.007 0.009 0.011 0.012 0.013 0.013 0.012 0.012 0.011 0.009 0.007 0.005 0.003 0.001 0.000 0.000 0.000 0.000 0.000 0.000 0.000 0.000 0.008 0.023 0.036 0.049 0.060 0.071 0.078 0.082 0.086 0.089 0.091 0.093 0.087 0.077 0.068 0.060 0.052 0.044 0.036
0.000 0.000 0.000 0.000 0.000 0.000 0.000 0.000 0.000 0.000 0.000 0.000 0.000 0.000 0.000 0.000 0.000 0.000 0.000 0.000 0.000 0.000 0.000 0.000 0.000 0.000 0.000 0.000 0.000 0.000 0.000 0.000 0.000 0.000 0.000 0.001 0.002 0.002 0.002 0.001 0.000 0.000 0.000 0.000 0.000 0.000 0.000 0.000 0.000 0.000 0.000 0.000 0.000 0.000 0.000 0.000 0.000 0.000 0.005 0.015 0.024 0.033 0.040 0.047 0.051 0.053 0.054 0.055 0.055 0.054 0.050 0.042 0.036 0.030 0.024 0.019 0.014
0.000 0.000 0.000 0.000 0.000 0.000 0.000 0.000 0.000 0.000 0.000 0.000 0.000 0.000 0.000 0.000 0.000 0.000 0.000 0.000 0.000 0.000 0.000 0.000 0.000 0.000 0.000 0.000 0.000 0.000 0.000 0.000 0.000 0.000 0.000 0.000 0.000 0.000 0.000 0.000 0.000 0.000 0.000 0.000 0.000 0.000 0.000 0.000 0.000 0.000 0.000 0.000 0.000 0.000 0.000 0.000 0.000 0.000 0.002 0.008 0.014 0.018 0.021 0.024 0.025 0.024 0.023 0.021 0.019 0.016 0.012 0.007 0.003 0.000 0.000 0.000 0.000
0.000 0.000 0.000 0.000 0.000 0.000 0.000 0.000 0.000 0.000 0.000 0.000 0.000 0.000 0.000 0.000 0.000 0.000 0.000 0.000 0.000 0.000 0.000 0.000 0.000 0.000 0.000 0.000 0.000 0.000 0.000 0.000 0.000 0.000 0.000 0.000 0.000 0.000 0.000 0.000 0.000 0.000 0.000 0.000 0.000 0.000 0.000 0.000 0.000 0.000 0.000 0.000 0.000 0.000 0.000 0.000 0.000 0.000 0.001 0.003 0.004 0.004 0.003 0.002 0.000 0.000 0.000 0.000 0.000 0.000 0.000 0.000 0.000 0.000 0.000 0.000 0.000
0.000 0.000 0.000 0.000 0.000 0.000 0.000 0.000 0.000 0.000 0.000 0.000 0.000 0.000 0.000 0.000 0.000 0.000 0.000 0.000 0.000 0.000 0.000 0.000 0.000 0.000 0.000 0.000 0.000 0.000 0.000 0.000 0.000 0.000 0.000 0.000 0.000 0.000 0.000 0.000 0.000 0.000 0.000 0.000 0.000 0.000 0.000 0.000 0.000 0.000 0.000 0.000 0.000 0.000 0.000 0.000 0.000 0.000 0.000 0.000 0.000 0.000 0.000 0.000 0.000 0.000 0.000 0.000 0.000 0.000 0.000 0.000 0.000 0.000 0.000 0.000 0.000
0.000 0.000 0.000 0.000 0.000 0.000 0.000 0.000 0.000 0.000 0.000 0.000 0.000 0.000 0.000 0.000 0.000 0.000 0.000 0.000 0.000 0.000 0.000 0.000 0.000 0.000 0.000 0.000 0.000 0.000 0.000 0.000 0.000 0.000 0.000 0.000 0.000 0.000 0.000 0.000 0.000 0.000 0.000 0.000 0.000 0.000 0.000 0.000 0.000 0.000 0.000 0.000 0.000 0.000 0.000 0.000 0.000 0.000 0.000 0.000 0.000 0.000 0.000 0.000 0.000 0.000 0.000 0.000 0.000 0.000 0.000 0.000 0.000 0.000 0.000 0.000 0.000
0.000 0.000 0.000 0.000 0.000 0.000 0.000 0.000 0.000 0.000 0.000 0.000 0.000 0.000 0.000 0.000 0.000 0.000 0.000 0.000 0.000 0.000 0.000 0.000 0.000 0.000 0.000 0.000 0.000 0.000 0.000 0.000 0.000 0.000 0.000 0.000 0.000 0.000 0.000 0.000 0.000 0.000 0.000 0.000 0.000 0.000 0.000 0.000 0.000 0.000 0.000 0.000 0.000 0.000 0.000 0.000 0.000 0.000 0.000 0.000 0.000 0.000 0.000 0.000 0.000 0.000 0.000 0.000 0.000 0.000 0.000 0.000 0.000 0.000 0.000 0.000 0.000
0.000 0.000 0.000 0.000 0.000 0.000 0.000 0.000 0.000 0.000 0.000 0.000 0.000 0.000 0.000 0.000 0.000 0.000 0.000 0.000 0.000 0.000 0.000 0.000 0.000 0.000 0.000 0.000 0.000 0.000 0.000 0.000 0.000 0.000 0.000 0.000 0.000 0.000 0.000 0.000 0.000 0.000 0.000 0.000 0.000 0.000 0.000 0.000 0.000 0.000 0.000 0.000 0.000 0.000 0.000 0.000 0.000 0.000 0.000 0.000 0.000 0.000 0.000 0.000 0.000 0.000 0.000 0.000 0.000 0.000 0.000 0.000 0.000 0.000 0.000 0.000 0.000
0.000 0.000 0.000 0.000 0.000 0.000 0.000 0.000 0.000 0.000 0.000 0.000 0.000 0.000 0.000 0.000 0.000 0.000 0.000 0.000 0.000 0.000 0.000 0.000 0.000 0.000 0.000 0.000 0.000 0.000 0.000 0.000 0.000 0.000 0.000 0.000 0.000 0.000 0.000 0.000 0.000 0.000 0.000 0.000 0.000 0.000 0.000 0.000 0.000 0.000 0.000 0.000 0.000 0.000 0.000 0.000 0.000 0.000 0.000 0.000 0.000 0.000 0.000 0.000 0.000 0.000 0.000 0.000 0.000 0.000 0.000 0.000 0.000 0.000 0.000 0.000 0.000
0.000 0.000 0.000 0.000 0.000 0.000 0.000 0.000 0.000 0.000 0.000 0.000 0.000 0.000 0.000 0.000 0.000 0.000 0.000 0.000 0.000 0.000 0.000 0.000 0.000 0.000 0.000 0.000 0.000 0.000 0.000 0.000 0.000 0.000 0.000 0.000 0.000 0.000 0.000 0.000 0.000 0.000 0.000 0.000 0.000 0.000 0.000 0.000 0.000 0.000 0.000 0.000 0.000 0.000 0.000 0.000 0.000 0.000 0.000 0.000 0.000 0.000 0.000 0.000 0.000 0.000 0.000 0.000 0.000 0.000 0.000 0.000 0.000 0.000 0.000 0.000 0.000
