DATA/SHG/CPC/2018/20180628.asc
ncols        190
nrows        64
xllcorner    -5100000.000000000000
yllcorner    4130000.000000000000
cellsize     10000.000000000000
NODATA_value  -99999.000
[rows 0 to 33 of 64, columns 76 to 151 of 190]
6.124 6.238 6.387 6.613 6.842 7.075 7.310 7.548 7.786 8.020 8.257 8.497 8.740 8.986 9.223 9.424 9.626 9.826 10.029 10.235 10.467 10.792 11.122 11.458 11.796 12.134 12.513 13.026 13.541 14.060 14.583 15.109 15.600 15.966 16.328 16.686 17.040 17.390 17.670 17.748 17.827 17.909 17.992 18.078 18.072 17.794 17.534 17.291 17.066 16.858 16.556 15.925 15.292 14.658 14.023 13.386 12.764 12.184 11.597 11.003 10.402 9.794 9.289 9.073 8.837 8.596 8.351 8.101 7.971 8.175 8.368 8.549 8.719 8.877 9.029 9.185
5.837 5.946 6.078 6.315 6.555 6.798 7.043 7.292 7.542 7.786 8.034 8.285 8.539 8.796 9.049 9.262 9.473 9.681 9.889 10.097 10.317 10.656 10.996 11.338 11.680 12.024 12.389 12.917 13.448 13.982 14.520 15.062 15.584 15.931 16.275 16.614 16.950 17.281 17.578 17.664 17.753 17.844 17.937 18.032 18.089 17.890 17.708 17.544 17.397 17.268 17.085 16.447 15.808 15.167 14.491 13.790 13.092 12.435 11.777 11.119 10.460 9.801 9.202 8.950 8.694 8.433 8.168 7.899 7.692 7.845 7.986 8.116 8.235 8.342 8.439 8.536
5.553 5.656 5.768 6.015 6.265 6.518 6.774 7.034 7.303 7.568 7.840 8.116 8.399 8.687 8.980 9.185 9.388 9.587 9.786 9.985 10.182 10.523 10.869 11.216 11.564 11.913 12.263 12.804 13.351 13.901 14.454 15.011 15.572 15.901 16.226 16.547 16.864 17.176 17.483 17.579 17.677 17.777 17.879 17.984 18.087 17.971 17.856 17.735 17.609 17.477 17.327 16.624 15.918 15.208 14.493 13.776 13.056 12.396 11.736 11.075 10.414 9.752 9.104 8.832 8.556 8.275 7.990 7.701 7.425 7.526 7.617 7.696 7.763 7.819 7.863 7.901
5.272 5.379 5.481 5.735 6.003 6.274 6.548 6.825 7.105 7.390 7.681 7.977 8.279 8.587 8.900 9.111 9.305 9.496 9.686 9.876 10.064 10.390 10.741 11.093 11.446 11.801 12.156 12.688 13.250 13.815 14.384 14.957 15.533 15.876 16.182 16.484 16.798 17.121 17.448 17.600 17.727 17.853 17.977 18.098 18.218 18.110 17.969 17.823 17.671 17.513 17.350 16.682 15.959 15.231 14.500 13.765 13.027 12.358 11.695 11.032 10.368 9.704 9.039 8.719 8.423 8.122 7.817 7.507 7.193 7.220 7.259 7.287 7.303 7.307 7.301 7.280
5.074 5.162 5.244 5.481 5.760 6.042 6.326 6.614 6.905 7.207 7.518 7.833 8.155 8.482 8.814 9.039 9.224 9.406 9.588 9.769 9.948 10.255 10.611 10.969 11.327 11.687 12.048 12.589 13.186 13.779 14.367 14.951 15.531 15.918 16.247 16.580 16.917 17.258 17.604 17.777 17.897 18.014 18.129 18.243 18.355 18.254 18.088 17.916 17.739 17.556 17.367 16.744 16.004 15.259 14.511 13.759 13.004 12.320 11.655 10.989 10.323 9.656 8.989 8.611 8.294 7.974 7.649 7.298 6.905 6.796 6.746 6.696 6.645 6.593 6.541 6.514
4.881 4.950 5.012 5.225 5.514 5.807 6.102 6.401 6.702 7.020 7.349 7.685 8.025 8.372 8.724 8.970 9.146 9.319 9.500 9.690 9.887 10.202 10.592 10.987 11.385 11.788 12.196 12.712 13.290 13.863 14.432 14.996 15.556 15.978 16.325 16.676 17.032 17.391 17.755 17.956 18.067 18.176 18.284 18.389 18.493 18.404 18.213 18.016 17.813 17.604 17.390 16.810 16.052 15.291 14.526 13.757 12.984 12.284 11.588 10.837 10.085 9.332 8.577 8.074 7.682 7.294 6.908 6.527 6.149 6.005 5.952 5.899 5.845 5.791 5.736 5.729
4.694 4.743 4.786 4.966 5.266 5.569 5.875 6.184 6.497 6.827 7.176 7.531 7.886 8.243 8.601 8.876 9.072 9.276 9.489 9.711 9.940 10.257 10.666 11.079 11.497 11.919 12.345 12.840 13.398 13.951 14.501 15.045 15.586 16.033 16.398 16.768 17.141 17.519 17.901 18.137 18.240 18.341 18.440 18.537 18.633 18.560 18.343 18.121 17.892 17.627 17.299 16.671 15.813 14.954 14.094 13.232 12.369 11.569 10.813 10.056 9.297 8.537 7.775 7.239 6.862 6.489 6.120 5.753 5.391 5.215 5.160 5.104 5.047 4.990 4.932 4.938
4.512 4.542 4.566 4.705 5.035 5.363 5.687 6.008 6.325 6.656 7.014 7.372 7.732 8.092 8.454 8.765 8.991 9.226 9.471 9.724 9.984 10.307 10.735 11.167 11.604 12.044 12.489 12.973 13.511 14.045 14.574 15.099 15.620 16.083 16.467 16.855 17.246 17.642 18.042 18.319 18.382 18.400 18.420 18.442 18.466 18.342 18.009 17.663 17.305 16.934 16.551 15.950 15.087 14.223 13.357 12.490 11.622 10.803 10.041 9.277 8.512 7.745 6.977 6.401 6.040 5.683 5.328 4.977 4.630 4.427 4.369 4.310 4.251 4.191 4.130 4.141
4.406 4.447 4.487 4.607 4.926 5.243 5.555 5.865 6.172 6.490 6.851 7.213 7.576 7.941 8.306 8.645 8.902 9.168 9.444 9.728 10.020 10.352 10.799 11.250 11.705 12.165 12.628 13.110 13.628 14.143 14.652 15.134 15.574 15.973 16.301 16.628 16.953 17.276 17.598 17.831 17.857 17.884 17.913 17.944 17.976 17.882 17.494 17.093 16.680 16.255 15.818 15.232 14.363 13.494 12.623 11.751 10.878 10.040 9.272 8.501 7.729 6.956 6.181 5.562 5.216 4.874 4.535 4.199 3.867 3.642 3.581 3.519 3.485 3.455 3.421 3.451
4.353 4.393 4.432 4.513 4.821 5.126 5.427 5.726 6.021 6.323 6.687 7.053 7.420 7.788 8.157 8.517 8.806 9.103 9.410 9.725 10.048 10.392 10.860 11.325 11.782 12.230 12.671 13.106 13.538 13.953 14.351 14.733 15.098 15.443 15.764 16.083 16.401 16.717 17.031 17.296 17.330 17.366 17.403 17.443 17.485 17.436 16.993 16.538 16.070 15.590 15.098 14.516 13.642 12.767 11.891 11.014 10.135 9.281 8.505 7.728 6.949 6.170 5.388 4.753 4.462 4.174 3.890 3.609 3.331 3.123 3.088 3.050 3.009 2.965 2.917 2.915
4.300 4.339 4.377 4.421 4.718 5.012 5.302 5.589 5.873 6.154 6.523 6.893 7.263 7.635 8.015 8.400 8.734 9.076 9.426 9.785 10.150 10.522 10.959 11.388 11.809 12.222 12.627 13.024 13.381 13.721 14.044 14.351 14.640 14.915 15.229 15.541 15.851 16.160 16.467 16.759 16.802 16.846 16.893 16.942 16.992 17.003 16.506 15.996 15.473 14.939 14.392 13.802 12.923 12.043 11.166 10.292 9.421 8.566 7.819 7.079 6.348 5.625 4.911 4.265 3.989 3.716 3.447 3.181 2.918 2.693 2.644 2.592 2.537 2.479 2.417 2.383
4.247 4.285 4.322 4.359 4.618 4.901 5.180 5.473 5.774 6.071 6.450 6.838 7.221 7.602 7.978 8.350 8.716 9.090 9.472 9.863 10.260 10.665 11.066 11.460 11.845 12.222 12.591 12.953 13.242 13.507 13.756 13.987 14.202 14.400 14.696 15.001 15.304 15.606 15.906 16.204 16.272 16.326 16.381 16.439 16.498 16.533 15.984 15.408 14.829 14.248 13.666 13.080 12.215 11.348 10.483 9.621 8.761 7.905 7.194 6.492 5.797 5.111 4.432 3.775 3.514 3.256 3.001 2.750 2.502 2.267 2.204 2.138 2.069 1.996 1.921 1.854
4.215 4.283 4.352 4.422 4.670 4.969 5.263 5.553 5.837 6.117 6.470 6.844 7.215 7.581 7.944 8.303 8.690 9.095 9.510 9.932 10.362 10.798 11.183 11.541 11.890 12.232 12.565 12.890 13.123 13.313 13.486 13.643 13.783 13.906 14.166 14.464 14.761 15.048 15.324 15.590 15.665 15.694 15.720 15.742 15.760 15.774 15.284 14.698 14.109 13.519 12.926 12.331 11.507 10.652 9.798 8.948 8.100 7.255 6.563 5.896 5.238 4.588 3.947 3.313 3.036 2.793 2.553 2.316 2.083 1.853 1.768 1.688 1.604 1.518 1.428 1.335
4.371 4.444 4.518 4.594 4.803 5.085 5.363 5.636 5.905 6.168 6.493 6.854 7.211 7.565 7.914 8.260 8.655 9.092 9.539 9.994 10.455 10.924 11.308 11.630 11.944 12.250 12.547 12.811 12.978 13.090 13.200 13.306 13.409 13.509 13.722 13.983 14.234 14.474 14.703 14.922 14.997 15.009 15.017 15.022 15.022 15.019 14.587 13.991 13.393 12.792 12.190 11.585 10.798 9.954 9.112 8.273 7.437 6.604 5.924 5.294 4.672 4.058 3.453 2.856 2.555 2.327 2.102 1.883 1.714 1.541 1.480 1.443 1.409 1.376 1.346 1.317
4.525 4.603 4.682 4.763 4.939 5.205 5.467 5.724 5.976 6.223 6.519 6.867 7.211 7.551 7.888 8.220 8.613 9.081 9.529 9.974 10.417 10.859 11.211 11.472 11.732 11.990 12.248 12.505 12.680 12.779 12.874 12.967 13.056 13.142 13.302 13.516 13.719 13.912 14.094 14.265 14.333 14.328 14.320 14.307 14.290 14.270 13.894 13.288 12.680 12.070 11.457 10.843 10.087 9.255 8.425 7.597 6.773 5.951 5.281 4.764 4.252 3.744 3.241 2.742 2.472 2.296 2.116 1.932 1.742 1.548 1.473 1.445 1.420 1.396 1.375 1.355
4.678 4.761 4.845 4.931 5.080 5.330 5.575 5.815 6.051 6.282 6.549 6.857 7.160 7.460 7.756 8.049 8.388 8.820 9.254 9.691 10.126 10.559 10.927 11.183 11.439 11.694 11.948 12.201 12.387 12.472 12.553 12.631 12.706 12.778 12.893 13.060 13.216 13.362 13.497 13.621 13.675 13.653 13.627 13.597 13.563 13.526 13.204 12.588 11.970 11.352 10.770 10.198 9.534 8.785 8.050 7.327 6.617 5.920 5.336 4.839 4.347 3.859 3.376 2.897 2.587 2.391 2.190 1.985 1.775 1.560 1.464 1.445 1.429 1.414 1.401 1.390
4.828 4.917 5.006 5.096 5.210 5.425 5.630 5.825 6.011 6.187 6.385 6.679 6.970 7.258 7.542 7.822 8.132 8.556 8.982 9.410 9.837 10.262 10.644 10.896 11.148 11.399 11.649 11.897 12.097 12.168 12.235 12.300 12.361 12.419 12.497 12.616 12.725 12.824 12.912 12.989 13.023 12.995 12.962 12.924 12.881 12.833 12.586 12.020 11.465 10.922 10.390 9.870 9.281 8.589 7.910 7.244 6.591 5.950 5.386 4.909 4.437 3.969 3.506 3.047 2.706 2.489 2.268 2.042 1.812 1.577 1.453 1.443 1.435 1.430 1.426 1.424
4.907 4.989 5.073 5.162 5.264 5.445 5.617 5.779 5.931 6.074 6.223 6.505 6.784 7.059 7.331 7.599 7.879 8.294 8.712 9.132 9.550 9.967 10.362 10.611 10.858 11.105 11.351 11.596 11.811 11.868 11.922 11.972 12.015 12.061 12.116 12.198 12.272 12.340 12.400 12.453 12.480 12.430 12.375 12.316 12.251 12.182 11.994 11.478 10.974 10.481 10.000 9.529 9.016 8.381 7.758 7.149 6.552 5.967 5.431 4.974 4.522 4.074 3.631 3.192 2.830 2.593 2.351 2.104 1.853 1.598 1.440 1.439 1.443 1.504 1.569 1.639
4.933 5.027 5.124 5.224 5.327 5.474 5.612 5.741 5.860 5.969 6.069 6.334 6.601 6.864 7.124 7.380 7.633 8.034 8.444 8.856 9.266 9.674 10.078 10.302 10.526 10.752 10.979 11.207 11.430 11.478 11.527 11.580 11.635 11.693 11.754 11.804 11.847 11.884 11.913 11.935 11.942 11.871 11.795 11.714 11.628 11.537 11.390 10.925 10.471 10.029 9.598 9.178 8.738 8.159 7.593 7.040 6.500 5.972 5.472 5.035 4.603 4.175 3.752 3.334 2.982 2.758 2.541 2.329 2.124 1.924 1.805 1.876 1.952 2.032 2.117 2.205
4.956 5.062 5.170 5.283 5.398 5.512 5.617 5.712 5.797 5.873 5.939 6.167 6.421 6.672 6.917 7.135 7.344 7.687 8.063 8.443 8.822 9.199 9.574 9.821 10.051 10.282 10.515 10.749 10.984 11.060 11.122 11.186 11.254 11.324 11.396 11.418 11.431 11.436 11.434 11.425 11.409 11.318 11.220 11.118 11.011 10.899 10.775 10.360 9.957 9.565 9.185 8.815 8.447 7.925 7.415 6.932 6.462 6.006 5.567 5.171 4.781 4.399 4.024 3.656 3.317 3.120 2.929 2.744 2.566 2.393 2.271 2.362 2.457 2.556 2.659 2.767
4.976 5.093 5.214 5.338 5.466 5.559 5.630 5.687 5.722 5.752 5.776 5.941 6.155 6.360 6.556 6.744 6.922 7.230 7.596 7.968 8.338 8.706 9.071 9.339 9.575 9.812 10.051 10.290 10.531 10.639 10.713 10.790 10.869 10.951 11.036 11.041 11.022 10.996 10.963 10.923 10.877 10.771 10.652 10.528 10.399 10.266 10.142 9.814 9.474 9.144 8.825 8.516 8.218 7.777 7.340 6.916 6.507 6.110 5.728 5.362 5.004 4.653 4.309 3.971 3.645 3.475 3.311 3.153 3.002 2.856 2.732 2.842 2.956 3.074 3.197 3.324
4.983 5.083 5.189 5.300 5.418 5.486 5.513 5.534 5.551 5.561 5.567 5.680 5.863 6.038 6.204 6.361 6.509 6.775 7.132 7.495 7.856 8.215 8.572 8.856 9.098 9.341 9.585 9.831 10.078 10.217 10.303 10.391 10.483 10.576 10.673 10.671 10.621 10.566 10.507 10.444 10.377 10.268 10.143 10.016 9.887 9.756 9.622 9.355 9.062 8.779 8.506 8.244 7.992 7.628 7.251 6.887 6.537 6.201 5.878 5.547 5.219 4.899 4.585 4.279 3.980 3.823 3.686 3.555 3.431 3.312 3.199 3.317 3.451 3.588 3.730 3.876
4.779 4.899 5.025 5.156 5.293 5.375 5.383 5.386 5.384 5.377 5.364 5.428 5.581 5.725 5.860 5.987 6.105 6.323 6.671 7.026 7.378 7.728 8.076 8.373 8.620 8.869 9.119 9.371 9.623 9.791 9.888 9.986 10.085 10.187 10.290 10.295 10.227 10.154 10.078 9.999 9.915 9.800 9.665 9.529 9.390 9.249 9.106 8.886 8.639 8.403 8.177 7.961 7.756 7.465 7.148 6.844 6.554 6.278 6.015 5.724 5.427 5.138 4.855 4.579 4.311 4.166 4.055 3.951 3.853 3.830 3.812 3.970 4.147 4.305 4.446 4.569
4.571 4.711 4.856 5.007 5.163 5.269 5.259 5.244 5.223 5.197 5.165 5.184 5.306 5.420 5.525 5.621 5.708 5.873 6.213 6.560 6.904 7.246 7.586 7.893 8.146 8.401 8.656 8.912 9.170 9.363 9.467 9.573 9.680 9.789 9.900 9.922 9.837 9.748 9.655 9.558 9.457 9.334 9.190 9.044 8.895 8.745 8.592 8.407 8.207 8.017 7.837 7.668 7.509 7.288 7.031 6.787 6.557 6.341 6.138 5.894 5.715 5.588 5.482 5.398 5.335 5.313 5.287 5.241 5.176 5.093 4.990 5.042 5.139 5.218 5.279 5.322
4.358 4.517 4.682 4.853 5.029 5.169 5.140 5.106 5.067 5.022 4.972 4.945 5.026 5.103 5.178 5.249 5.317 5.436 5.769 6.106 6.441 6.774 7.105 7.416 7.674 7.933 8.193 8.454 8.716 8.933 9.045 9.158 9.274 9.390 9.509 9.553 9.451 9.345 9.235 9.122 9.004 8.872 8.718 8.562 8.404 8.244 8.081 7.918 7.764 7.620 7.487 7.376 7.276 7.153 7.034 6.960 6.932 6.948 7.009 7.016 6.962 6.931 6.921 6.932 6.966 6.931 6.820 6.690 6.541 6.373 6.186 6.130 6.148 6.147 6.128 6.091
4.140 4.319 4.503 4.693 4.879 5.027 4.952 4.878 4.806 4.736 4.668 4.611 4.681 4.747 4.811 4.871 4.928 5.004 5.327 5.655 5.980 6.304 6.626 6.938 7.201 7.464 7.729 7.994 8.261 8.503 8.622 8.743 8.866 8.990 9.116 9.189 9.070 8.948 8.821 8.691 8.556 8.412 8.258 8.110 7.966 7.826 7.689 7.565 7.468 7.376 7.290 7.210 7.136 7.110 7.190 7.315 7.485 7.700 7.960 8.143 8.186 8.250 8.336 8.443 8.573 8.566 8.371 8.156 7.923 7.670 7.399 7.235 7.172 7.092 6.994 6.878
3.867 4.032 4.194 4.354 4.511 4.665 4.609 4.542 4.475 4.411 4.348 4.287 4.339 4.395 4.447 4.497 4.543 4.586 4.888 5.206 5.523 5.837 6.150 6.460 6.727 6.995 7.264 7.535 7.806 8.070 8.197 8.326 8.456 8.572 8.679 8.761 8.622 8.491 8.368 8.253 8.147 8.042 7.906 7.775 7.646 7.521 7.400 7.291 7.219 7.153 7.093 7.039 6.990 7.021 7.300 7.624 7.992 8.406 8.864 9.247 9.385 9.545 9.727 9.931 10.156 10.218 9.938 9.639 9.321 8.984 8.629 8.355 8.213 8.054 7.852 7.585
3.540 3.695 3.848 3.998 4.146 4.290 4.266 4.204 4.144 4.085 4.027 3.972 4.001 4.045 4.087 4.126 4.161 4.193 4.451 4.761 5.068 5.373 5.676 5.977 6.247 6.508 6.765 7.018 7.267 7.512 7.629 7.737 7.844 7.951 8.058 8.164 8.065 7.970 7.884 7.805 7.735 7.671 7.552 7.435 7.323 7.214 7.108 7.011 6.965 6.924 6.890 6.861 6.839 6.886 7.363 7.885 8.453 9.064 9.721 10.328 10.562 10.817 11.095 11.394 11.715 11.847 11.319 10.788 10.254 9.717 9.177 8.717 8.458 8.207 7.961 7.722
3.216 3.362 3.505 3.646 3.783 3.918 3.922 3.866 3.811 3.757 3.706 3.655 3.665 3.699 3.730 3.758 3.775 3.795 4.007 4.302 4.593 4.882 5.167 5.449 5.704 5.947 6.187 6.423 6.655 6.883 7.013 7.119 7.225 7.331 7.437 7.542 7.500 7.442 7.391 7.350 7.316 7.290 7.194 7.093 6.996 6.903 6.813 6.727 6.704 6.690 6.681 6.678 6.681 6.704 7.380 8.101 8.872 9.686 10.502 11.275 11.469 11.638 11.779 11.895 11.983 11.969 11.427 10.883 10.335 9.785 9.232 8.735 8.505 8.281 8.064 7.853
2.894 3.031 3.165 3.296 3.424 3.550 3.577 3.526 3.475 3.408 3.342 3.276 3.256 3.275 3.296 3.321 3.347 3.376 3.551 3.832 4.109 4.383 4.654 4.922 5.165 5.392 5.614 5.833 6.048 6.259 6.397 6.503 6.608 6.713 6.817 6.921 6.927 6.905 6.891 6.885 6.888 6.899 6.832 6.747 6.666 6.588 6.514 6.445 6.463 6.526 6.622 6.752 6.916 7.113 7.875 8.696 9.519 10.345 11.174 12.005 12.111 12.162 12.186 12.185 12.157 12.093 11.538 10.980 10.420 9.856 9.290 8.747 8.545 8.350 8.161 7.978
2.576 2.702 2.814 2.921 3.021 3.116 3.140 3.074 3.008 2.943 2.879 2.814 2.790 2.818 2.848 2.881 2.917 2.956 3.099 3.366 3.629 3.889 4.146 4.400 4.631 4.841 5.047 5.249 5.447 5.641 5.783 5.887 5.991 6.095 6.198 6.302 6.345 6.360 6.383 6.411 6.433 6.448 6.403 6.343 6.296 6.262 6.241 6.233 6.368 6.579 6.824 7.103 7.415 7.761 8.495 9.328 10.163 11.001 11.842 12.685 12.778 12.712 12.620 12.501 12.356 12.185 11.652 11.081 10.507 9.930 9.350 8.768 8.579 8.412 8.251 8.096
2.210 2.308 2.400 2.486 2.566 2.639 2.670 2.605 2.542 2.478 2.416 2.353 2.321 2.358 2.398 2.441 2.486 2.533 2.651 2.904 3.153 3.399 3.642 3.882 4.103 4.295 4.484 4.669 4.850 5.029 5.198 5.326 5.454 5.582 5.709 5.837 5.909 5.921 5.927 5.925 5.918 5.903 5.888 5.886 5.897 5.921 5.958 6.008 6.237 6.597 6.991 7.418 7.879 8.374 9.111 9.956 10.803 11.653 12.506 13.362 13.471 13.288 13.079 12.844 12.582 12.294 11.769 11.185 10.597 10.007 9.414 8.835 8.656 8.544 8.434 8.327
1.844 1.921 1.992 2.057 2.116 2.169 2.199 2.137 2.075 2.014 1.953 1.892 1.851 1.897 1.946 1.998 2.052 2.109 2.208 2.446 2.683 2.930 3.167 3.396 3.610 3.809 4.010 4.213 4.419 4.627 4.811 4.938 5.065 5.192 5.319 5.445 5.519 5.501 5.478 5.447 5.410 5.366 5.359 5.415 5.484 5.566 5.662 5.770 6.071 6.580 7.122 7.698 8.308 8.951 9.723 10.580 11.440 12.302 13.167 14.034 14.190 13.890 13.529 13.138 12.785 12.469 11.991 11.428 10.867 10.307 9.748 9.191 8.971 8.870 8.770 8.673
1.483 1.539 1.590 1.634 1.672 1.705 1.729 1.669 1.609 1.549 1.490 1.432 1.379 1.462 1.558 1.653 1.746 1.838 1.941 2.165 2.381 2.587 2.784 2.972 3.155 3.364 3.575 3.789 4.005 4.223 4.425 4.551 4.677 4.803 4.929 5.054 5.136 5.090 5.036 4.976 4.910 4.837 4.817 4.931 5.058 5.198 5.352 5.518 5.870 6.528 7.218 7.943 8.701 9.436 10.108 10.812 11.518 12.226 12.934 13.644 13.826 13.525 13.261 13.034 12.844 12.691 12.317 11.760 11.204 10.650 10.097 9.545 9.284 9.193 9.104 9.017
