DATA/SHG/CPC/2018/20180514.asc
ncols        190
nrows        64
xllcorner    -5100000.000000000000
yllcorner    4130000.000000000000
cellsize     10000.000000000000
NODATA_value  -99999.000
[rows 0 to 32 of 64, columns 0 to 75 of 190]
0.070 0.081 0.092 0.105 0.120 0.135 0.159 0.186 0.214 0.244 0.275 0.307 0.340 0.374 0.409 0.445 0.483 0.523 0.565 0.609 0.654 0.701 0.750 0.800 0.808 0.793 0.777 0.760 0.741 0.721 0.669 0.596 0.518 0.436 0.350 0.269 0.218 0.187 0.152 0.114 0.072 0.026 0.005 0.004 0.004 0.003 0.002 0.001 0.000 0.000 0.000 0.000 0.000 0.000 0.000 0.000 0.000 0.000 0.000 0.000 0.000 0.000 0.000 0.000 0.000 0.000 0.000 0.000 0.000 0.000 0.000 0.000 0.001 0.005 0.009 0.012
0.086 0.102 0.118 0.135 0.153 0.172 0.198 0.230 0.263 0.298 0.334 0.371 0.409 0.448 0.488 0.530 0.573 0.617 0.664 0.713 0.764 0.817 0.871 0.926 0.944 0.925 0.904 0.883 0.868 0.852 0.806 0.727 0.644 0.557 0.466 0.371 0.299 0.255 0.208 0.157 0.103 0.045 0.009 0.008 0.007 0.005 0.003 0.001 0.000 0.000 0.000 0.000 0.000 0.000 0.000 0.000 0.000 0.000 0.000 0.000 0.000 0.000 0.000 0.000 0.000 0.000 0.000 0.000 0.000 0.000 0.000 0.000 0.001 0.003 0.006 0.008
0.106 0.125 0.144 0.164 0.185 0.207 0.236 0.273 0.311 0.350 0.391 0.434 0.477 0.520 0.566 0.612 0.660 0.709 0.761 0.816 0.877 0.946 1.014 1.081 1.117 1.102 1.085 1.066 1.047 1.026 0.981 0.888 0.791 0.691 0.586 0.478 0.384 0.328 0.268 0.205 0.138 0.068 0.014 0.012 0.010 0.008 0.005 0.002 0.000 0.000 0.000 0.000 0.000 0.000 0.000 0.000 0.000 0.000 0.000 0.000 0.000 0.000 0.000 0.000 0.000 0.000 0.000 0.000 0.000 0.000 0.000 0.000 0.000 0.002 0.003 0.004
0.125 0.146 0.169 0.192 0.216 0.241 0.272 0.314 0.357 0.401 0.447 0.494 0.542 0.598 0.661 0.727 0.796 0.867 0.939 1.007 1.074 1.140 1.205 1.270 1.315 1.295 1.273 1.250 1.226 1.201 1.159 1.053 0.942 0.828 0.710 0.588 0.472 0.403 0.331 0.256 0.177 0.094 0.019 0.016 0.013 0.012 0.010 0.005 0.000 0.000 0.000 0.000 0.000 0.000 0.000 0.000 0.000 0.000 0.000 0.000 0.000 0.000 0.000 0.000 0.000 0.000 0.000 0.000 0.000 0.000 0.000 0.000 0.000 0.000 0.001 0.000
0.143 0.167 0.193 0.219 0.247 0.275 0.316 0.374 0.434 0.494 0.556 0.619 0.684 0.754 0.826 0.902 0.980 1.060 1.142 1.207 1.271 1.334 1.397 1.459 1.514 1.489 1.463 1.436 1.407 1.377 1.342 1.221 1.097 0.969 0.837 0.702 0.563 0.483 0.409 0.328 0.241 0.147 0.047 0.042 0.037 0.030 0.022 0.012 0.001 0.000 0.000 0.000 0.000 0.000 0.000 0.000 0.000 0.000 0.000 0.000 0.000 0.000 0.000 0.000 0.000 0.000 0.000 0.000 0.000 0.000 0.000 0.000 0.000 0.000 0.000 0.000
0.173 0.210 0.250 0.292 0.337 0.385 0.435 0.497 0.561 0.625 0.691 0.758 0.826 0.906 0.988 1.073 1.160 1.250 1.343 1.407 1.468 1.529 1.590 1.649 1.708 1.685 1.654 1.622 1.589 1.554 1.520 1.403 1.275 1.146 1.014 0.881 0.747 0.650 0.553 0.449 0.339 0.223 0.101 0.073 0.063 0.050 0.036 0.021 0.003 0.000 0.000 0.000 0.000 0.000 0.000 0.000 0.000 0.000 0.000 0.000 0.000 0.000 0.000 0.000 0.000 0.000 0.000 0.000 0.000 0.000 0.000 0.000 0.000 0.000 0.000 0.000
0.239 0.283 0.332 0.383 0.437 0.494 0.553 0.618 0.686 0.755 0.825 0.896 0.968 1.055 1.146 1.241 1.338 1.437 1.539 1.607 1.667 1.725 1.783 1.844 1.910 1.904 1.877 1.846 1.814 1.779 1.741 1.631 1.497 1.361 1.224 1.085 0.944 0.823 0.703 0.577 0.445 0.306 0.161 0.106 0.090 0.072 0.052 0.031 0.008 0.000 0.000 0.000 0.000 0.000 0.000 0.000 0.000 0.000 0.000 0.000 0.000 0.000 0.000 0.000 0.000 0.000 0.000 0.000 0.000 0.000 0.000 0.000 0.000 0.000 0.000 0.000
0.303 0.353 0.411 0.471 0.534 0.600 0.668 0.738 0.810 0.883 0.957 1.032 1.109 1.201 1.302 1.405 1.518 1.634 1.751 1.834 1.900 1.967 2.034 2.101 2.169 2.171 2.134 2.096 2.054 2.010 1.964 1.860 1.720 1.579 1.435 1.290 1.143 1.002 0.860 0.711 0.556 0.395 0.227 0.141 0.118 0.095 0.069 0.042 0.015 0.002 0.002 0.002 0.002 0.002 0.001 0.000 0.000 0.000 0.000 0.000 0.000 0.000 0.000 0.000 0.000 0.000 0.000 0.000 0.000 0.000 0.000 0.000 0.000 0.000 0.000 0.000
0.365 0.420 0.487 0.556 0.628 0.703 0.780 0.856 0.932 1.024 1.117 1.209 1.301 1.406 1.522 1.639 1.757 1.874 1.993 2.084 2.152 2.220 2.288 2.357 2.426 2.440 2.395 2.347 2.297 2.244 2.189 2.091 1.945 1.797 1.648 1.497 1.344 1.187 1.023 0.851 0.674 0.497 0.320 0.208 0.184 0.155 0.121 0.082 0.038 0.009 0.009 0.007 0.006 0.004 0.002 0.000 0.000 0.000 0.000 0.000 0.000 0.000 0.000 0.000 0.000 0.000 0.000 0.000 0.000 0.000 0.000 0.000 0.000 0.000 0.000 0.000
0.426 0.485 0.583 0.682 0.783 0.885 0.988 1.087 1.179 1.270 1.360 1.450 1.539 1.639 1.757 1.876 1.994 2.114 2.233 2.334 2.403 2.472 2.542 2.612 2.683 2.711 2.657 2.600 2.542 2.480 2.417 2.323 2.171 2.016 1.856 1.694 1.532 1.364 1.187 1.008 0.829 0.648 0.466 0.324 0.283 0.236 0.184 0.128 0.066 0.017 0.015 0.013 0.010 0.007 0.003 0.000 0.000 0.000 0.000 0.000 0.000 0.000 0.000 0.000 0.000 0.000 0.000 0.000 0.000 0.000 0.000 0.000 0.000 0.000 0.000 0.000
0.624 0.710 0.813 0.916 1.021 1.127 1.235 1.339 1.428 1.517 1.604 1.692 1.778 1.872 1.991 2.111 2.231 2.352 2.473 2.583 2.653 2.724 2.795 2.867 2.939 2.984 2.919 2.849 2.776 2.700 2.620 2.524 2.362 2.199 2.034 1.869 1.702 1.533 1.351 1.168 0.985 0.800 0.613 0.445 0.386 0.322 0.253 0.178 0.099 0.025 0.022 0.018 0.014 0.010 0.005 0.000 0.000 0.000 0.000 0.000 0.000 0.000 0.000 0.000 0.000 0.000 0.000 0.000 0.000 0.000 0.000 0.000 0.000 0.000 0.000 0.000
0.837 0.933 1.040 1.148 1.258 1.369 1.481 1.591 1.677 1.763 1.849 1.933 2.017 2.104 2.225 2.346 2.467 2.589 2.712 2.830 2.900 2.969 3.037 3.104 3.171 3.228 3.150 3.070 2.986 2.899 2.810 2.715 2.549 2.382 2.213 2.044 1.874 1.702 1.516 1.330 1.141 0.952 0.762 0.571 0.494 0.412 0.326 0.234 0.137 0.035 0.029 0.026 0.023 0.018 0.010 0.000 0.000 0.000 0.000 0.000 0.000 0.000 0.000 0.000 0.000 0.000 0.000 0.000 0.000 0.000 0.000 0.000 0.000 0.000 0.000 0.000
1.046 1.155 1.266 1.379 1.493 1.608 1.724 1.842 1.927 2.011 2.093 2.175 2.260 2.344 2.466 2.589 2.711 2.831 2.950 3.067 3.138 3.204 3.269 3.333 3.396 3.459 3.384 3.293 3.199 3.102 3.002 2.900 2.737 2.566 2.394 2.220 2.046 1.871 1.683 1.492 1.299 1.106 0.911 0.716 0.611 0.517 0.418 0.315 0.206 0.093 0.070 0.061 0.050 0.037 0.021 0.003 0.000 0.000 0.000 0.000 0.000 0.000 0.000 0.000 0.000 0.000 0.000 0.000 0.000 0.000 0.000 0.000 0.000 0.000 0.000 0.000
1.251 1.373 1.490 1.607 1.726 1.857 1.983 2.103 2.194 2.279 2.364 2.447 2.530 2.612 2.724 2.842 2.959 3.075 3.189 3.301 3.376 3.439 3.501 3.562 3.622 3.682 3.620 3.519 3.415 3.308 3.198 3.085 2.926 2.751 2.575 2.398 2.220 2.051 1.871 1.684 1.493 1.299 1.102 0.901 0.768 0.657 0.541 0.420 0.294 0.164 0.114 0.097 0.078 0.057 0.034 0.008 0.000 0.000 0.000 0.000 0.000 0.000 0.000 0.000 0.000 0.000 0.000 0.000 0.000 0.000 0.000 0.000 0.000 0.000 0.000 0.000
1.546 1.700 1.836 1.959 2.076 2.186 2.290 2.388 2.475 2.558 2.639 2.721 2.801 2.881 2.983 3.096 3.208 3.319 3.429 3.537 3.614 3.674 3.733 3.792 3.849 3.905 3.859 3.747 3.633 3.516 3.405 3.298 3.157 2.990 2.823 2.653 2.482 2.309 2.122 1.923 1.720 1.514 1.305 1.092 0.929 0.801 0.668 0.530 0.387 0.239 0.161 0.136 0.109 0.080 0.049 0.016 0.000 0.000 0.000 0.000 0.000 0.000 0.000 0.000 0.000 0.000 0.000 0.000 0.000 0.000 0.000 0.000 0.000 0.000 0.000 0.000
1.966 2.113 2.238 2.339 2.434 2.522 2.604 2.680 2.756 2.836 2.916 2.994 3.072 3.149 3.242 3.351 3.459 3.565 3.669 3.773 3.853 3.910 3.966 4.018 4.067 4.113 4.083 3.973 3.868 3.766 3.668 3.574 3.445 3.273 3.100 2.924 2.747 2.569 2.376 2.165 1.950 1.732 1.510 1.285 1.095 0.950 0.800 0.644 0.484 0.319 0.210 0.177 0.143 0.106 0.067 0.029 0.008 0.010 0.011 0.009 0.007 0.003 0.000 0.000 0.000 0.000 0.000 0.000 0.000 0.000 0.000 0.000 0.000 0.000 0.000 0.000
2.387 2.528 2.646 2.725 2.798 2.864 2.924 2.978 3.038 3.115 3.192 3.268 3.344 3.418 3.503 3.610 3.718 3.822 3.922 4.018 4.096 4.143 4.187 4.228 4.266 4.301 4.291 4.194 4.102 4.013 3.927 3.845 3.735 3.557 3.378 3.197 3.014 2.830 2.633 2.410 2.183 1.953 1.719 1.482 1.266 1.104 0.936 0.764 0.588 0.407 0.265 0.229 0.191 0.151 0.111 0.069 0.038 0.035 0.030 0.024 0.016 0.007 0.000 0.000 0.000 0.000 0.000 0.000 0.000 0.000 0.000 0.000 0.000 0.000 0.000 0.000
2.810 2.943 3.060 3.117 3.168 3.212 3.251 3.283 3.327 3.414 3.499 3.582 3.663 3.742 3.824 3.921 4.015 4.105 4.190 4.272 4.342 4.378 4.412 4.442 4.469 4.493 4.495 4.411 4.331 4.255 4.182 4.113 4.027 3.843 3.658 3.471 3.282 3.092 2.893 2.658 2.424 2.191 1.948 1.697 1.450 1.272 1.088 0.900 0.706 0.507 0.328 0.287 0.245 0.201 0.156 0.110 0.069 0.061 0.051 0.040 0.027 0.013 0.000 0.000 0.000 0.000 0.000 0.000 0.000 0.000 0.000 0.000 0.000 0.002 0.003 0.004
3.234 3.356 3.464 3.500 3.538 3.577 3.617 3.659 3.704 3.784 3.861 3.937 4.011 4.083 4.153 4.237 4.316 4.391 4.462 4.529 4.591 4.616 4.639 4.658 4.674 4.688 4.695 4.624 4.557 4.493 4.433 4.376 4.319 4.137 3.962 3.787 3.612 3.438 3.262 3.014 2.758 2.493 2.218 1.935 1.644 1.448 1.246 1.040 0.828 0.612 0.393 0.347 0.300 0.252 0.203 0.153 0.101 0.088 0.073 0.057 0.039 0.020 0.000 0.000 0.000 0.001 0.004 0.006 0.008 0.010 0.012 0.013 0.013 0.013 0.013 0.012
3.634 3.728 3.814 3.859 3.901 3.945 3.990 4.037 4.085 4.155 4.226 4.294 4.361 4.425 4.488 4.556 4.621 4.682 4.738 4.791 4.839 4.857 4.869 4.877 4.883 4.885 4.892 4.852 4.809 4.772 4.738 4.709 4.685 4.527 4.353 4.178 4.004 3.830 3.657 3.390 3.101 2.804 2.497 2.182 1.857 1.628 1.409 1.185 0.956 0.722 0.482 0.408 0.357 0.304 0.251 0.196 0.140 0.116 0.098 0.079 0.060 0.041 0.021 0.020 0.022 0.024 0.026 0.026 0.027 0.027 0.027 0.027 0.026 0.025 0.024 0.021
4.042 4.109 4.167 4.215 4.263 4.311 4.361 4.413 4.465 4.528 4.591 4.653 4.712 4.770 4.825 4.879 4.930 4.976 5.018 5.059 5.108 5.134 5.146 5.154 5.160 5.162 5.161 5.137 5.110 5.088 5.070 5.056 5.047 4.916 4.743 4.569 4.396 4.223 4.050 3.774 3.453 3.124 2.785 2.438 2.081 1.814 1.577 1.335 1.088 0.836 0.579 0.476 0.427 0.375 0.318 0.256 0.190 0.157 0.137 0.117 0.096 0.075 0.053 0.047 0.048 0.048 0.048 0.047 0.046 0.045 0.043 0.042 0.040 0.038 0.035 0.031
4.458 4.497 4.529 4.570 4.622 4.675 4.730 4.786 4.844 4.902 4.959 5.013 5.026 5.045 5.070 5.104 5.148 5.203 5.267 5.341 5.425 5.463 5.463 5.461 5.455 5.445 5.433 5.418 5.406 5.399 5.397 5.398 5.405 5.305 5.132 4.959 4.786 4.614 4.442 4.167 3.814 3.453 3.082 2.702 2.322 2.026 1.783 1.535 1.281 1.022 0.757 0.612 0.548 0.479 0.406 0.329 0.247 0.200 0.178 0.156 0.133 0.109 0.085 0.075 0.074 0.072 0.070 0.068 0.065 0.062 0.060 0.057 0.054 0.050 0.046 0.041
4.881 4.893 4.898 4.922 4.972 4.986 4.996 5.002 5.004 5.011 5.033 5.061 5.095 5.134 5.180 5.240 5.319 5.407 5.505 5.613 5.731 5.795 5.784 5.770 5.752 5.732 5.707 5.693 5.697 5.706 5.718 5.736 5.757 5.693 5.520 5.348 5.176 5.021 4.859 4.598 4.226 3.846 3.457 3.060 2.655 2.313 2.051 1.783 1.509 1.230 0.944 0.752 0.672 0.588 0.499 0.406 0.308 0.243 0.219 0.194 0.170 0.144 0.118 0.102 0.100 0.097 0.093 0.089 0.085 0.081 0.080 0.079 0.078 0.077 0.076 0.073
5.213 5.157 5.088 5.034 5.038 5.037 5.033 5.025 5.012 5.012 5.055 5.103 5.158 5.218 5.284 5.365 5.478 5.600 5.733 5.874 6.026 6.131 6.108 6.082 6.053 6.021 5.985 5.964 5.983 6.007 6.086 6.168 6.251 6.264 6.107 5.938 5.757 5.563 5.357 5.084 4.683 4.274 3.856 3.430 2.996 2.606 2.323 2.036 1.742 1.443 1.138 0.897 0.801 0.701 0.597 0.488 0.374 0.286 0.260 0.234 0.207 0.179 0.150 0.127 0.123 0.119 0.116 0.115 0.114 0.114 0.114 0.113 0.112 0.112 0.111 0.109
5.445 5.343 5.228 5.119 5.108 5.094 5.075 5.052 5.025 5.007 5.070 5.139 5.214 5.295 5.381 5.480 5.627 5.783 5.949 6.125 6.310 6.469 6.434 6.405 6.400 6.418 6.460 6.526 6.609 6.693 6.778 6.864 6.951 6.993 6.793 6.580 6.355 6.117 5.867 5.578 5.148 4.710 4.263 3.808 3.345 2.904 2.602 2.294 1.980 1.661 1.336 1.046 0.935 0.819 0.698 0.571 0.439 0.323 0.292 0.261 0.230 0.198 0.166 0.139 0.138 0.138 0.139 0.141 0.144 0.147 0.147 0.147 0.147 0.147 0.147 0.145
5.691 5.543 5.383 5.210 5.183 5.154 5.121 5.083 5.042 4.996 5.079 5.169 5.264 5.365 5.472 5.580 5.742 5.912 6.090 6.277 6.472 6.673 6.703 6.757 6.834 6.934 7.058 7.205 7.292 7.379 7.468 7.558 7.649 7.734 7.490 7.233 6.965 6.683 6.390 6.080 5.621 5.153 4.677 4.193 3.701 3.207 2.885 2.557 2.217 1.870 1.520 1.174 1.043 0.909 0.772 0.632 0.488 0.347 0.315 0.283 0.250 0.216 0.182 0.150 0.152 0.156 0.160 0.166 0.173 0.180 0.180 0.180 0.181 0.181 0.182 0.182
5.951 5.758 5.552 5.333 5.262 5.219 5.171 5.119 5.060 4.994 5.062 5.157 5.254 5.353 5.455 5.558 5.737 5.936 6.144 6.360 6.584 6.816 6.947 7.083 7.242 7.425 7.632 7.862 7.972 8.063 8.156 8.249 8.344 8.440 8.199 7.899 7.586 7.262 6.924 6.575 6.101 5.578 5.053 4.528 4.003 3.478 3.110 2.757 2.400 2.039 1.674 1.305 1.140 0.995 0.847 0.696 0.541 0.384 0.338 0.304 0.270 0.234 0.199 0.163 0.165 0.173 0.181 0.190 0.200 0.212 0.213 0.214 0.215 0.220 0.235 0.251
6.225 5.985 5.726 5.449 5.315 5.250 5.181 5.109 5.034 4.955 5.001 5.103 5.208 5.315 5.424 5.535 5.724 5.952 6.188 6.433 6.686 6.948 7.166 7.384 7.625 7.891 8.179 8.492 8.650 8.745 8.842 8.939 9.037 9.133 8.838 8.431 8.029 7.630 7.234 6.843 6.352 5.827 5.303 4.778 4.254 3.730 3.326 2.959 2.588 2.212 1.833 1.449 1.240 1.084 0.925 0.762 0.597 0.428 0.362 0.326 0.290 0.253 0.216 0.178 0.178 0.188 0.203 0.222 0.245 0.271 0.288 0.303 0.321 0.339 0.360 0.383
6.520 6.214 5.890 5.547 5.340 5.263 5.183 5.099 5.012 4.921 4.937 5.047 5.159 5.274 5.390 5.509 5.701 5.959 6.224 6.498 6.780 7.071 7.359 7.659 7.983 8.331 8.692 9.013 9.156 9.172 9.188 9.202 9.214 9.226 8.997 8.603 8.213 7.827 7.444 7.065 6.600 6.076 5.552 5.028 4.505 3.981 3.547 3.165 2.779 2.389 1.995 1.597 1.343 1.176 1.006 0.832 0.656 0.476 0.386 0.351 0.315 0.279 0.242 0.203 0.203 0.228 0.255 0.287 0.321 0.360 0.387 0.408 0.432 0.457 0.484 0.513
6.835 6.463 6.074 5.665 5.369 5.280 5.188 5.092 4.993 4.890 4.871 4.989 5.109 5.231 5.354 5.480 5.670 5.956 6.251 6.567 6.908 7.238 7.563 7.887 8.204 8.512 8.812 9.103 9.271 9.283 9.294 9.304 9.312 9.320 9.153 8.772 8.394 8.021 7.650 7.284 6.847 6.324 5.801 5.278 4.755 4.232 3.771 3.374 2.974 2.570 2.161 1.749 1.459 1.293 1.119 0.938 0.750 0.555 0.435 0.397 0.358 0.318 0.276 0.233 0.229 0.265 0.305 0.348 0.394 0.444 0.483 0.511 0.541 0.572 0.606 0.641
7.170 6.733 6.278 5.804 5.402 5.301 5.197 5.089 4.978 4.863 4.804 4.929 5.103 5.324 5.533 5.728 5.953 6.288 6.612 6.926 7.228 7.520 7.807 8.102 8.390 8.669 8.940 9.202 9.388 9.395 9.402 9.407 9.411 9.414 9.305 8.936 8.571 8.210 7.853 7.499 7.094 6.571 6.049 5.526 5.004 4.503 4.042 3.651 3.254 2.849 2.438 2.019 1.677 1.485 1.286 1.080 0.867 0.647 0.487 0.445 0.402 0.357 0.311 0.265 0.252 0.300 0.351 0.406 0.464 0.526 0.578 0.612 0.648 0.686 0.725 0.767
7.525 7.023 6.503 5.963 5.439 5.374 5.351 5.339 5.341 5.356 5.399 5.601 5.790 5.966 6.130 6.281 6.437 6.734 7.020 7.295 7.559 7.812 8.059 8.326 8.584 8.834 9.076 9.310 9.505 9.509 9.511 9.512 9.512 9.510 9.452 9.097 8.745 8.396 8.083 7.770 7.423 6.927 6.430 5.931 5.431 4.930 4.446 4.031 3.609 3.180 2.744 2.302 1.901 1.684 1.461 1.230 0.991 0.746 0.540 0.494 0.446 0.398 0.348 0.297 0.271 0.331 0.394 0.461 0.530 0.604 0.679 0.753 0.824 0.894 0.961 1.027
8.076 7.579 7.066 6.539 5.996 5.960 5.981 6.015 6.061 6.121 6.193 6.345 6.489 6.621 6.740 6.846 6.940 7.191 7.439 7.676 7.902 8.117 8.321 8.557 8.787 9.008 9.221 9.426 9.622 9.623 9.625 9.697 9.750 9.783 9.795 9.483 9.168 8.850 8.529 8.205 7.872 7.372 6.870 6.367 5.863 5.359 4.856 4.417 3.970 3.517 3.057 2.590 2.132 1.890 1.642 1.386 1.122 0.852 0.594 0.544 0.492 0.439 0.386 0.347 0.352 0.468 0.582 0.695 0.808 0.919 1.024 1.091 1.155 1.217 1.277 1.335
