DATA/SHG/CPC/2018/20180520.asc
ncols        190
nrows        64
xllcorner    -5100000.000000000000
yllcorner    4130000.000000000000
cellsize     10000.000000000000
NODATA_value  -99999.000
[rows 0 to 33 of 64, columns 0 to 76 of 190]
0.088 0.084 0.080 0.080 0.084 0.087 0.090 0.093 0.095 0.096 0.098 0.098 0.094 0.088 0.082 0.076 0.070 0.065 0.059 0.054 0.050 0.047 0.046 0.046 0.043 0.040 0.036 0.033 0.031 0.029 0.026 0.022 0.017 0.013 0.008 0.003 0.002 0.002 0.002 0.002 0.001 0.001 0.000 0.000 0.000 0.000 0.000 0.000 0.000 0.000 0.000 0.000 0.000 0.000 0.000 0.000 0.000 0.000 0.000 0.000 0.000 0.000 0.000 0.000 0.000 0.000 0.000 0.000 0.000 0.000 0.000 0.000 0.000 0.000 0.000 0.000 0.000
0.051 0.055 0.058 0.061 0.063 0.065 0.066 0.067 0.068 0.068 0.068 0.067 0.063 0.058 0.052 0.047 0.042 0.037 0.034 0.034 0.034 0.036 0.039 0.043 0.044 0.041 0.039 0.038 0.038 0.038 0.036 0.032 0.027 0.022 0.017 0.012 0.008 0.008 0.007 0.005 0.003 0.001 0.000 0.000 0.000 0.000 0.000 0.000 0.000 0.000 0.000 0.000 0.000 0.000 0.000 0.000 0.000 0.000 0.000 0.000 0.000 0.000 0.000 0.000 0.000 0.000 0.000 0.000 0.000 0.000 0.000 0.000 0.000 0.000 0.000 0.000 0.000
0.037 0.039 0.040 0.042 0.043 0.043 0.043 0.042 0.041 0.040 0.038 0.036 0.033 0.028 0.023 0.019 0.014 0.010 0.009 0.012 0.018 0.027 0.037 0.046 0.051 0.051 0.051 0.051 0.051 0.051 0.050 0.044 0.039 0.033 0.027 0.020 0.015 0.013 0.011 0.009 0.006 0.003 0.000 0.000 0.000 0.000 0.000 0.000 0.000 0.000 0.000 0.000 0.000 0.000 0.000 0.000 0.000 0.000 0.000 0.000 0.000 0.000 0.000 0.000 0.000 0.000 0.000 0.000 0.000 0.000 0.000 0.000 0.000 0.000 0.000 0.000 0.000
0.023 0.023 0.024 0.023 0.023 0.021 0.020 0.018 0.016 0.013 0.010 0.006 0.002 0.000 0.001 0.002 0.004 0.006 0.010 0.019 0.029 0.038 0.047 0.057 0.064 0.064 0.064 0.064 0.064 0.065 0.064 0.057 0.051 0.044 0.037 0.030 0.023 0.020 0.016 0.012 0.008 0.004 0.000 0.000 0.000 0.000 0.000 0.000 0.000 0.000 0.000 0.000 0.000 0.000 0.000 0.000 0.000 0.000 0.000 0.000 0.000 0.000 0.000 0.000 0.000 0.000 0.000 0.000 0.000 0.000 0.000 0.000 0.000 0.000 0.000 0.000 0.000
0.009 0.008 0.007 0.005 0.003 0.001 0.000 0.000 0.000 0.000 0.000 0.000 0.000 0.002 0.005 0.008 0.011 0.015 0.020 0.029 0.039 0.048 0.058 0.068 0.077 0.077 0.077 0.077 0.078 0.078 0.078 0.071 0.063 0.055 0.047 0.039 0.030 0.026 0.023 0.018 0.013 0.007 0.000 0.000 0.000 0.000 0.000 0.000 0.000 0.000 0.000 0.000 0.000 0.000 0.000 0.000 0.000 0.000 0.000 0.000 0.000 0.000 0.000 0.000 0.000 0.000 0.000 0.000 0.000 0.000 0.000 0.000 0.000 0.000 0.000 0.000 0.000
0.000 0.000 0.000 0.000 0.000 0.000 0.000 0.000 0.000 0.000 0.000 0.000 0.000 0.004 0.008 0.012 0.018 0.023 0.029 0.039 0.049 0.058 0.068 0.078 0.089 0.090 0.090 0.090 0.091 0.091 0.092 0.086 0.078 0.071 0.064 0.056 0.049 0.043 0.036 0.029 0.021 0.012 0.002 0.000 0.000 0.000 0.000 0.000 0.000 0.000 0.000 0.000 0.000 0.000 0.000 0.000 0.000 0.000 0.000 0.000 0.000 0.000 0.000 0.000 0.000 0.000 0.000 0.000 0.000 0.000 0.000 0.000 0.000 0.000 0.000 0.000 0.000
0.000 0.000 0.000 0.000 0.000 0.000 0.000 0.000 0.000 0.000 0.000 0.000 0.000 0.005 0.010 0.017 0.024 0.031 0.039 0.048 0.058 0.069 0.079 0.089 0.100 0.104 0.105 0.106 0.108 0.110 0.112 0.106 0.099 0.091 0.084 0.076 0.069 0.060 0.051 0.040 0.029 0.017 0.004 0.000 0.000 0.000 0.000 0.000 0.000 0.000 0.000 0.000 0.000 0.000 0.000 0.000 0.000 0.000 0.000 0.000 0.000 0.000 0.000 0.000 0.000 0.000 0.000 0.000 0.000 0.000 0.000 0.000 0.000 0.000 0.000 0.000 0.000
0.000 0.000 0.000 0.000 0.000 0.000 0.000 0.000 0.000 0.000 0.000 0.000 0.000 0.005 0.013 0.021 0.029 0.039 0.048 0.059 0.070 0.081 0.092 0.104 0.115 0.120 0.122 0.124 0.126 0.129 0.131 0.127 0.120 0.112 0.104 0.097 0.089 0.079 0.066 0.053 0.038 0.023 0.007 0.000 0.000 0.000 0.000 0.000 0.000 0.000 0.000 0.000 0.000 0.000 0.000 0.000 0.000 0.000 0.000 0.000 0.000 0.000 0.000 0.000 0.000 0.000 0.000 0.000 0.000 0.000 0.000 0.000 0.000 0.000 0.000 0.000 0.000
0.000 0.000 0.000 0.000 0.000 0.000 0.000 0.000 0.000 0.000 0.000 0.000 0.000 0.005 0.015 0.025 0.036 0.047 0.059 0.071 0.082 0.094 0.106 0.118 0.130 0.137 0.139 0.142 0.144 0.147 0.150 0.148 0.140 0.133 0.125 0.117 0.109 0.098 0.082 0.066 0.048 0.032 0.016 0.007 0.007 0.007 0.006 0.004 0.002 0.000 0.000 0.000 0.000 0.000 0.000 0.000 0.000 0.000 0.000 0.000 0.000 0.000 0.000 0.000 0.000 0.000 0.000 0.000 0.000 0.000 0.000 0.000 0.000 0.000 0.000 0.000 0.000
0.000 0.000 0.000 0.000 0.000 0.000 0.000 0.000 0.000 0.000 0.000 0.000 0.000 0.004 0.016 0.028 0.041 0.055 0.069 0.082 0.094 0.106 0.119 0.131 0.144 0.153 0.156 0.159 0.162 0.166 0.169 0.169 0.161 0.153 0.145 0.136 0.128 0.117 0.100 0.084 0.068 0.051 0.035 0.023 0.021 0.018 0.014 0.010 0.004 0.000 0.000 0.000 0.000 0.000 0.000 0.000 0.000 0.000 0.000 0.000 0.000 0.000 0.000 0.000 0.000 0.000 0.000 0.000 0.000 0.000 0.000 0.000 0.000 0.000 0.000 0.000 0.000
0.000 0.000 0.000 0.000 0.000 0.000 0.000 0.000 0.000 0.000 0.000 0.000 0.000 0.003 0.017 0.031 0.046 0.062 0.078 0.093 0.106 0.119 0.132 0.145 0.158 0.170 0.173 0.177 0.180 0.184 0.187 0.189 0.180 0.171 0.163 0.154 0.145 0.135 0.119 0.102 0.086 0.071 0.055 0.041 0.036 0.030 0.023 0.016 0.008 0.000 0.000 0.000 0.000 0.000 0.000 0.000 0.000 0.000 0.000 0.000 0.000 0.000 0.000 0.000 0.000 0.000 0.000 0.000 0.000 0.000 0.000 0.000 0.000 0.000 0.000 0.000 0.000
0.000 0.000 0.000 0.000 0.000 0.000 0.000 0.000 0.000 0.000 0.000 0.000 0.000 0.001 0.017 0.034 0.050 0.068 0.086 0.104 0.118 0.131 0.145 0.159 0.173 0.186 0.190 0.193 0.197 0.201 0.204 0.208 0.199 0.190 0.181 0.171 0.162 0.153 0.137 0.121 0.105 0.090 0.074 0.059 0.051 0.042 0.033 0.023 0.012 0.000 0.000 0.000 0.000 0.000 0.000 0.000 0.000 0.000 0.000 0.000 0.000 0.000 0.000 0.000 0.000 0.000 0.000 0.000 0.000 0.000 0.000 0.000 0.000 0.000 0.000 0.000 0.000
0.000 0.000 0.000 0.000 0.000 0.000 0.000 0.000 0.000 0.000 0.000 0.000 0.001 0.002 0.020 0.039 0.058 0.077 0.096 0.116 0.130 0.144 0.158 0.172 0.187 0.201 0.206 0.210 0.214 0.217 0.221 0.225 0.217 0.208 0.199 0.189 0.180 0.170 0.155 0.140 0.124 0.109 0.093 0.078 0.067 0.055 0.042 0.030 0.016 0.002 0.000 0.000 0.000 0.000 0.000 0.000 0.000 0.000 0.000 0.000 0.000 0.000 0.000 0.000 0.000 0.000 0.000 0.000 0.000 0.000 0.000 0.000 0.000 0.000 0.000 0.000 0.000
0.000 0.000 0.000 0.000 0.000 0.000 0.000 0.000 0.001 0.002 0.004 0.006 0.009 0.012 0.028 0.048 0.067 0.087 0.106 0.126 0.142 0.156 0.171 0.186 0.201 0.216 0.222 0.226 0.230 0.234 0.238 0.242 0.236 0.227 0.217 0.207 0.197 0.188 0.174 0.159 0.143 0.126 0.110 0.093 0.078 0.065 0.051 0.036 0.021 0.005 0.000 0.000 0.000 0.000 0.000 0.000 0.000 0.000 0.000 0.000 0.000 0.000 0.000 0.000 0.000 0.000 0.000 0.000 0.000 0.000 0.000 0.000 0.000 0.000 0.000 0.000 0.000
0.000 0.000 0.000 0.000 0.000 0.000 0.000 0.000 0.002 0.005 0.008 0.012 0.017 0.021 0.036 0.056 0.076 0.096 0.116 0.137 0.154 0.169 0.184 0.199 0.215 0.230 0.239 0.243 0.247 0.251 0.256 0.261 0.257 0.248 0.238 0.229 0.219 0.209 0.196 0.179 0.162 0.144 0.126 0.107 0.091 0.075 0.059 0.043 0.025 0.008 0.000 0.000 0.000 0.000 0.000 0.000 0.000 0.000 0.000 0.000 0.000 0.000 0.000 0.000 0.000 0.000 0.000 0.000 0.000 0.000 0.000 0.000 0.000 0.000 0.000 0.000 0.000
0.000 0.000 0.000 0.000 0.000 0.000 0.000 0.000 0.002 0.007 0.012 0.018 0.024 0.030 0.044 0.064 0.085 0.105 0.126 0.147 0.165 0.181 0.197 0.213 0.229 0.245 0.256 0.261 0.266 0.271 0.276 0.282 0.280 0.271 0.261 0.251 0.241 0.231 0.218 0.199 0.181 0.162 0.142 0.122 0.104 0.086 0.068 0.050 0.031 0.011 0.000 0.000 0.000 0.000 0.000 0.000 0.000 0.000 0.000 0.000 0.000 0.000 0.000 0.000 0.000 0.000 0.000 0.000 0.000 0.000 0.000 0.000 0.000 0.000 0.000 0.000 0.000
0.000 0.000 0.000 0.000 0.000 0.000 0.000 0.000 0.002 0.008 0.015 0.023 0.030 0.038 0.051 0.073 0.094 0.116 0.138 0.159 0.179 0.195 0.212 0.228 0.245 0.261 0.274 0.280 0.285 0.291 0.297 0.303 0.304 0.294 0.284 0.274 0.263 0.253 0.240 0.220 0.200 0.180 0.159 0.138 0.117 0.098 0.078 0.058 0.037 0.015 0.000 0.000 0.000 0.000 0.000 0.000 0.000 0.000 0.000 0.000 0.000 0.000 0.000 0.000 0.000 0.000 0.000 0.000 0.000 0.000 0.000 0.000 0.000 0.000 0.000 0.000 0.000
0.000 0.000 0.000 0.000 0.000 0.000 0.000 0.000 0.002 0.012 0.021 0.031 0.042 0.053 0.066 0.088 0.109 0.131 0.152 0.173 0.193 0.209 0.226 0.243 0.260 0.277 0.292 0.298 0.304 0.310 0.317 0.323 0.327 0.317 0.306 0.296 0.286 0.275 0.263 0.242 0.220 0.199 0.176 0.153 0.129 0.108 0.086 0.064 0.042 0.020 0.000 0.000 0.000 0.000 0.000 0.000 0.000 0.000 0.000 0.000 0.000 0.000 0.000 0.000 0.000 0.000 0.000 0.000 0.000 0.000 0.000 0.000 0.000 0.000 0.000 0.000 0.000
0.000 0.000 0.000 0.001 0.002 0.003 0.005 0.007 0.011 0.021 0.033 0.044 0.057 0.069 0.082 0.104 0.124 0.145 0.166 0.186 0.207 0.224 0.241 0.258 0.275 0.293 0.310 0.316 0.323 0.330 0.337 0.344 0.350 0.341 0.332 0.323 0.313 0.302 0.291 0.268 0.244 0.220 0.194 0.167 0.140 0.118 0.095 0.072 0.048 0.024 0.000 0.000 0.000 0.000 0.000 0.000 0.000 0.000 0.000 0.000 0.000 0.000 0.000 0.000 0.000 0.000 0.000 0.000 0.000 0.000 0.000 0.000 0.000 0.000 0.000 0.000 0.000
0.000 0.000 0.000 0.002 0.005 0.008 0.011 0.015 0.019 0.031 0.044 0.057 0.071 0.085 0.099 0.119 0.140 0.160 0.180 0.200 0.220 0.238 0.255 0.273 0.291 0.309 0.328 0.338 0.347 0.356 0.366 0.376 0.387 0.379 0.369 0.357 0.346 0.334 0.321 0.296 0.269 0.241 0.213 0.183 0.152 0.128 0.104 0.079 0.054 0.029 0.003 0.000 0.000 0.000 0.000 0.000 0.000 0.000 0.000 0.000 0.000 0.000 0.000 0.000 0.000 0.000 0.000 0.000 0.000 0.000 0.000 0.000 0.000 0.000 0.000 0.000 0.000
0.000 0.000 0.000 0.003 0.007 0.011 0.016 0.022 0.028 0.040 0.054 0.069 0.084 0.100 0.116 0.135 0.155 0.175 0.195 0.215 0.236 0.256 0.275 0.295 0.315 0.335 0.355 0.368 0.378 0.389 0.400 0.412 0.424 0.418 0.406 0.393 0.379 0.365 0.350 0.325 0.295 0.264 0.232 0.199 0.166 0.138 0.113 0.087 0.061 0.034 0.007 0.000 0.001 0.001 0.001 0.001 0.000 0.000 0.000 0.000 0.000 0.000 0.000 0.000 0.000 0.000 0.000 0.000 0.000 0.000 0.000 0.000 0.000 0.000 0.000 0.000 0.000
0.000 0.000 0.000 0.003 0.009 0.015 0.021 0.028 0.036 0.048 0.064 0.080 0.096 0.112 0.128 0.147 0.168 0.189 0.212 0.235 0.258 0.280 0.300 0.321 0.341 0.362 0.382 0.398 0.409 0.422 0.434 0.447 0.460 0.457 0.443 0.428 0.413 0.397 0.381 0.355 0.321 0.287 0.252 0.216 0.180 0.150 0.123 0.097 0.070 0.044 0.016 0.005 0.005 0.004 0.003 0.002 0.001 0.000 0.000 0.000 0.000 0.000 0.000 0.000 0.000 0.000 0.000 0.000 0.000 0.000 0.000 0.000 0.000 0.000 0.000 0.000 0.000
0.000 0.000 0.000 0.003 0.010 0.017 0.025 0.033 0.041 0.053 0.069 0.085 0.102 0.119 0.136 0.155 0.179 0.203 0.228 0.254 0.280 0.304 0.325 0.346 0.367 0.388 0.410 0.427 0.440 0.454 0.467 0.482 0.496 0.497 0.481 0.464 0.447 0.431 0.413 0.386 0.350 0.314 0.276 0.237 0.198 0.164 0.137 0.110 0.082 0.054 0.026 0.010 0.009 0.008 0.006 0.004 0.001 0.000 0.000 0.000 0.000 0.000 0.000 0.000 0.000 0.000 0.000 0.000 0.000 0.000 0.000 0.000 0.000 0.000 0.000 0.000 0.000
0.000 0.000 0.000 0.002 0.010 0.018 0.027 0.035 0.044 0.056 0.073 0.090 0.107 0.125 0.143 0.163 0.189 0.216 0.243 0.272 0.301 0.328 0.349 0.371 0.392 0.414 0.436 0.456 0.470 0.485 0.505 0.524 0.544 0.552 0.535 0.516 0.496 0.474 0.450 0.421 0.382 0.342 0.301 0.259 0.217 0.178 0.150 0.122 0.094 0.065 0.036 0.016 0.014 0.011 0.008 0.006 0.002 0.000 0.000 0.000 0.000 0.000 0.000 0.000 0.000 0.000 0.000 0.000 0.000 0.000 0.000 0.000 0.000 0.000 0.000 0.000 0.000
0.000 0.000 0.000 0.001 0.010 0.019 0.028 0.038 0.047 0.058 0.076 0.094 0.112 0.131 0.149 0.170 0.198 0.228 0.258 0.289 0.321 0.351 0.374 0.398 0.424 0.452 0.482 0.511 0.531 0.550 0.569 0.589 0.608 0.620 0.597 0.572 0.546 0.518 0.489 0.456 0.414 0.371 0.327 0.282 0.236 0.193 0.164 0.135 0.106 0.076 0.047 0.021 0.018 0.015 0.011 0.008 0.003 0.000 0.000 0.000 0.000 0.000 0.000 0.000 0.000 0.000 0.000 0.000 0.000 0.000 0.000 0.000 0.000 0.000 0.000 0.000 0.000
0.000 0.000 0.000 0.000 0.009 0.019 0.029 0.040 0.050 0.061 0.079 0.098 0.117 0.136 0.156 0.176 0.207 0.239 0.272 0.305 0.340 0.375 0.404 0.434 0.467 0.502 0.539 0.577 0.596 0.615 0.634 0.653 0.672 0.689 0.661 0.630 0.598 0.565 0.530 0.493 0.447 0.401 0.354 0.306 0.257 0.208 0.178 0.148 0.117 0.086 0.055 0.026 0.022 0.018 0.013 0.009 0.004 0.000 0.000 0.000 0.000 0.000 0.000 0.000 0.000 0.000 0.000 0.000 0.000 0.000 0.000 0.000 0.000 0.000 0.000 0.000 0.000
0.000 0.000 0.000 0.000 0.009 0.019 0.030 0.041 0.053 0.064 0.081 0.101 0.120 0.140 0.161 0.182 0.214 0.248 0.284 0.320 0.357 0.395 0.432 0.469 0.509 0.550 0.594 0.639 0.662 0.680 0.699 0.717 0.736 0.754 0.726 0.690 0.652 0.613 0.572 0.529 0.481 0.429 0.376 0.323 0.270 0.217 0.183 0.153 0.122 0.092 0.061 0.031 0.024 0.020 0.015 0.010 0.005 0.000 0.000 0.000 0.000 0.000 0.000 0.000 0.000 0.000 0.000 0.000 0.000 0.000 0.000 0.000 0.000 0.001 0.003 0.005 0.008
0.000 0.000 0.000 0.000 0.007 0.018 0.030 0.041 0.052 0.063 0.080 0.101 0.122 0.143 0.165 0.187 0.220 0.257 0.296 0.335 0.374 0.415 0.457 0.502 0.548 0.597 0.647 0.699 0.727 0.746 0.764 0.782 0.800 0.817 0.784 0.736 0.687 0.638 0.589 0.539 0.487 0.434 0.381 0.328 0.275 0.223 0.187 0.156 0.127 0.097 0.067 0.038 0.027 0.022 0.017 0.012 0.007 0.001 0.000 0.000 0.000 0.000 0.000 0.000 0.000 0.000 0.000 0.000 0.000 0.000 0.001 0.004 0.007 0.010 0.015 0.020 0.024
0.000 0.000 0.000 0.000 0.006 0.017 0.028 0.039 0.051 0.062 0.079 0.101 0.123 0.146 0.169 0.192 0.225 0.265 0.306 0.348 0.391 0.434 0.481 0.532 0.586 0.641 0.697 0.751 0.780 0.790 0.800 0.808 0.816 0.822 0.796 0.746 0.696 0.646 0.596 0.545 0.492 0.440 0.387 0.334 0.281 0.228 0.190 0.160 0.131 0.102 0.073 0.044 0.030 0.025 0.019 0.014 0.008 0.002 0.000 0.000 0.000 0.000 0.000 0.000 0.000 0.000 0.000 0.000 0.000 0.000 0.003 0.008 0.013 0.020 0.027 0.035 0.040
0.000 0.000 0.000 0.000 0.004 0.016 0.027 0.038 0.050 0.061 0.077 0.101 0.124 0.148 0.172 0.197 0.229 0.272 0.316 0.362 0.410 0.459 0.510 0.564 0.617 0.669 0.721 0.771 0.803 0.810 0.816 0.821 0.825 0.828 0.807 0.757 0.706 0.654 0.602 0.550 0.498 0.445 0.392 0.339 0.287 0.234 0.192 0.164 0.135 0.107 0.078 0.050 0.032 0.026 0.019 0.013 0.008 0.002 0.000 0.000 0.000 0.000 0.000 0.000 0.000 0.000 0.000 0.000 0.000 0.000 0.004 0.011 0.019 0.028 0.038 0.048 0.056
0.000 0.000 0.000 0.000 0.003 0.014 0.026 0.037 0.049 0.060 0.075 0.100 0.126 0.155 0.185 0.215 0.251 0.300 0.348 0.397 0.447 0.496 0.547 0.598 0.648 0.697 0.745 0.793 0.827 0.831 0.833 0.835 0.836 0.836 0.819 0.767 0.715 0.663 0.610 0.556 0.503 0.450 0.398 0.345 0.292 0.239 0.193 0.163 0.134 0.104 0.075 0.046 0.026 0.020 0.015 0.011 0.006 0.002 0.000 0.000 0.000 0.000 0.000 0.000 0.000 0.000 0.000 0.000 0.000 0.000 0.004 0.014 0.024 0.036 0.048 0.061 0.071
0.000 0.000 0.000 0.000 0.001 0.013 0.026 0.039 0.054 0.069 0.087 0.117 0.148 0.180 0.213 0.247 0.283 0.333 0.383 0.433 0.483 0.534 0.584 0.632 0.679 0.725 0.770 0.815 0.852 0.852 0.852 0.850 0.847 0.844 0.832 0.779 0.725 0.671 0.618 0.564 0.508 0.455 0.401 0.346 0.291 0.236 0.186 0.157 0.128 0.099 0.071 0.042 0.019 0.015 0.011 0.007 0.004 0.002 0.000 0.000 0.000 0.000 0.000 0.000 0.000 0.000 0.000 0.000 0.000 0.000 0.004 0.021 0.040 0.059 0.079 0.100 0.119
0.000 0.000 0.000 0.000 0.000 0.014 0.030 0.047 0.064 0.083 0.102 0.135 0.169 0.204 0.241 0.278 0.316 0.366 0.417 0.468 0.519 0.571 0.623 0.668 0.712 0.755 0.797 0.838 0.878 0.875 0.871 0.873 0.871 0.866 0.857 0.804 0.748 0.692 0.634 0.574 0.513 0.458 0.403 0.347 0.291 0.234 0.178 0.150 0.122 0.094 0.065 0.038 0.012 0.009 0.006 0.004 0.002 0.001 0.000 0.000 0.000 0.000 0.000 0.000 0.000 0.002 0.005 0.010 0.016 0.024 0.034 0.055 0.077 0.099 0.123 0.148 0.171
0.000 0.000 0.000 0.000 0.000 0.014 0.033 0.053 0.074 0.095 0.118 0.152 0.189 0.228 0.267 0.307 0.349 0.398 0.450 0.502 0.555 0.607 0.661 0.706 0.756 0.806 0.855 0.903 0.950 0.955 0.948 0.938 0.925 0.909 0.889 0.835 0.775 0.713 0.650 0.586 0.520 0.462 0.406 0.348 0.291 0.233 0.174 0.143 0.115 0.088 0.060 0.033 0.006 0.002 0.001 0.000 0.000 0.000 0.000 0.000 0.000 0.000 0.000 0.000 0.000 0.007 0.015 0.025 0.036 0.049 0.064 0.088 0.113 0.139 0.166 0.194 0.223
