DATA/SHG/CPC/2018/20180303.asc
ncols        190
nrows        64
xllcorner    -5100000.000000000000
yllcorner    4130000.000000000000
cellsize     10000.000000000000
NODATA_value  -99999.000
[rows 0 to 33 of 64, columns 75 to 149 of 190]
0.000 0.000 0.000 0.000 0.000 0.000 0.000 0.000 0.000 0.000 0.000 0.000 0.000 0.000 0.000 0.000 0.000 0.000 0.000 0.000 0.000 0.000 0.000 0.000 0.000 0.000 0.000 0.000 0.000 0.000 0.000 0.000 0.000 0.001 0.005 0.008 0.011 0.014 0.017 0.021 0.029 0.037 0.045 0.053 0.062 0.073 0.093 0.113 0.132 0.152 0.171 0.193 0.219 0.244 0.270 0.295 0.320 0.343 0.362 0.382 0.401 0.421 0.440 0.456 0.466 0.475 0.484 0.494 0.503 0.514 0.529 0.544 0.559 0.574 0.589
0.000 0.000 0.000 0.000 0.000 0.000 0.000 0.000 0.000 0.000 0.000 0.000 0.000 0.000 0.000 0.000 0.000 0.000 0.000 0.000 0.000 0.000 0.000 0.000 0.000 0.000 0.000 0.000 0.000 0.000 0.000 0.000 0.000 0.000 0.003 0.005 0.007 0.009 0.011 0.013 0.021 0.030 0.038 0.046 0.055 0.065 0.084 0.104 0.123 0.142 0.161 0.181 0.206 0.230 0.255 0.278 0.301 0.323 0.342 0.360 0.377 0.395 0.412 0.427 0.437 0.446 0.456 0.466 0.476 0.486 0.501 0.516 0.530 0.544 0.559
0.000 0.000 0.000 0.000 0.000 0.000 0.000 0.000 0.000 0.000 0.000 0.000 0.000 0.000 0.000 0.000 0.000 0.000 0.000 0.000 0.000 0.000 0.000 0.000 0.000 0.000 0.000 0.000 0.000 0.000 0.000 0.000 0.000 0.000 0.001 0.003 0.004 0.004 0.005 0.005 0.013 0.022 0.031 0.039 0.048 0.057 0.076 0.095 0.114 0.133 0.151 0.169 0.192 0.215 0.237 0.259 0.280 0.300 0.317 0.334 0.350 0.366 0.382 0.398 0.408 0.418 0.428 0.438 0.448 0.459 0.473 0.487 0.501 0.515 0.528
0.000 0.000 0.000 0.000 0.000 0.000 0.000 0.000 0.000 0.000 0.000 0.000 0.000 0.000 0.000 0.000 0.000 0.000 0.000 0.000 0.000 0.000 0.000 0.000 0.000 0.000 0.000 0.000 0.000 0.000 0.000 0.000 0.000 0.000 0.000 0.000 0.000 0.000 0.001 0.001 0.010 0.019 0.029 0.038 0.046 0.055 0.072 0.090 0.108 0.125 0.142 0.159 0.179 0.200 0.220 0.239 0.259 0.277 0.293 0.309 0.324 0.339 0.353 0.367 0.378 0.389 0.399 0.410 0.421 0.432 0.445 0.459 0.472 0.485 0.498
0.000 0.000 0.000 0.000 0.000 0.000 0.000 0.000 0.000 0.000 0.000 0.000 0.000 0.000 0.000 0.000 0.000 0.000 0.000 0.000 0.000 0.000 0.000 0.000 0.000 0.000 0.000 0.000 0.000 0.000 0.000 0.000 0.000 0.000 0.000 0.001 0.002 0.003 0.005 0.006 0.013 0.022 0.030 0.038 0.046 0.054 0.069 0.085 0.102 0.117 0.133 0.148 0.166 0.185 0.203 0.221 0.238 0.255 0.269 0.284 0.297 0.311 0.324 0.338 0.349 0.360 0.371 0.382 0.393 0.404 0.416 0.429 0.442 0.455 0.469
0.000 0.000 0.000 0.000 0.000 0.000 0.000 0.000 0.000 0.000 0.000 0.000 0.000 0.000 0.000 0.000 0.000 0.000 0.000 0.000 0.000 0.000 0.000 0.000 0.000 0.000 0.000 0.000 0.000 0.000 0.000 0.000 0.000 0.000 0.001 0.002 0.004 0.006 0.008 0.010 0.016 0.024 0.032 0.039 0.046 0.053 0.066 0.081 0.096 0.110 0.124 0.138 0.154 0.171 0.187 0.202 0.218 0.232 0.246 0.259 0.271 0.284 0.296 0.308 0.319 0.330 0.340 0.351 0.361 0.370 0.383 0.397 0.411 0.425 0.439
0.000 0.000 0.000 0.000 0.000 0.000 0.000 0.000 0.000 0.000 0.000 0.000 0.000 0.000 0.000 0.000 0.000 0.000 0.000 0.000 0.000 0.000 0.000 0.000 0.000 0.000 0.000 0.000 0.000 0.000 0.000 0.000 0.000 0.000 0.001 0.003 0.006 0.009 0.012 0.015 0.020 0.027 0.033 0.040 0.046 0.052 0.063 0.077 0.090 0.103 0.116 0.127 0.140 0.154 0.168 0.181 0.195 0.208 0.221 0.233 0.245 0.257 0.268 0.280 0.290 0.300 0.310 0.319 0.328 0.337 0.349 0.364 0.379 0.394 0.409
0.000 0.000 0.000 0.000 0.000 0.000 0.000 0.000 0.000 0.000 0.000 0.000 0.000 0.000 0.000 0.000 0.000 0.000 0.000 0.000 0.000 0.000 0.000 0.000 0.000 0.000 0.000 0.000 0.000 0.000 0.000 0.000 0.000 0.000 0.001 0.004 0.008 0.011 0.015 0.019 0.024 0.029 0.034 0.038 0.042 0.046 0.053 0.064 0.075 0.086 0.097 0.107 0.118 0.132 0.145 0.158 0.171 0.184 0.196 0.207 0.219 0.230 0.241 0.251 0.261 0.270 0.279 0.288 0.296 0.304 0.316 0.332 0.347 0.363 0.380
0.000 0.000 0.000 0.000 0.000 0.000 0.000 0.000 0.000 0.000 0.000 0.000 0.000 0.000 0.000 0.000 0.000 0.000 0.000 0.000 0.000 0.000 0.000 0.000 0.000 0.000 0.000 0.000 0.000 0.000 0.000 0.000 0.000 0.000 0.001 0.004 0.007 0.010 0.013 0.015 0.018 0.022 0.026 0.029 0.032 0.034 0.039 0.049 0.059 0.069 0.078 0.087 0.097 0.110 0.122 0.135 0.147 0.160 0.171 0.182 0.193 0.203 0.213 0.223 0.233 0.241 0.249 0.256 0.264 0.271 0.282 0.299 0.315 0.334 0.353
0.000 0.000 0.000 0.000 0.000 0.000 0.000 0.000 0.000 0.000 0.000 0.000 0.000 0.000 0.000 0.000 0.000 0.000 0.000 0.000 0.000 0.000 0.000 0.000 0.000 0.000 0.000 0.000 0.000 0.000 0.000 0.000 0.000 0.000 0.000 0.003 0.005 0.007 0.009 0.011 0.013 0.015 0.018 0.020 0.021 0.023 0.025 0.034 0.043 0.051 0.059 0.067 0.076 0.088 0.100 0.112 0.124 0.136 0.147 0.157 0.167 0.176 0.186 0.195 0.207 0.217 0.227 0.236 0.244 0.252 0.263 0.282 0.301 0.320 0.339
0.000 0.000 0.000 0.000 0.000 0.000 0.000 0.000 0.000 0.000 0.000 0.000 0.000 0.000 0.000 0.000 0.000 0.000 0.000 0.000 0.000 0.000 0.000 0.000 0.000 0.000 0.000 0.000 0.000 0.000 0.000 0.000 0.000 0.000 0.000 0.002 0.003 0.005 0.006 0.007 0.008 0.009 0.010 0.011 0.011 0.011 0.012 0.020 0.027 0.034 0.041 0.048 0.055 0.067 0.078 0.090 0.101 0.112 0.122 0.135 0.148 0.162 0.177 0.193 0.208 0.216 0.223 0.230 0.235 0.241 0.248 0.267 0.286 0.306 0.325
0.000 0.000 0.000 0.000 0.000 0.000 0.000 0.000 0.000 0.000 0.000 0.000 0.000 0.000 0.000 0.000 0.000 0.000 0.000 0.000 0.000 0.000 0.000 0.000 0.000 0.000 0.000 0.000 0.000 0.000 0.000 0.000 0.000 0.000 0.000 0.001 0.002 0.002 0.002 0.003 0.003 0.003 0.002 0.002 0.001 0.000 0.000 0.007 0.015 0.022 0.029 0.035 0.041 0.051 0.061 0.071 0.080 0.089 0.097 0.114 0.131 0.150 0.169 0.189 0.210 0.215 0.220 0.224 0.227 0.230 0.233 0.253 0.272 0.291 0.311
0.000 0.000 0.000 0.000 0.000 0.000 0.000 0.000 0.000 0.000 0.000 0.000 0.000 0.000 0.000 0.000 0.000 0.000 0.000 0.000 0.000 0.000 0.000 0.000 0.000 0.000 0.000 0.000 0.000 0.000 0.000 0.000 0.000 0.000 0.000 0.000 0.000 0.000 0.000 0.000 0.000 0.000 0.000 0.000 0.000 0.000 0.000 0.005 0.011 0.016 0.021 0.025 0.029 0.037 0.045 0.053 0.060 0.067 0.073 0.092 0.114 0.137 0.160 0.185 0.211 0.215 0.217 0.219 0.220 0.220 0.220 0.238 0.257 0.277 0.297
0.000 0.000 0.000 0.000 0.000 0.000 0.000 0.000 0.000 0.000 0.000 0.000 0.000 0.000 0.000 0.000 0.000 0.000 0.000 0.000 0.000 0.000 0.000 0.000 0.000 0.000 0.000 0.000 0.000 0.000 0.000 0.000 0.000 0.000 0.000 0.000 0.000 0.000 0.000 0.000 0.000 0.000 0.000 0.000 0.000 0.000 0.000 0.003 0.007 0.010 0.013 0.016 0.018 0.024 0.030 0.035 0.040 0.045 0.049 0.070 0.096 0.123 0.151 0.180 0.210 0.216 0.215 0.214 0.213 0.222 0.232 0.261 0.296 0.333 0.371
0.000 0.000 0.000 0.000 0.000 0.000 0.000 0.000 0.000 0.000 0.000 0.000 0.000 0.000 0.000 0.000 0.000 0.000 0.000 0.000 0.000 0.000 0.000 0.000 0.000 0.000 0.000 0.000 0.000 0.000 0.000 0.000 0.000 0.000 0.000 0.000 0.000 0.000 0.000 0.000 0.000 0.000 0.000 0.000 0.000 0.000 0.000 0.001 0.004 0.005 0.006 0.007 0.008 0.011 0.015 0.018 0.021 0.024 0.026 0.047 0.087 0.128 0.168 0.209 0.250 0.269 0.279 0.289 0.300 0.312 0.324 0.357 0.399 0.442 0.487
0.000 0.000 0.000 0.000 0.000 0.000 0.000 0.000 0.000 0.000 0.000 0.000 0.000 0.000 0.000 0.000 0.000 0.000 0.000 0.000 0.000 0.000 0.000 0.000 0.000 0.000 0.000 0.000 0.000 0.000 0.000 0.000 0.000 0.000 0.000 0.000 0.000 0.000 0.000 0.000 0.000 0.000 0.000 0.000 0.000 0.000 0.000 0.000 0.001 0.000 0.000 0.003 0.006 0.013 0.024 0.037 0.051 0.068 0.085 0.116 0.157 0.198 0.239 0.281 0.322 0.346 0.359 0.373 0.387 0.401 0.417 0.452 0.500 0.550 0.601
0.000 0.000 0.000 0.000 0.000 0.000 0.000 0.000 0.000 0.000 0.000 0.000 0.000 0.000 0.000 0.000 0.000 0.000 0.000 0.000 0.000 0.000 0.000 0.000 0.000 0.000 0.000 0.000 0.000 0.000 0.000 0.000 0.000 0.000 0.000 0.000 0.000 0.000 0.000 0.000 0.000 0.000 0.000 0.000 0.001 0.002 0.002 0.004 0.008 0.013 0.018 0.025 0.032 0.044 0.063 0.083 0.104 0.128 0.153 0.186 0.227 0.269 0.310 0.352 0.394 0.423 0.439 0.455 0.472 0.490 0.508 0.544 0.599 0.656 0.714
0.000 0.000 0.000 0.000 0.000 0.000 0.000 0.000 0.000 0.000 0.000 0.000 0.000 0.000 0.000 0.000 0.000 0.000 0.000 0.000 0.000 0.000 0.000 0.000 0.000 0.000 0.000 0.000 0.000 0.000 0.000 0.000 0.000 0.000 0.000 0.000 0.000 0.000 0.000 0.000 0.000 0.000 0.001 0.002 0.003 0.005 0.007 0.010 0.017 0.026 0.036 0.046 0.057 0.073 0.099 0.127 0.156 0.187 0.219 0.255 0.297 0.339 0.381 0.423 0.466 0.499 0.518 0.537 0.557 0.577 0.599 0.636 0.697 0.762 0.874
0.000 0.000 0.000 0.000 0.000 0.000 0.000 0.000 0.000 0.000 0.000 0.000 0.000 0.000 0.000 0.000 0.000 0.000 0.000 0.000 0.000 0.000 0.000 0.000 0.000 0.000 0.000 0.000 0.000 0.000 0.000 0.000 0.000 0.000 0.000 0.000 0.000 0.000 0.000 0.000 0.000 0.000 0.002 0.004 0.006 0.008 0.010 0.014 0.026 0.039 0.052 0.066 0.082 0.100 0.134 0.169 0.205 0.243 0.283 0.325 0.367 0.409 0.452 0.494 0.538 0.591 0.637 0.690 0.752 0.821 0.899 0.995 1.125 1.262 1.406
0.000 0.000 0.000 0.000 0.000 0.000 0.000 0.000 0.000 0.000 0.000 0.000 0.000 0.000 0.000 0.000 0.000 0.000 0.000 0.000 0.000 0.000 0.000 0.000 0.000 0.000 0.000 0.000 0.000 0.000 0.000 0.000 0.000 0.000 0.000 0.000 0.000 0.000 0.000 0.000 0.000 0.000 0.002 0.005 0.008 0.011 0.014 0.018 0.033 0.050 0.067 0.086 0.105 0.126 0.167 0.209 0.257 0.307 0.359 0.414 0.470 0.531 0.595 0.662 0.733 0.808 0.889 0.979 1.076 1.182 1.296 1.423 1.585 1.754 1.929
0.000 0.000 0.000 0.000 0.000 0.000 0.000 0.000 0.000 0.000 0.000 0.000 0.000 0.000 0.000 0.000 0.000 0.000 0.000 0.000 0.000 0.000 0.000 0.000 0.000 0.000 0.000 0.000 0.000 0.000 0.000 0.000 0.000 0.000 0.000 0.000 0.000 0.000 0.000 0.000 0.000 0.000 0.003 0.006 0.010 0.014 0.018 0.026 0.048 0.072 0.096 0.122 0.148 0.175 0.227 0.282 0.340 0.399 0.461 0.525 0.598 0.674 0.754 0.838 0.925 1.016 1.134 1.259 1.393 1.534 1.684 1.844 2.037 2.237 2.445
0.000 0.000 0.000 0.000 0.000 0.000 0.000 0.000 0.000 0.000 0.000 0.000 0.000 0.000 0.000 0.000 0.000 0.000 0.000 0.000 0.000 0.000 0.000 0.000 0.000 0.000 0.000 0.000 0.000 0.000 0.000 0.000 0.000 0.000 0.000 0.000 0.000 0.000 0.005 0.011 0.018 0.026 0.035 0.042 0.049 0.056 0.061 0.066 0.088 0.115 0.143 0.171 0.201 0.231 0.288 0.353 0.420 0.489 0.561 0.634 0.722 0.814 0.910 1.010 1.113 1.220 1.369 1.531 1.700 1.878 2.063 2.257 2.481 2.714 2.953
0.000 0.000 0.000 0.000 0.000 0.000 0.000 0.000 0.000 0.000 0.000 0.000 0.000 0.000 0.000 0.000 0.000 0.000 0.000 0.000 0.000 0.000 0.000 0.000 0.000 0.000 0.000 0.000 0.000 0.000 0.001 0.003 0.006 0.011 0.017 0.024 0.031 0.040 0.049 0.060 0.072 0.084 0.092 0.097 0.100 0.103 0.105 0.107 0.127 0.157 0.188 0.220 0.252 0.285 0.347 0.422 0.498 0.577 0.658 0.741 0.841 0.950 1.062 1.177 1.297 1.420 1.597 1.794 1.999 2.213 2.503 2.829 3.177 3.533 3.895
0.000 0.000 0.000 0.000 0.000 0.000 0.000 0.000 0.000 0.000 0.000 0.000 0.000 0.000 0.000 0.000 0.000 0.000 0.000 0.000 0.000 0.000 0.000 0.000 0.000 0.000 0.000 0.000 0.000 0.000 0.003 0.010 0.019 0.029 0.040 0.053 0.066 0.079 0.093 0.108 0.124 0.141 0.151 0.152 0.152 0.152 0.150 0.148 0.165 0.199 0.233 0.268 0.303 0.340 0.404 0.488 0.574 0.662 0.753 0.846 0.957 1.113 1.295 1.495 1.713 1.948 2.244 2.577 2.924 3.287 3.665 4.058 4.443 4.827 5.218
0.000 0.000 0.000 0.000 0.000 0.000 0.000 0.000 0.000 0.000 0.000 0.000 0.000 0.000 0.000 0.000 0.000 0.000 0.000 0.000 0.000 0.000 0.000 0.000 0.000 0.000 0.000 0.000 0.000 0.000 0.004 0.017 0.031 0.046 0.063 0.080 0.099 0.116 0.135 0.154 0.175 0.197 0.210 0.207 0.204 0.201 0.196 0.191 0.203 0.240 0.277 0.315 0.360 0.410 0.490 0.608 0.735 0.872 1.017 1.171 1.369 1.611 1.871 2.149 2.444 2.757 3.119 3.519 3.934 4.364 4.810 5.271 5.702 6.114 6.532
0.000 0.000 0.000 0.000 0.000 0.000 0.000 0.000 0.000 0.000 0.000 0.000 0.000 0.000 0.000 0.000 0.000 0.000 0.000 0.000 0.000 0.000 0.000 0.000 0.000 0.000 0.000 0.000 0.000 0.000 0.003 0.021 0.041 0.062 0.084 0.107 0.130 0.152 0.176 0.200 0.225 0.251 0.269 0.268 0.269 0.270 0.271 0.272 0.289 0.339 0.390 0.443 0.496 0.551 0.642 0.800 0.968 1.144 1.330 1.525 1.771 2.091 2.429 2.784 3.157 3.548 3.976 4.444 4.927 5.425 5.939 6.467 6.953 7.393 7.839
0.000 0.000 0.000 0.000 0.000 0.000 0.000 0.000 0.000 0.000 0.000 0.000 0.000 0.000 0.000 0.000 0.000 0.000 0.000 0.000 0.000 0.000 0.000 0.000 0.000 0.000 0.000 0.000 0.000 0.000 0.001 0.025 0.050 0.076 0.107 0.142 0.181 0.214 0.247 0.281 0.315 0.350 0.380 0.382 0.383 0.385 0.387 0.390 0.403 0.458 0.514 0.572 0.630 0.690 0.785 0.983 1.191 1.408 1.633 1.868 2.154 2.552 2.968 3.401 3.852 4.320 4.818 5.353 5.903 6.469 7.050 7.647 8.197 8.664 9.138
0.000 0.000 0.000 0.000 0.000 0.000 0.000 0.000 0.000 0.000 0.000 0.000 0.000 0.000 0.000 0.000 0.000 0.000 0.000 0.000 0.000 0.000 0.000 0.000 0.000 0.000 0.000 0.000 0.000 0.000 0.000 0.035 0.076 0.120 0.169 0.221 0.276 0.312 0.347 0.383 0.419 0.456 0.492 0.495 0.497 0.500 0.503 0.506 0.514 0.575 0.636 0.699 0.763 0.828 0.918 1.156 1.404 1.661 1.927 2.202 2.520 2.995 3.489 3.999 4.528 5.073 5.648 6.262 6.873 7.480 8.084 8.684 9.247 9.739 10.244
0.000 0.000 0.000 0.000 0.000 0.000 0.000 0.000 0.000 0.000 0.000 0.000 0.000 0.000 0.000 0.000 0.000 0.000 0.000 0.000 0.000 0.000 0.000 0.000 0.000 0.000 0.000 0.000 0.000 0.000 0.000 0.044 0.101 0.162 0.226 0.295 0.367 0.409 0.446 0.484 0.523 0.561 0.601 0.607 0.611 0.614 0.618 0.622 0.627 0.691 0.757 0.825 0.895 0.965 1.041 1.320 1.608 1.916 2.286 2.669 3.079 3.669 4.263 4.860 5.461 6.066 6.672 7.271 7.866 8.457 9.045 9.629 10.203 10.755 11.320
0.000 0.000 0.000 0.000 0.000 0.000 0.000 0.000 0.000 0.000 0.000 0.000 0.000 0.000 0.000 0.000 0.000 0.000 0.000 0.000 0.000 0.000 0.000 0.000 0.000 0.000 0.000 0.000 0.000 0.000 0.000 0.048 0.122 0.199 0.280 0.365 0.453 0.505 0.545 0.585 0.625 0.666 0.708 0.719 0.724 0.728 0.733 0.738 0.748 0.843 0.958 1.083 1.218 1.363 1.518 1.885 2.286 2.700 3.126 3.565 4.017 4.618 5.227 5.840 6.457 7.077 7.699 8.282 8.861 9.436 10.008 10.576 11.144 11.756 12.381
0.000 0.000 0.000 0.000 0.000 0.000 0.000 0.000 0.000 0.000 0.000 0.000 0.000 0.000 0.000 0.000 0.000 0.000 0.000 0.000 0.000 0.000 0.000 0.000 0.000 0.000 0.000 0.000 0.000 0.000 0.000 0.049 0.139 0.232 0.330 0.431 0.535 0.601 0.643 0.686 0.738 0.792 0.849 0.887 0.922 0.962 1.009 1.063 1.122 1.249 1.409 1.578 1.757 1.946 2.145 2.541 2.999 3.469 3.952 4.448 4.956 5.562 6.187 6.815 7.447 8.083 8.722 9.295 9.858 10.418 10.974 11.526 12.075 12.742 13.428
0.000 0.000 0.000 0.000 0.000 0.000 0.000 0.000 0.000 0.000 0.000 0.000 0.000 0.000 0.000 0.000 0.000 0.000 0.000 0.000 0.000 0.000 0.000 0.000 0.000 0.000 0.000 0.000 0.000 0.000 0.001 0.054 0.167 0.284 0.403 0.526 0.652 0.744 0.801 0.861 0.923 0.987 1.053 1.115 1.177 1.246 1.321 1.402 1.489 1.645 1.848 2.061 2.285 2.518 2.762 3.183 3.697 4.224 4.763 5.316 5.881 6.501 7.142 7.786 8.433 9.084 9.738 10.310 10.858 11.401 11.942 12.478 12.947 13.508 14.099
0.000 0.000 0.000 0.000 0.000 0.000 0.000 0.000 0.000 0.000 0.000 0.000 0.000 0.000 0.000 0.000 0.000 0.000 0.000 0.000 0.000 0.000 0.000 0.000 0.000 0.001 0.008 0.018 0.030 0.044 0.062 0.115 0.242 0.372 0.506 0.643 0.782 0.896 0.963 1.033 1.104 1.179 1.255 1.336 1.426 1.522 1.625 1.734 1.849 2.029 2.276 2.534 2.801 3.079 3.367 3.811 4.381 4.965 5.561 6.170 6.791 7.436 8.092 8.740 9.368 9.985 10.592 11.071 11.467 11.830 12.162 12.461 12.727 13.233 13.829
0.000 0.000 0.000 0.000 0.000 0.000 0.000 0.000 0.000 0.000 0.000 0.000 0.000 0.000 0.000 0.000 0.000 0.000 0.000 0.000 0.000 0.000 0.000 0.000 0.000 0.002 0.021 0.042 0.065 0.091 0.120 0.172 0.313 0.457 0.605 0.756 0.910 1.045 1.123 1.202 1.284 1.368 1.454 1.550 1.668 1.792 1.922 2.059 2.201 2.402 2.694 2.995 3.307 3.629 3.972 4.459 5.097 5.736 6.377 7.019 7.662 8.289 8.892 9.484 10.066 10.637 11.198 11.595 11.848 12.069 12.258 12.415 12.539 12.957 13.558
