DATA/SHG/CPC/2018/20180310.asc
ncols        190
nrows        64
xllcorner    -5100000.000000000000
yllcorner    4130000.000000000000
cellsize     10000.000000000000
NODATA_value  -99999.000
[rows 0 to 33 of 64, columns 77 to 153 of 190]
0.000 0.000 0.000 0.000 0.000 0.000 0.000 0.000 0.000 0.000 0.000 0.000 0.000 0.000 0.000 0.000 0.000 0.000 0.000 0.000 0.000 0.000 0.000 0.000 0.000 0.000 0.000 0.000 0.000 0.000 0.000 0.001 0.005 0.008 0.011 0.014 0.017 0.021 0.030 0.039 0.048 0.058 0.068 0.080 0.101 0.121 0.142 0.162 0.182 0.204 0.229 0.255 0.280 0.305 0.329 0.351 0.364 0.378 0.391 0.404 0.417 0.424 0.419 0.414 0.411 0.407 0.404 0.399 0.387 0.375 0.363 0.352 0.341 0.330 0.317 0.303 0.290
0.000 0.000 0.000 0.000 0.000 0.000 0.000 0.000 0.000 0.000 0.000 0.000 0.000 0.000 0.000 0.000 0.000 0.000 0.000 0.000 0.000 0.000 0.000 0.000 0.000 0.000 0.000 0.000 0.000 0.000 0.000 0.000 0.003 0.005 0.007 0.009 0.011 0.013 0.023 0.033 0.043 0.053 0.064 0.076 0.096 0.116 0.136 0.156 0.176 0.197 0.222 0.246 0.270 0.294 0.318 0.340 0.354 0.368 0.381 0.395 0.409 0.421 0.418 0.416 0.415 0.414 0.413 0.412 0.401 0.391 0.381 0.372 0.363 0.353 0.341 0.330 0.318
0.000 0.000 0.000 0.000 0.000 0.000 0.000 0.000 0.000 0.000 0.000 0.000 0.000 0.000 0.000 0.000 0.000 0.000 0.000 0.000 0.000 0.000 0.000 0.000 0.000 0.000 0.000 0.000 0.000 0.000 0.000 0.000 0.001 0.003 0.004 0.004 0.005 0.005 0.016 0.026 0.037 0.049 0.060 0.072 0.092 0.113 0.133 0.153 0.173 0.193 0.217 0.240 0.264 0.287 0.310 0.333 0.347 0.361 0.375 0.389 0.404 0.417 0.417 0.418 0.419 0.420 0.422 0.424 0.415 0.407 0.399 0.391 0.384 0.377 0.366 0.356 0.346
0.000 0.000 0.000 0.000 0.000 0.000 0.000 0.000 0.000 0.000 0.000 0.000 0.000 0.000 0.000 0.000 0.000 0.000 0.000 0.000 0.000 0.000 0.000 0.000 0.000 0.000 0.000 0.000 0.000 0.000 0.000 0.000 0.000 0.000 0.000 0.000 0.001 0.002 0.014 0.026 0.039 0.051 0.064 0.076 0.095 0.114 0.134 0.153 0.172 0.191 0.213 0.236 0.258 0.281 0.303 0.325 0.340 0.354 0.369 0.383 0.398 0.412 0.416 0.418 0.422 0.426 0.430 0.435 0.429 0.422 0.416 0.410 0.404 0.399 0.390 0.382 0.375
0.000 0.000 0.000 0.000 0.000 0.000 0.000 0.000 0.000 0.000 0.000 0.000 0.000 0.000 0.000 0.000 0.000 0.000 0.000 0.000 0.000 0.000 0.000 0.000 0.000 0.000 0.000 0.000 0.000 0.000 0.000 0.000 0.001 0.002 0.004 0.006 0.008 0.010 0.020 0.032 0.045 0.057 0.069 0.080 0.098 0.116 0.135 0.153 0.171 0.189 0.210 0.232 0.253 0.275 0.296 0.317 0.333 0.347 0.362 0.377 0.392 0.407 0.413 0.419 0.424 0.431 0.438 0.447 0.445 0.442 0.439 0.437 0.436 0.436 0.431 0.425 0.419
0.000 0.000 0.000 0.000 0.000 0.000 0.000 0.000 0.000 0.000 0.000 0.000 0.000 0.000 0.000 0.000 0.000 0.000 0.000 0.000 0.000 0.000 0.000 0.000 0.000 0.000 0.000 0.000 0.000 0.000 0.000 0.000 0.002 0.004 0.007 0.010 0.014 0.018 0.027 0.039 0.050 0.062 0.074 0.085 0.101 0.119 0.136 0.153 0.170 0.187 0.207 0.228 0.248 0.269 0.289 0.309 0.325 0.341 0.357 0.373 0.390 0.406 0.417 0.426 0.435 0.445 0.456 0.467 0.470 0.470 0.470 0.471 0.473 0.475 0.472 0.467 0.463
0.000 0.000 0.000 0.000 0.000 0.000 0.000 0.000 0.000 0.000 0.000 0.000 0.000 0.000 0.000 0.000 0.000 0.000 0.000 0.000 0.000 0.000 0.000 0.000 0.000 0.000 0.000 0.000 0.000 0.000 0.000 0.000 0.002 0.006 0.010 0.015 0.020 0.025 0.034 0.045 0.056 0.068 0.079 0.090 0.104 0.121 0.138 0.154 0.170 0.186 0.205 0.226 0.246 0.267 0.288 0.309 0.327 0.344 0.360 0.377 0.394 0.411 0.424 0.436 0.448 0.461 0.474 0.488 0.494 0.497 0.500 0.504 0.509 0.514 0.514 0.510 0.506
0.000 0.000 0.000 0.000 0.000 0.000 0.000 0.000 0.000 0.000 0.000 0.000 0.000 0.000 0.000 0.000 0.000 0.000 0.000 0.000 0.000 0.000 0.000 0.000 0.000 0.000 0.000 0.000 0.000 0.000 0.000 0.000 0.002 0.007 0.013 0.019 0.025 0.032 0.040 0.051 0.060 0.070 0.080 0.091 0.104 0.120 0.136 0.153 0.169 0.186 0.205 0.226 0.247 0.268 0.289 0.310 0.329 0.346 0.363 0.381 0.398 0.415 0.431 0.445 0.460 0.475 0.491 0.507 0.518 0.524 0.530 0.537 0.544 0.552 0.555 0.552 0.549
0.000 0.000 0.000 0.000 0.000 0.000 0.000 0.000 0.000 0.000 0.000 0.000 0.000 0.000 0.000 0.000 0.000 0.000 0.000 0.000 0.000 0.000 0.000 0.000 0.000 0.000 0.000 0.000 0.000 0.000 0.000 0.000 0.002 0.007 0.012 0.017 0.022 0.026 0.032 0.043 0.053 0.064 0.075 0.087 0.100 0.117 0.134 0.151 0.169 0.186 0.205 0.226 0.247 0.269 0.290 0.311 0.331 0.349 0.366 0.384 0.402 0.420 0.437 0.454 0.471 0.489 0.507 0.526 0.541 0.550 0.559 0.568 0.577 0.586 0.589 0.585 0.580
0.000 0.000 0.000 0.000 0.000 0.000 0.000 0.000 0.000 0.000 0.000 0.000 0.000 0.000 0.000 0.000 0.000 0.000 0.000 0.000 0.000 0.000 0.000 0.000 0.000 0.000 0.000 0.000 0.000 0.000 0.000 0.000 0.001 0.005 0.009 0.012 0.016 0.019 0.023 0.034 0.046 0.058 0.070 0.082 0.096 0.113 0.131 0.149 0.168 0.186 0.205 0.227 0.248 0.269 0.291 0.313 0.333 0.351 0.369 0.388 0.406 0.424 0.443 0.462 0.482 0.502 0.524 0.546 0.565 0.574 0.583 0.592 0.601 0.610 0.614 0.610 0.604
0.000 0.000 0.000 0.000 0.000 0.000 0.000 0.000 0.000 0.000 0.000 0.000 0.000 0.000 0.000 0.000 0.000 0.000 0.000 0.000 0.000 0.000 0.000 0.000 0.000 0.000 0.000 0.000 0.000 0.000 0.000 0.000 0.000 0.003 0.006 0.008 0.010 0.011 0.013 0.026 0.038 0.051 0.064 0.078 0.092 0.110 0.129 0.147 0.166 0.186 0.205 0.227 0.248 0.270 0.291 0.312 0.332 0.350 0.369 0.388 0.407 0.426 0.446 0.469 0.492 0.516 0.541 0.566 0.590 0.598 0.607 0.616 0.625 0.634 0.640 0.634 0.629
0.000 0.000 0.000 0.000 0.000 0.000 0.000 0.000 0.000 0.000 0.000 0.000 0.000 0.000 0.000 0.000 0.000 0.000 0.000 0.000 0.000 0.000 0.000 0.000 0.000 0.000 0.000 0.000 0.000 0.000 0.000 0.000 0.000 0.001 0.003 0.004 0.004 0.005 0.005 0.017 0.031 0.045 0.059 0.073 0.088 0.107 0.126 0.145 0.164 0.183 0.202 0.223 0.243 0.264 0.285 0.306 0.327 0.346 0.366 0.386 0.407 0.427 0.449 0.475 0.501 0.529 0.557 0.585 0.614 0.623 0.631 0.640 0.649 0.658 0.665 0.660 0.654
0.000 0.000 0.000 0.000 0.000 0.000 0.000 0.000 0.000 0.000 0.000 0.000 0.000 0.000 0.000 0.000 0.000 0.000 0.000 0.000 0.000 0.000 0.000 0.000 0.000 0.000 0.000 0.000 0.000 0.000 0.000 0.000 0.000 0.000 0.000 0.000 0.000 0.000 0.000 0.012 0.027 0.042 0.057 0.072 0.087 0.105 0.124 0.143 0.161 0.179 0.197 0.218 0.238 0.259 0.280 0.300 0.321 0.342 0.363 0.384 0.406 0.429 0.451 0.480 0.510 0.540 0.572 0.604 0.637 0.647 0.656 0.664 0.673 0.682 0.690 0.684 0.675
0.000 0.000 0.000 0.000 0.000 0.000 0.000 0.000 0.000 0.000 0.000 0.000 0.000 0.000 0.000 0.000 0.000 0.000 0.000 0.000 0.000 0.000 0.000 0.000 0.000 0.000 0.000 0.000 0.000 0.000 0.000 0.000 0.000 0.000 0.000 0.000 0.000 0.000 0.000 0.011 0.026 0.041 0.056 0.071 0.087 0.104 0.122 0.140 0.158 0.176 0.193 0.213 0.233 0.254 0.274 0.295 0.315 0.337 0.359 0.382 0.406 0.429 0.453 0.484 0.517 0.551 0.586 0.618 0.650 0.659 0.664 0.669 0.675 0.681 0.687 0.679 0.669
0.000 0.000 0.000 0.000 0.000 0.000 0.000 0.000 0.000 0.000 0.000 0.000 0.000 0.000 0.000 0.000 0.000 0.000 0.000 0.000 0.000 0.000 0.000 0.000 0.000 0.000 0.000 0.000 0.000 0.000 0.000 0.000 0.000 0.000 0.000 0.000 0.000 0.000 0.000 0.009 0.024 0.040 0.055 0.071 0.086 0.103 0.120 0.138 0.155 0.172 0.189 0.208 0.228 0.249 0.269 0.289 0.309 0.332 0.355 0.378 0.402 0.426 0.450 0.479 0.511 0.542 0.573 0.604 0.634 0.647 0.653 0.659 0.666 0.673 0.680 0.674 0.664
0.000 0.000 0.000 0.000 0.000 0.000 0.000 0.000 0.000 0.000 0.000 0.000 0.000 0.000 0.000 0.000 0.000 0.000 0.000 0.000 0.000 0.000 0.000 0.000 0.000 0.000 0.000 0.000 0.000 0.000 0.000 0.000 0.000 0.000 0.000 0.000 0.000 0.000 0.000 0.007 0.023 0.038 0.054 0.070 0.086 0.102 0.119 0.136 0.152 0.168 0.183 0.200 0.219 0.238 0.257 0.277 0.296 0.317 0.342 0.366 0.391 0.416 0.442 0.470 0.500 0.530 0.560 0.590 0.619 0.634 0.641 0.649 0.657 0.665 0.673 0.669 0.658
0.000 0.000 0.000 0.000 0.000 0.000 0.000 0.000 0.000 0.000 0.000 0.000 0.000 0.000 0.000 0.000 0.000 0.000 0.000 0.000 0.000 0.000 0.000 0.000 0.000 0.000 0.000 0.000 0.000 0.000 0.000 0.000 0.000 0.000 0.000 0.000 0.000 0.000 0.000 0.005 0.021 0.036 0.051 0.066 0.081 0.096 0.111 0.126 0.141 0.155 0.170 0.186 0.205 0.224 0.243 0.262 0.281 0.303 0.329 0.354 0.380 0.407 0.433 0.461 0.490 0.519 0.548 0.576 0.604 0.621 0.630 0.638 0.647 0.656 0.666 0.664 0.653
0.000 0.000 0.000 0.000 0.000 0.000 0.000 0.000 0.000 0.000 0.000 0.000 0.000 0.000 0.000 0.000 0.000 0.000 0.000 0.000 0.000 0.000 0.000 0.000 0.000 0.000 0.000 0.000 0.000 0.000 0.000 0.000 0.000 0.000 0.000 0.000 0.000 0.000 0.000 0.003 0.018 0.032 0.046 0.060 0.073 0.087 0.101 0.115 0.129 0.143 0.157 0.172 0.191 0.210 0.229 0.248 0.267 0.288 0.315 0.342 0.369 0.397 0.425 0.453 0.481 0.508 0.535 0.562 0.589 0.608 0.618 0.628 0.640 0.654 0.668 0.673 0.662
0.000 0.000 0.000 0.000 0.000 0.000 0.000 0.000 0.000 0.000 0.000 0.000 0.000 0.000 0.000 0.000 0.000 0.000 0.000 0.000 0.000 0.000 0.000 0.000 0.000 0.000 0.000 0.000 0.000 0.000 0.000 0.000 0.000 0.000 0.000 0.000 0.000 0.000 0.000 0.001 0.015 0.028 0.041 0.053 0.066 0.078 0.092 0.105 0.118 0.131 0.144 0.158 0.177 0.196 0.215 0.234 0.253 0.273 0.301 0.330 0.358 0.387 0.416 0.444 0.470 0.498 0.526 0.554 0.584 0.610 0.624 0.639 0.655 0.672 0.690 0.698 0.684
0.000 0.000 0.000 0.000 0.000 0.000 0.000 0.000 0.000 0.000 0.000 0.000 0.000 0.000 0.000 0.000 0.000 0.000 0.000 0.000 0.000 0.000 0.000 0.000 0.000 0.000 0.000 0.000 0.000 0.000 0.000 0.000 0.000 0.000 0.000 0.000 0.000 0.000 0.000 0.000 0.012 0.024 0.036 0.047 0.058 0.069 0.082 0.095 0.107 0.120 0.132 0.144 0.163 0.182 0.200 0.219 0.238 0.257 0.286 0.314 0.342 0.370 0.398 0.427 0.456 0.487 0.518 0.550 0.583 0.614 0.632 0.650 0.670 0.690 0.711 0.724 0.706
0.000 0.000 0.000 0.000 0.000 0.000 0.000 0.000 0.000 0.000 0.000 0.000 0.000 0.000 0.000 0.000 0.000 0.000 0.000 0.000 0.000 0.000 0.000 0.000 0.000 0.000 0.000 0.000 0.000 0.000 0.000 0.000 0.000 0.000 0.000 0.000 0.000 0.000 0.000 0.000 0.010 0.020 0.031 0.041 0.052 0.061 0.073 0.084 0.096 0.107 0.118 0.129 0.148 0.166 0.185 0.203 0.222 0.240 0.268 0.297 0.325 0.353 0.381 0.409 0.442 0.476 0.510 0.546 0.582 0.617 0.639 0.661 0.683 0.707 0.731 0.751 0.730
0.000 0.000 0.000 0.000 0.000 0.000 0.000 0.000 0.000 0.000 0.000 0.000 0.000 0.000 0.000 0.000 0.000 0.000 0.000 0.000 0.000 0.000 0.000 0.000 0.000 0.000 0.000 0.000 0.000 0.000 0.000 0.000 0.000 0.000 0.000 0.000 0.000 0.000 0.000 0.000 0.007 0.017 0.026 0.035 0.044 0.052 0.062 0.073 0.084 0.095 0.105 0.115 0.132 0.151 0.169 0.188 0.206 0.224 0.251 0.279 0.307 0.335 0.363 0.391 0.427 0.464 0.502 0.540 0.579 0.619 0.645 0.670 0.696 0.723 0.750 0.779 0.754
0.000 0.000 0.000 0.000 0.000 0.000 0.000 0.000 0.000 0.000 0.000 0.000 0.000 0.000 0.000 0.000 0.000 0.000 0.000 0.000 0.000 0.000 0.000 0.000 0.000 0.000 0.000 0.000 0.000 0.000 0.000 0.000 0.000 0.000 0.000 0.000 0.000 0.000 0.000 0.000 0.005 0.013 0.021 0.029 0.036 0.043 0.052 0.062 0.072 0.082 0.092 0.102 0.117 0.136 0.154 0.172 0.190 0.209 0.234 0.262 0.290 0.318 0.346 0.373 0.411 0.451 0.492 0.534 0.582 0.633 0.669 0.701 0.732 0.762 0.792 0.820 0.796
0.000 0.000 0.000 0.000 0.000 0.000 0.000 0.000 0.000 0.000 0.000 0.000 0.000 0.000 0.000 0.000 0.000 0.000 0.000 0.000 0.000 0.000 0.000 0.000 0.000 0.000 0.000 0.000 0.000 0.000 0.000 0.000 0.000 0.000 0.000 0.000 0.000 0.000 0.000 0.000 0.004 0.010 0.017 0.023 0.029 0.035 0.042 0.052 0.061 0.070 0.079 0.088 0.102 0.120 0.139 0.157 0.175 0.193 0.217 0.247 0.279 0.313 0.350 0.388 0.436 0.487 0.539 0.592 0.645 0.700 0.736 0.763 0.790 0.816 0.841 0.865 0.840
0.000 0.000 0.000 0.000 0.000 0.000 0.000 0.000 0.000 0.000 0.000 0.001 0.001 0.001 0.001 0.001 0.000 0.000 0.000 0.000 0.000 0.000 0.000 0.000 0.000 0.000 0.000 0.000 0.000 0.000 0.000 0.000 0.000 0.000 0.000 0.000 0.000 0.000 0.000 0.000 0.002 0.008 0.013 0.018 0.022 0.026 0.032 0.041 0.050 0.058 0.066 0.074 0.086 0.104 0.123 0.143 0.163 0.183 0.213 0.252 0.294 0.337 0.383 0.431 0.483 0.538 0.594 0.650 0.708 0.766 0.803 0.826 0.849 0.870 0.891 0.910 0.886
0.000 0.000 0.000 0.000 0.000 0.000 0.001 0.002 0.003 0.005 0.006 0.006 0.005 0.004 0.003 0.002 0.000 0.000 0.000 0.000 0.000 0.000 0.000 0.000 0.000 0.000 0.000 0.000 0.000 0.000 0.000 0.000 0.000 0.000 0.000 0.000 0.000 0.000 0.000 0.000 0.001 0.005 0.009 0.013 0.016 0.020 0.024 0.032 0.038 0.045 0.051 0.056 0.067 0.087 0.108 0.130 0.152 0.174 0.207 0.256 0.307 0.359 0.414 0.471 0.530 0.588 0.648 0.708 0.769 0.831 0.871 0.890 0.909 0.926 0.942 0.957 0.933
0.000 0.000 0.000 0.000 0.000 0.001 0.003 0.005 0.007 0.010 0.013 0.012 0.010 0.008 0.006 0.003 0.000 0.000 0.000 0.000 0.000 0.000 0.000 0.000 0.000 0.000 0.000 0.000 0.000 0.000 0.000 0.000 0.000 0.000 0.000 0.000 0.000 0.000 0.000 0.000 0.001 0.004 0.007 0.010 0.012 0.015 0.017 0.023 0.027 0.032 0.036 0.039 0.047 0.070 0.093 0.116 0.140 0.165 0.199 0.257 0.317 0.379 0.443 0.510 0.575 0.638 0.701 0.765 0.829 0.895 0.941 0.955 0.969 0.983 0.998 1.016 1.002
0.000 0.000 0.000 0.000 0.000 0.002 0.005 0.008 0.011 0.015 0.019 0.017 0.015 0.012 0.008 0.005 0.001 0.000 0.000 0.000 0.000 0.000 0.000 0.000 0.000 0.000 0.000 0.000 0.000 0.000 0.000 0.000 0.000 0.000 0.000 0.000 0.000 0.000 0.000 0.000 0.000 0.002 0.005 0.006 0.008 0.010 0.011 0.014 0.017 0.019 0.021 0.023 0.027 0.051 0.077 0.102 0.128 0.155 0.189 0.256 0.325 0.397 0.470 0.546 0.620 0.684 0.749 0.814 0.879 0.944 0.996 1.014 1.034 1.056 1.080 1.106 1.107
0.000 0.000 0.000 0.000 0.000 0.002 0.006 0.010 0.015 0.019 0.024 0.023 0.020 0.015 0.011 0.009 0.007 0.007 0.007 0.006 0.005 0.003 0.001 0.000 0.000 0.000 0.000 0.000 0.000 0.000 0.000 0.000 0.000 0.000 0.000 0.000 0.000 0.000 0.000 0.000 0.000 0.001 0.002 0.003 0.004 0.005 0.005 0.006 0.007 0.007 0.007 0.007 0.006 0.033 0.060 0.088 0.119 0.150 0.186 0.263 0.340 0.418 0.497 0.577 0.655 0.720 0.786 0.852 0.918 0.984 1.043 1.069 1.098 1.128 1.160 1.194 1.211
0.000 0.000 0.000 0.000 0.000 0.002 0.007 0.013 0.023 0.031 0.037 0.038 0.036 0.034 0.031 0.029 0.026 0.023 0.020 0.017 0.013 0.008 0.002 0.000 0.000 0.000 0.000 0.000 0.000 0.000 0.000 0.000 0.000 0.000 0.000 0.000 0.000 0.000 0.000 0.000 0.000 0.000 0.001 0.001 0.001 0.000 0.000 0.000 0.000 0.000 0.000 0.000 0.000 0.029 0.062 0.095 0.129 0.164 0.200 0.279 0.359 0.441 0.523 0.606 0.690 0.756 0.823 0.889 0.956 1.023 1.088 1.123 1.159 1.198 1.238 1.280 1.313
0.001 0.007 0.015 0.023 0.033 0.042 0.050 0.055 0.059 0.061 0.062 0.060 0.057 0.054 0.051 0.048 0.045 0.040 0.035 0.028 0.021 0.013 0.004 0.000 0.000 0.000 0.000 0.000 0.000 0.000 0.000 0.000 0.000 0.000 0.000 0.000 0.000 0.000 0.000 0.000 0.000 0.000 0.000 0.000 0.000 0.000 0.000 0.000 0.000 0.000 0.000 0.000 0.000 0.028 0.064 0.101 0.139 0.178 0.217 0.294 0.378 0.463 0.549 0.635 0.723 0.792 0.859 0.927 0.994 1.062 1.130 1.174 1.219 1.266 1.314 1.365 1.415
0.041 0.051 0.062 0.074 0.088 0.098 0.100 0.099 0.097 0.093 0.088 0.082 0.079 0.075 0.072 0.068 0.064 0.059 0.050 0.040 0.030 0.019 0.008 0.000 0.000 0.000 0.000 0.000 0.000 0.000 0.000 0.000 0.000 0.000 0.000 0.000 0.000 0.000 0.000 0.000 0.000 0.000 0.000 0.000 0.000 0.000 0.000 0.000 0.000 0.000 0.000 0.000 0.000 0.026 0.066 0.107 0.148 0.190 0.233 0.308 0.396 0.484 0.573 0.663 0.754 0.827 0.895 0.964 1.032 1.101 1.168 1.216 1.263 1.311 1.361 1.411 1.462
0.081 0.094 0.109 0.125 0.141 0.156 0.151 0.145 0.137 0.127 0.115 0.104 0.100 0.096 0.092 0.088 0.083 0.077 0.066 0.053 0.044 0.032 0.018 0.007 0.007 0.006 0.005 0.004 0.002 0.000 0.000 0.000 0.000 0.000 0.000 0.000 0.000 0.000 0.000 0.000 0.000 0.000 0.000 0.000 0.000 0.000 0.000 0.000 0.000 0.000 0.000 0.000 0.000 0.024 0.067 0.111 0.156 0.201 0.248 0.322 0.413 0.506 0.600 0.693 0.787 0.861 0.925 0.988 1.049 1.109 1.167 1.220 1.271 1.324 1.378 1.432 1.488
0.119 0.136 0.155 0.174 0.194 0.215 0.204 0.192 0.178 0.162 0.144 0.126 0.127 0.130 0.133 0.136 0.139 0.139 0.124 0.108 0.088 0.067 0.044 0.021 0.019 0.016 0.013 0.009 0.004 0.000 0.000 0.000 0.000 0.000 0.000 0.000 0.000 0.000 0.000 0.000 0.000 0.000 0.000 0.000 0.000 0.000 0.000 0.000 0.000 0.000 0.000 0.000 0.000 0.022 0.071 0.122 0.174 0.228 0.283 0.359 0.452 0.545 0.637 0.730 0.822 0.895 0.952 1.009 1.063 1.116 1.168 1.222 1.278 1.335 1.394 1.453 1.514
