DATA/SHG/CPC/2018/20180223.asc
ncols        190
nrows        64
xllcorner    -5100000.000000000000
yllcorner    4130000.000000000000
cellsize     10000.000000000000
NODATA_value  -99999.000
[rows 0 to 33 of 64, columns 0 to 76 of 190]
0.000 0.000 0.000 0.000 0.000 0.000 0.000 0.000 0.000 0.000 0.000 0.000 0.001 0.004 0.007 0.010 0.013 0.017 0.029 0.045 0.063 0.082 0.103 0.126 0.133 0.131 0.128 0.125 0.121 0.116 0.104 0.088 0.071 0.052 0.031 0.013 0.007 0.008 0.009 0.008 0.005 0.002 0.000 0.000 0.000 0.000 0.000 0.000 0.000 0.000 0.000 0.000 0.000 0.000 0.000 0.000 0.000 0.000 0.000 0.000 0.000 0.000 0.000 0.000 0.000 0.000 0.000 0.000 0.000 0.000 0.000 0.000 0.000 0.000 0.000 0.000 0.000
0.000 0.000 0.000 0.000 0.000 0.000 0.000 0.000 0.000 0.000 0.000 0.000 0.002 0.006 0.010 0.015 0.020 0.025 0.040 0.062 0.085 0.111 0.138 0.167 0.179 0.175 0.169 0.163 0.156 0.150 0.138 0.120 0.102 0.083 0.064 0.044 0.032 0.029 0.025 0.020 0.013 0.005 0.000 0.000 0.000 0.000 0.000 0.000 0.000 0.000 0.000 0.000 0.000 0.000 0.000 0.000 0.000 0.000 0.000 0.000 0.000 0.000 0.000 0.000 0.000 0.000 0.000 0.000 0.000 0.000 0.000 0.000 0.000 0.000 0.000 0.000 0.000
0.000 0.000 0.000 0.000 0.000 0.000 0.000 0.000 0.000 0.000 0.000 0.000 0.002 0.008 0.013 0.019 0.026 0.033 0.048 0.076 0.107 0.138 0.170 0.200 0.217 0.210 0.204 0.198 0.192 0.186 0.176 0.157 0.137 0.117 0.096 0.076 0.059 0.052 0.043 0.033 0.022 0.010 0.000 0.000 0.000 0.000 0.000 0.000 0.000 0.000 0.000 0.000 0.000 0.000 0.000 0.000 0.000 0.000 0.000 0.000 0.000 0.000 0.000 0.000 0.000 0.000 0.000 0.000 0.000 0.000 0.000 0.000 0.000 0.000 0.000 0.000 0.000
0.000 0.000 0.000 0.000 0.000 0.000 0.000 0.000 0.000 0.000 0.000 0.000 0.002 0.009 0.018 0.029 0.042 0.057 0.077 0.108 0.138 0.168 0.198 0.228 0.249 0.243 0.237 0.232 0.227 0.222 0.215 0.194 0.173 0.151 0.130 0.108 0.087 0.075 0.062 0.048 0.032 0.016 0.000 0.000 0.000 0.001 0.002 0.001 0.000 0.000 0.000 0.000 0.000 0.000 0.000 0.000 0.000 0.000 0.000 0.000 0.000 0.000 0.000 0.000 0.000 0.000 0.000 0.000 0.000 0.000 0.000 0.000 0.000 0.000 0.000 0.000 0.000
0.000 0.000 0.000 0.000 0.000 0.000 0.000 0.000 0.000 0.000 0.000 0.000 0.002 0.015 0.031 0.048 0.067 0.088 0.111 0.141 0.170 0.199 0.227 0.255 0.280 0.275 0.270 0.266 0.262 0.258 0.253 0.231 0.209 0.186 0.163 0.140 0.116 0.100 0.086 0.071 0.053 0.034 0.013 0.013 0.012 0.010 0.008 0.004 0.000 0.000 0.000 0.000 0.000 0.000 0.000 0.000 0.000 0.000 0.000 0.000 0.000 0.000 0.000 0.000 0.000 0.000 0.000 0.000 0.000 0.000 0.000 0.000 0.000 0.000 0.000 0.000 0.000
0.000 0.000 0.000 0.000 0.000 0.000 0.000 0.000 0.000 0.000 0.000 0.000 0.000 0.020 0.041 0.065 0.090 0.117 0.146 0.174 0.202 0.229 0.256 0.283 0.309 0.307 0.303 0.300 0.296 0.293 0.291 0.271 0.249 0.229 0.209 0.191 0.173 0.155 0.135 0.113 0.089 0.063 0.036 0.029 0.025 0.021 0.015 0.009 0.001 0.000 0.000 0.000 0.000 0.000 0.000 0.000 0.000 0.000 0.000 0.000 0.000 0.000 0.000 0.000 0.000 0.000 0.000 0.000 0.000 0.000 0.000 0.000 0.000 0.000 0.000 0.000 0.000
0.000 0.000 0.000 0.000 0.000 0.000 0.000 0.000 0.000 0.000 0.000 0.000 0.000 0.022 0.050 0.080 0.111 0.145 0.180 0.208 0.234 0.260 0.286 0.311 0.337 0.340 0.338 0.336 0.334 0.332 0.330 0.316 0.297 0.280 0.263 0.248 0.233 0.211 0.184 0.156 0.126 0.094 0.061 0.046 0.039 0.032 0.023 0.014 0.003 0.000 0.000 0.000 0.000 0.000 0.000 0.000 0.000 0.000 0.000 0.000 0.000 0.000 0.000 0.000 0.000 0.000 0.000 0.000 0.000 0.000 0.000 0.000 0.000 0.000 0.000 0.000 0.000
0.000 0.000 0.000 0.000 0.000 0.000 0.000 0.000 0.000 0.000 0.000 0.000 0.000 0.023 0.057 0.093 0.130 0.170 0.211 0.242 0.268 0.293 0.318 0.343 0.368 0.376 0.374 0.373 0.372 0.371 0.370 0.360 0.344 0.330 0.316 0.304 0.292 0.269 0.236 0.202 0.165 0.127 0.087 0.064 0.054 0.044 0.032 0.020 0.007 0.001 0.001 0.002 0.001 0.001 0.000 0.000 0.000 0.000 0.000 0.000 0.000 0.000 0.000 0.000 0.000 0.000 0.000 0.000 0.000 0.000 0.000 0.000 0.000 0.000 0.000 0.000 0.000
0.000 0.000 0.000 0.000 0.000 0.000 0.000 0.000 0.000 0.000 0.000 0.000 0.000 0.021 0.062 0.104 0.147 0.193 0.240 0.276 0.301 0.326 0.351 0.375 0.400 0.411 0.411 0.410 0.409 0.409 0.409 0.403 0.391 0.379 0.369 0.359 0.350 0.329 0.289 0.249 0.206 0.164 0.123 0.096 0.085 0.072 0.056 0.039 0.019 0.006 0.005 0.005 0.004 0.002 0.001 0.000 0.000 0.000 0.000 0.000 0.000 0.000 0.000 0.000 0.000 0.000 0.000 0.000 0.000 0.000 0.000 0.000 0.000 0.000 0.000 0.000 0.000
0.000 0.000 0.000 0.000 0.000 0.000 0.000 0.000 0.000 0.000 0.000 0.000 0.000 0.018 0.064 0.112 0.162 0.214 0.267 0.311 0.335 0.360 0.384 0.408 0.431 0.447 0.446 0.446 0.447 0.447 0.448 0.445 0.436 0.427 0.416 0.404 0.393 0.372 0.330 0.290 0.251 0.214 0.178 0.148 0.129 0.108 0.085 0.060 0.033 0.011 0.009 0.008 0.006 0.004 0.002 0.000 0.000 0.000 0.000 0.000 0.000 0.000 0.000 0.000 0.000 0.000 0.000 0.000 0.000 0.000 0.000 0.000 0.000 0.000 0.000 0.000 0.000
0.000 0.000 0.000 0.000 0.000 0.000 0.000 0.000 0.000 0.000 0.000 0.000 0.000 0.013 0.065 0.119 0.175 0.233 0.293 0.345 0.369 0.393 0.417 0.440 0.463 0.482 0.482 0.483 0.482 0.481 0.479 0.475 0.464 0.453 0.441 0.429 0.418 0.402 0.365 0.329 0.295 0.263 0.232 0.202 0.176 0.147 0.117 0.084 0.049 0.016 0.014 0.011 0.009 0.006 0.003 0.000 0.000 0.000 0.000 0.000 0.000 0.000 0.000 0.000 0.000 0.000 0.000 0.000 0.000 0.000 0.000 0.000 0.000 0.000 0.000 0.000 0.000
0.000 0.000 0.000 0.000 0.000 0.000 0.000 0.000 0.000 0.000 0.000 0.000 0.000 0.006 0.064 0.125 0.187 0.251 0.316 0.381 0.405 0.429 0.453 0.477 0.500 0.522 0.521 0.519 0.516 0.512 0.507 0.502 0.490 0.479 0.467 0.455 0.443 0.430 0.398 0.367 0.338 0.310 0.284 0.259 0.225 0.188 0.150 0.110 0.067 0.022 0.018 0.015 0.012 0.009 0.005 0.000 0.000 0.000 0.000 0.000 0.000 0.000 0.000 0.000 0.000 0.000 0.000 0.000 0.000 0.000 0.000 0.000 0.000 0.000 0.000 0.000 0.000
0.000 0.000 0.000 0.000 0.000 0.000 0.000 0.000 0.000 0.000 0.000 0.000 0.004 0.011 0.076 0.145 0.214 0.282 0.351 0.420 0.447 0.470 0.493 0.516 0.539 0.562 0.560 0.555 0.550 0.543 0.536 0.528 0.517 0.505 0.492 0.480 0.467 0.455 0.429 0.404 0.379 0.356 0.334 0.314 0.273 0.227 0.180 0.133 0.085 0.037 0.026 0.022 0.017 0.012 0.007 0.001 0.000 0.000 0.000 0.000 0.000 0.000 0.000 0.000 0.000 0.000 0.000 0.000 0.000 0.000 0.000 0.000 0.000 0.000 0.000 0.000 0.000
0.000 0.000 0.000 0.000 0.000 0.000 0.000 0.000 0.003 0.009 0.017 0.027 0.040 0.054 0.112 0.181 0.250 0.318 0.387 0.456 0.489 0.511 0.534 0.556 0.578 0.600 0.600 0.592 0.584 0.575 0.566 0.555 0.543 0.531 0.518 0.505 0.492 0.480 0.460 0.437 0.413 0.390 0.366 0.341 0.300 0.252 0.203 0.154 0.104 0.053 0.035 0.029 0.023 0.017 0.010 0.002 0.000 0.000 0.000 0.000 0.000 0.000 0.000 0.000 0.000 0.000 0.000 0.000 0.000 0.000 0.000 0.000 0.000 0.000 0.000 0.000 0.000
0.000 0.000 0.000 0.000 0.000 0.000 0.000 0.000 0.008 0.021 0.036 0.054 0.073 0.095 0.148 0.216 0.285 0.354 0.423 0.492 0.531 0.553 0.575 0.596 0.617 0.638 0.640 0.630 0.620 0.608 0.596 0.584 0.573 0.561 0.548 0.536 0.523 0.511 0.491 0.467 0.443 0.418 0.393 0.367 0.328 0.278 0.227 0.175 0.123 0.071 0.044 0.037 0.029 0.021 0.013 0.004 0.000 0.000 0.000 0.000 0.000 0.000 0.000 0.000 0.000 0.000 0.000 0.000 0.000 0.000 0.000 0.000 0.000 0.000 0.000 0.000 0.000
0.000 0.000 0.000 0.000 0.000 0.000 0.000 0.000 0.010 0.030 0.053 0.078 0.105 0.134 0.183 0.252 0.321 0.390 0.459 0.528 0.573 0.594 0.615 0.635 0.655 0.673 0.676 0.664 0.652 0.641 0.629 0.618 0.606 0.593 0.580 0.568 0.555 0.541 0.523 0.498 0.472 0.446 0.420 0.394 0.356 0.304 0.251 0.197 0.143 0.088 0.053 0.044 0.035 0.026 0.016 0.006 0.000 0.000 0.000 0.000 0.000 0.000 0.000 0.000 0.000 0.000 0.000 0.000 0.000 0.000 0.000 0.000 0.000 0.000 0.000 0.000 0.000
0.000 0.000 0.000 0.000 0.000 0.000 0.000 0.000 0.009 0.037 0.067 0.100 0.134 0.170 0.219 0.290 0.362 0.433 0.502 0.570 0.620 0.639 0.656 0.673 0.688 0.703 0.708 0.696 0.685 0.673 0.662 0.651 0.639 0.626 0.613 0.599 0.586 0.572 0.555 0.528 0.502 0.475 0.448 0.421 0.385 0.331 0.275 0.219 0.160 0.101 0.055 0.045 0.035 0.025 0.015 0.006 0.000 0.000 0.000 0.000 0.000 0.000 0.000 0.000 0.000 0.000 0.000 0.000 0.000 0.000 0.000 0.000 0.000 0.000 0.000 0.000 0.000
0.000 0.000 0.000 0.000 0.000 0.000 0.000 0.000 0.011 0.054 0.098 0.144 0.191 0.239 0.293 0.361 0.428 0.493 0.556 0.618 0.670 0.685 0.698 0.711 0.723 0.734 0.739 0.728 0.717 0.706 0.695 0.684 0.672 0.659 0.645 0.631 0.617 0.603 0.587 0.559 0.531 0.502 0.472 0.441 0.404 0.345 0.286 0.225 0.164 0.103 0.049 0.039 0.031 0.022 0.014 0.006 0.000 0.000 0.000 0.000 0.000 0.000 0.000 0.000 0.000 0.000 0.000 0.000 0.000 0.000 0.000 0.000 0.000 0.000 0.000 0.000 0.000
0.000 0.000 0.000 0.004 0.010 0.019 0.030 0.044 0.063 0.110 0.160 0.210 0.263 0.317 0.372 0.435 0.496 0.555 0.612 0.668 0.720 0.731 0.742 0.751 0.759 0.766 0.771 0.760 0.749 0.738 0.727 0.717 0.706 0.692 0.677 0.662 0.647 0.631 0.615 0.584 0.553 0.520 0.487 0.453 0.418 0.357 0.295 0.232 0.169 0.105 0.042 0.034 0.026 0.019 0.012 0.006 0.000 0.000 0.000 0.000 0.000 0.000 0.000 0.000 0.000 0.000 0.000 0.000 0.000 0.000 0.000 0.000 0.000 0.000 0.000 0.000 0.000
0.000 0.000 0.000 0.012 0.027 0.045 0.066 0.089 0.114 0.165 0.220 0.276 0.333 0.392 0.453 0.510 0.565 0.618 0.670 0.719 0.768 0.779 0.786 0.791 0.795 0.799 0.802 0.794 0.784 0.774 0.763 0.751 0.738 0.723 0.707 0.691 0.675 0.658 0.641 0.609 0.575 0.539 0.503 0.467 0.429 0.369 0.305 0.240 0.175 0.109 0.042 0.028 0.022 0.016 0.010 0.005 0.001 0.000 0.000 0.000 0.000 0.000 0.000 0.000 0.000 0.000 0.000 0.000 0.000 0.000 0.000 0.000 0.000 0.000 0.000 0.000 0.000
0.000 0.000 0.000 0.017 0.041 0.068 0.098 0.130 0.165 0.218 0.278 0.339 0.402 0.466 0.532 0.587 0.636 0.683 0.729 0.772 0.817 0.832 0.837 0.840 0.843 0.845 0.847 0.838 0.826 0.813 0.800 0.785 0.771 0.754 0.738 0.720 0.703 0.685 0.667 0.635 0.597 0.559 0.521 0.481 0.440 0.381 0.315 0.248 0.180 0.112 0.044 0.023 0.020 0.016 0.012 0.007 0.002 0.000 0.000 0.000 0.000 0.000 0.000 0.000 0.000 0.000 0.000 0.000 0.000 0.000 0.000 0.000 0.000 0.000 0.000 0.000 0.000
0.000 0.000 0.000 0.019 0.053 0.089 0.127 0.169 0.213 0.269 0.334 0.401 0.462 0.524 0.585 0.635 0.679 0.724 0.771 0.820 0.870 0.892 0.893 0.894 0.894 0.893 0.892 0.882 0.868 0.853 0.837 0.821 0.804 0.786 0.768 0.750 0.731 0.712 0.693 0.661 0.621 0.580 0.539 0.496 0.454 0.397 0.331 0.265 0.198 0.132 0.065 0.035 0.030 0.024 0.018 0.011 0.003 0.000 0.000 0.000 0.000 0.000 0.000 0.000 0.000 0.000 0.000 0.000 0.000 0.000 0.000 0.000 0.000 0.000 0.000 0.000 0.000
0.000 0.000 0.000 0.018 0.061 0.106 0.152 0.198 0.245 0.299 0.361 0.422 0.483 0.543 0.604 0.658 0.708 0.759 0.811 0.865 0.921 0.952 0.951 0.949 0.946 0.942 0.937 0.927 0.911 0.893 0.875 0.857 0.838 0.818 0.799 0.780 0.760 0.740 0.720 0.690 0.648 0.606 0.564 0.521 0.478 0.424 0.357 0.290 0.223 0.155 0.088 0.048 0.041 0.033 0.024 0.015 0.006 0.000 0.000 0.000 0.000 0.000 0.000 0.000 0.000 0.000 0.000 0.000 0.000 0.000 0.000 0.000 0.000 0.000 0.000 0.000 0.000
0.004 0.007 0.010 0.027 0.074 0.121 0.170 0.219 0.269 0.322 0.383 0.443 0.503 0.563 0.623 0.680 0.735 0.792 0.850 0.909 0.971 1.013 1.009 1.004 0.998 0.991 0.984 0.973 0.954 0.934 0.914 0.893 0.873 0.853 0.833 0.813 0.792 0.771 0.750 0.722 0.678 0.635 0.591 0.547 0.502 0.450 0.382 0.315 0.247 0.179 0.111 0.062 0.052 0.042 0.032 0.020 0.008 0.000 0.000 0.000 0.000 0.000 0.000 0.000 0.000 0.000 0.000 0.000 0.000 0.000 0.000 0.000 0.000 0.000 0.000 0.000 0.000
0.012 0.017 0.023 0.036 0.085 0.136 0.187 0.239 0.291 0.345 0.405 0.465 0.524 0.583 0.642 0.701 0.761 0.823 0.887 0.952 1.018 1.075 1.067 1.053 1.041 1.029 1.019 1.007 0.987 0.967 0.948 0.928 0.909 0.890 0.869 0.848 0.826 0.803 0.780 0.754 0.709 0.664 0.619 0.573 0.527 0.476 0.408 0.340 0.272 0.203 0.135 0.076 0.064 0.052 0.039 0.026 0.012 0.000 0.000 0.000 0.000 0.000 0.000 0.000 0.000 0.000 0.000 0.000 0.000 0.000 0.000 0.000 0.000 0.000 0.000 0.000 0.000
0.019 0.027 0.035 0.044 0.096 0.149 0.203 0.257 0.313 0.369 0.428 0.486 0.545 0.603 0.661 0.718 0.780 0.842 0.903 0.965 1.027 1.089 1.077 1.067 1.058 1.050 1.043 1.037 1.018 0.999 0.981 0.963 0.945 0.928 0.905 0.882 0.859 0.835 0.811 0.786 0.740 0.693 0.647 0.599 0.552 0.503 0.434 0.365 0.295 0.225 0.156 0.089 0.076 0.061 0.047 0.031 0.016 0.000 0.000 0.000 0.000 0.000 0.000 0.000 0.000 0.000 0.000 0.000 0.000 0.000 0.000 0.000 0.000 0.000 0.000 0.000 0.000
0.025 0.035 0.046 0.058 0.106 0.162 0.218 0.275 0.332 0.387 0.441 0.496 0.550 0.604 0.659 0.713 0.774 0.836 0.898 0.960 1.022 1.084 1.087 1.080 1.075 1.070 1.067 1.065 1.049 1.031 1.014 0.997 0.981 0.965 0.942 0.918 0.893 0.868 0.842 0.816 0.771 0.720 0.667 0.615 0.563 0.510 0.443 0.374 0.306 0.239 0.172 0.107 0.087 0.071 0.054 0.037 0.020 0.002 0.000 0.000 0.000 0.000 0.000 0.000 0.000 0.000 0.000 0.000 0.000 0.000 0.000 0.000 0.000 0.000 0.000 0.000 0.000
0.031 0.043 0.056 0.070 0.112 0.167 0.221 0.276 0.329 0.383 0.437 0.491 0.545 0.600 0.654 0.708 0.768 0.830 0.892 0.955 1.017 1.080 1.095 1.092 1.090 1.089 1.089 1.091 1.079 1.063 1.047 1.031 1.016 1.001 0.977 0.948 0.918 0.887 0.854 0.820 0.773 0.720 0.668 0.615 0.562 0.510 0.446 0.381 0.316 0.252 0.188 0.126 0.098 0.080 0.062 0.043 0.024 0.005 0.000 0.000 0.000 0.000 0.000 0.000 0.000 0.000 0.000 0.000 0.000 0.000 0.000 0.000 0.000 0.000 0.000 0.000 0.000
0.034 0.048 0.063 0.079 0.115 0.169 0.222 0.275 0.327 0.379 0.433 0.487 0.541 0.595 0.649 0.703 0.761 0.824 0.887 0.949 1.012 1.075 1.102 1.103 1.104 1.107 1.111 1.117 1.111 1.095 1.079 1.062 1.044 1.026 1.000 0.967 0.932 0.896 0.859 0.821 0.774 0.721 0.668 0.615 0.562 0.509 0.450 0.387 0.325 0.264 0.203 0.144 0.110 0.091 0.071 0.050 0.029 0.008 0.000 0.000 0.000 0.000 0.000 0.000 0.000 0.000 0.000 0.000 0.000 0.000 0.000 0.000 0.000 0.000 0.000 0.000 0.000
0.037 0.053 0.070 0.087 0.118 0.171 0.223 0.274 0.326 0.376 0.428 0.482 0.536 0.590 0.644 0.698 0.755 0.818 0.881 0.946 1.014 1.081 1.123 1.129 1.135 1.141 1.146 1.152 1.147 1.129 1.111 1.092 1.072 1.052 1.024 0.987 0.948 0.907 0.866 0.823 0.775 0.722 0.669 0.615 0.562 0.508 0.452 0.392 0.333 0.275 0.218 0.161 0.120 0.096 0.073 0.051 0.030 0.010 0.000 0.000 0.000 0.000 0.000 0.000 0.000 0.000 0.000 0.000 0.000 0.000 0.000 0.000 0.000 0.000 0.000 0.000 0.000
0.039 0.057 0.076 0.095 0.122 0.173 0.224 0.274 0.324 0.374 0.424 0.478 0.536 0.597 0.660 0.722 0.786 0.854 0.921 0.986 1.051 1.114 1.161 1.166 1.171 1.177 1.182 1.186 1.184 1.164 1.144 1.122 1.101 1.078 1.050 1.008 0.964 0.920 0.874 0.826 0.776 0.723 0.669 0.616 0.562 0.506 0.447 0.386 0.326 0.266 0.207 0.148 0.103 0.082 0.063 0.044 0.027 0.010 0.000 0.000 0.000 0.000 0.000 0.000 0.000 0.000 0.000 0.000 0.000 0.000 0.000 0.000 0.000 0.000 0.000 0.000 0.000
0.040 0.060 0.081 0.102 0.126 0.176 0.228 0.282 0.340 0.400 0.463 0.525 0.588 0.651 0.713 0.777 0.840 0.904 0.967 1.028 1.088 1.147 1.199 1.203 1.208 1.213 1.217 1.221 1.222 1.199 1.177 1.154 1.130 1.105 1.077 1.030 0.982 0.933 0.884 0.833 0.780 0.724 0.667 0.608 0.548 0.487 0.424 0.365 0.307 0.249 0.191 0.134 0.085 0.068 0.052 0.037 0.023 0.009 0.000 0.000 0.000 0.000 0.000 0.000 0.000 0.000 0.000 0.000 0.000 0.000 0.000 0.000 0.000 0.000 0.000 0.000 0.000
0.039 0.059 0.080 0.100 0.120 0.176 0.237 0.302 0.369 0.440 0.513 0.576 0.640 0.703 0.767 0.831 0.895 0.955 1.014 1.071 1.127 1.182 1.236 1.241 1.245 1.249 1.253 1.256 1.259 1.235 1.211 1.192 1.170 1.144 1.114 1.064 1.012 0.958 0.903 0.845 0.786 0.726 0.664 0.600 0.535 0.469 0.401 0.344 0.287 0.230 0.174 0.119 0.066 0.052 0.040 0.028 0.018 0.008 0.000 0.000 0.000 0.000 0.000 0.000 0.000 0.000 0.000 0.000 0.000 0.000 0.000 0.000 0.000 0.000 0.000 0.000 0.000
0.035 0.055 0.075 0.095 0.115 0.172 0.244 0.319 0.396 0.476 0.559 0.627 0.691 0.756 0.820 0.885 0.950 1.007 1.062 1.115 1.167 1.218 1.267 1.281 1.298 1.313 1.327 1.339 1.350 1.330 1.303 1.272 1.237 1.199 1.157 1.103 1.045 0.985 0.923 0.860 0.795 0.729 0.662 0.593 0.524 0.452 0.380 0.322 0.267 0.212 0.157 0.103 0.049 0.036 0.027 0.019 0.012 0.006 0.000 0.000 0.000 0.000 0.000 0.000 0.000 0.000 0.000 0.000 0.000 0.000 0.000 0.000 0.000 0.000 0.000 0.000 0.000
