DATA/SHG/CPC/2018/20180526.asc
ncols        190
nrows        64
xllcorner    -5100000.000000000000
yllcorner    4130000.000000000000
cellsize     10000.000000000000
NODATA_value  -99999.000
[rows 0 to 32 of 64, columns 0 to 73 of 190]
0.000 0.000 0.000 0.000 0.000 0.000 0.000 0.000 0.000 0.000 0.000 0.000 0.007 0.018 0.031 0.047 0.064 0.083 0.152 0.252 0.362 0.483 0.615 0.758 0.810 0.810 0.806 0.799 0.789 0.775 0.705 0.596 0.477 0.348 0.211 0.089 0.048 0.060 0.062 0.055 0.039 0.014 0.000 0.000 0.000 0.000 0.000 0.000 0.000 0.000 0.000 0.000 0.000 0.000 0.000 0.000 0.000 0.000 0.000 0.000 0.000 0.000 0.000 0.000 0.000 0.000 0.000 0.000 0.000 0.000 0.000 0.000 0.000 0.000
0.000 0.000 0.000 0.000 0.000 0.000 0.000 0.000 0.000 0.000 0.000 0.000 0.010 0.028 0.048 0.070 0.095 0.121 0.205 0.342 0.491 0.650 0.821 1.002 1.088 1.076 1.060 1.044 1.040 1.038 0.984 0.867 0.742 0.610 0.470 0.322 0.230 0.210 0.180 0.142 0.094 0.038 0.000 0.000 0.000 0.000 0.000 0.000 0.000 0.000 0.000 0.000 0.000 0.000 0.000 0.000 0.000 0.000 0.000 0.000 0.000 0.000 0.000 0.000 0.000 0.000 0.000 0.000 0.000 0.000 0.000 0.000 0.000 0.000
0.000 0.000 0.000 0.000 0.000 0.000 0.000 0.000 0.000 0.000 0.000 0.000 0.010 0.036 0.063 0.092 0.123 0.156 0.246 0.422 0.616 0.829 1.047 1.269 1.409 1.406 1.404 1.403 1.404 1.406 1.360 1.216 1.064 0.904 0.737 0.562 0.421 0.369 0.308 0.237 0.158 0.070 0.000 0.000 0.000 0.000 0.000 0.000 0.000 0.000 0.000 0.000 0.000 0.000 0.000 0.000 0.000 0.000 0.000 0.000 0.000 0.000 0.000 0.000 0.000 0.000 0.000 0.000 0.000 0.000 0.000 0.000 0.000 0.000
0.000 0.000 0.000 0.000 0.000 0.000 0.000 0.000 0.000 0.000 0.000 0.000 0.009 0.045 0.092 0.151 0.222 0.304 0.428 0.647 0.871 1.100 1.332 1.569 1.755 1.756 1.758 1.761 1.766 1.771 1.744 1.573 1.393 1.206 1.012 0.809 0.621 0.537 0.444 0.342 0.231 0.112 0.000 0.000 0.000 0.007 0.009 0.007 0.000 0.000 0.000 0.000 0.000 0.000 0.000 0.000 0.000 0.000 0.000 0.000 0.000 0.000 0.000 0.000 0.000 0.000 0.000 0.000 0.000 0.000 0.000 0.000 0.000 0.000
0.000 0.000 0.000 0.000 0.000 0.000 0.000 0.000 0.000 0.000 0.000 0.000 0.010 0.086 0.174 0.273 0.383 0.505 0.648 0.883 1.122 1.365 1.612 1.864 2.099 2.104 2.110 2.117 2.126 2.135 2.136 1.937 1.730 1.516 1.294 1.064 0.829 0.717 0.628 0.519 0.392 0.246 0.082 0.080 0.074 0.064 0.048 0.027 0.001 0.000 0.000 0.000 0.000 0.000 0.000 0.000 0.000 0.000 0.000 0.000 0.000 0.000 0.000 0.000 0.000 0.000 0.000 0.000 0.000 0.000 0.000 0.000 0.000 0.000
0.000 0.000 0.000 0.000 0.000 0.000 0.000 0.000 0.000 0.000 0.000 0.000 0.000 0.115 0.243 0.382 0.532 0.694 0.867 1.114 1.368 1.625 1.887 2.154 2.424 2.450 2.461 2.472 2.484 2.498 2.519 2.344 2.146 1.946 1.746 1.544 1.341 1.195 1.039 0.865 0.672 0.461 0.231 0.178 0.155 0.126 0.092 0.053 0.009 0.000 0.000 0.000 0.000 0.000 0.000 0.000 0.000 0.000 0.000 0.000 0.000 0.000 0.000 0.000 0.000 0.000 0.000 0.000 0.000 0.000 0.000 0.000 0.000 0.000
0.000 0.000 0.000 0.000 0.000 0.000 0.000 0.000 0.000 0.000 0.000 0.000 0.000 0.132 0.300 0.479 0.669 0.871 1.083 1.340 1.608 1.881 2.158 2.446 2.746 2.836 2.872 2.912 2.957 3.006 3.060 2.920 2.717 2.514 2.309 2.103 1.896 1.691 1.469 1.230 0.971 0.694 0.398 0.282 0.240 0.193 0.141 0.084 0.021 0.000 0.000 0.000 0.000 0.000 0.000 0.000 0.000 0.000 0.000 0.000 0.000 0.000 0.000 0.000 0.000 0.000 0.000 0.000 0.000 0.000 0.000 0.000 0.000 0.000
0.000 0.000 0.000 0.000 0.000 0.000 0.000 0.000 0.000 0.000 0.000 0.000 0.000 0.137 0.345 0.564 0.800 1.053 1.321 1.609 1.908 2.211 2.519 2.831 3.149 3.295 3.346 3.402 3.462 3.526 3.595 3.496 3.289 3.082 2.873 2.663 2.452 2.205 1.918 1.612 1.288 0.946 0.585 0.390 0.330 0.265 0.195 0.119 0.044 0.006 0.008 0.008 0.007 0.005 0.002 0.000 0.000 0.000 0.000 0.000 0.000 0.000 0.000 0.000 0.000 0.000 0.000 0.000 0.000 0.000 0.000 0.000 0.000 0.000
0.000 0.000 0.000 0.000 0.000 0.000 0.000 0.000 0.000 0.001 0.004 0.008 0.013 0.152 0.413 0.688 0.978 1.282 1.601 1.921 2.236 2.556 2.881 3.211 3.546 3.748 3.815 3.886 3.961 4.041 4.125 4.072 3.861 3.650 3.437 3.223 3.008 2.737 2.385 2.014 1.624 1.239 0.852 0.605 0.539 0.457 0.359 0.246 0.117 0.031 0.028 0.024 0.019 0.013 0.005 0.000 0.000 0.000 0.000 0.000 0.000 0.000 0.000 0.000 0.000 0.000 0.000 0.000 0.000 0.000 0.000 0.000 0.000 0.000
0.000 0.000 0.000 0.000 0.000 0.000 0.000 0.002 0.006 0.012 0.019 0.027 0.036 0.161 0.473 0.799 1.140 1.495 1.864 2.226 2.559 2.896 3.238 3.586 3.938 4.197 4.279 4.365 4.455 4.550 4.650 4.649 4.434 4.217 3.990 3.760 3.529 3.249 2.863 2.473 2.081 1.686 1.289 0.971 0.849 0.712 0.559 0.390 0.205 0.057 0.050 0.042 0.032 0.022 0.010 0.000 0.000 0.000 0.000 0.000 0.000 0.000 0.000 0.000 0.000 0.000 0.000 0.000 0.000 0.000 0.000 0.000 0.000 0.000
0.000 0.000 0.000 0.000 0.000 0.000 0.000 0.002 0.011 0.021 0.032 0.044 0.058 0.155 0.518 0.895 1.286 1.692 2.112 2.526 2.875 3.230 3.590 3.954 4.323 4.640 4.736 4.834 4.934 5.035 5.139 5.182 4.952 4.719 4.483 4.246 4.006 3.739 3.342 2.943 2.541 2.136 1.728 1.352 1.175 0.982 0.774 0.549 0.309 0.084 0.073 0.060 0.047 0.032 0.016 0.000 0.000 0.000 0.000 0.000 0.000 0.000 0.000 0.000 0.000 0.000 0.000 0.000 0.000 0.000 0.000 0.000 0.000 0.000
0.000 0.000 0.000 0.000 0.000 0.000 0.000 0.001 0.014 0.028 0.044 0.060 0.078 0.134 0.547 0.975 1.417 1.873 2.344 2.820 3.188 3.560 3.936 4.317 4.702 5.074 5.177 5.281 5.387 5.495 5.605 5.703 5.464 5.223 4.979 4.733 4.485 4.231 3.825 3.415 3.003 2.587 2.169 1.749 1.517 1.268 1.004 0.724 0.429 0.117 0.097 0.082 0.065 0.047 0.025 0.001 0.000 0.000 0.000 0.000 0.000 0.000 0.000 0.000 0.000 0.000 0.000 0.000 0.000 0.000 0.000 0.000 0.000 0.000
0.000 0.000 0.000 0.000 0.000 0.000 0.000 0.000 0.017 0.035 0.054 0.075 0.115 0.171 0.630 1.116 1.606 2.102 2.603 3.108 3.500 3.888 4.279 4.675 5.075 5.479 5.614 5.725 5.838 5.952 6.069 6.187 5.978 5.728 5.476 5.222 4.966 4.707 4.309 3.889 3.467 3.041 2.613 2.182 1.869 1.563 1.245 0.915 0.573 0.219 0.146 0.123 0.098 0.070 0.039 0.006 0.000 0.000 0.000 0.000 0.000 0.000 0.000 0.000 0.000 0.000 0.000 0.000 0.000 0.000 0.000 0.000 0.000 0.000
0.000 0.000 0.000 0.000 0.000 0.000 0.000 0.000 0.033 0.084 0.146 0.219 0.302 0.397 0.815 1.319 1.827 2.340 2.858 3.381 3.808 4.210 4.617 5.028 5.443 5.862 6.050 6.167 6.286 6.407 6.530 6.654 6.493 6.235 5.975 5.713 5.448 5.197 4.824 4.397 3.959 3.510 3.049 2.578 2.201 1.852 1.492 1.120 0.735 0.339 0.200 0.168 0.133 0.096 0.056 0.014 0.000 0.000 0.000 0.000 0.000 0.000 0.000 0.000 0.000 0.000 0.000 0.000 0.000 0.000 0.000 0.000 0.000 0.000
0.000 0.000 0.000 0.000 0.000 0.000 0.000 0.000 0.053 0.143 0.243 0.355 0.478 0.612 0.996 1.516 2.042 2.573 3.108 3.648 4.110 4.527 4.949 5.375 5.806 6.240 6.482 6.606 6.731 6.859 7.005 7.156 7.068 6.820 6.570 6.317 6.061 5.803 5.426 4.960 4.482 3.994 3.494 2.983 2.544 2.153 1.751 1.336 0.909 0.471 0.255 0.214 0.171 0.124 0.075 0.024 0.000 0.000 0.000 0.000 0.000 0.000 0.000 0.000 0.000 0.000 0.000 0.000 0.000 0.000 0.000 0.000 0.000 0.000
0.000 0.000 0.000 0.000 0.000 0.000 0.000 0.000 0.061 0.190 0.329 0.480 0.641 0.814 1.170 1.708 2.251 2.799 3.352 3.910 4.407 4.839 5.278 5.728 6.183 6.642 6.953 7.102 7.255 7.414 7.578 7.747 7.722 7.465 7.205 6.943 6.679 6.411 6.039 5.533 5.016 4.488 3.949 3.398 2.898 2.466 2.021 1.564 1.095 0.615 0.314 0.264 0.211 0.155 0.097 0.035 0.000 0.000 0.000 0.000 0.000 0.000 0.000 0.000 0.000 0.000 0.000 0.000 0.000 0.000 0.000 0.000 0.000 0.000
0.000 0.000 0.000 0.000 0.000 0.000 0.000 0.000 0.057 0.224 0.403 0.592 0.792 1.003 1.339 1.905 2.486 3.064 3.640 4.212 4.743 5.199 5.661 6.127 6.598 7.073 7.448 7.615 7.786 7.963 8.145 8.332 8.377 8.111 7.843 7.571 7.298 7.021 6.662 6.117 5.561 4.993 4.414 3.824 3.265 2.790 2.303 1.801 1.276 0.741 0.334 0.272 0.211 0.152 0.094 0.039 0.000 0.000 0.000 0.000 0.000 0.000 0.000 0.000 0.000 0.000 0.000 0.000 0.000 0.000 0.000 0.000 0.000 0.000
0.000 0.000 0.000 0.000 0.000 0.000 0.000 0.000 0.059 0.297 0.546 0.805 1.076 1.358 1.706 2.280 2.851 3.418 3.983 4.545 5.088 5.561 6.038 6.521 7.008 7.499 7.937 8.122 8.311 8.506 8.705 8.910 9.035 8.760 8.482 8.201 7.918 7.633 7.296 6.712 6.121 5.517 4.888 4.234 3.581 3.050 2.508 1.955 1.390 0.813 0.305 0.249 0.194 0.141 0.090 0.041 0.000 0.000 0.000 0.000 0.000 0.000 0.000 0.000 0.000 0.000 0.000 0.000 0.000 0.000 0.000 0.000 0.000 0.000
0.000 0.000 0.001 0.015 0.041 0.077 0.124 0.181 0.259 0.536 0.823 1.121 1.431 1.751 2.094 2.657 3.218 3.775 4.330 4.881 5.427 5.916 6.410 6.909 7.412 7.919 8.420 8.622 8.830 9.042 9.260 9.482 9.695 9.442 9.206 8.954 8.686 8.402 8.095 7.453 6.786 6.094 5.376 4.633 3.869 3.298 2.715 2.120 1.514 0.896 0.274 0.224 0.175 0.129 0.084 0.041 0.000 0.000 0.000 0.000 0.000 0.000 0.000 0.000 0.000 0.000 0.001 0.002 0.003 0.003 0.003 0.002 0.002 0.001
0.000 0.000 0.000 0.048 0.110 0.184 0.267 0.362 0.466 0.762 1.088 1.425 1.773 2.132 2.502 3.037 3.587 4.134 4.678 5.219 5.758 6.266 6.777 7.291 7.810 8.334 8.893 9.199 9.483 9.779 10.088 10.410 10.743 10.537 10.245 9.938 9.614 9.276 8.921 8.232 7.476 6.695 5.889 5.058 4.201 3.557 2.933 2.297 1.650 0.992 0.322 0.197 0.155 0.115 0.076 0.039 0.004 0.000 0.000 0.001 0.002 0.004 0.007 0.008 0.009 0.009 0.009 0.009 0.008 0.008 0.007 0.006 0.004 0.002
0.000 0.000 0.000 0.068 0.168 0.278 0.399 0.531 0.673 0.977 1.341 1.717 2.103 2.500 2.909 3.419 3.959 4.496 5.029 5.577 6.144 6.709 7.277 7.855 8.441 9.036 9.640 10.032 10.359 10.699 11.052 11.417 11.794 11.646 11.299 10.937 10.558 10.164 9.754 9.036 8.192 7.322 6.427 5.507 4.562 3.827 3.162 2.486 1.798 1.099 0.388 0.178 0.155 0.126 0.093 0.055 0.012 0.001 0.003 0.006 0.009 0.013 0.017 0.019 0.018 0.018 0.017 0.016 0.014 0.013 0.011 0.009 0.006 0.004
0.000 0.000 0.000 0.077 0.214 0.362 0.520 0.688 0.867 1.178 1.582 1.995 2.400 2.811 3.227 3.723 4.281 4.856 5.447 6.055 6.680 7.290 7.890 8.498 9.115 9.742 10.377 10.850 11.221 11.605 12.001 12.410 12.831 12.771 12.368 11.950 11.516 11.067 10.601 9.864 8.931 7.973 6.990 5.982 4.956 4.128 3.438 2.740 2.033 1.317 0.592 0.274 0.234 0.189 0.139 0.085 0.025 0.002 0.006 0.011 0.016 0.021 0.028 0.030 0.028 0.027 0.025 0.023 0.021 0.018 0.015 0.012 0.009 0.005
0.000 0.000 0.000 0.075 0.249 0.432 0.620 0.812 1.009 1.303 1.717 2.137 2.563 2.994 3.432 3.948 4.565 5.198 5.848 6.514 7.197 7.861 8.492 9.131 9.779 10.437 11.103 11.654 12.069 12.497 12.936 13.389 13.853 13.910 13.452 12.979 12.490 12.016 11.505 10.756 9.746 8.711 7.649 6.561 5.447 4.503 3.783 3.054 2.316 1.569 0.813 0.374 0.318 0.256 0.190 0.119 0.043 0.003 0.008 0.015 0.022 0.029 0.037 0.041 0.039 0.036 0.033 0.031 0.027 0.026 0.027 0.028 0.028 0.029
0.012 0.021 0.032 0.098 0.292 0.491 0.694 0.902 1.115 1.395 1.830 2.271 2.718 3.171 3.630 4.155 4.830 5.522 6.230 6.955 7.696 8.422 9.083 9.754 10.433 11.121 11.818 12.445 12.903 13.374 13.984 14.596 15.205 15.481 14.994 14.459 13.876 13.244 12.566 11.732 10.631 9.503 8.349 7.170 5.964 4.887 4.136 3.376 2.607 1.830 1.043 0.479 0.406 0.328 0.245 0.158 0.065 0.002 0.010 0.018 0.027 0.036 0.046 0.053 0.052 0.052 0.054 0.056 0.060 0.063 0.064 0.065 0.066 0.066
0.037 0.053 0.072 0.120 0.330 0.544 0.764 0.987 1.215 1.480 1.937 2.399 2.867 3.341 3.822 4.344 5.077 5.827 6.594 7.377 8.177 8.972 9.670 10.448 11.280 12.165 13.103 14.029 14.639 15.246 15.848 16.446 17.040 17.429 16.773 16.070 15.319 14.520 13.673 12.734 11.541 10.321 9.076 7.804 6.506 5.279 4.497 3.706 2.907 2.099 1.282 0.588 0.499 0.404 0.305 0.202 0.094 0.005 0.015 0.026 0.036 0.047 0.058 0.068 0.071 0.075 0.080 0.086 0.094 0.101 0.101 0.102 0.103 0.103
0.059 0.083 0.110 0.138 0.363 0.593 0.828 1.067 1.311 1.560 2.036 2.520 3.009 3.505 4.006 4.516 5.319 6.145 6.994 7.866 8.761 9.679 10.591 11.555 12.573 13.644 14.769 15.937 16.533 17.125 17.713 18.296 18.876 19.423 18.600 17.729 16.810 15.843 14.829 13.762 12.476 11.165 9.828 8.464 7.075 5.680 4.867 4.045 3.197 2.349 1.508 0.702 0.597 0.488 0.374 0.256 0.134 0.014 0.025 0.036 0.047 0.058 0.070 0.081 0.088 0.096 0.105 0.115 0.126 0.138 0.139 0.139 0.140 0.140
0.079 0.111 0.145 0.181 0.390 0.637 0.887 1.142 1.398 1.649 2.107 2.613 3.131 3.661 4.204 4.759 5.597 6.504 7.435 8.388 9.364 10.364 11.453 12.604 13.809 15.066 16.377 17.740 18.428 19.006 19.579 20.149 20.714 21.275 20.473 19.434 18.348 17.214 16.032 14.802 13.438 11.941 10.435 8.929 7.424 5.920 5.004 4.167 3.336 2.514 1.698 0.890 0.701 0.576 0.448 0.315 0.178 0.036 0.034 0.045 0.057 0.069 0.081 0.094 0.104 0.116 0.129 0.143 0.158 0.174 0.176 0.177 0.177 0.186
0.096 0.135 0.175 0.216 0.400 0.651 0.904 1.157 1.412 1.669 2.122 2.671 3.232 3.805 4.391 4.989 5.850 6.839 7.850 8.885 9.942 11.023 12.259 13.596 14.986 16.430 17.927 19.476 20.325 20.888 21.447 22.002 22.553 23.091 22.151 20.752 19.346 17.931 16.509 15.078 13.591 12.086 10.582 9.079 7.576 6.074 5.086 4.274 3.469 2.671 1.881 1.098 0.808 0.669 0.526 0.378 0.226 0.069 0.042 0.055 0.067 0.080 0.092 0.105 0.120 0.135 0.154 0.178 0.207 0.240 0.267 0.296 0.331 0.372
0.103 0.146 0.191 0.237 0.395 0.651 0.908 1.166 1.426 1.687 2.123 2.715 3.319 3.936 4.565 5.206 6.078 7.147 8.240 9.356 10.495 11.657 13.007 14.530 16.106 17.736 19.399 20.970 21.828 22.157 22.457 22.729 22.972 23.187 22.432 21.005 19.571 18.128 16.678 15.220 13.732 12.230 10.728 9.228 7.728 6.228 5.161 4.374 3.594 2.821 2.056 1.298 0.920 0.766 0.607 0.445 0.278 0.107 0.051 0.064 0.077 0.089 0.101 0.113 0.135 0.166 0.202 0.242 0.287 0.336 0.384 0.434 0.490 0.552
0.109 0.157 0.206 0.257 0.388 0.648 0.910 1.173 1.438 1.703 2.111 2.746 3.393 4.053 4.724 5.408 6.280 7.431 8.605 9.834 11.145 12.464 13.908 15.497 17.053 18.576 20.068 21.526 22.450 22.679 22.880 23.052 23.196 23.312 22.721 21.266 19.804 18.333 16.855 15.369 13.873 12.373 10.874 9.376 7.878 6.382 5.228 4.466 3.712 2.964 2.224 1.492 1.019 0.833 0.652 0.476 0.304 0.138 0.062 0.074 0.086 0.097 0.108 0.119 0.147 0.194 0.245 0.301 0.362 0.427 0.495 0.566 0.643 0.726
0.112 0.165 0.220 0.276 0.379 0.645 0.911 1.179 1.448 1.718 2.086 2.764 3.501 4.315 5.157 6.026 7.026 8.341 9.664 10.993 12.330 13.673 15.062 16.538 17.981 19.391 20.769 22.115 23.100 23.230 23.331 23.404 23.449 23.465 23.017 21.535 20.045 18.547 17.041 15.527 14.014 12.516 11.020 9.524 8.029 6.522 5.256 4.497 3.742 2.992 2.246 1.504 0.961 0.792 0.627 0.467 0.313 0.162 0.073 0.084 0.095 0.105 0.116 0.126 0.154 0.217 0.284 0.356 0.433 0.514 0.600 0.692 0.790 0.894
0.115 0.173 0.232 0.292 0.370 0.648 0.957 1.294 1.661 2.057 2.518 3.374 4.257 5.168 6.106 7.073 8.101 9.441 10.789 12.143 13.504 14.872 16.248 17.611 18.941 20.238 21.503 22.736 23.779 23.809 23.812 23.786 23.731 23.648 23.322 21.812 20.294 18.768 17.265 15.724 14.160 12.654 11.141 9.623 8.099 6.569 5.183 4.439 3.699 2.963 2.232 1.505 0.898 0.745 0.598 0.454 0.316 0.183 0.084 0.094 0.104 0.114 0.123 0.132 0.157 0.235 0.319 0.407 0.499 0.596 0.704 0.844 0.997 1.164
0.115 0.177 0.241 0.306 0.372 0.729 1.140 1.580 2.049 2.547 3.075 4.003 4.983 5.990 7.025 8.088 9.178 10.532 11.904 13.283 14.669 16.063 17.463 18.716 19.933 21.118 22.270 23.390 24.478 24.418 24.333 24.404 24.381 24.265 24.041 22.521 20.960 19.359 17.717 16.035 14.319 12.792 11.258 9.719 8.174 6.623 5.106 4.376 3.651 2.930 2.214 1.502 0.831 0.695 0.563 0.437 0.315 0.198 0.096 0.105 0.114 0.122 0.131 0.142 0.170 0.280 0.398 0.523 0.657 0.798 0.951 1.137 1.337 1.550
