DATA/SHG/CPC/2018/20180716.asc
ncols        190
nrows        64
xllcorner    -5100000.000000000000
yllcorner    4130000.000000000000
cellsize     10000.000000000000
NODATA_value  -99999.000
[rows 0 to 33 of 64, columns 0 to 74 of 190]
0.104 0.104 0.104 0.104 0.105 0.105 0.106 0.107 0.109 0.110 0.112 0.113 0.114 0.114 0.115 0.116 0.117 0.118 0.121 0.124 0.127 0.131 0.134 0.138 0.141 0.145 0.149 0.153 0.157 0.161 0.163 0.165 0.166 0.167 0.168 0.171 0.175 0.182 0.188 0.194 0.200 0.206 0.208 0.208 0.207 0.206 0.206 0.205 0.204 0.203 0.202 0.201 0.200 0.199 0.198 0.199 0.200 0.201 0.202 0.203 0.203 0.200 0.198 0.196 0.194 0.191 0.188 0.183 0.178 0.174 0.170 0.165 0.160 0.154 0.148
0.104 0.104 0.105 0.105 0.105 0.105 0.106 0.108 0.109 0.110 0.112 0.113 0.114 0.115 0.116 0.118 0.119 0.120 0.123 0.126 0.130 0.134 0.137 0.141 0.145 0.149 0.153 0.157 0.161 0.166 0.169 0.171 0.174 0.177 0.179 0.183 0.187 0.193 0.199 0.205 0.211 0.216 0.219 0.218 0.217 0.216 0.215 0.213 0.212 0.211 0.210 0.209 0.208 0.207 0.207 0.208 0.209 0.210 0.211 0.212 0.211 0.207 0.204 0.201 0.197 0.194 0.190 0.186 0.182 0.178 0.174 0.170 0.166 0.160 0.154
0.104 0.105 0.105 0.105 0.105 0.106 0.107 0.108 0.109 0.111 0.112 0.113 0.115 0.116 0.117 0.119 0.121 0.123 0.125 0.129 0.133 0.137 0.141 0.145 0.150 0.154 0.159 0.164 0.168 0.173 0.177 0.180 0.183 0.187 0.191 0.194 0.199 0.205 0.210 0.216 0.221 0.227 0.230 0.229 0.227 0.226 0.224 0.222 0.221 0.220 0.219 0.218 0.217 0.216 0.215 0.215 0.216 0.215 0.215 0.214 0.213 0.209 0.206 0.203 0.199 0.196 0.193 0.189 0.185 0.182 0.178 0.175 0.171 0.165 0.160
0.104 0.105 0.105 0.105 0.106 0.106 0.107 0.108 0.109 0.111 0.112 0.113 0.115 0.117 0.118 0.120 0.122 0.124 0.127 0.131 0.136 0.141 0.145 0.151 0.156 0.161 0.165 0.170 0.175 0.180 0.185 0.188 0.192 0.197 0.201 0.206 0.211 0.216 0.222 0.227 0.232 0.237 0.241 0.239 0.238 0.237 0.235 0.234 0.232 0.231 0.230 0.229 0.227 0.225 0.223 0.222 0.221 0.220 0.219 0.217 0.215 0.211 0.208 0.205 0.202 0.198 0.195 0.192 0.188 0.185 0.182 0.179 0.176 0.171 0.165
0.104 0.105 0.105 0.106 0.106 0.107 0.108 0.109 0.111 0.112 0.113 0.115 0.116 0.118 0.120 0.122 0.124 0.126 0.128 0.133 0.139 0.144 0.150 0.156 0.162 0.167 0.172 0.177 0.182 0.187 0.192 0.197 0.201 0.207 0.212 0.217 0.223 0.228 0.235 0.242 0.248 0.254 0.260 0.259 0.257 0.255 0.252 0.249 0.246 0.244 0.242 0.240 0.237 0.234 0.231 0.229 0.227 0.225 0.222 0.220 0.217 0.213 0.210 0.207 0.204 0.200 0.197 0.194 0.191 0.189 0.187 0.185 0.183 0.179 0.175
0.105 0.106 0.106 0.107 0.108 0.109 0.110 0.112 0.113 0.114 0.115 0.117 0.118 0.120 0.122 0.124 0.126 0.128 0.130 0.135 0.141 0.148 0.154 0.161 0.167 0.173 0.178 0.183 0.188 0.194 0.200 0.208 0.217 0.225 0.233 0.241 0.250 0.256 0.262 0.267 0.272 0.277 0.282 0.280 0.277 0.273 0.269 0.265 0.260 0.257 0.254 0.251 0.247 0.243 0.239 0.236 0.233 0.230 0.227 0.223 0.219 0.215 0.213 0.212 0.210 0.208 0.206 0.204 0.202 0.200 0.198 0.195 0.193 0.189 0.185
0.107 0.108 0.109 0.110 0.111 0.112 0.113 0.114 0.115 0.116 0.118 0.119 0.120 0.121 0.123 0.125 0.127 0.129 0.131 0.137 0.144 0.151 0.158 0.166 0.174 0.182 0.190 0.199 0.208 0.218 0.229 0.238 0.246 0.254 0.262 0.270 0.278 0.284 0.288 0.293 0.297 0.300 0.304 0.301 0.297 0.292 0.287 0.281 0.275 0.271 0.267 0.262 0.258 0.253 0.248 0.245 0.244 0.242 0.239 0.236 0.233 0.231 0.229 0.227 0.224 0.222 0.219 0.217 0.214 0.211 0.208 0.205 0.202 0.199 0.195
0.109 0.110 0.111 0.112 0.113 0.114 0.116 0.117 0.118 0.119 0.120 0.121 0.121 0.123 0.125 0.127 0.129 0.131 0.134 0.140 0.149 0.158 0.167 0.177 0.187 0.197 0.208 0.219 0.231 0.244 0.257 0.268 0.276 0.283 0.291 0.299 0.306 0.312 0.315 0.318 0.321 0.324 0.326 0.323 0.318 0.311 0.305 0.298 0.292 0.288 0.286 0.283 0.280 0.277 0.273 0.270 0.267 0.264 0.260 0.256 0.251 0.247 0.245 0.242 0.239 0.236 0.232 0.229 0.226 0.223 0.219 0.216 0.212 0.208 0.205
0.111 0.113 0.114 0.115 0.116 0.117 0.118 0.119 0.120 0.121 0.121 0.122 0.122 0.124 0.126 0.129 0.132 0.135 0.138 0.145 0.155 0.165 0.176 0.187 0.199 0.212 0.225 0.239 0.253 0.269 0.285 0.298 0.305 0.313 0.320 0.328 0.335 0.340 0.342 0.344 0.346 0.347 0.348 0.347 0.341 0.336 0.331 0.327 0.323 0.319 0.316 0.312 0.308 0.304 0.299 0.295 0.290 0.286 0.281 0.275 0.269 0.264 0.261 0.257 0.254 0.250 0.246 0.242 0.238 0.234 0.230 0.226 0.222 0.220 0.220
0.114 0.115 0.116 0.116 0.117 0.118 0.118 0.119 0.120 0.120 0.121 0.121 0.122 0.124 0.127 0.130 0.134 0.138 0.142 0.148 0.160 0.172 0.185 0.198 0.211 0.225 0.241 0.258 0.275 0.293 0.312 0.327 0.335 0.342 0.348 0.354 0.360 0.365 0.367 0.368 0.369 0.370 0.372 0.371 0.367 0.363 0.359 0.356 0.353 0.350 0.346 0.341 0.336 0.331 0.326 0.320 0.314 0.308 0.302 0.295 0.288 0.281 0.277 0.273 0.269 0.265 0.263 0.262 0.260 0.258 0.256 0.253 0.250 0.247 0.248
0.113 0.114 0.115 0.116 0.116 0.117 0.118 0.118 0.119 0.119 0.120 0.121 0.122 0.123 0.127 0.131 0.136 0.140 0.145 0.152 0.165 0.179 0.193 0.207 0.222 0.238 0.256 0.275 0.293 0.313 0.332 0.349 0.356 0.362 0.368 0.375 0.382 0.388 0.389 0.391 0.392 0.393 0.395 0.396 0.392 0.390 0.387 0.385 0.383 0.381 0.376 0.370 0.365 0.359 0.352 0.346 0.339 0.331 0.325 0.320 0.316 0.311 0.310 0.308 0.306 0.304 0.301 0.298 0.295 0.292 0.288 0.283 0.278 0.273 0.275
0.113 0.114 0.115 0.115 0.116 0.116 0.117 0.117 0.118 0.119 0.120 0.121 0.121 0.123 0.127 0.132 0.138 0.143 0.148 0.155 0.169 0.184 0.200 0.215 0.232 0.248 0.267 0.287 0.307 0.327 0.348 0.368 0.375 0.382 0.389 0.396 0.403 0.411 0.412 0.413 0.415 0.416 0.418 0.419 0.418 0.416 0.415 0.414 0.413 0.413 0.406 0.401 0.397 0.393 0.389 0.386 0.381 0.376 0.371 0.366 0.360 0.355 0.352 0.349 0.346 0.343 0.339 0.335 0.330 0.325 0.320 0.313 0.307 0.300 0.302
0.112 0.114 0.114 0.115 0.115 0.115 0.116 0.116 0.117 0.118 0.119 0.120 0.121 0.121 0.126 0.132 0.138 0.144 0.151 0.158 0.173 0.189 0.206 0.223 0.240 0.258 0.278 0.299 0.320 0.341 0.363 0.386 0.394 0.402 0.409 0.417 0.425 0.432 0.435 0.436 0.438 0.439 0.441 0.443 0.444 0.445 0.447 0.450 0.452 0.455 0.452 0.448 0.444 0.441 0.437 0.433 0.428 0.423 0.417 0.411 0.405 0.399 0.395 0.391 0.387 0.382 0.377 0.372 0.366 0.359 0.352 0.344 0.336 0.327 0.328
0.112 0.113 0.114 0.114 0.114 0.114 0.114 0.114 0.114 0.115 0.115 0.116 0.116 0.117 0.122 0.129 0.137 0.144 0.152 0.161 0.176 0.193 0.211 0.229 0.248 0.267 0.288 0.310 0.332 0.355 0.378 0.402 0.414 0.421 0.429 0.437 0.446 0.456 0.461 0.465 0.469 0.473 0.477 0.481 0.484 0.487 0.490 0.493 0.496 0.500 0.498 0.495 0.491 0.488 0.484 0.481 0.476 0.470 0.463 0.457 0.450 0.443 0.438 0.433 0.427 0.422 0.416 0.410 0.402 0.406 0.413 0.422 0.432 0.444 0.466
0.110 0.110 0.110 0.110 0.110 0.109 0.109 0.109 0.109 0.110 0.110 0.111 0.112 0.113 0.118 0.127 0.135 0.144 0.153 0.163 0.178 0.197 0.216 0.236 0.255 0.276 0.298 0.321 0.345 0.369 0.395 0.421 0.437 0.447 0.457 0.468 0.479 0.490 0.497 0.501 0.506 0.510 0.515 0.520 0.524 0.528 0.532 0.535 0.540 0.544 0.544 0.541 0.538 0.535 0.532 0.529 0.524 0.517 0.510 0.502 0.495 0.487 0.489 0.493 0.498 0.504 0.512 0.521 0.531 0.543 0.555 0.569 0.585 0.603 0.628
0.105 0.106 0.105 0.105 0.105 0.104 0.104 0.104 0.104 0.105 0.106 0.107 0.108 0.109 0.114 0.123 0.133 0.144 0.154 0.165 0.181 0.201 0.221 0.243 0.265 0.288 0.313 0.339 0.365 0.392 0.419 0.447 0.467 0.478 0.489 0.500 0.512 0.524 0.533 0.538 0.543 0.548 0.553 0.559 0.564 0.568 0.573 0.578 0.583 0.588 0.590 0.587 0.584 0.582 0.579 0.580 0.581 0.579 0.579 0.580 0.583 0.586 0.591 0.600 0.610 0.621 0.633 0.646 0.661 0.678 0.696 0.715 0.737 0.759 0.788
0.101 0.101 0.101 0.100 0.100 0.100 0.099 0.099 0.099 0.100 0.101 0.102 0.103 0.104 0.109 0.120 0.131 0.143 0.156 0.169 0.185 0.208 0.231 0.255 0.280 0.305 0.331 0.359 0.386 0.415 0.443 0.472 0.496 0.508 0.520 0.532 0.545 0.558 0.568 0.574 0.580 0.585 0.591 0.598 0.604 0.609 0.614 0.621 0.630 0.639 0.645 0.646 0.648 0.650 0.653 0.656 0.659 0.661 0.665 0.670 0.676 0.683 0.693 0.706 0.720 0.735 0.752 0.770 0.790 0.811 0.835 0.860 0.886 0.914 0.947
0.097 0.097 0.096 0.096 0.095 0.095 0.094 0.094 0.093 0.094 0.095 0.096 0.097 0.098 0.102 0.115 0.128 0.143 0.157 0.173 0.190 0.215 0.241 0.267 0.294 0.321 0.349 0.378 0.407 0.437 0.467 0.497 0.525 0.538 0.551 0.564 0.577 0.591 0.604 0.610 0.617 0.626 0.636 0.646 0.656 0.665 0.674 0.683 0.693 0.703 0.711 0.714 0.717 0.721 0.725 0.730 0.736 0.742 0.750 0.759 0.769 0.780 0.792 0.810 0.829 0.848 0.870 0.892 0.916 0.943 0.972 1.003 1.036 1.082 1.133
0.093 0.092 0.090 0.089 0.088 0.087 0.086 0.085 0.085 0.086 0.087 0.089 0.090 0.092 0.094 0.109 0.125 0.141 0.158 0.176 0.194 0.222 0.249 0.278 0.307 0.337 0.367 0.397 0.428 0.459 0.490 0.522 0.553 0.567 0.582 0.598 0.615 0.633 0.652 0.661 0.672 0.682 0.693 0.704 0.716 0.726 0.736 0.746 0.756 0.766 0.777 0.781 0.786 0.792 0.798 0.804 0.811 0.822 0.833 0.846 0.860 0.875 0.891 0.913 0.936 0.961 0.989 1.021 1.056 1.099 1.147 1.199 1.256 1.317 1.383
0.082 0.081 0.081 0.080 0.079 0.078 0.078 0.077 0.076 0.078 0.079 0.081 0.083 0.085 0.087 0.103 0.121 0.140 0.159 0.178 0.199 0.227 0.257 0.288 0.320 0.352 0.383 0.413 0.444 0.476 0.509 0.544 0.579 0.599 0.617 0.637 0.657 0.679 0.701 0.714 0.725 0.737 0.750 0.763 0.776 0.787 0.797 0.808 0.819 0.830 0.841 0.848 0.854 0.862 0.869 0.878 0.886 0.900 0.915 0.929 0.946 0.964 0.984 1.013 1.047 1.083 1.122 1.164 1.209 1.267 1.330 1.398 1.471 1.548 1.629
0.071 0.071 0.071 0.071 0.070 0.069 0.069 0.068 0.068 0.069 0.071 0.074 0.076 0.078 0.081 0.096 0.116 0.137 0.158 0.177 0.195 0.221 0.251 0.282 0.314 0.348 0.383 0.418 0.452 0.489 0.526 0.564 0.603 0.629 0.651 0.674 0.698 0.723 0.750 0.766 0.779 0.792 0.806 0.820 0.835 0.847 0.858 0.869 0.881 0.893 0.905 0.911 0.916 0.921 0.928 0.935 0.942 0.958 0.977 0.998 1.021 1.046 1.073 1.111 1.155 1.201 1.251 1.304 1.360 1.430 1.509 1.593 1.681 1.774 1.871
0.060 0.060 0.061 0.061 0.061 0.060 0.060 0.060 0.059 0.061 0.063 0.066 0.068 0.069 0.070 0.081 0.100 0.118 0.135 0.153 0.170 0.197 0.232 0.267 0.304 0.343 0.382 0.421 0.460 0.500 0.541 0.583 0.626 0.658 0.684 0.711 0.738 0.767 0.797 0.817 0.832 0.847 0.862 0.878 0.891 0.901 0.908 0.916 0.924 0.932 0.940 0.947 0.954 0.963 0.972 0.981 0.992 1.011 1.037 1.065 1.095 1.127 1.161 1.206 1.260 1.317 1.377 1.441 1.507 1.589 1.684 1.783 1.887 1.996 2.109
0.048 0.050 0.051 0.052 0.052 0.051 0.050 0.049 0.049 0.049 0.050 0.051 0.052 0.052 0.052 0.061 0.078 0.095 0.112 0.129 0.146 0.172 0.211 0.251 0.293 0.335 0.380 0.423 0.466 0.510 0.555 0.601 0.648 0.687 0.716 0.746 0.777 0.808 0.838 0.860 0.872 0.885 0.897 0.910 0.922 0.933 0.941 0.949 0.957 0.965 0.973 0.982 0.992 1.003 1.015 1.027 1.041 1.063 1.096 1.130 1.167 1.205 1.246 1.297 1.362 1.430 1.501 1.575 1.652 1.733 1.817 1.904 1.993 2.085 2.179
0.037 0.039 0.040 0.041 0.040 0.039 0.038 0.037 0.036 0.036 0.036 0.036 0.036 0.036 0.035 0.040 0.057 0.073 0.089 0.105 0.121 0.145 0.188 0.233 0.280 0.327 0.376 0.425 0.471 0.519 0.568 0.618 0.668 0.712 0.742 0.772 0.803 0.834 0.865 0.890 0.902 0.915 0.928 0.941 0.954 0.965 0.973 0.981 0.989 0.998 1.006 1.016 1.029 1.042 1.057 1.073 1.089 1.113 1.152 1.193 1.237 1.282 1.319 1.357 1.411 1.467 1.523 1.581 1.639 1.709 1.801 1.897 1.995 2.095 2.197
0.028 0.029 0.029 0.030 0.028 0.027 0.026 0.025 0.024 0.023 0.022 0.022 0.021 0.020 0.018 0.020 0.035 0.051 0.067 0.082 0.097 0.117 0.165 0.216 0.268 0.322 0.378 0.433 0.483 0.533 0.584 0.635 0.686 0.734 0.765 0.796 0.827 0.859 0.891 0.919 0.932 0.945 0.958 0.971 0.985 0.997 1.005 1.014 1.022 1.030 1.039 1.049 1.064 1.081 1.099 1.110 1.118 1.129 1.159 1.189 1.219 1.249 1.279 1.313 1.371 1.430 1.490 1.550 1.612 1.682 1.783 1.887 1.993 2.102 2.213
0.018 0.019 0.019 0.018 0.017 0.016 0.014 0.013 0.011 0.010 0.009 0.007 0.006 0.004 0.002 0.000 0.017 0.034 0.050 0.065 0.080 0.094 0.149 0.205 0.263 0.322 0.383 0.445 0.496 0.548 0.599 0.652 0.704 0.756 0.788 0.820 0.852 0.884 0.917 0.949 0.962 0.975 0.989 1.002 1.016 1.029 1.037 1.046 1.048 1.049 1.050 1.052 1.060 1.067 1.074 1.080 1.086 1.092 1.122 1.151 1.180 1.209 1.238 1.269 1.330 1.392 1.455 1.519 1.584 1.653 1.763 1.875 1.990 2.107 2.227
0.009 0.009 0.008 0.007 0.006 0.004 0.003 0.001 0.000 0.000 0.000 0.000 0.000 0.000 0.000 0.000 0.013 0.027 0.041 0.054 0.066 0.078 0.132 0.193 0.256 0.321 0.387 0.454 0.509 0.562 0.615 0.668 0.722 0.776 0.811 0.844 0.876 0.909 0.942 0.976 0.992 0.997 1.001 1.006 1.011 1.017 1.019 1.020 1.022 1.025 1.028 1.031 1.037 1.042 1.047 1.051 1.055 1.058 1.084 1.113 1.142 1.170 1.198 1.226 1.288 1.353 1.420 1.487 1.556 1.625 1.740 1.861 1.984 2.109 2.234
0.001 0.000 0.000 0.000 0.000 0.000 0.000 0.000 0.000 0.000 0.000 0.000 0.000 0.000 0.000 0.000 0.009 0.021 0.033 0.043 0.054 0.063 0.113 0.179 0.248 0.318 0.389 0.462 0.521 0.575 0.629 0.684 0.739 0.794 0.823 0.847 0.870 0.894 0.918 0.943 0.953 0.958 0.964 0.971 0.978 0.985 0.989 0.993 0.996 1.000 1.005 1.010 1.014 1.018 1.020 1.023 1.024 1.026 1.047 1.075 1.103 1.131 1.158 1.185 1.245 1.313 1.384 1.454 1.526 1.598 1.712 1.837 1.964 2.093 2.222
0.000 0.000 0.000 0.000 0.000 0.000 0.000 0.000 0.000 0.000 0.000 0.000 0.000 0.000 0.000 0.000 0.006 0.016 0.025 0.034 0.041 0.049 0.092 0.164 0.238 0.313 0.388 0.456 0.510 0.555 0.601 0.647 0.694 0.741 0.775 0.799 0.824 0.848 0.873 0.898 0.912 0.920 0.927 0.935 0.944 0.953 0.959 0.964 0.970 0.975 0.982 0.988 0.992 0.994 0.995 0.995 0.995 0.994 1.011 1.039 1.067 1.095 1.122 1.149 1.205 1.276 1.349 1.422 1.495 1.569 1.680 1.810 1.942 2.075 2.209
0.000 0.000 0.000 0.000 0.000 0.000 0.000 0.000 0.000 0.000 0.000 0.000 0.000 0.000 0.000 0.000 0.003 0.011 0.018 0.024 0.031 0.036 0.069 0.138 0.205 0.270 0.333 0.393 0.447 0.494 0.541 0.590 0.639 0.688 0.727 0.752 0.777 0.802 0.828 0.854 0.872 0.881 0.890 0.900 0.910 0.920 0.929 0.936 0.943 0.950 0.958 0.966 0.971 0.971 0.971 0.971 0.970 0.969 0.982 1.010 1.037 1.063 1.089 1.115 1.165 1.239 1.313 1.388 1.464 1.540 1.647 1.782 1.918 2.056 2.195
0.000 0.000 0.000 0.000 0.000 0.000 0.000 0.000 0.000 0.000 0.000 0.000 0.000 0.000 0.000 0.000 0.002 0.008 0.013 0.018 0.023 0.027 0.047 0.108 0.168 0.225 0.280 0.332 0.382 0.432 0.481 0.532 0.583 0.634 0.679 0.704 0.730 0.756 0.783 0.809 0.831 0.841 0.852 0.863 0.875 0.889 0.902 0.911 0.920 0.929 0.938 0.946 0.952 0.951 0.950 0.949 0.948 0.947 0.955 0.981 1.007 1.032 1.057 1.082 1.125 1.201 1.278 1.355 1.432 1.511 1.613 1.752 1.893 2.035 2.179
0.000 0.000 0.000 0.000 0.000 0.000 0.000 0.000 0.000 0.000 0.000 0.000 0.000 0.000 0.000 0.000 0.000 0.005 0.009 0.012 0.016 0.018 0.027 0.081 0.132 0.182 0.229 0.274 0.318 0.369 0.421 0.473 0.526 0.580 0.630 0.657 0.683 0.710 0.739 0.768 0.795 0.809 0.824 0.839 0.854 0.869 0.884 0.893 0.901 0.910 0.918 0.927 0.933 0.932 0.930 0.928 0.926 0.924 0.928 0.953 0.977 1.001 1.025 1.049 1.085 1.163 1.241 1.320 1.400 1.480 1.580 1.736 1.892 2.050 2.207
0.000 0.000 0.000 0.000 0.000 0.000 0.000 0.000 0.000 0.000 0.000 0.000 0.000 0.000 0.000 0.000 0.000 0.003 0.005 0.007 0.009 0.010 0.010 0.055 0.099 0.141 0.180 0.217 0.252 0.306 0.360 0.416 0.473 0.531 0.588 0.618 0.647 0.677 0.708 0.738 0.769 0.784 0.800 0.816 0.833 0.850 0.866 0.875 0.883 0.891 0.899 0.907 0.914 0.912 0.910 0.908 0.905 0.902 0.901 0.925 0.948 0.971 0.994 1.018 1.053 1.143 1.234 1.328 1.423 1.521 1.628 1.786 1.945 2.105 2.266
0.000 0.000 0.000 0.000 0.000 0.000 0.000 0.000 0.000 0.000 0.000 0.000 0.000 0.000 0.000 0.000 0.000 0.001 0.002 0.002 0.002 0.002 0.001 0.033 0.070 0.106 0.139 0.170 0.199 0.252 0.310 0.368 0.428 0.488 0.548 0.583 0.613 0.645 0.676 0.708 0.740 0.759 0.776 0.793 0.811 0.829 0.848 0.857 0.865 0.873 0.880 0.888 0.895 0.893 0.890 0.887 0.886 0.887 0.889 0.916 0.945 0.975 1.004 1.035 1.065 1.160 1.259 1.360 1.463 1.569 1.676 1.836 1.998 2.160 2.323
