DATA/SHG/CPC/2018/20180304.asc
ncols        190
nrows        64
xllcorner    -5100000.000000000000
yllcorner    4130000.000000000000
cellsize     10000.000000000000
NODATA_value  -99999.000
[rows 0 to 33 of 64, columns 77 to 153 of 190]
0.000 0.000 0.000 0.000 0.000 0.000 0.000 0.000 0.000 0.000 0.000 0.000 0.000 0.000 0.000 0.000 0.000 0.000 0.000 0.000 0.000 0.000 0.000 0.000 0.000 0.000 0.000 0.000 0.000 0.000 0.000 0.000 0.000 0.000 0.000 0.000 0.000 0.001 0.003 0.005 0.006 0.008 0.009 0.015 0.034 0.054 0.075 0.097 0.120 0.148 0.189 0.231 0.272 0.314 0.356 0.393 0.415 0.437 0.459 0.482 0.506 0.526 0.539 0.555 0.571 0.589 0.608 0.624 0.628 0.633 0.638 0.643 0.649 0.650 0.636 0.622 0.607
0.000 0.000 0.000 0.000 0.000 0.000 0.000 0.000 0.000 0.000 0.000 0.000 0.000 0.000 0.000 0.000 0.000 0.000 0.000 0.000 0.000 0.000 0.000 0.000 0.000 0.000 0.000 0.000 0.000 0.000 0.000 0.000 0.000 0.000 0.000 0.000 0.000 0.000 0.001 0.003 0.004 0.004 0.005 0.008 0.032 0.056 0.082 0.108 0.136 0.166 0.208 0.251 0.293 0.338 0.384 0.427 0.455 0.484 0.513 0.544 0.576 0.606 0.626 0.646 0.668 0.691 0.714 0.736 0.742 0.748 0.755 0.761 0.768 0.772 0.757 0.742 0.727
0.000 0.000 0.000 0.000 0.000 0.000 0.000 0.000 0.000 0.000 0.000 0.000 0.000 0.000 0.000 0.000 0.000 0.000 0.000 0.000 0.000 0.000 0.000 0.000 0.000 0.000 0.000 0.000 0.000 0.000 0.000 0.000 0.000 0.000 0.000 0.000 0.000 0.000 0.000 0.001 0.001 0.001 0.001 0.001 0.030 0.061 0.094 0.128 0.164 0.201 0.247 0.293 0.339 0.386 0.432 0.479 0.511 0.544 0.578 0.614 0.650 0.687 0.711 0.737 0.763 0.791 0.820 0.849 0.856 0.863 0.871 0.878 0.887 0.894 0.878 0.862 0.846
0.000 0.000 0.000 0.000 0.000 0.000 0.000 0.000 0.000 0.000 0.000 0.000 0.000 0.000 0.000 0.000 0.000 0.000 0.000 0.000 0.000 0.000 0.000 0.000 0.000 0.000 0.000 0.000 0.000 0.000 0.000 0.000 0.000 0.000 0.000 0.000 0.000 0.000 0.001 0.002 0.004 0.006 0.009 0.013 0.046 0.083 0.122 0.162 0.204 0.247 0.293 0.340 0.386 0.433 0.481 0.528 0.566 0.604 0.642 0.682 0.723 0.765 0.796 0.826 0.857 0.890 0.924 0.959 0.969 0.977 0.986 0.995 1.005 1.014 0.999 0.986 0.979
0.000 0.000 0.000 0.000 0.000 0.000 0.000 0.000 0.000 0.000 0.000 0.000 0.000 0.000 0.000 0.000 0.000 0.000 0.000 0.000 0.000 0.000 0.000 0.000 0.000 0.000 0.000 0.000 0.000 0.000 0.000 0.000 0.000 0.000 0.000 0.000 0.000 0.000 0.002 0.006 0.010 0.015 0.020 0.025 0.060 0.103 0.148 0.194 0.242 0.291 0.339 0.386 0.433 0.481 0.529 0.576 0.619 0.662 0.705 0.750 0.795 0.842 0.879 0.914 0.950 0.988 1.028 1.073 1.095 1.113 1.133 1.153 1.176 1.200 1.199 1.193 1.187
0.000 0.000 0.000 0.000 0.000 0.000 0.000 0.000 0.000 0.000 0.000 0.000 0.000 0.000 0.000 0.000 0.000 0.000 0.000 0.000 0.000 0.000 0.000 0.000 0.000 0.000 0.000 0.000 0.000 0.000 0.000 0.000 0.000 0.000 0.000 0.000 0.000 0.000 0.004 0.009 0.016 0.022 0.030 0.038 0.072 0.122 0.173 0.225 0.279 0.334 0.384 0.432 0.480 0.528 0.576 0.625 0.672 0.720 0.770 0.821 0.874 0.929 0.976 1.023 1.071 1.121 1.174 1.228 1.261 1.286 1.312 1.339 1.369 1.399 1.404 1.399 1.395
0.000 0.000 0.000 0.000 0.000 0.000 0.000 0.000 0.000 0.000 0.000 0.000 0.000 0.000 0.000 0.000 0.000 0.000 0.000 0.000 0.000 0.000 0.000 0.000 0.000 0.000 0.000 0.000 0.000 0.000 0.000 0.000 0.000 0.000 0.000 0.000 0.000 0.000 0.004 0.012 0.021 0.030 0.039 0.049 0.084 0.139 0.196 0.254 0.314 0.374 0.427 0.476 0.526 0.578 0.630 0.684 0.738 0.793 0.849 0.907 0.966 1.026 1.083 1.139 1.196 1.256 1.317 1.381 1.425 1.456 1.489 1.524 1.559 1.597 1.609 1.605 1.602
0.000 0.000 0.000 0.000 0.000 0.000 0.000 0.000 0.000 0.000 0.000 0.000 0.000 0.000 0.000 0.000 0.000 0.000 0.000 0.000 0.000 0.000 0.000 0.000 0.000 0.000 0.000 0.000 0.000 0.000 0.000 0.000 0.000 0.000 0.000 0.000 0.000 0.000 0.004 0.014 0.026 0.038 0.052 0.067 0.101 0.161 0.221 0.282 0.343 0.405 0.463 0.517 0.572 0.628 0.685 0.744 0.803 0.864 0.927 0.990 1.056 1.122 1.187 1.252 1.319 1.388 1.458 1.531 1.587 1.625 1.665 1.706 1.749 1.793 1.813 1.811 1.809
0.000 0.000 0.000 0.000 0.000 0.000 0.000 0.000 0.000 0.000 0.000 0.000 0.000 0.000 0.000 0.000 0.000 0.000 0.000 0.000 0.000 0.000 0.000 0.000 0.000 0.000 0.000 0.000 0.000 0.000 0.000 0.000 0.000 0.000 0.000 0.000 0.000 0.000 0.004 0.019 0.036 0.053 0.071 0.090 0.123 0.185 0.247 0.309 0.372 0.435 0.497 0.556 0.616 0.677 0.739 0.802 0.867 0.934 1.003 1.073 1.144 1.216 1.290 1.363 1.439 1.517 1.597 1.680 1.748 1.793 1.839 1.884 1.930 1.976 2.001 1.997 1.993
0.000 0.000 0.000 0.000 0.000 0.000 0.000 0.000 0.000 0.000 0.000 0.000 0.000 0.000 0.000 0.000 0.000 0.000 0.000 0.000 0.000 0.000 0.000 0.000 0.000 0.000 0.000 0.000 0.000 0.000 0.000 0.000 0.000 0.000 0.000 0.000 0.000 0.000 0.003 0.023 0.044 0.066 0.089 0.113 0.145 0.208 0.272 0.336 0.400 0.465 0.530 0.594 0.659 0.725 0.792 0.860 0.930 1.003 1.078 1.153 1.231 1.309 1.387 1.468 1.551 1.638 1.727 1.819 1.900 1.946 1.992 2.039 2.086 2.134 2.167 2.166 2.165
0.000 0.000 0.000 0.000 0.000 0.000 0.000 0.000 0.000 0.000 0.000 0.000 0.000 0.000 0.000 0.000 0.000 0.000 0.000 0.000 0.000 0.000 0.000 0.000 0.000 0.000 0.000 0.000 0.000 0.000 0.000 0.000 0.000 0.000 0.000 0.000 0.000 0.000 0.001 0.026 0.051 0.078 0.105 0.134 0.166 0.231 0.297 0.362 0.428 0.495 0.562 0.630 0.700 0.769 0.838 0.908 0.980 1.056 1.134 1.213 1.293 1.374 1.458 1.551 1.647 1.746 1.847 1.951 2.048 2.096 2.144 2.193 2.242 2.291 2.332 2.334 2.336
0.000 0.000 0.000 0.000 0.000 0.000 0.000 0.000 0.000 0.000 0.000 0.000 0.000 0.000 0.000 0.000 0.000 0.000 0.000 0.000 0.000 0.000 0.000 0.000 0.000 0.000 0.000 0.000 0.000 0.000 0.000 0.000 0.000 0.000 0.000 0.000 0.000 0.000 0.000 0.027 0.057 0.089 0.121 0.154 0.188 0.253 0.318 0.383 0.448 0.513 0.577 0.647 0.719 0.791 0.864 0.938 1.013 1.095 1.179 1.264 1.350 1.437 1.527 1.632 1.740 1.851 1.965 2.081 2.196 2.246 2.296 2.346 2.397 2.448 2.496 2.501 2.507
0.000 0.000 0.000 0.000 0.000 0.000 0.000 0.000 0.000 0.000 0.000 0.000 0.000 0.000 0.000 0.000 0.000 0.000 0.000 0.000 0.000 0.000 0.000 0.000 0.000 0.000 0.000 0.000 0.000 0.000 0.000 0.000 0.000 0.000 0.000 0.000 0.001 0.003 0.004 0.032 0.067 0.102 0.137 0.173 0.210 0.270 0.334 0.398 0.461 0.525 0.587 0.660 0.736 0.812 0.889 0.967 1.046 1.133 1.223 1.313 1.406 1.499 1.594 1.710 1.830 1.953 2.079 2.208 2.339 2.395 2.447 2.499 2.551 2.604 2.658 2.667 2.674
0.000 0.000 0.000 0.000 0.000 0.000 0.000 0.000 0.000 0.000 0.000 0.000 0.000 0.000 0.000 0.000 0.000 0.000 0.000 0.000 0.000 0.000 0.000 0.000 0.000 0.000 0.000 0.000 0.000 0.000 0.000 0.000 0.000 0.001 0.003 0.005 0.008 0.011 0.015 0.041 0.078 0.115 0.153 0.192 0.231 0.287 0.350 0.413 0.475 0.537 0.598 0.673 0.752 0.832 0.913 0.995 1.078 1.170 1.265 1.362 1.460 1.559 1.660 1.785 1.917 2.053 2.190 2.321 2.451 2.510 2.559 2.612 2.668 2.727 2.790 2.811 2.827
0.000 0.000 0.000 0.000 0.000 0.000 0.000 0.000 0.000 0.000 0.000 0.000 0.000 0.000 0.000 0.000 0.000 0.000 0.000 0.000 0.000 0.000 0.000 0.000 0.000 0.000 0.000 0.000 0.000 0.000 0.000 0.000 0.000 0.002 0.006 0.010 0.014 0.019 0.024 0.049 0.088 0.128 0.169 0.210 0.251 0.305 0.367 0.428 0.489 0.549 0.609 0.684 0.767 0.851 0.936 1.022 1.109 1.204 1.301 1.399 1.499 1.600 1.703 1.825 1.956 2.086 2.216 2.347 2.478 2.558 2.623 2.691 2.763 2.838 2.916 2.954 2.978
0.000 0.000 0.000 0.000 0.000 0.000 0.000 0.000 0.000 0.000 0.000 0.000 0.000 0.000 0.000 0.000 0.000 0.000 0.000 0.000 0.000 0.000 0.000 0.000 0.000 0.000 0.000 0.000 0.000 0.000 0.000 0.000 0.000 0.002 0.008 0.014 0.020 0.027 0.034 0.057 0.098 0.141 0.183 0.227 0.271 0.323 0.383 0.443 0.502 0.559 0.615 0.685 0.767 0.850 0.933 1.017 1.100 1.194 1.298 1.403 1.509 1.618 1.727 1.850 1.981 2.111 2.242 2.373 2.504 2.602 2.683 2.766 2.854 2.945 3.039 3.094 3.127
0.000 0.000 0.000 0.000 0.000 0.000 0.000 0.000 0.000 0.000 0.000 0.000 0.000 0.000 0.000 0.000 0.000 0.000 0.000 0.000 0.000 0.000 0.000 0.000 0.000 0.000 0.000 0.000 0.000 0.000 0.000 0.000 0.000 0.002 0.009 0.017 0.025 0.034 0.042 0.063 0.107 0.150 0.192 0.233 0.274 0.320 0.376 0.432 0.488 0.544 0.600 0.667 0.751 0.834 0.918 1.003 1.087 1.182 1.293 1.405 1.518 1.633 1.750 1.874 2.005 2.137 2.268 2.399 2.531 2.643 2.739 2.838 2.941 3.048 3.158 3.232 3.273
0.000 0.000 0.000 0.000 0.000 0.000 0.000 0.000 0.000 0.000 0.000 0.000 0.000 0.000 0.000 0.000 0.000 0.000 0.000 0.000 0.000 0.000 0.000 0.000 0.000 0.000 0.000 0.000 0.000 0.000 0.000 0.001 0.001 0.003 0.012 0.022 0.031 0.041 0.051 0.068 0.109 0.149 0.188 0.227 0.265 0.308 0.363 0.419 0.474 0.530 0.585 0.649 0.734 0.818 0.903 0.988 1.073 1.169 1.286 1.405 1.526 1.648 1.771 1.898 2.030 2.162 2.293 2.425 2.557 2.680 2.792 2.908 3.062 3.229 3.407 3.558 3.667
0.000 0.000 0.000 0.000 0.000 0.000 0.000 0.000 0.000 0.000 0.000 0.000 0.000 0.000 0.000 0.000 0.000 0.000 0.000 0.000 0.000 0.000 0.001 0.003 0.003 0.004 0.005 0.005 0.006 0.006 0.006 0.007 0.007 0.007 0.017 0.028 0.038 0.049 0.060 0.074 0.112 0.149 0.186 0.222 0.257 0.295 0.350 0.405 0.461 0.516 0.571 0.631 0.716 0.802 0.888 0.974 1.060 1.154 1.278 1.404 1.531 1.660 1.791 1.922 2.061 2.208 2.362 2.524 2.693 2.869 3.053 3.248 3.455 3.674 3.906 4.112 4.248
0.000 0.000 0.000 0.000 0.000 0.000 0.000 0.000 0.000 0.000 0.000 0.000 0.000 0.000 0.002 0.005 0.007 0.008 0.010 0.011 0.012 0.013 0.013 0.014 0.014 0.014 0.013 0.013 0.013 0.013 0.013 0.012 0.012 0.012 0.022 0.034 0.045 0.057 0.069 0.081 0.116 0.150 0.184 0.217 0.250 0.282 0.337 0.392 0.447 0.502 0.556 0.613 0.699 0.785 0.869 0.954 1.039 1.129 1.259 1.390 1.523 1.658 1.794 1.936 2.109 2.289 2.477 2.673 2.877 3.090 3.327 3.575 3.835 4.108 4.392 4.658 4.822
0.000 0.000 0.000 0.000 0.000 0.000 0.000 0.002 0.003 0.005 0.007 0.009 0.012 0.014 0.017 0.020 0.022 0.023 0.024 0.024 0.025 0.025 0.025 0.025 0.024 0.023 0.022 0.021 0.020 0.020 0.019 0.018 0.018 0.017 0.027 0.039 0.051 0.064 0.077 0.090 0.120 0.151 0.183 0.213 0.243 0.270 0.320 0.372 0.423 0.474 0.523 0.573 0.656 0.743 0.829 0.917 1.005 1.093 1.230 1.369 1.509 1.651 1.795 1.942 2.149 2.363 2.585 2.815 3.052 3.299 3.589 3.890 4.203 4.529 4.866 5.198 5.390
0.001 0.002 0.003 0.004 0.006 0.007 0.009 0.011 0.014 0.016 0.019 0.022 0.025 0.028 0.031 0.034 0.037 0.037 0.038 0.038 0.038 0.038 0.038 0.036 0.035 0.033 0.031 0.029 0.027 0.027 0.026 0.025 0.023 0.022 0.031 0.044 0.058 0.072 0.086 0.099 0.123 0.150 0.175 0.200 0.223 0.246 0.289 0.338 0.387 0.435 0.482 0.529 0.610 0.699 0.789 0.879 0.970 1.061 1.199 1.346 1.494 1.644 1.795 1.948 2.182 2.430 2.685 2.949 3.220 3.498 3.838 4.193 4.559 4.938 5.328 5.730 5.950
0.009 0.010 0.011 0.011 0.013 0.015 0.018 0.021 0.024 0.027 0.030 0.034 0.037 0.041 0.045 0.049 0.052 0.052 0.052 0.052 0.052 0.051 0.050 0.048 0.045 0.043 0.040 0.038 0.038 0.039 0.039 0.039 0.040 0.040 0.047 0.060 0.073 0.085 0.096 0.107 0.125 0.147 0.168 0.187 0.205 0.222 0.259 0.306 0.351 0.397 0.442 0.486 0.563 0.655 0.748 0.841 0.934 1.029 1.167 1.321 1.477 1.634 1.793 1.954 2.206 2.488 2.778 3.075 3.407 3.756 4.165 4.589 5.015 5.444 5.877 6.313 6.629
0.016 0.017 0.018 0.018 0.020 0.023 0.026 0.030 0.034 0.038 0.042 0.046 0.050 0.054 0.059 0.064 0.067 0.067 0.067 0.067 0.067 0.067 0.066 0.065 0.063 0.062 0.062 0.061 0.061 0.061 0.061 0.061 0.061 0.061 0.066 0.077 0.087 0.097 0.107 0.116 0.129 0.146 0.161 0.175 0.188 0.200 0.229 0.273 0.317 0.359 0.402 0.443 0.516 0.611 0.706 0.802 0.898 0.995 1.133 1.308 1.497 1.696 1.904 2.123 2.431 2.782 3.141 3.508 3.882 4.264 4.686 5.123 5.563 6.007 6.453 6.903 7.293
0.024 0.024 0.025 0.025 0.027 0.031 0.035 0.039 0.044 0.048 0.054 0.060 0.066 0.072 0.078 0.084 0.089 0.089 0.088 0.088 0.087 0.085 0.084 0.084 0.083 0.083 0.083 0.083 0.083 0.083 0.083 0.083 0.082 0.082 0.085 0.094 0.102 0.110 0.118 0.126 0.134 0.146 0.156 0.165 0.172 0.179 0.200 0.242 0.283 0.323 0.365 0.407 0.479 0.586 0.696 0.809 0.926 1.047 1.219 1.441 1.674 1.916 2.169 2.431 2.764 3.149 3.541 3.942 4.349 4.764 5.202 5.653 6.108 6.565 7.026 7.489 7.941
0.031 0.032 0.032 0.033 0.036 0.043 0.050 0.057 0.064 0.072 0.079 0.085 0.091 0.097 0.102 0.108 0.112 0.111 0.110 0.108 0.106 0.104 0.102 0.103 0.103 0.104 0.104 0.105 0.106 0.106 0.105 0.104 0.104 0.103 0.104 0.111 0.118 0.124 0.130 0.135 0.141 0.148 0.155 0.161 0.167 0.172 0.189 0.232 0.273 0.315 0.355 0.396 0.465 0.587 0.712 0.841 0.973 1.109 1.298 1.564 1.841 2.127 2.423 2.729 3.089 3.508 3.933 4.367 4.808 5.257 5.715 6.180 6.648 7.120 7.594 8.072 8.573
0.044 0.047 0.050 0.054 0.059 0.066 0.073 0.081 0.089 0.096 0.104 0.110 0.115 0.121 0.126 0.131 0.136 0.134 0.132 0.129 0.126 0.123 0.120 0.121 0.123 0.124 0.125 0.127 0.129 0.128 0.127 0.126 0.125 0.125 0.125 0.131 0.137 0.142 0.148 0.153 0.158 0.163 0.168 0.172 0.175 0.178 0.189 0.229 0.269 0.308 0.346 0.385 0.447 0.584 0.725 0.869 1.016 1.167 1.367 1.677 1.997 2.327 2.667 3.017 3.406 3.858 4.317 4.784 5.259 5.741 6.224 6.703 7.185 7.644 8.026 8.394 8.783
0.059 0.064 0.069 0.075 0.081 0.088 0.096 0.104 0.113 0.121 0.129 0.135 0.140 0.145 0.150 0.154 0.158 0.157 0.154 0.150 0.147 0.143 0.139 0.140 0.143 0.145 0.147 0.150 0.152 0.152 0.151 0.151 0.150 0.150 0.149 0.154 0.159 0.164 0.168 0.172 0.176 0.179 0.181 0.183 0.184 0.185 0.189 0.227 0.264 0.301 0.338 0.374 0.426 0.578 0.734 0.893 1.056 1.222 1.425 1.779 2.143 2.517 2.901 3.294 3.710 4.161 4.604 5.039 5.467 5.886 6.287 6.649 6.999 7.336 7.659 7.969 8.293
0.075 0.081 0.088 0.095 0.103 0.111 0.119 0.128 0.137 0.145 0.154 0.160 0.165 0.169 0.173 0.180 0.186 0.186 0.182 0.178 0.174 0.168 0.163 0.163 0.166 0.168 0.171 0.174 0.176 0.177 0.176 0.176 0.175 0.175 0.174 0.178 0.181 0.185 0.188 0.191 0.194 0.195 0.195 0.195 0.194 0.192 0.190 0.225 0.261 0.296 0.330 0.364 0.401 0.569 0.740 0.916 1.101 1.287 1.490 1.873 2.256 2.640 3.024 3.409 3.798 4.214 4.623 5.023 5.416 5.800 6.165 6.470 6.762 7.041 7.306 7.558 7.816
0.089 0.097 0.106 0.115 0.124 0.133 0.142 0.151 0.163 0.176 0.189 0.198 0.204 0.210 0.215 0.220 0.224 0.223 0.217 0.211 0.203 0.196 0.187 0.186 0.189 0.192 0.194 0.197 0.200 0.201 0.201 0.200 0.200 0.199 0.199 0.201 0.204 0.207 0.209 0.211 0.213 0.212 0.209 0.207 0.204 0.200 0.197 0.234 0.278 0.322 0.368 0.414 0.461 0.635 0.823 1.013 1.203 1.395 1.587 1.965 2.350 2.736 3.122 3.508 3.894 4.276 4.649 5.015 5.372 5.722 6.057 6.304 6.538 6.758 6.966 7.160 7.352
0.104 0.114 0.126 0.139 0.152 0.166 0.178 0.192 0.205 0.219 0.234 0.245 0.250 0.254 0.257 0.261 0.264 0.261 0.253 0.244 0.234 0.224 0.213 0.209 0.212 0.215 0.218 0.221 0.224 0.225 0.225 0.225 0.224 0.224 0.224 0.225 0.227 0.229 0.232 0.237 0.241 0.244 0.248 0.253 0.259 0.267 0.275 0.312 0.359 0.408 0.457 0.507 0.558 0.721 0.914 1.108 1.304 1.500 1.698 2.056 2.443 2.831 3.218 3.606 3.995 4.345 4.683 5.014 5.337 5.652 5.959 6.151 6.327 6.490 6.639 6.775 6.900
0.122 0.136 0.151 0.167 0.185 0.202 0.216 0.231 0.247 0.263 0.279 0.292 0.295 0.298 0.300 0.302 0.303 0.300 0.289 0.277 0.265 0.252 0.239 0.231 0.235 0.238 0.241 0.245 0.248 0.251 0.253 0.254 0.256 0.257 0.258 0.261 0.266 0.271 0.276 0.281 0.287 0.294 0.304 0.314 0.325 0.338 0.352 0.389 0.440 0.492 0.545 0.599 0.653 0.805 1.003 1.202 1.403 1.605 1.808 2.147 2.536 2.925 3.314 3.704 4.095 4.422 4.725 5.021 5.309 5.589 5.837 5.940 6.014 6.079 6.134 6.179 6.216
0.139 0.157 0.175 0.195 0.216 0.237 0.253 0.270 0.287 0.305 0.324 0.340 0.341 0.342 0.343 0.343 0.343 0.339 0.325 0.311 0.297 0.283 0.268 0.258 0.263 0.268 0.274 0.279 0.285 0.290 0.291 0.293 0.294 0.296 0.297 0.301 0.306 0.313 0.319 0.326 0.333 0.343 0.358 0.373 0.390 0.408 0.428 0.465 0.520 0.576 0.632 0.690 0.748 0.887 1.091 1.295 1.501 1.708 1.916 2.237 2.628 3.007 3.365 3.715 4.058 4.321 4.540 4.748 4.946 5.132 5.308 5.381 5.413 5.436 5.450 5.453 5.448
0.155 0.177 0.199 0.222 0.246 0.271 0.290 0.308 0.328 0.348 0.368 0.388 0.388 0.387 0.387 0.386 0.385 0.382 0.367 0.352 0.337 0.321 0.304 0.291 0.297 0.303 0.309 0.315 0.322 0.327 0.329 0.331 0.333 0.334 0.336 0.339 0.347 0.354 0.362 0.370 0.378 0.390 0.410 0.431 0.454 0.477 0.502 0.540 0.599 0.658 0.718 0.779 0.843 0.970 1.171 1.366 1.556 1.740 1.919 2.181 2.521 2.854 3.179 3.498 3.809 4.042 4.213 4.374 4.523 4.662 4.789 4.832 4.823 4.804 4.775 4.737 4.690
