DATA/SHG/CPC/2018/20180704.asc
ncols        190
nrows        64
xllcorner    -5100000.000000000000
yllcorner    4130000.000000000000
cellsize     10000.000000000000
NODATA_value  -99999.000
[rows 0 to 32 of 64, columns 0 to 74 of 190]
0.000 0.000 0.000 0.000 0.000 0.000 0.000 0.000 0.000 0.000 0.000 0.000 0.003 0.008 0.013 0.020 0.027 0.035 0.065 0.108 0.156 0.209 0.266 0.328 0.351 0.353 0.352 0.350 0.347 0.343 0.313 0.264 0.211 0.155 0.093 0.040 0.021 0.026 0.027 0.024 0.017 0.006 0.000 0.000 0.000 0.000 0.000 0.000 0.000 0.000 0.000 0.000 0.000 0.000 0.000 0.000 0.000 0.000 0.000 0.000 0.000 0.000 0.000 0.000 0.000 0.000 0.000 0.000 0.000 0.000 0.000 0.000 0.006 0.022 0.036
0.000 0.000 0.000 0.000 0.000 0.000 0.000 0.000 0.000 0.000 0.000 0.000 0.004 0.012 0.020 0.030 0.040 0.051 0.087 0.147 0.212 0.281 0.355 0.434 0.472 0.468 0.463 0.458 0.458 0.458 0.435 0.383 0.327 0.269 0.207 0.142 0.102 0.093 0.080 0.063 0.042 0.017 0.000 0.000 0.000 0.000 0.000 0.000 0.000 0.000 0.000 0.000 0.000 0.000 0.000 0.000 0.000 0.000 0.000 0.000 0.000 0.000 0.000 0.000 0.000 0.000 0.000 0.000 0.000 0.000 0.000 0.000 0.003 0.014 0.024
0.000 0.000 0.000 0.000 0.000 0.000 0.000 0.000 0.000 0.000 0.000 0.000 0.004 0.015 0.027 0.039 0.052 0.066 0.105 0.181 0.266 0.359 0.454 0.550 0.612 0.613 0.613 0.614 0.616 0.618 0.598 0.535 0.468 0.398 0.324 0.248 0.186 0.163 0.136 0.105 0.070 0.031 0.000 0.000 0.000 0.000 0.000 0.000 0.000 0.000 0.000 0.000 0.000 0.000 0.000 0.000 0.000 0.000 0.000 0.000 0.000 0.000 0.000 0.000 0.000 0.000 0.000 0.000 0.000 0.000 0.000 0.000 0.001 0.007 0.012
0.000 0.000 0.000 0.000 0.000 0.000 0.000 0.000 0.000 0.000 0.000 0.000 0.004 0.019 0.039 0.064 0.094 0.129 0.183 0.279 0.377 0.477 0.579 0.683 0.765 0.766 0.768 0.771 0.773 0.776 0.765 0.690 0.611 0.530 0.445 0.357 0.274 0.237 0.196 0.151 0.102 0.049 0.000 0.000 0.000 0.003 0.005 0.003 0.000 0.000 0.000 0.000 0.000 0.000 0.000 0.000 0.000 0.000 0.000 0.000 0.000 0.000 0.000 0.000 0.000 0.000 0.000 0.000 0.000 0.000 0.000 0.000 0.000 0.002 0.002
0.000 0.000 0.000 0.000 0.000 0.000 0.000 0.000 0.000 0.000 0.000 0.000 0.004 0.037 0.074 0.117 0.164 0.216 0.278 0.381 0.486 0.593 0.702 0.813 0.917 0.919 0.923 0.926 0.930 0.934 0.934 0.848 0.758 0.665 0.568 0.469 0.367 0.318 0.281 0.235 0.180 0.115 0.041 0.040 0.038 0.032 0.024 0.014 0.001 0.000 0.000 0.000 0.000 0.000 0.000 0.000 0.000 0.000 0.000 0.000 0.000 0.000 0.000 0.000 0.000 0.000 0.000 0.000 0.000 0.000 0.000 0.000 0.000 0.000 0.000
0.000 0.000 0.000 0.000 0.000 0.000 0.000 0.000 0.000 0.000 0.000 0.000 0.000 0.049 0.104 0.164 0.228 0.297 0.372 0.480 0.592 0.706 0.822 0.940 1.060 1.072 1.076 1.081 1.086 1.092 1.102 1.030 0.948 0.865 0.783 0.701 0.618 0.554 0.485 0.407 0.319 0.222 0.116 0.090 0.079 0.064 0.047 0.027 0.004 0.000 0.000 0.000 0.000 0.000 0.000 0.000 0.000 0.000 0.000 0.000 0.000 0.000 0.000 0.000 0.000 0.000 0.000 0.000 0.000 0.000 0.000 0.000 0.000 0.000 0.000
0.000 0.000 0.000 0.000 0.000 0.000 0.000 0.000 0.000 0.000 0.000 0.000 0.000 0.057 0.129 0.205 0.287 0.373 0.465 0.578 0.697 0.818 0.940 1.069 1.203 1.244 1.263 1.284 1.307 1.334 1.363 1.307 1.225 1.142 1.058 0.975 0.891 0.800 0.698 0.587 0.467 0.338 0.199 0.143 0.122 0.098 0.072 0.042 0.011 0.000 0.000 0.000 0.000 0.000 0.000 0.000 0.000 0.000 0.000 0.000 0.000 0.000 0.000 0.000 0.000 0.000 0.000 0.000 0.000 0.000 0.000 0.000 0.000 0.000 0.000
0.000 0.000 0.000 0.000 0.000 0.000 0.000 0.000 0.000 0.000 0.000 0.000 0.000 0.059 0.148 0.242 0.343 0.453 0.568 0.696 0.829 0.965 1.103 1.244 1.387 1.455 1.483 1.513 1.546 1.582 1.621 1.585 1.501 1.417 1.333 1.249 1.165 1.055 0.921 0.777 0.625 0.463 0.291 0.198 0.168 0.135 0.099 0.061 0.022 0.003 0.004 0.004 0.004 0.003 0.001 0.000 0.000 0.000 0.000 0.000 0.000 0.000 0.000 0.000 0.000 0.000 0.000 0.000 0.000 0.000 0.000 0.000 0.000 0.000 0.000
0.000 0.000 0.000 0.000 0.000 0.000 0.000 0.000 0.000 0.001 0.002 0.003 0.006 0.065 0.178 0.297 0.422 0.554 0.692 0.834 0.976 1.120 1.266 1.416 1.567 1.662 1.699 1.739 1.782 1.827 1.876 1.862 1.778 1.693 1.608 1.523 1.438 1.319 1.152 0.976 0.791 0.608 0.424 0.305 0.271 0.230 0.181 0.123 0.058 0.016 0.014 0.012 0.010 0.006 0.003 0.000 0.000 0.000 0.000 0.000 0.000 0.000 0.000 0.000 0.000 0.000 0.000 0.000 0.000 0.000 0.000 0.000 0.000 0.000 0.000
0.000 0.000 0.000 0.000 0.000 0.000 0.000 0.001 0.003 0.005 0.008 0.012 0.016 0.070 0.205 0.347 0.495 0.649 0.809 0.969 1.119 1.272 1.427 1.585 1.745 1.866 1.913 1.962 2.014 2.069 2.127 2.139 2.054 1.968 1.876 1.784 1.692 1.572 1.388 1.203 1.016 0.828 0.638 0.486 0.425 0.356 0.279 0.195 0.102 0.029 0.025 0.021 0.016 0.011 0.005 0.000 0.000 0.000 0.000 0.000 0.000 0.000 0.000 0.000 0.000 0.000 0.000 0.000 0.000 0.000 0.000 0.000 0.000 0.000 0.000
0.000 0.000 0.000 0.000 0.000 0.000 0.000 0.001 0.005 0.009 0.014 0.019 0.025 0.068 0.225 0.389 0.560 0.736 0.919 1.101 1.260 1.421 1.585 1.751 1.920 2.067 2.122 2.176 2.232 2.291 2.351 2.385 2.293 2.200 2.108 2.015 1.921 1.812 1.624 1.433 1.242 1.049 0.854 0.675 0.586 0.490 0.386 0.274 0.154 0.042 0.037 0.030 0.023 0.016 0.008 0.000 0.000 0.000 0.000 0.000 0.000 0.000 0.000 0.000 0.000 0.000 0.000 0.000 0.000 0.000 0.000 0.000 0.000 0.000 0.000
0.000 0.000 0.000 0.000 0.000 0.000 0.000 0.001 0.006 0.013 0.019 0.027 0.034 0.059 0.239 0.425 0.618 0.817 1.022 1.230 1.395 1.562 1.731 1.901 2.073 2.240 2.299 2.361 2.424 2.489 2.557 2.619 2.526 2.433 2.339 2.245 2.151 2.054 1.860 1.665 1.469 1.271 1.071 0.871 0.755 0.631 0.500 0.361 0.214 0.059 0.049 0.041 0.033 0.023 0.013 0.000 0.000 0.000 0.000 0.000 0.000 0.000 0.000 0.000 0.000 0.000 0.000 0.000 0.000 0.000 0.000 0.000 0.000 0.000 0.000
0.000 0.000 0.000 0.000 0.000 0.000 0.000 0.000 0.007 0.015 0.024 0.033 0.050 0.074 0.273 0.484 0.696 0.910 1.126 1.344 1.519 1.691 1.866 2.042 2.219 2.398 2.474 2.543 2.613 2.685 2.760 2.836 2.760 2.665 2.570 2.475 2.380 2.285 2.098 1.898 1.697 1.494 1.290 1.084 0.932 0.783 0.626 0.462 0.290 0.111 0.074 0.063 0.050 0.036 0.020 0.003 0.000 0.000 0.000 0.000 0.000 0.000 0.000 0.000 0.000 0.000 0.000 0.000 0.000 0.000 0.000 0.000 0.000 0.000 0.000
0.000 0.000 0.000 0.000 0.000 0.000 0.000 0.000 0.014 0.036 0.063 0.094 0.130 0.170 0.350 0.567 0.786 1.006 1.229 1.453 1.640 1.819 1.998 2.180 2.363 2.548 2.647 2.723 2.800 2.879 2.960 3.044 2.993 2.898 2.802 2.706 2.610 2.528 2.366 2.168 1.964 1.753 1.535 1.310 1.125 0.949 0.766 0.576 0.379 0.174 0.102 0.085 0.068 0.049 0.029 0.007 0.000 0.000 0.000 0.000 0.000 0.000 0.000 0.000 0.000 0.000 0.000 0.000 0.000 0.000 0.000 0.000 0.000 0.000 0.000
0.000 0.000 0.000 0.000 0.000 0.000 0.000 0.000 0.023 0.061 0.104 0.151 0.204 0.260 0.425 0.648 0.873 1.100 1.329 1.559 1.760 1.944 2.129 2.316 2.505 2.695 2.818 2.900 2.985 3.071 3.180 3.292 3.290 3.211 3.131 3.050 2.967 2.882 2.719 2.498 2.269 2.034 1.792 1.544 1.324 1.123 0.914 0.698 0.475 0.244 0.131 0.110 0.087 0.064 0.039 0.012 0.000 0.000 0.000 0.000 0.000 0.000 0.000 0.000 0.000 0.000 0.000 0.000 0.000 0.000 0.000 0.000 0.000 0.000 0.000
0.000 0.000 0.000 0.000 0.000 0.000 0.000 0.000 0.026 0.081 0.140 0.204 0.273 0.346 0.498 0.728 0.959 1.192 1.427 1.664 1.878 2.067 2.261 2.468 2.680 2.895 3.061 3.171 3.284 3.401 3.521 3.644 3.673 3.589 3.503 3.416 3.328 3.238 3.079 2.833 2.581 2.322 2.056 1.784 1.530 1.303 1.069 0.827 0.578 0.321 0.161 0.135 0.108 0.080 0.050 0.018 0.000 0.000 0.000 0.000 0.000 0.000 0.000 0.000 0.000 0.000 0.000 0.000 0.000 0.000 0.000 0.000 0.000 0.000 0.000
0.000 0.000 0.000 0.000 0.000 0.000 0.000 0.000 0.024 0.095 0.171 0.251 0.336 0.426 0.569 0.810 1.060 1.311 1.562 1.813 2.050 2.263 2.481 2.702 2.927 3.157 3.352 3.474 3.599 3.726 3.858 3.992 4.057 3.968 3.877 3.784 3.690 3.594 3.445 3.175 2.899 2.616 2.327 2.030 1.744 1.491 1.231 0.963 0.683 0.395 0.174 0.143 0.111 0.081 0.050 0.021 0.000 0.000 0.000 0.000 0.000 0.000 0.000 0.000 0.000 0.000 0.000 0.000 0.000 0.000 0.000 0.000 0.000 0.000 0.000
0.000 0.000 0.000 0.000 0.000 0.000 0.000 0.000 0.025 0.126 0.233 0.344 0.461 0.583 0.734 0.985 1.236 1.487 1.739 1.990 2.237 2.464 2.696 2.931 3.171 3.414 3.640 3.773 3.909 4.048 4.191 4.336 4.443 4.348 4.251 4.153 4.053 3.951 3.817 3.524 3.229 2.931 2.620 2.295 1.968 1.684 1.390 1.087 0.774 0.452 0.166 0.136 0.107 0.078 0.050 0.023 0.000 0.000 0.000 0.000 0.000 0.000 0.000 0.000 0.000 0.000 0.000 0.000 0.000 0.000 0.000 0.000 0.001 0.006 0.010
0.000 0.001 0.002 0.009 0.020 0.035 0.054 0.077 0.110 0.229 0.354 0.483 0.618 0.758 0.909 1.160 1.412 1.663 1.915 2.167 2.419 2.661 2.906 3.156 3.409 3.667 3.924 4.068 4.215 4.366 4.520 4.677 4.829 4.745 4.670 4.589 4.503 4.410 4.305 3.987 3.656 3.312 2.955 2.585 2.203 1.886 1.558 1.221 0.875 0.519 0.157 0.129 0.102 0.076 0.050 0.025 0.000 0.000 0.000 0.000 0.000 0.000 0.000 0.000 0.000 0.002 0.008 0.016 0.024 0.029 0.034 0.038 0.040 0.042 0.043
0.008 0.008 0.009 0.029 0.054 0.084 0.117 0.155 0.197 0.326 0.469 0.616 0.769 0.928 1.091 1.334 1.586 1.839 2.091 2.344 2.597 2.852 3.112 3.376 3.643 3.915 4.203 4.394 4.580 4.774 4.977 5.188 5.407 5.352 5.256 5.154 5.045 4.931 4.810 4.474 4.097 3.707 3.304 2.888 2.459 2.097 1.736 1.365 0.985 0.595 0.196 0.122 0.097 0.073 0.049 0.026 0.003 0.000 0.001 0.003 0.008 0.013 0.021 0.028 0.036 0.045 0.054 0.064 0.075 0.079 0.080 0.081 0.080 0.079 0.077
0.016 0.016 0.016 0.044 0.084 0.128 0.176 0.228 0.285 0.417 0.578 0.744 0.915 1.091 1.272 1.508 1.761 2.014 2.267 2.529 2.798 3.081 3.372 3.668 3.970 4.277 4.589 4.825 5.040 5.263 5.495 5.735 5.983 5.965 5.847 5.723 5.593 5.457 5.315 4.972 4.550 4.114 3.665 3.204 2.729 2.317 1.922 1.518 1.104 0.681 0.248 0.119 0.103 0.084 0.062 0.037 0.008 0.004 0.011 0.019 0.029 0.040 0.053 0.064 0.075 0.086 0.099 0.112 0.126 0.129 0.127 0.125 0.121 0.117 0.112
0.024 0.024 0.024 0.055 0.109 0.168 0.230 0.297 0.368 0.503 0.681 0.865 1.054 1.248 1.447 1.685 1.952 2.224 2.500 2.782 3.068 3.367 3.677 3.992 4.313 4.639 4.970 5.246 5.491 5.743 6.004 6.273 6.550 6.584 6.444 6.299 6.147 5.989 5.825 5.484 5.015 4.534 4.039 3.532 3.008 2.541 2.117 1.688 1.255 0.818 0.377 0.183 0.156 0.126 0.093 0.056 0.017 0.007 0.019 0.033 0.048 0.065 0.084 0.100 0.113 0.128 0.143 0.159 0.175 0.180 0.175 0.170 0.163 0.156 0.147
0.032 0.032 0.031 0.061 0.131 0.207 0.286 0.367 0.450 0.584 0.780 0.981 1.187 1.398 1.614 1.861 2.146 2.435 2.729 3.028 3.332 3.648 3.976 4.310 4.649 4.994 5.344 5.659 5.932 6.213 6.503 6.801 7.108 7.208 7.047 6.879 6.706 6.533 6.338 5.990 5.470 4.938 4.394 3.837 3.267 2.753 2.314 1.870 1.423 0.971 0.515 0.249 0.211 0.170 0.126 0.079 0.029 0.008 0.026 0.045 0.066 0.089 0.113 0.135 0.151 0.168 0.186 0.204 0.224 0.233 0.231 0.229 0.229 0.229 0.231
0.052 0.059 0.068 0.099 0.181 0.265 0.352 0.441 0.532 0.660 0.873 1.092 1.315 1.543 1.776 2.032 2.333 2.640 2.952 3.269 3.590 3.922 4.269 4.622 4.980 5.343 5.712 6.062 6.364 6.674 7.073 7.459 7.827 8.019 7.837 7.630 7.398 7.142 6.861 6.480 5.917 5.341 4.753 4.152 3.539 2.969 2.515 2.057 1.594 1.128 0.657 0.318 0.269 0.217 0.163 0.105 0.043 0.007 0.031 0.056 0.083 0.111 0.141 0.167 0.187 0.210 0.235 0.262 0.292 0.313 0.314 0.316 0.319 0.323 0.328
0.083 0.097 0.111 0.138 0.228 0.321 0.415 0.512 0.611 0.731 0.961 1.197 1.437 1.682 1.932 2.196 2.516 2.840 3.169 3.504 3.843 4.190 4.565 5.035 5.525 6.036 6.566 7.089 7.466 7.825 8.167 8.490 8.797 8.997 8.729 8.435 8.117 7.775 7.408 6.982 6.375 5.756 5.124 4.479 3.823 3.189 2.720 2.247 1.770 1.289 0.803 0.390 0.331 0.268 0.202 0.134 0.064 0.010 0.040 0.069 0.100 0.130 0.162 0.192 0.221 0.252 0.285 0.321 0.359 0.392 0.397 0.402 0.409 0.416 0.424
0.113 0.132 0.153 0.176 0.273 0.374 0.476 0.580 0.687 0.796 1.044 1.296 1.554 1.816 2.083 2.357 2.714 3.103 3.522 3.971 4.451 4.962 5.482 6.023 6.584 7.165 7.767 8.384 8.699 8.996 9.276 9.539 9.784 9.999 9.645 9.265 8.861 8.432 7.979 7.497 6.846 6.183 5.507 4.819 4.119 3.414 2.930 2.442 1.937 1.434 0.939 0.468 0.400 0.328 0.254 0.178 0.099 0.022 0.053 0.084 0.116 0.149 0.182 0.216 0.252 0.292 0.333 0.377 0.424 0.470 0.478 0.487 0.497 0.508 0.519
0.141 0.166 0.193 0.222 0.316 0.424 0.534 0.647 0.758 0.868 1.108 1.379 1.659 1.948 2.245 2.551 2.996 3.491 4.017 4.573 5.160 5.778 6.376 6.988 7.620 8.272 8.944 9.637 9.948 10.184 10.403 10.604 10.787 10.953 10.585 10.119 9.629 9.114 8.574 8.010 7.329 6.562 5.792 5.024 4.259 3.497 2.970 2.479 1.995 1.519 1.051 0.590 0.474 0.393 0.310 0.224 0.135 0.044 0.065 0.099 0.132 0.167 0.202 0.237 0.282 0.329 0.379 0.431 0.486 0.543 0.558 0.571 0.584 0.611 0.663
0.167 0.196 0.224 0.250 0.332 0.441 0.552 0.666 0.781 0.899 1.140 1.442 1.752 2.072 2.400 2.737 3.244 3.846 4.479 5.142 5.836 6.560 7.247 7.930 8.633 9.355 10.099 10.862 11.214 11.389 11.546 11.686 11.808 11.907 11.419 10.760 10.092 9.418 8.736 8.046 7.298 6.535 5.774 5.016 4.261 3.509 2.968 2.503 2.046 1.596 1.154 0.720 0.550 0.460 0.368 0.273 0.175 0.074 0.077 0.112 0.148 0.184 0.221 0.258 0.308 0.364 0.427 0.501 0.583 0.673 0.731 0.787 0.851 0.923 1.003
0.175 0.201 0.226 0.250 0.322 0.439 0.558 0.679 0.802 0.927 1.162 1.495 1.836 2.186 2.545 2.912 3.459 4.168 4.907 5.677 6.478 7.309 8.096 8.849 9.623 10.416 11.217 11.940 12.234 12.220 12.185 12.129 12.052 11.953 11.506 10.820 10.126 9.425 8.716 8.000 7.258 6.504 5.753 5.006 4.261 3.519 2.959 2.520 2.089 1.666 1.250 0.842 0.629 0.530 0.428 0.324 0.217 0.107 0.089 0.127 0.167 0.206 0.246 0.285 0.350 0.436 0.530 0.631 0.741 0.858 0.951 1.035 1.127 1.228 1.336
0.183 0.206 0.229 0.251 0.310 0.435 0.561 0.689 0.820 0.953 1.175 1.538 1.910 2.291 2.680 3.078 3.641 4.457 5.303 6.212 7.208 8.212 9.124 9.869 10.570 11.225 11.836 12.403 12.674 12.586 12.476 12.346 12.194 12.020 11.601 10.888 10.168 9.440 8.705 7.962 7.215 6.471 5.730 4.992 4.257 3.525 2.942 2.530 2.125 1.728 1.339 0.957 0.701 0.584 0.471 0.360 0.254 0.150 0.119 0.159 0.198 0.238 0.277 0.316 0.390 0.503 0.625 0.754 0.891 1.036 1.163 1.276 1.396 1.524 1.660
0.192 0.213 0.233 0.252 0.296 0.428 0.562 0.698 0.836 0.976 1.178 1.572 2.023 2.554 3.112 3.698 4.406 5.405 6.413 7.430 8.454 9.487 10.413 11.002 11.546 12.046 12.501 12.911 13.135 12.973 12.789 12.584 12.357 12.110 11.703 10.964 10.218 9.463 8.702 7.932 7.169 6.435 5.705 4.977 4.252 3.529 2.913 2.519 2.127 1.738 1.353 0.970 0.684 0.579 0.478 0.379 0.285 0.193 0.151 0.190 0.229 0.269 0.308 0.347 0.422 0.563 0.712 0.869 1.033 1.206 1.368 1.508 1.656 1.812 1.977
0.202 0.220 0.237 0.254 0.279 0.429 0.610 0.820 1.060 1.328 1.648 2.220 2.819 3.446 4.101 4.784 5.526 6.554 7.591 8.637 9.690 10.752 11.747 12.180 12.568 12.912 13.211 13.466 13.618 13.381 13.123 12.843 12.543 12.221 11.814 11.048 10.275 9.494 8.726 7.937 7.143 6.420 5.697 4.974 4.251 3.527 2.866 2.482 2.101 1.723 1.349 0.977 0.664 0.571 0.481 0.395 0.312 0.233 0.182 0.222 0.261 0.300 0.339 0.378 0.446 0.615 0.791 0.976 1.168 1.368 1.579 1.810 2.051 2.302 2.564
0.207 0.226 0.246 0.268 0.292 0.528 0.811 1.123 1.465 1.835 2.234 2.888 3.584 4.308 5.059 5.838 6.645 7.692 8.759 9.833 10.915 12.006 13.105 13.403 13.635 13.823 13.967 14.066 14.120 13.811 13.490 13.307 13.023 12.637 12.146 11.369 10.569 9.746 8.901 8.033 7.148 6.424 5.700 4.975 4.250 3.525 2.816 2.443 2.073 1.705 1.341 0.980 0.640 0.559 0.482 0.407 0.337 0.269 0.214 0.253 0.292 0.331 0.370 0.423 0.526 0.775 1.037 1.311 1.598 1.897 2.202 2.468 2.745 3.031 3.328
