DATA/SHG/CPC/2018/20180412.asc
ncols        190
nrows        64
xllcorner    -5100000.000000000000
yllcorner    4130000.000000000000
cellsize     10000.000000000000
NODATA_value  -99999.000
[rows 0 to 32 of 64, columns 0 to 74 of 190]
0.000 0.000 0.000 0.000 0.000 0.000 0.000 0.000 0.000 0.000 0.000 0.000 0.004 0.010 0.016 0.022 0.028 0.035 0.043 0.053 0.063 0.073 0.083 0.093 0.104 0.113 0.123 0.132 0.141 0.150 0.157 0.163 0.168 0.173 0.178 0.183 0.185 0.185 0.186 0.186 0.186 0.186 0.187 0.187 0.188 0.189 0.189 0.190 0.190 0.191 0.191 0.191 0.192 0.192 0.193 0.194 0.195 0.196 0.197 0.198 0.199 0.200 0.202 0.203 0.204 0.205 0.206 0.208 0.210 0.211 0.213 0.214 0.216 0.217 0.219
0.000 0.000 0.000 0.000 0.000 0.000 0.000 0.000 0.000 0.000 0.000 0.000 0.004 0.010 0.017 0.024 0.031 0.038 0.047 0.057 0.068 0.079 0.090 0.102 0.112 0.121 0.130 0.139 0.148 0.156 0.163 0.168 0.172 0.176 0.180 0.184 0.186 0.186 0.186 0.186 0.185 0.185 0.185 0.186 0.187 0.187 0.188 0.189 0.189 0.190 0.190 0.191 0.191 0.192 0.192 0.193 0.194 0.195 0.196 0.197 0.198 0.199 0.200 0.201 0.202 0.203 0.204 0.205 0.207 0.208 0.209 0.211 0.212 0.213 0.214
0.000 0.000 0.000 0.000 0.000 0.000 0.000 0.000 0.000 0.000 0.000 0.000 0.003 0.010 0.018 0.025 0.033 0.041 0.050 0.061 0.073 0.086 0.099 0.111 0.123 0.131 0.140 0.148 0.156 0.163 0.169 0.173 0.176 0.179 0.182 0.185 0.186 0.186 0.186 0.185 0.185 0.184 0.184 0.185 0.185 0.186 0.187 0.187 0.188 0.189 0.189 0.190 0.190 0.191 0.191 0.192 0.193 0.193 0.194 0.195 0.196 0.197 0.198 0.199 0.200 0.200 0.201 0.203 0.204 0.205 0.206 0.207 0.208 0.209 0.210
0.000 0.000 0.000 0.000 0.000 0.000 0.000 0.000 0.000 0.000 0.000 0.000 0.002 0.010 0.019 0.028 0.037 0.047 0.058 0.071 0.084 0.097 0.110 0.123 0.135 0.142 0.150 0.157 0.164 0.170 0.176 0.178 0.181 0.183 0.185 0.186 0.187 0.186 0.186 0.185 0.184 0.183 0.182 0.183 0.184 0.184 0.185 0.186 0.186 0.187 0.187 0.187 0.188 0.188 0.189 0.190 0.190 0.191 0.192 0.193 0.194 0.195 0.196 0.196 0.197 0.198 0.199 0.200 0.201 0.202 0.203 0.204 0.204 0.205 0.205
0.000 0.000 0.000 0.000 0.000 0.000 0.000 0.000 0.000 0.000 0.000 0.000 0.001 0.011 0.021 0.032 0.044 0.056 0.068 0.081 0.094 0.107 0.121 0.134 0.147 0.154 0.160 0.166 0.172 0.178 0.183 0.184 0.186 0.187 0.187 0.188 0.188 0.187 0.186 0.185 0.183 0.182 0.180 0.181 0.181 0.182 0.182 0.183 0.184 0.184 0.185 0.185 0.186 0.186 0.187 0.188 0.188 0.189 0.190 0.191 0.192 0.193 0.194 0.194 0.195 0.196 0.197 0.198 0.198 0.199 0.200 0.201 0.202 0.203 0.203
0.000 0.000 0.000 0.000 0.000 0.000 0.000 0.000 0.000 0.000 0.000 0.000 0.000 0.012 0.024 0.037 0.050 0.064 0.078 0.091 0.105 0.118 0.131 0.145 0.159 0.165 0.170 0.176 0.181 0.185 0.190 0.190 0.190 0.190 0.189 0.189 0.188 0.186 0.185 0.183 0.182 0.180 0.178 0.178 0.179 0.179 0.180 0.180 0.181 0.182 0.182 0.183 0.183 0.184 0.185 0.185 0.186 0.187 0.188 0.189 0.190 0.191 0.191 0.192 0.193 0.194 0.195 0.196 0.197 0.198 0.199 0.200 0.201 0.202 0.202
0.000 0.000 0.000 0.000 0.000 0.000 0.000 0.000 0.000 0.000 0.000 0.000 0.000 0.011 0.026 0.040 0.055 0.071 0.087 0.101 0.115 0.128 0.142 0.156 0.170 0.176 0.181 0.185 0.188 0.192 0.194 0.195 0.194 0.193 0.191 0.190 0.188 0.186 0.184 0.182 0.180 0.178 0.176 0.175 0.176 0.177 0.177 0.178 0.179 0.179 0.180 0.180 0.181 0.182 0.182 0.183 0.184 0.185 0.186 0.187 0.188 0.189 0.190 0.191 0.192 0.193 0.195 0.196 0.196 0.197 0.198 0.199 0.200 0.201 0.201
0.000 0.000 0.000 0.000 0.000 0.000 0.000 0.000 0.000 0.000 0.000 0.000 0.000 0.011 0.027 0.043 0.062 0.081 0.101 0.117 0.131 0.144 0.157 0.169 0.181 0.188 0.191 0.193 0.196 0.198 0.200 0.199 0.198 0.196 0.193 0.191 0.188 0.186 0.184 0.181 0.179 0.176 0.174 0.173 0.173 0.174 0.175 0.175 0.176 0.176 0.176 0.177 0.178 0.178 0.179 0.180 0.181 0.182 0.183 0.185 0.186 0.187 0.188 0.190 0.191 0.192 0.194 0.195 0.196 0.197 0.197 0.198 0.199 0.200 0.200
0.000 0.000 0.000 0.000 0.000 0.000 0.000 0.000 0.000 0.002 0.006 0.010 0.016 0.029 0.048 0.068 0.086 0.105 0.123 0.138 0.150 0.162 0.173 0.183 0.193 0.199 0.201 0.202 0.204 0.205 0.205 0.204 0.202 0.199 0.196 0.192 0.189 0.186 0.183 0.180 0.178 0.174 0.171 0.169 0.169 0.169 0.170 0.170 0.170 0.171 0.172 0.173 0.173 0.175 0.176 0.177 0.178 0.180 0.181 0.182 0.184 0.186 0.187 0.188 0.190 0.191 0.192 0.194 0.195 0.196 0.196 0.197 0.198 0.199 0.198
0.000 0.000 0.000 0.001 0.003 0.005 0.008 0.011 0.016 0.022 0.028 0.036 0.044 0.057 0.075 0.093 0.111 0.129 0.146 0.160 0.170 0.180 0.189 0.198 0.206 0.211 0.212 0.212 0.212 0.212 0.211 0.209 0.206 0.202 0.198 0.193 0.188 0.184 0.180 0.177 0.173 0.169 0.165 0.163 0.163 0.163 0.164 0.164 0.165 0.166 0.167 0.168 0.169 0.171 0.172 0.174 0.175 0.177 0.179 0.180 0.182 0.184 0.185 0.187 0.188 0.190 0.191 0.192 0.193 0.193 0.194 0.194 0.195 0.196 0.195
0.000 0.001 0.003 0.006 0.009 0.013 0.018 0.024 0.032 0.040 0.050 0.060 0.072 0.085 0.102 0.119 0.136 0.153 0.169 0.183 0.191 0.199 0.206 0.213 0.219 0.223 0.222 0.220 0.218 0.216 0.214 0.210 0.206 0.201 0.196 0.191 0.186 0.181 0.177 0.173 0.169 0.164 0.160 0.156 0.157 0.158 0.158 0.159 0.160 0.160 0.162 0.163 0.165 0.167 0.169 0.171 0.172 0.174 0.176 0.177 0.179 0.180 0.181 0.182 0.184 0.185 0.187 0.188 0.189 0.190 0.190 0.191 0.192 0.193 0.193
0.000 0.001 0.005 0.010 0.015 0.021 0.028 0.035 0.046 0.058 0.070 0.084 0.098 0.113 0.130 0.146 0.161 0.177 0.192 0.205 0.211 0.215 0.219 0.223 0.227 0.229 0.227 0.224 0.221 0.218 0.214 0.210 0.205 0.200 0.194 0.189 0.183 0.177 0.173 0.169 0.164 0.160 0.155 0.150 0.151 0.152 0.152 0.153 0.154 0.155 0.157 0.158 0.159 0.160 0.162 0.164 0.165 0.167 0.169 0.170 0.172 0.174 0.176 0.177 0.179 0.181 0.182 0.184 0.185 0.186 0.187 0.188 0.189 0.190 0.190
0.000 0.000 0.006 0.013 0.020 0.028 0.037 0.046 0.060 0.074 0.090 0.106 0.124 0.142 0.156 0.170 0.184 0.196 0.208 0.219 0.223 0.227 0.229 0.232 0.233 0.235 0.232 0.228 0.224 0.220 0.215 0.210 0.205 0.199 0.193 0.187 0.181 0.175 0.170 0.165 0.160 0.155 0.150 0.145 0.144 0.144 0.144 0.143 0.143 0.143 0.144 0.146 0.148 0.150 0.152 0.155 0.157 0.159 0.161 0.164 0.166 0.168 0.170 0.172 0.174 0.176 0.178 0.180 0.181 0.182 0.183 0.185 0.186 0.187 0.187
0.000 0.000 0.007 0.016 0.025 0.039 0.053 0.068 0.085 0.103 0.120 0.137 0.153 0.169 0.182 0.194 0.205 0.215 0.224 0.233 0.237 0.238 0.240 0.240 0.241 0.241 0.237 0.232 0.227 0.222 0.216 0.210 0.204 0.198 0.192 0.185 0.179 0.172 0.166 0.160 0.154 0.147 0.141 0.134 0.132 0.131 0.131 0.130 0.129 0.129 0.130 0.133 0.136 0.139 0.143 0.146 0.149 0.152 0.154 0.157 0.159 0.162 0.164 0.167 0.169 0.171 0.174 0.176 0.178 0.178 0.177 0.177 0.176 0.176 0.174
0.014 0.020 0.032 0.047 0.061 0.076 0.091 0.106 0.122 0.138 0.154 0.169 0.183 0.197 0.208 0.218 0.226 0.234 0.241 0.248 0.251 0.251 0.250 0.250 0.248 0.247 0.243 0.237 0.231 0.224 0.217 0.210 0.203 0.196 0.189 0.182 0.174 0.166 0.159 0.153 0.146 0.138 0.131 0.123 0.120 0.119 0.118 0.117 0.116 0.115 0.116 0.120 0.124 0.128 0.132 0.137 0.141 0.144 0.147 0.150 0.153 0.156 0.157 0.158 0.160 0.161 0.162 0.164 0.164 0.164 0.163 0.163 0.162 0.161 0.159
0.044 0.055 0.068 0.083 0.098 0.113 0.129 0.144 0.159 0.174 0.187 0.201 0.213 0.226 0.235 0.242 0.249 0.254 0.259 0.263 0.265 0.263 0.261 0.259 0.256 0.252 0.247 0.240 0.233 0.225 0.217 0.210 0.202 0.194 0.186 0.178 0.170 0.161 0.153 0.145 0.138 0.130 0.121 0.113 0.107 0.106 0.105 0.104 0.102 0.101 0.102 0.106 0.111 0.117 0.122 0.126 0.128 0.130 0.132 0.134 0.136 0.139 0.141 0.143 0.144 0.146 0.148 0.150 0.151 0.150 0.149 0.148 0.147 0.146 0.145
0.074 0.088 0.104 0.119 0.135 0.150 0.166 0.182 0.197 0.210 0.222 0.233 0.244 0.255 0.263 0.267 0.270 0.273 0.275 0.277 0.277 0.273 0.270 0.266 0.261 0.257 0.251 0.243 0.235 0.226 0.218 0.209 0.200 0.192 0.183 0.174 0.165 0.156 0.147 0.139 0.130 0.121 0.112 0.102 0.095 0.094 0.092 0.091 0.088 0.086 0.084 0.088 0.092 0.095 0.099 0.102 0.105 0.108 0.111 0.114 0.117 0.121 0.125 0.127 0.129 0.131 0.133 0.136 0.138 0.137 0.135 0.134 0.133 0.132 0.130
0.102 0.120 0.139 0.155 0.171 0.187 0.203 0.220 0.234 0.243 0.252 0.260 0.268 0.276 0.283 0.285 0.286 0.287 0.288 0.289 0.288 0.284 0.279 0.273 0.267 0.261 0.254 0.246 0.237 0.228 0.218 0.209 0.199 0.190 0.181 0.171 0.161 0.151 0.141 0.132 0.123 0.114 0.105 0.096 0.088 0.086 0.082 0.078 0.073 0.068 0.063 0.066 0.070 0.073 0.076 0.079 0.082 0.086 0.090 0.094 0.099 0.103 0.108 0.111 0.113 0.116 0.119 0.122 0.124 0.123 0.122 0.120 0.118 0.115 0.112
0.128 0.151 0.172 0.187 0.202 0.217 0.231 0.246 0.260 0.268 0.275 0.282 0.289 0.296 0.302 0.302 0.303 0.303 0.302 0.301 0.300 0.294 0.288 0.281 0.274 0.266 0.259 0.249 0.239 0.229 0.219 0.209 0.198 0.188 0.179 0.169 0.159 0.149 0.138 0.129 0.121 0.112 0.103 0.094 0.085 0.079 0.073 0.067 0.059 0.051 0.042 0.045 0.048 0.051 0.053 0.056 0.058 0.063 0.068 0.074 0.079 0.085 0.092 0.095 0.098 0.101 0.102 0.104 0.105 0.102 0.099 0.095 0.092 0.089 0.085
0.159 0.180 0.200 0.215 0.230 0.244 0.258 0.271 0.285 0.292 0.299 0.305 0.310 0.315 0.320 0.320 0.319 0.318 0.316 0.314 0.312 0.305 0.297 0.289 0.281 0.272 0.263 0.252 0.242 0.231 0.221 0.210 0.200 0.190 0.179 0.169 0.158 0.148 0.137 0.127 0.118 0.109 0.100 0.091 0.082 0.074 0.065 0.056 0.046 0.035 0.023 0.023 0.026 0.028 0.031 0.033 0.035 0.040 0.047 0.054 0.061 0.067 0.073 0.075 0.077 0.078 0.078 0.079 0.079 0.076 0.073 0.069 0.066 0.062 0.059
0.190 0.209 0.229 0.244 0.257 0.271 0.284 0.297 0.310 0.317 0.322 0.327 0.332 0.336 0.339 0.339 0.336 0.334 0.331 0.326 0.322 0.314 0.305 0.296 0.286 0.276 0.265 0.255 0.244 0.234 0.223 0.213 0.202 0.191 0.180 0.169 0.158 0.147 0.135 0.125 0.116 0.107 0.098 0.089 0.080 0.069 0.058 0.046 0.033 0.019 0.005 0.004 0.010 0.014 0.018 0.022 0.024 0.030 0.036 0.041 0.046 0.050 0.053 0.055 0.055 0.055 0.055 0.054 0.053 0.050 0.047 0.043 0.040 0.036 0.032
0.221 0.239 0.257 0.272 0.285 0.298 0.310 0.323 0.335 0.343 0.346 0.350 0.350 0.351 0.351 0.349 0.344 0.340 0.336 0.333 0.329 0.322 0.312 0.301 0.291 0.280 0.268 0.257 0.247 0.236 0.226 0.215 0.204 0.193 0.181 0.170 0.158 0.146 0.134 0.123 0.114 0.105 0.096 0.087 0.079 0.069 0.058 0.047 0.036 0.024 0.012 0.010 0.013 0.015 0.017 0.018 0.018 0.021 0.025 0.028 0.031 0.033 0.035 0.035 0.034 0.033 0.031 0.029 0.027 0.024 0.021 0.017 0.013 0.010 0.006
0.253 0.270 0.286 0.300 0.312 0.321 0.330 0.338 0.346 0.351 0.351 0.351 0.352 0.352 0.353 0.351 0.348 0.344 0.341 0.339 0.336 0.330 0.319 0.307 0.296 0.284 0.272 0.260 0.249 0.239 0.228 0.217 0.206 0.195 0.183 0.170 0.158 0.146 0.133 0.123 0.115 0.108 0.102 0.095 0.090 0.082 0.070 0.058 0.046 0.034 0.022 0.016 0.016 0.017 0.016 0.015 0.013 0.012 0.014 0.016 0.016 0.017 0.016 0.015 0.013 0.011 0.008 0.005 0.002 0.000 0.000 0.000 0.000 0.000 0.000
0.276 0.288 0.300 0.311 0.319 0.327 0.334 0.341 0.347 0.352 0.352 0.353 0.353 0.354 0.354 0.354 0.351 0.349 0.346 0.344 0.343 0.338 0.326 0.314 0.301 0.288 0.275 0.263 0.252 0.241 0.230 0.219 0.209 0.198 0.186 0.174 0.161 0.149 0.136 0.125 0.119 0.114 0.109 0.104 0.100 0.094 0.082 0.070 0.057 0.044 0.032 0.023 0.021 0.019 0.016 0.012 0.008 0.005 0.005 0.004 0.003 0.001 0.000 0.000 0.000 0.000 0.000 0.000 0.000 0.000 0.000 0.000 0.000 0.000 0.000
0.288 0.299 0.310 0.320 0.327 0.333 0.339 0.344 0.349 0.353 0.353 0.354 0.354 0.355 0.356 0.356 0.354 0.352 0.351 0.350 0.349 0.347 0.333 0.318 0.303 0.288 0.275 0.262 0.251 0.241 0.231 0.221 0.212 0.203 0.190 0.177 0.164 0.152 0.139 0.127 0.123 0.119 0.116 0.113 0.110 0.107 0.094 0.081 0.068 0.055 0.042 0.030 0.026 0.021 0.016 0.011 0.007 0.003 0.003 0.003 0.003 0.002 0.001 0.000 0.000 0.000 0.000 0.000 0.000 0.000 0.000 0.000 0.000 0.000 0.000
0.301 0.311 0.321 0.330 0.335 0.340 0.344 0.348 0.351 0.354 0.355 0.355 0.356 0.356 0.357 0.357 0.354 0.350 0.346 0.343 0.339 0.335 0.321 0.307 0.294 0.282 0.270 0.259 0.249 0.240 0.231 0.223 0.215 0.207 0.194 0.181 0.168 0.155 0.141 0.128 0.126 0.124 0.122 0.121 0.120 0.119 0.106 0.093 0.079 0.066 0.053 0.041 0.037 0.032 0.027 0.022 0.016 0.011 0.010 0.009 0.007 0.005 0.003 0.000 0.000 0.000 0.000 0.000 0.000 0.000 0.000 0.000 0.000 0.000 0.000
0.314 0.323 0.331 0.339 0.344 0.347 0.350 0.352 0.353 0.354 0.353 0.352 0.350 0.348 0.345 0.342 0.339 0.335 0.331 0.327 0.323 0.319 0.308 0.296 0.285 0.275 0.265 0.256 0.247 0.239 0.232 0.224 0.218 0.211 0.198 0.185 0.172 0.158 0.144 0.131 0.128 0.128 0.128 0.128 0.128 0.128 0.116 0.104 0.092 0.080 0.068 0.057 0.051 0.045 0.039 0.033 0.026 0.020 0.017 0.014 0.012 0.008 0.004 0.000 0.000 0.000 0.000 0.000 0.000 0.000 0.000 0.000 0.000 0.000 0.002
0.327 0.334 0.341 0.347 0.350 0.351 0.351 0.351 0.350 0.348 0.346 0.344 0.340 0.337 0.333 0.328 0.324 0.320 0.316 0.312 0.307 0.303 0.295 0.285 0.276 0.267 0.259 0.252 0.245 0.238 0.232 0.225 0.220 0.214 0.203 0.190 0.177 0.164 0.152 0.141 0.138 0.137 0.137 0.137 0.136 0.135 0.126 0.115 0.103 0.093 0.082 0.072 0.065 0.058 0.051 0.044 0.037 0.029 0.025 0.021 0.016 0.012 0.007 0.001 0.000 0.000 0.000 0.000 0.000 0.000 0.001 0.002 0.004 0.007 0.010
0.333 0.339 0.345 0.351 0.354 0.353 0.351 0.349 0.347 0.344 0.340 0.336 0.331 0.326 0.321 0.315 0.310 0.305 0.301 0.296 0.292 0.287 0.281 0.273 0.266 0.259 0.253 0.247 0.241 0.236 0.230 0.225 0.220 0.216 0.207 0.195 0.184 0.173 0.162 0.152 0.147 0.147 0.146 0.145 0.144 0.142 0.135 0.125 0.115 0.105 0.096 0.087 0.079 0.071 0.064 0.056 0.047 0.039 0.032 0.027 0.022 0.017 0.011 0.006 0.004 0.003 0.003 0.002 0.002 0.000 0.002 0.005 0.008 0.013 0.017
0.338 0.344 0.350 0.356 0.359 0.356 0.352 0.349 0.344 0.339 0.334 0.328 0.322 0.316 0.309 0.301 0.295 0.291 0.286 0.281 0.277 0.273 0.267 0.262 0.256 0.251 0.246 0.241 0.236 0.232 0.227 0.224 0.220 0.217 0.211 0.200 0.190 0.181 0.171 0.162 0.157 0.156 0.155 0.153 0.151 0.150 0.144 0.135 0.126 0.117 0.109 0.101 0.094 0.086 0.078 0.068 0.059 0.048 0.040 0.035 0.029 0.023 0.018 0.012 0.008 0.007 0.006 0.005 0.003 0.001 0.002 0.007 0.012 0.018 0.024
0.343 0.349 0.355 0.360 0.364 0.359 0.354 0.348 0.342 0.336 0.329 0.321 0.314 0.307 0.299 0.291 0.284 0.279 0.275 0.270 0.266 0.261 0.256 0.251 0.246 0.242 0.238 0.234 0.231 0.227 0.224 0.222 0.220 0.218 0.214 0.205 0.196 0.188 0.180 0.173 0.167 0.166 0.164 0.162 0.159 0.159 0.157 0.150 0.143 0.137 0.130 0.123 0.115 0.105 0.094 0.083 0.071 0.058 0.048 0.042 0.036 0.030 0.024 0.018 0.014 0.012 0.010 0.007 0.005 0.002 0.002 0.009 0.016 0.023 0.031
0.348 0.353 0.359 0.365 0.370 0.363 0.356 0.348 0.341 0.335 0.328 0.320 0.312 0.303 0.294 0.284 0.275 0.270 0.265 0.260 0.254 0.249 0.243 0.239 0.236 0.233 0.230 0.227 0.225 0.223 0.221 0.220 0.219 0.218 0.217 0.209 0.202 0.195 0.189 0.183 0.179 0.178 0.178 0.178 0.179 0.180 0.180 0.173 0.166 0.159 0.152 0.145 0.137 0.124 0.111 0.098 0.084 0.069 0.056 0.050 0.044 0.037 0.031 0.024 0.019 0.016 0.013 0.010 0.007 0.003 0.003 0.014 0.025 0.036 0.048
0.344 0.348 0.354 0.360 0.367 0.361 0.354 0.348 0.341 0.335 0.329 0.319 0.310 0.299 0.289 0.277 0.266 0.260 0.255 0.249 0.243 0.237 0.231 0.228 0.225 0.223 0.221 0.220 0.218 0.218 0.217 0.218 0.219 0.220 0.220 0.214 0.209 0.204 0.199 0.196 0.192 0.193 0.194 0.196 0.198 0.201 0.203 0.196 0.189 0.182 0.174 0.167 0.159 0.144 0.129 0.114 0.097 0.081 0.064 0.058 0.051 0.044 0.038 0.032 0.029 0.029 0.029 0.028 0.026 0.025 0.024 0.036 0.048 0.060 0.073
