DATA/SHG/CPC/2018/20180709.asc
ncols        190
nrows        64
xllcorner    -5100000.000000000000
yllcorner    4130000.000000000000
cellsize     10000.000000000000
NODATA_value  -99999.000
[rows 0 to 32 of 64, columns 0 to 73 of 190]
0.000 0.000 0.000 0.000 0.001 0.003 0.006 0.011 0.015 0.020 0.024 0.028 0.039 0.053 0.069 0.086 0.104 0.124 0.190 0.282 0.380 0.486 0.599 0.719 0.822 0.914 1.006 1.098 1.191 1.284 1.349 1.394 1.434 1.468 1.498 1.547 1.637 1.750 1.855 1.954 2.045 2.128 2.162 2.158 2.153 2.147 2.139 2.130 2.122 2.115 2.108 2.100 2.093 2.085 2.088 2.103 2.118 2.133 2.149 2.165 2.169 2.155 2.141 2.125 2.108 2.091 2.065 2.028 1.993 1.958 1.924 1.891 1.853 1.806
0.003 0.005 0.006 0.007 0.008 0.010 0.013 0.017 0.021 0.025 0.029 0.033 0.045 0.064 0.084 0.106 0.129 0.153 0.226 0.343 0.467 0.598 0.735 0.880 1.001 1.094 1.187 1.282 1.387 1.494 1.575 1.625 1.674 1.723 1.770 1.818 1.885 1.972 2.052 2.125 2.190 2.248 2.276 2.268 2.258 2.248 2.236 2.222 2.211 2.203 2.195 2.187 2.179 2.171 2.171 2.187 2.203 2.220 2.237 2.248 2.243 2.215 2.186 2.158 2.129 2.100 2.070 2.036 2.004 1.972 1.941 1.911 1.877 1.830
0.009 0.010 0.012 0.013 0.015 0.017 0.019 0.023 0.027 0.031 0.034 0.038 0.050 0.074 0.099 0.125 0.153 0.182 0.255 0.397 0.550 0.716 0.885 1.056 1.204 1.310 1.419 1.531 1.645 1.762 1.857 1.905 1.951 1.998 2.043 2.088 2.139 2.201 2.255 2.303 2.343 2.375 2.392 2.379 2.365 2.350 2.333 2.316 2.299 2.291 2.283 2.274 2.268 2.258 2.251 2.260 2.265 2.267 2.266 2.260 2.249 2.220 2.191 2.162 2.133 2.104 2.074 2.044 2.014 1.985 1.957 1.929 1.901 1.854
0.014 0.016 0.017 0.019 0.021 0.023 0.026 0.030 0.033 0.036 0.040 0.043 0.053 0.084 0.123 0.169 0.222 0.282 0.374 0.544 0.717 0.893 1.072 1.253 1.421 1.537 1.655 1.776 1.900 2.026 2.139 2.184 2.229 2.273 2.316 2.359 2.400 2.437 2.466 2.488 2.502 2.510 2.508 2.491 2.473 2.471 2.463 2.447 2.425 2.418 2.407 2.392 2.374 2.352 2.329 2.326 2.319 2.308 2.294 2.276 2.254 2.225 2.196 2.167 2.137 2.107 2.078 2.050 2.023 1.997 1.972 1.947 1.923 1.878
0.019 0.021 0.023 0.025 0.028 0.030 0.033 0.037 0.041 0.045 0.048 0.052 0.063 0.120 0.183 0.254 0.332 0.417 0.518 0.698 0.881 1.066 1.255 1.446 1.634 1.760 1.888 2.018 2.152 2.288 2.422 2.464 2.507 2.548 2.589 2.630 2.669 2.683 2.724 2.754 2.773 2.782 2.781 2.769 2.748 2.720 2.683 2.638 2.586 2.564 2.541 2.514 2.484 2.450 2.413 2.395 2.375 2.352 2.325 2.295 2.261 2.231 2.201 2.171 2.141 2.111 2.081 2.056 2.031 2.012 1.999 1.984 1.968 1.933
0.024 0.027 0.030 0.033 0.037 0.040 0.043 0.047 0.051 0.055 0.059 0.063 0.067 0.148 0.236 0.332 0.434 0.544 0.661 0.848 1.041 1.236 1.435 1.636 1.840 1.980 2.117 2.257 2.400 2.546 2.705 2.797 2.877 2.957 3.036 3.114 3.192 3.213 3.216 3.209 3.192 3.164 3.125 3.083 3.034 2.977 2.911 2.838 2.756 2.714 2.678 2.639 2.597 2.550 2.501 2.467 2.435 2.399 2.360 2.317 2.271 2.236 2.216 2.203 2.187 2.169 2.149 2.133 2.117 2.100 2.082 2.063 2.042 2.008
0.032 0.035 0.039 0.042 0.046 0.050 0.054 0.057 0.061 0.065 0.069 0.073 0.077 0.168 0.281 0.402 0.529 0.664 0.805 0.995 1.198 1.403 1.612 1.828 2.054 2.235 2.415 2.606 2.810 3.026 3.254 3.370 3.448 3.525 3.601 3.676 3.751 3.753 3.719 3.675 3.620 3.555 3.479 3.405 3.327 3.241 3.147 3.045 2.934 2.867 2.819 2.768 2.713 2.654 2.593 2.560 2.539 2.513 2.481 2.444 2.402 2.375 2.355 2.334 2.310 2.284 2.255 2.232 2.211 2.190 2.167 2.143 2.117 2.083
0.039 0.043 0.047 0.051 0.055 0.059 0.064 0.068 0.072 0.076 0.080 0.084 0.088 0.181 0.319 0.464 0.620 0.787 0.963 1.171 1.395 1.623 1.856 2.092 2.333 2.557 2.779 3.013 3.260 3.519 3.790 3.944 4.019 4.093 4.166 4.239 4.310 4.302 4.232 4.150 4.059 3.956 3.844 3.735 3.628 3.514 3.391 3.260 3.147 3.081 3.049 3.012 2.969 2.920 2.866 2.819 2.780 2.735 2.685 2.630 2.570 2.524 2.497 2.467 2.435 2.401 2.364 2.332 2.307 2.280 2.253 2.223 2.193 2.158
0.046 0.051 0.055 0.059 0.064 0.069 0.073 0.078 0.082 0.087 0.094 0.101 0.108 0.201 0.373 0.553 0.742 0.941 1.148 1.373 1.612 1.854 2.101 2.352 2.607 2.864 3.130 3.407 3.697 3.999 4.313 4.517 4.589 4.661 4.731 4.801 4.869 4.862 4.754 4.636 4.507 4.387 4.269 4.160 4.056 3.945 3.827 3.701 3.568 3.466 3.415 3.358 3.295 3.227 3.153 3.083 3.025 2.962 2.894 2.821 2.742 2.676 2.640 2.602 2.562 2.519 2.474 2.433 2.404 2.372 2.340 2.305 2.272 2.248
0.054 0.058 0.065 0.071 0.077 0.083 0.088 0.094 0.101 0.109 0.117 0.126 0.136 0.219 0.422 0.634 0.855 1.084 1.323 1.570 1.823 2.080 2.342 2.607 2.877 3.159 3.467 3.787 4.120 4.465 4.822 5.091 5.160 5.225 5.275 5.329 5.388 5.393 5.274 5.158 5.044 4.933 4.826 4.715 4.585 4.449 4.305 4.154 3.996 3.857 3.786 3.709 3.626 3.538 3.445 3.352 3.276 3.194 3.108 3.016 2.919 2.830 2.786 2.740 2.691 2.648 2.621 2.592 2.576 2.554 2.527 2.494 2.456 2.417
0.072 0.078 0.084 0.090 0.095 0.100 0.105 0.111 0.120 0.130 0.140 0.151 0.162 0.228 0.462 0.705 0.957 1.218 1.488 1.763 2.030 2.302 2.578 2.857 3.141 3.440 3.791 4.147 4.505 4.864 5.224 5.529 5.585 5.646 5.710 5.779 5.851 5.896 5.787 5.681 5.577 5.477 5.379 5.276 5.121 4.959 4.790 4.614 4.430 4.253 4.162 4.065 3.963 3.855 3.742 3.626 3.531 3.431 3.341 3.265 3.184 3.102 3.078 3.048 3.012 2.972 2.926 2.875 2.840 2.799 2.753 2.701 2.645 2.584
0.092 0.098 0.104 0.108 0.113 0.118 0.122 0.127 0.139 0.150 0.163 0.175 0.189 0.226 0.492 0.766 1.050 1.342 1.643 1.950 2.234 2.523 2.819 3.122 3.431 3.748 4.108 4.469 4.832 5.196 5.562 5.917 5.988 6.062 6.141 6.223 6.310 6.396 6.297 6.200 6.107 6.016 5.928 5.843 5.663 5.476 5.281 5.080 4.871 4.655 4.543 4.446 4.360 4.268 4.172 4.071 3.992 3.907 3.817 3.720 3.618 3.509 3.462 3.414 3.359 3.300 3.235 3.165 3.109 3.049 2.984 2.914 2.838 2.757
0.111 0.119 0.123 0.128 0.132 0.136 0.140 0.143 0.156 0.170 0.184 0.199 0.225 0.260 0.552 0.862 1.174 1.489 1.807 2.128 2.435 2.747 3.066 3.391 3.722 4.060 4.423 4.790 5.158 5.527 5.898 6.270 6.385 6.474 6.566 6.663 6.763 6.868 6.802 6.716 6.632 6.552 6.474 6.399 6.229 6.044 5.856 5.665 5.470 5.272 5.161 5.063 4.959 4.851 4.737 4.619 4.515 4.410 4.298 4.181 4.057 3.928 3.852 3.784 3.711 3.633 3.549 3.460 3.382 3.304 3.220 3.131 3.036 2.936
0.131 0.138 0.143 0.147 0.150 0.153 0.156 0.157 0.179 0.211 0.250 0.296 0.348 0.407 0.673 0.992 1.315 1.640 1.969 2.300 2.630 2.964 3.305 3.653 4.007 4.367 4.736 5.108 5.481 5.856 6.232 6.609 6.778 6.880 6.987 7.098 7.212 7.375 7.394 7.352 7.303 7.248 7.186 7.118 6.958 6.761 6.561 6.358 6.151 5.941 5.799 5.683 5.562 5.437 5.306 5.170 5.044 4.917 4.784 4.646 4.501 4.351 4.246 4.159 4.067 3.970 3.868 3.760 3.661 3.647 3.653 3.661 3.669 3.679
0.154 0.161 0.165 0.167 0.168 0.168 0.168 0.167 0.200 0.256 0.319 0.388 0.464 0.547 0.790 1.120 1.452 1.788 2.127 2.468 2.817 3.174 3.538 3.908 4.284 4.667 5.047 5.424 5.802 6.183 6.603 7.032 7.302 7.468 7.640 7.819 8.004 8.196 8.240 8.175 8.103 8.025 7.940 7.849 7.689 7.480 7.268 7.053 6.834 6.612 6.441 6.308 6.170 6.027 5.879 5.726 5.577 5.430 5.276 5.116 4.951 4.780 4.723 4.706 4.689 4.671 4.652 4.633 4.628 4.637 4.647 4.659 4.672 4.687
0.183 0.187 0.188 0.187 0.186 0.184 0.181 0.178 0.214 0.293 0.380 0.473 0.573 0.679 0.904 1.244 1.587 1.932 2.281 2.633 2.997 3.377 3.766 4.177 4.595 5.019 5.443 5.867 6.302 6.746 7.201 7.665 8.003 8.192 8.386 8.588 8.795 9.009 9.092 9.003 8.909 8.808 8.700 8.586 8.423 8.202 7.978 7.751 7.520 7.286 7.087 6.937 6.781 6.621 6.460 6.346 6.241 6.144 6.050 5.957 5.867 5.778 5.719 5.700 5.680 5.660 5.639 5.618 5.610 5.623 5.638 5.655 5.673 5.692
0.213 0.213 0.212 0.209 0.205 0.200 0.195 0.189 0.220 0.323 0.434 0.550 0.674 0.804 1.014 1.373 1.747 2.122 2.498 2.875 3.265 3.686 4.114 4.549 4.990 5.438 5.891 6.350 6.819 7.298 7.787 8.286 8.697 8.908 9.125 9.349 9.578 9.815 9.949 9.838 9.720 9.596 9.465 9.328 9.159 8.926 8.690 8.458 8.250 8.040 7.855 7.740 7.627 7.517 7.410 7.306 7.207 7.117 7.029 6.943 6.859 6.777 6.713 6.692 6.670 6.648 6.625 6.602 6.589 6.607 6.627 6.648 6.671 6.695
0.244 0.241 0.236 0.231 0.224 0.217 0.209 0.201 0.231 0.379 0.535 0.699 0.871 1.052 1.276 1.653 2.030 2.408 2.786 3.166 3.558 4.002 4.454 4.912 5.377 5.849 6.328 6.822 7.326 7.839 8.363 8.896 9.383 9.616 9.856 10.102 10.354 10.613 10.811 10.677 10.551 10.440 10.320 10.190 10.040 9.830 9.618 9.404 9.187 8.968 8.764 8.658 8.554 8.454 8.356 8.261 8.170 8.087 8.005 7.926 7.849 7.774 7.707 7.684 7.660 7.635 7.611 7.585 7.565 7.588 7.613 7.639 7.676 7.771
0.276 0.269 0.261 0.262 0.269 0.283 0.302 0.328 0.367 0.543 0.727 0.919 1.120 1.328 1.552 1.931 2.311 2.692 3.073 3.456 3.843 4.311 4.786 5.268 5.757 6.252 6.755 7.283 7.821 8.369 8.927 9.494 10.062 10.343 10.651 10.963 11.279 11.598 11.911 11.785 11.650 11.505 11.351 11.187 11.012 10.794 10.574 10.350 10.125 9.897 9.668 9.572 9.478 9.387 9.298 9.212 9.129 9.053 8.978 8.906 8.835 8.766 8.700 8.674 8.648 8.627 8.619 8.617 8.619 8.705 8.808 8.929 9.067 9.223
0.305 0.295 0.284 0.303 0.332 0.367 0.408 0.455 0.508 0.698 0.911 1.131 1.359 1.595 1.839 2.208 2.591 2.974 3.359 3.744 4.131 4.612 5.111 5.616 6.128 6.647 7.189 7.778 8.390 9.021 9.670 10.337 11.024 11.385 11.706 12.031 12.360 12.692 13.028 12.927 12.758 12.579 12.391 12.193 11.985 11.760 11.530 11.298 11.064 10.827 10.588 10.482 10.397 10.315 10.236 10.160 10.086 10.016 9.945 9.876 9.817 9.769 9.730 9.722 9.721 9.726 9.735 9.749 9.767 9.897 10.061 10.242 10.440 10.656
0.334 0.321 0.307 0.338 0.388 0.444 0.507 0.575 0.650 0.845 1.085 1.333 1.589 1.853 2.125 2.483 2.869 3.256 3.643 4.043 4.453 4.960 5.505 6.058 6.619 7.188 7.766 8.407 9.084 9.780 10.494 11.227 11.979 12.421 12.755 13.093 13.435 13.780 14.129 14.077 13.874 13.661 13.439 13.207 12.965 12.726 12.488 12.247 12.004 11.759 11.511 11.372 11.272 11.179 11.094 11.016 10.946 10.890 10.846 10.813 10.789 10.776 10.772 10.782 10.798 10.818 10.844 10.874 10.909 11.071 11.295 11.536 11.795 12.071
0.364 0.348 0.332 0.365 0.437 0.515 0.599 0.689 0.785 0.982 1.250 1.526 1.807 2.095 2.391 2.751 3.157 3.571 3.994 4.425 4.864 5.383 5.956 6.538 7.128 7.727 8.334 9.015 9.757 10.518 11.298 12.096 12.913 13.453 13.800 14.150 14.505 14.863 15.225 15.235 14.998 14.751 14.495 14.229 13.925 13.626 13.343 13.062 12.783 12.504 12.227 12.068 11.994 11.927 11.868 11.816 11.771 11.746 11.737 11.738 11.750 11.771 11.803 11.836 11.868 11.905 11.947 11.993 12.045 12.227 12.511 12.813 13.132 13.468
0.395 0.376 0.357 0.386 0.480 0.581 0.686 0.794 0.905 1.097 1.389 1.688 1.995 2.310 2.632 3.006 3.441 3.885 4.337 4.797 5.266 5.796 6.399 7.009 7.629 8.256 8.892 9.603 10.410 11.236 12.081 12.945 13.827 14.479 14.839 15.202 15.570 15.924 16.246 16.267 15.953 15.631 15.301 14.965 14.621 14.303 14.025 13.749 13.474 13.200 12.927 12.755 12.707 12.666 12.633 12.607 12.588 12.590 12.617 12.653 12.700 12.756 12.823 12.884 12.933 12.986 13.044 13.107 13.174 13.296 13.472 13.652 13.838 14.029
0.436 0.422 0.410 0.434 0.544 0.657 0.773 0.893 1.016 1.198 1.516 1.842 2.175 2.516 2.865 3.251 3.716 4.189 4.670 5.160 5.658 6.200 6.831 7.471 8.119 8.776 9.440 10.170 11.043 11.934 12.957 13.961 14.939 15.711 16.049 16.355 16.628 16.869 17.079 17.099 16.759 16.411 16.055 15.692 15.322 14.978 14.705 14.433 14.162 13.893 13.625 13.434 13.412 13.397 13.389 13.389 13.397 13.424 13.485 13.557 13.638 13.730 13.757 13.711 13.628 13.545 13.460 13.374 13.287 13.288 13.482 13.680 13.883 14.091
0.487 0.478 0.471 0.483 0.605 0.729 0.857 0.988 1.123 1.290 1.635 1.987 2.347 2.714 3.089 3.487 3.981 4.483 4.994 5.513 6.040 6.594 7.269 8.085 8.932 9.812 10.722 11.673 12.664 13.630 14.570 15.485 16.374 17.138 17.363 17.556 17.717 17.846 17.943 17.938 17.571 17.197 16.816 16.427 16.031 15.651 15.382 15.115 14.848 14.584 14.320 14.104 14.108 14.119 14.138 14.086 13.997 13.920 13.883 13.852 13.825 13.803 13.785 13.758 13.672 13.584 13.494 13.404 13.312 13.276 13.487 13.702 13.922 14.147
0.536 0.532 0.530 0.530 0.662 0.798 0.937 1.080 1.226 1.375 1.746 2.124 2.510 2.904 3.305 3.715 4.266 4.865 5.512 6.205 6.946 7.734 8.629 9.556 10.514 11.504 12.526 13.577 14.479 15.356 16.207 17.033 17.833 18.595 18.708 18.789 18.838 18.854 18.839 18.783 18.390 17.990 17.582 17.168 16.746 16.322 16.057 15.794 15.427 15.047 14.686 14.353 14.263 14.176 14.092 14.011 13.933 13.861 13.841 13.826 13.815 13.810 13.808 13.807 13.716 13.624 13.530 13.435 13.339 13.260 13.487 13.720 13.957 14.200
0.583 0.585 0.588 0.593 0.715 0.862 1.013 1.168 1.320 1.468 1.823 2.227 2.644 3.074 3.517 3.974 4.657 5.421 6.233 7.091 7.997 8.950 9.954 10.992 12.061 13.162 14.294 15.458 16.318 17.105 17.868 18.605 19.317 20.003 20.084 20.053 19.989 19.894 19.766 19.606 19.215 18.619 18.010 17.406 16.808 16.214 15.820 15.468 15.135 14.821 14.526 14.250 14.152 14.076 14.003 13.933 13.867 13.803 13.795 13.796 13.802 13.812 13.827 13.847 13.762 13.665 13.567 13.467 13.367 13.265 13.483 13.733 13.987 14.219
0.629 0.633 0.633 0.629 0.727 0.874 1.023 1.175 1.329 1.486 1.839 2.289 2.752 3.228 3.717 4.219 4.996 5.925 6.902 7.926 8.997 10.115 11.244 12.392 13.572 14.783 16.026 17.300 18.180 18.879 19.553 20.201 20.824 21.412 21.252 20.890 20.508 20.106 19.684 19.242 18.679 18.083 17.491 16.905 16.324 15.748 15.378 15.092 14.825 14.577 14.348 14.137 14.038 13.973 13.911 13.853 13.797 13.745 13.743 13.761 13.783 13.810 13.842 13.878 13.808 13.707 13.594 13.461 13.319 13.167 13.281 13.455 13.617 13.765
0.666 0.657 0.643 0.626 0.698 0.854 1.012 1.172 1.335 1.501 1.841 2.336 2.845 3.367 3.901 4.449 5.284 6.379 7.521 8.710 9.946 11.229 12.499 13.757 15.047 16.369 17.701 18.906 19.640 20.031 20.382 20.693 20.965 21.197 21.037 20.605 20.154 19.682 19.191 18.681 18.121 17.542 16.968 16.400 15.836 15.277 14.917 14.697 14.496 14.314 14.151 14.007 13.922 13.868 13.817 13.769 13.725 13.683 13.688 13.714 13.740 13.771 13.808 13.850 13.777 13.631 13.475 13.309 13.135 12.951 12.977 13.105 13.221 13.323
0.707 0.684 0.657 0.626 0.667 0.831 0.998 1.167 1.339 1.513 1.828 2.370 2.924 3.492 4.072 4.665 5.521 6.781 8.088 9.488 11.014 12.552 13.990 15.229 16.401 17.506 18.545 19.516 20.160 20.412 20.625 20.797 20.930 21.023 20.842 20.341 19.820 19.280 18.720 18.140 17.559 16.997 16.441 15.890 15.344 14.802 14.439 14.285 14.149 14.033 13.936 13.857 13.778 13.707 13.646 13.596 13.556 13.527 13.534 13.574 13.619 13.670 13.726 13.788 13.733 13.554 13.365 13.167 12.960 12.743 12.685 12.768 12.838 12.895
0.752 0.715 0.675 0.631 0.633 0.806 0.981 1.159 1.339 1.522 1.802 2.389 3.061 3.849 4.678 5.550 6.615 8.147 9.690 11.246 12.813 14.393 15.836 16.841 17.780 18.652 19.457 20.195 20.722 20.835 20.908 20.942 20.936 20.890 20.668 20.098 19.508 18.899 18.269 17.620 16.992 16.448 15.909 15.376 14.847 14.338 13.963 13.863 13.765 13.669 13.574 13.481 13.407 13.372 13.348 13.335 13.332 13.340 13.370 13.429 13.494 13.564 13.639 13.721 13.698 13.486 13.265 13.034 12.794 12.545 12.406 12.443 12.468 12.479
0.801 0.751 0.697 0.640 0.596 0.798 1.044 1.329 1.653 2.016 2.454 3.305 4.197 5.130 6.105 7.122 8.232 9.805 11.391 12.988 14.597 16.218 17.749 18.521 19.227 19.865 20.437 20.942 21.323 21.298 21.233 21.128 20.983 20.798 20.514 19.875 19.216 18.538 17.899 17.228 16.557 16.056 15.549 15.036 14.517 13.992 13.544 13.451 13.359 13.269 13.180 13.094 13.026 13.028 13.041 13.064 13.098 13.142 13.201 13.279 13.363 13.452 13.547 13.648 13.671 13.427 13.173 12.910 12.638 12.356 12.121 12.033 11.933 11.819
0.840 0.788 0.741 0.700 0.663 0.978 1.360 1.782 2.242 2.741 3.279 4.249 5.286 6.365 7.485 8.647 9.851 11.449 13.076 14.715 16.365 18.028 19.702 20.269 20.741 21.147 21.486 21.758 21.964 21.802 21.615 21.639 21.511 21.230 20.795 20.143 19.452 18.724 17.958 17.154 16.321 15.799 15.272 14.738 14.199 13.653 13.124 13.036 12.951 12.867 12.785 12.705 12.634 12.673 12.723 12.783 12.853 12.934 13.026 13.124 13.227 13.336 13.450 13.536 13.510 13.137 12.764 12.392 12.020 11.648 11.307 11.174 11.027 10.868
