DATA/SHG/CPC/2018/20180422.asc
ncols        190
nrows        64
xllcorner    -5100000.000000000000
yllcorner    4130000.000000000000
cellsize     10000.000000000000
NODATA_value  -99999.000
[rows 0 to 33 of 64, columns 76 to 151 of 190]
0.000 0.000 0.000 0.000 0.000 0.000 0.000 0.000 0.000 0.000 0.000 0.000 0.000 0.000 0.000 0.000 0.000 0.000 0.000 0.000 0.000 0.000 0.000 0.000 0.000 0.000 0.000 0.000 0.000 0.000 0.000 0.000 0.000 0.000 0.000 0.000 0.000 0.000 0.000 0.000 0.000 0.000 0.000 0.000 0.001 0.004 0.008 0.013 0.017 0.022 0.029 0.043 0.058 0.074 0.090 0.106 0.126 0.157 0.189 0.223 0.257 0.293 0.346 0.447 0.553 0.660 0.768 0.876 1.014 1.226 1.435 1.641 1.843 2.042 2.230 2.394
0.000 0.000 0.000 0.000 0.000 0.000 0.000 0.000 0.000 0.000 0.000 0.000 0.000 0.000 0.000 0.000 0.000 0.000 0.000 0.000 0.000 0.000 0.000 0.000 0.000 0.000 0.000 0.000 0.000 0.000 0.000 0.000 0.000 0.000 0.000 0.000 0.000 0.000 0.000 0.000 0.000 0.000 0.000 0.000 0.001 0.006 0.011 0.016 0.022 0.029 0.036 0.053 0.070 0.088 0.109 0.132 0.158 0.201 0.246 0.292 0.342 0.393 0.455 0.564 0.674 0.786 0.898 1.011 1.139 1.336 1.530 1.720 1.907 2.090 2.264 2.399
0.000 0.000 0.000 0.000 0.000 0.000 0.000 0.000 0.000 0.000 0.000 0.000 0.000 0.000 0.000 0.000 0.000 0.000 0.000 0.000 0.000 0.000 0.000 0.000 0.000 0.000 0.000 0.000 0.000 0.000 0.000 0.000 0.000 0.000 0.000 0.000 0.000 0.000 0.000 0.000 0.000 0.000 0.000 0.000 0.000 0.007 0.014 0.022 0.032 0.042 0.053 0.076 0.101 0.128 0.156 0.185 0.216 0.268 0.323 0.380 0.439 0.501 0.566 0.680 0.795 0.910 1.027 1.145 1.267 1.449 1.627 1.802 1.974 2.142 2.304 2.410
0.000 0.000 0.000 0.000 0.000 0.000 0.000 0.000 0.000 0.000 0.000 0.000 0.000 0.000 0.000 0.000 0.000 0.000 0.000 0.000 0.000 0.000 0.000 0.000 0.000 0.000 0.000 0.000 0.000 0.000 0.000 0.000 0.000 0.000 0.000 0.000 0.000 0.000 0.000 0.000 0.000 0.000 0.000 0.000 0.000 0.009 0.021 0.033 0.046 0.060 0.075 0.103 0.134 0.167 0.201 0.236 0.273 0.333 0.398 0.465 0.534 0.606 0.679 0.794 0.914 1.034 1.155 1.278 1.401 1.565 1.728 1.888 2.044 2.197 2.347 2.427
0.000 0.000 0.000 0.000 0.000 0.000 0.000 0.000 0.000 0.000 0.000 0.000 0.000 0.000 0.000 0.000 0.000 0.000 0.000 0.000 0.000 0.000 0.000 0.000 0.000 0.000 0.000 0.000 0.000 0.000 0.000 0.000 0.000 0.000 0.000 0.000 0.000 0.000 0.000 0.000 0.000 0.000 0.000 0.000 0.000 0.011 0.026 0.042 0.059 0.077 0.096 0.128 0.166 0.205 0.245 0.286 0.329 0.396 0.471 0.548 0.627 0.708 0.792 0.908 1.031 1.156 1.282 1.408 1.534 1.679 1.826 1.970 2.112 2.251 2.388 2.469
0.000 0.000 0.000 0.000 0.000 0.000 0.000 0.000 0.000 0.000 0.000 0.000 0.000 0.000 0.000 0.000 0.000 0.000 0.000 0.000 0.000 0.000 0.000 0.000 0.000 0.000 0.000 0.000 0.000 0.000 0.000 0.000 0.000 0.000 0.000 0.000 0.000 0.000 0.000 0.000 0.000 0.000 0.000 0.000 0.000 0.012 0.031 0.051 0.072 0.094 0.116 0.152 0.196 0.241 0.287 0.335 0.384 0.457 0.542 0.632 0.722 0.813 0.905 1.020 1.145 1.270 1.395 1.520 1.645 1.779 1.915 2.048 2.178 2.306 2.431 2.514
0.000 0.000 0.000 0.000 0.000 0.000 0.000 0.000 0.000 0.000 0.000 0.000 0.000 0.000 0.000 0.000 0.000 0.000 0.000 0.000 0.000 0.000 0.000 0.000 0.000 0.000 0.000 0.000 0.000 0.000 0.000 0.000 0.000 0.000 0.000 0.000 0.000 0.000 0.000 0.000 0.000 0.000 0.000 0.000 0.000 0.012 0.035 0.059 0.084 0.110 0.137 0.179 0.232 0.288 0.346 0.406 0.469 0.550 0.642 0.735 0.829 0.924 1.020 1.133 1.258 1.383 1.508 1.632 1.757 1.882 2.006 2.128 2.247 2.363 2.477 2.559
0.000 0.000 0.000 0.000 0.000 0.000 0.000 0.000 0.000 0.000 0.000 0.000 0.000 0.000 0.000 0.000 0.000 0.000 0.000 0.000 0.000 0.000 0.000 0.000 0.000 0.000 0.000 0.000 0.000 0.000 0.000 0.000 0.000 0.000 0.000 0.000 0.000 0.000 0.000 0.000 0.000 0.001 0.002 0.003 0.005 0.018 0.046 0.075 0.105 0.136 0.168 0.214 0.278 0.345 0.414 0.485 0.559 0.644 0.740 0.838 0.935 1.034 1.134 1.246 1.371 1.495 1.620 1.744 1.868 1.988 2.100 2.210 2.318 2.422 2.525 2.605
0.000 0.000 0.000 0.000 0.000 0.000 0.000 0.000 0.000 0.000 0.000 0.000 0.000 0.000 0.000 0.000 0.000 0.000 0.000 0.000 0.000 0.000 0.000 0.000 0.000 0.000 0.000 0.000 0.000 0.000 0.000 0.000 0.000 0.000 0.000 0.000 0.000 0.000 0.000 0.001 0.003 0.005 0.008 0.012 0.016 0.028 0.060 0.093 0.127 0.162 0.198 0.246 0.321 0.399 0.479 0.562 0.647 0.738 0.838 0.939 1.041 1.143 1.247 1.359 1.483 1.607 1.731 1.856 1.980 2.096 2.197 2.295 2.384 2.469 2.552 2.621
0.000 0.000 0.000 0.000 0.000 0.000 0.000 0.000 0.000 0.000 0.000 0.000 0.000 0.000 0.000 0.000 0.000 0.000 0.000 0.000 0.000 0.000 0.000 0.000 0.000 0.000 0.000 0.000 0.000 0.000 0.000 0.000 0.000 0.000 0.000 0.000 0.000 0.000 0.000 0.001 0.005 0.009 0.014 0.020 0.025 0.037 0.073 0.110 0.148 0.187 0.226 0.276 0.362 0.451 0.542 0.635 0.731 0.830 0.934 1.039 1.145 1.251 1.359 1.463 1.579 1.694 1.810 1.926 2.043 2.150 2.232 2.310 2.387 2.460 2.531 2.596
0.000 0.000 0.000 0.000 0.000 0.000 0.000 0.000 0.000 0.000 0.000 0.000 0.000 0.000 0.000 0.000 0.000 0.000 0.000 0.000 0.000 0.000 0.000 0.000 0.000 0.000 0.000 0.000 0.000 0.000 0.000 0.000 0.000 0.000 0.000 0.000 0.000 0.000 0.000 0.000 0.006 0.013 0.020 0.027 0.035 0.045 0.085 0.126 0.168 0.210 0.254 0.303 0.400 0.500 0.597 0.694 0.791 0.889 0.988 1.087 1.187 1.287 1.388 1.492 1.609 1.726 1.843 1.961 2.079 2.190 2.260 2.327 2.391 2.453 2.512 2.570
0.000 0.000 0.000 0.000 0.000 0.000 0.000 0.000 0.000 0.000 0.000 0.000 0.000 0.000 0.000 0.000 0.000 0.000 0.000 0.000 0.000 0.000 0.000 0.000 0.000 0.000 0.000 0.000 0.000 0.000 0.000 0.000 0.000 0.000 0.000 0.000 0.000 0.000 0.000 0.000 0.007 0.016 0.025 0.034 0.044 0.053 0.095 0.138 0.181 0.224 0.267 0.311 0.408 0.506 0.604 0.703 0.803 0.903 1.004 1.106 1.208 1.311 1.415 1.520 1.638 1.757 1.876 1.995 2.115 2.232 2.290 2.346 2.398 2.449 2.496 2.543
0.000 0.000 0.000 0.000 0.000 0.000 0.000 0.000 0.000 0.000 0.000 0.000 0.000 0.000 0.000 0.000 0.000 0.000 0.000 0.000 0.000 0.000 0.000 0.000 0.000 0.000 0.000 0.000 0.000 0.000 0.000 0.000 0.000 0.000 0.000 0.000 0.000 0.000 0.000 0.000 0.008 0.017 0.027 0.038 0.048 0.059 0.097 0.141 0.185 0.229 0.273 0.318 0.410 0.510 0.611 0.712 0.814 0.916 1.020 1.124 1.229 1.335 1.441 1.548 1.667 1.788 1.908 2.029 2.151 2.273 2.323 2.367 2.408 2.447 2.483 2.516
0.000 0.000 0.000 0.000 0.000 0.000 0.000 0.000 0.000 0.000 0.000 0.000 0.000 0.000 0.000 0.000 0.000 0.000 0.000 0.000 0.000 0.000 0.000 0.000 0.000 0.000 0.000 0.000 0.000 0.000 0.000 0.000 0.000 0.000 0.000 0.000 0.000 0.000 0.000 0.000 0.007 0.018 0.029 0.041 0.052 0.064 0.100 0.144 0.189 0.234 0.279 0.324 0.412 0.514 0.617 0.720 0.824 0.929 1.035 1.142 1.250 1.358 1.467 1.577 1.696 1.818 1.940 2.063 2.185 2.306 2.364 2.415 2.472 2.534 2.603 2.676
0.000 0.000 0.000 0.000 0.000 0.000 0.000 0.000 0.000 0.000 0.000 0.000 0.000 0.000 0.000 0.000 0.000 0.000 0.000 0.000 0.000 0.000 0.000 0.000 0.000 0.000 0.000 0.000 0.000 0.000 0.000 0.000 0.000 0.000 0.000 0.000 0.000 0.000 0.000 0.000 0.007 0.019 0.031 0.044 0.056 0.069 0.102 0.147 0.193 0.238 0.284 0.330 0.413 0.518 0.623 0.728 0.834 0.941 1.049 1.154 1.262 1.373 1.487 1.603 1.724 1.845 1.966 2.087 2.208 2.329 2.414 2.490 2.572 2.660 2.754 2.853
0.000 0.000 0.000 0.000 0.000 0.000 0.000 0.000 0.000 0.000 0.000 0.000 0.000 0.000 0.000 0.000 0.000 0.000 0.000 0.000 0.000 0.000 0.000 0.000 0.000 0.000 0.000 0.000 0.000 0.000 0.000 0.000 0.000 0.000 0.000 0.000 0.000 0.000 0.000 0.000 0.006 0.019 0.032 0.046 0.060 0.074 0.104 0.150 0.196 0.243 0.286 0.330 0.403 0.504 0.605 0.704 0.804 0.903 1.011 1.128 1.249 1.372 1.498 1.626 1.751 1.872 1.992 2.112 2.232 2.352 2.457 2.559 2.667 2.780 2.899 3.023
0.000 0.000 0.000 0.000 0.000 0.000 0.000 0.000 0.000 0.000 0.000 0.000 0.000 0.000 0.000 0.000 0.000 0.000 0.000 0.000 0.000 0.000 0.000 0.000 0.000 0.000 0.000 0.000 0.000 0.000 0.000 0.000 0.000 0.000 0.000 0.000 0.000 0.000 0.000 0.000 0.005 0.019 0.032 0.046 0.059 0.073 0.097 0.140 0.183 0.225 0.266 0.307 0.371 0.470 0.568 0.666 0.763 0.860 0.970 1.100 1.232 1.368 1.506 1.647 1.779 1.898 2.018 2.137 2.256 2.374 2.495 2.622 2.755 2.894 3.038 3.188
0.000 0.000 0.000 0.000 0.000 0.000 0.000 0.000 0.000 0.000 0.000 0.000 0.000 0.000 0.000 0.000 0.000 0.000 0.000 0.000 0.000 0.000 0.000 0.000 0.000 0.000 0.000 0.000 0.000 0.000 0.000 0.000 0.000 0.000 0.000 0.000 0.000 0.000 0.000 0.000 0.003 0.016 0.029 0.042 0.054 0.067 0.086 0.127 0.167 0.207 0.246 0.285 0.340 0.437 0.533 0.628 0.723 0.817 0.926 1.069 1.213 1.361 1.511 1.664 1.806 1.925 2.044 2.162 2.280 2.397 2.527 2.680 2.842 3.099 3.383 3.692
0.000 0.000 0.000 0.000 0.000 0.000 0.000 0.000 0.000 0.000 0.000 0.000 0.000 0.000 0.000 0.000 0.000 0.000 0.000 0.000 0.000 0.000 0.000 0.000 0.000 0.000 0.000 0.000 0.000 0.000 0.000 0.000 0.000 0.000 0.000 0.000 0.000 0.000 0.000 0.000 0.001 0.014 0.026 0.038 0.049 0.061 0.076 0.114 0.152 0.190 0.227 0.263 0.310 0.404 0.497 0.591 0.683 0.775 0.880 1.034 1.191 1.351 1.514 1.679 1.839 1.981 2.141 2.321 2.520 2.738 2.991 3.311 3.657 4.028 4.424 4.847
0.000 0.000 0.000 0.000 0.000 0.000 0.000 0.000 0.000 0.000 0.000 0.000 0.000 0.000 0.000 0.002 0.003 0.004 0.004 0.004 0.003 0.002 0.000 0.000 0.000 0.000 0.000 0.000 0.000 0.000 0.000 0.000 0.000 0.000 0.000 0.000 0.000 0.000 0.000 0.000 0.000 0.011 0.023 0.034 0.045 0.055 0.066 0.103 0.138 0.173 0.208 0.242 0.280 0.371 0.463 0.553 0.643 0.732 0.829 0.997 1.169 1.345 1.524 1.707 1.897 2.123 2.368 2.632 2.915 3.217 3.553 3.987 4.445 4.930 5.440 5.975
0.000 0.000 0.000 0.000 0.000 0.000 0.000 0.000 0.002 0.003 0.005 0.006 0.008 0.009 0.011 0.013 0.015 0.014 0.013 0.010 0.008 0.004 0.001 0.000 0.000 0.000 0.000 0.000 0.000 0.000 0.000 0.000 0.000 0.000 0.000 0.000 0.000 0.000 0.000 0.000 0.000 0.009 0.020 0.030 0.040 0.050 0.059 0.090 0.123 0.155 0.186 0.216 0.245 0.331 0.420 0.509 0.597 0.686 0.774 0.957 1.145 1.336 1.532 1.731 1.936 2.246 2.575 2.923 3.290 3.676 4.089 4.636 5.208 5.805 6.429 7.077
0.001 0.003 0.004 0.006 0.008 0.009 0.011 0.012 0.013 0.014 0.015 0.016 0.018 0.020 0.022 0.024 0.026 0.025 0.021 0.017 0.012 0.008 0.002 0.000 0.000 0.000 0.000 0.000 0.000 0.000 0.000 0.000 0.000 0.000 0.000 0.000 0.000 0.000 0.000 0.000 0.000 0.007 0.016 0.025 0.034 0.043 0.051 0.076 0.105 0.133 0.160 0.187 0.212 0.290 0.378 0.465 0.552 0.639 0.726 0.912 1.116 1.324 1.536 1.751 1.970 2.350 2.763 3.195 3.647 4.117 4.606 5.259 5.944 6.655 7.391 8.153
0.015 0.017 0.018 0.020 0.021 0.022 0.023 0.024 0.025 0.025 0.026 0.027 0.029 0.031 0.032 0.035 0.037 0.036 0.030 0.024 0.018 0.011 0.004 0.000 0.000 0.000 0.000 0.000 0.000 0.000 0.000 0.000 0.000 0.000 0.000 0.000 0.000 0.000 0.000 0.000 0.000 0.005 0.013 0.021 0.029 0.036 0.043 0.062 0.088 0.112 0.136 0.159 0.181 0.249 0.335 0.422 0.508 0.593 0.679 0.864 1.085 1.309 1.536 1.768 2.002 2.434 2.932 3.448 3.983 4.625 5.324 6.183 7.084 8.003 8.938 9.891
0.030 0.031 0.032 0.033 0.034 0.035 0.035 0.036 0.036 0.036 0.036 0.037 0.039 0.041 0.043 0.045 0.048 0.047 0.040 0.037 0.033 0.027 0.020 0.015 0.015 0.014 0.011 0.008 0.003 0.000 0.000 0.000 0.000 0.000 0.000 0.000 0.000 0.000 0.000 0.000 0.000 0.004 0.010 0.017 0.023 0.029 0.035 0.050 0.071 0.092 0.112 0.131 0.150 0.208 0.293 0.379 0.463 0.548 0.632 0.812 1.077 1.372 1.689 2.030 2.393 2.983 3.697 4.444 5.223 6.036 6.882 7.820 8.797 9.792 10.804 11.833
0.044 0.045 0.046 0.047 0.047 0.047 0.048 0.048 0.047 0.047 0.047 0.050 0.063 0.075 0.086 0.095 0.102 0.106 0.099 0.090 0.080 0.068 0.055 0.044 0.039 0.032 0.025 0.017 0.007 0.000 0.000 0.000 0.000 0.000 0.000 0.000 0.000 0.000 0.000 0.000 0.000 0.002 0.008 0.013 0.018 0.023 0.027 0.038 0.056 0.073 0.089 0.108 0.128 0.185 0.286 0.393 0.505 0.622 0.745 0.994 1.367 1.763 2.182 2.624 3.089 3.774 4.634 5.527 6.454 7.413 8.406 9.437 10.491 11.562 12.650 13.755
0.059 0.060 0.060 0.060 0.066 0.087 0.104 0.118 0.129 0.138 0.144 0.147 0.156 0.162 0.167 0.171 0.173 0.173 0.160 0.145 0.129 0.111 0.092 0.073 0.063 0.052 0.040 0.027 0.013 0.000 0.000 0.000 0.000 0.000 0.000 0.000 0.000 0.000 0.000 0.000 0.000 0.001 0.006 0.012 0.017 0.022 0.027 0.037 0.057 0.077 0.098 0.119 0.140 0.198 0.323 0.454 0.590 0.732 0.879 1.159 1.633 2.131 2.651 3.194 3.760 4.530 5.537 6.576 7.650 8.756 9.895 11.035 12.165 13.312 14.477 15.658
0.126 0.146 0.168 0.191 0.217 0.244 0.253 0.257 0.259 0.258 0.254 0.247 0.249 0.251 0.250 0.249 0.245 0.240 0.222 0.201 0.179 0.155 0.130 0.104 0.089 0.073 0.056 0.038 0.019 0.000 0.000 0.000 0.000 0.001 0.001 0.000 0.001 0.001 0.002 0.004 0.006 0.008 0.013 0.019 0.024 0.029 0.034 0.043 0.064 0.085 0.107 0.129 0.151 0.205 0.355 0.510 0.670 0.836 1.007 1.300 1.876 2.475 3.096 3.740 4.408 5.251 6.405 7.591 8.811 10.063 11.349 12.614 13.820 15.043 16.248 17.384
0.249 0.275 0.303 0.333 0.365 0.399 0.404 0.399 0.391 0.380 0.366 0.350 0.345 0.340 0.335 0.328 0.319 0.309 0.286 0.259 0.231 0.201 0.170 0.138 0.123 0.110 0.093 0.074 0.053 0.028 0.025 0.023 0.020 0.015 0.008 0.000 0.002 0.004 0.006 0.009 0.012 0.015 0.020 0.025 0.031 0.036 0.041 0.048 0.070 0.093 0.116 0.139 0.163 0.207 0.381 0.560 0.744 0.934 1.130 1.418 2.095 2.795 3.517 4.263 5.031 5.928 7.158 8.384 9.606 10.823 12.036 13.231 14.410 15.621 16.862 18.133
0.370 0.402 0.437 0.474 0.512 0.553 0.557 0.543 0.525 0.504 0.481 0.455 0.441 0.431 0.420 0.408 0.404 0.397 0.379 0.355 0.332 0.308 0.283 0.258 0.234 0.208 0.179 0.147 0.112 0.074 0.061 0.052 0.042 0.030 0.017 0.002 0.003 0.006 0.010 0.013 0.018 0.022 0.027 0.032 0.038 0.043 0.048 0.053 0.076 0.100 0.125 0.149 0.174 0.203 0.401 0.604 0.819 1.068 1.325 1.627 2.385 3.140 3.891 4.638 5.381 6.183 7.394 8.601 9.804 11.002 12.196 13.406 14.721 16.067 17.444 18.851
0.488 0.528 0.569 0.612 0.657 0.704 0.713 0.689 0.664 0.660 0.641 0.609 0.589 0.583 0.575 0.563 0.549 0.533 0.511 0.486 0.460 0.435 0.409 0.382 0.349 0.310 0.268 0.223 0.175 0.124 0.098 0.083 0.066 0.047 0.027 0.006 0.003 0.008 0.013 0.018 0.023 0.029 0.034 0.039 0.045 0.050 0.055 0.062 0.098 0.144 0.197 0.256 0.322 0.395 0.638 0.906 1.182 1.465 1.755 2.054 2.779 3.518 4.252 4.983 5.710 6.441 7.634 8.822 10.006 11.185 12.360 13.551 15.002 16.483 17.995 19.538
0.605 0.660 0.759 0.858 0.954 1.049 1.098 1.073 1.034 0.981 0.914 0.833 0.775 0.760 0.742 0.721 0.697 0.671 0.643 0.617 0.590 0.562 0.534 0.506 0.467 0.415 0.360 0.302 0.241 0.177 0.137 0.115 0.091 0.066 0.039 0.011 0.003 0.009 0.016 0.026 0.037 0.050 0.065 0.081 0.099 0.120 0.142 0.167 0.225 0.300 0.383 0.471 0.567 0.669 0.925 1.227 1.536 1.853 2.178 2.510 3.177 3.899 4.616 5.331 6.041 6.748 7.877 9.046 10.211 11.372 12.528 13.680 15.251 16.868 18.516 20.194
1.069 1.165 1.259 1.352 1.443 1.533 1.578 1.504 1.416 1.315 1.199 1.070 0.964 0.939 0.911 0.881 0.848 0.812 0.776 0.748 0.719 0.690 0.661 0.631 0.588 0.523 0.455 0.384 0.310 0.234 0.185 0.161 0.133 0.101 0.066 0.027 0.012 0.026 0.041 0.058 0.077 0.098 0.121 0.146 0.174 0.203 0.235 0.269 0.344 0.449 0.561 0.679 0.804 0.936 1.203 1.539 1.882 2.233 2.592 2.958 3.578 4.283 4.984 5.682 6.376 7.066 8.125 9.275 10.421 11.562 12.700 13.743 15.168 16.668 18.160 19.644
1.580 1.671 1.760 1.847 1.933 2.017 2.069 1.947 1.811 1.661 1.497 1.318 1.155 1.121 1.083 1.043 1.000 0.955 0.909 0.879 0.851 0.845 0.834 0.818 0.786 0.717 0.641 0.558 0.469 0.373 0.292 0.251 0.206 0.158 0.106 0.050 0.021 0.042 0.065 0.089 0.116 0.143 0.174 0.209 0.246 0.285 0.326 0.369 0.456 0.591 0.732 0.880 1.034 1.196 1.473 1.842 2.220 2.605 2.997 3.398 3.981 4.670 5.343 5.975 6.575 7.144 7.985 8.926 9.826 10.684 11.500 12.274 13.560 15.024 16.479 17.926
2.092 2.177 2.261 2.343 2.423 2.503 2.574 2.403 2.218 2.019 1.806 1.580 1.348 1.325 1.313 1.302 1.291 1.282 1.267 1.249 1.226 1.198 1.166 1.128 1.079 0.981 0.875 0.763 0.644 0.519 0.403 0.345 0.284 0.219 0.150 0.077 0.028 0.057 0.087 0.119 0.152 0.187 0.226 0.270 0.316 0.364 0.414 0.467 0.561 0.725 0.896 1.073 1.257 1.467 1.801 2.235 2.662 3.082 3.494 3.900 4.391 4.947 5.471 5.963 6.424 6.854 7.479 8.237 8.952 9.626 10.258 10.848 11.963 13.390 14.809 16.219
