DATA/SHG/CPC/2018/20180627.asc
ncols        190
nrows        64
xllcorner    -5100000.000000000000
yllcorner    4130000.000000000000
cellsize     10000.000000000000
NODATA_value  -99999.000
[rows 0 to 33 of 64, columns 75 to 149 of 190]
1.245 1.317 1.388 1.476 1.603 1.731 1.860 1.991 2.122 2.255 2.390 2.524 2.660 2.797 2.934 3.071 3.205 3.337 3.466 3.595 3.724 3.895 4.214 4.534 4.858 5.181 5.502 5.885 6.479 7.074 7.670 8.267 8.866 9.426 9.857 10.288 10.717 11.146 11.574 11.914 11.983 12.056 12.131 12.210 12.292 12.264 11.903 11.557 11.226 10.910 10.609 10.205 9.460 8.719 7.983 7.251 6.524 5.868 5.404 4.939 4.473 4.004 3.534 3.235 3.415 3.585 3.749 3.907 4.061 4.368 5.102 5.815 6.505 7.174 7.822
1.119 1.187 1.254 1.332 1.463 1.596 1.729 1.864 2.000 2.137 2.274 2.412 2.550 2.690 2.830 2.969 3.101 3.231 3.360 3.488 3.617 3.765 4.085 4.405 4.723 5.040 5.355 5.701 6.300 6.901 7.502 8.105 8.709 9.294 9.722 10.149 10.574 10.999 11.424 11.805 11.888 11.975 12.065 12.158 12.254 12.302 12.008 11.728 11.465 11.216 10.982 10.693 9.968 9.247 8.531 7.796 7.054 6.354 5.863 5.377 4.897 4.422 3.954 3.582 3.733 3.879 4.018 4.153 4.282 4.488 5.126 5.742 6.336 6.908 7.459
0.993 1.057 1.121 1.188 1.323 1.460 1.597 1.736 1.876 2.018 2.159 2.304 2.452 2.602 2.755 2.910 3.037 3.162 3.285 3.408 3.531 3.652 3.964 4.277 4.590 4.901 5.210 5.519 6.120 6.726 7.333 7.942 8.552 9.163 9.587 10.010 10.433 10.854 11.274 11.692 11.790 11.891 11.996 12.103 12.214 12.323 12.082 11.840 11.602 11.368 11.138 10.900 10.162 9.434 8.715 8.005 7.304 6.619 6.153 5.692 5.238 4.789 4.346 3.929 4.056 4.177 4.293 4.404 4.509 4.629 5.170 5.690 6.188 6.664 7.119
0.869 0.930 0.991 1.050 1.185 1.326 1.468 1.610 1.753 1.897 2.048 2.202 2.360 2.520 2.682 2.848 2.975 3.094 3.211 3.329 3.446 3.562 3.843 4.151 4.458 4.763 5.067 5.369 5.939 6.550 7.163 7.777 8.393 9.009 9.454 9.873 10.292 10.694 11.093 11.495 11.626 11.727 11.831 11.939 12.051 12.167 11.975 11.750 11.529 11.311 11.098 10.888 10.238 9.551 8.873 8.204 7.544 6.894 6.436 6.002 5.572 5.149 4.731 4.320 4.384 4.481 4.573 4.659 4.740 4.816 5.236 5.659 6.061 6.441 6.799
0.767 0.822 0.875 0.925 1.050 1.194 1.338 1.483 1.629 1.776 1.934 2.098 2.265 2.435 2.607 2.783 2.914 3.027 3.139 3.251 3.363 3.473 3.725 4.027 4.328 4.627 4.925 5.222 5.754 6.360 6.958 7.547 8.127 8.698 9.139 9.543 9.949 10.358 10.769 11.184 11.369 11.487 11.609 11.734 11.864 11.998 11.863 11.655 11.451 11.251 11.054 10.861 10.304 9.658 9.021 8.393 7.775 7.166 6.714 6.304 5.901 5.503 5.111 4.724 4.716 4.790 4.857 4.920 4.958 4.951 5.198 5.487 5.765 6.030 6.284
0.669 0.716 0.761 0.803 0.914 1.061 1.208 1.356 1.505 1.654 1.818 1.992 2.169 2.348 2.530 2.715 2.854 2.962 3.069 3.175 3.284 3.396 3.623 3.921 4.216 4.509 4.800 5.089 5.554 6.122 6.681 7.231 7.773 8.306 8.761 9.178 9.597 10.018 10.443 10.871 11.108 11.243 11.383 11.526 11.673 11.824 11.748 11.557 11.370 11.186 11.007 10.831 10.361 9.756 9.160 8.573 7.996 7.428 6.985 6.580 6.140 5.703 5.269 4.838 4.707 4.700 4.690 4.677 4.662 4.643 4.814 5.051 5.276 5.489 5.690
0.574 0.613 0.649 0.683 0.778 0.927 1.077 1.228 1.379 1.532 1.699 1.883 2.066 2.249 2.432 2.614 2.760 2.868 2.980 3.096 3.217 3.339 3.544 3.831 4.116 4.400 4.680 4.959 5.365 5.894 6.414 6.926 7.429 7.924 8.381 8.810 9.242 9.677 10.114 10.555 10.843 10.996 11.153 11.314 11.479 11.647 11.629 11.455 11.284 11.118 10.931 10.707 10.256 9.632 9.018 8.416 7.826 7.246 6.755 6.326 5.900 5.478 5.058 4.642 4.463 4.443 4.421 4.396 4.369 4.338 4.443 4.627 4.799 4.959 5.108
0.482 0.512 0.540 0.565 0.642 0.801 0.959 1.113 1.266 1.415 1.577 1.759 1.942 2.124 2.306 2.488 2.646 2.766 2.888 3.015 3.146 3.280 3.467 3.744 4.020 4.292 4.563 4.831 5.184 5.675 6.157 6.630 7.095 7.551 7.997 8.439 8.884 9.332 9.783 10.236 10.574 10.713 10.813 10.920 11.036 11.158 11.136 10.915 10.699 10.489 10.283 10.084 9.716 9.142 8.578 8.026 7.486 6.956 6.483 6.069 5.657 5.249 4.845 4.444 4.221 4.190 4.156 4.119 4.079 4.037 4.084 4.215 4.335 4.442 4.538
0.415 0.447 0.479 0.509 0.573 0.724 0.873 1.019 1.163 1.304 1.454 1.636 1.818 1.999 2.180 2.362 2.530 2.660 2.794 2.931 3.073 3.218 3.393 3.660 3.925 4.188 4.448 4.706 5.014 5.466 5.910 6.345 6.751 7.118 7.481 7.868 8.247 8.620 8.987 9.347 9.634 9.760 9.894 10.035 10.184 10.340 10.390 10.192 10.000 9.813 9.632 9.455 9.165 8.641 8.127 7.625 7.135 6.655 6.208 5.808 5.412 5.018 4.628 4.242 3.983 3.939 3.893 3.844 3.792 3.738 3.737 3.815 3.882 3.951 4.015
0.379 0.408 0.436 0.463 0.507 0.650 0.790 0.927 1.062 1.195 1.331 1.513 1.694 1.875 2.055 2.236 2.411 2.552 2.696 2.845 2.998 3.153 3.322 3.572 3.808 4.036 4.256 4.468 4.694 5.054 5.398 5.725 6.036 6.331 6.623 6.980 7.331 7.675 8.013 8.344 8.640 8.800 8.968 9.142 9.325 9.515 9.639 9.465 9.297 9.134 8.975 8.823 8.603 8.129 7.666 7.213 6.772 6.343 5.931 5.545 5.163 4.784 4.409 4.037 3.750 3.700 3.649 3.597 3.545 3.492 3.469 3.522 3.567 3.604 3.634
0.345 0.370 0.395 0.419 0.444 0.578 0.709 0.838 0.964 1.088 1.209 1.390 1.570 1.750 1.930 2.109 2.284 2.428 2.571 2.717 2.866 3.014 3.162 3.369 3.569 3.761 3.945 4.120 4.289 4.576 4.847 5.102 5.340 5.563 5.773 6.101 6.423 6.739 7.048 7.350 7.640 7.834 8.035 8.243 8.459 8.683 8.884 8.734 8.589 8.449 8.315 8.185 8.031 7.606 7.193 6.803 6.419 6.037 5.660 5.292 4.928 4.567 4.209 3.855 3.547 3.494 3.440 3.386 3.331 3.275 3.232 3.251 3.262 3.266 3.262
0.311 0.333 0.354 0.375 0.394 0.508 0.630 0.751 0.871 0.991 1.109 1.280 1.456 1.630 1.800 1.967 2.130 2.276 2.419 2.565 2.713 2.861 3.009 3.177 3.340 3.496 3.643 3.782 3.913 4.117 4.315 4.498 4.663 4.813 4.946 5.230 5.523 5.810 6.090 6.364 6.631 6.861 7.095 7.337 7.587 7.844 8.133 8.050 7.957 7.868 7.784 7.705 7.631 7.256 6.879 6.505 6.133 5.765 5.399 5.047 4.698 4.352 4.010 3.671 3.344 3.288 3.232 3.175 3.117 3.059 3.003 2.988 2.965 2.935 2.898
0.278 0.300 0.324 0.348 0.372 0.470 0.588 0.704 0.817 0.926 1.032 1.184 1.350 1.512 1.671 1.827 1.980 2.125 2.268 2.413 2.561 2.708 2.856 2.993 3.120 3.239 3.350 3.453 3.548 3.676 3.802 3.912 4.005 4.082 4.143 4.368 4.632 4.932 5.232 5.525 5.812 6.103 6.398 6.693 6.988 7.285 7.582 7.565 7.493 7.426 7.364 7.307 7.255 6.930 6.565 6.204 5.845 5.490 5.137 4.798 4.464 4.134 3.807 3.483 3.163 3.084 3.024 2.965 2.904 2.843 2.782 2.732 2.676 2.613 2.541
0.276 0.300 0.323 0.347 0.371 0.450 0.558 0.663 0.765 0.863 0.959 1.092 1.247 1.398 1.546 1.691 1.833 1.974 2.117 2.261 2.409 2.556 2.703 2.819 2.910 2.993 3.067 3.134 3.202 3.284 3.370 3.453 3.531 3.606 3.676 3.892 4.176 4.454 4.725 4.991 5.249 5.534 5.832 6.130 6.430 6.730 7.032 7.075 7.025 6.980 6.940 6.904 6.874 6.601 6.249 5.901 5.555 5.212 4.872 4.547 4.228 3.913 3.601 3.293 2.988 2.880 2.818 2.756 2.694 2.660 2.617 2.573 2.534 2.496 2.462
0.275 0.299 0.323 0.347 0.370 0.432 0.530 0.624 0.715 0.804 0.889 1.003 1.146 1.286 1.424 1.558 1.689 1.824 1.966 2.106 2.248 2.388 2.527 2.631 2.699 2.764 2.828 2.888 2.947 3.012 3.080 3.144 3.204 3.260 3.312 3.478 3.734 3.983 4.227 4.464 4.694 4.964 5.266 5.568 5.872 6.176 6.481 6.581 6.553 6.529 6.511 6.497 6.489 6.270 5.931 5.595 5.262 4.932 4.605 4.295 4.046 3.796 3.547 3.298 3.049 2.946 2.900 2.845 2.782 2.711 2.633 2.588 2.560 2.535 2.512
0.274 0.298 0.322 0.346 0.370 0.418 0.505 0.588 0.669 0.747 0.821 0.916 1.044 1.169 1.291 1.412 1.530 1.653 1.786 1.920 2.056 2.190 2.323 2.429 2.487 2.542 2.595 2.647 2.695 2.745 2.795 2.841 2.882 2.920 2.953 3.070 3.298 3.520 3.735 3.944 4.147 4.394 4.699 5.006 5.313 5.621 5.930 6.082 6.076 6.074 6.081 6.152 6.223 6.116 5.848 5.581 5.316 5.053 4.792 4.539 4.290 4.042 3.793 3.545 3.298 3.150 3.068 2.977 2.878 2.771 2.656 2.599 2.583 2.570 2.560
0.273 0.297 0.321 0.345 0.369 0.399 0.469 0.536 0.601 0.662 0.721 0.792 0.911 1.028 1.143 1.256 1.367 1.480 1.607 1.735 1.865 1.994 2.121 2.229 2.277 2.323 2.366 2.407 2.446 2.483 2.514 2.542 2.565 2.585 2.600 2.671 2.870 3.064 3.251 3.432 3.607 3.828 4.209 4.591 4.975 5.359 5.745 6.014 6.085 6.157 6.229 6.302 6.375 6.313 6.052 5.794 5.538 5.283 5.031 4.781 4.534 4.286 4.039 3.792 3.546 3.362 3.244 3.117 2.982 2.839 2.688 2.608 2.604 2.603 2.605
0.262 0.280 0.297 0.312 0.327 0.345 0.405 0.462 0.516 0.568 0.616 0.669 0.781 0.890 0.998 1.103 1.205 1.308 1.429 1.552 1.676 1.799 1.921 2.032 2.070 2.106 2.140 2.171 2.200 2.226 2.239 2.248 2.256 2.297 2.341 2.422 2.658 2.897 3.137 3.379 3.624 3.902 4.288 4.676 5.064 5.454 5.845 6.155 6.229 6.302 6.377 6.451 6.527 6.507 6.255 6.005 5.757 5.511 5.267 5.024 4.777 4.531 4.284 4.039 3.793 3.582 3.428 3.265 3.094 2.915 2.728 2.614 2.622 2.637 2.730
0.240 0.253 0.265 0.276 0.286 0.294 0.343 0.390 0.435 0.476 0.515 0.551 0.653 0.755 0.854 0.951 1.046 1.139 1.254 1.371 1.489 1.607 1.723 1.839 1.882 1.926 1.972 2.020 2.069 2.120 2.165 2.214 2.266 2.321 2.379 2.453 2.698 2.946 3.196 3.449 3.703 3.974 4.365 4.758 5.152 5.547 5.944 6.296 6.371 6.447 6.523 6.600 6.677 6.698 6.455 6.214 5.974 5.737 5.502 5.265 5.020 4.774 4.529 4.284 4.040 3.841 3.700 3.571 3.453 3.346 3.250 3.215 3.307 3.398 3.488
0.218 0.227 0.235 0.241 0.246 0.250 0.284 0.321 0.356 0.387 0.416 0.442 0.527 0.621 0.713 0.804 0.902 0.999 1.119 1.244 1.370 1.496 1.621 1.747 1.807 1.859 1.912 1.967 2.024 2.083 2.143 2.205 2.272 2.341 2.414 2.490 2.736 2.994 3.254 3.516 3.780 4.046 4.441 4.839 5.239 5.639 6.040 6.436 6.513 6.591 6.669 6.748 6.827 6.888 6.653 6.420 6.189 5.965 5.750 5.540 5.320 5.108 4.902 4.703 4.510 4.337 4.246 4.167 4.098 4.042 3.996 3.983 4.071 4.159 4.246
0.198 0.203 0.206 0.207 0.208 0.207 0.228 0.255 0.281 0.311 0.340 0.368 0.447 0.545 0.641 0.736 0.828 0.919 1.033 1.157 1.282 1.407 1.531 1.656 1.730 1.789 1.850 1.913 1.977 2.043 2.116 2.193 2.274 2.358 2.445 2.536 2.771 3.038 3.308 3.580 3.854 4.130 4.516 4.919 5.324 5.729 6.136 6.541 6.645 6.717 6.788 6.857 6.925 6.992 6.795 6.590 6.393 6.205 6.024 5.851 5.662 5.479 5.303 5.135 4.973 4.820 4.780 4.750 4.732 4.725 4.730 4.750 4.835 4.919 5.003
0.179 0.180 0.183 0.184 0.184 0.183 0.199 0.228 0.255 0.282 0.308 0.333 0.398 0.490 0.580 0.669 0.756 0.841 0.947 1.070 1.194 1.318 1.441 1.565 1.652 1.718 1.787 1.857 1.928 2.002 2.086 2.178 2.273 2.371 2.473 2.578 2.803 3.081 3.390 3.701 4.012 4.325 4.709 5.110 5.501 5.882 6.254 6.616 6.744 6.810 6.874 6.937 6.998 7.058 6.922 6.752 6.590 6.436 6.289 6.151 5.995 5.843 5.698 5.559 5.428 5.303 5.301 5.322 5.354 5.397 5.451 5.517 5.598 5.680 5.760
0.185 0.185 0.183 0.180 0.177 0.172 0.180 0.206 0.231 0.254 0.277 0.299 0.351 0.437 0.521 0.604 0.685 0.764 0.862 0.984 1.107 1.229 1.352 1.474 1.571 1.646 1.721 1.799 1.878 1.979 2.096 2.229 2.370 2.516 2.670 2.830 3.081 3.394 3.709 4.024 4.341 4.659 5.007 5.365 5.713 6.052 6.381 6.701 6.844 6.904 6.962 7.018 7.073 7.127 7.040 6.905 6.778 6.658 6.547 6.443 6.322 6.200 6.085 5.977 5.875 5.781 5.811 5.882 5.963 6.056 6.365 6.725 6.992 7.191 7.333
0.194 0.190 0.184 0.178 0.170 0.161 0.162 0.185 0.207 0.227 0.247 0.266 0.305 0.386 0.464 0.541 0.616 0.689 0.777 0.898 1.037 1.176 1.314 1.452 1.576 1.679 1.784 1.893 2.004 2.118 2.252 2.415 2.585 2.762 2.946 3.136 3.388 3.706 4.025 4.346 4.668 4.991 5.314 5.629 5.935 6.231 6.518 6.795 6.946 6.999 7.050 7.100 7.149 7.196 7.151 7.050 6.958 6.873 6.796 6.726 6.641 6.701 6.870 7.103 7.400 7.760 8.136 8.490 8.829 9.154 9.465 9.762 9.834 9.779 9.666
0.204 0.196 0.187 0.176 0.165 0.152 0.145 0.165 0.183 0.201 0.218 0.234 0.266 0.363 0.458 0.551 0.642 0.730 0.828 0.967 1.105 1.242 1.379 1.516 1.647 1.762 1.880 2.002 2.126 2.253 2.401 2.594 2.794 3.000 3.214 3.434 3.692 4.016 4.340 4.666 4.993 5.321 5.631 5.904 6.167 6.421 6.665 6.900 7.049 7.096 7.141 7.184 7.219 7.255 7.274 7.318 7.425 7.594 7.827 8.123 8.464 8.851 9.301 9.815 10.393 11.034 11.498 11.788 12.065 12.327 12.575 12.810 12.729 12.419 12.051
0.216 0.203 0.190 0.176 0.161 0.151 0.159 0.198 0.237 0.274 0.311 0.346 0.385 0.475 0.562 0.648 0.732 0.814 0.899 1.036 1.172 1.308 1.444 1.579 1.713 1.842 1.973 2.108 2.245 2.385 2.541 2.764 2.994 3.231 3.474 3.724 3.996 4.324 4.654 4.984 5.316 5.649 5.957 6.167 6.360 6.548 6.729 6.904 7.031 7.068 7.109 7.155 7.205 7.258 7.398 7.721 8.107 8.555 9.067 9.642 10.266 10.934 11.665 12.460 13.318 14.239 14.869 15.096 15.310 15.510 15.695 15.867 15.677 15.112 14.490
0.263 0.269 0.274 0.281 0.289 0.298 0.309 0.343 0.378 0.412 0.445 0.477 0.508 0.588 0.669 0.748 0.824 0.899 0.972 1.105 1.240 1.375 1.509 1.643 1.777 1.919 2.063 2.210 2.361 2.514 2.675 2.927 3.187 3.453 3.716 3.974 4.236 4.540 4.843 5.144 5.443 5.739 6.016 6.188 6.354 6.514 6.667 6.815 6.938 6.994 7.054 7.118 7.186 7.258 7.457 8.058 8.723 9.450 10.241 11.094 12.001 12.949 13.961 15.037 16.175 17.377 18.249 18.414 18.565 18.702 18.825 18.934 18.678 17.859 16.983
0.382 0.396 0.406 0.418 0.430 0.444 0.460 0.489 0.520 0.551 0.580 0.608 0.636 0.702 0.776 0.848 0.918 0.986 1.052 1.175 1.309 1.442 1.575 1.707 1.840 2.001 2.167 2.332 2.494 2.654 2.812 3.062 3.319 3.574 3.828 4.081 4.333 4.628 4.922 5.214 5.503 5.791 6.071 6.216 6.354 6.487 6.612 6.732 6.842 6.916 6.994 7.076 7.162 7.253 7.450 8.330 9.274 10.280 11.348 12.480 13.669 14.898 16.190 17.546 18.965 20.447 21.627 21.667 21.683 21.676 21.644 21.588 21.246 20.259 19.260
0.497 0.522 0.537 0.553 0.570 0.589 0.609 0.635 0.663 0.690 0.716 0.741 0.764 0.819 0.886 0.951 1.014 1.096 1.177 1.306 1.454 1.601 1.747 1.893 2.037 2.193 2.350 2.505 2.658 2.809 2.958 3.190 3.442 3.692 3.942 4.190 4.437 4.718 5.003 5.285 5.566 5.844 6.121 6.251 6.361 6.466 6.564 6.656 6.742 6.834 6.930 7.030 7.135 7.243 7.379 8.537 9.759 11.071 12.558 14.090 15.659 17.164 18.672 20.183 21.697 23.214 24.529 24.463 24.373 24.259 24.120 23.958 23.618 22.577 21.524
0.608 0.646 0.666 0.687 0.709 0.732 0.757 0.783 0.807 0.832 0.874 0.915 0.953 1.015 1.097 1.177 1.256 1.333 1.410 1.526 1.670 1.814 1.957 2.099 2.240 2.387 2.535 2.680 2.824 2.966 3.106 3.319 3.566 3.811 4.056 4.300 4.542 4.810 5.086 5.359 5.631 5.900 6.167 6.292 6.375 6.452 6.522 6.587 6.648 6.798 7.013 7.285 7.613 7.997 8.437 9.890 11.485 13.126 14.812 16.542 18.317 19.846 21.368 22.892 24.420 25.950 27.452 27.279 27.083 26.862 26.618 26.349 25.998 24.904 23.797
0.717 0.769 0.796 0.842 0.890 0.941 0.996 1.046 1.085 1.123 1.158 1.190 1.221 1.271 1.348 1.423 1.498 1.571 1.643 1.746 1.887 2.027 2.167 2.306 2.444 2.583 2.721 2.858 2.993 3.125 3.256 3.449 3.691 3.932 4.171 4.410 4.648 4.904 5.171 5.433 5.673 5.894 6.097 6.201 6.277 6.368 6.474 6.595 6.731 7.075 7.539 8.060 8.636 9.269 9.958 11.498 13.293 15.132 17.016 18.945 20.919 22.521 24.056 25.594 27.135 28.679 30.226 30.116 29.813 29.486 29.135 28.761 28.362 27.240 26.080
0.913 1.002 1.055 1.111 1.170 1.232 1.297 1.354 1.386 1.415 1.442 1.467 1.490 1.527 1.599 1.671 1.741 1.810 1.878 1.967 2.104 2.241 2.378 2.513 2.648 2.781 2.910 3.038 3.163 3.286 3.411 3.620 3.884 4.136 4.377 4.606 4.823 5.032 5.227 5.402 5.559 5.698 5.817 5.937 6.080 6.237 6.409 6.597 6.799 7.292 8.005 8.775 9.600 10.482 11.420 13.058 15.051 17.089 19.172 21.299 23.471 25.190 26.738 28.289 29.843 31.401 32.961 32.973 32.564 32.131 31.674 31.193 30.498 29.016 27.454
1.137 1.247 1.311 1.377 1.446 1.519 1.594 1.664 1.688 1.709 1.729 1.746 1.761 1.783 1.852 1.919 1.985 2.050 2.113 2.188 2.322 2.458 2.605 2.748 2.886 3.024 3.181 3.346 3.519 3.700 3.889 4.092 4.305 4.507 4.696 4.875 5.042 5.187 5.299 5.392 5.466 5.522 5.559 5.658 5.867 6.090 6.329 6.582 6.851 7.451 8.412 9.430 10.504 11.634 12.821 14.569 16.761 18.997 21.278 23.604 25.974 27.852 29.413 30.883 32.211 33.515 34.797 34.612 33.698 32.715 31.664 30.546 29.359 27.926 26.439
1.357 1.489 1.563 1.640 1.720 1.803 1.888 1.975 1.991 2.005 2.017 2.026 2.033 2.041 2.110 2.187 2.271 2.363 2.462 2.564 2.700 2.831 2.957 3.077 3.193 3.314 3.507 3.707 3.916 4.132 4.357 4.576 4.738 4.889 5.028 5.156 5.272 5.361 5.390 5.401 5.393 5.366 5.320 5.363 5.638 5.928 6.233 6.552 6.887 7.549 8.760 10.026 11.349 12.727 14.140 15.921 18.185 20.454 22.729 25.010 27.298 29.080 30.352 31.601 32.828 34.031 35.211 35.046 33.830 32.547 31.195 29.776 28.288 26.822 25.410
