DATA/SHG/CPC/2018/20180524.asc
ncols        190
nrows        64
xllcorner    -5100000.000000000000
yllcorner    4130000.000000000000
cellsize     10000.000000000000
NODATA_value  -99999.000
[rows 0 to 32 of 64, columns 75 to 149 of 190]
0.000 0.000 0.000 0.000 0.000 0.000 0.000 0.000 0.000 0.000 0.000 0.000 0.000 0.000 0.000 0.000 0.000 0.000 0.000 0.000 0.000 0.000 0.000 0.000 0.000 0.000 0.000 0.000 0.000 0.000 0.000 0.000 0.000 0.000 0.000 0.000 0.000 0.000 0.000 0.000 0.000 0.000 0.000 0.000 0.000 0.000 0.000 0.000 0.000 0.000 0.000 0.002 0.008 0.015 0.022 0.029 0.037 0.046 0.056 0.067 0.079 0.091 0.103 0.120 0.148 0.177 0.207 0.236 0.267 0.305 0.365 0.423 0.480 0.535 0.590
0.000 0.000 0.000 0.000 0.000 0.000 0.000 0.000 0.000 0.000 0.000 0.000 0.000 0.000 0.000 0.000 0.000 0.000 0.000 0.000 0.000 0.000 0.000 0.000 0.000 0.000 0.000 0.000 0.000 0.000 0.000 0.000 0.000 0.000 0.000 0.000 0.000 0.000 0.000 0.000 0.000 0.000 0.000 0.000 0.000 0.000 0.000 0.000 0.000 0.000 0.000 0.001 0.009 0.018 0.027 0.037 0.047 0.058 0.072 0.087 0.103 0.121 0.140 0.162 0.192 0.223 0.254 0.285 0.317 0.353 0.406 0.459 0.510 0.560 0.609
0.000 0.000 0.000 0.000 0.000 0.000 0.000 0.000 0.000 0.000 0.000 0.000 0.000 0.000 0.000 0.000 0.000 0.000 0.000 0.000 0.000 0.000 0.000 0.000 0.000 0.000 0.000 0.000 0.000 0.000 0.000 0.000 0.000 0.000 0.000 0.000 0.000 0.000 0.000 0.000 0.000 0.000 0.000 0.000 0.000 0.000 0.000 0.000 0.000 0.000 0.000 0.000 0.010 0.021 0.032 0.044 0.056 0.069 0.088 0.109 0.131 0.154 0.178 0.204 0.236 0.268 0.301 0.334 0.367 0.401 0.449 0.496 0.542 0.586 0.629
0.000 0.000 0.000 0.000 0.000 0.000 0.000 0.000 0.000 0.000 0.000 0.000 0.000 0.000 0.000 0.000 0.000 0.000 0.000 0.000 0.000 0.000 0.000 0.000 0.000 0.000 0.000 0.000 0.000 0.000 0.000 0.000 0.000 0.000 0.000 0.000 0.000 0.000 0.000 0.000 0.000 0.000 0.000 0.000 0.000 0.000 0.000 0.000 0.000 0.000 0.000 0.000 0.011 0.024 0.037 0.051 0.065 0.080 0.104 0.130 0.157 0.186 0.216 0.246 0.280 0.313 0.348 0.382 0.417 0.452 0.494 0.535 0.575 0.613 0.650
0.000 0.000 0.000 0.000 0.000 0.000 0.000 0.000 0.000 0.000 0.000 0.000 0.000 0.000 0.000 0.000 0.000 0.000 0.000 0.000 0.000 0.000 0.000 0.000 0.000 0.000 0.000 0.000 0.000 0.000 0.000 0.000 0.000 0.000 0.000 0.000 0.000 0.000 0.000 0.000 0.000 0.000 0.000 0.000 0.000 0.000 0.000 0.000 0.000 0.000 0.000 0.000 0.011 0.026 0.042 0.058 0.074 0.091 0.118 0.150 0.182 0.216 0.251 0.288 0.323 0.358 0.394 0.430 0.466 0.503 0.541 0.580 0.619 0.658 0.697
0.000 0.000 0.000 0.000 0.000 0.000 0.000 0.000 0.000 0.000 0.000 0.000 0.000 0.000 0.000 0.000 0.000 0.000 0.000 0.000 0.000 0.000 0.000 0.000 0.000 0.000 0.000 0.000 0.000 0.000 0.000 0.000 0.000 0.000 0.000 0.000 0.000 0.000 0.000 0.000 0.000 0.000 0.000 0.000 0.000 0.000 0.000 0.000 0.000 0.000 0.000 0.000 0.011 0.028 0.046 0.064 0.082 0.101 0.131 0.169 0.209 0.250 0.290 0.330 0.368 0.405 0.443 0.481 0.519 0.558 0.597 0.636 0.675 0.714 0.753
0.000 0.000 0.000 0.000 0.000 0.000 0.000 0.000 0.000 0.000 0.000 0.000 0.000 0.000 0.000 0.000 0.000 0.000 0.000 0.000 0.000 0.000 0.000 0.000 0.000 0.000 0.000 0.000 0.000 0.000 0.000 0.000 0.000 0.000 0.000 0.000 0.000 0.000 0.000 0.000 0.000 0.000 0.000 0.000 0.000 0.000 0.000 0.000 0.000 0.000 0.000 0.001 0.013 0.035 0.058 0.083 0.109 0.137 0.172 0.212 0.253 0.294 0.335 0.375 0.415 0.454 0.493 0.532 0.572 0.612 0.652 0.691 0.731 0.770 0.810
0.000 0.000 0.000 0.000 0.000 0.000 0.000 0.000 0.000 0.000 0.000 0.000 0.000 0.000 0.000 0.000 0.000 0.000 0.000 0.000 0.000 0.000 0.000 0.000 0.000 0.000 0.000 0.000 0.000 0.000 0.000 0.000 0.000 0.000 0.000 0.000 0.000 0.000 0.000 0.000 0.000 0.000 0.000 0.000 0.000 0.000 0.000 0.001 0.003 0.004 0.006 0.008 0.021 0.050 0.079 0.110 0.143 0.177 0.215 0.256 0.297 0.338 0.379 0.420 0.461 0.501 0.542 0.583 0.624 0.666 0.707 0.746 0.786 0.826 0.866
0.000 0.000 0.000 0.000 0.000 0.000 0.000 0.000 0.000 0.000 0.000 0.000 0.000 0.000 0.000 0.000 0.000 0.000 0.000 0.000 0.000 0.000 0.000 0.000 0.000 0.000 0.000 0.000 0.000 0.000 0.000 0.000 0.000 0.000 0.000 0.000 0.000 0.000 0.000 0.000 0.000 0.000 0.000 0.000 0.000 0.000 0.001 0.003 0.005 0.008 0.011 0.015 0.028 0.063 0.099 0.136 0.175 0.216 0.257 0.298 0.340 0.382 0.423 0.465 0.507 0.549 0.591 0.633 0.676 0.719 0.761 0.801 0.842 0.881 0.919
0.000 0.000 0.000 0.000 0.000 0.000 0.000 0.000 0.000 0.000 0.000 0.000 0.000 0.000 0.000 0.000 0.000 0.000 0.000 0.000 0.000 0.000 0.000 0.000 0.000 0.000 0.000 0.000 0.000 0.000 0.000 0.000 0.000 0.000 0.000 0.000 0.000 0.000 0.000 0.000 0.000 0.000 0.000 0.000 0.000 0.000 0.001 0.004 0.008 0.012 0.017 0.021 0.034 0.075 0.117 0.161 0.206 0.253 0.299 0.341 0.383 0.425 0.468 0.510 0.551 0.593 0.635 0.676 0.718 0.759 0.800 0.839 0.879 0.920 0.960
0.000 0.000 0.000 0.000 0.000 0.000 0.000 0.000 0.000 0.000 0.000 0.000 0.000 0.000 0.000 0.000 0.000 0.000 0.000 0.000 0.000 0.000 0.000 0.000 0.000 0.000 0.000 0.000 0.000 0.000 0.000 0.000 0.000 0.000 0.000 0.000 0.000 0.000 0.000 0.000 0.000 0.000 0.000 0.000 0.000 0.000 0.000 0.005 0.010 0.016 0.021 0.027 0.038 0.085 0.134 0.183 0.234 0.285 0.337 0.378 0.419 0.461 0.502 0.544 0.586 0.627 0.668 0.709 0.751 0.791 0.832 0.874 0.916 0.958 1.001
0.000 0.000 0.000 0.000 0.000 0.000 0.000 0.000 0.000 0.000 0.000 0.000 0.000 0.000 0.000 0.000 0.000 0.000 0.000 0.000 0.000 0.000 0.000 0.000 0.000 0.000 0.000 0.000 0.000 0.000 0.000 0.000 0.000 0.000 0.000 0.000 0.000 0.000 0.000 0.000 0.000 0.000 0.000 0.000 0.000 0.000 0.000 0.006 0.012 0.018 0.024 0.031 0.037 0.089 0.142 0.197 0.253 0.310 0.368 0.410 0.452 0.494 0.536 0.578 0.620 0.661 0.702 0.743 0.783 0.824 0.865 0.908 0.952 0.996 1.041
0.000 0.000 0.000 0.000 0.000 0.000 0.000 0.000 0.000 0.000 0.000 0.000 0.000 0.000 0.000 0.000 0.000 0.000 0.000 0.000 0.000 0.000 0.000 0.000 0.000 0.000 0.000 0.000 0.000 0.000 0.000 0.000 0.000 0.000 0.000 0.000 0.000 0.000 0.000 0.000 0.000 0.000 0.000 0.000 0.000 0.000 0.000 0.005 0.012 0.019 0.026 0.033 0.040 0.091 0.150 0.210 0.271 0.333 0.397 0.442 0.484 0.526 0.569 0.612 0.655 0.695 0.736 0.776 0.816 0.857 0.897 0.942 0.987 1.034 1.080
0.000 0.000 0.000 0.000 0.000 0.000 0.000 0.000 0.000 0.000 0.000 0.000 0.000 0.000 0.000 0.000 0.000 0.000 0.000 0.000 0.000 0.000 0.000 0.000 0.000 0.000 0.000 0.000 0.000 0.000 0.000 0.000 0.000 0.000 0.000 0.000 0.000 0.000 0.000 0.000 0.000 0.000 0.000 0.000 0.000 0.000 0.000 0.005 0.012 0.020 0.027 0.035 0.042 0.092 0.156 0.221 0.288 0.356 0.424 0.473 0.516 0.559 0.602 0.645 0.689 0.730 0.770 0.810 0.850 0.906 0.964 1.043 1.138 1.247 1.368
0.000 0.000 0.000 0.000 0.000 0.000 0.000 0.000 0.000 0.000 0.000 0.000 0.000 0.000 0.000 0.000 0.000 0.000 0.000 0.000 0.000 0.000 0.000 0.000 0.000 0.000 0.000 0.000 0.000 0.000 0.000 0.000 0.000 0.000 0.000 0.000 0.000 0.000 0.000 0.000 0.000 0.000 0.000 0.000 0.000 0.000 0.000 0.005 0.012 0.020 0.028 0.037 0.045 0.091 0.161 0.231 0.303 0.376 0.451 0.504 0.549 0.598 0.651 0.707 0.768 0.827 0.886 0.947 1.011 1.078 1.146 1.268 1.421 1.587 1.765
0.000 0.000 0.000 0.000 0.000 0.000 0.000 0.000 0.000 0.000 0.000 0.000 0.000 0.000 0.000 0.000 0.000 0.000 0.000 0.000 0.000 0.000 0.000 0.000 0.000 0.000 0.000 0.000 0.000 0.000 0.000 0.000 0.000 0.000 0.000 0.000 0.000 0.000 0.000 0.000 0.000 0.000 0.000 0.000 0.000 0.000 0.000 0.004 0.012 0.021 0.029 0.039 0.049 0.092 0.165 0.239 0.313 0.387 0.461 0.527 0.590 0.656 0.726 0.801 0.879 0.952 1.022 1.095 1.169 1.247 1.326 1.481 1.691 1.913 2.149
0.000 0.000 0.000 0.000 0.000 0.000 0.000 0.000 0.000 0.000 0.000 0.000 0.000 0.000 0.000 0.000 0.000 0.000 0.000 0.000 0.000 0.000 0.000 0.000 0.000 0.000 0.000 0.000 0.000 0.000 0.000 0.000 0.000 0.000 0.000 0.000 0.000 0.000 0.000 0.000 0.000 0.000 0.000 0.000 0.000 0.000 0.000 0.004 0.014 0.024 0.035 0.046 0.057 0.095 0.169 0.244 0.319 0.394 0.470 0.546 0.626 0.710 0.798 0.890 0.986 1.075 1.156 1.239 1.325 1.413 1.504 1.680 1.947 2.227 2.520
0.000 0.000 0.000 0.000 0.000 0.000 0.000 0.000 0.000 0.000 0.000 0.000 0.000 0.000 0.000 0.000 0.000 0.000 0.000 0.000 0.000 0.000 0.000 0.000 0.000 0.000 0.000 0.000 0.000 0.000 0.000 0.000 0.000 0.000 0.000 0.000 0.000 0.000 0.000 0.000 0.000 0.000 0.000 0.000 0.000 0.000 0.000 0.003 0.015 0.027 0.039 0.052 0.066 0.098 0.173 0.249 0.325 0.401 0.478 0.561 0.658 0.760 0.866 0.975 1.089 1.196 1.287 1.381 1.478 1.577 1.678 1.866 2.190 2.537 3.125
0.000 0.000 0.000 0.000 0.000 0.000 0.000 0.000 0.000 0.000 0.000 0.000 0.000 0.000 0.000 0.000 0.000 0.000 0.000 0.000 0.000 0.000 0.000 0.000 0.000 0.000 0.000 0.000 0.000 0.000 0.000 0.000 0.000 0.000 0.000 0.000 0.000 0.000 0.000 0.000 0.000 0.000 0.000 0.000 0.000 0.000 0.000 0.002 0.015 0.029 0.044 0.059 0.074 0.100 0.177 0.254 0.331 0.408 0.486 0.571 0.687 0.806 0.929 1.056 1.188 1.339 1.505 1.711 1.957 2.244 2.571 3.035 3.801 4.640 5.552
0.000 0.000 0.000 0.000 0.000 0.000 0.000 0.000 0.000 0.000 0.000 0.000 0.000 0.000 0.000 0.000 0.002 0.004 0.005 0.005 0.004 0.004 0.002 0.000 0.000 0.000 0.000 0.000 0.000 0.000 0.000 0.000 0.000 0.000 0.000 0.000 0.000 0.000 0.000 0.000 0.000 0.000 0.000 0.000 0.000 0.000 0.000 0.000 0.016 0.032 0.048 0.064 0.081 0.102 0.180 0.258 0.338 0.420 0.503 0.593 0.744 0.904 1.073 1.252 1.440 1.655 2.000 2.385 2.810 3.276 3.783 4.414 5.504 6.668 7.904
0.000 0.000 0.000 0.000 0.000 0.000 0.000 0.000 0.001 0.003 0.005 0.006 0.008 0.010 0.011 0.013 0.015 0.016 0.016 0.014 0.011 0.008 0.005 0.001 0.000 0.000 0.000 0.000 0.000 0.000 0.000 0.000 0.000 0.000 0.000 0.000 0.000 0.000 0.000 0.000 0.000 0.000 0.000 0.000 0.000 0.000 0.000 0.002 0.018 0.036 0.054 0.072 0.090 0.108 0.188 0.273 0.359 0.447 0.536 0.627 0.818 1.020 1.232 1.453 1.683 1.930 2.454 3.018 3.622 4.267 4.952 5.718 7.133 8.621 10.182
0.000 0.002 0.006 0.009 0.012 0.013 0.014 0.016 0.017 0.018 0.019 0.020 0.021 0.023 0.024 0.026 0.027 0.029 0.027 0.023 0.019 0.014 0.008 0.002 0.000 0.000 0.000 0.000 0.000 0.000 0.000 0.000 0.000 0.000 0.000 0.000 0.000 0.000 0.004 0.008 0.012 0.016 0.019 0.020 0.020 0.020 0.018 0.016 0.030 0.047 0.065 0.083 0.100 0.118 0.195 0.286 0.379 0.473 0.568 0.665 0.883 1.127 1.381 1.644 1.916 2.198 2.866 3.609 4.393 5.216 6.080 6.984 8.688 10.499 12.384
0.036 0.038 0.039 0.038 0.037 0.034 0.033 0.034 0.034 0.034 0.034 0.034 0.034 0.036 0.037 0.039 0.040 0.041 0.040 0.034 0.027 0.020 0.012 0.004 0.000 0.000 0.000 0.000 0.000 0.001 0.001 0.003 0.007 0.012 0.018 0.025 0.031 0.035 0.040 0.044 0.049 0.053 0.054 0.051 0.047 0.043 0.038 0.032 0.041 0.058 0.076 0.093 0.110 0.127 0.201 0.298 0.397 0.497 0.599 0.702 0.938 1.224 1.520 1.825 2.139 2.464 3.238 4.160 5.122 6.124 7.313 8.606 10.699 12.973 15.293
0.077 0.075 0.072 0.068 0.063 0.057 0.052 0.052 0.051 0.051 0.050 0.048 0.048 0.049 0.050 0.051 0.053 0.054 0.052 0.044 0.044 0.043 0.041 0.037 0.034 0.033 0.030 0.025 0.017 0.007 0.003 0.011 0.020 0.031 0.043 0.056 0.066 0.071 0.075 0.080 0.085 0.090 0.089 0.083 0.075 0.067 0.058 0.048 0.053 0.070 0.086 0.103 0.120 0.137 0.205 0.308 0.414 0.520 0.628 0.737 0.983 1.360 1.794 2.274 2.799 3.369 4.429 5.748 7.127 8.567 10.067 11.628 13.842 16.316 18.835
0.119 0.114 0.107 0.099 0.090 0.080 0.072 0.070 0.069 0.067 0.065 0.063 0.064 0.078 0.093 0.106 0.119 0.132 0.142 0.139 0.133 0.126 0.117 0.107 0.097 0.085 0.072 0.056 0.037 0.016 0.004 0.018 0.033 0.049 0.067 0.086 0.101 0.106 0.111 0.116 0.121 0.126 0.126 0.115 0.104 0.092 0.079 0.065 0.064 0.081 0.097 0.114 0.133 0.154 0.226 0.364 0.513 0.674 0.848 1.034 1.419 2.009 2.644 3.323 4.048 4.818 6.046 7.633 9.281 10.989 12.757 14.587 16.936 19.610 22.329
0.162 0.153 0.142 0.131 0.118 0.113 0.123 0.141 0.156 0.166 0.173 0.175 0.175 0.188 0.200 0.212 0.223 0.234 0.243 0.234 0.223 0.210 0.195 0.179 0.162 0.140 0.116 0.089 0.060 0.028 0.003 0.023 0.044 0.066 0.089 0.114 0.135 0.141 0.146 0.152 0.157 0.163 0.163 0.155 0.147 0.136 0.123 0.106 0.100 0.121 0.141 0.162 0.183 0.203 0.284 0.475 0.678 0.893 1.121 1.361 1.822 2.611 3.446 4.325 5.250 6.219 7.599 9.455 11.371 13.347 15.384 17.481 19.982 22.855 25.773
0.278 0.294 0.305 0.313 0.319 0.321 0.320 0.324 0.325 0.321 0.314 0.303 0.288 0.297 0.308 0.318 0.328 0.337 0.345 0.331 0.314 0.295 0.275 0.253 0.230 0.197 0.162 0.125 0.085 0.042 0.001 0.027 0.053 0.081 0.131 0.187 0.238 0.259 0.275 0.286 0.292 0.292 0.286 0.269 0.248 0.225 0.199 0.171 0.150 0.171 0.191 0.212 0.232 0.253 0.328 0.573 0.830 1.100 1.381 1.675 2.178 3.167 4.201 5.280 6.404 7.574 9.090 11.213 13.397 15.642 17.946 20.312 22.979 26.051 29.168
0.534 0.546 0.547 0.545 0.540 0.532 0.520 0.510 0.497 0.480 0.459 0.434 0.405 0.407 0.416 0.424 0.432 0.439 0.446 0.430 0.406 0.381 0.355 0.328 0.299 0.285 0.279 0.270 0.258 0.243 0.225 0.274 0.326 0.375 0.421 0.463 0.502 0.501 0.494 0.482 0.465 0.443 0.415 0.385 0.353 0.317 0.279 0.238 0.200 0.220 0.241 0.261 0.282 0.302 0.360 0.659 0.970 1.293 1.629 1.976 2.487 3.676 4.910 6.188 7.512 8.881 10.496 12.725 14.907 17.041 19.128 21.168 23.313 25.763 28.148
0.784 0.802 0.792 0.779 0.764 0.745 0.723 0.700 0.673 0.642 0.607 0.569 0.526 0.517 0.524 0.531 0.537 0.561 0.588 0.600 0.610 0.626 0.649 0.680 0.717 0.715 0.695 0.671 0.645 0.616 0.583 0.609 0.647 0.682 0.713 0.742 0.767 0.749 0.719 0.684 0.644 0.598 0.548 0.504 0.459 0.412 0.361 0.308 0.252 0.270 0.290 0.311 0.331 0.352 0.379 0.732 1.097 1.489 1.956 2.436 2.992 4.343 5.684 7.016 8.339 9.652 11.054 13.075 15.048 16.974 18.853 20.684 22.548 24.708 26.802
1.030 1.059 1.039 1.016 0.990 0.961 0.928 0.892 0.852 0.809 0.778 0.735 0.682 0.668 0.693 0.722 0.754 0.790 0.829 0.867 0.908 0.955 1.010 1.071 1.140 1.147 1.113 1.075 1.035 0.991 0.944 0.947 0.971 0.992 1.009 1.023 1.035 1.001 0.948 0.891 0.827 0.759 0.686 0.626 0.569 0.509 0.447 0.381 0.321 0.386 0.473 0.568 0.671 0.783 0.904 1.356 1.852 2.360 2.879 3.411 3.954 5.236 6.537 7.828 9.111 10.384 11.658 13.470 15.235 16.953 18.624 20.247 21.850 23.719 25.522
1.270 1.320 1.295 1.297 1.292 1.281 1.263 1.233 1.186 1.127 1.058 0.978 0.887 0.845 0.883 0.923 0.968 1.016 1.067 1.126 1.198 1.276 1.362 1.454 1.554 1.582 1.534 1.482 1.428 1.370 1.309 1.288 1.298 1.304 1.308 1.308 1.305 1.259 1.183 1.115 1.111 1.073 1.001 0.962 0.946 0.928 0.908 0.887 0.864 0.944 1.068 1.200 1.341 1.491 1.649 2.108 2.657 3.217 3.789 4.373 4.969 6.137 7.397 8.648 9.890 11.123 12.346 13.913 15.469 16.979 18.442 19.857 21.226 22.795 24.308
1.719 1.831 1.817 1.796 1.768 1.734 1.693 1.637 1.552 1.456 1.348 1.230 1.101 1.019 1.069 1.122 1.178 1.238 1.301 1.377 1.479 1.589 1.705 1.829 1.959 2.021 1.958 1.892 1.824 1.751 1.697 1.846 2.012 2.154 2.271 2.363 2.431 2.425 2.340 2.221 2.069 1.883 1.664 1.545 1.521 1.496 1.469 1.440 1.409 1.492 1.654 1.823 2.002 2.188 2.383 2.848 3.449 4.061 4.685 5.322 5.970 7.046 8.266 9.477 10.678 11.870 13.053 14.401 15.750 17.052 18.306 19.514 20.575 21.638 22.678
2.237 2.382 2.345 2.301 2.250 2.192 2.128 2.051 1.928 1.793 1.648 1.492 1.325 1.190 1.251 1.316 1.385 1.457 1.532 1.619 1.752 1.902 2.149 2.416 2.703 2.953 3.066 3.204 3.365 3.551 3.760 3.940 3.997 4.029 4.037 4.020 3.978 3.860 3.627 3.361 3.061 2.728 2.362 2.129 2.098 2.065 2.030 1.993 1.955 2.031 2.230 2.437 2.652 2.876 3.108 3.574 4.227 4.892 5.569 6.257 6.957 7.963 9.142 10.284 11.351 12.369 13.339 14.314 15.247 16.106 16.894 17.609 18.251 19.043 19.858
