DATA/SHG/CPC/2018/20180416.asc
ncols        190
nrows        64
xllcorner    -5100000.000000000000
yllcorner    4130000.000000000000
cellsize     10000.000000000000
NODATA_value  -99999.000
[rows 0 to 33 of 64, columns 0 to 76 of 190]
0.000 0.000 0.000 0.000 0.000 0.000 0.000 0.000 0.000 0.000 0.000 0.000 0.003 0.007 0.011 0.017 0.023 0.030 0.055 0.092 0.132 0.176 0.224 0.276 0.294 0.294 0.293 0.290 0.286 0.281 0.255 0.216 0.173 0.126 0.076 0.032 0.017 0.021 0.022 0.020 0.014 0.005 0.000 0.000 0.000 0.000 0.000 0.000 0.000 0.000 0.000 0.000 0.000 0.000 0.000 0.000 0.000 0.000 0.000 0.000 0.000 0.000 0.000 0.000 0.000 0.000 0.000 0.000 0.000 0.000 0.000 0.000 0.000 0.000 0.000 0.000 0.000
0.000 0.000 0.000 0.000 0.000 0.000 0.000 0.000 0.000 0.000 0.000 0.000 0.004 0.010 0.018 0.026 0.035 0.044 0.075 0.125 0.179 0.237 0.299 0.364 0.396 0.391 0.385 0.379 0.377 0.376 0.357 0.314 0.269 0.221 0.170 0.116 0.083 0.075 0.065 0.051 0.034 0.013 0.000 0.000 0.000 0.000 0.000 0.000 0.000 0.000 0.000 0.000 0.000 0.000 0.000 0.000 0.000 0.000 0.000 0.000 0.000 0.000 0.000 0.000 0.000 0.000 0.000 0.000 0.000 0.000 0.000 0.000 0.000 0.000 0.000 0.000 0.000
0.000 0.000 0.000 0.000 0.000 0.000 0.000 0.000 0.000 0.000 0.000 0.000 0.004 0.013 0.023 0.034 0.045 0.057 0.090 0.154 0.224 0.302 0.381 0.461 0.512 0.511 0.510 0.510 0.510 0.510 0.494 0.441 0.386 0.328 0.267 0.203 0.151 0.133 0.111 0.085 0.057 0.025 0.000 0.000 0.000 0.000 0.000 0.000 0.000 0.000 0.000 0.000 0.000 0.000 0.000 0.000 0.000 0.000 0.000 0.000 0.000 0.000 0.000 0.000 0.000 0.000 0.000 0.000 0.000 0.000 0.000 0.000 0.000 0.000 0.000 0.000 0.000
0.000 0.000 0.000 0.000 0.000 0.000 0.000 0.000 0.000 0.000 0.000 0.000 0.003 0.016 0.034 0.055 0.081 0.111 0.156 0.236 0.317 0.400 0.485 0.571 0.638 0.638 0.639 0.640 0.641 0.643 0.633 0.571 0.505 0.437 0.366 0.292 0.223 0.193 0.160 0.123 0.083 0.040 0.000 0.000 0.000 0.002 0.003 0.002 0.000 0.000 0.000 0.000 0.000 0.000 0.000 0.000 0.000 0.000 0.000 0.000 0.000 0.000 0.000 0.000 0.000 0.000 0.000 0.000 0.000 0.000 0.000 0.000 0.000 0.000 0.000 0.000 0.000
0.000 0.000 0.000 0.000 0.000 0.000 0.000 0.000 0.000 0.000 0.000 0.000 0.004 0.032 0.064 0.100 0.140 0.184 0.237 0.322 0.409 0.497 0.587 0.678 0.763 0.765 0.767 0.769 0.772 0.776 0.776 0.703 0.628 0.549 0.468 0.384 0.298 0.258 0.225 0.186 0.140 0.087 0.028 0.027 0.025 0.022 0.016 0.009 0.000 0.000 0.000 0.000 0.000 0.000 0.000 0.000 0.000 0.000 0.000 0.000 0.000 0.000 0.000 0.000 0.000 0.000 0.000 0.000 0.000 0.000 0.000 0.000 0.000 0.000 0.000 0.000 0.000
0.000 0.000 0.000 0.000 0.000 0.000 0.000 0.000 0.000 0.000 0.000 0.000 0.000 0.042 0.089 0.140 0.194 0.253 0.317 0.406 0.498 0.592 0.687 0.783 0.882 0.891 0.894 0.898 0.903 0.908 0.915 0.851 0.777 0.703 0.629 0.554 0.478 0.425 0.369 0.306 0.237 0.161 0.079 0.060 0.052 0.043 0.031 0.018 0.003 0.000 0.000 0.000 0.000 0.000 0.000 0.000 0.000 0.000 0.000 0.000 0.000 0.000 0.000 0.000 0.000 0.000 0.000 0.000 0.000 0.000 0.000 0.000 0.000 0.000 0.000 0.000 0.000
0.000 0.000 0.000 0.000 0.000 0.000 0.000 0.000 0.000 0.000 0.000 0.000 0.000 0.048 0.110 0.175 0.244 0.318 0.396 0.489 0.586 0.685 0.785 0.890 0.999 1.031 1.044 1.058 1.074 1.091 1.109 1.057 0.981 0.905 0.828 0.751 0.673 0.599 0.519 0.434 0.341 0.242 0.137 0.096 0.081 0.065 0.048 0.028 0.007 0.000 0.000 0.000 0.000 0.000 0.000 0.000 0.000 0.000 0.000 0.000 0.000 0.000 0.000 0.000 0.000 0.000 0.000 0.000 0.000 0.000 0.000 0.000 0.000 0.000 0.000 0.000 0.000
0.000 0.000 0.000 0.000 0.000 0.000 0.000 0.000 0.000 0.000 0.000 0.000 0.000 0.050 0.126 0.206 0.292 0.385 0.484 0.589 0.697 0.807 0.918 1.031 1.146 1.198 1.216 1.235 1.256 1.278 1.301 1.263 1.185 1.107 1.028 0.949 0.869 0.779 0.676 0.567 0.452 0.330 0.201 0.132 0.112 0.090 0.066 0.040 0.015 0.002 0.002 0.002 0.002 0.002 0.001 0.000 0.000 0.000 0.000 0.000 0.000 0.000 0.000 0.000 0.000 0.000 0.000 0.000 0.000 0.000 0.000 0.000 0.000 0.000 0.000 0.000 0.000
0.000 0.000 0.000 0.000 0.000 0.000 0.000 0.000 0.000 0.001 0.002 0.003 0.005 0.056 0.152 0.253 0.359 0.471 0.589 0.705 0.819 0.935 1.052 1.171 1.292 1.364 1.386 1.410 1.436 1.463 1.491 1.469 1.390 1.309 1.228 1.147 1.065 0.965 0.840 0.708 0.569 0.431 0.292 0.204 0.181 0.153 0.120 0.082 0.038 0.009 0.009 0.007 0.006 0.004 0.002 0.000 0.000 0.000 0.000 0.000 0.000 0.000 0.000 0.000 0.000 0.000 0.000 0.000 0.000 0.000 0.000 0.000 0.000 0.000 0.000 0.000 0.000
0.000 0.000 0.000 0.000 0.000 0.000 0.000 0.001 0.002 0.004 0.007 0.010 0.014 0.060 0.175 0.295 0.420 0.551 0.688 0.820 0.940 1.061 1.184 1.309 1.435 1.527 1.555 1.584 1.615 1.646 1.680 1.676 1.594 1.511 1.425 1.338 1.250 1.146 1.007 0.867 0.726 0.584 0.440 0.325 0.284 0.238 0.186 0.129 0.067 0.017 0.015 0.013 0.010 0.007 0.003 0.000 0.000 0.000 0.000 0.000 0.000 0.000 0.000 0.000 0.000 0.000 0.000 0.000 0.000 0.000 0.000 0.000 0.000 0.000 0.000 0.000 0.000
0.000 0.000 0.000 0.000 0.000 0.000 0.000 0.001 0.004 0.008 0.012 0.017 0.022 0.058 0.192 0.331 0.475 0.625 0.781 0.933 1.058 1.186 1.314 1.445 1.577 1.689 1.722 1.756 1.789 1.823 1.858 1.870 1.782 1.693 1.603 1.512 1.420 1.319 1.176 1.031 0.885 0.737 0.588 0.451 0.392 0.327 0.257 0.182 0.101 0.026 0.022 0.018 0.014 0.010 0.005 0.000 0.000 0.000 0.000 0.000 0.000 0.000 0.000 0.000 0.000 0.000 0.000 0.000 0.000 0.000 0.000 0.000 0.000 0.000 0.000 0.000 0.000
0.000 0.000 0.000 0.000 0.000 0.000 0.000 0.001 0.005 0.011 0.017 0.023 0.030 0.050 0.203 0.361 0.525 0.694 0.868 1.045 1.177 1.311 1.447 1.583 1.722 1.855 1.889 1.924 1.959 1.994 2.029 2.059 1.968 1.875 1.782 1.687 1.591 1.494 1.345 1.196 1.044 0.892 0.738 0.583 0.505 0.422 0.333 0.239 0.140 0.036 0.030 0.025 0.020 0.014 0.008 0.000 0.000 0.000 0.000 0.000 0.000 0.000 0.000 0.000 0.000 0.000 0.000 0.000 0.000 0.000 0.000 0.000 0.000 0.000 0.000 0.000 0.000
0.000 0.000 0.000 0.000 0.000 0.000 0.000 0.000 0.006 0.013 0.021 0.028 0.044 0.065 0.236 0.417 0.600 0.785 0.972 1.161 1.302 1.441 1.582 1.723 1.867 2.011 2.056 2.092 2.127 2.163 2.200 2.236 2.155 2.058 1.961 1.863 1.764 1.663 1.516 1.362 1.205 1.048 0.889 0.729 0.622 0.519 0.413 0.302 0.187 0.069 0.045 0.038 0.030 0.021 0.012 0.002 0.000 0.000 0.000 0.000 0.000 0.000 0.000 0.000 0.000 0.000 0.000 0.000 0.000 0.000 0.000 0.000 0.000 0.000 0.000 0.000 0.000
0.000 0.000 0.000 0.000 0.000 0.000 0.000 0.000 0.013 0.032 0.056 0.085 0.117 0.154 0.311 0.499 0.689 0.881 1.075 1.271 1.426 1.569 1.715 1.862 2.010 2.159 2.222 2.259 2.295 2.332 2.370 2.407 2.342 2.242 2.142 2.040 1.937 1.837 1.697 1.538 1.375 1.208 1.037 0.862 0.731 0.614 0.493 0.369 0.240 0.107 0.061 0.051 0.041 0.029 0.017 0.004 0.000 0.000 0.000 0.000 0.000 0.000 0.000 0.000 0.000 0.000 0.000 0.000 0.000 0.000 0.000 0.000 0.000 0.000 0.000 0.000 0.000
0.000 0.000 0.000 0.000 0.000 0.000 0.000 0.000 0.021 0.056 0.095 0.138 0.186 0.239 0.383 0.578 0.775 0.974 1.176 1.379 1.547 1.696 1.846 1.998 2.151 2.306 2.388 2.425 2.463 2.501 2.544 2.589 2.548 2.449 2.350 2.250 2.148 2.046 1.903 1.730 1.553 1.372 1.187 0.999 0.844 0.713 0.578 0.439 0.296 0.150 0.078 0.065 0.052 0.038 0.023 0.007 0.000 0.000 0.000 0.000 0.000 0.000 0.000 0.000 0.000 0.000 0.000 0.000 0.000 0.000 0.000 0.000 0.000 0.000 0.000 0.000 0.000
0.000 0.000 0.000 0.000 0.000 0.000 0.000 0.000 0.024 0.074 0.129 0.187 0.250 0.318 0.453 0.655 0.860 1.066 1.274 1.484 1.667 1.821 1.977 2.137 2.298 2.460 2.566 2.609 2.655 2.701 2.748 2.797 2.776 2.674 2.571 2.467 2.362 2.255 2.113 1.926 1.735 1.540 1.342 1.139 0.961 0.816 0.667 0.514 0.357 0.196 0.096 0.080 0.064 0.047 0.030 0.011 0.000 0.000 0.000 0.000 0.000 0.000 0.000 0.000 0.000 0.000 0.000 0.000 0.000 0.000 0.000 0.000 0.000 0.000 0.000 0.000 0.000
0.000 0.000 0.000 0.000 0.000 0.000 0.000 0.000 0.022 0.088 0.157 0.231 0.310 0.393 0.521 0.735 0.956 1.175 1.394 1.612 1.810 1.972 2.134 2.297 2.460 2.625 2.751 2.799 2.848 2.899 2.950 3.003 3.006 2.900 2.793 2.685 2.576 2.465 2.327 2.126 1.921 1.712 1.500 1.283 1.082 0.923 0.760 0.592 0.416 0.237 0.102 0.083 0.065 0.047 0.029 0.012 0.000 0.000 0.000 0.000 0.000 0.000 0.000 0.000 0.000 0.000 0.000 0.000 0.000 0.000 0.000 0.000 0.000 0.000 0.000 0.000 0.000
0.000 0.000 0.000 0.000 0.000 0.000 0.000 0.000 0.024 0.117 0.216 0.318 0.426 0.537 0.674 0.892 1.110 1.326 1.542 1.756 1.961 2.125 2.290 2.455 2.622 2.789 2.935 2.987 3.041 3.095 3.151 3.208 3.237 3.127 3.016 2.904 2.790 2.676 2.545 2.330 2.110 1.883 1.651 1.414 1.182 1.005 0.824 0.640 0.453 0.262 0.094 0.077 0.060 0.044 0.028 0.013 0.000 0.000 0.000 0.000 0.000 0.000 0.000 0.000 0.000 0.000 0.000 0.000 0.000 0.000 0.000 0.000 0.000 0.000 0.000 0.000 0.000
0.000 0.000 0.000 0.006 0.017 0.032 0.051 0.074 0.106 0.216 0.330 0.448 0.571 0.699 0.835 1.050 1.264 1.478 1.690 1.901 2.110 2.277 2.444 2.613 2.782 2.951 3.118 3.174 3.232 3.290 3.350 3.411 3.468 3.357 3.246 3.130 3.009 2.885 2.753 2.519 2.279 2.034 1.784 1.529 1.270 1.081 0.888 0.692 0.493 0.290 0.086 0.070 0.055 0.041 0.027 0.013 0.000 0.000 0.000 0.000 0.000 0.000 0.000 0.000 0.000 0.000 0.000 0.000 0.000 0.000 0.000 0.000 0.000 0.000 0.000 0.000 0.000
0.000 0.000 0.000 0.020 0.045 0.075 0.109 0.148 0.191 0.309 0.439 0.573 0.712 0.855 1.003 1.209 1.420 1.630 1.839 2.047 2.254 2.428 2.598 2.769 2.941 3.113 3.296 3.381 3.453 3.523 3.593 3.661 3.729 3.627 3.501 3.370 3.234 3.095 2.951 2.711 2.453 2.190 1.923 1.650 1.372 1.160 0.956 0.748 0.536 0.321 0.103 0.063 0.050 0.037 0.025 0.013 0.001 0.000 0.000 0.000 0.000 0.000 0.000 0.000 0.000 0.000 0.000 0.000 0.000 0.000 0.000 0.000 0.000 0.000 0.000 0.000 0.000
0.000 0.000 0.000 0.028 0.069 0.114 0.164 0.217 0.275 0.397 0.543 0.693 0.848 1.007 1.170 1.368 1.576 1.783 1.989 2.200 2.421 2.617 2.804 2.991 3.180 3.369 3.559 3.659 3.727 3.794 3.860 3.924 3.988 3.902 3.760 3.614 3.464 3.309 3.150 2.908 2.632 2.352 2.066 1.775 1.479 1.243 1.027 0.807 0.583 0.356 0.126 0.060 0.054 0.045 0.034 0.021 0.005 0.000 0.000 0.000 0.000 0.000 0.000 0.000 0.000 0.000 0.000 0.000 0.000 0.000 0.000 0.000 0.000 0.000 0.000 0.000 0.000
0.000 0.000 0.000 0.032 0.088 0.148 0.213 0.282 0.355 0.480 0.642 0.808 0.966 1.127 1.289 1.480 1.696 1.921 2.155 2.397 2.648 2.864 3.054 3.245 3.436 3.628 3.821 3.938 4.002 4.065 4.127 4.188 4.248 4.180 4.023 3.862 3.697 3.528 3.354 3.110 2.817 2.518 2.215 1.906 1.593 1.334 1.111 0.887 0.662 0.436 0.209 0.110 0.095 0.078 0.058 0.036 0.011 0.000 0.000 0.000 0.000 0.000 0.000 0.000 0.000 0.000 0.000 0.000 0.000 0.000 0.000 0.000 0.000 0.000 0.000 0.000 0.000
0.000 0.000 0.000 0.031 0.102 0.176 0.251 0.328 0.405 0.521 0.682 0.845 1.010 1.176 1.344 1.546 1.792 2.048 2.312 2.584 2.866 3.110 3.303 3.497 3.691 3.886 4.082 4.218 4.278 4.337 4.395 4.452 4.508 4.462 4.291 4.115 3.934 3.752 3.562 3.316 3.006 2.691 2.373 2.050 1.723 1.440 1.214 0.986 0.758 0.528 0.298 0.162 0.138 0.112 0.084 0.053 0.019 0.000 0.000 0.000 0.000 0.000 0.000 0.000 0.000 0.000 0.000 0.000 0.000 0.000 0.000 0.000 0.000 0.000 0.000 0.000 0.000
0.005 0.008 0.012 0.038 0.115 0.194 0.273 0.354 0.436 0.544 0.711 0.880 1.051 1.223 1.397 1.602 1.879 2.165 2.459 2.762 3.074 3.355 3.551 3.747 3.945 4.143 4.342 4.498 4.554 4.610 4.675 4.740 4.804 4.791 4.606 4.412 4.209 3.999 3.780 3.524 3.199 2.870 2.536 2.199 1.856 1.547 1.317 1.086 0.854 0.621 0.387 0.217 0.184 0.150 0.112 0.072 0.030 0.000 0.000 0.000 0.000 0.000 0.000 0.000 0.000 0.000 0.000 0.000 0.000 0.000 0.000 0.000 0.000 0.000 0.000 0.000 0.000
0.014 0.020 0.027 0.046 0.127 0.210 0.294 0.379 0.465 0.565 0.738 0.913 1.090 1.269 1.449 1.649 1.956 2.273 2.597 2.931 3.273 3.599 3.796 3.991 4.194 4.407 4.630 4.835 4.899 4.962 5.025 5.086 5.147 5.162 4.948 4.725 4.493 4.254 4.006 3.737 3.397 3.053 2.704 2.351 1.994 1.656 1.422 1.187 0.951 0.715 0.477 0.274 0.233 0.189 0.143 0.096 0.048 0.008 0.009 0.009 0.008 0.006 0.003 0.000 0.000 0.000 0.000 0.000 0.000 0.000 0.000 0.000 0.000 0.000 0.000 0.000 0.000
0.022 0.032 0.042 0.053 0.138 0.225 0.313 0.402 0.493 0.584 0.764 0.945 1.128 1.312 1.498 1.686 2.018 2.355 2.697 3.043 3.394 3.748 3.966 4.193 4.430 4.676 4.932 5.194 5.255 5.316 5.375 5.433 5.491 5.542 5.298 5.046 4.786 4.517 4.240 3.954 3.599 3.239 2.876 2.508 2.136 1.765 1.527 1.289 1.045 0.801 0.560 0.330 0.282 0.234 0.184 0.133 0.081 0.030 0.027 0.024 0.019 0.014 0.007 0.000 0.000 0.000 0.000 0.000 0.000 0.000 0.000 0.000 0.000 0.000 0.000 0.000 0.000
0.030 0.042 0.055 0.069 0.147 0.238 0.330 0.424 0.517 0.607 0.774 0.957 1.143 1.332 1.523 1.718 2.044 2.397 2.755 3.118 3.485 3.856 4.125 4.386 4.656 4.935 5.224 5.522 5.612 5.669 5.726 5.781 5.835 5.889 5.656 5.375 5.086 4.788 4.483 4.169 3.804 3.411 3.016 2.621 2.226 1.830 1.572 1.332 1.096 0.862 0.631 0.402 0.333 0.280 0.226 0.171 0.115 0.057 0.046 0.039 0.031 0.022 0.012 0.001 0.000 0.000 0.000 0.000 0.000 0.000 0.000 0.000 0.000 0.000 0.000 0.000 0.000
0.036 0.051 0.066 0.081 0.147 0.237 0.327 0.417 0.506 0.596 0.755 0.948 1.144 1.342 1.543 1.747 2.065 2.435 2.809 3.187 3.571 3.958 4.274 4.568 4.871 5.183 5.505 5.836 5.969 6.023 6.077 6.129 6.180 6.229 5.986 5.645 5.300 4.950 4.596 4.238 3.851 3.456 3.060 2.665 2.269 1.873 1.600 1.371 1.144 0.919 0.698 0.479 0.385 0.328 0.270 0.211 0.150 0.088 0.066 0.056 0.044 0.032 0.018 0.003 0.000 0.000 0.000 0.001 0.001 0.000 0.000 0.000 0.000 0.000 0.000 0.000 0.000
0.038 0.053 0.069 0.085 0.140 0.230 0.319 0.408 0.496 0.585 0.734 0.936 1.141 1.349 1.560 1.773 2.081 2.467 2.857 3.252 3.651 4.055 4.413 4.740 5.076 5.421 5.775 6.124 6.286 6.307 6.322 6.329 6.329 6.321 6.109 5.752 5.392 5.027 4.658 4.284 3.896 3.500 3.104 2.708 2.312 1.916 1.626 1.406 1.189 0.974 0.763 0.554 0.438 0.377 0.314 0.251 0.186 0.120 0.088 0.073 0.058 0.043 0.028 0.013 0.008 0.007 0.006 0.005 0.003 0.001 0.000 0.000 0.000 0.000 0.000 0.000 0.000
0.038 0.055 0.072 0.089 0.134 0.222 0.310 0.399 0.486 0.574 0.709 0.921 1.136 1.354 1.574 1.797 2.092 2.494 2.900 3.320 3.761 4.205 4.613 4.964 5.311 5.653 5.991 6.324 6.513 6.509 6.498 6.479 6.454 6.421 6.236 5.864 5.489 5.108 4.724 4.335 3.941 3.545 3.149 2.752 2.356 1.960 1.650 1.439 1.231 1.027 0.824 0.625 0.489 0.420 0.351 0.282 0.212 0.142 0.100 0.085 0.070 0.055 0.040 0.026 0.018 0.016 0.013 0.010 0.006 0.002 0.000 0.000 0.000 0.000 0.000 0.000 0.000
0.038 0.056 0.074 0.093 0.127 0.215 0.302 0.390 0.477 0.563 0.682 0.903 1.137 1.389 1.648 1.914 2.231 2.673 3.119 3.567 4.018 4.472 4.897 5.232 5.563 5.890 6.212 6.529 6.747 6.717 6.681 6.637 6.586 6.528 6.368 5.981 5.590 5.194 4.794 4.390 3.986 3.590 3.193 2.796 2.400 2.001 1.667 1.463 1.261 1.060 0.862 0.666 0.514 0.444 0.374 0.304 0.233 0.162 0.111 0.096 0.082 0.067 0.053 0.038 0.028 0.024 0.020 0.015 0.010 0.004 0.000 0.000 0.000 0.000 0.000 0.000 0.000
0.038 0.057 0.077 0.096 0.121 0.209 0.302 0.400 0.503 0.612 0.739 1.002 1.272 1.550 1.836 2.129 2.445 2.898 3.353 3.811 4.272 4.736 5.185 5.504 5.820 6.131 6.437 6.739 6.988 6.933 6.871 6.802 6.726 6.642 6.503 6.101 5.695 5.284 4.872 4.449 4.023 3.624 3.225 2.827 2.429 2.031 1.671 1.474 1.278 1.085 0.893 0.703 0.539 0.468 0.397 0.326 0.254 0.182 0.122 0.108 0.094 0.079 0.065 0.051 0.039 0.034 0.027 0.021 0.014 0.006 0.002 0.008 0.013 0.016 0.019 0.020 0.021
0.037 0.056 0.075 0.094 0.113 0.212 0.323 0.440 0.561 0.688 0.821 1.101 1.398 1.703 2.015 2.335 2.663 3.119 3.584 4.052 4.523 4.996 5.472 5.781 6.081 6.376 6.666 6.952 7.234 7.157 7.071 7.013 6.932 6.829 6.702 6.284 5.856 5.419 4.971 4.513 4.048 3.650 3.252 2.855 2.458 2.061 1.674 1.483 1.294 1.107 0.922 0.739 0.565 0.493 0.420 0.348 0.275 0.202 0.133 0.119 0.105 0.091 0.077 0.068 0.065 0.068 0.068 0.066 0.062 0.057 0.051 0.052 0.053 0.053 0.051 0.048 0.045
0.033 0.052 0.071 0.090 0.109 0.209 0.339 0.474 0.614 0.759 0.910 1.192 1.516 1.847 2.186 2.533 2.887 3.337 3.812 4.290 4.770 5.253 5.739 6.074 6.424 6.765 7.099 7.424 7.741 7.710 7.596 7.461 7.303 7.123 6.921 6.499 6.037 5.564 5.081 4.588 4.085 3.675 3.279 2.882 2.486 2.090 1.695 1.491 1.309 1.128 0.949 0.773 0.598 0.517 0.444 0.371 0.302 0.243 0.184 0.180 0.177 0.174 0.170 0.164 0.157 0.152 0.146 0.138 0.127 0.115 0.101 0.098 0.095 0.090 0.085 0.078 0.069
