DATA/SHG/CPC/2018/20180711.asc
ncols        190
nrows        64
xllcorner    -5100000.000000000000
yllcorner    4130000.000000000000
cellsize     10000.000000000000
NODATA_value  -99999.000
[rows 0 to 32 of 64, columns 0 to 73 of 190]
0.000 0.000 0.000 0.001 0.002 0.003 0.005 0.007 0.008 0.010 0.012 0.014 0.017 0.021 0.025 0.030 0.035 0.040 0.057 0.081 0.105 0.130 0.156 0.182 0.213 0.247 0.281 0.315 0.350 0.385 0.402 0.408 0.413 0.418 0.422 0.432 0.436 0.435 0.433 0.430 0.427 0.422 0.410 0.393 0.375 0.356 0.336 0.315 0.296 0.281 0.264 0.247 0.229 0.211 0.196 0.184 0.172 0.159 0.146 0.133 0.120 0.109 0.097 0.085 0.073 0.061 0.050 0.043 0.035 0.027 0.019 0.010 0.005 0.005
0.004 0.005 0.007 0.009 0.011 0.013 0.015 0.017 0.019 0.021 0.024 0.026 0.030 0.035 0.040 0.046 0.052 0.059 0.076 0.103 0.130 0.157 0.186 0.216 0.248 0.283 0.318 0.355 0.396 0.437 0.464 0.474 0.483 0.493 0.502 0.511 0.514 0.510 0.505 0.498 0.491 0.482 0.468 0.448 0.426 0.404 0.380 0.356 0.333 0.315 0.296 0.277 0.257 0.236 0.218 0.205 0.192 0.178 0.164 0.150 0.136 0.124 0.112 0.099 0.086 0.072 0.060 0.052 0.043 0.035 0.027 0.018 0.011 0.010
0.009 0.012 0.014 0.017 0.020 0.023 0.026 0.028 0.030 0.032 0.035 0.038 0.042 0.048 0.055 0.062 0.070 0.078 0.094 0.123 0.154 0.188 0.224 0.262 0.302 0.343 0.385 0.427 0.471 0.514 0.547 0.556 0.565 0.574 0.582 0.591 0.594 0.586 0.577 0.567 0.555 0.543 0.527 0.503 0.478 0.452 0.425 0.397 0.370 0.350 0.329 0.308 0.288 0.267 0.248 0.234 0.220 0.205 0.188 0.171 0.153 0.140 0.127 0.113 0.098 0.084 0.070 0.061 0.052 0.043 0.035 0.025 0.017 0.015
0.015 0.018 0.021 0.024 0.028 0.032 0.036 0.038 0.041 0.043 0.046 0.049 0.053 0.062 0.072 0.082 0.092 0.102 0.119 0.156 0.195 0.235 0.278 0.322 0.367 0.411 0.455 0.499 0.545 0.591 0.630 0.638 0.646 0.654 0.662 0.670 0.674 0.663 0.650 0.636 0.621 0.606 0.587 0.560 0.531 0.509 0.485 0.458 0.430 0.410 0.389 0.366 0.341 0.315 0.288 0.272 0.253 0.234 0.214 0.193 0.171 0.156 0.142 0.127 0.111 0.095 0.079 0.070 0.061 0.052 0.043 0.033 0.024 0.020
0.020 0.023 0.028 0.032 0.036 0.041 0.047 0.051 0.055 0.060 0.065 0.070 0.076 0.086 0.097 0.108 0.119 0.130 0.145 0.188 0.234 0.281 0.329 0.380 0.432 0.478 0.524 0.571 0.618 0.666 0.713 0.720 0.728 0.735 0.743 0.749 0.756 0.742 0.738 0.731 0.723 0.712 0.700 0.674 0.646 0.616 0.582 0.547 0.508 0.482 0.455 0.427 0.397 0.365 0.331 0.310 0.288 0.265 0.241 0.216 0.190 0.173 0.157 0.141 0.124 0.108 0.090 0.080 0.070 0.061 0.052 0.042 0.032 0.027
0.027 0.033 0.039 0.046 0.052 0.059 0.066 0.071 0.076 0.082 0.087 0.093 0.099 0.110 0.121 0.133 0.145 0.157 0.170 0.218 0.270 0.324 0.379 0.436 0.495 0.544 0.592 0.641 0.691 0.741 0.796 0.822 0.843 0.863 0.882 0.901 0.920 0.913 0.902 0.888 0.872 0.854 0.834 0.801 0.764 0.725 0.683 0.638 0.591 0.556 0.524 0.489 0.453 0.416 0.377 0.349 0.323 0.296 0.269 0.240 0.210 0.190 0.175 0.162 0.147 0.130 0.112 0.100 0.090 0.079 0.068 0.055 0.042 0.036
0.042 0.049 0.055 0.063 0.070 0.077 0.085 0.091 0.097 0.103 0.109 0.115 0.122 0.133 0.146 0.158 0.171 0.185 0.198 0.247 0.305 0.365 0.427 0.495 0.571 0.636 0.700 0.766 0.834 0.905 0.977 1.010 1.028 1.046 1.063 1.080 1.095 1.087 1.068 1.047 1.023 0.998 0.970 0.931 0.885 0.836 0.785 0.732 0.676 0.632 0.593 0.553 0.512 0.468 0.423 0.396 0.375 0.352 0.325 0.297 0.265 0.242 0.225 0.206 0.186 0.165 0.142 0.125 0.112 0.098 0.084 0.069 0.053 0.044
0.056 0.064 0.071 0.079 0.087 0.095 0.104 0.111 0.117 0.124 0.131 0.138 0.145 0.156 0.170 0.183 0.202 0.223 0.244 0.299 0.374 0.451 0.532 0.615 0.701 0.778 0.849 0.923 0.999 1.077 1.157 1.198 1.214 1.230 1.244 1.258 1.272 1.262 1.236 1.207 1.176 1.143 1.108 1.063 1.008 0.950 0.890 0.828 0.775 0.737 0.705 0.671 0.633 0.592 0.547 0.510 0.480 0.446 0.411 0.372 0.331 0.299 0.276 0.252 0.227 0.200 0.172 0.150 0.134 0.118 0.101 0.084 0.065 0.053
0.070 0.078 0.087 0.095 0.104 0.113 0.122 0.130 0.137 0.149 0.162 0.176 0.191 0.209 0.230 0.252 0.275 0.297 0.321 0.375 0.460 0.548 0.638 0.732 0.829 0.917 0.996 1.077 1.161 1.246 1.334 1.387 1.401 1.414 1.426 1.438 1.449 1.440 1.406 1.370 1.331 1.301 1.269 1.230 1.180 1.130 1.078 1.026 0.973 0.924 0.882 0.835 0.786 0.733 0.677 0.626 0.587 0.544 0.499 0.451 0.400 0.356 0.329 0.300 0.269 0.238 0.204 0.175 0.157 0.139 0.119 0.099 0.079 0.069
0.084 0.093 0.106 0.119 0.133 0.147 0.161 0.175 0.190 0.205 0.221 0.238 0.256 0.276 0.299 0.323 0.347 0.371 0.397 0.447 0.543 0.641 0.742 0.846 0.953 1.054 1.140 1.229 1.320 1.413 1.508 1.577 1.588 1.599 1.615 1.631 1.648 1.650 1.618 1.586 1.553 1.519 1.484 1.443 1.391 1.337 1.283 1.227 1.171 1.115 1.061 1.003 0.942 0.878 0.810 0.746 0.696 0.644 0.589 0.531 0.471 0.415 0.383 0.349 0.313 0.280 0.253 0.227 0.215 0.201 0.184 0.166 0.145 0.127
0.122 0.135 0.149 0.164 0.178 0.193 0.208 0.224 0.242 0.260 0.279 0.299 0.320 0.342 0.367 0.392 0.418 0.445 0.472 0.517 0.622 0.731 0.842 0.956 1.074 1.188 1.285 1.389 1.493 1.597 1.702 1.791 1.807 1.824 1.840 1.857 1.874 1.882 1.848 1.812 1.776 1.738 1.699 1.658 1.602 1.545 1.488 1.429 1.370 1.309 1.243 1.174 1.101 1.026 0.947 0.867 0.808 0.746 0.691 0.643 0.590 0.535 0.510 0.482 0.450 0.414 0.375 0.334 0.314 0.292 0.268 0.242 0.214 0.184
0.163 0.177 0.192 0.208 0.223 0.239 0.255 0.272 0.293 0.314 0.336 0.359 0.383 0.407 0.434 0.461 0.489 0.518 0.546 0.590 0.719 0.849 0.980 1.113 1.248 1.382 1.486 1.592 1.697 1.804 1.910 2.014 2.031 2.048 2.065 2.082 2.099 2.116 2.078 2.039 1.999 1.958 1.916 1.873 1.814 1.754 1.693 1.632 1.569 1.506 1.428 1.361 1.302 1.239 1.172 1.101 1.050 0.995 0.935 0.870 0.800 0.725 0.686 0.645 0.600 0.552 0.500 0.445 0.416 0.386 0.354 0.320 0.284 0.246
0.203 0.218 0.234 0.251 0.268 0.285 0.302 0.320 0.343 0.367 0.392 0.418 0.454 0.495 0.537 0.580 0.624 0.668 0.714 0.760 0.887 1.022 1.159 1.297 1.436 1.577 1.687 1.794 1.901 2.009 2.118 2.227 2.253 2.271 2.289 2.306 2.324 2.343 2.308 2.266 2.222 2.178 2.133 2.086 2.044 2.005 1.966 1.926 1.886 1.845 1.783 1.715 1.642 1.566 1.487 1.403 1.333 1.260 1.183 1.101 1.015 0.923 0.865 0.811 0.754 0.693 0.629 0.561 0.519 0.482 0.442 0.400 0.357 0.311
0.243 0.259 0.276 0.294 0.312 0.341 0.371 0.402 0.440 0.480 0.522 0.565 0.609 0.654 0.699 0.745 0.791 0.838 0.886 0.935 1.054 1.194 1.336 1.479 1.623 1.769 1.886 1.995 2.104 2.214 2.324 2.435 2.476 2.494 2.512 2.530 2.549 2.585 2.579 2.555 2.532 2.510 2.487 2.465 2.430 2.390 2.348 2.306 2.264 2.221 2.152 2.071 1.986 1.897 1.805 1.709 1.619 1.530 1.436 1.337 1.234 1.125 1.047 0.981 0.911 0.838 0.761 0.680 0.624 0.614 0.610 0.603 0.593 0.580
0.319 0.347 0.377 0.407 0.439 0.470 0.503 0.535 0.575 0.620 0.666 0.713 0.762 0.812 0.860 0.909 0.957 1.007 1.057 1.109 1.219 1.364 1.511 1.659 1.808 1.959 2.085 2.195 2.306 2.418 2.549 2.679 2.752 2.790 2.830 2.870 2.912 2.954 2.959 2.936 2.914 2.893 2.872 2.851 2.817 2.774 2.731 2.686 2.642 2.596 2.525 2.430 2.332 2.231 2.126 2.017 1.910 1.804 1.693 1.578 1.457 1.332 1.276 1.242 1.205 1.162 1.116 1.064 1.034 1.022 1.008 0.991 0.972 0.949
0.443 0.471 0.500 0.533 0.566 0.599 0.633 0.668 0.709 0.758 0.809 0.860 0.913 0.968 1.020 1.071 1.123 1.175 1.228 1.282 1.382 1.532 1.689 1.866 2.043 2.222 2.378 2.508 2.637 2.764 2.890 3.016 3.101 3.143 3.186 3.230 3.276 3.322 3.338 3.317 3.296 3.275 3.255 3.235 3.204 3.159 3.113 3.067 3.020 2.972 2.900 2.793 2.682 2.568 2.453 2.373 2.293 2.215 2.133 2.048 1.960 1.869 1.795 1.745 1.692 1.633 1.571 1.503 1.453 1.432 1.408 1.381 1.352 1.320
0.567 0.594 0.623 0.657 0.692 0.727 0.763 0.799 0.841 0.895 0.950 1.006 1.063 1.122 1.179 1.245 1.328 1.410 1.491 1.570 1.681 1.859 2.037 2.216 2.395 2.575 2.738 2.863 2.988 3.111 3.233 3.353 3.449 3.494 3.541 3.589 3.638 3.688 3.716 3.696 3.676 3.657 3.637 3.618 3.591 3.544 3.496 3.454 3.438 3.423 3.389 3.309 3.228 3.146 3.062 2.978 2.892 2.802 2.709 2.613 2.513 2.411 2.317 2.252 2.182 2.108 2.030 1.946 1.874 1.844 1.810 1.774 1.735 1.693
0.690 0.717 0.745 0.781 0.818 0.855 0.892 0.930 0.995 1.092 1.188 1.281 1.374 1.464 1.551 1.631 1.709 1.785 1.859 1.932 2.024 2.204 2.384 2.565 2.746 2.928 3.099 3.220 3.340 3.458 3.576 3.691 3.795 3.844 3.894 3.946 3.998 4.052 4.094 4.075 4.066 4.077 4.090 4.104 4.114 4.099 4.083 4.068 4.053 4.039 4.014 3.930 3.845 3.759 3.672 3.583 3.493 3.392 3.287 3.180 3.069 2.955 2.843 2.762 2.677 2.587 2.492 2.393 2.298 2.257 2.214 2.168 2.125 2.109
0.814 0.866 0.931 1.007 1.086 1.166 1.249 1.334 1.422 1.513 1.602 1.691 1.777 1.862 1.945 2.018 2.090 2.160 2.229 2.296 2.366 2.548 2.730 2.912 3.095 3.279 3.461 3.577 3.693 3.807 3.919 4.031 4.139 4.199 4.272 4.350 4.434 4.525 4.620 4.633 4.648 4.665 4.683 4.703 4.723 4.709 4.694 4.680 4.667 4.653 4.639 4.552 4.463 4.373 4.281 4.189 4.096 3.983 3.868 3.749 3.627 3.502 3.373 3.276 3.175 3.078 2.999 2.916 2.828 2.812 2.795 2.775 2.755 2.732
1.165 1.237 1.313 1.396 1.482 1.570 1.661 1.753 1.848 1.934 2.018 2.101 2.182 2.261 2.339 2.407 2.473 2.537 2.600 2.661 2.720 2.891 3.074 3.259 3.444 3.629 3.798 3.903 4.010 4.128 4.258 4.398 4.549 4.645 4.738 4.838 4.945 5.057 5.176 5.207 5.227 5.250 5.273 5.299 5.326 5.318 5.304 5.291 5.279 5.267 5.255 5.173 5.080 4.986 4.891 4.795 4.698 4.578 4.457 4.347 4.241 4.139 4.041 3.958 3.873 3.784 3.690 3.593 3.493 3.459 3.436 3.411 3.385 3.357
1.520 1.604 1.691 1.782 1.876 1.972 2.069 2.169 2.271 2.357 2.435 2.512 2.587 2.661 2.733 2.797 2.857 2.915 2.972 3.015 3.045 3.172 3.334 3.495 3.655 3.814 3.972 4.114 4.259 4.416 4.583 4.762 4.951 5.083 5.198 5.320 5.448 5.582 5.722 5.778 5.804 5.832 5.862 5.893 5.926 5.925 5.913 5.901 5.890 5.879 5.868 5.789 5.687 5.592 5.503 5.420 5.344 5.249 5.148 5.052 4.959 4.871 4.786 4.694 4.595 4.492 4.385 4.274 4.159 4.107 4.078 4.047 4.015 3.981
1.871 1.966 2.066 2.166 2.267 2.370 2.475 2.582 2.692 2.781 2.853 2.925 3.011 3.089 3.156 3.208 3.243 3.267 3.281 3.283 3.274 3.363 3.522 3.679 3.836 3.992 4.146 4.313 4.497 4.692 4.897 5.113 5.341 5.514 5.651 5.795 5.944 6.100 6.261 6.347 6.379 6.412 6.447 6.484 6.514 6.510 6.485 6.461 6.437 6.414 6.390 6.330 6.251 6.177 6.110 6.050 5.995 5.922 5.835 5.752 5.673 5.598 5.526 5.433 5.320 5.203 5.083 4.958 4.829 4.756 4.721 4.685 4.647 4.607
2.217 2.325 2.435 2.546 2.661 2.804 2.948 3.094 3.241 3.357 3.430 3.493 3.546 3.591 3.625 3.643 3.639 3.625 3.599 3.563 3.515 3.555 3.710 3.864 4.018 4.170 4.322 4.501 4.723 4.956 5.199 5.454 5.719 5.938 6.097 6.262 6.433 6.603 6.771 6.872 6.896 6.922 6.950 6.980 7.012 7.020 6.996 6.973 6.950 6.927 6.905 6.864 6.807 6.755 6.711 6.672 6.640 6.590 6.517 6.447 6.382 6.320 6.262 6.175 6.048 5.918 5.783 5.644 5.502 5.382 5.288 5.193 5.098 5.001
2.691 2.840 2.990 3.138 3.284 3.431 3.580 3.729 3.880 4.000 4.040 4.070 4.091 4.102 4.104 4.089 4.047 3.993 3.929 3.854 3.767 3.747 3.899 4.050 4.200 4.349 4.497 4.677 4.937 5.208 5.506 5.808 6.113 6.377 6.545 6.712 6.878 7.044 7.209 7.331 7.362 7.396 7.431 7.469 7.508 7.529 7.507 7.484 7.462 7.440 7.419 7.391 7.356 7.327 7.304 7.288 7.278 7.254 7.194 7.138 7.086 7.037 6.953 6.812 6.608 6.406 6.207 6.009 5.813 5.650 5.553 5.455 5.356 5.256
3.312 3.460 3.607 3.755 3.905 4.056 4.209 4.363 4.518 4.653 4.659 4.656 4.644 4.623 4.592 4.547 4.466 4.373 4.270 4.156 4.031 3.940 4.089 4.246 4.415 4.594 4.783 4.999 5.303 5.608 5.916 6.227 6.539 6.830 6.995 7.159 7.323 7.486 7.648 7.788 7.826 7.867 7.910 7.954 8.001 8.038 8.016 7.994 7.973 7.952 7.931 7.911 7.898 7.891 7.890 7.849 7.783 7.707 7.587 7.473 7.365 7.263 7.168 7.057 6.860 6.665 6.471 6.280 6.090 5.919 5.819 5.717 5.615 5.511
3.932 4.078 4.224 4.369 4.524 4.679 4.836 4.994 5.153 5.314 5.288 5.252 5.207 5.152 5.089 4.999 4.829 4.668 4.515 4.371 4.236 4.112 4.296 4.491 4.697 4.914 5.141 5.380 5.692 6.006 6.323 6.642 6.963 7.283 7.446 7.607 7.768 7.927 8.086 8.241 8.287 8.335 8.385 8.437 8.492 8.545 8.524 8.504 8.430 8.348 8.273 8.204 8.139 8.073 8.008 7.942 7.877 7.809 7.710 7.618 7.531 7.450 7.376 7.301 7.110 6.921 6.734 6.549 6.366 6.189 6.085 5.980 5.874 5.767
4.552 4.697 4.841 4.984 5.140 5.300 5.461 5.623 5.770 5.873 5.785 5.655 5.514 5.363 5.201 5.027 4.882 4.751 4.629 4.515 4.410 4.313 4.492 4.725 4.968 5.223 5.488 5.763 6.079 6.401 6.726 7.054 7.383 7.716 7.897 8.055 8.213 8.369 8.525 8.680 8.745 8.727 8.706 8.688 8.674 8.664 8.593 8.521 8.455 8.396 8.343 8.297 8.234 8.168 8.102 8.036 7.970 7.904 7.828 7.756 7.690 7.631 7.578 7.530 7.358 7.175 6.995 6.816 6.639 6.464 6.352 6.243 6.134 6.029
5.172 5.354 5.543 5.707 5.852 5.970 6.057 6.113 6.139 6.134 6.016 5.848 5.669 5.479 5.279 5.067 4.926 4.825 4.733 4.649 4.574 4.507 4.676 4.946 5.228 5.519 5.822 6.135 6.462 6.793 7.126 7.462 7.801 8.138 8.243 8.304 8.372 8.446 8.527 8.613 8.625 8.613 8.605 8.601 8.601 8.604 8.564 8.515 8.473 8.437 8.407 8.384 8.329 8.263 8.197 8.130 8.064 7.997 7.939 7.888 7.844 7.806 7.773 7.747 7.604 7.428 7.248 7.068 6.894 6.725 6.615 6.527 6.447 6.375
6.340 6.465 6.565 6.640 6.685 6.695 6.674 6.623 6.541 6.428 6.259 6.053 5.835 5.607 5.368 5.119 4.961 4.890 4.827 4.774 4.729 4.692 4.849 5.157 5.475 5.805 6.130 6.380 6.615 6.851 7.089 7.331 7.575 7.821 7.970 8.053 8.143 8.239 8.340 8.449 8.493 8.495 8.500 8.510 8.523 8.541 8.530 8.503 8.484 8.471 8.464 8.465 8.425 8.358 8.291 8.224 8.157 8.090 8.044 8.007 7.971 7.939 7.911 7.888 7.768 7.596 7.430 7.269 7.114 6.965 6.871 6.810 6.758 6.714
7.566 7.602 7.614 7.600 7.550 7.452 7.324 7.165 6.975 6.755 6.513 6.269 6.013 5.747 5.470 5.182 4.986 4.945 4.913 4.892 4.874 4.844 4.936 5.196 5.437 5.659 5.862 6.046 6.248 6.493 6.742 6.993 7.246 7.503 7.691 7.796 7.907 8.025 8.148 8.278 8.357 8.372 8.392 8.415 8.442 8.474 8.488 8.485 8.488 8.498 8.515 8.538 8.511 8.431 8.352 8.274 8.197 8.120 8.067 8.042 8.021 8.005 7.994 7.986 7.905 7.753 7.606 7.464 7.329 7.199 7.118 7.086 7.061 7.044
8.818 8.766 8.688 8.586 8.447 8.242 8.006 7.740 7.443 7.115 6.779 6.496 6.244 6.009 5.740 5.435 5.181 5.157 5.122 5.076 5.020 4.952 4.951 5.145 5.320 5.476 5.614 5.732 5.878 6.133 6.391 6.652 6.916 7.182 7.407 7.533 7.666 7.805 7.950 8.101 8.217 8.246 8.280 8.317 8.358 8.416 8.468 8.489 8.506 8.520 8.530 8.537 8.512 8.435 8.359 8.283 8.208 8.134 8.082 8.072 8.067 8.067 8.071 8.080 8.037 7.904 7.776 7.654 7.538 7.427 7.358 7.353 7.356 7.367
10.096 9.955 9.789 9.598 9.377 9.094 8.821 8.545 8.266 7.983 7.699 7.412 7.089 6.731 6.338 5.910 5.491 5.429 5.356 5.272 5.177 5.071 4.986 5.114 5.223 5.314 5.386 5.439 5.506 5.771 6.038 6.309 6.582 6.858 7.116 7.264 7.419 7.579 7.759 7.946 8.116 8.175 8.239 8.307 8.381 8.460 8.529 8.537 8.542 8.543 8.541 8.535 8.513 8.438 8.364 8.291 8.218 8.147 8.092 8.098 8.109 8.125 8.145 8.169 8.163 8.049 7.941 7.838 7.741 7.650 7.584 7.584 7.597 7.622
11.283 11.082 10.893 10.716 10.551 10.279 9.995 9.707 9.415 9.121 8.823 8.418 7.972 7.490 6.974 6.422 5.835 5.712 5.601 5.478 5.345 5.201 5.046 5.103 5.146 5.171 5.177 5.165 5.133 5.406 5.685 5.998 6.301 6.594 6.877 7.061 7.251 7.447 7.650 7.859 8.070 8.146 8.227 8.312 8.403 8.498 8.593 8.589 8.582 8.571 8.556 8.538 8.512 8.440 8.369 8.298 8.228 8.159 8.098 8.120 8.146 8.178 8.213 8.247 8.249 8.129 8.014 7.906 7.803 7.705 7.629 7.672 7.728 7.796
