DATA/SHG/CPC/2018/20180404.asc
ncols        190
nrows        64
xllcorner    -5100000.000000000000
yllcorner    4130000.000000000000
cellsize     10000.000000000000
NODATA_value  -99999.000
[rows 0 to 33 of 64, columns 0 to 76 of 190]
0.000 0.000 0.000 0.000 0.000 0.000 0.000 0.000 0.000 0.000 0.000 0.000 0.000 0.000 0.000 0.000 0.000 0.000 0.000 0.000 0.000 0.000 0.000 0.000 0.000 0.000 0.000 0.000 0.000 0.000 0.000 0.000 0.000 0.000 0.000 0.001 0.003 0.007 0.011 0.015 0.019 0.022 0.022 0.020 0.017 0.015 0.013 0.011 0.010 0.009 0.007 0.005 0.003 0.001 0.000 0.000 0.000 0.000 0.000 0.000 0.000 0.000 0.000 0.000 0.000 0.000 0.000 0.000 0.000 0.000 0.000 0.000 0.000 0.000 0.000 0.000 0.000
0.000 0.000 0.000 0.000 0.000 0.000 0.000 0.000 0.000 0.000 0.000 0.000 0.000 0.000 0.000 0.000 0.000 0.000 0.000 0.000 0.000 0.000 0.000 0.000 0.000 0.000 0.000 0.000 0.000 0.000 0.000 0.001 0.001 0.002 0.004 0.005 0.008 0.011 0.015 0.018 0.021 0.024 0.025 0.023 0.022 0.020 0.018 0.017 0.015 0.013 0.011 0.008 0.005 0.002 0.000 0.000 0.000 0.000 0.000 0.000 0.000 0.000 0.000 0.000 0.000 0.000 0.000 0.000 0.000 0.000 0.000 0.000 0.000 0.000 0.000 0.000 0.000
0.000 0.000 0.000 0.000 0.000 0.000 0.000 0.000 0.000 0.000 0.000 0.000 0.000 0.000 0.000 0.000 0.000 0.000 0.000 0.000 0.000 0.000 0.000 0.000 0.000 0.000 0.000 0.000 0.000 0.000 0.000 0.002 0.003 0.005 0.007 0.009 0.012 0.015 0.018 0.021 0.024 0.027 0.029 0.027 0.026 0.024 0.023 0.022 0.021 0.018 0.015 0.011 0.008 0.005 0.002 0.003 0.003 0.002 0.002 0.001 0.000 0.000 0.000 0.000 0.000 0.000 0.000 0.000 0.000 0.000 0.000 0.000 0.000 0.000 0.000 0.000 0.000
0.000 0.000 0.000 0.000 0.000 0.000 0.000 0.000 0.000 0.000 0.000 0.000 0.000 0.000 0.000 0.000 0.000 0.000 0.000 0.000 0.000 0.000 0.000 0.000 0.000 0.000 0.000 0.000 0.000 0.000 0.000 0.003 0.005 0.007 0.010 0.013 0.017 0.019 0.022 0.025 0.027 0.030 0.031 0.030 0.029 0.029 0.028 0.027 0.026 0.022 0.019 0.016 0.013 0.011 0.008 0.008 0.007 0.005 0.004 0.002 0.000 0.000 0.000 0.000 0.000 0.000 0.000 0.000 0.000 0.000 0.000 0.000 0.000 0.000 0.000 0.000 0.000
0.000 0.000 0.000 0.000 0.000 0.000 0.000 0.000 0.000 0.000 0.000 0.000 0.000 0.000 0.000 0.000 0.000 0.000 0.000 0.000 0.000 0.000 0.000 0.000 0.000 0.000 0.000 0.000 0.000 0.000 0.000 0.003 0.006 0.010 0.013 0.017 0.021 0.024 0.026 0.029 0.031 0.033 0.035 0.034 0.033 0.032 0.031 0.030 0.029 0.027 0.024 0.021 0.019 0.017 0.015 0.013 0.011 0.009 0.006 0.003 0.000 0.000 0.000 0.000 0.000 0.000 0.000 0.000 0.000 0.000 0.000 0.000 0.000 0.000 0.000 0.000 0.000
0.000 0.000 0.000 0.000 0.000 0.000 0.000 0.000 0.000 0.000 0.000 0.000 0.000 0.000 0.000 0.000 0.000 0.000 0.000 0.000 0.000 0.000 0.000 0.000 0.000 0.000 0.000 0.000 0.000 0.000 0.000 0.005 0.010 0.015 0.019 0.023 0.028 0.030 0.032 0.034 0.036 0.037 0.039 0.038 0.037 0.036 0.035 0.034 0.033 0.031 0.028 0.026 0.024 0.023 0.021 0.019 0.016 0.012 0.009 0.005 0.001 0.000 0.001 0.001 0.002 0.003 0.003 0.003 0.003 0.003 0.002 0.001 0.000 0.000 0.000 0.000 0.000
0.000 0.000 0.000 0.000 0.000 0.000 0.000 0.000 0.000 0.000 0.000 0.000 0.000 0.000 0.000 0.000 0.000 0.000 0.000 0.000 0.000 0.000 0.000 0.000 0.000 0.000 0.002 0.003 0.005 0.008 0.011 0.015 0.019 0.023 0.027 0.031 0.034 0.036 0.038 0.039 0.041 0.042 0.042 0.042 0.041 0.040 0.039 0.037 0.036 0.034 0.033 0.031 0.030 0.028 0.027 0.024 0.021 0.017 0.014 0.011 0.008 0.007 0.008 0.008 0.008 0.008 0.008 0.007 0.007 0.005 0.004 0.003 0.001 0.000 0.000 0.000 0.000
0.000 0.000 0.000 0.000 0.000 0.000 0.000 0.000 0.000 0.000 0.000 0.000 0.000 0.000 0.000 0.000 0.000 0.000 0.000 0.000 0.000 0.000 0.000 0.000 0.000 0.002 0.004 0.008 0.011 0.016 0.021 0.025 0.028 0.032 0.035 0.038 0.041 0.043 0.044 0.045 0.046 0.046 0.046 0.046 0.045 0.043 0.042 0.041 0.040 0.039 0.037 0.036 0.035 0.034 0.033 0.030 0.027 0.024 0.021 0.019 0.016 0.015 0.015 0.015 0.014 0.014 0.013 0.012 0.010 0.008 0.006 0.004 0.002 0.000 0.000 0.000 0.000
0.000 0.000 0.000 0.000 0.000 0.000 0.000 0.000 0.000 0.000 0.000 0.000 0.000 0.000 0.000 0.000 0.000 0.000 0.000 0.000 0.000 0.000 0.000 0.000 0.000 0.002 0.007 0.012 0.017 0.023 0.030 0.035 0.038 0.041 0.044 0.046 0.048 0.050 0.050 0.051 0.051 0.051 0.051 0.050 0.049 0.048 0.047 0.046 0.045 0.044 0.043 0.042 0.040 0.039 0.038 0.036 0.034 0.031 0.029 0.026 0.024 0.023 0.022 0.022 0.021 0.020 0.018 0.017 0.014 0.012 0.009 0.006 0.003 0.002 0.003 0.004 0.006
0.000 0.000 0.000 0.000 0.000 0.000 0.000 0.000 0.000 0.000 0.000 0.000 0.000 0.000 0.000 0.000 0.000 0.000 0.000 0.000 0.000 0.000 0.000 0.000 0.000 0.002 0.008 0.015 0.022 0.030 0.039 0.045 0.048 0.050 0.051 0.053 0.054 0.055 0.055 0.055 0.055 0.055 0.055 0.055 0.054 0.053 0.052 0.051 0.050 0.049 0.048 0.047 0.046 0.044 0.043 0.042 0.040 0.038 0.036 0.034 0.032 0.031 0.030 0.029 0.027 0.026 0.025 0.023 0.021 0.019 0.017 0.015 0.013 0.012 0.013 0.014 0.015
0.000 0.000 0.000 0.000 0.000 0.000 0.000 0.000 0.000 0.000 0.000 0.000 0.000 0.000 0.000 0.000 0.000 0.000 0.000 0.000 0.000 0.000 0.000 0.000 0.000 0.002 0.010 0.018 0.026 0.034 0.042 0.050 0.051 0.052 0.054 0.055 0.057 0.058 0.058 0.058 0.059 0.059 0.059 0.059 0.058 0.058 0.057 0.056 0.055 0.055 0.053 0.052 0.051 0.050 0.049 0.047 0.046 0.044 0.043 0.042 0.041 0.041 0.040 0.039 0.038 0.037 0.036 0.034 0.032 0.030 0.028 0.026 0.024 0.022 0.023 0.024 0.025
0.000 0.000 0.000 0.000 0.000 0.000 0.000 0.000 0.000 0.000 0.000 0.000 0.000 0.000 0.000 0.000 0.000 0.000 0.000 0.000 0.000 0.000 0.000 0.000 0.000 0.000 0.009 0.017 0.026 0.035 0.043 0.052 0.054 0.055 0.057 0.058 0.060 0.062 0.062 0.062 0.062 0.063 0.063 0.064 0.063 0.062 0.062 0.061 0.060 0.060 0.059 0.058 0.057 0.056 0.056 0.055 0.054 0.054 0.053 0.053 0.052 0.052 0.051 0.050 0.049 0.048 0.047 0.045 0.043 0.041 0.039 0.037 0.035 0.033 0.033 0.034 0.035
0.000 0.000 0.000 0.000 0.000 0.000 0.000 0.000 0.000 0.000 0.000 0.000 0.000 0.000 0.000 0.000 0.000 0.000 0.000 0.000 0.000 0.000 0.000 0.000 0.000 0.000 0.008 0.017 0.026 0.035 0.044 0.054 0.056 0.058 0.059 0.061 0.063 0.065 0.065 0.066 0.066 0.067 0.067 0.068 0.067 0.067 0.066 0.066 0.066 0.065 0.065 0.064 0.064 0.064 0.064 0.064 0.064 0.064 0.064 0.063 0.063 0.063 0.062 0.061 0.060 0.059 0.058 0.056 0.054 0.052 0.050 0.048 0.046 0.043 0.043 0.044 0.048
0.000 0.000 0.000 0.000 0.000 0.000 0.000 0.000 0.000 0.000 0.000 0.000 0.000 0.000 0.000 0.000 0.000 0.000 0.000 0.000 0.000 0.000 0.000 0.000 0.000 0.000 0.007 0.016 0.026 0.035 0.045 0.055 0.058 0.060 0.062 0.064 0.066 0.068 0.068 0.068 0.069 0.069 0.070 0.070 0.070 0.070 0.070 0.070 0.070 0.071 0.071 0.071 0.071 0.072 0.073 0.073 0.074 0.074 0.074 0.074 0.074 0.074 0.074 0.073 0.071 0.070 0.069 0.067 0.065 0.066 0.067 0.070 0.072 0.075 0.080 0.087 0.093
0.000 0.000 0.000 0.000 0.000 0.000 0.000 0.000 0.000 0.000 0.000 0.000 0.000 0.000 0.000 0.000 0.000 0.000 0.000 0.000 0.000 0.000 0.000 0.000 0.000 0.000 0.006 0.016 0.025 0.035 0.045 0.055 0.060 0.061 0.063 0.064 0.066 0.068 0.069 0.070 0.070 0.071 0.072 0.073 0.073 0.073 0.074 0.075 0.075 0.076 0.077 0.078 0.079 0.080 0.081 0.082 0.083 0.083 0.084 0.084 0.085 0.085 0.086 0.087 0.088 0.090 0.092 0.095 0.098 0.101 0.104 0.108 0.112 0.117 0.123 0.130 0.138
0.000 0.000 0.000 0.000 0.000 0.000 0.000 0.000 0.000 0.000 0.000 0.000 0.000 0.000 0.000 0.000 0.000 0.000 0.000 0.000 0.000 0.000 0.000 0.000 0.000 0.000 0.005 0.014 0.024 0.034 0.043 0.053 0.059 0.061 0.063 0.064 0.066 0.068 0.070 0.071 0.072 0.073 0.074 0.075 0.076 0.077 0.078 0.079 0.080 0.081 0.083 0.084 0.085 0.087 0.089 0.091 0.092 0.093 0.095 0.097 0.100 0.103 0.107 0.109 0.112 0.116 0.120 0.125 0.130 0.135 0.140 0.145 0.151 0.158 0.165 0.174 0.183
0.000 0.000 0.000 0.000 0.000 0.000 0.000 0.000 0.000 0.000 0.000 0.000 0.000 0.000 0.000 0.000 0.000 0.000 0.000 0.000 0.000 0.000 0.000 0.000 0.000 0.000 0.003 0.013 0.022 0.032 0.042 0.051 0.058 0.060 0.062 0.064 0.066 0.069 0.070 0.072 0.073 0.074 0.076 0.077 0.078 0.080 0.081 0.083 0.084 0.085 0.086 0.088 0.090 0.092 0.095 0.098 0.101 0.104 0.107 0.111 0.116 0.121 0.126 0.131 0.136 0.142 0.148 0.155 0.162 0.168 0.175 0.182 0.190 0.198 0.207 0.217 0.227
0.000 0.000 0.000 0.000 0.000 0.000 0.000 0.000 0.001 0.002 0.003 0.003 0.002 0.001 0.000 0.000 0.000 0.000 0.000 0.000 0.000 0.000 0.000 0.000 0.000 0.000 0.002 0.011 0.021 0.030 0.040 0.049 0.058 0.060 0.062 0.064 0.066 0.069 0.071 0.073 0.074 0.075 0.076 0.077 0.078 0.079 0.080 0.082 0.083 0.085 0.087 0.090 0.093 0.096 0.100 0.104 0.109 0.113 0.119 0.125 0.131 0.138 0.145 0.152 0.159 0.167 0.175 0.184 0.194 0.201 0.210 0.219 0.229 0.241 0.255 0.270 0.285
0.000 0.002 0.004 0.006 0.007 0.009 0.011 0.012 0.013 0.012 0.011 0.009 0.006 0.003 0.000 0.000 0.000 0.000 0.000 0.000 0.000 0.000 0.000 0.000 0.000 0.000 0.000 0.010 0.019 0.029 0.038 0.048 0.057 0.059 0.061 0.062 0.064 0.066 0.068 0.070 0.071 0.072 0.073 0.074 0.075 0.077 0.079 0.081 0.083 0.085 0.087 0.091 0.096 0.100 0.105 0.110 0.116 0.123 0.130 0.137 0.146 0.154 0.164 0.172 0.182 0.191 0.201 0.212 0.225 0.237 0.250 0.265 0.281 0.299 0.318 0.335 0.352
0.019 0.019 0.019 0.020 0.022 0.023 0.024 0.025 0.025 0.023 0.019 0.016 0.011 0.006 0.001 0.000 0.000 0.000 0.000 0.000 0.000 0.000 0.000 0.000 0.000 0.000 0.000 0.008 0.017 0.026 0.034 0.043 0.051 0.053 0.055 0.058 0.060 0.062 0.065 0.066 0.067 0.068 0.070 0.071 0.072 0.074 0.077 0.079 0.082 0.085 0.088 0.093 0.098 0.104 0.110 0.116 0.123 0.131 0.139 0.147 0.155 0.164 0.173 0.184 0.196 0.209 0.223 0.239 0.256 0.273 0.291 0.311 0.332 0.355 0.379 0.399 0.419
0.038 0.037 0.035 0.035 0.036 0.037 0.037 0.037 0.038 0.034 0.029 0.023 0.016 0.010 0.002 0.000 0.000 0.000 0.000 0.000 0.000 0.000 0.000 0.000 0.000 0.000 0.000 0.006 0.014 0.022 0.030 0.037 0.044 0.048 0.050 0.053 0.055 0.058 0.061 0.063 0.064 0.065 0.067 0.068 0.069 0.072 0.075 0.078 0.081 0.085 0.088 0.093 0.098 0.104 0.109 0.114 0.120 0.127 0.136 0.146 0.156 0.166 0.177 0.191 0.207 0.225 0.244 0.264 0.285 0.307 0.331 0.355 0.382 0.409 0.439 0.463 0.485
0.059 0.056 0.052 0.050 0.051 0.051 0.051 0.051 0.050 0.046 0.039 0.031 0.022 0.013 0.004 0.000 0.000 0.000 0.000 0.000 0.000 0.000 0.000 0.000 0.000 0.000 0.000 0.004 0.012 0.019 0.025 0.032 0.038 0.042 0.045 0.048 0.051 0.054 0.057 0.059 0.061 0.062 0.064 0.065 0.066 0.069 0.071 0.074 0.077 0.080 0.082 0.086 0.092 0.097 0.103 0.108 0.114 0.122 0.133 0.144 0.156 0.168 0.180 0.197 0.218 0.240 0.263 0.288 0.313 0.340 0.369 0.399 0.430 0.463 0.497 0.526 0.548
0.080 0.075 0.069 0.066 0.066 0.066 0.066 0.064 0.062 0.057 0.048 0.038 0.028 0.017 0.006 0.000 0.000 0.000 0.000 0.000 0.000 0.000 0.000 0.000 0.000 0.000 0.000 0.003 0.009 0.015 0.021 0.027 0.032 0.036 0.039 0.043 0.046 0.049 0.053 0.055 0.057 0.058 0.059 0.060 0.061 0.063 0.066 0.068 0.071 0.073 0.076 0.080 0.085 0.091 0.096 0.102 0.107 0.116 0.128 0.141 0.155 0.169 0.183 0.202 0.228 0.254 0.281 0.310 0.340 0.369 0.397 0.426 0.456 0.487 0.520 0.547 0.567
0.106 0.101 0.096 0.092 0.090 0.088 0.084 0.080 0.075 0.068 0.057 0.046 0.034 0.022 0.009 0.000 0.000 0.000 0.000 0.000 0.000 0.000 0.000 0.000 0.000 0.000 0.000 0.002 0.007 0.012 0.017 0.021 0.026 0.029 0.033 0.036 0.040 0.044 0.048 0.051 0.052 0.053 0.054 0.055 0.056 0.058 0.060 0.063 0.065 0.067 0.070 0.073 0.079 0.084 0.090 0.095 0.101 0.110 0.124 0.139 0.154 0.170 0.184 0.201 0.226 0.252 0.278 0.305 0.332 0.360 0.392 0.425 0.459 0.495 0.531 0.564 0.586
0.139 0.133 0.127 0.121 0.116 0.110 0.104 0.097 0.089 0.079 0.067 0.054 0.041 0.027 0.012 0.000 0.000 0.000 0.000 0.000 0.000 0.000 0.000 0.000 0.000 0.000 0.000 0.001 0.005 0.009 0.013 0.016 0.019 0.022 0.026 0.030 0.034 0.038 0.042 0.046 0.047 0.048 0.049 0.050 0.052 0.053 0.055 0.057 0.059 0.062 0.064 0.066 0.072 0.078 0.083 0.089 0.094 0.100 0.114 0.127 0.140 0.153 0.166 0.181 0.208 0.235 0.263 0.291 0.320 0.350 0.386 0.423 0.461 0.501 0.542 0.580 0.604
0.173 0.166 0.158 0.150 0.143 0.134 0.125 0.114 0.103 0.091 0.077 0.063 0.048 0.032 0.016 0.000 0.000 0.000 0.000 0.000 0.000 0.000 0.000 0.000 0.000 0.000 0.000 0.000 0.003 0.006 0.008 0.011 0.012 0.014 0.018 0.023 0.027 0.032 0.037 0.042 0.043 0.044 0.045 0.046 0.047 0.048 0.050 0.052 0.054 0.056 0.057 0.059 0.064 0.068 0.073 0.077 0.081 0.086 0.098 0.111 0.123 0.135 0.147 0.160 0.188 0.217 0.247 0.277 0.307 0.339 0.379 0.420 0.462 0.506 0.551 0.595 0.621
0.206 0.198 0.190 0.181 0.170 0.159 0.146 0.133 0.116 0.097 0.079 0.061 0.045 0.030 0.015 0.002 0.000 0.000 0.000 0.000 0.000 0.000 0.000 0.000 0.000 0.000 0.000 0.000 0.002 0.003 0.005 0.006 0.006 0.007 0.011 0.016 0.021 0.026 0.031 0.037 0.038 0.040 0.041 0.043 0.044 0.044 0.046 0.047 0.048 0.049 0.050 0.051 0.055 0.059 0.062 0.066 0.069 0.073 0.084 0.095 0.107 0.118 0.129 0.140 0.169 0.199 0.231 0.262 0.294 0.327 0.370 0.416 0.462 0.508 0.552 0.597 0.620
0.240 0.227 0.209 0.192 0.173 0.153 0.134 0.115 0.096 0.078 0.062 0.048 0.035 0.023 0.012 0.003 0.000 0.000 0.000 0.000 0.000 0.000 0.000 0.000 0.000 0.000 0.000 0.000 0.001 0.001 0.001 0.001 0.001 0.000 0.005 0.011 0.018 0.024 0.031 0.039 0.041 0.042 0.042 0.043 0.042 0.042 0.042 0.043 0.043 0.044 0.044 0.043 0.046 0.049 0.052 0.055 0.058 0.060 0.069 0.080 0.091 0.101 0.111 0.121 0.149 0.181 0.213 0.245 0.277 0.308 0.350 0.394 0.438 0.483 0.528 0.573 0.600
0.226 0.207 0.188 0.169 0.150 0.131 0.112 0.094 0.076 0.058 0.044 0.033 0.024 0.016 0.009 0.002 0.000 0.000 0.000 0.000 0.000 0.000 0.000 0.000 0.000 0.000 0.000 0.000 0.000 0.000 0.000 0.000 0.000 0.000 0.004 0.011 0.019 0.026 0.034 0.042 0.045 0.044 0.044 0.043 0.041 0.040 0.039 0.039 0.039 0.038 0.037 0.036 0.038 0.040 0.042 0.044 0.046 0.048 0.055 0.065 0.075 0.085 0.095 0.104 0.128 0.159 0.191 0.222 0.252 0.282 0.322 0.367 0.412 0.458 0.503 0.549 0.580
0.209 0.189 0.168 0.147 0.126 0.108 0.091 0.073 0.055 0.038 0.025 0.018 0.012 0.007 0.004 0.001 0.000 0.000 0.000 0.000 0.000 0.000 0.000 0.000 0.000 0.000 0.000 0.000 0.000 0.000 0.000 0.000 0.000 0.000 0.003 0.011 0.019 0.027 0.036 0.045 0.049 0.047 0.045 0.043 0.041 0.038 0.036 0.035 0.034 0.033 0.031 0.029 0.030 0.033 0.035 0.036 0.037 0.038 0.043 0.052 0.061 0.070 0.079 0.088 0.108 0.138 0.168 0.198 0.228 0.257 0.295 0.340 0.386 0.432 0.478 0.524 0.559
0.192 0.170 0.148 0.125 0.103 0.086 0.068 0.051 0.035 0.018 0.004 0.001 0.000 0.000 0.000 0.000 0.000 0.000 0.000 0.000 0.000 0.000 0.000 0.000 0.000 0.000 0.000 0.000 0.000 0.000 0.000 0.000 0.000 0.000 0.003 0.011 0.020 0.029 0.038 0.047 0.053 0.050 0.047 0.044 0.040 0.038 0.037 0.037 0.036 0.035 0.034 0.032 0.031 0.031 0.032 0.031 0.030 0.029 0.031 0.039 0.048 0.056 0.064 0.072 0.088 0.117 0.146 0.175 0.204 0.232 0.267 0.313 0.360 0.406 0.453 0.500 0.538
0.176 0.153 0.129 0.104 0.080 0.064 0.049 0.035 0.022 0.010 0.000 0.000 0.000 0.000 0.000 0.000 0.000 0.000 0.000 0.000 0.000 0.000 0.000 0.000 0.000 0.000 0.000 0.000 0.000 0.000 0.000 0.000 0.000 0.000 0.001 0.011 0.020 0.030 0.042 0.054 0.064 0.062 0.060 0.057 0.054 0.051 0.048 0.047 0.044 0.042 0.039 0.035 0.032 0.031 0.029 0.027 0.024 0.020 0.019 0.027 0.034 0.042 0.049 0.056 0.068 0.096 0.124 0.152 0.180 0.207 0.240 0.290 0.339 0.388 0.435 0.481 0.520
0.156 0.131 0.108 0.086 0.064 0.051 0.039 0.028 0.018 0.009 0.000 0.000 0.000 0.000 0.000 0.000 0.000 0.000 0.000 0.000 0.000 0.000 0.000 0.000 0.000 0.000 0.000 0.000 0.000 0.000 0.000 0.001 0.003 0.005 0.008 0.020 0.032 0.045 0.057 0.070 0.083 0.080 0.077 0.073 0.069 0.065 0.060 0.057 0.053 0.049 0.044 0.039 0.034 0.031 0.027 0.022 0.018 0.012 0.007 0.014 0.021 0.028 0.034 0.042 0.054 0.085 0.116 0.147 0.178 0.209 0.241 0.288 0.334 0.379 0.423 0.466 0.504
0.126 0.106 0.086 0.067 0.049 0.038 0.029 0.021 0.013 0.007 0.001 0.000 0.000 0.000 0.000 0.000 0.000 0.000 0.000 0.000 0.000 0.000 0.000 0.000 0.000 0.000 0.000 0.000 0.000 0.002 0.004 0.008 0.012 0.016 0.021 0.033 0.046 0.060 0.073 0.087 0.101 0.099 0.094 0.089 0.084 0.079 0.073 0.068 0.062 0.057 0.050 0.043 0.036 0.031 0.025 0.019 0.014 0.011 0.007 0.016 0.026 0.036 0.045 0.054 0.063 0.093 0.123 0.153 0.184 0.213 0.243 0.286 0.329 0.371 0.411 0.451 0.489
