DATA/SHG/CPC/2018/20180106.asc
ncols        190
nrows        64
xllcorner    -5100000.000000000000
yllcorner    4130000.000000000000
cellsize     10000.000000000000
NODATA_value  -99999.000
[rows 0 to 33 of 64, columns 77 to 153 of 190]
1.849 1.938 2.050 2.166 2.284 2.405 2.530 2.653 2.767 2.886 3.011 3.140 3.274 3.384 3.409 3.436 3.465 3.494 3.523 3.517 3.387 3.257 3.113 2.967 2.821 2.663 2.471 2.279 2.088 1.898 1.708 1.527 1.373 1.218 1.064 0.911 0.757 0.623 0.547 0.472 0.397 0.322 0.248 0.185 0.160 0.136 0.111 0.086 0.061 0.040 0.033 0.025 0.018 0.011 0.005 0.000 0.000 0.000 0.000 0.000 0.000 0.000 0.000 0.000 0.000 0.000 0.000 0.000 0.000 0.000 0.000 0.000 0.000 0.000 0.000 0.000 0.000
1.736 1.826 1.949 2.076 2.205 2.338 2.474 2.611 2.743 2.880 3.022 3.168 3.320 3.461 3.475 3.490 3.506 3.523 3.542 3.544 3.397 3.250 3.102 2.955 2.806 2.653 2.464 2.275 2.087 1.900 1.713 1.531 1.377 1.224 1.071 0.918 0.766 0.623 0.549 0.474 0.399 0.325 0.251 0.183 0.158 0.133 0.108 0.083 0.058 0.035 0.029 0.023 0.016 0.010 0.005 0.000 0.000 0.000 0.000 0.000 0.000 0.000 0.000 0.000 0.000 0.000 0.000 0.000 0.000 0.000 0.000 0.000 0.000 0.000 0.000 0.000 0.000
1.623 1.711 1.845 1.983 2.124 2.268 2.414 2.552 2.687 2.826 2.968 3.114 3.263 3.415 3.433 3.451 3.470 3.491 3.513 3.535 3.390 3.241 3.092 2.942 2.793 2.642 2.456 2.270 2.085 1.901 1.717 1.534 1.381 1.229 1.077 0.926 0.775 0.624 0.550 0.476 0.402 0.328 0.254 0.181 0.157 0.133 0.108 0.082 0.056 0.029 0.024 0.018 0.013 0.009 0.004 0.000 0.000 0.000 0.000 0.000 0.000 0.000 0.000 0.000 0.000 0.000 0.000 0.000 0.000 0.000 0.000 0.000 0.000 0.000 0.000 0.000 0.000
1.501 1.578 1.709 1.847 1.986 2.127 2.270 2.416 2.563 2.714 2.868 3.025 3.186 3.350 3.390 3.411 3.434 3.457 3.483 3.508 3.384 3.233 3.082 2.931 2.779 2.627 2.448 2.265 2.083 1.901 1.720 1.540 1.385 1.234 1.084 0.932 0.783 0.636 0.555 0.484 0.412 0.341 0.270 0.200 0.169 0.141 0.113 0.084 0.055 0.024 0.018 0.014 0.010 0.006 0.003 0.000 0.000 0.000 0.000 0.000 0.000 0.000 0.000 0.000 0.000 0.000 0.000 0.000 0.000 0.000 0.000 0.000 0.000 0.000 0.000 0.001 0.002
1.337 1.408 1.537 1.681 1.827 1.975 2.126 2.278 2.436 2.599 2.765 2.934 3.106 3.282 3.346 3.371 3.396 3.423 3.452 3.481 3.378 3.226 3.073 2.920 2.766 2.613 2.429 2.238 2.050 1.866 1.685 1.507 1.352 1.206 1.064 0.924 0.786 0.652 0.567 0.497 0.427 0.358 0.289 0.220 0.181 0.151 0.119 0.087 0.055 0.021 0.011 0.009 0.006 0.004 0.002 0.000 0.000 0.000 0.000 0.000 0.000 0.000 0.000 0.000 0.000 0.000 0.000 0.000 0.000 0.001 0.003 0.005 0.007 0.010 0.012 0.015 0.018
1.174 1.240 1.362 1.514 1.667 1.822 1.979 2.138 2.306 2.481 2.658 2.839 3.024 3.212 3.301 3.329 3.358 3.368 3.374 3.381 3.279 3.110 2.944 2.783 2.624 2.469 2.300 2.124 1.950 1.780 1.613 1.449 1.303 1.170 1.040 0.912 0.787 0.665 0.579 0.510 0.442 0.374 0.307 0.239 0.195 0.161 0.126 0.091 0.055 0.018 0.005 0.003 0.002 0.001 0.000 0.000 0.000 0.000 0.000 0.000 0.000 0.000 0.000 0.000 0.000 0.000 0.000 0.000 0.002 0.005 0.008 0.012 0.016 0.021 0.026 0.030 0.034
1.012 1.074 1.186 1.345 1.505 1.667 1.831 1.997 2.173 2.359 2.536 2.706 2.872 3.034 3.115 3.113 3.111 3.113 3.118 3.123 3.050 2.897 2.747 2.601 2.458 2.319 2.169 2.006 1.846 1.690 1.537 1.387 1.252 1.131 1.013 0.898 0.786 0.676 0.590 0.523 0.456 0.390 0.324 0.259 0.209 0.172 0.134 0.096 0.056 0.017 0.000 0.000 0.000 0.000 0.000 0.000 0.000 0.000 0.000 0.000 0.000 0.000 0.000 0.000 0.000 0.000 0.000 0.000 0.003 0.008 0.013 0.019 0.026 0.032 0.038 0.044 0.050
0.852 0.909 1.009 1.179 1.347 1.512 1.674 1.834 1.996 2.160 2.320 2.475 2.626 2.773 2.864 2.861 2.858 2.858 2.862 2.866 2.818 2.680 2.546 2.416 2.289 2.165 2.034 1.885 1.740 1.597 1.458 1.322 1.198 1.090 0.984 0.881 0.781 0.683 0.600 0.533 0.462 0.393 0.324 0.255 0.199 0.161 0.123 0.087 0.052 0.018 0.000 0.000 0.000 0.000 0.000 0.000 0.000 0.000 0.000 0.000 0.000 0.000 0.000 0.000 0.000 0.000 0.000 0.000 0.003 0.010 0.018 0.026 0.034 0.043 0.051 0.058 0.065
0.738 0.798 0.885 1.046 1.205 1.361 1.514 1.665 1.814 1.963 2.108 2.248 2.385 2.517 2.614 2.610 2.605 2.605 2.607 2.610 2.582 2.460 2.342 2.227 2.116 2.008 1.895 1.761 1.629 1.501 1.374 1.247 1.128 1.026 0.927 0.830 0.737 0.646 0.563 0.494 0.427 0.360 0.294 0.228 0.172 0.139 0.107 0.076 0.047 0.018 0.000 0.000 0.000 0.000 0.000 0.000 0.000 0.000 0.000 0.000 0.000 0.000 0.000 0.000 0.000 0.000 0.000 0.000 0.003 0.012 0.022 0.034 0.046 0.059 0.071 0.084 0.098
0.643 0.697 0.764 0.916 1.065 1.212 1.356 1.498 1.636 1.770 1.900 2.026 2.147 2.264 2.365 2.359 2.354 2.352 2.353 2.354 2.343 2.237 2.133 2.031 1.931 1.832 1.731 1.605 1.482 1.361 1.244 1.129 1.019 0.929 0.842 0.757 0.675 0.596 0.521 0.456 0.391 0.327 0.263 0.200 0.144 0.116 0.090 0.064 0.040 0.017 0.000 0.000 0.000 0.000 0.000 0.000 0.000 0.000 0.000 0.000 0.000 0.000 0.002 0.004 0.006 0.008 0.011 0.013 0.019 0.031 0.045 0.058 0.072 0.086 0.102 0.121 0.141
0.550 0.597 0.645 0.788 0.928 1.066 1.201 1.333 1.463 1.582 1.697 1.808 1.914 2.018 2.121 2.119 2.115 2.113 2.114 2.114 2.113 2.016 1.919 1.824 1.731 1.639 1.549 1.435 1.324 1.216 1.110 1.008 0.908 0.830 0.754 0.682 0.611 0.544 0.479 0.416 0.354 0.293 0.232 0.172 0.115 0.093 0.071 0.051 0.032 0.015 0.000 0.000 0.000 0.000 0.000 0.000 0.000 0.002 0.004 0.007 0.011 0.015 0.020 0.022 0.025 0.028 0.031 0.033 0.038 0.053 0.067 0.082 0.098 0.113 0.131 0.156 0.182
0.458 0.500 0.540 0.663 0.794 0.922 1.052 1.181 1.305 1.415 1.520 1.620 1.716 1.807 1.894 1.900 1.891 1.885 1.882 1.878 1.872 1.793 1.704 1.616 1.529 1.445 1.362 1.262 1.164 1.068 0.974 0.884 0.796 0.728 0.664 0.603 0.545 0.489 0.436 0.376 0.317 0.258 0.200 0.143 0.087 0.070 0.054 0.040 0.026 0.013 0.000 0.000 0.000 0.000 0.000 0.000 0.000 0.005 0.010 0.016 0.023 0.030 0.038 0.041 0.044 0.047 0.050 0.054 0.058 0.074 0.090 0.106 0.123 0.140 0.159 0.190 0.222
0.386 0.433 0.480 0.590 0.716 0.838 0.955 1.067 1.175 1.271 1.360 1.444 1.524 1.600 1.671 1.681 1.669 1.659 1.651 1.643 1.633 1.569 1.486 1.406 1.326 1.249 1.173 1.087 1.000 0.917 0.836 0.757 0.681 0.623 0.571 0.522 0.475 0.429 0.385 0.331 0.276 0.223 0.171 0.121 0.073 0.055 0.043 0.031 0.020 0.010 0.001 0.000 0.000 0.000 0.000 0.000 0.000 0.007 0.015 0.024 0.034 0.044 0.055 0.059 0.063 0.066 0.070 0.074 0.078 0.094 0.112 0.130 0.148 0.166 0.185 0.223 0.268
0.369 0.414 0.459 0.547 0.656 0.762 0.862 0.958 1.049 1.130 1.204 1.273 1.337 1.397 1.452 1.464 1.447 1.433 1.422 1.409 1.396 1.343 1.268 1.194 1.122 1.051 0.988 0.920 0.849 0.780 0.712 0.645 0.579 0.528 0.484 0.442 0.401 0.362 0.324 0.279 0.231 0.185 0.141 0.098 0.057 0.039 0.030 0.022 0.014 0.008 0.001 0.000 0.000 0.000 0.000 0.000 0.000 0.008 0.020 0.032 0.044 0.057 0.071 0.077 0.081 0.085 0.090 0.100 0.110 0.134 0.160 0.188 0.216 0.245 0.275 0.320 0.368
0.354 0.396 0.438 0.507 0.601 0.690 0.774 0.853 0.928 0.994 1.052 1.105 1.154 1.198 1.238 1.248 1.228 1.217 1.210 1.202 1.195 1.160 1.098 1.036 0.975 0.915 0.855 0.793 0.728 0.664 0.601 0.540 0.480 0.433 0.396 0.360 0.326 0.294 0.262 0.226 0.185 0.146 0.109 0.074 0.040 0.023 0.017 0.012 0.008 0.004 0.001 0.000 0.000 0.000 0.000 0.000 0.000 0.009 0.029 0.050 0.071 0.092 0.114 0.128 0.138 0.150 0.161 0.173 0.186 0.211 0.241 0.272 0.304 0.337 0.370 0.417 0.467
0.339 0.379 0.418 0.473 0.550 0.622 0.690 0.753 0.811 0.862 0.907 0.951 0.992 1.032 1.070 1.089 1.076 1.066 1.057 1.049 1.039 1.012 0.952 0.894 0.836 0.778 0.722 0.664 0.605 0.546 0.490 0.434 0.380 0.336 0.306 0.277 0.249 0.224 0.199 0.171 0.137 0.106 0.076 0.047 0.020 0.006 0.003 0.001 0.000 0.002 0.004 0.007 0.012 0.018 0.026 0.035 0.045 0.062 0.084 0.106 0.129 0.152 0.176 0.193 0.206 0.219 0.232 0.246 0.260 0.286 0.320 0.355 0.391 0.427 0.465 0.512 0.566
0.325 0.363 0.399 0.436 0.494 0.549 0.602 0.652 0.700 0.745 0.784 0.821 0.856 0.889 0.921 0.941 0.927 0.915 0.905 0.895 0.885 0.863 0.806 0.751 0.696 0.641 0.587 0.534 0.480 0.428 0.377 0.327 0.278 0.238 0.214 0.192 0.171 0.152 0.134 0.114 0.092 0.070 0.050 0.030 0.011 0.001 0.003 0.006 0.010 0.015 0.020 0.027 0.038 0.050 0.063 0.078 0.094 0.114 0.138 0.162 0.187 0.212 0.238 0.258 0.273 0.288 0.303 0.318 0.335 0.361 0.399 0.438 0.477 0.517 0.558 0.608 0.664
0.286 0.314 0.341 0.369 0.418 0.465 0.510 0.553 0.593 0.630 0.662 0.693 0.722 0.749 0.774 0.794 0.779 0.765 0.754 0.742 0.731 0.713 0.660 0.607 0.555 0.504 0.453 0.403 0.355 0.308 0.263 0.227 0.191 0.160 0.148 0.136 0.125 0.114 0.103 0.091 0.073 0.056 0.039 0.024 0.010 0.001 0.007 0.013 0.020 0.027 0.035 0.046 0.062 0.080 0.100 0.120 0.142 0.166 0.192 0.218 0.244 0.272 0.299 0.323 0.339 0.356 0.373 0.390 0.408 0.435 0.477 0.520 0.580 0.644 0.711 0.785 0.865
0.237 0.261 0.283 0.304 0.345 0.384 0.421 0.455 0.487 0.517 0.543 0.567 0.590 0.610 0.629 0.646 0.630 0.616 0.603 0.590 0.577 0.564 0.520 0.478 0.436 0.396 0.357 0.319 0.283 0.249 0.216 0.183 0.152 0.123 0.112 0.103 0.093 0.084 0.076 0.067 0.053 0.040 0.028 0.018 0.008 0.001 0.009 0.019 0.028 0.039 0.050 0.063 0.085 0.109 0.134 0.161 0.188 0.217 0.245 0.273 0.301 0.330 0.360 0.391 0.417 0.445 0.478 0.514 0.553 0.602 0.670 0.742 0.818 0.896 0.979 1.063 1.147
0.190 0.210 0.227 0.244 0.274 0.305 0.334 0.360 0.384 0.405 0.425 0.443 0.459 0.474 0.490 0.504 0.496 0.487 0.481 0.475 0.470 0.466 0.432 0.394 0.358 0.323 0.289 0.257 0.226 0.196 0.167 0.139 0.112 0.086 0.077 0.069 0.061 0.054 0.048 0.041 0.032 0.024 0.016 0.010 0.004 0.000 0.012 0.024 0.036 0.050 0.064 0.079 0.107 0.137 0.168 0.200 0.234 0.268 0.301 0.336 0.372 0.410 0.450 0.491 0.532 0.576 0.624 0.675 0.729 0.791 0.874 0.961 1.051 1.145 1.242 1.339 1.427
0.145 0.159 0.173 0.185 0.206 0.228 0.250 0.271 0.291 0.309 0.326 0.342 0.355 0.366 0.375 0.383 0.379 0.373 0.370 0.368 0.367 0.366 0.342 0.310 0.279 0.249 0.221 0.194 0.167 0.142 0.117 0.094 0.071 0.050 0.041 0.035 0.029 0.024 0.019 0.015 0.010 0.006 0.003 0.001 0.000 0.000 0.013 0.028 0.044 0.061 0.079 0.097 0.131 0.166 0.202 0.240 0.279 0.319 0.359 0.401 0.445 0.491 0.539 0.588 0.644 0.703 0.766 0.832 0.902 0.976 1.075 1.176 1.282 1.390 1.502 1.615 1.706
0.104 0.117 0.128 0.139 0.155 0.174 0.191 0.207 0.220 0.231 0.241 0.250 0.256 0.260 0.263 0.263 0.260 0.258 0.259 0.261 0.263 0.266 0.251 0.224 0.198 0.174 0.151 0.129 0.107 0.086 0.066 0.047 0.029 0.012 0.004 0.000 0.000 0.000 0.000 0.000 0.000 0.000 0.000 0.000 0.000 0.000 0.014 0.033 0.053 0.073 0.095 0.117 0.153 0.194 0.235 0.278 0.322 0.368 0.416 0.465 0.517 0.570 0.625 0.682 0.752 0.826 0.904 0.986 1.071 1.159 1.271 1.388 1.508 1.631 1.758 1.888 1.984
0.078 0.087 0.095 0.102 0.112 0.124 0.135 0.144 0.150 0.155 0.158 0.160 0.159 0.157 0.152 0.146 0.141 0.143 0.147 0.153 0.159 0.166 0.158 0.137 0.117 0.098 0.080 0.069 0.058 0.046 0.035 0.024 0.014 0.004 0.000 0.000 0.000 0.000 0.000 0.000 0.000 0.000 0.000 0.000 0.000 0.000 0.015 0.037 0.060 0.084 0.109 0.135 0.175 0.220 0.267 0.315 0.365 0.415 0.470 0.527 0.587 0.647 0.710 0.774 0.856 0.946 1.039 1.136 1.252 1.378 1.524 1.675 1.828 1.984 2.142 2.302 2.425
0.054 0.059 0.064 0.067 0.071 0.076 0.080 0.082 0.082 0.081 0.077 0.072 0.064 0.055 0.043 0.030 0.021 0.027 0.046 0.064 0.082 0.098 0.103 0.093 0.083 0.073 0.064 0.055 0.046 0.036 0.027 0.019 0.011 0.004 0.000 0.000 0.000 0.000 0.000 0.000 0.000 0.000 0.000 0.000 0.000 0.000 0.014 0.040 0.067 0.095 0.123 0.153 0.195 0.246 0.298 0.351 0.406 0.462 0.523 0.592 0.669 0.751 0.839 0.933 1.048 1.177 1.311 1.451 1.596 1.747 1.905 2.067 2.230 2.396 2.565 2.735 2.868
0.031 0.032 0.033 0.032 0.031 0.030 0.027 0.023 0.016 0.008 0.000 0.000 0.000 0.000 0.000 0.000 0.003 0.019 0.034 0.048 0.061 0.073 0.079 0.070 0.062 0.054 0.046 0.040 0.033 0.026 0.019 0.013 0.008 0.003 0.000 0.000 0.000 0.000 0.000 0.000 0.000 0.000 0.000 0.000 0.000 0.000 0.013 0.042 0.073 0.104 0.135 0.167 0.210 0.268 0.329 0.392 0.458 0.527 0.609 0.705 0.807 0.915 1.028 1.147 1.286 1.439 1.599 1.764 1.934 2.111 2.284 2.456 2.630 2.806 2.985 3.166 3.310
0.008 0.006 0.003 0.000 0.000 0.000 0.000 0.000 0.000 0.000 0.000 0.000 0.000 0.000 0.000 0.000 0.001 0.012 0.023 0.032 0.041 0.048 0.053 0.046 0.040 0.034 0.029 0.024 0.019 0.015 0.011 0.007 0.004 0.002 0.000 0.000 0.000 0.000 0.000 0.000 0.000 0.000 0.000 0.000 0.000 0.000 0.010 0.042 0.073 0.105 0.138 0.171 0.217 0.287 0.359 0.435 0.513 0.593 0.691 0.812 0.940 1.073 1.212 1.356 1.517 1.696 1.880 2.071 2.267 2.468 2.661 2.843 3.027 3.213 3.402 3.593 3.751
0.000 0.000 0.000 0.000 0.000 0.000 0.000 0.000 0.000 0.000 0.000 0.000 0.000 0.000 0.000 0.000 0.000 0.007 0.013 0.018 0.022 0.025 0.027 0.022 0.018 0.014 0.011 0.008 0.005 0.003 0.001 0.000 0.000 0.000 0.000 0.000 0.000 0.000 0.000 0.000 0.000 0.000 0.000 0.000 0.000 0.000 0.007 0.040 0.073 0.106 0.140 0.174 0.220 0.302 0.387 0.474 0.564 0.657 0.766 0.913 1.066 1.225 1.389 1.559 1.743 1.947 2.156 2.372 2.593 2.819 3.034 3.226 3.421 3.612 3.789 3.967 4.111
0.000 0.000 0.000 0.000 0.000 0.000 0.000 0.000 0.000 0.000 0.000 0.000 0.000 0.000 0.000 0.000 0.000 0.002 0.004 0.005 0.004 0.003 0.001 0.000 0.000 0.000 0.000 0.000 0.000 0.000 0.000 0.000 0.000 0.000 0.000 0.000 0.000 0.000 0.000 0.000 0.000 0.000 0.000 0.000 0.000 0.000 0.003 0.037 0.072 0.107 0.142 0.177 0.221 0.315 0.411 0.511 0.613 0.717 0.836 1.008 1.187 1.370 1.560 1.755 1.961 2.183 2.406 2.630 2.855 3.082 3.295 3.472 3.650 3.829 4.008 4.187 4.336
0.000 0.000 0.000 0.000 0.000 0.000 0.000 0.000 0.000 0.000 0.000 0.000 0.000 0.000 0.000 0.000 0.000 0.000 0.000 0.000 0.000 0.000 0.000 0.000 0.000 0.000 0.000 0.000 0.000 0.000 0.000 0.000 0.000 0.000 0.000 0.000 0.000 0.000 0.000 0.000 0.000 0.000 0.000 0.000 0.000 0.000 0.000 0.035 0.070 0.107 0.143 0.180 0.219 0.325 0.433 0.545 0.660 0.778 0.905 1.100 1.299 1.502 1.709 1.919 2.135 2.362 2.590 2.820 3.051 3.283 3.506 3.685 3.865 4.045 4.226 4.407 4.564
0.000 0.000 0.000 0.000 0.000 0.000 0.000 0.000 0.000 0.000 0.000 0.000 0.000 0.000 0.000 0.000 0.000 0.000 0.000 0.000 0.000 0.000 0.000 0.000 0.000 0.000 0.000 0.000 0.000 0.000 0.000 0.000 0.000 0.000 0.000 0.000 0.000 0.000 0.000 0.000 0.000 0.000 0.000 0.000 0.000 0.000 0.000 0.032 0.069 0.108 0.146 0.186 0.226 0.338 0.460 0.586 0.714 0.846 0.980 1.190 1.406 1.625 1.849 2.076 2.307 2.539 2.773 3.008 3.245 3.482 3.716 3.897 4.079 4.261 4.443 4.626 4.793
0.000 0.000 0.000 0.000 0.000 0.000 0.000 0.000 0.000 0.000 0.000 0.000 0.000 0.000 0.000 0.000 0.000 0.000 0.000 0.000 0.000 0.000 0.000 0.000 0.000 0.000 0.000 0.000 0.000 0.000 0.000 0.000 0.000 0.000 0.000 0.000 0.000 0.000 0.000 0.000 0.000 0.000 0.000 0.000 0.000 0.000 0.000 0.029 0.069 0.110 0.151 0.193 0.235 0.350 0.485 0.624 0.766 0.911 1.058 1.275 1.508 1.745 1.985 2.229 2.476 2.716 2.955 3.195 3.437 3.680 3.924 4.109 4.292 4.476 4.660 4.844 5.026
0.000 0.000 0.000 0.000 0.000 0.000 0.000 0.000 0.000 0.000 0.000 0.000 0.000 0.000 0.000 0.000 0.000 0.000 0.000 0.000 0.000 0.000 0.000 0.000 0.000 0.000 0.000 0.000 0.000 0.000 0.000 0.000 0.000 0.000 0.000 0.000 0.000 0.000 0.000 0.000 0.000 0.000 0.000 0.000 0.000 0.000 0.000 0.026 0.069 0.112 0.155 0.200 0.245 0.358 0.507 0.659 0.814 0.972 1.133 1.357 1.607 1.860 2.117 2.378 2.642 2.890 3.135 3.381 3.628 3.876 4.103 4.247 4.380 4.510 4.638 4.765 4.889
0.000 0.000 0.000 0.000 0.000 0.000 0.000 0.000 0.000 0.000 0.000 0.000 0.000 0.000 0.000 0.000 0.000 0.000 0.000 0.000 0.000 0.000 0.000 0.000 0.000 0.000 0.000 0.000 0.000 0.000 0.000 0.000 0.000 0.000 0.000 0.000 0.000 0.000 0.000 0.000 0.000 0.000 0.000 0.000 0.000 0.000 0.000 0.022 0.067 0.113 0.159 0.206 0.253 0.364 0.526 0.691 0.859 1.031 1.205 1.435 1.701 1.961 2.206 2.449 2.691 2.907 3.109 3.307 3.501 3.692 3.879 4.019 4.143 4.264 4.383 4.501 4.616
0.000 0.000 0.000 0.000 0.000 0.000 0.000 0.000 0.000 0.000 0.000 0.000 0.000 0.000 0.000 0.000 0.000 0.000 0.000 0.000 0.000 0.000 0.000 0.000 0.000 0.000 0.000 0.000 0.000 0.000 0.000 0.000 0.000 0.000 0.000 0.000 0.000 0.000 0.000 0.000 0.000 0.000 0.000 0.000 0.000 0.000 0.000 0.018 0.066 0.114 0.162 0.211 0.259 0.357 0.521 0.683 0.845 1.006 1.166 1.368 1.609 1.849 2.087 2.324 2.559 2.767 2.953 3.135 3.313 3.488 3.659 3.794 3.908 4.021 4.131 4.239 4.345
