DATA/SHG/CPC/2018/20180418.asc
ncols        190
nrows        64
xllcorner    -5100000.000000000000
yllcorner    4130000.000000000000
cellsize     10000.000000000000
NODATA_value  -99999.000
[rows 0 to 33 of 64, columns 0 to 76 of 190]
0.000 0.000 0.000 0.000 0.000 0.000 0.000 0.000 0.000 0.000 0.000 0.000 0.000 0.000 0.000 0.000 0.000 0.000 0.002 0.004 0.007 0.010 0.013 0.017 0.018 0.018 0.018 0.018 0.018 0.017 0.016 0.013 0.011 0.008 0.005 0.001 0.000 0.000 0.000 0.000 0.000 0.000 0.000 0.000 0.000 0.000 0.000 0.000 0.000 0.000 0.000 0.000 0.000 0.000 0.000 0.000 0.000 0.000 0.000 0.000 0.000 0.001 0.001 0.001 0.001 0.000 0.000 0.000 0.000 0.000 0.000 0.000 0.002 0.006 0.009 0.013 0.016
0.000 0.000 0.000 0.000 0.000 0.000 0.000 0.000 0.000 0.000 0.000 0.000 0.000 0.000 0.000 0.000 0.000 0.000 0.002 0.005 0.009 0.013 0.018 0.022 0.025 0.024 0.024 0.024 0.023 0.023 0.022 0.019 0.015 0.012 0.007 0.003 0.000 0.000 0.000 0.000 0.000 0.000 0.000 0.000 0.000 0.000 0.000 0.000 0.000 0.000 0.000 0.000 0.000 0.000 0.000 0.000 0.000 0.000 0.000 0.000 0.000 0.000 0.000 0.000 0.000 0.000 0.000 0.000 0.000 0.000 0.000 0.000 0.001 0.004 0.006 0.008 0.010
0.000 0.000 0.000 0.000 0.000 0.000 0.000 0.000 0.000 0.000 0.000 0.000 0.000 0.000 0.000 0.000 0.000 0.000 0.002 0.006 0.011 0.017 0.023 0.028 0.032 0.032 0.032 0.032 0.032 0.032 0.030 0.026 0.021 0.016 0.010 0.004 0.000 0.000 0.000 0.000 0.000 0.000 0.000 0.000 0.000 0.000 0.000 0.000 0.000 0.000 0.000 0.000 0.000 0.000 0.000 0.000 0.000 0.000 0.000 0.000 0.000 0.000 0.000 0.000 0.000 0.000 0.000 0.000 0.000 0.000 0.000 0.000 0.000 0.002 0.003 0.004 0.005
0.000 0.000 0.000 0.000 0.000 0.000 0.000 0.000 0.000 0.000 0.000 0.000 0.000 0.000 0.001 0.001 0.002 0.004 0.006 0.012 0.018 0.023 0.029 0.035 0.040 0.040 0.040 0.040 0.040 0.040 0.039 0.033 0.027 0.021 0.014 0.006 0.000 0.000 0.000 0.000 0.000 0.000 0.000 0.000 0.000 0.000 0.000 0.000 0.000 0.000 0.000 0.000 0.000 0.000 0.000 0.000 0.000 0.000 0.000 0.000 0.000 0.000 0.000 0.000 0.000 0.000 0.000 0.000 0.000 0.000 0.000 0.000 0.000 0.000 0.001 0.000 0.000
0.000 0.000 0.000 0.000 0.000 0.000 0.000 0.000 0.000 0.000 0.000 0.000 0.000 0.001 0.003 0.005 0.007 0.009 0.012 0.018 0.024 0.030 0.036 0.042 0.047 0.048 0.048 0.048 0.048 0.048 0.048 0.041 0.034 0.026 0.017 0.009 0.000 0.000 0.002 0.002 0.002 0.001 0.000 0.000 0.000 0.000 0.000 0.000 0.000 0.000 0.000 0.000 0.000 0.000 0.000 0.000 0.000 0.000 0.000 0.000 0.000 0.000 0.000 0.000 0.000 0.000 0.000 0.000 0.000 0.000 0.000 0.000 0.000 0.000 0.000 0.000 0.000
0.000 0.000 0.000 0.000 0.000 0.000 0.000 0.000 0.000 0.000 0.000 0.000 0.000 0.002 0.005 0.008 0.011 0.014 0.018 0.024 0.030 0.036 0.042 0.049 0.055 0.055 0.056 0.056 0.056 0.056 0.057 0.050 0.043 0.035 0.028 0.021 0.015 0.013 0.012 0.011 0.008 0.005 0.001 0.000 0.000 0.000 0.000 0.000 0.000 0.000 0.000 0.000 0.000 0.000 0.000 0.000 0.000 0.000 0.000 0.000 0.000 0.000 0.000 0.000 0.000 0.000 0.000 0.000 0.000 0.000 0.000 0.000 0.000 0.000 0.000 0.000 0.000
0.000 0.000 0.000 0.000 0.000 0.000 0.000 0.000 0.000 0.000 0.000 0.000 0.000 0.003 0.006 0.010 0.015 0.019 0.024 0.030 0.036 0.042 0.049 0.055 0.062 0.064 0.065 0.066 0.067 0.068 0.069 0.064 0.057 0.050 0.044 0.038 0.031 0.028 0.024 0.019 0.014 0.009 0.002 0.000 0.000 0.000 0.000 0.000 0.000 0.000 0.000 0.000 0.000 0.000 0.000 0.000 0.000 0.000 0.000 0.000 0.000 0.000 0.000 0.000 0.000 0.000 0.000 0.000 0.000 0.000 0.000 0.000 0.000 0.000 0.000 0.000 0.000
0.000 0.000 0.000 0.000 0.000 0.000 0.000 0.000 0.000 0.000 0.000 0.000 0.000 0.003 0.008 0.013 0.018 0.024 0.030 0.037 0.043 0.050 0.057 0.064 0.071 0.075 0.076 0.077 0.078 0.079 0.081 0.078 0.071 0.065 0.059 0.053 0.048 0.042 0.036 0.029 0.022 0.013 0.004 0.000 0.000 0.000 0.000 0.000 0.000 0.000 0.000 0.000 0.000 0.000 0.000 0.000 0.000 0.000 0.000 0.000 0.000 0.000 0.000 0.000 0.000 0.000 0.000 0.000 0.000 0.000 0.000 0.000 0.000 0.000 0.000 0.000 0.000
0.000 0.000 0.000 0.000 0.000 0.000 0.000 0.000 0.000 0.000 0.000 0.000 0.000 0.003 0.009 0.015 0.022 0.029 0.037 0.044 0.051 0.058 0.065 0.073 0.080 0.085 0.086 0.088 0.089 0.091 0.093 0.091 0.085 0.080 0.074 0.069 0.064 0.058 0.049 0.040 0.029 0.020 0.010 0.004 0.005 0.005 0.004 0.003 0.001 0.000 0.000 0.000 0.000 0.000 0.000 0.000 0.000 0.000 0.000 0.000 0.000 0.000 0.000 0.000 0.000 0.000 0.000 0.000 0.000 0.000 0.000 0.000 0.000 0.000 0.000 0.000 0.000
0.000 0.000 0.000 0.000 0.000 0.000 0.000 0.000 0.000 0.000 0.000 0.000 0.000 0.003 0.010 0.018 0.026 0.034 0.043 0.051 0.058 0.066 0.074 0.081 0.089 0.095 0.097 0.099 0.100 0.102 0.104 0.104 0.099 0.094 0.089 0.083 0.078 0.071 0.061 0.051 0.042 0.032 0.022 0.015 0.014 0.012 0.009 0.006 0.003 0.000 0.000 0.000 0.000 0.000 0.000 0.000 0.000 0.000 0.000 0.000 0.000 0.000 0.000 0.000 0.000 0.000 0.000 0.000 0.000 0.000 0.000 0.000 0.000 0.000 0.000 0.000 0.000
0.000 0.000 0.000 0.000 0.000 0.000 0.000 0.000 0.000 0.000 0.000 0.000 0.000 0.002 0.011 0.019 0.029 0.038 0.048 0.058 0.066 0.074 0.082 0.090 0.098 0.105 0.107 0.109 0.112 0.114 0.117 0.118 0.112 0.107 0.101 0.095 0.089 0.083 0.073 0.063 0.054 0.044 0.035 0.026 0.023 0.019 0.015 0.010 0.005 0.000 0.000 0.000 0.000 0.000 0.000 0.000 0.000 0.000 0.000 0.000 0.000 0.000 0.000 0.000 0.000 0.000 0.000 0.000 0.000 0.000 0.000 0.000 0.000 0.000 0.000 0.000 0.000
0.000 0.000 0.000 0.000 0.000 0.000 0.000 0.000 0.000 0.000 0.000 0.000 0.000 0.001 0.011 0.021 0.031 0.042 0.054 0.065 0.073 0.082 0.090 0.099 0.108 0.117 0.119 0.122 0.124 0.126 0.129 0.131 0.125 0.119 0.113 0.107 0.101 0.094 0.084 0.075 0.066 0.056 0.047 0.038 0.033 0.027 0.021 0.015 0.008 0.000 0.000 0.000 0.001 0.001 0.001 0.000 0.000 0.000 0.000 0.000 0.000 0.000 0.000 0.000 0.000 0.000 0.000 0.000 0.000 0.000 0.000 0.000 0.000 0.000 0.000 0.000 0.000
0.000 0.000 0.000 0.000 0.000 0.000 0.000 0.000 0.000 0.000 0.000 0.000 0.001 0.002 0.013 0.024 0.036 0.048 0.060 0.072 0.081 0.090 0.099 0.109 0.118 0.128 0.131 0.134 0.136 0.139 0.141 0.144 0.139 0.132 0.126 0.119 0.112 0.105 0.096 0.087 0.078 0.068 0.059 0.050 0.044 0.038 0.032 0.025 0.017 0.009 0.007 0.007 0.006 0.004 0.003 0.000 0.000 0.000 0.000 0.000 0.000 0.000 0.000 0.000 0.000 0.000 0.000 0.000 0.000 0.000 0.000 0.000 0.000 0.000 0.000 0.000 0.000
0.000 0.000 0.000 0.000 0.000 0.000 0.000 0.000 0.000 0.001 0.002 0.004 0.006 0.008 0.018 0.030 0.042 0.054 0.067 0.079 0.089 0.099 0.108 0.118 0.128 0.138 0.143 0.145 0.148 0.151 0.154 0.156 0.152 0.145 0.138 0.131 0.124 0.119 0.114 0.107 0.100 0.092 0.083 0.074 0.066 0.058 0.049 0.040 0.030 0.020 0.015 0.013 0.011 0.008 0.005 0.001 0.000 0.000 0.000 0.000 0.000 0.000 0.000 0.000 0.000 0.000 0.000 0.000 0.000 0.000 0.000 0.000 0.000 0.000 0.000 0.000 0.000
0.000 0.000 0.000 0.000 0.000 0.000 0.000 0.000 0.001 0.003 0.005 0.008 0.011 0.014 0.023 0.035 0.048 0.060 0.073 0.086 0.097 0.107 0.117 0.128 0.138 0.149 0.155 0.157 0.160 0.163 0.169 0.176 0.177 0.173 0.169 0.165 0.161 0.156 0.149 0.141 0.131 0.121 0.111 0.099 0.089 0.079 0.068 0.056 0.044 0.031 0.024 0.020 0.016 0.012 0.007 0.002 0.000 0.000 0.000 0.000 0.000 0.000 0.000 0.000 0.000 0.000 0.000 0.000 0.000 0.000 0.000 0.000 0.000 0.000 0.000 0.000 0.000
0.000 0.000 0.000 0.000 0.000 0.000 0.000 0.000 0.001 0.004 0.008 0.011 0.015 0.019 0.028 0.040 0.053 0.066 0.079 0.092 0.104 0.115 0.126 0.138 0.151 0.165 0.176 0.182 0.190 0.197 0.206 0.215 0.218 0.214 0.209 0.204 0.199 0.193 0.186 0.175 0.163 0.151 0.138 0.125 0.112 0.100 0.086 0.073 0.058 0.043 0.032 0.028 0.022 0.017 0.011 0.005 0.002 0.002 0.002 0.002 0.002 0.001 0.000 0.000 0.000 0.000 0.000 0.000 0.000 0.000 0.000 0.000 0.000 0.000 0.000 0.000 0.000
0.000 0.000 0.000 0.000 0.000 0.000 0.000 0.000 0.001 0.005 0.010 0.014 0.019 0.024 0.032 0.046 0.060 0.073 0.087 0.100 0.114 0.127 0.141 0.156 0.172 0.189 0.203 0.212 0.221 0.231 0.242 0.253 0.260 0.254 0.249 0.243 0.237 0.231 0.222 0.209 0.196 0.182 0.167 0.151 0.136 0.121 0.106 0.090 0.074 0.057 0.044 0.038 0.033 0.027 0.020 0.014 0.009 0.008 0.007 0.006 0.004 0.002 0.000 0.000 0.000 0.000 0.000 0.000 0.000 0.000 0.000 0.000 0.000 0.000 0.000 0.000 0.000
0.000 0.000 0.000 0.000 0.000 0.000 0.000 0.000 0.001 0.007 0.013 0.020 0.027 0.034 0.042 0.056 0.069 0.083 0.096 0.109 0.123 0.139 0.156 0.174 0.192 0.211 0.229 0.240 0.252 0.264 0.277 0.291 0.301 0.295 0.289 0.282 0.275 0.268 0.260 0.244 0.229 0.214 0.198 0.181 0.163 0.147 0.130 0.113 0.094 0.076 0.058 0.052 0.045 0.038 0.031 0.023 0.016 0.014 0.012 0.009 0.006 0.003 0.000 0.000 0.000 0.000 0.000 0.000 0.000 0.000 0.000 0.000 0.000 0.000 0.000 0.000 0.000
0.000 0.000 0.000 0.000 0.001 0.002 0.003 0.005 0.007 0.014 0.021 0.028 0.036 0.044 0.052 0.066 0.079 0.092 0.105 0.119 0.132 0.151 0.170 0.190 0.211 0.233 0.255 0.268 0.282 0.297 0.312 0.327 0.343 0.336 0.329 0.322 0.316 0.310 0.304 0.288 0.271 0.252 0.233 0.214 0.193 0.175 0.155 0.136 0.115 0.094 0.073 0.065 0.057 0.049 0.041 0.032 0.023 0.020 0.017 0.013 0.009 0.005 0.000 0.000 0.000 0.000 0.000 0.000 0.000 0.000 0.000 0.000 0.000 0.000 0.000 0.000 0.000
0.000 0.000 0.000 0.001 0.003 0.005 0.007 0.009 0.012 0.019 0.027 0.036 0.045 0.054 0.063 0.076 0.089 0.102 0.115 0.128 0.141 0.161 0.183 0.206 0.230 0.254 0.279 0.295 0.310 0.326 0.342 0.359 0.376 0.372 0.367 0.362 0.358 0.354 0.350 0.333 0.313 0.292 0.270 0.247 0.224 0.203 0.181 0.159 0.137 0.114 0.090 0.079 0.070 0.061 0.052 0.042 0.032 0.027 0.022 0.017 0.012 0.007 0.001 0.000 0.000 0.000 0.000 0.000 0.000 0.000 0.000 0.000 0.000 0.000 0.000 0.000 0.000
0.000 0.000 0.000 0.002 0.004 0.007 0.010 0.014 0.017 0.025 0.034 0.043 0.053 0.063 0.073 0.086 0.099 0.111 0.124 0.137 0.151 0.173 0.198 0.223 0.248 0.274 0.300 0.319 0.336 0.353 0.370 0.388 0.407 0.408 0.405 0.402 0.399 0.397 0.395 0.378 0.355 0.332 0.307 0.282 0.255 0.231 0.208 0.184 0.159 0.133 0.107 0.094 0.084 0.075 0.064 0.053 0.041 0.034 0.028 0.022 0.015 0.009 0.002 0.000 0.000 0.000 0.000 0.000 0.000 0.000 0.000 0.000 0.000 0.000 0.000 0.000 0.000
0.000 0.000 0.000 0.002 0.006 0.009 0.013 0.018 0.022 0.030 0.040 0.051 0.061 0.071 0.081 0.093 0.106 0.121 0.135 0.151 0.166 0.188 0.214 0.240 0.267 0.294 0.321 0.342 0.360 0.379 0.398 0.417 0.437 0.444 0.442 0.441 0.440 0.439 0.440 0.425 0.399 0.372 0.345 0.317 0.290 0.265 0.241 0.216 0.190 0.162 0.133 0.114 0.103 0.091 0.078 0.064 0.050 0.040 0.033 0.026 0.019 0.011 0.003 0.000 0.000 0.000 0.000 0.000 0.000 0.000 0.000 0.000 0.000 0.000 0.000 0.000 0.000
0.000 0.000 0.000 0.002 0.006 0.011 0.016 0.020 0.025 0.033 0.043 0.053 0.063 0.074 0.084 0.097 0.113 0.129 0.146 0.163 0.181 0.203 0.230 0.257 0.285 0.313 0.341 0.365 0.385 0.405 0.425 0.446 0.467 0.479 0.479 0.479 0.480 0.484 0.489 0.480 0.454 0.428 0.400 0.372 0.343 0.314 0.286 0.256 0.226 0.194 0.161 0.136 0.122 0.108 0.092 0.077 0.060 0.047 0.039 0.031 0.023 0.014 0.005 0.000 0.000 0.000 0.000 0.000 0.000 0.000 0.000 0.000 0.000 0.000 0.000 0.000 0.000
0.000 0.000 0.000 0.001 0.006 0.011 0.017 0.022 0.027 0.034 0.045 0.055 0.066 0.077 0.088 0.101 0.118 0.137 0.156 0.175 0.195 0.218 0.246 0.274 0.303 0.332 0.361 0.388 0.409 0.430 0.455 0.481 0.508 0.528 0.533 0.538 0.543 0.548 0.554 0.549 0.521 0.491 0.460 0.429 0.396 0.364 0.331 0.298 0.263 0.227 0.189 0.158 0.142 0.125 0.107 0.089 0.071 0.055 0.046 0.036 0.027 0.017 0.007 0.000 0.000 0.000 0.000 0.000 0.000 0.000 0.000 0.000 0.000 0.000 0.000 0.000 0.000
0.000 0.000 0.000 0.001 0.006 0.012 0.017 0.023 0.029 0.036 0.046 0.058 0.069 0.080 0.091 0.104 0.124 0.144 0.165 0.186 0.208 0.232 0.261 0.292 0.324 0.356 0.390 0.423 0.450 0.477 0.505 0.533 0.563 0.589 0.595 0.600 0.606 0.613 0.619 0.619 0.587 0.555 0.521 0.486 0.451 0.415 0.378 0.340 0.301 0.261 0.219 0.181 0.162 0.143 0.123 0.103 0.081 0.062 0.052 0.041 0.031 0.020 0.009 0.000 0.000 0.000 0.000 0.000 0.000 0.000 0.000 0.000 0.000 0.000 0.000 0.000 0.000
0.000 0.000 0.000 0.000 0.006 0.012 0.018 0.024 0.030 0.037 0.048 0.060 0.071 0.083 0.094 0.106 0.128 0.151 0.174 0.198 0.223 0.249 0.282 0.317 0.352 0.388 0.425 0.463 0.492 0.522 0.553 0.585 0.617 0.650 0.656 0.663 0.669 0.676 0.684 0.690 0.655 0.619 0.582 0.545 0.506 0.467 0.426 0.384 0.340 0.296 0.251 0.205 0.185 0.163 0.140 0.117 0.092 0.068 0.057 0.046 0.035 0.023 0.011 0.000 0.000 0.000 0.000 0.000 0.000 0.000 0.000 0.000 0.000 0.000 0.000 0.000 0.000
0.000 0.000 0.000 0.000 0.005 0.012 0.018 0.025 0.032 0.038 0.049 0.061 0.073 0.085 0.097 0.110 0.133 0.158 0.184 0.211 0.239 0.267 0.303 0.340 0.379 0.419 0.459 0.501 0.534 0.567 0.601 0.635 0.671 0.707 0.717 0.725 0.732 0.740 0.748 0.756 0.724 0.683 0.643 0.602 0.561 0.519 0.475 0.429 0.382 0.334 0.285 0.235 0.208 0.184 0.158 0.131 0.104 0.076 0.063 0.051 0.039 0.026 0.014 0.001 0.000 0.000 0.000 0.000 0.000 0.000 0.000 0.000 0.000 0.000 0.000 0.000 0.000
0.000 0.000 0.000 0.000 0.004 0.011 0.018 0.024 0.031 0.037 0.048 0.060 0.073 0.086 0.099 0.113 0.136 0.164 0.193 0.223 0.253 0.284 0.322 0.363 0.405 0.448 0.492 0.537 0.575 0.611 0.648 0.685 0.723 0.762 0.776 0.782 0.788 0.794 0.801 0.809 0.780 0.739 0.697 0.656 0.614 0.572 0.525 0.475 0.425 0.373 0.320 0.266 0.233 0.205 0.176 0.147 0.117 0.085 0.068 0.056 0.043 0.030 0.017 0.003 0.000 0.000 0.000 0.001 0.001 0.000 0.000 0.000 0.000 0.000 0.000 0.000 0.000
0.000 0.000 0.000 0.000 0.004 0.010 0.017 0.023 0.030 0.037 0.047 0.060 0.074 0.088 0.102 0.116 0.139 0.170 0.201 0.234 0.267 0.301 0.340 0.385 0.430 0.477 0.524 0.570 0.611 0.647 0.684 0.721 0.760 0.799 0.819 0.826 0.834 0.841 0.850 0.858 0.837 0.795 0.752 0.710 0.667 0.625 0.576 0.523 0.468 0.413 0.356 0.299 0.258 0.228 0.196 0.163 0.130 0.096 0.074 0.062 0.049 0.037 0.024 0.010 0.006 0.006 0.005 0.004 0.002 0.001 0.000 0.000 0.000 0.000 0.000 0.000 0.000
0.000 0.000 0.000 0.000 0.003 0.009 0.016 0.022 0.029 0.036 0.045 0.059 0.074 0.089 0.103 0.119 0.141 0.174 0.209 0.244 0.281 0.318 0.359 0.405 0.452 0.498 0.545 0.591 0.634 0.673 0.712 0.752 0.793 0.835 0.862 0.870 0.879 0.888 0.897 0.907 0.893 0.851 0.808 0.764 0.721 0.677 0.628 0.571 0.513 0.454 0.394 0.333 0.287 0.256 0.223 0.188 0.152 0.115 0.089 0.076 0.062 0.049 0.035 0.021 0.013 0.012 0.010 0.008 0.005 0.002 0.000 0.000 0.000 0.000 0.000 0.000 0.000
0.000 0.000 0.000 0.000 0.002 0.008 0.015 0.022 0.028 0.035 0.044 0.059 0.074 0.092 0.109 0.128 0.151 0.188 0.225 0.263 0.301 0.339 0.379 0.426 0.472 0.519 0.565 0.612 0.656 0.698 0.740 0.782 0.826 0.870 0.904 0.914 0.924 0.934 0.945 0.956 0.950 0.907 0.863 0.819 0.775 0.735 0.691 0.635 0.577 0.518 0.456 0.393 0.338 0.301 0.262 0.222 0.180 0.137 0.103 0.089 0.075 0.061 0.047 0.032 0.022 0.019 0.015 0.012 0.007 0.003 0.000 0.000 0.000 0.000 0.000 0.000 0.000
0.000 0.000 0.000 0.000 0.000 0.007 0.014 0.022 0.030 0.038 0.048 0.066 0.084 0.104 0.123 0.144 0.166 0.204 0.243 0.281 0.320 0.359 0.400 0.446 0.493 0.539 0.586 0.632 0.678 0.722 0.766 0.812 0.857 0.904 0.946 0.957 0.968 0.980 0.998 1.018 1.029 0.991 0.953 0.913 0.873 0.832 0.787 0.724 0.660 0.593 0.525 0.455 0.390 0.347 0.303 0.257 0.210 0.161 0.118 0.104 0.089 0.074 0.058 0.043 0.030 0.026 0.021 0.016 0.010 0.005 0.001 0.003 0.005 0.006 0.007 0.008 0.008
0.000 0.000 0.000 0.000 0.000 0.007 0.016 0.025 0.034 0.044 0.054 0.073 0.094 0.115 0.137 0.159 0.182 0.220 0.260 0.299 0.339 0.380 0.420 0.467 0.513 0.560 0.606 0.653 0.699 0.745 0.793 0.846 0.901 0.956 1.012 1.031 1.052 1.073 1.095 1.118 1.140 1.099 1.058 1.016 0.973 0.929 0.884 0.815 0.744 0.671 0.597 0.520 0.444 0.396 0.346 0.294 0.241 0.186 0.133 0.118 0.102 0.087 0.070 0.057 0.049 0.050 0.048 0.043 0.037 0.028 0.018 0.019 0.019 0.019 0.019 0.018 0.018
0.000 0.000 0.000 0.000 0.000 0.007 0.017 0.027 0.038 0.049 0.060 0.080 0.102 0.126 0.149 0.174 0.199 0.236 0.276 0.317 0.358 0.399 0.441 0.488 0.539 0.591 0.643 0.695 0.748 0.803 0.859 0.915 0.973 1.031 1.090 1.118 1.141 1.165 1.190 1.216 1.243 1.208 1.164 1.119 1.073 1.027 0.980 0.907 0.830 0.751 0.669 0.586 0.502 0.445 0.390 0.333 0.279 0.231 0.181 0.172 0.164 0.155 0.144 0.131 0.117 0.109 0.099 0.087 0.072 0.055 0.036 0.036 0.035 0.033 0.031 0.029 0.027
