DATA/SHG/CPC/2018/20180603.asc
ncols        190
nrows        64
xllcorner    -5100000.000000000000
yllcorner    4130000.000000000000
cellsize     10000.000000000000
NODATA_value  -99999.000
[rows 0 to 33 of 64, columns 77 to 153 of 190]
0.021 0.021 0.023 0.025 0.026 0.028 0.030 0.031 0.034 0.036 0.037 0.038 0.039 0.043 0.055 0.067 0.078 0.089 0.099 0.120 0.172 0.225 0.281 0.337 0.393 0.460 0.562 0.665 0.768 0.871 0.974 1.070 1.144 1.218 1.292 1.365 1.439 1.500 1.524 1.549 1.574 1.600 1.627 1.646 1.643 1.644 1.647 1.655 1.666 1.672 1.654 1.642 1.634 1.630 1.630 1.642 1.675 1.713 1.755 1.801 1.851 1.931 2.140 2.389 2.644 2.905 3.173 3.453 3.747 4.028 4.296 4.552 4.794 4.973 4.995 4.996 4.974
0.022 0.021 0.023 0.025 0.026 0.028 0.029 0.031 0.032 0.033 0.033 0.033 0.033 0.034 0.047 0.060 0.073 0.085 0.097 0.114 0.170 0.227 0.283 0.340 0.397 0.459 0.563 0.666 0.770 0.874 0.978 1.078 1.152 1.225 1.298 1.370 1.443 1.510 1.537 1.565 1.593 1.622 1.652 1.680 1.692 1.709 1.728 1.751 1.778 1.804 1.807 1.814 1.825 1.863 1.926 2.007 2.126 2.261 2.414 2.583 2.769 2.980 3.250 3.526 3.808 4.096 4.390 4.681 4.918 5.141 5.352 5.550 5.736 5.871 5.795 5.696 5.576
0.022 0.021 0.023 0.025 0.026 0.028 0.030 0.033 0.035 0.037 0.039 0.041 0.043 0.044 0.057 0.069 0.081 0.092 0.104 0.115 0.171 0.228 0.286 0.344 0.401 0.460 0.563 0.667 0.772 0.877 0.981 1.086 1.159 1.231 1.304 1.376 1.447 1.519 1.549 1.580 1.611 1.643 1.676 1.710 1.745 1.789 1.839 1.896 1.959 2.027 2.096 2.179 2.275 2.384 2.507 2.645 2.838 3.048 3.275 3.518 3.778 4.055 4.351 4.654 4.963 5.278 5.599 5.920 6.099 6.266 6.419 6.560 6.688 6.789 6.614 6.417 6.198
0.024 0.023 0.025 0.029 0.033 0.037 0.042 0.048 0.050 0.051 0.053 0.054 0.056 0.057 0.067 0.078 0.089 0.100 0.110 0.120 0.171 0.230 0.288 0.347 0.405 0.464 0.563 0.668 0.774 0.879 0.985 1.091 1.167 1.238 1.310 1.385 1.461 1.537 1.582 1.624 1.669 1.715 1.764 1.814 1.878 1.950 2.027 2.111 2.201 2.297 2.423 2.566 2.722 2.891 3.074 3.270 3.532 3.817 4.117 4.435 4.768 5.119 5.446 5.775 6.111 6.453 6.801 7.155 7.292 7.401 7.498 7.581 7.652 7.710 7.454 7.196 7.007
0.028 0.027 0.030 0.036 0.041 0.048 0.054 0.062 0.064 0.066 0.067 0.068 0.068 0.069 0.077 0.088 0.098 0.107 0.117 0.126 0.172 0.231 0.290 0.350 0.409 0.469 0.570 0.684 0.796 0.906 1.015 1.123 1.207 1.283 1.359 1.436 1.512 1.588 1.644 1.695 1.748 1.803 1.860 1.919 2.005 2.104 2.209 2.319 2.436 2.559 2.736 2.938 3.154 3.383 3.626 3.881 4.209 4.567 4.942 5.333 5.741 6.165 6.532 6.889 7.251 7.620 8.014 8.466 8.669 8.818 8.966 9.115 9.263 9.412 9.259 9.038 8.807
0.033 0.031 0.035 0.042 0.049 0.058 0.066 0.075 0.079 0.080 0.080 0.081 0.081 0.082 0.088 0.097 0.106 0.124 0.143 0.163 0.213 0.282 0.352 0.421 0.491 0.560 0.653 0.760 0.865 0.969 1.072 1.172 1.257 1.334 1.410 1.487 1.563 1.639 1.704 1.764 1.826 1.889 1.955 2.022 2.125 2.251 2.383 2.521 2.665 2.815 3.035 3.297 3.572 3.861 4.163 4.478 4.867 5.310 5.786 6.275 6.776 7.290 7.756 8.218 8.701 9.206 9.734 10.283 10.550 10.699 10.847 10.996 11.145 11.294 11.149 10.886 10.614
0.039 0.036 0.039 0.048 0.057 0.067 0.077 0.088 0.094 0.094 0.105 0.118 0.131 0.145 0.163 0.186 0.208 0.228 0.247 0.266 0.309 0.378 0.447 0.516 0.584 0.653 0.737 0.838 0.936 1.034 1.129 1.224 1.308 1.385 1.461 1.537 1.614 1.690 1.762 1.830 1.901 1.973 2.047 2.123 2.239 2.392 2.551 2.716 2.892 3.085 3.360 3.709 4.078 4.466 4.873 5.299 5.780 6.299 6.831 7.376 7.933 8.503 9.060 9.619 10.200 10.804 11.429 12.076 12.428 12.577 12.726 12.875 13.024 13.173 13.045 12.741 12.427
0.044 0.040 0.043 0.062 0.083 0.106 0.130 0.155 0.176 0.190 0.204 0.219 0.234 0.250 0.268 0.290 0.312 0.332 0.351 0.369 0.406 0.474 0.542 0.610 0.678 0.746 0.823 0.917 1.009 1.100 1.189 1.276 1.359 1.435 1.512 1.588 1.665 1.741 1.817 1.895 1.978 2.065 2.155 2.250 2.387 2.584 2.790 3.005 3.230 3.463 3.783 4.219 4.674 5.148 5.641 6.154 6.699 7.274 7.862 8.463 9.076 9.701 10.339 10.996 11.675 12.377 13.100 13.845 14.303 14.452 14.601 14.750 14.900 15.049 14.948 14.602 14.246
0.092 0.096 0.106 0.130 0.156 0.184 0.213 0.243 0.271 0.286 0.302 0.319 0.336 0.354 0.373 0.395 0.416 0.436 0.454 0.472 0.502 0.570 0.637 0.705 0.772 0.839 0.911 0.998 1.083 1.167 1.250 1.331 1.409 1.486 1.564 1.641 1.719 1.797 1.880 1.977 2.077 2.181 2.290 2.402 2.554 2.791 3.037 3.293 3.557 3.830 4.186 4.708 5.248 5.809 6.388 6.987 7.604 8.235 8.879 9.535 10.204 10.885 11.594 12.349 13.126 13.925 14.746 15.589 16.176 16.325 16.474 16.537 16.573 16.600 16.421 15.953 15.489
0.157 0.160 0.168 0.197 0.228 0.261 0.295 0.330 0.364 0.382 0.400 0.419 0.438 0.458 0.478 0.499 0.520 0.540 0.558 0.576 0.599 0.674 0.752 0.827 0.898 0.964 1.029 1.108 1.185 1.258 1.328 1.394 1.460 1.538 1.617 1.696 1.775 1.854 1.939 2.053 2.172 2.294 2.420 2.550 2.710 2.988 3.274 3.570 3.874 4.188 4.568 5.175 5.802 6.449 7.114 7.799 8.495 9.182 9.882 10.593 11.318 12.054 12.747 13.505 14.286 15.092 15.920 16.773 17.413 17.436 17.451 17.457 17.455 17.445 17.299 16.852 16.409
0.222 0.225 0.228 0.263 0.299 0.336 0.375 0.416 0.457 0.477 0.497 0.517 0.539 0.578 0.635 0.685 0.732 0.769 0.799 0.824 0.847 0.910 0.970 1.026 1.078 1.125 1.169 1.234 1.295 1.354 1.409 1.461 1.510 1.590 1.669 1.750 1.830 1.911 1.994 2.126 2.262 2.402 2.545 2.693 2.857 3.175 3.501 3.837 4.182 4.535 4.929 5.623 6.335 7.014 7.685 8.355 9.023 9.670 10.328 10.997 11.676 12.367 13.088 13.951 14.837 15.747 16.681 17.638 18.453 18.439 18.416 18.385 18.345 18.297 18.171 17.745 17.323
0.287 0.289 0.291 0.326 0.368 0.410 0.483 0.576 0.669 0.735 0.793 0.848 0.899 0.947 0.991 1.027 1.059 1.081 1.094 1.105 1.112 1.151 1.193 1.230 1.262 1.291 1.315 1.362 1.409 1.453 1.493 1.530 1.564 1.641 1.722 1.803 1.885 1.967 2.049 2.194 2.348 2.505 2.667 2.832 2.988 3.317 3.656 3.998 4.342 4.689 5.039 5.704 6.376 7.048 7.720 8.393 9.067 9.762 10.468 11.185 11.912 12.650 13.406 14.373 15.364 16.379 17.416 18.478 19.500 19.448 19.388 19.319 19.242 19.156 19.038 18.632 18.231
0.435 0.488 0.545 0.630 0.723 0.816 0.909 1.003 1.096 1.156 1.202 1.244 1.283 1.318 1.350 1.372 1.388 1.395 1.394 1.389 1.380 1.397 1.419 1.438 1.452 1.461 1.467 1.494 1.527 1.556 1.581 1.604 1.623 1.691 1.774 1.850 1.924 1.998 2.072 2.211 2.365 2.522 2.680 2.840 3.001 3.320 3.671 4.025 4.381 4.739 5.101 5.733 6.407 7.081 7.755 8.430 9.106 9.842 10.596 11.361 12.136 12.923 13.720 14.771 15.866 16.985 18.128 19.294 20.483 20.464 20.366 20.260 20.145 20.022 19.891 19.509 19.042
0.845 0.908 0.973 1.056 1.149 1.242 1.336 1.429 1.522 1.580 1.613 1.643 1.669 1.692 1.712 1.721 1.722 1.713 1.697 1.676 1.653 1.647 1.650 1.650 1.645 1.636 1.612 1.609 1.618 1.626 1.632 1.637 1.640 1.690 1.763 1.836 1.908 1.980 2.051 2.184 2.347 2.511 2.676 2.844 3.013 3.321 3.683 4.049 4.416 4.787 5.160 5.761 6.437 7.113 7.790 8.467 9.144 9.911 10.713 11.526 12.349 13.183 14.028 15.144 16.344 17.567 18.807 19.927 21.027 21.003 20.785 20.596 20.436 20.305 20.203 19.731 19.179
1.253 1.324 1.398 1.482 1.575 1.668 1.761 1.854 1.947 2.006 2.027 2.045 2.059 2.069 2.076 2.073 2.059 2.039 2.005 1.960 1.906 1.864 1.837 1.804 1.766 1.722 1.673 1.649 1.651 1.652 1.651 1.649 1.645 1.682 1.753 1.823 1.893 1.962 2.030 2.156 2.326 2.498 2.671 2.846 3.022 3.318 3.693 4.070 4.449 4.832 5.217 5.788 6.466 7.145 7.823 8.502 9.182 9.966 10.757 11.565 12.390 13.231 14.090 15.126 16.218 17.290 18.343 19.375 20.389 20.581 20.492 20.433 20.402 20.400 20.428 19.972 19.335
1.658 1.737 1.820 1.907 2.000 2.093 2.186 2.279 2.372 2.435 2.469 2.495 2.513 2.524 2.526 2.511 2.467 2.405 2.327 2.238 2.140 2.056 2.004 1.946 1.883 1.814 1.739 1.690 1.685 1.679 1.672 1.662 1.652 1.674 1.743 1.810 1.878 1.944 2.010 2.127 2.304 2.483 2.664 2.846 3.030 3.313 3.699 4.088 4.477 4.833 5.180 5.669 6.289 6.903 7.512 8.114 8.711 9.448 10.315 11.199 12.100 13.018 13.953 14.942 15.947 16.932 17.898 18.844 19.770 20.132 20.172 20.241 20.340 20.467 20.624 20.231 19.509
2.060 2.148 2.241 2.377 2.508 2.634 2.755 2.871 2.982 3.067 3.073 3.071 3.061 3.044 3.018 2.974 2.887 2.782 2.659 2.527 2.385 2.254 2.176 2.094 2.005 1.911 1.811 1.733 1.721 1.708 1.694 1.678 1.660 1.667 1.733 1.799 1.863 1.927 1.991 2.095 2.277 2.456 2.631 2.804 2.973 3.208 3.552 3.888 4.216 4.535 4.846 5.270 5.865 6.454 7.037 7.615 8.187 8.914 9.857 10.816 11.793 12.787 13.798 14.778 15.696 16.595 17.473 18.332 19.171 19.654 19.824 20.022 20.249 20.506 20.792 20.508 19.702
2.643 2.792 2.950 3.110 3.223 3.332 3.435 3.534 3.627 3.705 3.684 3.654 3.616 3.570 3.516 3.449 3.318 3.169 3.003 2.827 2.641 2.458 2.355 2.247 2.134 2.015 1.890 1.777 1.759 1.739 1.718 1.694 1.670 1.662 1.726 1.789 1.851 1.913 1.975 2.060 2.228 2.393 2.556 2.714 2.870 3.065 3.372 3.671 3.963 4.246 4.520 4.877 5.447 6.011 6.569 7.122 7.669 8.362 9.381 10.417 11.469 12.539 13.626 14.634 15.465 16.276 17.068 17.840 18.593 19.149 19.447 19.774 20.121 20.485 20.863 20.686 19.730
3.287 3.465 3.650 3.844 3.942 4.033 4.119 4.200 4.276 4.348 4.301 4.243 4.177 4.103 4.021 3.931 3.760 3.567 3.357 3.137 2.908 2.667 2.528 2.387 2.244 2.099 1.951 1.805 1.781 1.756 1.731 1.705 1.679 1.659 1.720 1.781 1.841 1.901 1.960 2.028 2.183 2.335 2.483 2.628 2.771 2.929 3.201 3.464 3.718 3.965 4.204 4.490 5.035 5.574 6.107 6.635 7.157 7.794 8.889 10.000 11.129 12.274 13.434 14.392 15.067 15.767 16.493 17.244 18.020 18.698 19.084 19.485 19.903 20.336 20.785 20.751 19.647
3.923 4.128 4.342 4.563 4.664 4.737 4.806 4.870 4.929 4.983 4.924 4.838 4.744 4.635 4.476 4.316 4.081 3.827 3.568 3.307 3.043 2.778 2.614 2.463 2.310 2.154 1.997 1.837 1.798 1.772 1.745 1.717 1.689 1.661 1.715 1.773 1.831 1.888 1.945 2.001 2.141 2.279 2.414 2.546 2.675 2.803 3.038 3.265 3.483 3.694 3.896 4.110 4.629 5.143 5.643 6.132 6.610 7.138 8.203 9.250 10.279 11.290 12.283 13.232 14.019 14.832 15.671 16.534 17.423 18.254 18.710 19.181 19.669 20.172 20.691 20.848 19.595
4.551 4.784 5.025 5.275 5.389 5.446 5.481 5.460 5.437 5.412 5.291 5.131 4.970 4.807 4.643 4.477 4.244 3.980 3.711 3.440 3.167 2.891 2.702 2.541 2.378 2.213 2.045 1.875 1.816 1.788 1.759 1.729 1.699 1.669 1.710 1.766 1.822 1.877 1.931 1.985 2.102 2.227 2.348 2.466 2.582 2.689 2.875 3.063 3.244 3.418 3.584 3.743 4.199 4.663 5.116 5.558 5.990 6.411 7.388 8.356 9.306 10.238 11.152 12.048 12.948 13.873 14.824 15.800 16.801 17.794 18.320 18.862 19.419 19.992 20.581 20.978 19.577
5.072 5.260 5.456 5.661 5.734 5.710 5.683 5.655 5.624 5.592 5.481 5.316 5.149 4.980 4.810 4.638 4.409 4.135 3.857 3.575 3.292 3.007 2.793 2.622 2.449 2.273 2.096 1.916 1.835 1.804 1.773 1.742 1.710 1.678 1.707 1.760 1.815 1.869 1.921 1.971 2.065 2.171 2.272 2.368 2.459 2.546 2.692 2.848 2.997 3.139 3.274 3.402 3.777 4.193 4.600 4.995 5.381 5.755 6.592 7.481 8.352 9.205 10.040 10.857 11.853 12.890 13.954 15.042 16.156 17.295 17.916 18.528 19.155 19.798 20.457 21.131 19.591
5.162 5.379 5.604 5.837 5.953 5.921 5.887 5.851 5.813 5.773 5.673 5.502 5.329 5.155 4.979 4.801 4.577 4.293 4.004 3.713 3.420 3.124 2.886 2.705 2.522 2.337 2.149 1.960 1.857 1.827 1.797 1.768 1.739 1.709 1.727 1.777 1.825 1.872 1.917 1.961 2.032 2.117 2.197 2.272 2.342 2.407 2.515 2.640 2.758 2.868 2.972 3.068 3.365 3.735 4.095 4.445 4.783 5.112 5.815 6.625 7.417 8.191 8.947 9.685 10.733 11.883 13.059 14.259 15.470 16.637 17.227 17.652 18.008 18.296 18.514 18.664 17.162
5.245 5.490 5.743 6.005 6.173 6.134 6.093 6.050 6.004 5.957 5.865 5.689 5.510 5.330 5.149 4.966 4.747 4.452 4.125 3.805 3.493 3.187 2.928 2.740 2.553 2.369 2.187 2.006 1.890 1.861 1.832 1.804 1.775 1.747 1.752 1.795 1.837 1.877 1.916 1.953 2.004 2.068 2.126 2.180 2.230 2.274 2.347 2.440 2.526 2.605 2.677 2.742 2.965 3.289 3.602 3.905 4.197 4.479 5.057 5.867 6.706 7.550 8.400 9.254 10.339 11.486 12.585 13.637 14.640 15.596 15.974 16.095 16.147 16.131 16.046 15.892 14.645
5.319 5.593 5.875 6.166 6.395 6.349 6.300 6.249 6.197 6.142 6.044 5.796 5.553 5.315 5.083 4.856 4.616 4.311 4.016 3.728 3.447 3.173 2.927 2.748 2.570 2.395 2.222 2.051 1.923 1.895 1.867 1.839 1.811 1.784 1.779 1.815 1.850 1.884 1.915 1.946 1.981 2.024 2.061 2.094 2.122 2.146 2.186 2.248 2.303 2.350 2.408 2.472 2.670 3.018 3.375 3.741 4.116 4.499 5.135 5.992 6.853 7.720 8.592 9.468 10.402 11.338 12.226 13.066 13.858 14.602 14.790 14.608 14.356 14.036 13.648 13.190 12.097
5.386 5.688 5.999 6.293 6.505 6.369 6.238 6.109 5.985 5.864 5.738 5.508 5.284 5.065 4.852 4.645 4.436 4.163 3.899 3.643 3.393 3.151 2.923 2.753 2.585 2.419 2.255 2.093 1.956 1.928 1.901 1.874 1.848 1.821 1.807 1.837 1.865 1.892 1.917 1.941 1.963 1.984 2.004 2.023 2.041 2.059 2.091 2.155 2.218 2.282 2.346 2.409 2.590 2.977 3.374 3.779 4.193 4.616 5.232 6.111 6.995 7.884 8.778 9.677 10.513 11.238 11.914 12.543 13.124 13.657 13.675 13.189 12.634 12.011 11.319 10.558 9.518
5.163 5.398 5.630 5.858 6.083 5.981 5.862 5.746 5.634 5.525 5.420 5.216 5.011 4.811 4.617 4.429 4.245 4.007 3.775 3.550 3.332 3.121 2.918 2.757 2.597 2.440 2.286 2.133 1.988 1.962 1.935 1.909 1.876 1.840 1.811 1.829 1.846 1.865 1.884 1.904 1.924 1.941 1.958 1.974 1.990 2.006 2.030 2.094 2.157 2.220 2.283 2.346 2.500 2.927 3.363 3.808 4.261 4.724 5.324 6.225 7.131 8.043 8.959 9.881 10.672 11.185 11.650 12.068 12.438 12.760 12.630 11.840 10.982 10.069 9.179 8.310 7.429
4.768 4.991 5.211 5.427 5.639 5.590 5.483 5.380 5.280 5.184 5.091 4.919 4.733 4.552 4.377 4.208 4.044 3.843 3.642 3.449 3.263 3.083 2.911 2.744 2.576 2.413 2.255 2.102 1.954 1.911 1.877 1.845 1.814 1.784 1.756 1.775 1.796 1.817 1.839 1.861 1.884 1.899 1.913 1.927 1.940 1.953 1.970 2.033 2.096 2.158 2.221 2.284 2.401 2.868 3.343 3.827 4.320 4.822 5.410 6.334 7.262 8.196 9.135 10.079 10.837 10.978 11.098 11.197 11.274 11.331 11.101 10.240 9.399 8.578 7.777 6.997 6.222
4.378 4.588 4.795 4.999 5.199 5.196 5.102 5.011 4.924 4.840 4.760 4.617 4.450 4.289 4.133 3.949 3.775 3.584 3.394 3.211 3.036 2.869 2.710 2.559 2.413 2.272 2.135 2.004 1.877 1.830 1.802 1.776 1.751 1.727 1.704 1.721 1.744 1.768 1.792 1.817 1.843 1.857 1.869 1.880 1.891 1.901 1.911 1.972 2.034 2.097 2.159 2.221 2.293 2.799 3.314 3.837 4.353 4.855 5.370 6.177 6.939 7.658 8.334 8.966 9.487 9.535 9.562 9.568 9.552 9.515 9.325 8.553 7.802 7.070 6.358 5.666 4.992
3.991 4.189 4.384 4.575 4.762 4.800 4.718 4.636 4.523 4.411 4.301 4.148 3.970 3.800 3.639 3.487 3.344 3.192 3.037 2.889 2.750 2.618 2.494 2.369 2.245 2.125 2.010 1.900 1.795 1.747 1.725 1.705 1.686 1.668 1.652 1.666 1.692 1.719 1.746 1.773 1.802 1.816 1.825 1.834 1.842 1.850 1.859 1.924 2.006 2.096 2.195 2.301 2.415 2.876 3.358 3.827 4.281 4.722 5.148 5.754 6.324 6.850 7.333 7.772 8.160 8.115 8.049 7.961 7.853 7.723 7.533 6.850 6.187 5.544 4.921 4.318 3.737
3.605 3.767 3.919 4.060 4.191 4.216 4.105 3.996 3.888 3.783 3.678 3.554 3.406 3.267 3.138 3.017 2.905 2.792 2.672 2.559 2.455 2.358 2.269 2.174 2.071 1.973 1.880 1.791 1.708 1.663 1.647 1.633 1.620 1.608 1.597 1.611 1.640 1.668 1.692 1.716 1.740 1.755 1.769 1.788 1.811 1.838 1.869 1.960 2.077 2.203 2.337 2.478 2.628 3.003 3.424 3.831 4.224 4.603 4.967 5.376 5.753 6.087 6.378 6.624 6.828 6.718 6.559 6.378 6.177 5.954 5.710 5.129 4.554 4.000 3.466 2.952 2.459
3.088 3.214 3.331 3.436 3.532 3.563 3.458 3.355 3.254 3.154 3.056 2.951 2.835 2.728 2.629 2.540 2.459 2.383 2.298 2.221 2.151 2.089 2.036 1.974 1.893 1.816 1.744 1.677 1.614 1.564 1.544 1.529 1.519 1.512 1.510 1.522 1.546 1.570 1.593 1.616 1.640 1.667 1.700 1.738 1.779 1.825 1.876 1.987 2.140 2.301 2.470 2.648 2.833 3.145 3.504 3.849 4.181 4.498 4.801 5.042 5.228 5.369 5.467 5.521 5.532 5.344 5.091 4.818 4.523 4.208 3.931 3.574 3.208 2.860 2.529 2.216 1.919
2.581 2.672 2.753 2.823 2.883 2.910 2.811 2.714 2.618 2.524 2.432 2.341 2.256 2.180 2.113 2.055 2.006 1.966 1.916 1.874 1.845 1.816 1.787 1.746 1.674 1.603 1.535 1.469 1.405 1.362 1.361 1.365 1.374 1.386 1.403 1.425 1.448 1.471 1.494 1.517 1.540 1.574 1.626 1.683 1.744 1.808 1.878 2.005 2.194 2.391 2.595 2.808 3.029 3.301 3.599 3.882 4.152 4.407 4.649 4.754 4.746 4.688 4.606 4.523 4.440 4.262 4.044 3.829 3.617 3.409 3.203 2.925 2.636 2.363 2.108 1.870 1.650
2.085 2.140 2.185 2.220 2.244 2.255 2.162 2.071 1.982 1.894 1.808 1.724 1.699 1.690 1.683 1.677 1.673 1.672 1.642 1.613 1.583 1.553 1.523 1.489 1.425 1.364 1.306 1.249 1.194 1.155 1.174 1.197 1.224 1.256 1.292 1.328 1.351 1.373 1.396 1.418 1.440 1.477 1.548 1.624 1.703 1.787 1.875 2.015 2.239 2.472 2.712 2.960 3.192 3.375 3.539 3.688 3.822 3.941 4.044 4.046 3.962 3.877 3.791 3.704 3.616 3.460 3.256 3.055 2.858 2.664 2.473 2.260 2.047 1.850 1.671 1.509 1.364
