DATA/SHG/CPC/2018/20180511.asc
ncols        190
nrows        64
xllcorner    -5100000.000000000000
yllcorner    4130000.000000000000
cellsize     10000.000000000000
NODATA_value  -99999.000
[rows 0 to 33 of 64, columns 77 to 153 of 190]
0.000 0.000 0.000 0.000 0.000 0.000 0.000 0.000 0.000 0.000 0.000 0.000 0.000 0.000 0.000 0.000 0.000 0.000 0.000 0.000 0.000 0.000 0.000 0.000 0.000 0.000 0.000 0.000 0.000 0.000 0.000 0.000 0.000 0.000 0.000 0.000 0.000 0.000 0.000 0.000 0.000 0.000 0.000 0.002 0.012 0.023 0.035 0.048 0.061 0.080 0.114 0.148 0.185 0.222 0.261 0.304 0.356 0.410 0.467 0.526 0.586 0.667 0.815 0.977 1.141 1.308 1.477 1.674 1.937 2.194 2.447 2.694 2.936 3.156 3.323 3.482 3.632
0.000 0.000 0.000 0.000 0.000 0.000 0.000 0.000 0.000 0.000 0.000 0.000 0.000 0.000 0.000 0.000 0.000 0.000 0.000 0.000 0.000 0.000 0.000 0.000 0.000 0.000 0.000 0.000 0.000 0.000 0.000 0.000 0.000 0.000 0.000 0.000 0.000 0.000 0.000 0.000 0.000 0.000 0.000 0.002 0.016 0.030 0.046 0.063 0.080 0.101 0.140 0.181 0.223 0.274 0.334 0.399 0.483 0.572 0.666 0.767 0.873 0.993 1.163 1.337 1.513 1.692 1.873 2.066 2.306 2.540 2.769 2.993 3.211 3.412 3.541 3.660 3.771
0.000 0.000 0.000 0.000 0.000 0.000 0.000 0.000 0.000 0.000 0.000 0.000 0.000 0.000 0.000 0.000 0.000 0.000 0.000 0.000 0.000 0.000 0.000 0.000 0.000 0.000 0.000 0.000 0.000 0.000 0.000 0.000 0.000 0.000 0.000 0.000 0.000 0.000 0.000 0.000 0.000 0.000 0.000 0.000 0.020 0.042 0.067 0.095 0.126 0.159 0.221 0.286 0.355 0.429 0.506 0.588 0.697 0.811 0.931 1.056 1.187 1.326 1.508 1.694 1.882 2.072 2.266 2.462 2.679 2.890 3.096 3.296 3.492 3.677 3.766 3.846 3.917
0.000 0.000 0.000 0.000 0.000 0.000 0.000 0.000 0.000 0.000 0.000 0.000 0.000 0.000 0.000 0.000 0.000 0.000 0.000 0.000 0.000 0.000 0.000 0.000 0.000 0.000 0.000 0.000 0.000 0.000 0.000 0.000 0.000 0.000 0.000 0.000 0.000 0.000 0.001 0.002 0.004 0.006 0.008 0.011 0.040 0.075 0.112 0.152 0.194 0.240 0.316 0.400 0.487 0.578 0.674 0.773 0.905 1.044 1.189 1.340 1.496 1.658 1.850 2.047 2.247 2.450 2.655 2.863 3.057 3.244 3.427 3.605 3.777 3.944 4.000 4.052 4.125
0.000 0.000 0.000 0.000 0.000 0.000 0.000 0.000 0.000 0.000 0.000 0.000 0.000 0.000 0.000 0.000 0.000 0.000 0.000 0.000 0.000 0.000 0.000 0.000 0.000 0.000 0.000 0.000 0.000 0.000 0.000 0.000 0.000 0.000 0.000 0.000 0.000 0.000 0.002 0.005 0.009 0.013 0.018 0.023 0.058 0.105 0.154 0.206 0.261 0.318 0.408 0.509 0.614 0.724 0.837 0.955 1.107 1.271 1.441 1.617 1.798 1.985 2.189 2.398 2.610 2.824 3.047 3.286 3.487 3.679 3.868 4.055 4.241 4.425 4.512 4.579 4.644
0.000 0.000 0.000 0.000 0.000 0.000 0.000 0.000 0.000 0.000 0.000 0.000 0.000 0.000 0.000 0.000 0.000 0.000 0.000 0.000 0.000 0.000 0.000 0.000 0.000 0.000 0.000 0.000 0.000 0.000 0.000 0.000 0.000 0.000 0.000 0.000 0.000 0.000 0.003 0.008 0.014 0.020 0.026 0.033 0.073 0.132 0.193 0.257 0.324 0.393 0.495 0.614 0.737 0.865 0.997 1.132 1.303 1.497 1.707 1.921 2.140 2.362 2.596 2.837 3.084 3.335 3.592 3.853 4.060 4.243 4.425 4.604 4.782 4.957 5.049 5.108 5.165
0.000 0.000 0.000 0.000 0.000 0.000 0.000 0.000 0.000 0.000 0.000 0.000 0.000 0.000 0.000 0.000 0.000 0.000 0.000 0.000 0.000 0.000 0.000 0.000 0.000 0.000 0.000 0.000 0.000 0.000 0.000 0.000 0.000 0.000 0.000 0.000 0.000 0.000 0.004 0.011 0.018 0.026 0.035 0.044 0.085 0.156 0.229 0.305 0.386 0.474 0.596 0.747 0.905 1.070 1.242 1.422 1.628 1.853 2.081 2.315 2.552 2.794 3.047 3.311 3.579 3.852 4.131 4.414 4.634 4.809 4.982 5.153 5.323 5.491 5.586 5.637 5.686
0.000 0.000 0.000 0.000 0.000 0.000 0.000 0.000 0.000 0.000 0.000 0.000 0.000 0.000 0.000 0.000 0.000 0.000 0.000 0.000 0.000 0.000 0.000 0.000 0.000 0.000 0.000 0.000 0.000 0.000 0.000 0.000 0.000 0.000 0.000 0.000 0.000 0.000 0.004 0.013 0.024 0.037 0.052 0.068 0.116 0.206 0.299 0.397 0.498 0.604 0.743 0.926 1.116 1.314 1.519 1.731 1.959 2.203 2.451 2.703 2.959 3.220 3.493 3.778 4.069 4.364 4.664 4.969 5.209 5.376 5.541 5.704 5.865 6.025 6.125 6.167 6.208
0.000 0.000 0.000 0.000 0.000 0.000 0.000 0.000 0.000 0.000 0.000 0.000 0.000 0.000 0.000 0.000 0.000 0.000 0.000 0.000 0.000 0.000 0.000 0.000 0.000 0.000 0.000 0.000 0.000 0.000 0.000 0.000 0.000 0.000 0.000 0.000 0.000 0.000 0.005 0.022 0.040 0.061 0.083 0.107 0.156 0.263 0.374 0.488 0.606 0.728 0.882 1.097 1.320 1.550 1.787 2.032 2.286 2.548 2.815 3.086 3.362 3.642 3.932 4.240 4.552 4.870 5.192 5.519 5.784 5.943 6.100 6.226 6.342 6.453 6.519 6.524 6.530
0.000 0.000 0.000 0.000 0.000 0.000 0.000 0.000 0.000 0.000 0.000 0.000 0.000 0.000 0.000 0.000 0.000 0.000 0.000 0.000 0.000 0.000 0.000 0.000 0.000 0.000 0.000 0.000 0.000 0.000 0.000 0.000 0.000 0.000 0.000 0.000 0.000 0.000 0.004 0.029 0.055 0.083 0.112 0.143 0.193 0.317 0.444 0.575 0.710 0.849 1.013 1.261 1.516 1.778 2.048 2.325 2.607 2.889 3.175 3.465 3.759 4.058 4.340 4.638 4.941 5.249 5.563 5.882 6.147 6.256 6.361 6.461 6.557 6.649 6.714 6.726 6.740
0.000 0.000 0.000 0.000 0.000 0.000 0.000 0.000 0.000 0.000 0.000 0.000 0.000 0.000 0.000 0.000 0.000 0.000 0.000 0.000 0.000 0.000 0.000 0.000 0.000 0.000 0.000 0.000 0.000 0.000 0.000 0.000 0.000 0.000 0.000 0.000 0.000 0.000 0.002 0.034 0.067 0.102 0.139 0.178 0.226 0.366 0.510 0.658 0.810 0.966 1.137 1.417 1.704 1.983 2.260 2.538 2.815 3.085 3.357 3.632 3.910 4.191 4.480 4.801 5.128 5.460 5.797 6.140 6.445 6.534 6.619 6.700 6.776 6.848 6.907 6.927 6.948
0.000 0.000 0.000 0.000 0.000 0.000 0.000 0.000 0.000 0.000 0.000 0.000 0.000 0.000 0.000 0.000 0.000 0.000 0.000 0.000 0.000 0.000 0.000 0.000 0.000 0.000 0.000 0.000 0.000 0.000 0.000 0.000 0.000 0.000 0.000 0.000 0.000 0.000 0.000 0.037 0.078 0.121 0.165 0.211 0.259 0.409 0.565 0.721 0.878 1.035 1.193 1.469 1.748 2.028 2.309 2.591 2.874 3.156 3.442 3.730 4.022 4.316 4.614 4.959 5.309 5.665 6.026 6.392 6.747 6.817 6.882 6.943 6.999 7.052 7.098 7.125 7.154
0.000 0.000 0.000 0.000 0.000 0.000 0.000 0.000 0.000 0.000 0.000 0.000 0.000 0.000 0.000 0.000 0.000 0.000 0.000 0.000 0.000 0.000 0.000 0.000 0.000 0.000 0.000 0.000 0.000 0.000 0.000 0.000 0.000 0.000 0.000 0.001 0.002 0.003 0.005 0.044 0.093 0.143 0.195 0.248 0.302 0.443 0.601 0.760 0.919 1.079 1.239 1.505 1.788 2.073 2.358 2.643 2.930 3.225 3.523 3.825 4.129 4.437 4.747 5.111 5.485 5.864 6.249 6.638 7.033 7.103 7.148 7.190 7.227 7.259 7.287 7.322 7.355
0.000 0.000 0.000 0.000 0.000 0.000 0.000 0.000 0.000 0.000 0.000 0.000 0.000 0.000 0.000 0.000 0.000 0.000 0.000 0.000 0.000 0.000 0.000 0.000 0.000 0.000 0.000 0.000 0.000 0.000 0.000 0.000 0.000 0.001 0.003 0.006 0.009 0.013 0.017 0.056 0.110 0.166 0.224 0.283 0.343 0.476 0.637 0.798 0.960 1.122 1.285 1.541 1.828 2.116 2.405 2.694 2.985 3.290 3.602 3.917 4.234 4.555 4.878 5.258 5.655 6.058 6.464 6.837 7.207 7.275 7.295 7.327 7.370 7.425 7.491 7.517 7.531
0.000 0.000 0.000 0.000 0.000 0.000 0.000 0.000 0.000 0.000 0.000 0.000 0.000 0.000 0.000 0.000 0.000 0.000 0.000 0.000 0.000 0.000 0.000 0.000 0.000 0.000 0.000 0.000 0.000 0.000 0.000 0.000 0.000 0.002 0.006 0.011 0.016 0.022 0.028 0.065 0.126 0.188 0.252 0.317 0.383 0.508 0.671 0.835 0.999 1.164 1.330 1.575 1.866 2.158 2.451 2.745 3.039 3.351 3.652 3.958 4.271 4.589 4.913 5.272 5.639 6.003 6.364 6.720 7.073 7.214 7.285 7.368 7.462 7.568 7.685 7.715 7.712
0.000 0.000 0.000 0.000 0.000 0.000 0.000 0.000 0.000 0.000 0.000 0.000 0.000 0.000 0.000 0.000 0.000 0.000 0.000 0.000 0.000 0.000 0.000 0.000 0.000 0.000 0.000 0.000 0.000 0.000 0.000 0.000 0.000 0.003 0.009 0.016 0.023 0.031 0.039 0.074 0.140 0.209 0.278 0.349 0.421 0.540 0.705 0.872 1.038 1.193 1.344 1.558 1.829 2.096 2.361 2.623 2.882 3.175 3.502 3.835 4.174 4.520 4.871 5.225 5.576 5.924 6.267 6.607 6.943 7.141 7.263 7.397 7.542 7.699 7.868 7.918 7.896
0.000 0.000 0.000 0.000 0.000 0.000 0.000 0.000 0.000 0.000 0.000 0.000 0.000 0.000 0.000 0.000 0.000 0.000 0.000 0.000 0.000 0.000 0.000 0.000 0.000 0.000 0.000 0.000 0.000 0.000 0.000 0.000 0.000 0.002 0.011 0.020 0.029 0.039 0.049 0.080 0.153 0.224 0.295 0.366 0.436 0.537 0.687 0.834 0.978 1.120 1.258 1.445 1.702 1.957 2.208 2.457 2.703 2.993 3.347 3.706 4.072 4.444 4.822 5.183 5.517 5.848 6.175 6.498 6.817 7.057 7.230 7.415 7.612 7.819 8.039 8.124 8.083
0.000 0.000 0.000 0.000 0.000 0.000 0.000 0.000 0.000 0.000 0.000 0.000 0.000 0.000 0.000 0.000 0.000 0.000 0.000 0.000 0.000 0.000 0.000 0.000 0.000 0.000 0.000 0.000 0.000 0.000 0.000 0.000 0.000 0.002 0.013 0.025 0.037 0.050 0.064 0.091 0.160 0.230 0.298 0.367 0.434 0.520 0.657 0.791 0.922 1.050 1.175 1.334 1.579 1.820 2.059 2.294 2.527 2.805 3.185 3.572 3.964 4.362 4.767 5.144 5.462 5.776 6.086 6.392 6.695 6.961 7.186 7.423 7.708 8.012 8.337 8.522 8.495
0.000 0.000 0.000 0.000 0.000 0.000 0.000 0.000 0.000 0.000 0.000 0.000 0.000 0.000 0.000 0.000 0.000 0.000 0.000 0.000 0.000 0.000 0.000 0.000 0.000 0.000 0.000 0.000 0.000 0.000 0.000 0.000 0.000 0.001 0.015 0.030 0.045 0.062 0.079 0.102 0.169 0.236 0.302 0.368 0.433 0.506 0.630 0.751 0.869 0.984 1.096 1.227 1.458 1.687 1.912 2.135 2.354 2.611 3.018 3.431 3.850 4.275 4.705 5.073 5.359 5.661 5.980 6.316 6.668 7.021 7.354 7.707 8.080 8.473 8.886 9.157 9.085
0.000 0.000 0.000 0.000 0.000 0.000 0.000 0.000 0.000 0.000 0.000 0.000 0.000 0.000 0.000 0.000 0.000 0.000 0.000 0.000 0.000 0.000 0.000 0.000 0.000 0.000 0.000 0.000 0.000 0.000 0.000 0.000 0.000 0.000 0.016 0.034 0.053 0.073 0.093 0.114 0.178 0.242 0.306 0.369 0.432 0.495 0.606 0.714 0.819 0.921 1.019 1.123 1.341 1.557 1.764 1.967 2.165 2.380 2.780 3.175 3.567 3.954 4.337 4.712 5.071 5.447 5.839 6.248 6.673 7.108 7.530 7.971 8.432 8.914 9.415 9.800 9.684
0.000 0.000 0.000 0.000 0.000 0.000 0.000 0.000 0.000 0.000 0.000 0.000 0.000 0.000 0.000 0.000 0.000 0.000 0.000 0.000 0.000 0.000 0.000 0.000 0.000 0.000 0.000 0.000 0.000 0.000 0.000 0.000 0.000 0.000 0.017 0.038 0.060 0.083 0.106 0.130 0.188 0.250 0.311 0.372 0.432 0.489 0.581 0.673 0.762 0.848 0.931 1.010 1.200 1.392 1.579 1.762 1.940 2.114 2.492 2.869 3.242 3.610 3.974 4.335 4.768 5.217 5.682 6.164 6.662 7.176 7.685 8.215 8.765 9.334 9.924 10.452 10.291
0.000 0.000 0.000 0.000 0.000 0.000 0.000 0.000 0.000 0.000 0.000 0.000 0.000 0.000 0.000 0.000 0.000 0.000 0.000 0.000 0.000 0.000 0.000 0.000 0.000 0.000 0.000 0.000 0.000 0.000 0.000 0.000 0.000 0.000 0.017 0.041 0.068 0.095 0.122 0.151 0.202 0.259 0.314 0.368 0.420 0.471 0.545 0.623 0.698 0.769 0.838 0.903 1.060 1.232 1.399 1.562 1.721 1.875 2.210 2.568 2.921 3.271 3.616 3.956 4.448 4.970 5.509 6.064 6.635 7.223 7.821 8.439 9.077 9.735 10.412 11.110 10.908
0.000 0.000 0.000 0.000 0.000 0.000 0.000 0.000 0.000 0.000 0.000 0.000 0.000 0.000 0.000 0.000 0.000 0.000 0.000 0.000 0.000 0.000 0.000 0.000 0.000 0.000 0.000 0.000 0.000 0.001 0.002 0.003 0.005 0.007 0.025 0.053 0.083 0.114 0.145 0.177 0.221 0.271 0.319 0.366 0.411 0.454 0.512 0.576 0.637 0.694 0.748 0.799 0.924 1.076 1.224 1.367 1.506 1.640 1.932 2.271 2.606 2.936 3.262 3.584 4.112 4.707 5.319 5.947 6.564 7.161 7.731 8.271 8.782 9.265 9.719 10.144 9.867
0.000 0.000 0.000 0.000 0.000 0.000 0.000 0.000 0.000 0.000 0.000 0.000 0.000 0.000 0.000 0.000 0.000 0.000 0.000 0.000 0.000 0.000 0.000 0.000 0.000 0.000 0.000 0.000 0.001 0.003 0.006 0.009 0.012 0.016 0.033 0.065 0.098 0.132 0.167 0.202 0.242 0.285 0.326 0.365 0.403 0.439 0.483 0.533 0.579 0.622 0.662 0.698 0.794 0.926 1.054 1.177 1.296 1.410 1.658 2.000 2.350 2.701 3.054 3.408 3.935 4.525 5.100 5.659 6.203 6.731 7.190 7.604 7.988 8.344 8.671 8.970 8.781
0.000 0.000 0.000 0.000 0.000 0.000 0.000 0.000 0.000 0.000 0.000 0.000 0.000 0.000 0.000 0.000 0.000 0.000 0.000 0.000 0.000 0.000 0.000 0.000 0.000 0.000 0.000 0.000 0.001 0.005 0.009 0.014 0.019 0.024 0.040 0.075 0.112 0.149 0.187 0.226 0.265 0.300 0.334 0.366 0.396 0.425 0.457 0.493 0.525 0.553 0.584 0.615 0.694 0.826 0.959 1.093 1.228 1.363 1.615 1.970 2.326 2.684 3.043 3.404 3.865 4.387 4.893 5.383 5.858 6.317 6.679 6.965 7.223 7.452 7.653 7.824 7.687
0.000 0.000 0.000 0.000 0.000 0.000 0.000 0.000 0.000 0.000 0.000 0.000 0.000 0.000 0.000 0.000 0.000 0.000 0.000 0.000 0.000 0.000 0.000 0.000 0.000 0.000 0.000 0.000 0.001 0.006 0.012 0.018 0.025 0.032 0.046 0.085 0.125 0.166 0.207 0.250 0.289 0.316 0.342 0.367 0.392 0.416 0.441 0.472 0.502 0.531 0.560 0.588 0.656 0.792 0.929 1.066 1.205 1.345 1.577 1.938 2.301 2.665 3.031 3.398 3.811 4.264 4.701 5.122 5.528 5.919 6.196 6.356 6.487 6.589 6.663 6.708 6.585
0.006 0.005 0.004 0.003 0.000 0.000 0.000 0.000 0.000 0.000 0.000 0.000 0.000 0.000 0.000 0.000 0.000 0.000 0.000 0.000 0.000 0.000 0.000 0.000 0.000 0.000 0.000 0.000 0.000 0.007 0.015 0.023 0.032 0.044 0.059 0.102 0.143 0.184 0.224 0.264 0.300 0.323 0.346 0.368 0.389 0.409 0.430 0.458 0.485 0.512 0.538 0.563 0.616 0.756 0.897 1.039 1.182 1.325 1.537 1.905 2.274 2.645 3.017 3.391 3.773 4.157 4.525 4.878 5.215 5.536 5.742 5.775 5.780 5.748 5.676 5.592 5.444
0.015 0.013 0.009 0.006 0.001 0.000 0.000 0.000 0.000 0.000 0.000 0.000 0.000 0.000 0.000 0.000 0.000 0.000 0.000 0.000 0.000 0.000 0.000 0.000 0.000 0.001 0.002 0.003 0.005 0.016 0.029 0.043 0.058 0.074 0.091 0.130 0.168 0.205 0.241 0.277 0.311 0.331 0.350 0.369 0.386 0.403 0.420 0.445 0.469 0.493 0.516 0.538 0.576 0.720 0.865 1.011 1.157 1.305 1.496 1.870 2.246 2.623 3.002 3.382 3.738 4.000 4.244 4.472 4.682 4.875 4.977 4.888 4.787 4.673 4.547 4.408 4.243
0.026 0.021 0.015 0.009 0.002 0.000 0.000 0.000 0.000 0.000 0.000 0.000 0.000 0.000 0.000 0.000 0.000 0.000 0.000 0.000 0.000 0.000 0.000 0.001 0.003 0.005 0.007 0.010 0.012 0.026 0.044 0.063 0.082 0.103 0.125 0.158 0.193 0.226 0.259 0.291 0.322 0.340 0.355 0.370 0.385 0.398 0.411 0.432 0.454 0.474 0.494 0.514 0.536 0.683 0.832 0.982 1.129 1.273 1.431 1.772 2.100 2.414 2.713 2.999 3.262 3.448 3.617 3.769 3.903 4.021 4.079 3.936 3.780 3.612 3.431 3.238 3.040
0.036 0.029 0.022 0.013 0.004 0.000 0.000 0.000 0.001 0.001 0.000 0.000 0.000 0.000 0.000 0.000 0.000 0.000 0.000 0.000 0.000 0.000 0.000 0.002 0.005 0.008 0.012 0.015 0.020 0.036 0.058 0.081 0.106 0.131 0.158 0.188 0.219 0.249 0.278 0.306 0.333 0.349 0.361 0.373 0.384 0.394 0.403 0.421 0.442 0.465 0.488 0.512 0.537 0.669 0.810 0.947 1.081 1.212 1.340 1.614 1.880 2.132 2.370 2.594 2.803 2.913 3.007 3.083 3.143 3.185 3.195 2.997 2.786 2.564 2.328 2.081 1.835
0.049 0.045 0.038 0.029 0.018 0.010 0.010 0.009 0.008 0.005 0.002 0.000 0.000 0.000 0.000 0.000 0.000 0.000 0.000 0.000 0.000 0.000 0.000 0.002 0.006 0.011 0.016 0.021 0.026 0.044 0.071 0.099 0.128 0.158 0.189 0.218 0.246 0.271 0.292 0.312 0.333 0.345 0.354 0.363 0.373 0.384 0.395 0.417 0.442 0.469 0.497 0.526 0.555 0.664 0.791 0.915 1.036 1.154 1.269 1.470 1.675 1.865 2.042 2.204 2.353 2.397 2.415 2.416 2.400 2.367 2.317 2.071 1.806 1.529 1.239 0.938 0.627
0.105 0.092 0.078 0.061 0.041 0.025 0.022 0.019 0.015 0.010 0.004 0.000 0.000 0.000 0.000 0.000 0.000 0.000 0.000 0.000 0.000 0.000 0.000 0.002 0.008 0.013 0.020 0.026 0.033 0.048 0.076 0.104 0.131 0.158 0.185 0.208 0.229 0.249 0.269 0.288 0.308 0.323 0.334 0.347 0.359 0.373 0.387 0.411 0.441 0.472 0.505 0.538 0.572 0.662 0.776 0.887 0.994 1.099 1.201 1.341 1.484 1.613 1.727 1.828 1.915 1.898 1.841 1.767 1.675 1.567 1.477 1.281 1.068 0.860 0.658 0.463 0.273
0.163 0.142 0.119 0.094 0.066 0.040 0.035 0.029 0.023 0.015 0.007 0.000 0.000 0.000 0.000 0.000 0.000 0.000 0.000 0.000 0.000 0.000 0.000 0.001 0.007 0.012 0.016 0.021 0.025 0.036 0.063 0.089 0.115 0.140 0.165 0.188 0.207 0.227 0.246 0.265 0.283 0.300 0.314 0.329 0.345 0.361 0.378 0.404 0.439 0.474 0.511 0.549 0.588 0.663 0.764 0.861 0.956 1.047 1.135 1.226 1.307 1.375 1.439 1.502 1.563 1.543 1.487 1.431 1.376 1.321 1.267 1.110 0.923 0.742 0.567 0.398 0.236
0.223 0.194 0.163 0.130 0.094 0.056 0.049 0.040 0.031 0.021 0.011 0.000 0.000 0.000 0.000 0.000 0.000 0.000 0.000 0.000 0.000 0.000 0.000 0.001 0.005 0.008 0.012 0.015 0.018 0.025 0.050 0.074 0.098 0.122 0.145 0.167 0.186 0.205 0.223 0.241 0.259 0.277 0.294 0.312 0.330 0.349 0.369 0.396 0.435 0.476 0.517 0.559 0.597 0.644 0.715 0.784 0.852 0.917 0.981 1.043 1.103 1.162 1.219 1.275 1.329 1.320 1.266 1.213 1.160 1.108 1.057 0.933 0.773 0.619 0.470 0.328 0.192
