DATA/SHG/CPC/2018/20180326.asc
ncols        190
nrows        64
xllcorner    -5100000.000000000000
yllcorner    4130000.000000000000
cellsize     10000.000000000000
NODATA_value  -99999.000
[rows 0 to 33 of 64, columns 0 to 76 of 190]
0.000 0.000 0.000 0.000 0.000 0.000 0.000 0.000 0.000 0.000 0.000 0.000 0.000 0.000 0.000 0.000 0.000 0.000 0.000 0.000 0.000 0.000 0.000 0.000 0.003 0.007 0.012 0.017 0.022 0.028 0.036 0.045 0.055 0.065 0.076 0.087 0.098 0.107 0.115 0.124 0.131 0.138 0.139 0.133 0.128 0.123 0.117 0.112 0.106 0.101 0.096 0.090 0.084 0.079 0.073 0.069 0.064 0.060 0.055 0.050 0.046 0.041 0.037 0.032 0.028 0.023 0.019 0.016 0.013 0.010 0.006 0.002 0.000 0.000 0.000 0.000 0.000
0.000 0.000 0.000 0.000 0.000 0.000 0.000 0.000 0.000 0.000 0.000 0.000 0.000 0.000 0.000 0.000 0.000 0.000 0.000 0.000 0.000 0.000 0.000 0.000 0.003 0.008 0.014 0.021 0.027 0.034 0.043 0.054 0.066 0.078 0.091 0.104 0.116 0.123 0.130 0.136 0.142 0.147 0.148 0.143 0.137 0.131 0.125 0.119 0.113 0.108 0.102 0.096 0.090 0.084 0.078 0.073 0.069 0.064 0.059 0.055 0.050 0.046 0.041 0.036 0.032 0.027 0.023 0.020 0.016 0.012 0.008 0.003 0.000 0.000 0.000 0.000 0.000
0.000 0.000 0.000 0.000 0.000 0.000 0.000 0.000 0.000 0.000 0.000 0.000 0.000 0.000 0.000 0.000 0.000 0.000 0.000 0.000 0.000 0.000 0.000 0.000 0.002 0.009 0.016 0.024 0.031 0.039 0.049 0.062 0.076 0.091 0.105 0.121 0.134 0.140 0.145 0.149 0.153 0.157 0.158 0.152 0.146 0.139 0.133 0.127 0.120 0.114 0.108 0.102 0.095 0.089 0.083 0.078 0.074 0.069 0.064 0.059 0.054 0.050 0.045 0.041 0.036 0.032 0.027 0.023 0.019 0.014 0.009 0.005 0.000 0.000 0.000 0.000 0.000
0.000 0.000 0.000 0.000 0.000 0.000 0.000 0.000 0.000 0.000 0.000 0.000 0.000 0.000 0.000 0.000 0.000 0.000 0.000 0.000 0.000 0.000 0.000 0.000 0.002 0.010 0.018 0.026 0.035 0.044 0.055 0.070 0.086 0.102 0.119 0.137 0.153 0.157 0.160 0.163 0.165 0.167 0.167 0.161 0.155 0.148 0.142 0.136 0.129 0.123 0.116 0.110 0.103 0.096 0.089 0.084 0.079 0.074 0.069 0.064 0.058 0.054 0.049 0.045 0.040 0.036 0.031 0.027 0.022 0.016 0.011 0.006 0.000 0.000 0.000 0.000 0.000
0.000 0.000 0.000 0.000 0.000 0.000 0.000 0.000 0.000 0.000 0.000 0.000 0.000 0.000 0.000 0.000 0.000 0.000 0.000 0.000 0.000 0.000 0.000 0.000 0.001 0.010 0.019 0.029 0.038 0.049 0.060 0.077 0.095 0.113 0.132 0.152 0.172 0.174 0.175 0.176 0.177 0.178 0.179 0.173 0.167 0.160 0.153 0.146 0.139 0.132 0.126 0.118 0.111 0.104 0.096 0.091 0.085 0.080 0.074 0.068 0.062 0.058 0.053 0.049 0.044 0.040 0.036 0.030 0.025 0.019 0.013 0.007 0.001 0.000 0.000 0.000 0.000
0.000 0.000 0.000 0.000 0.000 0.000 0.000 0.000 0.000 0.000 0.000 0.000 0.000 0.000 0.000 0.000 0.000 0.000 0.000 0.000 0.000 0.000 0.000 0.000 0.000 0.009 0.020 0.031 0.042 0.053 0.065 0.085 0.105 0.125 0.144 0.162 0.179 0.183 0.184 0.185 0.187 0.189 0.191 0.186 0.179 0.172 0.164 0.157 0.150 0.142 0.135 0.127 0.119 0.111 0.103 0.097 0.091 0.085 0.079 0.073 0.067 0.062 0.058 0.053 0.049 0.044 0.040 0.034 0.028 0.022 0.015 0.009 0.002 0.000 0.000 0.000 0.000
0.000 0.000 0.000 0.000 0.000 0.000 0.000 0.000 0.000 0.000 0.000 0.000 0.000 0.000 0.000 0.000 0.000 0.000 0.000 0.000 0.000 0.000 0.000 0.000 0.000 0.010 0.023 0.037 0.052 0.068 0.085 0.103 0.121 0.138 0.155 0.170 0.186 0.191 0.193 0.195 0.197 0.200 0.203 0.198 0.191 0.183 0.176 0.168 0.160 0.152 0.144 0.136 0.128 0.119 0.110 0.104 0.098 0.092 0.086 0.080 0.074 0.069 0.064 0.059 0.055 0.049 0.044 0.038 0.031 0.025 0.018 0.010 0.003 0.000 0.000 0.000 0.000
0.000 0.000 0.000 0.000 0.000 0.000 0.000 0.000 0.000 0.000 0.000 0.000 0.000 0.000 0.000 0.000 0.000 0.000 0.000 0.000 0.000 0.000 0.000 0.000 0.000 0.010 0.027 0.044 0.063 0.083 0.104 0.122 0.137 0.152 0.166 0.180 0.192 0.199 0.202 0.204 0.207 0.210 0.214 0.211 0.203 0.195 0.187 0.179 0.171 0.163 0.155 0.147 0.139 0.130 0.122 0.114 0.108 0.102 0.096 0.089 0.082 0.076 0.071 0.066 0.060 0.054 0.049 0.042 0.035 0.028 0.020 0.012 0.004 0.000 0.000 0.000 0.000
0.000 0.000 0.000 0.000 0.000 0.000 0.000 0.000 0.000 0.000 0.000 0.000 0.000 0.000 0.000 0.000 0.000 0.000 0.000 0.000 0.000 0.000 0.000 0.000 0.000 0.010 0.030 0.051 0.074 0.097 0.121 0.141 0.154 0.167 0.178 0.190 0.200 0.207 0.210 0.214 0.217 0.221 0.224 0.223 0.215 0.207 0.200 0.192 0.185 0.178 0.169 0.160 0.151 0.143 0.133 0.125 0.119 0.112 0.105 0.098 0.090 0.084 0.078 0.072 0.066 0.060 0.053 0.046 0.039 0.031 0.023 0.014 0.006 0.001 0.002 0.002 0.002
0.000 0.000 0.000 0.000 0.000 0.000 0.000 0.000 0.000 0.000 0.000 0.000 0.000 0.000 0.000 0.000 0.000 0.000 0.000 0.000 0.000 0.000 0.000 0.000 0.000 0.008 0.032 0.057 0.083 0.110 0.138 0.161 0.172 0.182 0.191 0.199 0.208 0.216 0.219 0.223 0.226 0.230 0.234 0.234 0.227 0.220 0.213 0.206 0.199 0.192 0.183 0.174 0.164 0.155 0.145 0.136 0.129 0.122 0.114 0.107 0.099 0.091 0.085 0.078 0.072 0.065 0.059 0.052 0.045 0.038 0.030 0.023 0.016 0.010 0.009 0.008 0.007
0.000 0.000 0.000 0.000 0.000 0.000 0.000 0.000 0.000 0.000 0.000 0.000 0.000 0.000 0.000 0.000 0.000 0.000 0.000 0.000 0.000 0.000 0.000 0.000 0.000 0.006 0.034 0.064 0.093 0.121 0.149 0.172 0.181 0.190 0.199 0.208 0.217 0.225 0.228 0.232 0.236 0.239 0.243 0.245 0.238 0.232 0.225 0.219 0.213 0.206 0.197 0.187 0.177 0.167 0.157 0.148 0.140 0.132 0.124 0.117 0.110 0.102 0.096 0.090 0.083 0.076 0.069 0.062 0.055 0.047 0.040 0.033 0.026 0.019 0.017 0.014 0.011
0.000 0.000 0.000 0.000 0.000 0.000 0.000 0.000 0.000 0.000 0.000 0.000 0.000 0.000 0.000 0.000 0.000 0.000 0.000 0.000 0.001 0.003 0.006 0.010 0.016 0.023 0.051 0.079 0.105 0.131 0.157 0.181 0.190 0.199 0.207 0.216 0.225 0.234 0.238 0.241 0.245 0.249 0.252 0.256 0.250 0.243 0.237 0.232 0.226 0.220 0.211 0.201 0.192 0.182 0.173 0.164 0.156 0.149 0.141 0.133 0.125 0.116 0.109 0.102 0.095 0.087 0.079 0.071 0.064 0.057 0.050 0.043 0.036 0.028 0.025 0.021 0.016
0.000 0.000 0.000 0.000 0.000 0.000 0.000 0.000 0.000 0.000 0.000 0.000 0.000 0.000 0.000 0.000 0.000 0.000 0.000 0.000 0.004 0.010 0.017 0.026 0.035 0.045 0.069 0.094 0.119 0.142 0.165 0.188 0.198 0.207 0.216 0.225 0.234 0.243 0.247 0.251 0.254 0.258 0.262 0.265 0.261 0.257 0.252 0.247 0.242 0.238 0.229 0.220 0.210 0.201 0.192 0.183 0.174 0.166 0.158 0.149 0.140 0.131 0.123 0.115 0.107 0.099 0.090 0.081 0.074 0.066 0.059 0.052 0.045 0.038 0.033 0.027 0.022
0.000 0.000 0.000 0.000 0.000 0.000 0.000 0.000 0.000 0.000 0.000 0.000 0.000 0.000 0.000 0.000 0.000 0.000 0.000 0.000 0.007 0.017 0.028 0.040 0.053 0.067 0.088 0.111 0.133 0.154 0.175 0.195 0.206 0.215 0.224 0.233 0.242 0.252 0.259 0.263 0.268 0.273 0.277 0.282 0.279 0.275 0.270 0.265 0.260 0.255 0.248 0.238 0.229 0.220 0.211 0.201 0.193 0.184 0.174 0.165 0.156 0.146 0.137 0.128 0.119 0.110 0.101 0.091 0.083 0.077 0.071 0.064 0.057 0.050 0.044 0.038 0.032
0.000 0.000 0.000 0.000 0.000 0.000 0.000 0.000 0.000 0.000 0.000 0.000 0.000 0.000 0.000 0.000 0.000 0.000 0.000 0.000 0.008 0.022 0.037 0.052 0.069 0.088 0.108 0.128 0.148 0.167 0.185 0.204 0.217 0.228 0.238 0.248 0.259 0.269 0.276 0.281 0.285 0.290 0.294 0.298 0.297 0.292 0.288 0.283 0.278 0.273 0.266 0.257 0.248 0.239 0.229 0.220 0.211 0.201 0.192 0.182 0.171 0.161 0.152 0.144 0.136 0.127 0.118 0.109 0.101 0.094 0.087 0.079 0.072 0.064 0.057 0.050 0.043
0.000 0.000 0.000 0.000 0.000 0.000 0.000 0.000 0.000 0.000 0.000 0.000 0.000 0.000 0.000 0.000 0.000 0.000 0.000 0.000 0.008 0.026 0.044 0.061 0.078 0.095 0.113 0.131 0.151 0.171 0.193 0.215 0.232 0.243 0.253 0.264 0.275 0.286 0.294 0.298 0.303 0.307 0.311 0.315 0.315 0.310 0.305 0.301 0.296 0.291 0.285 0.275 0.266 0.257 0.248 0.240 0.232 0.223 0.214 0.204 0.195 0.185 0.176 0.167 0.157 0.148 0.138 0.128 0.119 0.111 0.103 0.095 0.086 0.078 0.069 0.062 0.054
0.000 0.000 0.000 0.000 0.000 0.000 0.000 0.000 0.000 0.000 0.000 0.000 0.000 0.000 0.000 0.000 0.000 0.000 0.000 0.000 0.006 0.023 0.040 0.056 0.072 0.089 0.106 0.128 0.151 0.175 0.199 0.225 0.247 0.258 0.269 0.280 0.291 0.303 0.312 0.316 0.320 0.324 0.328 0.332 0.333 0.328 0.323 0.319 0.314 0.310 0.305 0.297 0.289 0.281 0.274 0.267 0.259 0.249 0.240 0.230 0.220 0.210 0.200 0.190 0.179 0.169 0.158 0.147 0.137 0.128 0.120 0.111 0.101 0.092 0.082 0.074 0.065
0.000 0.000 0.000 0.000 0.000 0.000 0.000 0.000 0.000 0.000 0.000 0.000 0.000 0.000 0.000 0.000 0.000 0.000 0.000 0.000 0.003 0.019 0.035 0.051 0.067 0.082 0.099 0.124 0.150 0.177 0.205 0.234 0.261 0.272 0.284 0.296 0.307 0.319 0.330 0.334 0.337 0.340 0.343 0.346 0.348 0.344 0.340 0.337 0.334 0.331 0.328 0.320 0.313 0.306 0.299 0.293 0.286 0.276 0.266 0.255 0.245 0.234 0.224 0.213 0.202 0.190 0.179 0.167 0.155 0.146 0.136 0.126 0.117 0.108 0.099 0.090 0.081
0.000 0.000 0.000 0.000 0.000 0.000 0.000 0.000 0.000 0.000 0.000 0.000 0.000 0.000 0.000 0.000 0.000 0.000 0.000 0.000 0.001 0.016 0.031 0.046 0.061 0.076 0.091 0.119 0.149 0.179 0.210 0.243 0.275 0.286 0.296 0.307 0.318 0.330 0.342 0.345 0.348 0.351 0.355 0.358 0.362 0.359 0.357 0.354 0.353 0.351 0.350 0.343 0.337 0.331 0.325 0.319 0.313 0.302 0.292 0.281 0.270 0.259 0.248 0.236 0.224 0.213 0.203 0.192 0.182 0.174 0.165 0.156 0.146 0.135 0.124 0.114 0.103
0.000 0.000 0.000 0.000 0.000 0.000 0.000 0.000 0.000 0.000 0.000 0.000 0.000 0.000 0.000 0.000 0.000 0.000 0.000 0.000 0.000 0.013 0.028 0.042 0.056 0.070 0.083 0.112 0.143 0.175 0.207 0.240 0.273 0.287 0.299 0.311 0.324 0.337 0.351 0.355 0.359 0.363 0.366 0.370 0.375 0.374 0.373 0.372 0.371 0.371 0.372 0.366 0.361 0.355 0.349 0.344 0.339 0.329 0.318 0.308 0.298 0.289 0.280 0.270 0.260 0.250 0.240 0.230 0.219 0.209 0.198 0.187 0.175 0.163 0.150 0.137 0.124
0.000 0.000 0.000 0.000 0.000 0.000 0.000 0.000 0.000 0.000 0.000 0.000 0.000 0.000 0.000 0.000 0.000 0.000 0.000 0.000 0.000 0.010 0.024 0.036 0.049 0.061 0.073 0.100 0.133 0.166 0.200 0.234 0.269 0.288 0.301 0.315 0.329 0.344 0.359 0.365 0.369 0.374 0.378 0.382 0.387 0.388 0.388 0.389 0.390 0.391 0.392 0.389 0.383 0.378 0.373 0.369 0.366 0.358 0.349 0.340 0.332 0.324 0.317 0.307 0.297 0.287 0.277 0.267 0.257 0.245 0.232 0.219 0.205 0.191 0.176 0.161 0.146
0.000 0.000 0.000 0.000 0.000 0.000 0.000 0.000 0.000 0.000 0.000 0.000 0.000 0.000 0.000 0.000 0.000 0.000 0.000 0.000 0.000 0.007 0.019 0.031 0.042 0.053 0.063 0.088 0.122 0.157 0.192 0.228 0.265 0.288 0.303 0.318 0.334 0.350 0.366 0.375 0.380 0.385 0.389 0.394 0.399 0.402 0.404 0.404 0.405 0.406 0.406 0.404 0.400 0.397 0.395 0.394 0.392 0.387 0.380 0.372 0.365 0.359 0.353 0.344 0.334 0.324 0.314 0.304 0.294 0.281 0.266 0.251 0.235 0.219 0.202 0.186 0.170
0.000 0.000 0.000 0.000 0.000 0.000 0.000 0.000 0.000 0.000 0.000 0.000 0.000 0.000 0.000 0.000 0.000 0.000 0.000 0.000 0.000 0.005 0.015 0.026 0.035 0.045 0.054 0.075 0.111 0.147 0.184 0.222 0.260 0.288 0.304 0.321 0.338 0.354 0.371 0.383 0.388 0.394 0.400 0.407 0.414 0.419 0.419 0.420 0.420 0.420 0.420 0.419 0.417 0.417 0.417 0.417 0.418 0.416 0.410 0.404 0.398 0.393 0.389 0.381 0.371 0.361 0.351 0.341 0.331 0.318 0.304 0.290 0.275 0.260 0.245 0.229 0.212
0.000 0.000 0.000 0.000 0.000 0.000 0.000 0.000 0.000 0.000 0.000 0.000 0.000 0.000 0.000 0.000 0.000 0.000 0.000 0.000 0.000 0.003 0.012 0.021 0.029 0.037 0.045 0.062 0.099 0.137 0.174 0.211 0.248 0.279 0.295 0.313 0.331 0.351 0.371 0.387 0.394 0.402 0.410 0.419 0.428 0.435 0.435 0.435 0.434 0.434 0.433 0.433 0.434 0.435 0.437 0.440 0.443 0.444 0.440 0.435 0.431 0.427 0.424 0.420 0.411 0.403 0.394 0.386 0.379 0.369 0.354 0.339 0.323 0.308 0.292 0.275 0.255
0.000 0.000 0.000 0.000 0.000 0.000 0.000 0.000 0.000 0.000 0.000 0.000 0.000 0.000 0.000 0.000 0.000 0.000 0.000 0.000 0.000 0.001 0.009 0.016 0.023 0.030 0.036 0.046 0.083 0.120 0.156 0.193 0.229 0.262 0.282 0.302 0.324 0.346 0.369 0.390 0.399 0.409 0.419 0.430 0.442 0.451 0.451 0.450 0.449 0.448 0.447 0.446 0.449 0.453 0.457 0.463 0.469 0.473 0.471 0.468 0.467 0.466 0.465 0.464 0.456 0.449 0.441 0.434 0.427 0.419 0.404 0.388 0.372 0.356 0.340 0.322 0.299
0.000 0.000 0.000 0.000 0.000 0.000 0.000 0.000 0.000 0.000 0.000 0.000 0.000 0.000 0.000 0.000 0.000 0.000 0.000 0.000 0.000 0.000 0.006 0.012 0.017 0.022 0.026 0.030 0.066 0.102 0.138 0.174 0.210 0.245 0.267 0.291 0.315 0.340 0.366 0.393 0.404 0.416 0.428 0.441 0.454 0.468 0.467 0.466 0.464 0.463 0.462 0.463 0.468 0.474 0.481 0.488 0.496 0.503 0.503 0.503 0.503 0.504 0.506 0.508 0.501 0.494 0.488 0.482 0.476 0.470 0.453 0.437 0.421 0.404 0.387 0.369 0.344
0.000 0.000 0.000 0.000 0.000 0.000 0.000 0.000 0.000 0.000 0.000 0.000 0.000 0.000 0.000 0.000 0.000 0.000 0.000 0.000 0.000 0.000 0.004 0.008 0.011 0.014 0.017 0.019 0.050 0.085 0.121 0.156 0.191 0.225 0.252 0.279 0.306 0.334 0.363 0.393 0.408 0.420 0.433 0.446 0.460 0.474 0.475 0.475 0.475 0.477 0.479 0.481 0.488 0.496 0.504 0.513 0.522 0.532 0.534 0.536 0.539 0.542 0.546 0.550 0.545 0.539 0.534 0.529 0.524 0.519 0.503 0.486 0.469 0.455 0.447 0.441 0.426
0.000 0.000 0.000 0.000 0.000 0.000 0.000 0.000 0.000 0.000 0.000 0.000 0.000 0.000 0.000 0.000 0.000 0.000 0.000 0.000 0.000 0.000 0.002 0.004 0.006 0.007 0.008 0.008 0.034 0.068 0.103 0.138 0.172 0.206 0.235 0.263 0.291 0.321 0.351 0.381 0.399 0.413 0.428 0.443 0.459 0.475 0.480 0.483 0.486 0.490 0.494 0.500 0.508 0.517 0.527 0.538 0.548 0.560 0.565 0.569 0.574 0.579 0.585 0.591 0.589 0.584 0.580 0.578 0.578 0.579 0.572 0.565 0.560 0.557 0.556 0.557 0.548
0.000 0.000 0.000 0.000 0.000 0.000 0.000 0.000 0.000 0.000 0.000 0.000 0.000 0.000 0.000 0.000 0.000 0.000 0.000 0.000 0.000 0.000 0.001 0.001 0.001 0.001 0.000 0.000 0.020 0.054 0.087 0.119 0.150 0.179 0.209 0.239 0.270 0.302 0.334 0.367 0.390 0.406 0.422 0.439 0.457 0.475 0.485 0.490 0.496 0.502 0.509 0.517 0.527 0.538 0.550 0.561 0.574 0.587 0.595 0.601 0.606 0.613 0.620 0.628 0.630 0.630 0.632 0.636 0.641 0.648 0.650 0.650 0.652 0.656 0.663 0.671 0.669
0.000 0.000 0.000 0.000 0.000 0.000 0.000 0.000 0.000 0.000 0.000 0.000 0.000 0.000 0.000 0.000 0.000 0.000 0.000 0.000 0.000 0.000 0.000 0.000 0.000 0.000 0.000 0.000 0.013 0.044 0.073 0.101 0.128 0.154 0.182 0.215 0.248 0.282 0.317 0.352 0.379 0.397 0.416 0.435 0.455 0.475 0.489 0.497 0.505 0.514 0.524 0.534 0.544 0.555 0.567 0.579 0.592 0.605 0.615 0.623 0.631 0.641 0.650 0.661 0.669 0.675 0.683 0.693 0.704 0.716 0.726 0.733 0.743 0.754 0.768 0.783 0.788
0.000 0.000 0.000 0.000 0.000 0.000 0.000 0.000 0.000 0.000 0.000 0.000 0.000 0.000 0.000 0.000 0.000 0.000 0.000 0.000 0.000 0.000 0.000 0.000 0.000 0.000 0.000 0.000 0.008 0.034 0.060 0.084 0.107 0.130 0.155 0.190 0.225 0.262 0.299 0.336 0.369 0.389 0.409 0.430 0.452 0.474 0.491 0.500 0.509 0.518 0.528 0.538 0.549 0.562 0.576 0.590 0.605 0.621 0.634 0.645 0.656 0.668 0.680 0.694 0.707 0.719 0.732 0.747 0.764 0.783 0.800 0.814 0.831 0.850 0.870 0.893 0.907
0.000 0.000 0.000 0.000 0.000 0.000 0.000 0.000 0.000 0.000 0.000 0.000 0.000 0.000 0.000 0.000 0.000 0.000 0.000 0.000 0.000 0.000 0.000 0.000 0.000 0.000 0.000 0.000 0.003 0.026 0.048 0.068 0.088 0.106 0.127 0.164 0.202 0.241 0.281 0.321 0.359 0.381 0.403 0.424 0.446 0.468 0.487 0.497 0.507 0.518 0.529 0.541 0.553 0.568 0.584 0.601 0.618 0.635 0.652 0.666 0.679 0.694 0.709 0.726 0.743 0.760 0.780 0.801 0.823 0.847 0.873 0.900 0.932 0.970 1.013 1.061 1.105
0.000 0.000 0.000 0.000 0.000 0.000 0.000 0.000 0.000 0.000 0.000 0.000 0.000 0.000 0.000 0.000 0.000 0.000 0.000 0.000 0.000 0.000 0.000 0.000 0.000 0.000 0.000 0.000 0.000 0.019 0.037 0.054 0.070 0.086 0.101 0.141 0.182 0.224 0.266 0.310 0.353 0.374 0.396 0.418 0.440 0.461 0.483 0.494 0.506 0.518 0.530 0.543 0.557 0.574 0.592 0.611 0.630 0.650 0.670 0.686 0.702 0.720 0.738 0.756 0.774 0.797 0.824 0.854 0.888 0.926 0.967 1.012 1.063 1.119 1.180 1.246 1.312
0.000 0.000 0.000 0.000 0.000 0.000 0.000 0.000 0.000 0.000 0.000 0.000 0.000 0.000 0.000 0.000 0.000 0.000 0.000 0.000 0.000 0.000 0.000 0.000 0.000 0.000 0.000 0.000 0.000 0.013 0.028 0.043 0.056 0.068 0.080 0.119 0.162 0.206 0.251 0.297 0.343 0.368 0.390 0.411 0.433 0.455 0.477 0.490 0.504 0.517 0.531 0.545 0.560 0.579 0.599 0.620 0.640 0.658 0.676 0.692 0.709 0.727 0.747 0.768 0.790 0.825 0.864 0.907 0.953 1.003 1.056 1.119 1.188 1.262 1.341 1.426 1.515
