DATA/SHG/CPC/2018/20180525.asc
ncols        190
nrows        64
xllcorner    -5100000.000000000000
yllcorner    4130000.000000000000
cellsize     10000.000000000000
NODATA_value  -99999.000
[rows 0 to 33 of 64, columns 0 to 74 of 190]
0.000 0.000 0.000 0.000 0.000 0.000 0.000 0.000 0.000 0.000 0.000 0.000 0.001 0.003 0.006 0.008 0.011 0.015 0.024 0.036 0.050 0.065 0.081 0.099 0.106 0.106 0.105 0.104 0.103 0.101 0.092 0.078 0.062 0.045 0.027 0.012 0.006 0.008 0.008 0.007 0.005 0.002 0.000 0.000 0.000 0.000 0.000 0.000 0.000 0.000 0.000 0.000 0.000 0.000 0.000 0.000 0.000 0.000 0.000 0.000 0.000 0.000 0.000 0.000 0.000 0.000 0.000 0.000 0.000 0.000 0.000 0.000 0.000 0.000 0.000
0.000 0.000 0.000 0.000 0.000 0.000 0.000 0.000 0.000 0.000 0.000 0.000 0.002 0.005 0.009 0.013 0.017 0.022 0.033 0.050 0.068 0.088 0.109 0.131 0.142 0.140 0.138 0.136 0.136 0.135 0.128 0.113 0.097 0.079 0.061 0.042 0.030 0.027 0.023 0.018 0.012 0.005 0.000 0.000 0.000 0.000 0.000 0.000 0.000 0.000 0.000 0.000 0.000 0.000 0.000 0.000 0.000 0.000 0.000 0.000 0.000 0.000 0.000 0.000 0.000 0.000 0.000 0.000 0.000 0.000 0.000 0.000 0.000 0.000 0.000
0.000 0.000 0.000 0.000 0.000 0.000 0.000 0.000 0.000 0.000 0.000 0.000 0.002 0.006 0.011 0.016 0.022 0.028 0.040 0.062 0.086 0.112 0.139 0.167 0.184 0.183 0.183 0.183 0.183 0.183 0.177 0.159 0.139 0.118 0.096 0.073 0.055 0.048 0.040 0.031 0.021 0.009 0.000 0.000 0.000 0.000 0.000 0.000 0.000 0.000 0.000 0.000 0.000 0.000 0.000 0.000 0.000 0.000 0.000 0.000 0.000 0.000 0.000 0.000 0.000 0.000 0.000 0.000 0.000 0.000 0.000 0.000 0.000 0.000 0.000
0.000 0.000 0.000 0.000 0.000 0.000 0.000 0.000 0.000 0.000 0.000 0.000 0.002 0.008 0.017 0.027 0.037 0.049 0.066 0.093 0.120 0.149 0.177 0.206 0.229 0.229 0.230 0.230 0.230 0.231 0.227 0.205 0.182 0.157 0.132 0.105 0.081 0.070 0.058 0.045 0.030 0.015 0.000 0.000 0.000 0.001 0.001 0.001 0.000 0.000 0.000 0.000 0.000 0.000 0.000 0.000 0.000 0.000 0.000 0.000 0.000 0.000 0.000 0.000 0.000 0.000 0.000 0.000 0.000 0.000 0.000 0.000 0.000 0.000 0.000
0.000 0.000 0.000 0.000 0.000 0.000 0.001 0.002 0.003 0.005 0.006 0.008 0.011 0.022 0.035 0.048 0.063 0.078 0.096 0.125 0.154 0.184 0.215 0.246 0.274 0.275 0.276 0.276 0.277 0.279 0.278 0.252 0.226 0.198 0.169 0.139 0.108 0.093 0.082 0.068 0.051 0.032 0.011 0.010 0.010 0.008 0.006 0.004 0.000 0.000 0.000 0.000 0.000 0.000 0.000 0.000 0.000 0.000 0.000 0.000 0.000 0.000 0.000 0.000 0.000 0.000 0.000 0.000 0.000 0.000 0.000 0.000 0.000 0.000 0.000
0.000 0.001 0.001 0.002 0.004 0.006 0.008 0.009 0.011 0.013 0.015 0.018 0.020 0.035 0.051 0.068 0.086 0.106 0.126 0.156 0.188 0.219 0.251 0.284 0.317 0.320 0.322 0.323 0.324 0.326 0.328 0.306 0.280 0.254 0.227 0.201 0.175 0.156 0.135 0.113 0.087 0.060 0.030 0.023 0.020 0.016 0.012 0.007 0.001 0.000 0.000 0.000 0.000 0.000 0.000 0.000 0.000 0.000 0.000 0.000 0.000 0.000 0.000 0.000 0.000 0.000 0.000 0.000 0.000 0.000 0.000 0.000 0.000 0.000 0.000
0.000 0.001 0.003 0.006 0.008 0.011 0.014 0.017 0.019 0.021 0.024 0.027 0.030 0.046 0.066 0.087 0.109 0.132 0.156 0.187 0.220 0.254 0.288 0.324 0.362 0.374 0.379 0.384 0.389 0.394 0.399 0.380 0.354 0.327 0.301 0.274 0.247 0.220 0.191 0.160 0.126 0.090 0.052 0.037 0.031 0.025 0.018 0.011 0.003 0.000 0.000 0.000 0.000 0.000 0.000 0.000 0.000 0.000 0.000 0.000 0.000 0.000 0.000 0.000 0.000 0.000 0.000 0.000 0.000 0.000 0.000 0.000 0.000 0.000 0.000
0.000 0.002 0.005 0.008 0.012 0.016 0.020 0.024 0.027 0.030 0.033 0.036 0.040 0.057 0.080 0.105 0.132 0.162 0.194 0.230 0.268 0.306 0.345 0.385 0.424 0.442 0.447 0.453 0.458 0.464 0.470 0.455 0.428 0.401 0.374 0.347 0.319 0.287 0.249 0.210 0.168 0.123 0.076 0.051 0.043 0.034 0.025 0.016 0.005 0.000 0.000 0.000 0.000 0.000 0.000 0.000 0.000 0.000 0.000 0.000 0.000 0.000 0.000 0.000 0.000 0.000 0.000 0.000 0.000 0.000 0.000 0.000 0.000 0.000 0.000
0.000 0.002 0.006 0.011 0.016 0.021 0.026 0.030 0.034 0.038 0.042 0.046 0.051 0.068 0.099 0.132 0.167 0.204 0.243 0.283 0.323 0.363 0.404 0.445 0.486 0.510 0.516 0.522 0.528 0.534 0.540 0.530 0.503 0.475 0.447 0.419 0.391 0.356 0.310 0.262 0.211 0.161 0.111 0.078 0.070 0.058 0.045 0.029 0.012 0.000 0.000 0.000 0.000 0.000 0.000 0.000 0.000 0.000 0.000 0.000 0.000 0.000 0.000 0.000 0.000 0.000 0.000 0.000 0.000 0.000 0.000 0.000 0.000 0.000 0.000
0.000 0.002 0.009 0.015 0.022 0.028 0.035 0.041 0.045 0.049 0.053 0.058 0.062 0.079 0.117 0.158 0.200 0.244 0.291 0.336 0.377 0.419 0.462 0.504 0.548 0.578 0.584 0.591 0.597 0.604 0.610 0.605 0.577 0.549 0.519 0.489 0.459 0.423 0.372 0.322 0.271 0.219 0.167 0.126 0.109 0.090 0.069 0.046 0.020 0.000 0.000 0.000 0.000 0.000 0.000 0.000 0.000 0.000 0.000 0.000 0.000 0.000 0.000 0.000 0.000 0.000 0.000 0.000 0.000 0.000 0.000 0.000 0.000 0.000 0.000
0.007 0.010 0.017 0.024 0.031 0.038 0.045 0.052 0.056 0.060 0.065 0.069 0.074 0.088 0.133 0.181 0.230 0.282 0.336 0.388 0.431 0.475 0.519 0.564 0.609 0.646 0.652 0.659 0.665 0.671 0.676 0.675 0.645 0.614 0.584 0.553 0.521 0.486 0.435 0.383 0.330 0.278 0.225 0.175 0.151 0.124 0.095 0.064 0.031 0.000 0.000 0.000 0.000 0.000 0.000 0.000 0.000 0.000 0.000 0.000 0.000 0.000 0.000 0.000 0.000 0.000 0.000 0.000 0.000 0.000 0.000 0.000 0.000 0.000 0.000
0.014 0.018 0.025 0.032 0.040 0.047 0.055 0.062 0.067 0.071 0.076 0.080 0.085 0.094 0.147 0.202 0.259 0.317 0.378 0.440 0.485 0.530 0.575 0.622 0.668 0.713 0.719 0.725 0.730 0.735 0.740 0.743 0.712 0.680 0.648 0.616 0.584 0.550 0.497 0.444 0.390 0.336 0.282 0.227 0.195 0.161 0.124 0.085 0.044 0.001 0.000 0.001 0.001 0.001 0.001 0.000 0.000 0.000 0.000 0.000 0.000 0.000 0.000 0.000 0.000 0.000 0.000 0.000 0.000 0.000 0.000 0.000 0.000 0.000 0.000
0.020 0.026 0.033 0.041 0.049 0.057 0.065 0.073 0.078 0.082 0.087 0.092 0.099 0.108 0.167 0.230 0.293 0.358 0.422 0.488 0.536 0.583 0.631 0.679 0.728 0.777 0.786 0.790 0.795 0.799 0.803 0.807 0.778 0.746 0.713 0.680 0.646 0.612 0.560 0.506 0.451 0.395 0.340 0.283 0.241 0.199 0.155 0.110 0.064 0.016 0.009 0.008 0.007 0.005 0.003 0.000 0.000 0.000 0.000 0.000 0.000 0.000 0.000 0.000 0.000 0.000 0.000 0.000 0.000 0.000 0.000 0.000 0.000 0.000 0.000
0.027 0.033 0.041 0.049 0.058 0.067 0.075 0.083 0.091 0.099 0.109 0.120 0.133 0.146 0.201 0.266 0.332 0.398 0.466 0.534 0.587 0.636 0.685 0.735 0.786 0.837 0.853 0.856 0.860 0.864 0.867 0.870 0.846 0.812 0.778 0.744 0.709 0.676 0.627 0.572 0.515 0.456 0.396 0.335 0.284 0.237 0.189 0.139 0.088 0.035 0.018 0.016 0.013 0.010 0.006 0.001 0.000 0.000 0.000 0.000 0.000 0.000 0.000 0.000 0.000 0.000 0.000 0.000 0.000 0.000 0.000 0.000 0.000 0.000 0.000
0.039 0.049 0.059 0.067 0.075 0.082 0.089 0.095 0.105 0.118 0.132 0.148 0.165 0.183 0.233 0.301 0.369 0.439 0.508 0.579 0.637 0.688 0.739 0.791 0.844 0.897 0.919 0.923 0.926 0.928 0.933 0.938 0.920 0.888 0.855 0.822 0.788 0.754 0.705 0.644 0.582 0.519 0.454 0.387 0.329 0.278 0.224 0.169 0.113 0.056 0.028 0.024 0.020 0.015 0.009 0.003 0.000 0.000 0.000 0.000 0.000 0.000 0.000 0.000 0.000 0.000 0.000 0.000 0.000 0.000 0.000 0.000 0.000 0.000 0.000
0.057 0.071 0.081 0.088 0.093 0.098 0.103 0.107 0.117 0.135 0.154 0.174 0.196 0.219 0.265 0.335 0.406 0.478 0.550 0.623 0.686 0.739 0.792 0.846 0.900 0.955 0.985 0.990 0.995 1.001 1.008 1.016 1.005 0.971 0.937 0.903 0.868 0.833 0.785 0.719 0.651 0.583 0.513 0.441 0.376 0.319 0.261 0.201 0.140 0.078 0.039 0.033 0.027 0.020 0.013 0.005 0.000 0.000 0.000 0.000 0.000 0.000 0.000 0.000 0.000 0.000 0.000 0.000 0.000 0.000 0.000 0.000 0.000 0.000 0.000
0.075 0.092 0.104 0.108 0.112 0.115 0.118 0.120 0.128 0.151 0.174 0.199 0.225 0.253 0.297 0.370 0.445 0.520 0.594 0.668 0.735 0.789 0.844 0.899 0.954 1.009 1.049 1.056 1.064 1.073 1.083 1.093 1.089 1.055 1.019 0.984 0.948 0.912 0.865 0.794 0.722 0.648 0.573 0.496 0.424 0.362 0.299 0.234 0.166 0.096 0.043 0.035 0.027 0.020 0.012 0.005 0.000 0.000 0.000 0.000 0.000 0.000 0.000 0.000 0.000 0.000 0.000 0.000 0.000 0.000 0.000 0.000 0.000 0.000 0.000
0.092 0.111 0.128 0.130 0.132 0.133 0.133 0.133 0.140 0.171 0.203 0.236 0.271 0.306 0.350 0.424 0.498 0.571 0.643 0.715 0.784 0.839 0.895 0.951 1.007 1.064 1.112 1.122 1.133 1.144 1.156 1.169 1.174 1.138 1.102 1.065 1.028 0.991 0.947 0.871 0.795 0.716 0.634 0.549 0.465 0.396 0.325 0.254 0.180 0.105 0.040 0.032 0.025 0.018 0.012 0.005 0.000 0.000 0.000 0.000 0.000 0.000 0.000 0.000 0.000 0.000 0.000 0.000 0.000 0.000 0.000 0.000 0.000 0.000 0.000
0.109 0.131 0.151 0.153 0.156 0.159 0.164 0.170 0.178 0.213 0.249 0.286 0.325 0.365 0.407 0.479 0.551 0.622 0.693 0.763 0.832 0.888 0.945 1.002 1.060 1.118 1.174 1.187 1.200 1.214 1.229 1.245 1.260 1.227 1.196 1.163 1.128 1.091 1.051 0.967 0.881 0.791 0.698 0.601 0.502 0.428 0.352 0.275 0.196 0.116 0.036 0.029 0.023 0.017 0.011 0.005 0.000 0.000 0.000 0.000 0.000 0.000 0.000 0.000 0.000 0.001 0.002 0.003 0.003 0.004 0.004 0.003 0.002 0.001 0.000
0.134 0.153 0.170 0.176 0.183 0.190 0.198 0.207 0.217 0.253 0.293 0.335 0.378 0.422 0.467 0.534 0.604 0.674 0.742 0.811 0.878 0.937 0.995 1.054 1.112 1.171 1.235 1.262 1.286 1.311 1.338 1.367 1.397 1.369 1.330 1.290 1.248 1.204 1.157 1.068 0.970 0.869 0.764 0.656 0.545 0.461 0.380 0.298 0.214 0.129 0.042 0.026 0.020 0.015 0.010 0.005 0.001 0.000 0.000 0.002 0.004 0.007 0.011 0.013 0.014 0.014 0.013 0.012 0.011 0.010 0.009 0.007 0.005 0.003 0.000
0.161 0.176 0.189 0.199 0.209 0.219 0.230 0.243 0.256 0.292 0.337 0.382 0.429 0.477 0.526 0.590 0.658 0.726 0.792 0.862 0.934 1.001 1.067 1.133 1.199 1.266 1.334 1.372 1.401 1.432 1.465 1.499 1.535 1.512 1.467 1.420 1.370 1.319 1.265 1.172 1.062 0.950 0.834 0.714 0.592 0.496 0.410 0.322 0.233 0.143 0.050 0.023 0.020 0.017 0.012 0.007 0.002 0.002 0.006 0.010 0.016 0.022 0.029 0.031 0.030 0.028 0.025 0.023 0.019 0.016 0.014 0.011 0.008 0.005 0.001
0.189 0.200 0.210 0.221 0.233 0.247 0.262 0.278 0.294 0.330 0.378 0.428 0.476 0.525 0.576 0.638 0.709 0.782 0.858 0.936 1.016 1.089 1.156 1.224 1.293 1.362 1.432 1.480 1.515 1.552 1.590 1.630 1.671 1.658 1.606 1.551 1.494 1.435 1.375 1.279 1.158 1.034 0.906 0.776 0.643 0.535 0.446 0.356 0.264 0.171 0.077 0.036 0.031 0.025 0.019 0.011 0.003 0.004 0.010 0.018 0.027 0.036 0.046 0.049 0.046 0.042 0.038 0.033 0.028 0.023 0.020 0.016 0.012 0.007 0.002
0.219 0.226 0.231 0.241 0.257 0.273 0.289 0.305 0.320 0.351 0.401 0.451 0.503 0.557 0.611 0.676 0.756 0.837 0.921 1.007 1.095 1.176 1.245 1.315 1.386 1.457 1.529 1.586 1.627 1.669 1.713 1.759 1.806 1.806 1.746 1.684 1.620 1.559 1.492 1.395 1.264 1.130 0.992 0.851 0.706 0.584 0.491 0.397 0.301 0.205 0.107 0.050 0.043 0.034 0.025 0.016 0.006 0.004 0.014 0.025 0.036 0.049 0.062 0.068 0.063 0.057 0.051 0.044 0.037 0.033 0.034 0.034 0.034 0.034 0.034
0.253 0.256 0.257 0.262 0.277 0.293 0.308 0.323 0.338 0.365 0.419 0.473 0.530 0.587 0.645 0.713 0.800 0.889 0.981 1.075 1.172 1.262 1.333 1.405 1.478 1.551 1.625 1.690 1.737 1.785 1.853 1.921 1.987 2.014 1.950 1.880 1.804 1.721 1.631 1.522 1.379 1.233 1.083 0.930 0.773 0.634 0.537 0.439 0.339 0.239 0.137 0.064 0.055 0.044 0.033 0.021 0.009 0.004 0.017 0.031 0.045 0.061 0.077 0.086 0.082 0.078 0.077 0.076 0.078 0.079 0.079 0.078 0.077 0.076 0.075
0.291 0.289 0.285 0.283 0.298 0.313 0.327 0.342 0.357 0.377 0.435 0.494 0.554 0.616 0.678 0.747 0.842 0.939 1.039 1.141 1.246 1.347 1.422 1.508 1.601 1.702 1.809 1.916 1.983 2.049 2.113 2.176 2.237 2.274 2.188 2.095 1.995 1.889 1.777 1.652 1.498 1.339 1.178 1.012 0.844 0.685 0.584 0.482 0.378 0.274 0.169 0.080 0.067 0.055 0.041 0.028 0.014 0.005 0.021 0.037 0.054 0.071 0.088 0.102 0.103 0.105 0.108 0.113 0.120 0.126 0.124 0.123 0.121 0.119 0.116
0.332 0.324 0.315 0.304 0.318 0.333 0.347 0.361 0.375 0.389 0.451 0.514 0.578 0.643 0.710 0.778 0.885 0.994 1.106 1.222 1.340 1.462 1.566 1.677 1.796 1.921 2.053 2.192 2.254 2.315 2.374 2.432 2.489 2.541 2.431 2.316 2.193 2.064 1.929 1.786 1.619 1.449 1.275 1.098 0.918 0.736 0.632 0.526 0.417 0.309 0.202 0.099 0.086 0.071 0.057 0.041 0.025 0.009 0.026 0.044 0.062 0.080 0.099 0.117 0.122 0.130 0.138 0.149 0.160 0.172 0.170 0.167 0.164 0.161 0.157
0.374 0.361 0.346 0.330 0.339 0.353 0.366 0.380 0.393 0.406 0.465 0.534 0.604 0.677 0.752 0.829 0.940 1.060 1.184 1.310 1.440 1.573 1.703 1.839 1.982 2.132 2.289 2.454 2.526 2.582 2.636 2.689 2.741 2.792 2.682 2.543 2.398 2.246 2.087 1.923 1.745 1.551 1.356 1.162 0.968 0.775 0.658 0.551 0.445 0.340 0.235 0.132 0.107 0.090 0.073 0.055 0.036 0.017 0.032 0.050 0.069 0.089 0.109 0.129 0.141 0.153 0.167 0.182 0.199 0.218 0.216 0.212 0.208 0.213 0.236
0.418 0.401 0.381 0.355 0.355 0.368 0.381 0.394 0.408 0.422 0.477 0.553 0.631 0.711 0.793 0.877 0.992 1.124 1.258 1.395 1.536 1.680 1.832 1.993 2.161 2.336 2.518 2.707 2.799 2.850 2.899 2.948 2.995 3.039 2.906 2.720 2.532 2.343 2.153 1.963 1.769 1.576 1.383 1.190 0.998 0.806 0.679 0.575 0.472 0.369 0.268 0.167 0.129 0.110 0.090 0.069 0.048 0.026 0.036 0.056 0.077 0.097 0.118 0.140 0.157 0.175 0.197 0.228 0.265 0.307 0.333 0.358 0.387 0.421 0.460
0.498 0.465 0.426 0.382 0.367 0.380 0.394 0.408 0.422 0.437 0.488 0.570 0.655 0.742 0.831 0.922 1.041 1.183 1.329 1.477 1.629 1.783 1.954 2.139 2.332 2.532 2.735 2.925 3.014 3.030 3.043 3.052 3.057 3.059 2.947 2.757 2.566 2.373 2.180 1.986 1.792 1.600 1.408 1.217 1.026 0.836 0.700 0.598 0.498 0.398 0.299 0.201 0.151 0.130 0.108 0.085 0.061 0.037 0.041 0.063 0.086 0.109 0.132 0.156 0.186 0.226 0.271 0.322 0.378 0.440 0.487 0.529 0.575 0.625 0.680
0.587 0.535 0.477 0.414 0.378 0.392 0.407 0.421 0.436 0.452 0.496 0.586 0.678 0.772 0.868 0.966 1.086 1.240 1.396 1.560 1.736 1.909 2.090 2.282 2.469 2.651 2.828 3.000 3.099 3.102 3.103 3.099 3.092 3.082 2.989 2.795 2.600 2.404 2.208 2.010 1.815 1.624 1.434 1.244 1.055 0.866 0.719 0.621 0.523 0.426 0.330 0.235 0.173 0.148 0.124 0.100 0.078 0.056 0.057 0.080 0.104 0.127 0.151 0.175 0.214 0.274 0.339 0.409 0.486 0.568 0.637 0.695 0.757 0.824 0.896
0.681 0.610 0.534 0.452 0.389 0.404 0.419 0.435 0.450 0.466 0.501 0.598 0.712 0.842 0.971 1.099 1.238 1.413 1.585 1.755 1.922 2.088 2.255 2.430 2.600 2.765 2.925 3.081 3.187 3.178 3.166 3.151 3.132 3.109 3.032 2.835 2.636 2.437 2.236 2.035 1.837 1.647 1.459 1.270 1.082 0.891 0.728 0.628 0.530 0.434 0.339 0.247 0.179 0.157 0.136 0.115 0.095 0.077 0.073 0.097 0.121 0.145 0.169 0.193 0.237 0.316 0.401 0.491 0.588 0.690 0.782 0.856 0.935 1.018 1.106
0.781 0.692 0.597 0.496 0.400 0.432 0.477 0.525 0.577 0.632 0.696 0.825 0.952 1.079 1.204 1.329 1.457 1.624 1.789 1.951 2.111 2.269 2.425 2.583 2.736 2.884 3.028 3.166 3.279 3.258 3.234 3.206 3.174 3.139 3.076 2.875 2.673 2.470 2.270 2.065 1.859 1.668 1.475 1.280 1.084 0.886 0.707 0.613 0.521 0.431 0.343 0.256 0.185 0.165 0.147 0.129 0.112 0.096 0.090 0.114 0.138 0.163 0.187 0.212 0.254 0.353 0.457 0.568 0.684 0.806 0.933 1.063 1.198 1.336 1.479
0.995 0.912 0.817 0.710 0.591 0.630 0.687 0.747 0.810 0.877 0.947 1.069 1.193 1.316 1.439 1.560 1.680 1.837 1.994 2.149 2.302 2.452 2.600 2.741 2.877 3.008 3.135 3.256 3.373 3.341 3.306 3.290 3.263 3.224 3.172 2.970 2.762 2.550 2.333 2.111 1.885 1.688 1.489 1.289 1.087 0.883 0.684 0.596 0.510 0.426 0.344 0.264 0.189 0.173 0.157 0.142 0.129 0.115 0.106 0.131 0.156 0.180 0.205 0.240 0.309 0.464 0.628 0.799 0.979 1.168 1.357 1.501 1.650 1.802 1.959
1.389 1.263 1.126 0.976 0.813 0.824 0.893 0.965 1.040 1.119 1.201 1.314 1.435 1.555 1.674 1.791 1.908 2.053 2.202 2.349 2.494 2.637 2.777 2.911 3.068 3.220 3.366 3.507 3.643 3.635 3.590 3.533 3.465 3.386 3.294 3.090 2.866 2.636 2.402 2.162 1.917 1.709 1.505 1.299 1.091 0.882 0.671 0.577 0.498 0.420 0.344 0.270 0.197 0.179 0.167 0.155 0.148 0.152 0.161 0.210 0.266 0.329 0.397 0.472 0.553 0.733 0.925 1.126 1.334 1.551 1.776 1.935 2.098 2.264 2.435
