DATA/SHG/CPC/2018/20180322.asc
ncols        190
nrows        64
xllcorner    -5100000.000000000000
yllcorner    4130000.000000000000
cellsize     10000.000000000000
NODATA_value  -99999.000
[rows 0 to 33 of 64, columns 76 to 151 of 190]
0.012 0.014 0.016 0.017 0.017 0.018 0.018 0.019 0.020 0.025 0.030 0.035 0.040 0.045 0.052 0.061 0.070 0.080 0.089 0.099 0.111 0.130 0.150 0.170 0.190 0.209 0.230 0.254 0.278 0.302 0.326 0.350 0.374 0.396 0.419 0.441 0.464 0.486 0.505 0.509 0.513 0.518 0.522 0.527 0.525 0.506 0.487 0.468 0.450 0.432 0.413 0.391 0.370 0.349 0.328 0.307 0.289 0.279 0.268 0.258 0.248 0.239 0.235 0.244 0.253 0.261 0.270 0.278 0.291 0.319 0.346 0.372 0.397 0.422 0.448 0.477
0.008 0.009 0.010 0.010 0.010 0.010 0.010 0.009 0.009 0.015 0.020 0.025 0.030 0.036 0.041 0.051 0.060 0.070 0.079 0.089 0.100 0.120 0.140 0.160 0.180 0.200 0.220 0.245 0.269 0.294 0.318 0.343 0.368 0.390 0.413 0.436 0.460 0.483 0.504 0.509 0.513 0.518 0.523 0.527 0.529 0.511 0.493 0.476 0.458 0.441 0.423 0.403 0.383 0.363 0.342 0.321 0.302 0.291 0.281 0.271 0.261 0.252 0.245 0.253 0.262 0.270 0.278 0.286 0.297 0.321 0.346 0.369 0.392 0.414 0.437 0.460
0.004 0.004 0.004 0.003 0.003 0.002 0.001 0.000 0.000 0.006 0.012 0.018 0.022 0.027 0.031 0.041 0.050 0.060 0.070 0.080 0.091 0.110 0.130 0.150 0.170 0.190 0.211 0.235 0.260 0.285 0.310 0.336 0.361 0.384 0.408 0.432 0.456 0.480 0.504 0.508 0.513 0.518 0.523 0.528 0.533 0.513 0.493 0.473 0.454 0.436 0.418 0.397 0.377 0.358 0.339 0.321 0.304 0.295 0.286 0.277 0.269 0.262 0.255 0.263 0.271 0.279 0.286 0.294 0.303 0.325 0.346 0.367 0.387 0.407 0.426 0.444
0.000 0.000 0.000 0.000 0.000 0.000 0.000 0.000 0.000 0.004 0.009 0.012 0.016 0.019 0.022 0.030 0.040 0.050 0.061 0.071 0.082 0.100 0.120 0.141 0.161 0.181 0.201 0.226 0.251 0.277 0.302 0.328 0.354 0.378 0.403 0.427 0.449 0.470 0.490 0.493 0.494 0.495 0.496 0.497 0.498 0.482 0.465 0.448 0.432 0.417 0.402 0.385 0.368 0.351 0.336 0.321 0.306 0.298 0.291 0.284 0.277 0.271 0.265 0.272 0.280 0.287 0.295 0.302 0.310 0.328 0.347 0.365 0.383 0.400 0.416 0.430
0.000 0.000 0.000 0.000 0.000 0.000 0.000 0.000 0.000 0.002 0.005 0.008 0.010 0.011 0.012 0.020 0.030 0.041 0.051 0.062 0.073 0.090 0.110 0.131 0.151 0.171 0.192 0.216 0.240 0.265 0.289 0.312 0.335 0.356 0.376 0.396 0.415 0.433 0.452 0.457 0.458 0.459 0.460 0.461 0.462 0.450 0.436 0.422 0.409 0.397 0.385 0.371 0.357 0.344 0.331 0.319 0.308 0.301 0.295 0.290 0.285 0.280 0.276 0.281 0.289 0.296 0.303 0.310 0.314 0.326 0.340 0.353 0.367 0.380 0.392 0.403
0.000 0.000 0.000 0.000 0.000 0.000 0.000 0.000 0.000 0.001 0.002 0.003 0.004 0.004 0.004 0.010 0.020 0.031 0.042 0.054 0.065 0.082 0.102 0.122 0.141 0.160 0.179 0.201 0.223 0.245 0.267 0.288 0.309 0.328 0.346 0.364 0.381 0.398 0.414 0.420 0.421 0.422 0.423 0.424 0.425 0.418 0.406 0.396 0.386 0.376 0.368 0.357 0.346 0.336 0.326 0.317 0.309 0.303 0.299 0.293 0.287 0.281 0.275 0.276 0.280 0.284 0.288 0.292 0.295 0.305 0.318 0.330 0.342 0.354 0.365 0.375
0.000 0.000 0.000 0.000 0.000 0.000 0.000 0.000 0.000 0.000 0.000 0.000 0.000 0.000 0.000 0.006 0.017 0.028 0.039 0.050 0.061 0.076 0.095 0.113 0.131 0.149 0.167 0.186 0.207 0.227 0.246 0.265 0.284 0.301 0.317 0.333 0.348 0.362 0.377 0.384 0.385 0.386 0.387 0.388 0.389 0.384 0.376 0.368 0.362 0.355 0.349 0.341 0.331 0.322 0.314 0.306 0.299 0.292 0.286 0.280 0.274 0.268 0.262 0.261 0.265 0.268 0.271 0.274 0.277 0.285 0.296 0.307 0.318 0.328 0.338 0.348
0.000 0.000 0.000 0.000 0.000 0.000 0.000 0.000 0.000 0.000 0.000 0.000 0.000 0.000 0.000 0.004 0.015 0.026 0.036 0.047 0.058 0.071 0.088 0.105 0.122 0.139 0.155 0.172 0.190 0.208 0.226 0.243 0.259 0.275 0.289 0.302 0.315 0.328 0.340 0.347 0.348 0.349 0.351 0.352 0.353 0.351 0.345 0.339 0.333 0.328 0.323 0.318 0.310 0.303 0.297 0.291 0.286 0.280 0.274 0.268 0.262 0.255 0.249 0.247 0.250 0.252 0.254 0.256 0.258 0.264 0.274 0.284 0.294 0.303 0.312 0.321
0.000 0.000 0.000 0.000 0.000 0.000 0.000 0.000 0.000 0.000 0.000 0.000 0.000 0.000 0.000 0.002 0.013 0.023 0.034 0.044 0.054 0.066 0.082 0.098 0.113 0.128 0.143 0.159 0.175 0.191 0.206 0.221 0.235 0.248 0.260 0.271 0.282 0.293 0.303 0.311 0.312 0.314 0.315 0.317 0.318 0.318 0.313 0.309 0.305 0.301 0.298 0.294 0.289 0.284 0.280 0.276 0.272 0.268 0.262 0.255 0.249 0.243 0.236 0.233 0.235 0.236 0.238 0.239 0.240 0.244 0.253 0.261 0.269 0.275 0.281 0.288
0.000 0.000 0.000 0.000 0.000 0.000 0.000 0.000 0.000 0.000 0.000 0.000 0.000 0.000 0.000 0.001 0.011 0.021 0.031 0.041 0.051 0.061 0.075 0.089 0.102 0.116 0.129 0.143 0.156 0.170 0.182 0.195 0.207 0.218 0.229 0.239 0.248 0.258 0.267 0.274 0.276 0.278 0.279 0.281 0.283 0.284 0.281 0.278 0.276 0.274 0.272 0.270 0.267 0.264 0.262 0.260 0.258 0.256 0.250 0.243 0.237 0.230 0.223 0.217 0.216 0.215 0.214 0.213 0.213 0.214 0.220 0.226 0.232 0.237 0.242 0.249
0.000 0.000 0.000 0.000 0.000 0.000 0.000 0.000 0.000 0.000 0.000 0.000 0.000 0.000 0.000 0.000 0.009 0.017 0.025 0.033 0.040 0.047 0.060 0.073 0.086 0.099 0.112 0.125 0.137 0.148 0.159 0.169 0.179 0.189 0.198 0.207 0.215 0.223 0.231 0.238 0.240 0.242 0.244 0.246 0.248 0.250 0.249 0.247 0.246 0.246 0.246 0.246 0.245 0.244 0.243 0.242 0.241 0.239 0.230 0.221 0.211 0.201 0.191 0.182 0.181 0.181 0.180 0.180 0.180 0.181 0.186 0.191 0.195 0.200 0.204 0.209
0.000 0.000 0.000 0.000 0.000 0.000 0.000 0.000 0.000 0.000 0.000 0.000 0.000 0.000 0.000 0.000 0.006 0.012 0.018 0.023 0.028 0.033 0.045 0.057 0.070 0.083 0.095 0.108 0.118 0.127 0.136 0.145 0.153 0.160 0.168 0.175 0.182 0.189 0.195 0.201 0.204 0.206 0.208 0.211 0.213 0.217 0.217 0.218 0.219 0.220 0.221 0.222 0.221 0.220 0.219 0.217 0.216 0.215 0.204 0.194 0.182 0.171 0.159 0.147 0.147 0.147 0.147 0.147 0.147 0.148 0.152 0.155 0.159 0.162 0.165 0.169
0.000 0.000 0.000 0.000 0.000 0.000 0.000 0.000 0.000 0.000 0.000 0.000 0.000 0.000 0.000 0.000 0.003 0.008 0.011 0.015 0.017 0.020 0.029 0.042 0.054 0.066 0.079 0.091 0.099 0.107 0.114 0.120 0.126 0.132 0.138 0.144 0.151 0.157 0.164 0.170 0.174 0.178 0.181 0.185 0.188 0.192 0.193 0.194 0.195 0.196 0.197 0.198 0.197 0.196 0.194 0.193 0.191 0.190 0.179 0.167 0.154 0.141 0.127 0.113 0.112 0.113 0.113 0.114 0.114 0.115 0.118 0.120 0.123 0.125 0.127 0.129
0.000 0.000 0.000 0.000 0.000 0.000 0.000 0.000 0.000 0.000 0.000 0.000 0.000 0.000 0.000 0.000 0.002 0.004 0.005 0.006 0.007 0.007 0.014 0.026 0.038 0.050 0.062 0.074 0.082 0.088 0.094 0.100 0.105 0.111 0.117 0.123 0.129 0.135 0.141 0.146 0.150 0.154 0.157 0.161 0.164 0.167 0.169 0.170 0.171 0.172 0.173 0.174 0.173 0.172 0.170 0.169 0.167 0.165 0.154 0.140 0.126 0.111 0.096 0.080 0.078 0.079 0.079 0.080 0.083 0.085 0.089 0.094 0.100 0.106 0.113 0.120
0.000 0.000 0.000 0.000 0.000 0.000 0.000 0.000 0.000 0.000 0.000 0.000 0.000 0.000 0.000 0.000 0.000 0.000 0.001 0.001 0.001 0.000 0.006 0.018 0.029 0.040 0.051 0.061 0.068 0.073 0.078 0.083 0.087 0.092 0.097 0.102 0.108 0.113 0.118 0.123 0.127 0.130 0.133 0.136 0.139 0.142 0.144 0.145 0.146 0.148 0.149 0.150 0.149 0.148 0.146 0.144 0.142 0.141 0.130 0.117 0.104 0.092 0.081 0.070 0.068 0.070 0.070 0.070 0.069 0.066 0.071 0.078 0.087 0.096 0.105 0.115
0.000 0.000 0.000 0.000 0.000 0.000 0.000 0.000 0.000 0.000 0.000 0.002 0.003 0.004 0.005 0.006 0.007 0.007 0.006 0.005 0.003 0.001 0.004 0.013 0.023 0.032 0.040 0.048 0.054 0.058 0.062 0.066 0.070 0.073 0.077 0.082 0.087 0.091 0.095 0.100 0.103 0.106 0.109 0.112 0.115 0.118 0.120 0.121 0.122 0.124 0.127 0.130 0.132 0.132 0.131 0.131 0.131 0.130 0.124 0.113 0.103 0.094 0.084 0.076 0.071 0.069 0.065 0.060 0.055 0.048 0.051 0.062 0.073 0.084 0.097 0.109
0.000 0.000 0.000 0.000 0.003 0.005 0.007 0.009 0.010 0.012 0.013 0.014 0.015 0.015 0.015 0.016 0.015 0.013 0.011 0.009 0.006 0.003 0.002 0.010 0.017 0.024 0.030 0.036 0.041 0.044 0.047 0.050 0.052 0.055 0.058 0.062 0.066 0.069 0.073 0.076 0.080 0.086 0.091 0.096 0.101 0.105 0.108 0.111 0.114 0.117 0.120 0.123 0.125 0.125 0.124 0.123 0.123 0.122 0.118 0.109 0.102 0.094 0.088 0.082 0.076 0.069 0.061 0.052 0.042 0.031 0.032 0.045 0.058 0.073 0.088 0.103
0.020 0.022 0.022 0.022 0.020 0.022 0.023 0.024 0.025 0.026 0.026 0.026 0.026 0.026 0.026 0.025 0.024 0.021 0.017 0.013 0.009 0.004 0.001 0.006 0.011 0.016 0.020 0.024 0.027 0.030 0.032 0.034 0.043 0.050 0.056 0.064 0.071 0.076 0.081 0.085 0.088 0.091 0.094 0.097 0.099 0.101 0.102 0.105 0.108 0.111 0.114 0.117 0.119 0.118 0.117 0.116 0.115 0.114 0.111 0.105 0.100 0.095 0.090 0.087 0.081 0.069 0.057 0.044 0.030 0.015 0.011 0.027 0.044 0.069 0.095 0.120
0.055 0.052 0.049 0.044 0.038 0.039 0.039 0.040 0.040 0.040 0.040 0.039 0.038 0.037 0.036 0.035 0.033 0.029 0.024 0.018 0.012 0.006 0.002 0.021 0.038 0.052 0.063 0.070 0.075 0.082 0.087 0.090 0.092 0.092 0.090 0.094 0.096 0.097 0.098 0.097 0.096 0.097 0.098 0.098 0.098 0.097 0.097 0.100 0.102 0.105 0.108 0.110 0.112 0.111 0.110 0.109 0.107 0.106 0.103 0.100 0.097 0.095 0.093 0.091 0.092 0.084 0.076 0.069 0.063 0.058 0.062 0.087 0.111 0.135 0.159 0.183
0.090 0.084 0.076 0.067 0.058 0.056 0.056 0.055 0.055 0.054 0.053 0.052 0.050 0.049 0.050 0.072 0.097 0.116 0.130 0.139 0.148 0.155 0.161 0.167 0.170 0.171 0.169 0.163 0.155 0.154 0.151 0.147 0.142 0.135 0.126 0.124 0.122 0.119 0.116 0.111 0.105 0.104 0.102 0.100 0.098 0.095 0.091 0.094 0.096 0.099 0.102 0.104 0.106 0.105 0.103 0.104 0.106 0.109 0.112 0.116 0.120 0.126 0.132 0.139 0.145 0.140 0.136 0.133 0.130 0.129 0.132 0.156 0.179 0.202 0.224 0.246
0.127 0.117 0.105 0.092 0.078 0.073 0.072 0.075 0.090 0.106 0.125 0.145 0.169 0.194 0.222 0.252 0.285 0.304 0.312 0.316 0.319 0.320 0.320 0.315 0.306 0.293 0.278 0.260 0.238 0.227 0.218 0.206 0.194 0.179 0.163 0.156 0.150 0.143 0.135 0.125 0.115 0.111 0.107 0.103 0.098 0.093 0.090 0.094 0.098 0.102 0.106 0.109 0.111 0.114 0.118 0.123 0.128 0.134 0.141 0.148 0.156 0.165 0.175 0.186 0.197 0.196 0.195 0.196 0.197 0.199 0.203 0.225 0.247 0.268 0.289 0.310
0.169 0.168 0.164 0.160 0.153 0.160 0.177 0.196 0.217 0.239 0.264 0.291 0.323 0.356 0.392 0.431 0.471 0.492 0.495 0.494 0.491 0.487 0.481 0.467 0.444 0.419 0.390 0.359 0.324 0.302 0.285 0.267 0.247 0.226 0.203 0.189 0.178 0.178 0.175 0.169 0.161 0.157 0.153 0.147 0.138 0.128 0.114 0.114 0.116 0.118 0.119 0.120 0.120 0.125 0.133 0.140 0.149 0.158 0.169 0.180 0.191 0.204 0.217 0.232 0.247 0.250 0.253 0.258 0.262 0.268 0.275 0.295 0.315 0.335 0.355 0.374
0.301 0.294 0.285 0.275 0.264 0.268 0.291 0.316 0.342 0.371 0.401 0.435 0.474 0.516 0.560 0.606 0.655 0.683 0.680 0.673 0.664 0.655 0.644 0.621 0.586 0.547 0.505 0.461 0.429 0.409 0.400 0.388 0.373 0.357 0.338 0.325 0.315 0.303 0.289 0.271 0.251 0.236 0.221 0.205 0.186 0.165 0.142 0.134 0.134 0.133 0.133 0.131 0.129 0.136 0.146 0.157 0.169 0.182 0.196 0.210 0.225 0.242 0.259 0.276 0.295 0.304 0.311 0.319 0.327 0.350 0.378 0.410 0.440 0.467 0.491 0.512
0.433 0.421 0.407 0.393 0.376 0.374 0.403 0.434 0.466 0.501 0.536 0.577 0.624 0.674 0.726 0.780 0.836 0.874 0.866 0.867 0.864 0.859 0.850 0.831 0.798 0.764 0.729 0.692 0.655 0.625 0.605 0.582 0.558 0.531 0.501 0.476 0.455 0.431 0.405 0.376 0.345 0.317 0.292 0.265 0.236 0.205 0.171 0.155 0.152 0.150 0.147 0.143 0.139 0.145 0.159 0.173 0.189 0.205 0.222 0.240 0.270 0.307 0.346 0.387 0.432 0.465 0.492 0.520 0.549 0.577 0.606 0.628 0.645 0.658 0.669 0.676
0.566 0.549 0.531 0.511 0.490 0.478 0.513 0.550 0.588 0.628 0.670 0.724 0.815 0.901 0.983 1.061 1.134 1.190 1.185 1.172 1.155 1.135 1.112 1.084 1.046 1.006 0.966 0.924 0.882 0.842 0.812 0.779 0.744 0.707 0.668 0.630 0.597 0.562 0.524 0.483 0.440 0.400 0.365 0.328 0.289 0.247 0.203 0.176 0.171 0.167 0.161 0.161 0.164 0.178 0.208 0.240 0.275 0.312 0.352 0.394 0.439 0.487 0.537 0.590 0.645 0.686 0.715 0.744 0.774 0.804 0.835 0.849 0.852 0.852 0.849 0.843
0.701 0.679 0.655 0.630 0.618 0.647 0.735 0.820 0.904 0.985 1.064 1.141 1.216 1.288 1.355 1.418 1.477 1.527 1.508 1.480 1.449 1.415 1.378 1.337 1.294 1.250 1.204 1.157 1.109 1.062 1.022 0.979 0.933 0.886 0.836 0.786 0.742 0.695 0.646 0.594 0.539 0.486 0.445 0.405 0.363 0.319 0.273 0.241 0.244 0.246 0.248 0.250 0.251 0.267 0.307 0.351 0.397 0.445 0.496 0.550 0.606 0.664 0.726 0.789 0.855 0.906 0.936 0.967 0.998 1.030 1.062 1.073 1.063 1.049 1.033 1.013
0.952 0.973 1.001 1.033 1.072 1.115 1.193 1.271 1.347 1.420 1.491 1.560 1.622 1.678 1.731 1.779 1.824 1.864 1.833 1.791 1.746 1.698 1.647 1.592 1.544 1.494 1.443 1.391 1.338 1.284 1.233 1.180 1.125 1.070 1.013 0.954 0.904 0.851 0.797 0.742 0.684 0.628 0.581 0.533 0.482 0.430 0.376 0.332 0.334 0.335 0.337 0.338 0.339 0.352 0.404 0.459 0.516 0.575 0.638 0.702 0.769 0.839 0.911 0.986 1.063 1.125 1.157 1.190 1.222 1.255 1.289 1.300 1.276 1.249 1.218 1.184
1.324 1.364 1.411 1.462 1.519 1.582 1.653 1.723 1.791 1.856 1.920 1.981 2.030 2.072 2.110 2.144 2.173 2.199 2.162 2.106 2.047 1.984 1.919 1.850 1.808 1.768 1.723 1.672 1.615 1.552 1.493 1.431 1.365 1.296 1.223 1.146 1.087 1.028 0.967 0.904 0.839 0.774 0.719 0.662 0.604 0.543 0.481 0.423 0.424 0.425 0.425 0.426 0.426 0.435 0.498 0.564 0.632 0.703 0.776 0.852 0.930 1.011 1.094 1.180 1.268 1.348 1.392 1.432 1.466 1.494 1.517 1.520 1.481 1.439 1.395 1.347
1.690 1.750 1.815 1.885 1.961 2.042 2.113 2.176 2.236 2.294 2.350 2.404 2.442 2.469 2.492 2.512 2.571 2.622 2.610 2.563 2.509 2.448 2.380 2.305 2.240 2.174 2.102 2.024 1.940 1.850 1.771 1.693 1.611 1.525 1.435 1.342 1.273 1.206 1.138 1.067 0.996 0.922 0.858 0.793 0.727 0.658 0.588 0.516 0.514 0.514 0.514 0.514 0.514 0.515 0.589 0.666 0.754 0.875 0.997 1.120 1.231 1.336 1.437 1.532 1.622 1.700 1.721 1.737 1.747 1.752 1.752 1.738 1.687 1.632 1.574 1.513
2.051 2.130 2.213 2.303 2.397 2.498 2.576 2.631 2.688 2.798 2.901 2.998 3.073 3.128 3.175 3.213 3.244 3.265 3.232 3.154 3.069 2.978 2.879 2.774 2.678 2.585 2.487 2.382 2.271 2.154 2.053 1.958 1.860 1.758 1.652 1.543 1.460 1.386 1.310 1.233 1.154 1.073 1.000 0.927 0.852 0.775 0.697 0.621 0.642 0.678 0.719 0.764 0.814 0.868 0.984 1.107 1.231 1.355 1.480 1.606 1.695 1.778 1.856 1.928 1.996 2.057 2.054 2.046 2.033 2.015 1.991 1.960 1.895 1.827 1.756 1.682
2.406 2.512 2.669 2.839 3.022 3.219 3.384 3.484 3.577 3.664 3.743 3.817 3.869 3.895 3.913 3.922 3.923 3.916 3.861 3.752 3.637 3.515 3.386 3.251 3.123 3.003 2.877 2.746 2.608 2.464 2.339 2.228 2.113 1.995 1.872 1.747 1.648 1.567 1.486 1.419 1.349 1.275 1.214 1.163 1.115 1.071 1.029 0.990 1.019 1.074 1.134 1.198 1.267 1.340 1.455 1.580 1.707 1.834 1.961 2.090 2.164 2.224 2.279 2.329 2.373 2.413 2.392 2.361 2.324 2.283 2.235 2.183 2.105 2.025 1.941 1.854
3.039 3.228 3.431 3.648 3.877 4.120 4.325 4.401 4.471 4.534 4.591 4.640 4.671 4.668 4.657 4.637 4.609 4.572 4.496 4.357 4.212 4.059 3.900 3.734 3.573 3.427 3.275 3.116 2.952 2.786 2.673 2.579 2.474 2.358 2.231 2.093 1.983 1.908 1.829 1.747 1.662 1.573 1.511 1.474 1.439 1.408 1.380 1.355 1.391 1.465 1.544 1.628 1.715 1.807 1.924 2.053 2.182 2.311 2.441 2.572 2.638 2.675 2.707 2.734 2.756 2.773 2.736 2.681 2.621 2.555 2.484 2.401 2.299 2.198 2.100 2.004
3.696 3.932 4.181 4.443 4.719 5.008 5.271 5.324 5.370 5.410 5.443 5.469 5.481 5.448 5.408 5.359 5.302 5.236 5.139 4.969 4.798 4.668 4.532 4.390 4.249 4.120 3.980 3.830 3.671 3.501 3.337 3.194 3.040 2.876 2.700 2.514 2.359 2.269 2.175 2.078 1.978 1.875 1.804 1.780 1.760 1.742 1.728 1.717 1.758 1.851 1.949 2.052 2.158 2.269 2.392 2.523 2.655 2.787 2.920 3.054 3.116 3.130 3.141 3.142 3.129 3.103 3.032 2.937 2.837 2.729 2.615 2.493 2.392 2.302 2.214 2.128
4.340 4.622 4.917 5.226 5.547 5.882 6.222 6.251 6.274 6.290 6.300 6.303 6.296 6.271 6.258 6.241 6.221 6.197 6.147 6.003 5.853 5.697 5.535 5.368 5.196 5.022 4.838 4.644 4.440 4.227 4.011 3.820 3.618 3.405 3.181 2.946 2.738 2.633 2.525 2.413 2.298 2.179 2.093 2.083 2.076 2.073 2.072 2.075 2.120 2.232 2.349 2.471 2.596 2.747 2.926 3.093 3.247 3.390 3.520 3.638 3.680 3.649 3.604 3.545 3.474 3.389 3.281 3.157 3.026 2.888 2.744 2.593 2.484 2.403 2.326 2.250
