DATA/SHG/CPC/2018/20180427.asc
ncols        190
nrows        64
xllcorner    -5100000.000000000000
yllcorner    4130000.000000000000
cellsize     10000.000000000000
NODATA_value  -99999.000
[rows 0 to 33 of 64, columns 0 to 76 of 190]
0.003 0.007 0.012 0.017 0.022 0.027 0.033 0.038 0.045 0.051 0.057 0.064 0.073 0.083 0.094 0.104 0.116 0.127 0.139 0.152 0.165 0.178 0.192 0.206 0.210 0.208 0.206 0.203 0.200 0.196 0.184 0.166 0.147 0.127 0.107 0.087 0.072 0.060 0.048 0.035 0.021 0.007 0.000 0.000 0.000 0.000 0.000 0.000 0.000 0.000 0.000 0.000 0.000 0.000 0.000 0.000 0.000 0.000 0.000 0.000 0.000 0.000 0.000 0.000 0.000 0.000 0.000 0.000 0.000 0.000 0.000 0.000 0.000 0.000 0.000 0.000 0.000
0.007 0.013 0.018 0.023 0.029 0.035 0.041 0.048 0.055 0.062 0.069 0.077 0.087 0.099 0.110 0.122 0.135 0.148 0.161 0.175 0.190 0.204 0.219 0.235 0.241 0.237 0.234 0.230 0.226 0.222 0.211 0.191 0.171 0.150 0.128 0.106 0.087 0.073 0.058 0.043 0.027 0.010 0.000 0.000 0.000 0.000 0.000 0.000 0.000 0.000 0.000 0.000 0.000 0.000 0.000 0.000 0.000 0.000 0.000 0.000 0.000 0.000 0.000 0.000 0.000 0.000 0.000 0.000 0.000 0.000 0.000 0.000 0.000 0.000 0.000 0.000 0.000
0.013 0.019 0.025 0.030 0.036 0.042 0.049 0.056 0.064 0.073 0.081 0.090 0.101 0.113 0.126 0.140 0.154 0.168 0.183 0.198 0.215 0.233 0.252 0.270 0.280 0.276 0.272 0.267 0.261 0.255 0.244 0.221 0.198 0.175 0.150 0.125 0.102 0.086 0.069 0.051 0.033 0.014 0.000 0.000 0.000 0.000 0.000 0.000 0.000 0.000 0.000 0.000 0.000 0.000 0.000 0.000 0.000 0.000 0.000 0.000 0.000 0.000 0.000 0.000 0.000 0.000 0.000 0.000 0.000 0.000 0.000 0.000 0.000 0.000 0.000 0.000 0.000
0.019 0.025 0.031 0.037 0.043 0.049 0.056 0.065 0.074 0.083 0.093 0.102 0.114 0.129 0.147 0.165 0.184 0.203 0.222 0.240 0.258 0.276 0.294 0.312 0.324 0.319 0.312 0.305 0.297 0.289 0.277 0.252 0.227 0.200 0.173 0.145 0.118 0.099 0.080 0.060 0.040 0.019 0.000 0.000 0.000 0.000 0.000 0.000 0.000 0.000 0.000 0.000 0.000 0.000 0.000 0.000 0.000 0.000 0.000 0.000 0.000 0.000 0.000 0.000 0.000 0.000 0.000 0.000 0.000 0.000 0.000 0.000 0.000 0.000 0.000 0.000 0.000
0.025 0.031 0.037 0.044 0.050 0.057 0.065 0.077 0.090 0.103 0.116 0.130 0.145 0.164 0.184 0.203 0.224 0.245 0.266 0.284 0.301 0.319 0.337 0.354 0.369 0.361 0.353 0.344 0.334 0.323 0.311 0.284 0.255 0.226 0.196 0.166 0.135 0.114 0.093 0.072 0.050 0.028 0.004 0.004 0.004 0.003 0.002 0.001 0.000 0.000 0.000 0.000 0.000 0.000 0.000 0.000 0.000 0.000 0.000 0.000 0.000 0.000 0.000 0.000 0.000 0.000 0.000 0.000 0.000 0.000 0.000 0.000 0.000 0.000 0.000 0.000 0.000
0.033 0.041 0.049 0.058 0.068 0.077 0.087 0.101 0.115 0.130 0.146 0.161 0.178 0.198 0.220 0.241 0.264 0.286 0.310 0.327 0.345 0.362 0.379 0.396 0.413 0.405 0.394 0.383 0.371 0.358 0.345 0.317 0.286 0.256 0.224 0.193 0.160 0.137 0.113 0.090 0.065 0.040 0.013 0.009 0.007 0.006 0.004 0.003 0.000 0.000 0.000 0.000 0.000 0.000 0.000 0.000 0.000 0.000 0.000 0.000 0.000 0.000 0.000 0.000 0.000 0.000 0.000 0.000 0.000 0.000 0.000 0.000 0.000 0.000 0.000 0.000 0.000
0.046 0.055 0.065 0.076 0.086 0.098 0.109 0.124 0.141 0.157 0.174 0.192 0.210 0.232 0.255 0.278 0.303 0.327 0.352 0.371 0.388 0.405 0.422 0.439 0.457 0.451 0.438 0.425 0.411 0.396 0.381 0.353 0.321 0.288 0.255 0.222 0.188 0.160 0.134 0.108 0.080 0.052 0.023 0.014 0.012 0.009 0.007 0.004 0.001 0.000 0.000 0.000 0.000 0.000 0.000 0.000 0.000 0.000 0.000 0.000 0.000 0.000 0.000 0.000 0.000 0.000 0.000 0.000 0.000 0.000 0.000 0.000 0.000 0.000 0.000 0.000 0.000
0.059 0.069 0.081 0.093 0.105 0.118 0.131 0.147 0.165 0.183 0.202 0.222 0.242 0.265 0.290 0.315 0.343 0.372 0.400 0.422 0.439 0.457 0.473 0.490 0.505 0.501 0.486 0.470 0.453 0.436 0.417 0.390 0.356 0.321 0.287 0.251 0.215 0.184 0.156 0.127 0.097 0.066 0.034 0.019 0.016 0.013 0.009 0.006 0.002 0.000 0.000 0.000 0.000 0.000 0.000 0.000 0.000 0.000 0.000 0.000 0.000 0.000 0.000 0.000 0.000 0.000 0.000 0.000 0.000 0.000 0.000 0.000 0.000 0.000 0.000 0.000 0.000
0.071 0.083 0.096 0.109 0.123 0.137 0.152 0.169 0.189 0.213 0.237 0.262 0.288 0.315 0.344 0.372 0.401 0.429 0.458 0.480 0.496 0.511 0.526 0.540 0.554 0.552 0.535 0.516 0.496 0.476 0.455 0.427 0.391 0.355 0.319 0.281 0.244 0.209 0.178 0.146 0.113 0.081 0.048 0.028 0.024 0.020 0.015 0.010 0.004 0.000 0.000 0.000 0.000 0.000 0.000 0.000 0.000 0.000 0.000 0.000 0.000 0.000 0.000 0.000 0.000 0.000 0.000 0.000 0.000 0.000 0.000 0.000 0.000 0.000 0.000 0.000 0.000
0.084 0.096 0.114 0.134 0.153 0.174 0.195 0.218 0.243 0.268 0.294 0.320 0.346 0.373 0.402 0.430 0.459 0.487 0.515 0.538 0.552 0.566 0.579 0.592 0.604 0.604 0.584 0.562 0.540 0.517 0.493 0.464 0.427 0.389 0.350 0.310 0.270 0.233 0.200 0.167 0.134 0.100 0.067 0.041 0.035 0.029 0.022 0.015 0.006 0.000 0.000 0.000 0.000 0.000 0.000 0.000 0.000 0.000 0.000 0.000 0.000 0.000 0.000 0.000 0.000 0.000 0.000 0.000 0.000 0.000 0.000 0.000 0.000 0.000 0.000 0.000 0.000
0.119 0.137 0.157 0.179 0.201 0.223 0.246 0.271 0.297 0.323 0.350 0.377 0.404 0.432 0.460 0.488 0.517 0.545 0.573 0.597 0.609 0.621 0.633 0.644 0.654 0.657 0.633 0.607 0.580 0.553 0.525 0.495 0.456 0.416 0.376 0.335 0.295 0.255 0.221 0.188 0.154 0.120 0.086 0.055 0.047 0.039 0.030 0.020 0.010 0.000 0.000 0.000 0.000 0.000 0.000 0.000 0.000 0.000 0.000 0.000 0.000 0.000 0.000 0.000 0.000 0.000 0.000 0.000 0.000 0.000 0.000 0.000 0.000 0.000 0.000 0.000 0.000
0.157 0.177 0.199 0.223 0.247 0.272 0.297 0.323 0.350 0.378 0.406 0.434 0.462 0.491 0.519 0.547 0.574 0.602 0.630 0.656 0.664 0.672 0.679 0.686 0.692 0.695 0.667 0.640 0.612 0.583 0.554 0.524 0.483 0.443 0.402 0.360 0.319 0.277 0.243 0.209 0.175 0.140 0.105 0.070 0.060 0.049 0.038 0.026 0.013 0.000 0.000 0.001 0.002 0.003 0.002 0.000 0.000 0.000 0.000 0.000 0.000 0.000 0.000 0.000 0.000 0.000 0.000 0.000 0.000 0.000 0.000 0.000 0.000 0.000 0.000 0.000 0.000
0.195 0.216 0.241 0.267 0.293 0.320 0.347 0.375 0.403 0.432 0.461 0.490 0.520 0.551 0.579 0.605 0.631 0.656 0.680 0.702 0.710 0.715 0.719 0.723 0.726 0.729 0.703 0.673 0.644 0.613 0.583 0.552 0.511 0.470 0.428 0.386 0.343 0.301 0.265 0.230 0.195 0.160 0.125 0.089 0.076 0.067 0.057 0.046 0.033 0.019 0.017 0.016 0.013 0.010 0.006 0.001 0.000 0.000 0.000 0.000 0.000 0.000 0.000 0.000 0.000 0.000 0.000 0.000 0.000 0.000 0.000 0.000 0.000 0.000 0.000 0.000 0.000
0.231 0.255 0.282 0.309 0.338 0.370 0.402 0.434 0.465 0.496 0.526 0.557 0.587 0.617 0.642 0.665 0.688 0.709 0.729 0.749 0.756 0.758 0.760 0.761 0.762 0.762 0.738 0.707 0.676 0.644 0.612 0.580 0.540 0.497 0.454 0.411 0.368 0.330 0.298 0.268 0.237 0.205 0.173 0.139 0.121 0.108 0.094 0.078 0.061 0.044 0.036 0.031 0.025 0.019 0.011 0.003 0.000 0.000 0.000 0.000 0.000 0.000 0.000 0.000 0.000 0.000 0.000 0.000 0.000 0.000 0.000 0.000 0.000 0.000 0.000 0.000 0.000
0.282 0.313 0.345 0.377 0.409 0.440 0.472 0.503 0.534 0.564 0.594 0.624 0.653 0.683 0.706 0.726 0.745 0.763 0.780 0.796 0.802 0.802 0.802 0.800 0.798 0.795 0.774 0.742 0.709 0.676 0.648 0.622 0.590 0.553 0.515 0.477 0.438 0.399 0.364 0.331 0.297 0.263 0.228 0.192 0.167 0.150 0.131 0.112 0.091 0.069 0.055 0.047 0.038 0.028 0.017 0.006 0.000 0.000 0.000 0.000 0.000 0.000 0.000 0.000 0.000 0.000 0.000 0.000 0.000 0.000 0.000 0.000 0.000 0.000 0.000 0.000 0.000
0.353 0.385 0.417 0.448 0.480 0.511 0.542 0.573 0.603 0.633 0.662 0.691 0.720 0.749 0.772 0.788 0.804 0.818 0.832 0.844 0.850 0.847 0.844 0.841 0.837 0.835 0.820 0.793 0.767 0.743 0.720 0.698 0.669 0.630 0.591 0.551 0.510 0.468 0.429 0.394 0.358 0.321 0.283 0.245 0.214 0.193 0.170 0.147 0.122 0.096 0.076 0.064 0.052 0.039 0.025 0.012 0.005 0.006 0.006 0.006 0.004 0.002 0.000 0.000 0.000 0.000 0.000 0.000 0.000 0.000 0.000 0.000 0.000 0.000 0.000 0.000 0.000
0.424 0.457 0.489 0.520 0.551 0.582 0.612 0.642 0.672 0.701 0.730 0.758 0.787 0.815 0.838 0.851 0.863 0.873 0.882 0.890 0.893 0.890 0.887 0.884 0.882 0.880 0.871 0.849 0.828 0.809 0.790 0.774 0.750 0.709 0.667 0.625 0.582 0.538 0.496 0.458 0.419 0.380 0.339 0.298 0.262 0.237 0.210 0.183 0.156 0.128 0.103 0.091 0.078 0.064 0.049 0.034 0.022 0.020 0.018 0.014 0.010 0.004 0.000 0.000 0.000 0.000 0.000 0.000 0.000 0.000 0.000 0.000 0.000 0.000 0.000 0.000 0.000
0.494 0.528 0.562 0.592 0.622 0.652 0.682 0.712 0.743 0.774 0.804 0.832 0.859 0.885 0.907 0.916 0.922 0.927 0.931 0.933 0.934 0.932 0.930 0.928 0.927 0.925 0.921 0.904 0.888 0.873 0.859 0.847 0.831 0.787 0.744 0.699 0.654 0.608 0.563 0.523 0.483 0.444 0.404 0.363 0.323 0.295 0.266 0.235 0.203 0.170 0.138 0.123 0.108 0.091 0.074 0.057 0.040 0.036 0.030 0.023 0.016 0.008 0.000 0.000 0.000 0.000 0.000 0.000 0.000 0.000 0.000 0.000 0.000 0.000 0.000 0.000 0.000
0.563 0.600 0.637 0.669 0.701 0.735 0.768 0.802 0.836 0.863 0.889 0.913 0.936 0.958 0.979 0.982 0.983 0.983 0.982 0.979 0.975 0.973 0.972 0.971 0.971 0.970 0.970 0.957 0.946 0.935 0.927 0.919 0.912 0.866 0.821 0.777 0.736 0.697 0.659 0.618 0.576 0.532 0.487 0.440 0.392 0.359 0.325 0.289 0.252 0.214 0.174 0.157 0.138 0.120 0.100 0.080 0.059 0.052 0.043 0.033 0.023 0.012 0.000 0.000 0.000 0.000 0.000 0.000 0.000 0.000 0.000 0.000 0.000 0.000 0.000 0.000 0.000
0.641 0.679 0.719 0.753 0.788 0.822 0.857 0.893 0.929 0.953 0.975 0.995 1.014 1.032 1.049 1.049 1.045 1.040 1.034 1.026 1.016 1.015 1.014 1.014 1.015 1.015 1.014 1.004 0.994 0.986 0.980 0.974 0.971 0.935 0.896 0.860 0.826 0.793 0.763 0.719 0.671 0.622 0.571 0.518 0.464 0.424 0.385 0.344 0.302 0.259 0.214 0.190 0.170 0.149 0.127 0.104 0.081 0.068 0.056 0.043 0.030 0.016 0.002 0.000 0.000 0.000 0.000 0.000 0.000 0.000 0.000 0.000 0.000 0.000 0.000 0.000 0.000
0.718 0.759 0.800 0.837 0.873 0.909 0.946 0.983 1.021 1.044 1.062 1.078 1.093 1.108 1.121 1.118 1.109 1.099 1.087 1.073 1.058 1.054 1.052 1.050 1.047 1.043 1.039 1.033 1.029 1.026 1.024 1.024 1.025 1.001 0.970 0.940 0.913 0.888 0.865 0.821 0.767 0.712 0.656 0.598 0.539 0.491 0.447 0.401 0.354 0.305 0.255 0.224 0.200 0.175 0.149 0.122 0.094 0.077 0.063 0.049 0.034 0.019 0.004 0.000 0.000 0.000 0.000 0.000 0.000 0.000 0.000 0.000 0.000 0.000 0.000 0.000 0.000
0.794 0.837 0.881 0.921 0.958 0.996 1.034 1.073 1.112 1.137 1.150 1.162 1.165 1.167 1.170 1.162 1.147 1.133 1.120 1.108 1.096 1.090 1.086 1.081 1.076 1.071 1.064 1.061 1.062 1.064 1.067 1.072 1.078 1.065 1.041 1.019 0.999 0.980 0.964 0.924 0.865 0.805 0.743 0.680 0.614 0.558 0.508 0.456 0.402 0.347 0.289 0.250 0.223 0.195 0.166 0.137 0.106 0.085 0.070 0.055 0.039 0.023 0.007 0.000 0.000 0.000 0.000 0.000 0.000 0.000 0.000 0.000 0.000 0.000 0.000 0.000 0.000
0.869 0.915 0.960 1.003 1.041 1.072 1.101 1.130 1.157 1.173 1.175 1.178 1.181 1.185 1.188 1.184 1.173 1.161 1.151 1.142 1.133 1.126 1.120 1.114 1.107 1.099 1.091 1.088 1.093 1.100 1.109 1.118 1.129 1.128 1.110 1.095 1.082 1.070 1.058 1.021 0.956 0.890 0.823 0.756 0.687 0.625 0.568 0.510 0.450 0.388 0.325 0.276 0.247 0.216 0.184 0.152 0.119 0.093 0.077 0.061 0.044 0.027 0.010 0.000 0.000 0.000 0.000 0.000 0.000 0.000 0.000 0.000 0.000 0.000 0.000 0.000 0.000
0.929 0.969 1.008 1.043 1.071 1.098 1.123 1.147 1.170 1.187 1.190 1.194 1.198 1.202 1.206 1.206 1.197 1.189 1.181 1.175 1.169 1.163 1.155 1.147 1.138 1.128 1.117 1.113 1.123 1.135 1.152 1.170 1.190 1.201 1.189 1.177 1.164 1.152 1.139 1.109 1.041 0.972 0.903 0.832 0.761 0.693 0.630 0.566 0.500 0.432 0.362 0.304 0.271 0.237 0.203 0.168 0.132 0.102 0.085 0.067 0.049 0.031 0.013 0.000 0.000 0.000 0.000 0.000 0.000 0.000 0.000 0.000 0.000 0.000 0.000 0.000 0.000
0.973 1.009 1.045 1.079 1.102 1.125 1.146 1.166 1.185 1.201 1.205 1.209 1.214 1.218 1.223 1.227 1.221 1.215 1.211 1.207 1.204 1.201 1.191 1.177 1.167 1.159 1.154 1.154 1.173 1.194 1.216 1.240 1.265 1.285 1.272 1.260 1.247 1.234 1.221 1.198 1.127 1.055 0.983 0.910 0.836 0.762 0.694 0.623 0.551 0.477 0.401 0.332 0.296 0.260 0.223 0.184 0.145 0.108 0.089 0.070 0.052 0.033 0.015 0.000 0.000 0.000 0.000 0.000 0.000 0.000 0.000 0.000 0.000 0.000 0.000 0.000 0.000
1.017 1.050 1.083 1.115 1.135 1.153 1.170 1.186 1.201 1.214 1.219 1.224 1.229 1.235 1.241 1.245 1.234 1.224 1.216 1.209 1.204 1.200 1.194 1.190 1.189 1.190 1.194 1.201 1.225 1.251 1.279 1.308 1.338 1.369 1.356 1.343 1.329 1.316 1.302 1.287 1.213 1.139 1.064 0.988 0.911 0.834 0.759 0.682 0.604 0.524 0.443 0.361 0.322 0.281 0.240 0.197 0.153 0.109 0.090 0.072 0.053 0.035 0.017 0.000 0.000 0.000 0.000 0.000 0.000 0.000 0.000 0.000 0.000 0.000 0.000 0.000 0.000
1.062 1.093 1.122 1.151 1.169 1.183 1.196 1.207 1.217 1.223 1.224 1.223 1.221 1.218 1.213 1.206 1.200 1.196 1.192 1.191 1.190 1.191 1.194 1.199 1.208 1.218 1.232 1.248 1.276 1.307 1.340 1.374 1.409 1.447 1.439 1.426 1.412 1.398 1.384 1.370 1.301 1.222 1.143 1.064 0.986 0.907 0.827 0.744 0.660 0.574 0.486 0.396 0.348 0.303 0.257 0.210 0.162 0.112 0.091 0.073 0.055 0.037 0.019 0.002 0.000 0.000 0.000 0.000 0.000 0.000 0.000 0.000 0.000 0.000 0.000 0.000 0.000
1.108 1.135 1.162 1.188 1.202 1.210 1.215 1.217 1.218 1.216 1.212 1.206 1.199 1.191 1.181 1.170 1.165 1.166 1.167 1.170 1.175 1.181 1.192 1.206 1.224 1.244 1.267 1.292 1.325 1.361 1.399 1.438 1.479 1.521 1.513 1.492 1.474 1.458 1.444 1.432 1.371 1.293 1.215 1.137 1.059 0.981 0.897 0.808 0.717 0.625 0.531 0.435 0.376 0.327 0.276 0.225 0.172 0.118 0.092 0.074 0.057 0.039 0.021 0.004 0.000 0.000 0.000 0.000 0.000 0.000 0.000 0.000 0.000 0.000 0.000 0.000 0.000
1.149 1.175 1.200 1.225 1.237 1.237 1.234 1.229 1.221 1.212 1.201 1.191 1.179 1.165 1.151 1.134 1.129 1.134 1.141 1.149 1.158 1.169 1.186 1.210 1.237 1.266 1.297 1.323 1.351 1.383 1.416 1.450 1.486 1.523 1.530 1.517 1.506 1.498 1.493 1.489 1.442 1.364 1.287 1.209 1.132 1.055 0.968 0.873 0.777 0.678 0.578 0.476 0.404 0.351 0.297 0.241 0.184 0.126 0.093 0.076 0.059 0.042 0.024 0.006 0.000 0.000 0.000 0.000 0.000 0.000 0.000 0.000 0.000 0.000 0.000 0.000 0.000
1.191 1.215 1.239 1.262 1.274 1.266 1.255 1.242 1.227 1.210 1.192 1.177 1.160 1.142 1.122 1.101 1.091 1.101 1.113 1.126 1.141 1.154 1.172 1.198 1.223 1.249 1.274 1.300 1.329 1.366 1.403 1.442 1.482 1.523 1.543 1.539 1.536 1.537 1.539 1.544 1.512 1.435 1.358 1.281 1.205 1.129 1.042 0.940 0.838 0.733 0.627 0.518 0.437 0.383 0.326 0.267 0.206 0.143 0.101 0.083 0.065 0.047 0.028 0.009 0.000 0.000 0.000 0.000 0.000 0.000 0.000 0.000 0.000 0.000 0.000 0.000 0.000
1.232 1.255 1.278 1.300 1.314 1.297 1.279 1.258 1.235 1.210 1.185 1.165 1.147 1.131 1.113 1.093 1.080 1.093 1.106 1.118 1.128 1.137 1.150 1.175 1.201 1.226 1.252 1.277 1.306 1.347 1.389 1.432 1.476 1.522 1.555 1.558 1.564 1.572 1.583 1.596 1.582 1.505 1.429 1.353 1.278 1.212 1.137 1.037 0.933 0.825 0.713 0.596 0.496 0.434 0.370 0.303 0.234 0.163 0.110 0.091 0.072 0.053 0.033 0.013 0.000 0.000 0.000 0.000 0.000 0.000 0.000 0.000 0.000 0.000 0.000 0.000 0.000
1.274 1.296 1.317 1.338 1.356 1.333 1.311 1.290 1.270 1.252 1.234 1.215 1.193 1.169 1.142 1.113 1.085 1.095 1.103 1.110 1.116 1.121 1.127 1.153 1.178 1.203 1.229 1.254 1.282 1.327 1.373 1.420 1.469 1.519 1.564 1.575 1.589 1.606 1.637 1.672 1.693 1.630 1.566 1.501 1.436 1.369 1.294 1.180 1.061 0.938 0.811 0.679 0.558 0.488 0.416 0.341 0.265 0.186 0.119 0.099 0.079 0.058 0.038 0.016 0.000 0.000 0.000 0.000 0.000 0.000 0.000 0.001 0.002 0.004 0.007 0.011 0.015
1.293 1.312 1.336 1.363 1.394 1.379 1.361 1.344 1.328 1.314 1.300 1.273 1.242 1.209 1.173 1.135 1.094 1.097 1.102 1.104 1.106 1.107 1.106 1.131 1.156 1.181 1.206 1.231 1.256 1.305 1.357 1.421 1.485 1.551 1.617 1.650 1.687 1.727 1.770 1.817 1.864 1.798 1.731 1.664 1.596 1.528 1.456 1.326 1.193 1.055 0.913 0.767 0.621 0.543 0.464 0.382 0.298 0.211 0.129 0.108 0.086 0.065 0.043 0.020 0.000 0.000 0.000 0.000 0.000 0.000 0.000 0.004 0.008 0.013 0.018 0.025 0.032
1.271 1.303 1.340 1.380 1.425 1.424 1.410 1.397 1.385 1.374 1.365 1.334 1.294 1.252 1.207 1.160 1.110 1.101 1.101 1.100 1.097 1.094 1.089 1.111 1.149 1.187 1.225 1.263 1.301 1.362 1.428 1.494 1.561 1.629 1.698 1.746 1.794 1.846 1.901 1.959 2.020 1.967 1.898 1.828 1.758 1.687 1.615 1.477 1.329 1.176 1.019 0.858 0.693 0.601 0.514 0.424 0.335 0.244 0.147 0.121 0.099 0.076 0.052 0.027 0.001 0.000 0.000 0.000 0.000 0.000 0.000 0.006 0.013 0.020 0.029 0.038 0.048
