DATA/SHG/CPC/2018/20180423.asc
ncols        190
nrows        64
xllcorner    -5100000.000000000000
yllcorner    4130000.000000000000
cellsize     10000.000000000000
NODATA_value  -99999.000
[rows 0 to 33 of 64, columns 77 to 153 of 190]
0.000 0.000 0.000 0.000 0.000 0.000 0.000 0.000 0.000 0.000 0.000 0.000 0.000 0.000 0.000 0.000 0.000 0.000 0.000 0.000 0.000 0.000 0.000 0.000 0.000 0.000 0.000 0.000 0.000 0.000 0.000 0.000 0.000 0.000 0.000 0.000 0.000 0.000 0.000 0.000 0.000 0.000 0.000 0.000 0.000 0.000 0.000 0.000 0.000 0.003 0.017 0.031 0.046 0.061 0.077 0.097 0.129 0.162 0.196 0.232 0.269 0.326 0.436 0.547 0.659 0.770 0.881 1.029 1.274 1.515 1.753 1.987 2.216 2.438 2.641 2.839 3.030
0.000 0.000 0.000 0.000 0.000 0.000 0.000 0.000 0.000 0.000 0.000 0.000 0.000 0.000 0.000 0.000 0.000 0.000 0.000 0.000 0.000 0.000 0.000 0.000 0.000 0.000 0.000 0.000 0.000 0.000 0.000 0.000 0.000 0.000 0.000 0.000 0.000 0.000 0.000 0.000 0.000 0.000 0.000 0.000 0.000 0.000 0.000 0.000 0.000 0.002 0.018 0.035 0.052 0.069 0.087 0.108 0.145 0.184 0.224 0.266 0.309 0.363 0.475 0.586 0.698 0.810 0.922 1.052 1.281 1.505 1.726 1.942 2.155 2.360 2.536 2.705 2.869
0.000 0.000 0.000 0.000 0.000 0.000 0.000 0.000 0.000 0.000 0.000 0.000 0.000 0.000 0.000 0.000 0.000 0.000 0.000 0.000 0.000 0.000 0.000 0.000 0.000 0.000 0.000 0.000 0.000 0.000 0.000 0.000 0.000 0.000 0.000 0.000 0.000 0.000 0.000 0.000 0.000 0.000 0.000 0.000 0.000 0.000 0.000 0.000 0.000 0.000 0.018 0.036 0.055 0.074 0.093 0.113 0.157 0.202 0.249 0.297 0.347 0.401 0.513 0.625 0.737 0.850 0.963 1.080 1.291 1.499 1.702 1.902 2.098 2.288 2.436 2.578 2.714
0.000 0.000 0.000 0.000 0.000 0.000 0.000 0.000 0.000 0.000 0.000 0.000 0.000 0.000 0.000 0.000 0.000 0.000 0.000 0.000 0.000 0.000 0.000 0.000 0.000 0.000 0.000 0.000 0.000 0.000 0.000 0.000 0.000 0.000 0.000 0.000 0.000 0.000 0.000 0.000 0.000 0.000 0.000 0.000 0.000 0.000 0.000 0.000 0.000 0.000 0.018 0.037 0.057 0.077 0.098 0.119 0.167 0.219 0.273 0.327 0.384 0.442 0.551 0.663 0.776 0.890 1.003 1.116 1.305 1.496 1.683 1.866 2.045 2.220 2.343 2.454 2.553
0.000 0.000 0.000 0.000 0.000 0.000 0.000 0.000 0.000 0.000 0.000 0.000 0.000 0.000 0.000 0.000 0.000 0.000 0.000 0.000 0.000 0.000 0.000 0.000 0.000 0.000 0.000 0.000 0.001 0.001 0.002 0.003 0.003 0.003 0.002 0.002 0.001 0.000 0.000 0.000 0.000 0.000 0.000 0.000 0.000 0.000 0.000 0.000 0.000 0.000 0.016 0.038 0.059 0.081 0.103 0.126 0.176 0.235 0.295 0.356 0.419 0.484 0.588 0.702 0.815 0.929 1.038 1.134 1.282 1.438 1.589 1.736 1.879 2.018 2.124 2.223 2.322
0.000 0.000 0.000 0.000 0.000 0.000 0.000 0.000 0.000 0.000 0.000 0.000 0.000 0.000 0.000 0.000 0.000 0.000 0.000 0.000 0.000 0.000 0.000 0.000 0.000 0.000 0.001 0.001 0.003 0.004 0.005 0.007 0.007 0.006 0.005 0.004 0.002 0.001 0.000 0.000 0.000 0.000 0.000 0.000 0.000 0.000 0.000 0.000 0.000 0.000 0.015 0.038 0.061 0.084 0.108 0.132 0.183 0.248 0.311 0.372 0.432 0.489 0.575 0.670 0.762 0.851 0.937 1.020 1.144 1.281 1.414 1.543 1.668 1.789 1.893 1.993 2.092
0.000 0.000 0.000 0.000 0.000 0.000 0.000 0.000 0.000 0.000 0.000 0.000 0.000 0.000 0.000 0.000 0.000 0.000 0.000 0.000 0.000 0.000 0.000 0.000 0.000 0.000 0.001 0.003 0.004 0.006 0.009 0.011 0.011 0.010 0.008 0.006 0.004 0.001 0.000 0.000 0.000 0.000 0.000 0.000 0.000 0.000 0.000 0.000 0.000 0.001 0.015 0.040 0.066 0.092 0.118 0.145 0.190 0.247 0.302 0.356 0.408 0.459 0.529 0.611 0.690 0.766 0.839 0.910 1.011 1.130 1.244 1.355 1.461 1.564 1.663 1.763 1.862
0.000 0.000 0.000 0.000 0.000 0.000 0.000 0.000 0.000 0.000 0.000 0.000 0.000 0.000 0.000 0.000 0.000 0.000 0.000 0.000 0.000 0.000 0.000 0.000 0.000 0.000 0.001 0.003 0.006 0.009 0.012 0.015 0.016 0.014 0.011 0.008 0.005 0.002 0.000 0.001 0.002 0.003 0.004 0.005 0.006 0.006 0.007 0.008 0.008 0.009 0.021 0.048 0.075 0.103 0.131 0.159 0.198 0.248 0.296 0.342 0.387 0.430 0.486 0.555 0.621 0.684 0.745 0.802 0.881 0.982 1.078 1.171 1.259 1.343 1.434 1.533 1.633
0.000 0.000 0.000 0.000 0.000 0.000 0.000 0.000 0.000 0.000 0.000 0.000 0.000 0.000 0.000 0.000 0.000 0.000 0.000 0.000 0.000 0.000 0.000 0.000 0.000 0.000 0.001 0.004 0.007 0.011 0.015 0.020 0.023 0.021 0.020 0.018 0.017 0.015 0.015 0.015 0.016 0.016 0.016 0.015 0.015 0.015 0.016 0.016 0.017 0.017 0.026 0.055 0.084 0.113 0.143 0.173 0.208 0.250 0.291 0.330 0.367 0.403 0.446 0.502 0.555 0.606 0.653 0.697 0.756 0.839 0.917 0.993 1.067 1.137 1.216 1.312 1.405
0.000 0.000 0.000 0.000 0.000 0.000 0.000 0.000 0.000 0.000 0.000 0.000 0.000 0.000 0.000 0.000 0.000 0.000 0.000 0.000 0.000 0.001 0.002 0.003 0.005 0.007 0.010 0.015 0.019 0.024 0.029 0.033 0.037 0.035 0.034 0.033 0.032 0.031 0.031 0.030 0.029 0.028 0.027 0.026 0.024 0.025 0.025 0.025 0.025 0.025 0.031 0.061 0.092 0.123 0.155 0.187 0.220 0.255 0.288 0.319 0.349 0.378 0.408 0.452 0.493 0.532 0.570 0.605 0.650 0.718 0.783 0.844 0.901 0.955 1.017 1.101 1.182
0.000 0.000 0.000 0.000 0.000 0.000 0.000 0.000 0.000 0.000 0.000 0.000 0.000 0.000 0.000 0.000 0.001 0.002 0.004 0.006 0.007 0.010 0.012 0.015 0.018 0.021 0.025 0.029 0.034 0.038 0.042 0.046 0.050 0.049 0.048 0.048 0.047 0.047 0.047 0.045 0.043 0.041 0.039 0.036 0.034 0.034 0.034 0.033 0.033 0.033 0.035 0.068 0.100 0.131 0.161 0.191 0.220 0.246 0.271 0.295 0.319 0.342 0.366 0.401 0.434 0.465 0.494 0.521 0.551 0.604 0.653 0.698 0.740 0.778 0.820 0.892 0.961
0.000 0.000 0.000 0.000 0.000 0.000 0.000 0.000 0.000 0.000 0.000 0.000 0.000 0.000 0.000 0.002 0.004 0.006 0.009 0.012 0.015 0.019 0.022 0.026 0.031 0.035 0.040 0.044 0.048 0.052 0.056 0.059 0.063 0.063 0.063 0.063 0.063 0.063 0.063 0.060 0.058 0.054 0.051 0.048 0.043 0.042 0.041 0.040 0.039 0.037 0.036 0.064 0.093 0.122 0.149 0.176 0.203 0.225 0.247 0.268 0.288 0.307 0.326 0.352 0.376 0.399 0.420 0.438 0.456 0.493 0.526 0.556 0.582 0.604 0.626 0.686 0.743
0.000 0.000 0.000 0.000 0.000 0.000 0.000 0.000 0.000 0.000 0.000 0.000 0.000 0.000 0.000 0.002 0.006 0.009 0.013 0.018 0.022 0.027 0.032 0.037 0.043 0.049 0.055 0.059 0.062 0.066 0.069 0.072 0.076 0.076 0.077 0.076 0.075 0.074 0.074 0.070 0.066 0.062 0.058 0.054 0.050 0.048 0.046 0.044 0.042 0.040 0.038 0.061 0.087 0.113 0.138 0.162 0.186 0.205 0.223 0.241 0.257 0.273 0.288 0.305 0.321 0.335 0.347 0.358 0.366 0.386 0.403 0.417 0.427 0.434 0.437 0.485 0.551
0.000 0.000 0.000 0.000 0.000 0.000 0.000 0.000 0.000 0.000 0.000 0.000 0.000 0.000 0.000 0.003 0.007 0.012 0.018 0.023 0.029 0.035 0.041 0.048 0.055 0.062 0.068 0.071 0.073 0.075 0.077 0.079 0.081 0.081 0.080 0.080 0.079 0.078 0.077 0.074 0.071 0.067 0.063 0.060 0.057 0.054 0.051 0.049 0.046 0.043 0.040 0.057 0.081 0.104 0.127 0.149 0.170 0.187 0.201 0.215 0.227 0.240 0.251 0.260 0.268 0.274 0.278 0.289 0.300 0.319 0.339 0.359 0.379 0.399 0.419 0.472 0.527
0.000 0.000 0.000 0.000 0.000 0.000 0.000 0.000 0.000 0.000 0.000 0.000 0.000 0.000 0.000 0.003 0.009 0.015 0.022 0.028 0.035 0.042 0.048 0.054 0.060 0.066 0.071 0.075 0.077 0.079 0.081 0.083 0.085 0.085 0.084 0.083 0.083 0.082 0.081 0.079 0.075 0.072 0.069 0.066 0.063 0.060 0.057 0.053 0.050 0.046 0.042 0.055 0.076 0.096 0.116 0.136 0.155 0.169 0.182 0.196 0.210 0.225 0.240 0.252 0.263 0.274 0.284 0.294 0.304 0.322 0.342 0.362 0.381 0.401 0.421 0.461 0.506
0.000 0.000 0.000 0.000 0.000 0.000 0.000 0.000 0.000 0.000 0.000 0.000 0.000 0.000 0.000 0.002 0.009 0.017 0.024 0.032 0.040 0.048 0.053 0.059 0.064 0.070 0.075 0.079 0.081 0.083 0.084 0.086 0.088 0.089 0.088 0.087 0.086 0.085 0.085 0.083 0.080 0.077 0.074 0.072 0.069 0.066 0.062 0.058 0.054 0.049 0.044 0.052 0.071 0.091 0.110 0.129 0.149 0.166 0.181 0.197 0.214 0.231 0.249 0.262 0.272 0.281 0.291 0.300 0.309 0.325 0.344 0.364 0.384 0.403 0.423 0.453 0.488
0.000 0.000 0.000 0.000 0.000 0.000 0.000 0.000 0.000 0.000 0.000 0.000 0.000 0.000 0.000 0.002 0.010 0.018 0.027 0.036 0.045 0.053 0.059 0.064 0.069 0.074 0.079 0.083 0.085 0.086 0.088 0.090 0.091 0.092 0.091 0.091 0.090 0.089 0.088 0.087 0.083 0.079 0.074 0.069 0.064 0.059 0.054 0.050 0.047 0.044 0.041 0.048 0.067 0.086 0.106 0.125 0.144 0.162 0.180 0.199 0.217 0.237 0.257 0.272 0.281 0.289 0.298 0.306 0.314 0.328 0.347 0.367 0.386 0.405 0.424 0.447 0.471
0.000 0.000 0.000 0.000 0.000 0.000 0.000 0.000 0.000 0.000 0.000 0.000 0.000 0.000 0.000 0.001 0.010 0.019 0.029 0.039 0.049 0.059 0.064 0.069 0.074 0.078 0.083 0.087 0.088 0.090 0.092 0.093 0.093 0.094 0.092 0.090 0.088 0.086 0.084 0.081 0.076 0.070 0.064 0.057 0.050 0.044 0.042 0.040 0.039 0.038 0.038 0.043 0.063 0.082 0.101 0.120 0.139 0.159 0.179 0.199 0.220 0.242 0.264 0.282 0.290 0.297 0.305 0.312 0.319 0.331 0.350 0.371 0.417 0.466 0.517 0.564 0.599
0.000 0.000 0.000 0.000 0.000 0.000 0.000 0.000 0.000 0.000 0.000 0.000 0.000 0.000 0.000 0.000 0.010 0.020 0.031 0.042 0.054 0.065 0.070 0.074 0.078 0.082 0.085 0.089 0.089 0.090 0.091 0.091 0.091 0.091 0.089 0.087 0.085 0.082 0.080 0.077 0.069 0.062 0.054 0.046 0.037 0.029 0.029 0.030 0.031 0.032 0.034 0.039 0.058 0.077 0.097 0.116 0.135 0.154 0.177 0.200 0.223 0.247 0.272 0.301 0.322 0.348 0.379 0.416 0.457 0.504 0.556 0.610 0.666 0.724 0.785 0.832 0.843
0.000 0.000 0.000 0.000 0.000 0.000 0.000 0.000 0.000 0.000 0.000 0.000 0.000 0.000 0.002 0.003 0.013 0.025 0.037 0.048 0.059 0.070 0.075 0.078 0.081 0.084 0.087 0.090 0.090 0.090 0.090 0.090 0.090 0.089 0.087 0.084 0.081 0.078 0.075 0.072 0.063 0.054 0.044 0.034 0.024 0.014 0.016 0.019 0.022 0.025 0.030 0.035 0.054 0.073 0.094 0.115 0.136 0.160 0.191 0.226 0.262 0.301 0.342 0.385 0.429 0.478 0.532 0.591 0.655 0.723 0.784 0.847 0.913 0.980 1.050 1.104 1.091
0.000 0.000 0.000 0.000 0.000 0.000 0.000 0.002 0.003 0.004 0.005 0.007 0.008 0.010 0.011 0.013 0.022 0.033 0.044 0.055 0.065 0.076 0.081 0.083 0.085 0.087 0.089 0.091 0.091 0.090 0.090 0.089 0.088 0.087 0.084 0.081 0.078 0.074 0.071 0.067 0.057 0.047 0.035 0.024 0.012 0.001 0.005 0.011 0.017 0.023 0.029 0.036 0.057 0.080 0.103 0.127 0.151 0.176 0.218 0.263 0.310 0.359 0.411 0.465 0.531 0.603 0.679 0.761 0.848 0.938 1.009 1.082 1.157 1.234 1.313 1.382 1.344
0.002 0.004 0.005 0.007 0.008 0.009 0.010 0.011 0.012 0.012 0.014 0.015 0.017 0.019 0.021 0.023 0.030 0.041 0.051 0.062 0.072 0.082 0.086 0.088 0.089 0.090 0.091 0.092 0.092 0.091 0.089 0.088 0.086 0.085 0.082 0.078 0.074 0.069 0.064 0.059 0.049 0.038 0.028 0.019 0.010 0.002 0.005 0.011 0.018 0.025 0.031 0.038 0.060 0.085 0.111 0.138 0.165 0.193 0.243 0.297 0.355 0.414 0.476 0.541 0.628 0.722 0.822 0.926 1.036 1.150 1.232 1.314 1.398 1.485 1.573 1.664 1.602
0.014 0.015 0.017 0.018 0.018 0.019 0.020 0.020 0.021 0.021 0.022 0.024 0.026 0.029 0.031 0.033 0.039 0.049 0.059 0.069 0.078 0.087 0.092 0.093 0.094 0.094 0.094 0.095 0.094 0.093 0.091 0.089 0.086 0.082 0.078 0.072 0.066 0.060 0.053 0.046 0.038 0.029 0.022 0.015 0.008 0.002 0.005 0.012 0.019 0.026 0.033 0.041 0.063 0.091 0.119 0.149 0.178 0.209 0.264 0.330 0.397 0.467 0.540 0.614 0.720 0.836 0.958 1.085 1.277 1.500 1.675 1.836 1.993 2.147 2.296 2.442 2.386
0.026 0.027 0.028 0.029 0.029 0.030 0.030 0.030 0.030 0.030 0.030 0.033 0.035 0.038 0.040 0.043 0.048 0.058 0.070 0.082 0.093 0.102 0.108 0.109 0.109 0.109 0.107 0.106 0.103 0.100 0.096 0.091 0.086 0.080 0.074 0.066 0.059 0.051 0.042 0.033 0.026 0.020 0.015 0.010 0.005 0.002 0.004 0.012 0.019 0.027 0.035 0.043 0.065 0.095 0.127 0.159 0.191 0.224 0.284 0.378 0.492 0.623 0.770 0.933 1.136 1.366 1.610 1.869 2.143 2.431 2.618 2.763 2.903 3.039 3.172 3.301 3.200
0.038 0.039 0.039 0.040 0.040 0.040 0.040 0.039 0.039 0.039 0.041 0.052 0.063 0.072 0.079 0.085 0.092 0.102 0.110 0.117 0.124 0.129 0.132 0.130 0.128 0.125 0.122 0.118 0.113 0.107 0.101 0.094 0.087 0.079 0.070 0.061 0.052 0.042 0.032 0.022 0.013 0.010 0.007 0.004 0.002 0.001 0.004 0.012 0.020 0.028 0.037 0.047 0.071 0.114 0.161 0.214 0.270 0.332 0.446 0.616 0.802 1.005 1.223 1.458 1.726 2.021 2.330 2.654 2.993 3.346 3.564 3.692 3.815 3.935 4.051 4.163 4.031
0.051 0.051 0.051 0.056 0.073 0.087 0.098 0.107 0.113 0.117 0.119 0.126 0.131 0.136 0.139 0.140 0.141 0.147 0.151 0.154 0.156 0.157 0.157 0.153 0.148 0.142 0.136 0.130 0.123 0.115 0.106 0.097 0.088 0.078 0.067 0.057 0.046 0.034 0.022 0.010 0.000 0.000 0.000 0.000 0.000 0.000 0.003 0.013 0.023 0.034 0.045 0.057 0.087 0.150 0.218 0.290 0.368 0.449 0.595 0.837 1.095 1.370 1.660 1.967 2.300 2.660 3.034 3.423 3.827 4.246 4.512 4.623 4.730 4.833 4.932 5.028 4.879
0.124 0.142 0.161 0.182 0.205 0.211 0.213 0.213 0.211 0.206 0.199 0.200 0.201 0.201 0.200 0.197 0.192 0.193 0.193 0.192 0.189 0.186 0.182 0.175 0.168 0.160 0.152 0.143 0.133 0.123 0.112 0.101 0.089 0.075 0.062 0.050 0.039 0.028 0.017 0.008 0.000 0.000 0.000 0.000 0.000 0.000 0.002 0.014 0.027 0.039 0.052 0.066 0.097 0.181 0.269 0.362 0.460 0.562 0.728 1.042 1.372 1.718 2.080 2.458 2.858 3.283 3.723 4.177 4.646 5.129 5.463 5.557 5.647 5.738 5.851 5.978 5.897
0.233 0.256 0.281 0.307 0.334 0.337 0.331 0.322 0.311 0.297 0.281 0.276 0.272 0.268 0.261 0.254 0.245 0.241 0.236 0.230 0.224 0.216 0.208 0.201 0.193 0.183 0.169 0.153 0.135 0.121 0.107 0.093 0.078 0.064 0.048 0.039 0.030 0.022 0.014 0.007 0.000 0.000 0.000 0.000 0.000 0.000 0.001 0.015 0.029 0.044 0.059 0.075 0.103 0.207 0.316 0.430 0.548 0.670 0.844 1.230 1.631 2.049 2.483 2.933 3.404 3.902 4.404 4.911 5.424 5.941 6.346 6.479 6.629 6.793 6.972 7.166 7.184
0.341 0.369 0.399 0.430 0.463 0.465 0.450 0.433 0.413 0.391 0.366 0.353 0.345 0.335 0.324 0.319 0.311 0.307 0.303 0.297 0.291 0.283 0.274 0.259 0.239 0.217 0.191 0.164 0.133 0.115 0.100 0.084 0.068 0.052 0.036 0.027 0.021 0.015 0.010 0.005 0.000 0.000 0.000 0.000 0.000 0.000 0.000 0.015 0.032 0.049 0.066 0.084 0.104 0.229 0.358 0.495 0.655 0.825 1.027 1.502 1.989 2.489 3.000 3.524 4.057 4.577 5.101 5.631 6.165 6.705 7.184 7.385 7.600 7.831 8.077 8.338 8.468
0.447 0.480 0.515 0.552 0.590 0.595 0.572 0.548 0.540 0.520 0.488 0.467 0.460 0.452 0.441 0.427 0.412 0.400 0.391 0.381 0.369 0.357 0.343 0.319 0.288 0.253 0.216 0.177 0.134 0.109 0.093 0.076 0.059 0.041 0.023 0.015 0.011 0.008 0.005 0.002 0.000 0.000 0.000 0.000 0.000 0.000 0.000 0.018 0.042 0.069 0.101 0.136 0.174 0.337 0.521 0.715 0.919 1.133 1.357 1.876 2.417 2.971 3.536 4.115 4.704 5.246 5.792 6.344 6.901 7.463 8.006 8.274 8.556 8.853 9.166 9.494 9.749
0.558 0.641 0.722 0.801 0.879 0.916 0.890 0.852 0.801 0.738 0.663 0.609 0.595 0.578 0.559 0.538 0.514 0.494 0.480 0.465 0.449 0.432 0.413 0.383 0.340 0.293 0.244 0.193 0.139 0.104 0.086 0.068 0.049 0.031 0.011 0.003 0.001 0.000 0.000 0.000 0.000 0.000 0.001 0.002 0.003 0.004 0.006 0.034 0.074 0.118 0.166 0.217 0.272 0.458 0.686 0.924 1.172 1.431 1.699 2.236 2.832 3.440 4.060 4.692 5.336 5.909 6.477 7.051 7.630 8.214 8.803 9.147 9.496 9.860 10.239 10.633 11.026
0.987 1.063 1.139 1.212 1.284 1.317 1.248 1.167 1.073 0.967 0.849 0.753 0.731 0.706 0.679 0.650 0.618 0.589 0.571 0.551 0.530 0.508 0.485 0.450 0.394 0.336 0.275 0.212 0.146 0.098 0.079 0.061 0.043 0.025 0.008 0.000 0.000 0.000 0.000 0.000 0.000 0.001 0.003 0.004 0.007 0.009 0.012 0.046 0.102 0.163 0.227 0.295 0.366 0.568 0.841 1.123 1.415 1.717 2.029 2.584 3.233 3.895 4.570 5.256 5.955 6.566 7.157 7.753 8.354 8.960 9.495 9.761 10.001 10.247 10.497 10.753 11.014
1.416 1.487 1.556 1.624 1.691 1.729 1.617 1.493 1.357 1.208 1.047 0.899 0.869 0.836 0.801 0.764 0.725 0.686 0.662 0.640 0.635 0.625 0.610 0.579 0.512 0.438 0.355 0.264 0.164 0.087 0.070 0.054 0.038 0.023 0.009 0.000 0.000 0.000 0.000 0.000 0.000 0.001 0.004 0.007 0.010 0.013 0.017 0.054 0.127 0.204 0.284 0.368 0.456 0.669 0.985 1.311 1.647 1.993 2.349 2.918 3.622 4.314 4.972 5.622 6.263 6.784 7.236 7.670 8.086 8.483 8.862 9.149 9.412 9.681 9.955 10.234 10.519
1.846 1.911 1.975 2.037 2.098 2.152 1.997 1.830 1.651 1.459 1.255 1.047 1.028 1.018 1.009 1.001 0.994 0.982 0.964 0.941 0.913 0.878 0.839 0.787 0.685 0.574 0.455 0.327 0.192 0.074 0.060 0.046 0.033 0.021 0.009 0.000 0.000 0.000 0.000 0.000 0.000 0.001 0.005 0.009 0.013 0.017 0.022 0.058 0.148 0.241 0.337 0.438 0.540 0.750 1.094 1.440 1.787 2.137 2.488 2.988 3.626 4.256 4.877 5.490 6.095 6.573 6.944 7.298 7.633 7.950 8.248 8.532 8.819 9.111 9.409 9.711 10.019
