DATA/SHG/CPC/2018/20180523.asc
ncols        190
nrows        64
xllcorner    -5100000.000000000000
yllcorner    4130000.000000000000
cellsize     10000.000000000000
NODATA_value  -99999.000
[rows 0 to 32 of 64, columns 75 to 149 of 190]
0.000 0.000 0.000 0.000 0.000 0.000 0.000 0.000 0.000 0.000 0.000 0.000 0.000 0.000 0.000 0.000 0.000 0.000 0.000 0.000 0.000 0.000 0.000 0.000 0.000 0.000 0.000 0.000 0.000 0.000 0.000 0.000 0.000 0.000 0.000 0.000 0.000 0.000 0.000 0.000 0.000 0.000 0.000 0.000 0.000 0.001 0.003 0.005 0.007 0.010 0.013 0.017 0.022 0.028 0.034 0.041 0.048 0.055 0.061 0.067 0.074 0.081 0.089 0.097 0.110 0.127 0.144 0.161 0.179 0.198 0.218 0.237 0.255 0.273 0.291
0.000 0.000 0.000 0.000 0.000 0.000 0.000 0.000 0.000 0.000 0.000 0.000 0.000 0.000 0.000 0.000 0.000 0.000 0.000 0.000 0.000 0.000 0.000 0.000 0.000 0.000 0.000 0.000 0.000 0.000 0.000 0.000 0.000 0.000 0.000 0.000 0.000 0.000 0.000 0.000 0.000 0.000 0.000 0.000 0.000 0.000 0.003 0.007 0.010 0.013 0.017 0.021 0.028 0.036 0.043 0.054 0.067 0.080 0.093 0.107 0.122 0.138 0.155 0.173 0.191 0.210 0.229 0.249 0.268 0.288 0.306 0.323 0.339 0.356 0.371
0.000 0.000 0.000 0.000 0.000 0.000 0.000 0.000 0.000 0.000 0.000 0.000 0.000 0.000 0.000 0.000 0.000 0.000 0.000 0.000 0.000 0.000 0.000 0.000 0.000 0.000 0.000 0.000 0.000 0.000 0.000 0.000 0.000 0.000 0.000 0.000 0.000 0.000 0.000 0.000 0.000 0.000 0.000 0.000 0.000 0.000 0.005 0.010 0.017 0.024 0.033 0.042 0.055 0.069 0.084 0.100 0.116 0.133 0.151 0.169 0.188 0.209 0.230 0.252 0.272 0.293 0.314 0.335 0.357 0.379 0.394 0.409 0.424 0.438 0.452
0.000 0.000 0.000 0.000 0.000 0.000 0.000 0.000 0.000 0.000 0.000 0.000 0.000 0.000 0.000 0.000 0.000 0.000 0.000 0.000 0.000 0.000 0.000 0.000 0.000 0.000 0.000 0.000 0.000 0.000 0.000 0.000 0.000 0.000 0.000 0.000 0.000 0.000 0.000 0.000 0.000 0.001 0.002 0.003 0.005 0.006 0.015 0.024 0.035 0.047 0.059 0.073 0.089 0.107 0.125 0.145 0.165 0.186 0.207 0.230 0.254 0.278 0.303 0.330 0.352 0.375 0.398 0.421 0.445 0.469 0.483 0.496 0.509 0.521 0.532
0.000 0.000 0.000 0.000 0.000 0.000 0.000 0.000 0.000 0.000 0.000 0.000 0.000 0.000 0.000 0.000 0.000 0.000 0.000 0.000 0.000 0.000 0.000 0.000 0.000 0.000 0.000 0.000 0.000 0.000 0.000 0.000 0.000 0.000 0.000 0.000 0.000 0.000 0.000 0.000 0.001 0.003 0.005 0.007 0.010 0.013 0.023 0.037 0.052 0.068 0.084 0.102 0.122 0.143 0.166 0.189 0.213 0.237 0.263 0.290 0.317 0.346 0.376 0.406 0.432 0.456 0.481 0.507 0.535 0.569 0.592 0.613 0.636 0.660 0.685
0.000 0.000 0.000 0.000 0.000 0.000 0.000 0.000 0.000 0.000 0.000 0.000 0.000 0.000 0.000 0.000 0.000 0.000 0.000 0.000 0.000 0.000 0.000 0.000 0.000 0.000 0.000 0.000 0.000 0.000 0.000 0.000 0.000 0.000 0.000 0.000 0.000 0.000 0.000 0.000 0.002 0.005 0.008 0.011 0.015 0.019 0.031 0.049 0.068 0.088 0.109 0.130 0.154 0.179 0.205 0.232 0.259 0.288 0.317 0.350 0.387 0.425 0.464 0.502 0.538 0.572 0.608 0.645 0.684 0.724 0.754 0.781 0.808 0.837 0.866
0.000 0.000 0.000 0.000 0.000 0.000 0.000 0.000 0.000 0.000 0.000 0.000 0.000 0.000 0.000 0.000 0.000 0.000 0.000 0.000 0.000 0.000 0.000 0.000 0.000 0.000 0.000 0.000 0.000 0.000 0.000 0.000 0.000 0.000 0.000 0.000 0.000 0.000 0.000 0.000 0.002 0.006 0.010 0.015 0.019 0.024 0.038 0.060 0.083 0.107 0.134 0.164 0.197 0.231 0.266 0.303 0.340 0.379 0.418 0.457 0.497 0.537 0.578 0.620 0.661 0.701 0.744 0.787 0.832 0.879 0.916 0.947 0.979 1.012 1.047
0.000 0.000 0.000 0.000 0.000 0.000 0.000 0.000 0.000 0.000 0.000 0.000 0.000 0.000 0.000 0.000 0.000 0.000 0.000 0.000 0.000 0.000 0.000 0.000 0.000 0.000 0.000 0.000 0.000 0.000 0.000 0.000 0.000 0.000 0.000 0.000 0.000 0.000 0.000 0.000 0.002 0.008 0.018 0.028 0.039 0.052 0.072 0.103 0.135 0.167 0.200 0.234 0.270 0.310 0.350 0.392 0.435 0.479 0.522 0.564 0.606 0.649 0.692 0.737 0.782 0.829 0.877 0.927 0.978 1.031 1.076 1.112 1.149 1.187 1.226
0.000 0.000 0.000 0.000 0.000 0.000 0.000 0.000 0.000 0.000 0.000 0.000 0.000 0.000 0.000 0.000 0.000 0.000 0.000 0.000 0.000 0.000 0.000 0.000 0.000 0.000 0.000 0.000 0.000 0.000 0.000 0.000 0.000 0.001 0.002 0.003 0.006 0.009 0.013 0.017 0.025 0.038 0.052 0.067 0.083 0.101 0.124 0.158 0.193 0.229 0.266 0.303 0.343 0.387 0.433 0.480 0.528 0.577 0.625 0.669 0.714 0.760 0.806 0.853 0.902 0.955 1.010 1.066 1.123 1.182 1.234 1.275 1.317 1.354 1.392
0.000 0.000 0.000 0.000 0.000 0.000 0.000 0.000 0.000 0.000 0.000 0.000 0.000 0.000 0.000 0.000 0.000 0.000 0.000 0.000 0.000 0.000 0.000 0.000 0.000 0.000 0.000 0.000 0.000 0.001 0.001 0.002 0.004 0.005 0.007 0.012 0.017 0.023 0.030 0.038 0.048 0.066 0.085 0.105 0.126 0.149 0.175 0.212 0.251 0.290 0.330 0.371 0.414 0.464 0.515 0.567 0.620 0.674 0.727 0.774 0.822 0.870 0.918 0.968 1.018 1.073 1.129 1.185 1.240 1.296 1.346 1.386 1.426 1.468 1.511
0.000 0.000 0.000 0.000 0.000 0.000 0.000 0.000 0.000 0.000 0.000 0.000 0.000 0.000 0.000 0.000 0.000 0.000 0.000 0.000 0.000 0.000 0.000 0.000 0.000 0.000 0.000 0.000 0.000 0.001 0.003 0.005 0.007 0.009 0.012 0.019 0.028 0.037 0.047 0.058 0.069 0.092 0.116 0.141 0.168 0.195 0.224 0.266 0.308 0.350 0.394 0.438 0.484 0.539 0.595 0.654 0.715 0.776 0.835 0.883 0.931 0.977 1.023 1.067 1.113 1.168 1.224 1.279 1.334 1.390 1.443 1.488 1.533 1.581 1.629
0.000 0.000 0.000 0.000 0.000 0.000 0.000 0.000 0.000 0.000 0.000 0.000 0.000 0.000 0.000 0.000 0.000 0.000 0.000 0.000 0.000 0.000 0.000 0.000 0.000 0.000 0.000 0.000 0.000 0.002 0.004 0.007 0.010 0.013 0.016 0.026 0.038 0.050 0.063 0.076 0.091 0.118 0.147 0.177 0.208 0.240 0.276 0.323 0.372 0.423 0.475 0.528 0.583 0.644 0.705 0.767 0.829 0.891 0.953 0.998 1.041 1.084 1.126 1.167 1.208 1.263 1.318 1.373 1.428 1.483 1.538 1.588 1.639 1.692 1.745
0.000 0.000 0.000 0.000 0.000 0.000 0.000 0.000 0.000 0.000 0.000 0.000 0.000 0.000 0.000 0.000 0.000 0.000 0.000 0.000 0.000 0.000 0.000 0.000 0.000 0.000 0.000 0.000 0.000 0.002 0.006 0.009 0.013 0.017 0.021 0.033 0.047 0.062 0.078 0.095 0.113 0.145 0.182 0.220 0.261 0.303 0.347 0.400 0.455 0.512 0.570 0.630 0.691 0.753 0.816 0.879 0.942 1.005 1.069 1.113 1.153 1.192 1.230 1.268 1.305 1.358 1.413 1.468 1.522 1.577 1.632 1.687 1.744 1.801 1.860
0.000 0.000 0.000 0.000 0.000 0.000 0.000 0.000 0.000 0.000 0.000 0.000 0.000 0.000 0.000 0.000 0.000 0.000 0.000 0.000 0.000 0.000 0.000 0.000 0.000 0.000 0.000 0.000 0.000 0.003 0.007 0.011 0.015 0.019 0.024 0.037 0.055 0.074 0.094 0.115 0.136 0.173 0.218 0.265 0.313 0.364 0.416 0.474 0.536 0.599 0.663 0.729 0.797 0.861 0.926 0.990 1.055 1.120 1.185 1.228 1.265 1.300 1.335 1.369 1.402 1.453 1.507 1.562 1.618 1.695 1.774 1.881 2.010 2.157 2.324
0.000 0.000 0.000 0.000 0.000 0.000 0.000 0.000 0.000 0.000 0.000 0.000 0.000 0.000 0.000 0.000 0.000 0.000 0.000 0.000 0.000 0.000 0.000 0.000 0.000 0.000 0.000 0.000 0.000 0.002 0.007 0.012 0.017 0.022 0.027 0.041 0.063 0.085 0.109 0.133 0.158 0.199 0.252 0.307 0.364 0.422 0.483 0.547 0.615 0.685 0.755 0.827 0.901 0.970 1.035 1.101 1.167 1.233 1.300 1.345 1.385 1.430 1.480 1.534 1.593 1.666 1.746 1.827 1.911 1.995 2.082 2.248 2.460 2.691 2.940
0.000 0.000 0.000 0.000 0.000 0.000 0.000 0.000 0.000 0.000 0.000 0.000 0.000 0.000 0.000 0.000 0.000 0.000 0.000 0.000 0.000 0.000 0.000 0.000 0.000 0.000 0.000 0.000 0.000 0.002 0.007 0.013 0.018 0.024 0.030 0.044 0.069 0.096 0.123 0.151 0.180 0.223 0.284 0.347 0.412 0.479 0.548 0.619 0.693 0.769 0.846 0.927 1.008 1.083 1.152 1.222 1.293 1.364 1.436 1.500 1.561 1.627 1.697 1.772 1.851 1.935 2.023 2.111 2.202 2.294 2.387 2.596 2.891 3.205 3.538
0.000 0.000 0.000 0.000 0.000 0.000 0.000 0.000 0.000 0.000 0.000 0.000 0.000 0.000 0.000 0.000 0.000 0.000 0.000 0.000 0.000 0.000 0.000 0.000 0.000 0.000 0.000 0.000 0.000 0.002 0.007 0.013 0.019 0.026 0.032 0.045 0.075 0.105 0.136 0.167 0.200 0.246 0.320 0.396 0.474 0.553 0.633 0.715 0.796 0.878 0.960 1.043 1.127 1.205 1.278 1.351 1.425 1.499 1.574 1.651 1.732 1.818 1.909 2.004 2.104 2.203 2.297 2.393 2.491 2.590 2.691 2.925 3.303 3.700 4.116
0.000 0.000 0.000 0.000 0.000 0.000 0.000 0.000 0.000 0.000 0.000 0.000 0.000 0.000 0.000 0.000 0.000 0.000 0.000 0.000 0.000 0.000 0.000 0.000 0.000 0.000 0.000 0.000 0.000 0.001 0.007 0.014 0.021 0.031 0.042 0.057 0.095 0.135 0.175 0.218 0.262 0.314 0.396 0.478 0.562 0.648 0.735 0.822 0.906 0.990 1.074 1.159 1.245 1.327 1.403 1.479 1.556 1.633 1.711 1.796 1.898 2.005 2.116 2.232 2.352 2.468 2.570 2.673 2.778 2.884 2.992 3.235 3.697 4.192 5.059
0.000 0.000 0.000 0.000 0.000 0.000 0.000 0.000 0.000 0.000 0.000 0.000 0.000 0.000 0.000 0.000 0.000 0.000 0.000 0.000 0.000 0.000 0.000 0.000 0.002 0.003 0.005 0.008 0.011 0.014 0.025 0.036 0.048 0.061 0.074 0.089 0.134 0.180 0.227 0.276 0.326 0.381 0.469 0.559 0.649 0.742 0.836 0.929 1.015 1.101 1.188 1.275 1.362 1.449 1.527 1.606 1.686 1.766 1.847 1.937 2.060 2.187 2.318 2.455 2.597 2.785 3.007 3.290 3.635 4.041 4.509 5.181 6.299 7.519 8.842
0.000 0.000 0.000 0.000 0.000 0.000 0.000 0.000 0.000 0.000 0.000 0.000 0.000 0.000 0.000 0.000 0.001 0.003 0.004 0.006 0.007 0.008 0.010 0.011 0.014 0.017 0.021 0.025 0.030 0.034 0.047 0.061 0.075 0.090 0.106 0.122 0.171 0.223 0.277 0.332 0.389 0.447 0.541 0.637 0.735 0.834 0.934 1.036 1.123 1.212 1.300 1.390 1.479 1.569 1.650 1.732 1.812 1.898 1.990 2.095 2.277 2.477 2.695 2.931 3.186 3.482 3.977 4.533 5.150 5.829 6.570 7.492 9.065 10.741 12.520
0.000 0.000 0.000 0.000 0.000 0.000 0.000 0.000 0.000 0.002 0.003 0.004 0.005 0.007 0.008 0.009 0.011 0.012 0.014 0.015 0.017 0.019 0.020 0.022 0.026 0.031 0.036 0.042 0.048 0.054 0.068 0.084 0.101 0.119 0.137 0.155 0.206 0.265 0.325 0.387 0.450 0.515 0.612 0.714 0.818 0.924 1.031 1.133 1.217 1.299 1.379 1.459 1.537 1.614 1.708 1.808 1.914 2.025 2.143 2.266 2.526 2.806 3.105 3.421 3.755 4.117 4.884 5.713 6.603 7.554 8.567 9.697 11.726 13.857 16.091
0.000 0.002 0.005 0.008 0.010 0.011 0.011 0.013 0.013 0.014 0.014 0.014 0.014 0.016 0.017 0.018 0.020 0.021 0.023 0.025 0.027 0.029 0.031 0.033 0.038 0.044 0.051 0.058 0.066 0.074 0.089 0.107 0.127 0.147 0.167 0.188 0.240 0.305 0.378 0.451 0.525 0.599 0.696 0.797 0.897 0.994 1.090 1.183 1.264 1.341 1.417 1.492 1.566 1.639 1.751 1.877 2.009 2.146 2.289 2.438 2.757 3.117 3.496 3.892 4.306 4.739 5.729 6.829 7.992 9.215 10.500 11.847 14.282 16.869 19.557
0.034 0.035 0.035 0.034 0.032 0.029 0.027 0.027 0.027 0.026 0.025 0.024 0.023 0.025 0.026 0.027 0.029 0.030 0.032 0.034 0.037 0.039 0.042 0.044 0.049 0.057 0.066 0.074 0.083 0.097 0.116 0.143 0.172 0.202 0.233 0.267 0.324 0.399 0.475 0.551 0.628 0.705 0.793 0.886 0.976 1.065 1.151 1.236 1.312 1.385 1.456 1.527 1.596 1.665 1.789 1.940 2.098 2.261 2.430 2.604 2.969 3.409 3.868 4.344 4.838 5.350 6.510 7.883 9.317 10.813 12.690 14.746 17.840 21.142 24.473
0.072 0.070 0.066 0.061 0.055 0.048 0.043 0.042 0.040 0.038 0.036 0.034 0.032 0.034 0.035 0.036 0.038 0.039 0.041 0.044 0.051 0.058 0.065 0.072 0.081 0.094 0.108 0.121 0.135 0.149 0.171 0.205 0.241 0.278 0.316 0.357 0.415 0.493 0.571 0.650 0.730 0.810 0.893 0.976 1.058 1.137 1.214 1.290 1.361 1.429 1.496 1.562 1.627 1.691 1.820 1.997 2.180 2.369 2.564 2.764 3.162 3.816 4.610 5.506 6.504 7.606 9.362 11.454 13.629 15.888 18.231 20.657 23.816 27.246 30.705
0.112 0.105 0.098 0.089 0.080 0.069 0.059 0.057 0.054 0.051 0.048 0.044 0.043 0.053 0.062 0.070 0.077 0.083 0.088 0.096 0.103 0.109 0.115 0.122 0.130 0.144 0.158 0.172 0.187 0.202 0.224 0.265 0.308 0.352 0.398 0.445 0.504 0.585 0.666 0.748 0.831 0.914 0.994 1.069 1.141 1.212 1.280 1.346 1.411 1.474 1.537 1.599 1.665 1.735 1.896 2.181 2.505 2.870 3.274 3.718 4.506 5.652 6.900 8.251 9.704 11.261 13.333 15.795 18.340 20.969 23.681 26.477 29.755 33.313 36.900
0.152 0.142 0.131 0.118 0.105 0.096 0.100 0.112 0.120 0.124 0.125 0.122 0.117 0.123 0.128 0.133 0.137 0.139 0.141 0.148 0.154 0.160 0.166 0.171 0.178 0.193 0.208 0.223 0.238 0.254 0.275 0.323 0.373 0.424 0.477 0.531 0.593 0.677 0.761 0.846 0.931 1.017 1.098 1.162 1.223 1.283 1.341 1.398 1.458 1.530 1.605 1.682 1.762 1.846 2.060 2.521 3.021 3.562 4.142 4.762 5.779 7.380 9.083 10.888 12.797 14.808 17.214 20.046 22.961 25.959 29.041 32.206 35.658 39.343 43.058
0.261 0.271 0.276 0.277 0.273 0.266 0.254 0.252 0.248 0.239 0.227 0.211 0.192 0.194 0.196 0.197 0.197 0.196 0.195 0.201 0.206 0.211 0.216 0.221 0.226 0.241 0.257 0.273 0.289 0.306 0.324 0.379 0.436 0.494 0.554 0.614 0.677 0.761 0.845 0.929 1.014 1.098 1.179 1.235 1.290 1.344 1.396 1.446 1.502 1.586 1.674 1.764 1.857 1.953 2.182 2.819 3.496 4.212 4.969 5.765 6.947 9.001 11.159 13.419 15.781 18.246 21.007 24.207 27.492 30.859 34.310 37.845 41.523 45.337 49.179
0.499 0.502 0.492 0.479 0.461 0.439 0.413 0.396 0.379 0.357 0.332 0.304 0.272 0.265 0.264 0.262 0.259 0.255 0.249 0.253 0.258 0.262 0.266 0.271 0.275 0.293 0.313 0.332 0.350 0.366 0.380 0.437 0.498 0.560 0.622 0.686 0.749 0.834 0.919 1.004 1.090 1.176 1.261 1.311 1.359 1.406 1.451 1.495 1.543 1.640 1.740 1.843 1.949 2.057 2.262 3.076 3.929 4.821 5.754 6.726 8.007 10.517 13.128 15.842 18.659 21.578 24.706 28.157 31.524 34.805 38.002 41.113 44.098 46.853 49.453
0.734 0.737 0.713 0.685 0.652 0.616 0.575 0.543 0.513 0.479 0.441 0.400 0.355 0.337 0.333 0.327 0.321 0.319 0.318 0.326 0.335 0.345 0.354 0.364 0.373 0.387 0.401 0.413 0.425 0.434 0.442 0.495 0.559 0.624 0.690 0.757 0.824 0.907 0.993 1.080 1.166 1.253 1.340 1.387 1.429 1.470 1.509 1.546 1.582 1.690 1.803 1.918 2.037 2.158 2.302 3.291 4.320 5.422 6.725 8.093 9.643 12.670 15.729 18.819 21.940 25.092 28.266 31.342 34.334 37.241 40.063 42.800 45.368 47.439 49.355
0.966 0.975 0.936 0.894 0.847 0.796 0.741 0.693 0.650 0.604 0.561 0.509 0.447 0.416 0.415 0.415 0.415 0.417 0.420 0.427 0.437 0.446 0.455 0.464 0.473 0.482 0.490 0.496 0.501 0.504 0.506 0.552 0.620 0.688 0.757 0.827 0.897 0.980 1.067 1.154 1.242 1.330 1.418 1.465 1.501 1.535 1.567 1.599 1.635 1.802 2.020 2.275 2.567 2.896 3.262 4.566 6.025 7.549 9.136 10.788 12.505 15.619 18.816 22.044 25.303 28.594 31.905 34.607 37.224 39.757 42.204 44.567 46.788 48.176 49.408
1.193 1.217 1.169 1.140 1.101 1.051 0.990 0.929 0.872 0.806 0.732 0.648 0.555 0.499 0.501 0.505 0.509 0.515 0.521 0.529 0.538 0.547 0.556 0.565 0.574 0.579 0.580 0.580 0.579 0.576 0.572 0.609 0.679 0.751 0.823 0.896 0.969 1.052 1.140 1.229 1.322 1.414 1.505 1.575 1.644 1.725 1.817 1.920 2.035 2.324 2.706 3.125 3.582 4.075 4.605 6.055 7.799 9.606 11.478 13.415 15.415 18.531 21.866 25.233 28.631 32.060 35.520 37.952 40.195 42.353 44.427 46.416 48.320 49.063 49.613
1.620 1.684 1.629 1.563 1.487 1.400 1.302 1.202 1.114 1.017 0.911 0.795 0.671 0.581 0.587 0.594 0.602 0.611 0.621 0.631 0.639 0.648 0.657 0.665 0.674 0.677 0.672 0.666 0.658 0.649 0.639 0.664 0.741 0.820 0.903 0.988 1.076 1.166 1.257 1.347 1.436 1.524 1.612 1.712 1.831 1.962 2.105 2.258 2.423 2.808 3.354 3.937 4.556 5.213 5.907 7.475 9.503 11.595 13.751 15.972 18.257 21.407 24.881 28.386 31.922 35.490 39.088 41.376 43.245 45.030 46.730 48.345 49.675 49.530 49.105
2.119 2.191 2.099 1.996 1.882 1.758 1.624 1.484 1.364 1.235 1.098 0.951 0.795 0.661 0.671 0.681 0.693 0.706 0.720 0.732 0.741 0.752 0.795 0.832 0.865 0.885 0.877 0.857 0.827 0.786 0.735 0.721 0.811 0.903 0.997 1.095 1.196 1.293 1.380 1.466 1.551 1.635 1.719 1.836 2.006 2.187 2.380 2.584 2.799 3.252 3.961 4.708 5.492 6.312 7.170 8.827 11.139 13.515 15.955 18.460 21.028 24.247 27.859 31.424 34.863 38.260 41.615 43.475 44.552 45.507 46.341 47.053 47.643 47.244 46.461
