DATA/SHG/CPC/2018/20180318.asc
ncols        190
nrows        64
xllcorner    -5100000.000000000000
yllcorner    4130000.000000000000
cellsize     10000.000000000000
NODATA_value  -99999.000
[rows 0 to 33 of 64, columns 77 to 153 of 190]
0.438 0.446 0.455 0.465 0.475 0.485 0.495 0.506 0.514 0.524 0.534 0.545 0.556 0.564 0.561 0.558 0.556 0.553 0.551 0.544 0.521 0.498 0.473 0.447 0.422 0.396 0.367 0.338 0.309 0.280 0.251 0.224 0.204 0.184 0.164 0.144 0.124 0.109 0.108 0.108 0.108 0.108 0.109 0.114 0.132 0.151 0.170 0.190 0.210 0.234 0.268 0.302 0.335 0.369 0.402 0.432 0.454 0.476 0.499 0.521 0.544 0.563 0.573 0.586 0.600 0.615 0.632 0.646 0.649 0.652 0.655 0.660 0.664 0.666 0.657 0.648 0.640
0.429 0.437 0.447 0.458 0.469 0.480 0.492 0.503 0.514 0.526 0.538 0.551 0.565 0.577 0.572 0.568 0.564 0.560 0.556 0.550 0.525 0.499 0.473 0.448 0.422 0.396 0.367 0.339 0.310 0.281 0.253 0.225 0.205 0.185 0.165 0.145 0.125 0.107 0.108 0.109 0.110 0.112 0.114 0.118 0.139 0.160 0.181 0.203 0.226 0.250 0.283 0.316 0.349 0.383 0.418 0.452 0.479 0.507 0.536 0.567 0.598 0.628 0.646 0.664 0.684 0.706 0.728 0.749 0.754 0.759 0.765 0.772 0.778 0.783 0.775 0.767 0.758
0.420 0.428 0.439 0.451 0.463 0.475 0.488 0.499 0.510 0.522 0.534 0.547 0.559 0.572 0.569 0.565 0.561 0.558 0.554 0.551 0.526 0.500 0.474 0.448 0.423 0.397 0.368 0.340 0.311 0.283 0.255 0.227 0.206 0.186 0.166 0.146 0.126 0.106 0.108 0.110 0.113 0.116 0.119 0.122 0.146 0.170 0.195 0.220 0.245 0.271 0.306 0.341 0.377 0.414 0.451 0.488 0.520 0.552 0.586 0.621 0.657 0.694 0.717 0.741 0.767 0.794 0.823 0.851 0.858 0.866 0.874 0.883 0.892 0.901 0.893 0.885 0.877
0.410 0.417 0.428 0.439 0.450 0.462 0.473 0.485 0.497 0.510 0.524 0.537 0.552 0.566 0.565 0.561 0.558 0.555 0.552 0.550 0.527 0.501 0.475 0.449 0.423 0.397 0.369 0.341 0.313 0.285 0.257 0.229 0.208 0.187 0.167 0.148 0.129 0.111 0.113 0.118 0.123 0.129 0.135 0.141 0.165 0.190 0.216 0.241 0.267 0.294 0.330 0.367 0.405 0.444 0.483 0.522 0.559 0.597 0.635 0.675 0.715 0.757 0.787 0.817 0.849 0.882 0.916 0.951 0.962 0.972 0.983 0.993 1.005 1.017 1.010 1.006 1.010
0.395 0.401 0.412 0.424 0.435 0.447 0.459 0.471 0.484 0.499 0.513 0.528 0.543 0.559 0.561 0.558 0.555 0.553 0.550 0.548 0.528 0.502 0.476 0.450 0.424 0.397 0.368 0.339 0.310 0.281 0.253 0.225 0.205 0.187 0.170 0.154 0.139 0.125 0.126 0.132 0.139 0.146 0.153 0.161 0.183 0.209 0.236 0.263 0.290 0.317 0.354 0.393 0.433 0.474 0.515 0.556 0.598 0.640 0.683 0.727 0.772 0.818 0.855 0.891 0.929 0.967 1.009 1.058 1.084 1.106 1.130 1.155 1.183 1.212 1.221 1.226 1.231
0.380 0.386 0.396 0.408 0.420 0.432 0.445 0.457 0.471 0.486 0.502 0.518 0.535 0.552 0.557 0.554 0.552 0.547 0.541 0.536 0.516 0.488 0.460 0.432 0.405 0.378 0.351 0.324 0.297 0.270 0.244 0.219 0.200 0.186 0.173 0.160 0.148 0.138 0.139 0.146 0.154 0.163 0.171 0.180 0.201 0.228 0.256 0.283 0.311 0.340 0.377 0.418 0.461 0.503 0.546 0.590 0.635 0.683 0.734 0.787 0.841 0.897 0.947 0.996 1.048 1.102 1.159 1.218 1.255 1.285 1.317 1.351 1.387 1.424 1.439 1.445 1.452
0.366 0.371 0.380 0.393 0.405 0.417 0.430 0.443 0.457 0.474 0.489 0.503 0.516 0.529 0.532 0.526 0.519 0.513 0.507 0.501 0.485 0.459 0.433 0.408 0.383 0.358 0.334 0.308 0.283 0.259 0.235 0.211 0.194 0.184 0.174 0.165 0.157 0.150 0.151 0.160 0.169 0.179 0.189 0.199 0.219 0.247 0.275 0.304 0.333 0.363 0.402 0.448 0.495 0.544 0.594 0.645 0.699 0.755 0.813 0.871 0.932 0.993 1.053 1.113 1.175 1.239 1.306 1.375 1.425 1.463 1.503 1.545 1.589 1.634 1.656 1.664 1.672
0.351 0.356 0.365 0.377 0.389 0.400 0.411 0.422 0.434 0.447 0.460 0.472 0.483 0.494 0.499 0.492 0.485 0.479 0.473 0.467 0.454 0.430 0.406 0.383 0.360 0.338 0.315 0.292 0.269 0.247 0.225 0.204 0.188 0.181 0.175 0.169 0.165 0.161 0.163 0.173 0.182 0.191 0.200 0.210 0.228 0.258 0.290 0.322 0.355 0.390 0.432 0.484 0.537 0.592 0.648 0.705 0.764 0.826 0.890 0.955 1.021 1.088 1.156 1.226 1.299 1.373 1.450 1.529 1.592 1.639 1.687 1.737 1.788 1.842 1.873 1.882 1.892
0.336 0.341 0.347 0.358 0.369 0.380 0.390 0.399 0.409 0.421 0.431 0.441 0.451 0.460 0.465 0.458 0.451 0.444 0.438 0.432 0.422 0.400 0.379 0.358 0.337 0.317 0.297 0.276 0.255 0.235 0.214 0.194 0.178 0.174 0.170 0.167 0.164 0.163 0.165 0.174 0.184 0.193 0.203 0.213 0.231 0.266 0.302 0.338 0.376 0.415 0.460 0.518 0.577 0.638 0.700 0.763 0.828 0.896 0.965 1.036 1.108 1.181 1.257 1.338 1.420 1.505 1.592 1.681 1.758 1.812 1.868 1.923 1.978 2.033 2.069 2.076 2.084
0.321 0.326 0.330 0.340 0.350 0.359 0.368 0.377 0.385 0.395 0.403 0.411 0.419 0.426 0.431 0.424 0.417 0.410 0.404 0.398 0.390 0.370 0.350 0.331 0.311 0.292 0.273 0.253 0.234 0.214 0.196 0.178 0.162 0.161 0.160 0.160 0.161 0.162 0.165 0.175 0.185 0.196 0.206 0.217 0.233 0.272 0.313 0.354 0.396 0.439 0.488 0.551 0.616 0.683 0.750 0.819 0.890 0.964 1.039 1.116 1.194 1.273 1.353 1.439 1.529 1.623 1.719 1.818 1.907 1.963 2.019 2.075 2.133 2.190 2.235 2.247 2.260
0.307 0.310 0.314 0.323 0.331 0.339 0.347 0.355 0.362 0.369 0.376 0.382 0.388 0.393 0.397 0.390 0.383 0.376 0.369 0.362 0.356 0.337 0.318 0.300 0.281 0.264 0.246 0.228 0.210 0.193 0.177 0.161 0.145 0.147 0.149 0.152 0.156 0.160 0.166 0.176 0.187 0.198 0.209 0.220 0.234 0.278 0.322 0.368 0.415 0.463 0.514 0.583 0.654 0.724 0.793 0.864 0.936 1.011 1.088 1.166 1.245 1.326 1.410 1.511 1.615 1.721 1.831 1.944 2.051 2.109 2.167 2.227 2.287 2.347 2.400 2.417 2.435
0.292 0.295 0.298 0.305 0.313 0.320 0.326 0.332 0.337 0.342 0.347 0.351 0.355 0.358 0.362 0.355 0.348 0.340 0.333 0.327 0.320 0.303 0.286 0.268 0.251 0.235 0.218 0.202 0.187 0.172 0.157 0.143 0.130 0.133 0.138 0.144 0.151 0.158 0.166 0.177 0.188 0.200 0.211 0.223 0.235 0.282 0.330 0.378 0.427 0.476 0.525 0.595 0.667 0.739 0.811 0.885 0.959 1.040 1.122 1.206 1.291 1.377 1.464 1.579 1.696 1.817 1.941 2.068 2.194 2.254 2.316 2.377 2.440 2.503 2.563 2.585 2.608
0.276 0.278 0.280 0.285 0.291 0.296 0.301 0.306 0.310 0.314 0.317 0.320 0.322 0.324 0.326 0.321 0.313 0.305 0.298 0.291 0.284 0.270 0.253 0.237 0.221 0.205 0.190 0.176 0.163 0.150 0.137 0.125 0.114 0.117 0.126 0.134 0.143 0.152 0.161 0.173 0.185 0.198 0.212 0.227 0.242 0.286 0.335 0.384 0.434 0.483 0.533 0.604 0.678 0.753 0.829 0.905 0.982 1.067 1.155 1.244 1.334 1.426 1.518 1.644 1.775 1.910 2.047 2.188 2.331 2.399 2.463 2.527 2.592 2.658 2.724 2.752 2.776
0.257 0.259 0.260 0.264 0.268 0.272 0.276 0.280 0.283 0.286 0.287 0.289 0.290 0.291 0.291 0.286 0.278 0.270 0.263 0.255 0.248 0.236 0.220 0.205 0.191 0.176 0.163 0.151 0.140 0.129 0.119 0.109 0.099 0.101 0.111 0.120 0.130 0.140 0.150 0.164 0.179 0.195 0.212 0.230 0.248 0.290 0.340 0.390 0.440 0.490 0.541 0.611 0.689 0.767 0.845 0.924 1.004 1.094 1.187 1.281 1.377 1.474 1.572 1.706 1.851 1.999 2.149 2.291 2.432 2.502 2.562 2.625 2.692 2.762 2.837 2.874 2.906
0.237 0.239 0.240 0.243 0.246 0.249 0.252 0.254 0.256 0.258 0.258 0.259 0.258 0.258 0.257 0.252 0.243 0.236 0.230 0.223 0.217 0.207 0.193 0.180 0.167 0.155 0.142 0.131 0.121 0.111 0.102 0.093 0.084 0.085 0.096 0.106 0.117 0.127 0.139 0.154 0.172 0.192 0.212 0.232 0.254 0.293 0.344 0.395 0.446 0.497 0.549 0.618 0.699 0.779 0.861 0.943 1.026 1.118 1.211 1.305 1.401 1.499 1.598 1.727 1.868 2.009 2.150 2.291 2.432 2.523 2.599 2.679 2.762 2.850 2.940 2.993 3.034
0.218 0.219 0.220 0.222 0.224 0.226 0.228 0.229 0.230 0.231 0.230 0.229 0.228 0.227 0.226 0.223 0.216 0.209 0.203 0.197 0.191 0.182 0.170 0.157 0.145 0.133 0.121 0.110 0.102 0.093 0.085 0.077 0.069 0.069 0.080 0.091 0.103 0.115 0.127 0.143 0.165 0.187 0.210 0.234 0.258 0.296 0.348 0.400 0.452 0.500 0.549 0.612 0.690 0.767 0.844 0.921 0.998 1.087 1.187 1.288 1.391 1.496 1.603 1.730 1.870 2.011 2.151 2.292 2.432 2.541 2.633 2.730 2.830 2.933 3.041 3.111 3.160
0.199 0.200 0.201 0.200 0.200 0.200 0.201 0.201 0.201 0.201 0.200 0.199 0.199 0.198 0.197 0.195 0.188 0.182 0.176 0.170 0.165 0.158 0.146 0.134 0.123 0.111 0.100 0.090 0.082 0.075 0.067 0.060 0.053 0.052 0.064 0.077 0.089 0.102 0.115 0.132 0.156 0.179 0.203 0.227 0.250 0.283 0.331 0.379 0.427 0.475 0.522 0.582 0.658 0.735 0.811 0.888 0.964 1.053 1.161 1.270 1.380 1.492 1.606 1.733 1.873 2.013 2.153 2.292 2.432 2.555 2.664 2.776 2.893 3.013 3.137 3.226 3.284
0.172 0.172 0.171 0.171 0.171 0.171 0.171 0.171 0.171 0.171 0.171 0.170 0.170 0.169 0.168 0.167 0.161 0.155 0.150 0.144 0.139 0.133 0.122 0.111 0.100 0.089 0.079 0.069 0.062 0.056 0.050 0.044 0.039 0.038 0.051 0.064 0.077 0.089 0.102 0.116 0.140 0.163 0.186 0.209 0.232 0.261 0.308 0.356 0.402 0.449 0.496 0.551 0.627 0.703 0.779 0.855 0.931 1.019 1.133 1.249 1.367 1.486 1.607 1.736 1.875 2.015 2.154 2.293 2.432 2.565 2.690 2.821 2.981 3.155 3.341 3.502 3.622
0.142 0.142 0.142 0.141 0.141 0.141 0.142 0.142 0.142 0.142 0.141 0.141 0.140 0.140 0.140 0.139 0.133 0.128 0.123 0.118 0.113 0.108 0.099 0.089 0.080 0.071 0.062 0.053 0.048 0.044 0.039 0.035 0.031 0.028 0.040 0.052 0.065 0.077 0.088 0.101 0.124 0.147 0.169 0.192 0.214 0.239 0.286 0.332 0.378 0.424 0.470 0.520 0.596 0.672 0.747 0.822 0.897 0.982 1.104 1.227 1.352 1.479 1.607 1.733 1.872 2.018 2.170 2.329 2.494 2.669 2.860 3.064 3.280 3.510 3.751 3.969 4.120
0.113 0.112 0.112 0.112 0.112 0.112 0.112 0.112 0.112 0.112 0.112 0.112 0.111 0.111 0.111 0.111 0.107 0.103 0.099 0.096 0.093 0.090 0.082 0.073 0.065 0.056 0.048 0.040 0.036 0.032 0.028 0.025 0.022 0.019 0.030 0.041 0.053 0.064 0.075 0.086 0.108 0.131 0.153 0.174 0.196 0.218 0.264 0.309 0.354 0.399 0.444 0.490 0.565 0.640 0.712 0.784 0.856 0.932 1.055 1.178 1.301 1.424 1.548 1.678 1.846 2.020 2.201 2.388 2.582 2.788 3.035 3.295 3.567 3.852 4.149 4.429 4.611
0.083 0.083 0.083 0.082 0.083 0.083 0.083 0.084 0.085 0.086 0.087 0.087 0.087 0.086 0.086 0.085 0.082 0.079 0.076 0.074 0.073 0.071 0.065 0.057 0.049 0.042 0.034 0.027 0.023 0.020 0.017 0.015 0.013 0.010 0.019 0.030 0.041 0.052 0.062 0.073 0.093 0.115 0.136 0.157 0.178 0.198 0.239 0.281 0.322 0.363 0.403 0.443 0.513 0.584 0.655 0.726 0.797 0.867 0.991 1.115 1.239 1.364 1.489 1.616 1.812 2.015 2.225 2.440 2.662 2.895 3.198 3.513 3.841 4.181 4.534 4.882 5.095
0.056 0.058 0.060 0.061 0.062 0.063 0.064 0.065 0.065 0.065 0.065 0.064 0.063 0.062 0.060 0.059 0.056 0.055 0.054 0.053 0.052 0.052 0.048 0.041 0.034 0.027 0.020 0.014 0.010 0.008 0.006 0.005 0.003 0.002 0.009 0.019 0.030 0.040 0.050 0.059 0.076 0.095 0.114 0.132 0.150 0.168 0.203 0.242 0.281 0.319 0.356 0.393 0.458 0.528 0.599 0.669 0.738 0.808 0.926 1.052 1.177 1.303 1.430 1.556 1.773 2.004 2.242 2.486 2.737 2.994 3.348 3.718 4.102 4.497 4.906 5.327 5.571
0.043 0.044 0.045 0.045 0.046 0.046 0.046 0.045 0.045 0.044 0.043 0.041 0.039 0.037 0.035 0.033 0.031 0.030 0.030 0.031 0.032 0.033 0.031 0.024 0.018 0.012 0.006 0.002 0.000 0.000 0.000 0.000 0.000 0.000 0.005 0.014 0.022 0.030 0.037 0.043 0.057 0.074 0.091 0.107 0.123 0.139 0.168 0.205 0.240 0.276 0.310 0.344 0.403 0.473 0.542 0.611 0.680 0.749 0.861 0.988 1.115 1.243 1.370 1.498 1.727 1.987 2.253 2.525 2.811 3.106 3.503 3.922 4.347 4.777 5.213 5.654 5.998
0.030 0.030 0.030 0.030 0.029 0.029 0.027 0.026 0.025 0.023 0.021 0.018 0.016 0.013 0.010 0.007 0.005 0.006 0.009 0.013 0.017 0.020 0.020 0.016 0.012 0.009 0.005 0.002 0.000 0.000 0.000 0.000 0.000 0.000 0.003 0.009 0.015 0.020 0.025 0.029 0.039 0.054 0.069 0.083 0.096 0.110 0.134 0.168 0.201 0.233 0.264 0.295 0.349 0.418 0.486 0.554 0.622 0.690 0.797 0.925 1.056 1.192 1.331 1.474 1.721 2.019 2.324 2.636 2.954 3.280 3.690 4.133 4.582 5.037 5.496 5.962 6.402
0.017 0.016 0.016 0.014 0.013 0.011 0.010 0.007 0.005 0.002 0.000 0.000 0.000 0.000 0.000 0.000 0.001 0.004 0.007 0.010 0.012 0.015 0.016 0.012 0.009 0.007 0.004 0.002 0.000 0.000 0.000 0.000 0.000 0.000 0.001 0.005 0.009 0.011 0.014 0.015 0.021 0.034 0.047 0.059 0.070 0.081 0.101 0.132 0.162 0.191 0.219 0.246 0.292 0.357 0.422 0.485 0.548 0.610 0.715 0.860 1.009 1.161 1.318 1.479 1.734 2.063 2.398 2.741 3.090 3.446 3.871 4.339 4.812 5.290 5.774 6.263 6.783
0.005 0.003 0.001 0.000 0.000 0.000 0.000 0.000 0.000 0.000 0.000 0.000 0.000 0.000 0.000 0.000 0.000 0.003 0.005 0.007 0.008 0.010 0.011 0.008 0.006 0.004 0.003 0.001 0.000 0.000 0.000 0.000 0.000 0.000 0.000 0.002 0.003 0.003 0.003 0.002 0.004 0.016 0.028 0.039 0.050 0.060 0.075 0.101 0.126 0.150 0.172 0.192 0.228 0.289 0.350 0.411 0.470 0.528 0.629 0.791 0.957 1.127 1.301 1.479 1.740 2.100 2.466 2.839 3.219 3.606 4.047 4.539 5.036 5.538 6.046 6.560 7.143
0.000 0.000 0.000 0.000 0.000 0.000 0.000 0.000 0.000 0.000 0.000 0.000 0.000 0.000 0.000 0.000 0.000 0.001 0.003 0.004 0.004 0.005 0.006 0.004 0.003 0.002 0.001 0.000 0.000 0.000 0.000 0.000 0.000 0.000 0.000 0.000 0.000 0.000 0.000 0.000 0.002 0.011 0.020 0.029 0.037 0.044 0.054 0.074 0.092 0.110 0.125 0.140 0.165 0.223 0.280 0.337 0.392 0.447 0.539 0.718 0.902 1.089 1.280 1.475 1.740 2.130 2.526 2.930 3.341 3.758 4.217 4.733 5.254 5.755 6.182 6.598 7.077
0.000 0.000 0.000 0.000 0.000 0.000 0.000 0.000 0.000 0.000 0.000 0.000 0.000 0.000 0.000 0.000 0.000 0.000 0.001 0.001 0.001 0.001 0.000 0.000 0.000 0.000 0.000 0.000 0.000 0.000 0.000 0.000 0.000 0.000 0.000 0.000 0.000 0.000 0.000 0.000 0.000 0.007 0.014 0.019 0.025 0.029 0.034 0.048 0.060 0.071 0.081 0.089 0.103 0.157 0.211 0.264 0.316 0.367 0.445 0.641 0.842 1.047 1.255 1.468 1.724 2.104 2.479 2.850 3.215 3.576 3.951 4.363 4.764 5.154 5.533 5.902 6.315
0.000 0.000 0.000 0.000 0.000 0.000 0.000 0.000 0.000 0.000 0.000 0.000 0.000 0.000 0.000 0.000 0.000 0.000 0.000 0.000 0.000 0.000 0.000 0.000 0.000 0.000 0.000 0.000 0.000 0.000 0.000 0.000 0.000 0.000 0.000 0.000 0.000 0.000 0.000 0.000 0.000 0.004 0.008 0.011 0.013 0.015 0.016 0.023 0.030 0.034 0.038 0.040 0.041 0.092 0.142 0.192 0.242 0.289 0.345 0.536 0.720 0.898 1.068 1.232 1.415 1.774 2.128 2.478 2.822 3.162 3.504 3.869 4.222 4.564 4.896 5.217 5.565
0.000 0.000 0.000 0.000 0.000 0.000 0.000 0.000 0.000 0.000 0.000 0.000 0.000 0.000 0.000 0.000 0.000 0.000 0.000 0.000 0.000 0.000 0.000 0.000 0.000 0.000 0.000 0.000 0.000 0.000 0.000 0.000 0.000 0.000 0.000 0.000 0.000 0.000 0.000 0.000 0.000 0.001 0.002 0.002 0.002 0.001 0.000 0.003 0.007 0.010 0.014 0.017 0.019 0.061 0.105 0.145 0.183 0.219 0.251 0.407 0.561 0.708 0.848 0.981 1.111 1.449 1.783 2.111 2.435 2.754 3.069 3.386 3.691 3.986 4.270 4.543 4.826
0.000 0.000 0.000 0.000 0.000 0.000 0.000 0.000 0.000 0.000 0.000 0.000 0.000 0.000 0.000 0.000 0.000 0.000 0.000 0.000 0.000 0.000 0.000 0.000 0.000 0.000 0.000 0.000 0.000 0.000 0.000 0.000 0.000 0.000 0.000 0.000 0.000 0.000 0.000 0.000 0.000 0.000 0.000 0.000 0.000 0.000 0.000 0.002 0.005 0.008 0.010 0.012 0.014 0.041 0.073 0.102 0.128 0.151 0.171 0.285 0.408 0.525 0.635 0.737 0.834 1.130 1.442 1.750 2.053 2.351 2.644 2.914 3.172 3.419 3.655 3.881 4.099
0.000 0.000 0.000 0.000 0.000 0.000 0.000 0.000 0.000 0.000 0.000 0.000 0.000 0.000 0.000 0.000 0.000 0.000 0.000 0.000 0.000 0.000 0.000 0.000 0.000 0.000 0.000 0.000 0.000 0.000 0.000 0.000 0.000 0.000 0.000 0.000 0.000 0.000 0.000 0.000 0.000 0.000 0.000 0.000 0.000 0.000 0.000 0.001 0.003 0.005 0.007 0.008 0.009 0.024 0.044 0.061 0.075 0.086 0.095 0.169 0.263 0.349 0.429 0.501 0.567 0.815 1.106 1.393 1.676 1.953 2.224 2.448 2.658 2.858 3.050 3.233 3.407
0.000 0.000 0.000 0.000 0.000 0.000 0.000 0.000 0.000 0.000 0.000 0.000 0.000 0.000 0.000 0.000 0.000 0.000 0.000 0.000 0.000 0.000 0.000 0.000 0.000 0.000 0.000 0.000 0.000 0.000 0.000 0.000 0.000 0.000 0.000 0.000 0.000 0.000 0.000 0.000 0.000 0.000 0.000 0.000 0.000 0.000 0.000 0.001 0.002 0.003 0.003 0.004 0.004 0.010 0.018 0.022 0.025 0.024 0.021 0.061 0.124 0.186 0.251 0.312 0.370 0.576 0.842 1.096 1.337 1.566 1.782 1.968 2.139 2.300 2.453 2.597 2.732
0.000 0.000 0.000 0.000 0.000 0.000 0.000 0.000 0.000 0.000 0.000 0.000 0.000 0.000 0.000 0.000 0.000 0.000 0.000 0.000 0.000 0.000 0.000 0.000 0.000 0.000 0.000 0.000 0.000 0.000 0.000 0.000 0.000 0.000 0.000 0.000 0.000 0.000 0.000 0.000 0.000 0.000 0.000 0.000 0.000 0.000 0.000 0.000 0.000 0.001 0.001 0.000 0.000 0.000 0.000 0.000 0.000 0.000 0.000 0.030 0.086 0.139 0.189 0.235 0.278 0.421 0.633 0.831 1.018 1.192 1.353 1.497 1.629 1.752 1.866 1.971 2.067
