DATA/SHG/CPC/2018/20180713.asc
ncols        190
nrows        64
xllcorner    -5100000.000000000000
yllcorner    4130000.000000000000
cellsize     10000.000000000000
NODATA_value  -99999.000
[rows 0 to 33 of 64, columns 0 to 75 of 190]
0.000 0.000 0.000 0.001 0.002 0.003 0.014 0.028 0.043 0.057 0.071 0.086 0.145 0.220 0.298 0.377 0.458 0.540 0.807 1.156 1.510 1.871 2.237 2.609 3.285 4.116 4.951 5.790 6.633 7.480 8.232 8.917 9.592 10.258 10.914 11.557 12.059 12.466 12.874 13.282 13.692 14.102 14.408 14.630 14.854 15.080 15.308 15.538 15.761 15.984 16.216 16.458 16.710 16.971 17.294 17.684 18.086 18.500 18.924 19.360 19.661 19.777 19.892 20.007 20.120 20.234 20.212 20.004 19.811 19.632 19.467 19.316 19.087 18.702 18.322 17.946
0.004 0.005 0.007 0.009 0.011 0.013 0.022 0.037 0.052 0.067 0.082 0.097 0.151 0.232 0.316 0.401 0.488 0.577 0.820 1.189 1.564 1.945 2.331 2.723 3.351 4.197 5.046 5.898 6.739 7.576 8.320 8.964 9.605 10.243 10.878 11.509 12.040 12.451 12.862 13.274 13.687 14.101 14.439 14.668 14.899 15.132 15.367 15.604 15.847 16.104 16.370 16.646 16.931 17.226 17.570 18.000 18.442 18.895 19.359 19.759 19.989 19.974 19.965 19.963 19.967 19.977 19.944 19.787 19.643 19.514 19.400 19.299 19.146 18.777 18.413 18.053
0.010 0.012 0.014 0.016 0.019 0.022 0.030 0.045 0.061 0.076 0.092 0.108 0.155 0.243 0.333 0.424 0.517 0.612 0.826 1.216 1.612 2.016 2.425 2.839 3.415 4.254 5.089 5.921 6.748 7.572 8.329 8.963 9.593 10.220 10.844 11.465 12.021 12.434 12.849 13.265 13.681 14.099 14.467 14.704 14.942 15.182 15.424 15.669 15.924 16.214 16.514 16.824 17.108 17.377 17.661 18.019 18.363 18.692 19.006 19.306 19.546 19.553 19.566 19.586 19.613 19.645 19.664 19.556 19.463 19.384 19.319 19.269 19.200 18.848 18.499 18.156
0.016 0.018 0.021 0.024 0.027 0.031 0.038 0.054 0.070 0.086 0.102 0.118 0.157 0.252 0.350 0.450 0.554 0.659 0.845 1.257 1.674 2.096 2.523 2.956 3.482 4.307 5.129 5.947 6.761 7.571 8.342 8.964 9.584 10.200 10.813 11.423 12.000 12.417 12.835 13.254 13.674 14.095 14.494 14.737 14.982 15.227 15.466 15.698 15.929 16.200 16.466 16.726 16.981 17.230 17.478 17.785 18.078 18.356 18.619 18.868 19.096 19.126 19.162 19.204 19.253 19.308 19.370 19.312 19.269 19.240 19.225 19.225 19.239 18.914 18.581 18.254
0.021 0.025 0.028 0.032 0.035 0.039 0.046 0.064 0.081 0.098 0.116 0.133 0.162 0.267 0.374 0.484 0.597 0.712 0.864 1.294 1.729 2.170 2.616 3.067 3.552 4.364 5.172 5.977 6.777 7.573 8.357 8.969 9.578 10.183 10.786 11.385 11.978 12.399 12.828 13.259 13.692 14.128 14.565 14.803 15.032 15.255 15.472 15.683 15.887 16.137 16.383 16.624 16.859 17.089 17.313 17.566 17.808 18.035 18.247 18.445 18.628 18.694 18.752 18.817 18.888 18.965 19.049 19.055 19.062 19.109 19.205 19.305 19.409 19.197 18.923 18.650
0.029 0.034 0.039 0.044 0.050 0.055 0.062 0.079 0.096 0.114 0.131 0.149 0.166 0.279 0.396 0.515 0.637 0.761 0.888 1.325 1.779 2.239 2.703 3.173 3.648 4.425 5.220 6.010 6.797 7.580 8.357 8.970 9.568 10.167 10.768 11.370 11.973 12.429 12.865 13.303 13.744 14.187 14.631 14.880 15.088 15.289 15.484 15.673 15.856 16.079 16.305 16.527 16.743 16.953 17.158 17.361 17.552 17.728 17.889 18.036 18.169 18.256 18.380 18.549 18.726 18.909 19.099 19.223 19.325 19.431 19.541 19.654 19.772 19.617 19.349 19.081
0.041 0.047 0.052 0.059 0.065 0.072 0.078 0.094 0.112 0.129 0.147 0.164 0.182 0.289 0.414 0.543 0.674 0.808 0.944 1.351 1.824 2.301 2.784 3.272 3.762 4.481 5.256 6.026 6.791 7.551 8.305 8.942 9.545 10.149 10.754 11.361 11.969 12.456 12.899 13.345 13.793 14.243 14.695 14.963 15.149 15.329 15.503 15.670 15.831 16.026 16.233 16.436 16.632 16.823 17.009 17.201 17.397 17.592 17.787 17.981 18.175 18.360 18.547 18.740 18.939 19.146 19.359 19.513 19.629 19.748 19.872 19.999 20.130 20.036 19.772 19.510
0.053 0.059 0.066 0.073 0.080 0.087 0.095 0.110 0.127 0.145 0.162 0.180 0.198 0.295 0.430 0.568 0.712 0.861 1.011 1.387 1.876 2.368 2.862 3.358 3.857 4.525 5.282 6.034 6.780 7.522 8.258 8.912 9.520 10.129 10.739 11.351 11.964 12.480 12.931 13.385 13.840 14.298 14.757 15.053 15.217 15.375 15.527 15.673 15.807 15.986 16.197 16.416 16.642 16.876 17.117 17.337 17.531 17.724 17.916 18.108 18.299 18.497 18.707 18.923 19.146 19.376 19.612 19.800 19.929 20.062 20.199 20.339 20.484 20.453 20.194 19.937
0.065 0.072 0.079 0.087 0.095 0.103 0.111 0.125 0.143 0.165 0.189 0.214 0.240 0.332 0.482 0.633 0.787 0.943 1.101 1.435 1.933 2.433 2.936 3.441 3.949 4.575 5.313 6.047 6.775 7.498 8.216 8.881 9.494 10.107 10.723 11.339 11.957 12.503 12.961 13.422 13.884 14.260 14.636 14.896 15.015 15.159 15.326 15.517 15.733 15.966 16.204 16.449 16.702 16.962 17.230 17.473 17.665 17.856 18.046 18.236 18.425 18.627 18.860 19.100 19.346 19.599 19.859 20.082 20.225 20.371 20.522 20.676 20.825 20.794 20.488 20.196
0.076 0.084 0.096 0.109 0.121 0.134 0.147 0.166 0.191 0.218 0.245 0.274 0.303 0.383 0.540 0.699 0.860 1.022 1.187 1.480 1.987 2.496 3.008 3.522 4.038 4.629 5.350 6.065 6.775 7.480 8.179 8.849 9.466 10.073 10.619 11.157 11.687 12.164 12.540 12.917 13.294 13.672 14.051 14.375 14.579 14.807 15.059 15.334 15.634 15.938 16.203 16.475 16.754 17.041 17.335 17.610 17.799 17.988 18.176 18.363 18.550 18.751 19.007 19.270 19.540 19.806 20.054 20.281 20.385 20.482 20.572 20.655 20.731 20.742 20.482 20.235
0.111 0.124 0.137 0.150 0.164 0.178 0.192 0.210 0.239 0.269 0.300 0.333 0.366 0.432 0.596 0.762 0.930 1.100 1.272 1.522 2.038 2.556 3.076 3.599 4.125 4.689 5.381 6.041 6.685 7.312 7.923 8.508 9.042 9.568 10.085 10.593 11.094 11.568 11.946 12.325 12.705 13.085 13.465 13.831 14.119 14.431 14.767 15.127 15.512 15.903 16.194 16.492 16.798 17.112 17.433 17.747 17.934 18.120 18.280 18.413 18.560 18.729 18.973 19.226 19.487 19.758 20.038 20.313 20.393 20.466 20.532 20.591 20.644 20.678 20.463 20.262
0.150 0.163 0.177 0.191 0.206 0.221 0.236 0.253 0.286 0.320 0.354 0.390 0.427 0.478 0.649 0.822 0.997 1.175 1.354 1.567 2.093 2.610 3.119 3.620 4.112 4.604 5.223 5.825 6.411 6.981 7.534 8.071 8.575 9.072 9.560 10.039 10.510 10.971 11.352 11.733 12.115 12.497 12.880 13.263 13.636 14.032 14.453 14.897 15.365 15.858 16.178 16.448 16.687 16.939 17.203 17.479 17.624 17.780 17.950 18.135 18.335 18.550 18.822 19.107 19.400 19.702 20.013 20.333 20.408 20.457 20.499 20.534 20.563 20.585 20.433 20.276
0.187 0.202 0.217 0.232 0.247 0.263 0.279 0.295 0.331 0.369 0.407 0.447 0.514 0.597 0.795 0.993 1.182 1.365 1.539 1.706 2.179 2.666 3.145 3.615 4.077 4.531 5.082 5.627 6.155 6.668 7.164 7.643 8.118 8.585 9.044 9.494 9.936 10.370 10.758 11.141 11.525 11.910 12.295 12.681 13.099 13.517 13.936 14.356 14.777 15.199 15.483 15.754 16.036 16.332 16.639 16.959 17.176 17.383 17.606 17.843 18.095 18.362 18.664 18.979 19.304 19.637 19.979 20.331 20.428 20.454 20.472 20.484 20.489 20.487 20.390 20.279
0.225 0.240 0.256 0.272 0.289 0.322 0.360 0.402 0.470 0.549 0.636 0.730 0.830 0.938 1.102 1.273 1.436 1.591 1.739 1.880 2.273 2.731 3.179 3.620 4.052 4.475 4.958 5.445 5.917 6.372 6.810 7.233 7.670 8.107 8.537 8.958 9.371 9.766 10.137 10.499 10.854 11.202 11.544 11.880 12.276 12.698 13.121 13.544 13.969 14.394 14.734 15.048 15.374 15.713 16.064 16.428 16.713 16.973 17.247 17.537 17.841 18.160 18.496 18.843 19.199 19.564 19.937 20.320 20.456 20.405 20.352 20.310 20.278 20.257 20.157 20.008
0.297 0.323 0.357 0.397 0.441 0.489 0.540 0.596 0.680 0.785 0.896 1.014 1.139 1.271 1.416 1.560 1.697 1.826 1.947 2.061 2.376 2.804 3.223 3.633 4.035 4.429 4.851 5.281 5.695 6.093 6.479 6.840 7.224 7.624 8.011 8.387 8.750 9.102 9.445 9.785 10.118 10.444 10.764 11.078 11.454 11.880 12.306 12.733 13.161 13.590 13.973 14.330 14.700 15.083 15.478 15.885 16.237 16.548 16.875 17.217 17.573 17.944 18.231 18.521 18.825 19.145 19.479 19.827 19.979 19.952 19.937 19.932 19.938 19.954 19.886 19.727
0.415 0.440 0.479 0.532 0.590 0.651 0.716 0.785 0.883 1.012 1.148 1.290 1.439 1.596 1.738 1.856 1.966 2.068 2.163 2.250 2.488 2.886 3.283 3.697 4.092 4.467 4.842 5.216 5.565 5.891 6.194 6.472 6.782 7.140 7.485 7.819 8.141 8.451 8.761 9.078 9.389 9.693 9.992 10.283 10.632 11.061 11.491 11.921 12.353 12.785 13.200 13.602 14.015 14.441 14.873 15.238 15.558 15.828 16.112 16.409 16.718 17.041 17.373 17.714 18.071 18.442 18.827 19.228 19.479 19.490 19.512 19.545 19.588 19.642 19.617 19.450
0.533 0.557 0.596 0.663 0.734 0.809 0.888 0.970 1.078 1.231 1.391 1.558 1.732 1.913 2.068 2.183 2.328 2.460 2.580 2.687 2.886 3.271 3.637 3.983 4.310 4.617 4.914 5.204 5.471 5.714 5.934 6.130 6.353 6.669 6.972 7.264 7.544 7.813 8.083 8.379 8.667 8.950 9.226 9.496 9.811 10.243 10.676 11.106 11.514 11.909 12.289 12.657 13.020 13.377 13.729 14.076 14.409 14.726 15.055 15.397 15.752 16.121 16.501 16.895 17.303 17.726 18.163 18.615 18.970 19.019 19.078 19.148 19.228 19.320 19.351 19.175
0.651 0.674 0.709 0.789 0.874 0.962 1.055 1.151 1.314 1.571 1.830 2.090 2.350 2.612 2.847 2.960 3.061 3.150 3.226 3.289 3.395 3.712 4.010 4.288 4.547 4.787 5.010 5.217 5.401 5.562 5.698 5.811 5.936 6.210 6.473 6.723 6.961 7.188 7.413 7.686 7.958 8.229 8.491 8.744 9.014 9.416 9.805 10.179 10.540 10.887 11.223 11.573 11.918 12.258 12.592 12.921 13.250 13.612 13.987 14.375 14.776 15.189 15.617 16.062 16.522 16.996 17.485 17.989 18.452 18.538 18.634 18.741 18.831 18.799 18.739 18.408
0.769 0.836 0.933 1.102 1.282 1.472 1.672 1.882 2.105 2.366 2.629 2.892 3.157 3.422 3.680 3.749 3.806 3.851 3.884 3.904 3.923 4.172 4.402 4.613 4.805 4.977 5.130 5.255 5.356 5.434 5.488 5.518 5.533 5.769 6.000 6.222 6.435 6.638 6.834 7.092 7.340 7.580 7.810 8.032 8.247 8.601 8.941 9.267 9.580 9.879 10.165 10.497 10.823 11.145 11.461 11.772 12.079 12.487 12.907 13.341 13.787 14.247 14.719 15.216 15.727 16.217 16.616 17.008 17.392 17.357 17.330 17.313 17.307 17.311 17.325 17.024
1.246 1.372 1.512 1.713 1.928 2.154 2.391 2.637 2.894 3.159 3.425 3.692 3.961 4.230 4.500 4.550 4.564 4.565 4.554 4.531 4.495 4.652 4.815 4.958 5.082 5.187 5.250 5.270 5.279 5.278 5.267 5.246 5.215 5.395 5.594 5.784 5.965 6.136 6.298 6.516 6.733 6.941 7.140 7.329 7.510 7.800 8.092 8.370 8.635 8.886 9.123 9.426 9.735 10.039 10.337 10.630 10.918 11.350 11.799 12.218 12.625 13.019 13.400 13.793 14.182 14.563 14.937 15.305 15.664 15.714 15.724 15.743 15.774 15.815 15.866 15.636
1.721 1.893 2.080 2.311 2.562 2.825 3.097 3.380 3.673 3.949 4.219 4.490 4.762 5.035 5.309 5.363 5.334 5.291 5.237 5.181 5.093 5.137 5.206 5.245 5.253 5.232 5.180 5.150 5.124 5.087 5.041 4.985 4.919 5.031 5.198 5.356 5.504 5.644 5.774 5.950 6.135 6.312 6.479 6.637 6.787 7.013 7.258 7.488 7.705 7.908 8.098 8.366 8.655 8.930 9.191 9.437 9.669 10.021 10.409 10.785 11.149 11.500 11.839 12.198 12.562 12.919 13.268 13.610 13.946 14.063 14.109 14.166 14.233 14.311 14.399 14.242
2.180 2.399 2.632 2.896 3.184 3.483 3.791 4.110 4.439 4.737 5.011 5.286 5.640 5.986 6.324 6.432 6.362 6.256 6.116 5.940 5.729 5.627 5.590 5.523 5.427 5.300 5.143 5.039 4.978 4.907 4.826 4.735 4.634 4.676 4.811 4.937 5.054 5.162 5.260 5.394 5.548 5.693 5.828 5.955 6.081 6.261 6.468 6.661 6.838 7.001 7.149 7.355 7.594 7.819 8.030 8.226 8.407 8.688 9.033 9.366 9.687 9.995 10.291 10.612 10.951 11.283 11.608 11.925 12.236 12.405 12.488 12.581 12.685 12.799 12.924 12.844
2.624 2.889 3.168 3.470 3.812 4.240 4.678 5.125 5.582 5.993 6.335 6.670 6.997 7.317 7.630 7.723 7.529 7.300 7.035 6.736 6.401 6.148 6.006 5.833 5.631 5.399 5.136 4.940 4.844 4.738 4.622 4.496 4.360 4.331 4.434 4.529 4.614 4.703 4.782 4.883 5.018 5.143 5.259 5.366 5.463 5.588 5.744 5.885 6.012 6.124 6.221 6.359 6.548 6.723 6.884 7.030 7.161 7.369 7.671 7.961 8.239 8.504 8.757 9.035 9.350 9.657 9.957 10.250 10.535 10.765 10.944 11.129 11.322 11.521 11.726 11.781
3.419 3.817 4.218 4.633 5.085 5.547 6.018 6.498 6.989 7.434 7.750 8.059 8.361 8.655 8.942 9.050 8.732 8.379 7.991 7.567 7.109 6.700 6.452 6.175 5.867 5.529 5.162 4.851 4.720 4.579 4.468 4.340 4.192 4.109 4.195 4.266 4.324 4.366 4.394 4.438 4.541 4.633 4.717 4.791 4.855 4.930 5.035 5.126 5.201 5.262 5.309 5.379 5.518 5.643 5.753 5.849 5.931 6.064 6.323 6.570 6.805 7.027 7.274 7.571 7.926 8.272 8.609 8.937 9.257 9.532 9.734 9.943 10.159 10.381 10.610 10.742
4.622 5.029 5.439 5.861 6.346 6.841 7.346 7.860 8.383 8.880 9.171 9.454 9.730 9.999 10.260 10.412 9.971 9.494 8.982 8.436 7.854 7.283 6.932 6.578 6.209 5.826 5.428 5.063 4.925 4.767 4.590 4.394 4.178 3.990 4.026 4.046 4.053 4.044 4.021 4.004 4.073 4.133 4.184 4.226 4.258 4.288 4.342 4.382 4.406 4.417 4.412 4.415 4.504 4.579 4.639 4.733 4.841 4.975 5.262 5.534 5.791 6.032 6.257 6.491 6.815 7.131 7.437 7.735 8.024 8.293 8.519 8.752 8.991 9.237 9.489 9.692
5.820 6.237 6.656 7.077 7.595 8.123 8.661 9.208 9.765 10.331 10.597 10.855 11.105 11.348 11.584 11.776 11.108 10.453 9.812 9.183 8.567 7.965 7.575 7.170 6.750 6.316 5.868 5.410 5.204 4.978 4.733 4.468 4.184 3.887 3.872 3.841 3.797 3.737 3.664 3.579 3.616 3.644 3.662 3.671 3.671 3.662 3.665 3.653 3.665 3.682 3.697 3.712 3.825 3.928 4.020 4.102 4.173 4.242 4.476 4.694 4.897 5.085 5.257 5.421 5.715 5.999 6.275 6.543 6.801 7.050 7.300 7.556 7.818 8.088 8.364 8.630
7.014 7.439 7.868 8.299 8.832 9.393 9.964 10.545 11.153 11.710 11.929 12.058 12.145 12.190 12.191 12.150 11.610 11.000 10.403 9.819 9.247 8.689 8.232 7.776 7.306 6.822 6.323 5.810 5.502 5.208 4.895 4.563 4.211 3.839 3.733 3.652 3.556 3.446 3.322 3.182 3.169 3.178 3.186 3.193 3.199 3.203 3.218 3.230 3.240 3.245 3.248 3.247 3.315 3.381 3.437 3.482 3.516 3.540 3.705 3.870 4.019 4.153 4.272 4.375 4.624 4.878 5.124 5.360 5.588 5.807 6.076 6.355 6.641 6.975 7.378 7.783
8.203 8.864 9.650 10.389 11.094 11.705 12.207 12.598 12.880 13.053 13.095 13.075 13.012 12.906 12.758 12.567 12.097 11.532 10.980 10.440 9.914 9.400 8.903 8.397 7.876 7.341 6.792 6.229 5.821 5.459 5.078 4.677 4.257 3.816 3.586 3.443 3.297 3.149 2.997 2.843 2.807 2.812 2.816 2.818 2.818 2.818 2.820 2.821 2.818 2.812 2.803 2.790 2.816 2.845 2.864 2.873 2.871 2.858 2.950 3.062 3.158 3.238 3.303 3.353 3.543 3.767 4.033 4.348 4.659 4.966 5.347 5.752 6.159 6.569 6.982 7.398
12.179 12.850 13.475 14.055 14.476 14.702 14.819 14.827 14.725 14.513 14.306 14.136 13.923 13.668 13.370 13.029 12.570 12.050 11.542 11.047 10.566 10.097 9.588 9.032 8.461 7.876 7.266 6.582 6.013 5.539 5.062 4.579 4.093 3.601 3.309 3.156 3.000 2.841 2.679 2.515 2.448 2.448 2.447 2.444 2.440 2.434 2.426 2.415 2.401 2.383 2.362 2.337 2.328 2.321 2.303 2.275 2.237 2.187 2.211 2.315 2.442 2.565 2.682 2.794 3.034 3.343 3.648 3.949 4.246 4.538 4.908 5.323 5.740 6.160 6.583 7.010
16.368 16.879 17.345 17.765 17.972 17.815 17.548 17.171 16.685 16.090 15.561 15.242 14.879 14.475 14.027 13.537 13.029 12.553 12.090 11.673 11.277 10.796 10.209 9.541 8.842 8.111 7.349 6.556 5.881 5.392 4.899 4.401 3.898 3.391 3.036 2.873 2.706 2.537 2.365 2.190 2.092 2.087 2.080 2.073 2.063 2.053 2.037 2.014 1.988 1.958 1.925 1.888 1.882 1.890 1.897 1.902 1.905 1.906 1.965 2.079 2.189 2.293 2.392 2.486 2.682 2.977 3.267 3.554 3.836 4.115 4.467 4.891 5.319 5.750 6.183 6.619
20.601 20.953 21.259 21.520 21.583 21.042 20.391 19.632 18.762 17.784 16.861 16.392 16.123 15.992 15.682 15.193 14.614 14.176 13.654 13.048 12.359 11.586 10.764 9.986 9.178 8.337 7.466 6.563 5.755 5.250 4.741 4.227 3.709 3.186 2.766 2.593 2.416 2.237 2.054 1.869 1.737 1.727 1.716 1.703 1.689 1.701 1.715 1.719 1.723 1.725 1.727 1.727 1.729 1.731 1.731 1.730 1.726 1.721 1.753 1.850 1.941 2.027 2.108 2.184 2.334 2.615 2.891 3.163 3.432 3.695 4.023 4.458 4.896 5.336 5.780 6.226
24.879 25.071 25.218 25.319 25.310 24.572 23.964 23.398 22.874 22.391 21.961 21.561 20.982 20.225 19.289 18.174 16.954 16.222 15.408 14.509 13.528 12.462 11.352 10.465 9.546 8.596 7.615 6.602 5.633 5.113 4.588 4.059 3.525 2.986 2.500 2.316 2.129 1.939 1.778 1.616 1.482 1.501 1.520 1.537 1.554 1.570 1.583 1.584 1.585 1.584 1.583 1.580 1.577 1.573 1.567 1.559 1.550 1.539 1.547 1.625 1.698 1.766 1.829 1.887 1.991 2.257 2.519 2.777 3.031 3.281 3.591 4.090 4.585 5.075 5.561 6.042
29.265 29.506 29.799 30.145 30.543 30.115 29.652 29.230 28.851 28.513 28.217 27.232 26.028 24.645 23.083 21.343 19.424 18.356 17.248 16.058 14.784 13.426 11.985 10.976 9.947 8.888 7.797 6.675 5.521 4.980 4.443 3.957 3.451 2.924 2.381 2.220 2.056 1.888 1.716 1.540 1.367 1.383 1.399 1.414 1.428 1.441 1.452 1.450 1.448 1.444 1.439 1.434 1.427 1.417 1.405 1.391 1.375 1.358 1.345 1.406 1.461 1.511 1.556 1.610 1.714 2.018 2.322 2.626 2.930 3.235 3.561 4.045 4.524 4.999 5.470 5.935
33.725 34.148 34.624 35.153 35.734 35.604 35.286 35.010 34.775 34.582 34.430 33.089 31.259 29.251 27.064 24.699 22.155 20.575 19.176 17.693 16.127 14.477 12.745 11.542 10.522 9.454 8.336 7.170 5.956 5.327 4.790 4.232 3.654 3.055 2.436 2.201 2.024 1.843 1.658 1.469 1.277 1.267 1.279 1.291 1.302 1.312 1.321 1.318 1.312 1.305 1.297 1.289 1.279 1.263 1.245 1.225 1.215 1.221 1.228 1.306 1.387 1.469 1.551 1.633 1.714 2.012 2.316 2.621 2.927 3.232 3.538 4.004 4.468 4.927 5.382 5.833
