DATA/SHG/CPC/2018/20180408.asc
ncols        190
nrows        64
xllcorner    -5100000.000000000000
yllcorner    4130000.000000000000
cellsize     10000.000000000000
NODATA_value  -99999.000
[rows 0 to 33 of 64, columns 0 to 76 of 190]
0.000 0.000 0.000 0.000 0.000 0.000 0.000 0.000 0.000 0.000 0.000 0.000 0.000 0.000 0.000 0.000 0.000 0.000 0.000 0.000 0.000 0.000 0.000 0.000 0.008 0.020 0.030 0.039 0.047 0.054 0.071 0.095 0.119 0.143 0.167 0.191 0.208 0.222 0.235 0.248 0.262 0.275 0.285 0.291 0.297 0.303 0.309 0.314 0.320 0.328 0.335 0.342 0.349 0.355 0.364 0.377 0.390 0.402 0.413 0.424 0.440 0.464 0.486 0.508 0.529 0.550 0.581 0.628 0.673 0.717 0.759 0.800 0.856 0.942 1.026 1.110 1.193
0.000 0.000 0.000 0.000 0.000 0.000 0.000 0.000 0.000 0.000 0.000 0.000 0.000 0.000 0.000 0.000 0.000 0.000 0.000 0.000 0.000 0.000 0.000 0.000 0.004 0.011 0.017 0.022 0.028 0.033 0.048 0.072 0.096 0.119 0.141 0.162 0.179 0.192 0.206 0.220 0.234 0.248 0.259 0.264 0.269 0.274 0.278 0.282 0.287 0.294 0.300 0.305 0.310 0.315 0.322 0.333 0.343 0.354 0.363 0.373 0.386 0.408 0.428 0.448 0.467 0.485 0.509 0.550 0.590 0.629 0.666 0.701 0.747 0.829 0.911 0.992 1.072
0.000 0.000 0.000 0.000 0.000 0.000 0.000 0.000 0.000 0.000 0.000 0.000 0.000 0.000 0.000 0.000 0.000 0.000 0.000 0.000 0.000 0.000 0.000 0.000 0.002 0.007 0.012 0.017 0.021 0.024 0.034 0.055 0.076 0.096 0.115 0.133 0.149 0.163 0.177 0.192 0.206 0.221 0.233 0.237 0.241 0.245 0.248 0.251 0.255 0.260 0.264 0.268 0.273 0.278 0.283 0.294 0.303 0.313 0.321 0.330 0.339 0.357 0.375 0.391 0.407 0.421 0.438 0.474 0.509 0.542 0.574 0.604 0.638 0.718 0.797 0.875 0.952
0.000 0.000 0.000 0.000 0.000 0.000 0.000 0.000 0.000 0.000 0.000 0.000 0.000 0.000 0.000 0.000 0.000 0.000 0.000 0.000 0.000 0.000 0.000 0.000 0.001 0.005 0.008 0.011 0.014 0.016 0.021 0.040 0.057 0.074 0.090 0.105 0.119 0.134 0.149 0.164 0.179 0.194 0.207 0.211 0.214 0.217 0.220 0.223 0.227 0.231 0.236 0.240 0.243 0.247 0.250 0.259 0.267 0.274 0.281 0.287 0.293 0.308 0.322 0.335 0.347 0.358 0.368 0.399 0.429 0.457 0.483 0.508 0.532 0.607 0.683 0.759 0.833
0.000 0.000 0.000 0.000 0.000 0.000 0.000 0.000 0.000 0.000 0.000 0.000 0.000 0.000 0.000 0.000 0.000 0.000 0.000 0.000 0.000 0.000 0.000 0.000 0.000 0.003 0.005 0.006 0.007 0.008 0.009 0.025 0.039 0.053 0.066 0.078 0.090 0.105 0.121 0.136 0.152 0.167 0.183 0.186 0.189 0.192 0.196 0.199 0.202 0.206 0.209 0.212 0.214 0.217 0.219 0.225 0.231 0.236 0.241 0.245 0.249 0.259 0.270 0.280 0.289 0.296 0.303 0.326 0.351 0.375 0.399 0.421 0.442 0.506 0.577 0.645 0.710
0.000 0.000 0.000 0.000 0.000 0.000 0.000 0.000 0.000 0.000 0.000 0.000 0.000 0.000 0.000 0.000 0.000 0.000 0.000 0.000 0.000 0.000 0.000 0.000 0.000 0.001 0.001 0.002 0.001 0.001 0.000 0.012 0.025 0.037 0.048 0.058 0.067 0.082 0.097 0.112 0.127 0.142 0.156 0.161 0.165 0.168 0.171 0.174 0.178 0.180 0.182 0.184 0.186 0.187 0.188 0.191 0.195 0.199 0.201 0.204 0.205 0.212 0.221 0.230 0.238 0.246 0.253 0.272 0.294 0.314 0.332 0.349 0.365 0.414 0.475 0.533 0.589
0.000 0.000 0.000 0.000 0.000 0.000 0.000 0.000 0.000 0.000 0.000 0.000 0.000 0.000 0.000 0.000 0.000 0.000 0.000 0.000 0.000 0.000 0.000 0.000 0.000 0.000 0.000 0.000 0.000 0.000 0.000 0.008 0.018 0.026 0.034 0.041 0.047 0.060 0.074 0.089 0.103 0.117 0.131 0.137 0.140 0.144 0.147 0.150 0.153 0.155 0.156 0.157 0.157 0.157 0.157 0.159 0.163 0.167 0.170 0.173 0.176 0.182 0.189 0.196 0.202 0.207 0.212 0.224 0.240 0.255 0.268 0.279 0.289 0.324 0.375 0.424 0.471
0.000 0.000 0.000 0.000 0.000 0.000 0.000 0.000 0.000 0.000 0.000 0.000 0.000 0.000 0.000 0.000 0.000 0.000 0.000 0.000 0.000 0.000 0.000 0.000 0.000 0.000 0.000 0.000 0.000 0.000 0.000 0.004 0.011 0.017 0.021 0.025 0.028 0.037 0.051 0.065 0.079 0.092 0.105 0.113 0.116 0.119 0.122 0.126 0.130 0.133 0.134 0.135 0.136 0.137 0.137 0.139 0.142 0.144 0.147 0.148 0.150 0.153 0.158 0.163 0.166 0.169 0.171 0.178 0.188 0.197 0.205 0.211 0.215 0.236 0.278 0.318 0.355
0.000 0.000 0.000 0.000 0.000 0.000 0.000 0.000 0.000 0.000 0.000 0.000 0.000 0.000 0.000 0.000 0.000 0.000 0.000 0.000 0.000 0.000 0.000 0.000 0.000 0.000 0.000 0.000 0.000 0.000 0.000 0.002 0.005 0.008 0.009 0.010 0.010 0.015 0.029 0.042 0.055 0.068 0.081 0.089 0.093 0.098 0.102 0.107 0.112 0.116 0.116 0.117 0.118 0.118 0.118 0.119 0.121 0.122 0.123 0.124 0.125 0.126 0.128 0.130 0.131 0.132 0.132 0.133 0.138 0.142 0.143 0.144 0.143 0.159 0.201 0.242 0.281
0.000 0.000 0.000 0.000 0.000 0.000 0.000 0.000 0.000 0.000 0.000 0.000 0.000 0.000 0.000 0.000 0.000 0.000 0.000 0.000 0.000 0.000 0.000 0.000 0.000 0.000 0.000 0.000 0.000 0.000 0.000 0.000 0.000 0.000 0.000 0.000 0.000 0.004 0.017 0.029 0.041 0.051 0.060 0.067 0.072 0.077 0.083 0.088 0.094 0.099 0.099 0.099 0.100 0.100 0.100 0.100 0.100 0.101 0.100 0.100 0.099 0.099 0.099 0.098 0.097 0.096 0.097 0.099 0.104 0.108 0.113 0.117 0.120 0.129 0.166 0.202 0.236
0.000 0.000 0.000 0.000 0.000 0.000 0.000 0.000 0.000 0.000 0.000 0.000 0.000 0.000 0.000 0.000 0.000 0.000 0.000 0.000 0.000 0.000 0.000 0.000 0.000 0.000 0.000 0.000 0.000 0.000 0.000 0.000 0.000 0.000 0.000 0.000 0.000 0.002 0.011 0.020 0.028 0.034 0.040 0.045 0.051 0.057 0.063 0.069 0.076 0.082 0.082 0.082 0.082 0.082 0.081 0.081 0.080 0.079 0.079 0.079 0.079 0.079 0.080 0.081 0.082 0.082 0.082 0.083 0.087 0.090 0.093 0.095 0.098 0.101 0.133 0.164 0.193
0.000 0.000 0.000 0.000 0.000 0.000 0.000 0.000 0.000 0.000 0.000 0.000 0.000 0.000 0.000 0.000 0.000 0.000 0.000 0.000 0.000 0.000 0.000 0.000 0.000 0.000 0.000 0.000 0.000 0.000 0.000 0.000 0.000 0.000 0.000 0.000 0.000 0.000 0.006 0.011 0.016 0.019 0.021 0.022 0.029 0.036 0.043 0.050 0.058 0.065 0.065 0.065 0.065 0.066 0.066 0.067 0.067 0.068 0.068 0.068 0.068 0.068 0.068 0.068 0.068 0.068 0.068 0.068 0.070 0.072 0.073 0.075 0.075 0.076 0.100 0.126 0.151
0.000 0.000 0.000 0.000 0.000 0.000 0.000 0.000 0.000 0.000 0.000 0.000 0.000 0.000 0.000 0.000 0.000 0.000 0.000 0.000 0.000 0.000 0.000 0.000 0.000 0.000 0.000 0.000 0.000 0.000 0.000 0.000 0.000 0.000 0.000 0.000 0.000 0.000 0.002 0.004 0.005 0.004 0.003 0.001 0.009 0.018 0.027 0.035 0.043 0.050 0.051 0.052 0.053 0.054 0.055 0.057 0.057 0.057 0.057 0.057 0.057 0.056 0.056 0.056 0.055 0.055 0.054 0.053 0.054 0.054 0.054 0.054 0.054 0.053 0.070 0.090 0.114
0.000 0.000 0.000 0.000 0.000 0.000 0.000 0.000 0.000 0.000 0.000 0.000 0.000 0.000 0.000 0.000 0.000 0.000 0.000 0.000 0.000 0.000 0.000 0.000 0.000 0.000 0.000 0.000 0.000 0.000 0.000 0.000 0.000 0.000 0.000 0.000 0.000 0.000 0.000 0.000 0.000 0.000 0.000 0.000 0.006 0.013 0.020 0.026 0.031 0.036 0.038 0.039 0.041 0.042 0.044 0.046 0.047 0.047 0.046 0.046 0.046 0.045 0.044 0.044 0.043 0.041 0.040 0.039 0.038 0.039 0.041 0.043 0.046 0.048 0.065 0.089 0.113
0.000 0.000 0.000 0.000 0.000 0.000 0.000 0.000 0.000 0.000 0.000 0.000 0.000 0.000 0.000 0.000 0.000 0.000 0.000 0.000 0.000 0.000 0.000 0.000 0.000 0.000 0.000 0.000 0.000 0.000 0.000 0.000 0.000 0.000 0.000 0.000 0.000 0.000 0.000 0.000 0.000 0.000 0.000 0.000 0.003 0.008 0.013 0.016 0.019 0.022 0.024 0.026 0.028 0.030 0.033 0.036 0.037 0.036 0.036 0.035 0.034 0.034 0.033 0.033 0.033 0.033 0.034 0.035 0.037 0.039 0.042 0.045 0.049 0.053 0.067 0.090 0.113
0.000 0.000 0.000 0.000 0.000 0.000 0.000 0.000 0.000 0.000 0.000 0.000 0.000 0.000 0.000 0.000 0.000 0.000 0.000 0.000 0.000 0.000 0.000 0.000 0.000 0.000 0.000 0.000 0.000 0.000 0.000 0.000 0.000 0.000 0.000 0.000 0.000 0.000 0.000 0.000 0.000 0.000 0.000 0.000 0.001 0.004 0.006 0.008 0.008 0.009 0.010 0.012 0.015 0.018 0.021 0.025 0.028 0.027 0.027 0.027 0.027 0.026 0.026 0.027 0.028 0.029 0.031 0.033 0.036 0.039 0.043 0.047 0.052 0.057 0.068 0.091 0.113
0.000 0.000 0.000 0.000 0.000 0.000 0.000 0.000 0.000 0.000 0.000 0.000 0.000 0.000 0.000 0.000 0.000 0.000 0.000 0.000 0.000 0.000 0.000 0.000 0.000 0.000 0.000 0.000 0.000 0.000 0.000 0.000 0.000 0.000 0.000 0.000 0.000 0.000 0.000 0.000 0.000 0.000 0.000 0.000 0.000 0.001 0.001 0.000 0.000 0.000 0.001 0.005 0.009 0.013 0.016 0.019 0.021 0.021 0.020 0.020 0.019 0.019 0.019 0.021 0.023 0.025 0.028 0.031 0.035 0.039 0.044 0.049 0.055 0.060 0.070 0.092 0.113
0.000 0.000 0.000 0.000 0.000 0.000 0.000 0.000 0.000 0.000 0.000 0.000 0.000 0.000 0.000 0.000 0.000 0.000 0.000 0.000 0.000 0.000 0.000 0.000 0.000 0.000 0.000 0.000 0.000 0.000 0.000 0.000 0.000 0.000 0.000 0.000 0.000 0.000 0.000 0.000 0.000 0.000 0.000 0.000 0.000 0.000 0.000 0.000 0.000 0.000 0.000 0.004 0.006 0.009 0.011 0.013 0.014 0.014 0.013 0.013 0.012 0.011 0.011 0.014 0.017 0.021 0.024 0.029 0.033 0.039 0.045 0.051 0.057 0.062 0.068 0.085 0.102
0.000 0.000 0.000 0.000 0.000 0.000 0.000 0.000 0.000 0.000 0.000 0.000 0.000 0.000 0.000 0.000 0.000 0.000 0.000 0.000 0.000 0.000 0.000 0.000 0.000 0.000 0.000 0.000 0.000 0.000 0.000 0.000 0.000 0.000 0.000 0.000 0.000 0.000 0.000 0.000 0.000 0.000 0.000 0.000 0.000 0.000 0.000 0.000 0.000 0.000 0.000 0.002 0.004 0.005 0.006 0.007 0.008 0.007 0.006 0.006 0.005 0.004 0.003 0.007 0.011 0.016 0.020 0.025 0.029 0.034 0.038 0.043 0.048 0.052 0.057 0.071 0.084
0.000 0.000 0.000 0.000 0.000 0.000 0.000 0.000 0.000 0.000 0.000 0.000 0.000 0.000 0.000 0.000 0.000 0.000 0.000 0.000 0.000 0.000 0.000 0.000 0.000 0.000 0.000 0.000 0.000 0.000 0.000 0.000 0.000 0.000 0.000 0.000 0.000 0.000 0.000 0.000 0.000 0.000 0.000 0.000 0.000 0.000 0.000 0.000 0.000 0.000 0.000 0.001 0.002 0.002 0.002 0.002 0.001 0.001 0.000 0.000 0.000 0.000 0.000 0.004 0.008 0.012 0.015 0.018 0.021 0.025 0.030 0.034 0.039 0.043 0.047 0.057 0.067
0.000 0.000 0.000 0.000 0.000 0.000 0.000 0.000 0.000 0.000 0.000 0.000 0.000 0.000 0.000 0.000 0.000 0.000 0.000 0.000 0.000 0.000 0.000 0.000 0.000 0.000 0.000 0.000 0.000 0.000 0.000 0.000 0.000 0.000 0.000 0.000 0.000 0.000 0.000 0.000 0.000 0.000 0.000 0.000 0.000 0.000 0.000 0.000 0.000 0.000 0.000 0.003 0.006 0.007 0.007 0.005 0.001 0.000 0.000 0.000 0.000 0.000 0.000 0.002 0.005 0.008 0.010 0.012 0.014 0.017 0.022 0.026 0.030 0.034 0.037 0.044 0.051
0.000 0.000 0.000 0.000 0.000 0.000 0.000 0.000 0.000 0.000 0.000 0.000 0.000 0.000 0.000 0.000 0.000 0.000 0.000 0.000 0.000 0.000 0.000 0.000 0.000 0.000 0.000 0.000 0.000 0.000 0.000 0.000 0.000 0.000 0.000 0.000 0.000 0.000 0.000 0.000 0.000 0.000 0.000 0.000 0.010 0.025 0.035 0.042 0.045 0.044 0.041 0.037 0.034 0.030 0.023 0.015 0.005 0.000 0.000 0.000 0.000 0.000 0.000 0.001 0.003 0.005 0.006 0.007 0.007 0.010 0.013 0.017 0.021 0.024 0.028 0.032 0.037
0.000 0.000 0.000 0.000 0.000 0.000 0.000 0.000 0.000 0.000 0.000 0.000 0.000 0.000 0.000 0.000 0.000 0.000 0.000 0.000 0.000 0.000 0.000 0.000 0.000 0.000 0.000 0.000 0.000 0.000 0.000 0.000 0.000 0.000 0.000 0.000 0.000 0.002 0.004 0.010 0.022 0.038 0.059 0.084 0.114 0.133 0.130 0.125 0.116 0.103 0.088 0.074 0.065 0.054 0.041 0.026 0.010 0.000 0.000 0.000 0.000 0.000 0.000 0.000 0.001 0.001 0.001 0.001 0.001 0.002 0.007 0.012 0.017 0.022 0.027 0.032 0.036
0.000 0.000 0.000 0.000 0.000 0.000 0.000 0.000 0.000 0.000 0.000 0.000 0.000 0.000 0.000 0.000 0.000 0.000 0.000 0.000 0.000 0.000 0.000 0.000 0.000 0.000 0.000 0.000 0.000 0.000 0.000 0.000 0.000 0.001 0.003 0.006 0.010 0.014 0.020 0.032 0.059 0.091 0.128 0.169 0.214 0.244 0.229 0.212 0.191 0.166 0.138 0.112 0.096 0.079 0.060 0.039 0.016 0.000 0.000 0.000 0.000 0.000 0.001 0.003 0.004 0.004 0.004 0.003 0.001 0.002 0.007 0.012 0.018 0.023 0.029 0.034 0.036
0.000 0.000 0.000 0.000 0.000 0.000 0.000 0.000 0.000 0.000 0.000 0.000 0.000 0.000 0.000 0.000 0.000 0.000 0.000 0.000 0.000 0.000 0.000 0.000 0.000 0.000 0.000 0.000 0.000 0.000 0.000 0.000 0.000 0.001 0.006 0.012 0.019 0.026 0.035 0.049 0.092 0.140 0.192 0.248 0.309 0.358 0.332 0.302 0.268 0.232 0.191 0.152 0.130 0.107 0.081 0.060 0.039 0.021 0.025 0.027 0.027 0.025 0.021 0.016 0.015 0.013 0.010 0.007 0.004 0.001 0.007 0.012 0.018 0.024 0.030 0.036 0.037
0.000 0.000 0.000 0.000 0.000 0.000 0.000 0.000 0.000 0.000 0.000 0.000 0.000 0.000 0.000 0.000 0.000 0.000 0.000 0.000 0.000 0.000 0.000 0.000 0.000 0.000 0.000 0.000 0.000 0.000 0.000 0.000 0.000 0.000 0.008 0.017 0.027 0.037 0.049 0.062 0.121 0.184 0.251 0.323 0.399 0.476 0.437 0.395 0.351 0.309 0.269 0.231 0.211 0.189 0.165 0.138 0.109 0.079 0.076 0.071 0.063 0.054 0.043 0.030 0.027 0.022 0.018 0.012 0.006 0.000 0.006 0.013 0.019 0.025 0.032 0.038 0.037
0.000 0.000 0.000 0.000 0.000 0.000 0.000 0.000 0.000 0.000 0.000 0.000 0.000 0.000 0.000 0.000 0.000 0.000 0.000 0.000 0.000 0.000 0.000 0.000 0.000 0.000 0.000 0.000 0.000 0.000 0.000 0.000 0.000 0.000 0.010 0.022 0.034 0.048 0.062 0.077 0.145 0.218 0.296 0.377 0.463 0.553 0.526 0.486 0.449 0.412 0.378 0.346 0.317 0.287 0.254 0.219 0.181 0.141 0.128 0.116 0.101 0.085 0.066 0.046 0.039 0.032 0.025 0.018 0.010 0.001 0.006 0.013 0.019 0.029 0.045 0.064 0.073
0.000 0.000 0.000 0.000 0.000 0.000 0.000 0.000 0.000 0.000 0.000 0.000 0.000 0.000 0.000 0.000 0.000 0.000 0.000 0.000 0.000 0.000 0.000 0.000 0.000 0.000 0.000 0.000 0.000 0.000 0.000 0.000 0.000 0.000 0.010 0.022 0.034 0.044 0.054 0.064 0.128 0.216 0.308 0.404 0.504 0.609 0.609 0.576 0.544 0.514 0.486 0.459 0.425 0.386 0.345 0.302 0.256 0.207 0.182 0.163 0.141 0.118 0.092 0.064 0.052 0.043 0.035 0.028 0.020 0.011 0.021 0.038 0.058 0.080 0.105 0.132 0.146
0.000 0.000 0.000 0.000 0.000 0.000 0.000 0.000 0.000 0.000 0.000 0.000 0.000 0.000 0.000 0.000 0.000 0.000 0.000 0.000 0.000 0.000 0.000 0.000 0.000 0.000 0.000 0.000 0.000 0.000 0.000 0.000 0.000 0.000 0.006 0.016 0.024 0.032 0.039 0.045 0.107 0.209 0.316 0.426 0.541 0.660 0.690 0.663 0.637 0.613 0.591 0.571 0.535 0.488 0.439 0.387 0.333 0.276 0.239 0.213 0.187 0.159 0.129 0.098 0.081 0.073 0.064 0.054 0.043 0.032 0.043 0.069 0.098 0.129 0.162 0.198 0.219
0.000 0.000 0.000 0.000 0.000 0.000 0.000 0.000 0.000 0.000 0.000 0.000 0.000 0.000 0.000 0.000 0.000 0.000 0.000 0.000 0.000 0.000 0.000 0.000 0.000 0.000 0.000 0.000 0.000 0.000 0.000 0.000 0.000 0.000 0.003 0.010 0.016 0.021 0.025 0.028 0.081 0.198 0.319 0.445 0.574 0.708 0.770 0.748 0.729 0.711 0.695 0.681 0.654 0.606 0.553 0.494 0.431 0.362 0.311 0.281 0.248 0.214 0.178 0.140 0.115 0.104 0.093 0.080 0.067 0.053 0.063 0.098 0.135 0.175 0.217 0.262 0.291
0.000 0.000 0.000 0.000 0.000 0.000 0.000 0.000 0.000 0.000 0.000 0.000 0.000 0.000 0.000 0.000 0.000 0.000 0.000 0.000 0.000 0.000 0.000 0.000 0.000 0.000 0.000 0.000 0.000 0.000 0.000 0.000 0.000 0.000 0.001 0.005 0.008 0.010 0.011 0.011 0.052 0.183 0.319 0.459 0.603 0.758 0.865 0.859 0.856 0.854 0.854 0.856 0.837 0.771 0.700 0.624 0.543 0.457 0.387 0.350 0.311 0.270 0.228 0.184 0.151 0.137 0.123 0.107 0.091 0.075 0.080 0.124 0.170 0.218 0.269 0.323 0.362
0.000 0.000 0.000 0.000 0.000 0.000 0.000 0.000 0.000 0.000 0.000 0.000 0.000 0.000 0.000 0.000 0.000 0.000 0.000 0.000 0.000 0.000 0.000 0.000 0.000 0.000 0.000 0.000 0.000 0.000 0.000 0.000 0.000 0.000 0.000 0.001 0.001 0.000 0.000 0.000 0.026 0.179 0.339 0.505 0.678 0.858 1.008 1.010 1.013 1.018 1.025 1.033 1.025 0.942 0.853 0.759 0.661 0.557 0.463 0.420 0.375 0.328 0.280 0.230 0.186 0.170 0.153 0.135 0.117 0.097 0.105 0.194 0.284 0.375 0.468 0.561 0.641
0.000 0.000 0.000 0.000 0.000 0.000 0.000 0.000 0.000 0.000 0.000 0.000 0.000 0.000 0.000 0.000 0.000 0.000 0.000 0.000 0.000 0.000 0.000 0.000 0.000 0.000 0.000 0.000 0.000 0.000 0.000 0.000 0.000 0.000 0.000 0.000 0.000 0.000 0.000 0.000 0.005 0.181 0.364 0.553 0.749 0.951 1.150 1.158 1.168 1.179 1.193 1.208 1.218 1.116 1.010 0.899 0.783 0.661 0.542 0.492 0.441 0.388 0.334 0.290 0.272 0.290 0.308 0.326 0.344 0.361 0.387 0.480 0.574 0.668 0.764 0.861 0.949
0.000 0.000 0.000 0.000 0.000 0.000 0.000 0.000 0.000 0.000 0.000 0.000 0.000 0.000 0.000 0.000 0.000 0.000 0.000 0.000 0.000 0.000 0.000 0.000 0.000 0.000 0.000 0.000 0.000 0.000 0.000 0.000 0.000 0.000 0.000 0.000 0.000 0.000 0.000 0.000 0.000 0.177 0.382 0.594 0.813 1.038 1.269 1.304 1.321 1.339 1.359 1.381 1.404 1.296 1.172 1.043 0.936 0.858 0.774 0.760 0.742 0.714 0.677 0.629 0.572 0.587 0.604 0.621 0.637 0.654 0.669 0.765 0.862 0.960 1.059 1.159 1.260
