DATA/SHG/CPC/2018/20180505.asc
ncols        190
nrows        64
xllcorner    -5100000.000000000000
yllcorner    4130000.000000000000
cellsize     10000.000000000000
NODATA_value  -99999.000
[rows 0 to 33 of 64, columns 0 to 76 of 190]
0.000 0.000 0.000 0.000 0.000 0.000 0.000 0.000 0.000 0.000 0.000 0.000 0.000 0.000 0.000 0.000 0.000 0.000 0.008 0.021 0.036 0.052 0.070 0.089 0.108 0.128 0.147 0.166 0.186 0.205 0.222 0.237 0.250 0.262 0.272 0.283 0.292 0.301 0.309 0.317 0.324 0.331 0.336 0.340 0.344 0.348 0.353 0.358 0.362 0.367 0.372 0.377 0.382 0.388 0.393 0.398 0.403 0.409 0.414 0.420 0.423 0.423 0.424 0.424 0.424 0.425 0.422 0.417 0.412 0.407 0.402 0.398 0.391 0.379 0.368 0.357 0.345
0.000 0.000 0.000 0.000 0.000 0.000 0.000 0.000 0.000 0.000 0.000 0.000 0.000 0.000 0.000 0.000 0.000 0.000 0.010 0.028 0.048 0.069 0.092 0.117 0.139 0.158 0.178 0.197 0.215 0.234 0.249 0.259 0.269 0.278 0.287 0.294 0.302 0.308 0.315 0.321 0.326 0.331 0.335 0.340 0.345 0.350 0.355 0.360 0.365 0.370 0.376 0.382 0.388 0.394 0.400 0.406 0.411 0.417 0.423 0.428 0.431 0.430 0.430 0.429 0.429 0.428 0.427 0.422 0.418 0.414 0.410 0.406 0.401 0.389 0.378 0.367 0.355
0.000 0.000 0.000 0.000 0.000 0.000 0.000 0.000 0.000 0.000 0.000 0.000 0.000 0.000 0.000 0.000 0.000 0.000 0.009 0.033 0.059 0.086 0.114 0.142 0.166 0.185 0.203 0.222 0.240 0.258 0.273 0.281 0.289 0.296 0.301 0.307 0.312 0.317 0.321 0.325 0.329 0.332 0.335 0.340 0.345 0.350 0.356 0.362 0.367 0.374 0.380 0.386 0.393 0.399 0.405 0.410 0.415 0.419 0.424 0.429 0.432 0.432 0.431 0.431 0.431 0.431 0.431 0.427 0.423 0.420 0.417 0.414 0.410 0.399 0.388 0.376 0.365
0.000 0.000 0.000 0.000 0.000 0.000 0.000 0.000 0.000 0.000 0.000 0.000 0.000 0.000 0.002 0.005 0.008 0.013 0.024 0.052 0.080 0.108 0.136 0.165 0.191 0.210 0.228 0.246 0.265 0.283 0.299 0.304 0.309 0.314 0.317 0.320 0.322 0.325 0.328 0.330 0.332 0.333 0.334 0.340 0.346 0.352 0.357 0.363 0.368 0.375 0.381 0.387 0.394 0.400 0.407 0.411 0.416 0.420 0.425 0.429 0.433 0.433 0.433 0.433 0.434 0.434 0.435 0.432 0.429 0.426 0.424 0.422 0.420 0.409 0.397 0.386 0.375
0.000 0.000 0.000 0.000 0.000 0.000 0.000 0.000 0.000 0.000 0.000 0.000 0.001 0.005 0.010 0.016 0.024 0.032 0.044 0.072 0.101 0.130 0.159 0.188 0.216 0.235 0.253 0.271 0.289 0.307 0.325 0.328 0.330 0.332 0.333 0.334 0.333 0.335 0.338 0.339 0.340 0.339 0.337 0.343 0.348 0.354 0.359 0.364 0.368 0.375 0.381 0.388 0.395 0.402 0.409 0.413 0.417 0.421 0.425 0.429 0.433 0.434 0.434 0.435 0.436 0.437 0.438 0.436 0.434 0.432 0.431 0.430 0.430 0.421 0.411 0.401 0.392
0.000 0.000 0.000 0.000 0.000 0.000 0.000 0.000 0.000 0.000 0.000 0.000 0.000 0.008 0.017 0.027 0.038 0.050 0.063 0.092 0.121 0.151 0.181 0.210 0.241 0.259 0.278 0.296 0.314 0.332 0.350 0.354 0.355 0.357 0.358 0.359 0.360 0.360 0.359 0.357 0.353 0.349 0.343 0.347 0.351 0.356 0.360 0.364 0.368 0.375 0.382 0.389 0.396 0.403 0.410 0.415 0.419 0.422 0.426 0.430 0.433 0.435 0.436 0.437 0.439 0.441 0.443 0.443 0.442 0.441 0.441 0.441 0.441 0.435 0.426 0.417 0.408
0.000 0.000 0.000 0.000 0.000 0.000 0.000 0.000 0.000 0.000 0.000 0.000 0.000 0.010 0.023 0.036 0.051 0.067 0.084 0.112 0.142 0.172 0.202 0.233 0.264 0.285 0.304 0.323 0.342 0.361 0.380 0.386 0.387 0.388 0.388 0.389 0.389 0.386 0.381 0.375 0.368 0.360 0.350 0.350 0.354 0.358 0.362 0.366 0.369 0.375 0.382 0.389 0.396 0.404 0.411 0.416 0.420 0.423 0.427 0.430 0.434 0.437 0.439 0.441 0.443 0.446 0.449 0.450 0.450 0.450 0.451 0.452 0.453 0.449 0.440 0.432 0.425
0.000 0.000 0.000 0.000 0.000 0.000 0.000 0.000 0.000 0.000 0.000 0.000 0.000 0.011 0.027 0.045 0.064 0.084 0.105 0.133 0.164 0.195 0.226 0.258 0.289 0.313 0.332 0.351 0.371 0.390 0.410 0.418 0.418 0.419 0.419 0.419 0.419 0.414 0.405 0.395 0.384 0.372 0.359 0.354 0.358 0.361 0.364 0.367 0.369 0.373 0.380 0.387 0.395 0.402 0.409 0.415 0.419 0.423 0.427 0.431 0.435 0.439 0.442 0.444 0.448 0.451 0.454 0.457 0.458 0.459 0.460 0.462 0.464 0.462 0.455 0.448 0.441
0.000 0.000 0.000 0.000 0.000 0.000 0.000 0.000 0.000 0.000 0.000 0.000 0.000 0.011 0.032 0.054 0.077 0.101 0.127 0.156 0.187 0.219 0.251 0.282 0.314 0.340 0.360 0.379 0.399 0.419 0.440 0.450 0.450 0.450 0.450 0.449 0.448 0.442 0.430 0.416 0.401 0.385 0.370 0.362 0.364 0.366 0.367 0.367 0.367 0.369 0.376 0.384 0.391 0.399 0.407 0.414 0.418 0.422 0.427 0.432 0.436 0.441 0.444 0.448 0.452 0.456 0.460 0.463 0.465 0.467 0.470 0.472 0.475 0.473 0.464 0.456 0.448
0.000 0.000 0.000 0.000 0.000 0.000 0.000 0.000 0.000 0.000 0.000 0.000 0.000 0.010 0.035 0.061 0.089 0.118 0.148 0.179 0.211 0.243 0.275 0.307 0.339 0.367 0.387 0.407 0.428 0.448 0.469 0.483 0.482 0.481 0.479 0.476 0.473 0.466 0.450 0.434 0.418 0.402 0.385 0.373 0.373 0.372 0.371 0.368 0.365 0.364 0.372 0.380 0.388 0.396 0.405 0.412 0.417 0.422 0.427 0.432 0.437 0.442 0.446 0.451 0.455 0.460 0.463 0.466 0.467 0.468 0.469 0.470 0.471 0.471 0.463 0.456 0.450
0.000 0.000 0.000 0.000 0.000 0.000 0.000 0.000 0.000 0.000 0.000 0.000 0.000 0.007 0.037 0.067 0.099 0.132 0.167 0.202 0.234 0.266 0.298 0.331 0.363 0.394 0.414 0.435 0.455 0.475 0.495 0.511 0.508 0.504 0.500 0.496 0.492 0.485 0.468 0.452 0.435 0.418 0.401 0.386 0.383 0.379 0.375 0.370 0.364 0.359 0.368 0.376 0.385 0.393 0.402 0.411 0.416 0.421 0.426 0.429 0.433 0.437 0.441 0.444 0.448 0.452 0.456 0.461 0.462 0.463 0.464 0.466 0.467 0.469 0.462 0.456 0.451
0.000 0.000 0.000 0.000 0.000 0.000 0.000 0.000 0.000 0.000 0.000 0.000 0.000 0.003 0.037 0.072 0.108 0.146 0.185 0.224 0.257 0.290 0.323 0.356 0.389 0.422 0.442 0.461 0.481 0.500 0.519 0.537 0.533 0.528 0.523 0.517 0.511 0.504 0.487 0.470 0.452 0.435 0.417 0.399 0.394 0.387 0.380 0.372 0.364 0.354 0.363 0.371 0.377 0.384 0.391 0.397 0.401 0.405 0.410 0.415 0.420 0.425 0.429 0.434 0.439 0.444 0.449 0.455 0.457 0.458 0.460 0.462 0.464 0.465 0.461 0.456 0.452
0.000 0.000 0.000 0.000 0.000 0.000 0.000 0.000 0.000 0.000 0.000 0.000 0.002 0.005 0.044 0.084 0.125 0.166 0.208 0.250 0.284 0.317 0.350 0.383 0.416 0.449 0.469 0.488 0.507 0.525 0.544 0.562 0.558 0.552 0.545 0.538 0.530 0.522 0.506 0.488 0.470 0.452 0.433 0.415 0.404 0.393 0.382 0.369 0.356 0.341 0.344 0.351 0.358 0.364 0.371 0.377 0.382 0.388 0.393 0.399 0.406 0.413 0.418 0.424 0.430 0.436 0.442 0.449 0.452 0.453 0.455 0.457 0.460 0.462 0.459 0.456 0.449
0.000 0.000 0.000 0.000 0.000 0.000 0.000 0.000 0.002 0.005 0.009 0.014 0.020 0.027 0.062 0.104 0.146 0.188 0.231 0.274 0.310 0.343 0.376 0.409 0.442 0.475 0.497 0.515 0.533 0.551 0.568 0.585 0.584 0.576 0.568 0.559 0.550 0.542 0.527 0.508 0.489 0.468 0.446 0.423 0.407 0.393 0.378 0.361 0.344 0.326 0.325 0.331 0.338 0.344 0.351 0.357 0.363 0.370 0.377 0.384 0.392 0.400 0.407 0.413 0.420 0.427 0.434 0.442 0.446 0.445 0.443 0.441 0.439 0.437 0.431 0.422 0.413
0.000 0.000 0.000 0.000 0.000 0.000 0.000 0.000 0.004 0.011 0.018 0.027 0.037 0.048 0.080 0.123 0.166 0.210 0.254 0.298 0.335 0.369 0.402 0.435 0.468 0.502 0.525 0.542 0.559 0.576 0.594 0.612 0.614 0.606 0.598 0.590 0.581 0.571 0.555 0.532 0.509 0.484 0.459 0.432 0.411 0.393 0.374 0.355 0.334 0.312 0.306 0.312 0.318 0.325 0.331 0.337 0.344 0.352 0.360 0.368 0.377 0.386 0.391 0.395 0.400 0.404 0.409 0.413 0.415 0.412 0.410 0.408 0.405 0.402 0.396 0.387 0.378
0.000 0.000 0.000 0.000 0.000 0.000 0.000 0.000 0.005 0.015 0.027 0.039 0.053 0.068 0.097 0.142 0.186 0.231 0.276 0.322 0.361 0.395 0.428 0.463 0.498 0.532 0.559 0.577 0.595 0.612 0.629 0.645 0.650 0.641 0.632 0.622 0.611 0.601 0.583 0.557 0.530 0.502 0.473 0.443 0.416 0.395 0.372 0.349 0.324 0.299 0.286 0.292 0.299 0.305 0.311 0.315 0.320 0.326 0.332 0.338 0.344 0.350 0.355 0.359 0.364 0.369 0.375 0.380 0.383 0.380 0.377 0.374 0.371 0.367 0.362 0.352 0.342
0.000 0.000 0.000 0.000 0.000 0.000 0.000 0.000 0.005 0.019 0.034 0.050 0.068 0.086 0.114 0.161 0.209 0.256 0.304 0.351 0.394 0.428 0.463 0.498 0.533 0.569 0.598 0.615 0.631 0.648 0.664 0.679 0.687 0.676 0.665 0.654 0.643 0.631 0.613 0.583 0.553 0.521 0.488 0.454 0.422 0.397 0.371 0.344 0.315 0.284 0.263 0.268 0.272 0.275 0.278 0.281 0.285 0.291 0.296 0.302 0.307 0.313 0.318 0.323 0.329 0.335 0.341 0.347 0.351 0.347 0.344 0.340 0.337 0.333 0.327 0.317 0.307
0.000 0.000 0.000 0.000 0.000 0.000 0.000 0.000 0.005 0.026 0.048 0.071 0.095 0.120 0.151 0.198 0.245 0.292 0.338 0.384 0.428 0.463 0.498 0.534 0.569 0.604 0.636 0.652 0.668 0.683 0.699 0.713 0.724 0.712 0.700 0.687 0.674 0.661 0.644 0.611 0.577 0.542 0.505 0.466 0.428 0.398 0.367 0.335 0.301 0.266 0.236 0.239 0.242 0.244 0.246 0.248 0.250 0.255 0.261 0.266 0.271 0.276 0.281 0.287 0.293 0.300 0.306 0.313 0.319 0.315 0.311 0.307 0.302 0.293 0.283 0.269 0.255
0.000 0.000 0.000 0.001 0.004 0.007 0.012 0.017 0.025 0.050 0.075 0.102 0.130 0.159 0.189 0.235 0.281 0.327 0.373 0.418 0.462 0.498 0.533 0.569 0.604 0.640 0.675 0.690 0.705 0.720 0.734 0.748 0.761 0.750 0.741 0.730 0.718 0.704 0.689 0.651 0.612 0.570 0.526 0.480 0.433 0.399 0.363 0.327 0.289 0.249 0.209 0.211 0.213 0.214 0.215 0.215 0.215 0.220 0.225 0.230 0.235 0.239 0.244 0.250 0.257 0.264 0.270 0.274 0.276 0.268 0.259 0.249 0.239 0.228 0.217 0.204 0.191
0.000 0.000 0.000 0.005 0.011 0.018 0.026 0.035 0.045 0.072 0.101 0.131 0.163 0.195 0.229 0.273 0.318 0.363 0.407 0.451 0.495 0.532 0.568 0.604 0.640 0.676 0.714 0.735 0.753 0.772 0.791 0.811 0.831 0.822 0.808 0.792 0.775 0.757 0.737 0.695 0.648 0.600 0.549 0.496 0.442 0.401 0.361 0.320 0.277 0.234 0.189 0.184 0.184 0.184 0.184 0.183 0.182 0.186 0.191 0.196 0.202 0.208 0.213 0.218 0.221 0.223 0.223 0.222 0.220 0.210 0.199 0.188 0.176 0.163 0.150 0.138 0.127
0.000 0.000 0.000 0.007 0.016 0.027 0.039 0.051 0.065 0.093 0.126 0.160 0.195 0.231 0.268 0.311 0.355 0.399 0.442 0.487 0.535 0.577 0.616 0.656 0.696 0.735 0.775 0.799 0.819 0.839 0.860 0.881 0.902 0.895 0.876 0.855 0.834 0.810 0.786 0.741 0.687 0.632 0.574 0.514 0.453 0.404 0.360 0.314 0.268 0.220 0.170 0.158 0.159 0.160 0.159 0.158 0.156 0.159 0.165 0.170 0.176 0.181 0.187 0.188 0.186 0.183 0.178 0.172 0.165 0.154 0.141 0.128 0.114 0.099 0.084 0.072 0.062
0.000 0.000 0.000 0.007 0.021 0.035 0.050 0.066 0.084 0.113 0.149 0.187 0.223 0.260 0.298 0.340 0.386 0.434 0.485 0.537 0.592 0.638 0.677 0.717 0.756 0.796 0.835 0.863 0.885 0.906 0.928 0.951 0.973 0.969 0.945 0.920 0.893 0.865 0.836 0.789 0.728 0.665 0.601 0.534 0.466 0.411 0.364 0.317 0.269 0.221 0.172 0.151 0.149 0.146 0.143 0.138 0.132 0.133 0.138 0.144 0.149 0.155 0.160 0.159 0.152 0.144 0.135 0.124 0.112 0.098 0.083 0.068 0.052 0.036 0.019 0.006 0.001
0.000 0.000 0.000 0.007 0.024 0.041 0.059 0.077 0.096 0.123 0.160 0.198 0.236 0.274 0.314 0.359 0.412 0.468 0.525 0.585 0.646 0.699 0.738 0.778 0.817 0.856 0.896 0.927 0.950 0.973 0.996 1.020 1.044 1.045 1.016 0.986 0.955 0.924 0.891 0.843 0.776 0.708 0.637 0.564 0.489 0.425 0.376 0.327 0.277 0.226 0.175 0.145 0.140 0.134 0.127 0.119 0.110 0.107 0.113 0.118 0.123 0.129 0.134 0.132 0.120 0.107 0.093 0.077 0.060 0.047 0.042 0.038 0.033 0.029 0.025 0.023 0.025
0.000 0.000 0.000 0.005 0.024 0.043 0.062 0.082 0.103 0.129 0.168 0.208 0.248 0.288 0.329 0.376 0.436 0.499 0.564 0.630 0.699 0.760 0.799 0.838 0.877 0.917 0.956 0.990 1.014 1.038 1.071 1.104 1.136 1.149 1.118 1.083 1.045 1.005 0.960 0.905 0.831 0.755 0.677 0.596 0.513 0.440 0.389 0.337 0.285 0.232 0.179 0.140 0.131 0.122 0.112 0.101 0.088 0.081 0.087 0.092 0.097 0.102 0.109 0.112 0.102 0.094 0.087 0.081 0.077 0.073 0.069 0.064 0.060 0.056 0.052 0.050 0.048
0.000 0.000 0.000 0.003 0.023 0.044 0.065 0.087 0.109 0.135 0.176 0.217 0.259 0.301 0.344 0.391 0.458 0.528 0.600 0.673 0.749 0.820 0.860 0.902 0.948 0.997 1.050 1.102 1.135 1.167 1.198 1.229 1.259 1.278 1.235 1.189 1.140 1.088 1.032 0.970 0.889 0.805 0.719 0.631 0.540 0.455 0.402 0.348 0.294 0.239 0.184 0.136 0.124 0.111 0.098 0.084 0.070 0.060 0.068 0.076 0.085 0.094 0.104 0.112 0.107 0.103 0.100 0.099 0.099 0.099 0.095 0.091 0.087 0.083 0.080 0.076 0.073
0.000 0.000 0.000 0.000 0.022 0.045 0.068 0.091 0.116 0.140 0.183 0.226 0.270 0.314 0.358 0.403 0.477 0.553 0.630 0.710 0.791 0.874 0.925 0.980 1.038 1.100 1.166 1.235 1.265 1.296 1.325 1.355 1.383 1.410 1.356 1.299 1.238 1.175 1.108 1.037 0.948 0.857 0.763 0.667 0.569 0.471 0.415 0.360 0.303 0.245 0.188 0.132 0.118 0.104 0.089 0.074 0.059 0.045 0.054 0.065 0.076 0.087 0.099 0.111 0.110 0.111 0.112 0.115 0.119 0.124 0.120 0.117 0.114 0.110 0.107 0.104 0.098
0.000 0.000 0.000 0.000 0.020 0.045 0.069 0.095 0.121 0.146 0.186 0.230 0.275 0.320 0.366 0.413 0.489 0.571 0.655 0.741 0.829 0.919 0.987 1.054 1.125 1.200 1.278 1.360 1.396 1.425 1.453 1.480 1.507 1.534 1.480 1.411 1.340 1.265 1.186 1.105 1.009 0.905 0.800 0.694 0.589 0.484 0.421 0.363 0.306 0.248 0.190 0.132 0.113 0.097 0.081 0.065 0.049 0.032 0.041 0.053 0.066 0.079 0.093 0.108 0.112 0.117 0.123 0.130 0.139 0.148 0.146 0.143 0.140 0.143 0.160 0.180 0.193
0.000 0.000 0.001 0.002 0.020 0.045 0.070 0.095 0.119 0.143 0.182 0.229 0.276 0.324 0.373 0.422 0.498 0.587 0.678 0.770 0.865 0.961 1.044 1.124 1.208 1.295 1.386 1.481 1.528 1.554 1.581 1.607 1.632 1.656 1.592 1.501 1.409 1.315 1.221 1.126 1.023 0.917 0.812 0.706 0.600 0.494 0.425 0.367 0.309 0.251 0.193 0.134 0.108 0.091 0.074 0.056 0.039 0.020 0.027 0.041 0.056 0.071 0.087 0.103 0.113 0.122 0.135 0.152 0.174 0.198 0.216 0.234 0.257 0.284 0.315 0.350 0.364
0.002 0.004 0.006 0.008 0.022 0.046 0.070 0.094 0.118 0.141 0.178 0.227 0.277 0.327 0.378 0.430 0.506 0.601 0.699 0.798 0.899 1.002 1.098 1.191 1.287 1.387 1.490 1.588 1.637 1.649 1.659 1.667 1.673 1.676 1.622 1.527 1.431 1.335 1.237 1.138 1.035 0.929 0.824 0.718 0.611 0.505 0.428 0.370 0.312 0.254 0.195 0.137 0.103 0.085 0.067 0.048 0.029 0.009 0.012 0.030 0.048 0.067 0.085 0.103 0.122 0.145 0.172 0.202 0.236 0.274 0.307 0.340 0.378 0.420 0.466 0.516 0.535
0.005 0.007 0.010 0.013 0.024 0.048 0.071 0.094 0.117 0.139 0.173 0.224 0.277 0.330 0.383 0.438 0.511 0.613 0.717 0.826 0.941 1.057 1.167 1.266 1.363 1.458 1.551 1.643 1.696 1.701 1.703 1.704 1.702 1.698 1.652 1.554 1.455 1.355 1.254 1.152 1.048 0.942 0.836 0.729 0.623 0.516 0.432 0.374 0.315 0.257 0.198 0.139 0.100 0.081 0.064 0.047 0.031 0.015 0.016 0.035 0.052 0.070 0.087 0.105 0.130 0.166 0.205 0.248 0.295 0.346 0.395 0.443 0.495 0.552 0.612 0.677 0.708
0.007 0.010 0.014 0.018 0.027 0.049 0.072 0.094 0.116 0.137 0.167 0.221 0.279 0.342 0.408 0.477 0.558 0.674 0.790 0.908 1.026 1.145 1.258 1.351 1.441 1.529 1.615 1.699 1.758 1.755 1.750 1.743 1.734 1.723 1.683 1.582 1.480 1.376 1.272 1.167 1.061 0.954 0.848 0.741 0.634 0.527 0.436 0.377 0.318 0.259 0.201 0.142 0.098 0.082 0.067 0.052 0.038 0.024 0.022 0.040 0.057 0.074 0.090 0.107 0.134 0.183 0.235 0.291 0.351 0.414 0.478 0.541 0.608 0.679 0.755 0.835 0.882
0.008 0.013 0.018 0.023 0.030 0.051 0.075 0.100 0.127 0.156 0.189 0.256 0.326 0.397 0.471 0.547 0.630 0.749 0.868 0.989 1.111 1.233 1.352 1.437 1.520 1.601 1.681 1.758 1.821 1.811 1.799 1.784 1.768 1.749 1.715 1.611 1.505 1.399 1.293 1.185 1.076 0.969 0.862 0.754 0.645 0.536 0.437 0.378 0.320 0.261 0.203 0.145 0.096 0.082 0.069 0.056 0.044 0.033 0.028 0.045 0.061 0.077 0.093 0.109 0.135 0.196 0.261 0.330 0.403 0.479 0.562 0.665 0.779 0.905 1.041 1.189 1.311
0.009 0.014 0.019 0.024 0.029 0.055 0.084 0.116 0.149 0.184 0.220 0.293 0.370 0.450 0.532 0.616 0.702 0.823 0.945 1.069 1.194 1.320 1.446 1.526 1.602 1.676 1.748 1.818 1.887 1.870 1.851 1.843 1.827 1.805 1.773 1.667 1.558 1.446 1.331 1.214 1.094 0.986 0.876 0.767 0.657 0.546 0.438 0.379 0.321 0.263 0.206 0.148 0.093 0.082 0.071 0.060 0.050 0.041 0.035 0.050 0.066 0.081 0.096 0.114 0.145 0.234 0.329 0.432 0.541 0.657 0.782 0.924 1.077 1.241 1.417 1.604 1.776
0.009 0.013 0.018 0.023 0.028 0.056 0.092 0.129 0.168 0.210 0.252 0.327 0.412 0.500 0.590 0.681 0.776 0.895 1.021 1.148 1.276 1.405 1.535 1.621 1.716 1.807 1.895 1.978 2.058 2.053 2.027 1.993 1.951 1.902 1.846 1.737 1.618 1.497 1.372 1.245 1.116 1.003 0.892 0.781 0.669 0.556 0.444 0.381 0.323 0.265 0.208 0.151 0.093 0.080 0.072 0.063 0.057 0.052 0.049 0.069 0.093 0.120 0.148 0.179 0.212 0.323 0.442 0.569 0.703 0.844 0.991 1.172 1.364 1.567 1.782 2.008 2.243
