DATA/SHG/CPC/2018/20180330.asc
ncols        190
nrows        64
xllcorner    -5100000.000000000000
yllcorner    4130000.000000000000
cellsize     10000.000000000000
NODATA_value  -99999.000
[rows 0 to 33 of 64, columns 0 to 76 of 190]
0.286 0.311 0.336 0.363 0.391 0.420 0.454 0.489 0.526 0.563 0.601 0.639 0.727 0.832 0.936 1.040 1.143 1.245 1.376 1.520 1.666 1.815 1.966 2.119 2.252 2.373 2.491 2.608 2.722 2.834 2.934 3.028 3.120 3.212 3.303 3.392 3.449 3.483 3.516 3.547 3.576 3.603 3.619 3.627 3.634 3.642 3.649 3.656 3.655 3.645 3.636 3.627 3.619 3.611 3.606 3.604 3.603 3.603 3.604 3.606 3.612 3.622 3.632 3.644 3.655 3.667 3.676 3.678 3.682 3.686 3.691 3.698 3.690 3.655 3.621 3.587 3.553
0.316 0.345 0.374 0.404 0.435 0.467 0.502 0.540 0.579 0.618 0.658 0.699 0.777 0.879 0.981 1.083 1.184 1.284 1.411 1.563 1.718 1.874 2.032 2.193 2.330 2.443 2.554 2.663 2.768 2.872 2.969 3.058 3.146 3.231 3.316 3.399 3.457 3.485 3.511 3.536 3.558 3.579 3.593 3.600 3.607 3.614 3.621 3.627 3.628 3.620 3.612 3.605 3.598 3.591 3.587 3.588 3.591 3.594 3.598 3.601 3.606 3.616 3.628 3.641 3.655 3.671 3.685 3.691 3.698 3.706 3.714 3.724 3.724 3.690 3.657 3.624 3.590
0.349 0.380 0.412 0.445 0.478 0.513 0.550 0.590 0.631 0.673 0.715 0.758 0.827 0.927 1.027 1.126 1.225 1.323 1.445 1.604 1.766 1.928 2.091 2.254 2.397 2.501 2.605 2.708 2.809 2.909 3.004 3.087 3.170 3.250 3.330 3.408 3.468 3.489 3.509 3.526 3.542 3.556 3.567 3.573 3.580 3.586 3.592 3.598 3.601 3.594 3.588 3.581 3.572 3.562 3.555 3.556 3.558 3.562 3.568 3.575 3.584 3.599 3.616 3.634 3.653 3.674 3.694 3.703 3.713 3.724 3.736 3.749 3.758 3.725 3.692 3.660 3.627
0.381 0.415 0.449 0.485 0.521 0.558 0.597 0.640 0.683 0.727 0.771 0.817 0.878 0.978 1.078 1.176 1.273 1.367 1.478 1.642 1.806 1.970 2.136 2.303 2.455 2.556 2.655 2.754 2.851 2.947 3.039 3.118 3.195 3.271 3.345 3.418 3.480 3.495 3.508 3.519 3.528 3.535 3.541 3.547 3.553 3.555 3.555 3.556 3.555 3.544 3.535 3.525 3.516 3.508 3.501 3.507 3.515 3.524 3.535 3.547 3.561 3.581 3.603 3.625 3.649 3.674 3.701 3.714 3.727 3.742 3.757 3.773 3.790 3.760 3.728 3.696 3.664
0.412 0.448 0.486 0.524 0.563 0.602 0.647 0.697 0.747 0.797 0.848 0.899 0.957 1.052 1.146 1.238 1.328 1.416 1.512 1.678 1.844 2.012 2.181 2.350 2.514 2.611 2.707 2.801 2.894 2.986 3.077 3.150 3.222 3.293 3.362 3.429 3.494 3.502 3.504 3.504 3.503 3.500 3.496 3.497 3.497 3.496 3.495 3.494 3.492 3.483 3.475 3.467 3.460 3.453 3.447 3.457 3.470 3.485 3.501 3.519 3.538 3.562 3.588 3.615 3.644 3.674 3.706 3.724 3.740 3.757 3.775 3.794 3.815 3.793 3.763 3.735 3.707
0.451 0.495 0.540 0.586 0.633 0.681 0.730 0.781 0.832 0.883 0.935 0.987 1.039 1.128 1.215 1.301 1.385 1.467 1.547 1.713 1.882 2.053 2.224 2.396 2.569 2.667 2.759 2.849 2.939 3.027 3.113 3.180 3.243 3.303 3.361 3.417 3.470 3.475 3.472 3.467 3.461 3.454 3.445 3.443 3.441 3.439 3.436 3.433 3.429 3.422 3.415 3.409 3.403 3.398 3.393 3.406 3.424 3.444 3.465 3.488 3.513 3.541 3.570 3.599 3.629 3.661 3.694 3.716 3.736 3.758 3.782 3.807 3.834 3.824 3.798 3.773 3.749
0.514 0.561 0.610 0.659 0.709 0.760 0.812 0.864 0.916 0.969 1.021 1.074 1.128 1.206 1.287 1.366 1.444 1.519 1.593 1.747 1.919 2.093 2.267 2.441 2.610 2.712 2.796 2.880 2.964 3.048 3.132 3.195 3.249 3.301 3.351 3.398 3.443 3.449 3.441 3.432 3.421 3.409 3.396 3.389 3.386 3.382 3.377 3.372 3.366 3.360 3.355 3.351 3.347 3.343 3.339 3.350 3.370 3.392 3.415 3.439 3.466 3.495 3.528 3.562 3.597 3.634 3.672 3.703 3.729 3.757 3.787 3.819 3.852 3.854 3.831 3.810 3.789
0.577 0.626 0.678 0.730 0.783 0.838 0.893 0.947 1.000 1.053 1.107 1.161 1.216 1.285 1.360 1.433 1.510 1.590 1.670 1.814 1.985 2.152 2.315 2.472 2.625 2.732 2.816 2.900 2.984 3.067 3.151 3.212 3.258 3.302 3.343 3.381 3.418 3.425 3.412 3.398 3.383 3.366 3.348 3.337 3.331 3.325 3.319 3.312 3.299 3.287 3.279 3.272 3.266 3.261 3.257 3.269 3.294 3.321 3.350 3.380 3.412 3.447 3.484 3.523 3.564 3.606 3.649 3.687 3.720 3.754 3.790 3.828 3.868 3.883 3.864 3.846 3.829
0.638 0.690 0.744 0.800 0.857 0.914 0.973 1.029 1.083 1.143 1.203 1.264 1.325 1.396 1.476 1.556 1.636 1.716 1.796 1.917 2.072 2.222 2.368 2.508 2.644 2.753 2.836 2.920 3.003 3.086 3.170 3.232 3.269 3.304 3.337 3.367 3.395 3.402 3.385 3.366 3.346 3.316 3.285 3.260 3.246 3.232 3.218 3.205 3.191 3.181 3.177 3.174 3.172 3.172 3.173 3.185 3.216 3.249 3.283 3.319 3.357 3.396 3.439 3.483 3.529 3.576 3.625 3.670 3.709 3.750 3.792 3.837 3.881 3.893 3.863 3.833 3.805
0.697 0.753 0.817 0.883 0.948 1.014 1.081 1.145 1.206 1.267 1.329 1.390 1.452 1.521 1.601 1.681 1.761 1.842 1.922 2.025 2.163 2.297 2.426 2.550 2.669 2.773 2.856 2.939 3.023 3.106 3.189 3.254 3.283 3.308 3.322 3.336 3.349 3.348 3.318 3.286 3.253 3.218 3.181 3.150 3.137 3.123 3.110 3.097 3.084 3.074 3.074 3.076 3.078 3.082 3.087 3.101 3.137 3.176 3.215 3.257 3.300 3.345 3.393 3.442 3.493 3.542 3.583 3.623 3.654 3.686 3.720 3.753 3.788 3.813 3.786 3.759 3.734
0.800 0.864 0.931 0.998 1.065 1.133 1.201 1.268 1.329 1.391 1.454 1.516 1.579 1.646 1.726 1.806 1.887 1.967 2.048 2.138 2.259 2.376 2.488 2.596 2.698 2.793 2.874 2.950 3.022 3.092 3.158 3.213 3.226 3.239 3.250 3.261 3.271 3.274 3.238 3.200 3.162 3.121 3.079 3.040 3.027 3.014 3.001 2.989 2.976 2.966 2.970 2.976 2.983 2.991 3.001 3.014 3.057 3.101 3.142 3.180 3.219 3.258 3.299 3.341 3.383 3.426 3.470 3.514 3.548 3.584 3.620 3.657 3.695 3.732 3.708 3.684 3.662
0.907 0.976 1.044 1.112 1.181 1.250 1.320 1.390 1.452 1.515 1.578 1.641 1.705 1.770 1.851 1.931 2.012 2.092 2.173 2.258 2.365 2.465 2.557 2.642 2.719 2.789 2.857 2.922 2.984 3.042 3.098 3.150 3.160 3.170 3.179 3.187 3.195 3.200 3.159 3.116 3.072 3.026 2.979 2.930 2.917 2.905 2.893 2.880 2.868 2.857 2.865 2.871 2.876 2.881 2.889 2.898 2.935 2.973 3.012 3.052 3.092 3.133 3.176 3.220 3.265 3.310 3.356 3.403 3.442 3.480 3.520 3.560 3.602 3.644 3.629 3.609 3.590
1.013 1.086 1.156 1.226 1.296 1.367 1.439 1.511 1.574 1.638 1.702 1.766 1.836 1.911 1.998 2.084 2.169 2.252 2.333 2.413 2.494 2.567 2.633 2.692 2.743 2.787 2.842 2.897 2.948 2.996 3.042 3.084 3.095 3.102 3.109 3.114 3.119 3.123 3.082 3.034 2.984 2.933 2.880 2.826 2.805 2.788 2.769 2.750 2.729 2.707 2.710 2.718 2.727 2.739 2.751 2.765 2.801 2.841 2.882 2.923 2.965 3.007 3.053 3.099 3.146 3.194 3.242 3.291 3.334 3.376 3.419 3.463 3.507 3.553 3.549 3.532 3.498
1.117 1.195 1.267 1.339 1.411 1.488 1.564 1.641 1.713 1.786 1.862 1.939 2.019 2.101 2.183 2.264 2.343 2.421 2.497 2.572 2.630 2.678 2.718 2.750 2.775 2.792 2.831 2.875 2.916 2.953 2.988 3.020 3.031 3.036 3.039 3.042 3.044 3.036 2.989 2.929 2.870 2.812 2.754 2.697 2.667 2.646 2.623 2.600 2.575 2.549 2.550 2.563 2.578 2.594 2.612 2.632 2.667 2.709 2.752 2.795 2.838 2.882 2.929 2.978 3.027 3.077 3.128 3.179 3.226 3.256 3.282 3.305 3.327 3.346 3.326 3.283 3.240
1.237 1.325 1.405 1.482 1.558 1.634 1.710 1.785 1.863 1.944 2.027 2.112 2.199 2.288 2.370 2.445 2.519 2.592 2.663 2.732 2.775 2.796 2.809 2.816 2.815 2.806 2.823 2.856 2.887 2.914 2.931 2.939 2.934 2.926 2.916 2.906 2.895 2.884 2.845 2.788 2.732 2.676 2.621 2.567 2.530 2.505 2.478 2.451 2.422 2.392 2.388 2.407 2.427 2.449 2.472 2.497 2.533 2.576 2.621 2.665 2.711 2.756 2.795 2.833 2.871 2.907 2.943 2.977 3.004 3.025 3.043 3.060 3.075 3.087 3.070 3.027 2.983
1.380 1.470 1.554 1.629 1.705 1.780 1.855 1.930 2.011 2.099 2.189 2.282 2.376 2.473 2.557 2.628 2.696 2.764 2.830 2.894 2.926 2.922 2.910 2.896 2.875 2.848 2.841 2.854 2.857 2.852 2.837 2.814 2.793 2.782 2.771 2.759 2.746 2.733 2.701 2.646 2.593 2.540 2.488 2.436 2.395 2.366 2.335 2.303 2.270 2.236 2.226 2.250 2.275 2.302 2.330 2.354 2.384 2.421 2.457 2.492 2.527 2.561 2.596 2.631 2.664 2.696 2.728 2.758 2.781 2.795 2.807 2.817 2.825 2.830 2.816 2.771 2.726
1.521 1.615 1.702 1.777 1.852 1.927 2.001 2.075 2.156 2.252 2.349 2.449 2.551 2.655 2.747 2.815 2.886 2.953 3.016 3.074 3.103 3.080 3.050 3.014 2.972 2.923 2.883 2.864 2.836 2.799 2.753 2.698 2.652 2.639 2.626 2.612 2.597 2.582 2.556 2.504 2.453 2.403 2.353 2.305 2.261 2.228 2.193 2.157 2.120 2.082 2.062 2.087 2.110 2.133 2.155 2.176 2.201 2.236 2.269 2.303 2.335 2.367 2.398 2.429 2.458 2.487 2.514 2.540 2.561 2.568 2.573 2.576 2.577 2.576 2.562 2.516 2.470
1.661 1.758 1.851 1.925 1.999 2.073 2.147 2.220 2.313 2.437 2.558 2.677 2.793 2.907 3.010 3.070 3.126 3.178 3.225 3.269 3.293 3.247 3.196 3.138 3.074 3.005 2.935 2.884 2.825 2.756 2.679 2.592 2.512 2.497 2.482 2.466 2.450 2.433 2.410 2.361 2.313 2.265 2.218 2.172 2.127 2.090 2.052 2.013 1.972 1.931 1.899 1.921 1.942 1.962 1.981 1.999 2.019 2.051 2.083 2.114 2.144 2.173 2.202 2.229 2.254 2.279 2.302 2.324 2.343 2.343 2.341 2.337 2.331 2.321 2.305 2.255 2.206
1.800 1.907 2.016 2.107 2.202 2.302 2.407 2.517 2.632 2.747 2.859 2.970 3.078 3.183 3.283 3.329 3.370 3.407 3.439 3.468 3.488 3.421 3.348 3.269 3.184 3.092 2.995 2.913 2.822 2.723 2.614 2.496 2.373 2.363 2.355 2.341 2.322 2.296 2.264 2.218 2.172 2.126 2.081 2.037 1.994 1.953 1.912 1.869 1.826 1.782 1.737 1.756 1.774 1.791 1.808 1.823 1.838 1.868 1.897 1.926 1.954 1.981 2.007 2.030 2.051 2.071 2.088 2.102 2.116 2.106 2.096 2.083 2.070 2.054 2.037 1.987 1.936
1.990 2.108 2.229 2.338 2.450 2.568 2.690 2.817 2.950 3.059 3.163 3.265 3.364 3.461 3.555 3.592 3.618 3.640 3.657 3.671 3.680 3.601 3.507 3.406 3.299 3.186 3.068 2.958 2.846 2.729 2.609 2.485 2.356 2.321 2.292 2.258 2.218 2.172 2.119 2.074 2.030 1.987 1.944 1.903 1.861 1.818 1.773 1.727 1.680 1.633 1.584 1.592 1.607 1.622 1.635 1.648 1.660 1.686 1.713 1.739 1.763 1.785 1.805 1.821 1.835 1.848 1.858 1.867 1.875 1.863 1.847 1.829 1.810 1.790 1.768 1.720 1.668
2.178 2.306 2.436 2.563 2.693 2.828 2.968 3.112 3.262 3.373 3.469 3.562 3.652 3.741 3.826 3.859 3.870 3.877 3.880 3.870 3.864 3.780 3.664 3.544 3.419 3.289 3.155 3.028 2.902 2.771 2.637 2.498 2.355 2.285 2.236 2.181 2.120 2.053 1.980 1.929 1.888 1.847 1.807 1.767 1.728 1.683 1.635 1.586 1.536 1.485 1.433 1.433 1.452 1.467 1.480 1.490 1.497 1.515 1.536 1.555 1.572 1.587 1.600 1.611 1.619 1.626 1.631 1.634 1.636 1.621 1.600 1.577 1.553 1.527 1.500 1.453 1.400
2.363 2.500 2.640 2.783 2.930 3.082 3.239 3.401 3.568 3.689 3.776 3.860 3.908 3.955 4.001 4.011 4.002 3.999 4.001 4.009 4.022 3.952 3.820 3.684 3.542 3.397 3.247 3.103 2.962 2.817 2.668 2.516 2.359 2.255 2.186 2.110 2.028 1.941 1.848 1.785 1.745 1.707 1.669 1.631 1.595 1.551 1.504 1.459 1.416 1.374 1.335 1.326 1.334 1.340 1.343 1.343 1.340 1.347 1.361 1.373 1.384 1.392 1.398 1.402 1.405 1.406 1.405 1.403 1.399 1.382 1.355 1.327 1.297 1.266 1.234 1.188 1.136
2.544 2.691 2.841 2.997 3.159 3.308 3.451 3.589 3.722 3.813 3.859 3.905 3.950 3.995 4.039 4.066 4.076 4.092 4.114 4.141 4.174 4.129 3.981 3.828 3.671 3.509 3.343 3.181 3.026 2.867 2.704 2.537 2.366 2.232 2.142 2.045 1.943 1.844 1.743 1.673 1.640 1.603 1.562 1.517 1.468 1.421 1.381 1.342 1.306 1.271 1.238 1.222 1.220 1.216 1.209 1.199 1.186 1.182 1.189 1.194 1.197 1.198 1.198 1.195 1.192 1.188 1.181 1.173 1.164 1.147 1.124 1.101 1.077 1.053 1.028 0.995 0.951
2.722 2.868 3.013 3.154 3.289 3.419 3.543 3.661 3.774 3.863 3.907 3.951 3.994 4.036 4.078 4.115 4.145 4.180 4.221 4.268 4.320 4.310 4.146 3.977 3.804 3.627 3.444 3.264 3.095 2.922 2.737 2.557 2.382 2.234 2.135 2.033 1.928 1.820 1.709 1.617 1.570 1.520 1.465 1.407 1.345 1.290 1.256 1.224 1.194 1.166 1.140 1.120 1.109 1.095 1.078 1.058 1.035 1.018 1.019 1.017 1.013 1.007 1.002 0.997 0.995 0.991 0.988 0.984 0.980 0.969 0.944 0.919 0.894 0.868 0.842 0.809 0.765
2.900 3.039 3.177 3.310 3.425 3.535 3.640 3.738 3.832 3.913 3.955 3.997 4.037 4.078 4.117 4.158 4.207 4.262 4.322 4.388 4.459 4.496 4.311 4.084 3.864 3.649 3.441 3.243 3.065 2.892 2.724 2.560 2.401 2.255 2.145 2.033 1.917 1.799 1.677 1.564 1.504 1.440 1.373 1.301 1.226 1.157 1.129 1.104 1.081 1.060 1.040 1.022 1.001 0.977 0.950 0.922 0.895 0.871 0.869 0.864 0.857 0.848 0.836 0.825 0.821 0.816 0.811 0.806 0.800 0.791 0.765 0.738 0.711 0.684 0.656 0.625 0.580
3.080 3.212 3.343 3.471 3.567 3.658 3.743 3.822 3.896 3.964 4.004 4.043 4.082 4.120 4.158 4.188 4.225 4.259 4.288 4.313 4.333 4.348 4.137 3.932 3.733 3.540 3.354 3.174 3.013 2.856 2.705 2.558 2.416 2.279 2.159 2.036 1.910 1.781 1.649 1.515 1.442 1.365 1.284 1.200 1.111 1.022 1.001 0.983 0.973 0.962 0.949 0.933 0.906 0.877 0.847 0.816 0.782 0.748 0.738 0.725 0.710 0.693 0.674 0.652 0.647 0.641 0.635 0.629 0.622 0.613 0.586 0.558 0.529 0.500 0.471 0.440 0.396
3.262 3.387 3.511 3.632 3.715 3.786 3.852 3.911 3.960 3.995 4.016 4.032 4.043 4.049 4.051 4.049 4.067 4.086 4.100 4.111 4.117 4.119 3.956 3.773 3.596 3.425 3.260 3.102 2.956 2.816 2.681 2.551 2.426 2.305 2.176 2.042 1.905 1.766 1.623 1.478 1.384 1.304 1.224 1.142 1.057 0.971 0.951 0.936 0.919 0.899 0.876 0.850 0.818 0.784 0.748 0.710 0.671 0.631 0.610 0.589 0.566 0.541 0.513 0.483 0.474 0.467 0.460 0.452 0.444 0.435 0.408 0.378 0.348 0.324 0.309 0.294 0.269
3.446 3.553 3.653 3.753 3.813 3.850 3.883 3.912 3.935 3.954 3.961 3.961 3.956 3.947 3.933 3.915 3.914 3.918 3.918 3.914 3.905 3.893 3.770 3.608 3.452 3.303 3.160 3.023 2.894 2.771 2.653 2.539 2.430 2.326 2.192 2.050 1.910 1.772 1.636 1.502 1.405 1.320 1.233 1.144 1.052 0.959 0.919 0.895 0.868 0.838 0.805 0.770 0.732 0.692 0.650 0.607 0.562 0.516 0.484 0.456 0.424 0.391 0.355 0.317 0.302 0.294 0.292 0.298 0.303 0.307 0.295 0.281 0.267 0.253 0.239 0.226 0.205
3.497 3.598 3.698 3.799 3.860 3.881 3.897 3.909 3.916 3.918 3.911 3.895 3.874 3.849 3.820 3.786 3.765 3.755 3.740 3.721 3.699 3.672 3.577 3.437 3.303 3.175 3.054 2.942 2.831 2.723 2.616 2.512 2.410 2.310 2.189 2.054 1.921 1.790 1.661 1.535 1.430 1.338 1.244 1.147 1.049 0.949 0.890 0.856 0.820 0.780 0.738 0.693 0.647 0.602 0.554 0.506 0.455 0.403 0.361 0.331 0.304 0.278 0.251 0.225 0.218 0.223 0.226 0.228 0.230 0.230 0.221 0.208 0.194 0.182 0.169 0.157 0.140
3.540 3.642 3.743 3.845 3.911 3.916 3.916 3.911 3.902 3.887 3.865 3.834 3.797 3.757 3.711 3.662 3.621 3.596 3.567 3.536 3.506 3.475 3.406 3.292 3.181 3.074 2.971 2.872 2.773 2.672 2.574 2.478 2.384 2.292 2.185 2.057 1.931 1.807 1.685 1.565 1.457 1.357 1.256 1.153 1.048 0.942 0.865 0.821 0.774 0.725 0.673 0.618 0.570 0.526 0.482 0.436 0.390 0.343 0.305 0.279 0.252 0.225 0.199 0.172 0.160 0.161 0.161 0.160 0.158 0.155 0.147 0.134 0.122 0.110 0.099 0.087 0.075
3.583 3.685 3.788 3.890 3.968 3.956 3.940 3.919 3.893 3.862 3.825 3.777 3.725 3.670 3.611 3.551 3.496 3.466 3.433 3.398 3.361 3.322 3.264 3.163 3.066 2.973 2.884 2.798 2.713 2.620 2.529 2.441 2.355 2.272 2.178 2.057 1.938 1.821 1.707 1.594 1.485 1.379 1.271 1.161 1.050 0.941 0.853 0.807 0.758 0.706 0.652 0.595 0.540 0.494 0.446 0.397 0.347 0.296 0.253 0.227 0.200 0.173 0.146 0.120 0.102 0.100 0.096 0.092 0.087 0.081 0.072 0.061 0.050 0.039 0.028 0.018 0.008
3.626 3.729 3.832 3.936 4.030 3.990 3.944 3.899 3.856 3.815 3.775 3.715 3.653 3.589 3.522 3.452 3.384 3.346 3.305 3.263 3.219 3.172 3.118 3.031 2.947 2.868 2.792 2.721 2.650 2.565 2.483 2.402 2.325 2.249 2.169 2.055 1.943 1.834 1.731 1.627 1.523 1.415 1.307 1.198 1.089 0.979 0.879 0.824 0.766 0.705 0.642 0.576 0.512 0.462 0.411 0.358 0.305 0.250 0.201 0.175 0.148 0.121 0.094 0.067 0.045 0.040 0.033 0.026 0.017 0.008 0.000 0.000 0.000 0.000 0.000 0.000 0.000
3.571 3.652 3.739 3.833 3.933 3.903 3.863 3.825 3.788 3.754 3.721 3.655 3.584 3.511 3.435 3.356 3.275 3.228 3.180 3.130 3.078 3.024 2.968 2.895 2.825 2.759 2.697 2.639 2.585 2.508 2.434 2.377 2.319 2.261 2.201 2.098 1.995 1.890 1.785 1.679 1.572 1.463 1.352 1.241 1.130 1.018 0.908 0.843 0.776 0.707 0.635 0.561 0.485 0.431 0.376 0.321 0.264 0.206 0.150 0.123 0.096 0.069 0.042 0.018 0.003 0.004 0.005 0.005 0.004 0.002 0.000 0.000 0.000 0.000 0.000 0.000 0.000
3.358 3.461 3.572 3.688 3.812 3.814 3.780 3.749 3.719 3.690 3.664 3.598 3.518 3.436 3.351 3.263 3.173 3.113 3.058 3.000 2.941 2.879 2.815 2.760 2.729 2.699 2.669 2.640 2.611 2.557 2.499 2.440 2.380 2.321 2.260 2.161 2.055 1.948 1.840 1.731 1.622 1.511 1.398 1.285 1.172 1.057 0.943 0.865 0.790 0.711 0.631 0.547 0.461 0.402 0.343 0.284 0.228 0.176 0.123 0.104 0.087 0.070 0.053 0.036 0.019 0.017 0.015 0.013 0.009 0.005 0.000 0.000 0.000 0.000 0.000 0.000 0.000
