DATA/SHG/CPC/2018/20180315.asc
ncols        190
nrows        64
xllcorner    -5100000.000000000000
yllcorner    4130000.000000000000
cellsize     10000.000000000000
NODATA_value  -99999.000
[rows 0 to 33 of 64, columns 0 to 74 of 190]
0.147 0.169 0.191 0.215 0.242 0.269 0.282 0.290 0.297 0.303 0.309 0.313 0.324 0.337 0.351 0.364 0.378 0.392 0.403 0.412 0.421 0.429 0.438 0.446 0.447 0.443 0.439 0.434 0.429 0.423 0.407 0.385 0.363 0.340 0.317 0.294 0.261 0.219 0.177 0.133 0.089 0.044 0.022 0.018 0.015 0.011 0.006 0.002 0.000 0.000 0.000 0.000 0.000 0.000 0.000 0.000 0.000 0.000 0.000 0.000 0.000 0.001 0.002 0.002 0.001 0.001 0.002 0.006 0.010 0.014 0.018 0.021 0.023 0.025 0.026
0.182 0.209 0.236 0.262 0.289 0.316 0.329 0.334 0.338 0.341 0.343 0.345 0.353 0.367 0.381 0.395 0.410 0.424 0.435 0.444 0.452 0.460 0.468 0.476 0.477 0.472 0.466 0.460 0.453 0.446 0.432 0.409 0.387 0.364 0.342 0.319 0.286 0.242 0.197 0.151 0.104 0.056 0.026 0.022 0.017 0.013 0.008 0.003 0.000 0.000 0.000 0.000 0.000 0.000 0.000 0.000 0.000 0.000 0.000 0.000 0.000 0.000 0.000 0.000 0.000 0.000 0.001 0.004 0.007 0.010 0.013 0.015 0.016 0.017 0.018
0.229 0.256 0.282 0.309 0.336 0.363 0.378 0.380 0.380 0.380 0.379 0.377 0.382 0.396 0.411 0.426 0.441 0.456 0.468 0.476 0.484 0.493 0.501 0.508 0.510 0.503 0.496 0.489 0.481 0.472 0.459 0.436 0.413 0.390 0.367 0.343 0.313 0.266 0.218 0.169 0.119 0.068 0.030 0.025 0.020 0.015 0.010 0.004 0.000 0.000 0.000 0.000 0.000 0.000 0.000 0.000 0.000 0.000 0.000 0.000 0.000 0.000 0.000 0.000 0.000 0.000 0.000 0.003 0.005 0.006 0.008 0.009 0.010 0.010 0.010
0.275 0.302 0.329 0.356 0.383 0.410 0.428 0.426 0.423 0.420 0.415 0.410 0.410 0.426 0.443 0.461 0.478 0.495 0.509 0.517 0.524 0.530 0.536 0.542 0.544 0.536 0.527 0.518 0.508 0.498 0.485 0.462 0.439 0.415 0.392 0.368 0.340 0.290 0.239 0.187 0.135 0.082 0.034 0.028 0.023 0.017 0.011 0.005 0.000 0.000 0.000 0.000 0.000 0.000 0.000 0.000 0.000 0.000 0.000 0.000 0.000 0.000 0.000 0.000 0.000 0.000 0.000 0.001 0.002 0.003 0.003 0.003 0.003 0.003 0.002
0.322 0.349 0.376 0.402 0.429 0.457 0.475 0.467 0.461 0.456 0.453 0.451 0.452 0.469 0.486 0.503 0.520 0.537 0.552 0.558 0.563 0.568 0.573 0.576 0.579 0.569 0.558 0.548 0.536 0.525 0.512 0.488 0.465 0.441 0.417 0.393 0.368 0.315 0.261 0.206 0.150 0.094 0.037 0.031 0.025 0.019 0.013 0.006 0.000 0.000 0.000 0.000 0.000 0.000 0.000 0.000 0.000 0.000 0.000 0.000 0.000 0.000 0.000 0.000 0.000 0.000 0.000 0.000 0.000 0.000 0.000 0.000 0.000 0.000 0.000
0.376 0.402 0.426 0.447 0.465 0.480 0.492 0.489 0.488 0.488 0.489 0.492 0.495 0.512 0.529 0.546 0.562 0.579 0.596 0.600 0.604 0.607 0.609 0.611 0.613 0.602 0.590 0.578 0.565 0.552 0.538 0.515 0.490 0.465 0.439 0.413 0.387 0.334 0.278 0.221 0.163 0.105 0.047 0.033 0.026 0.020 0.014 0.008 0.001 0.000 0.000 0.000 0.000 0.000 0.000 0.000 0.000 0.000 0.000 0.000 0.000 0.000 0.000 0.000 0.000 0.000 0.000 0.000 0.000 0.000 0.000 0.000 0.000 0.000 0.000
0.450 0.469 0.482 0.493 0.501 0.506 0.508 0.510 0.513 0.518 0.524 0.531 0.539 0.555 0.572 0.588 0.605 0.621 0.638 0.643 0.644 0.646 0.646 0.648 0.649 0.640 0.627 0.613 0.598 0.582 0.565 0.541 0.515 0.488 0.460 0.432 0.404 0.354 0.295 0.237 0.177 0.117 0.057 0.035 0.028 0.022 0.015 0.009 0.002 0.000 0.000 0.000 0.000 0.000 0.000 0.000 0.000 0.000 0.000 0.000 0.000 0.000 0.000 0.000 0.000 0.000 0.000 0.000 0.000 0.000 0.000 0.000 0.000 0.000 0.000
0.523 0.538 0.542 0.542 0.540 0.535 0.527 0.529 0.537 0.546 0.557 0.569 0.582 0.598 0.614 0.631 0.648 0.667 0.684 0.692 0.694 0.695 0.696 0.697 0.697 0.686 0.670 0.652 0.634 0.614 0.593 0.568 0.540 0.511 0.482 0.452 0.421 0.374 0.313 0.253 0.192 0.130 0.068 0.037 0.030 0.024 0.017 0.010 0.003 0.000 0.000 0.000 0.000 0.000 0.000 0.000 0.000 0.000 0.000 0.000 0.000 0.000 0.000 0.000 0.000 0.000 0.000 0.000 0.000 0.000 0.000 0.000 0.000 0.000 0.000
0.596 0.611 0.604 0.595 0.582 0.567 0.549 0.547 0.560 0.577 0.595 0.614 0.634 0.653 0.671 0.689 0.706 0.723 0.740 0.748 0.748 0.748 0.747 0.746 0.744 0.734 0.714 0.692 0.670 0.647 0.623 0.595 0.565 0.535 0.503 0.472 0.440 0.394 0.332 0.270 0.207 0.143 0.078 0.038 0.031 0.024 0.018 0.011 0.004 0.000 0.000 0.000 0.000 0.000 0.000 0.000 0.000 0.000 0.000 0.000 0.000 0.000 0.000 0.000 0.000 0.000 0.000 0.000 0.000 0.000 0.000 0.000 0.000 0.000 0.000
0.670 0.686 0.668 0.649 0.631 0.613 0.595 0.592 0.611 0.631 0.652 0.673 0.695 0.715 0.732 0.748 0.764 0.780 0.795 0.804 0.803 0.801 0.798 0.796 0.793 0.782 0.758 0.734 0.708 0.681 0.653 0.623 0.591 0.559 0.524 0.489 0.454 0.410 0.346 0.282 0.217 0.152 0.087 0.038 0.032 0.025 0.018 0.011 0.005 0.000 0.000 0.000 0.000 0.000 0.000 0.000 0.000 0.000 0.000 0.000 0.000 0.000 0.000 0.000 0.000 0.000 0.000 0.000 0.000 0.000 0.000 0.000 0.000 0.000 0.000
0.725 0.738 0.720 0.702 0.684 0.667 0.649 0.642 0.663 0.685 0.708 0.731 0.755 0.777 0.792 0.807 0.822 0.836 0.850 0.860 0.858 0.854 0.850 0.846 0.841 0.832 0.804 0.774 0.743 0.710 0.676 0.640 0.605 0.570 0.535 0.500 0.464 0.423 0.358 0.293 0.227 0.162 0.096 0.039 0.032 0.025 0.019 0.012 0.006 0.000 0.000 0.000 0.000 0.000 0.000 0.000 0.000 0.000 0.000 0.000 0.000 0.000 0.000 0.000 0.000 0.000 0.000 0.000 0.000 0.000 0.000 0.000 0.000 0.000 0.000
0.781 0.790 0.772 0.755 0.738 0.720 0.703 0.691 0.714 0.738 0.763 0.788 0.814 0.839 0.853 0.867 0.881 0.894 0.906 0.918 0.914 0.909 0.903 0.896 0.887 0.876 0.843 0.808 0.771 0.734 0.694 0.654 0.618 0.582 0.546 0.510 0.474 0.436 0.370 0.304 0.238 0.172 0.105 0.039 0.032 0.026 0.019 0.013 0.006 0.000 0.000 0.000 0.000 0.000 0.000 0.000 0.000 0.000 0.000 0.000 0.000 0.000 0.000 0.000 0.000 0.000 0.000 0.000 0.000 0.000 0.000 0.000 0.000 0.000 0.000
0.841 0.841 0.824 0.807 0.791 0.774 0.757 0.741 0.765 0.791 0.817 0.845 0.874 0.905 0.921 0.935 0.948 0.961 0.972 0.983 0.976 0.967 0.957 0.946 0.933 0.919 0.883 0.843 0.802 0.759 0.714 0.669 0.631 0.595 0.558 0.521 0.484 0.446 0.383 0.316 0.249 0.182 0.115 0.047 0.032 0.025 0.018 0.012 0.006 0.001 0.000 0.000 0.000 0.000 0.000 0.000 0.000 0.000 0.000 0.000 0.000 0.000 0.000 0.000 0.000 0.000 0.000 0.000 0.000 0.000 0.000 0.000 0.000 0.000 0.000
0.904 0.892 0.876 0.860 0.843 0.829 0.816 0.805 0.827 0.858 0.889 0.920 0.952 0.984 1.000 1.011 1.021 1.031 1.040 1.048 1.040 1.027 1.012 0.997 0.980 0.962 0.925 0.880 0.833 0.785 0.736 0.685 0.645 0.607 0.570 0.532 0.494 0.451 0.387 0.317 0.248 0.180 0.113 0.047 0.025 0.020 0.014 0.010 0.005 0.001 0.000 0.000 0.000 0.000 0.000 0.000 0.000 0.000 0.000 0.000 0.000 0.000 0.000 0.000 0.000 0.000 0.000 0.000 0.000 0.000 0.000 0.000 0.000 0.000 0.000
0.968 0.941 0.922 0.910 0.900 0.892 0.885 0.881 0.900 0.932 0.964 0.996 1.029 1.062 1.079 1.088 1.095 1.102 1.108 1.113 1.104 1.087 1.069 1.049 1.028 1.007 0.968 0.918 0.866 0.813 0.759 0.704 0.658 0.616 0.572 0.526 0.478 0.429 0.368 0.302 0.236 0.172 0.109 0.046 0.018 0.014 0.010 0.007 0.004 0.001 0.000 0.000 0.000 0.000 0.000 0.000 0.000 0.000 0.000 0.000 0.000 0.000 0.000 0.000 0.000 0.000 0.000 0.000 0.000 0.000 0.000 0.000 0.000 0.000 0.000
1.033 0.990 0.964 0.958 0.955 0.953 0.953 0.955 0.973 1.006 1.039 1.072 1.105 1.139 1.159 1.165 1.170 1.174 1.177 1.179 1.170 1.149 1.126 1.101 1.073 1.042 0.999 0.944 0.889 0.834 0.778 0.723 0.671 0.622 0.572 0.519 0.464 0.408 0.347 0.285 0.223 0.162 0.103 0.044 0.011 0.008 0.006 0.003 0.002 0.001 0.000 0.000 0.000 0.000 0.000 0.000 0.000 0.000 0.000 0.000 0.000 0.000 0.000 0.000 0.000 0.000 0.000 0.000 0.000 0.000 0.000 0.000 0.000 0.000 0.000
1.103 1.043 1.003 1.004 1.007 1.012 1.019 1.027 1.045 1.079 1.113 1.147 1.182 1.216 1.240 1.244 1.249 1.251 1.252 1.251 1.239 1.210 1.178 1.144 1.107 1.067 1.021 0.965 0.910 0.854 0.798 0.742 0.687 0.631 0.574 0.514 0.453 0.389 0.326 0.267 0.209 0.152 0.096 0.041 0.003 0.002 0.001 0.000 0.000 0.000 0.000 0.000 0.000 0.000 0.000 0.000 0.000 0.000 0.000 0.000 0.000 0.000 0.000 0.000 0.000 0.000 0.000 0.000 0.000 0.000 0.000 0.000 0.000 0.000 0.000
1.177 1.102 1.041 1.049 1.058 1.069 1.082 1.097 1.123 1.167 1.208 1.248 1.285 1.320 1.347 1.347 1.345 1.341 1.335 1.327 1.312 1.274 1.233 1.189 1.143 1.095 1.043 0.987 0.931 0.875 0.818 0.762 0.704 0.642 0.577 0.511 0.443 0.373 0.303 0.248 0.195 0.144 0.094 0.043 0.000 0.000 0.000 0.000 0.000 0.000 0.000 0.000 0.000 0.000 0.000 0.000 0.000 0.000 0.000 0.000 0.000 0.000 0.000 0.000 0.000 0.000 0.000 0.000 0.000 0.000 0.000 0.000 0.000 0.001 0.003
1.257 1.182 1.122 1.155 1.184 1.211 1.234 1.254 1.273 1.309 1.343 1.376 1.406 1.434 1.458 1.451 1.443 1.432 1.419 1.405 1.387 1.340 1.290 1.238 1.183 1.125 1.065 1.009 0.952 0.895 0.839 0.781 0.724 0.653 0.582 0.511 0.441 0.372 0.304 0.254 0.203 0.152 0.101 0.050 0.000 0.000 0.000 0.000 0.000 0.000 0.000 0.000 0.000 0.000 0.000 0.000 0.000 0.000 0.000 0.000 0.000 0.000 0.000 0.000 0.000 0.000 0.001 0.002 0.004 0.005 0.006 0.007 0.009 0.010 0.012
1.454 1.400 1.350 1.365 1.384 1.399 1.411 1.421 1.427 1.453 1.481 1.505 1.528 1.549 1.568 1.558 1.542 1.525 1.506 1.485 1.462 1.409 1.350 1.289 1.225 1.158 1.088 1.027 0.966 0.906 0.844 0.782 0.719 0.650 0.582 0.514 0.447 0.380 0.315 0.262 0.211 0.160 0.109 0.058 0.006 0.000 0.000 0.000 0.000 0.000 0.000 0.000 0.000 0.000 0.000 0.000 0.000 0.000 0.000 0.000 0.000 0.000 0.000 0.001 0.002 0.004 0.006 0.008 0.011 0.013 0.014 0.016 0.017 0.019 0.020
1.650 1.612 1.578 1.579 1.586 1.591 1.592 1.590 1.585 1.600 1.620 1.638 1.653 1.667 1.679 1.666 1.644 1.620 1.594 1.561 1.528 1.469 1.398 1.326 1.252 1.176 1.098 1.032 0.969 0.906 0.842 0.778 0.713 0.646 0.580 0.515 0.451 0.387 0.324 0.270 0.219 0.168 0.116 0.065 0.014 0.000 0.000 0.000 0.000 0.000 0.000 0.000 0.000 0.000 0.000 0.000 0.000 0.000 0.000 0.000 0.000 0.000 0.000 0.002 0.004 0.007 0.011 0.014 0.018 0.021 0.022 0.024 0.026 0.027 0.029
1.841 1.819 1.801 1.795 1.792 1.785 1.776 1.763 1.747 1.748 1.761 1.771 1.765 1.758 1.750 1.725 1.692 1.660 1.628 1.598 1.569 1.513 1.436 1.357 1.277 1.195 1.110 1.038 0.973 0.908 0.841 0.775 0.707 0.642 0.579 0.516 0.454 0.393 0.333 0.279 0.227 0.176 0.124 0.073 0.021 0.000 0.000 0.000 0.000 0.000 0.000 0.000 0.000 0.000 0.000 0.000 0.000 0.000 0.000 0.000 0.000 0.000 0.000 0.002 0.006 0.010 0.015 0.020 0.025 0.029 0.030 0.032 0.034 0.036 0.038
2.026 2.021 2.019 2.015 1.997 1.961 1.923 1.883 1.841 1.814 1.807 1.798 1.788 1.777 1.765 1.745 1.715 1.687 1.660 1.634 1.609 1.559 1.476 1.391 1.304 1.215 1.125 1.044 0.977 0.910 0.841 0.772 0.702 0.636 0.576 0.516 0.457 0.396 0.335 0.278 0.225 0.174 0.123 0.074 0.026 0.000 0.000 0.000 0.000 0.000 0.000 0.000 0.000 0.000 0.000 0.000 0.000 0.000 0.000 0.000 0.000 0.000 0.000 0.002 0.007 0.013 0.019 0.025 0.032 0.037 0.040 0.044 0.048 0.053 0.059
2.167 2.152 2.135 2.110 2.069 2.026 1.982 1.936 1.887 1.849 1.838 1.826 1.812 1.798 1.782 1.763 1.738 1.713 1.690 1.668 1.647 1.607 1.517 1.426 1.333 1.238 1.141 1.052 0.982 0.912 0.837 0.763 0.691 0.624 0.562 0.501 0.440 0.380 0.319 0.262 0.213 0.166 0.119 0.074 0.030 0.000 0.000 0.000 0.000 0.000 0.000 0.000 0.000 0.000 0.000 0.000 0.000 0.000 0.000 0.000 0.000 0.000 0.000 0.002 0.009 0.016 0.024 0.033 0.042 0.051 0.056 0.062 0.069 0.076 0.084
2.264 2.242 2.219 2.190 2.143 2.094 2.043 1.990 1.935 1.885 1.870 1.854 1.837 1.819 1.800 1.780 1.758 1.738 1.719 1.701 1.684 1.656 1.559 1.445 1.334 1.226 1.119 1.019 0.946 0.874 0.805 0.736 0.670 0.605 0.544 0.484 0.423 0.363 0.303 0.245 0.200 0.156 0.114 0.073 0.032 0.000 0.000 0.000 0.000 0.000 0.000 0.000 0.000 0.000 0.000 0.000 0.000 0.000 0.000 0.000 0.000 0.000 0.000 0.002 0.011 0.020 0.030 0.041 0.053 0.064 0.072 0.080 0.089 0.098 0.108
2.363 2.334 2.304 2.273 2.219 2.163 2.106 2.047 1.985 1.923 1.904 1.884 1.864 1.842 1.819 1.792 1.760 1.727 1.693 1.658 1.622 1.585 1.477 1.371 1.267 1.165 1.065 0.968 0.901 0.835 0.770 0.707 0.646 0.587 0.526 0.466 0.406 0.346 0.286 0.227 0.186 0.146 0.108 0.070 0.034 0.000 0.000 0.000 0.000 0.000 0.000 0.000 0.000 0.000 0.000 0.000 0.000 0.000 0.000 0.000 0.000 0.000 0.000 0.001 0.012 0.024 0.036 0.049 0.063 0.077 0.086 0.097 0.108 0.119 0.132
2.463 2.428 2.392 2.354 2.297 2.235 2.171 2.105 2.034 1.957 1.918 1.883 1.845 1.804 1.760 1.713 1.675 1.639 1.602 1.564 1.525 1.485 1.393 1.294 1.197 1.103 1.010 0.919 0.854 0.793 0.735 0.677 0.621 0.567 0.508 0.448 0.388 0.329 0.269 0.210 0.171 0.137 0.103 0.069 0.036 0.004 0.000 0.000 0.000 0.000 0.000 0.000 0.000 0.000 0.000 0.000 0.000 0.000 0.000 0.000 0.000 0.000 0.000 0.000 0.012 0.026 0.041 0.056 0.072 0.088 0.101 0.113 0.126 0.142 0.161
2.565 2.517 2.464 2.413 2.345 2.269 2.191 2.112 2.032 1.950 1.894 1.849 1.800 1.749 1.695 1.637 1.592 1.553 1.513 1.471 1.429 1.386 1.307 1.216 1.126 1.038 0.953 0.869 0.806 0.751 0.697 0.645 0.595 0.546 0.490 0.432 0.374 0.318 0.263 0.209 0.170 0.137 0.104 0.072 0.040 0.008 0.000 0.000 0.000 0.000 0.000 0.000 0.000 0.000 0.000 0.000 0.000 0.000 0.000 0.000 0.000 0.000 0.000 0.000 0.012 0.028 0.046 0.065 0.085 0.107 0.126 0.146 0.167 0.190 0.215
2.574 2.524 2.476 2.429 2.364 2.283 2.200 2.116 2.031 1.944 1.874 1.818 1.759 1.697 1.633 1.565 1.510 1.468 1.424 1.380 1.335 1.288 1.219 1.135 1.052 0.972 0.894 0.819 0.759 0.710 0.662 0.615 0.569 0.524 0.473 0.418 0.364 0.311 0.260 0.209 0.169 0.137 0.106 0.074 0.043 0.012 0.000 0.000 0.000 0.000 0.000 0.000 0.000 0.000 0.000 0.000 0.000 0.000 0.000 0.000 0.000 0.000 0.000 0.000 0.013 0.034 0.056 0.080 0.106 0.132 0.157 0.183 0.209 0.237 0.267
2.576 2.530 2.486 2.443 2.385 2.298 2.211 2.122 2.031 1.939 1.858 1.791 1.722 1.649 1.574 1.496 1.429 1.383 1.337 1.291 1.245 1.198 1.138 1.063 0.989 0.917 0.846 0.777 0.718 0.673 0.628 0.585 0.542 0.501 0.455 0.404 0.353 0.304 0.255 0.208 0.168 0.137 0.107 0.076 0.046 0.016 0.000 0.000 0.000 0.000 0.000 0.000 0.000 0.000 0.000 0.000 0.000 0.000 0.000 0.000 0.000 0.000 0.000 0.000 0.013 0.039 0.066 0.095 0.125 0.156 0.187 0.217 0.249 0.283 0.318
2.576 2.535 2.495 2.456 2.407 2.315 2.223 2.129 2.033 1.937 1.844 1.767 1.689 1.611 1.530 1.446 1.370 1.324 1.276 1.227 1.176 1.124 1.066 0.996 0.928 0.861 0.796 0.733 0.677 0.635 0.594 0.554 0.515 0.476 0.436 0.388 0.341 0.295 0.250 0.206 0.167 0.137 0.107 0.078 0.048 0.019 0.000 0.000 0.000 0.000 0.000 0.000 0.000 0.000 0.000 0.000 0.000 0.000 0.000 0.000 0.000 0.000 0.000 0.000 0.011 0.042 0.074 0.108 0.143 0.179 0.215 0.251 0.288 0.327 0.367
2.576 2.539 2.503 2.468 2.430 2.332 2.233 2.136 2.041 1.948 1.857 1.775 1.689 1.601 1.510 1.416 1.324 1.273 1.220 1.165 1.109 1.052 0.992 0.928 0.865 0.805 0.745 0.688 0.634 0.595 0.558 0.521 0.486 0.451 0.416 0.372 0.328 0.286 0.243 0.199 0.158 0.128 0.099 0.071 0.045 0.020 0.000 0.000 0.000 0.000 0.000 0.000 0.000 0.000 0.000 0.000 0.000 0.000 0.000 0.000 0.000 0.000 0.000 0.000 0.008 0.044 0.081 0.119 0.159 0.200 0.242 0.284 0.329 0.377 0.427
2.524 2.485 2.454 2.429 2.412 2.324 2.231 2.141 2.052 1.965 1.879 1.787 1.692 1.594 1.493 1.389 1.283 1.224 1.165 1.105 1.044 0.981 0.917 0.858 0.801 0.746 0.693 0.641 0.590 0.555 0.521 0.491 0.461 0.431 0.401 0.358 0.314 0.270 0.225 0.180 0.136 0.110 0.085 0.062 0.040 0.019 0.000 0.000 0.000 0.000 0.000 0.000 0.000 0.000 0.000 0.000 0.000 0.000 0.000 0.000 0.000 0.000 0.000 0.000 0.004 0.045 0.086 0.130 0.174 0.221 0.268 0.320 0.375 0.433 0.493
2.390 2.376 2.370 2.371 2.379 2.314 2.228 2.144 2.061 1.980 1.901 1.803 1.698 1.590 1.479 1.366 1.249 1.176 1.112 1.047 0.981 0.912 0.842 0.788 0.744 0.701 0.658 0.615 0.573 0.541 0.511 0.480 0.450 0.419 0.389 0.346 0.300 0.255 0.209 0.162 0.115 0.091 0.071 0.051 0.034 0.017 0.001 0.000 0.000 0.000 0.000 0.000 0.000 0.000 0.000 0.000 0.000 0.000 0.000 0.000 0.000 0.000 0.000 0.000 0.000 0.044 0.091 0.139 0.189 0.240 0.292 0.354 0.418 0.486 0.556
