DATA/SHG/CPC/2018/20180614.asc
ncols        190
nrows        64
xllcorner    -5100000.000000000000
yllcorner    4130000.000000000000
cellsize     10000.000000000000
NODATA_value  -99999.000
[rows 0 to 32 of 64, columns 75 to 149 of 190]
7.381 7.391 7.402 7.428 7.488 7.549 7.610 7.671 7.734 7.799 7.872 7.944 8.017 8.090 8.163 8.244 8.347 8.450 8.554 8.660 8.769 8.902 9.123 9.349 9.582 9.819 10.057 10.324 10.679 11.038 11.400 11.765 12.133 12.483 12.760 13.034 13.303 13.569 13.831 14.054 14.171 14.287 14.403 14.519 14.635 14.723 14.732 14.753 14.784 14.827 14.882 14.889 14.725 14.555 14.379 14.198 14.011 13.766 13.360 12.945 12.521 12.088 11.646 11.180 10.652 10.117 9.582 9.049 8.517 7.980 7.430 6.884 6.343 5.807 5.276
7.235 7.246 7.256 7.276 7.338 7.401 7.464 7.528 7.593 7.659 7.732 7.806 7.879 7.953 8.026 8.104 8.227 8.346 8.463 8.578 8.691 8.816 9.055 9.296 9.540 9.785 10.033 10.295 10.665 11.038 11.413 11.793 12.175 12.545 12.805 13.061 13.313 13.562 13.806 14.031 14.147 14.263 14.379 14.495 14.611 14.719 14.779 14.850 14.932 15.026 15.131 15.206 15.016 14.821 14.620 14.386 14.128 13.830 13.352 12.872 12.391 11.910 11.427 10.935 10.404 9.874 9.345 8.817 8.290 7.764 7.234 6.710 6.191 5.676 5.166
7.091 7.101 7.110 7.123 7.188 7.253 7.318 7.384 7.453 7.539 7.631 7.724 7.819 7.915 8.012 8.110 8.222 8.332 8.439 8.543 8.646 8.747 8.992 9.243 9.495 9.749 10.006 10.264 10.646 11.033 11.423 11.816 12.212 12.612 12.855 13.093 13.328 13.559 13.785 14.008 14.124 14.240 14.355 14.471 14.587 14.702 14.822 14.941 15.053 15.157 15.253 15.335 15.071 14.798 14.515 14.222 13.919 13.601 13.117 12.633 12.147 11.660 11.171 10.681 10.155 9.630 9.106 8.584 8.062 7.543 7.035 6.532 6.034 5.541 5.052
6.946 6.959 6.978 6.995 7.071 7.154 7.241 7.332 7.426 7.523 7.620 7.718 7.816 7.916 8.016 8.118 8.220 8.320 8.417 8.511 8.604 8.694 8.927 9.187 9.448 9.711 9.977 10.244 10.625 11.025 11.429 11.837 12.247 12.660 12.908 13.130 13.347 13.576 13.812 14.049 14.200 14.339 14.477 14.612 14.746 14.879 14.975 15.061 15.138 15.208 15.270 15.325 15.051 14.733 14.405 14.068 13.720 13.363 12.885 12.395 11.904 11.411 10.918 10.423 9.905 9.385 8.867 8.350 7.834 7.319 6.831 6.349 5.873 5.401 4.934
6.893 6.905 6.912 6.917 6.992 7.087 7.187 7.289 7.396 7.505 7.608 7.710 7.812 7.915 8.020 8.126 8.221 8.311 8.397 8.481 8.564 8.644 8.860 9.128 9.399 9.671 9.945 10.222 10.624 11.064 11.500 11.932 12.359 12.783 13.064 13.302 13.540 13.780 14.021 14.263 14.422 14.553 14.683 14.812 14.939 15.064 15.137 15.188 15.232 15.267 15.296 15.316 15.041 14.678 14.306 13.924 13.532 13.130 12.653 12.158 11.662 11.165 10.666 10.166 9.654 9.140 8.627 8.115 7.604 7.105 6.654 6.224 5.810 5.411 5.027
6.854 6.854 6.849 6.842 6.909 7.017 7.129 7.244 7.362 7.484 7.595 7.701 7.807 7.914 8.023 8.132 8.225 8.304 8.380 8.478 8.582 8.690 8.922 9.234 9.548 9.864 10.183 10.503 10.889 11.310 11.727 12.140 12.548 12.952 13.252 13.494 13.738 13.983 14.228 14.475 14.644 14.769 14.892 15.013 15.133 15.251 15.306 15.323 15.333 15.335 15.329 15.316 15.041 14.634 14.218 13.791 13.355 12.909 12.424 11.905 11.352 10.802 10.256 9.713 9.196 8.706 8.235 7.783 7.350 6.937 6.554 6.192 5.846 5.514 5.198
6.819 6.806 6.790 6.770 6.824 6.944 7.068 7.195 7.326 7.460 7.582 7.691 7.819 7.952 8.087 8.223 8.348 8.462 8.580 8.699 8.818 8.940 9.160 9.481 9.805 10.131 10.460 10.790 11.159 11.561 11.958 12.352 12.741 13.126 13.438 13.686 13.934 14.184 14.434 14.686 14.868 14.985 15.101 15.215 15.328 15.439 15.483 15.466 15.442 15.410 15.342 15.213 14.863 14.346 13.826 13.305 12.782 12.256 11.719 11.178 10.640 10.105 9.574 9.046 8.582 8.178 7.792 7.425 7.078 6.750 6.440 6.146 5.867 5.603 5.355
6.786 6.761 6.733 6.702 6.736 6.891 7.048 7.208 7.370 7.533 7.687 7.823 7.960 8.099 8.241 8.384 8.521 8.650 8.782 8.915 9.049 9.186 9.394 9.726 10.060 10.395 10.734 11.074 11.432 11.815 12.194 12.568 12.938 13.304 13.623 13.875 14.129 14.383 14.639 14.896 15.093 15.182 15.238 15.290 15.339 15.384 15.355 15.219 15.067 14.898 14.714 14.513 14.162 13.635 13.107 12.576 12.043 11.508 10.975 10.449 9.926 9.406 8.889 8.376 7.950 7.631 7.330 7.049 6.787 6.545 6.311 6.085 5.873 5.677 5.496
6.801 6.790 6.780 6.771 6.812 6.975 7.140 7.307 7.476 7.648 7.813 7.955 8.099 8.245 8.393 8.542 8.691 8.833 8.980 9.128 9.276 9.428 9.626 9.968 10.311 10.657 11.005 11.355 11.710 12.074 12.434 12.789 13.124 13.430 13.701 13.911 14.120 14.327 14.532 14.736 14.893 14.937 14.977 15.013 15.046 15.076 15.033 14.825 14.601 14.360 14.104 13.831 13.464 12.928 12.390 11.850 11.308 10.764 10.229 9.717 9.209 8.704 8.202 7.704 7.299 7.065 6.850 6.655 6.478 6.320 6.168 6.009 5.865 5.738 5.615
6.873 6.867 6.863 6.861 6.886 7.056 7.229 7.403 7.580 7.760 7.936 8.085 8.236 8.388 8.543 8.699 8.856 9.013 9.175 9.337 9.500 9.666 9.855 10.218 10.583 10.935 11.275 11.601 11.914 12.213 12.499 12.770 13.028 13.272 13.499 13.702 13.904 14.104 14.303 14.500 14.667 14.695 14.720 14.740 14.758 14.772 14.728 14.448 14.152 13.840 13.512 13.167 12.769 12.224 11.677 11.127 10.576 10.023 9.481 8.984 8.490 8.000 7.513 7.030 6.659 6.541 6.437 6.349 6.275 6.216 6.150 6.032 5.917 5.805 5.696
6.944 6.943 6.945 6.948 6.957 7.135 7.316 7.498 7.683 7.869 8.058 8.214 8.371 8.530 8.691 8.883 9.103 9.325 9.545 9.756 9.957 10.156 10.355 10.673 10.981 11.275 11.556 11.825 12.081 12.318 12.541 12.751 12.947 13.129 13.298 13.495 13.690 13.883 14.075 14.266 14.446 14.458 14.467 14.472 14.474 14.472 14.441 14.089 13.721 13.337 12.937 12.521 12.077 11.523 10.966 10.390 9.818 9.255 8.710 8.256 7.819 7.399 6.997 6.611 6.285 6.233 6.196 6.173 6.166 6.173 6.173 6.069 5.968 5.870 5.775
7.012 7.018 7.025 7.034 7.045 7.212 7.400 7.590 7.833 8.111 8.389 8.624 8.848 9.065 9.275 9.479 9.677 9.889 10.104 10.309 10.504 10.697 10.890 11.142 11.392 11.628 11.852 12.063 12.261 12.438 12.599 12.747 12.881 13.001 13.107 13.289 13.478 13.665 13.850 14.034 14.216 14.225 14.218 14.207 14.193 14.176 14.098 13.632 13.144 12.650 12.149 11.643 11.130 10.572 10.020 9.478 8.944 8.418 7.902 7.523 7.162 6.818 6.491 6.181 5.897 5.911 5.939 5.983 6.041 6.115 6.193 6.102 6.015 5.931 5.850
7.079 7.151 7.255 7.364 7.478 7.719 7.997 8.273 8.548 8.822 9.095 9.318 9.518 9.713 9.900 10.081 10.255 10.455 10.663 10.862 11.051 11.239 11.426 11.625 11.817 11.996 12.162 12.315 12.455 12.572 12.672 12.758 12.831 12.889 12.933 13.086 13.267 13.427 13.572 13.705 13.827 13.781 13.688 13.583 13.465 13.335 13.192 12.739 12.223 11.702 11.174 10.640 10.100 9.576 9.063 8.558 8.061 7.574 7.094 6.774 6.489 6.220 5.969 5.734 5.517 5.574 5.669 5.778 5.903 6.042 6.196 6.133 6.059 5.989 5.922
7.721 7.838 7.961 8.089 8.223 8.447 8.721 8.993 9.263 9.533 9.801 10.016 10.194 10.365 10.530 10.688 10.839 11.021 11.223 11.416 11.600 11.782 11.963 12.121 12.255 12.377 12.485 12.581 12.626 12.650 12.667 12.679 12.689 12.696 12.699 12.784 12.900 13.004 13.097 13.177 13.246 13.168 13.019 12.858 12.685 12.499 12.300 11.854 11.311 10.762 10.207 9.645 9.078 8.573 8.097 7.630 7.172 6.722 6.280 6.009 5.799 5.606 5.430 5.271 5.129 5.223 5.383 5.559 5.750 5.961 6.171 6.176 6.161 6.169 6.200
8.382 8.519 8.661 8.809 8.962 9.176 9.445 9.712 9.979 10.244 10.507 10.720 10.875 11.023 11.164 11.300 11.428 11.587 11.784 11.945 12.080 12.197 12.296 12.362 12.399 12.428 12.449 12.463 12.468 12.470 12.472 12.470 12.466 12.458 12.446 12.480 12.543 12.595 12.635 12.662 12.678 12.569 12.365 12.148 11.919 11.677 11.423 10.976 10.406 9.830 9.247 8.658 8.063 7.563 7.125 6.696 6.275 5.863 5.459 5.229 5.136 5.060 5.001 4.959 4.935 5.077 5.288 5.498 5.709 5.919 6.129 6.235 6.320 6.429 6.560
9.037 9.193 9.355 9.522 9.695 9.905 10.169 10.432 10.694 10.955 11.214 11.428 11.566 11.692 11.804 11.903 11.989 12.080 12.188 12.267 12.324 12.362 12.383 12.390 12.392 12.386 12.372 12.350 12.319 12.293 12.281 12.265 12.246 12.223 12.198 12.190 12.200 12.199 12.186 12.161 12.124 11.984 11.724 11.452 11.167 10.870 10.560 10.107 9.509 8.905 8.295 7.687 7.090 6.612 6.248 5.899 5.566 5.248 4.946 4.799 4.782 4.783 4.800 4.835 4.888 5.037 5.247 5.457 5.667 5.877 6.087 6.271 6.457 6.666 6.897
9.686 9.861 10.042 10.229 10.424 10.686 10.982 11.263 11.529 11.781 12.018 12.214 12.306 12.386 12.452 12.505 12.546 12.577 12.607 12.609 12.587 12.547 12.490 12.428 12.394 12.353 12.303 12.245 12.180 12.121 12.094 12.063 12.030 11.993 11.953 11.913 11.871 11.817 11.751 11.673 11.584 11.411 11.066 10.709 10.339 9.957 9.562 9.085 8.492 7.909 7.337 6.776 6.225 5.778 5.483 5.203 4.938 4.689 4.455 4.352 4.412 4.489 4.583 4.694 4.823 4.997 5.207 5.416 5.626 5.836 6.045 6.285 6.571 6.880 7.212
10.389 10.630 10.890 11.169 11.466 11.775 12.019 12.249 12.464 12.665 12.850 13.010 13.057 13.091 13.111 13.119 13.113 13.094 13.046 12.970 12.869 12.751 12.616 12.474 12.405 12.328 12.243 12.150 12.049 11.952 11.910 11.866 11.816 11.742 11.664 11.578 11.455 11.318 11.167 11.002 10.823 10.586 10.186 9.774 9.349 8.912 8.462 7.978 7.432 6.896 6.370 5.855 5.350 4.930 4.703 4.491 4.295 4.115 3.950 3.888 4.024 4.178 4.348 4.536 4.741 4.957 5.166 5.376 5.585 5.794 6.003 6.276 6.663 7.081 7.733
11.151 11.458 11.783 12.127 12.490 12.872 13.069 13.247 13.411 13.560 13.695 13.815 13.819 13.807 13.782 13.743 13.692 13.628 13.504 13.350 13.171 12.975 12.762 12.527 12.389 12.247 12.102 11.952 11.798 11.643 11.564 11.483 11.398 11.311 11.220 11.121 10.935 10.735 10.522 10.293 10.051 9.776 9.321 8.853 8.374 7.881 7.377 6.862 6.362 5.873 5.393 4.924 4.466 4.066 3.908 3.765 3.638 3.526 3.429 3.407 3.620 3.849 4.096 4.361 4.642 4.915 5.169 5.468 5.813 6.204 6.641 7.205 8.040 8.951 9.938
11.896 12.267 12.658 13.067 13.495 13.942 14.130 14.258 14.370 14.468 14.552 14.621 14.591 14.534 14.463 14.365 14.170 13.966 13.703 13.427 13.149 12.867 12.582 12.292 12.118 11.958 11.794 11.626 11.453 11.277 11.177 11.082 10.984 10.883 10.780 10.673 10.431 10.169 9.892 9.601 9.296 8.977 8.469 7.947 7.413 6.866 6.306 5.737 5.283 4.840 4.407 3.984 3.572 3.188 3.099 3.025 2.996 2.975 2.961 2.982 3.268 3.561 3.863 4.174 4.493 4.834 5.290 5.792 6.340 6.933 7.572 8.330 9.500 10.745 12.065
12.621 13.058 13.514 13.988 14.481 14.993 15.204 15.280 15.314 15.248 15.173 15.091 14.929 14.729 14.520 14.302 14.074 13.837 13.560 13.267 12.971 12.672 12.369 12.062 11.853 11.675 11.492 11.305 11.114 10.918 10.793 10.685 10.574 10.460 10.343 10.223 9.944 9.618 9.278 8.925 8.557 8.175 7.633 7.055 6.466 5.864 5.250 4.667 4.282 3.928 3.585 3.252 2.929 2.616 2.589 2.586 2.589 2.599 2.617 2.642 2.960 3.292 3.631 3.979 4.336 4.707 5.366 6.070 6.820 7.615 8.456 9.379 10.883 12.462 14.117
13.328 13.786 14.176 14.588 15.022 15.478 15.629 15.551 15.464 15.369 15.266 15.154 14.973 14.741 14.499 14.248 13.987 13.717 13.422 13.111 12.799 12.482 12.162 11.837 11.593 11.396 11.194 10.989 10.779 10.565 10.414 10.292 10.168 10.041 9.910 9.777 9.472 9.083 8.665 8.236 7.798 7.349 6.796 6.215 5.638 5.068 4.503 3.943 3.575 3.267 2.969 2.682 2.405 2.138 2.112 2.140 2.175 2.217 2.266 2.323 2.645 3.014 3.391 3.776 4.170 4.573 5.396 6.302 7.254 8.252 9.295 10.383 12.190 14.103 16.091
13.151 13.596 14.062 14.551 15.061 15.593 15.844 15.736 15.621 15.497 15.365 15.225 15.027 14.762 14.487 14.203 13.909 13.606 13.289 12.961 12.631 12.297 11.959 11.617 11.338 11.122 10.902 10.678 10.450 10.218 10.036 9.889 9.732 9.564 9.385 9.196 8.853 8.400 7.937 7.464 6.980 6.487 5.948 5.390 4.838 4.292 3.750 3.215 2.858 2.596 2.344 2.102 1.871 1.650 1.627 1.687 1.754 1.828 1.909 1.997 2.322 2.728 3.142 3.565 3.996 4.436 5.380 6.488 7.642 8.842 10.213 11.661 13.790 16.051 18.324
12.863 13.384 13.927 14.492 15.079 15.688 16.065 15.929 15.785 15.633 15.472 15.303 15.089 14.791 14.483 14.166 13.840 13.504 13.160 12.814 12.430 12.057 11.694 11.342 11.041 10.809 10.576 10.344 10.110 9.877 9.663 9.469 9.264 9.049 8.823 8.586 8.227 7.729 7.221 6.703 6.175 5.636 5.095 4.561 4.033 3.511 2.993 2.482 2.131 1.914 1.708 1.512 1.327 1.152 1.136 1.227 1.326 1.431 1.544 1.664 1.990 2.512 3.102 3.736 4.413 5.135 6.356 7.821 9.323 10.863 12.441 14.056 16.183 18.497 20.823
12.556 13.153 13.772 14.414 15.077 15.762 16.294 16.130 15.957 15.776 15.587 15.389 15.135 14.698 14.268 13.845 13.429 13.021 12.625 12.269 11.933 11.607 11.293 10.988 10.709 10.475 10.241 10.007 9.772 9.536 9.301 9.060 8.808 8.546 8.273 7.989 7.613 7.070 6.517 5.954 5.381 4.798 4.237 3.728 3.224 2.725 2.232 1.744 1.394 1.223 1.063 0.913 0.815 0.739 0.790 0.983 1.192 1.416 1.654 1.908 2.407 3.148 3.933 4.761 5.634 6.551 7.877 9.508 11.177 12.884 14.628 16.410 18.560 20.927 23.306
12.228 12.902 13.597 14.315 15.054 15.772 16.323 15.986 15.656 15.331 15.013 14.701 14.386 13.974 13.568 13.170 12.779 12.395 12.021 11.713 11.425 11.147 10.880 10.623 10.378 10.143 9.907 9.671 9.434 9.197 8.952 8.664 8.365 8.055 7.735 7.404 7.010 6.422 5.825 5.217 4.600 3.972 3.375 2.941 2.535 2.135 1.741 1.352 1.067 0.992 0.921 0.853 0.788 0.726 0.781 1.041 1.316 1.607 1.912 2.232 2.802 3.738 4.718 5.741 6.809 7.921 9.357 11.155 12.991 14.864 16.775 18.723 20.923 23.343 25.774
11.694 12.346 12.968 13.581 14.186 14.782 15.370 15.110 14.801 14.498 14.201 13.911 13.626 13.244 12.863 12.489 12.123 11.763 11.410 11.146 10.905 10.675 10.455 10.246 10.048 9.811 9.573 9.336 9.097 8.859 8.615 8.280 7.933 7.577 7.224 6.872 6.493 5.917 5.346 4.782 4.222 3.668 3.144 2.758 2.378 2.004 1.636 1.274 0.977 0.917 0.860 0.807 0.757 0.710 0.757 1.084 1.425 1.782 2.153 2.540 3.152 4.283 5.457 6.676 7.938 9.244 10.798 12.762 14.764 16.804 18.881 20.996 23.270 25.743 28.227
10.818 11.481 12.074 12.658 13.234 13.802 14.361 14.230 13.942 13.661 13.385 13.116 12.853 12.509 12.153 11.803 11.461 11.126 10.798 10.568 10.374 10.191 10.019 9.858 9.707 9.477 9.239 9.004 8.774 8.549 8.328 7.983 7.625 7.262 6.894 6.522 6.146 5.598 5.052 4.511 3.977 3.447 2.929 2.569 2.215 1.868 1.526 1.190 0.884 0.839 0.796 0.758 0.722 0.690 0.718 1.111 1.519 1.941 2.379 2.832 3.457 4.782 6.151 7.564 9.021 10.522 12.178 14.153 16.064 17.910 19.690 21.406 23.116 24.888 26.574
9.954 10.626 11.189 11.745 12.292 12.830 13.360 13.345 13.079 12.819 12.565 12.317 12.075 11.769 11.437 11.112 10.794 10.444 10.115 9.898 9.744 9.608 9.488 9.385 9.298 9.111 8.892 8.677 8.467 8.261 8.060 7.719 7.341 6.958 6.570 6.178 5.782 5.273 4.752 4.236 3.725 3.221 2.721 2.374 2.047 1.725 1.409 1.100 0.796 0.757 0.729 0.705 0.684 0.667 0.663 1.122 1.596 2.110 2.740 3.380 4.095 5.591 7.064 8.513 9.938 11.339 12.763 14.452 16.076 17.635 19.130 20.559 21.943 23.335 24.640
9.101 9.779 10.314 10.840 11.358 11.867 12.368 12.456 12.211 11.968 11.678 11.382 11.079 10.745 10.405 10.086 9.788 9.511 9.255 9.097 9.018 8.956 8.910 8.881 8.869 8.741 8.541 8.346 8.155 7.969 7.787 7.460 7.062 6.659 6.252 5.840 5.424 4.943 4.446 3.955 3.469 2.988 2.513 2.173 1.872 1.576 1.287 1.003 0.741 0.794 0.900 1.023 1.161 1.315 1.485 2.086 2.739 3.402 4.074 4.755 5.446 6.811 8.178 9.522 10.841 12.136 13.411 14.814 16.152 17.425 18.634 19.777 20.857 21.868 22.793
8.258 8.941 9.448 9.945 10.412 10.851 11.261 11.363 11.064 10.759 10.449 10.132 9.809 9.501 9.234 8.988 8.763 8.560 8.377 8.278 8.274 8.286 8.314 8.360 8.422 8.366 8.186 8.010 7.839 7.672 7.510 7.207 6.789 6.366 5.939 5.507 5.070 4.608 4.135 3.688 3.363 3.009 2.626 2.375 2.200 2.031 1.869 1.714 1.565 1.646 1.823 2.015 2.223 2.448 2.688 3.283 3.978 4.682 5.396 6.119 6.851 8.053 9.315 10.553 11.767 12.957 14.123 15.240 16.292 17.280 18.202 19.060 19.853 20.487 21.033
7.584 8.251 8.677 9.073 9.441 9.780 10.090 10.202 9.883 9.558 9.226 8.889 8.546 8.240 8.046 7.874 7.722 7.591 7.481 7.442 7.511 7.598 7.701 7.820 7.957 7.987 7.827 7.670 7.519 7.371 7.249 7.177 6.937 6.693 6.446 6.195 5.940 5.625 5.230 4.807 4.355 3.875 3.367 3.049 2.902 2.762 2.629 2.501 2.381 2.480 2.727 2.990 3.268 3.562 3.872 4.469 5.206 5.951 6.707 7.471 8.245 9.318 10.474 11.606 12.715 13.800 14.861 15.730 16.497 17.198 17.835 18.407 18.859 19.048 19.167
6.987 7.607 7.933 8.229 8.497 8.736 8.946 9.048 8.709 8.363 8.011 7.653 7.290 6.962 6.841 6.741 6.662 6.605 6.568 6.588 6.731 6.900 7.167 7.449 7.743 7.977 8.021 8.108 8.235 8.405 8.616 8.703 8.446 8.186 7.923 7.656 7.385 7.025 6.504 5.955 5.378 4.772 4.137 3.715 3.597 3.485 3.380 3.281 3.189 3.297 3.614 3.947 4.295 4.659 5.039 5.644 6.422 7.209 8.006 8.812 9.628 10.604 11.655 12.649 13.546 14.381 15.153 15.668 16.035 16.347 16.605 16.807 16.954 16.949 16.864
