DATA/SHG/CPC/2018/20180208.asc
ncols        190
nrows        64
xllcorner    -5100000.000000000000
yllcorner    4130000.000000000000
cellsize     10000.000000000000
NODATA_value  -99999.000
[rows 0 to 33 of 64, columns 77 to 153 of 190]
0.000 0.000 0.000 0.000 0.000 0.000 0.000 0.000 0.000 0.000 0.000 0.000 0.000 0.000 0.000 0.000 0.000 0.000 0.000 0.000 0.000 0.000 0.000 0.000 0.000 0.000 0.000 0.000 0.000 0.000 0.000 0.000 0.000 0.000 0.000 0.000 0.000 0.000 0.000 0.000 0.000 0.000 0.000 0.005 0.024 0.045 0.067 0.092 0.118 0.147 0.181 0.217 0.255 0.295 0.338 0.377 0.405 0.434 0.463 0.493 0.525 0.554 0.577 0.603 0.631 0.660 0.690 0.718 0.737 0.755 0.773 0.790 0.806 0.807 0.769 0.732 0.696
0.000 0.000 0.000 0.000 0.000 0.000 0.000 0.000 0.000 0.000 0.000 0.000 0.000 0.000 0.000 0.000 0.000 0.000 0.000 0.000 0.000 0.000 0.000 0.000 0.000 0.000 0.000 0.000 0.000 0.000 0.000 0.000 0.000 0.000 0.000 0.000 0.000 0.000 0.000 0.000 0.000 0.000 0.000 0.003 0.030 0.059 0.089 0.120 0.154 0.190 0.233 0.278 0.325 0.376 0.428 0.478 0.512 0.549 0.587 0.626 0.668 0.710 0.741 0.773 0.807 0.842 0.878 0.912 0.928 0.944 0.958 0.972 0.986 0.991 0.956 0.922 0.888
0.000 0.000 0.000 0.000 0.000 0.000 0.000 0.000 0.000 0.000 0.000 0.000 0.000 0.000 0.000 0.000 0.000 0.000 0.000 0.000 0.000 0.000 0.000 0.000 0.000 0.000 0.000 0.000 0.000 0.000 0.000 0.000 0.000 0.000 0.000 0.000 0.000 0.000 0.000 0.000 0.000 0.000 0.000 0.000 0.036 0.075 0.116 0.160 0.205 0.253 0.306 0.359 0.414 0.469 0.526 0.583 0.625 0.670 0.716 0.764 0.814 0.865 0.902 0.941 0.980 1.022 1.064 1.107 1.120 1.132 1.144 1.155 1.166 1.174 1.142 1.110 1.080
0.000 0.000 0.000 0.000 0.000 0.000 0.000 0.000 0.000 0.000 0.000 0.000 0.000 0.000 0.000 0.000 0.000 0.000 0.000 0.000 0.000 0.000 0.000 0.000 0.000 0.000 0.000 0.000 0.000 0.000 0.000 0.000 0.000 0.000 0.000 0.000 0.000 0.000 0.001 0.003 0.006 0.010 0.014 0.019 0.061 0.110 0.161 0.215 0.270 0.328 0.386 0.443 0.502 0.562 0.622 0.684 0.736 0.789 0.843 0.900 0.958 1.018 1.062 1.107 1.153 1.200 1.249 1.298 1.311 1.321 1.330 1.339 1.347 1.354 1.327 1.300 1.279
0.000 0.000 0.000 0.000 0.000 0.000 0.000 0.000 0.000 0.000 0.000 0.000 0.000 0.000 0.000 0.000 0.000 0.000 0.000 0.000 0.000 0.000 0.000 0.000 0.000 0.000 0.000 0.000 0.000 0.000 0.000 0.000 0.000 0.000 0.000 0.000 0.000 0.000 0.004 0.009 0.015 0.022 0.029 0.037 0.084 0.143 0.204 0.267 0.333 0.401 0.464 0.526 0.589 0.653 0.718 0.784 0.845 0.905 0.968 1.033 1.099 1.168 1.221 1.271 1.323 1.377 1.432 1.491 1.512 1.525 1.540 1.556 1.573 1.591 1.575 1.551 1.527
0.000 0.000 0.000 0.000 0.000 0.000 0.000 0.000 0.000 0.000 0.000 0.000 0.000 0.000 0.000 0.000 0.000 0.000 0.000 0.000 0.000 0.000 0.000 0.000 0.000 0.000 0.000 0.000 0.000 0.000 0.000 0.000 0.000 0.000 0.000 0.000 0.000 0.000 0.005 0.014 0.023 0.033 0.044 0.055 0.104 0.173 0.244 0.318 0.393 0.471 0.541 0.608 0.675 0.743 0.812 0.882 0.951 1.020 1.092 1.165 1.240 1.317 1.381 1.441 1.503 1.568 1.634 1.703 1.736 1.754 1.774 1.795 1.817 1.840 1.828 1.802 1.776
0.000 0.000 0.000 0.000 0.000 0.000 0.000 0.000 0.000 0.000 0.000 0.000 0.000 0.000 0.000 0.000 0.000 0.000 0.000 0.000 0.000 0.000 0.000 0.000 0.000 0.000 0.000 0.000 0.000 0.000 0.000 0.000 0.000 0.000 0.000 0.000 0.000 0.000 0.006 0.018 0.030 0.044 0.058 0.072 0.121 0.201 0.282 0.365 0.451 0.537 0.614 0.684 0.756 0.829 0.903 0.979 1.056 1.134 1.214 1.296 1.380 1.465 1.541 1.611 1.683 1.758 1.834 1.913 1.959 1.982 2.007 2.032 2.059 2.087 2.081 2.053 2.024
0.000 0.000 0.000 0.000 0.000 0.000 0.000 0.000 0.000 0.000 0.000 0.000 0.000 0.000 0.000 0.000 0.000 0.000 0.000 0.000 0.000 0.000 0.000 0.000 0.000 0.000 0.000 0.000 0.000 0.000 0.000 0.000 0.000 0.000 0.000 0.000 0.000 0.000 0.006 0.021 0.038 0.057 0.078 0.100 0.150 0.237 0.324 0.413 0.502 0.592 0.676 0.752 0.830 0.910 0.991 1.074 1.159 1.245 1.334 1.425 1.517 1.612 1.699 1.779 1.861 1.945 2.032 2.120 2.180 2.208 2.238 2.268 2.300 2.333 2.334 2.304 2.273
0.000 0.000 0.000 0.000 0.000 0.000 0.000 0.000 0.000 0.000 0.000 0.000 0.000 0.000 0.000 0.000 0.000 0.000 0.000 0.000 0.000 0.000 0.000 0.000 0.000 0.000 0.000 0.000 0.000 0.000 0.000 0.000 0.000 0.000 0.000 0.000 0.000 0.000 0.006 0.029 0.054 0.080 0.108 0.137 0.186 0.277 0.368 0.459 0.552 0.645 0.735 0.819 0.903 0.990 1.078 1.167 1.259 1.354 1.452 1.551 1.653 1.756 1.855 1.944 2.036 2.130 2.227 2.325 2.399 2.433 2.467 2.500 2.532 2.564 2.568 2.529 2.489
0.000 0.000 0.000 0.000 0.000 0.000 0.000 0.000 0.000 0.000 0.000 0.000 0.000 0.000 0.000 0.000 0.000 0.000 0.000 0.000 0.000 0.000 0.000 0.000 0.000 0.000 0.000 0.000 0.000 0.000 0.000 0.000 0.000 0.000 0.000 0.000 0.000 0.000 0.005 0.035 0.067 0.101 0.136 0.173 0.222 0.315 0.410 0.505 0.601 0.698 0.793 0.883 0.975 1.068 1.163 1.259 1.357 1.462 1.568 1.676 1.786 1.898 2.003 2.097 2.196 2.297 2.402 2.511 2.600 2.633 2.665 2.698 2.731 2.764 2.775 2.731 2.687
0.000 0.000 0.000 0.000 0.000 0.000 0.000 0.000 0.000 0.000 0.000 0.000 0.000 0.000 0.000 0.000 0.000 0.000 0.000 0.000 0.000 0.000 0.000 0.000 0.000 0.000 0.000 0.000 0.000 0.000 0.000 0.000 0.000 0.000 0.000 0.000 0.000 0.000 0.002 0.040 0.079 0.120 0.162 0.207 0.256 0.353 0.451 0.550 0.649 0.749 0.850 0.946 1.045 1.140 1.236 1.333 1.432 1.539 1.648 1.758 1.871 1.985 2.100 2.210 2.323 2.440 2.560 2.684 2.795 2.828 2.862 2.895 2.929 2.963 2.982 2.934 2.885
0.000 0.000 0.000 0.000 0.000 0.000 0.000 0.000 0.000 0.000 0.000 0.000 0.000 0.000 0.000 0.000 0.000 0.000 0.000 0.000 0.000 0.000 0.000 0.000 0.000 0.000 0.000 0.000 0.000 0.000 0.000 0.000 0.000 0.000 0.000 0.000 0.000 0.000 0.000 0.042 0.089 0.137 0.187 0.239 0.292 0.389 0.487 0.585 0.682 0.779 0.875 0.972 1.071 1.170 1.271 1.373 1.475 1.591 1.708 1.826 1.947 2.069 2.194 2.319 2.447 2.579 2.715 2.853 2.989 3.024 3.058 3.092 3.127 3.162 3.190 3.138 3.084
0.000 0.000 0.000 0.000 0.000 0.000 0.000 0.000 0.000 0.000 0.000 0.000 0.000 0.000 0.000 0.000 0.000 0.000 0.000 0.000 0.000 0.000 0.000 0.000 0.000 0.000 0.000 0.000 0.000 0.000 0.000 0.000 0.000 0.000 0.000 0.001 0.002 0.005 0.007 0.051 0.105 0.159 0.214 0.271 0.328 0.418 0.514 0.609 0.703 0.797 0.890 0.991 1.094 1.199 1.304 1.411 1.518 1.640 1.765 1.892 2.021 2.152 2.284 2.424 2.568 2.715 2.865 3.019 3.176 3.218 3.253 3.289 3.324 3.360 3.396 3.341 3.271
0.000 0.000 0.000 0.000 0.000 0.000 0.000 0.000 0.000 0.000 0.000 0.000 0.000 0.000 0.000 0.000 0.000 0.000 0.000 0.000 0.000 0.000 0.000 0.000 0.000 0.000 0.000 0.000 0.000 0.000 0.000 0.000 0.000 0.002 0.005 0.009 0.013 0.018 0.024 0.066 0.123 0.182 0.241 0.302 0.363 0.448 0.541 0.633 0.725 0.816 0.906 1.009 1.117 1.226 1.337 1.448 1.560 1.688 1.821 1.956 2.093 2.232 2.373 2.526 2.685 2.847 3.011 3.160 3.307 3.346 3.364 3.386 3.410 3.436 3.466 3.415 3.355
0.000 0.000 0.000 0.000 0.000 0.000 0.000 0.000 0.000 0.000 0.000 0.000 0.000 0.000 0.000 0.000 0.000 0.000 0.000 0.000 0.000 0.000 0.000 0.000 0.000 0.000 0.000 0.000 0.000 0.000 0.000 0.000 0.000 0.003 0.009 0.016 0.023 0.031 0.040 0.079 0.141 0.204 0.267 0.332 0.398 0.479 0.569 0.658 0.747 0.835 0.923 1.026 1.139 1.253 1.368 1.484 1.601 1.733 1.864 1.997 2.130 2.264 2.398 2.543 2.690 2.838 2.986 3.133 3.280 3.341 3.371 3.404 3.439 3.477 3.518 3.488 3.436
0.000 0.000 0.000 0.000 0.000 0.000 0.000 0.000 0.000 0.000 0.000 0.000 0.000 0.000 0.000 0.000 0.000 0.000 0.000 0.000 0.000 0.000 0.000 0.000 0.000 0.000 0.000 0.000 0.000 0.000 0.000 0.000 0.000 0.004 0.013 0.022 0.033 0.044 0.055 0.092 0.158 0.225 0.292 0.361 0.431 0.510 0.597 0.684 0.770 0.849 0.927 1.021 1.130 1.239 1.349 1.458 1.567 1.690 1.825 1.961 2.098 2.236 2.375 2.519 2.666 2.813 2.960 3.107 3.253 3.334 3.375 3.420 3.466 3.516 3.567 3.558 3.516
0.000 0.000 0.000 0.000 0.000 0.000 0.000 0.000 0.000 0.000 0.000 0.000 0.000 0.000 0.000 0.000 0.000 0.000 0.000 0.000 0.000 0.000 0.000 0.000 0.000 0.000 0.000 0.000 0.000 0.000 0.000 0.000 0.000 0.004 0.016 0.028 0.041 0.055 0.070 0.103 0.171 0.238 0.304 0.368 0.432 0.501 0.579 0.657 0.734 0.811 0.888 0.977 1.086 1.196 1.305 1.415 1.524 1.646 1.786 1.925 2.066 2.208 2.351 2.496 2.642 2.788 2.934 3.080 3.226 3.324 3.377 3.433 3.491 3.551 3.614 3.626 3.593
0.000 0.000 0.000 0.000 0.000 0.000 0.000 0.000 0.000 0.000 0.000 0.000 0.000 0.000 0.000 0.000 0.000 0.000 0.000 0.000 0.000 0.000 0.000 0.000 0.000 0.000 0.000 0.000 0.000 0.000 0.000 0.000 0.000 0.003 0.017 0.031 0.046 0.062 0.077 0.104 0.167 0.229 0.291 0.351 0.410 0.473 0.549 0.625 0.700 0.774 0.848 0.933 1.042 1.152 1.262 1.371 1.481 1.602 1.745 1.889 2.033 2.179 2.326 2.472 2.618 2.764 2.909 3.054 3.199 3.312 3.376 3.444 3.532 3.630 3.736 3.805 3.818
0.000 0.000 0.000 0.000 0.000 0.000 0.000 0.000 0.000 0.000 0.000 0.000 0.000 0.000 0.000 0.000 0.000 0.000 0.000 0.000 0.000 0.000 0.000 0.000 0.000 0.000 0.000 0.000 0.000 0.000 0.000 0.000 0.000 0.001 0.017 0.033 0.049 0.066 0.084 0.105 0.164 0.222 0.279 0.334 0.389 0.446 0.520 0.593 0.666 0.738 0.810 0.888 0.998 1.108 1.218 1.328 1.438 1.556 1.703 1.851 2.000 2.149 2.299 2.443 2.587 2.736 2.890 3.048 3.211 3.360 3.470 3.590 3.718 3.856 4.002 4.118 4.156
0.000 0.000 0.000 0.000 0.000 0.000 0.000 0.000 0.000 0.000 0.000 0.000 0.000 0.000 0.000 0.000 0.000 0.000 0.000 0.000 0.000 0.000 0.000 0.000 0.000 0.000 0.000 0.000 0.000 0.000 0.000 0.000 0.000 0.000 0.016 0.034 0.052 0.071 0.089 0.108 0.162 0.215 0.268 0.319 0.369 0.419 0.491 0.562 0.632 0.702 0.772 0.844 0.954 1.064 1.169 1.274 1.379 1.488 1.632 1.777 1.923 2.069 2.215 2.364 2.529 2.699 2.874 3.053 3.236 3.417 3.567 3.727 3.895 4.073 4.259 4.425 4.487
0.000 0.000 0.000 0.000 0.000 0.000 0.000 0.000 0.000 0.000 0.000 0.000 0.000 0.000 0.000 0.000 0.000 0.000 0.000 0.000 0.000 0.000 0.000 0.000 0.000 0.000 0.000 0.000 0.000 0.000 0.000 0.000 0.000 0.000 0.016 0.035 0.055 0.074 0.095 0.115 0.161 0.210 0.258 0.305 0.350 0.391 0.453 0.517 0.580 0.643 0.705 0.766 0.869 0.974 1.078 1.183 1.288 1.392 1.538 1.686 1.834 1.982 2.131 2.281 2.467 2.658 2.853 3.053 3.258 3.465 3.656 3.855 4.063 4.281 4.507 4.726 4.813
0.000 0.000 0.000 0.000 0.000 0.000 0.000 0.000 0.000 0.000 0.000 0.000 0.000 0.000 0.000 0.000 0.000 0.000 0.000 0.000 0.000 0.000 0.000 0.000 0.000 0.000 0.000 0.000 0.000 0.000 0.000 0.000 0.000 0.000 0.014 0.035 0.055 0.073 0.090 0.107 0.141 0.181 0.220 0.257 0.293 0.329 0.385 0.445 0.506 0.565 0.624 0.682 0.779 0.883 0.988 1.092 1.196 1.300 1.444 1.594 1.744 1.895 2.046 2.198 2.400 2.611 2.828 3.048 3.274 3.504 3.735 3.974 4.222 4.479 4.746 5.021 5.133
0.000 0.000 0.000 0.000 0.000 0.000 0.000 0.000 0.000 0.000 0.000 0.000 0.000 0.000 0.000 0.000 0.000 0.000 0.000 0.000 0.000 0.000 0.000 0.000 0.000 0.000 0.000 0.000 0.000 0.000 0.000 0.000 0.000 0.000 0.010 0.026 0.041 0.054 0.067 0.079 0.106 0.140 0.174 0.206 0.238 0.268 0.317 0.375 0.432 0.488 0.544 0.599 0.689 0.793 0.897 1.001 1.105 1.209 1.349 1.501 1.654 1.807 1.961 2.115 2.328 2.561 2.798 3.039 3.296 3.560 3.833 4.107 4.383 4.660 4.938 5.217 5.386
0.000 0.000 0.000 0.000 0.000 0.000 0.000 0.000 0.000 0.000 0.000 0.000 0.000 0.000 0.000 0.000 0.000 0.000 0.000 0.000 0.000 0.000 0.000 0.000 0.000 0.000 0.000 0.000 0.000 0.000 0.000 0.000 0.000 0.000 0.006 0.017 0.028 0.037 0.045 0.053 0.072 0.101 0.130 0.157 0.183 0.208 0.250 0.305 0.359 0.412 0.465 0.517 0.600 0.704 0.807 0.911 1.014 1.118 1.254 1.409 1.571 1.741 1.919 2.105 2.346 2.611 2.881 3.154 3.430 3.710 3.990 4.270 4.550 4.833 5.116 5.400 5.626
0.000 0.000 0.000 0.000 0.000 0.000 0.000 0.000 0.000 0.000 0.000 0.000 0.000 0.000 0.000 0.000 0.000 0.000 0.000 0.000 0.000 0.000 0.000 0.000 0.000 0.000 0.000 0.000 0.000 0.000 0.000 0.000 0.000 0.000 0.003 0.010 0.016 0.021 0.025 0.028 0.039 0.063 0.087 0.109 0.130 0.150 0.184 0.235 0.287 0.337 0.386 0.432 0.504 0.603 0.701 0.798 0.894 0.989 1.131 1.320 1.517 1.722 1.935 2.155 2.412 2.693 2.979 3.267 3.560 3.856 4.145 4.430 4.716 5.004 5.292 5.582 5.854
0.000 0.000 0.000 0.000 0.000 0.000 0.000 0.000 0.000 0.000 0.000 0.000 0.000 0.000 0.000 0.000 0.000 0.000 0.000 0.000 0.000 0.000 0.000 0.000 0.000 0.000 0.000 0.000 0.000 0.000 0.000 0.000 0.000 0.000 0.001 0.003 0.005 0.005 0.005 0.003 0.007 0.029 0.050 0.070 0.090 0.108 0.134 0.180 0.223 0.263 0.301 0.337 0.393 0.488 0.581 0.674 0.766 0.856 1.000 1.224 1.455 1.695 1.942 2.197 2.474 2.772 3.073 3.378 3.686 3.998 4.299 4.590 4.881 5.174 5.467 5.762 6.069
0.000 0.000 0.000 0.000 0.000 0.000 0.000 0.000 0.000 0.000 0.000 0.000 0.000 0.000 0.000 0.000 0.000 0.000 0.000 0.000 0.000 0.000 0.000 0.000 0.000 0.000 0.000 0.000 0.000 0.000 0.000 0.000 0.000 0.000 0.000 0.000 0.000 0.000 0.000 0.000 0.003 0.020 0.037 0.052 0.066 0.079 0.096 0.131 0.163 0.192 0.219 0.244 0.283 0.373 0.463 0.551 0.638 0.724 0.861 1.119 1.386 1.660 1.942 2.231 2.533 2.846 3.163 3.484 3.808 4.136 4.452 4.748 5.044 5.320 5.531 5.734 5.955
0.000 0.000 0.000 0.000 0.000 0.000 0.000 0.000 0.000 0.000 0.000 0.000 0.000 0.000 0.000 0.000 0.000 0.000 0.000 0.000 0.000 0.000 0.000 0.000 0.000 0.000 0.000 0.000 0.000 0.000 0.000 0.000 0.000 0.000 0.000 0.000 0.000 0.000 0.000 0.000 0.000 0.013 0.025 0.035 0.044 0.052 0.061 0.085 0.105 0.124 0.140 0.153 0.175 0.260 0.345 0.429 0.512 0.593 0.714 1.007 1.308 1.617 1.933 2.258 2.579 2.865 3.144 3.416 3.681 3.940 4.178 4.378 4.571 4.756 4.934 5.104 5.288
0.000 0.000 0.000 0.000 0.000 0.000 0.000 0.000 0.000 0.000 0.000 0.000 0.000 0.000 0.000 0.000 0.000 0.000 0.000 0.000 0.000 0.000 0.000 0.000 0.000 0.000 0.000 0.000 0.000 0.000 0.000 0.000 0.000 0.000 0.000 0.000 0.000 0.000 0.000 0.000 0.000 0.007 0.014 0.019 0.023 0.027 0.029 0.041 0.051 0.058 0.063 0.065 0.067 0.149 0.229 0.310 0.394 0.476 0.572 0.875 1.173 1.465 1.751 2.032 2.305 2.560 2.809 3.050 3.284 3.512 3.724 3.890 4.049 4.201 4.345 4.481 4.627
0.000 0.000 0.000 0.000 0.000 0.000 0.000 0.000 0.000 0.000 0.000 0.000 0.000 0.000 0.000 0.000 0.000 0.000 0.000 0.000 0.000 0.000 0.000 0.000 0.000 0.000 0.000 0.000 0.000 0.000 0.000 0.000 0.000 0.000 0.000 0.000 0.000 0.000 0.000 0.000 0.000 0.002 0.004 0.004 0.004 0.002 0.000 0.005 0.010 0.015 0.020 0.025 0.029 0.103 0.180 0.255 0.327 0.396 0.462 0.733 1.005 1.272 1.533 1.788 2.038 2.262 2.480 2.691 2.894 3.091 3.277 3.410 3.536 3.654 3.764 3.867 3.973
0.000 0.000 0.000 0.000 0.000 0.000 0.000 0.000 0.000 0.000 0.000 0.000 0.000 0.000 0.000 0.000 0.000 0.000 0.000 0.000 0.000 0.000 0.000 0.000 0.000 0.000 0.000 0.000 0.000 0.000 0.000 0.000 0.000 0.000 0.000 0.000 0.000 0.000 0.000 0.000 0.000 0.000 0.000 0.000 0.000 0.000 0.000 0.003 0.007 0.011 0.015 0.018 0.021 0.076 0.141 0.203 0.263 0.320 0.374 0.596 0.843 1.085 1.321 1.551 1.775 1.972 2.159 2.339 2.512 2.678 2.837 2.939 3.030 3.115 3.191 3.260 3.324
0.000 0.000 0.000 0.000 0.000 0.000 0.000 0.000 0.000 0.000 0.000 0.000 0.000 0.000 0.000 0.000 0.000 0.000 0.000 0.000 0.000 0.000 0.000 0.000 0.000 0.000 0.000 0.000 0.000 0.000 0.000 0.000 0.000 0.000 0.000 0.000 0.000 0.000 0.000 0.000 0.000 0.000 0.000 0.000 0.000 0.000 0.000 0.002 0.005 0.008 0.010 0.012 0.014 0.052 0.105 0.155 0.202 0.246 0.288 0.465 0.687 0.904 1.114 1.319 1.519 1.688 1.845 1.994 2.137 2.272 2.399 2.472 2.531 2.585 2.633 2.676 2.713
0.000 0.000 0.000 0.000 0.000 0.000 0.000 0.000 0.000 0.000 0.000 0.000 0.000 0.000 0.000 0.000 0.000 0.000 0.000 0.000 0.000 0.000 0.000 0.000 0.000 0.000 0.000 0.000 0.000 0.000 0.000 0.000 0.000 0.000 0.000 0.000 0.000 0.000 0.000 0.000 0.000 0.000 0.000 0.000 0.000 0.000 0.000 0.001 0.003 0.004 0.005 0.006 0.007 0.031 0.071 0.109 0.144 0.175 0.205 0.340 0.537 0.729 0.915 1.092 1.262 1.402 1.525 1.640 1.749 1.851 1.945 1.998 2.033 2.063 2.087 2.106 2.119
0.000 0.000 0.000 0.000 0.000 0.000 0.000 0.000 0.000 0.000 0.000 0.000 0.000 0.000 0.000 0.000 0.000 0.000 0.000 0.000 0.000 0.000 0.000 0.000 0.000 0.000 0.000 0.000 0.000 0.000 0.000 0.000 0.000 0.000 0.000 0.000 0.000 0.000 0.000 0.000 0.000 0.000 0.000 0.000 0.000 0.000 0.000 0.000 0.001 0.001 0.001 0.000 0.000 0.014 0.045 0.075 0.103 0.130 0.156 0.256 0.421 0.579 0.728 0.869 1.002 1.112 1.203 1.288 1.365 1.435 1.499 1.530 1.541 1.547 1.547 1.541 1.531
