DATA/SHG/CPC/2018/20180602.asc
ncols        190
nrows        64
xllcorner    -5100000.000000000000
yllcorner    4130000.000000000000
cellsize     10000.000000000000
NODATA_value  -99999.000
[rows 0 to 33 of 64, columns 77 to 153 of 190]
4.614 4.550 4.470 4.389 4.306 4.222 4.137 4.055 3.983 3.909 3.834 3.756 3.677 3.613 3.599 3.586 3.574 3.562 3.552 3.555 3.605 3.657 3.710 3.763 3.816 3.880 3.982 4.085 4.188 4.293 4.399 4.507 4.618 4.728 4.838 4.946 5.054 5.160 5.261 5.361 5.460 5.558 5.655 5.785 6.023 6.261 6.499 6.738 6.978 7.257 7.648 8.030 8.404 8.769 9.127 9.394 9.419 9.438 9.453 9.463 9.467 9.360 8.928 8.486 8.047 7.613 7.183 6.723 6.176 5.639 5.112 4.594 4.087 3.620 3.244 2.879 2.523
4.629 4.569 4.485 4.399 4.312 4.223 4.133 4.044 3.966 3.885 3.803 3.720 3.634 3.556 3.552 3.546 3.539 3.530 3.519 3.514 3.567 3.620 3.674 3.727 3.780 3.839 3.945 4.052 4.160 4.270 4.380 4.491 4.598 4.705 4.811 4.917 5.022 5.125 5.221 5.317 5.412 5.505 5.598 5.709 5.949 6.190 6.431 6.672 6.915 7.173 7.527 7.872 8.209 8.521 8.811 9.045 9.014 8.978 8.936 8.888 8.834 8.719 8.291 7.867 7.447 7.031 6.619 6.195 5.692 5.199 4.716 4.244 3.781 3.346 3.015 2.694 2.383
4.643 4.590 4.501 4.410 4.318 4.225 4.132 4.048 3.974 3.897 3.818 3.737 3.654 3.568 3.557 3.545 3.531 3.515 3.498 3.479 3.531 3.584 3.637 3.691 3.744 3.797 3.907 4.019 4.131 4.245 4.360 4.475 4.580 4.683 4.786 4.888 4.990 5.090 5.183 5.274 5.364 5.454 5.542 5.632 5.873 6.109 6.342 6.569 6.792 7.012 7.296 7.566 7.822 8.065 8.294 8.502 8.445 8.383 8.314 8.240 8.159 8.061 7.651 7.245 6.843 6.445 6.051 5.657 5.199 4.750 4.312 3.884 3.465 3.063 2.776 2.500 2.234
4.664 4.621 4.538 4.453 4.369 4.286 4.203 4.122 4.039 3.955 3.868 3.778 3.686 3.592 3.565 3.546 3.525 3.503 3.479 3.453 3.495 3.548 3.601 3.655 3.708 3.761 3.868 3.984 4.101 4.219 4.338 4.459 4.562 4.662 4.762 4.852 4.941 5.031 5.117 5.203 5.292 5.383 5.476 5.571 5.779 5.996 6.208 6.415 6.618 6.817 7.037 7.246 7.442 7.624 7.793 7.947 7.884 7.794 7.699 7.599 7.492 7.379 7.007 6.619 6.235 5.855 5.479 5.108 4.697 4.293 3.899 3.514 3.140 2.776 2.528 2.298 2.083
4.716 4.673 4.598 4.516 4.435 4.354 4.275 4.196 4.108 4.014 3.919 3.821 3.721 3.618 3.574 3.548 3.521 3.492 3.461 3.429 3.459 3.512 3.565 3.619 3.672 3.725 3.822 3.932 4.040 4.145 4.246 4.346 4.437 4.529 4.622 4.717 4.814 4.913 5.008 5.105 5.203 5.303 5.406 5.510 5.690 5.886 6.079 6.266 6.449 6.628 6.792 6.941 7.076 7.198 7.305 7.400 7.328 7.213 7.092 6.964 6.831 6.692 6.361 5.991 5.625 5.263 4.904 4.548 4.184 3.829 3.486 3.157 2.840 2.536 2.326 2.143 1.968
4.767 4.725 4.658 4.578 4.500 4.422 4.345 4.269 4.178 4.076 3.972 3.866 3.757 3.646 3.584 3.552 3.518 3.484 3.449 3.413 3.429 3.477 3.523 3.566 3.606 3.643 3.719 3.817 3.912 4.005 4.094 4.181 4.275 4.375 4.476 4.580 4.685 4.793 4.898 5.004 5.111 5.221 5.333 5.447 5.605 5.782 5.954 6.122 6.285 6.444 6.562 6.650 6.725 6.786 6.833 6.867 6.780 6.631 6.463 6.291 6.115 5.935 5.628 5.277 4.936 4.603 4.280 3.966 3.657 3.359 3.074 2.801 2.542 2.295 2.121 1.978 1.845
4.818 4.777 4.717 4.640 4.564 4.489 4.415 4.341 4.250 4.140 4.026 3.911 3.797 3.683 3.608 3.573 3.535 3.496 3.455 3.413 3.409 3.446 3.479 3.510 3.538 3.563 3.618 3.704 3.787 3.868 3.945 4.020 4.111 4.219 4.329 4.441 4.555 4.671 4.786 4.901 5.018 5.137 5.258 5.382 5.526 5.683 5.835 5.983 6.110 6.204 6.246 6.243 6.234 6.218 6.196 6.167 6.050 5.868 5.682 5.492 5.298 5.100 4.831 4.521 4.221 3.930 3.648 3.376 3.119 2.878 2.649 2.434 2.232 2.042 1.906 1.805 1.713
4.869 4.829 4.775 4.693 4.614 4.535 4.458 4.381 4.291 4.177 4.064 3.950 3.838 3.725 3.639 3.598 3.555 3.510 3.463 3.415 3.393 3.417 3.438 3.457 3.473 3.486 3.521 3.595 3.666 3.734 3.800 3.862 3.944 4.061 4.180 4.300 4.422 4.547 4.671 4.779 4.865 4.951 5.039 5.127 5.219 5.312 5.400 5.482 5.560 5.633 5.659 5.628 5.589 5.545 5.493 5.435 5.311 5.111 4.907 4.699 4.487 4.271 4.025 3.757 3.498 3.248 3.008 2.777 2.568 2.384 2.213 2.055 1.910 1.777 1.683 1.623 1.573
4.873 4.830 4.779 4.702 4.627 4.552 4.479 4.408 4.326 4.214 4.101 3.989 3.878 3.767 3.672 3.624 3.576 3.525 3.472 3.418 3.380 3.392 3.401 3.407 3.411 3.412 3.427 3.489 3.548 3.604 3.644 3.665 3.703 3.792 3.881 3.968 4.053 4.137 4.222 4.311 4.401 4.492 4.583 4.676 4.763 4.834 4.900 4.961 5.017 5.068 5.081 5.020 4.952 4.879 4.798 4.711 4.576 4.358 4.137 3.911 3.681 3.447 3.211 2.984 2.767 2.558 2.359 2.170 2.005 1.879 1.765 1.684 1.610 1.539 1.486 1.460 1.436
4.855 4.821 4.782 4.709 4.638 4.569 4.500 4.433 4.361 4.249 4.139 4.028 3.918 3.808 3.705 3.652 3.598 3.541 3.483 3.423 3.369 3.359 3.335 3.306 3.273 3.235 3.201 3.220 3.235 3.245 3.251 3.253 3.264 3.348 3.430 3.511 3.591 3.669 3.749 3.842 3.937 4.032 4.128 4.224 4.313 4.362 4.406 4.445 4.479 4.508 4.509 4.419 4.323 4.220 4.111 3.995 3.847 3.611 3.372 3.128 2.880 2.628 2.435 2.300 2.171 2.046 1.927 1.812 1.712 1.641 1.573 1.506 1.442 1.380 1.332 1.316 1.302
4.836 4.809 4.784 4.716 4.649 4.584 4.519 4.457 4.395 4.285 4.175 4.066 3.958 3.837 3.704 3.619 3.535 3.451 3.369 3.287 3.203 3.163 3.118 3.068 3.014 2.955 2.892 2.891 2.887 2.878 2.864 2.846 2.827 2.905 2.982 3.057 3.131 3.204 3.276 3.374 3.472 3.571 3.671 3.773 3.869 3.896 3.918 3.935 3.947 3.955 3.946 3.827 3.701 3.583 3.467 3.353 3.229 3.026 2.829 2.638 2.452 2.272 2.106 1.993 1.885 1.782 1.683 1.590 1.505 1.443 1.384 1.327 1.272 1.219 1.176 1.170 1.166
4.815 4.796 4.779 4.721 4.658 4.597 4.519 4.429 4.340 4.209 4.075 3.943 3.813 3.686 3.562 3.470 3.382 3.295 3.210 3.123 3.037 2.972 2.906 2.835 2.760 2.680 2.596 2.568 2.544 2.515 2.482 2.445 2.403 2.465 2.535 2.605 2.673 2.740 2.805 2.904 3.007 3.110 3.215 3.320 3.424 3.433 3.435 3.434 3.430 3.424 3.414 3.303 3.190 3.079 2.969 2.860 2.752 2.575 2.403 2.236 2.076 1.920 1.773 1.681 1.594 1.512 1.435 1.363 1.296 1.244 1.194 1.146 1.100 1.057 1.018 1.022 1.029
4.742 4.698 4.653 4.573 4.483 4.395 4.308 4.223 4.138 4.022 3.896 3.773 3.652 3.534 3.418 3.321 3.230 3.140 3.051 2.961 2.871 2.786 2.699 2.608 2.512 2.411 2.306 2.250 2.206 2.158 2.105 2.049 1.987 2.026 2.091 2.172 2.251 2.326 2.397 2.497 2.599 2.696 2.788 2.875 2.957 2.963 2.953 2.940 2.924 2.906 2.884 2.787 2.680 2.575 2.470 2.367 2.264 2.118 1.971 1.829 1.694 1.563 1.439 1.365 1.299 1.239 1.183 1.132 1.086 1.043 1.002 0.963 0.927 0.892 0.860 0.874 0.906
4.512 4.466 4.419 4.347 4.262 4.178 4.096 4.016 3.936 3.833 3.716 3.601 3.489 3.380 3.273 3.174 3.079 2.986 2.893 2.800 2.706 2.606 2.499 2.386 2.269 2.148 2.029 1.957 1.911 1.865 1.820 1.774 1.729 1.763 1.832 1.898 1.960 2.018 2.072 2.147 2.226 2.301 2.371 2.436 2.496 2.497 2.475 2.450 2.422 2.391 2.358 2.272 2.170 2.070 1.971 1.873 1.776 1.656 1.534 1.417 1.307 1.201 1.102 1.044 1.000 0.961 0.928 0.920 0.912 0.900 0.888 0.878 0.869 0.863 0.860 0.884 0.911
4.283 4.234 4.185 4.119 4.039 3.961 3.883 3.808 3.733 3.642 3.533 3.428 3.324 3.223 3.125 3.028 2.930 2.818 2.710 2.604 2.501 2.390 2.272 2.156 2.042 1.929 1.819 1.742 1.697 1.652 1.607 1.562 1.518 1.528 1.580 1.629 1.674 1.715 1.752 1.802 1.860 1.913 1.960 2.003 2.041 2.035 2.000 1.963 1.923 1.880 1.835 1.756 1.659 1.564 1.471 1.378 1.287 1.190 1.129 1.071 1.017 0.967 0.921 0.902 0.895 0.889 0.884 0.879 0.875 0.871 0.867 0.866 0.867 0.870 0.875 0.894 0.917
4.055 4.004 3.952 3.891 3.816 3.742 3.670 3.599 3.529 3.449 3.320 3.195 3.076 2.962 2.853 2.746 2.634 2.529 2.430 2.334 2.239 2.140 2.030 1.921 1.815 1.710 1.607 1.528 1.483 1.439 1.394 1.350 1.306 1.298 1.333 1.365 1.392 1.416 1.436 1.463 1.499 1.529 1.555 1.576 1.592 1.576 1.529 1.480 1.429 1.406 1.383 1.342 1.287 1.234 1.184 1.136 1.091 1.045 1.001 0.960 0.924 0.891 0.862 0.848 0.844 0.842 0.839 0.838 0.837 0.840 0.845 0.853 0.863 0.875 0.889 0.906 0.924
3.828 3.774 3.718 3.625 3.521 3.419 3.319 3.221 3.125 3.026 2.915 2.810 2.709 2.614 2.525 2.436 2.333 2.237 2.148 2.061 1.976 1.888 1.786 1.685 1.586 1.489 1.393 1.313 1.269 1.225 1.182 1.139 1.095 1.072 1.090 1.105 1.115 1.122 1.125 1.132 1.168 1.201 1.231 1.257 1.279 1.282 1.258 1.234 1.209 1.185 1.159 1.126 1.081 1.040 1.000 0.963 0.928 0.897 0.869 0.846 0.826 0.810 0.799 0.793 0.793 0.793 0.794 0.796 0.798 0.807 0.821 0.838 0.857 0.878 0.901 0.919 0.932
3.420 3.331 3.242 3.152 3.055 2.960 2.867 2.776 2.687 2.599 2.506 2.420 2.338 2.263 2.192 2.124 2.031 1.944 1.864 1.787 1.711 1.635 1.540 1.447 1.355 1.266 1.178 1.098 1.055 1.012 0.971 0.946 0.921 0.906 0.928 0.947 0.965 0.980 0.993 1.006 1.027 1.043 1.057 1.066 1.072 1.067 1.042 1.016 0.990 0.964 0.937 0.908 0.874 0.843 0.814 0.787 0.763 0.744 0.734 0.728 0.725 0.727 0.732 0.738 0.741 0.744 0.748 0.753 0.759 0.772 0.795 0.822 0.876 0.933 0.995 1.048 1.082
2.945 2.855 2.766 2.677 2.587 2.499 2.413 2.329 2.246 2.166 2.093 2.025 1.963 1.906 1.855 1.809 1.726 1.649 1.578 1.510 1.444 1.381 1.310 1.241 1.175 1.110 1.047 0.987 0.963 0.938 0.915 0.891 0.868 0.848 0.860 0.869 0.876 0.881 0.884 0.885 0.889 0.889 0.886 0.880 0.869 0.854 0.827 0.799 0.772 0.744 0.715 0.687 0.664 0.644 0.625 0.609 0.596 0.588 0.595 0.606 0.620 0.639 0.661 0.691 0.710 0.735 0.765 0.800 0.840 0.890 0.953 1.021 1.093 1.169 1.250 1.316 1.344
2.470 2.381 2.291 2.202 2.118 2.037 1.958 1.880 1.805 1.732 1.675 1.627 1.584 1.549 1.540 1.532 1.485 1.435 1.390 1.346 1.305 1.265 1.206 1.147 1.089 1.033 0.979 0.928 0.902 0.880 0.858 0.836 0.815 0.794 0.794 0.794 0.791 0.785 0.777 0.767 0.755 0.740 0.720 0.697 0.671 0.640 0.612 0.583 0.554 0.524 0.494 0.465 0.452 0.443 0.450 0.458 0.468 0.480 0.513 0.548 0.586 0.625 0.667 0.710 0.753 0.801 0.854 0.912 0.976 1.047 1.129 1.215 1.306 1.401 1.500 1.585 1.607
1.996 1.907 1.817 1.727 1.648 1.573 1.510 1.476 1.442 1.410 1.394 1.385 1.377 1.370 1.364 1.358 1.324 1.283 1.246 1.211 1.178 1.147 1.100 1.050 1.001 0.954 0.910 0.867 0.842 0.821 0.801 0.781 0.761 0.742 0.732 0.721 0.707 0.692 0.674 0.654 0.626 0.594 0.558 0.519 0.476 0.445 0.429 0.415 0.401 0.387 0.374 0.361 0.370 0.381 0.393 0.406 0.420 0.435 0.477 0.522 0.569 0.619 0.670 0.724 0.790 0.862 0.938 1.020 1.107 1.199 1.300 1.405 1.514 1.628 1.745 1.856 1.871
1.571 1.519 1.468 1.418 1.378 1.346 1.314 1.282 1.252 1.222 1.207 1.201 1.195 1.191 1.187 1.184 1.161 1.128 1.100 1.074 1.050 1.027 0.992 0.951 0.911 0.874 0.838 0.805 0.781 0.762 0.744 0.725 0.708 0.690 0.671 0.650 0.629 0.607 0.584 0.560 0.530 0.498 0.466 0.434 0.402 0.370 0.353 0.340 0.328 0.315 0.303 0.292 0.302 0.318 0.334 0.352 0.371 0.391 0.439 0.494 0.551 0.610 0.671 0.735 0.822 0.917 1.017 1.122 1.232 1.348 1.467 1.590 1.718 1.850 1.986 2.126 2.136
1.353 1.305 1.259 1.214 1.176 1.146 1.117 1.089 1.061 1.034 1.019 1.015 1.013 1.011 1.009 1.009 0.996 0.972 0.952 0.935 0.919 0.905 0.882 0.849 0.819 0.791 0.764 0.743 0.725 0.709 0.693 0.676 0.659 0.641 0.620 0.595 0.570 0.544 0.517 0.489 0.458 0.426 0.393 0.361 0.329 0.296 0.277 0.266 0.255 0.243 0.233 0.222 0.233 0.253 0.275 0.297 0.321 0.345 0.399 0.463 0.530 0.599 0.670 0.744 0.849 0.967 1.090 1.218 1.398 1.596 1.775 1.939 2.091 2.232 2.361 2.477 2.503
1.134 1.091 1.049 1.008 0.973 0.946 0.920 0.894 0.870 0.846 0.830 0.830 0.829 0.830 0.832 0.834 0.829 0.814 0.815 0.815 0.815 0.816 0.808 0.787 0.766 0.745 0.725 0.705 0.686 0.668 0.650 0.632 0.613 0.594 0.570 0.542 0.512 0.482 0.451 0.419 0.386 0.354 0.321 0.288 0.255 0.222 0.202 0.191 0.181 0.171 0.162 0.153 0.163 0.188 0.214 0.241 0.270 0.299 0.356 0.458 0.583 0.725 0.882 1.055 1.248 1.446 1.647 1.852 2.058 2.268 2.414 2.525 2.625 2.713 2.789 2.853 2.873
0.914 0.876 0.838 0.802 0.769 0.745 0.722 0.699 0.678 0.657 0.646 0.670 0.693 0.715 0.735 0.754 0.768 0.768 0.768 0.768 0.769 0.769 0.764 0.744 0.724 0.705 0.685 0.666 0.647 0.628 0.608 0.588 0.567 0.547 0.522 0.489 0.456 0.421 0.386 0.350 0.315 0.282 0.248 0.215 0.182 0.148 0.125 0.116 0.108 0.099 0.097 0.099 0.123 0.173 0.231 0.294 0.364 0.440 0.567 0.747 0.943 1.155 1.383 1.627 1.855 2.066 2.279 2.496 2.715 2.937 3.064 3.123 3.170 3.205 3.228 3.240 3.244
0.693 0.659 0.626 0.603 0.600 0.604 0.608 0.612 0.616 0.619 0.623 0.643 0.662 0.679 0.695 0.710 0.722 0.722 0.722 0.722 0.722 0.722 0.720 0.701 0.682 0.664 0.645 0.628 0.609 0.588 0.567 0.545 0.523 0.500 0.474 0.438 0.400 0.362 0.322 0.282 0.243 0.215 0.189 0.163 0.138 0.114 0.098 0.100 0.103 0.106 0.111 0.116 0.147 0.226 0.311 0.403 0.502 0.606 0.770 1.020 1.287 1.569 1.867 2.181 2.459 2.682 2.907 3.136 3.368 3.602 3.724 3.731 3.725 3.708 3.678 3.637 3.616
0.588 0.586 0.584 0.584 0.586 0.589 0.592 0.595 0.598 0.600 0.602 0.617 0.631 0.644 0.656 0.666 0.676 0.675 0.675 0.675 0.675 0.675 0.675 0.657 0.640 0.622 0.605 0.589 0.572 0.549 0.526 0.502 0.480 0.458 0.435 0.399 0.365 0.330 0.297 0.264 0.232 0.208 0.184 0.160 0.137 0.114 0.097 0.102 0.108 0.115 0.123 0.131 0.164 0.272 0.386 0.506 0.632 0.765 0.956 1.277 1.614 1.966 2.335 2.719 3.059 3.294 3.532 3.773 4.017 4.263 4.396 4.350 4.292 4.218 4.112 3.979 3.870
0.554 0.556 0.560 0.564 0.571 0.574 0.576 0.578 0.580 0.581 0.582 0.592 0.602 0.610 0.618 0.624 0.629 0.630 0.629 0.629 0.629 0.629 0.628 0.617 0.605 0.592 0.578 0.563 0.548 0.526 0.504 0.481 0.458 0.435 0.412 0.379 0.346 0.315 0.283 0.253 0.223 0.200 0.178 0.156 0.134 0.113 0.095 0.104 0.113 0.124 0.135 0.146 0.175 0.311 0.453 0.602 0.757 0.918 1.126 1.517 1.924 2.347 2.786 3.240 3.666 3.956 4.235 4.504 4.761 5.008 5.138 4.993 4.821 4.622 4.396 4.142 3.928
0.519 0.525 0.534 0.543 0.554 0.559 0.561 0.562 0.562 0.563 0.563 0.568 0.573 0.578 0.581 0.592 0.604 0.611 0.616 0.621 0.624 0.627 0.629 0.618 0.602 0.586 0.569 0.551 0.532 0.509 0.486 0.462 0.437 0.413 0.387 0.358 0.328 0.298 0.269 0.241 0.213 0.192 0.171 0.151 0.132 0.113 0.094 0.105 0.118 0.131 0.145 0.160 0.179 0.343 0.514 0.699 0.933 1.181 1.462 1.977 2.506 3.049 3.607 4.179 4.720 4.962 5.193 5.413 5.623 5.822 5.930 5.665 5.372 5.053 4.706 4.332 3.995
0.482 0.493 0.507 0.521 0.537 0.545 0.545 0.546 0.552 0.557 0.561 0.569 0.580 0.592 0.603 0.615 0.627 0.633 0.635 0.636 0.635 0.634 0.632 0.620 0.601 0.581 0.560 0.539 0.517 0.493 0.468 0.442 0.416 0.390 0.364 0.336 0.308 0.281 0.255 0.229 0.203 0.183 0.165 0.146 0.129 0.111 0.097 0.127 0.168 0.217 0.272 0.333 0.402 0.640 0.908 1.190 1.486 1.796 2.121 2.690 3.282 3.888 4.508 5.143 5.783 5.977 6.160 6.333 6.494 6.645 6.748 6.362 5.949 5.510 5.043 4.548 4.072
0.445 0.470 0.496 0.522 0.548 0.566 0.571 0.575 0.578 0.581 0.583 0.588 0.600 0.612 0.625 0.637 0.650 0.657 0.654 0.651 0.647 0.642 0.637 0.622 0.600 0.577 0.553 0.528 0.503 0.477 0.450 0.423 0.396 0.368 0.341 0.314 0.289 0.265 0.250 0.236 0.221 0.214 0.214 0.216 0.221 0.229 0.240 0.292 0.363 0.442 0.527 0.619 0.718 0.991 1.321 1.665 2.024 2.397 2.783 3.388 4.042 4.711 5.394 6.091 6.802 7.001 7.137 7.261 7.375 7.478 7.570 7.085 6.552 5.992 5.405 4.791 4.158
0.470 0.496 0.523 0.551 0.579 0.600 0.603 0.604 0.605 0.605 0.604 0.607 0.620 0.633 0.646 0.660 0.673 0.681 0.675 0.668 0.660 0.651 0.642 0.626 0.600 0.574 0.546 0.518 0.490 0.467 0.446 0.426 0.408 0.391 0.375 0.361 0.347 0.332 0.318 0.304 0.291 0.290 0.302 0.318 0.336 0.356 0.380 0.449 0.551 0.660 0.775 0.897 1.026 1.327 1.719 2.126 2.547 2.981 3.430 4.070 4.787 5.518 6.264 7.024 7.797 8.035 8.123 8.199 8.265 8.321 8.337 7.761 7.086 6.405 5.719 5.028 4.331
0.494 0.522 0.551 0.580 0.610 0.636 0.635 0.634 0.633 0.630 0.627 0.626 0.640 0.653 0.667 0.681 0.696 0.706 0.696 0.686 0.683 0.680 0.674 0.663 0.639 0.613 0.585 0.556 0.524 0.496 0.482 0.468 0.456 0.446 0.436 0.426 0.413 0.399 0.386 0.373 0.360 0.363 0.388 0.416 0.447 0.480 0.517 0.600 0.731 0.870 1.015 1.167 1.326 1.647 2.102 2.571 3.054 3.551 4.062 4.737 5.517 6.294 7.052 7.810 8.568 8.801 8.783 8.755 8.718 8.672 8.617 8.085 7.385 6.680 5.970 5.254 4.533
0.517 0.547 0.578 0.609 0.640 0.671 0.669 0.665 0.661 0.656 0.650 0.645 0.665 0.690 0.717 0.745 0.776 0.803 0.797 0.790 0.780 0.770 0.758 0.742 0.709 0.675 0.638 0.600 0.560 0.525 0.516 0.509 0.503 0.499 0.496 0.491 0.478 0.466 0.453 0.441 0.429 0.433 0.470 0.511 0.555 0.601 0.650 0.743 0.904 1.073 1.248 1.431 1.632 1.989 2.512 3.032 3.549 4.063 4.574 5.210 5.968 6.726 7.483 8.241 8.998 9.293 9.234 9.166 9.089 9.002 8.907 8.413 7.689 6.960 6.226 5.485 4.740
