DATA/SHG/CPC/2018/20180213.asc
ncols        190
nrows        64
xllcorner    -5100000.000000000000
yllcorner    4130000.000000000000
cellsize     10000.000000000000
NODATA_value  -99999.000
[rows 0 to 33 of 64, columns 0 to 76 of 190]
0.584 0.632 0.682 0.734 0.790 0.847 0.913 0.982 1.052 1.123 1.196 1.270 1.334 1.393 1.453 1.514 1.574 1.635 1.676 1.708 1.738 1.768 1.797 1.825 1.823 1.806 1.788 1.767 1.745 1.720 1.657 1.571 1.483 1.394 1.303 1.216 1.079 0.906 0.729 0.550 0.368 0.183 0.091 0.076 0.060 0.044 0.027 0.009 0.000 0.000 0.000 0.000 0.000 0.000 0.000 0.000 0.000 0.000 0.000 0.000 0.000 0.000 0.000 0.000 0.000 0.000 0.000 0.000 0.000 0.000 0.000 0.000 0.000 0.000 0.000 0.000 0.000
0.644 0.700 0.758 0.817 0.878 0.941 1.010 1.083 1.158 1.234 1.311 1.390 1.458 1.519 1.579 1.640 1.702 1.763 1.807 1.835 1.862 1.888 1.914 1.938 1.938 1.914 1.889 1.863 1.836 1.808 1.750 1.663 1.575 1.487 1.398 1.309 1.178 0.995 0.808 0.618 0.426 0.230 0.106 0.089 0.071 0.052 0.033 0.013 0.000 0.000 0.000 0.000 0.000 0.000 0.000 0.000 0.000 0.000 0.000 0.000 0.000 0.000 0.000 0.000 0.000 0.000 0.000 0.000 0.000 0.000 0.000 0.000 0.000 0.000 0.000 0.000 0.000
0.710 0.771 0.834 0.899 0.965 1.032 1.105 1.183 1.262 1.343 1.425 1.508 1.582 1.643 1.705 1.767 1.829 1.891 1.939 1.963 1.988 2.014 2.038 2.060 2.063 2.035 2.006 1.974 1.941 1.906 1.852 1.763 1.674 1.584 1.493 1.403 1.281 1.087 0.889 0.689 0.486 0.280 0.122 0.103 0.082 0.061 0.040 0.017 0.000 0.000 0.000 0.000 0.000 0.000 0.000 0.000 0.000 0.000 0.000 0.000 0.000 0.000 0.000 0.000 0.000 0.000 0.000 0.000 0.000 0.000 0.000 0.000 0.000 0.000 0.000 0.000 0.000
0.774 0.840 0.909 0.978 1.049 1.122 1.198 1.281 1.365 1.450 1.537 1.624 1.706 1.772 1.840 1.908 1.975 2.042 2.098 2.121 2.142 2.161 2.178 2.193 2.196 2.162 2.126 2.088 2.048 2.006 1.954 1.863 1.772 1.681 1.589 1.497 1.386 1.181 0.974 0.763 0.549 0.333 0.139 0.117 0.094 0.071 0.047 0.022 0.000 0.000 0.000 0.000 0.000 0.000 0.000 0.000 0.000 0.000 0.000 0.000 0.000 0.000 0.000 0.000 0.000 0.000 0.000 0.000 0.000 0.000 0.000 0.000 0.000 0.000 0.000 0.000 0.000
0.836 0.908 0.981 1.056 1.132 1.210 1.298 1.394 1.490 1.586 1.684 1.781 1.875 1.942 2.009 2.075 2.141 2.206 2.266 2.282 2.297 2.309 2.319 2.328 2.331 2.290 2.248 2.203 2.157 2.108 2.056 1.964 1.872 1.779 1.685 1.591 1.495 1.279 1.056 0.832 0.607 0.381 0.154 0.128 0.103 0.078 0.053 0.027 0.001 0.000 0.000 0.000 0.000 0.000 0.000 0.000 0.000 0.000 0.000 0.000 0.000 0.000 0.000 0.000 0.000 0.000 0.000 0.000 0.000 0.000 0.000 0.000 0.000 0.000 0.000 0.000 0.000
0.914 0.999 1.087 1.176 1.268 1.361 1.455 1.553 1.651 1.749 1.848 1.947 2.047 2.113 2.178 2.243 2.307 2.371 2.434 2.446 2.453 2.459 2.463 2.465 2.465 2.420 2.371 2.320 2.267 2.212 2.155 2.063 1.964 1.863 1.760 1.655 1.547 1.336 1.109 0.882 0.654 0.425 0.195 0.138 0.112 0.086 0.059 0.032 0.005 0.000 0.000 0.000 0.000 0.000 0.000 0.000 0.000 0.000 0.000 0.000 0.000 0.000 0.000 0.000 0.000 0.000 0.000 0.000 0.000 0.000 0.000 0.000 0.000 0.000 0.000 0.000 0.000
1.034 1.125 1.218 1.314 1.411 1.511 1.611 1.711 1.811 1.911 2.011 2.112 2.214 2.284 2.347 2.410 2.473 2.535 2.597 2.611 2.612 2.611 2.608 2.606 2.607 2.567 2.512 2.453 2.389 2.321 2.248 2.150 2.043 1.934 1.823 1.709 1.593 1.394 1.164 0.934 0.702 0.470 0.237 0.149 0.122 0.094 0.066 0.038 0.009 0.000 0.000 0.000 0.000 0.000 0.000 0.000 0.000 0.000 0.000 0.000 0.000 0.000 0.000 0.000 0.000 0.000 0.000 0.000 0.000 0.000 0.000 0.000 0.000 0.000 0.000 0.000 0.000
1.152 1.247 1.348 1.449 1.553 1.658 1.766 1.868 1.970 2.072 2.174 2.277 2.380 2.455 2.517 2.578 2.645 2.712 2.778 2.801 2.802 2.802 2.799 2.795 2.789 2.743 2.673 2.598 2.518 2.434 2.345 2.240 2.125 2.008 1.888 1.766 1.641 1.453 1.220 0.986 0.751 0.516 0.279 0.160 0.132 0.103 0.074 0.044 0.014 0.000 0.000 0.000 0.000 0.000 0.000 0.000 0.000 0.000 0.000 0.000 0.000 0.000 0.000 0.000 0.000 0.000 0.000 0.000 0.000 0.000 0.000 0.000 0.000 0.000 0.000 0.000 0.000
1.268 1.368 1.475 1.583 1.692 1.804 1.917 2.025 2.128 2.241 2.355 2.469 2.583 2.672 2.738 2.803 2.867 2.929 2.990 3.017 3.012 3.005 2.996 2.985 2.973 2.925 2.838 2.747 2.651 2.551 2.447 2.332 2.209 2.083 1.955 1.825 1.692 1.512 1.276 1.039 0.801 0.564 0.327 0.179 0.149 0.119 0.088 0.055 0.021 0.000 0.000 0.000 0.000 0.000 0.000 0.000 0.000 0.000 0.000 0.000 0.000 0.000 0.000 0.000 0.000 0.000 0.000 0.000 0.000 0.000 0.000 0.000 0.000 0.000 0.000 0.000 0.000
1.382 1.488 1.614 1.741 1.868 1.997 2.127 2.250 2.364 2.478 2.592 2.705 2.818 2.911 2.973 3.033 3.091 3.148 3.204 3.234 3.222 3.209 3.194 3.177 3.159 3.111 3.008 2.901 2.790 2.673 2.553 2.427 2.295 2.160 2.020 1.878 1.736 1.564 1.327 1.090 0.854 0.619 0.384 0.207 0.174 0.139 0.104 0.067 0.029 0.000 0.000 0.000 0.000 0.000 0.000 0.000 0.000 0.000 0.000 0.000 0.000 0.000 0.000 0.000 0.000 0.000 0.000 0.000 0.000 0.000 0.000 0.000 0.000 0.000 0.000 0.000 0.000
1.579 1.704 1.833 1.963 2.095 2.227 2.360 2.488 2.602 2.715 2.828 2.941 3.053 3.152 3.208 3.263 3.316 3.368 3.418 3.452 3.434 3.415 3.394 3.371 3.346 3.301 3.182 3.054 2.921 2.782 2.637 2.488 2.347 2.204 2.060 1.915 1.770 1.609 1.374 1.140 0.906 0.673 0.441 0.237 0.200 0.161 0.121 0.080 0.038 0.000 0.000 0.000 0.000 0.000 0.000 0.000 0.000 0.000 0.000 0.000 0.000 0.000 0.000 0.000 0.000 0.000 0.000 0.000 0.000 0.000 0.000 0.000 0.000 0.000 0.000 0.000 0.000
1.787 1.919 2.051 2.185 2.319 2.455 2.592 2.726 2.839 2.952 3.064 3.176 3.288 3.394 3.445 3.495 3.543 3.589 3.634 3.675 3.653 3.628 3.598 3.565 3.527 3.480 3.338 3.190 3.036 2.876 2.710 2.540 2.394 2.248 2.101 1.953 1.805 1.653 1.420 1.188 0.957 0.727 0.497 0.268 0.227 0.184 0.140 0.095 0.048 0.001 0.000 0.001 0.002 0.002 0.002 0.000 0.000 0.000 0.000 0.000 0.000 0.000 0.000 0.000 0.000 0.000 0.000 0.000 0.000 0.000 0.000 0.000 0.000 0.000 0.000 0.000 0.000
1.991 2.132 2.268 2.405 2.543 2.682 2.822 2.963 3.076 3.188 3.300 3.411 3.529 3.650 3.706 3.756 3.802 3.845 3.886 3.923 3.892 3.852 3.809 3.761 3.710 3.654 3.500 3.331 3.157 2.976 2.789 2.597 2.443 2.294 2.143 1.992 1.840 1.687 1.466 1.237 1.008 0.780 0.552 0.325 0.253 0.205 0.158 0.112 0.067 0.022 0.015 0.014 0.012 0.009 0.006 0.001 0.000 0.000 0.000 0.000 0.000 0.000 0.000 0.000 0.000 0.000 0.000 0.000 0.000 0.000 0.000 0.000 0.000 0.000 0.000 0.000 0.000
2.192 2.341 2.483 2.623 2.765 2.916 3.067 3.218 3.344 3.465 3.585 3.706 3.827 3.949 4.006 4.045 4.081 4.113 4.142 4.169 4.135 4.081 4.024 3.962 3.896 3.827 3.669 3.479 3.283 3.082 2.874 2.661 2.493 2.340 2.187 2.032 1.877 1.710 1.490 1.256 1.026 0.799 0.575 0.355 0.262 0.217 0.173 0.130 0.088 0.047 0.032 0.028 0.023 0.017 0.010 0.003 0.000 0.000 0.000 0.000 0.000 0.000 0.000 0.000 0.000 0.000 0.000 0.000 0.000 0.000 0.000 0.000 0.000 0.000 0.000 0.000 0.000
2.427 2.597 2.755 2.906 3.057 3.207 3.357 3.507 3.638 3.759 3.881 4.002 4.124 4.247 4.310 4.337 4.362 4.384 4.402 4.418 4.382 4.314 4.242 4.167 4.087 4.003 3.843 3.632 3.416 3.193 2.962 2.732 2.544 2.379 2.208 2.032 1.851 1.664 1.454 1.232 1.014 0.799 0.588 0.381 0.270 0.229 0.188 0.148 0.109 0.070 0.050 0.043 0.035 0.026 0.016 0.005 0.000 0.000 0.000 0.000 0.000 0.000 0.000 0.000 0.000 0.000 0.000 0.000 0.000 0.000 0.000 0.000 0.000 0.000 0.000 0.000 0.000
2.707 2.885 3.050 3.200 3.349 3.498 3.647 3.796 3.931 4.053 4.175 4.298 4.421 4.544 4.616 4.632 4.646 4.657 4.665 4.669 4.632 4.550 4.462 4.359 4.248 4.129 3.953 3.722 3.492 3.262 3.033 2.805 2.599 2.415 2.225 2.030 1.830 1.624 1.413 1.204 0.998 0.796 0.598 0.403 0.278 0.239 0.201 0.164 0.128 0.093 0.069 0.059 0.048 0.035 0.022 0.010 0.003 0.004 0.004 0.004 0.003 0.001 0.000 0.000 0.000 0.000 0.000 0.000 0.000 0.000 0.000 0.000 0.000 0.000 0.000 0.000 0.000
2.984 3.170 3.344 3.493 3.641 3.789 3.937 4.084 4.223 4.346 4.469 4.593 4.717 4.841 4.924 4.931 4.934 4.929 4.918 4.900 4.847 4.732 4.609 4.478 4.339 4.192 4.014 3.786 3.557 3.330 3.103 2.877 2.660 2.457 2.248 2.034 1.815 1.589 1.369 1.173 0.979 0.790 0.604 0.421 0.284 0.249 0.214 0.180 0.148 0.114 0.087 0.075 0.062 0.050 0.037 0.025 0.015 0.014 0.012 0.010 0.007 0.003 0.000 0.000 0.000 0.000 0.000 0.000 0.000 0.000 0.000 0.000 0.000 0.000 0.000 0.000 0.000
3.258 3.453 3.639 3.787 3.934 4.081 4.227 4.373 4.528 4.671 4.808 4.937 5.061 5.177 5.264 5.249 5.227 5.199 5.164 5.122 5.056 4.913 4.763 4.604 4.438 4.264 4.075 3.848 3.623 3.397 3.173 2.949 2.727 2.504 2.277 2.043 1.805 1.561 1.322 1.138 0.961 0.793 0.623 0.453 0.304 0.271 0.237 0.203 0.169 0.135 0.103 0.090 0.078 0.065 0.052 0.039 0.028 0.024 0.021 0.016 0.011 0.005 0.000 0.000 0.000 0.000 0.000 0.000 0.000 0.000 0.000 0.000 0.000 0.000 0.000 0.000 0.000
3.529 3.740 3.954 4.119 4.287 4.460 4.636 4.817 4.999 5.119 5.232 5.338 5.438 5.531 5.612 5.573 5.528 5.475 5.416 5.350 5.273 5.103 4.925 4.739 4.546 4.344 4.134 3.910 3.687 3.464 3.242 3.020 2.799 2.554 2.308 2.065 1.827 1.592 1.363 1.193 1.022 0.850 0.677 0.504 0.331 0.297 0.262 0.227 0.191 0.155 0.119 0.106 0.093 0.080 0.067 0.054 0.041 0.036 0.030 0.023 0.016 0.008 0.000 0.000 0.000 0.000 0.000 0.000 0.000 0.000 0.000 0.000 0.000 0.000 0.000 0.000 0.000
3.862 4.091 4.324 4.509 4.692 4.879 5.071 5.267 5.467 5.573 5.663 5.746 5.822 5.892 5.955 5.904 5.835 5.759 5.675 5.586 5.489 5.301 5.095 4.882 4.661 4.432 4.190 3.957 3.726 3.495 3.263 3.030 2.797 2.561 2.329 2.100 1.875 1.654 1.436 1.258 1.084 0.908 0.732 0.555 0.377 0.324 0.288 0.251 0.214 0.176 0.138 0.122 0.109 0.096 0.082 0.069 0.055 0.047 0.039 0.030 0.021 0.011 0.001 0.000 0.000 0.000 0.000 0.000 0.000 0.000 0.000 0.000 0.000 0.000 0.000 0.000 0.000
4.191 4.436 4.685 4.893 5.091 5.294 5.500 5.711 5.925 6.033 6.100 6.160 6.213 6.259 6.299 6.242 6.149 6.049 5.942 5.816 5.689 5.481 5.240 4.992 4.736 4.472 4.202 3.958 3.725 3.492 3.259 3.025 2.790 2.564 2.345 2.130 1.918 1.711 1.507 1.324 1.146 0.968 0.788 0.608 0.426 0.351 0.313 0.275 0.237 0.198 0.158 0.138 0.125 0.111 0.097 0.081 0.065 0.054 0.044 0.034 0.024 0.014 0.003 0.000 0.000 0.000 0.000 0.000 0.000 0.000 0.000 0.000 0.000 0.000 0.000 0.000 0.000
4.516 4.776 5.040 5.273 5.486 5.703 5.924 6.149 6.379 6.501 6.544 6.580 6.573 6.564 6.552 6.469 6.341 6.214 6.088 5.962 5.838 5.631 5.364 5.089 4.807 4.518 4.221 3.960 3.725 3.490 3.255 3.020 2.784 2.564 2.358 2.156 1.958 1.764 1.574 1.391 1.210 1.028 0.845 0.661 0.476 0.378 0.340 0.301 0.263 0.224 0.186 0.161 0.145 0.129 0.111 0.093 0.074 0.060 0.049 0.039 0.028 0.016 0.005 0.000 0.000 0.000 0.000 0.000 0.000 0.000 0.000 0.000 0.000 0.000 0.000 0.000 0.000
4.835 5.110 5.390 5.647 5.873 6.083 6.285 6.477 6.660 6.753 6.742 6.729 6.713 6.694 6.673 6.604 6.479 6.354 6.230 6.107 5.985 5.789 5.495 5.195 4.886 4.571 4.248 3.961 3.725 3.489 3.252 3.015 2.777 2.559 2.367 2.179 1.994 1.804 1.611 1.418 1.229 1.044 0.863 0.687 0.515 0.406 0.367 0.329 0.291 0.252 0.214 0.185 0.166 0.147 0.127 0.106 0.084 0.066 0.055 0.043 0.031 0.019 0.007 0.000 0.000 0.000 0.000 0.000 0.000 0.000 0.000 0.000 0.000 0.000 0.000 0.000 0.000
5.174 5.455 5.733 5.983 6.170 6.349 6.518 6.678 6.829 6.923 6.903 6.881 6.856 6.828 6.797 6.737 6.615 6.493 6.372 6.252 6.132 5.954 5.634 5.308 4.973 4.632 4.283 3.964 3.726 3.488 3.244 3.004 2.768 2.548 2.356 2.162 1.966 1.769 1.571 1.378 1.204 1.034 0.869 0.707 0.551 0.433 0.395 0.357 0.318 0.280 0.242 0.209 0.188 0.166 0.143 0.119 0.094 0.073 0.061 0.048 0.035 0.022 0.009 0.000 0.000 0.000 0.000 0.000 0.000 0.000 0.000 0.000 0.000 0.000 0.000 0.000 0.000
5.543 5.812 6.076 6.323 6.478 6.624 6.761 6.889 7.007 7.097 7.067 7.035 7.001 6.964 6.924 6.870 6.750 6.631 6.512 6.395 6.278 6.127 5.776 5.386 5.001 4.622 4.249 3.901 3.663 3.429 3.199 2.972 2.750 2.536 2.338 2.139 1.938 1.736 1.532 1.334 1.175 1.020 0.870 0.723 0.581 0.461 0.423 0.384 0.346 0.308 0.270 0.235 0.210 0.185 0.159 0.132 0.104 0.079 0.065 0.052 0.038 0.025 0.011 0.000 0.000 0.000 0.000 0.000 0.000 0.000 0.000 0.000 0.000 0.000 0.000 0.000 0.000
5.916 6.172 6.423 6.671 6.795 6.909 7.013 7.109 7.195 7.272 7.234 7.193 7.149 7.103 7.053 6.992 6.833 6.671 6.505 6.335 6.160 5.980 5.604 5.233 4.868 4.509 4.155 3.809 3.585 3.365 3.149 2.937 2.729 2.525 2.322 2.117 1.911 1.704 1.495 1.286 1.142 1.002 0.867 0.735 0.608 0.488 0.450 0.412 0.372 0.332 0.292 0.252 0.224 0.196 0.168 0.139 0.110 0.082 0.068 0.055 0.041 0.027 0.013 0.000 0.000 0.000 0.000 0.000 0.000 0.000 0.000 0.000 0.000 0.000 0.000 0.000 0.000
6.293 6.535 6.774 7.009 7.122 7.203 7.276 7.339 7.393 7.433 7.383 7.304 7.212 7.105 6.984 6.849 6.681 6.504 6.324 6.140 5.952 5.760 5.426 5.075 4.729 4.390 4.056 3.727 3.502 3.296 3.095 2.897 2.703 2.513 2.307 2.098 1.886 1.674 1.460 1.244 1.105 0.984 0.866 0.748 0.631 0.516 0.467 0.427 0.387 0.346 0.305 0.265 0.235 0.206 0.176 0.147 0.117 0.087 0.071 0.057 0.043 0.029 0.015 0.001 0.000 0.000 0.000 0.000 0.000 0.000 0.000 0.000 0.000 0.000 0.000 0.000 0.000
6.673 6.913 7.159 7.404 7.524 7.573 7.604 7.618 7.614 7.593 7.503 7.375 7.233 7.076 6.906 6.721 6.533 6.342 6.148 5.950 5.748 5.542 5.242 4.911 4.585 4.265 3.951 3.642 3.416 3.224 3.036 2.853 2.673 2.497 2.285 2.067 1.855 1.648 1.446 1.249 1.112 0.996 0.881 0.767 0.653 0.541 0.483 0.442 0.401 0.360 0.319 0.278 0.245 0.215 0.185 0.154 0.123 0.092 0.074 0.060 0.046 0.032 0.018 0.003 0.000 0.000 0.000 0.000 0.000 0.000 0.000 0.000 0.000 0.000 0.000 0.000 0.000
7.176 7.417 7.658 7.896 8.008 7.995 7.966 7.918 7.854 7.772 7.638 7.461 7.269 7.063 6.843 6.609 6.389 6.185 5.977 5.765 5.549 5.329 5.053 4.741 4.435 4.135 3.838 3.539 3.303 3.114 2.929 2.747 2.569 2.394 2.204 2.004 1.810 1.621 1.437 1.258 1.120 1.007 0.895 0.784 0.674 0.566 0.498 0.457 0.416 0.374 0.332 0.291 0.256 0.225 0.194 0.162 0.130 0.099 0.078 0.063 0.049 0.034 0.020 0.005 0.000 0.000 0.000 0.000 0.000 0.000 0.000 0.000 0.000 0.000 0.000 0.000 0.000
7.687 7.923 8.157 8.390 8.510 8.437 8.346 8.238 8.112 7.969 7.788 7.561 7.320 7.065 6.796 6.512 6.250 6.032 5.810 5.584 5.350 5.107 4.833 4.532 4.235 3.942 3.654 3.371 3.135 2.958 2.786 2.616 2.450 2.288 2.117 1.936 1.760 1.588 1.423 1.262 1.126 1.017 0.908 0.801 0.695 0.589 0.514 0.472 0.430 0.388 0.346 0.304 0.266 0.234 0.202 0.170 0.137 0.104 0.080 0.065 0.051 0.036 0.022 0.007 0.000 0.000 0.000 0.000 0.000 0.000 0.000 0.000 0.000 0.000 0.000 0.000 0.000
8.199 8.429 8.657 8.884 9.030 8.896 8.744 8.575 8.389 8.185 7.954 7.677 7.399 7.115 6.808 6.478 6.159 5.920 5.672 5.414 5.146 4.867 4.580 4.295 4.014 3.738 3.466 3.199 2.963 2.799 2.639 2.482 2.328 2.178 2.026 1.862 1.704 1.551 1.403 1.260 1.132 1.026 0.921 0.817 0.714 0.612 0.531 0.489 0.446 0.404 0.360 0.317 0.276 0.243 0.210 0.177 0.143 0.109 0.082 0.067 0.053 0.038 0.024 0.009 0.000 0.000 0.000 0.000 0.000 0.000 0.000 0.000 0.000 0.000 0.000 0.000 0.000
8.712 8.936 9.159 9.380 9.569 9.376 9.178 8.976 8.770 8.559 8.336 8.017 7.676 7.312 6.926 6.517 6.103 5.830 5.547 5.254 4.951 4.639 4.323 4.054 3.789 3.529 3.273 3.022 2.788 2.637 2.489 2.344 2.203 2.065 1.929 1.783 1.643 1.508 1.379 1.251 1.128 1.025 0.924 0.826 0.729 0.635 0.551 0.508 0.464 0.420 0.375 0.330 0.287 0.253 0.219 0.184 0.150 0.115 0.084 0.070 0.055 0.040 0.026 0.011 0.000 0.000 0.000 0.000 0.000 0.000 0.000 0.000 0.000 0.000 0.000 0.000 0.000
9.083 9.295 9.528 9.784 10.063 9.893 9.680 9.463 9.242 9.016 8.786 8.398 7.977 7.534 7.068 6.579 6.068 5.751 5.433 5.106 4.768 4.421 4.064 3.808 3.559 3.315 3.076 2.841 2.611 2.471 2.335 2.214 2.093 1.975 1.859 1.730 1.603 1.478 1.354 1.232 1.112 1.016 0.923 0.831 0.742 0.655 0.572 0.527 0.482 0.436 0.390 0.343 0.297 0.262 0.227 0.192 0.156 0.121 0.086 0.072 0.057 0.043 0.028 0.013 0.000 0.000 0.000 0.000 0.000 0.000 0.000 0.000 0.000 0.000 0.000 0.000 0.000
9.211 9.500 9.812 10.145 10.500 10.414 10.187 9.954 9.718 9.477 9.232 8.802 8.302 7.780 7.234 6.666 6.076 5.682 5.330 4.968 4.596 4.214 3.822 3.561 3.346 3.133 2.922 2.715 2.509 2.377 2.260 2.144 2.030 1.918 1.808 1.687 1.565 1.446 1.327 1.211 1.096 1.005 0.919 0.835 0.753 0.674 0.596 0.547 0.500 0.453 0.405 0.357 0.309 0.272 0.236 0.200 0.164 0.127 0.089 0.073 0.058 0.044 0.029 0.015 0.000 0.000 0.000 0.000 0.000 0.000 0.000 0.000 0.000 0.000 0.000 0.000 0.000
