DATA/SHG/CPC/2018/20180712.asc
ncols        190
nrows        64
xllcorner    -5100000.000000000000
yllcorner    4130000.000000000000
cellsize     10000.000000000000
NODATA_value  -99999.000
[rows 0 to 32 of 64, columns 0 to 72 of 190]
0.650 0.655 0.660 0.666 0.671 0.677 0.687 0.698 0.709 0.721 0.732 0.743 0.744 0.742 0.741 0.740 0.738 0.738 0.728 0.714 0.699 0.683 0.667 0.650 0.617 0.576 0.535 0.493 0.450 0.407 0.370 0.337 0.305 0.273 0.241 0.210 0.196 0.194 0.191 0.190 0.188 0.187 0.187 0.188 0.188 0.189 0.190 0.190 0.191 0.191 0.191 0.192 0.192 0.192 0.193 0.195 0.197 0.198 0.200 0.202 0.202 0.201 0.199 0.197 0.195 0.193 0.190 0.185 0.181 0.176 0.172 0.168 0.163
0.654 0.660 0.665 0.671 0.678 0.684 0.693 0.704 0.715 0.726 0.737 0.748 0.752 0.751 0.750 0.750 0.750 0.750 0.741 0.724 0.707 0.688 0.670 0.650 0.618 0.576 0.532 0.488 0.443 0.398 0.359 0.328 0.298 0.269 0.240 0.213 0.197 0.195 0.194 0.194 0.194 0.194 0.194 0.195 0.196 0.196 0.197 0.197 0.198 0.198 0.199 0.199 0.200 0.201 0.202 0.203 0.205 0.207 0.209 0.211 0.210 0.208 0.205 0.202 0.199 0.196 0.193 0.188 0.184 0.180 0.176 0.173 0.168
0.658 0.664 0.670 0.677 0.684 0.691 0.700 0.711 0.721 0.732 0.743 0.754 0.760 0.759 0.760 0.760 0.760 0.761 0.754 0.735 0.715 0.693 0.670 0.647 0.616 0.571 0.525 0.480 0.434 0.387 0.347 0.319 0.291 0.265 0.239 0.214 0.197 0.197 0.197 0.198 0.199 0.200 0.202 0.203 0.203 0.204 0.204 0.205 0.205 0.206 0.206 0.207 0.208 0.209 0.209 0.211 0.212 0.212 0.213 0.213 0.213 0.210 0.207 0.204 0.201 0.198 0.195 0.191 0.188 0.184 0.180 0.177 0.174
0.661 0.668 0.675 0.682 0.690 0.697 0.706 0.717 0.728 0.738 0.749 0.759 0.767 0.769 0.770 0.771 0.770 0.769 0.761 0.738 0.715 0.691 0.666 0.641 0.611 0.565 0.518 0.472 0.425 0.377 0.334 0.309 0.284 0.260 0.237 0.214 0.196 0.198 0.199 0.201 0.204 0.207 0.209 0.210 0.210 0.212 0.212 0.213 0.214 0.215 0.215 0.216 0.216 0.216 0.216 0.217 0.217 0.217 0.216 0.216 0.215 0.212 0.209 0.206 0.203 0.200 0.197 0.194 0.191 0.188 0.184 0.182 0.179
0.664 0.672 0.679 0.687 0.695 0.704 0.715 0.729 0.742 0.756 0.769 0.782 0.793 0.791 0.789 0.785 0.780 0.774 0.765 0.741 0.715 0.689 0.663 0.636 0.606 0.559 0.512 0.464 0.416 0.368 0.321 0.298 0.276 0.255 0.234 0.214 0.196 0.198 0.203 0.208 0.212 0.217 0.222 0.223 0.223 0.224 0.224 0.225 0.225 0.225 0.225 0.225 0.225 0.224 0.224 0.223 0.222 0.221 0.220 0.219 0.217 0.214 0.211 0.208 0.205 0.203 0.200 0.197 0.194 0.191 0.190 0.188 0.186
0.673 0.685 0.696 0.708 0.720 0.732 0.745 0.758 0.771 0.784 0.796 0.809 0.821 0.815 0.809 0.801 0.792 0.781 0.770 0.744 0.716 0.688 0.660 0.631 0.601 0.554 0.506 0.457 0.408 0.359 0.310 0.290 0.273 0.257 0.241 0.225 0.210 0.212 0.217 0.221 0.226 0.231 0.235 0.236 0.236 0.236 0.236 0.236 0.235 0.235 0.235 0.234 0.233 0.232 0.231 0.230 0.228 0.226 0.224 0.222 0.219 0.216 0.214 0.213 0.212 0.211 0.209 0.207 0.206 0.203 0.201 0.198 0.196
0.699 0.711 0.723 0.736 0.748 0.761 0.775 0.787 0.799 0.812 0.824 0.835 0.847 0.841 0.830 0.818 0.804 0.790 0.774 0.748 0.718 0.688 0.658 0.627 0.594 0.550 0.502 0.456 0.410 0.366 0.322 0.300 0.284 0.269 0.254 0.240 0.226 0.226 0.230 0.235 0.240 0.244 0.249 0.250 0.250 0.249 0.248 0.247 0.246 0.245 0.244 0.243 0.242 0.240 0.239 0.238 0.238 0.237 0.236 0.235 0.233 0.232 0.231 0.229 0.227 0.225 0.223 0.221 0.218 0.215 0.212 0.209 0.206
0.724 0.737 0.750 0.763 0.776 0.790 0.804 0.816 0.828 0.840 0.851 0.863 0.874 0.867 0.852 0.836 0.821 0.806 0.788 0.762 0.731 0.698 0.663 0.627 0.589 0.546 0.502 0.458 0.416 0.374 0.333 0.309 0.295 0.281 0.267 0.254 0.242 0.239 0.244 0.249 0.253 0.258 0.263 0.264 0.263 0.262 0.261 0.259 0.258 0.258 0.259 0.259 0.259 0.260 0.260 0.260 0.258 0.257 0.255 0.253 0.251 0.249 0.247 0.245 0.242 0.240 0.237 0.234 0.231 0.228 0.224 0.220 0.216
0.748 0.762 0.776 0.790 0.804 0.818 0.833 0.846 0.857 0.870 0.886 0.903 0.923 0.925 0.908 0.889 0.868 0.845 0.819 0.787 0.750 0.711 0.671 0.629 0.585 0.541 0.500 0.459 0.420 0.381 0.343 0.317 0.305 0.292 0.280 0.268 0.257 0.253 0.258 0.262 0.267 0.271 0.275 0.277 0.276 0.276 0.276 0.277 0.278 0.279 0.280 0.280 0.281 0.281 0.282 0.281 0.279 0.277 0.275 0.272 0.269 0.266 0.264 0.261 0.258 0.255 0.252 0.248 0.244 0.240 0.236 0.231 0.227
0.772 0.787 0.802 0.817 0.831 0.846 0.860 0.876 0.895 0.915 0.938 0.963 0.990 0.998 0.974 0.947 0.918 0.886 0.852 0.814 0.771 0.726 0.680 0.632 0.582 0.536 0.497 0.460 0.423 0.388 0.353 0.326 0.314 0.303 0.290 0.278 0.267 0.261 0.265 0.269 0.273 0.278 0.283 0.287 0.288 0.289 0.292 0.294 0.298 0.300 0.301 0.301 0.302 0.303 0.303 0.303 0.300 0.297 0.294 0.291 0.287 0.283 0.280 0.277 0.273 0.271 0.271 0.271 0.269 0.267 0.265 0.262 0.259
0.798 0.814 0.829 0.843 0.858 0.872 0.887 0.904 0.930 0.958 0.988 1.021 1.055 1.075 1.042 1.007 0.969 0.930 0.888 0.843 0.794 0.744 0.691 0.637 0.582 0.529 0.501 0.479 0.450 0.412 0.367 0.321 0.310 0.299 0.289 0.279 0.271 0.265 0.269 0.274 0.280 0.285 0.291 0.296 0.299 0.303 0.307 0.311 0.316 0.321 0.322 0.323 0.323 0.324 0.325 0.325 0.322 0.318 0.315 0.314 0.313 0.312 0.312 0.312 0.312 0.312 0.312 0.312 0.309 0.305 0.301 0.297 0.292
0.824 0.841 0.856 0.870 0.884 0.899 0.913 0.929 0.963 0.998 1.036 1.076 1.117 1.153 1.112 1.069 1.024 0.976 0.926 0.904 0.898 0.879 0.848 0.804 0.748 0.681 0.639 0.589 0.531 0.465 0.391 0.311 0.302 0.294 0.286 0.279 0.273 0.268 0.273 0.279 0.285 0.292 0.298 0.305 0.310 0.315 0.321 0.328 0.335 0.342 0.343 0.344 0.346 0.348 0.351 0.354 0.353 0.353 0.352 0.352 0.353 0.354 0.354 0.354 0.354 0.353 0.353 0.353 0.349 0.344 0.338 0.332 0.325
0.850 0.868 0.883 0.897 0.911 0.925 0.939 0.954 0.993 1.036 1.081 1.128 1.218 1.335 1.352 1.359 1.363 1.362 1.357 1.349 1.301 1.238 1.163 1.075 0.974 0.861 0.786 0.708 0.621 0.526 0.423 0.312 0.294 0.288 0.283 0.279 0.275 0.272 0.277 0.284 0.291 0.298 0.306 0.313 0.320 0.327 0.335 0.343 0.352 0.361 0.364 0.368 0.371 0.376 0.381 0.387 0.388 0.389 0.390 0.391 0.393 0.395 0.395 0.395 0.395 0.395 0.395 0.394 0.389 0.382 0.375 0.367 0.359
0.876 0.895 0.909 0.924 0.938 0.968 1.006 1.052 1.141 1.251 1.376 1.515 1.668 1.836 1.869 1.862 1.852 1.837 1.819 1.797 1.717 1.610 1.490 1.358 1.213 1.056 0.941 0.834 0.719 0.596 0.464 0.325 0.286 0.282 0.280 0.278 0.276 0.276 0.281 0.289 0.296 0.304 0.312 0.321 0.329 0.338 0.347 0.357 0.368 0.378 0.385 0.391 0.397 0.403 0.410 0.418 0.422 0.424 0.426 0.429 0.432 0.435 0.436 0.436 0.436 0.436 0.436 0.436 0.430 0.435 0.445 0.458 0.473
0.914 0.935 0.966 1.008 1.058 1.115 1.179 1.251 1.375 1.536 1.710 1.899 2.102 2.320 2.389 2.368 2.344 2.316 2.284 2.248 2.145 1.994 1.830 1.654 1.466 1.264 1.105 0.969 0.825 0.675 0.538 0.374 0.304 0.305 0.304 0.300 0.293 0.284 0.284 0.293 0.301 0.310 0.319 0.328 0.338 0.348 0.359 0.371 0.383 0.396 0.405 0.413 0.421 0.430 0.439 0.449 0.456 0.459 0.463 0.466 0.471 0.476 0.484 0.493 0.504 0.519 0.536 0.556 0.574 0.590 0.609 0.630 0.653
0.969 0.987 1.027 1.095 1.171 1.254 1.344 1.441 1.593 1.804 2.029 2.268 2.521 2.788 2.912 2.878 2.840 2.798 2.753 2.703 2.586 2.391 2.203 2.067 1.906 1.720 1.549 1.398 1.220 1.013 0.778 0.515 0.360 0.352 0.342 0.329 0.313 0.295 0.288 0.297 0.306 0.315 0.325 0.335 0.345 0.358 0.371 0.384 0.398 0.412 0.425 0.434 0.445 0.456 0.467 0.480 0.490 0.498 0.508 0.520 0.535 0.551 0.569 0.588 0.609 0.634 0.661 0.691 0.719 0.743 0.770 0.799 0.830
1.025 1.039 1.081 1.174 1.276 1.384 1.500 1.623 1.796 2.056 2.331 2.620 2.923 3.240 3.439 3.435 3.497 3.553 3.602 3.645 3.616 3.442 3.242 3.016 2.764 2.487 2.211 1.962 1.685 1.380 1.047 0.686 0.419 0.402 0.383 0.360 0.336 0.308 0.290 0.300 0.310 0.320 0.331 0.341 0.353 0.367 0.382 0.397 0.411 0.426 0.440 0.452 0.465 0.479 0.494 0.510 0.526 0.541 0.559 0.579 0.601 0.625 0.652 0.680 0.711 0.745 0.782 0.822 0.861 0.894 0.929 0.966 1.006
1.082 1.093 1.126 1.245 1.372 1.507 1.648 1.797 2.061 2.503 2.952 3.408 3.872 4.342 4.734 4.780 4.819 4.852 4.878 4.899 4.863 4.598 4.307 3.990 3.648 3.280 2.900 2.553 2.178 1.775 1.344 0.885 0.481 0.455 0.426 0.395 0.361 0.324 0.293 0.304 0.314 0.325 0.336 0.348 0.360 0.375 0.390 0.405 0.420 0.436 0.452 0.467 0.483 0.501 0.519 0.538 0.559 0.582 0.608 0.635 0.665 0.697 0.732 0.770 0.811 0.854 0.901 0.950 1.001 1.042 1.085 1.130 1.181
1.139 1.207 1.325 1.584 1.865 2.169 2.496 2.846 3.222 3.689 4.163 4.644 5.132 5.628 6.106 6.129 6.146 6.156 6.160 6.157 6.134 5.779 5.397 4.991 4.558 4.100 3.618 3.173 2.700 2.199 1.670 1.113 0.546 0.516 0.485 0.447 0.402 0.351 0.294 0.306 0.317 0.329 0.341 0.354 0.367 0.382 0.398 0.413 0.429 0.445 0.462 0.481 0.500 0.521 0.543 0.566 0.590 0.621 0.654 0.689 0.727 0.767 0.809 0.856 0.907 0.961 1.023 1.091 1.165 1.232 1.305 1.384 1.471
1.644 1.818 2.016 2.344 2.706 3.089 3.496 3.925 4.377 4.866 5.365 5.871 6.383 6.903 7.430 7.483 7.477 7.465 7.446 7.421 7.390 6.985 6.514 6.016 5.493 4.945 4.345 3.770 3.190 2.600 1.999 1.387 0.764 0.649 0.594 0.533 0.464 0.389 0.306 0.307 0.320 0.333 0.346 0.359 0.373 0.389 0.405 0.422 0.438 0.455 0.471 0.493 0.517 0.541 0.566 0.593 0.620 0.657 0.696 0.736 0.778 0.824 0.873 0.936 1.007 1.085 1.168 1.258 1.354 1.446 1.542 1.644 1.754
2.137 2.399 2.687 3.079 3.520 3.983 4.470 4.978 5.510 6.034 6.557 7.088 7.625 8.169 8.721 8.842 8.814 8.779 8.738 8.706 8.620 8.165 7.571 6.943 6.282 5.588 4.861 4.217 3.599 2.970 2.330 1.679 1.017 0.790 0.711 0.625 0.533 0.433 0.327 0.308 0.322 0.336 0.350 0.365 0.380 0.396 0.413 0.430 0.447 0.464 0.481 0.503 0.526 0.549 0.572 0.595 0.619 0.658 0.705 0.756 0.810 0.868 0.928 1.009 1.102 1.202 1.307 1.419 1.537 1.653 1.772 1.898 2.030
2.601 2.952 3.329 3.788 4.308 4.851 5.417 6.005 6.616 7.192 7.740 8.297 9.014 9.735 10.461 10.748 10.692 10.574 10.394 10.151 9.847 9.297 8.586 7.842 7.064 6.254 5.410 4.675 4.018 3.350 2.671 1.981 1.280 0.937 0.834 0.725 0.608 0.485 0.355 0.309 0.324 0.339 0.354 0.370 0.385 0.399 0.414 0.428 0.442 0.456 0.469 0.489 0.512 0.536 0.560 0.584 0.608 0.651 0.710 0.773 0.839 0.908 0.980 1.076 1.191 1.312 1.440 1.574 1.714 1.854 1.996 2.144 2.299
3.036 3.476 3.942 4.471 5.098 5.868 6.667 7.496 8.354 9.163 9.886 10.614 11.346 12.083 12.825 13.130 12.856 12.519 12.121 11.660 11.138 10.462 9.635 8.774 7.880 6.954 5.994 5.144 4.448 3.741 3.024 2.295 1.556 1.092 0.965 0.831 0.691 0.547 0.390 0.305 0.319 0.334 0.348 0.362 0.377 0.391 0.405 0.418 0.431 0.444 0.457 0.474 0.498 0.523 0.547 0.572 0.597 0.642 0.713 0.787 0.864 0.945 1.029 1.137 1.274 1.417 1.567 1.722 1.885 2.036 2.173 2.315 2.462
3.926 4.590 5.276 6.015 6.859 7.732 8.635 9.567 10.529 11.440 12.179 12.923 13.671 14.423 15.180 15.575 15.083 14.528 13.912 13.233 12.493 11.661 10.717 9.740 8.730 7.688 6.612 5.624 4.889 4.144 3.429 2.689 1.921 1.330 1.181 1.017 0.839 0.647 0.440 0.295 0.309 0.324 0.339 0.354 0.369 0.383 0.396 0.408 0.421 0.432 0.444 0.460 0.485 0.510 0.535 0.560 0.586 0.629 0.712 0.797 0.886 0.979 1.066 1.164 1.300 1.440 1.583 1.729 1.878 2.030 2.186 2.347 2.513
5.338 6.077 6.837 7.639 8.586 9.562 10.568 11.603 12.668 13.709 14.464 15.223 15.987 16.755 17.528 18.083 17.373 16.601 15.766 14.870 13.912 12.893 11.838 10.795 9.731 8.646 7.538 6.474 5.719 4.936 4.126 3.287 2.421 1.644 1.445 1.231 1.003 0.761 0.505 0.284 0.299 0.314 0.329 0.345 0.360 0.376 0.387 0.399 0.410 0.421 0.432 0.445 0.471 0.496 0.522 0.545 0.566 0.597 0.678 0.758 0.838 0.917 0.996 1.086 1.234 1.384 1.538 1.695 1.855 2.019 2.193 2.373 2.558
6.724 7.538 8.373 9.229 10.278 11.357 12.466 13.604 14.772 15.969 16.741 17.515 18.295 19.078 19.867 20.602 19.522 18.460 17.416 16.391 15.384 14.393 13.296 12.178 11.038 9.876 8.692 7.493 6.640 5.759 4.850 3.914 2.949 1.972 1.723 1.460 1.182 0.890 0.584 0.273 0.288 0.304 0.320 0.336 0.352 0.368 0.379 0.390 0.398 0.405 0.413 0.421 0.442 0.462 0.482 0.500 0.518 0.537 0.616 0.694 0.772 0.849 0.926 1.006 1.164 1.326 1.490 1.657 1.828 2.002 2.195 2.394 2.599
8.084 8.973 9.883 10.814 11.935 13.117 14.329 15.570 16.846 18.095 18.859 19.494 20.079 20.614 21.099 21.535 20.728 19.729 18.748 17.786 16.841 15.915 14.776 13.581 12.365 11.127 9.868 8.587 7.589 6.610 5.603 4.568 3.506 2.415 2.016 1.702 1.375 1.033 0.677 0.307 0.278 0.291 0.304 0.317 0.329 0.341 0.349 0.357 0.365 0.373 0.382 0.391 0.408 0.425 0.441 0.456 0.471 0.484 0.555 0.631 0.707 0.782 0.857 0.931 1.092 1.264 1.439 1.617 1.798 1.982 2.193 2.410 2.634
9.419 10.527 11.740 12.955 14.246 15.524 16.743 17.906 19.010 20.057 20.714 21.174 21.584 21.944 22.254 22.515 21.913 20.977 20.059 19.159 18.278 17.414 16.277 15.006 13.714 12.400 11.064 9.707 8.566 7.489 6.384 5.252 4.091 2.900 2.272 1.879 1.489 1.101 0.717 0.336 0.248 0.260 0.272 0.283 0.294 0.305 0.314 0.323 0.332 0.341 0.351 0.361 0.374 0.388 0.401 0.413 0.424 0.434 0.494 0.569 0.643 0.716 0.789 0.861 1.017 1.199 1.389 1.589 1.795 2.010 2.261 2.531 2.812
12.466 13.682 14.898 16.114 17.279 18.355 19.372 20.332 21.234 22.078 22.621 22.906 23.141 23.326 23.461 23.547 23.077 22.204 21.349 20.513 19.694 18.893 17.799 16.452 15.084 13.694 12.262 10.697 9.292 8.032 6.771 5.510 4.248 2.986 2.240 1.857 1.478 1.101 0.728 0.358 0.218 0.229 0.240 0.250 0.260 0.270 0.279 0.289 0.299 0.309 0.320 0.330 0.342 0.352 0.362 0.371 0.379 0.386 0.434 0.508 0.583 0.656 0.729 0.801 0.959 1.169 1.387 1.611 1.843 2.082 2.363 2.673 2.994
15.613 16.831 18.049 19.268 20.372 21.244 22.060 22.817 23.517 24.159 24.578 24.689 24.749 24.760 24.720 24.631 24.221 23.411 22.619 21.891 21.183 20.343 19.166 17.625 16.034 14.391 12.696 10.950 9.390 8.127 6.865 5.601 4.338 3.073 2.204 1.832 1.464 1.098 0.736 0.377 0.188 0.198 0.208 0.217 0.226 0.235 0.244 0.255 0.266 0.277 0.288 0.300 0.312 0.322 0.332 0.340 0.347 0.353 0.392 0.464 0.536 0.608 0.678 0.749 0.900 1.135 1.378 1.627 1.884 2.148 2.455 2.804 3.164
18.755 19.975 21.196 22.417 23.522 24.193 24.806 25.362 25.859 26.300 26.587 26.523 26.786 27.273 27.490 27.437 27.045 26.271 25.365 24.329 23.161 21.861 20.374 18.653 16.881 15.058 13.183 11.257 9.488 8.224 6.959 5.693 4.428 3.161 2.165 1.804 1.447 1.092 0.741 0.393 0.159 0.168 0.176 0.185 0.193 0.203 0.215 0.229 0.244 0.259 0.275 0.291 0.304 0.310 0.315 0.319 0.322 0.324 0.350 0.421 0.491 0.560 0.628 0.696 0.834 1.094 1.362 1.637 1.918 2.207 2.535 2.924 3.324
21.891 23.114 24.337 25.560 26.732 27.606 28.807 30.114 31.527 33.045 34.540 34.621 34.432 33.973 33.243 32.243 30.998 29.764 28.399 26.902 25.275 23.516 21.635 19.735 17.782 15.779 13.724 11.618 9.587 8.321 7.054 5.786 4.518 3.250 2.123 1.773 1.427 1.083 0.735 0.401 0.137 0.147 0.158 0.169 0.179 0.190 0.201 0.217 0.232 0.249 0.265 0.282 0.296 0.299 0.300 0.300 0.299 0.297 0.310 0.378 0.446 0.513 0.579 0.645 0.761 1.047 1.339 1.639 1.945 2.259 2.623 3.128 3.649
25.816 27.589 29.503 31.556 33.749 35.282 36.852 38.527 40.308 42.195 44.187 43.494 42.359 40.953 39.278 37.333 35.117 33.392 31.568 29.612 27.525 25.308 22.959 20.869 18.737 16.553 14.318 12.032 9.695 8.418 7.153 5.920 4.640 3.311 1.946 1.604 1.277 0.965 0.667 0.385 0.125 0.135 0.146 0.156 0.166 0.176 0.187 0.204 0.221 0.238 0.255 0.273 0.290 0.289 0.286 0.282 0.277 0.271 0.270 0.336 0.401 0.466 0.531 0.608 0.740 1.106 1.488 1.887 2.304 2.736 3.198 3.761 4.340
