DATA/SHG/CPC/2018/20180428.asc
ncols        190
nrows        64
xllcorner    -5100000.000000000000
yllcorner    4130000.000000000000
cellsize     10000.000000000000
NODATA_value  -99999.000
[rows 0 to 33 of 64, columns 0 to 76 of 190]
0.000 0.000 0.000 0.000 0.001 0.002 0.003 0.004 0.005 0.007 0.008 0.010 0.021 0.036 0.051 0.065 0.079 0.093 0.131 0.180 0.229 0.278 0.328 0.377 0.478 0.605 0.733 0.861 0.988 1.116 1.254 1.397 1.540 1.684 1.828 1.965 2.058 2.120 2.184 2.249 2.315 2.382 2.428 2.455 2.483 2.511 2.540 2.570 2.600 2.630 2.660 2.692 2.725 2.758 2.792 2.827 2.863 2.899 2.936 2.974 3.000 3.010 3.021 3.031 3.042 3.052 3.051 3.034 3.019 3.004 2.990 2.978 2.958 2.922 2.888 2.853 2.819
0.000 0.001 0.002 0.004 0.005 0.007 0.009 0.011 0.012 0.014 0.016 0.018 0.027 0.041 0.055 0.068 0.082 0.095 0.128 0.177 0.226 0.276 0.326 0.375 0.466 0.593 0.721 0.849 0.973 1.097 1.227 1.365 1.502 1.639 1.775 1.910 2.014 2.081 2.149 2.219 2.289 2.361 2.416 2.445 2.475 2.506 2.537 2.569 2.602 2.635 2.669 2.704 2.740 2.777 2.814 2.852 2.890 2.929 2.968 3.004 3.027 3.029 3.032 3.036 3.040 3.044 3.044 3.031 3.019 3.008 2.998 2.989 2.975 2.941 2.907 2.874 2.841
0.001 0.003 0.005 0.007 0.010 0.013 0.015 0.017 0.019 0.021 0.024 0.026 0.033 0.046 0.059 0.072 0.084 0.097 0.124 0.174 0.223 0.271 0.320 0.368 0.444 0.568 0.692 0.815 0.937 1.058 1.184 1.319 1.455 1.589 1.723 1.856 1.970 2.041 2.114 2.187 2.262 2.338 2.403 2.435 2.467 2.500 2.534 2.568 2.603 2.639 2.677 2.715 2.752 2.789 2.825 2.858 2.891 2.922 2.953 2.983 3.007 3.011 3.016 3.021 3.026 3.031 3.035 3.026 3.018 3.010 3.004 2.999 2.992 2.959 2.927 2.895 2.863
0.001 0.004 0.007 0.010 0.014 0.017 0.021 0.023 0.026 0.028 0.031 0.034 0.039 0.052 0.063 0.074 0.084 0.094 0.113 0.161 0.209 0.257 0.305 0.353 0.418 0.540 0.661 0.781 0.901 1.019 1.141 1.274 1.407 1.540 1.671 1.803 1.924 2.000 2.077 2.155 2.234 2.314 2.390 2.424 2.458 2.492 2.526 2.561 2.597 2.634 2.670 2.707 2.745 2.782 2.820 2.850 2.879 2.908 2.936 2.962 2.988 2.993 2.999 3.005 3.012 3.019 3.026 3.020 3.016 3.012 3.010 3.008 3.008 2.977 2.946 2.915 2.885
0.001 0.004 0.008 0.013 0.017 0.022 0.027 0.030 0.033 0.036 0.039 0.042 0.046 0.055 0.065 0.073 0.081 0.088 0.099 0.147 0.195 0.243 0.291 0.339 0.393 0.512 0.630 0.748 0.865 0.982 1.098 1.230 1.361 1.491 1.621 1.750 1.877 1.957 2.033 2.112 2.193 2.275 2.361 2.396 2.432 2.468 2.506 2.545 2.585 2.623 2.661 2.699 2.737 2.775 2.814 2.842 2.869 2.894 2.919 2.943 2.966 2.974 2.982 2.989 2.997 3.005 3.014 3.014 3.013 3.014 3.018 3.023 3.029 3.007 2.980 2.953 2.927
0.003 0.009 0.014 0.020 0.025 0.030 0.035 0.038 0.041 0.044 0.047 0.050 0.052 0.060 0.067 0.073 0.078 0.083 0.088 0.134 0.182 0.230 0.277 0.325 0.373 0.485 0.601 0.716 0.831 0.945 1.056 1.179 1.303 1.425 1.547 1.668 1.788 1.874 1.958 2.045 2.133 2.224 2.317 2.364 2.403 2.444 2.486 2.529 2.573 2.612 2.651 2.690 2.729 2.768 2.808 2.835 2.859 2.882 2.903 2.924 2.945 2.956 2.966 2.978 2.991 3.005 3.019 3.027 3.032 3.038 3.044 3.051 3.059 3.043 3.018 2.993 2.969
0.013 0.018 0.023 0.029 0.034 0.039 0.043 0.046 0.049 0.052 0.055 0.058 0.060 0.065 0.070 0.073 0.077 0.079 0.081 0.120 0.168 0.216 0.263 0.309 0.352 0.448 0.557 0.664 0.771 0.877 0.982 1.099 1.220 1.339 1.458 1.576 1.693 1.790 1.882 1.976 2.072 2.170 2.271 2.331 2.374 2.419 2.464 2.511 2.559 2.601 2.641 2.681 2.721 2.761 2.801 2.829 2.849 2.871 2.893 2.915 2.938 2.955 2.970 2.985 3.001 3.017 3.035 3.046 3.053 3.061 3.069 3.078 3.088 3.079 3.055 3.032 3.010
0.023 0.028 0.033 0.038 0.042 0.047 0.052 0.055 0.058 0.060 0.063 0.066 0.068 0.071 0.073 0.075 0.075 0.075 0.074 0.104 0.147 0.190 0.231 0.271 0.310 0.391 0.497 0.601 0.704 0.807 0.908 1.020 1.137 1.254 1.370 1.485 1.599 1.703 1.803 1.904 2.008 2.114 2.222 2.296 2.344 2.392 2.442 2.493 2.540 2.582 2.619 2.658 2.698 2.740 2.783 2.815 2.838 2.862 2.885 2.910 2.935 2.956 2.973 2.991 3.010 3.029 3.049 3.064 3.074 3.083 3.094 3.105 3.117 3.114 3.092 3.071 3.050
0.033 0.037 0.042 0.047 0.051 0.055 0.060 0.063 0.066 0.069 0.072 0.075 0.077 0.078 0.077 0.076 0.074 0.070 0.066 0.085 0.124 0.162 0.199 0.234 0.268 0.336 0.438 0.539 0.639 0.738 0.836 0.942 1.056 1.170 1.283 1.395 1.506 1.614 1.721 1.831 1.942 2.048 2.155 2.234 2.280 2.327 2.378 2.431 2.486 2.537 2.580 2.623 2.668 2.714 2.762 2.802 2.826 2.852 2.878 2.904 2.931 2.956 2.976 2.996 3.018 3.040 3.063 3.082 3.093 3.105 3.118 3.131 3.144 3.140 3.114 3.088 3.064
0.043 0.047 0.053 0.058 0.063 0.068 0.073 0.077 0.080 0.082 0.084 0.086 0.087 0.086 0.083 0.078 0.073 0.066 0.059 0.067 0.102 0.136 0.168 0.199 0.228 0.281 0.380 0.478 0.574 0.670 0.765 0.865 0.976 1.087 1.194 1.300 1.404 1.508 1.614 1.720 1.827 1.934 2.041 2.133 2.187 2.244 2.304 2.366 2.430 2.492 2.539 2.587 2.637 2.688 2.740 2.787 2.814 2.842 2.869 2.898 2.927 2.955 2.978 3.001 3.025 3.048 3.067 3.085 3.092 3.098 3.105 3.113 3.120 3.122 3.100 3.078 3.057
0.061 0.066 0.071 0.076 0.081 0.085 0.089 0.093 0.094 0.095 0.096 0.097 0.097 0.096 0.089 0.081 0.073 0.063 0.053 0.051 0.082 0.110 0.138 0.164 0.189 0.228 0.324 0.418 0.511 0.603 0.692 0.783 0.888 0.991 1.093 1.193 1.291 1.389 1.496 1.604 1.711 1.819 1.927 2.029 2.092 2.158 2.227 2.298 2.372 2.445 2.496 2.550 2.604 2.660 2.717 2.773 2.801 2.831 2.856 2.877 2.900 2.924 2.942 2.962 2.984 3.007 3.032 3.057 3.065 3.072 3.080 3.088 3.096 3.103 3.084 3.067 3.050
0.080 0.086 0.090 0.094 0.098 0.102 0.105 0.108 0.109 0.109 0.109 0.108 0.108 0.106 0.096 0.085 0.074 0.061 0.048 0.037 0.064 0.090 0.115 0.139 0.161 0.186 0.276 0.365 0.451 0.536 0.619 0.701 0.800 0.897 0.993 1.087 1.180 1.271 1.379 1.487 1.595 1.704 1.813 1.922 1.995 2.070 2.147 2.228 2.310 2.396 2.453 2.506 2.554 2.602 2.650 2.696 2.719 2.743 2.769 2.796 2.826 2.858 2.883 2.909 2.936 2.965 2.995 3.027 3.037 3.046 3.054 3.063 3.072 3.081 3.068 3.054 3.041
0.099 0.105 0.109 0.112 0.116 0.119 0.121 0.124 0.124 0.123 0.122 0.120 0.118 0.114 0.102 0.088 0.075 0.062 0.049 0.036 0.056 0.078 0.099 0.118 0.136 0.153 0.231 0.313 0.393 0.472 0.548 0.623 0.714 0.806 0.895 0.984 1.070 1.155 1.261 1.370 1.480 1.589 1.699 1.809 1.900 1.985 2.069 2.150 2.228 2.303 2.355 2.402 2.448 2.494 2.539 2.583 2.615 2.646 2.679 2.714 2.751 2.790 2.822 2.854 2.886 2.921 2.957 2.995 3.010 3.019 3.028 3.038 3.048 3.058 3.051 3.041 3.021
0.118 0.124 0.128 0.131 0.133 0.136 0.137 0.138 0.136 0.133 0.129 0.125 0.120 0.115 0.103 0.090 0.077 0.064 0.050 0.037 0.049 0.067 0.083 0.099 0.113 0.126 0.188 0.264 0.337 0.409 0.479 0.548 0.630 0.716 0.800 0.882 0.963 1.060 1.179 1.303 1.423 1.538 1.650 1.758 1.845 1.922 1.996 2.068 2.137 2.204 2.255 2.299 2.343 2.387 2.429 2.471 2.509 2.547 2.588 2.630 2.674 2.720 2.760 2.797 2.836 2.876 2.917 2.961 2.982 2.980 2.976 2.973 2.971 2.969 2.954 2.929 2.905
0.142 0.149 0.152 0.154 0.154 0.154 0.152 0.150 0.147 0.141 0.136 0.130 0.123 0.116 0.105 0.091 0.078 0.065 0.052 0.039 0.043 0.057 0.069 0.081 0.091 0.100 0.147 0.216 0.283 0.350 0.435 0.520 0.616 0.718 0.816 0.913 1.007 1.099 1.203 1.313 1.419 1.521 1.619 1.714 1.793 1.861 1.926 1.989 2.049 2.107 2.155 2.197 2.239 2.280 2.320 2.360 2.402 2.447 2.494 2.544 2.595 2.649 2.682 2.709 2.737 2.768 2.800 2.834 2.849 2.847 2.846 2.847 2.848 2.850 2.838 2.813 2.788
0.174 0.178 0.180 0.178 0.176 0.172 0.168 0.164 0.158 0.151 0.143 0.135 0.127 0.117 0.106 0.093 0.080 0.067 0.054 0.040 0.039 0.048 0.058 0.076 0.098 0.125 0.181 0.266 0.352 0.437 0.523 0.609 0.698 0.791 0.882 0.970 1.056 1.140 1.230 1.326 1.419 1.508 1.592 1.673 1.744 1.803 1.859 1.913 1.964 2.012 2.056 2.096 2.136 2.174 2.212 2.242 2.276 2.316 2.356 2.395 2.433 2.470 2.505 2.538 2.573 2.609 2.647 2.687 2.712 2.714 2.716 2.720 2.724 2.729 2.724 2.698 2.672
0.207 0.209 0.208 0.203 0.198 0.192 0.185 0.178 0.169 0.161 0.151 0.141 0.131 0.120 0.108 0.095 0.082 0.069 0.056 0.044 0.043 0.068 0.097 0.130 0.167 0.209 0.268 0.353 0.439 0.525 0.611 0.697 0.783 0.868 0.950 1.030 1.108 1.184 1.261 1.344 1.423 1.498 1.569 1.637 1.697 1.747 1.794 1.840 1.886 1.925 1.960 1.992 2.022 2.047 2.070 2.089 2.111 2.149 2.186 2.222 2.258 2.292 2.327 2.366 2.407 2.449 2.493 2.538 2.574 2.579 2.585 2.592 2.600 2.608 2.609 2.583 2.556
0.241 0.240 0.236 0.229 0.221 0.213 0.203 0.193 0.181 0.169 0.157 0.145 0.133 0.121 0.109 0.096 0.084 0.072 0.060 0.049 0.047 0.086 0.130 0.179 0.231 0.288 0.354 0.440 0.526 0.612 0.698 0.785 0.869 0.946 1.021 1.093 1.162 1.230 1.296 1.365 1.436 1.510 1.579 1.642 1.699 1.741 1.778 1.809 1.834 1.853 1.868 1.889 1.906 1.921 1.931 1.939 1.948 1.983 2.017 2.051 2.083 2.115 2.148 2.193 2.239 2.287 2.337 2.389 2.436 2.444 2.453 2.464 2.472 2.472 2.467 2.430 2.393
0.276 0.270 0.262 0.250 0.238 0.225 0.212 0.198 0.184 0.172 0.160 0.147 0.135 0.122 0.109 0.098 0.086 0.075 0.064 0.053 0.045 0.100 0.160 0.223 0.291 0.363 0.440 0.526 0.613 0.699 0.786 0.872 0.958 1.029 1.104 1.180 1.258 1.338 1.419 1.485 1.546 1.601 1.651 1.696 1.735 1.757 1.773 1.783 1.788 1.786 1.779 1.789 1.795 1.797 1.796 1.792 1.785 1.818 1.849 1.880 1.910 1.939 1.967 2.018 2.070 2.122 2.167 2.211 2.254 2.253 2.253 2.254 2.256 2.259 2.263 2.229 2.195
0.299 0.288 0.275 0.262 0.248 0.234 0.219 0.204 0.188 0.175 0.163 0.150 0.136 0.123 0.110 0.099 0.088 0.078 0.068 0.058 0.048 0.110 0.184 0.263 0.346 0.433 0.520 0.603 0.688 0.777 0.869 0.964 1.063 1.144 1.225 1.308 1.393 1.479 1.568 1.619 1.661 1.698 1.729 1.754 1.775 1.778 1.774 1.764 1.748 1.726 1.698 1.692 1.686 1.677 1.665 1.649 1.630 1.653 1.682 1.708 1.731 1.751 1.769 1.810 1.853 1.895 1.936 1.977 2.016 2.023 2.027 2.032 2.038 2.045 2.054 2.028 1.997
0.324 0.307 0.290 0.274 0.259 0.243 0.227 0.210 0.193 0.179 0.165 0.152 0.138 0.125 0.111 0.100 0.090 0.080 0.071 0.060 0.049 0.107 0.191 0.277 0.366 0.457 0.551 0.646 0.743 0.843 0.947 1.054 1.164 1.257 1.345 1.434 1.525 1.618 1.714 1.759 1.782 1.800 1.812 1.819 1.820 1.805 1.780 1.750 1.713 1.671 1.623 1.600 1.585 1.566 1.543 1.515 1.484 1.491 1.510 1.527 1.541 1.552 1.560 1.592 1.631 1.670 1.707 1.744 1.779 1.793 1.801 1.810 1.820 1.831 1.843 1.826 1.798
0.349 0.328 0.306 0.287 0.270 0.252 0.235 0.216 0.198 0.182 0.168 0.154 0.138 0.123 0.107 0.095 0.084 0.073 0.062 0.050 0.039 0.089 0.182 0.278 0.376 0.476 0.580 0.685 0.794 0.906 1.022 1.140 1.262 1.368 1.462 1.558 1.656 1.756 1.857 1.904 1.908 1.907 1.900 1.888 1.876 1.850 1.810 1.763 1.708 1.645 1.575 1.529 1.500 1.467 1.430 1.389 1.344 1.332 1.341 1.349 1.353 1.355 1.354 1.375 1.411 1.446 1.480 1.512 1.544 1.563 1.574 1.587 1.601 1.616 1.632 1.624 1.604
0.377 0.351 0.323 0.300 0.281 0.258 0.236 0.214 0.191 0.172 0.157 0.141 0.127 0.112 0.098 0.085 0.074 0.063 0.052 0.041 0.030 0.069 0.171 0.276 0.383 0.493 0.605 0.721 0.842 0.966 1.093 1.223 1.357 1.476 1.577 1.680 1.784 1.896 2.010 2.072 2.064 2.052 2.035 2.013 1.987 1.942 1.876 1.802 1.721 1.632 1.536 1.462 1.419 1.372 1.321 1.266 1.207 1.175 1.176 1.174 1.169 1.162 1.152 1.160 1.192 1.223 1.253 1.282 1.310 1.337 1.366 1.396 1.427 1.459 1.493 1.508 1.502
0.393 0.358 0.322 0.289 0.267 0.244 0.222 0.199 0.177 0.157 0.142 0.128 0.115 0.101 0.088 0.076 0.065 0.054 0.043 0.031 0.020 0.046 0.157 0.271 0.387 0.507 0.628 0.754 0.886 1.021 1.166 1.314 1.467 1.610 1.723 1.839 1.956 2.074 2.194 2.272 2.247 2.218 2.184 2.146 2.102 2.042 1.950 1.850 1.742 1.627 1.504 1.399 1.342 1.281 1.217 1.148 1.075 1.021 1.012 1.001 0.987 0.971 0.958 0.966 1.007 1.047 1.087 1.126 1.163 1.199 1.232 1.266 1.301 1.337 1.375 1.400 1.400
0.396 0.356 0.315 0.275 0.253 0.230 0.207 0.185 0.162 0.141 0.128 0.115 0.102 0.090 0.078 0.066 0.055 0.044 0.033 0.022 0.011 0.020 0.141 0.267 0.396 0.528 0.664 0.804 0.955 1.110 1.269 1.432 1.600 1.763 1.882 2.003 2.126 2.251 2.377 2.476 2.435 2.389 2.338 2.283 2.223 2.149 2.030 1.904 1.770 1.629 1.480 1.340 1.269 1.195 1.116 1.041 0.965 0.898 0.893 0.885 0.875 0.863 0.849 0.843 0.881 0.919 0.955 0.991 1.025 1.060 1.097 1.135 1.174 1.214 1.256 1.291 1.296
0.400 0.356 0.309 0.262 0.239 0.216 0.193 0.170 0.148 0.125 0.113 0.101 0.089 0.078 0.067 0.057 0.046 0.036 0.027 0.019 0.012 0.007 0.141 0.278 0.418 0.561 0.708 0.858 1.023 1.193 1.368 1.546 1.729 1.914 2.039 2.166 2.295 2.425 2.557 2.685 2.627 2.565 2.497 2.425 2.348 2.264 2.119 1.966 1.817 1.663 1.502 1.338 1.265 1.186 1.103 1.014 0.921 0.826 0.813 0.798 0.781 0.762 0.741 0.721 0.756 0.791 0.824 0.857 0.888 0.920 0.961 1.003 1.046 1.091 1.136 1.181 1.191
0.407 0.357 0.306 0.253 0.225 0.202 0.179 0.156 0.133 0.111 0.098 0.087 0.077 0.066 0.056 0.045 0.037 0.031 0.025 0.020 0.015 0.012 0.137 0.285 0.436 0.591 0.749 0.909 1.088 1.273 1.462 1.655 1.853 2.054 2.195 2.327 2.461 2.597 2.735 2.874 2.824 2.748 2.672 2.595 2.517 2.439 2.290 2.125 1.954 1.776 1.591 1.398 1.296 1.200 1.099 0.993 0.881 0.765 0.736 0.714 0.690 0.664 0.636 0.606 0.633 0.664 0.694 0.724 0.752 0.780 0.824 0.870 0.917 0.969 1.028 1.087 1.112
0.415 0.358 0.300 0.242 0.208 0.185 0.162 0.140 0.119 0.098 0.084 0.074 0.064 0.054 0.044 0.034 0.028 0.024 0.021 0.019 0.018 0.018 0.130 0.289 0.451 0.617 0.786 0.958 1.148 1.347 1.551 1.759 1.972 2.188 2.337 2.469 2.606 2.749 2.898 3.053 3.036 2.958 2.880 2.800 2.721 2.640 2.483 2.294 2.098 1.896 1.686 1.469 1.333 1.219 1.100 0.976 0.847 0.713 0.660 0.631 0.600 0.568 0.533 0.496 0.510 0.538 0.570 0.607 0.643 0.679 0.732 0.791 0.850 0.909 0.969 1.029 1.062
0.405 0.346 0.287 0.226 0.187 0.165 0.144 0.124 0.104 0.084 0.070 0.060 0.050 0.041 0.032 0.022 0.018 0.017 0.017 0.018 0.020 0.023 0.119 0.290 0.463 0.640 0.819 0.993 1.183 1.387 1.594 1.804 2.017 2.234 2.410 2.562 2.719 2.882 3.051 3.225 3.249 3.169 3.088 3.007 2.925 2.842 2.683 2.470 2.250 2.022 1.788 1.547 1.375 1.243 1.106 0.964 0.817 0.665 0.587 0.556 0.528 0.498 0.465 0.431 0.441 0.477 0.513 0.548 0.582 0.616 0.667 0.727 0.788 0.848 0.910 0.972 1.012
0.395 0.334 0.273 0.211 0.165 0.145 0.126 0.107 0.088 0.070 0.056 0.046 0.037 0.028 0.019 0.011 0.006 0.009 0.012 0.017 0.024 0.034 0.113 0.288 0.462 0.635 0.808 0.980 1.169 1.384 1.602 1.823 2.048 2.276 2.478 2.650 2.827 3.009 3.198 3.392 3.462 3.380 3.297 3.213 3.129 3.044 2.890 2.652 2.407 2.156 1.897 1.632 1.434 1.300 1.157 1.007 0.848 0.681 0.578 0.545 0.509 0.472 0.432 0.391 0.387 0.422 0.456 0.489 0.522 0.554 0.601 0.663 0.725 0.787 0.850 0.914 0.960
0.386 0.323 0.260 0.197 0.143 0.125 0.107 0.089 0.072 0.056 0.041 0.032 0.024 0.017 0.011 0.004 0.002 0.010 0.020 0.031 0.044 0.057 0.115 0.287 0.458 0.629 0.798 0.967 1.151 1.377 1.607 1.839 2.075 2.314 2.540 2.731 2.928 3.130 3.338 3.552 3.675 3.591 3.506 3.420 3.334 3.279 3.172 2.938 2.691 2.430 2.155 1.866 1.615 1.452 1.281 1.102 0.915 0.719 0.576 0.535 0.493 0.448 0.402 0.353 0.334 0.367 0.399 0.431 0.462 0.493 0.536 0.599 0.662 0.726 0.791 0.855 0.908
0.377 0.313 0.248 0.183 0.121 0.105 0.089 0.074 0.059 0.045 0.032 0.026 0.020 0.014 0.009 0.004 0.001 0.014 0.029 0.044 0.061 0.080 0.118 0.287 0.455 0.623 0.789 0.955 1.130 1.368 1.608 1.852 2.099 2.350 2.596 2.807 3.023 3.245 3.507 3.785 4.016 3.970 3.921 3.871 3.818 3.764 3.666 3.385 3.089 2.780 2.456 2.119 1.803 1.612 1.413 1.205 0.989 0.766 0.575 0.528 0.478 0.427 0.373 0.318 0.281 0.312 0.343 0.373 0.403 0.432 0.472 0.545 0.617 0.689 0.760 0.830 0.892
0.362 0.297 0.233 0.170 0.108 0.090 0.076 0.062 0.049 0.037 0.025 0.019 0.015 0.010 0.007 0.003 0.000 0.017 0.036 0.056 0.078 0.101 0.125 0.288 0.453 0.618 0.781 0.944 1.106 1.355 1.607 1.876 2.154 2.441 2.737 3.008 3.292 3.587 3.896 4.217 4.539 4.486 4.430 4.372 4.312 4.250 4.174 3.844 3.500 3.143 2.771 2.386 2.000 1.780 1.552 1.316 1.072 0.820 0.577 0.522 0.466 0.407 0.347 0.289 0.248 0.290 0.329 0.366 0.401 0.434 0.469 0.540 0.611 0.680 0.749 0.818 0.881
0.338 0.276 0.216 0.156 0.098 0.075 0.062 0.050 0.039 0.028 0.017 0.012 0.009 0.006 0.004 0.002 0.000 0.018 0.042 0.066 0.093 0.120 0.149 0.289 0.453 0.617 0.782 0.948 1.115 1.380 1.672 1.974 2.284 2.604 2.934 3.252 3.579 3.919 4.271 4.636 5.014 5.003 4.940 4.875 4.808 4.738 4.667 4.317 3.925 3.519 3.100 2.667 2.220 1.956 1.700 1.435 1.175 0.920 0.649 0.593 0.545 0.491 0.433 0.370 0.301 0.332 0.363 0.393 0.420 0.445 0.468 0.536 0.605 0.672 0.739 0.806 0.871
