DATA/SHG/CPC/2018/20180316.asc
ncols        190
nrows        64
xllcorner    -5100000.000000000000
yllcorner    4130000.000000000000
cellsize     10000.000000000000
NODATA_value  -99999.000
[rows 0 to 33 of 64, columns 0 to 76 of 190]
0.222 0.239 0.256 0.272 0.289 0.305 0.325 0.347 0.370 0.393 0.417 0.441 0.461 0.480 0.500 0.520 0.541 0.561 0.587 0.613 0.641 0.668 0.696 0.724 0.734 0.735 0.736 0.736 0.737 0.737 0.735 0.729 0.720 0.709 0.696 0.685 0.691 0.707 0.721 0.732 0.741 0.747 0.751 0.754 0.757 0.760 0.763 0.766 0.767 0.766 0.766 0.765 0.765 0.765 0.765 0.766 0.767 0.768 0.769 0.771 0.773 0.775 0.778 0.781 0.784 0.787 0.789 0.789 0.790 0.790 0.791 0.792 0.791 0.786 0.781 0.775 0.770
0.254 0.270 0.287 0.303 0.321 0.338 0.360 0.384 0.408 0.434 0.459 0.486 0.509 0.530 0.551 0.573 0.595 0.617 0.643 0.671 0.699 0.727 0.756 0.785 0.799 0.799 0.800 0.799 0.800 0.801 0.797 0.787 0.776 0.764 0.751 0.737 0.733 0.740 0.745 0.748 0.747 0.745 0.743 0.746 0.749 0.752 0.755 0.758 0.759 0.759 0.759 0.759 0.758 0.758 0.759 0.760 0.762 0.764 0.767 0.769 0.770 0.773 0.776 0.779 0.782 0.785 0.788 0.789 0.791 0.792 0.794 0.797 0.797 0.792 0.787 0.783 0.778
0.281 0.299 0.316 0.334 0.352 0.371 0.393 0.419 0.446 0.473 0.501 0.530 0.556 0.578 0.601 0.625 0.648 0.673 0.699 0.728 0.758 0.788 0.817 0.844 0.860 0.861 0.862 0.864 0.867 0.870 0.868 0.855 0.840 0.824 0.808 0.790 0.777 0.776 0.772 0.765 0.756 0.745 0.735 0.738 0.741 0.744 0.747 0.750 0.752 0.752 0.752 0.752 0.751 0.750 0.750 0.752 0.753 0.755 0.758 0.760 0.763 0.766 0.770 0.774 0.778 0.783 0.787 0.789 0.792 0.794 0.797 0.801 0.803 0.799 0.794 0.790 0.785
0.308 0.327 0.345 0.364 0.384 0.403 0.425 0.454 0.483 0.512 0.542 0.573 0.602 0.627 0.655 0.684 0.714 0.747 0.779 0.807 0.833 0.857 0.880 0.901 0.917 0.920 0.924 0.928 0.933 0.938 0.940 0.923 0.905 0.886 0.865 0.844 0.824 0.814 0.801 0.786 0.768 0.747 0.728 0.731 0.733 0.737 0.740 0.741 0.740 0.740 0.739 0.738 0.738 0.737 0.737 0.739 0.742 0.745 0.748 0.751 0.755 0.760 0.764 0.769 0.775 0.780 0.786 0.789 0.792 0.796 0.800 0.804 0.809 0.805 0.801 0.797 0.793
0.335 0.355 0.374 0.394 0.415 0.435 0.462 0.497 0.531 0.564 0.596 0.626 0.656 0.688 0.721 0.755 0.792 0.829 0.867 0.889 0.909 0.928 0.945 0.960 0.973 0.979 0.985 0.991 0.998 1.006 1.013 0.992 0.971 0.948 0.924 0.899 0.874 0.855 0.839 0.820 0.797 0.770 0.740 0.742 0.742 0.740 0.737 0.733 0.726 0.725 0.725 0.725 0.724 0.724 0.724 0.727 0.731 0.734 0.738 0.743 0.747 0.752 0.758 0.764 0.770 0.777 0.784 0.788 0.793 0.797 0.802 0.807 0.812 0.809 0.805 0.801 0.798
0.369 0.394 0.420 0.448 0.476 0.506 0.537 0.568 0.599 0.628 0.656 0.684 0.710 0.747 0.785 0.826 0.867 0.911 0.955 0.973 0.987 1.000 1.011 1.021 1.029 1.037 1.045 1.053 1.063 1.073 1.084 1.065 1.044 1.023 1.004 0.986 0.969 0.945 0.916 0.885 0.849 0.810 0.768 0.758 0.752 0.745 0.736 0.726 0.714 0.711 0.711 0.711 0.711 0.711 0.711 0.714 0.719 0.723 0.728 0.733 0.739 0.745 0.752 0.758 0.765 0.772 0.779 0.784 0.789 0.794 0.800 0.806 0.812 0.812 0.808 0.805 0.802
0.420 0.449 0.479 0.511 0.543 0.577 0.612 0.641 0.667 0.693 0.718 0.742 0.764 0.804 0.848 0.894 0.941 0.990 1.040 1.058 1.067 1.074 1.079 1.084 1.090 1.101 1.113 1.125 1.136 1.148 1.159 1.147 1.130 1.113 1.097 1.083 1.069 1.038 0.997 0.953 0.905 0.854 0.799 0.775 0.764 0.751 0.737 0.721 0.703 0.697 0.697 0.697 0.697 0.698 0.698 0.701 0.706 0.711 0.716 0.721 0.727 0.734 0.741 0.748 0.756 0.764 0.772 0.779 0.785 0.791 0.798 0.805 0.812 0.814 0.812 0.809 0.807
0.472 0.503 0.537 0.572 0.609 0.647 0.685 0.714 0.737 0.759 0.781 0.801 0.820 0.859 0.909 0.960 1.012 1.063 1.114 1.135 1.140 1.146 1.153 1.161 1.170 1.180 1.191 1.202 1.213 1.223 1.234 1.228 1.214 1.201 1.189 1.178 1.168 1.135 1.081 1.025 0.964 0.901 0.833 0.794 0.777 0.759 0.739 0.717 0.694 0.683 0.682 0.682 0.682 0.681 0.681 0.683 0.689 0.695 0.701 0.707 0.714 0.722 0.730 0.738 0.747 0.755 0.765 0.773 0.780 0.788 0.795 0.804 0.812 0.816 0.814 0.813 0.812
0.522 0.555 0.593 0.632 0.673 0.715 0.758 0.788 0.808 0.828 0.848 0.867 0.884 0.920 0.971 1.022 1.073 1.123 1.173 1.201 1.209 1.218 1.227 1.237 1.248 1.259 1.269 1.280 1.289 1.299 1.309 1.308 1.298 1.289 1.280 1.273 1.266 1.235 1.169 1.100 1.027 0.954 0.882 0.834 0.813 0.789 0.760 0.728 0.691 0.668 0.667 0.666 0.665 0.664 0.663 0.665 0.671 0.678 0.686 0.693 0.701 0.709 0.718 0.728 0.737 0.747 0.757 0.767 0.775 0.784 0.793 0.802 0.811 0.815 0.811 0.807 0.803
0.572 0.606 0.655 0.704 0.751 0.797 0.842 0.875 0.893 0.911 0.927 0.942 0.956 0.984 1.034 1.084 1.134 1.183 1.232 1.266 1.277 1.288 1.300 1.312 1.326 1.338 1.348 1.357 1.366 1.375 1.384 1.387 1.380 1.373 1.361 1.347 1.334 1.301 1.228 1.158 1.089 1.023 0.958 0.904 0.869 0.831 0.789 0.743 0.693 0.653 0.652 0.651 0.649 0.648 0.646 0.646 0.654 0.662 0.670 0.679 0.688 0.697 0.707 0.717 0.728 0.738 0.746 0.755 0.762 0.769 0.776 0.783 0.790 0.796 0.792 0.789 0.785
0.674 0.715 0.760 0.805 0.848 0.891 0.932 0.966 0.980 0.994 1.007 1.018 1.029 1.049 1.098 1.147 1.195 1.243 1.291 1.331 1.344 1.357 1.372 1.387 1.402 1.417 1.427 1.436 1.442 1.444 1.443 1.437 1.424 1.409 1.395 1.380 1.364 1.340 1.274 1.210 1.149 1.089 1.032 0.978 0.929 0.877 0.821 0.761 0.698 0.638 0.637 0.635 0.633 0.631 0.629 0.627 0.636 0.645 0.654 0.662 0.670 0.678 0.686 0.695 0.704 0.713 0.722 0.731 0.738 0.746 0.753 0.761 0.769 0.777 0.774 0.771 0.768
0.783 0.825 0.867 0.907 0.947 0.986 1.023 1.057 1.068 1.078 1.088 1.096 1.103 1.113 1.161 1.209 1.257 1.304 1.351 1.400 1.424 1.447 1.468 1.489 1.509 1.526 1.527 1.524 1.517 1.507 1.494 1.477 1.462 1.446 1.430 1.413 1.395 1.376 1.318 1.261 1.207 1.154 1.104 1.055 0.993 0.927 0.858 0.784 0.707 0.625 0.622 0.621 0.619 0.616 0.611 0.605 0.612 0.620 0.628 0.635 0.643 0.651 0.660 0.669 0.678 0.688 0.697 0.707 0.715 0.723 0.731 0.739 0.748 0.756 0.755 0.752 0.750
0.890 0.935 0.974 1.011 1.047 1.082 1.116 1.148 1.157 1.164 1.169 1.174 1.182 1.193 1.247 1.303 1.359 1.416 1.474 1.532 1.554 1.573 1.592 1.609 1.625 1.640 1.630 1.615 1.596 1.574 1.549 1.520 1.501 1.483 1.465 1.446 1.427 1.407 1.359 1.309 1.262 1.217 1.173 1.132 1.060 0.980 0.900 0.817 0.732 0.646 0.629 0.623 0.616 0.606 0.595 0.582 0.586 0.594 0.602 0.609 0.617 0.624 0.633 0.643 0.653 0.663 0.673 0.683 0.692 0.700 0.709 0.718 0.726 0.736 0.736 0.734 0.728
0.996 1.045 1.082 1.115 1.147 1.179 1.208 1.233 1.244 1.255 1.267 1.281 1.298 1.317 1.366 1.424 1.482 1.541 1.600 1.660 1.686 1.701 1.716 1.729 1.741 1.753 1.737 1.709 1.679 1.645 1.607 1.566 1.541 1.521 1.501 1.480 1.459 1.444 1.411 1.370 1.328 1.284 1.239 1.193 1.119 1.034 0.947 0.858 0.767 0.674 0.639 0.627 0.614 0.598 0.581 0.562 0.561 0.568 0.576 0.583 0.590 0.597 0.607 0.617 0.627 0.637 0.648 0.659 0.668 0.674 0.679 0.684 0.689 0.693 0.690 0.683 0.675
1.120 1.174 1.211 1.238 1.262 1.282 1.300 1.314 1.329 1.346 1.366 1.388 1.411 1.437 1.485 1.545 1.605 1.665 1.726 1.788 1.818 1.830 1.841 1.851 1.859 1.867 1.847 1.807 1.765 1.719 1.677 1.635 1.611 1.598 1.583 1.567 1.550 1.532 1.498 1.452 1.405 1.356 1.306 1.255 1.180 1.089 0.995 0.900 0.803 0.704 0.651 0.633 0.613 0.592 0.568 0.543 0.535 0.543 0.550 0.557 0.564 0.571 0.578 0.586 0.594 0.602 0.609 0.616 0.622 0.626 0.630 0.634 0.637 0.640 0.637 0.630 0.622
1.268 1.318 1.351 1.367 1.380 1.389 1.395 1.398 1.410 1.435 1.462 1.491 1.522 1.556 1.603 1.665 1.726 1.789 1.851 1.915 1.952 1.960 1.968 1.976 1.983 1.986 1.967 1.925 1.883 1.841 1.798 1.754 1.723 1.705 1.686 1.666 1.644 1.622 1.586 1.535 1.483 1.430 1.375 1.318 1.243 1.145 1.046 0.944 0.841 0.736 0.665 0.641 0.615 0.587 0.558 0.529 0.515 0.522 0.528 0.532 0.534 0.535 0.538 0.545 0.552 0.559 0.565 0.571 0.576 0.579 0.582 0.584 0.586 0.587 0.585 0.578 0.570
1.418 1.464 1.495 1.500 1.501 1.499 1.494 1.485 1.489 1.522 1.556 1.592 1.631 1.672 1.721 1.789 1.865 1.936 2.005 2.070 2.114 2.119 2.121 2.121 2.118 2.112 2.093 2.050 2.007 1.963 1.918 1.874 1.837 1.814 1.791 1.766 1.740 1.712 1.676 1.620 1.563 1.504 1.444 1.383 1.308 1.204 1.098 0.989 0.878 0.766 0.677 0.649 0.620 0.590 0.560 0.530 0.509 0.510 0.510 0.508 0.505 0.500 0.498 0.504 0.510 0.516 0.521 0.526 0.531 0.532 0.534 0.535 0.535 0.535 0.533 0.525 0.517
1.569 1.611 1.642 1.635 1.625 1.612 1.596 1.576 1.578 1.637 1.697 1.758 1.819 1.882 1.946 2.013 2.076 2.137 2.194 2.247 2.288 2.284 2.277 2.267 2.256 2.241 2.219 2.175 2.130 2.085 2.040 1.994 1.951 1.924 1.896 1.867 1.836 1.804 1.767 1.706 1.642 1.574 1.504 1.433 1.354 1.242 1.129 1.016 0.903 0.788 0.687 0.656 0.626 0.595 0.563 0.532 0.504 0.500 0.494 0.487 0.478 0.467 0.458 0.463 0.468 0.473 0.478 0.482 0.485 0.486 0.486 0.486 0.485 0.483 0.481 0.472 0.463
1.721 1.757 1.787 1.777 1.772 1.771 1.775 1.784 1.801 1.863 1.926 1.989 2.053 2.119 2.184 2.239 2.291 2.340 2.385 2.427 2.464 2.451 2.435 2.417 2.396 2.372 2.346 2.300 2.254 2.208 2.161 2.114 2.067 2.033 1.995 1.957 1.917 1.877 1.835 1.765 1.693 1.619 1.543 1.466 1.387 1.273 1.159 1.044 0.928 0.812 0.696 0.664 0.632 0.600 0.567 0.534 0.500 0.490 0.479 0.466 0.452 0.436 0.418 0.423 0.427 0.431 0.434 0.437 0.439 0.438 0.436 0.434 0.432 0.429 0.426 0.417 0.407
1.868 1.892 1.911 1.919 1.931 1.947 1.969 1.995 2.026 2.087 2.153 2.219 2.286 2.354 2.423 2.469 2.510 2.547 2.580 2.611 2.638 2.621 2.596 2.569 2.539 2.506 2.470 2.422 2.370 2.317 2.263 2.206 2.148 2.106 2.066 2.024 1.982 1.939 1.895 1.823 1.745 1.665 1.584 1.502 1.417 1.305 1.189 1.072 0.954 0.836 0.717 0.673 0.639 0.605 0.571 0.536 0.501 0.483 0.466 0.448 0.429 0.409 0.389 0.389 0.391 0.393 0.393 0.393 0.391 0.389 0.386 0.383 0.379 0.375 0.371 0.362 0.352
2.019 2.030 2.037 2.057 2.085 2.118 2.156 2.199 2.247 2.311 2.379 2.448 2.518 2.589 2.660 2.702 2.731 2.756 2.779 2.784 2.791 2.766 2.728 2.691 2.654 2.619 2.583 2.533 2.475 2.416 2.356 2.294 2.230 2.181 2.137 2.093 2.048 2.002 1.955 1.882 1.798 1.713 1.627 1.538 1.448 1.337 1.219 1.100 0.980 0.860 0.740 0.684 0.651 0.616 0.579 0.539 0.496 0.470 0.450 0.430 0.409 0.387 0.364 0.358 0.357 0.355 0.352 0.349 0.344 0.340 0.336 0.332 0.327 0.322 0.316 0.307 0.296
2.174 2.172 2.166 2.188 2.233 2.284 2.339 2.399 2.463 2.533 2.604 2.675 2.714 2.754 2.794 2.810 2.815 2.825 2.839 2.857 2.880 2.869 2.833 2.798 2.763 2.729 2.696 2.645 2.582 2.517 2.451 2.382 2.312 2.256 2.210 2.162 2.114 2.065 2.015 1.943 1.854 1.763 1.670 1.577 1.482 1.374 1.257 1.140 1.024 0.908 0.793 0.723 0.681 0.638 0.592 0.543 0.492 0.458 0.436 0.413 0.389 0.365 0.340 0.328 0.324 0.319 0.313 0.306 0.298 0.292 0.287 0.281 0.275 0.269 0.262 0.252 0.242
2.333 2.318 2.299 2.314 2.374 2.425 2.470 2.510 2.545 2.579 2.619 2.659 2.700 2.742 2.784 2.815 2.836 2.861 2.891 2.925 2.964 2.972 2.938 2.904 2.872 2.839 2.807 2.760 2.690 2.619 2.547 2.473 2.397 2.332 2.283 2.233 2.181 2.129 2.076 2.006 1.912 1.818 1.722 1.625 1.528 1.421 1.306 1.191 1.076 0.961 0.847 0.764 0.714 0.662 0.607 0.550 0.490 0.446 0.421 0.396 0.370 0.344 0.317 0.299 0.291 0.283 0.274 0.264 0.253 0.245 0.241 0.236 0.232 0.227 0.222 0.216 0.208
2.505 2.470 2.427 2.404 2.441 2.473 2.500 2.521 2.537 2.558 2.600 2.642 2.685 2.729 2.773 2.815 2.851 2.893 2.938 2.988 3.043 3.074 3.042 3.010 2.979 2.949 2.919 2.875 2.800 2.723 2.637 2.552 2.469 2.397 2.344 2.292 2.239 2.188 2.136 2.071 1.974 1.875 1.776 1.676 1.574 1.468 1.354 1.240 1.127 1.014 0.902 0.807 0.749 0.688 0.625 0.559 0.491 0.435 0.408 0.380 0.352 0.323 0.293 0.268 0.257 0.247 0.237 0.228 0.218 0.211 0.206 0.202 0.197 0.192 0.188 0.182 0.173
2.696 2.632 2.559 2.494 2.513 2.526 2.535 2.538 2.535 2.536 2.580 2.625 2.670 2.716 2.762 2.810 2.862 2.919 2.981 3.047 3.117 3.175 3.143 3.097 3.052 3.009 2.968 2.920 2.836 2.755 2.675 2.597 2.521 2.451 2.399 2.348 2.297 2.246 2.196 2.137 2.036 1.934 1.831 1.727 1.622 1.515 1.402 1.290 1.178 1.067 0.956 0.853 0.786 0.717 0.645 0.569 0.491 0.421 0.390 0.358 0.326 0.293 0.258 0.228 0.219 0.210 0.201 0.192 0.184 0.177 0.172 0.167 0.163 0.158 0.153 0.148 0.139
2.895 2.802 2.701 2.591 2.590 2.586 2.575 2.560 2.539 2.514 2.560 2.606 2.654 2.702 2.751 2.797 2.851 2.908 2.968 3.031 3.097 3.165 3.123 3.082 3.043 3.006 2.970 2.935 2.858 2.783 2.710 2.640 2.571 2.505 2.454 2.404 2.354 2.304 2.255 2.204 2.099 1.994 1.887 1.780 1.671 1.561 1.450 1.339 1.226 1.112 0.998 0.884 0.806 0.728 0.647 0.566 0.483 0.402 0.368 0.334 0.298 0.262 0.225 0.189 0.180 0.172 0.164 0.157 0.149 0.142 0.138 0.133 0.128 0.123 0.119 0.113 0.104
3.104 2.981 2.851 2.712 2.674 2.650 2.622 2.588 2.544 2.489 2.512 2.548 2.585 2.621 2.657 2.692 2.753 2.821 2.891 2.965 3.042 3.121 3.101 3.066 3.032 3.000 2.970 2.941 2.877 2.810 2.744 2.681 2.619 2.560 2.509 2.460 2.411 2.362 2.313 2.265 2.164 2.052 1.940 1.827 1.715 1.602 1.487 1.372 1.256 1.140 1.022 0.904 0.818 0.735 0.650 0.564 0.477 0.389 0.347 0.310 0.271 0.232 0.192 0.152 0.141 0.134 0.127 0.121 0.114 0.108 0.104 0.099 0.094 0.090 0.088 0.087 0.083
3.321 3.158 2.978 2.788 2.691 2.637 2.582 2.525 2.466 2.405 2.412 2.447 2.483 2.518 2.554 2.589 2.652 2.731 2.812 2.896 2.983 3.073 3.078 3.048 3.020 2.994 2.969 2.945 2.894 2.834 2.775 2.719 2.665 2.613 2.564 2.514 2.464 2.412 2.358 2.304 2.206 2.093 1.980 1.867 1.754 1.640 1.524 1.406 1.287 1.168 1.048 0.927 0.832 0.744 0.655 0.564 0.472 0.379 0.327 0.287 0.245 0.203 0.161 0.117 0.102 0.096 0.091 0.088 0.085 0.081 0.079 0.078 0.077 0.077 0.077 0.077 0.075
3.417 3.214 3.001 2.778 2.640 2.580 2.518 2.455 2.390 2.324 2.312 2.347 2.382 2.417 2.451 2.485 2.549 2.637 2.729 2.824 2.922 3.022 3.053 3.029 3.006 2.985 2.966 2.953 2.917 2.866 2.816 2.767 2.719 2.673 2.623 2.569 2.513 2.457 2.399 2.340 2.248 2.134 2.021 1.907 1.793 1.679 1.561 1.440 1.319 1.197 1.074 0.950 0.847 0.754 0.660 0.565 0.469 0.371 0.308 0.265 0.224 0.181 0.138 0.095 0.078 0.074 0.071 0.068 0.065 0.062 0.060 0.061 0.061 0.063 0.064 0.066 0.066
3.516 3.280 3.034 2.778 2.590 2.525 2.457 2.388 2.317 2.244 2.212 2.247 2.281 2.315 2.349 2.382 2.442 2.541 2.643 2.752 2.868 2.981 3.038 3.023 3.010 2.999 2.989 2.981 2.956 2.909 2.863 2.818 2.774 2.732 2.683 2.624 2.564 2.503 2.441 2.377 2.290 2.176 2.062 1.947 1.832 1.717 1.599 1.476 1.352 1.227 1.101 0.975 0.864 0.768 0.671 0.572 0.473 0.372 0.300 0.257 0.213 0.170 0.125 0.081 0.057 0.054 0.051 0.048 0.045 0.042 0.041 0.043 0.045 0.048 0.052 0.055 0.057
3.625 3.356 3.077 2.789 2.543 2.471 2.397 2.322 2.245 2.166 2.113 2.147 2.193 2.253 2.310 2.364 2.433 2.548 2.658 2.765 2.868 2.968 3.036 3.027 3.019 3.014 3.010 3.008 2.994 2.951 2.909 2.868 2.828 2.789 2.744 2.681 2.617 2.551 2.484 2.416 2.332 2.217 2.102 1.987 1.872 1.760 1.644 1.520 1.395 1.268 1.139 1.009 0.889 0.789 0.688 0.585 0.481 0.376 0.293 0.248 0.204 0.158 0.113 0.067 0.037 0.034 0.031 0.028 0.025 0.022 0.021 0.025 0.029 0.033 0.038 0.044 0.048
3.745 3.442 3.131 2.809 2.498 2.428 2.367 2.312 2.261 2.216 2.184 2.240 2.293 2.344 2.393 2.438 2.488 2.590 2.688 2.782 2.872 2.959 3.031 3.028 3.027 3.027 3.029 3.033 3.031 2.992 2.954 2.917 2.881 2.846 2.807 2.739 2.670 2.600 2.536 2.471 2.398 2.287 2.175 2.061 1.946 1.829 1.709 1.579 1.448 1.316 1.182 1.046 0.916 0.811 0.706 0.599 0.491 0.382 0.286 0.240 0.194 0.148 0.101 0.054 0.017 0.014 0.011 0.008 0.005 0.002 0.002 0.012 0.021 0.031 0.040 0.050 0.059
3.849 3.522 3.195 2.868 2.541 2.471 2.428 2.391 2.358 2.331 2.308 2.351 2.396 2.438 2.478 2.515 2.550 2.636 2.721 2.802 2.880 2.954 3.024 3.028 3.033 3.039 3.046 3.056 3.067 3.032 2.998 2.980 2.958 2.933 2.904 2.839 2.774 2.707 2.639 2.569 2.497 2.381 2.263 2.144 2.023 1.900 1.775 1.640 1.503 1.365 1.225 1.084 0.943 0.835 0.725 0.614 0.502 0.389 0.280 0.233 0.185 0.137 0.089 0.041 0.000 0.001 0.002 0.004 0.006 0.009 0.013 0.023 0.033 0.042 0.052 0.062 0.072
3.918 3.590 3.263 2.935 2.607 2.508 2.484 2.464 2.449 2.440 2.436 2.465 2.501 2.535 2.566 2.594 2.620 2.686 2.758 2.826 2.891 2.952 3.010 3.032 3.072 3.110 3.146 3.180 3.211 3.196 3.169 3.138 3.103 3.065 3.023 2.958 2.887 2.816 2.743 2.669 2.593 2.476 2.353 2.228 2.101 1.972 1.842 1.702 1.560 1.416 1.271 1.124 0.975 0.860 0.746 0.630 0.515 0.399 0.280 0.230 0.184 0.138 0.092 0.047 0.002 0.003 0.006 0.009 0.014 0.019 0.024 0.034 0.044 0.054 0.064 0.074 0.085
