DATA/SHG/CPC/2018/20180311.asc
ncols        190
nrows        64
xllcorner    -5100000.000000000000
yllcorner    4130000.000000000000
cellsize     10000.000000000000
NODATA_value  -99999.000
[rows 0 to 33 of 64, columns 0 to 76 of 190]
0.000 0.000 0.000 0.000 0.000 0.000 0.000 0.000 0.000 0.000 0.000 0.000 0.002 0.005 0.008 0.012 0.017 0.022 0.036 0.056 0.077 0.101 0.128 0.156 0.165 0.162 0.159 0.155 0.150 0.144 0.129 0.109 0.087 0.064 0.039 0.016 0.008 0.010 0.011 0.009 0.007 0.002 0.000 0.000 0.000 0.000 0.000 0.000 0.000 0.000 0.000 0.000 0.000 0.000 0.000 0.000 0.000 0.000 0.000 0.000 0.000 0.000 0.000 0.000 0.000 0.000 0.000 0.000 0.000 0.000 0.000 0.000 0.000 0.000 0.000 0.000 0.000
0.000 0.000 0.000 0.000 0.000 0.000 0.000 0.000 0.000 0.000 0.000 0.000 0.003 0.007 0.013 0.018 0.025 0.031 0.049 0.076 0.105 0.137 0.171 0.206 0.222 0.216 0.210 0.202 0.194 0.186 0.171 0.149 0.126 0.103 0.079 0.055 0.040 0.036 0.031 0.024 0.016 0.006 0.000 0.000 0.000 0.000 0.000 0.000 0.000 0.000 0.000 0.000 0.000 0.000 0.000 0.000 0.000 0.000 0.000 0.000 0.000 0.000 0.000 0.000 0.000 0.000 0.000 0.000 0.000 0.000 0.000 0.000 0.000 0.000 0.000 0.000 0.000
0.000 0.000 0.000 0.000 0.000 0.000 0.000 0.000 0.000 0.000 0.000 0.000 0.003 0.009 0.016 0.024 0.032 0.041 0.060 0.094 0.132 0.171 0.210 0.248 0.268 0.260 0.252 0.245 0.238 0.231 0.218 0.194 0.170 0.145 0.119 0.094 0.073 0.064 0.053 0.041 0.027 0.012 0.000 0.000 0.000 0.000 0.000 0.000 0.000 0.000 0.000 0.000 0.000 0.000 0.000 0.000 0.000 0.000 0.000 0.000 0.000 0.000 0.000 0.000 0.000 0.000 0.000 0.000 0.000 0.000 0.000 0.000 0.000 0.000 0.000 0.000 0.000
0.000 0.000 0.000 0.000 0.000 0.000 0.000 0.000 0.000 0.000 0.000 0.000 0.002 0.011 0.023 0.036 0.052 0.070 0.094 0.133 0.171 0.208 0.245 0.281 0.307 0.300 0.294 0.287 0.281 0.275 0.266 0.240 0.214 0.187 0.160 0.133 0.107 0.093 0.077 0.059 0.040 0.019 0.000 0.000 0.000 0.001 0.002 0.001 0.000 0.000 0.000 0.000 0.000 0.000 0.000 0.000 0.000 0.000 0.000 0.000 0.000 0.000 0.000 0.000 0.000 0.000 0.000 0.000 0.000 0.000 0.000 0.000 0.000 0.000 0.000 0.000 0.000
0.000 0.000 0.000 0.000 0.000 0.000 0.000 0.000 0.000 0.000 0.000 0.000 0.002 0.019 0.038 0.059 0.083 0.108 0.137 0.174 0.210 0.245 0.281 0.315 0.346 0.340 0.335 0.329 0.324 0.319 0.314 0.286 0.259 0.230 0.202 0.173 0.143 0.124 0.107 0.088 0.066 0.043 0.017 0.016 0.015 0.013 0.010 0.006 0.000 0.000 0.000 0.000 0.000 0.000 0.000 0.000 0.000 0.000 0.000 0.000 0.000 0.000 0.000 0.000 0.000 0.000 0.000 0.000 0.000 0.000 0.000 0.000 0.000 0.000 0.000 0.000 0.000
0.000 0.000 0.000 0.000 0.000 0.000 0.000 0.000 0.000 0.000 0.000 0.000 0.000 0.024 0.051 0.080 0.111 0.145 0.180 0.215 0.249 0.283 0.317 0.350 0.382 0.380 0.375 0.371 0.367 0.363 0.360 0.335 0.309 0.284 0.260 0.237 0.215 0.192 0.167 0.140 0.111 0.079 0.045 0.037 0.032 0.026 0.019 0.011 0.002 0.000 0.000 0.000 0.000 0.000 0.000 0.000 0.000 0.000 0.000 0.000 0.000 0.000 0.000 0.000 0.000 0.000 0.000 0.000 0.000 0.000 0.000 0.000 0.000 0.000 0.000 0.000 0.000
0.000 0.000 0.000 0.000 0.000 0.000 0.000 0.000 0.000 0.000 0.000 0.000 0.000 0.027 0.062 0.099 0.137 0.178 0.222 0.257 0.290 0.322 0.353 0.385 0.417 0.421 0.418 0.416 0.413 0.411 0.410 0.392 0.369 0.348 0.328 0.308 0.290 0.263 0.230 0.195 0.157 0.118 0.076 0.058 0.049 0.040 0.029 0.017 0.004 0.000 0.000 0.000 0.000 0.000 0.000 0.000 0.000 0.000 0.000 0.000 0.000 0.000 0.000 0.000 0.000 0.000 0.000 0.000 0.000 0.000 0.000 0.000 0.000 0.000 0.000 0.000 0.000
0.000 0.000 0.000 0.000 0.000 0.000 0.000 0.000 0.000 0.000 0.000 0.000 0.000 0.028 0.070 0.115 0.161 0.210 0.261 0.299 0.331 0.363 0.394 0.425 0.456 0.466 0.464 0.463 0.461 0.460 0.459 0.447 0.428 0.411 0.394 0.379 0.364 0.336 0.295 0.252 0.206 0.159 0.109 0.080 0.068 0.054 0.040 0.024 0.009 0.001 0.002 0.002 0.002 0.001 0.000 0.000 0.000 0.000 0.000 0.000 0.000 0.000 0.000 0.000 0.000 0.000 0.000 0.000 0.000 0.000 0.000 0.000 0.000 0.000 0.000 0.000 0.000
0.000 0.000 0.000 0.000 0.000 0.000 0.000 0.000 0.000 0.000 0.001 0.002 0.002 0.029 0.079 0.131 0.185 0.240 0.298 0.342 0.374 0.404 0.435 0.466 0.496 0.511 0.510 0.509 0.509 0.509 0.509 0.502 0.487 0.473 0.460 0.448 0.437 0.411 0.362 0.311 0.258 0.206 0.156 0.124 0.110 0.093 0.074 0.051 0.024 0.007 0.006 0.005 0.004 0.003 0.001 0.000 0.000 0.000 0.000 0.000 0.000 0.000 0.000 0.000 0.000 0.000 0.000 0.000 0.000 0.000 0.000 0.000 0.000 0.000 0.000 0.000 0.000
0.000 0.000 0.000 0.000 0.000 0.000 0.000 0.000 0.001 0.002 0.004 0.005 0.007 0.030 0.087 0.145 0.206 0.268 0.333 0.386 0.416 0.446 0.476 0.506 0.536 0.555 0.555 0.555 0.556 0.557 0.558 0.555 0.543 0.533 0.521 0.508 0.494 0.468 0.417 0.368 0.321 0.276 0.234 0.198 0.173 0.145 0.114 0.080 0.043 0.013 0.011 0.009 0.007 0.005 0.002 0.000 0.000 0.000 0.000 0.000 0.000 0.000 0.000 0.000 0.000 0.000 0.000 0.000 0.000 0.000 0.000 0.000 0.000 0.000 0.000 0.000 0.000
0.000 0.000 0.000 0.000 0.000 0.000 0.000 0.000 0.002 0.004 0.006 0.008 0.011 0.028 0.092 0.157 0.225 0.294 0.366 0.429 0.459 0.488 0.518 0.547 0.576 0.599 0.601 0.604 0.606 0.608 0.609 0.606 0.593 0.578 0.563 0.547 0.531 0.509 0.465 0.423 0.383 0.345 0.309 0.275 0.239 0.200 0.158 0.113 0.064 0.019 0.016 0.014 0.010 0.007 0.003 0.000 0.000 0.000 0.000 0.001 0.001 0.000 0.000 0.000 0.000 0.000 0.000 0.000 0.000 0.000 0.000 0.000 0.000 0.000 0.000 0.000 0.000
0.000 0.000 0.000 0.000 0.000 0.000 0.000 0.000 0.003 0.005 0.008 0.012 0.015 0.025 0.095 0.168 0.242 0.318 0.396 0.473 0.504 0.536 0.568 0.600 0.633 0.665 0.666 0.666 0.666 0.664 0.662 0.658 0.642 0.624 0.607 0.588 0.568 0.548 0.511 0.476 0.443 0.412 0.382 0.355 0.308 0.258 0.205 0.149 0.089 0.026 0.022 0.024 0.027 0.026 0.019 0.008 0.008 0.007 0.006 0.005 0.003 0.000 0.000 0.000 0.000 0.000 0.000 0.000 0.000 0.000 0.000 0.000 0.000 0.000 0.000 0.000 0.000
0.000 0.000 0.000 0.000 0.000 0.000 0.000 0.000 0.003 0.007 0.010 0.014 0.022 0.034 0.112 0.194 0.275 0.358 0.440 0.523 0.559 0.592 0.626 0.661 0.696 0.731 0.733 0.730 0.726 0.721 0.716 0.709 0.691 0.671 0.651 0.629 0.607 0.584 0.554 0.526 0.500 0.476 0.454 0.433 0.390 0.342 0.292 0.240 0.186 0.130 0.117 0.109 0.095 0.076 0.053 0.025 0.018 0.015 0.013 0.009 0.005 0.001 0.000 0.000 0.000 0.000 0.000 0.000 0.000 0.000 0.000 0.000 0.000 0.000 0.000 0.000 0.000
0.000 0.000 0.000 0.000 0.000 0.000 0.000 0.000 0.007 0.017 0.030 0.045 0.063 0.083 0.153 0.236 0.318 0.401 0.484 0.568 0.613 0.649 0.685 0.721 0.758 0.795 0.800 0.794 0.787 0.779 0.770 0.761 0.742 0.719 0.695 0.671 0.646 0.643 0.642 0.638 0.632 0.624 0.612 0.598 0.556 0.500 0.443 0.383 0.322 0.258 0.224 0.198 0.167 0.131 0.091 0.046 0.028 0.024 0.020 0.014 0.009 0.002 0.000 0.000 0.000 0.000 0.000 0.000 0.000 0.000 0.000 0.000 0.000 0.000 0.000 0.000 0.000
0.000 0.000 0.000 0.000 0.000 0.000 0.000 0.000 0.011 0.030 0.051 0.075 0.101 0.129 0.194 0.277 0.361 0.445 0.529 0.613 0.667 0.704 0.742 0.780 0.819 0.858 0.868 0.859 0.849 0.839 0.857 0.878 0.889 0.891 0.890 0.886 0.880 0.870 0.859 0.847 0.831 0.813 0.793 0.769 0.723 0.661 0.596 0.529 0.459 0.388 0.334 0.291 0.244 0.191 0.134 0.072 0.040 0.034 0.027 0.020 0.012 0.004 0.001 0.001 0.001 0.001 0.001 0.000 0.000 0.000 0.000 0.000 0.000 0.000 0.000 0.000 0.000
0.000 0.000 0.000 0.000 0.000 0.000 0.000 0.000 0.013 0.040 0.070 0.102 0.136 0.173 0.234 0.318 0.403 0.487 0.572 0.657 0.720 0.759 0.801 0.857 0.920 0.992 1.041 1.060 1.081 1.104 1.129 1.156 1.168 1.160 1.149 1.136 1.119 1.100 1.079 1.057 1.032 1.005 0.975 0.943 0.893 0.823 0.750 0.676 0.599 0.520 0.450 0.390 0.325 0.256 0.183 0.116 0.076 0.074 0.068 0.056 0.040 0.020 0.005 0.005 0.004 0.003 0.002 0.001 0.000 0.000 0.000 0.000 0.000 0.000 0.000 0.000 0.000
0.000 0.000 0.000 0.000 0.000 0.000 0.000 0.000 0.012 0.048 0.086 0.126 0.169 0.214 0.275 0.362 0.453 0.542 0.629 0.714 0.790 0.857 0.933 1.016 1.107 1.206 1.285 1.310 1.338 1.367 1.398 1.431 1.450 1.432 1.411 1.388 1.361 1.332 1.301 1.270 1.236 1.200 1.160 1.119 1.065 0.987 0.907 0.825 0.740 0.655 0.575 0.508 0.441 0.372 0.303 0.233 0.177 0.159 0.136 0.108 0.076 0.040 0.010 0.009 0.007 0.006 0.004 0.002 0.000 0.000 0.000 0.000 0.000 0.000 0.000 0.000 0.000
0.000 0.000 0.000 0.000 0.000 0.000 0.000 0.000 0.014 0.068 0.124 0.181 0.241 0.302 0.370 0.456 0.539 0.621 0.701 0.779 0.857 0.953 1.056 1.166 1.285 1.412 1.526 1.559 1.592 1.628 1.665 1.705 1.734 1.706 1.676 1.642 1.606 1.567 1.526 1.485 1.441 1.393 1.343 1.290 1.230 1.145 1.059 0.973 0.885 0.795 0.708 0.639 0.568 0.496 0.424 0.350 0.282 0.248 0.209 0.165 0.117 0.064 0.015 0.013 0.010 0.008 0.005 0.003 0.000 0.000 0.000 0.000 0.000 0.000 0.000 0.000 0.000
0.000 0.000 0.000 0.005 0.013 0.024 0.039 0.057 0.080 0.140 0.203 0.267 0.334 0.402 0.472 0.551 0.628 0.703 0.775 0.846 0.917 1.040 1.170 1.309 1.455 1.609 1.766 1.804 1.845 1.886 1.930 1.976 2.021 1.973 1.919 1.868 1.821 1.778 1.739 1.687 1.633 1.576 1.517 1.455 1.391 1.302 1.212 1.121 1.030 0.937 0.843 0.770 0.696 0.621 0.545 0.469 0.391 0.341 0.286 0.226 0.162 0.093 0.020 0.017 0.014 0.011 0.007 0.003 0.000 0.000 0.000 0.000 0.000 0.000 0.000 0.000 0.000
0.000 0.000 0.000 0.015 0.035 0.058 0.084 0.114 0.146 0.211 0.280 0.351 0.424 0.499 0.576 0.649 0.718 0.786 0.852 0.915 0.977 1.118 1.276 1.442 1.616 1.797 1.976 2.020 2.046 2.073 2.099 2.125 2.150 2.113 2.072 2.035 2.002 1.972 1.946 1.890 1.827 1.761 1.693 1.623 1.550 1.460 1.366 1.271 1.175 1.079 0.981 0.901 0.824 0.746 0.668 0.588 0.507 0.438 0.364 0.284 0.201 0.117 0.030 0.015 0.012 0.009 0.006 0.003 0.000 0.000 0.000 0.000 0.000 0.000 0.000 0.000 0.000
0.000 0.000 0.000 0.021 0.053 0.087 0.125 0.167 0.211 0.279 0.355 0.433 0.513 0.595 0.678 0.748 0.811 0.871 0.930 0.987 1.046 1.191 1.365 1.541 1.718 1.896 2.076 2.141 2.167 2.192 2.217 2.242 2.267 2.250 2.222 2.198 2.178 2.162 2.149 2.095 2.023 1.949 1.872 1.793 1.711 1.618 1.521 1.422 1.322 1.222 1.120 1.030 0.941 0.851 0.760 0.667 0.573 0.486 0.400 0.313 0.224 0.132 0.039 0.011 0.009 0.006 0.004 0.002 0.000 0.000 0.000 0.000 0.000 0.000 0.000 0.000 0.000
0.000 0.000 0.000 0.024 0.067 0.114 0.163 0.216 0.272 0.344 0.427 0.512 0.590 0.667 0.745 0.809 0.867 0.928 0.992 1.059 1.129 1.264 1.443 1.624 1.806 1.989 2.174 2.263 2.288 2.312 2.336 2.360 2.383 2.382 2.367 2.357 2.350 2.347 2.348 2.302 2.222 2.139 2.053 1.965 1.874 1.776 1.670 1.561 1.448 1.331 1.210 1.105 1.012 0.917 0.821 0.724 0.625 0.530 0.438 0.344 0.248 0.150 0.050 0.008 0.006 0.004 0.003 0.001 0.000 0.000 0.000 0.000 0.000 0.000 0.000 0.000 0.000
0.000 0.000 0.000 0.023 0.078 0.136 0.194 0.253 0.312 0.381 0.458 0.535 0.612 0.688 0.764 0.836 0.904 0.976 1.050 1.127 1.208 1.336 1.520 1.705 1.892 2.081 2.270 2.385 2.409 2.432 2.455 2.477 2.500 2.510 2.509 2.511 2.518 2.522 2.528 2.490 2.399 2.307 2.216 2.124 2.033 1.931 1.812 1.690 1.564 1.434 1.301 1.183 1.084 0.985 0.884 0.782 0.678 0.577 0.478 0.377 0.274 0.169 0.063 0.003 0.002 0.001 0.001 0.000 0.000 0.000 0.000 0.000 0.000 0.000 0.000 0.000 0.000
0.005 0.008 0.013 0.034 0.093 0.153 0.214 0.276 0.339 0.406 0.483 0.558 0.634 0.709 0.784 0.859 0.938 1.020 1.105 1.193 1.284 1.406 1.595 1.785 1.977 2.170 2.365 2.508 2.530 2.552 2.565 2.581 2.599 2.613 2.618 2.625 2.634 2.647 2.662 2.646 2.555 2.464 2.373 2.282 2.192 2.090 1.958 1.823 1.684 1.541 1.395 1.261 1.158 1.054 0.948 0.841 0.733 0.625 0.519 0.412 0.302 0.191 0.080 0.007 0.009 0.010 0.010 0.007 0.003 0.000 0.000 0.000 0.000 0.000 0.000 0.000 0.000
0.015 0.021 0.029 0.045 0.107 0.170 0.234 0.299 0.365 0.432 0.507 0.582 0.656 0.730 0.804 0.879 0.969 1.061 1.157 1.255 1.356 1.474 1.669 1.864 2.053 2.237 2.415 2.563 2.580 2.599 2.620 2.644 2.671 2.697 2.711 2.727 2.747 2.769 2.793 2.801 2.710 2.620 2.530 2.440 2.350 2.252 2.107 1.959 1.807 1.652 1.493 1.340 1.233 1.124 1.013 0.902 0.787 0.672 0.562 0.453 0.344 0.236 0.128 0.040 0.037 0.032 0.026 0.018 0.009 0.000 0.000 0.000 0.000 0.000 0.000 0.000 0.000
0.023 0.033 0.044 0.055 0.120 0.186 0.253 0.321 0.389 0.459 0.532 0.606 0.679 0.752 0.824 0.896 0.997 1.104 1.216 1.334 1.457 1.587 1.768 1.944 2.114 2.278 2.437 2.589 2.614 2.642 2.672 2.705 2.741 2.778 2.801 2.827 2.856 2.888 2.922 2.955 2.865 2.776 2.686 2.597 2.508 2.417 2.260 2.099 1.935 1.769 1.602 1.435 1.322 1.206 1.087 0.965 0.840 0.712 0.604 0.496 0.389 0.282 0.175 0.074 0.065 0.055 0.043 0.030 0.015 0.000 0.000 0.000 0.000 0.000 0.000 0.000 0.000
0.031 0.044 0.058 0.072 0.132 0.201 0.271 0.341 0.411 0.478 0.546 0.616 0.688 0.760 0.834 0.909 1.024 1.150 1.282 1.420 1.564 1.713 1.873 2.030 2.180 2.325 2.465 2.599 2.646 2.683 2.722 2.763 2.807 2.854 2.889 2.924 2.962 3.003 3.047 3.093 3.020 2.928 2.837 2.747 2.657 2.568 2.410 2.241 2.071 1.899 1.725 1.549 1.420 1.293 1.164 1.031 0.895 0.756 0.646 0.539 0.433 0.327 0.222 0.117 0.095 0.080 0.063 0.044 0.024 0.002 0.000 0.000 0.000 0.001 0.002 0.004 0.005
0.038 0.054 0.069 0.086 0.138 0.205 0.271 0.337 0.402 0.466 0.537 0.611 0.687 0.764 0.841 0.921 1.044 1.190 1.343 1.500 1.664 1.833 1.984 2.121 2.252 2.378 2.499 2.614 2.676 2.721 2.769 2.819 2.872 2.927 2.975 3.020 3.065 3.111 3.157 3.204 3.150 3.061 2.972 2.884 2.798 2.712 2.560 2.385 2.208 2.030 1.850 1.667 1.521 1.384 1.243 1.100 0.953 0.803 0.687 0.582 0.477 0.373 0.269 0.165 0.127 0.106 0.083 0.059 0.035 0.009 0.005 0.006 0.008 0.010 0.012 0.015 0.016
0.041 0.059 0.077 0.095 0.139 0.204 0.268 0.331 0.394 0.456 0.526 0.605 0.684 0.765 0.847 0.931 1.058 1.224 1.397 1.575 1.758 1.947 2.100 2.218 2.330 2.437 2.537 2.632 2.702 2.757 2.816 2.878 2.944 3.014 3.071 3.117 3.165 3.213 3.261 3.310 3.278 3.192 3.106 3.021 2.937 2.854 2.712 2.531 2.348 2.163 1.976 1.787 1.625 1.477 1.326 1.171 1.014 0.854 0.728 0.625 0.522 0.418 0.314 0.208 0.155 0.130 0.104 0.077 0.050 0.021 0.012 0.015 0.017 0.020 0.023 0.026 0.027
0.044 0.063 0.083 0.104 0.141 0.203 0.265 0.326 0.387 0.446 0.514 0.597 0.681 0.766 0.852 0.940 1.066 1.252 1.445 1.641 1.832 2.020 2.167 2.261 2.356 2.451 2.546 2.641 2.723 2.791 2.862 2.937 3.015 3.097 3.165 3.214 3.264 3.314 3.364 3.416 3.405 3.322 3.239 3.157 3.076 2.995 2.866 2.678 2.488 2.297 2.104 1.909 1.737 1.584 1.426 1.263 1.096 0.924 0.783 0.678 0.572 0.466 0.358 0.250 0.183 0.155 0.126 0.096 0.065 0.034 0.020 0.023 0.026 0.029 0.033 0.036 0.039
0.046 0.067 0.089 0.112 0.144 0.204 0.263 0.322 0.380 0.437 0.501 0.588 0.680 0.779 0.880 0.982 1.108 1.297 1.483 1.666 1.845 2.020 2.171 2.267 2.362 2.458 2.554 2.650 2.741 2.821 2.904 2.991 3.082 3.176 3.259 3.310 3.362 3.414 3.467 3.520 3.532 3.451 3.371 3.292 3.213 3.148 3.046 2.863 2.676 2.485 2.289 2.090 1.900 1.730 1.555 1.375 1.191 1.002 0.840 0.732 0.623 0.514 0.404 0.292 0.211 0.180 0.148 0.115 0.081 0.047 0.027 0.030 0.034 0.038 0.042 0.047 0.050
0.047 0.070 0.094 0.119 0.147 0.204 0.264 0.327 0.393 0.462 0.537 0.638 0.741 0.845 0.951 1.058 1.175 1.352 1.525 1.695 1.861 2.024 2.175 2.272 2.368 2.465 2.562 2.659 2.755 2.847 2.943 3.042 3.145 3.251 3.352 3.405 3.459 3.514 3.586 3.664 3.720 3.658 3.595 3.531 3.464 3.397 3.304 3.107 2.905 2.700 2.490 2.277 2.067 1.880 1.689 1.492 1.291 1.085 0.897 0.786 0.675 0.563 0.449 0.336 0.240 0.206 0.171 0.135 0.099 0.061 0.036 0.048 0.059 0.067 0.073 0.077 0.079
0.045 0.068 0.091 0.114 0.137 0.201 0.272 0.345 0.422 0.503 0.586 0.691 0.800 0.909 1.021 1.134 1.248 1.410 1.571 1.728 1.882 2.032 2.178 2.276 2.373 2.471 2.569 2.667 2.766 2.870 2.979 3.108 3.238 3.369 3.501 3.576 3.655 3.737 3.822 3.910 3.997 3.930 3.862 3.792 3.720 3.647 3.565 3.354 3.139 2.919 2.696 2.468 2.239 2.035 1.827 1.614 1.396 1.173 0.955 0.842 0.727 0.612 0.496 0.384 0.289 0.264 0.237 0.207 0.176 0.142 0.111 0.116 0.119 0.120 0.119 0.116 0.111
0.040 0.062 0.084 0.106 0.128 0.194 0.275 0.360 0.448 0.540 0.634 0.743 0.857 0.972 1.089 1.207 1.327 1.472 1.620 1.765 1.906 2.043 2.177 2.284 2.404 2.523 2.644 2.765 2.886 3.016 3.147 3.280 3.413 3.547 3.682 3.776 3.865 3.958 4.054 4.154 4.256 4.204 4.130 4.054 3.977 3.898 3.817 3.605 3.376 3.142 2.904 2.663 2.417 2.194 1.969 1.739 1.514 1.295 1.070 0.964 0.861 0.756 0.647 0.535 0.421 0.385 0.350 0.313 0.274 0.232 0.189 0.186 0.182 0.176 0.167 0.157 0.145
