DATA/SHG/CPC/2018/20180625.asc
ncols        190
nrows        64
xllcorner    -5100000.000000000000
yllcorner    4130000.000000000000
cellsize     10000.000000000000
NODATA_value  -99999.000
[rows 0 to 32 of 64, columns 0 to 74 of 190]
0.000 0.000 0.000 0.000 0.000 0.000 0.000 0.000 0.000 0.000 0.000 0.000 0.003 0.008 0.014 0.021 0.029 0.038 0.071 0.118 0.170 0.227 0.290 0.357 0.383 0.383 0.383 0.381 0.377 0.372 0.339 0.286 0.229 0.168 0.101 0.043 0.024 0.029 0.030 0.027 0.019 0.007 0.000 0.000 0.000 0.000 0.000 0.000 0.000 0.000 0.000 0.000 0.000 0.000 0.000 0.000 0.000 0.000 0.000 0.000 0.000 0.000 0.000 0.000 0.000 0.000 0.000 0.000 0.000 0.000 0.000 0.000 0.000 0.000 0.000
0.000 0.000 0.000 0.000 0.000 0.000 0.000 0.000 0.000 0.000 0.000 0.000 0.005 0.013 0.022 0.032 0.044 0.056 0.095 0.160 0.231 0.306 0.387 0.472 0.514 0.509 0.503 0.497 0.497 0.498 0.472 0.416 0.356 0.293 0.226 0.156 0.113 0.103 0.088 0.069 0.046 0.018 0.000 0.000 0.000 0.000 0.000 0.000 0.000 0.000 0.000 0.000 0.000 0.000 0.000 0.000 0.000 0.000 0.000 0.000 0.000 0.000 0.000 0.000 0.000 0.000 0.000 0.000 0.000 0.000 0.000 0.000 0.000 0.000 0.000
0.000 0.000 0.000 0.000 0.000 0.000 0.000 0.000 0.000 0.000 0.000 0.000 0.005 0.016 0.029 0.042 0.057 0.072 0.114 0.197 0.289 0.390 0.494 0.599 0.666 0.666 0.667 0.668 0.670 0.672 0.651 0.582 0.510 0.435 0.355 0.273 0.206 0.181 0.151 0.116 0.077 0.034 0.000 0.000 0.000 0.000 0.000 0.000 0.000 0.000 0.000 0.000 0.000 0.000 0.000 0.000 0.000 0.000 0.000 0.000 0.000 0.000 0.000 0.000 0.000 0.000 0.000 0.000 0.000 0.000 0.000 0.000 0.000 0.000 0.000
0.000 0.000 0.000 0.000 0.000 0.000 0.000 0.000 0.000 0.000 0.000 0.000 0.004 0.021 0.043 0.070 0.103 0.141 0.199 0.303 0.410 0.518 0.629 0.742 0.831 0.833 0.835 0.838 0.841 0.845 0.833 0.752 0.667 0.579 0.488 0.393 0.304 0.263 0.217 0.168 0.113 0.055 0.000 0.000 0.000 0.004 0.005 0.004 0.000 0.000 0.000 0.000 0.000 0.000 0.000 0.000 0.000 0.000 0.000 0.000 0.000 0.000 0.000 0.000 0.000 0.000 0.000 0.000 0.000 0.000 0.000 0.000 0.000 0.000 0.000
0.000 0.000 0.000 0.000 0.000 0.000 0.000 0.000 0.000 0.000 0.000 0.000 0.005 0.040 0.081 0.127 0.178 0.235 0.302 0.414 0.528 0.644 0.762 0.883 0.996 0.999 1.003 1.007 1.012 1.018 1.019 0.925 0.828 0.728 0.624 0.516 0.406 0.352 0.311 0.259 0.198 0.127 0.046 0.045 0.042 0.036 0.027 0.015 0.001 0.000 0.000 0.000 0.000 0.000 0.000 0.000 0.000 0.000 0.000 0.000 0.000 0.000 0.000 0.000 0.000 0.000 0.000 0.000 0.000 0.000 0.000 0.000 0.000 0.000 0.000
0.000 0.000 0.000 0.000 0.000 0.000 0.000 0.000 0.000 0.000 0.000 0.000 0.000 0.054 0.113 0.178 0.248 0.323 0.404 0.522 0.643 0.767 0.893 1.021 1.151 1.164 1.170 1.176 1.182 1.189 1.201 1.124 1.035 0.946 0.858 0.769 0.679 0.610 0.533 0.447 0.350 0.244 0.127 0.100 0.087 0.071 0.052 0.030 0.005 0.000 0.000 0.000 0.000 0.000 0.000 0.000 0.000 0.000 0.000 0.000 0.000 0.000 0.000 0.000 0.000 0.000 0.000 0.000 0.000 0.000 0.000 0.000 0.000 0.000 0.000
0.000 0.000 0.000 0.000 0.000 0.000 0.000 0.000 0.000 0.000 0.000 0.000 0.000 0.062 0.140 0.223 0.312 0.406 0.505 0.627 0.756 0.888 1.021 1.160 1.306 1.351 1.372 1.395 1.422 1.451 1.484 1.425 1.335 1.246 1.156 1.067 0.977 0.877 0.765 0.644 0.512 0.371 0.219 0.158 0.135 0.108 0.079 0.047 0.012 0.000 0.000 0.000 0.000 0.000 0.000 0.000 0.000 0.000 0.000 0.000 0.000 0.000 0.000 0.000 0.000 0.000 0.000 0.000 0.000 0.000 0.000 0.000 0.000 0.000 0.000
0.000 0.000 0.000 0.000 0.000 0.000 0.000 0.000 0.000 0.000 0.000 0.000 0.000 0.064 0.161 0.263 0.373 0.491 0.616 0.754 0.898 1.045 1.195 1.348 1.503 1.578 1.609 1.643 1.680 1.720 1.764 1.725 1.635 1.545 1.455 1.364 1.274 1.155 1.008 0.851 0.684 0.507 0.321 0.219 0.185 0.149 0.109 0.067 0.025 0.004 0.005 0.005 0.004 0.003 0.001 0.000 0.000 0.000 0.000 0.000 0.000 0.000 0.000 0.000 0.000 0.000 0.000 0.000 0.000 0.000 0.000 0.000 0.000 0.000 0.000
0.000 0.000 0.000 0.000 0.000 0.000 0.000 0.000 0.000 0.001 0.002 0.004 0.006 0.071 0.192 0.321 0.456 0.598 0.747 0.900 1.054 1.211 1.370 1.532 1.697 1.801 1.843 1.887 1.935 1.986 2.039 2.026 1.935 1.844 1.753 1.662 1.571 1.442 1.260 1.068 0.866 0.667 0.467 0.339 0.302 0.256 0.201 0.138 0.066 0.018 0.017 0.014 0.011 0.008 0.003 0.000 0.000 0.000 0.000 0.000 0.000 0.000 0.000 0.000 0.000 0.000 0.000 0.000 0.000 0.000 0.000 0.000 0.000 0.000 0.000
0.000 0.000 0.000 0.000 0.000 0.000 0.000 0.001 0.003 0.005 0.009 0.012 0.017 0.075 0.221 0.373 0.533 0.699 0.871 1.043 1.207 1.373 1.542 1.714 1.888 2.021 2.073 2.128 2.186 2.247 2.312 2.326 2.235 2.142 2.044 1.945 1.846 1.717 1.517 1.316 1.114 0.911 0.707 0.543 0.475 0.398 0.313 0.219 0.116 0.033 0.029 0.024 0.019 0.013 0.006 0.000 0.000 0.000 0.000 0.000 0.000 0.000 0.000 0.000 0.000 0.000 0.000 0.000 0.000 0.000 0.000 0.000 0.000 0.000 0.000
0.000 0.000 0.000 0.000 0.000 0.000 0.000 0.001 0.005 0.010 0.015 0.021 0.027 0.072 0.242 0.418 0.601 0.791 0.988 1.183 1.356 1.532 1.711 1.892 2.076 2.237 2.298 2.359 2.422 2.487 2.555 2.593 2.494 2.395 2.296 2.196 2.096 1.978 1.774 1.569 1.363 1.156 0.948 0.755 0.656 0.549 0.433 0.308 0.174 0.049 0.043 0.035 0.027 0.019 0.009 0.000 0.000 0.000 0.000 0.000 0.000 0.000 0.000 0.000 0.000 0.000 0.000 0.000 0.000 0.000 0.000 0.000 0.000 0.000 0.000
0.000 0.000 0.000 0.000 0.000 0.000 0.000 0.001 0.007 0.013 0.020 0.028 0.036 0.062 0.256 0.456 0.663 0.876 1.097 1.319 1.500 1.682 1.867 2.053 2.242 2.425 2.492 2.560 2.631 2.704 2.779 2.849 2.749 2.648 2.547 2.446 2.345 2.241 2.033 1.824 1.613 1.402 1.190 0.976 0.847 0.709 0.562 0.406 0.242 0.068 0.057 0.049 0.041 0.030 0.016 0.001 0.000 0.000 0.000 0.000 0.000 0.000 0.000 0.000 0.000 0.000 0.000 0.000 0.000 0.000 0.000 0.000 0.000 0.000 0.000
0.000 0.000 0.000 0.000 0.000 0.000 0.000 0.000 0.008 0.016 0.025 0.035 0.053 0.078 0.291 0.517 0.744 0.973 1.205 1.438 1.629 1.819 2.010 2.204 2.400 2.598 2.683 2.759 2.837 2.917 3.000 3.085 3.003 2.901 2.799 2.697 2.594 2.491 2.292 2.079 1.864 1.649 1.432 1.214 1.047 0.881 0.707 0.527 0.339 0.144 0.103 0.088 0.071 0.051 0.029 0.004 0.000 0.000 0.000 0.000 0.000 0.000 0.000 0.000 0.000 0.000 0.000 0.000 0.000 0.000 0.000 0.000 0.000 0.000 0.000
0.000 0.000 0.000 0.000 0.000 0.000 0.000 0.000 0.015 0.038 0.065 0.098 0.135 0.177 0.370 0.602 0.836 1.072 1.310 1.550 1.756 1.953 2.152 2.353 2.556 2.761 2.871 2.955 3.041 3.129 3.219 3.311 3.257 3.154 3.051 2.947 2.843 2.755 2.583 2.374 2.157 1.934 1.704 1.466 1.265 1.073 0.875 0.669 0.455 0.235 0.154 0.130 0.104 0.076 0.045 0.011 0.000 0.000 0.000 0.000 0.000 0.000 0.000 0.000 0.000 0.000 0.000 0.000 0.000 0.000 0.000 0.000 0.000 0.000 0.000
0.000 0.000 0.000 0.000 0.000 0.000 0.000 0.000 0.024 0.063 0.108 0.157 0.211 0.270 0.446 0.685 0.926 1.169 1.414 1.661 1.880 2.084 2.290 2.498 2.709 2.921 3.057 3.149 3.242 3.338 3.457 3.581 3.580 3.495 3.409 3.321 3.231 3.140 2.966 2.732 2.491 2.243 1.987 1.725 1.490 1.273 1.049 0.817 0.579 0.333 0.207 0.175 0.140 0.102 0.062 0.020 0.000 0.000 0.000 0.000 0.000 0.000 0.001 0.001 0.001 0.001 0.001 0.000 0.000 0.000 0.000 0.000 0.000 0.000 0.000
0.000 0.000 0.000 0.000 0.000 0.000 0.000 0.000 0.027 0.084 0.145 0.212 0.283 0.359 0.520 0.766 1.014 1.264 1.515 1.769 2.002 2.213 2.429 2.659 2.893 3.132 3.316 3.437 3.562 3.692 3.825 3.963 3.997 3.906 3.814 3.719 3.623 3.526 3.357 3.098 2.831 2.558 2.278 1.991 1.722 1.480 1.230 0.973 0.709 0.438 0.263 0.221 0.178 0.131 0.083 0.035 0.009 0.011 0.012 0.012 0.011 0.008 0.006 0.006 0.005 0.004 0.003 0.001 0.000 0.000 0.000 0.000 0.000 0.000 0.000
0.000 0.000 0.000 0.000 0.000 0.000 0.000 0.000 0.025 0.099 0.177 0.261 0.349 0.442 0.592 0.850 1.116 1.383 1.649 1.916 2.171 2.408 2.650 2.896 3.148 3.404 3.622 3.758 3.897 4.041 4.188 4.340 4.415 4.318 4.219 4.119 4.017 3.913 3.754 3.470 3.179 2.881 2.575 2.263 1.962 1.694 1.419 1.136 0.845 0.547 0.318 0.271 0.223 0.175 0.126 0.076 0.040 0.038 0.035 0.030 0.025 0.018 0.012 0.010 0.009 0.007 0.005 0.002 0.000 0.000 0.000 0.000 0.000 0.000 0.000
0.000 0.000 0.000 0.000 0.000 0.000 0.000 0.000 0.026 0.130 0.239 0.353 0.473 0.598 0.755 1.022 1.288 1.555 1.822 2.088 2.352 2.606 2.865 3.128 3.397 3.670 3.924 4.074 4.227 4.385 4.547 4.713 4.835 4.731 4.626 4.520 4.411 4.301 4.157 3.848 3.537 3.223 2.893 2.549 2.203 1.908 1.607 1.298 0.982 0.659 0.372 0.322 0.272 0.221 0.170 0.118 0.072 0.066 0.058 0.050 0.040 0.029 0.018 0.015 0.013 0.010 0.007 0.003 0.000 0.000 0.000 0.000 0.000 0.000 0.000
0.000 0.000 0.000 0.006 0.017 0.032 0.051 0.074 0.107 0.230 0.357 0.490 0.629 0.772 0.927 1.193 1.460 1.727 1.994 2.261 2.528 2.798 3.074 3.355 3.640 3.931 4.221 4.385 4.553 4.724 4.900 5.080 5.255 5.164 5.084 4.997 4.903 4.801 4.686 4.349 3.998 3.632 3.251 2.856 2.447 2.128 1.801 1.467 1.126 0.778 0.426 0.374 0.322 0.268 0.215 0.160 0.105 0.095 0.083 0.070 0.056 0.041 0.024 0.021 0.017 0.014 0.012 0.008 0.003 0.004 0.004 0.003 0.002 0.001 0.000
0.000 0.000 0.000 0.020 0.045 0.075 0.110 0.149 0.192 0.324 0.470 0.621 0.778 0.940 1.108 1.365 1.632 1.899 2.165 2.432 2.699 2.985 3.278 3.576 3.879 4.186 4.512 4.729 4.942 5.165 5.398 5.641 5.895 5.837 5.731 5.618 5.498 5.370 5.235 4.875 4.473 4.055 3.623 3.176 2.715 2.354 2.002 1.643 1.277 0.903 0.522 0.426 0.372 0.316 0.260 0.203 0.146 0.125 0.110 0.096 0.082 0.067 0.052 0.047 0.043 0.037 0.030 0.022 0.012 0.010 0.008 0.007 0.005 0.003 0.000
0.000 0.000 0.000 0.028 0.069 0.114 0.164 0.218 0.276 0.412 0.577 0.747 0.922 1.102 1.288 1.536 1.803 2.070 2.337 2.614 2.897 3.210 3.539 3.874 4.216 4.565 4.920 5.190 5.438 5.697 5.965 6.243 6.532 6.515 6.384 6.245 6.099 5.946 5.785 5.416 4.962 4.493 4.009 3.511 2.998 2.588 2.210 1.826 1.435 1.036 0.630 0.488 0.443 0.393 0.335 0.272 0.202 0.172 0.157 0.141 0.126 0.109 0.092 0.082 0.073 0.062 0.050 0.037 0.022 0.016 0.014 0.011 0.008 0.005 0.001
0.000 0.000 0.000 0.032 0.088 0.149 0.213 0.283 0.356 0.494 0.677 0.866 1.061 1.261 1.466 1.715 1.996 2.282 2.571 2.866 3.165 3.494 3.846 4.204 4.570 4.942 5.321 5.639 5.923 6.217 6.520 6.834 7.158 7.201 7.044 6.879 6.708 6.529 6.342 5.970 5.465 4.945 4.410 3.860 3.300 2.839 2.449 2.057 1.662 1.264 0.863 0.663 0.597 0.524 0.445 0.360 0.269 0.221 0.204 0.187 0.169 0.152 0.133 0.118 0.104 0.088 0.071 0.053 0.033 0.023 0.019 0.016 0.011 0.007 0.002
0.000 0.000 0.000 0.031 0.103 0.181 0.263 0.349 0.438 0.578 0.781 0.988 1.201 1.419 1.642 1.899 2.195 2.497 2.802 3.113 3.428 3.770 4.145 4.527 4.916 5.311 5.714 6.078 6.396 6.725 7.064 7.414 7.773 7.893 7.710 7.520 7.323 7.133 6.923 6.550 5.998 5.432 4.852 4.258 3.649 3.131 2.731 2.329 1.925 1.517 1.107 0.844 0.756 0.662 0.561 0.455 0.342 0.270 0.251 0.233 0.214 0.194 0.174 0.155 0.136 0.116 0.094 0.071 0.046 0.031 0.028 0.025 0.020 0.015 0.008
0.006 0.011 0.016 0.046 0.133 0.225 0.319 0.418 0.520 0.659 0.879 1.105 1.335 1.571 1.812 2.076 2.389 2.706 3.028 3.354 3.685 4.038 4.437 4.842 5.255 5.673 6.099 6.504 6.859 7.223 7.694 8.151 8.591 8.829 8.632 8.407 8.156 7.877 7.572 7.161 6.559 5.944 5.314 4.670 4.012 3.425 3.016 2.604 2.190 1.773 1.353 1.031 0.921 0.805 0.683 0.555 0.420 0.319 0.299 0.279 0.258 0.237 0.214 0.188 0.164 0.140 0.117 0.094 0.073 0.057 0.051 0.044 0.036 0.027 0.017
0.019 0.027 0.037 0.060 0.160 0.264 0.372 0.483 0.598 0.734 0.972 1.216 1.464 1.718 1.976 2.249 2.578 2.911 3.248 3.591 3.937 4.299 4.732 5.276 5.843 6.434 7.050 7.658 8.107 8.538 8.951 9.346 9.724 9.979 9.687 9.368 9.021 8.648 8.247 7.785 7.134 6.469 5.790 5.097 4.389 3.722 3.303 2.882 2.458 2.031 1.602 1.224 1.092 0.955 0.811 0.654 0.494 0.358 0.333 0.308 0.282 0.256 0.229 0.203 0.181 0.160 0.139 0.119 0.100 0.083 0.074 0.064 0.052 0.040 0.027
0.030 0.042 0.056 0.070 0.183 0.300 0.420 0.544 0.672 0.804 1.059 1.321 1.587 1.858 2.135 2.420 2.792 3.198 3.636 4.107 4.610 5.147 5.750 6.377 7.028 7.704 8.403 9.120 9.507 9.875 10.225 10.558 10.873 11.156 10.769 10.354 9.913 9.445 8.950 8.423 7.723 7.008 6.280 5.537 4.780 4.021 3.593 3.162 2.704 2.241 1.781 1.334 1.173 1.013 0.853 0.693 0.533 0.380 0.354 0.327 0.300 0.273 0.245 0.218 0.198 0.179 0.161 0.143 0.126 0.111 0.098 0.084 0.070 0.054 0.038
0.040 0.056 0.074 0.092 0.201 0.331 0.464 0.601 0.740 0.879 1.134 1.419 1.715 2.020 2.336 2.662 3.129 3.649 4.201 4.787 5.405 6.055 6.741 7.452 8.187 8.946 9.728 10.535 10.923 11.228 11.516 11.786 12.038 12.273 11.877 11.368 10.832 10.269 9.679 9.062 8.325 7.496 6.662 5.830 5.000 4.172 3.671 3.212 2.754 2.299 1.847 1.396 1.208 1.048 0.889 0.731 0.572 0.414 0.375 0.347 0.319 0.290 0.261 0.232 0.214 0.198 0.182 0.167 0.152 0.139 0.123 0.106 0.088 0.070 0.053
0.049 0.069 0.090 0.112 0.213 0.351 0.492 0.634 0.778 0.925 1.187 1.508 1.839 2.181 2.532 2.894 3.430 4.064 4.731 5.431 6.163 6.928 7.706 8.500 9.319 10.161 11.027 11.917 12.355 12.598 12.824 13.031 13.221 13.387 12.866 12.143 11.413 10.677 9.933 9.184 8.372 7.543 6.716 5.891 5.069 4.248 3.704 3.252 2.803 2.355 1.911 1.468 1.242 1.084 0.926 0.768 0.611 0.454 0.396 0.367 0.338 0.308 0.278 0.247 0.229 0.215 0.203 0.193 0.184 0.177 0.162 0.144 0.125 0.105 0.084
0.056 0.080 0.105 0.131 0.220 0.366 0.513 0.663 0.814 0.968 1.228 1.585 1.952 2.329 2.717 3.114 3.696 4.444 5.226 6.040 6.886 7.765 8.643 9.522 10.424 11.349 12.285 13.136 13.514 13.553 13.569 13.563 13.533 13.481 13.016 12.270 11.516 10.756 9.989 9.216 8.410 7.588 6.769 5.951 5.136 4.322 3.734 3.290 2.848 2.409 1.972 1.537 1.276 1.118 0.962 0.805 0.649 0.494 0.418 0.387 0.357 0.326 0.296 0.265 0.249 0.241 0.234 0.229 0.226 0.224 0.210 0.188 0.165 0.141 0.116
0.062 0.089 0.118 0.148 0.225 0.377 0.532 0.689 0.848 1.009 1.259 1.651 2.054 2.467 2.890 3.323 3.926 4.789 5.685 6.649 7.710 8.781 9.789 10.664 11.491 12.268 12.997 13.677 14.031 13.990 13.926 13.839 13.730 13.597 13.174 12.404 11.626 10.843 10.052 9.255 8.446 7.631 6.819 6.009 5.200 4.394 3.762 3.326 2.892 2.461 2.031 1.604 1.312 1.159 1.005 0.849 0.691 0.532 0.437 0.406 0.376 0.345 0.315 0.285 0.268 0.265 0.264 0.264 0.266 0.269 0.259 0.233 0.206 0.178 0.149
0.066 0.098 0.131 0.164 0.227 0.387 0.549 0.713 0.879 1.047 1.278 1.706 2.197 2.774 3.383 4.023 4.790 5.856 6.932 8.018 9.114 10.221 11.234 11.939 12.594 13.201 13.758 14.267 14.571 14.450 14.306 14.140 13.950 13.738 13.339 12.544 11.744 10.936 10.122 9.301 8.480 7.672 6.867 6.064 5.263 4.471 3.802 3.380 2.960 2.540 2.122 1.705 1.378 1.220 1.060 0.899 0.736 0.572 0.455 0.425 0.395 0.364 0.334 0.304 0.285 0.288 0.292 0.298 0.305 0.314 0.308 0.279 0.248 0.217 0.184
0.070 0.105 0.142 0.179 0.227 0.405 0.616 0.858 1.132 1.436 1.795 2.419 3.074 3.760 4.478 5.227 6.038 7.140 8.252 9.374 10.506 11.649 12.729 13.262 13.747 14.183 14.570 14.908 15.134 14.933 14.710 14.463 14.193 13.901 13.510 12.692 11.868 11.036 10.226 9.393 8.549 7.759 6.969 6.179 5.390 4.601 3.882 3.464 3.048 2.632 2.218 1.805 1.445 1.281 1.117 0.950 0.783 0.613 0.474 0.444 0.413 0.383 0.353 0.323 0.302 0.310 0.319 0.330 0.342 0.356 0.362 0.339 0.316 0.292 0.267
0.074 0.115 0.159 0.204 0.252 0.523 0.843 1.194 1.576 1.990 2.435 3.152 3.916 4.711 5.538 6.395 7.284 8.411 9.559 10.717 11.885 13.064 14.252 14.636 14.950 15.215 15.431 15.599 15.718 15.440 15.148 15.013 14.771 14.420 13.958 13.138 12.293 11.424 10.530 9.611 8.673 7.883 7.095 6.306 5.518 4.730 3.961 3.547 3.135 2.724 2.314 1.905 1.513 1.345 1.175 1.003 0.830 0.656 0.492 0.462 0.432 0.402 0.372 0.349 0.344 0.374 0.402 0.427 0.451 0.472 0.486 0.461 0.436 0.410 0.383
