DATA/SHG/CPC/2018/20180214.asc
ncols        190
nrows        64
xllcorner    -5100000.000000000000
yllcorner    4130000.000000000000
cellsize     10000.000000000000
NODATA_value  -99999.000
[rows 0 to 33 of 64, columns 77 to 153 of 190]
0.155 0.143 0.122 0.101 0.079 0.057 0.035 0.018 0.016 0.013 0.010 0.007 0.003 0.000 0.000 0.000 0.000 0.000 0.000 0.000 0.000 0.000 0.000 0.000 0.000 0.001 0.006 0.010 0.014 0.017 0.021 0.024 0.028 0.033 0.037 0.042 0.046 0.054 0.070 0.086 0.103 0.119 0.136 0.159 0.200 0.242 0.283 0.325 0.366 0.410 0.461 0.512 0.563 0.613 0.663 0.707 0.735 0.762 0.790 0.817 0.844 0.862 0.855 0.850 0.846 0.844 0.843 0.838 0.818 0.800 0.783 0.767 0.752 0.737 0.720 0.705 0.691
0.171 0.161 0.139 0.116 0.093 0.070 0.047 0.026 0.022 0.018 0.014 0.010 0.005 0.000 0.000 0.000 0.000 0.000 0.000 0.000 0.000 0.000 0.000 0.000 0.000 0.000 0.004 0.007 0.010 0.012 0.014 0.017 0.021 0.026 0.031 0.036 0.041 0.048 0.064 0.082 0.099 0.116 0.134 0.155 0.196 0.237 0.279 0.320 0.362 0.404 0.454 0.503 0.552 0.601 0.651 0.697 0.726 0.755 0.784 0.813 0.842 0.867 0.867 0.867 0.870 0.873 0.878 0.880 0.866 0.853 0.841 0.830 0.820 0.811 0.800 0.790 0.782
0.186 0.179 0.156 0.132 0.108 0.083 0.059 0.035 0.031 0.026 0.021 0.014 0.008 0.000 0.000 0.000 0.000 0.000 0.000 0.000 0.000 0.000 0.000 0.000 0.000 0.000 0.002 0.004 0.006 0.007 0.008 0.009 0.014 0.020 0.025 0.030 0.036 0.041 0.059 0.077 0.095 0.113 0.131 0.150 0.193 0.236 0.278 0.320 0.362 0.404 0.453 0.502 0.551 0.599 0.647 0.694 0.723 0.753 0.783 0.813 0.843 0.872 0.877 0.884 0.892 0.901 0.911 0.921 0.912 0.904 0.897 0.892 0.887 0.884 0.878 0.874 0.872
0.200 0.195 0.171 0.147 0.123 0.099 0.076 0.052 0.044 0.037 0.029 0.021 0.011 0.001 0.000 0.000 0.000 0.000 0.000 0.000 0.000 0.000 0.000 0.000 0.000 0.000 0.001 0.002 0.002 0.003 0.003 0.002 0.007 0.013 0.019 0.025 0.033 0.041 0.059 0.080 0.101 0.122 0.143 0.164 0.204 0.245 0.287 0.328 0.368 0.408 0.455 0.503 0.550 0.597 0.643 0.689 0.721 0.751 0.782 0.812 0.843 0.874 0.887 0.899 0.912 0.927 0.943 0.960 0.957 0.955 0.953 0.953 0.953 0.955 0.956 0.958 0.965
0.209 0.205 0.185 0.161 0.138 0.115 0.093 0.070 0.058 0.048 0.038 0.027 0.016 0.003 0.000 0.000 0.000 0.000 0.000 0.000 0.000 0.000 0.000 0.000 0.000 0.000 0.000 0.000 0.000 0.000 0.000 0.000 0.006 0.014 0.022 0.031 0.040 0.050 0.069 0.090 0.112 0.134 0.156 0.179 0.215 0.256 0.295 0.335 0.374 0.413 0.458 0.504 0.550 0.595 0.640 0.685 0.718 0.749 0.781 0.812 0.844 0.875 0.895 0.913 0.932 0.952 0.974 1.000 1.008 1.014 1.022 1.032 1.043 1.055 1.066 1.077 1.090
0.218 0.215 0.198 0.175 0.153 0.131 0.109 0.088 0.073 0.061 0.048 0.035 0.021 0.006 0.000 0.000 0.000 0.000 0.000 0.000 0.000 0.000 0.000 0.000 0.000 0.000 0.000 0.000 0.000 0.000 0.000 0.000 0.006 0.016 0.026 0.037 0.048 0.059 0.078 0.100 0.123 0.146 0.170 0.193 0.227 0.266 0.305 0.343 0.381 0.418 0.461 0.505 0.549 0.593 0.637 0.680 0.715 0.748 0.782 0.817 0.853 0.889 0.918 0.944 0.971 1.000 1.029 1.060 1.078 1.091 1.106 1.123 1.141 1.161 1.178 1.195 1.213
0.227 0.224 0.211 0.189 0.168 0.147 0.126 0.105 0.088 0.073 0.058 0.042 0.026 0.009 0.000 0.000 0.000 0.000 0.000 0.000 0.000 0.000 0.000 0.000 0.000 0.000 0.000 0.000 0.000 0.000 0.000 0.000 0.006 0.017 0.029 0.042 0.054 0.067 0.086 0.110 0.134 0.158 0.183 0.207 0.239 0.277 0.314 0.351 0.387 0.424 0.464 0.508 0.553 0.597 0.642 0.687 0.727 0.763 0.801 0.839 0.877 0.917 0.951 0.982 1.015 1.048 1.083 1.119 1.145 1.166 1.188 1.212 1.238 1.265 1.289 1.311 1.334
0.236 0.234 0.224 0.201 0.180 0.159 0.139 0.119 0.101 0.084 0.067 0.049 0.031 0.012 0.000 0.000 0.000 0.000 0.000 0.000 0.000 0.000 0.000 0.000 0.000 0.000 0.000 0.000 0.000 0.000 0.000 0.000 0.005 0.018 0.032 0.046 0.061 0.076 0.095 0.118 0.141 0.163 0.187 0.211 0.241 0.277 0.314 0.352 0.389 0.428 0.469 0.514 0.559 0.604 0.650 0.695 0.738 0.778 0.818 0.859 0.901 0.943 0.983 1.019 1.057 1.096 1.136 1.177 1.211 1.239 1.269 1.300 1.333 1.367 1.398 1.426 1.455
0.237 0.234 0.225 0.205 0.186 0.167 0.149 0.131 0.114 0.095 0.076 0.057 0.037 0.016 0.000 0.000 0.000 0.000 0.000 0.000 0.000 0.000 0.000 0.000 0.000 0.000 0.000 0.000 0.000 0.000 0.000 0.000 0.004 0.017 0.029 0.041 0.051 0.062 0.075 0.100 0.125 0.151 0.177 0.204 0.234 0.273 0.312 0.351 0.391 0.432 0.474 0.520 0.565 0.611 0.658 0.704 0.749 0.792 0.835 0.879 0.924 0.969 1.013 1.055 1.098 1.142 1.187 1.233 1.276 1.311 1.348 1.385 1.422 1.460 1.494 1.524 1.554
0.235 0.232 0.227 0.209 0.192 0.175 0.159 0.143 0.127 0.107 0.086 0.065 0.043 0.020 0.000 0.000 0.000 0.000 0.000 0.000 0.000 0.000 0.000 0.000 0.000 0.000 0.000 0.000 0.000 0.000 0.000 0.000 0.002 0.011 0.021 0.029 0.037 0.044 0.054 0.081 0.109 0.137 0.166 0.196 0.228 0.268 0.309 0.351 0.393 0.435 0.479 0.525 0.572 0.618 0.665 0.712 0.759 0.805 0.851 0.898 0.946 0.995 1.043 1.090 1.138 1.187 1.237 1.289 1.337 1.376 1.414 1.454 1.494 1.534 1.573 1.607 1.641
0.233 0.231 0.228 0.212 0.196 0.182 0.168 0.154 0.141 0.119 0.096 0.073 0.049 0.025 0.000 0.000 0.000 0.000 0.000 0.000 0.000 0.000 0.000 0.000 0.000 0.000 0.000 0.000 0.000 0.000 0.000 0.000 0.000 0.007 0.013 0.018 0.023 0.027 0.031 0.061 0.092 0.123 0.154 0.187 0.220 0.263 0.306 0.349 0.393 0.438 0.483 0.530 0.577 0.625 0.672 0.720 0.769 0.818 0.867 0.917 0.968 1.019 1.071 1.123 1.176 1.231 1.287 1.343 1.398 1.439 1.480 1.522 1.565 1.608 1.650 1.688 1.728
0.231 0.229 0.227 0.214 0.201 0.188 0.174 0.159 0.144 0.120 0.095 0.071 0.048 0.025 0.003 0.000 0.000 0.000 0.000 0.000 0.000 0.000 0.000 0.000 0.000 0.000 0.000 0.000 0.000 0.000 0.000 0.000 0.000 0.003 0.006 0.008 0.010 0.011 0.011 0.041 0.074 0.108 0.142 0.177 0.214 0.258 0.303 0.347 0.391 0.436 0.479 0.528 0.577 0.627 0.677 0.728 0.779 0.831 0.883 0.936 0.989 1.043 1.098 1.155 1.214 1.274 1.334 1.397 1.459 1.502 1.546 1.590 1.635 1.681 1.726 1.769 1.813
0.225 0.220 0.215 0.202 0.187 0.173 0.158 0.144 0.130 0.110 0.087 0.066 0.045 0.025 0.005 0.000 0.000 0.000 0.000 0.000 0.000 0.000 0.000 0.000 0.000 0.000 0.000 0.000 0.000 0.000 0.000 0.000 0.000 0.000 0.000 0.000 0.001 0.002 0.003 0.033 0.070 0.106 0.142 0.178 0.214 0.257 0.300 0.344 0.388 0.431 0.474 0.524 0.576 0.628 0.681 0.735 0.789 0.843 0.898 0.953 1.010 1.066 1.124 1.186 1.250 1.315 1.381 1.448 1.517 1.564 1.610 1.657 1.705 1.753 1.802 1.849 1.903
0.204 0.199 0.194 0.183 0.169 0.156 0.142 0.129 0.116 0.099 0.079 0.060 0.041 0.024 0.007 0.000 0.000 0.000 0.000 0.000 0.000 0.000 0.000 0.000 0.000 0.000 0.000 0.000 0.000 0.000 0.000 0.000 0.000 0.001 0.002 0.004 0.006 0.008 0.011 0.037 0.073 0.108 0.144 0.179 0.214 0.255 0.298 0.341 0.384 0.426 0.469 0.520 0.574 0.629 0.685 0.741 0.797 0.855 0.912 0.971 1.029 1.089 1.149 1.216 1.285 1.355 1.426 1.497 1.569 1.622 1.674 1.728 1.785 1.844 1.906 1.968 2.032
0.183 0.178 0.173 0.164 0.151 0.138 0.126 0.114 0.102 0.087 0.070 0.053 0.037 0.022 0.007 0.000 0.000 0.000 0.000 0.000 0.000 0.000 0.000 0.000 0.000 0.000 0.000 0.000 0.000 0.000 0.000 0.000 0.000 0.001 0.004 0.007 0.010 0.014 0.018 0.040 0.075 0.110 0.145 0.180 0.215 0.254 0.296 0.338 0.380 0.422 0.464 0.515 0.572 0.629 0.687 0.746 0.806 0.865 0.923 0.983 1.043 1.105 1.168 1.237 1.309 1.382 1.456 1.531 1.607 1.672 1.735 1.800 1.868 1.939 2.012 2.084 2.158
0.163 0.158 0.153 0.145 0.133 0.121 0.109 0.098 0.087 0.075 0.059 0.045 0.032 0.019 0.007 0.000 0.000 0.000 0.000 0.000 0.000 0.000 0.000 0.000 0.000 0.000 0.000 0.000 0.000 0.000 0.000 0.000 0.000 0.002 0.006 0.010 0.015 0.020 0.025 0.044 0.078 0.113 0.147 0.181 0.215 0.253 0.295 0.336 0.377 0.416 0.455 0.503 0.560 0.618 0.675 0.732 0.790 0.851 0.914 0.979 1.045 1.112 1.181 1.253 1.330 1.407 1.485 1.563 1.643 1.718 1.793 1.869 1.949 2.030 2.115 2.198 2.282
0.142 0.137 0.132 0.125 0.114 0.103 0.092 0.081 0.071 0.059 0.047 0.036 0.025 0.015 0.006 0.000 0.000 0.000 0.000 0.000 0.000 0.000 0.000 0.000 0.000 0.000 0.000 0.000 0.000 0.000 0.000 0.000 0.000 0.002 0.007 0.013 0.019 0.025 0.031 0.047 0.081 0.113 0.145 0.176 0.207 0.240 0.279 0.318 0.357 0.396 0.435 0.481 0.539 0.597 0.655 0.713 0.772 0.834 0.904 0.974 1.045 1.118 1.192 1.269 1.349 1.430 1.512 1.595 1.679 1.763 1.848 1.936 2.027 2.120 2.215 2.310 2.404
0.128 0.121 0.115 0.107 0.096 0.086 0.075 0.064 0.054 0.044 0.034 0.026 0.018 0.011 0.005 0.000 0.000 0.000 0.000 0.000 0.000 0.000 0.000 0.000 0.000 0.000 0.000 0.000 0.000 0.000 0.000 0.000 0.000 0.001 0.008 0.014 0.021 0.028 0.035 0.047 0.077 0.107 0.135 0.163 0.191 0.221 0.259 0.298 0.337 0.376 0.415 0.459 0.518 0.576 0.635 0.694 0.753 0.817 0.892 0.967 1.044 1.123 1.202 1.284 1.368 1.453 1.539 1.626 1.713 1.804 1.901 2.002 2.139 2.288 2.449 2.616 2.784
0.115 0.107 0.098 0.089 0.078 0.068 0.057 0.047 0.037 0.027 0.020 0.015 0.010 0.006 0.003 0.000 0.000 0.000 0.000 0.000 0.000 0.000 0.001 0.001 0.001 0.001 0.001 0.000 0.000 0.000 0.000 0.000 0.000 0.000 0.008 0.015 0.022 0.030 0.038 0.047 0.074 0.101 0.126 0.151 0.176 0.201 0.240 0.279 0.317 0.356 0.395 0.437 0.496 0.556 0.615 0.675 0.735 0.799 0.879 0.960 1.042 1.126 1.211 1.299 1.395 1.498 1.608 1.725 1.849 1.987 2.153 2.332 2.522 2.724 2.939 3.155 3.359
0.103 0.093 0.082 0.070 0.060 0.050 0.040 0.030 0.020 0.011 0.006 0.003 0.001 0.001 0.006 0.011 0.015 0.016 0.015 0.014 0.011 0.007 0.006 0.005 0.004 0.003 0.002 0.000 0.000 0.000 0.000 0.000 0.000 0.000 0.007 0.015 0.023 0.032 0.040 0.049 0.072 0.096 0.118 0.140 0.161 0.182 0.221 0.259 0.298 0.336 0.375 0.414 0.474 0.534 0.594 0.653 0.714 0.777 0.863 0.951 1.041 1.133 1.226 1.325 1.452 1.585 1.726 1.874 2.029 2.198 2.418 2.650 2.893 3.149 3.416 3.685 3.926
0.092 0.080 0.067 0.053 0.042 0.032 0.024 0.022 0.021 0.019 0.023 0.028 0.033 0.039 0.044 0.049 0.049 0.045 0.039 0.032 0.024 0.014 0.011 0.009 0.007 0.005 0.003 0.001 0.000 0.000 0.000 0.000 0.000 0.000 0.007 0.016 0.025 0.034 0.043 0.052 0.071 0.091 0.111 0.130 0.148 0.164 0.200 0.236 0.273 0.309 0.344 0.379 0.439 0.500 0.562 0.624 0.687 0.751 0.845 0.941 1.038 1.138 1.239 1.343 1.501 1.665 1.837 2.015 2.201 2.398 2.670 2.955 3.252 3.561 3.881 4.207 4.484
0.093 0.086 0.078 0.070 0.065 0.063 0.062 0.061 0.059 0.058 0.061 0.066 0.071 0.077 0.082 0.087 0.085 0.076 0.064 0.052 0.038 0.024 0.016 0.014 0.011 0.008 0.005 0.001 0.000 0.000 0.000 0.000 0.000 0.000 0.007 0.016 0.025 0.033 0.041 0.048 0.062 0.079 0.095 0.111 0.126 0.141 0.172 0.207 0.242 0.276 0.309 0.342 0.401 0.465 0.529 0.595 0.661 0.727 0.825 0.929 1.034 1.141 1.250 1.361 1.543 1.739 1.941 2.150 2.366 2.589 2.911 3.248 3.598 3.960 4.334 4.720 5.033
0.141 0.131 0.120 0.109 0.102 0.101 0.100 0.098 0.097 0.097 0.098 0.104 0.109 0.114 0.120 0.125 0.122 0.107 0.091 0.073 0.054 0.034 0.022 0.018 0.015 0.011 0.006 0.002 0.000 0.000 0.000 0.000 0.000 0.000 0.004 0.012 0.018 0.024 0.030 0.036 0.047 0.062 0.077 0.091 0.105 0.119 0.146 0.179 0.211 0.243 0.275 0.306 0.362 0.429 0.496 0.564 0.633 0.703 0.803 0.915 1.028 1.143 1.260 1.379 1.578 1.804 2.037 2.277 2.542 2.821 3.202 3.610 4.027 4.452 4.886 5.328 5.755
0.189 0.177 0.163 0.149 0.139 0.138 0.137 0.136 0.136 0.135 0.136 0.142 0.147 0.152 0.158 0.163 0.160 0.140 0.121 0.100 0.079 0.056 0.040 0.035 0.029 0.022 0.015 0.006 0.000 0.000 0.000 0.000 0.000 0.000 0.003 0.008 0.012 0.017 0.020 0.024 0.032 0.046 0.059 0.072 0.085 0.097 0.120 0.151 0.181 0.211 0.240 0.270 0.323 0.392 0.463 0.534 0.605 0.677 0.779 0.904 1.038 1.181 1.332 1.493 1.735 2.016 2.306 2.603 2.908 3.221 3.627 4.073 4.528 4.992 5.464 5.945 6.459
0.239 0.223 0.207 0.190 0.176 0.175 0.174 0.174 0.173 0.173 0.176 0.188 0.198 0.206 0.213 0.218 0.216 0.194 0.170 0.145 0.118 0.091 0.068 0.058 0.048 0.036 0.024 0.010 0.000 0.000 0.000 0.000 0.000 0.000 0.001 0.004 0.007 0.009 0.011 0.012 0.018 0.030 0.042 0.053 0.065 0.075 0.094 0.123 0.151 0.179 0.206 0.231 0.278 0.350 0.424 0.500 0.577 0.656 0.777 0.941 1.115 1.297 1.488 1.689 1.955 2.271 2.595 2.926 3.265 3.612 4.043 4.527 5.021 5.523 6.033 6.553 7.141
0.289 0.271 0.251 0.236 0.231 0.242 0.251 0.258 0.263 0.266 0.267 0.273 0.278 0.280 0.281 0.280 0.276 0.249 0.220 0.190 0.159 0.127 0.097 0.083 0.068 0.051 0.034 0.016 0.000 0.000 0.000 0.000 0.000 0.000 0.000 0.001 0.002 0.002 0.002 0.002 0.004 0.016 0.028 0.038 0.048 0.058 0.071 0.096 0.119 0.141 0.161 0.180 0.220 0.300 0.381 0.463 0.547 0.633 0.766 0.970 1.183 1.405 1.635 1.875 2.167 2.517 2.875 3.241 3.614 3.995 4.449 4.972 5.504 6.044 6.593 7.151 7.801
0.393 0.387 0.381 0.375 0.370 0.373 0.375 0.375 0.372 0.368 0.361 0.361 0.359 0.355 0.350 0.344 0.335 0.305 0.271 0.237 0.201 0.165 0.127 0.108 0.089 0.068 0.046 0.023 0.000 0.000 0.000 0.000 0.002 0.004 0.005 0.006 0.007 0.008 0.008 0.008 0.009 0.018 0.025 0.032 0.039 0.044 0.051 0.070 0.087 0.103 0.117 0.131 0.161 0.248 0.335 0.425 0.516 0.608 0.746 0.989 1.242 1.503 1.773 2.052 2.371 2.756 3.148 3.548 3.955 4.371 4.846 5.408 5.978 6.528 6.996 7.452 7.978
0.531 0.525 0.520 0.515 0.510 0.506 0.500 0.493 0.483 0.471 0.457 0.449 0.442 0.432 0.421 0.409 0.394 0.361 0.323 0.284 0.244 0.203 0.161 0.141 0.124 0.105 0.084 0.061 0.036 0.035 0.035 0.034 0.032 0.028 0.022 0.022 0.021 0.020 0.019 0.017 0.015 0.020 0.024 0.027 0.030 0.031 0.032 0.045 0.057 0.067 0.075 0.083 0.101 0.194 0.289 0.385 0.483 0.582 0.717 1.000 1.291 1.592 1.902 2.220 2.563 2.950 3.329 3.699 4.059 4.411 4.789 5.239 5.676 6.100 6.512 6.910 7.358
0.668 0.663 0.658 0.654 0.649 0.640 0.628 0.613 0.595 0.576 0.555 0.539 0.526 0.511 0.494 0.481 0.465 0.436 0.401 0.368 0.334 0.302 0.269 0.243 0.218 0.190 0.160 0.128 0.094 0.084 0.078 0.071 0.062 0.052 0.041 0.038 0.036 0.033 0.030 0.027 0.023 0.024 0.024 0.023 0.021 0.019 0.016 0.022 0.028 0.032 0.035 0.036 0.039 0.139 0.240 0.345 0.457 0.573 0.705 1.016 1.327 1.638 1.949 2.259 2.574 2.922 3.261 3.591 3.912 4.224 4.545 4.938 5.319 5.686 6.041 6.382 6.753
0.805 0.800 0.796 0.792 0.789 0.777 0.757 0.735 0.723 0.704 0.680 0.660 0.646 0.629 0.609 0.587 0.563 0.533 0.502 0.470 0.440 0.409 0.380 0.348 0.314 0.277 0.238 0.198 0.155 0.134 0.122 0.109 0.095 0.079 0.062 0.054 0.051 0.046 0.042 0.037 0.032 0.028 0.025 0.020 0.014 0.008 0.001 0.003 0.006 0.009 0.012 0.015 0.017 0.123 0.242 0.363 0.488 0.615 0.744 1.048 1.358 1.667 1.977 2.286 2.595 2.903 3.202 3.492 3.773 4.045 4.315 4.651 4.974 5.285 5.582 5.867 6.161
0.944 0.960 0.976 0.991 1.006 1.008 0.986 0.959 0.926 0.887 0.842 0.804 0.781 0.755 0.727 0.696 0.663 0.630 0.601 0.572 0.544 0.516 0.489 0.455 0.412 0.366 0.319 0.269 0.218 0.185 0.168 0.149 0.128 0.106 0.083 0.071 0.066 0.062 0.066 0.069 0.069 0.066 0.061 0.052 0.039 0.024 0.005 0.002 0.004 0.007 0.009 0.011 0.012 0.114 0.245 0.379 0.515 0.654 0.795 1.079 1.388 1.697 2.006 2.314 2.622 2.893 3.153 3.403 3.644 3.876 4.100 4.376 4.643 4.897 5.137 5.365 5.583
1.221 1.236 1.250 1.265 1.279 1.277 1.236 1.188 1.134 1.074 1.009 0.950 0.918 0.884 0.847 0.808 0.766 0.726 0.700 0.673 0.648 0.623 0.598 0.564 0.512 0.457 0.401 0.343 0.285 0.257 0.250 0.240 0.228 0.214 0.197 0.188 0.187 0.184 0.179 0.171 0.160 0.145 0.125 0.102 0.076 0.046 0.013 0.001 0.003 0.004 0.006 0.007 0.008 0.103 0.246 0.391 0.539 0.690 0.844 1.111 1.419 1.727 2.034 2.341 2.648 2.892 3.112 3.322 3.524 3.716 3.903 4.126 4.345 4.552 4.749 4.934 5.107
1.498 1.512 1.525 1.538 1.551 1.553 1.490 1.422 1.347 1.267 1.181 1.099 1.058 1.015 0.969 0.921 0.870 0.822 0.798 0.775 0.764 0.753 0.742 0.723 0.679 0.635 0.590 0.546 0.502 0.466 0.448 0.429 0.406 0.382 0.355 0.334 0.323 0.309 0.293 0.275 0.254 0.227 0.193 0.156 0.115 0.072 0.025 0.001 0.002 0.002 0.003 0.004 0.004 0.090 0.244 0.401 0.561 0.724 0.889 1.143 1.450 1.765 2.090 2.413 2.736 2.972 3.158 3.331 3.492 3.640 3.776 3.942 4.111 4.268 4.415 4.550 4.674
1.775 1.787 1.800 1.812 1.824 1.833 1.750 1.661 1.566 1.465 1.358 1.249 1.207 1.167 1.127 1.087 1.046 1.004 0.994 0.984 0.974 0.964 0.955 0.941 0.897 0.852 0.808 0.763 0.718 0.677 0.649 0.620 0.587 0.553 0.516 0.482 0.460 0.436 0.410 0.381 0.350 0.313 0.265 0.213 0.158 0.100 0.039 0.000 0.000 0.001 0.000 0.000 0.001 0.076 0.253 0.439 0.635 0.840 1.054 1.327 1.648 1.969 2.287 2.605 2.921 3.136 3.266 3.384 3.489 3.581 3.661 3.769 3.888 3.996 4.093 4.178 4.252
