DATA/SHG/CPC/2018/20180222.asc
ncols        190
nrows        64
xllcorner    -5100000.000000000000
yllcorner    4130000.000000000000
cellsize     10000.000000000000
NODATA_value  -99999.000
[rows 0 to 33 of 64, columns 77 to 153 of 190]
0.242 0.234 0.224 0.213 0.202 0.191 0.180 0.169 0.158 0.147 0.135 0.123 0.111 0.101 0.098 0.095 0.092 0.089 0.087 0.087 0.094 0.103 0.112 0.122 0.133 0.143 0.152 0.161 0.170 0.180 0.189 0.197 0.200 0.203 0.206 0.208 0.211 0.213 0.211 0.209 0.207 0.205 0.203 0.200 0.196 0.191 0.187 0.182 0.178 0.173 0.166 0.160 0.153 0.147 0.140 0.134 0.128 0.121 0.115 0.108 0.101 0.095 0.089 0.083 0.077 0.071 0.066 0.066 0.082 0.098 0.113 0.127 0.141 0.154 0.169 0.183 0.197
0.251 0.243 0.232 0.221 0.210 0.198 0.186 0.174 0.162 0.150 0.137 0.124 0.111 0.099 0.097 0.096 0.095 0.093 0.092 0.092 0.102 0.113 0.124 0.135 0.147 0.159 0.168 0.178 0.188 0.198 0.208 0.217 0.220 0.222 0.225 0.227 0.229 0.230 0.228 0.226 0.223 0.221 0.218 0.215 0.210 0.206 0.202 0.197 0.193 0.189 0.182 0.176 0.169 0.163 0.156 0.149 0.142 0.135 0.127 0.120 0.113 0.106 0.100 0.094 0.089 0.083 0.078 0.076 0.089 0.101 0.113 0.124 0.134 0.145 0.158 0.170 0.182
0.260 0.253 0.241 0.229 0.217 0.205 0.192 0.181 0.169 0.157 0.144 0.132 0.119 0.106 0.105 0.104 0.103 0.102 0.101 0.100 0.111 0.123 0.135 0.148 0.161 0.174 0.184 0.195 0.205 0.216 0.227 0.238 0.240 0.242 0.244 0.245 0.247 0.249 0.246 0.243 0.239 0.236 0.233 0.229 0.225 0.222 0.218 0.214 0.210 0.205 0.198 0.191 0.183 0.176 0.168 0.160 0.153 0.146 0.139 0.131 0.124 0.117 0.111 0.106 0.101 0.096 0.090 0.086 0.096 0.105 0.114 0.122 0.129 0.136 0.147 0.157 0.168
0.269 0.264 0.253 0.241 0.229 0.218 0.206 0.194 0.181 0.169 0.156 0.142 0.129 0.115 0.113 0.112 0.111 0.110 0.109 0.108 0.119 0.133 0.146 0.160 0.175 0.189 0.200 0.212 0.223 0.234 0.245 0.257 0.260 0.261 0.263 0.265 0.268 0.270 0.269 0.266 0.263 0.260 0.256 0.252 0.248 0.243 0.238 0.233 0.227 0.221 0.213 0.205 0.197 0.189 0.181 0.172 0.165 0.157 0.150 0.142 0.135 0.127 0.122 0.117 0.112 0.108 0.103 0.098 0.104 0.110 0.116 0.120 0.124 0.127 0.136 0.145 0.151
0.282 0.278 0.267 0.255 0.244 0.231 0.219 0.207 0.194 0.181 0.167 0.153 0.139 0.125 0.120 0.120 0.119 0.118 0.118 0.117 0.127 0.142 0.157 0.172 0.188 0.204 0.218 0.232 0.246 0.259 0.273 0.286 0.292 0.294 0.296 0.299 0.300 0.302 0.300 0.296 0.291 0.287 0.282 0.276 0.271 0.265 0.258 0.252 0.245 0.237 0.229 0.220 0.212 0.203 0.193 0.184 0.176 0.169 0.161 0.153 0.146 0.138 0.133 0.128 0.124 0.119 0.114 0.107 0.107 0.107 0.107 0.107 0.105 0.103 0.108 0.113 0.119
0.295 0.291 0.282 0.270 0.258 0.245 0.233 0.220 0.207 0.193 0.178 0.164 0.149 0.134 0.128 0.127 0.127 0.129 0.132 0.134 0.147 0.165 0.184 0.202 0.221 0.239 0.255 0.268 0.282 0.295 0.308 0.322 0.328 0.329 0.331 0.332 0.333 0.334 0.331 0.325 0.320 0.314 0.307 0.301 0.294 0.286 0.279 0.271 0.263 0.254 0.245 0.236 0.226 0.216 0.206 0.196 0.188 0.179 0.169 0.159 0.149 0.139 0.131 0.124 0.117 0.110 0.103 0.097 0.093 0.091 0.088 0.085 0.081 0.076 0.078 0.082 0.087
0.308 0.305 0.297 0.284 0.272 0.259 0.246 0.234 0.220 0.205 0.191 0.178 0.165 0.153 0.149 0.153 0.158 0.162 0.166 0.171 0.183 0.201 0.220 0.238 0.257 0.276 0.292 0.305 0.318 0.331 0.344 0.357 0.364 0.364 0.365 0.366 0.366 0.366 0.362 0.356 0.349 0.341 0.333 0.325 0.317 0.308 0.299 0.290 0.281 0.271 0.260 0.248 0.235 0.222 0.208 0.193 0.181 0.171 0.160 0.150 0.139 0.129 0.120 0.113 0.107 0.100 0.093 0.086 0.080 0.075 0.070 0.063 0.057 0.049 0.048 0.052 0.055
0.320 0.318 0.312 0.298 0.284 0.271 0.258 0.246 0.234 0.222 0.210 0.199 0.190 0.180 0.177 0.182 0.188 0.195 0.201 0.207 0.218 0.237 0.255 0.274 0.293 0.312 0.328 0.341 0.354 0.367 0.380 0.392 0.400 0.400 0.400 0.399 0.399 0.398 0.394 0.386 0.378 0.370 0.361 0.351 0.342 0.331 0.320 0.309 0.297 0.284 0.271 0.256 0.240 0.223 0.206 0.188 0.173 0.162 0.152 0.141 0.130 0.119 0.110 0.103 0.096 0.089 0.082 0.075 0.068 0.060 0.052 0.043 0.033 0.023 0.019 0.021 0.024
0.324 0.321 0.316 0.303 0.291 0.280 0.268 0.257 0.247 0.237 0.229 0.221 0.213 0.207 0.204 0.211 0.219 0.227 0.234 0.242 0.253 0.272 0.291 0.310 0.329 0.348 0.365 0.378 0.390 0.403 0.416 0.429 0.439 0.439 0.439 0.438 0.437 0.436 0.432 0.422 0.412 0.402 0.391 0.379 0.367 0.355 0.341 0.328 0.314 0.299 0.283 0.264 0.245 0.225 0.205 0.183 0.165 0.154 0.143 0.132 0.120 0.109 0.099 0.092 0.085 0.078 0.071 0.065 0.056 0.046 0.035 0.025 0.016 0.007 0.005 0.010 0.016
0.324 0.323 0.320 0.309 0.298 0.288 0.278 0.268 0.260 0.253 0.246 0.241 0.236 0.232 0.230 0.239 0.249 0.258 0.268 0.277 0.289 0.308 0.327 0.347 0.367 0.388 0.408 0.421 0.435 0.449 0.462 0.476 0.488 0.486 0.484 0.481 0.478 0.475 0.470 0.458 0.446 0.434 0.421 0.408 0.394 0.379 0.363 0.347 0.331 0.314 0.295 0.274 0.251 0.228 0.204 0.180 0.158 0.146 0.135 0.123 0.111 0.099 0.089 0.082 0.075 0.068 0.061 0.053 0.046 0.038 0.031 0.024 0.018 0.013 0.012 0.016 0.021
0.325 0.324 0.323 0.313 0.304 0.295 0.287 0.279 0.272 0.267 0.264 0.261 0.258 0.256 0.254 0.264 0.275 0.286 0.298 0.310 0.323 0.344 0.365 0.386 0.408 0.431 0.453 0.467 0.481 0.495 0.509 0.523 0.537 0.533 0.529 0.525 0.520 0.515 0.508 0.495 0.481 0.467 0.452 0.436 0.420 0.403 0.385 0.367 0.348 0.329 0.309 0.284 0.258 0.232 0.207 0.182 0.159 0.148 0.136 0.123 0.110 0.096 0.082 0.074 0.067 0.059 0.051 0.042 0.034 0.030 0.026 0.023 0.020 0.019 0.019 0.022 0.026
0.324 0.325 0.325 0.318 0.310 0.303 0.295 0.286 0.278 0.275 0.272 0.271 0.270 0.271 0.272 0.283 0.297 0.311 0.326 0.341 0.357 0.379 0.402 0.425 0.449 0.473 0.497 0.513 0.527 0.541 0.555 0.570 0.584 0.580 0.574 0.568 0.562 0.555 0.547 0.532 0.516 0.500 0.483 0.465 0.446 0.424 0.403 0.381 0.359 0.337 0.315 0.290 0.266 0.242 0.218 0.195 0.172 0.158 0.143 0.127 0.110 0.093 0.076 0.067 0.059 0.050 0.041 0.031 0.022 0.021 0.020 0.021 0.022 0.023 0.026 0.029 0.031
0.319 0.317 0.315 0.308 0.300 0.292 0.286 0.281 0.276 0.275 0.276 0.278 0.280 0.284 0.289 0.302 0.318 0.336 0.353 0.372 0.391 0.414 0.438 0.464 0.489 0.515 0.541 0.558 0.573 0.587 0.602 0.616 0.631 0.628 0.620 0.611 0.601 0.590 0.578 0.560 0.540 0.519 0.498 0.476 0.454 0.431 0.409 0.387 0.364 0.341 0.318 0.295 0.273 0.251 0.229 0.207 0.186 0.168 0.150 0.131 0.112 0.092 0.071 0.060 0.051 0.041 0.031 0.021 0.010 0.012 0.014 0.018 0.022 0.027 0.033 0.035 0.040
0.296 0.295 0.294 0.289 0.284 0.280 0.277 0.274 0.273 0.274 0.278 0.284 0.290 0.297 0.304 0.319 0.339 0.359 0.380 0.401 0.423 0.448 0.475 0.501 0.529 0.556 0.583 0.601 0.614 0.627 0.641 0.656 0.670 0.667 0.656 0.643 0.630 0.616 0.601 0.581 0.558 0.535 0.511 0.487 0.462 0.439 0.416 0.392 0.369 0.346 0.322 0.300 0.279 0.259 0.239 0.219 0.200 0.180 0.159 0.137 0.114 0.090 0.066 0.053 0.043 0.032 0.022 0.017 0.012 0.019 0.029 0.038 0.047 0.056 0.064 0.069 0.074
0.273 0.273 0.272 0.270 0.268 0.267 0.267 0.267 0.269 0.273 0.280 0.289 0.298 0.308 0.319 0.336 0.359 0.380 0.402 0.424 0.447 0.471 0.497 0.525 0.552 0.580 0.609 0.630 0.645 0.660 0.675 0.691 0.707 0.706 0.691 0.675 0.659 0.642 0.624 0.602 0.577 0.551 0.525 0.498 0.471 0.446 0.422 0.398 0.374 0.350 0.326 0.305 0.286 0.267 0.249 0.231 0.214 0.192 0.170 0.148 0.128 0.108 0.090 0.082 0.077 0.072 0.067 0.062 0.057 0.062 0.070 0.078 0.085 0.092 0.099 0.103 0.107
0.250 0.250 0.250 0.251 0.252 0.253 0.256 0.259 0.264 0.271 0.280 0.290 0.301 0.312 0.325 0.341 0.363 0.387 0.410 0.434 0.458 0.484 0.513 0.543 0.573 0.603 0.634 0.660 0.676 0.692 0.709 0.726 0.743 0.746 0.728 0.709 0.689 0.669 0.648 0.624 0.596 0.568 0.540 0.510 0.481 0.454 0.429 0.404 0.380 0.354 0.328 0.307 0.290 0.273 0.258 0.242 0.228 0.211 0.194 0.177 0.162 0.148 0.135 0.127 0.122 0.117 0.112 0.107 0.102 0.105 0.111 0.117 0.123 0.128 0.133 0.137 0.141
0.227 0.228 0.228 0.227 0.229 0.232 0.236 0.242 0.250 0.259 0.271 0.284 0.297 0.311 0.326 0.343 0.367 0.392 0.418 0.443 0.469 0.497 0.528 0.560 0.593 0.626 0.659 0.689 0.706 0.724 0.742 0.761 0.779 0.786 0.765 0.743 0.720 0.697 0.673 0.646 0.612 0.578 0.544 0.510 0.477 0.447 0.422 0.397 0.373 0.349 0.325 0.306 0.291 0.278 0.265 0.253 0.241 0.229 0.217 0.206 0.195 0.186 0.179 0.172 0.167 0.162 0.157 0.152 0.147 0.148 0.152 0.157 0.161 0.165 0.168 0.172 0.175
0.189 0.187 0.185 0.185 0.191 0.200 0.209 0.221 0.233 0.247 0.262 0.277 0.292 0.309 0.326 0.344 0.371 0.397 0.425 0.452 0.480 0.509 0.543 0.577 0.612 0.648 0.684 0.717 0.736 0.756 0.774 0.788 0.800 0.804 0.774 0.744 0.714 0.685 0.656 0.626 0.592 0.560 0.527 0.495 0.463 0.434 0.410 0.388 0.365 0.343 0.322 0.304 0.292 0.282 0.272 0.263 0.254 0.246 0.239 0.233 0.227 0.224 0.221 0.218 0.213 0.208 0.203 0.198 0.193 0.191 0.194 0.198 0.211 0.225 0.240 0.253 0.263
0.144 0.143 0.142 0.141 0.153 0.166 0.181 0.197 0.215 0.235 0.251 0.269 0.287 0.306 0.325 0.346 0.373 0.402 0.431 0.461 0.490 0.520 0.555 0.589 0.623 0.655 0.688 0.719 0.731 0.742 0.753 0.763 0.772 0.778 0.749 0.720 0.691 0.662 0.634 0.605 0.573 0.542 0.510 0.479 0.449 0.420 0.398 0.378 0.357 0.338 0.318 0.301 0.293 0.285 0.278 0.272 0.266 0.262 0.259 0.258 0.258 0.259 0.262 0.266 0.266 0.269 0.274 0.281 0.290 0.302 0.317 0.333 0.349 0.365 0.382 0.394 0.394
0.099 0.099 0.098 0.098 0.113 0.131 0.151 0.173 0.196 0.221 0.241 0.261 0.281 0.303 0.325 0.348 0.376 0.406 0.435 0.465 0.494 0.524 0.555 0.587 0.617 0.647 0.677 0.706 0.716 0.725 0.732 0.739 0.745 0.750 0.724 0.695 0.667 0.639 0.611 0.584 0.553 0.523 0.493 0.464 0.434 0.405 0.386 0.367 0.349 0.331 0.314 0.298 0.292 0.288 0.284 0.281 0.279 0.280 0.285 0.292 0.301 0.312 0.324 0.338 0.348 0.360 0.375 0.392 0.411 0.432 0.449 0.467 0.485 0.504 0.524 0.537 0.528
0.054 0.054 0.055 0.055 0.072 0.095 0.122 0.152 0.182 0.212 0.236 0.259 0.282 0.305 0.328 0.352 0.379 0.409 0.439 0.468 0.498 0.527 0.556 0.585 0.613 0.640 0.667 0.693 0.703 0.708 0.712 0.716 0.719 0.721 0.698 0.671 0.643 0.616 0.589 0.562 0.533 0.504 0.476 0.447 0.419 0.389 0.369 0.350 0.332 0.315 0.299 0.284 0.283 0.283 0.286 0.289 0.294 0.301 0.314 0.329 0.346 0.364 0.385 0.407 0.427 0.449 0.474 0.501 0.530 0.561 0.581 0.601 0.621 0.643 0.664 0.682 0.663
0.021 0.030 0.038 0.047 0.068 0.098 0.127 0.156 0.184 0.211 0.236 0.259 0.283 0.307 0.331 0.355 0.383 0.412 0.442 0.471 0.501 0.530 0.558 0.584 0.609 0.634 0.657 0.681 0.690 0.692 0.693 0.693 0.693 0.692 0.673 0.646 0.617 0.588 0.559 0.531 0.501 0.470 0.440 0.411 0.382 0.353 0.334 0.319 0.305 0.292 0.279 0.267 0.270 0.278 0.286 0.296 0.308 0.321 0.341 0.364 0.389 0.415 0.443 0.473 0.504 0.536 0.571 0.608 0.647 0.688 0.711 0.734 0.757 0.780 0.804 0.829 0.800
0.037 0.045 0.053 0.061 0.078 0.105 0.133 0.159 0.185 0.211 0.235 0.260 0.284 0.309 0.334 0.359 0.386 0.415 0.445 0.475 0.504 0.534 0.560 0.583 0.606 0.628 0.649 0.667 0.674 0.671 0.667 0.662 0.656 0.650 0.631 0.602 0.573 0.544 0.515 0.486 0.457 0.428 0.400 0.372 0.344 0.316 0.299 0.288 0.277 0.267 0.258 0.250 0.256 0.270 0.285 0.302 0.320 0.340 0.367 0.397 0.430 0.464 0.500 0.538 0.578 0.620 0.665 0.712 0.789 0.881 0.945 1.000 1.054 1.104 1.151 1.196 1.170
0.054 0.061 0.068 0.075 0.088 0.113 0.139 0.163 0.188 0.211 0.235 0.260 0.285 0.310 0.336 0.362 0.389 0.419 0.449 0.479 0.507 0.534 0.557 0.575 0.592 0.609 0.624 0.639 0.644 0.638 0.631 0.623 0.615 0.606 0.587 0.558 0.529 0.500 0.471 0.442 0.414 0.386 0.359 0.332 0.306 0.279 0.263 0.255 0.248 0.242 0.236 0.231 0.241 0.261 0.283 0.306 0.331 0.356 0.390 0.439 0.500 0.569 0.646 0.732 0.822 0.915 1.014 1.119 1.229 1.345 1.411 1.454 1.495 1.533 1.568 1.600 1.552
0.070 0.077 0.083 0.089 0.098 0.122 0.145 0.168 0.190 0.212 0.236 0.270 0.302 0.332 0.360 0.386 0.411 0.438 0.463 0.487 0.509 0.530 0.549 0.563 0.577 0.589 0.601 0.611 0.616 0.606 0.596 0.585 0.574 0.562 0.543 0.514 0.485 0.456 0.427 0.398 0.370 0.344 0.318 0.292 0.267 0.242 0.226 0.222 0.218 0.216 0.215 0.217 0.234 0.267 0.305 0.346 0.390 0.438 0.506 0.595 0.693 0.799 0.914 1.037 1.157 1.275 1.399 1.528 1.663 1.804 1.879 1.910 1.938 1.964 1.987 2.006 1.941
0.087 0.093 0.098 0.108 0.130 0.165 0.198 0.228 0.255 0.280 0.302 0.329 0.355 0.378 0.400 0.419 0.437 0.458 0.478 0.496 0.513 0.529 0.543 0.553 0.562 0.571 0.578 0.585 0.587 0.575 0.562 0.548 0.534 0.519 0.500 0.471 0.442 0.412 0.383 0.354 0.326 0.302 0.280 0.258 0.237 0.215 0.202 0.204 0.207 0.211 0.216 0.223 0.245 0.294 0.347 0.404 0.464 0.528 0.617 0.743 0.878 1.021 1.172 1.332 1.486 1.629 1.777 1.932 2.091 2.257 2.350 2.368 2.384 2.397 2.407 2.415 2.338
0.155 0.177 0.201 0.227 0.255 0.281 0.304 0.325 0.343 0.358 0.370 0.390 0.409 0.426 0.441 0.454 0.465 0.481 0.494 0.507 0.518 0.528 0.537 0.543 0.549 0.553 0.557 0.559 0.560 0.545 0.529 0.512 0.495 0.479 0.460 0.432 0.405 0.378 0.351 0.325 0.300 0.278 0.258 0.237 0.217 0.197 0.183 0.190 0.198 0.206 0.216 0.227 0.252 0.317 0.386 0.458 0.534 0.613 0.718 0.882 1.054 1.234 1.422 1.619 1.809 1.977 2.150 2.329 2.513 2.703 2.822 2.829 2.832 2.835 2.844 2.850 2.782
0.253 0.282 0.312 0.345 0.379 0.399 0.413 0.424 0.433 0.438 0.442 0.453 0.465 0.476 0.484 0.491 0.495 0.504 0.512 0.519 0.525 0.529 0.532 0.536 0.540 0.542 0.544 0.544 0.542 0.526 0.508 0.489 0.469 0.448 0.427 0.401 0.375 0.349 0.323 0.298 0.274 0.254 0.235 0.216 0.197 0.179 0.163 0.175 0.187 0.201 0.215 0.231 0.256 0.336 0.421 0.509 0.600 0.695 0.811 1.012 1.221 1.438 1.663 1.897 2.130 2.338 2.548 2.761 2.976 3.194 3.352 3.357 3.361 3.362 3.361 3.358 3.298
0.349 0.384 0.421 0.461 0.502 0.520 0.524 0.526 0.525 0.521 0.515 0.518 0.523 0.527 0.529 0.533 0.535 0.540 0.545 0.549 0.551 0.553 0.552 0.551 0.550 0.547 0.543 0.537 0.531 0.512 0.490 0.468 0.444 0.419 0.394 0.369 0.344 0.320 0.295 0.271 0.248 0.229 0.212 0.194 0.177 0.160 0.144 0.159 0.176 0.194 0.213 0.233 0.256 0.352 0.452 0.557 0.676 0.800 0.939 1.193 1.457 1.730 2.013 2.305 2.596 2.815 3.037 3.261 3.488 3.718 3.907 3.903 3.897 3.890 3.880 3.868 3.816
0.443 0.485 0.528 0.574 0.622 0.643 0.638 0.631 0.629 0.620 0.607 0.601 0.604 0.605 0.604 0.601 0.596 0.593 0.592 0.590 0.586 0.581 0.574 0.568 0.561 0.552 0.543 0.532 0.521 0.500 0.474 0.447 0.420 0.391 0.362 0.337 0.313 0.290 0.267 0.244 0.222 0.204 0.188 0.172 0.156 0.141 0.126 0.143 0.168 0.196 0.228 0.263 0.301 0.420 0.553 0.691 0.836 0.986 1.142 1.434 1.740 2.055 2.381 2.716 3.058 3.289 3.522 3.758 3.997 4.238 4.463 4.450 4.436 4.419 4.400 4.380 4.336
0.538 0.605 0.672 0.737 0.801 0.835 0.824 0.807 0.785 0.757 0.723 0.699 0.695 0.689 0.681 0.671 0.659 0.649 0.641 0.632 0.622 0.611 0.598 0.585 0.573 0.559 0.545 0.529 0.512 0.488 0.458 0.428 0.396 0.364 0.331 0.304 0.282 0.260 0.237 0.214 0.192 0.175 0.160 0.146 0.133 0.121 0.109 0.133 0.172 0.215 0.261 0.310 0.363 0.496 0.654 0.819 0.989 1.165 1.347 1.664 2.013 2.371 2.739 3.116 3.503 3.760 4.005 4.252 4.502 4.755 5.010 4.999 4.975 4.949 4.922 4.892 4.857
0.775 0.839 0.901 0.962 1.023 1.057 1.026 0.989 0.946 0.898 0.844 0.799 0.788 0.775 0.760 0.743 0.724 0.705 0.692 0.677 0.660 0.642 0.623 0.604 0.586 0.568 0.548 0.527 0.503 0.468 0.429 0.391 0.354 0.318 0.284 0.256 0.234 0.213 0.193 0.173 0.154 0.140 0.128 0.118 0.108 0.099 0.091 0.119 0.173 0.231 0.291 0.355 0.422 0.566 0.750 0.940 1.137 1.339 1.547 1.884 2.275 2.676 3.086 3.506 3.936 4.227 4.484 4.743 5.004 5.269 5.501 5.444 5.342 5.240 5.138 5.034 4.930
1.013 1.073 1.131 1.189 1.245 1.284 1.233 1.176 1.113 1.044 0.970 0.901 0.883 0.863 0.841 0.816 0.790 0.763 0.743 0.723 0.706 0.685 0.661 0.634 0.604 0.569 0.529 0.484 0.434 0.386 0.352 0.319 0.287 0.257 0.227 0.202 0.184 0.166 0.149 0.132 0.116 0.104 0.096 0.089 0.082 0.077 0.072 0.103 0.171 0.243 0.318 0.396 0.477 0.629 0.840 1.056 1.278 1.506 1.739 2.094 2.528 2.956 3.367 3.778 4.188 4.455 4.651 4.844 5.032 5.217 5.397 5.365 5.261 5.155 5.049 4.943 4.835
1.252 1.308 1.362 1.416 1.468 1.516 1.445 1.367 1.285 1.196 1.101 1.004 0.988 0.973 0.955 0.935 0.913 0.887 0.861 0.832 0.800 0.764 0.725 0.681 0.629 0.572 0.510 0.443 0.370 0.303 0.274 0.246 0.219 0.194 0.169 0.148 0.132 0.118 0.104 0.090 0.077 0.067 0.063 0.059 0.056 0.054 0.052 0.082 0.165 0.251 0.341 0.433 0.526 0.673 0.893 1.115 1.339 1.565 1.791 2.112 2.523 2.934 3.344 3.754 4.164 4.444 4.623 4.797 4.968 5.135 5.297 5.288 5.180 5.071 4.962 4.852 4.741
