DATA/SHG/CPC/2018/20180419.asc
ncols        190
nrows        64
xllcorner    -5100000.000000000000
yllcorner    4130000.000000000000
cellsize     10000.000000000000
NODATA_value  -99999.000
[rows 0 to 33 of 64, columns 0 to 75 of 190]
0.000 0.000 0.000 0.000 0.000 0.000 0.000 0.000 0.000 0.000 0.000 0.000 0.004 0.009 0.016 0.023 0.032 0.042 0.076 0.126 0.181 0.241 0.307 0.379 0.405 0.404 0.402 0.398 0.393 0.386 0.351 0.296 0.237 0.173 0.105 0.044 0.024 0.029 0.030 0.027 0.019 0.007 0.000 0.000 0.000 0.000 0.000 0.000 0.000 0.000 0.000 0.000 0.000 0.000 0.000 0.000 0.000 0.000 0.000 0.000 0.000 0.000 0.000 0.000 0.000 0.000 0.000 0.000 0.000 0.000 0.000 0.000 0.000 0.000 0.000 0.000
0.000 0.000 0.000 0.000 0.000 0.000 0.000 0.000 0.000 0.000 0.000 0.000 0.005 0.014 0.024 0.035 0.047 0.061 0.103 0.171 0.246 0.325 0.410 0.501 0.543 0.537 0.529 0.521 0.519 0.517 0.490 0.432 0.370 0.303 0.233 0.160 0.114 0.104 0.089 0.070 0.047 0.019 0.000 0.000 0.000 0.000 0.000 0.000 0.000 0.000 0.000 0.000 0.000 0.000 0.000 0.000 0.000 0.000 0.000 0.000 0.000 0.000 0.000 0.000 0.000 0.000 0.000 0.000 0.000 0.000 0.000 0.000 0.000 0.000 0.000 0.000
0.000 0.000 0.000 0.000 0.000 0.000 0.000 0.000 0.000 0.000 0.000 0.000 0.005 0.018 0.032 0.046 0.062 0.079 0.123 0.211 0.308 0.415 0.523 0.634 0.704 0.702 0.701 0.700 0.700 0.701 0.678 0.606 0.530 0.450 0.366 0.279 0.208 0.182 0.152 0.117 0.078 0.035 0.000 0.000 0.000 0.000 0.000 0.000 0.000 0.000 0.000 0.000 0.000 0.000 0.000 0.000 0.000 0.000 0.000 0.000 0.000 0.000 0.000 0.000 0.000 0.000 0.000 0.000 0.000 0.000 0.000 0.000 0.000 0.000 0.000 0.000
0.000 0.000 0.000 0.000 0.000 0.000 0.000 0.000 0.000 0.000 0.000 0.000 0.005 0.022 0.046 0.076 0.111 0.152 0.214 0.324 0.436 0.550 0.666 0.784 0.877 0.877 0.878 0.879 0.881 0.884 0.870 0.784 0.694 0.601 0.503 0.401 0.307 0.266 0.220 0.169 0.114 0.055 0.000 0.000 0.000 0.003 0.004 0.003 0.000 0.000 0.000 0.000 0.000 0.000 0.000 0.000 0.000 0.000 0.000 0.000 0.000 0.000 0.000 0.000 0.000 0.000 0.000 0.000 0.000 0.000 0.000 0.000 0.000 0.000 0.000 0.000
0.000 0.000 0.000 0.000 0.000 0.000 0.000 0.000 0.000 0.000 0.000 0.000 0.005 0.043 0.087 0.137 0.192 0.253 0.325 0.442 0.561 0.683 0.806 0.931 1.048 1.051 1.054 1.057 1.061 1.066 1.066 0.966 0.862 0.755 0.643 0.528 0.410 0.355 0.310 0.255 0.192 0.120 0.038 0.037 0.035 0.030 0.023 0.013 0.001 0.000 0.000 0.000 0.000 0.000 0.000 0.000 0.000 0.000 0.000 0.000 0.000 0.000 0.000 0.000 0.000 0.000 0.000 0.000 0.000 0.000 0.000 0.000 0.000 0.000 0.000 0.000
0.000 0.000 0.000 0.000 0.000 0.000 0.000 0.000 0.000 0.000 0.000 0.000 0.000 0.058 0.122 0.192 0.267 0.348 0.435 0.558 0.685 0.813 0.944 1.076 1.211 1.224 1.229 1.234 1.240 1.247 1.257 1.169 1.068 0.967 0.865 0.762 0.658 0.585 0.508 0.422 0.326 0.222 0.109 0.083 0.072 0.059 0.043 0.025 0.004 0.000 0.000 0.000 0.000 0.000 0.000 0.000 0.000 0.000 0.000 0.000 0.000 0.000 0.000 0.000 0.000 0.000 0.000 0.000 0.000 0.000 0.000 0.000 0.000 0.000 0.000 0.000
0.000 0.000 0.000 0.000 0.000 0.000 0.000 0.000 0.000 0.000 0.000 0.000 0.000 0.066 0.151 0.240 0.336 0.437 0.544 0.671 0.805 0.941 1.079 1.222 1.372 1.416 1.434 1.453 1.475 1.498 1.523 1.452 1.348 1.244 1.139 1.033 0.927 0.824 0.715 0.597 0.470 0.334 0.189 0.132 0.112 0.090 0.066 0.039 0.010 0.000 0.000 0.000 0.000 0.000 0.000 0.000 0.000 0.000 0.000 0.000 0.000 0.000 0.000 0.000 0.000 0.000 0.000 0.000 0.000 0.000 0.000 0.000 0.000 0.000 0.000 0.000
0.000 0.000 0.000 0.000 0.000 0.000 0.000 0.000 0.000 0.000 0.000 0.000 0.000 0.069 0.173 0.283 0.402 0.529 0.664 0.809 0.958 1.109 1.262 1.417 1.575 1.646 1.671 1.697 1.725 1.755 1.787 1.735 1.629 1.522 1.414 1.305 1.196 1.072 0.931 0.781 0.622 0.454 0.277 0.183 0.155 0.124 0.091 0.056 0.020 0.003 0.003 0.004 0.003 0.002 0.001 0.000 0.000 0.000 0.000 0.000 0.000 0.000 0.000 0.000 0.000 0.000 0.000 0.000 0.000 0.000 0.000 0.000 0.000 0.000 0.000 0.000
0.000 0.000 0.000 0.000 0.000 0.000 0.000 0.000 0.000 0.001 0.002 0.004 0.007 0.077 0.208 0.347 0.494 0.648 0.809 0.970 1.126 1.285 1.446 1.609 1.775 1.874 1.905 1.938 1.973 2.010 2.049 2.019 1.910 1.800 1.689 1.578 1.465 1.329 1.156 0.974 0.784 0.594 0.404 0.282 0.251 0.212 0.167 0.114 0.053 0.013 0.012 0.010 0.008 0.006 0.002 0.000 0.000 0.000 0.000 0.000 0.000 0.000 0.000 0.000 0.000 0.000 0.000 0.000 0.000 0.000 0.000 0.000 0.000 0.000 0.000 0.000
0.000 0.000 0.000 0.000 0.000 0.000 0.000 0.001 0.003 0.006 0.010 0.014 0.019 0.082 0.240 0.405 0.578 0.758 0.945 1.127 1.292 1.459 1.627 1.799 1.972 2.099 2.137 2.176 2.218 2.262 2.308 2.303 2.191 2.078 1.959 1.840 1.719 1.577 1.386 1.195 1.001 0.805 0.608 0.450 0.394 0.329 0.258 0.179 0.093 0.024 0.021 0.018 0.014 0.009 0.004 0.000 0.000 0.000 0.000 0.000 0.000 0.000 0.000 0.000 0.000 0.000 0.000 0.000 0.000 0.000 0.000 0.000 0.000 0.000 0.000 0.000
0.000 0.000 0.000 0.000 0.000 0.000 0.000 0.001 0.006 0.011 0.017 0.023 0.030 0.080 0.264 0.455 0.654 0.860 1.074 1.283 1.455 1.630 1.806 1.985 2.167 2.321 2.366 2.412 2.458 2.505 2.552 2.569 2.449 2.327 2.204 2.079 1.953 1.815 1.618 1.420 1.220 1.017 0.813 0.626 0.543 0.454 0.357 0.252 0.141 0.036 0.031 0.026 0.020 0.014 0.007 0.000 0.000 0.000 0.000 0.000 0.000 0.000 0.000 0.000 0.000 0.000 0.000 0.000 0.000 0.000 0.000 0.000 0.000 0.000 0.000 0.000
0.000 0.000 0.000 0.000 0.000 0.000 0.000 0.001 0.007 0.015 0.023 0.031 0.041 0.069 0.279 0.497 0.722 0.954 1.194 1.436 1.619 1.803 1.989 2.176 2.366 2.549 2.596 2.644 2.691 2.739 2.788 2.829 2.704 2.577 2.449 2.320 2.189 2.055 1.852 1.647 1.440 1.231 1.021 0.809 0.700 0.585 0.462 0.332 0.195 0.050 0.042 0.035 0.028 0.020 0.011 0.000 0.000 0.000 0.000 0.000 0.000 0.000 0.000 0.000 0.000 0.000 0.000 0.000 0.000 0.000 0.000 0.000 0.000 0.000 0.000 0.000
0.000 0.000 0.000 0.000 0.000 0.000 0.000 0.000 0.009 0.018 0.028 0.039 0.060 0.090 0.325 0.574 0.826 1.080 1.337 1.597 1.791 1.982 2.175 2.369 2.566 2.764 2.826 2.874 2.923 2.973 3.022 3.072 2.961 2.829 2.696 2.561 2.425 2.288 2.087 1.875 1.662 1.447 1.230 1.011 0.863 0.721 0.573 0.420 0.261 0.096 0.063 0.053 0.042 0.030 0.017 0.003 0.000 0.000 0.000 0.000 0.000 0.000 0.000 0.000 0.000 0.000 0.000 0.000 0.000 0.000 0.000 0.000 0.000 0.000 0.000 0.000
0.000 0.000 0.000 0.000 0.000 0.000 0.000 0.000 0.018 0.045 0.078 0.117 0.162 0.213 0.428 0.687 0.948 1.213 1.480 1.749 1.962 2.159 2.359 2.560 2.763 2.968 3.054 3.104 3.155 3.205 3.256 3.307 3.218 3.082 2.944 2.804 2.663 2.528 2.336 2.119 1.896 1.668 1.435 1.197 1.016 0.854 0.686 0.513 0.335 0.150 0.086 0.072 0.057 0.041 0.024 0.006 0.000 0.000 0.000 0.000 0.000 0.000 0.000 0.000 0.000 0.000 0.000 0.000 0.000 0.000 0.000 0.000 0.000 0.000 0.000 0.000
0.000 0.000 0.000 0.000 0.000 0.000 0.000 0.000 0.029 0.077 0.131 0.191 0.257 0.329 0.529 0.797 1.068 1.342 1.619 1.898 2.130 2.334 2.540 2.748 2.958 3.170 3.282 3.334 3.385 3.437 3.496 3.557 3.500 3.366 3.231 3.094 2.956 2.816 2.621 2.385 2.144 1.897 1.645 1.387 1.174 0.993 0.805 0.612 0.414 0.210 0.110 0.092 0.074 0.054 0.032 0.010 0.000 0.000 0.000 0.000 0.000 0.000 0.000 0.000 0.000 0.000 0.000 0.000 0.000 0.000 0.000 0.000 0.000 0.000 0.000 0.000
0.000 0.000 0.000 0.000 0.000 0.000 0.000 0.000 0.033 0.102 0.177 0.259 0.346 0.439 0.625 0.904 1.185 1.468 1.755 2.044 2.295 2.506 2.720 2.940 3.161 3.383 3.527 3.587 3.648 3.712 3.776 3.843 3.815 3.676 3.535 3.394 3.250 3.106 2.912 2.657 2.397 2.131 1.859 1.583 1.338 1.137 0.930 0.717 0.499 0.275 0.135 0.114 0.091 0.067 0.042 0.015 0.000 0.000 0.000 0.000 0.000 0.000 0.000 0.000 0.000 0.000 0.000 0.000 0.000 0.000 0.000 0.000 0.000 0.000 0.000 0.000
0.000 0.000 0.000 0.000 0.000 0.000 0.000 0.000 0.031 0.121 0.217 0.320 0.428 0.542 0.719 1.013 1.318 1.620 1.922 2.222 2.494 2.715 2.938 3.161 3.385 3.610 3.782 3.848 3.915 3.984 4.054 4.126 4.131 3.987 3.841 3.694 3.546 3.396 3.208 2.934 2.655 2.370 2.079 1.784 1.508 1.287 1.060 0.826 0.582 0.333 0.145 0.118 0.091 0.066 0.041 0.017 0.000 0.000 0.000 0.000 0.000 0.000 0.000 0.000 0.000 0.000 0.000 0.000 0.000 0.000 0.000 0.000 0.000 0.000 0.000 0.000
0.000 0.000 0.000 0.000 0.000 0.000 0.000 0.000 0.033 0.162 0.298 0.441 0.589 0.744 0.933 1.233 1.533 1.831 2.127 2.423 2.703 2.928 3.153 3.380 3.607 3.835 4.035 4.107 4.180 4.254 4.330 4.408 4.447 4.298 4.148 3.996 3.843 3.688 3.510 3.217 2.917 2.608 2.292 1.969 1.652 1.405 1.153 0.896 0.635 0.368 0.133 0.109 0.085 0.062 0.040 0.018 0.000 0.000 0.000 0.000 0.000 0.000 0.000 0.000 0.000 0.000 0.000 0.000 0.000 0.000 0.000 0.000 0.000 0.000 0.000 0.000
0.000 0.000 0.000 0.009 0.023 0.044 0.071 0.103 0.148 0.300 0.458 0.622 0.793 0.970 1.158 1.454 1.749 2.042 2.334 2.624 2.911 3.139 3.368 3.597 3.828 4.060 4.286 4.363 4.442 4.522 4.604 4.687 4.765 4.616 4.468 4.314 4.154 3.988 3.814 3.493 3.166 2.830 2.487 2.137 1.780 1.516 1.247 0.972 0.692 0.408 0.121 0.099 0.078 0.058 0.038 0.018 0.000 0.000 0.000 0.000 0.000 0.000 0.000 0.000 0.000 0.000 0.000 0.000 0.000 0.000 0.000 0.000 0.000 0.000 0.000 0.000
0.000 0.000 0.000 0.027 0.063 0.105 0.153 0.207 0.267 0.430 0.610 0.796 0.989 1.188 1.393 1.676 1.966 2.254 2.542 2.827 3.112 3.348 3.581 3.814 4.048 4.283 4.532 4.649 4.749 4.848 4.946 5.044 5.141 5.007 4.838 4.664 4.484 4.298 4.106 3.777 3.422 3.060 2.690 2.313 1.928 1.632 1.345 1.053 0.755 0.453 0.146 0.089 0.070 0.052 0.035 0.018 0.002 0.000 0.000 0.000 0.001 0.000 0.000 0.000 0.000 0.000 0.000 0.000 0.000 0.000 0.000 0.000 0.000 0.000 0.000 0.000
0.000 0.000 0.000 0.039 0.096 0.159 0.228 0.303 0.384 0.553 0.755 0.964 1.178 1.399 1.626 1.899 2.184 2.468 2.750 3.041 3.345 3.613 3.868 4.125 4.382 4.639 4.898 5.037 5.134 5.231 5.326 5.421 5.515 5.403 5.214 5.019 4.819 4.613 4.401 4.068 3.686 3.297 2.900 2.496 2.084 1.753 1.448 1.138 0.823 0.503 0.178 0.086 0.079 0.068 0.053 0.034 0.011 0.004 0.004 0.003 0.002 0.001 0.000 0.000 0.000 0.000 0.000 0.000 0.000 0.000 0.000 0.000 0.000 0.000 0.000 0.000
0.000 0.000 0.000 0.044 0.122 0.207 0.297 0.393 0.495 0.670 0.894 1.124 1.345 1.568 1.794 2.057 2.355 2.665 2.987 3.320 3.666 3.962 4.221 4.480 4.740 5.001 5.263 5.425 5.520 5.613 5.706 5.799 5.890 5.804 5.595 5.380 5.160 4.933 4.701 4.366 3.958 3.542 3.118 2.687 2.254 1.894 1.583 1.270 0.954 0.635 0.313 0.171 0.150 0.125 0.096 0.062 0.025 0.008 0.007 0.006 0.004 0.003 0.001 0.000 0.000 0.000 0.000 0.000 0.000 0.000 0.000 0.000 0.000 0.000 0.000 0.000
0.000 0.000 0.000 0.043 0.142 0.246 0.351 0.458 0.566 0.727 0.952 1.179 1.408 1.640 1.875 2.155 2.494 2.846 3.210 3.587 3.975 4.310 4.572 4.834 5.097 5.361 5.626 5.813 5.905 5.996 6.087 6.176 6.265 6.211 5.982 5.747 5.506 5.265 5.015 4.681 4.253 3.819 3.379 2.933 2.481 2.088 1.767 1.444 1.118 0.789 0.457 0.261 0.225 0.186 0.142 0.095 0.043 0.013 0.011 0.009 0.007 0.004 0.002 0.000 0.000 0.000 0.000 0.000 0.000 0.000 0.000 0.000 0.000 0.000 0.000 0.000
0.007 0.011 0.017 0.053 0.161 0.271 0.382 0.495 0.610 0.761 0.995 1.231 1.469 1.710 1.954 2.238 2.621 3.015 3.421 3.839 4.270 4.656 4.921 5.186 5.453 5.720 5.988 6.201 6.291 6.379 6.489 6.597 6.704 6.704 6.460 6.204 5.936 5.656 5.365 5.018 4.569 4.114 3.654 3.187 2.714 2.284 1.953 1.620 1.284 0.945 0.604 0.354 0.304 0.251 0.193 0.131 0.066 0.018 0.015 0.012 0.009 0.006 0.003 0.002 0.002 0.002 0.002 0.002 0.001 0.000 0.000 0.000 0.000 0.000 0.000 0.000
0.020 0.029 0.039 0.064 0.178 0.294 0.412 0.531 0.652 0.792 1.035 1.280 1.527 1.777 2.030 2.309 2.734 3.170 3.619 4.079 4.552 5.001 5.268 5.535 5.817 6.113 6.424 6.714 6.822 6.928 7.032 7.135 7.235 7.272 6.986 6.688 6.379 6.058 5.725 5.361 4.891 4.416 3.934 3.447 2.953 2.483 2.142 1.799 1.453 1.105 0.753 0.451 0.387 0.320 0.248 0.175 0.100 0.037 0.037 0.034 0.030 0.024 0.016 0.009 0.008 0.007 0.006 0.004 0.002 0.000 0.000 0.000 0.000 0.000 0.000 0.000
0.032 0.045 0.059 0.074 0.193 0.315 0.439 0.565 0.692 0.821 1.072 1.326 1.582 1.841 2.103 2.366 2.826 3.294 3.769 4.252 4.743 5.239 5.543 5.861 6.194 6.542 6.905 7.278 7.379 7.479 7.577 7.673 7.767 7.851 7.524 7.185 6.834 6.472 6.098 5.709 5.219 4.722 4.220 3.712 3.198 2.684 2.334 1.981 1.618 1.256 0.899 0.557 0.484 0.408 0.330 0.249 0.165 0.083 0.076 0.068 0.057 0.045 0.031 0.016 0.014 0.012 0.010 0.007 0.003 0.000 0.000 0.000 0.000 0.000 0.000 0.000
0.042 0.059 0.078 0.097 0.206 0.335 0.465 0.596 0.727 0.853 1.088 1.346 1.607 1.873 2.143 2.417 2.873 3.367 3.869 4.379 4.896 5.421 5.802 6.172 6.556 6.955 7.369 7.798 7.938 8.031 8.122 8.212 8.300 8.386 8.073 7.693 7.301 6.897 6.482 6.054 5.552 5.006 4.456 3.907 3.358 2.809 2.429 2.074 1.723 1.376 1.034 0.695 0.588 0.503 0.415 0.325 0.233 0.138 0.117 0.102 0.086 0.068 0.048 0.026 0.021 0.018 0.014 0.010 0.005 0.000 0.000 0.000 0.000 0.001 0.006 0.012
0.051 0.072 0.093 0.114 0.208 0.335 0.461 0.588 0.714 0.840 1.065 1.336 1.612 1.892 2.175 2.463 2.911 3.433 3.962 4.498 5.042 5.594 6.045 6.466 6.902 7.352 7.818 8.297 8.497 8.584 8.669 8.752 8.834 8.912 8.578 8.109 7.635 7.154 6.668 6.176 5.640 5.091 4.542 3.993 3.444 2.896 2.501 2.160 1.824 1.492 1.164 0.840 0.694 0.600 0.504 0.405 0.303 0.199 0.160 0.139 0.116 0.092 0.066 0.038 0.028 0.023 0.019 0.016 0.012 0.007 0.009 0.014 0.020 0.028 0.036 0.046
0.053 0.075 0.098 0.121 0.199 0.325 0.450 0.576 0.701 0.826 1.037 1.323 1.612 1.906 2.204 2.505 2.942 3.490 4.045 4.608 5.179 5.758 6.272 6.744 7.232 7.733 8.248 8.752 8.987 9.022 9.046 9.060 9.064 9.058 8.767 8.277 7.782 7.281 6.774 6.261 5.725 5.176 4.627 4.079 3.530 2.982 2.568 2.242 1.920 1.603 1.290 0.981 0.802 0.699 0.594 0.486 0.376 0.263 0.204 0.177 0.149 0.120 0.091 0.061 0.047 0.043 0.038 0.032 0.026 0.019 0.022 0.031 0.042 0.053 0.066 0.079
0.054 0.078 0.102 0.127 0.190 0.315 0.440 0.564 0.689 0.813 1.005 1.304 1.608 1.916 2.228 2.543 2.963 3.538 4.121 4.724 5.361 6.004 6.594 7.102 7.603 8.094 8.578 9.054 9.324 9.322 9.311 9.289 9.256 9.214 8.961 8.451 7.935 7.413 6.886 6.352 5.810 5.261 4.713 4.165 3.616 3.068 2.630 2.319 2.012 1.709 1.411 1.117 0.912 0.798 0.682 0.564 0.444 0.321 0.244 0.214 0.184 0.153 0.121 0.089 0.070 0.063 0.056 0.049 0.041 0.032 0.034 0.047 0.062 0.077 0.094 0.112
0.055 0.080 0.106 0.132 0.181 0.306 0.430 0.553 0.677 0.800 0.968 1.282 1.615 1.975 2.347 2.731 3.187 3.827 4.472 5.121 5.774 6.432 7.046 7.526 7.998 8.461 8.917 9.364 9.671 9.633 9.585 9.527 9.459 9.380 9.161 8.631 8.094 7.552 7.004 6.450 5.894 5.346 4.798 4.250 3.702 3.155 2.691 2.394 2.100 1.809 1.520 1.235 1.008 0.887 0.763 0.638 0.510 0.380 0.284 0.252 0.219 0.186 0.152 0.118 0.093 0.084 0.076 0.066 0.056 0.046 0.045 0.062 0.081 0.100 0.121 0.142
0.054 0.082 0.109 0.137 0.173 0.298 0.431 0.573 0.723 0.881 1.065 1.443 1.833 2.235 2.648 3.073 3.532 4.187 4.848 5.512 6.182 6.855 7.506 7.958 8.401 8.836 9.264 9.683 10.028 9.954 9.870 9.776 9.672 9.557 9.368 8.816 8.259 7.697 7.131 6.551 5.966 5.418 4.871 4.327 3.785 3.245 2.754 2.468 2.184 1.903 1.625 1.350 1.107 0.978 0.847 0.714 0.578 0.441 0.324 0.290 0.255 0.220 0.184 0.147 0.116 0.106 0.095 0.084 0.072 0.060 0.061 0.103 0.143 0.181 0.217 0.250
0.052 0.080 0.107 0.135 0.162 0.307 0.469 0.640 0.819 1.006 1.202 1.607 2.038 2.481 2.935 3.401 3.879 4.542 5.218 5.899 6.584 7.273 7.967 8.397 8.812 9.219 9.618 10.009 10.392 10.286 10.169 10.096 9.988 9.845 9.662 9.090 8.503 7.902 7.287 6.658 6.018 5.477 4.938 4.401 3.866 3.334 2.815 2.538 2.265 1.994 1.726 1.462 1.208 1.071 0.933 0.792 0.649 0.503 0.365 0.329 0.292 0.254 0.216 0.187 0.179 0.193 0.206 0.216 0.224 0.230 0.238 0.272 0.304 0.334 0.362 0.387
0.048 0.076 0.103 0.131 0.158 0.306 0.497 0.697 0.905 1.122 1.346 1.758 2.230 2.714 3.209 3.716 4.235 4.891 5.583 6.279 6.980 7.685 8.395 8.865 9.361 9.841 10.306 10.756 11.191 11.148 10.987 10.791 10.560 10.294 9.993 9.410 8.773 8.123 7.458 6.779 6.086 5.533 5.002 4.472 3.945 3.419 2.896 2.606 2.343 2.082 1.825 1.570 1.319 1.167 1.020 0.872 0.739 0.629 0.517 0.507 0.498 0.484 0.464 0.440 0.410 0.416 0.420 0.423 0.423 0.421 0.417 0.443 0.467 0.489 0.508 0.526
