DATA/SHG/CPC/2018/20180522.asc
ncols        190
nrows        64
xllcorner    -5100000.000000000000
yllcorner    4130000.000000000000
cellsize     10000.000000000000
NODATA_value  -99999.000
[rows 0 to 32 of 64, columns 76 to 151 of 190]
0.000 0.000 0.000 0.000 0.000 0.000 0.000 0.000 0.000 0.000 0.000 0.000 0.000 0.000 0.000 0.000 0.000 0.000 0.000 0.000 0.000 0.000 0.000 0.000 0.000 0.000 0.000 0.000 0.000 0.000 0.000 0.000 0.000 0.000 0.000 0.000 0.000 0.000 0.000 0.000 0.000 0.000 0.000 0.000 0.000 0.000 0.000 0.000 0.000 0.000 0.000 0.000 0.000 0.000 0.000 0.000 0.000 0.000 0.000 0.000 0.000 0.000 0.000 0.000 0.001 0.002 0.004 0.005 0.006 0.007 0.008 0.008 0.008 0.009 0.008 0.008
0.000 0.000 0.000 0.000 0.000 0.000 0.000 0.000 0.000 0.000 0.000 0.000 0.000 0.000 0.000 0.000 0.000 0.000 0.000 0.000 0.000 0.000 0.000 0.000 0.000 0.000 0.000 0.000 0.000 0.000 0.000 0.000 0.000 0.000 0.000 0.000 0.000 0.000 0.000 0.000 0.000 0.000 0.000 0.000 0.000 0.000 0.000 0.000 0.000 0.000 0.000 0.000 0.000 0.000 0.000 0.000 0.000 0.000 0.001 0.002 0.002 0.004 0.005 0.006 0.008 0.010 0.012 0.015 0.017 0.017 0.017 0.017 0.016 0.016 0.015 0.013
0.000 0.000 0.000 0.000 0.000 0.000 0.000 0.000 0.000 0.000 0.000 0.000 0.000 0.000 0.000 0.000 0.000 0.000 0.000 0.000 0.000 0.000 0.000 0.000 0.000 0.000 0.000 0.000 0.000 0.000 0.000 0.000 0.000 0.000 0.000 0.000 0.000 0.000 0.000 0.000 0.000 0.000 0.000 0.000 0.000 0.000 0.000 0.000 0.000 0.000 0.000 0.000 0.000 0.000 0.000 0.000 0.000 0.001 0.002 0.004 0.006 0.008 0.010 0.012 0.015 0.018 0.021 0.024 0.027 0.027 0.026 0.026 0.025 0.024 0.022 0.019
0.000 0.000 0.000 0.000 0.000 0.000 0.000 0.000 0.000 0.000 0.000 0.000 0.000 0.000 0.000 0.000 0.000 0.000 0.000 0.000 0.000 0.000 0.000 0.000 0.000 0.000 0.000 0.000 0.000 0.000 0.000 0.000 0.000 0.000 0.000 0.000 0.000 0.000 0.000 0.000 0.000 0.000 0.000 0.000 0.000 0.000 0.000 0.000 0.000 0.000 0.000 0.000 0.000 0.000 0.000 0.000 0.000 0.002 0.004 0.006 0.009 0.011 0.014 0.018 0.021 0.025 0.029 0.033 0.038 0.037 0.036 0.034 0.033 0.031 0.030 0.026
0.000 0.000 0.000 0.000 0.000 0.000 0.000 0.000 0.000 0.000 0.000 0.000 0.000 0.000 0.000 0.000 0.000 0.000 0.000 0.000 0.000 0.000 0.000 0.000 0.000 0.000 0.000 0.000 0.000 0.000 0.000 0.000 0.000 0.000 0.000 0.000 0.000 0.000 0.000 0.000 0.000 0.000 0.000 0.000 0.000 0.000 0.000 0.000 0.000 0.000 0.000 0.000 0.000 0.000 0.000 0.000 0.000 0.002 0.005 0.008 0.012 0.015 0.019 0.023 0.027 0.032 0.037 0.043 0.050 0.053 0.055 0.057 0.060 0.064 0.068 0.071
0.000 0.000 0.000 0.000 0.000 0.000 0.000 0.000 0.000 0.000 0.000 0.000 0.000 0.000 0.000 0.000 0.000 0.000 0.000 0.000 0.000 0.000 0.000 0.000 0.000 0.000 0.000 0.000 0.000 0.000 0.000 0.000 0.000 0.000 0.000 0.000 0.000 0.000 0.000 0.000 0.000 0.000 0.000 0.000 0.000 0.000 0.000 0.000 0.000 0.000 0.000 0.000 0.000 0.000 0.000 0.000 0.000 0.002 0.007 0.013 0.019 0.025 0.032 0.039 0.047 0.055 0.063 0.071 0.079 0.085 0.089 0.094 0.100 0.106 0.112 0.118
0.000 0.000 0.000 0.000 0.000 0.000 0.000 0.000 0.000 0.000 0.000 0.000 0.000 0.000 0.000 0.000 0.000 0.000 0.000 0.000 0.000 0.000 0.000 0.000 0.000 0.000 0.000 0.000 0.000 0.000 0.000 0.000 0.000 0.000 0.000 0.000 0.000 0.000 0.000 0.000 0.000 0.000 0.000 0.000 0.000 0.000 0.000 0.000 0.000 0.000 0.000 0.000 0.002 0.003 0.006 0.009 0.013 0.018 0.025 0.032 0.040 0.047 0.055 0.063 0.072 0.081 0.090 0.099 0.108 0.116 0.123 0.130 0.138 0.147 0.157 0.165
0.000 0.000 0.000 0.000 0.000 0.000 0.000 0.000 0.000 0.000 0.000 0.000 0.000 0.000 0.000 0.000 0.000 0.000 0.000 0.000 0.000 0.000 0.000 0.000 0.000 0.000 0.000 0.000 0.000 0.000 0.000 0.000 0.000 0.000 0.000 0.000 0.000 0.000 0.000 0.000 0.000 0.000 0.000 0.000 0.000 0.000 0.000 0.000 0.000 0.000 0.000 0.002 0.006 0.010 0.015 0.021 0.028 0.035 0.043 0.051 0.060 0.069 0.078 0.087 0.097 0.106 0.116 0.126 0.137 0.146 0.156 0.166 0.177 0.188 0.200 0.211
0.000 0.000 0.000 0.000 0.000 0.000 0.000 0.000 0.000 0.000 0.000 0.000 0.000 0.000 0.000 0.000 0.000 0.000 0.000 0.000 0.000 0.000 0.000 0.000 0.000 0.000 0.000 0.000 0.000 0.000 0.000 0.000 0.000 0.000 0.000 0.000 0.000 0.000 0.000 0.000 0.000 0.000 0.000 0.000 0.000 0.000 0.000 0.000 0.000 0.000 0.000 0.002 0.009 0.016 0.024 0.033 0.042 0.051 0.061 0.070 0.080 0.090 0.100 0.111 0.121 0.132 0.143 0.154 0.165 0.176 0.188 0.201 0.213 0.226 0.239 0.253
0.000 0.000 0.000 0.000 0.000 0.000 0.000 0.000 0.000 0.000 0.000 0.000 0.000 0.000 0.000 0.000 0.000 0.000 0.000 0.000 0.000 0.000 0.000 0.000 0.000 0.000 0.000 0.000 0.000 0.000 0.000 0.000 0.000 0.000 0.000 0.000 0.000 0.000 0.000 0.000 0.000 0.000 0.000 0.000 0.000 0.000 0.000 0.000 0.000 0.000 0.000 0.002 0.011 0.022 0.032 0.044 0.056 0.068 0.078 0.089 0.100 0.111 0.123 0.134 0.145 0.156 0.166 0.176 0.186 0.197 0.210 0.224 0.238 0.252 0.267 0.288
0.000 0.000 0.000 0.000 0.000 0.000 0.000 0.000 0.000 0.000 0.000 0.000 0.000 0.000 0.000 0.000 0.000 0.000 0.000 0.000 0.000 0.000 0.000 0.000 0.000 0.000 0.000 0.000 0.000 0.000 0.000 0.000 0.000 0.000 0.000 0.000 0.000 0.000 0.000 0.000 0.000 0.000 0.000 0.000 0.000 0.000 0.000 0.000 0.000 0.000 0.000 0.001 0.013 0.026 0.040 0.054 0.070 0.085 0.097 0.109 0.121 0.133 0.144 0.156 0.166 0.176 0.186 0.195 0.204 0.215 0.230 0.246 0.262 0.278 0.296 0.319
0.000 0.000 0.000 0.000 0.000 0.000 0.000 0.000 0.000 0.000 0.000 0.000 0.000 0.000 0.000 0.000 0.000 0.000 0.000 0.000 0.000 0.000 0.000 0.000 0.000 0.000 0.000 0.000 0.000 0.000 0.000 0.000 0.000 0.000 0.000 0.000 0.000 0.000 0.000 0.000 0.000 0.000 0.000 0.000 0.000 0.000 0.000 0.000 0.000 0.000 0.000 0.000 0.015 0.032 0.049 0.067 0.086 0.106 0.118 0.130 0.142 0.154 0.166 0.178 0.188 0.197 0.205 0.214 0.223 0.232 0.249 0.267 0.285 0.304 0.323 0.347
0.000 0.000 0.000 0.000 0.000 0.000 0.000 0.000 0.000 0.000 0.000 0.000 0.000 0.000 0.000 0.000 0.000 0.000 0.000 0.000 0.000 0.000 0.000 0.000 0.000 0.000 0.000 0.000 0.000 0.000 0.000 0.000 0.000 0.000 0.000 0.000 0.000 0.000 0.000 0.000 0.000 0.000 0.000 0.000 0.000 0.000 0.000 0.000 0.000 0.000 0.000 0.000 0.017 0.037 0.058 0.079 0.102 0.125 0.139 0.151 0.163 0.175 0.188 0.200 0.209 0.217 0.225 0.233 0.241 0.249 0.268 0.288 0.308 0.329 0.351 0.373
0.000 0.000 0.000 0.000 0.000 0.000 0.000 0.000 0.000 0.000 0.000 0.000 0.000 0.000 0.000 0.000 0.000 0.000 0.000 0.000 0.000 0.000 0.000 0.000 0.000 0.000 0.000 0.000 0.000 0.000 0.000 0.000 0.000 0.000 0.000 0.000 0.000 0.000 0.000 0.000 0.000 0.000 0.000 0.000 0.000 0.000 0.000 0.000 0.000 0.000 0.000 0.000 0.017 0.041 0.065 0.091 0.117 0.143 0.159 0.172 0.184 0.197 0.209 0.222 0.231 0.238 0.246 0.253 0.269 0.287 0.323 0.368 0.418 0.475 0.537 0.605
0.000 0.000 0.000 0.000 0.000 0.000 0.000 0.000 0.000 0.000 0.000 0.000 0.000 0.000 0.000 0.000 0.000 0.000 0.000 0.000 0.000 0.000 0.000 0.000 0.000 0.000 0.000 0.000 0.000 0.000 0.000 0.000 0.000 0.000 0.000 0.000 0.000 0.000 0.000 0.000 0.000 0.000 0.000 0.000 0.000 0.000 0.000 0.000 0.000 0.000 0.000 0.000 0.017 0.044 0.072 0.101 0.130 0.161 0.180 0.195 0.211 0.230 0.251 0.274 0.293 0.310 0.329 0.349 0.370 0.392 0.446 0.516 0.592 0.674 0.761 0.854
0.000 0.000 0.000 0.000 0.000 0.000 0.000 0.000 0.000 0.000 0.000 0.000 0.000 0.000 0.000 0.000 0.000 0.000 0.000 0.000 0.000 0.000 0.000 0.000 0.000 0.000 0.000 0.000 0.000 0.000 0.000 0.000 0.000 0.000 0.000 0.000 0.000 0.000 0.000 0.000 0.000 0.000 0.000 0.000 0.000 0.000 0.000 0.000 0.000 0.000 0.001 0.003 0.020 0.052 0.084 0.117 0.150 0.183 0.211 0.234 0.259 0.287 0.316 0.347 0.373 0.395 0.419 0.444 0.469 0.496 0.563 0.659 0.760 0.867 0.980 1.098
0.000 0.000 0.000 0.000 0.000 0.000 0.000 0.000 0.000 0.000 0.000 0.000 0.000 0.000 0.000 0.000 0.000 0.000 0.000 0.000 0.000 0.000 0.000 0.000 0.000 0.000 0.000 0.000 0.000 0.000 0.000 0.000 0.000 0.000 0.000 0.000 0.000 0.000 0.000 0.000 0.000 0.000 0.000 0.000 0.000 0.000 0.001 0.003 0.005 0.008 0.011 0.015 0.032 0.065 0.100 0.135 0.170 0.206 0.239 0.271 0.305 0.341 0.378 0.418 0.452 0.479 0.508 0.537 0.568 0.599 0.674 0.795 0.922 1.054 1.192 1.336
0.000 0.000 0.000 0.000 0.000 0.000 0.000 0.000 0.000 0.000 0.000 0.000 0.000 0.000 0.000 0.000 0.000 0.000 0.000 0.000 0.000 0.000 0.000 0.000 0.000 0.000 0.000 0.000 0.000 0.000 0.000 0.000 0.000 0.000 0.000 0.000 0.000 0.000 0.000 0.000 0.000 0.000 0.000 0.000 0.000 0.000 0.001 0.005 0.010 0.015 0.021 0.027 0.042 0.079 0.115 0.152 0.190 0.228 0.266 0.307 0.349 0.393 0.439 0.487 0.530 0.562 0.595 0.629 0.665 0.701 0.780 0.926 1.083 1.363 1.675 2.020
0.000 0.000 0.000 0.000 0.000 0.000 0.000 0.000 0.000 0.000 0.000 0.000 0.000 0.000 0.000 0.000 0.000 0.000 0.000 0.000 0.000 0.000 0.000 0.000 0.000 0.000 0.000 0.000 0.000 0.000 0.000 0.000 0.000 0.000 0.000 0.000 0.000 0.000 0.000 0.000 0.000 0.000 0.000 0.000 0.000 0.000 0.001 0.007 0.014 0.022 0.030 0.039 0.053 0.091 0.130 0.169 0.209 0.249 0.291 0.340 0.391 0.443 0.498 0.555 0.627 0.704 0.801 0.918 1.056 1.215 1.437 1.796 2.188 2.612 3.069 3.559
0.000 0.000 0.000 0.000 0.000 0.000 0.000 0.000 0.000 0.000 0.000 0.000 0.000 0.000 0.000 0.000 0.000 0.000 0.000 0.000 0.000 0.000 0.000 0.000 0.000 0.000 0.000 0.000 0.000 0.000 0.000 0.000 0.000 0.000 0.000 0.000 0.000 0.000 0.000 0.000 0.000 0.000 0.000 0.000 0.000 0.000 0.000 0.009 0.018 0.028 0.039 0.049 0.063 0.103 0.144 0.187 0.233 0.279 0.330 0.403 0.482 0.568 0.661 0.760 0.873 1.040 1.228 1.436 1.664 1.913 2.219 2.723 3.259 3.828 4.430 5.064
0.000 0.000 0.000 0.000 0.000 0.000 0.000 0.000 0.000 0.000 0.000 0.000 0.000 0.000 0.000 0.000 0.000 0.000 0.000 0.000 0.000 0.000 0.000 0.000 0.000 0.000 0.000 0.000 0.000 0.000 0.000 0.000 0.000 0.000 0.000 0.000 0.000 0.000 0.000 0.000 0.000 0.000 0.000 0.000 0.000 0.000 0.001 0.012 0.024 0.036 0.048 0.060 0.073 0.119 0.168 0.219 0.272 0.327 0.383 0.485 0.594 0.709 0.831 0.959 1.097 1.355 1.633 1.932 2.251 2.591 2.967 3.616 4.297 5.010 5.756 6.535
0.000 0.000 0.000 0.000 0.000 0.000 0.000 0.000 0.000 0.000 0.000 0.000 0.000 0.000 0.000 0.000 0.000 0.000 0.000 0.000 0.000 0.000 0.000 0.000 0.000 0.000 0.000 0.000 0.000 0.000 0.000 0.000 0.000 0.000 0.000 0.000 0.000 0.001 0.003 0.005 0.007 0.008 0.009 0.010 0.010 0.010 0.010 0.019 0.032 0.045 0.058 0.071 0.085 0.133 0.190 0.249 0.310 0.372 0.437 0.560 0.698 0.842 0.994 1.151 1.316 1.649 2.018 2.407 2.817 3.247 3.697 4.475 5.301 6.159 7.049 7.972
0.000 0.000 0.000 0.000 0.000 0.000 0.000 0.000 0.000 0.000 0.000 0.000 0.000 0.000 0.000 0.000 0.000 0.000 0.000 0.000 0.000 0.000 0.000 0.000 0.000 0.000 0.000 0.000 0.000 0.000 0.001 0.002 0.004 0.006 0.008 0.010 0.012 0.015 0.017 0.020 0.023 0.024 0.023 0.022 0.021 0.020 0.019 0.027 0.040 0.054 0.068 0.082 0.096 0.146 0.211 0.277 0.346 0.416 0.488 0.628 0.795 0.969 1.149 1.336 1.530 1.922 2.382 2.861 3.361 4.004 4.714 5.729 6.803 7.882 8.967 10.058
0.000 0.000 0.000 0.000 0.000 0.000 0.000 0.000 0.000 0.000 0.000 0.000 0.000 0.000 0.000 0.000 0.000 0.000 0.000 0.001 0.002 0.003 0.004 0.004 0.004 0.003 0.003 0.002 0.001 0.001 0.004 0.007 0.010 0.014 0.018 0.022 0.025 0.028 0.031 0.034 0.038 0.039 0.038 0.036 0.033 0.031 0.028 0.034 0.049 0.063 0.078 0.092 0.107 0.156 0.229 0.304 0.380 0.458 0.538 0.689 0.935 1.232 1.567 1.942 2.355 2.971 3.694 4.447 5.231 6.046 6.891 7.924 9.023 10.128 11.238 12.354
0.000 0.000 0.000 0.000 0.000 0.000 0.000 0.000 0.000 0.000 0.000 0.001 0.003 0.005 0.007 0.009 0.011 0.012 0.013 0.013 0.013 0.012 0.012 0.011 0.010 0.008 0.006 0.004 0.002 0.001 0.006 0.010 0.016 0.021 0.027 0.033 0.037 0.041 0.045 0.049 0.053 0.055 0.052 0.049 0.045 0.041 0.037 0.041 0.056 0.072 0.087 0.106 0.127 0.187 0.298 0.421 0.558 0.708 0.871 1.165 1.594 2.063 2.569 3.115 3.699 4.439 5.297 6.186 7.105 8.055 9.035 10.110 11.235 12.364 13.500 14.641
0.000 0.000 0.000 0.000 0.001 0.007 0.011 0.014 0.016 0.018 0.019 0.019 0.020 0.022 0.023 0.024 0.025 0.026 0.025 0.024 0.023 0.022 0.020 0.019 0.016 0.013 0.010 0.007 0.003 0.001 0.007 0.014 0.021 0.028 0.036 0.044 0.048 0.053 0.058 0.063 0.068 0.071 0.070 0.070 0.068 0.066 0.064 0.068 0.090 0.112 0.136 0.160 0.185 0.260 0.429 0.612 0.807 1.016 1.239 1.613 2.214 2.853 3.531 4.247 5.002 5.874 6.867 7.891 8.946 10.031 11.146 12.288 13.437 14.593 15.753 16.920
0.016 0.021 0.026 0.031 0.037 0.042 0.044 0.044 0.044 0.042 0.040 0.037 0.038 0.039 0.039 0.040 0.040 0.040 0.038 0.036 0.034 0.032 0.029 0.026 0.023 0.019 0.014 0.010 0.005 0.000 0.008 0.017 0.026 0.038 0.052 0.068 0.078 0.089 0.099 0.109 0.119 0.128 0.125 0.121 0.117 0.112 0.106 0.106 0.131 0.158 0.185 0.213 0.241 0.319 0.547 0.788 1.043 1.311 1.592 2.022 2.794 3.604 4.452 5.339 6.265 7.276 8.404 9.564 10.753 11.973 13.224 14.457 15.632 16.812 17.931 18.836
0.049 0.054 0.060 0.066 0.072 0.078 0.078 0.075 0.072 0.068 0.063 0.057 0.056 0.056 0.056 0.055 0.055 0.054 0.052 0.049 0.045 0.042 0.038 0.034 0.032 0.029 0.025 0.018 0.010 0.001 0.015 0.032 0.052 0.074 0.098 0.124 0.135 0.145 0.155 0.166 0.176 0.186 0.180 0.174 0.166 0.158 0.149 0.143 0.172 0.202 0.233 0.264 0.297 0.364 0.651 0.951 1.265 1.591 1.931 2.391 3.333 4.314 5.333 6.391 7.488 8.652 9.907 11.136 12.336 13.510 14.656 15.701 16.524 17.288 17.994 18.642
0.081 0.088 0.094 0.100 0.106 0.113 0.112 0.107 0.100 0.093 0.086 0.077 0.074 0.073 0.072 0.071 0.073 0.075 0.076 0.076 0.076 0.077 0.077 0.078 0.072 0.062 0.050 0.036 0.021 0.003 0.020 0.047 0.076 0.108 0.141 0.177 0.191 0.201 0.212 0.223 0.233 0.244 0.236 0.227 0.216 0.205 0.192 0.180 0.211 0.245 0.280 0.315 0.351 0.395 0.741 1.100 1.490 1.972 2.475 3.046 4.212 5.395 6.592 7.805 9.034 10.265 11.399 12.506 13.586 14.638 15.663 16.590 17.156 17.664 18.114 18.506
0.114 0.121 0.127 0.134 0.141 0.148 0.147 0.139 0.130 0.125 0.116 0.105 0.099 0.101 0.104 0.106 0.110 0.113 0.115 0.116 0.118 0.119 0.121 0.123 0.114 0.096 0.077 0.055 0.033 0.008 0.024 0.060 0.099 0.139 0.182 0.227 0.247 0.258 0.268 0.279 0.290 0.301 0.293 0.280 0.266 0.252 0.237 0.227 0.306 0.406 0.520 0.648 0.790 0.945 1.425 1.957 2.509 3.082 3.675 4.288 5.501 6.751 8.017 9.299 10.596 11.902 12.916 13.902 14.861 15.792 16.696 17.534 17.844 18.096 18.290 18.426
0.146 0.155 0.174 0.191 0.207 0.220 0.224 0.214 0.201 0.185 0.165 0.143 0.131 0.134 0.137 0.142 0.146 0.151 0.154 0.157 0.159 0.162 0.165 0.168 0.158 0.132 0.105 0.077 0.047 0.015 0.025 0.071 0.119 0.169 0.221 0.275 0.303 0.314 0.327 0.359 0.392 0.424 0.448 0.475 0.508 0.548 0.594 0.648 0.773 0.934 1.109 1.298 1.500 1.717 2.242 2.864 3.506 4.169 4.852 5.556 6.772 8.091 9.425 10.775 12.140 13.520 14.458 15.323 16.161 16.972 17.755 18.511 18.588 18.584 18.522 18.402
0.265 0.280 0.292 0.303 0.312 0.319 0.318 0.297 0.274 0.247 0.217 0.185 0.161 0.166 0.171 0.176 0.182 0.188 0.193 0.197 0.200 0.204 0.208 0.212 0.203 0.170 0.136 0.100 0.062 0.024 0.038 0.108 0.185 0.266 0.353 0.444 0.508 0.540 0.572 0.605 0.637 0.669 0.712 0.768 0.831 0.901 0.977 1.061 1.225 1.447 1.683 1.932 2.196 2.473 3.036 3.748 4.481 5.234 6.007 6.801 8.025 9.412 10.815 12.233 13.666 15.115 16.025 16.770 17.487 18.176 18.839 19.387 19.142 18.757 18.347 17.912
0.397 0.406 0.412 0.416 0.419 0.420 0.415 0.384 0.349 0.312 0.272 0.229 0.192 0.197 0.204 0.210 0.217 0.225 0.232 0.236 0.242 0.259 0.274 0.286 0.287 0.258 0.229 0.199 0.169 0.138 0.145 0.239 0.338 0.442 0.552 0.667 0.753 0.785 0.817 0.849 0.882 0.914 0.968 1.054 1.147 1.246 1.353 1.466 1.661 1.944 2.241 2.552 2.876 3.214 3.808 4.611 5.434 6.277 7.140 8.024 9.261 10.717 12.142 13.497 14.833 16.151 16.886 17.330 17.741 18.119 18.465 18.778 18.500 18.004 17.482 16.936
