DATA/SHG/CPC/2018/20180706.asc
ncols        190
nrows        64
xllcorner    -5100000.000000000000
yllcorner    4130000.000000000000
cellsize     10000.000000000000
NODATA_value  -99999.000
[rows 0 to 33 of 64, columns 0 to 76 of 190]
0.000 0.000 0.000 0.000 0.000 0.000 0.000 0.000 0.000 0.000 0.000 0.000 0.015 0.036 0.057 0.078 0.100 0.123 0.188 0.273 0.359 0.446 0.536 0.626 0.788 0.986 1.186 1.387 1.589 1.792 1.971 2.135 2.296 2.456 2.613 2.767 2.884 2.978 3.072 3.167 3.263 3.359 3.435 3.494 3.555 3.616 3.679 3.742 3.805 3.869 3.936 4.006 4.078 4.154 4.240 4.338 4.440 4.544 4.652 4.763 4.833 4.847 4.861 4.876 4.891 4.906 4.878 4.789 4.706 4.627 4.554 4.485 4.384 4.220 4.057 3.897 3.738
0.000 0.000 0.000 0.000 0.000 0.000 0.000 0.000 0.000 0.000 0.000 0.000 0.013 0.035 0.058 0.081 0.105 0.129 0.189 0.279 0.370 0.463 0.558 0.653 0.804 1.007 1.211 1.415 1.617 1.819 1.997 2.151 2.304 2.456 2.607 2.757 2.883 2.979 3.075 3.172 3.270 3.368 3.452 3.515 3.578 3.643 3.709 3.776 3.845 3.919 3.996 4.076 4.159 4.245 4.339 4.449 4.562 4.678 4.797 4.901 4.957 4.940 4.925 4.913 4.903 4.896 4.873 4.802 4.736 4.675 4.619 4.567 4.495 4.337 4.180 4.026 3.874
0.000 0.000 0.000 0.000 0.000 0.000 0.000 0.000 0.000 0.000 0.000 0.000 0.010 0.034 0.059 0.084 0.109 0.135 0.189 0.284 0.381 0.479 0.579 0.680 0.819 1.021 1.222 1.422 1.622 1.820 2.003 2.154 2.304 2.453 2.601 2.749 2.881 2.979 3.077 3.176 3.276 3.376 3.468 3.534 3.601 3.669 3.739 3.809 3.882 3.967 4.054 4.144 4.228 4.308 4.391 4.484 4.573 4.659 4.742 4.822 4.884 4.876 4.870 4.867 4.866 4.868 4.864 4.810 4.761 4.718 4.679 4.645 4.603 4.452 4.302 4.154 4.007
0.000 0.000 0.000 0.000 0.000 0.000 0.000 0.000 0.000 0.000 0.000 0.000 0.007 0.033 0.060 0.087 0.114 0.143 0.190 0.290 0.392 0.495 0.600 0.706 0.834 1.033 1.232 1.429 1.627 1.823 2.009 2.157 2.305 2.451 2.597 2.741 2.878 2.978 3.079 3.180 3.282 3.384 3.482 3.552 3.623 3.693 3.762 3.831 3.900 3.981 4.061 4.140 4.218 4.296 4.373 4.454 4.532 4.607 4.678 4.746 4.809 4.810 4.813 4.818 4.826 4.837 4.850 4.814 4.782 4.756 4.734 4.717 4.706 4.565 4.421 4.279 4.142
0.000 0.000 0.000 0.000 0.000 0.000 0.000 0.000 0.000 0.000 0.000 0.000 0.004 0.032 0.061 0.090 0.120 0.151 0.190 0.295 0.402 0.510 0.620 0.731 0.850 1.046 1.242 1.438 1.632 1.826 2.017 2.162 2.306 2.450 2.593 2.734 2.875 2.977 3.080 3.184 3.288 3.394 3.501 3.570 3.638 3.706 3.772 3.838 3.903 3.981 4.058 4.134 4.209 4.284 4.358 4.428 4.494 4.557 4.617 4.674 4.728 4.741 4.753 4.768 4.784 4.804 4.825 4.812 4.798 4.794 4.802 4.811 4.824 4.719 4.593 4.470 4.349
0.000 0.000 0.000 0.000 0.000 0.000 0.000 0.000 0.000 0.000 0.000 0.000 0.000 0.030 0.061 0.093 0.125 0.158 0.191 0.299 0.411 0.523 0.638 0.754 0.871 1.060 1.253 1.446 1.638 1.830 2.020 2.164 2.304 2.444 2.584 2.724 2.865 2.975 3.081 3.188 3.296 3.406 3.516 3.589 3.654 3.719 3.783 3.846 3.909 3.981 4.056 4.129 4.201 4.273 4.344 4.404 4.459 4.511 4.560 4.605 4.647 4.671 4.700 4.740 4.783 4.828 4.876 4.895 4.906 4.920 4.936 4.954 4.975 4.898 4.780 4.665 4.553
0.000 0.000 0.000 0.000 0.000 0.000 0.000 0.000 0.000 0.000 0.000 0.000 0.000 0.028 0.061 0.095 0.129 0.164 0.200 0.301 0.417 0.535 0.655 0.775 0.895 1.070 1.259 1.446 1.631 1.816 1.999 2.150 2.290 2.431 2.572 2.713 2.854 2.972 3.081 3.192 3.304 3.416 3.530 3.608 3.671 3.733 3.795 3.855 3.915 3.983 4.054 4.125 4.194 4.263 4.331 4.390 4.444 4.498 4.553 4.608 4.664 4.712 4.758 4.807 4.858 4.912 4.968 5.002 5.021 5.043 5.068 5.095 5.124 5.074 4.965 4.859 4.754
0.000 0.000 0.000 0.000 0.000 0.000 0.000 0.000 0.000 0.000 0.000 0.000 0.000 0.024 0.060 0.096 0.133 0.170 0.209 0.301 0.421 0.542 0.664 0.787 0.910 1.073 1.257 1.440 1.621 1.801 1.980 2.135 2.277 2.418 2.560 2.701 2.843 2.968 3.081 3.195 3.310 3.426 3.543 3.628 3.688 3.748 3.807 3.865 3.918 3.982 4.052 4.125 4.200 4.277 4.357 4.424 4.480 4.535 4.591 4.648 4.704 4.759 4.814 4.871 4.931 4.993 5.058 5.105 5.134 5.164 5.197 5.233 5.271 5.248 5.147 5.049 4.953
0.000 0.000 0.000 0.000 0.000 0.000 0.000 0.000 0.000 0.000 0.000 0.000 0.000 0.020 0.058 0.097 0.136 0.176 0.217 0.300 0.423 0.547 0.672 0.798 0.924 1.078 1.257 1.436 1.612 1.788 1.963 2.121 2.263 2.405 2.547 2.689 2.832 2.962 3.079 3.196 3.315 3.412 3.509 3.584 3.633 3.689 3.750 3.817 3.890 3.967 4.046 4.127 4.209 4.295 4.382 4.459 4.515 4.572 4.629 4.687 4.745 4.804 4.867 4.933 5.001 5.072 5.145 5.207 5.243 5.282 5.324 5.368 5.411 5.390 5.275 5.164 5.058
0.000 0.000 0.000 0.000 0.000 0.000 0.000 0.000 0.000 0.000 0.000 0.000 0.000 0.016 0.056 0.097 0.139 0.181 0.224 0.298 0.424 0.551 0.679 0.808 0.937 1.084 1.259 1.432 1.605 1.776 1.946 2.106 2.249 2.388 2.513 2.636 2.757 2.869 2.966 3.063 3.161 3.258 3.356 3.445 3.516 3.592 3.674 3.762 3.856 3.951 4.037 4.126 4.217 4.310 4.405 4.493 4.551 4.609 4.667 4.726 4.784 4.846 4.918 4.992 5.069 5.144 5.210 5.270 5.293 5.316 5.338 5.359 5.379 5.377 5.277 5.182 5.091
0.000 0.000 0.000 0.000 0.000 0.000 0.000 0.000 0.000 0.000 0.000 0.000 0.000 0.010 0.053 0.096 0.140 0.185 0.230 0.295 0.424 0.554 0.685 0.817 0.949 1.091 1.258 1.416 1.571 1.723 1.871 2.013 2.134 2.254 2.372 2.488 2.602 2.712 2.810 2.908 3.007 3.105 3.204 3.301 3.392 3.489 3.592 3.701 3.815 3.932 4.027 4.123 4.222 4.323 4.426 4.527 4.586 4.645 4.695 4.735 4.779 4.828 4.893 4.960 5.031 5.104 5.180 5.256 5.276 5.296 5.314 5.331 5.348 5.359 5.275 5.196 5.120
0.000 0.000 0.000 0.000 0.000 0.000 0.000 0.000 0.000 0.000 0.000 0.000 0.000 0.004 0.049 0.095 0.141 0.188 0.236 0.288 0.414 0.540 0.665 0.790 0.916 1.042 1.192 1.339 1.483 1.623 1.761 1.894 2.009 2.122 2.234 2.343 2.450 2.556 2.655 2.754 2.853 2.952 3.052 3.152 3.263 3.381 3.505 3.634 3.769 3.911 4.013 4.101 4.179 4.259 4.342 4.427 4.471 4.517 4.568 4.623 4.682 4.745 4.820 4.897 4.978 5.062 5.148 5.238 5.260 5.276 5.291 5.305 5.318 5.330 5.269 5.205 5.146
0.000 0.000 0.000 0.000 0.000 0.000 0.000 0.000 0.000 0.000 0.000 0.000 0.000 0.000 0.043 0.086 0.129 0.171 0.211 0.250 0.369 0.494 0.619 0.744 0.868 0.993 1.130 1.266 1.398 1.527 1.653 1.776 1.886 1.992 2.097 2.200 2.301 2.400 2.499 2.599 2.699 2.799 2.899 3.000 3.119 3.238 3.357 3.475 3.593 3.710 3.798 3.882 3.969 4.059 4.151 4.246 4.310 4.372 4.437 4.507 4.581 4.659 4.744 4.832 4.922 5.016 5.113 5.213 5.244 5.257 5.268 5.279 5.289 5.297 5.258 5.210 5.142
0.000 0.000 0.000 0.000 0.000 0.000 0.000 0.000 0.000 0.000 0.000 0.000 0.000 0.000 0.033 0.072 0.111 0.148 0.185 0.220 0.325 0.449 0.573 0.698 0.821 0.945 1.072 1.196 1.317 1.435 1.550 1.661 1.765 1.864 1.963 2.059 2.153 2.242 2.334 2.427 2.517 2.605 2.692 2.776 2.884 3.002 3.119 3.236 3.352 3.468 3.566 3.660 3.757 3.856 3.958 4.063 4.146 4.222 4.302 4.387 4.476 4.569 4.665 4.763 4.864 4.968 5.075 5.185 5.230 5.212 5.190 5.170 5.150 5.133 5.075 4.993 4.911
0.000 0.000 0.000 0.000 0.000 0.000 0.000 0.000 0.000 0.000 0.000 0.000 0.000 0.000 0.024 0.059 0.094 0.127 0.160 0.191 0.280 0.404 0.528 0.651 0.775 0.898 1.016 1.129 1.239 1.346 1.447 1.545 1.639 1.729 1.816 1.901 1.983 2.062 2.145 2.230 2.313 2.395 2.474 2.551 2.650 2.766 2.882 2.997 3.112 3.226 3.333 3.436 3.542 3.651 3.763 3.877 3.977 4.068 4.164 4.263 4.367 4.475 4.552 4.627 4.704 4.784 4.866 4.951 4.982 4.963 4.946 4.931 4.916 4.904 4.854 4.768 4.681
0.000 0.000 0.000 0.000 0.000 0.000 0.000 0.000 0.000 0.000 0.000 0.000 0.000 0.000 0.016 0.048 0.078 0.108 0.136 0.163 0.236 0.360 0.482 0.603 0.722 0.840 0.950 1.050 1.148 1.242 1.334 1.423 1.508 1.589 1.667 1.742 1.815 1.885 1.958 2.036 2.112 2.186 2.258 2.328 2.417 2.532 2.646 2.759 2.872 2.985 3.096 3.209 3.325 3.444 3.563 3.662 3.750 3.826 3.904 3.984 4.065 4.149 4.233 4.316 4.402 4.490 4.581 4.674 4.726 4.713 4.701 4.691 4.681 4.674 4.635 4.545 4.453
0.000 0.000 0.000 0.000 0.000 0.000 0.000 0.000 0.000 0.000 0.000 0.000 0.000 0.000 0.010 0.037 0.063 0.088 0.111 0.133 0.187 0.306 0.423 0.540 0.656 0.771 0.878 0.968 1.056 1.141 1.224 1.303 1.380 1.451 1.520 1.586 1.650 1.711 1.774 1.845 1.914 1.981 2.045 2.108 2.185 2.298 2.410 2.521 2.625 2.724 2.822 2.923 3.021 3.116 3.209 3.300 3.387 3.470 3.554 3.641 3.729 3.820 3.912 4.004 4.098 4.195 4.294 4.396 4.470 4.462 4.455 4.449 4.445 4.443 4.418 4.323 4.227
0.000 0.000 0.000 0.000 0.000 0.000 0.000 0.000 0.000 0.000 0.000 0.000 0.000 0.000 0.005 0.027 0.048 0.067 0.085 0.102 0.136 0.251 0.366 0.479 0.591 0.703 0.808 0.889 0.967 1.043 1.116 1.187 1.254 1.316 1.376 1.433 1.488 1.540 1.592 1.655 1.718 1.780 1.839 1.896 1.958 2.059 2.157 2.250 2.339 2.423 2.505 2.598 2.687 2.774 2.859 2.941 3.022 3.112 3.203 3.297 3.392 3.489 3.588 3.689 3.792 3.897 4.005 4.115 4.213 4.210 4.208 4.207 4.200 4.154 4.094 3.947 3.801
0.000 0.000 0.000 0.000 0.000 0.000 0.000 0.000 0.000 0.000 0.000 0.000 0.000 0.000 0.001 0.018 0.034 0.048 0.061 0.072 0.086 0.198 0.309 0.419 0.528 0.635 0.741 0.813 0.882 0.948 1.012 1.073 1.131 1.185 1.238 1.289 1.338 1.386 1.432 1.490 1.545 1.597 1.646 1.693 1.737 1.824 1.906 1.984 2.057 2.127 2.192 2.275 2.356 2.435 2.511 2.585 2.656 2.753 2.851 2.951 3.053 3.157 3.263 3.373 3.484 3.589 3.671 3.747 3.819 3.774 3.727 3.678 3.627 3.575 3.522 3.378 3.234
0.000 0.000 0.000 0.000 0.000 0.000 0.000 0.000 0.000 0.000 0.000 0.000 0.000 0.000 0.000 0.011 0.021 0.030 0.038 0.044 0.049 0.146 0.254 0.360 0.465 0.569 0.670 0.734 0.793 0.851 0.908 0.964 1.018 1.067 1.114 1.159 1.202 1.243 1.282 1.329 1.374 1.416 1.456 1.492 1.526 1.593 1.660 1.723 1.781 1.835 1.885 1.956 2.028 2.099 2.166 2.232 2.294 2.392 2.496 2.594 2.687 2.775 2.858 2.937 3.011 3.080 3.144 3.202 3.256 3.219 3.166 3.112 3.057 3.000 2.941 2.810 2.667
0.000 0.000 0.000 0.000 0.000 0.000 0.000 0.000 0.000 0.000 0.000 0.000 0.000 0.000 0.000 0.005 0.010 0.014 0.017 0.020 0.024 0.103 0.205 0.303 0.398 0.490 0.578 0.642 0.697 0.751 0.804 0.856 0.907 0.951 0.992 1.030 1.067 1.102 1.135 1.171 1.206 1.239 1.269 1.295 1.319 1.366 1.418 1.466 1.509 1.548 1.582 1.644 1.715 1.781 1.842 1.899 1.952 2.031 2.116 2.197 2.272 2.342 2.407 2.468 2.524 2.576 2.622 2.663 2.698 2.666 2.609 2.549 2.488 2.426 2.362 2.242 2.101
0.000 0.000 0.000 0.000 0.000 0.000 0.000 0.000 0.000 0.000 0.000 0.000 0.000 0.000 0.000 0.002 0.006 0.009 0.012 0.015 0.018 0.074 0.164 0.251 0.334 0.414 0.490 0.551 0.602 0.653 0.702 0.750 0.797 0.837 0.871 0.904 0.934 0.963 0.990 1.017 1.042 1.065 1.085 1.102 1.120 1.157 1.202 1.243 1.281 1.314 1.344 1.390 1.445 1.496 1.541 1.582 1.619 1.675 1.743 1.805 1.863 1.915 1.962 2.005 2.044 2.077 2.105 2.129 2.147 2.116 2.053 1.988 1.922 1.855 1.785 1.674 1.549
0.000 0.000 0.000 0.000 0.000 0.000 0.000 0.000 0.000 0.000 0.000 0.000 0.000 0.000 0.000 0.001 0.004 0.006 0.009 0.010 0.012 0.049 0.127 0.202 0.273 0.341 0.405 0.461 0.509 0.555 0.601 0.645 0.689 0.725 0.753 0.779 0.803 0.829 0.855 0.879 0.901 0.921 0.939 0.955 0.969 0.992 1.024 1.052 1.077 1.098 1.115 1.142 1.181 1.215 1.245 1.270 1.291 1.325 1.375 1.419 1.459 1.493 1.523 1.548 1.569 1.584 1.595 1.600 1.600 1.585 1.556 1.527 1.497 1.466 1.434 1.374 1.282
0.000 0.000 0.000 0.000 0.000 0.000 0.000 0.000 0.000 0.000 0.000 0.000 0.000 0.000 0.000 0.001 0.002 0.004 0.005 0.006 0.007 0.028 0.094 0.156 0.216 0.272 0.324 0.372 0.416 0.459 0.504 0.547 0.590 0.627 0.654 0.678 0.702 0.724 0.746 0.764 0.780 0.793 0.804 0.813 0.820 0.830 0.850 0.865 0.877 0.885 0.889 0.898 0.921 0.940 0.954 0.963 0.968 0.980 1.012 1.039 1.061 1.077 1.106 1.147 1.185 1.221 1.253 1.283 1.310 1.316 1.285 1.253 1.220 1.187 1.153 1.101 1.014
0.000 0.000 0.000 0.000 0.000 0.000 0.000 0.000 0.000 0.000 0.000 0.000 0.000 0.000 0.000 0.000 0.001 0.001 0.002 0.002 0.001 0.010 0.064 0.116 0.166 0.213 0.257 0.299 0.342 0.384 0.426 0.466 0.505 0.541 0.563 0.584 0.603 0.621 0.638 0.652 0.661 0.667 0.671 0.673 0.673 0.673 0.679 0.682 0.681 0.676 0.667 0.659 0.666 0.669 0.667 0.677 0.692 0.712 0.757 0.798 0.836 0.871 0.902 0.931 0.959 0.985 1.008 1.027 1.044 1.049 1.015 0.981 0.945 0.909 0.872 0.826 0.745
0.000 0.000 0.000 0.000 0.000 0.000 0.000 0.000 0.000 0.000 0.000 0.000 0.000 0.000 0.000 0.000 0.000 0.000 0.000 0.000 0.000 0.000 0.046 0.088 0.128 0.165 0.200 0.232 0.271 0.310 0.349 0.386 0.422 0.457 0.474 0.490 0.505 0.519 0.532 0.543 0.544 0.543 0.540 0.535 0.528 0.520 0.513 0.503 0.500 0.500 0.499 0.498 0.515 0.529 0.542 0.553 0.562 0.570 0.603 0.633 0.659 0.682 0.702 0.719 0.737 0.752 0.765 0.775 0.781 0.783 0.746 0.709 0.671 0.633 0.593 0.551 0.475
0.000 0.000 0.000 0.000 0.000 0.000 0.000 0.000 0.000 0.000 0.000 0.000 0.000 0.000 0.000 0.000 0.000 0.000 0.000 0.000 0.000 0.000 0.031 0.064 0.094 0.121 0.146 0.168 0.202 0.238 0.273 0.306 0.339 0.371 0.386 0.398 0.409 0.418 0.427 0.434 0.429 0.426 0.424 0.421 0.419 0.417 0.416 0.415 0.413 0.411 0.408 0.405 0.413 0.421 0.427 0.431 0.434 0.434 0.453 0.471 0.486 0.497 0.505 0.510 0.518 0.523 0.525 0.525 0.522 0.515 0.479 0.439 0.398 0.371 0.367 0.364 0.333
0.000 0.000 0.000 0.000 0.000 0.000 0.000 0.000 0.000 0.000 0.000 0.000 0.000 0.000 0.000 0.000 0.000 0.000 0.000 0.000 0.000 0.000 0.018 0.042 0.062 0.080 0.095 0.107 0.134 0.166 0.198 0.228 0.258 0.286 0.302 0.313 0.322 0.330 0.338 0.345 0.345 0.343 0.341 0.339 0.338 0.336 0.334 0.331 0.327 0.323 0.318 0.313 0.314 0.315 0.315 0.312 0.307 0.301 0.306 0.313 0.316 0.316 0.312 0.305 0.301 0.297 0.302 0.321 0.341 0.360 0.360 0.356 0.353 0.352 0.352 0.353 0.330
0.000 0.000 0.000 0.000 0.000 0.000 0.000 0.000 0.000 0.000 0.000 0.000 0.000 0.000 0.000 0.000 0.000 0.000 0.000 0.000 0.000 0.000 0.009 0.023 0.033 0.041 0.048 0.056 0.080 0.112 0.143 0.171 0.196 0.219 0.233 0.240 0.246 0.252 0.257 0.261 0.261 0.260 0.258 0.257 0.256 0.255 0.252 0.247 0.242 0.236 0.229 0.222 0.217 0.211 0.204 0.194 0.183 0.170 0.163 0.168 0.179 0.189 0.198 0.208 0.223 0.242 0.262 0.281 0.300 0.320 0.326 0.327 0.329 0.332 0.336 0.342 0.327
0.000 0.000 0.000 0.000 0.000 0.000 0.000 0.000 0.000 0.000 0.000 0.000 0.000 0.000 0.000 0.000 0.000 0.000 0.000 0.000 0.000 0.000 0.004 0.013 0.021 0.029 0.036 0.042 0.057 0.081 0.103 0.123 0.140 0.155 0.164 0.168 0.172 0.175 0.177 0.178 0.177 0.176 0.176 0.175 0.175 0.174 0.171 0.164 0.157 0.149 0.141 0.132 0.128 0.127 0.125 0.124 0.123 0.122 0.126 0.136 0.145 0.153 0.161 0.169 0.182 0.201 0.221 0.241 0.260 0.280 0.292 0.297 0.303 0.311 0.320 0.330 0.323
0.000 0.000 0.000 0.000 0.000 0.000 0.000 0.000 0.000 0.000 0.000 0.000 0.000 0.000 0.000 0.000 0.000 0.000 0.000 0.000 0.000 0.000 0.002 0.009 0.015 0.020 0.025 0.029 0.037 0.053 0.066 0.077 0.086 0.092 0.096 0.098 0.098 0.098 0.097 0.095 0.094 0.093 0.093 0.093 0.093 0.100 0.105 0.104 0.104 0.103 0.102 0.101 0.099 0.098 0.097 0.096 0.095 0.094 0.097 0.104 0.111 0.118 0.124 0.130 0.141 0.160 0.180 0.200 0.220 0.240 0.256 0.265 0.276 0.288 0.301 0.316 0.318
0.000 0.000 0.000 0.000 0.000 0.000 0.000 0.000 0.000 0.000 0.000 0.000 0.000 0.000 0.000 0.000 0.000 0.000 0.000 0.000 0.000 0.000 0.001 0.005 0.009 0.012 0.015 0.017 0.019 0.027 0.032 0.035 0.035 0.033 0.029 0.028 0.026 0.023 0.028 0.034 0.040 0.048 0.056 0.064 0.070 0.076 0.080 0.079 0.078 0.076 0.075 0.073 0.071 0.070 0.069 0.068 0.067 0.067 0.067 0.073 0.079 0.084 0.088 0.092 0.099 0.119 0.139 0.160 0.180 0.200 0.222 0.251 0.281 0.314 0.349 0.386 0.413
0.000 0.000 0.000 0.000 0.000 0.000 0.000 0.000 0.000 0.000 0.000 0.000 0.000 0.000 0.000 0.000 0.000 0.000 0.000 0.000 0.000 0.000 0.000 0.002 0.004 0.005 0.005 0.005 0.004 0.003 0.000 0.000 0.000 0.000 0.000 0.006 0.011 0.016 0.021 0.025 0.029 0.035 0.041 0.046 0.050 0.053 0.056 0.054 0.052 0.050 0.048 0.045 0.042 0.042 0.041 0.040 0.039 0.039 0.039 0.043 0.046 0.050 0.052 0.057 0.070 0.101 0.134 0.169 0.205 0.244 0.283 0.319 0.357 0.398 0.440 0.484 0.523
0.000 0.000 0.000 0.000 0.000 0.000 0.000 0.000 0.000 0.000 0.000 0.000 0.000 0.000 0.000 0.000 0.000 0.000 0.000 0.000 0.000 0.000 0.000 0.000 0.000 0.000 0.000 0.000 0.000 0.000 0.000 0.000 0.000 0.000 0.000 0.004 0.008 0.011 0.014 0.017 0.019 0.023 0.026 0.029 0.030 0.031 0.032 0.030 0.027 0.024 0.021 0.018 0.014 0.013 0.013 0.012 0.014 0.018 0.024 0.033 0.044 0.055 0.066 0.078 0.091 0.128 0.167 0.208 0.251 0.296 0.342 0.386 0.431 0.479 0.528 0.580 0.634
