DATA/SHG/CPC/2018/20180226.asc
ncols        190
nrows        64
xllcorner    -5100000.000000000000
yllcorner    4130000.000000000000
cellsize     10000.000000000000
NODATA_value  -99999.000
[rows 0 to 33 of 64, columns 77 to 153 of 190]
0.000 0.000 0.000 0.000 0.000 0.000 0.000 0.000 0.000 0.000 0.000 0.000 0.000 0.000 0.000 0.000 0.000 0.000 0.000 0.000 0.000 0.000 0.000 0.000 0.000 0.000 0.000 0.000 0.000 0.000 0.000 0.000 0.000 0.000 0.000 0.000 0.000 0.000 0.000 0.000 0.000 0.000 0.000 0.002 0.008 0.015 0.023 0.031 0.040 0.049 0.060 0.071 0.083 0.095 0.108 0.119 0.127 0.134 0.142 0.150 0.158 0.166 0.173 0.181 0.190 0.198 0.208 0.217 0.224 0.231 0.237 0.244 0.250 0.251 0.239 0.227 0.215
0.000 0.000 0.000 0.000 0.000 0.000 0.000 0.000 0.000 0.000 0.000 0.000 0.000 0.000 0.000 0.000 0.000 0.000 0.000 0.000 0.000 0.000 0.000 0.000 0.000 0.000 0.000 0.000 0.000 0.000 0.000 0.000 0.000 0.000 0.000 0.000 0.000 0.000 0.000 0.000 0.000 0.000 0.000 0.001 0.010 0.020 0.030 0.041 0.052 0.064 0.077 0.091 0.105 0.121 0.137 0.152 0.161 0.171 0.182 0.193 0.205 0.216 0.226 0.236 0.246 0.256 0.267 0.278 0.284 0.290 0.296 0.301 0.306 0.309 0.297 0.285 0.274
0.000 0.000 0.000 0.000 0.000 0.000 0.000 0.000 0.000 0.000 0.000 0.000 0.000 0.000 0.000 0.000 0.000 0.000 0.000 0.000 0.000 0.000 0.000 0.000 0.000 0.000 0.000 0.000 0.000 0.000 0.000 0.000 0.000 0.000 0.000 0.000 0.000 0.000 0.000 0.000 0.000 0.000 0.000 0.000 0.012 0.026 0.040 0.055 0.071 0.087 0.103 0.119 0.136 0.153 0.169 0.186 0.198 0.211 0.224 0.238 0.252 0.267 0.278 0.290 0.302 0.314 0.327 0.339 0.344 0.349 0.354 0.358 0.363 0.366 0.354 0.343 0.332
0.000 0.000 0.000 0.000 0.000 0.000 0.000 0.000 0.000 0.000 0.000 0.000 0.000 0.000 0.000 0.000 0.000 0.000 0.000 0.000 0.000 0.000 0.000 0.000 0.000 0.000 0.000 0.000 0.000 0.000 0.000 0.000 0.000 0.000 0.000 0.000 0.000 0.000 0.000 0.001 0.002 0.004 0.006 0.008 0.022 0.039 0.057 0.075 0.094 0.115 0.132 0.149 0.166 0.184 0.202 0.220 0.235 0.250 0.266 0.282 0.299 0.317 0.330 0.343 0.357 0.371 0.385 0.400 0.405 0.409 0.413 0.416 0.419 0.422 0.412 0.402 0.394
0.000 0.000 0.000 0.000 0.000 0.000 0.000 0.000 0.000 0.000 0.000 0.000 0.000 0.000 0.000 0.000 0.000 0.000 0.000 0.000 0.000 0.000 0.000 0.000 0.000 0.000 0.000 0.000 0.001 0.002 0.003 0.005 0.005 0.005 0.004 0.003 0.002 0.000 0.001 0.004 0.006 0.009 0.012 0.015 0.031 0.052 0.073 0.095 0.118 0.141 0.160 0.178 0.197 0.215 0.234 0.253 0.271 0.288 0.307 0.326 0.345 0.366 0.381 0.396 0.412 0.427 0.444 0.462 0.470 0.475 0.481 0.487 0.494 0.501 0.495 0.486 0.476
0.000 0.000 0.000 0.000 0.000 0.000 0.000 0.000 0.000 0.000 0.000 0.000 0.000 0.000 0.000 0.000 0.000 0.000 0.000 0.000 0.000 0.000 0.000 0.000 0.000 0.000 0.001 0.002 0.004 0.006 0.009 0.012 0.012 0.010 0.008 0.006 0.004 0.001 0.002 0.006 0.009 0.013 0.018 0.022 0.039 0.063 0.088 0.113 0.140 0.167 0.189 0.208 0.227 0.246 0.266 0.286 0.306 0.326 0.347 0.369 0.391 0.414 0.433 0.451 0.471 0.491 0.512 0.534 0.545 0.552 0.560 0.568 0.577 0.585 0.580 0.570 0.559
0.000 0.000 0.000 0.000 0.000 0.000 0.000 0.000 0.000 0.000 0.000 0.000 0.000 0.000 0.000 0.000 0.000 0.000 0.000 0.000 0.000 0.000 0.000 0.000 0.000 0.000 0.001 0.004 0.007 0.011 0.014 0.018 0.019 0.016 0.013 0.010 0.006 0.002 0.002 0.007 0.012 0.018 0.023 0.029 0.047 0.074 0.102 0.131 0.161 0.191 0.215 0.235 0.256 0.276 0.298 0.319 0.341 0.364 0.388 0.412 0.436 0.461 0.485 0.507 0.530 0.554 0.579 0.604 0.620 0.629 0.638 0.648 0.658 0.669 0.666 0.654 0.642
0.000 0.000 0.000 0.000 0.000 0.000 0.000 0.000 0.000 0.000 0.000 0.000 0.000 0.000 0.000 0.000 0.000 0.000 0.000 0.000 0.000 0.000 0.000 0.000 0.000 0.000 0.001 0.006 0.010 0.014 0.019 0.025 0.026 0.022 0.018 0.013 0.008 0.003 0.002 0.010 0.019 0.029 0.038 0.046 0.064 0.094 0.124 0.154 0.183 0.213 0.239 0.261 0.283 0.306 0.329 0.352 0.377 0.402 0.428 0.454 0.481 0.508 0.535 0.561 0.588 0.616 0.645 0.674 0.695 0.705 0.716 0.728 0.740 0.752 0.751 0.738 0.725
0.000 0.000 0.000 0.000 0.000 0.000 0.000 0.000 0.000 0.000 0.000 0.000 0.000 0.000 0.000 0.000 0.000 0.000 0.000 0.000 0.000 0.000 0.000 0.000 0.000 0.000 0.001 0.007 0.012 0.018 0.025 0.033 0.038 0.035 0.033 0.032 0.031 0.031 0.034 0.043 0.051 0.059 0.067 0.074 0.089 0.118 0.148 0.177 0.206 0.235 0.262 0.285 0.310 0.334 0.359 0.385 0.411 0.439 0.467 0.496 0.525 0.555 0.585 0.615 0.646 0.677 0.710 0.743 0.769 0.781 0.794 0.806 0.818 0.830 0.830 0.813 0.796
0.000 0.000 0.000 0.000 0.000 0.000 0.000 0.000 0.000 0.000 0.000 0.000 0.000 0.000 0.000 0.000 0.000 0.000 0.000 0.000 0.000 0.001 0.003 0.005 0.008 0.011 0.015 0.023 0.031 0.038 0.046 0.053 0.059 0.059 0.059 0.061 0.062 0.064 0.068 0.075 0.083 0.090 0.096 0.103 0.114 0.142 0.171 0.200 0.228 0.257 0.284 0.310 0.336 0.363 0.390 0.417 0.445 0.475 0.506 0.537 0.569 0.601 0.632 0.665 0.699 0.734 0.771 0.809 0.840 0.852 0.864 0.875 0.886 0.898 0.900 0.881 0.861
0.000 0.000 0.000 0.000 0.000 0.000 0.000 0.000 0.000 0.000 0.000 0.000 0.000 0.000 0.000 0.001 0.002 0.004 0.006 0.009 0.012 0.015 0.019 0.023 0.028 0.033 0.038 0.046 0.053 0.060 0.066 0.073 0.079 0.082 0.085 0.088 0.092 0.097 0.102 0.109 0.115 0.121 0.126 0.132 0.139 0.167 0.195 0.223 0.251 0.278 0.306 0.334 0.362 0.389 0.416 0.443 0.471 0.502 0.533 0.565 0.598 0.632 0.667 0.705 0.745 0.786 0.829 0.872 0.911 0.923 0.933 0.944 0.955 0.965 0.970 0.949 0.927
0.000 0.000 0.000 0.000 0.000 0.000 0.000 0.000 0.000 0.000 0.000 0.000 0.000 0.000 0.000 0.002 0.006 0.010 0.014 0.019 0.024 0.030 0.035 0.041 0.048 0.054 0.062 0.068 0.075 0.081 0.087 0.093 0.099 0.104 0.109 0.115 0.122 0.129 0.136 0.142 0.147 0.152 0.156 0.161 0.163 0.189 0.215 0.240 0.266 0.291 0.316 0.344 0.371 0.399 0.427 0.456 0.485 0.519 0.554 0.589 0.625 0.662 0.700 0.744 0.790 0.837 0.885 0.934 0.983 0.993 1.003 1.013 1.023 1.033 1.040 1.017 0.993
0.000 0.000 0.000 0.000 0.000 0.000 0.000 0.000 0.000 0.000 0.000 0.000 0.000 0.000 0.000 0.004 0.009 0.015 0.022 0.029 0.036 0.043 0.051 0.059 0.067 0.075 0.084 0.091 0.097 0.103 0.108 0.113 0.119 0.126 0.133 0.140 0.146 0.152 0.158 0.162 0.164 0.167 0.171 0.175 0.179 0.201 0.225 0.250 0.275 0.299 0.323 0.351 0.380 0.409 0.439 0.469 0.499 0.535 0.573 0.612 0.652 0.692 0.733 0.782 0.833 0.886 0.940 0.995 1.051 1.063 1.073 1.082 1.092 1.101 1.110 1.085 1.053
0.000 0.000 0.000 0.000 0.000 0.000 0.000 0.000 0.000 0.000 0.000 0.000 0.000 0.000 0.000 0.004 0.012 0.020 0.029 0.038 0.047 0.057 0.066 0.075 0.085 0.096 0.105 0.111 0.115 0.118 0.122 0.126 0.131 0.136 0.142 0.148 0.154 0.159 0.165 0.169 0.173 0.178 0.183 0.188 0.194 0.213 0.237 0.260 0.284 0.307 0.330 0.358 0.389 0.419 0.450 0.481 0.513 0.551 0.592 0.634 0.677 0.720 0.765 0.818 0.875 0.933 0.993 1.047 1.100 1.110 1.113 1.116 1.120 1.125 1.130 1.103 1.072
0.000 0.000 0.000 0.000 0.000 0.000 0.000 0.000 0.000 0.000 0.000 0.000 0.000 0.000 0.000 0.004 0.014 0.024 0.035 0.045 0.056 0.066 0.075 0.085 0.094 0.103 0.112 0.118 0.122 0.127 0.131 0.135 0.140 0.145 0.150 0.156 0.161 0.166 0.171 0.176 0.182 0.188 0.194 0.201 0.208 0.225 0.248 0.271 0.293 0.315 0.337 0.365 0.397 0.429 0.461 0.493 0.526 0.566 0.609 0.652 0.696 0.739 0.784 0.835 0.888 0.940 0.992 1.043 1.094 1.111 1.117 1.123 1.129 1.136 1.144 1.122 1.090
0.000 0.000 0.000 0.000 0.000 0.000 0.000 0.000 0.000 0.000 0.000 0.000 0.000 0.000 0.000 0.004 0.015 0.026 0.038 0.050 0.062 0.074 0.083 0.091 0.100 0.109 0.118 0.125 0.130 0.135 0.139 0.144 0.149 0.154 0.159 0.164 0.169 0.173 0.178 0.183 0.190 0.198 0.206 0.214 0.222 0.238 0.259 0.281 0.302 0.322 0.342 0.368 0.399 0.431 0.463 0.495 0.528 0.567 0.611 0.656 0.701 0.747 0.793 0.842 0.893 0.942 0.992 1.040 1.089 1.112 1.120 1.128 1.137 1.147 1.158 1.141 1.109
0.000 0.000 0.000 0.000 0.000 0.000 0.000 0.000 0.000 0.000 0.000 0.000 0.000 0.000 0.000 0.003 0.015 0.028 0.041 0.054 0.068 0.081 0.090 0.098 0.107 0.116 0.125 0.132 0.137 0.142 0.148 0.153 0.158 0.163 0.168 0.172 0.176 0.180 0.184 0.190 0.199 0.207 0.215 0.223 0.230 0.242 0.261 0.281 0.300 0.319 0.339 0.363 0.396 0.428 0.461 0.495 0.528 0.567 0.613 0.660 0.707 0.754 0.802 0.850 0.898 0.945 0.992 1.038 1.084 1.111 1.122 1.133 1.145 1.157 1.170 1.159 1.127
0.000 0.000 0.000 0.000 0.000 0.000 0.000 0.000 0.000 0.000 0.000 0.000 0.000 0.000 0.000 0.001 0.015 0.029 0.044 0.058 0.073 0.088 0.097 0.105 0.114 0.123 0.131 0.139 0.145 0.150 0.156 0.161 0.167 0.172 0.177 0.181 0.186 0.191 0.196 0.201 0.208 0.215 0.221 0.227 0.233 0.241 0.260 0.279 0.298 0.317 0.335 0.358 0.391 0.425 0.459 0.494 0.528 0.567 0.615 0.663 0.712 0.761 0.811 0.859 0.904 0.949 0.993 1.037 1.079 1.110 1.123 1.138 1.161 1.185 1.210 1.213 1.185
0.000 0.000 0.000 0.000 0.000 0.000 0.000 0.000 0.000 0.000 0.000 0.000 0.000 0.000 0.000 0.000 0.015 0.030 0.046 0.062 0.078 0.095 0.103 0.110 0.118 0.126 0.135 0.143 0.149 0.155 0.161 0.167 0.174 0.180 0.185 0.191 0.196 0.202 0.207 0.213 0.218 0.223 0.228 0.232 0.236 0.241 0.260 0.278 0.296 0.314 0.332 0.352 0.387 0.422 0.457 0.492 0.528 0.567 0.616 0.666 0.717 0.768 0.819 0.871 0.918 0.966 1.017 1.069 1.122 1.169 1.194 1.220 1.246 1.273 1.301 1.310 1.275
0.000 0.000 0.000 0.000 0.000 0.000 0.000 0.000 0.000 0.000 0.000 0.000 0.000 0.000 0.000 0.000 0.013 0.029 0.044 0.060 0.075 0.090 0.099 0.108 0.117 0.126 0.135 0.145 0.152 0.159 0.166 0.173 0.181 0.188 0.194 0.200 0.206 0.212 0.219 0.225 0.229 0.232 0.235 0.237 0.239 0.242 0.259 0.277 0.294 0.312 0.329 0.347 0.382 0.418 0.455 0.492 0.529 0.569 0.622 0.676 0.730 0.786 0.842 0.898 0.953 1.009 1.066 1.126 1.187 1.243 1.272 1.301 1.330 1.361 1.392 1.408 1.366
0.000 0.000 0.000 0.000 0.000 0.000 0.000 0.000 0.000 0.000 0.000 0.000 0.000 0.000 0.000 0.000 0.011 0.026 0.041 0.056 0.070 0.085 0.096 0.105 0.115 0.126 0.136 0.146 0.155 0.163 0.171 0.179 0.187 0.196 0.203 0.209 0.216 0.223 0.230 0.237 0.240 0.241 0.242 0.243 0.244 0.245 0.262 0.279 0.296 0.311 0.325 0.339 0.376 0.414 0.453 0.493 0.534 0.575 0.631 0.688 0.746 0.805 0.864 0.924 0.986 1.049 1.114 1.181 1.250 1.317 1.349 1.381 1.414 1.447 1.482 1.508 1.459
0.000 0.000 0.000 0.000 0.000 0.000 0.000 0.000 0.000 0.000 0.000 0.000 0.000 0.000 0.000 0.000 0.009 0.023 0.038 0.052 0.066 0.080 0.092 0.103 0.114 0.125 0.136 0.148 0.157 0.166 0.175 0.184 0.194 0.203 0.211 0.218 0.234 0.249 0.262 0.273 0.278 0.279 0.279 0.276 0.272 0.266 0.276 0.289 0.301 0.313 0.323 0.332 0.368 0.409 0.451 0.494 0.537 0.581 0.639 0.699 0.761 0.823 0.885 0.949 1.017 1.088 1.161 1.235 1.311 1.388 1.425 1.460 1.496 1.533 1.571 1.609 1.553
0.000 0.000 0.000 0.000 0.000 0.000 0.000 0.000 0.000 0.000 0.000 0.000 0.000 0.000 0.000 0.000 0.006 0.020 0.034 0.048 0.062 0.076 0.088 0.100 0.112 0.124 0.136 0.160 0.183 0.204 0.224 0.245 0.265 0.285 0.300 0.311 0.321 0.329 0.336 0.341 0.340 0.333 0.325 0.315 0.303 0.289 0.291 0.300 0.308 0.315 0.322 0.327 0.359 0.404 0.449 0.494 0.540 0.587 0.646 0.710 0.775 0.840 0.906 0.972 1.047 1.125 1.205 1.287 1.393 1.508 1.576 1.632 1.682 1.728 1.768 1.804 1.745
0.000 0.000 0.000 0.000 0.000 0.000 0.000 0.000 0.000 0.000 0.000 0.000 0.000 0.000 0.000 0.000 0.005 0.018 0.034 0.051 0.069 0.090 0.112 0.137 0.164 0.194 0.226 0.260 0.290 0.310 0.329 0.349 0.368 0.387 0.400 0.405 0.409 0.411 0.411 0.411 0.403 0.389 0.372 0.355 0.335 0.314 0.307 0.312 0.316 0.319 0.321 0.322 0.350 0.398 0.445 0.494 0.543 0.592 0.653 0.735 0.827 0.926 1.031 1.142 1.256 1.371 1.487 1.605 1.723 1.842 1.902 1.935 1.963 1.987 2.005 2.018 1.945
0.000 0.000 0.000 0.000 0.000 0.000 0.000 0.000 0.000 0.000 0.000 0.000 0.000 0.000 0.000 0.000 0.004 0.025 0.048 0.073 0.099 0.126 0.157 0.192 0.230 0.270 0.313 0.358 0.396 0.416 0.434 0.453 0.472 0.490 0.502 0.501 0.498 0.494 0.488 0.481 0.468 0.446 0.422 0.396 0.369 0.340 0.324 0.324 0.324 0.323 0.328 0.334 0.367 0.431 0.498 0.567 0.639 0.714 0.808 0.921 1.041 1.167 1.299 1.437 1.566 1.685 1.806 1.928 2.051 2.175 2.231 2.243 2.249 2.250 2.246 2.237 2.150
0.000 0.000 0.000 0.000 0.000 0.000 0.000 0.000 0.000 0.000 0.000 0.000 0.000 0.000 0.000 0.000 0.002 0.031 0.061 0.092 0.126 0.161 0.198 0.244 0.293 0.344 0.397 0.452 0.503 0.522 0.540 0.558 0.575 0.593 0.605 0.597 0.588 0.578 0.566 0.553 0.535 0.511 0.488 0.463 0.435 0.406 0.387 0.393 0.399 0.404 0.409 0.414 0.444 0.520 0.599 0.680 0.764 0.851 0.960 1.101 1.248 1.401 1.560 1.725 1.874 1.998 2.124 2.250 2.378 2.506 2.566 2.555 2.539 2.518 2.492 2.461 2.361
0.000 0.000 0.000 0.000 0.000 0.000 0.000 0.000 0.000 0.000 0.000 0.000 0.000 0.000 0.000 0.000 0.000 0.034 0.071 0.110 0.151 0.194 0.237 0.294 0.353 0.414 0.478 0.544 0.610 0.628 0.645 0.662 0.682 0.706 0.729 0.724 0.718 0.710 0.702 0.693 0.680 0.650 0.618 0.583 0.547 0.508 0.477 0.481 0.485 0.488 0.491 0.494 0.517 0.606 0.696 0.790 0.887 0.986 1.106 1.274 1.448 1.629 1.815 2.007 2.180 2.309 2.439 2.571 2.703 2.836 2.904 2.871 2.833 2.792 2.750 2.706 2.608
0.000 0.000 0.000 0.000 0.000 0.000 0.000 0.000 0.000 0.000 0.000 0.000 0.000 0.000 0.000 0.000 0.000 0.036 0.080 0.127 0.175 0.224 0.275 0.335 0.398 0.466 0.540 0.619 0.702 0.732 0.760 0.791 0.825 0.861 0.901 0.892 0.882 0.871 0.859 0.846 0.831 0.791 0.750 0.706 0.660 0.612 0.567 0.569 0.571 0.572 0.573 0.574 0.588 0.688 0.791 0.897 1.006 1.118 1.246 1.441 1.642 1.850 2.063 2.283 2.488 2.633 2.773 2.909 3.041 3.168 3.243 3.198 3.152 3.104 3.054 3.002 2.911
0.000 0.000 0.000 0.000 0.000 0.000 0.000 0.000 0.000 0.000 0.000 0.000 0.000 0.000 0.000 0.000 0.000 0.031 0.074 0.115 0.155 0.193 0.229 0.299 0.385 0.476 0.573 0.674 0.781 0.833 0.874 0.917 0.964 1.013 1.066 1.061 1.047 1.032 1.016 0.999 0.981 0.934 0.883 0.830 0.775 0.718 0.659 0.658 0.658 0.657 0.656 0.655 0.655 0.768 0.883 1.008 1.163 1.321 1.488 1.730 1.972 2.213 2.454 2.695 2.920 3.046 3.167 3.284 3.397 3.505 3.581 3.529 3.474 3.418 3.360 3.300 3.213
0.000 0.000 0.000 0.000 0.000 0.000 0.000 0.000 0.000 0.000 0.000 0.000 0.000 0.000 0.000 0.000 0.000 0.021 0.057 0.090 0.122 0.153 0.181 0.257 0.366 0.480 0.600 0.724 0.853 0.930 0.984 1.040 1.100 1.162 1.227 1.231 1.213 1.194 1.173 1.152 1.130 1.079 1.019 0.957 0.893 0.827 0.762 0.778 0.805 0.836 0.868 0.903 0.940 1.088 1.250 1.415 1.582 1.752 1.925 2.163 2.403 2.642 2.881 3.120 3.356 3.463 3.565 3.663 3.757 3.846 3.921 3.860 3.798 3.733 3.667 3.599 3.516
0.000 0.000 0.000 0.000 0.000 0.000 0.000 0.000 0.000 0.000 0.000 0.000 0.000 0.000 0.000 0.000 0.000 0.013 0.041 0.067 0.092 0.115 0.136 0.210 0.342 0.479 0.621 0.768 0.920 1.025 1.091 1.160 1.232 1.307 1.385 1.402 1.379 1.359 1.357 1.352 1.344 1.311 1.267 1.223 1.179 1.135 1.091 1.106 1.144 1.185 1.228 1.273 1.321 1.467 1.641 1.818 1.998 2.180 2.365 2.596 2.834 3.071 3.308 3.545 3.782 3.883 3.966 4.045 4.120 4.191 4.257 4.193 4.122 4.050 3.976 3.900 3.820
0.000 0.000 0.000 0.000 0.000 0.000 0.000 0.000 0.000 0.000 0.000 0.000 0.000 0.000 0.000 0.000 0.000 0.007 0.027 0.046 0.063 0.078 0.092 0.157 0.312 0.471 0.636 0.806 0.986 1.164 1.280 1.393 1.503 1.609 1.713 1.759 1.750 1.737 1.720 1.701 1.678 1.642 1.598 1.553 1.509 1.464 1.419 1.431 1.480 1.531 1.585 1.641 1.699 1.843 2.029 2.218 2.410 2.604 2.801 3.028 3.264 3.500 3.735 3.970 4.205 4.307 4.371 4.432 4.488 4.539 4.577 4.499 4.407 4.317 4.230 4.145 4.062
0.000 0.000 0.000 0.000 0.000 0.000 0.000 0.000 0.000 0.000 0.000 0.000 0.000 0.000 0.000 0.000 0.000 0.003 0.016 0.029 0.067 0.120 0.190 0.308 0.531 0.756 0.985 1.217 1.451 1.646 1.748 1.847 1.942 2.034 2.123 2.169 2.145 2.117 2.087 2.053 2.015 1.973 1.928 1.883 1.838 1.793 1.747 1.753 1.813 1.874 1.938 2.005 2.074 2.215 2.413 2.614 2.818 3.025 3.235 3.461 3.695 3.925 4.148 4.367 4.581 4.668 4.693 4.711 4.723 4.728 4.727 4.663 4.581 4.502 4.426 4.352 4.280
0.000 0.000 0.000 0.000 0.000 0.000 0.000 0.000 0.000 0.000 0.000 0.000 0.002 0.004 0.004 0.004 0.002 0.005 0.081 0.172 0.279 0.402 0.541 0.704 0.940 1.179 1.420 1.665 1.912 2.131 2.219 2.303 2.384 2.462 2.537 2.581 2.543 2.501 2.456 2.407 2.356 2.304 2.259 2.213 2.167 2.121 2.075 2.073 2.142 2.215 2.289 2.366 2.451 2.598 2.813 3.027 3.238 3.447 3.655 3.866 4.078 4.286 4.490 4.689 4.884 4.967 4.963 4.953 4.936 4.913 4.883 4.824 4.753 4.685 4.620 4.556 4.496
