DATA/SHG/CPC/2018/20180414.asc
ncols        190
nrows        64
xllcorner    -5100000.000000000000
yllcorner    4130000.000000000000
cellsize     10000.000000000000
NODATA_value  -99999.000
[rows 0 to 33 of 64, columns 76 to 151 of 190]
0.028 0.033 0.046 0.077 0.109 0.140 0.171 0.202 0.229 0.247 0.265 0.283 0.303 0.323 0.340 0.343 0.347 0.351 0.356 0.360 0.360 0.348 0.335 0.322 0.308 0.295 0.274 0.231 0.188 0.145 0.102 0.059 0.025 0.021 0.016 0.012 0.008 0.003 0.000 0.000 0.000 0.000 0.000 0.000 0.000 0.000 0.000 0.000 0.000 0.000 0.001 0.005 0.010 0.015 0.020 0.025 0.030 0.033 0.036 0.039 0.042 0.045 0.049 0.057 0.068 0.079 0.091 0.103 0.115 0.125 0.134 0.144 0.154 0.163 0.171 0.174
0.018 0.021 0.028 0.060 0.091 0.122 0.153 0.184 0.214 0.233 0.254 0.276 0.298 0.321 0.342 0.346 0.349 0.353 0.357 0.361 0.363 0.349 0.336 0.322 0.309 0.295 0.278 0.235 0.192 0.149 0.106 0.064 0.025 0.021 0.017 0.012 0.008 0.004 0.000 0.000 0.000 0.000 0.000 0.000 0.000 0.000 0.000 0.000 0.000 0.000 0.001 0.006 0.012 0.018 0.027 0.037 0.047 0.055 0.064 0.074 0.084 0.095 0.107 0.120 0.132 0.146 0.159 0.173 0.187 0.197 0.206 0.215 0.224 0.232 0.240 0.241
0.009 0.009 0.011 0.042 0.073 0.104 0.135 0.166 0.196 0.217 0.240 0.263 0.287 0.312 0.338 0.342 0.346 0.350 0.354 0.359 0.363 0.350 0.336 0.323 0.309 0.295 0.282 0.239 0.197 0.154 0.111 0.069 0.026 0.022 0.017 0.013 0.009 0.004 0.000 0.000 0.000 0.000 0.000 0.000 0.000 0.001 0.002 0.005 0.008 0.012 0.017 0.027 0.038 0.049 0.061 0.074 0.086 0.098 0.110 0.123 0.137 0.152 0.167 0.182 0.196 0.212 0.227 0.243 0.260 0.268 0.277 0.285 0.294 0.302 0.309 0.309
0.000 0.000 0.000 0.029 0.059 0.089 0.117 0.144 0.170 0.195 0.220 0.247 0.274 0.302 0.331 0.339 0.343 0.348 0.352 0.357 0.362 0.351 0.337 0.323 0.310 0.296 0.282 0.243 0.201 0.158 0.116 0.073 0.031 0.022 0.018 0.013 0.009 0.005 0.000 0.000 0.001 0.002 0.003 0.004 0.005 0.009 0.014 0.020 0.027 0.034 0.042 0.054 0.068 0.081 0.095 0.110 0.125 0.140 0.156 0.172 0.190 0.208 0.226 0.243 0.260 0.277 0.295 0.313 0.332 0.340 0.348 0.356 0.364 0.371 0.379 0.377
0.000 0.000 0.000 0.022 0.049 0.074 0.099 0.123 0.145 0.172 0.200 0.230 0.260 0.291 0.324 0.335 0.340 0.345 0.350 0.355 0.360 0.351 0.338 0.324 0.310 0.296 0.283 0.246 0.202 0.158 0.115 0.073 0.032 0.019 0.015 0.011 0.007 0.004 0.001 0.001 0.002 0.004 0.006 0.008 0.010 0.017 0.025 0.035 0.045 0.055 0.067 0.081 0.097 0.112 0.129 0.146 0.163 0.181 0.200 0.220 0.241 0.262 0.285 0.304 0.323 0.342 0.362 0.384 0.413 0.432 0.449 0.467 0.485 0.504 0.523 0.534
0.000 0.000 0.000 0.016 0.039 0.061 0.082 0.102 0.121 0.148 0.180 0.212 0.245 0.280 0.315 0.332 0.337 0.342 0.345 0.348 0.352 0.343 0.327 0.311 0.294 0.278 0.261 0.229 0.188 0.147 0.108 0.068 0.030 0.014 0.011 0.008 0.005 0.003 0.001 0.001 0.004 0.006 0.009 0.012 0.015 0.024 0.035 0.048 0.062 0.076 0.091 0.108 0.125 0.143 0.162 0.181 0.200 0.221 0.246 0.276 0.307 0.338 0.369 0.398 0.428 0.458 0.490 0.522 0.556 0.580 0.599 0.620 0.641 0.662 0.685 0.698
0.000 0.000 0.000 0.011 0.031 0.049 0.067 0.083 0.098 0.123 0.158 0.192 0.227 0.261 0.295 0.314 0.316 0.319 0.322 0.325 0.329 0.323 0.306 0.290 0.273 0.256 0.239 0.211 0.173 0.136 0.099 0.063 0.027 0.009 0.007 0.005 0.003 0.002 0.001 0.002 0.005 0.008 0.012 0.016 0.020 0.029 0.045 0.061 0.078 0.097 0.120 0.144 0.170 0.197 0.226 0.256 0.287 0.319 0.350 0.382 0.415 0.448 0.481 0.515 0.549 0.585 0.621 0.659 0.698 0.727 0.749 0.772 0.796 0.820 0.845 0.861
0.000 0.000 0.000 0.007 0.023 0.038 0.052 0.064 0.076 0.096 0.130 0.165 0.199 0.233 0.267 0.289 0.292 0.295 0.299 0.302 0.306 0.303 0.286 0.269 0.252 0.235 0.217 0.193 0.158 0.123 0.090 0.056 0.024 0.004 0.003 0.002 0.001 0.000 0.000 0.002 0.007 0.014 0.022 0.031 0.040 0.056 0.079 0.103 0.128 0.154 0.180 0.209 0.242 0.275 0.310 0.346 0.384 0.420 0.454 0.488 0.522 0.558 0.593 0.630 0.670 0.710 0.752 0.794 0.838 0.873 0.898 0.924 0.950 0.977 1.005 1.024
0.000 0.000 0.000 0.004 0.016 0.027 0.037 0.046 0.055 0.069 0.103 0.137 0.171 0.205 0.238 0.265 0.268 0.271 0.275 0.279 0.283 0.283 0.265 0.248 0.231 0.213 0.196 0.174 0.142 0.110 0.080 0.050 0.021 0.003 0.004 0.007 0.009 0.013 0.016 0.022 0.032 0.042 0.053 0.065 0.078 0.095 0.122 0.150 0.179 0.209 0.240 0.273 0.312 0.351 0.392 0.435 0.479 0.521 0.556 0.593 0.629 0.667 0.704 0.745 0.789 0.834 0.881 0.928 0.977 1.018 1.046 1.074 1.098 1.120 1.143 1.161
0.000 0.000 0.000 0.001 0.010 0.018 0.024 0.030 0.034 0.042 0.075 0.109 0.143 0.177 0.210 0.240 0.244 0.247 0.252 0.256 0.261 0.263 0.244 0.224 0.204 0.185 0.166 0.146 0.119 0.093 0.069 0.047 0.027 0.012 0.015 0.020 0.025 0.030 0.036 0.043 0.056 0.069 0.084 0.099 0.114 0.133 0.165 0.197 0.230 0.264 0.298 0.336 0.380 0.426 0.473 0.522 0.572 0.620 0.658 0.697 0.736 0.775 0.815 0.855 0.900 0.944 0.989 1.035 1.080 1.119 1.141 1.165 1.188 1.211 1.235 1.260
0.000 0.000 0.000 0.000 0.005 0.009 0.012 0.014 0.015 0.014 0.048 0.082 0.115 0.149 0.182 0.213 0.215 0.216 0.216 0.218 0.218 0.219 0.200 0.182 0.163 0.146 0.128 0.111 0.091 0.073 0.057 0.043 0.030 0.020 0.026 0.032 0.039 0.046 0.054 0.063 0.079 0.096 0.113 0.131 0.150 0.171 0.206 0.242 0.279 0.317 0.356 0.396 0.447 0.499 0.556 0.612 0.669 0.724 0.762 0.798 0.834 0.869 0.902 0.937 0.982 1.027 1.072 1.118 1.163 1.205 1.229 1.253 1.277 1.302 1.327 1.355
0.000 0.000 0.000 0.000 0.001 0.001 0.001 0.000 0.000 0.000 0.029 0.062 0.092 0.121 0.148 0.173 0.177 0.176 0.175 0.174 0.173 0.171 0.156 0.139 0.122 0.106 0.090 0.074 0.062 0.052 0.043 0.037 0.032 0.029 0.036 0.044 0.053 0.063 0.072 0.083 0.101 0.121 0.142 0.163 0.185 0.210 0.252 0.296 0.342 0.390 0.441 0.493 0.549 0.606 0.663 0.720 0.777 0.834 0.867 0.899 0.931 0.961 0.990 1.019 1.064 1.110 1.155 1.201 1.247 1.291 1.316 1.341 1.367 1.392 1.418 1.447
0.000 0.000 0.000 0.000 0.000 0.000 0.000 0.000 0.000 0.000 0.021 0.047 0.072 0.095 0.116 0.136 0.139 0.136 0.133 0.131 0.128 0.124 0.112 0.096 0.081 0.066 0.051 0.037 0.030 0.028 0.028 0.029 0.032 0.036 0.045 0.056 0.066 0.077 0.088 0.101 0.123 0.148 0.176 0.205 0.235 0.268 0.316 0.369 0.423 0.480 0.539 0.599 0.657 0.714 0.771 0.828 0.885 0.942 0.974 1.001 1.028 1.054 1.078 1.102 1.146 1.192 1.238 1.284 1.330 1.376 1.403 1.429 1.456 1.482 1.509 1.537
0.000 0.000 0.000 0.000 0.000 0.000 0.000 0.000 0.000 0.000 0.013 0.034 0.053 0.070 0.086 0.099 0.102 0.097 0.093 0.088 0.083 0.078 0.067 0.053 0.039 0.025 0.012 0.003 0.004 0.011 0.017 0.024 0.030 0.036 0.046 0.059 0.072 0.086 0.100 0.116 0.142 0.175 0.210 0.246 0.284 0.323 0.378 0.439 0.503 0.568 0.635 0.704 0.764 0.821 0.878 0.935 0.992 1.049 1.081 1.104 1.126 1.148 1.168 1.187 1.228 1.274 1.320 1.367 1.418 1.467 1.507 1.550 1.599 1.652 1.710 1.774
0.000 0.000 0.000 0.000 0.000 0.000 0.000 0.000 0.000 0.000 0.008 0.022 0.036 0.047 0.057 0.065 0.065 0.059 0.055 0.053 0.050 0.047 0.042 0.033 0.025 0.017 0.010 0.003 0.003 0.010 0.016 0.022 0.028 0.035 0.046 0.061 0.077 0.094 0.112 0.130 0.160 0.200 0.242 0.286 0.331 0.378 0.438 0.508 0.580 0.653 0.729 0.806 0.871 0.928 0.985 1.043 1.100 1.157 1.189 1.211 1.234 1.258 1.284 1.311 1.354 1.403 1.451 1.497 1.543 1.587 1.643 1.709 1.780 1.856 1.936 2.022
0.000 0.000 0.000 0.000 0.000 0.000 0.000 0.000 0.000 0.000 0.004 0.013 0.022 0.030 0.038 0.045 0.049 0.046 0.043 0.040 0.038 0.036 0.032 0.025 0.019 0.013 0.008 0.003 0.002 0.009 0.015 0.021 0.027 0.033 0.044 0.062 0.082 0.101 0.122 0.143 0.176 0.224 0.273 0.324 0.376 0.430 0.496 0.574 0.654 0.737 0.824 0.911 0.983 1.042 1.100 1.158 1.215 1.273 1.313 1.340 1.369 1.399 1.430 1.462 1.502 1.546 1.588 1.629 1.669 1.708 1.774 1.862 1.956 2.054 2.157 2.266
0.000 0.000 0.000 0.000 0.000 0.000 0.000 0.000 0.000 0.000 0.002 0.009 0.016 0.022 0.028 0.033 0.035 0.033 0.030 0.028 0.026 0.024 0.022 0.017 0.013 0.009 0.005 0.002 0.002 0.008 0.014 0.019 0.025 0.031 0.042 0.063 0.085 0.108 0.132 0.156 0.191 0.251 0.314 0.378 0.444 0.512 0.587 0.675 0.763 0.851 0.940 1.029 1.105 1.163 1.220 1.276 1.333 1.389 1.435 1.468 1.502 1.538 1.574 1.612 1.651 1.690 1.726 1.762 1.797 1.830 1.900 2.010 2.126 2.247 2.373 2.504
0.000 0.000 0.000 0.000 0.000 0.000 0.000 0.000 0.000 0.000 0.001 0.006 0.010 0.014 0.018 0.021 0.022 0.020 0.018 0.016 0.014 0.013 0.011 0.008 0.006 0.004 0.002 0.001 0.001 0.007 0.012 0.018 0.027 0.036 0.049 0.078 0.109 0.142 0.175 0.210 0.254 0.322 0.393 0.465 0.539 0.615 0.696 0.785 0.875 0.965 1.055 1.146 1.227 1.284 1.340 1.395 1.451 1.506 1.556 1.594 1.634 1.675 1.718 1.761 1.802 1.834 1.866 1.896 1.925 1.953 2.020 2.153 2.297 2.556 2.838 3.143
0.000 0.000 0.000 0.000 0.000 0.000 0.000 0.000 0.000 0.000 0.000 0.003 0.005 0.007 0.009 0.009 0.009 0.007 0.005 0.004 0.003 0.001 0.000 0.001 0.003 0.005 0.007 0.009 0.012 0.021 0.031 0.041 0.052 0.062 0.075 0.111 0.148 0.187 0.227 0.269 0.315 0.392 0.470 0.551 0.633 0.717 0.803 0.894 0.986 1.078 1.170 1.263 1.350 1.405 1.460 1.514 1.569 1.623 1.675 1.719 1.765 1.811 1.859 1.909 1.979 2.052 2.145 2.258 2.391 2.544 2.751 3.066 3.404 3.765 4.149 4.555
0.000 0.000 0.000 0.000 0.000 0.000 0.000 0.000 0.000 0.000 0.000 0.001 0.001 0.001 0.000 0.001 0.001 0.002 0.003 0.005 0.006 0.008 0.010 0.012 0.015 0.018 0.022 0.026 0.030 0.040 0.052 0.063 0.076 0.088 0.102 0.142 0.186 0.231 0.277 0.325 0.374 0.459 0.545 0.634 0.724 0.816 0.910 1.003 1.096 1.190 1.285 1.379 1.472 1.526 1.580 1.630 1.683 1.739 1.799 1.867 1.945 2.030 2.124 2.227 2.342 2.504 2.685 2.886 3.107 3.348 3.632 4.048 4.488 4.950 5.435 5.943
0.000 0.000 0.000 0.000 0.000 0.000 0.000 0.000 0.000 0.000 0.000 0.000 0.001 0.002 0.003 0.004 0.006 0.007 0.009 0.011 0.014 0.016 0.019 0.022 0.027 0.031 0.036 0.041 0.047 0.058 0.072 0.085 0.099 0.114 0.129 0.172 0.222 0.273 0.326 0.380 0.436 0.524 0.619 0.715 0.813 0.914 1.013 1.105 1.194 1.281 1.367 1.451 1.534 1.593 1.653 1.716 1.782 1.851 1.923 2.028 2.143 2.265 2.397 2.536 2.686 2.935 3.204 3.493 3.802 4.130 4.488 5.006 5.547 6.111 6.697 7.307
0.000 0.000 0.000 0.000 0.000 0.000 0.000 0.000 0.000 0.000 0.000 0.001 0.002 0.004 0.006 0.008 0.010 0.012 0.015 0.018 0.021 0.024 0.028 0.032 0.038 0.044 0.050 0.057 0.064 0.076 0.091 0.107 0.122 0.139 0.156 0.199 0.256 0.319 0.384 0.450 0.518 0.610 0.709 0.808 0.905 1.002 1.098 1.184 1.266 1.347 1.426 1.503 1.579 1.650 1.723 1.799 1.878 1.960 2.044 2.180 2.332 2.492 2.660 2.836 3.021 3.346 3.703 4.080 4.476 4.892 5.328 5.940 6.583 7.248 7.936 8.646
0.000 0.000 0.000 0.000 0.000 0.000 0.000 0.000 0.000 0.000 0.000 0.001 0.003 0.005 0.008 0.011 0.014 0.017 0.021 0.024 0.028 0.032 0.037 0.042 0.049 0.056 0.064 0.072 0.083 0.099 0.120 0.143 0.167 0.193 0.221 0.272 0.340 0.409 0.480 0.552 0.626 0.714 0.809 0.904 0.998 1.092 1.184 1.265 1.341 1.414 1.486 1.556 1.625 1.704 1.790 1.879 1.971 2.065 2.163 2.324 2.512 2.709 2.914 3.128 3.349 3.736 4.181 4.645 5.130 5.783 6.510 7.362 8.223 9.071 9.906 10.729
0.000 0.000 0.000 0.000 0.000 0.000 0.000 0.000 0.000 0.000 0.000 0.001 0.004 0.007 0.010 0.014 0.018 0.022 0.026 0.032 0.038 0.045 0.052 0.060 0.071 0.082 0.094 0.107 0.120 0.139 0.167 0.197 0.228 0.261 0.295 0.348 0.422 0.498 0.574 0.652 0.732 0.819 0.911 1.002 1.092 1.182 1.270 1.348 1.416 1.483 1.548 1.611 1.673 1.755 1.854 1.956 2.060 2.168 2.278 2.459 2.748 3.104 3.509 3.964 4.468 5.127 5.865 6.632 7.426 8.249 9.100 9.929 10.733 11.523 12.301 13.066
0.000 0.000 0.000 0.000 0.000 0.000 0.000 0.000 0.000 0.000 0.000 0.002 0.009 0.016 0.022 0.028 0.033 0.039 0.046 0.053 0.060 0.067 0.074 0.083 0.097 0.111 0.126 0.141 0.157 0.178 0.213 0.250 0.288 0.327 0.368 0.423 0.503 0.585 0.667 0.751 0.837 0.924 1.012 1.100 1.187 1.273 1.358 1.432 1.494 1.553 1.611 1.668 1.725 1.820 1.969 2.138 2.328 2.538 2.767 3.141 3.666 4.240 4.863 5.536 6.258 7.063 7.926 8.817 9.736 10.683 11.659 12.505 13.251 13.984 14.705 15.412
0.000 0.000 0.000 0.000 0.002 0.009 0.015 0.019 0.023 0.027 0.029 0.030 0.036 0.041 0.046 0.050 0.054 0.057 0.065 0.073 0.081 0.089 0.097 0.106 0.122 0.139 0.156 0.174 0.193 0.216 0.257 0.301 0.345 0.392 0.439 0.497 0.583 0.670 0.758 0.848 0.940 1.030 1.112 1.190 1.268 1.344 1.418 1.486 1.543 1.602 1.661 1.722 1.784 1.907 2.145 2.403 2.682 2.980 3.299 3.789 4.532 5.324 6.166 7.057 7.996 8.969 9.956 10.972 12.015 13.087 14.186 15.090 15.779 16.455 17.118 17.768
0.019 0.026 0.033 0.041 0.049 0.057 0.060 0.062 0.063 0.063 0.062 0.060 0.064 0.067 0.070 0.073 0.075 0.076 0.084 0.093 0.101 0.110 0.119 0.128 0.147 0.166 0.186 0.207 0.228 0.251 0.300 0.350 0.401 0.454 0.507 0.565 0.654 0.743 0.832 0.922 1.012 1.100 1.174 1.246 1.317 1.386 1.454 1.520 1.582 1.646 1.710 1.776 1.843 1.973 2.300 2.647 3.014 3.402 3.809 4.386 5.347 6.357 7.417 8.525 9.683 10.844 11.956 13.095 14.263 15.459 16.683 17.684 18.316 18.934 19.498 19.913
0.059 0.067 0.076 0.085 0.095 0.105 0.106 0.105 0.103 0.100 0.096 0.091 0.092 0.093 0.095 0.095 0.096 0.096 0.103 0.112 0.122 0.131 0.141 0.151 0.172 0.195 0.219 0.244 0.269 0.294 0.346 0.400 0.455 0.511 0.567 0.624 0.714 0.805 0.896 0.987 1.079 1.170 1.237 1.303 1.367 1.430 1.492 1.552 1.620 1.688 1.757 1.828 1.900 2.018 2.434 2.870 3.326 3.802 4.298 4.933 6.111 7.339 8.616 9.943 11.318 12.694 13.926 15.142 16.343 17.528 18.696 19.623 19.974 20.279 20.539 20.754
0.098 0.108 0.118 0.129 0.140 0.152 0.154 0.149 0.144 0.137 0.130 0.122 0.120 0.120 0.120 0.119 0.120 0.119 0.127 0.139 0.150 0.162 0.174 0.187 0.209 0.235 0.261 0.287 0.315 0.342 0.394 0.451 0.509 0.567 0.627 0.687 0.774 0.866 0.959 1.052 1.145 1.239 1.302 1.362 1.420 1.476 1.531 1.584 1.656 1.729 1.804 1.879 1.956 2.043 2.547 3.072 3.628 4.262 4.926 5.675 7.114 8.586 10.090 11.627 13.196 14.740 15.902 17.049 18.179 19.293 20.392 21.309 21.459 21.564 21.624 21.638
0.136 0.148 0.160 0.173 0.186 0.199 0.201 0.194 0.186 0.184 0.178 0.167 0.161 0.161 0.161 0.159 0.156 0.153 0.158 0.171 0.183 0.196 0.209 0.223 0.245 0.273 0.302 0.330 0.360 0.390 0.440 0.501 0.561 0.623 0.685 0.748 0.834 0.928 1.022 1.116 1.211 1.306 1.369 1.422 1.473 1.523 1.572 1.619 1.705 1.810 1.930 2.066 2.217 2.384 3.015 3.722 4.459 5.226 6.024 6.851 8.408 10.024 11.672 13.353 15.066 16.800 17.892 18.968 20.028 21.072 22.101 23.037 22.987 22.891 22.751 22.565
0.175 0.190 0.219 0.247 0.275 0.303 0.316 0.308 0.295 0.278 0.256 0.230 0.212 0.209 0.205 0.200 0.194 0.187 0.189 0.202 0.216 0.230 0.244 0.259 0.281 0.311 0.342 0.373 0.405 0.437 0.486 0.549 0.613 0.678 0.743 0.809 0.893 0.988 1.083 1.172 1.259 1.343 1.403 1.455 1.510 1.569 1.632 1.699 1.834 2.007 2.195 2.399 2.618 2.852 3.547 4.388 5.258 6.159 7.089 8.050 9.667 11.426 13.219 15.044 16.901 18.791 19.895 20.901 21.890 22.865 23.823 24.765 24.557 24.261 23.921 23.535
0.312 0.340 0.367 0.394 0.421 0.447 0.460 0.436 0.408 0.375 0.338 0.297 0.264 0.258 0.250 0.242 0.232 0.222 0.219 0.234 0.248 0.263 0.279 0.294 0.316 0.348 0.381 0.415 0.449 0.482 0.526 0.588 0.652 0.716 0.783 0.850 0.927 1.011 1.093 1.173 1.251 1.326 1.396 1.464 1.536 1.611 1.691 1.774 1.947 2.188 2.444 2.716 3.003 3.305 4.047 5.021 6.025 7.059 8.122 9.216 10.890 12.794 14.731 16.699 18.701 20.734 21.911 22.846 23.766 24.670 25.558 26.262 25.676 24.899 24.116 23.328
0.463 0.490 0.516 0.542 0.567 0.592 0.607 0.568 0.525 0.477 0.425 0.368 0.317 0.307 0.296 0.284 0.272 0.258 0.249 0.265 0.281 0.302 0.321 0.337 0.355 0.386 0.414 0.441 0.466 0.490 0.526 0.595 0.664 0.735 0.808 0.882 0.957 1.032 1.105 1.176 1.245 1.312 1.384 1.469 1.557 1.649 1.745 1.845 2.044 2.353 2.677 3.016 3.371 3.741 4.516 5.623 6.759 7.926 9.123 10.350 12.079 14.127 16.124 18.008 19.874 21.724 22.681 23.196 23.670 24.104 24.498 24.851 24.342 23.541 22.735 21.924
0.615 0.640 0.665 0.689 0.713 0.737 0.758 0.704 0.645 0.582 0.515 0.443 0.370 0.364 0.360 0.357 0.354 0.351 0.347 0.362 0.375 0.385 0.392 0.397 0.402 0.425 0.446 0.465 0.483 0.499 0.525 0.600 0.675 0.753 0.831 0.911 0.989 1.055 1.119 1.181 1.241 1.299 1.369 1.470 1.575 1.683 1.796 1.912 2.125 2.502 2.893 3.300 3.723 4.139 4.864 6.012 7.166 8.327 9.495 10.670 12.193 14.036 15.862 17.671 19.463 21.237 22.203 22.540 22.836 23.091 23.307 23.481 23.015 22.191 21.362 20.527
