DATA/SHG/CPC/2018/20180701.asc
ncols        190
nrows        64
xllcorner    -5100000.000000000000
yllcorner    4130000.000000000000
cellsize     10000.000000000000
NODATA_value  -99999.000
[rows 0 to 32 of 64, columns 0 to 73 of 190]
0.004 0.008 0.014 0.019 0.026 0.032 0.038 0.044 0.050 0.057 0.063 0.070 0.090 0.115 0.141 0.169 0.198 0.228 0.310 0.419 0.532 0.651 0.776 0.906 1.045 1.183 1.320 1.454 1.586 1.716 1.826 1.921 2.011 2.095 2.174 2.255 2.350 2.457 2.560 2.662 2.762 2.859 2.936 2.997 3.059 3.121 3.183 3.246 3.311 3.380 3.451 3.524 3.598 3.674 3.766 3.876 3.987 4.099 4.213 4.327 4.419 4.477 4.534 4.589 4.642 4.692 4.727 4.743 4.759 4.776 4.793 4.811 4.828 4.842
0.009 0.015 0.022 0.028 0.035 0.042 0.049 0.055 0.062 0.069 0.077 0.085 0.105 0.134 0.165 0.197 0.231 0.265 0.350 0.477 0.610 0.749 0.893 1.042 1.185 1.315 1.444 1.571 1.701 1.829 1.937 2.020 2.100 2.174 2.243 2.308 2.387 2.485 2.581 2.675 2.767 2.857 2.935 2.997 3.060 3.123 3.187 3.251 3.318 3.393 3.470 3.548 3.628 3.709 3.802 3.916 4.032 4.148 4.266 4.370 4.442 4.469 4.496 4.522 4.547 4.572 4.594 4.612 4.630 4.648 4.667 4.687 4.705 4.717
0.017 0.024 0.030 0.037 0.044 0.051 0.059 0.066 0.074 0.082 0.090 0.099 0.118 0.152 0.188 0.224 0.262 0.301 0.383 0.530 0.686 0.851 1.019 1.189 1.345 1.474 1.601 1.727 1.851 1.974 2.078 2.146 2.208 2.265 2.318 2.366 2.425 2.516 2.604 2.691 2.775 2.857 2.933 2.997 3.061 3.125 3.190 3.255 3.324 3.405 3.487 3.571 3.651 3.729 3.810 3.908 4.001 4.089 4.173 4.253 4.320 4.345 4.369 4.393 4.417 4.439 4.461 4.480 4.500 4.520 4.541 4.562 4.582 4.592
0.025 0.032 0.039 0.046 0.053 0.061 0.069 0.077 0.086 0.094 0.103 0.113 0.130 0.172 0.220 0.273 0.331 0.394 0.486 0.655 0.826 0.999 1.174 1.351 1.518 1.641 1.763 1.884 2.003 2.121 2.225 2.275 2.321 2.362 2.398 2.429 2.465 2.549 2.630 2.708 2.785 2.860 2.931 2.996 3.061 3.131 3.199 3.264 3.327 3.406 3.483 3.558 3.632 3.704 3.776 3.858 3.935 4.008 4.076 4.140 4.198 4.221 4.244 4.266 4.287 4.307 4.327 4.348 4.370 4.392 4.414 4.437 4.460 4.468
0.032 0.040 0.047 0.055 0.062 0.070 0.080 0.091 0.103 0.116 0.130 0.144 0.165 0.225 0.290 0.360 0.435 0.515 0.609 0.785 0.963 1.144 1.326 1.511 1.692 1.810 1.927 2.042 2.156 2.269 2.376 2.410 2.439 2.463 2.482 2.497 2.508 2.586 2.678 2.763 2.842 2.914 2.979 3.045 3.108 3.168 3.226 3.280 3.332 3.404 3.475 3.545 3.614 3.681 3.746 3.812 3.874 3.931 3.984 4.032 4.076 4.099 4.119 4.139 4.158 4.176 4.194 4.216 4.239 4.271 4.313 4.354 4.394 4.414
0.043 0.052 0.062 0.071 0.081 0.091 0.102 0.116 0.130 0.146 0.162 0.178 0.196 0.273 0.355 0.442 0.534 0.631 0.732 0.913 1.099 1.286 1.476 1.668 1.862 1.980 2.092 2.202 2.311 2.418 2.527 2.567 2.598 2.628 2.656 2.684 2.710 2.779 2.847 2.909 2.963 3.012 3.053 3.106 3.158 3.208 3.255 3.299 3.340 3.403 3.469 3.534 3.597 3.659 3.719 3.771 3.817 3.858 3.895 3.928 3.956 3.976 4.006 4.047 4.087 4.127 4.167 4.208 4.248 4.286 4.323 4.358 4.391 4.406
0.060 0.070 0.081 0.091 0.102 0.113 0.124 0.139 0.156 0.174 0.193 0.212 0.232 0.315 0.414 0.519 0.627 0.741 0.860 1.038 1.231 1.426 1.623 1.825 2.032 2.167 2.284 2.402 2.521 2.642 2.763 2.814 2.840 2.866 2.890 2.914 2.936 2.978 3.023 3.061 3.092 3.116 3.133 3.169 3.211 3.251 3.288 3.322 3.352 3.404 3.465 3.524 3.582 3.638 3.693 3.742 3.787 3.832 3.875 3.918 3.960 4.000 4.040 4.080 4.120 4.160 4.200 4.237 4.271 4.304 4.334 4.363 4.391 4.401
0.078 0.089 0.099 0.111 0.122 0.134 0.145 0.162 0.182 0.202 0.223 0.245 0.267 0.352 0.469 0.590 0.721 0.860 1.006 1.193 1.399 1.605 1.812 2.020 2.229 2.380 2.502 2.624 2.747 2.872 2.998 3.061 3.083 3.105 3.125 3.144 3.162 3.185 3.205 3.219 3.226 3.227 3.220 3.235 3.267 3.297 3.323 3.347 3.370 3.414 3.477 3.541 3.605 3.671 3.738 3.792 3.835 3.876 3.916 3.956 3.995 4.034 4.074 4.114 4.154 4.193 4.233 4.268 4.296 4.322 4.347 4.370 4.392 4.398
0.095 0.106 0.118 0.130 0.142 0.154 0.167 0.184 0.207 0.233 0.261 0.290 0.321 0.410 0.553 0.702 0.857 1.019 1.187 1.377 1.586 1.794 2.004 2.214 2.425 2.593 2.718 2.844 2.972 3.101 3.231 3.309 3.327 3.344 3.361 3.376 3.390 3.398 3.394 3.385 3.368 3.340 3.311 3.304 3.328 3.351 3.372 3.391 3.408 3.444 3.511 3.578 3.646 3.715 3.784 3.843 3.883 3.921 3.959 3.995 4.031 4.068 4.108 4.147 4.187 4.227 4.266 4.300 4.322 4.343 4.362 4.379 4.395 4.401
0.111 0.124 0.140 0.156 0.172 0.189 0.207 0.229 0.259 0.290 0.322 0.355 0.389 0.474 0.638 0.810 0.987 1.171 1.360 1.561 1.771 1.982 2.194 2.407 2.620 2.803 2.933 3.063 3.195 3.328 3.462 3.557 3.572 3.583 3.580 3.576 3.570 3.556 3.528 3.498 3.466 3.432 3.396 3.375 3.393 3.410 3.425 3.438 3.449 3.474 3.544 3.614 3.685 3.757 3.830 3.895 3.931 3.967 4.001 4.035 4.068 4.102 4.141 4.181 4.220 4.261 4.305 4.346 4.366 4.383 4.398 4.410 4.420 4.424
0.146 0.162 0.179 0.197 0.216 0.235 0.254 0.278 0.311 0.346 0.382 0.418 0.456 0.530 0.717 0.910 1.110 1.315 1.527 1.743 1.956 2.170 2.384 2.598 2.814 3.012 3.143 3.267 3.390 3.514 3.637 3.737 3.732 3.725 3.716 3.705 3.692 3.675 3.640 3.603 3.565 3.525 3.483 3.448 3.460 3.470 3.479 3.486 3.491 3.503 3.576 3.649 3.723 3.799 3.875 3.947 3.981 4.013 4.041 4.068 4.098 4.133 4.176 4.221 4.268 4.317 4.368 4.419 4.430 4.438 4.444 4.447 4.447 4.445
0.182 0.199 0.219 0.238 0.259 0.280 0.301 0.325 0.362 0.400 0.440 0.480 0.522 0.580 0.789 1.004 1.226 1.453 1.687 1.923 2.132 2.341 2.549 2.756 2.962 3.162 3.286 3.409 3.532 3.655 3.777 3.895 3.883 3.869 3.853 3.836 3.816 3.794 3.753 3.711 3.666 3.620 3.572 3.522 3.528 3.532 3.535 3.536 3.535 3.532 3.607 3.672 3.732 3.794 3.859 3.925 3.955 3.987 4.024 4.065 4.110 4.159 4.209 4.261 4.315 4.372 4.430 4.490 4.496 4.495 4.492 4.486 4.477 4.466
0.218 0.236 0.257 0.279 0.301 0.324 0.347 0.371 0.411 0.454 0.497 0.541 0.593 0.652 0.878 1.115 1.352 1.591 1.831 2.071 2.280 2.486 2.691 2.894 3.097 3.299 3.429 3.551 3.674 3.796 3.918 4.039 4.035 4.015 3.992 3.968 3.942 3.914 3.869 3.820 3.769 3.716 3.662 3.606 3.589 3.573 3.551 3.524 3.492 3.455 3.502 3.568 3.636 3.707 3.780 3.855 3.904 3.951 4.002 4.058 4.117 4.181 4.240 4.299 4.361 4.424 4.490 4.557 4.565 4.555 4.542 4.527 4.510 4.489
0.254 0.272 0.295 0.318 0.342 0.368 0.394 0.421 0.468 0.525 0.586 0.652 0.722 0.797 1.004 1.244 1.485 1.728 1.972 2.217 2.429 2.632 2.833 3.034 3.233 3.432 3.572 3.694 3.815 3.937 4.058 4.179 4.189 4.162 4.133 4.102 4.069 4.049 4.009 3.954 3.888 3.812 3.726 3.629 3.578 3.543 3.503 3.458 3.408 3.353 3.387 3.461 3.538 3.617 3.699 3.783 3.849 3.911 3.977 4.047 4.121 4.199 4.269 4.336 4.404 4.475 4.547 4.622 4.636 4.636 4.646 4.664 4.690 4.724
0.300 0.320 0.343 0.369 0.395 0.421 0.447 0.473 0.528 0.600 0.678 0.759 0.846 0.937 1.127 1.372 1.617 1.864 2.112 2.360 2.579 2.778 2.976 3.174 3.370 3.566 3.715 3.836 3.957 4.078 4.221 4.363 4.410 4.393 4.373 4.348 4.320 4.287 4.223 4.131 4.029 3.916 3.793 3.659 3.572 3.519 3.461 3.398 3.330 3.256 3.269 3.352 3.437 3.525 3.615 3.708 3.791 3.867 3.947 4.032 4.121 4.214 4.290 4.364 4.448 4.542 4.645 4.758 4.827 4.857 4.894 4.939 4.991 5.051
0.359 0.376 0.397 0.423 0.448 0.474 0.500 0.526 0.582 0.671 0.764 0.862 0.964 1.071 1.250 1.498 1.748 1.998 2.250 2.503 2.729 2.925 3.123 3.336 3.552 3.771 3.955 4.097 4.238 4.379 4.520 4.660 4.722 4.691 4.657 4.618 4.576 4.529 4.448 4.319 4.180 4.031 3.871 3.701 3.571 3.500 3.424 3.343 3.256 3.165 3.149 3.240 3.334 3.431 3.528 3.610 3.688 3.766 3.851 3.944 4.044 4.153 4.262 4.370 4.488 4.616 4.753 4.900 5.014 5.071 5.134 5.206 5.285 5.371
0.420 0.433 0.450 0.476 0.501 0.527 0.553 0.579 0.632 0.736 0.846 0.959 1.078 1.201 1.371 1.629 1.896 2.162 2.429 2.696 2.945 3.162 3.382 3.606 3.832 4.061 4.262 4.402 4.542 4.681 4.819 4.957 5.037 4.992 4.944 4.892 4.835 4.775 4.682 4.517 4.342 4.156 3.959 3.752 3.576 3.486 3.392 3.292 3.180 3.058 2.989 3.072 3.154 3.236 3.317 3.398 3.484 3.589 3.701 3.821 3.948 4.084 4.224 4.367 4.519 4.681 4.852 5.033 5.194 5.277 5.367 5.465 5.571 5.684
0.482 0.491 0.503 0.529 0.554 0.580 0.606 0.631 0.685 0.822 0.963 1.109 1.258 1.411 1.590 1.856 2.123 2.389 2.655 2.921 3.180 3.407 3.638 3.871 4.108 4.347 4.570 4.708 4.845 4.982 5.118 5.254 5.356 5.297 5.235 5.169 5.099 5.025 4.927 4.726 4.520 4.311 4.084 3.839 3.600 3.483 3.356 3.219 3.071 2.914 2.784 2.865 2.946 3.027 3.107 3.187 3.273 3.404 3.544 3.691 3.845 4.008 4.177 4.354 4.540 4.736 4.941 5.157 5.366 5.475 5.592 5.717 5.848 5.986
0.545 0.553 0.565 0.601 0.641 0.685 0.733 0.784 0.844 0.996 1.151 1.310 1.474 1.641 1.817 2.083 2.349 2.615 2.881 3.147 3.411 3.649 3.890 4.133 4.380 4.630 4.878 5.014 5.149 5.284 5.418 5.552 5.678 5.629 5.592 5.545 5.486 5.417 5.333 5.097 4.842 4.569 4.278 3.968 3.644 3.491 3.328 3.155 2.972 2.779 2.580 2.660 2.739 2.818 2.897 2.976 3.054 3.213 3.379 3.553 3.735 3.924 4.121 4.332 4.552 4.772 4.979 5.195 5.421 5.550 5.698 5.865 6.051 6.257
0.628 0.642 0.657 0.703 0.757 0.814 0.875 0.939 1.008 1.164 1.334 1.507 1.685 1.867 2.052 2.310 2.576 2.841 3.107 3.372 3.637 3.887 4.138 4.392 4.649 4.909 5.186 5.363 5.534 5.712 5.899 6.094 6.297 6.263 6.188 6.103 6.006 5.899 5.781 5.501 5.182 4.845 4.489 4.116 3.724 3.509 3.311 3.103 2.884 2.656 2.417 2.455 2.533 2.611 2.688 2.765 2.842 3.014 3.200 3.378 3.556 3.734 3.911 4.119 4.340 4.572 4.813 5.065 5.326 5.533 5.748 5.983 6.237 6.510
0.712 0.729 0.748 0.801 0.868 0.938 1.012 1.090 1.172 1.328 1.512 1.700 1.892 2.088 2.288 2.537 2.802 3.067 3.332 3.608 3.889 4.167 4.448 4.735 5.027 5.325 5.627 5.848 6.047 6.254 6.469 6.692 6.923 6.907 6.794 6.671 6.537 6.392 6.236 5.922 5.540 5.138 4.719 4.282 3.826 3.537 3.304 3.060 2.806 2.542 2.268 2.259 2.344 2.419 2.484 2.538 2.583 2.723 2.901 3.079 3.256 3.434 3.611 3.840 4.096 4.362 4.639 4.925 5.221 5.497 5.780 6.082 6.403 6.744
0.794 0.815 0.839 0.894 0.974 1.058 1.145 1.236 1.331 1.487 1.685 1.888 2.100 2.317 2.540 2.796 3.076 3.357 3.641 3.928 4.216 4.510 4.810 5.115 5.426 5.741 6.062 6.324 6.551 6.786 7.029 7.280 7.539 7.561 7.411 7.249 7.077 6.895 6.701 6.362 5.915 5.450 4.967 4.466 3.955 3.597 3.344 3.083 2.815 2.538 2.255 2.172 2.222 2.261 2.291 2.310 2.319 2.425 2.603 2.780 2.957 3.134 3.311 3.551 3.842 4.143 4.455 4.776 5.107 5.443 5.793 6.163 6.552 6.960
0.874 0.900 0.927 0.983 1.077 1.179 1.284 1.391 1.502 1.662 1.882 2.108 2.338 2.574 2.815 3.079 3.367 3.657 3.949 4.244 4.541 4.847 5.165 5.489 5.818 6.152 6.491 6.791 7.046 7.310 7.581 7.860 8.147 8.225 8.037 7.838 7.628 7.432 7.213 6.861 6.363 5.846 5.310 4.755 4.181 3.735 3.455 3.167 2.872 2.568 2.258 2.095 2.110 2.114 2.108 2.092 2.066 2.128 2.305 2.482 2.659 2.835 3.012 3.253 3.579 3.915 4.261 4.617 4.983 5.350 5.713 6.087 6.470 6.864
0.968 1.004 1.042 1.102 1.211 1.324 1.440 1.559 1.681 1.839 2.078 2.322 2.571 2.825 3.085 3.359 3.655 3.953 4.254 4.557 4.863 5.178 5.515 5.856 6.203 6.556 6.913 7.249 7.533 7.824 8.228 8.619 8.989 9.177 8.973 8.738 8.474 8.180 7.855 7.442 6.877 6.293 5.690 5.067 4.426 3.880 3.573 3.258 2.936 2.606 2.268 2.029 2.008 1.977 1.935 1.884 1.823 1.831 2.008 2.184 2.361 2.537 2.708 2.927 3.260 3.592 3.923 4.251 4.579 4.926 5.325 5.734 6.152 6.581
1.078 1.120 1.165 1.221 1.341 1.465 1.592 1.722 1.856 2.010 2.267 2.529 2.797 3.071 3.349 3.635 3.940 4.246 4.556 4.867 5.181 5.503 5.870 6.353 6.859 7.388 7.941 8.485 8.865 9.226 9.567 9.887 10.188 10.376 10.067 9.727 9.357 8.957 8.527 8.042 7.410 6.759 6.088 5.399 4.690 4.033 3.699 3.358 3.008 2.651 2.287 1.972 1.916 1.850 1.773 1.689 1.601 1.559 1.732 1.897 2.056 2.208 2.353 2.527 2.855 3.182 3.507 3.831 4.153 4.494 4.928 5.371 5.825 6.288
1.186 1.234 1.285 1.337 1.468 1.603 1.741 1.882 2.027 2.175 2.450 2.731 3.018 3.310 3.607 3.911 4.252 4.626 5.035 5.477 5.954 6.464 7.005 7.569 8.156 8.766 9.399 10.051 10.361 10.652 10.923 11.175 11.406 11.605 11.190 10.745 10.270 9.764 9.229 8.661 7.961 7.243 6.506 5.749 4.974 4.194 3.833 3.464 3.074 2.677 2.278 1.889 1.803 1.713 1.620 1.524 1.424 1.332 1.480 1.622 1.756 1.884 2.004 2.128 2.452 2.773 3.093 3.412 3.729 4.053 4.522 5.000 5.488 5.987
1.291 1.346 1.403 1.461 1.591 1.737 1.886 2.039 2.194 2.347 2.620 2.924 3.238 3.561 3.893 4.235 4.680 5.173 5.701 6.263 6.858 7.488 8.114 8.759 9.427 10.118 10.832 11.569 11.876 12.097 12.299 12.481 12.643 12.785 12.343 11.792 11.212 10.601 9.960 9.290 8.532 7.687 6.835 5.983 5.130 4.278 3.831 3.431 3.028 2.624 2.217 1.808 1.678 1.577 1.471 1.363 1.250 1.134 1.236 1.353 1.463 1.566 1.663 1.752 2.050 2.367 2.682 2.995 3.307 3.618 4.106 4.620 5.143 5.672
1.395 1.467 1.542 1.610 1.737 1.891 2.044 2.196 2.346 2.495 2.768 3.105 3.452 3.808 4.173 4.548 5.071 5.684 6.330 7.011 7.725 8.473 9.198 9.923 10.672 11.443 12.238 13.056 13.409 13.561 13.693 13.805 13.898 13.965 13.373 12.594 11.810 11.020 10.223 9.421 8.581 7.729 6.876 6.024 5.172 4.319 3.802 3.394 2.985 2.573 2.158 1.742 1.558 1.444 1.326 1.205 1.080 0.952 0.999 1.091 1.177 1.256 1.328 1.393 1.651 1.962 2.282 2.610 2.933 3.251 3.733 4.255 4.774 5.289
1.660 1.718 1.768 1.812 1.910 2.059 2.207 2.354 2.499 2.643 2.906 3.276 3.655 4.044 4.442 4.850 5.426 6.157 6.922 7.722 8.555 9.422 10.255 11.061 11.890 12.743 13.601 14.358 14.628 14.556 14.463 14.350 14.215 14.059 13.522 12.722 11.917 11.106 10.289 9.466 8.623 7.771 6.918 6.066 5.213 4.360 3.776 3.361 2.943 2.524 2.102 1.679 1.441 1.315 1.185 1.051 0.914 0.774 0.768 0.848 0.931 1.010 1.085 1.156 1.389 1.710 2.027 2.339 2.647 2.950 3.390 3.900 4.407 4.910
1.943 1.976 2.001 2.020 2.084 2.229 2.372 2.514 2.654 2.793 3.033 3.436 3.848 4.270 4.701 5.142 5.743 6.593 7.478 8.441 9.511 10.575 11.538 12.324 13.051 13.719 14.329 14.879 15.110 14.965 14.799 14.612 14.404 14.175 13.677 12.856 12.030 11.198 10.360 9.516 8.666 7.813 6.960 6.107 5.255 4.402 3.752 3.329 2.904 2.477 2.048 1.617 1.337 1.213 1.086 0.957 0.826 0.692 0.661 0.734 0.803 0.868 0.929 0.986 1.169 1.475 1.776 2.073 2.366 2.654 3.051 3.549 4.044 4.535
2.232 2.241 2.242 2.237 2.259 2.399 2.537 2.675 2.810 2.944 3.149 3.585 4.125 4.785 5.459 6.145 6.937 8.004 9.066 10.123 11.175 12.221 13.148 13.728 14.250 14.712 15.116 15.461 15.613 15.395 15.156 14.895 14.614 14.312 13.838 12.996 12.149 11.296 10.438 9.573 8.708 7.855 7.002 6.149 5.296 4.452 3.747 3.329 2.909 2.488 2.067 1.644 1.321 1.189 1.054 0.917 0.777 0.636 0.566 0.624 0.679 0.730 0.777 0.819 0.954 1.244 1.530 1.812 2.089 2.362 2.716 3.202 3.684 4.163
2.529 2.513 2.490 2.460 2.436 2.624 2.881 3.182 3.529 3.920 4.376 5.056 5.748 6.453 7.171 7.901 8.676 9.725 10.769 11.808 12.841 13.870 14.818 15.193 15.509 15.766 15.964 16.103 16.138 15.846 15.534 15.200 14.846 14.471 14.005 13.143 12.275 11.401 10.555 9.686 8.802 7.961 7.117 6.270 5.421 4.569 3.796 3.374 2.951 2.527 2.102 1.676 1.308 1.168 1.025 0.879 0.732 0.582 0.474 0.519 0.559 0.596 0.629 0.657 0.743 1.018 1.289 1.555 1.817 2.074 2.396 2.914 3.420 3.914
2.922 2.940 2.966 2.999 3.039 3.384 3.798 4.256 4.760 5.308 5.901 6.618 7.355 8.104 8.866 9.641 10.428 11.449 12.475 13.496 14.511 15.522 16.527 16.717 16.827 16.879 16.872 16.806 16.682 16.319 15.946 15.748 15.439 15.021 14.490 13.634 12.752 11.844 10.910 9.951 8.970 8.120 7.266 6.410 5.551 4.690 3.846 3.421 2.994 2.567 2.138 1.709 1.297 1.148 0.997 0.844 0.688 0.530 0.386 0.417 0.444 0.466 0.485 0.514 0.598 0.905 1.210 1.511 1.809 2.104 2.419 2.896 3.362 3.815
