DATA/SHG/CPC/2018/20180601.asc
ncols        190
nrows        64
xllcorner    -5100000.000000000000
yllcorner    4130000.000000000000
cellsize     10000.000000000000
NODATA_value  -99999.000
[rows 0 to 32 of 64, columns 0 to 75 of 190]
0.005 0.011 0.017 0.024 0.032 0.039 0.045 0.051 0.056 0.062 0.068 0.074 0.092 0.116 0.142 0.169 0.197 0.227 0.309 0.419 0.536 0.659 0.789 0.926 1.049 1.161 1.272 1.381 1.489 1.595 1.668 1.717 1.760 1.796 1.827 1.862 1.912 1.971 2.026 2.076 2.122 2.163 2.201 2.240 2.280 2.320 2.362 2.404 2.449 2.497 2.547 2.598 2.651 2.706 2.762 2.821 2.881 2.943 3.006 3.070 3.111 3.121 3.131 3.141 3.152 3.163 3.150 3.104 3.060 3.018 2.979 2.943 2.886 2.788 2.691 2.595
0.012 0.020 0.027 0.035 0.042 0.050 0.056 0.062 0.068 0.074 0.081 0.087 0.107 0.136 0.166 0.198 0.232 0.266 0.353 0.487 0.627 0.774 0.927 1.087 1.222 1.329 1.434 1.539 1.649 1.758 1.835 1.873 1.906 1.933 1.956 1.973 2.002 2.045 2.084 2.118 2.148 2.174 2.204 2.246 2.288 2.332 2.376 2.421 2.469 2.523 2.579 2.636 2.694 2.754 2.816 2.880 2.946 3.012 3.081 3.142 3.179 3.176 3.173 3.172 3.173 3.174 3.165 3.128 3.093 3.061 3.032 3.005 2.964 2.870 2.778 2.687
0.023 0.030 0.038 0.045 0.053 0.060 0.067 0.073 0.080 0.087 0.094 0.101 0.119 0.154 0.189 0.226 0.264 0.304 0.390 0.547 0.715 0.894 1.076 1.259 1.417 1.526 1.636 1.745 1.853 1.962 2.042 2.061 2.076 2.086 2.090 2.089 2.095 2.123 2.146 2.165 2.179 2.189 2.205 2.250 2.296 2.342 2.389 2.437 2.488 2.548 2.609 2.671 2.732 2.792 2.851 2.908 2.963 3.017 3.069 3.119 3.160 3.160 3.163 3.166 3.170 3.176 3.178 3.150 3.124 3.101 3.081 3.063 3.041 2.952 2.864 2.777
0.034 0.041 0.049 0.056 0.063 0.070 0.078 0.085 0.092 0.099 0.107 0.114 0.131 0.173 0.223 0.280 0.343 0.412 0.514 0.697 0.882 1.069 1.258 1.450 1.625 1.733 1.842 1.950 2.058 2.166 2.253 2.255 2.252 2.243 2.229 2.211 2.193 2.205 2.213 2.216 2.214 2.209 2.206 2.254 2.302 2.354 2.404 2.452 2.499 2.559 2.618 2.678 2.738 2.798 2.858 2.909 2.959 3.006 3.053 3.097 3.139 3.144 3.150 3.158 3.167 3.177 3.188 3.169 3.153 3.139 3.128 3.120 3.114 3.032 2.948 2.866
0.045 0.052 0.059 0.067 0.074 0.081 0.089 0.099 0.109 0.119 0.130 0.141 0.159 0.225 0.298 0.377 0.462 0.554 0.662 0.853 1.046 1.241 1.438 1.638 1.833 1.940 2.048 2.155 2.262 2.369 2.470 2.454 2.432 2.406 2.374 2.337 2.296 2.294 2.304 2.304 2.294 2.275 2.245 2.293 2.340 2.384 2.427 2.467 2.504 2.564 2.624 2.684 2.744 2.805 2.865 2.912 2.956 2.998 3.038 3.077 3.114 3.127 3.137 3.149 3.162 3.177 3.192 3.186 3.179 3.176 3.177 3.180 3.184 3.121 3.046 2.973
0.058 0.067 0.076 0.084 0.093 0.102 0.111 0.122 0.134 0.145 0.157 0.170 0.183 0.271 0.366 0.467 0.575 0.689 0.810 1.006 1.207 1.410 1.616 1.823 2.033 2.147 2.254 2.361 2.467 2.573 2.682 2.674 2.652 2.628 2.604 2.579 2.553 2.536 2.512 2.478 2.434 2.381 2.317 2.342 2.381 2.417 2.452 2.484 2.514 2.568 2.629 2.690 2.750 2.811 2.872 2.916 2.954 2.991 3.025 3.058 3.090 3.108 3.126 3.147 3.170 3.195 3.220 3.229 3.232 3.237 3.243 3.251 3.260 3.214 3.146 3.080
0.078 0.087 0.096 0.105 0.114 0.124 0.133 0.145 0.158 0.171 0.185 0.199 0.213 0.309 0.427 0.551 0.681 0.817 0.960 1.156 1.365 1.576 1.790 2.009 2.233 2.370 2.485 2.602 2.721 2.840 2.961 2.972 2.946 2.919 2.891 2.863 2.833 2.788 2.730 2.662 2.584 2.496 2.399 2.392 2.423 2.452 2.479 2.503 2.525 2.573 2.634 2.695 2.756 2.817 2.879 2.922 2.955 2.990 3.024 3.060 3.096 3.124 3.149 3.176 3.203 3.232 3.262 3.278 3.287 3.297 3.308 3.321 3.335 3.306 3.245 3.186
0.097 0.106 0.116 0.125 0.135 0.145 0.155 0.168 0.182 0.197 0.211 0.227 0.243 0.341 0.481 0.627 0.783 0.949 1.122 1.329 1.552 1.777 2.004 2.232 2.463 2.622 2.743 2.865 2.988 3.113 3.239 3.270 3.241 3.210 3.179 3.147 3.114 3.050 2.957 2.855 2.743 2.622 2.490 2.445 2.468 2.489 2.508 2.524 2.537 2.572 2.631 2.691 2.752 2.813 2.875 2.924 2.960 2.996 3.033 3.071 3.109 3.142 3.172 3.202 3.234 3.267 3.302 3.326 3.340 3.355 3.371 3.389 3.409 3.396 3.341 3.289
0.115 0.125 0.135 0.146 0.156 0.166 0.177 0.190 0.206 0.225 0.245 0.265 0.287 0.386 0.555 0.732 0.917 1.108 1.307 1.524 1.754 1.985 2.219 2.454 2.691 2.873 2.998 3.125 3.253 3.383 3.514 3.569 3.536 3.502 3.468 3.432 3.395 3.320 3.194 3.058 2.912 2.760 2.607 2.527 2.542 2.551 2.554 2.550 2.539 2.554 2.616 2.678 2.742 2.806 2.871 2.926 2.963 3.002 3.041 3.081 3.121 3.159 3.193 3.228 3.264 3.302 3.341 3.373 3.392 3.412 3.433 3.456 3.479 3.467 3.406 3.347
0.133 0.145 0.159 0.173 0.187 0.201 0.215 0.232 0.253 0.275 0.297 0.320 0.343 0.433 0.629 0.832 1.042 1.259 1.484 1.717 1.953 2.191 2.431 2.673 2.917 3.121 3.252 3.384 3.517 3.652 3.788 3.869 3.832 3.793 3.743 3.690 3.634 3.548 3.395 3.241 3.085 2.927 2.768 2.652 2.644 2.630 2.609 2.582 2.548 2.535 2.600 2.665 2.731 2.798 2.865 2.927 2.967 3.007 3.048 3.090 3.133 3.174 3.213 3.252 3.293 3.332 3.364 3.394 3.404 3.415 3.427 3.438 3.450 3.450 3.398 3.348
0.174 0.189 0.203 0.217 0.231 0.246 0.260 0.277 0.300 0.324 0.348 0.374 0.399 0.472 0.694 0.923 1.159 1.402 1.653 1.907 2.150 2.395 2.641 2.890 3.140 3.368 3.502 3.633 3.764 3.894 4.023 4.119 4.065 4.008 3.949 3.887 3.822 3.741 3.582 3.422 3.259 3.096 2.930 2.783 2.752 2.715 2.671 2.620 2.563 2.516 2.583 2.651 2.720 2.789 2.859 2.927 2.969 3.012 3.048 3.077 3.108 3.142 3.173 3.207 3.242 3.280 3.320 3.361 3.372 3.384 3.396 3.408 3.420 3.431 3.387 3.346
0.217 0.232 0.247 0.261 0.276 0.290 0.305 0.321 0.346 0.372 0.399 0.426 0.454 0.503 0.751 1.006 1.268 1.537 1.814 2.095 2.343 2.592 2.842 3.093 3.345 3.591 3.721 3.850 3.979 4.107 4.234 4.354 4.291 4.225 4.157 4.086 4.013 3.935 3.770 3.604 3.435 3.266 3.094 2.921 2.867 2.807 2.739 2.666 2.585 2.498 2.565 2.626 2.679 2.731 2.783 2.834 2.865 2.898 2.934 2.972 3.013 3.057 3.096 3.138 3.181 3.227 3.275 3.325 3.340 3.352 3.365 3.378 3.391 3.404 3.374 3.343
0.260 0.276 0.291 0.305 0.320 0.335 0.350 0.365 0.392 0.420 0.449 0.479 0.517 0.564 0.833 1.116 1.402 1.690 1.981 2.274 2.529 2.781 3.035 3.289 3.544 3.801 3.940 4.067 4.194 4.320 4.446 4.571 4.519 4.445 4.367 4.287 4.205 4.120 3.960 3.787 3.613 3.437 3.260 3.080 2.980 2.883 2.777 2.663 2.540 2.409 2.432 2.484 2.535 2.586 2.637 2.687 2.728 2.771 2.816 2.864 2.915 2.969 3.017 3.066 3.118 3.171 3.227 3.285 3.307 3.321 3.334 3.348 3.362 3.376 3.359 3.336
0.303 0.319 0.334 0.349 0.364 0.380 0.395 0.409 0.443 0.487 0.537 0.592 0.652 0.718 0.963 1.255 1.550 1.847 2.146 2.448 2.713 2.969 3.226 3.484 3.742 4.002 4.159 4.285 4.409 4.534 4.658 4.781 4.750 4.666 4.580 4.491 4.400 4.316 4.165 3.984 3.794 3.596 3.388 3.171 3.023 2.896 2.761 2.617 2.465 2.305 2.292 2.342 2.392 2.442 2.491 2.540 2.589 2.642 2.697 2.754 2.815 2.878 2.936 2.993 3.052 3.114 3.177 3.243 3.275 3.270 3.263 3.256 3.250 3.246 3.216 3.171
0.356 0.372 0.387 0.402 0.415 0.429 0.441 0.453 0.495 0.559 0.627 0.701 0.781 0.866 1.091 1.391 1.694 2.000 2.308 2.618 2.896 3.155 3.416 3.677 3.939 4.202 4.379 4.502 4.625 4.748 4.883 5.018 5.023 4.941 4.856 4.767 4.675 4.580 4.418 4.206 3.985 3.755 3.516 3.268 3.075 2.918 2.754 2.580 2.399 2.209 2.152 2.201 2.250 2.298 2.346 2.393 2.448 2.510 2.574 2.642 2.712 2.785 2.833 2.875 2.919 2.965 3.012 3.061 3.082 3.077 3.073 3.070 3.068 3.067 3.044 2.998
0.423 0.433 0.444 0.456 0.467 0.478 0.488 0.497 0.541 0.624 0.712 0.805 0.904 1.008 1.216 1.525 1.836 2.150 2.467 2.786 3.078 3.340 3.606 3.882 4.160 4.440 4.652 4.787 4.921 5.055 5.189 5.322 5.351 5.258 5.160 5.059 4.955 4.847 4.680 4.436 4.184 3.923 3.653 3.374 3.135 2.949 2.755 2.552 2.341 2.122 2.013 2.061 2.108 2.155 2.200 2.232 2.271 2.324 2.377 2.432 2.486 2.542 2.594 2.643 2.692 2.744 2.796 2.851 2.884 2.882 2.882 2.883 2.885 2.888 2.873 2.827
0.491 0.496 0.501 0.511 0.520 0.528 0.535 0.542 0.581 0.683 0.790 0.903 1.021 1.144 1.338 1.661 1.994 2.328 2.662 2.998 3.314 3.593 3.874 4.156 4.440 4.726 4.962 5.096 5.229 5.362 5.495 5.627 5.684 5.577 5.468 5.355 5.238 5.118 4.950 4.675 4.392 4.100 3.798 3.488 3.203 2.988 2.764 2.530 2.282 2.024 1.845 1.878 1.908 1.936 1.961 1.984 2.014 2.070 2.126 2.182 2.240 2.298 2.355 2.409 2.464 2.521 2.579 2.639 2.685 2.687 2.691 2.695 2.701 2.708 2.702 2.655
0.561 0.560 0.560 0.567 0.573 0.579 0.584 0.588 0.624 0.760 0.901 1.048 1.201 1.358 1.555 1.890 2.226 2.563 2.900 3.239 3.567 3.852 4.139 4.427 4.717 5.009 5.273 5.405 5.537 5.669 5.800 5.931 6.019 5.900 5.778 5.653 5.524 5.392 5.229 4.923 4.613 4.297 3.962 3.608 3.256 3.003 2.740 2.468 2.186 1.894 1.643 1.667 1.689 1.708 1.725 1.739 1.757 1.815 1.874 1.933 1.993 2.054 2.115 2.174 2.234 2.297 2.361 2.426 2.485 2.492 2.499 2.507 2.512 2.498 2.476 2.404
0.633 0.626 0.618 0.629 0.645 0.666 0.691 0.720 0.761 0.916 1.076 1.242 1.414 1.591 1.781 2.119 2.457 2.797 3.137 3.478 3.818 4.109 4.401 4.696 4.992 5.290 5.583 5.714 5.845 5.976 6.106 6.236 6.357 6.253 6.162 6.057 5.937 5.802 5.649 5.304 4.941 4.559 4.158 3.739 3.304 3.017 2.721 2.415 2.099 1.774 1.444 1.459 1.472 1.483 1.491 1.497 1.500 1.560 1.621 1.683 1.746 1.809 1.873 1.937 2.004 2.069 2.124 2.177 2.225 2.212 2.198 2.181 2.164 2.145 2.124 2.053
0.696 0.686 0.675 0.699 0.731 0.767 0.808 0.853 0.903 1.066 1.245 1.431 1.621 1.817 2.019 2.346 2.687 3.030 3.373 3.716 4.061 4.363 4.662 4.962 5.265 5.568 5.906 6.104 6.287 6.473 6.661 6.853 7.048 6.956 6.814 6.658 6.487 6.302 6.102 5.715 5.286 4.839 4.373 3.888 3.385 3.040 2.711 2.371 2.022 1.664 1.296 1.254 1.259 1.261 1.260 1.257 1.251 1.305 1.373 1.442 1.506 1.565 1.619 1.672 1.723 1.770 1.814 1.854 1.891 1.880 1.861 1.839 1.817 1.793 1.768 1.702
0.759 0.747 0.734 0.763 0.811 0.863 0.920 0.981 1.047 1.210 1.408 1.613 1.822 2.037 2.258 2.572 2.916 3.261 3.607 3.978 4.365 4.722 5.071 5.425 5.785 6.150 6.520 6.757 6.950 7.146 7.346 7.548 7.753 7.673 7.481 7.274 7.052 6.816 6.566 6.145 5.651 5.138 4.607 4.057 3.488 3.074 2.710 2.337 1.955 1.563 1.162 1.072 1.099 1.114 1.118 1.112 1.094 1.132 1.188 1.239 1.286 1.326 1.362 1.401 1.440 1.475 1.507 1.536 1.561 1.550 1.525 1.499 1.472 1.443 1.413 1.352
0.823 0.808 0.793 0.823 0.886 0.954 1.027 1.104 1.185 1.347 1.565 1.788 2.018 2.253 2.495 2.817 3.198 3.591 3.996 4.414 4.844 5.237 5.605 5.977 6.355 6.739 7.127 7.405 7.609 7.816 8.026 8.239 8.455 8.404 8.161 7.903 7.631 7.344 7.043 6.593 6.033 5.455 4.859 4.243 3.632 3.173 2.813 2.447 2.073 1.693 1.305 1.144 1.131 1.108 1.074 1.028 0.972 0.971 1.009 1.042 1.070 1.093 1.111 1.134 1.161 1.184 1.204 1.221 1.234 1.221 1.192 1.161 1.129 1.095 1.060 1.003
0.888 0.871 0.853 0.877 0.957 1.041 1.129 1.220 1.314 1.472 1.711 1.957 2.209 2.467 2.732 3.068 3.492 3.928 4.376 4.836 5.309 5.746 6.132 6.523 6.920 7.321 7.728 8.049 8.264 8.481 8.702 8.925 9.152 9.149 8.855 8.546 8.224 7.933 7.618 7.168 6.578 5.968 5.337 4.685 4.013 3.466 3.081 2.690 2.291 1.886 1.473 1.226 1.175 1.113 1.040 0.956 0.860 0.815 0.835 0.850 0.860 0.865 0.865 0.871 0.885 0.897 0.905 0.909 0.911 0.906 0.900 0.892 0.884 0.875 0.866 0.840
0.953 0.938 0.924 0.942 1.034 1.129 1.228 1.330 1.435 1.587 1.849 2.118 2.392 2.674 2.962 3.305 3.772 4.251 4.742 5.245 5.761 6.248 6.653 7.062 7.477 7.898 8.323 8.689 8.914 9.143 9.492 9.842 10.185 10.335 10.038 9.703 9.329 8.916 8.465 7.929 7.267 6.585 5.882 5.158 4.414 3.765 3.356 2.939 2.516 2.086 1.648 1.319 1.230 1.129 1.017 0.894 0.760 0.664 0.667 0.664 0.656 0.643 0.636 0.644 0.671 0.697 0.721 0.743 0.764 0.774 0.765 0.755 0.744 0.733 0.720 0.697
1.017 1.007 0.997 1.004 1.107 1.214 1.324 1.436 1.552 1.695 1.980 2.271 2.569 2.873 3.184 3.529 4.039 4.560 5.094 5.640 6.199 6.745 7.174 7.684 8.230 8.812 9.429 10.031 10.377 10.717 11.051 11.379 11.701 11.898 11.466 10.995 10.485 9.937 9.350 8.711 7.977 7.222 6.447 5.652 4.836 4.071 3.637 3.196 2.748 2.293 1.831 1.424 1.295 1.156 1.005 0.849 0.690 0.560 0.564 0.564 0.562 0.556 0.547 0.541 0.563 0.583 0.602 0.619 0.634 0.643 0.632 0.619 0.605 0.591 0.576 0.555
1.081 1.074 1.068 1.064 1.177 1.295 1.415 1.539 1.666 1.796 2.103 2.417 2.738 3.065 3.399 3.749 4.340 4.947 5.569 6.208 6.862 7.532 8.131 8.766 9.438 10.144 10.887 11.658 11.983 12.302 12.615 12.921 13.222 13.499 12.931 12.325 11.680 10.996 10.273 9.512 8.706 7.880 7.033 6.165 5.277 4.384 3.925 3.459 2.974 2.482 1.986 1.501 1.344 1.185 1.023 0.858 0.691 0.529 0.521 0.511 0.497 0.481 0.461 0.440 0.457 0.471 0.484 0.496 0.506 0.513 0.499 0.483 0.467 0.450 0.433 0.413
1.143 1.140 1.139 1.138 1.244 1.372 1.504 1.639 1.780 1.931 2.253 2.618 2.999 3.395 3.807 4.233 4.850 5.512 6.191 6.885 7.595 8.321 9.049 9.809 10.606 11.437 12.305 13.208 13.593 13.890 14.182 14.467 14.747 15.020 14.435 13.693 12.912 12.093 11.235 10.339 9.455 8.502 7.541 6.578 5.613 4.647 4.101 3.604 3.104 2.600 2.094 1.584 1.383 1.215 1.044 0.870 0.694 0.516 0.482 0.461 0.437 0.409 0.378 0.345 0.352 0.361 0.369 0.375 0.380 0.383 0.367 0.349 0.330 0.321 0.328 0.336
1.203 1.208 1.214 1.217 1.316 1.464 1.619 1.779 1.946 2.118 2.454 2.873 3.307 3.757 4.221 4.701 5.342 6.060 6.794 7.544 8.309 9.091 9.928 10.813 11.734 12.691 13.684 14.712 15.207 15.483 15.753 16.017 16.275 16.520 15.784 14.763 13.744 12.727 11.713 10.701 9.724 8.758 7.791 6.822 5.851 4.878 4.256 3.748 3.236 2.722 2.204 1.683 1.425 1.248 1.068 0.885 0.700 0.512 0.446 0.414 0.379 0.340 0.299 0.254 0.248 0.252 0.263 0.282 0.303 0.325 0.335 0.342 0.352 0.363 0.376 0.390
1.315 1.315 1.312 1.307 1.391 1.561 1.736 1.917 2.105 2.298 2.638 3.111 3.598 4.101 4.619 5.152 5.816 6.590 7.379 8.185 9.006 9.843 10.767 11.778 12.824 13.906 15.005 16.004 16.461 16.529 16.579 16.612 16.626 16.623 16.019 15.005 13.994 12.984 11.977 10.972 9.988 9.016 8.042 7.067 6.090 5.111 4.414 3.895 3.372 2.847 2.318 1.786 1.469 1.283 1.094 0.902 0.708 0.512 0.413 0.376 0.341 0.305 0.266 0.225 0.223 0.245 0.267 0.291 0.315 0.341 0.358 0.372 0.387 0.404 0.422 0.442
1.433 1.424 1.413 1.399 1.460 1.650 1.847 2.049 2.257 2.471 2.806 3.332 3.872 4.428 4.999 5.585 6.273 7.102 7.947 8.846 9.823 10.784 11.776 12.799 13.775 14.706 15.591 16.431 16.896 16.902 16.889 16.859 16.810 16.744 16.252 15.245 14.241 13.239 12.239 11.241 10.253 9.275 8.296 7.314 6.331 5.346 4.575 4.045 3.511 2.974 2.435 1.892 1.529 1.350 1.165 0.973 0.776 0.572 0.448 0.409 0.367 0.323 0.278 0.230 0.219 0.244 0.270 0.298 0.327 0.357 0.381 0.400 0.420 0.443 0.467 0.492
1.553 1.536 1.516 1.494 1.522 1.733 1.950 2.173 2.403 2.638 2.957 3.536 4.207 4.988 5.787 6.606 7.478 8.447 9.400 10.336 11.256 12.159 13.049 13.912 14.729 15.500 16.225 16.905 17.350 17.292 17.217 17.124 17.013 16.883 16.482 15.483 14.486 13.491 12.498 11.507 10.520 9.536 8.550 7.563 6.574 5.590 4.759 4.232 3.706 3.180 2.654 2.128 1.715 1.515 1.309 1.096 0.878 0.653 0.490 0.443 0.395 0.344 0.291 0.237 0.213 0.242 0.272 0.304 0.337 0.371 0.402 0.426 0.452 0.480 0.510 0.541
1.676 1.650 1.622 1.591 1.577 1.845 2.176 2.555 2.983 3.459 4.007 4.816 5.645 6.493 7.360 8.247 9.154 10.066 10.961 11.840 12.703 13.550 14.368 15.071 15.728 16.340 16.905 17.425 17.821 17.701 17.563 17.407 17.233 17.041 16.711 15.719 14.729 13.741 12.780 11.797 10.796 9.813 8.831 7.851 6.871 5.892 4.999 4.473 3.947 3.421 2.895 2.370 1.907 1.686 1.458 1.225 0.985 0.740 0.533 0.479 0.424 0.366 0.307 0.246 0.205 0.239 0.273 0.309 0.346 0.384 0.425 0.473 0.521 0.567 0.612 0.657
1.830 1.829 1.838 1.856 1.884 2.305 2.806 3.355 3.953 4.599 5.295 6.163 7.059 7.975 8.910 9.865 10.839 11.699 12.538 13.360 14.166 14.955 15.729 16.277 16.774 17.226 17.632 17.993 18.308 18.128 17.937 17.879 17.749 17.548 17.269 16.299 15.304 14.284 13.240 12.171 11.081 10.102 9.123 8.145 7.168 6.193 5.239 4.713 4.188 3.662 3.136 2.611 2.105 1.862 1.614 1.359 1.099 0.832 0.578 0.518 0.455 0.391 0.325 0.271 0.251 0.321 0.384 0.442 0.494 0.540 0.581 0.626 0.670 0.714 0.756 0.798
