DATA/SHG/CPC/2018/20180611.asc
ncols        190
nrows        64
xllcorner    -5100000.000000000000
yllcorner    4130000.000000000000
cellsize     10000.000000000000
NODATA_value  -99999.000
[rows 0 to 33 of 64, columns 76 to 151 of 190]
3.094 3.277 3.503 3.825 4.153 4.487 4.825 5.169 5.507 5.821 6.145 6.476 6.816 7.163 7.461 7.588 7.721 7.858 8.000 8.145 8.224 8.069 7.918 7.767 7.621 7.481 7.268 6.802 6.340 5.882 5.429 4.979 4.554 4.192 3.825 3.452 3.074 2.690 2.377 2.300 2.218 2.134 2.047 1.956 1.918 2.047 2.176 2.304 2.432 2.559 2.709 2.927 3.141 3.351 3.557 3.759 3.920 3.973 4.023 4.071 4.117 4.160 4.171 4.095 4.014 3.932 3.848 3.762 3.691 3.665 3.638 3.609 3.580 3.550 3.518 3.483
2.792 2.967 3.172 3.513 3.860 4.212 4.570 4.932 5.295 5.639 5.991 6.351 6.720 7.096 7.451 7.591 7.733 7.878 8.026 8.177 8.299 8.162 8.030 7.905 7.786 7.673 7.528 7.080 6.637 6.197 5.762 5.331 4.908 4.522 4.130 3.732 3.329 2.921 2.547 2.455 2.360 2.261 2.160 2.055 1.978 2.105 2.231 2.357 2.482 2.607 2.742 2.942 3.138 3.330 3.529 3.721 3.880 3.922 3.958 3.988 4.012 4.029 4.027 3.940 3.851 3.761 3.669 3.575 3.489 3.458 3.427 3.394 3.360 3.325 3.288 3.244
2.491 2.659 2.837 3.197 3.563 3.933 4.310 4.690 5.067 5.432 5.807 6.192 6.588 6.993 7.409 7.559 7.710 7.865 8.022 8.182 8.343 8.239 8.135 8.037 7.945 7.859 7.779 7.354 6.929 6.507 6.090 5.677 5.268 4.857 4.440 4.018 3.591 3.157 2.720 2.614 2.504 2.392 2.276 2.157 2.038 2.210 2.394 2.564 2.721 2.864 2.994 3.180 3.351 3.507 3.649 3.776 3.886 3.901 3.910 3.913 3.910 3.900 3.882 3.787 3.691 3.592 3.492 3.389 3.288 3.253 3.217 3.179 3.141 3.101 3.060 3.008
2.193 2.354 2.509 2.867 3.243 3.622 4.003 4.387 4.773 5.173 5.584 6.005 6.435 6.876 7.327 7.525 7.685 7.849 8.015 8.184 8.355 8.309 8.232 8.161 8.097 8.038 7.985 7.623 7.215 6.812 6.414 6.019 5.628 5.198 4.757 4.310 3.930 3.579 3.227 3.159 3.114 3.056 2.986 2.902 2.805 2.915 3.038 3.148 3.243 3.326 3.394 3.508 3.614 3.706 3.783 3.846 3.894 3.886 3.868 3.844 3.814 3.778 3.736 3.637 3.532 3.425 3.317 3.206 3.094 3.049 3.008 2.966 2.923 2.879 2.834 2.774
1.918 2.057 2.191 2.525 2.910 3.298 3.688 4.082 4.477 4.906 5.352 5.808 6.274 6.750 7.237 7.488 7.658 7.831 8.006 8.184 8.365 8.373 8.323 8.279 8.241 8.209 8.184 7.933 7.614 7.312 7.025 6.753 6.498 6.172 5.820 5.468 5.117 4.765 4.414 4.262 4.158 4.042 3.912 3.769 3.613 3.635 3.697 3.745 3.780 3.801 3.808 3.851 3.893 3.920 3.933 3.931 3.915 3.878 3.833 3.782 3.725 3.662 3.593 3.489 3.375 3.261 3.144 3.022 2.895 2.832 2.784 2.737 2.692 2.648 2.606 2.560
1.648 1.767 1.880 2.180 2.575 2.972 3.372 3.774 4.179 4.629 5.111 5.602 6.104 6.616 7.137 7.449 7.628 7.810 7.996 8.195 8.408 8.502 8.531 8.580 8.648 8.736 8.843 8.727 8.479 8.246 8.029 7.828 7.642 7.355 7.004 6.652 6.301 5.950 5.599 5.377 5.215 5.040 4.851 4.649 4.435 4.367 4.368 4.356 4.330 4.290 4.237 4.209 4.186 4.149 4.097 4.030 3.950 3.876 3.802 3.716 3.619 3.512 3.394 3.267 3.139 3.012 2.886 2.761 2.636 2.570 2.529 2.489 2.450 2.413 2.377 2.345
1.384 1.482 1.574 1.833 2.237 2.644 3.053 3.465 3.879 4.344 4.861 5.381 5.902 6.424 6.948 7.313 7.522 7.748 7.991 8.248 8.519 8.713 8.829 8.966 9.122 9.297 9.492 9.503 9.324 9.162 9.015 8.884 8.768 8.537 8.186 7.835 7.484 7.133 6.782 6.506 6.285 6.050 5.803 5.542 5.269 5.113 5.053 4.980 4.893 4.806 4.714 4.628 4.547 4.445 4.320 4.172 4.003 3.859 3.736 3.602 3.458 3.303 3.138 2.993 2.869 2.745 2.622 2.499 2.377 2.307 2.273 2.239 2.207 2.177 2.147 2.127
1.126 1.203 1.275 1.485 1.920 2.350 2.774 3.193 3.606 4.059 4.582 5.107 5.633 6.160 6.689 7.120 7.387 7.670 7.971 8.286 8.615 8.900 9.105 9.329 9.572 9.835 10.118 10.260 10.151 10.059 9.982 9.921 9.876 9.718 9.367 9.016 8.665 8.315 7.964 7.646 7.399 7.186 6.960 6.720 6.468 6.283 6.176 6.036 5.863 5.657 5.418 5.199 5.019 4.817 4.594 4.348 4.079 3.851 3.681 3.500 3.308 3.106 2.893 2.719 2.598 2.477 2.357 2.237 2.118 2.044 2.015 1.988 1.963 1.939 1.916 1.906
0.969 1.058 1.145 1.324 1.740 2.151 2.556 2.955 3.349 3.774 4.302 4.832 5.363 5.896 6.430 6.913 7.237 7.578 7.936 8.309 8.696 9.066 9.358 9.669 10.001 10.351 10.722 10.998 10.960 10.937 10.931 10.957 11.019 10.990 10.703 10.429 10.171 9.927 9.697 9.470 9.212 8.941 8.657 8.360 8.050 7.757 7.502 7.215 6.895 6.542 6.156 5.791 5.513 5.213 4.890 4.545 4.178 3.854 3.636 3.408 3.169 2.919 2.659 2.445 2.327 2.209 2.091 1.975 1.859 1.779 1.757 1.737 1.728 1.721 1.713 1.714
0.885 0.965 1.044 1.169 1.566 1.957 2.343 2.723 3.097 3.488 4.021 4.556 5.092 5.630 6.169 6.691 7.072 7.470 7.887 8.318 8.762 9.209 9.617 10.069 10.537 11.021 11.522 11.977 12.044 12.123 12.214 12.317 12.432 12.503 12.280 12.071 11.876 11.696 11.531 11.352 11.035 10.707 10.365 10.010 9.643 9.263 8.862 8.427 7.960 7.460 6.926 6.406 6.029 5.630 5.209 4.765 4.300 3.868 3.603 3.327 3.041 2.744 2.436 2.180 2.077 1.977 1.880 1.786 1.694 1.627 1.619 1.609 1.598 1.585 1.572 1.566
0.802 0.875 0.945 1.020 1.397 1.769 2.135 2.496 2.851 3.201 3.739 4.279 4.820 5.363 5.922 6.500 6.990 7.508 8.052 8.618 9.208 9.821 10.331 10.855 11.395 11.951 12.523 13.107 13.228 13.360 13.504 13.661 13.829 13.998 13.839 13.694 13.564 13.448 13.347 13.244 12.871 12.484 12.085 11.672 11.247 10.803 10.254 9.673 9.058 8.411 7.731 7.043 6.568 6.070 5.508 4.931 4.348 3.795 3.487 3.181 2.877 2.574 2.274 2.005 1.914 1.826 1.741 1.659 1.580 1.513 1.499 1.484 1.468 1.451 1.432 1.419
0.722 0.786 0.848 0.908 1.233 1.586 1.933 2.292 2.658 3.020 3.568 4.145 4.724 5.304 5.887 6.471 7.064 7.687 8.337 9.009 9.704 10.423 11.025 11.621 12.233 12.861 13.505 14.166 14.396 14.582 14.780 14.990 15.211 15.445 15.381 15.300 15.234 15.182 15.145 15.122 14.717 14.273 13.816 13.346 12.863 12.248 11.439 10.611 9.771 8.919 8.055 7.178 6.589 5.999 5.404 4.804 4.199 3.591 3.291 2.993 2.697 2.403 2.111 1.827 1.748 1.673 1.600 1.530 1.463 1.400 1.381 1.361 1.340 1.318 1.294 1.273
0.660 0.742 0.826 0.911 1.212 1.576 1.935 2.290 2.640 2.984 3.505 4.088 4.674 5.261 5.850 6.440 7.112 7.839 8.594 9.372 10.173 10.998 11.701 12.368 13.052 13.752 14.468 15.200 15.550 15.789 16.040 16.304 16.579 16.866 16.904 16.888 16.763 16.620 16.474 16.326 15.780 15.142 14.501 13.855 13.206 12.553 11.716 10.834 9.941 9.035 8.117 7.187 6.536 5.923 5.306 4.683 4.055 3.422 3.094 2.804 2.516 2.230 1.946 1.664 1.580 1.517 1.456 1.398 1.343 1.290 1.265 1.240 1.213 1.186 1.157 1.128
0.744 0.831 0.919 1.010 1.265 1.612 1.955 2.292 2.625 2.953 3.440 4.030 4.622 5.215 5.811 6.408 7.132 7.964 8.825 9.708 10.615 11.546 12.357 13.097 13.852 14.624 15.412 16.137 16.516 16.705 16.898 17.093 17.291 17.492 17.460 17.309 17.156 17.000 16.841 16.679 16.175 15.520 14.861 14.198 13.532 12.862 12.006 11.071 10.123 9.164 8.192 7.209 6.489 5.853 5.213 4.567 3.916 3.260 2.895 2.613 2.333 2.056 1.780 1.505 1.409 1.358 1.310 1.264 1.231 1.197 1.179 1.166 1.155 1.146 1.140 1.136
0.826 0.918 1.012 1.107 1.323 1.653 1.979 2.299 2.615 2.926 3.374 3.970 4.569 5.168 5.770 6.374 7.126 8.062 8.993 9.932 10.879 11.834 12.675 13.398 14.128 14.866 15.611 16.365 16.834 17.036 17.241 17.449 17.660 17.873 17.882 17.718 17.552 17.382 17.210 17.035 16.573 15.901 15.225 14.545 13.861 13.174 12.308 11.319 10.318 9.305 8.280 7.243 6.447 5.789 5.126 4.457 3.783 3.105 2.694 2.423 2.160 1.906 1.660 1.422 1.328 1.295 1.262 1.228 1.195 1.161 1.149 1.146 1.146 1.148 1.153 1.160
0.907 1.004 1.103 1.203 1.385 1.698 2.007 2.311 2.610 2.904 3.306 3.890 4.474 5.059 5.645 6.232 6.943 7.892 8.856 9.832 10.817 11.810 12.720 13.477 14.242 15.015 15.796 16.584 17.148 17.363 17.580 17.801 18.025 18.251 18.307 18.130 17.950 17.768 17.582 17.393 16.974 16.285 15.592 14.895 14.195 13.490 12.623 11.580 10.526 9.453 8.275 7.120 6.202 5.501 4.819 4.156 3.511 2.886 2.479 2.245 2.019 1.802 1.593 1.392 1.292 1.258 1.225 1.192 1.159 1.126 1.117 1.125 1.135 1.148 1.163 1.181
0.986 1.088 1.192 1.297 1.438 1.719 1.993 2.261 2.520 2.773 3.098 3.685 4.273 4.862 5.452 6.043 6.721 7.708 8.709 9.723 10.746 11.777 12.755 13.547 14.347 15.155 15.971 16.794 17.458 17.686 17.916 18.150 18.386 18.626 18.735 18.545 18.351 18.155 17.956 17.754 17.368 16.493 15.610 14.720 13.823 12.919 11.916 10.771 9.648 8.547 7.468 6.412 5.540 4.922 4.324 3.744 3.183 2.641 2.256 2.059 1.870 1.690 1.518 1.354 1.255 1.222 1.189 1.156 1.123 1.090 1.082 1.101 1.122 1.146 1.172 1.200
1.044 1.137 1.227 1.315 1.420 1.676 1.925 2.167 2.402 2.630 2.889 3.479 4.071 4.664 5.258 5.853 6.489 7.513 8.553 9.605 10.665 11.734 12.781 13.608 14.443 15.286 16.137 16.995 17.765 18.005 18.249 18.485 18.608 18.729 18.759 18.399 18.023 17.633 17.226 16.805 16.266 15.359 14.446 13.525 12.598 11.663 10.692 9.645 8.621 7.619 6.640 5.683 4.859 4.325 3.810 3.314 2.836 2.378 2.025 1.865 1.713 1.569 1.434 1.307 1.218 1.185 1.152 1.119 1.087 1.054 1.045 1.074 1.107 1.161 1.221 1.287
1.090 1.174 1.256 1.335 1.411 1.640 1.864 2.081 2.291 2.493 2.688 3.273 3.869 4.465 5.063 5.662 6.262 7.310 8.386 9.476 10.575 11.682 12.789 13.572 14.347 15.117 15.882 16.641 17.375 17.494 17.611 17.725 17.836 17.945 18.015 17.587 17.143 16.685 16.211 15.721 15.173 14.235 13.291 12.339 11.381 10.416 9.446 8.498 7.573 6.670 5.789 4.931 4.159 3.709 3.277 2.865 2.471 2.095 1.786 1.663 1.548 1.441 1.342 1.252 1.179 1.149 1.124 1.104 1.090 1.080 1.096 1.165 1.241 1.323 1.412 1.508
1.138 1.214 1.287 1.357 1.425 1.610 1.809 2.001 2.186 2.363 2.533 3.066 3.665 4.266 4.865 5.437 5.999 6.957 7.993 9.032 10.064 11.090 12.109 12.899 13.650 14.396 15.136 15.871 16.600 16.764 16.868 16.970 17.069 17.165 17.258 16.793 16.281 15.755 15.213 14.655 14.083 13.120 12.145 11.163 10.174 9.178 8.179 7.330 6.503 5.699 4.917 4.157 3.441 3.074 2.726 2.410 2.106 1.814 1.553 1.465 1.382 1.304 1.233 1.168 1.115 1.108 1.106 1.110 1.119 1.133 1.166 1.264 1.368 1.479 1.597 1.721
1.189 1.255 1.320 1.381 1.441 1.587 1.761 1.927 2.083 2.234 2.379 2.833 3.401 3.958 4.505 5.041 5.567 6.432 7.439 8.449 9.452 10.448 11.437 12.233 12.960 13.682 14.398 15.108 15.813 16.037 16.129 16.219 16.305 16.388 16.469 16.016 15.437 14.842 14.232 13.607 12.967 12.015 11.009 9.996 8.976 7.949 6.937 6.184 5.479 4.796 4.135 3.496 2.879 2.576 2.303 2.042 1.794 1.558 1.335 1.270 1.213 1.162 1.117 1.077 1.045 1.062 1.083 1.111 1.143 1.181 1.229 1.356 1.489 1.629 1.775 1.928
1.240 1.292 1.342 1.389 1.432 1.539 1.687 1.830 1.967 2.098 2.223 2.591 3.123 3.644 4.154 4.655 5.144 5.916 6.893 7.873 8.847 9.813 10.773 11.574 12.277 12.974 13.666 14.352 15.033 15.315 15.395 15.471 15.545 15.616 15.685 15.257 14.610 13.891 13.165 12.431 11.688 10.738 9.733 8.743 7.768 6.809 5.866 5.174 4.567 3.982 3.419 2.879 2.360 2.084 1.867 1.662 1.470 1.290 1.123 1.070 1.039 1.014 0.995 0.981 0.974 1.010 1.055 1.106 1.162 1.223 1.290 1.441 1.603 1.772 1.947 2.128
1.260 1.302 1.341 1.377 1.410 1.487 1.615 1.738 1.855 1.967 2.073 2.359 2.854 3.339 3.814 4.278 4.732 5.407 6.355 7.306 8.250 9.187 10.118 10.922 11.601 12.274 12.941 13.603 14.226 14.521 14.535 14.536 14.523 14.498 14.459 14.006 13.260 12.507 11.745 10.975 10.197 9.309 8.372 7.451 6.545 5.655 4.780 4.141 3.633 3.146 2.682 2.240 1.819 1.580 1.419 1.269 1.133 1.009 0.897 0.864 0.859 0.860 0.867 0.879 0.898 0.953 1.022 1.096 1.176 1.271 1.374 1.549 1.736 1.922 2.107 2.292
1.283 1.314 1.342 1.368 1.390 1.440 1.549 1.652 1.749 1.841 1.928 2.137 2.596 3.045 3.483 3.911 4.329 4.907 5.826 6.754 7.664 8.556 9.430 10.203 10.821 11.427 12.020 12.600 13.167 13.477 13.432 13.374 13.303 13.219 13.121 12.703 11.922 11.133 10.335 9.530 8.716 7.866 6.998 6.145 5.307 4.485 3.679 3.087 2.677 2.288 1.922 1.578 1.256 1.064 0.958 0.865 0.784 0.715 0.659 0.653 0.688 0.732 0.780 0.833 0.890 0.978 1.083 1.193 1.308 1.427 1.551 1.719 1.902 2.084 2.265 2.445
1.308 1.329 1.347 1.361 1.373 1.398 1.487 1.571 1.649 1.721 1.788 1.932 2.393 2.837 3.266 3.680 4.077 4.561 5.422 6.271 7.102 7.915 8.711 9.439 10.001 10.551 11.088 11.612 12.124 12.448 12.345 12.228 12.099 11.956 11.800 11.411 10.594 9.769 8.936 8.095 7.246 6.408 5.608 4.824 4.055 3.301 2.563 2.011 1.699 1.409 1.141 0.940 0.765 0.666 0.644 0.625 0.608 0.593 0.580 0.604 0.663 0.726 0.794 0.866 0.942 1.047 1.172 1.303 1.438 1.578 1.723 1.890 2.069 2.246 2.423 2.599
1.337 1.347 1.354 1.358 1.373 1.425 1.540 1.647 1.746 1.836 1.917 2.016 2.422 2.813 3.188 3.547 3.890 4.256 5.038 5.808 6.561 7.295 8.012 8.689 9.195 9.689 10.171 10.639 11.095 11.436 11.274 11.099 10.910 10.709 10.494 10.129 9.277 8.416 7.548 6.671 5.787 4.936 4.271 3.652 3.048 2.461 1.890 1.455 1.283 1.118 0.958 0.805 0.658 0.564 0.552 0.542 0.534 0.529 0.525 0.556 0.634 0.716 0.803 0.895 0.991 1.110 1.257 1.408 1.564 1.724 1.890 2.062 2.236 2.410 2.582 2.754
1.513 1.560 1.607 1.653 1.699 1.744 1.827 1.905 1.974 2.035 2.087 2.131 2.466 2.802 3.123 3.428 3.718 3.991 4.675 5.366 6.040 6.696 7.334 7.954 8.405 8.843 9.269 9.682 10.082 10.439 10.219 9.985 9.738 9.489 9.237 8.920 8.100 7.297 6.510 5.740 4.986 4.272 3.709 3.162 2.631 2.117 1.619 1.203 1.059 0.921 0.790 0.664 0.545 0.459 0.457 0.456 0.458 0.462 0.468 0.503 0.600 0.702 0.809 0.919 1.034 1.169 1.336 1.508 1.685 1.866 2.052 2.234 2.404 2.573 2.730 2.851
1.849 1.894 1.938 1.982 2.025 2.068 2.121 2.170 2.210 2.241 2.265 2.280 2.524 2.806 3.073 3.324 3.559 3.779 4.332 4.945 5.540 6.117 6.677 7.218 7.643 8.040 8.417 8.775 9.114 9.434 9.219 8.957 8.688 8.413 8.130 7.841 7.103 6.372 5.658 4.961 4.280 3.621 3.130 2.655 2.197 1.755 1.330 0.945 0.829 0.718 0.615 0.517 0.426 0.353 0.360 0.369 0.380 0.394 0.409 0.445 0.562 0.684 0.809 0.939 1.074 1.228 1.427 1.609 1.776 1.928 2.064 2.185 2.297 2.404 2.505 2.600
2.185 2.227 2.270 2.311 2.352 2.392 2.422 2.442 2.453 2.455 2.450 2.435 2.596 2.824 3.036 3.233 3.436 3.629 4.084 4.640 5.180 5.703 6.208 6.697 7.063 7.375 7.667 7.941 8.195 8.430 8.243 7.950 7.651 7.345 7.033 6.713 6.089 5.431 4.790 4.166 3.557 2.966 2.534 2.132 1.746 1.377 1.024 0.688 0.592 0.509 0.433 0.364 0.300 0.244 0.261 0.279 0.311 0.394 0.485 0.590 0.763 0.927 1.081 1.226 1.362 1.491 1.621 1.735 1.833 1.916 1.983 2.043 2.130 2.211 2.286 2.355
2.521 2.561 2.601 2.640 2.678 2.716 2.731 2.721 2.707 2.716 2.695 2.643 2.726 2.925 3.113 3.290 3.458 3.615 3.962 4.444 4.909 5.357 5.788 6.203 6.505 6.732 6.940 7.128 7.298 7.448 7.275 6.953 6.623 6.287 5.944 5.594 5.059 4.474 3.906 3.354 2.818 2.299 1.921 1.592 1.279 0.982 0.702 0.445 0.398 0.387 0.385 0.391 0.406 0.429 0.518 0.620 0.732 0.851 0.978 1.114 1.246 1.369 1.483 1.588 1.683 1.769 1.830 1.875 1.905 1.919 1.918 1.907 1.968 2.023 2.073 2.116
2.857 2.908 3.028 3.144 3.255 3.363 3.417 3.381 3.315 3.217 3.089 2.931 2.900 3.063 3.215 3.357 3.488 3.609 3.859 4.267 4.657 5.031 5.388 5.728 5.969 6.111 6.234 6.338 6.423 6.489 6.316 5.964 5.604 5.237 4.864 4.484 4.012 3.500 3.014 2.604 2.204 1.814 1.539 1.324 1.118 0.921 0.734 0.556 0.524 0.551 0.585 0.628 0.680 0.739 0.857 0.996 1.143 1.299 1.462 1.634 1.738 1.820 1.894 1.958 2.013 2.059 2.055 2.031 1.992 1.938 1.868 1.782 1.813 1.842 1.865 1.883
3.733 3.842 3.948 4.048 4.145 4.238 4.266 4.123 3.950 3.746 3.511 3.246 3.083 3.210 3.326 3.432 3.528 3.613 3.776 4.108 4.424 4.724 5.006 5.272 5.455 5.512 5.551 5.570 5.570 5.560 5.454 5.151 4.843 4.529 4.209 3.883 3.521 3.135 2.758 2.392 2.034 1.687 1.435 1.261 1.096 0.941 0.795 0.658 0.643 0.706 0.777 0.856 0.944 1.040 1.187 1.362 1.546 1.738 1.937 2.145 2.238 2.280 2.313 2.337 2.351 2.356 2.294 2.202 2.095 1.972 1.833 1.679 1.664 1.673 1.679 1.684
4.685 4.779 4.870 4.956 5.038 5.116 5.142 4.892 4.612 4.302 3.961 3.589 3.276 3.366 3.447 3.517 3.577 3.626 3.711 3.969 4.217 4.502 4.764 5.002 5.179 5.228 5.268 5.297 5.316 5.326 5.223 4.895 4.561 4.221 3.875 3.523 3.170 2.826 2.493 2.169 1.854 1.550 1.322 1.189 1.065 0.951 0.845 0.750 0.752 0.851 0.959 1.075 1.200 1.333 1.509 1.720 1.940 2.167 2.403 2.648 2.748 2.749 2.756 2.763 2.745 2.702 2.583 2.422 2.242 2.043 1.825 1.589 1.526 1.525 1.521 1.515
5.639 5.719 5.794 5.866 5.933 5.996 6.045 5.689 5.302 4.885 4.437 3.959 3.477 3.578 3.699 3.818 3.935 4.051 4.165 4.394 4.599 4.781 4.940 5.076 5.176 5.182 5.177 5.162 5.137 5.102 4.999 4.645 4.285 3.919 3.548 3.171 2.808 2.508 2.217 1.936 1.664 1.402 1.198 1.107 1.024 0.950 0.886 0.832 0.852 0.989 1.133 1.286 1.447 1.644 1.925 2.240 2.556 2.873 3.191 3.511 3.650 3.596 3.517 3.413 3.284 3.130 2.925 2.681 2.418 2.137 1.836 1.518 1.390 1.379 1.365 1.349
