DATA/SHG/CPC/2018/20180409.asc
ncols        190
nrows        64
xllcorner    -5100000.000000000000
yllcorner    4130000.000000000000
cellsize     10000.000000000000
NODATA_value  -99999.000
[rows 0 to 33 of 64, columns 0 to 75 of 190]
0.088 0.105 0.123 0.143 0.167 0.193 0.237 0.289 0.344 0.402 0.463 0.528 0.594 0.661 0.730 0.800 0.873 0.947 1.018 1.087 1.157 1.226 1.295 1.365 1.382 1.371 1.358 1.341 1.322 1.300 1.224 1.115 1.002 0.886 0.766 0.645 0.544 0.456 0.365 0.272 0.177 0.079 0.032 0.027 0.021 0.015 0.009 0.003 0.000 0.000 0.000 0.000 0.000 0.000 0.000 0.000 0.000 0.000 0.000 0.000 0.000 0.000 0.000 0.000 0.000 0.000 0.000 0.000 0.000 0.000 0.000 0.000 0.003 0.010 0.016 0.022
0.110 0.135 0.162 0.190 0.220 0.252 0.303 0.366 0.432 0.502 0.574 0.650 0.725 0.798 0.873 0.950 1.029 1.110 1.185 1.254 1.323 1.393 1.463 1.533 1.557 1.536 1.512 1.487 1.465 1.437 1.365 1.246 1.123 0.997 0.866 0.731 0.612 0.515 0.416 0.315 0.211 0.105 0.038 0.032 0.026 0.019 0.012 0.005 0.000 0.000 0.000 0.000 0.000 0.000 0.000 0.000 0.000 0.000 0.000 0.000 0.000 0.000 0.000 0.000 0.000 0.000 0.000 0.000 0.000 0.000 0.000 0.000 0.001 0.006 0.011 0.014
0.136 0.167 0.200 0.235 0.272 0.310 0.365 0.439 0.517 0.598 0.682 0.769 0.854 0.934 1.015 1.098 1.183 1.270 1.351 1.420 1.496 1.579 1.661 1.741 1.782 1.756 1.726 1.690 1.650 1.604 1.527 1.394 1.257 1.116 0.970 0.821 0.683 0.577 0.470 0.360 0.247 0.132 0.045 0.038 0.030 0.023 0.015 0.006 0.000 0.000 0.000 0.000 0.000 0.000 0.000 0.000 0.000 0.000 0.000 0.000 0.000 0.000 0.000 0.000 0.000 0.000 0.000 0.000 0.000 0.000 0.000 0.000 0.000 0.003 0.006 0.007
0.160 0.198 0.237 0.278 0.321 0.365 0.424 0.509 0.598 0.690 0.786 0.884 0.981 1.079 1.187 1.295 1.402 1.510 1.610 1.691 1.770 1.847 1.922 1.996 2.043 2.000 1.951 1.898 1.840 1.777 1.694 1.546 1.394 1.238 1.079 0.914 0.756 0.642 0.526 0.407 0.286 0.162 0.052 0.044 0.035 0.027 0.018 0.008 0.000 0.000 0.000 0.000 0.000 0.000 0.000 0.000 0.000 0.000 0.000 0.000 0.000 0.000 0.000 0.000 0.000 0.000 0.000 0.000 0.000 0.000 0.000 0.000 0.000 0.001 0.001 0.001
0.182 0.226 0.272 0.319 0.368 0.419 0.496 0.615 0.738 0.864 0.994 1.128 1.261 1.368 1.475 1.582 1.689 1.795 1.898 1.973 2.045 2.116 2.185 2.253 2.309 2.248 2.182 2.111 2.035 1.954 1.864 1.702 1.536 1.366 1.191 1.012 0.831 0.709 0.583 0.456 0.326 0.194 0.060 0.049 0.040 0.030 0.021 0.011 0.000 0.000 0.000 0.000 0.000 0.000 0.000 0.000 0.000 0.000 0.000 0.000 0.000 0.000 0.000 0.000 0.000 0.000 0.000 0.000 0.000 0.000 0.000 0.000 0.000 0.000 0.000 0.000
0.221 0.287 0.358 0.436 0.518 0.607 0.702 0.834 0.970 1.110 1.253 1.400 1.550 1.657 1.763 1.869 1.975 2.081 2.186 2.256 2.322 2.387 2.450 2.511 2.570 2.501 2.417 2.328 2.235 2.136 2.032 1.860 1.677 1.491 1.302 1.109 0.913 0.773 0.640 0.504 0.367 0.227 0.085 0.055 0.044 0.034 0.024 0.013 0.002 0.000 0.000 0.000 0.000 0.000 0.000 0.000 0.000 0.000 0.000 0.000 0.000 0.000 0.000 0.000 0.000 0.000 0.000 0.000 0.000 0.000 0.000 0.000 0.000 0.000 0.000 0.000
0.309 0.391 0.483 0.580 0.684 0.793 0.908 1.049 1.198 1.351 1.507 1.667 1.831 1.946 2.051 2.156 2.261 2.366 2.471 2.540 2.601 2.659 2.716 2.778 2.845 2.788 2.689 2.580 2.460 2.330 2.189 2.008 1.813 1.615 1.413 1.207 0.998 0.840 0.699 0.556 0.410 0.262 0.112 0.060 0.049 0.038 0.027 0.016 0.004 0.000 0.000 0.000 0.000 0.000 0.000 0.000 0.000 0.000 0.000 0.000 0.000 0.000 0.000 0.000 0.000 0.000 0.000 0.000 0.000 0.000 0.000 0.000 0.000 0.000 0.000 0.000
0.396 0.489 0.601 0.719 0.842 0.972 1.107 1.260 1.422 1.587 1.757 1.930 2.106 2.234 2.339 2.443 2.566 2.698 2.828 2.921 2.991 3.054 3.112 3.163 3.208 3.141 3.005 2.859 2.702 2.535 2.357 2.160 1.953 1.742 1.527 1.309 1.088 0.909 0.760 0.609 0.455 0.300 0.142 0.066 0.055 0.043 0.031 0.018 0.006 0.000 0.000 0.000 0.000 0.000 0.000 0.000 0.000 0.000 0.000 0.000 0.000 0.000 0.000 0.000 0.000 0.000 0.000 0.000 0.000 0.000 0.000 0.000 0.000 0.000 0.000 0.000
0.479 0.580 0.712 0.850 0.994 1.144 1.299 1.466 1.641 1.850 2.064 2.280 2.497 2.668 2.799 2.929 3.057 3.184 3.310 3.398 3.446 3.488 3.523 3.553 3.576 3.504 3.331 3.148 2.954 2.750 2.536 2.316 2.096 1.872 1.645 1.415 1.181 0.980 0.824 0.664 0.503 0.339 0.174 0.074 0.062 0.049 0.036 0.022 0.008 0.000 0.000 0.000 0.000 0.000 0.000 0.000 0.000 0.000 0.000 0.000 0.000 0.000 0.000 0.000 0.000 0.000 0.000 0.000 0.000 0.000 0.000 0.000 0.000 0.000 0.000 0.000
0.559 0.667 0.857 1.053 1.255 1.464 1.678 1.896 2.112 2.330 2.548 2.767 2.988 3.172 3.299 3.424 3.549 3.672 3.793 3.880 3.907 3.927 3.941 3.949 3.951 3.878 3.668 3.448 3.217 2.976 2.725 2.475 2.242 2.005 1.758 1.512 1.265 1.044 0.879 0.713 0.546 0.378 0.209 0.084 0.070 0.056 0.042 0.027 0.011 0.000 0.000 0.000 0.000 0.000 0.000 0.000 0.000 0.000 0.000 0.000 0.000 0.000 0.000 0.000 0.000 0.000 0.000 0.000 0.000 0.000 0.000 0.000 0.000 0.000 0.000 0.000
0.854 1.012 1.223 1.441 1.665 1.895 2.131 2.366 2.586 2.807 3.030 3.253 3.477 3.678 3.800 3.921 4.041 4.159 4.277 4.369 4.374 4.372 4.365 4.351 4.331 4.262 4.008 3.733 3.450 3.161 2.863 2.570 2.323 2.076 1.829 1.582 1.335 1.101 0.932 0.762 0.591 0.419 0.245 0.094 0.079 0.063 0.048 0.031 0.015 0.000 0.000 0.000 0.000 0.000 0.000 0.000 0.000 0.000 0.000 0.000 0.000 0.000 0.000 0.000 0.000 0.000 0.000 0.000 0.000 0.000 0.000 0.000 0.000 0.000 0.000 0.000
1.170 1.349 1.582 1.821 2.066 2.318 2.576 2.834 3.058 3.283 3.509 3.736 3.964 4.183 4.301 4.418 4.533 4.648 4.761 4.853 4.817 4.773 4.722 4.663 4.597 4.512 4.218 3.917 3.609 3.293 2.970 2.643 2.396 2.148 1.901 1.653 1.405 1.159 0.986 0.812 0.637 0.460 0.283 0.105 0.088 0.071 0.054 0.037 0.019 0.000 0.000 0.000 0.001 0.001 0.001 0.000 0.000 0.000 0.000 0.000 0.000 0.000 0.000 0.000 0.000 0.000 0.000 0.000 0.000 0.000 0.000 0.000 0.000 0.000 0.000 0.000
1.476 1.679 1.933 2.194 2.461 2.734 3.013 3.298 3.528 3.757 3.987 4.218 4.452 4.684 4.796 4.894 4.985 5.068 5.144 5.211 5.158 5.088 5.011 4.927 4.835 4.737 4.436 4.109 3.774 3.433 3.084 2.728 2.468 2.220 1.972 1.724 1.475 1.227 1.041 0.863 0.684 0.503 0.321 0.138 0.098 0.080 0.063 0.045 0.027 0.010 0.007 0.006 0.005 0.004 0.002 0.000 0.000 0.000 0.000 0.000 0.000 0.000 0.000 0.000 0.000 0.000 0.000 0.000 0.000 0.000 0.000 0.000 0.000 0.000 0.000 0.000
1.771 2.007 2.277 2.560 2.848 3.171 3.491 3.804 4.056 4.290 4.519 4.744 4.965 5.180 5.286 5.358 5.422 5.478 5.527 5.568 5.506 5.411 5.308 5.198 5.081 4.956 4.660 4.308 3.948 3.580 3.206 2.824 2.541 2.292 2.044 1.795 1.546 1.288 1.080 0.893 0.709 0.527 0.348 0.170 0.109 0.091 0.074 0.056 0.038 0.021 0.015 0.013 0.010 0.008 0.005 0.001 0.000 0.000 0.000 0.000 0.000 0.000 0.000 0.000 0.000 0.000 0.000 0.000 0.000 0.000 0.000 0.000 0.000 0.000 0.000 0.000
2.234 2.550 2.871 3.187 3.498 3.802 4.100 4.392 4.636 4.854 5.068 5.277 5.481 5.681 5.783 5.828 5.865 5.895 5.917 5.932 5.862 5.741 5.612 5.477 5.333 5.183 4.893 4.514 4.128 3.735 3.322 2.911 2.594 2.335 2.074 1.813 1.549 1.284 1.069 0.890 0.714 0.540 0.369 0.200 0.120 0.102 0.085 0.067 0.050 0.032 0.023 0.019 0.016 0.012 0.007 0.002 0.000 0.000 0.000 0.000 0.000 0.000 0.000 0.000 0.000 0.000 0.000 0.000 0.000 0.000 0.000 0.000 0.000 0.000 0.000 0.000
2.925 3.256 3.573 3.867 4.156 4.439 4.715 4.985 5.220 5.422 5.620 5.813 6.001 6.185 6.288 6.306 6.317 6.320 6.315 6.303 6.225 6.078 5.919 5.730 5.530 5.319 5.008 4.596 4.185 3.776 3.367 2.960 2.620 2.355 2.089 1.822 1.552 1.282 1.055 0.885 0.717 0.551 0.388 0.227 0.131 0.113 0.096 0.078 0.061 0.043 0.031 0.027 0.021 0.016 0.010 0.005 0.002 0.002 0.002 0.002 0.002 0.001 0.000 0.000 0.000 0.000 0.000 0.000 0.000 0.000 0.000 0.000 0.000 0.000 0.000 0.000
3.609 3.956 4.280 4.553 4.820 5.081 5.336 5.584 5.808 5.995 6.176 6.353 6.526 6.694 6.800 6.785 6.750 6.707 6.655 6.594 6.482 6.276 6.059 5.832 5.593 5.344 5.035 4.628 4.221 3.815 3.411 3.008 2.648 2.378 2.106 1.833 1.558 1.281 1.039 0.877 0.717 0.560 0.405 0.252 0.141 0.124 0.106 0.089 0.073 0.056 0.042 0.037 0.032 0.026 0.020 0.013 0.009 0.008 0.007 0.005 0.004 0.002 0.000 0.000 0.000 0.000 0.000 0.000 0.000 0.000 0.000 0.000 0.000 0.000 0.000 0.000
4.288 4.650 4.993 5.244 5.490 5.729 5.962 6.189 6.404 6.574 6.732 6.877 7.010 7.130 7.207 7.151 7.085 7.011 6.929 6.837 6.711 6.467 6.212 5.945 5.668 5.380 5.062 4.658 4.255 3.854 3.453 3.054 2.678 2.402 2.124 1.845 1.565 1.282 1.020 0.866 0.717 0.572 0.428 0.285 0.163 0.146 0.129 0.111 0.093 0.074 0.056 0.050 0.044 0.037 0.030 0.022 0.015 0.014 0.011 0.009 0.006 0.003 0.000 0.000 0.000 0.000 0.000 0.000 0.000 0.000 0.000 0.000 0.000 0.000 0.000 0.000
4.960 5.342 5.712 5.946 6.175 6.400 6.622 6.839 7.048 7.174 7.288 7.390 7.479 7.555 7.613 7.525 7.429 7.325 7.211 7.089 6.952 6.669 6.375 6.070 5.754 5.428 5.088 4.688 4.289 3.891 3.495 3.100 2.709 2.422 2.134 1.851 1.573 1.300 1.035 0.891 0.749 0.607 0.467 0.327 0.191 0.172 0.153 0.133 0.113 0.092 0.071 0.064 0.056 0.048 0.040 0.031 0.023 0.020 0.016 0.013 0.009 0.005 0.000 0.000 0.000 0.000 0.000 0.000 0.000 0.000 0.000 0.000 0.000 0.000 0.000 0.000
5.703 6.067 6.426 6.657 6.873 7.084 7.291 7.495 7.694 7.787 7.857 7.915 7.960 7.993 8.014 7.909 7.782 7.647 7.503 7.350 7.189 6.883 6.550 6.207 5.852 5.487 5.101 4.694 4.286 3.879 3.473 3.069 2.665 2.375 2.105 1.839 1.578 1.322 1.072 0.919 0.780 0.642 0.505 0.369 0.234 0.199 0.178 0.156 0.134 0.111 0.087 0.077 0.068 0.060 0.050 0.041 0.031 0.026 0.022 0.018 0.013 0.007 0.001 0.000 0.000 0.000 0.000 0.000 0.000 0.000 0.000 0.000 0.000 0.000 0.000 0.000
6.453 6.798 7.136 7.373 7.574 7.771 7.964 8.154 8.339 8.413 8.439 8.453 8.455 8.444 8.421 8.301 8.144 7.978 7.804 7.605 7.407 7.079 6.695 6.300 5.892 5.473 5.041 4.627 4.223 3.820 3.418 3.017 2.618 2.324 2.070 1.822 1.578 1.340 1.106 0.945 0.810 0.675 0.542 0.409 0.278 0.227 0.204 0.180 0.155 0.130 0.105 0.092 0.084 0.076 0.066 0.056 0.044 0.037 0.031 0.025 0.018 0.010 0.002 0.000 0.000 0.000 0.000 0.000 0.000 0.000 0.000 0.000 0.000 0.000 0.000 0.000
7.209 7.533 7.851 8.091 8.278 8.462 8.641 8.816 8.988 9.050 9.033 9.003 8.894 8.788 8.684 8.521 8.321 8.125 7.934 7.747 7.564 7.243 6.817 6.379 5.929 5.467 4.993 4.560 4.159 3.760 3.362 2.965 2.569 2.267 2.031 1.800 1.574 1.352 1.136 0.971 0.839 0.708 0.578 0.449 0.323 0.261 0.239 0.216 0.192 0.167 0.140 0.123 0.112 0.100 0.088 0.074 0.059 0.049 0.041 0.033 0.024 0.014 0.004 0.000 0.000 0.000 0.000 0.000 0.000 0.000 0.000 0.000 0.000 0.000 0.000 0.000
7.969 8.273 8.572 8.813 8.973 9.066 9.145 9.210 9.260 9.234 9.129 9.026 8.926 8.828 8.732 8.596 8.411 8.231 8.055 7.884 7.717 7.419 6.951 6.471 5.979 5.475 4.958 4.491 4.095 3.699 3.305 2.912 2.520 2.205 1.986 1.773 1.564 1.357 1.153 0.985 0.858 0.735 0.616 0.500 0.389 0.318 0.293 0.266 0.238 0.208 0.178 0.155 0.141 0.126 0.110 0.093 0.075 0.061 0.051 0.041 0.030 0.019 0.007 0.000 0.000 0.000 0.000 0.000 0.000 0.000 0.000 0.000 0.000 0.000 0.000 0.000
8.609 8.815 8.997 9.130 9.188 9.231 9.260 9.275 9.276 9.238 9.141 9.047 8.955 8.865 8.778 8.666 8.497 8.332 8.172 8.016 7.864 7.609 7.098 6.576 6.041 5.495 4.936 4.421 4.029 3.637 3.241 2.849 2.461 2.132 1.927 1.725 1.527 1.334 1.144 0.980 0.866 0.757 0.651 0.549 0.451 0.377 0.347 0.316 0.284 0.251 0.217 0.188 0.170 0.152 0.133 0.113 0.092 0.074 0.062 0.050 0.037 0.024 0.010 0.000 0.000 0.000 0.000 0.000 0.000 0.000 0.000 0.000 0.000 0.000 0.000 0.000
9.128 9.248 9.344 9.410 9.417 9.411 9.390 9.355 9.306 9.240 9.151 9.065 8.981 8.900 8.821 8.732 8.578 8.428 8.284 8.143 8.007 7.810 7.250 6.631 6.022 5.425 4.838 4.291 3.901 3.516 3.135 2.759 2.388 2.050 1.858 1.670 1.487 1.307 1.131 0.971 0.871 0.774 0.682 0.593 0.509 0.436 0.402 0.367 0.332 0.295 0.257 0.221 0.201 0.179 0.157 0.134 0.109 0.086 0.072 0.057 0.043 0.028 0.013 0.000 0.000 0.000 0.000 0.000 0.000 0.000 0.000 0.000 0.000 0.000 0.000 0.000
9.672 9.707 9.718 9.704 9.662 9.606 9.535 9.451 9.352 9.239 9.159 9.081 9.005 8.932 8.861 8.780 8.589 8.391 8.185 7.972 7.751 7.520 6.928 6.347 5.776 5.217 4.668 4.132 3.759 3.390 3.025 2.665 2.310 1.963 1.785 1.612 1.442 1.276 1.114 0.958 0.871 0.788 0.709 0.634 0.562 0.496 0.458 0.420 0.380 0.338 0.296 0.254 0.230 0.205 0.179 0.152 0.124 0.095 0.080 0.065 0.049 0.033 0.016 0.000 0.000 0.000 0.000 0.000 0.000 0.000 0.000 0.000 0.000 0.000 0.000 0.000
10.242 10.192 10.117 10.018 9.922 9.816 9.696 9.562 9.406 9.230 9.119 9.013 8.898 8.776 8.646 8.507 8.301 8.077 7.845 7.606 7.360 7.107 6.595 6.051 5.519 4.997 4.487 3.987 3.612 3.259 2.911 2.567 2.228 1.893 1.709 1.549 1.393 1.241 1.093 0.949 0.868 0.802 0.738 0.675 0.614 0.553 0.510 0.467 0.424 0.380 0.335 0.289 0.259 0.231 0.201 0.171 0.139 0.107 0.089 0.072 0.055 0.038 0.020 0.002 0.000 0.000 0.000 0.000 0.000 0.000 0.000 0.000 0.000 0.000 0.001 0.003
10.839 10.690 10.503 10.288 10.102 9.930 9.749 9.559 9.359 9.150 8.996 8.861 8.719 8.568 8.410 8.243 8.021 7.771 7.514 7.250 6.978 6.699 6.250 5.745 5.251 4.767 4.295 3.833 3.460 3.124 2.791 2.464 2.141 1.823 1.631 1.489 1.353 1.222 1.096 0.976 0.899 0.839 0.779 0.721 0.664 0.608 0.561 0.515 0.469 0.422 0.374 0.325 0.290 0.258 0.225 0.191 0.156 0.120 0.098 0.080 0.062 0.043 0.024 0.004 0.000 0.000 0.000 0.001 0.001 0.000 0.001 0.002 0.004 0.006 0.008 0.011
11.330 11.070 10.781 10.462 10.198 9.993 9.779 9.556 9.323 9.081 8.882 8.719 8.548 8.370 8.183 7.988 7.749 7.474 7.191 6.901 6.604 6.299 5.895 5.428 4.971 4.526 4.090 3.656 3.285 2.962 2.647 2.342 2.045 1.757 1.565 1.442 1.325 1.212 1.105 1.004 0.930 0.874 0.819 0.765 0.712 0.661 0.612 0.564 0.515 0.465 0.414 0.362 0.321 0.285 0.249 0.212 0.173 0.134 0.107 0.089 0.071 0.053 0.034 0.015 0.008 0.008 0.007 0.006 0.004 0.001 0.002 0.004 0.007 0.011 0.014 0.019
11.845 11.482 11.090 10.668 10.304 10.066 9.819 9.563 9.297 9.021 8.777 8.586 8.387 8.180 7.965 7.742 7.486 7.185 6.876 6.565 6.248 5.915 5.527 5.090 4.660 4.238 3.823 3.415 3.057 2.765 2.481 2.206 1.939 1.682 1.494 1.390 1.291 1.197 1.109 1.027 0.960 0.908 0.857 0.808 0.760 0.713 0.665 0.614 0.561 0.509 0.455 0.400 0.357 0.322 0.285 0.246 0.205 0.161 0.129 0.110 0.091 0.071 0.051 0.031 0.020 0.017 0.014 0.011 0.007 0.002 0.002 0.006 0.010 0.015 0.020 0.026
12.392 11.926 11.431 10.906 10.420 10.150 9.869 9.580 9.281 8.972 8.680 8.461 8.265 8.083 7.873 7.636 7.361 7.036 6.694 6.334 5.956 5.561 5.150 4.738 4.334 3.937 3.548 3.166 2.821 2.559 2.305 2.061 1.825 1.598 1.417 1.332 1.252 1.177 1.108 1.044 0.988 0.941 0.895 0.850 0.806 0.769 0.730 0.682 0.633 0.582 0.530 0.478 0.428 0.386 0.341 0.294 0.245 0.193 0.152 0.132 0.111 0.090 0.069 0.047 0.031 0.027 0.022 0.017 0.011 0.004 0.002 0.007 0.013 0.019 0.026 0.033
12.970 12.401 11.804 11.176 10.547 10.283 10.042 9.802 9.561 9.320 9.082 8.859 8.608 8.330 8.025 7.693 7.333 6.946 6.543 6.122 5.683 5.227 4.765 4.379 4.001 3.630 3.266 2.910 2.576 2.344 2.121 1.907 1.702 1.505 1.335 1.268 1.207 1.151 1.106 1.064 1.026 0.989 0.953 0.921 0.890 0.862 0.831 0.779 0.725 0.671 0.615 0.558 0.502 0.452 0.399 0.344 0.287 0.228 0.175 0.154 0.132 0.109 0.086 0.063 0.044 0.037 0.031 0.023 0.015 0.007 0.004 0.018 0.031 0.043 0.054 0.064
13.780 13.169 12.523 11.842 11.125 10.845 10.604 10.363 10.122 9.881 9.640 9.326 8.980 8.607 8.206 7.779 7.324 6.875 6.411 5.928 5.429 4.912 4.377 4.013 3.660 3.315 2.977 2.646 2.323 2.121 1.929 1.756 1.591 1.431 1.280 1.237 1.197 1.161 1.129 1.101 1.077 1.048 1.020 0.995 0.973 0.953 0.933 0.876 0.819 0.760 0.700 0.639 0.578 0.519 0.459 0.396 0.332 0.264 0.199 0.176 0.152 0.129 0.104 0.083 0.069 0.070 0.069 0.068 0.067 0.064 0.062 0.072 0.082 0.090 0.098 0.104
14.941 14.207 13.437 12.632 11.791 11.406 11.165 10.924 10.683 10.442 10.201 9.821 9.380 8.912 8.416 7.894 7.344 6.823 6.297 5.754 5.194 4.616 4.020 3.643 3.335 3.032 2.734 2.440 2.151 1.970 1.814 1.665 1.523 1.388 1.259 1.216 1.190 1.168 1.149 1.135 1.124 1.104 1.085 1.068 1.053 1.041 1.031 0.975 0.913 0.851 0.787 0.722 0.656 0.589 0.521 0.451 0.386 0.330 0.269 0.255 0.241 0.223 0.202 0.177 0.149 0.146 0.143 0.139 0.134 0.128 0.121 0.128 0.134 0.139 0.143 0.145
