DATA/SHG/ECMWF/20170628/EN-4/20170707.en-4.asc
ncols        190
nrows        64
xllcorner    -5100000.000000000000
yllcorner    4130000.000000000000
cellsize     10000.000000000000
NODATA_value  -99999.000
[rows 32 to 63 of 64, columns 73 to 145 of 190]
2.732 3.084 3.432 3.775 4.114 4.448 4.778 5.104 5.425 5.742 6.054 6.362 6.567 6.278 5.988 5.695 5.401 5.105 4.808 4.509 4.208 3.909 3.612 3.313 3.341 4.514 5.722 6.967 8.246 9.562 10.913 12.300 13.723 15.182 16.676 18.206 18.848 17.737 16.572 15.353 14.082 12.757 11.378 9.946 8.503 7.188 5.919 4.695 4.731 6.115 7.453 8.746 9.992 11.193 12.348 13.457 14.520 15.538 16.509 17.435 18.325 19.224 20.140 21.072 22.019 22.983 23.962 24.958 25.969 26.996 28.039 29.098 30.347
2.636 2.972 3.305 3.633 3.956 4.275 4.590 4.900 5.206 5.507 5.804 6.097 6.364 6.069 5.772 5.474 5.174 4.872 4.568 4.263 3.956 3.651 3.348 3.043 2.901 4.232 5.599 7.002 8.440 9.915 11.424 12.970 14.551 16.168 17.820 19.460 20.244 18.766 17.332 15.945 14.603 13.307 12.057 10.852 9.693 8.579 7.511 6.489 6.277 7.459 8.595 9.685 10.729 11.728 12.680 13.587 14.448 15.263 16.032 16.756 17.574 18.544 19.531 20.533 21.551 22.585 23.635 24.701 25.783 26.881 27.995 29.124 30.112
2.582 2.864 3.181 3.494 3.802 4.106 4.406 4.701 4.991 5.277 5.559 5.836 6.109 5.861 5.558 5.254 4.948 4.640 4.331 4.020 3.707 3.395 3.086 2.776 2.464 3.911 5.493 7.262 8.961 10.590 12.149 13.637 15.055 16.403 17.681 18.888 19.772 18.495 17.263 16.077 14.937 13.842 12.793 11.790 10.832 9.920 9.053 8.232 7.870 8.849 9.783 10.671 11.513 12.309 13.059 13.764 14.423 15.036 15.603 16.125 16.807 17.848 18.905 19.978 21.067 22.172 23.293 24.429 25.582 26.750 27.934 29.134 29.973
2.524 2.761 3.063 3.360 3.653 3.942 4.226 4.505 4.781 5.051 5.318 5.580 5.837 5.655 5.346 5.036 4.724 4.410 4.307 4.510 4.694 4.808 4.856 4.888 4.906 6.264 7.793 9.252 10.640 11.958 13.206 14.384 15.492 16.529 17.496 18.393 19.220 18.175 17.145 16.161 15.222 14.328 13.481 12.678 11.922 11.211 10.545 9.926 9.509 10.286 11.017 11.703 12.343 12.937 13.485 13.988 14.445 14.856 15.222 15.541 16.025 17.137 18.264 19.408 20.567 21.743 22.934 24.141 25.364 26.603 27.858 29.128 29.930
2.461 2.661 2.948 3.230 3.508 3.781 4.050 4.314 4.574 4.830 5.081 5.583 6.408 6.865 7.095 7.307 7.501 7.676 7.832 7.969 8.088 8.136 8.118 8.085 8.037 8.950 10.168 11.316 12.394 13.402 14.340 15.207 16.005 16.732 17.389 17.976 18.492 17.807 16.978 16.195 15.457 14.765 14.118 13.517 12.962 12.452 11.987 11.569 11.195 11.769 12.298 12.782 13.220 13.612 13.958 14.259 14.514 14.724 14.887 15.005 15.228 16.410 17.608 18.822 20.052 21.298 22.560 23.837 25.131 26.440 27.765 29.106 29.984
2.394 2.566 2.838 3.104 3.592 4.304 5.049 5.825 6.632 7.470 8.340 9.242 10.175 10.728 10.894 11.040 11.168 11.278 11.369 11.441 11.494 11.477 11.393 11.294 11.181 11.711 12.619 13.456 14.224 14.922 15.549 16.107 16.594 17.011 17.358 17.635 17.842 17.390 16.762 16.180 15.643 15.152 14.706 14.306 13.952 13.643 13.379 13.162 12.989 13.297 13.625 13.907 14.143 14.333 14.478 14.577 14.631 14.638 14.600 14.517 14.414 15.667 16.936 18.220 19.521 20.837 22.169 23.517 24.881 26.261 27.657 29.068 30.133
3.589 4.181 4.908 5.667 6.457 7.279 8.132 9.016 9.932 10.879 11.857 12.867 13.908 14.604 14.704 14.785 14.848 14.893 14.918 14.925 14.913 14.831 14.681 14.516 14.337 14.546 15.144 15.672 16.129 16.517 16.835 17.082 17.259 17.367 17.404 17.371 17.268 16.924 16.497 16.116 15.780 15.490 15.245 15.046 14.892 14.784 14.721 14.704 14.733 14.873 14.998 15.078 15.113 15.102 15.045 14.942 14.794 14.600 14.361 14.075 13.745 14.909 16.248 17.603 18.974 20.361 21.763 23.182 24.616 26.066 27.532 29.014 30.378
5.972 6.688 7.524 8.391 9.290 10.220 11.181 12.174 13.198 14.254 15.341 16.459 17.609 18.492 18.527 18.543 18.541 18.520 18.480 18.422 18.345 18.197 17.981 17.751 17.506 17.456 17.744 17.962 18.110 18.188 18.196 18.133 18.001 17.799 17.527 17.184 16.772 16.409 16.183 16.003 15.868 15.779 15.735 15.736 15.783 15.876 16.014 16.197 16.426 16.494 16.418 16.296 16.129 15.916 15.658 15.354 15.004 14.609 14.168 13.682 13.150 14.135 15.545 16.970 18.412 19.831 21.138 22.402 23.621 24.797 25.929 27.018 28.063
8.310 9.162 10.106 11.082 12.089 13.128 14.198 15.299 16.431 17.595 18.790 20.017 21.275 22.392 22.361 22.313 22.245 22.159 22.054 21.931 21.789 21.576 21.294 20.998 20.687 20.441 20.420 20.328 20.166 19.934 19.633 19.261 18.819 18.307 17.726 17.074 16.352 15.846 15.820 15.841 15.907 16.018 16.175 16.377 16.624 16.917 17.256 17.640 18.069 18.161 17.884 17.561 17.192 16.778 16.318 15.813 15.243 14.590 13.938 13.286 12.635 13.321 14.610 15.856 17.059 18.218 19.333 20.404 21.432 22.416 23.356 24.253 25.106
10.604 11.604 12.656 13.740 14.856 16.003 17.181 18.391 19.631 20.904 22.207 23.542 24.908 26.304 26.209 26.095 25.962 25.811 25.641 25.453 25.246 24.967 24.620 24.258 23.882 23.501 23.170 22.768 22.297 21.756 21.145 20.464 19.713 18.892 18.001 17.041 16.010 15.233 15.409 15.630 15.896 16.208 16.565 16.968 17.416 17.909 18.448 19.011 19.417 19.337 18.682 18.028 17.375 16.722 16.070 15.418 14.767 14.117 13.467 12.817 12.168 12.520 13.618 14.672 15.683 16.649 17.573 18.452 19.288 20.081 20.830 21.535 22.196
12.853 14.006 15.173 16.366 17.590 18.845 20.131 21.449 22.798 24.179 25.590 27.034 28.508 30.014 30.068 29.889 29.691 29.475 29.240 28.987 28.715 28.371 27.958 27.531 27.089 26.632 25.995 25.284 24.504 23.653 22.733 21.743 20.683 19.553 18.353 17.084 15.744 14.573 15.009 15.924 16.729 17.422 18.004 18.475 18.835 19.084 19.221 19.247 19.162 18.845 18.193 17.542 16.891 16.240 15.590 14.941 14.292 13.644 12.996 12.349 11.702 11.764 12.671 13.533 14.352 15.127 15.859 16.547 17.191 17.792 18.349 18.863 19.333
15.059 16.363 17.658 18.959 20.291 21.654 23.049 24.475 25.932 27.421 28.941 30.492 32.074 33.688 33.940 33.696 33.433 33.152 32.852 32.533 32.196 31.787 31.309 30.816 30.308 29.786 28.894 27.875 26.785 25.618 24.341 23.201 22.197 21.330 20.600 20.006 19.549 19.239 19.775 20.200 20.514 20.717 20.809 20.789 20.659 20.417 20.065 19.601 19.026 18.354 17.704 17.055 16.406 15.758 15.110 14.463 13.817 13.171 12.526 11.881 11.236 11.054 11.769 12.439 13.067 13.650 14.190 14.687 15.140 15.549 15.915 16.237 16.515
17.219 18.676 20.110 21.519 22.959 24.431 25.934 27.468 29.033 30.630 32.258 33.917 35.607 37.329 37.824 37.515 37.187 36.841 36.476 36.093 35.691 34.565 33.416 32.298 31.210 30.153 28.995 27.911 26.963 26.152 25.478 24.940 24.539 24.274 24.146 24.155 24.300 24.582 24.656 24.591 24.415 24.127 23.729 23.219 22.599 21.868 21.025 20.071 19.007 17.863 17.215 16.568 15.922 15.276 14.631 13.986 13.342 12.698 12.055 11.413 10.771 10.389 10.912 11.391 11.827 12.219 12.568 12.873 13.134 13.352 13.527 13.658 13.745
19.336 20.945 22.529 24.046 25.595 27.174 28.785 30.427 32.101 33.806 35.542 37.309 39.107 40.937 40.758 39.411 38.102 36.831 35.598 34.404 33.247 32.165 31.150 30.165 29.211 28.286 27.571 27.089 26.743 26.535 26.462 26.527 26.727 27.065 27.538 28.149 28.896 29.779 29.651 29.096 28.430 27.653 26.765 25.766 24.655 23.434 22.102 20.659 19.105 17.441 16.727 16.082 15.438 14.794 14.151 13.509 12.867 12.226 11.585 10.945 10.305 9.769 10.100 10.388 10.633 10.834 10.991 11.105 11.175 11.202 11.185 11.124 11.020
21.408 23.169 24.916 26.541 28.198 29.885 31.604 32.550 33.445 34.306 35.131 35.921 36.675 37.395 37.402 36.187 35.010 33.871 32.770 31.708 30.684 29.734 28.852 28.001 27.180 26.389 25.996 26.116 26.372 26.765 27.295 27.961 28.763 29.702 30.777 31.989 33.337 34.822 34.761 33.716 32.560 31.294 29.916 28.427 26.828 25.118 23.296 21.364 19.321 17.167 16.238 15.596 14.954 14.313 13.672 13.032 12.392 11.753 11.115 10.477 9.839 9.202 9.334 9.431 9.484 9.493 9.460 9.382 9.261 9.097 8.889 8.637 8.342
22.845 24.107 25.303 26.254 27.169 28.050 28.895 29.704 30.479 31.218 31.922 32.591 33.225 33.823 34.015 32.932 31.887 30.880 29.912 28.981 28.089 27.272 26.523 25.805 25.117 24.460 24.270 24.992 25.850 26.844 27.975 29.243 30.646 32.186 33.863 35.675 37.624 39.710 39.985 38.451 36.806 35.050 33.183 31.205 29.117 26.917 24.607 22.186 19.654 17.012 15.749 15.109 14.470 13.831 13.193 12.555 11.918 11.281 10.645 10.009 9.374 8.739 8.613 8.518 8.380 8.199 7.974 7.705 7.393 7.038 6.639 6.197 5.711
20.830 21.981 23.099 23.929 24.723 25.482 26.206 26.895 27.549 28.167 28.750 29.298 29.811 30.288 30.598 29.647 28.734 27.859 27.022 26.224 25.463 24.779 24.163 23.579 23.024 22.499 22.394 23.717 25.176 26.772 28.504 30.372 32.377 34.518 36.795 39.208 41.758 44.444 45.323 43.300 41.166 38.921 36.565 34.098 31.521 28.833 26.034 23.125 20.105 16.973 15.261 14.623 13.986 13.350 12.714 12.078 11.443 10.809 10.175 9.541 8.909 8.276 7.937 7.651 7.322 6.950 6.534 6.074 5.571 5.116 4.852 4.578 4.294
18.849 19.889 20.896 21.639 22.312 22.951 23.554 24.121 24.654 25.152 25.614 26.041 26.433 26.790 27.111 26.331 25.550 24.807 24.102 23.436 22.807 22.254 21.772 21.321 20.899 20.508 20.368 22.292 24.352 26.549 28.881 31.350 33.955 36.697 39.574 42.588 45.738 49.024 50.775 48.263 45.640 42.907 40.062 37.107 34.042 30.865 27.578 24.180 20.672 17.052 14.773 14.137 13.503 12.868 12.234 11.601 10.969 10.336 9.705 9.074 8.491 8.042 7.713 7.475 7.226 6.968 6.700 6.421 6.133 5.834 5.526 5.208 4.879
16.900 17.829 18.725 19.385 19.937 20.454 20.937 21.383 21.795 22.172 22.513 22.820 23.091 23.327 23.528 22.985 22.336 21.725 21.152 20.616 20.119 19.699 19.350 19.032 18.743 18.484 18.256 20.716 23.377 26.174 29.107 32.176 35.381 38.723 42.200 45.814 49.564 53.450 56.342 53.341 50.230 47.008 43.675 40.232 36.678 33.013 29.238 25.352 21.356 17.249 14.285 13.723 13.679 13.548 13.328 13.019 12.623 12.138 11.566 10.905 10.156 9.318 8.750 8.467 8.175 7.872 7.560 7.237 6.904 6.562 6.209 5.846 5.474
14.984 15.801 16.586 17.166 17.597 17.994 18.355 18.681 18.972 19.228 19.449 19.634 19.785 19.900 19.981 19.609 19.091 18.611 18.170 17.766 17.401 17.113 16.897 16.711 16.556 16.430 16.335 18.990 22.251 25.648 29.181 32.850 36.655 40.597 44.674 48.887 53.236 57.722 62.022 58.533 54.933 51.223 47.392 43.156 39.107 35.244 31.567 28.077 24.774 21.656 19.312 18.968 18.536 18.016 17.408 16.712 15.928 15.055 14.094 13.046 11.909 10.684 9.796 9.469 9.132 8.785 8.429 8.062 7.685 7.298 6.902 6.495 6.078
13.099 13.806 14.480 14.982 15.293 15.569 15.809 16.015 16.185 16.320 16.420 16.485 16.515 16.510 16.469 16.202 15.816 15.468 15.158 14.886 14.652 14.496 14.413 14.360 14.337 14.344 14.382 17.114 20.975 24.972 29.104 33.373 37.778 42.318 46.453 50.462 54.372 58.182 61.893 58.378 54.401 50.611 47.007 43.590 40.359 37.314 34.455 31.782 29.296 26.996 25.032 24.300 23.480 22.572 21.576 20.492 19.320 18.059 16.711 15.275 13.750 12.137 10.851 10.480 10.099 9.708 9.307 8.896 8.475 8.044 7.603 7.152 6.691
11.248 11.843 12.407 12.834 13.024 13.179 13.299 13.383 13.433 13.448 13.427 13.372 13.281 13.155 12.994 12.764 12.510 12.293 12.115 11.974 11.872 11.848 11.898 11.978 12.088 12.514 13.019 15.843 20.112 24.281 28.352 32.323 36.194 39.966 43.639 47.213 50.687 54.061 57.337 55.342 52.183 49.211 46.425 43.825 41.411 39.184 37.142 35.287 33.618 32.135 30.838 29.718 28.510 27.214 25.831 24.359 22.799 21.151 19.416 17.592 15.680 13.680 11.914 11.499 11.074 10.639 10.194 9.739 9.274 8.799 8.314 7.819 7.314
9.429 9.913 10.366 10.721 10.790 10.824 10.824 10.788 10.717 10.611 10.470 10.294 10.083 9.836 9.555 9.296 9.173 9.353 9.710 10.111 10.555 11.039 11.558 12.111 12.697 13.318 13.973 16.189 20.022 23.756 27.391 30.926 34.362 37.699 40.936 44.074 47.113 50.053 52.893 52.109 49.768 47.613 45.644 43.861 42.264 40.854 39.629 38.591 37.738 37.072 36.592 35.222 33.626 31.943 30.172 28.313 26.366 24.331 22.208 19.997 17.698 15.310 12.987 12.528 12.059 11.580 11.091 10.592 10.082 9.563 9.034 8.495 7.946
7.642 8.015 8.357 8.643 8.592 8.505 8.384 8.228 8.036 7.810 7.765 7.812 7.856 7.898 7.938 8.043 8.463 8.926 9.432 9.980 10.572 11.205 11.874 12.576 13.313 14.083 14.888 16.644 20.042 23.340 26.540 29.640 32.640 35.542 38.344 41.047 43.651 46.155 48.561 48.679 47.155 45.817 44.665 43.699 42.919 42.324 41.916 41.694 41.658 41.807 42.143 40.812 38.829 36.759 34.601 32.354 30.020 27.598 25.088 22.490 19.803 17.030 14.168 13.566 13.053 12.530 11.996 11.453 10.900 10.337 9.763 9.180 8.587
5.887 6.150 6.381 6.722 6.798 6.851 6.901 6.950 6.995 7.039 7.080 7.119 7.155 7.189 7.221 7.281 7.849 8.460 9.114 9.811 10.551 11.333 12.151 13.003 13.889 14.810 15.764 17.208 20.171 23.034 25.798 28.463 31.029 33.496 35.863 38.131 40.300 42.370 44.341 45.052 44.345 43.823 43.488 43.338 43.374 43.596 44.004 44.597 45.377 46.342 47.493 46.488 44.119 41.661 39.116 36.482 33.761 30.952 28.055 25.070 21.997 18.837 15.588 14.613 14.056 13.488 12.911 12.324 11.727 11.119 10.502 9.875 9.238
4.973 5.349 5.711 6.060 6.164 6.209 6.251 6.292 6.330 6.365 6.398 6.429 6.458 6.484 6.507 6.529 7.197 7.956 8.758 9.603 10.491 11.422 12.390 13.391 14.427 15.497 16.600 17.882 20.409 22.838 25.167 27.397 29.528 31.560 33.493 35.327 37.061 38.696 40.232 41.230 41.338 41.633 42.113 42.779 43.630 44.668 45.891 47.300 48.895 50.675 52.642 52.251 49.494 46.650 43.718 40.697 37.590 34.394 31.110 27.739 24.280 20.732 17.097 15.669 15.068 14.456 13.835 13.204 12.562 11.911 11.250 10.579 9.897
4.464 4.793 5.109 5.411 5.533 5.570 5.605 5.637 5.667 5.694 5.719 5.742 5.763 5.781 5.796 5.810 6.507 7.414 8.364 9.357 10.392 11.472 12.589 13.740 14.926 16.145 17.398 18.685 20.757 22.751 24.646 26.441 28.138 29.735 31.234 32.633 33.933 35.134 36.236 37.210 38.135 39.245 40.540 42.022 43.689 45.541 47.579 49.803 52.213 54.808 57.589 58.099 54.956 51.725 48.406 45.000 41.505 37.923 34.253 30.495 26.649 22.716 18.695 16.734 16.089 15.377 14.510 13.657 12.818 11.993 11.182 10.385 9.603
3.969 4.251 4.520 4.776 4.905 4.934 4.961 4.985 5.007 5.026 5.043 5.058 5.071 5.081 5.088 5.094 5.779 6.834 7.931 9.072 10.255 11.483 12.750 14.051 15.385 16.754 18.156 19.593 21.214 22.774 24.234 25.595 26.857 28.021 29.085 30.050 30.916 31.683 32.351 32.995 34.735 36.660 38.770 41.066 43.548 46.215 49.068 52.107 55.331 58.740 62.335 64.034 60.504 56.887 53.181 49.388 45.390 40.675 36.058 31.539 27.119 22.797 18.573 16.080 15.246 14.427 13.621 12.829 12.052 11.289 10.539 9.804 9.083
3.487 3.722 3.945 4.153 4.280 4.301 4.319 4.336 4.350 4.361 4.370 4.377 4.382 4.384 4.383 4.381 5.012 6.215 7.460 8.748 10.079 11.456 12.872 14.322 15.806 17.324 18.876 20.461 21.781 22.906 23.932 24.859 25.687 26.416 27.046 27.578 28.010 28.343 28.577 28.712 31.138 33.878 36.803 39.914 43.210 46.691 50.358 54.195 57.330 60.338 63.218 64.716 59.939 55.261 50.681 46.199 41.815 37.529 33.342 29.253 25.262 21.369 17.574 14.994 14.221 13.463 12.719 11.989 11.273 10.571 9.883 9.209 8.549
3.018 3.207 3.383 3.545 3.658 3.671 3.681 3.689 3.695 3.699 3.700 3.699 3.695 3.690 3.681 3.671 4.207 5.558 6.951 8.386 9.865 11.391 12.956 14.555 16.188 17.855 19.556 21.291 22.456 23.147 23.739 24.232 24.627 24.922 25.119 25.216 25.215 25.114 24.915 25.062 28.056 31.527 34.871 38.086 41.174 44.134 46.967 49.672 52.249 54.698 57.020 58.897 54.550 50.301 46.150 42.098 38.143 34.287 30.529 26.869 23.307 19.843 16.478 13.894 13.184 12.487 11.804 11.136 10.481 9.840 9.214 8.601 8.003
2.562 2.705 2.834 2.949 3.038 3.043 3.046 3.046 3.044 3.040 3.033 3.024 3.012 2.998 2.982 2.964 3.364 4.862 6.403 7.986 9.612 11.286 13.001 14.749 16.531 18.347 20.197 22.081 23.240 23.497 23.540 23.580 23.660 23.781 23.941 24.141 24.381 24.662 24.982 25.343 27.581 30.494 33.279 35.936 38.466 40.868 43.142 45.289 47.308 49.199 50.963 52.599 49.065 45.246 41.524 37.901 34.375 30.948 27.619 24.388 21.255 18.220 15.283 12.782 12.133 11.498 10.876 10.269 9.676 9.097 8.532 7.980 7.443
2.120 2.216 2.298 2.367 2.422 2.419 2.414 2.406 2.396 2.383 2.368 2.351 2.332 2.310 2.286 2.259 2.483 4.129 5.817 7.548 9.321 11.085 12.806 14.490 16.139 17.751 19.327 20.867 21.886 22.021 22.197 22.413 22.669 22.965 23.301 23.676 24.092 24.548 25.044 25.580 27.244 29.598 31.825 33.924 35.896 37.740 39.456 41.045 42.506 43.840 45.046 46.124 43.485 40.094 36.802 33.607 30.511 27.512 24.612 21.809 19.105 16.499 13.991 11.657 11.069 10.495 9.935 9.390 8.858 8.340 7.836 7.346 6.871
