DATA/SHG/ECMWF/20170628/EN-4/20170702.en-4.asc
ncols        190
nrows        64
xllcorner    -5100000.000000000000
yllcorner    4130000.000000000000
cellsize     10000.000000000000
NODATA_value  -99999.000
[rows 0 to 32 of 64, columns 73 to 145 of 190]
6.937 6.946 6.948 6.945 6.936 6.921 6.900 6.873 6.833 6.772 6.709 6.646 6.584 6.522 6.460 6.398 6.336 6.275 6.213 6.152 6.127 6.216 6.298 6.377 6.451 6.522 6.590 6.654 6.714 6.771 6.824 6.874 6.918 6.963 7.014 7.071 7.135 7.205 7.282 7.365 7.455 7.552 7.654 7.764 7.894 8.067 8.235 8.398 8.555 8.706 8.852 8.992 9.127 9.256 9.380 9.498 9.483 9.095 8.706 8.316 7.926 7.536 7.146 6.755 6.363 5.972 5.579 5.187 4.996 5.380 5.779 6.192 6.620
7.398 7.386 7.343 7.295 7.250 7.210 7.174 7.141 7.106 7.044 6.981 6.919 6.857 6.796 6.734 6.673 6.612 6.550 6.490 6.429 6.383 6.456 6.522 6.584 6.643 6.698 6.749 6.797 6.841 6.882 6.919 6.952 6.987 7.060 7.140 7.226 7.319 7.418 7.524 7.636 7.755 7.880 8.012 8.150 8.296 8.444 8.588 8.725 8.857 8.984 9.105 9.220 9.330 9.434 9.533 9.626 9.647 9.257 8.866 8.475 8.083 7.691 7.298 6.905 6.512 6.119 5.725 5.330 5.062 5.512 5.975 6.453 6.946
7.610 7.567 7.529 7.494 7.464 7.437 7.414 7.395 7.377 7.315 7.253 7.192 7.130 7.069 7.008 6.947 6.886 6.826 6.765 6.705 6.645 6.700 6.749 6.795 6.838 6.877 6.912 6.944 6.972 6.996 7.017 7.034 7.048 7.150 7.259 7.374 7.496 7.624 7.759 7.900 8.048 8.202 8.363 8.530 8.703 8.827 8.945 9.058 9.165 9.267 9.363 9.453 9.538 9.618 9.692 9.760 9.811 9.419 9.026 8.633 8.240 7.846 7.451 7.057 6.661 6.266 5.870 5.474 5.181 5.821 6.460 7.098 7.735
7.765 7.736 7.711 7.690 7.673 7.660 7.650 7.644 7.642 7.586 7.525 7.464 7.403 7.342 7.281 7.221 7.161 7.101 7.041 6.981 6.921 6.947 6.980 7.010 7.037 7.059 7.079 7.094 7.106 7.115 7.119 7.121 7.118 7.232 7.370 7.514 7.665 7.822 7.986 8.156 8.333 8.516 8.706 8.902 9.104 9.215 9.308 9.396 9.478 9.555 9.626 9.692 9.752 9.807 9.856 9.899 9.937 9.581 9.187 8.827 8.511 8.211 7.925 7.654 7.399 7.158 6.932 6.721 6.525 7.103 7.737 8.370 9.002
7.917 7.901 7.890 7.882 7.878 7.878 7.882 7.890 7.902 7.856 7.796 7.735 7.675 7.614 7.554 7.494 7.435 7.375 7.315 7.256 7.197 7.198 7.215 7.229 7.239 7.246 7.249 7.248 7.244 7.237 7.225 7.211 7.192 7.308 7.474 7.648 7.827 8.013 8.206 8.405 8.611 8.823 9.041 9.266 9.497 9.608 9.676 9.739 9.797 9.849 9.903 9.967 10.034 10.107 10.183 10.265 10.351 10.136 9.857 9.593 9.344 9.110 8.891 8.686 8.497 8.323 8.163 8.019 7.890 8.384 9.014 9.642 10.269
8.065 8.063 8.065 8.070 8.080 8.093 8.111 8.132 8.157 8.126 8.066 8.006 7.946 7.886 7.827 7.767 7.708 7.649 7.590 7.531 7.472 7.452 7.454 7.451 7.446 7.436 7.423 7.407 7.386 7.363 7.335 7.304 7.270 7.376 7.571 7.773 7.982 8.197 8.419 8.646 8.881 9.133 9.383 9.620 9.843 9.954 10.014 10.079 10.149 10.224 10.302 10.386 10.474 10.566 10.664 10.765 10.871 10.753 10.540 10.343 10.160 9.992 9.840 9.702 9.579 9.471 9.378 9.300 9.237 9.665 10.289 10.913 11.536
8.209 8.220 8.235 8.255 8.278 8.304 8.335 8.370 8.408 8.396 8.336 8.276 8.217 8.158 8.098 8.039 7.981 7.922 7.863 7.805 7.747 7.711 7.696 7.677 7.656 7.630 7.601 7.568 7.532 7.492 7.449 7.402 7.416 7.602 7.900 8.185 8.456 8.713 8.957 9.187 9.404 9.607 9.796 9.972 10.134 10.246 10.327 10.412 10.502 10.597 10.696 10.800 10.908 11.021 11.138 11.260 11.387 11.353 11.207 11.076 10.960 10.859 10.772 10.701 10.644 10.603 10.576 10.565 10.568 10.944 11.564 12.183 12.801
8.349 8.374 8.402 8.435 8.471 8.512 8.556 8.604 8.655 8.665 8.605 8.546 8.487 8.428 8.370 8.311 8.253 8.195 8.137 8.079 8.021 7.972 7.942 7.901 7.874 7.867 7.880 7.914 7.968 8.043 8.137 8.252 8.387 8.575 8.813 9.037 9.247 9.443 9.626 9.796 9.952 10.094 10.223 10.338 10.439 10.533 10.634 10.740 10.850 10.965 11.085 11.208 11.337 11.470 11.608 11.750 11.896 11.938 11.858 11.793 11.743 11.708 11.688 11.683 11.693 11.718 11.758 11.812 11.882 12.223 12.838 13.452 14.065
8.485 8.523 8.566 8.612 8.661 8.715 8.772 8.834 8.899 8.933 8.874 8.815 8.757 8.699 8.640 8.581 8.508 8.421 8.320 8.205 8.075 7.968 7.991 8.034 8.098 8.182 8.286 8.410 8.554 8.719 8.904 9.109 9.335 9.562 9.739 9.902 10.052 10.187 10.310 10.419 10.514 10.595 10.663 10.718 10.759 10.815 10.936 11.062 11.193 11.328 11.468 11.612 11.760 11.914 12.072 12.234 12.401 12.506 12.493 12.494 12.510 12.542 12.588 12.649 12.725 12.816 12.922 13.043 13.179 13.501 14.111 14.720 15.329
8.618 8.669 8.725 8.784 8.847 8.914 8.985 9.060 9.149 9.250 9.212 9.161 9.095 9.015 8.921 8.813 8.691 8.554 8.404 8.239 8.060 7.898 8.012 8.145 8.299 8.473 8.668 8.882 9.117 9.372 9.647 9.943 10.258 10.563 10.679 10.781 10.870 10.945 11.007 11.055 11.090 11.111 11.118 11.112 11.092 11.091 11.233 11.379 11.530 11.685 11.845 12.010 12.179 12.352 12.530 12.713 12.900 13.058 13.111 13.179 13.261 13.359 13.471 13.599 13.741 13.898 14.070 14.257 14.459 14.778 15.383 15.988 16.591
8.746 8.805 8.869 8.951 9.049 9.164 9.296 9.445 9.611 9.790 9.703 9.602 9.487 9.358 9.214 9.057 8.885 8.700 8.500 8.286 8.058 7.816 8.009 8.233 8.477 8.742 9.026 9.331 9.656 10.001 10.367 10.752 11.158 11.577 11.632 11.674 11.702 11.717 11.718 11.705 11.679 11.640 11.587 11.520 11.440 11.363 11.524 11.691 11.862 12.037 12.218 12.402 12.591 12.785 12.983 13.186 13.393 13.594 13.713 13.847 13.996 14.160 14.338 14.532 14.740 14.964 15.202 15.455 15.723 16.054 16.655 17.255 17.853
8.729 8.836 8.960 9.100 9.257 9.432 9.623 9.831 10.056 10.299 10.207 10.056 9.892 9.713 9.520 9.314 9.093 8.858 8.609 8.345 8.068 7.777 7.984 8.298 8.632 8.987 9.362 9.757 10.172 10.607 11.063 11.539 12.035 12.551 12.599 12.580 12.548 12.502 12.442 12.369 12.283 12.183 12.069 11.942 11.801 11.647 11.811 11.997 12.189 12.384 12.585 12.789 12.999 13.213 13.431 13.654 13.881 14.113 14.299 14.499 14.714 14.944 15.189 15.448 15.723 16.012 16.317 16.636 16.880 17.037 17.584 18.253 19.043
8.685 8.851 9.034 9.233 9.450 9.683 9.934 10.201 10.486 10.787 10.722 10.523 10.309 10.081 9.839 9.583 9.313 9.028 8.730 8.418 8.091 7.750 7.936 8.340 8.765 9.209 9.674 10.159 10.665 11.190 11.736 12.302 12.888 13.494 13.579 13.500 13.407 13.301 13.181 13.047 12.900 12.739 12.565 12.378 12.176 11.962 12.092 12.299 12.510 12.726 12.946 13.171 13.401 13.635 13.873 14.116 14.364 14.616 14.869 15.083 15.242 15.397 15.549 15.697 15.841 15.982 16.119 16.253 16.384 16.510 17.534 18.741 20.068
8.625 8.850 9.092 9.351 9.626 9.919 10.229 10.555 10.899 11.259 11.250 11.001 10.738 10.461 10.170 9.864 9.545 9.211 8.864 8.502 8.127 7.736 7.865 8.359 8.874 9.409 9.964 10.539 11.134 11.750 12.385 13.041 13.717 14.413 14.573 14.433 14.280 14.113 13.933 13.739 13.531 13.310 13.076 12.827 12.566 12.291 12.367 12.595 12.826 13.062 13.248 13.386 13.533 13.691 13.859 14.037 14.225 14.423 14.585 14.732 14.875 15.014 15.150 15.283 15.411 15.537 15.659 15.777 15.892 16.003 17.364 19.107 20.971
8.549 8.833 9.134 9.452 9.787 10.139 10.507 10.893 11.295 11.715 11.790 11.492 11.180 10.853 10.513 10.158 9.790 9.407 9.010 8.600 8.175 7.735 7.771 8.355 8.960 9.585 10.230 10.895 11.580 12.286 13.011 13.757 14.523 15.309 15.580 15.380 15.166 14.939 14.698 14.444 14.176 13.806 13.354 12.911 12.476 12.051 11.960 12.102 12.254 12.416 12.589 12.771 12.964 13.167 13.380 13.603 13.836 14.079 14.253 14.384 14.512 14.635 14.756 14.873 14.986 15.096 15.202 15.305 15.404 15.500 17.073 19.353 21.754
8.457 8.800 9.160 9.537 9.931 10.342 10.770 11.214 11.676 12.154 12.343 11.995 11.634 11.258 10.868 10.465 10.047 9.615 9.170 8.710 8.236 7.747 7.654 8.329 9.024 9.738 10.473 11.228 12.003 12.799 13.614 14.450 15.182 15.801 15.958 15.483 15.017 14.560 14.112 13.673 13.242 12.821 12.408 12.004 11.610 11.224 11.110 11.297 11.495 11.702 11.920 12.147 12.385 12.633 12.891 13.159 13.437 13.725 13.925 14.041 14.152 14.261 14.366 14.467 14.565 14.659 14.750 14.837 14.921 15.001 16.662 19.479 22.416
8.349 8.751 9.170 9.607 10.059 10.529 11.016 11.519 12.040 12.577 12.907 12.511 12.100 11.675 11.236 10.784 10.317 9.836 9.341 8.832 8.309 7.771 7.515 8.235 8.913 9.579 10.231 10.870 11.496 12.109 12.708 13.294 13.867 14.427 14.687 14.252 13.825 13.408 12.999 12.599 12.209 11.827 11.454 11.090 10.734 10.388 10.251 10.483 10.726 10.978 11.241 11.513 11.796 12.089 12.392 12.705 13.028 13.361 13.601 13.701 13.797 13.890 13.979 14.065 14.147 14.226 14.301 14.373 14.441 14.506 16.131 19.484 22.957
8.225 8.687 9.165 9.660 10.172 10.700 11.246 11.809 12.388 12.984 13.484 13.038 12.578 12.105 11.617 11.101 10.408 9.737 9.086 8.455 7.846 7.265 6.830 7.463 8.084 8.691 9.284 9.865 10.432 10.986 11.527 12.054 12.569 13.070 13.407 13.012 12.625 12.247 11.878 11.518 11.167 10.825 10.491 10.167 9.851 9.544 9.382 9.659 9.947 10.244 10.552 10.869 11.197 11.535 11.883 12.241 12.609 12.987 13.281 13.366 13.446 13.524 13.597 13.668 13.734 13.797 13.857 13.913 13.966 14.015 15.480 19.368 23.377
8.086 8.606 9.143 9.697 10.268 10.856 11.460 12.082 12.678 13.065 13.433 12.734 12.032 11.349 10.688 10.047 9.426 8.826 8.247 7.688 7.150 6.641 6.159 6.708 7.270 7.818 8.353 8.875 9.384 9.879 10.361 10.830 11.286 11.729 12.120 11.764 11.417 11.079 10.749 10.429 10.117 9.815 9.521 9.236 8.960 8.693 8.504 8.826 9.158 9.501 9.853 10.216 10.589 10.971 11.364 11.767 12.180 12.603 12.965 13.034 13.099 13.161 13.219 13.274 13.325 13.373 13.417 13.458 13.495 13.529 14.710 19.133 23.677
7.931 8.479 8.938 9.376 9.795 10.194 10.572 10.930 11.269 11.587 11.885 11.377 10.746 10.135 9.545 8.976 8.427 7.899 7.391 6.904 6.437 6.000 5.590 5.969 6.472 6.961 7.438 7.901 8.351 8.788 9.212 9.623 10.020 10.404 10.775 10.508 10.201 9.902 9.612 9.331 9.059 8.796 8.542 8.296 8.060 7.832 7.615 7.983 8.360 8.748 9.145 9.553 9.970 10.398 10.836 11.283 11.741 12.209 12.653 12.707 12.756 12.803 12.845 12.885 12.920 12.952 12.981 13.006 13.028 13.046 13.820 18.778 23.856
7.169 7.579 7.968 8.337 8.686 9.014 9.323 9.612 9.880 10.128 10.357 10.002 9.443 8.904 8.386 7.888 7.411 6.954 6.517 6.102 5.706 5.341 5.003 5.245 5.689 6.120 6.538 6.943 7.335 7.714 8.079 8.431 8.770 9.095 9.408 9.245 8.977 8.718 8.467 8.226 7.993 7.770 7.555 7.349 7.152 6.964 6.785 7.130 7.552 7.985 8.427 8.880 9.342 9.815 10.297 10.790 11.293 11.806 12.328 12.383 12.417 12.448 12.475 12.499 12.519 12.536 12.549 12.559 12.565 12.719 13.324 18.898 24.361
6.359 6.698 7.018 7.317 7.596 7.855 8.094 8.313 8.512 8.691 8.849 8.611 8.123 7.656 7.209 6.783 6.377 5.992 5.627 5.283 4.959 4.665 4.400 4.537 4.923 5.295 5.655 6.001 6.335 6.655 6.962 7.255 7.536 7.803 8.057 7.973 7.745 7.525 7.314 7.112 6.919 6.735 6.560 6.393 6.236 6.087 5.947 6.268 6.735 7.212 7.699 8.197 8.704 9.222 9.749 10.287 10.834 11.392 11.959 12.064 12.182 12.459 12.757 13.075 13.413 13.772 14.151 14.550 14.970 15.410 15.871 20.648 25.625
5.569 5.838 6.088 6.317 6.527 6.716 6.886 7.035 7.164 7.273 7.362 7.203 6.787 6.391 6.016 5.661 5.326 5.012 4.719 4.446 4.194 3.972 3.778 3.844 4.172 4.486 4.787 5.075 5.350 5.612 5.860 6.096 6.318 6.527 6.722 6.694 6.505 6.324 6.153 5.991 5.837 5.692 5.557 5.430 5.311 5.202 5.102 5.396 5.908 6.430 6.962 7.562 8.277 9.022 9.798 10.605 11.442 12.310 13.208 13.692 14.039 14.407 14.794 15.202 15.631 16.079 16.548 17.038 17.548 18.078 18.628 22.505 26.995
4.798 4.998 5.178 5.338 5.478 5.597 5.697 5.777 5.836 5.876 5.895 5.779 5.434 5.109 4.805 4.522 4.259 4.016 3.794 3.592 3.411 3.262 3.140 3.167 3.436 3.692 3.935 4.165 4.381 4.585 4.775 4.952 5.116 5.266 5.404 5.406 5.257 5.116 4.984 4.861 4.747 4.642 4.598 4.635 4.665 4.689 4.705 5.085 5.813 6.572 7.361 8.181 9.031 9.912 10.824 11.766 12.739 13.742 14.776 15.436 15.873 16.331 16.808 17.306 17.825 18.363 18.922 19.501 20.101 20.721 21.362 24.468 28.472
4.047 4.178 4.288 4.378 4.448 4.499 4.529 4.539 4.529 4.499 4.449 4.337 4.064 3.810 3.578 3.366 3.174 3.003 2.852 2.722 2.612 2.534 2.484 2.506 2.717 2.915 3.099 3.271 3.429 3.574 3.706 3.824 3.930 4.090 4.361 4.570 4.626 4.674 4.716 4.750 4.777 4.797 4.810 4.816 4.815 4.807 4.792 5.128 5.992 6.886 7.811 8.767 9.753 10.769 11.816 12.894 14.002 15.141 16.310 17.157 17.684 18.231 18.799 19.387 19.995 20.623 21.272 21.941 22.631 23.341 24.071 26.536 30.054
3.316 3.377 3.418 3.439 3.439 3.420 3.381 3.321 3.242 3.142 3.023 2.879 2.677 2.495 2.334 2.193 2.072 1.972 1.893 1.834 1.795 1.788 1.811 1.861 2.041 2.269 2.506 2.752 3.009 3.274 3.550 3.835 4.129 4.433 4.747 5.011 5.035 5.052 5.062 5.064 5.060 5.049 5.030 5.005 4.972 4.933 4.886 5.138 6.138 7.168 8.228 9.319 10.441 11.593 12.775 13.989 15.232 16.506 17.811 18.854 19.471 20.108 20.766 21.444 22.142 22.860 23.599 24.358 25.137 25.937 26.757 28.709 31.742
2.605 2.596 2.568 2.519 2.450 2.361 2.252 2.124 1.975 1.806 1.617 1.408 1.273 1.162 1.072 1.003 0.973 1.085 1.195 1.303 1.411 1.519 1.627 1.734 1.991 2.261 2.540 2.829 3.128 3.436 3.754 4.082 4.419 4.765 5.121 5.458 5.451 5.437 5.415 5.386 5.351 5.308 5.258 5.201 5.137 5.066 4.987 5.116 6.251 7.417 8.613 9.839 11.096 12.383 13.701 15.050 16.429 17.838 19.278 20.529 21.236 21.963 22.710 23.477 24.265 25.073 25.902 26.751 27.620 28.509 29.418 30.988 33.536
1.914 1.835 1.737 1.619 1.481 1.323 1.144 0.946 0.728 0.528 0.465 0.403 0.484 0.596 0.706 0.816 0.924 1.031 1.137 1.242 1.345 1.449 1.553 1.655 1.929 2.242 2.564 2.896 3.237 3.588 3.948 4.318 4.697 5.087 5.485 5.893 5.874 5.828 5.775 5.715 5.648 5.574 5.493 5.404 5.309 5.206 5.096 5.062 6.332 7.633 8.964 10.326 11.718 13.141 14.594 16.078 17.592 19.136 20.711 22.180 22.977 23.793 24.630 25.488 26.365 27.263 28.181 29.120 30.078 31.057 32.057 33.373 35.436
1.242 1.094 0.957 0.887 0.818 0.752 0.688 0.625 0.564 0.506 0.449 0.395 0.452 0.560 0.666 0.772 0.876 0.979 1.081 1.181 1.281 1.380 1.480 1.578 1.857 2.212 2.577 2.951 3.335 3.728 4.131 4.543 4.965 5.397 5.838 6.288 6.305 6.228 6.143 6.052 5.953 5.847 5.735 5.615 5.488 5.354 5.213 5.065 6.381 7.817 9.283 10.780 12.308 13.865 15.454 17.072 18.722 20.401 22.111 23.808 24.695 25.601 26.528 27.475 28.442 29.429 30.437 31.465 32.513 33.582 34.671 35.863 37.442
1.019 0.951 0.886 0.822 0.760 0.701 0.643 0.587 0.534 0.482 0.432 0.384 0.421 0.525 0.627 0.729 0.829 0.928 1.025 1.122 1.217 1.312 1.408 1.502 1.774 2.172 2.579 2.996 3.422 3.857 4.303 4.758 5.222 5.696 6.179 6.672 6.743 6.634 6.518 6.395 6.265 6.128 5.984 5.833 5.674 5.509 5.337 5.157 6.396 7.968 9.569 11.201 12.864 14.557 16.280 18.034 19.818 21.633 23.478 25.353 26.389 27.385 28.402 29.438 30.495 31.572 32.670 33.787 34.925 36.083 37.261 38.232 38.814
0.932 0.871 0.812 0.756 0.701 0.648 0.597 0.548 0.501 0.456 0.413 0.372 0.392 0.491 0.589 0.687 0.783 0.877 0.971 1.063 1.155 1.246 1.337 1.428 1.681 2.121 2.570 3.029 3.498 3.976 4.464 4.961 5.468 5.984 6.510 7.045 7.188 7.048 6.900 6.746 6.585 6.416 6.241 6.058 5.868 5.672 5.468 5.257 6.380 8.086 9.823 11.590 13.387 15.215 17.074 18.962 20.882 22.831 24.811 26.822 28.061 29.147 30.198 31.097 31.924 32.676 33.355 33.961 34.493 34.951 35.335 35.646 36.195
0.843 0.789 0.737 0.687 0.639 0.593 0.549 0.507 0.467 0.428 0.392 0.358 0.363 0.459 0.553 0.646 0.738 0.828 0.918 1.006 1.093 1.180 1.268 1.354 1.576 2.059 2.551 3.052 3.563 4.084 4.614 5.154 5.703 6.262 6.830 7.408 7.640 7.468 7.290 7.104 6.911 6.711 6.504 6.291 6.070 5.842 5.606 5.364 6.331 8.172 10.044 11.946 13.878 15.949 18.226 20.407 22.492 24.483 26.378 28.178 29.242 29.964 30.613 31.187 31.688 32.116 32.470 32.750 32.957 33.090 33.149 33.135 33.583
0.753 0.706 0.661 0.617 0.576 0.537 0.500 0.464 0.431 0.399 0.370 0.342 0.336 0.427 0.517 0.606 0.694 0.780 0.866 0.950 1.033 1.116 1.199 1.281 1.462 1.986 2.521 3.065 3.618 4.181 4.753 5.335 5.927 6.528 7.138 7.759 8.099 7.896 7.686 7.469 7.245 7.014 6.776 6.530 6.455 6.888 7.334 7.794 9.172 11.503 13.739 15.880 17.926 19.876 21.731 23.491 25.155 26.725 28.199 29.577 30.382 30.779 31.102 31.352 31.528 31.630 31.659 31.615 31.496 31.305 31.040 30.701 30.977
