DATA/SHG/ECMWF/20170628/EN-4/20170705.en-4.asc
ncols        190
nrows        64
xllcorner    -5100000.000000000000
yllcorner    4130000.000000000000
cellsize     10000.000000000000
NODATA_value  -99999.000
[rows 0 to 32 of 64, columns 73 to 145 of 190]
3.690 4.110 4.526 4.940 5.351 5.760 6.165 6.568 7.016 7.612 8.215 8.806 9.384 9.949 10.501 11.040 11.567 12.081 12.582 13.071 13.312 12.782 12.266 11.761 11.265 10.779 10.303 9.837 9.381 8.934 8.497 8.071 7.772 7.861 7.951 8.042 8.133 8.226 8.319 8.413 8.508 8.603 8.700 8.797 8.934 9.197 9.475 9.767 10.072 10.391 10.724 11.072 11.433 11.807 12.196 12.599 12.850 12.613 12.363 12.100 11.824 11.535 11.232 10.917 10.588 10.247 9.892 9.524 9.160 8.839 8.522 8.209 7.900
3.359 3.769 4.243 4.725 5.197 5.658 6.108 6.547 7.002 7.574 8.133 8.679 9.212 9.733 10.240 10.735 11.218 11.687 12.144 12.588 12.922 12.435 11.964 11.502 11.050 10.608 10.176 9.754 9.341 8.939 8.546 8.163 7.842 7.935 8.029 8.123 8.218 8.314 8.411 8.509 8.607 8.707 8.807 8.908 9.037 9.362 9.702 10.056 10.423 10.805 11.200 11.609 12.032 12.469 12.920 13.384 13.755 13.460 13.151 12.829 12.495 12.147 11.786 11.412 11.025 10.625 10.212 9.786 9.368 9.063 8.762 8.465 8.172
3.590 4.056 4.511 4.956 5.389 5.812 6.223 6.624 7.021 7.548 8.062 8.564 9.052 9.528 9.992 10.442 10.880 11.305 11.717 12.117 12.503 12.078 11.650 11.232 10.825 10.427 10.038 9.660 9.291 8.932 8.583 8.244 7.915 8.008 8.105 8.203 8.302 8.402 8.502 8.604 8.706 8.809 8.912 9.017 9.125 9.512 9.914 10.330 10.759 11.203 11.660 12.131 12.616 13.115 13.628 14.154 14.672 14.318 13.951 13.571 13.178 12.772 12.352 11.920 11.474 11.016 10.545 10.060 9.609 9.412 9.235 9.078 8.940
3.945 4.373 4.790 5.196 5.591 5.976 6.349 6.711 7.063 7.533 8.003 8.460 8.904 9.336 9.755 10.161 10.554 10.935 11.303 11.658 12.000 11.710 11.326 10.952 10.588 10.234 9.890 9.555 9.230 8.915 8.610 8.315 8.029 8.080 8.181 8.283 8.385 8.489 8.593 8.698 8.803 8.910 9.017 9.125 9.234 9.647 10.111 10.589 11.080 11.586 12.105 12.638 13.185 13.745 14.320 14.908 15.511 15.189 14.764 14.309 13.843 13.390 12.947 12.516 12.097 11.689 11.292 10.907 10.533 10.406 10.316 10.246 10.196
4.310 4.700 5.078 5.446 5.803 6.149 6.484 6.808 7.121 7.531 7.956 8.368 8.768 9.155 9.530 9.891 10.240 10.577 10.900 11.211 11.509 11.332 10.992 10.662 10.342 10.031 9.731 9.440 9.159 8.888 8.626 8.375 8.133 8.151 8.256 8.361 8.467 8.574 8.682 8.790 8.900 9.010 9.121 9.232 9.345 9.767 10.293 10.832 11.386 11.953 12.529 13.101 13.667 14.229 14.785 15.335 15.881 15.635 15.198 14.772 14.358 13.955 13.563 13.183 12.814 12.457 12.111 11.776 11.453 11.379 11.377 11.394 11.431
4.685 5.036 5.376 5.706 6.025 6.332 6.629 6.915 7.190 7.539 7.920 8.288 8.644 8.987 9.317 9.634 9.938 10.230 10.509 10.776 11.029 10.943 10.647 10.361 10.084 9.818 9.561 9.314 9.076 8.849 8.631 8.423 8.225 8.222 8.330 8.439 8.548 8.659 8.770 8.882 8.995 9.149 9.321 9.481 9.629 10.057 10.631 11.200 11.764 12.323 12.877 13.426 13.969 14.507 15.040 15.568 16.090 15.985 15.599 15.224 14.860 14.507 14.166 13.837 13.519 13.212 12.917 12.633 12.360 12.331 12.416 12.520 12.644
5.069 5.382 5.684 5.976 6.256 6.526 6.784 7.032 7.269 7.560 7.896 8.220 8.531 8.829 9.115 9.388 9.648 9.896 10.131 10.353 10.562 10.544 10.292 10.049 9.816 9.593 9.380 9.177 8.983 8.800 8.626 8.462 8.383 8.485 8.697 8.898 9.088 9.266 9.432 9.587 9.730 9.861 9.981 10.089 10.186 10.525 11.076 11.622 12.163 12.699 13.230 13.755 14.275 14.790 15.300 15.805 16.304 16.323 15.987 15.663 15.350 15.048 14.757 14.478 14.211 13.955 13.710 13.477 13.255 13.262 13.434 13.626 13.837
5.463 5.738 6.002 6.255 6.497 6.728 6.949 7.158 7.357 7.591 7.884 8.163 8.430 8.684 8.925 9.154 9.370 9.573 9.764 9.942 10.107 10.134 9.926 9.753 9.616 9.507 9.424 9.368 9.340 9.338 9.364 9.417 9.496 9.624 9.785 9.934 10.071 10.197 10.312 10.414 10.506 10.585 10.653 10.709 10.754 10.997 11.526 12.049 12.567 13.079 13.587 14.089 14.586 15.078 15.565 16.047 16.523 16.649 16.363 16.090 15.827 15.576 15.336 15.108 14.891 14.685 14.491 14.308 14.137 14.172 14.431 14.710 15.008
5.866 6.103 6.329 6.544 6.748 6.941 7.123 7.295 7.455 7.635 7.883 8.118 8.341 8.550 8.747 8.938 9.136 9.319 9.488 9.641 9.780 9.861 9.791 9.748 9.732 9.743 9.781 9.847 9.939 10.058 10.205 10.378 10.579 10.774 10.883 10.980 11.066 11.140 11.203 11.253 11.293 11.320 11.336 11.341 11.334 11.475 11.980 12.480 12.975 13.465 13.949 14.428 14.903 15.371 15.835 16.294 16.747 16.962 16.728 16.504 16.292 16.092 15.902 15.725 15.558 15.403 15.259 15.127 15.006 15.061 15.407 15.773 16.159
6.279 6.478 6.666 6.843 7.009 7.164 7.308 7.441 7.573 7.735 7.970 8.190 8.396 8.587 8.763 8.924 9.071 9.203 9.320 9.422 9.510 9.584 9.634 9.712 9.817 9.949 10.108 10.294 10.507 10.747 11.014 11.309 11.630 11.936 11.993 12.038 12.072 12.094 12.105 12.104 12.091 12.067 12.031 11.984 11.925 11.957 12.439 12.916 13.388 13.855 14.316 14.772 15.224 15.669 16.110 16.546 16.976 17.264 17.080 16.907 16.745 16.595 16.456 16.329 16.213 16.108 16.015 15.933 15.863 15.930 16.363 16.816 17.288
6.702 6.861 7.015 7.166 7.317 7.465 7.612 7.757 7.901 8.044 8.227 8.396 8.550 8.690 8.814 8.924 9.020 9.100 9.166 9.217 9.253 9.279 9.447 9.646 9.872 10.124 10.404 10.711 11.044 11.405 11.793 12.208 12.649 13.109 13.114 13.107 13.089 13.060 13.018 12.966 12.901 12.825 12.738 12.639 12.528 12.444 12.903 13.357 13.806 14.250 14.688 15.121 15.549 15.972 16.390 16.803 17.210 17.553 17.419 17.297 17.186 17.086 16.998 16.921 16.856 16.801 16.759 16.727 16.707 16.777 17.297 17.837 18.396
7.081 7.230 7.378 7.524 7.668 7.811 7.952 8.092 8.230 8.366 8.498 8.615 8.718 8.806 8.879 8.938 8.982 9.011 9.025 9.025 9.009 8.984 9.230 9.550 9.896 10.269 10.669 11.097 11.551 12.032 12.540 13.076 13.638 14.227 14.246 14.187 14.117 14.036 13.943 13.839 13.722 13.595 13.456 13.305 13.142 12.968 13.372 13.803 14.229 14.649 15.065 15.475 15.880 16.280 16.675 17.064 17.449 17.828 17.747 17.675 17.615 17.565 17.528 17.501 17.486 17.482 17.490 17.508 17.487 17.442 18.032 18.717 19.496
7.456 7.600 7.742 7.882 8.021 8.158 8.293 8.427 8.560 8.690 8.782 8.848 8.899 8.936 8.957 8.965 8.957 8.935 8.898 8.846 8.780 8.703 8.983 9.423 9.889 10.383 10.904 11.452 12.026 12.628 13.257 13.912 14.595 15.305 15.388 15.279 15.157 15.024 14.879 14.723 14.555 14.376 14.185 13.982 13.768 13.543 13.845 14.253 14.656 15.054 15.446 15.833 16.216 16.593 16.964 17.331 17.693 18.049 18.063 17.990 17.871 17.762 17.664 17.577 17.501 17.436 17.381 17.337 17.303 17.281 18.226 19.332 20.533
7.832 7.970 8.107 8.241 8.374 8.506 8.636 8.764 8.890 9.015 9.078 9.093 9.093 9.078 9.049 9.005 8.946 8.872 8.784 8.681 8.563 8.435 8.705 9.265 9.853 10.467 11.108 11.776 12.471 13.193 13.942 14.718 15.521 16.351 16.543 16.381 16.208 16.023 15.827 15.619 15.399 15.168 14.926 14.672 14.406 14.129 14.323 14.708 15.088 15.463 15.774 16.022 16.267 16.510 16.752 16.991 17.229 17.464 17.449 17.367 17.295 17.235 17.185 17.145 17.117 17.099 17.092 17.096 17.110 17.135 18.324 19.852 21.474
8.210 8.342 8.473 8.602 8.729 8.855 8.979 9.101 9.222 9.341 9.388 9.352 9.300 9.234 9.153 9.058 8.948 8.823 8.683 8.529 8.360 8.180 8.397 9.078 9.786 10.520 11.282 12.070 12.885 13.727 14.597 15.493 16.416 17.366 17.708 17.494 17.270 17.033 16.785 16.526 16.255 15.877 15.415 14.969 14.540 14.128 14.112 14.358 14.603 14.846 15.086 15.325 15.562 15.797 16.030 16.261 16.490 16.717 16.768 16.734 16.710 16.697 16.695 16.703 16.722 16.752 16.793 16.844 16.906 16.979 18.328 20.277 22.320
8.588 8.715 8.840 8.963 9.084 9.205 9.323 9.440 9.555 9.669 9.711 9.623 9.521 9.403 9.271 9.125 8.963 8.787 8.596 8.391 8.171 7.939 8.059 8.860 9.688 10.543 11.425 12.333 13.269 14.231 15.220 16.237 17.144 17.922 18.155 17.652 17.165 16.694 16.240 15.802 15.380 14.975 14.586 14.214 13.858 13.518 13.460 13.698 13.934 14.169 14.401 14.631 14.860 15.086 15.311 15.534 15.755 15.974 16.077 16.090 16.114 16.149 16.194 16.250 16.317 16.395 16.483 16.582 16.692 16.812 18.238 20.607 23.070
8.967 9.088 9.207 9.325 9.441 9.555 9.668 9.779 9.889 9.997 10.047 9.908 9.754 9.586 9.402 9.204 8.992 8.765 8.523 8.266 7.995 7.712 7.691 8.596 9.477 10.335 11.170 11.983 12.774 13.542 14.287 15.010 15.711 16.389 16.727 16.296 15.882 15.484 15.103 14.738 14.389 14.057 13.741 13.441 13.158 12.891 12.811 13.041 13.269 13.495 13.719 13.941 14.161 14.379 14.595 14.810 15.022 15.233 15.376 15.437 15.509 15.591 15.684 15.788 15.902 16.027 16.163 16.309 16.467 16.635 18.052 20.842 23.726
9.348 9.463 9.576 9.688 9.799 9.907 10.014 10.120 10.224 10.326 10.396 10.206 10.001 9.781 9.547 9.290 8.935 8.598 8.278 7.975 7.689 7.424 7.285 8.088 8.869 9.627 10.363 11.076 11.766 12.434 13.080 13.703 14.304 14.882 15.282 14.924 14.583 14.258 13.950 13.658 13.382 13.123 12.879 12.653 12.442 12.248 12.165 12.387 12.606 12.823 13.039 13.253 13.465 13.674 13.882 14.088 14.293 14.495 14.665 14.773 14.893 15.023 15.163 15.314 15.476 15.649 15.832 16.027 16.231 16.447 17.773 20.982 24.286
9.729 9.838 9.946 10.052 10.157 10.260 10.361 10.461 10.527 10.435 10.341 9.967 9.604 9.258 8.929 8.617 8.322 8.045 7.784 7.541 7.314 7.110 6.924 7.606 8.287 8.945 9.581 10.194 10.785 11.353 11.899 12.422 12.923 13.402 13.821 13.537 13.268 13.016 12.781 12.561 12.359 12.172 12.002 11.848 11.710 11.589 11.522 11.735 11.946 12.155 12.362 12.568 12.771 12.973 13.172 13.370 13.566 13.760 13.944 14.100 14.267 14.444 14.632 14.831 15.041 15.261 15.492 15.733 15.986 16.249 17.399 21.028 24.752
10.111 10.162 10.075 9.986 9.895 9.804 9.711 9.617 9.522 9.425 9.328 9.042 8.738 8.452 8.182 7.930 7.695 7.477 7.276 7.092 6.925 6.780 6.655 7.149 7.730 8.289 8.825 9.338 9.829 10.298 10.744 11.168 11.569 11.948 12.304 12.133 11.938 11.758 11.596 11.449 11.319 11.205 11.108 11.026 10.962 10.913 10.882 11.086 11.289 11.490 11.689 11.886 12.081 12.274 12.465 12.655 12.842 13.028 13.212 13.416 13.630 13.855 14.091 14.337 14.595 14.862 15.141 15.430 15.729 16.040 16.932 20.980 25.122
9.280 9.189 9.097 9.004 8.909 8.814 8.717 8.619 8.519 8.419 8.317 8.102 7.858 7.631 7.421 7.229 7.053 6.894 6.753 6.628 6.521 6.436 6.371 6.719 7.200 7.659 8.095 8.509 8.900 9.269 9.616 9.940 10.241 10.521 10.777 10.714 10.591 10.485 10.394 10.321 10.263 10.222 10.197 10.189 10.196 10.221 10.261 10.440 10.635 10.827 11.018 11.207 11.393 11.578 11.761 11.942 12.121 12.298 12.474 12.722 12.984 13.257 13.540 13.834 14.138 14.453 14.779 15.116 15.463 15.924 16.689 21.163 25.552
8.313 8.218 8.122 8.025 7.926 7.826 7.725 7.623 7.519 7.415 7.309 7.148 6.964 6.796 6.646 6.513 6.396 6.297 6.215 6.150 6.102 6.077 6.072 6.314 6.695 7.054 7.391 7.705 7.997 8.267 8.514 8.738 8.940 9.120 9.277 9.278 9.228 9.195 9.177 9.176 9.191 9.223 9.270 9.334 9.415 9.512 9.625 9.797 9.983 10.168 10.350 10.530 10.709 10.885 11.060 11.232 11.403 11.572 11.739 12.018 12.488 13.178 13.846 14.492 15.115 15.716 16.295 16.852 17.386 17.898 18.387 22.244 26.258
7.349 7.250 7.149 7.048 6.945 6.841 6.736 6.629 6.522 6.413 6.303 6.180 6.055 5.947 5.856 5.782 5.725 5.686 5.663 5.657 5.669 5.703 5.758 5.934 6.216 6.476 6.713 6.928 7.120 7.290 7.438 7.563 7.665 7.746 7.803 7.827 7.850 7.889 7.944 8.015 8.103 8.207 8.327 8.464 8.617 8.786 8.972 9.157 9.335 9.511 9.685 9.923 10.311 10.767 11.291 11.884 12.545 13.274 14.071 14.759 15.372 15.963 16.532 17.079 17.603 18.105 18.585 19.042 19.477 19.890 20.281 23.406 27.046
6.387 6.284 6.179 6.074 5.967 5.859 5.749 5.639 5.527 5.414 5.299 5.197 5.131 5.083 5.051 5.037 5.040 5.059 5.096 5.150 5.221 5.315 5.430 5.581 5.763 5.923 6.061 6.176 6.269 6.340 6.388 6.413 6.417 6.398 6.356 6.360 6.455 6.567 6.694 6.838 6.999 7.175 7.414 7.708 7.968 8.192 8.381 8.652 9.070 9.556 10.110 10.732 11.422 12.181 13.008 13.902 14.866 15.897 16.996 17.761 18.276 18.768 19.238 19.685 20.110 20.513 20.894 21.252 21.589 21.902 22.194 24.651 27.917
5.427 5.320 5.212 5.102 4.991 4.878 4.765 4.650 4.534 4.417 4.299 4.200 4.194 4.205 4.233 4.278 4.340 4.419 4.515 4.628 4.758 4.912 5.086 5.253 5.336 5.396 5.435 5.451 5.444 5.415 5.364 5.290 5.194 5.179 5.341 5.598 5.981 6.330 6.643 6.922 7.166 7.375 7.549 7.688 7.793 7.862 7.897 8.179 8.899 9.687 10.543 11.468 12.461 13.522 14.651 15.848 17.113 18.446 19.848 20.783 21.198 21.591 21.962 22.311 22.637 22.941 23.223 23.482 23.719 23.934 24.127 25.976 28.869
4.471 4.359 4.246 4.132 4.017 3.901 3.783 3.664 3.544 3.423 3.300 3.189 3.242 3.312 3.399 3.504 3.625 3.763 3.919 4.091 4.280 4.494 4.728 4.950 4.947 4.979 5.039 5.128 5.246 5.392 5.567 5.770 6.002 6.262 6.551 6.853 7.081 7.275 7.434 7.558 7.647 7.701 7.721 7.705 7.655 7.570 7.450 7.633 8.656 9.746 10.905 12.132 13.427 14.789 16.220 17.720 19.287 20.922 22.625 23.823 24.139 24.433 24.705 24.955 25.182 25.388 25.570 25.731 25.869 25.985 26.079 27.384 29.903
3.516 3.401 3.284 3.166 3.046 2.926 2.804 2.681 2.557 2.431 2.304 2.176 2.276 2.405 2.552 2.715 2.924 3.298 3.633 3.927 4.182 4.397 4.577 4.726 4.856 5.015 5.202 5.418 5.662 5.935 6.237 6.567 6.925 7.312 7.728 8.145 8.218 8.257 8.262 8.231 8.165 8.065 7.930 7.760 7.555 7.315 7.041 7.017 8.341 9.734 11.195 12.723 14.320 15.985 17.717 19.518 21.387 23.324 25.329 26.882 27.100 27.295 27.468 27.619 27.747 27.853 27.938 27.999 28.039 28.056 28.051 28.873 31.018
2.564 2.444 2.323 2.201 2.078 1.953 1.827 1.700 1.572 1.516 1.736 1.952 2.343 2.739 3.094 3.410 3.686 3.921 4.117 4.274 4.390 4.465 4.505 4.514 4.733 5.018 5.332 5.675 6.046 6.446 6.874 7.331 7.816 8.330 8.873 9.444 9.392 9.276 9.126 8.940 8.720 8.465 8.176 7.851 7.492 7.098 6.669 6.329 7.955 9.649 11.412 13.242 15.140 17.107 19.141 21.243 23.414 25.652 27.958 29.960 30.079 30.175 30.249 30.301 30.331 30.339 30.324 30.287 30.228 30.147 30.043 30.443 32.216
1.615 1.491 1.471 1.701 1.928 2.151 2.372 2.590 2.805 3.017 3.226 3.432 3.695 3.952 4.169 4.346 4.483 4.580 4.638 4.655 4.633 4.569 4.469 4.338 4.578 4.990 5.431 5.900 6.398 6.924 7.479 8.063 8.675 9.315 9.984 10.682 10.602 10.331 10.026 9.687 9.312 8.903 8.459 7.980 7.466 6.918 6.335 5.717 7.497 9.493 11.557 13.689 15.889 18.156 20.492 22.896 25.367 27.907 30.514 33.057 33.077 33.074 33.050 33.003 32.934 32.843 32.730 32.594 32.437 32.257 32.054 32.095 33.495
2.598 2.823 3.045 3.264 3.481 3.694 3.904 4.112 4.316 4.518 4.716 4.912 5.081 5.199 5.278 5.316 5.315 5.274 5.193 5.072 4.911 4.708 4.469 4.197 4.391 4.930 5.497 6.093 6.717 7.370 8.052 8.762 9.500 10.267 11.063 11.887 11.848 11.423 10.964 10.470 9.941 9.377 8.779 8.146 7.478 6.775 6.038 5.266 6.968 9.265 11.630 14.063 16.564 19.133 21.770 24.475 27.247 30.088 32.996 35.972 36.094 35.993 35.870 35.724 35.557 35.367 35.155 34.921 34.665 34.386 34.085 33.693 34.433
4.193 4.408 4.620 4.828 5.034 5.237 5.437 5.634 5.828 6.020 6.208 6.393 6.502 6.482 6.422 6.322 6.182 6.003 5.783 5.524 5.225 4.883 4.504 4.093 4.172 4.837 5.531 6.254 7.005 7.784 8.592 9.428 10.293 11.187 12.109 13.059 13.130 12.551 11.938 11.290 10.607 9.889 9.136 8.349 7.527 6.670 5.779 4.853 6.367 8.965 11.632 14.366 17.168 20.038 22.975 25.981 29.054 32.196 35.405 38.682 39.129 38.930 38.510 37.713 36.946 36.210 35.503 34.827 34.181 33.565 32.979 32.424 33.097
5.789 5.994 6.195 6.393 6.589 6.781 6.971 7.158 7.341 7.522 7.700 7.875 7.958 7.799 7.600 7.362 7.084 6.766 6.409 6.012 5.575 5.093 4.574 4.024 3.921 4.713 5.533 6.382 7.260 8.166 9.100 10.063 11.054 12.074 13.122 14.198 14.449 13.716 12.948 12.146 11.309 10.437 9.530 8.589 7.613 6.602 5.557 4.477 5.694 8.594 11.561 14.596 17.699 20.816 23.777 26.651 29.441 32.145 34.763 37.296 37.495 36.771 36.078 35.414 34.781 34.178 33.604 33.061 32.549 32.066 31.613 31.191 31.759
7.386 7.580 7.771 7.959 8.144 8.326 8.505 8.682 8.855 9.026 9.193 9.358 9.448 9.151 8.814 8.437 8.021 7.565 7.070 6.534 5.959 5.339 4.680 3.990 3.638 4.557 5.504 6.479 7.483 8.515 9.575 10.664 11.782 12.928 14.102 15.305 15.804 14.917 13.995 13.039 12.048 11.022 9.962 8.866 7.829 6.980 6.037 5.001 5.857 8.868 11.793 14.632 17.386 20.055 22.639 25.137 27.550 29.877 32.120 34.276 34.769 34.178 33.618 33.088 32.588 32.118 31.678 31.268 30.888 30.539 30.219 29.930 30.419
