DATA/SHG/ECMWF/20170628/EN-4/20170708.en-4.asc
ncols        190
nrows        64
xllcorner    -5100000.000000000000
yllcorner    4130000.000000000000
cellsize     10000.000000000000
NODATA_value  -99999.000
[rows 0 to 32 of 64, columns 0 to 72 of 190]
3.311 3.148 2.981 2.812 2.639 2.464 2.286 2.105 1.920 1.791 1.676 1.557 1.435 1.308 1.177 1.042 0.903 0.760 0.613 0.473 0.329 0.311 0.350 0.387 0.421 0.452 0.480 0.505 0.527 0.547 0.563 0.576 0.587 0.633 0.703 0.776 0.850 0.926 1.004 1.084 1.165 1.248 1.333 1.420 1.508 1.546 1.534 1.519 1.501 1.478 1.452 1.422 1.388 1.351 1.310 1.265 1.216 1.181 1.165 1.150 1.137 1.126 1.116 1.107 1.101 1.095 1.091 1.089 1.088 1.118 1.193 1.264 1.333
3.626 3.452 3.275 3.095 2.912 2.726 2.537 2.345 2.150 1.997 1.868 1.734 1.622 1.504 1.378 1.245 1.104 0.957 0.802 0.639 0.470 0.405 0.435 0.461 0.485 0.506 0.523 0.538 0.550 0.559 0.566 0.569 0.569 0.603 0.681 0.759 0.840 0.922 1.006 1.092 1.180 1.269 1.360 1.453 1.547 1.597 1.573 1.545 1.513 1.477 1.438 1.395 1.348 1.297 1.243 1.185 1.123 1.075 1.065 1.056 1.048 1.042 1.037 1.034 1.033 1.033 1.034 1.037 1.042 1.063 1.126 1.187 1.244
3.943 3.759 3.571 3.380 3.189 3.007 2.833 2.666 2.505 2.367 2.245 2.115 1.978 1.833 1.681 1.522 1.356 1.182 1.002 0.813 0.618 0.503 0.522 0.539 0.552 0.562 0.570 0.575 0.576 0.575 0.571 0.564 0.555 0.573 0.656 0.741 0.828 0.916 1.006 1.098 1.192 1.288 1.385 1.484 1.585 1.653 1.615 1.574 1.529 1.480 1.427 1.371 1.311 1.247 1.180 1.109 1.034 0.969 0.963 0.960 0.957 0.957 0.957 0.960 0.964 0.969 0.976 0.984 1.064 1.148 1.266 1.377 1.481
4.226 4.041 3.863 3.693 3.529 3.372 3.222 3.078 2.942 2.807 2.659 2.503 2.340 2.170 1.992 1.807 1.615 1.416 1.209 0.995 0.774 0.604 0.613 0.619 0.622 0.622 0.619 0.614 0.605 0.594 0.580 0.563 0.543 0.540 0.629 0.721 0.813 0.908 1.005 1.103 1.203 1.305 1.408 1.514 1.621 1.711 1.661 1.606 1.548 1.486 1.420 1.351 1.278 1.201 1.120 1.036 0.948 0.861 0.861 0.862 0.874 0.984 1.087 1.183 1.272 1.354 1.429 1.496 1.557 1.611 1.703 1.789 1.868
4.461 4.300 4.147 4.000 3.861 3.728 3.602 3.483 3.371 3.255 3.081 2.899 2.710 2.514 2.311 2.100 1.882 1.657 1.424 1.184 0.937 0.707 0.706 0.702 0.695 0.685 0.672 0.656 0.638 0.616 0.592 0.564 0.534 0.505 0.601 0.698 0.798 0.899 1.001 1.106 1.212 1.320 1.430 1.541 1.654 1.769 1.710 1.643 1.571 1.496 1.417 1.335 1.249 1.177 1.173 1.189 1.224 1.278 1.380 1.479 1.572 1.657 1.735 1.806 1.870 1.927 1.977 2.020 2.056 2.085 2.146 2.207 2.261
4.688 4.552 4.422 4.300 4.185 4.076 3.974 3.880 3.792 3.710 3.510 3.302 3.087 2.865 2.636 2.400 2.156 1.905 1.647 1.381 1.108 0.828 0.802 0.788 0.771 0.750 0.727 0.701 0.673 0.641 0.606 0.569 0.528 0.485 0.571 0.675 0.780 0.887 0.996 1.107 1.219 1.333 1.449 1.567 1.686 1.807 1.761 1.691 1.640 1.608 1.595 1.602 1.627 1.672 1.735 1.818 1.920 2.041 2.133 2.208 2.275 2.336 2.389 2.435 2.475 2.507 2.532 2.550 2.561 2.566 2.596 2.632 2.661
4.907 4.795 4.690 4.592 4.501 4.416 4.339 4.268 4.204 4.147 3.946 3.713 3.472 3.224 2.969 2.707 2.437 2.161 1.876 1.585 1.286 0.981 0.902 0.877 0.849 0.819 0.786 0.750 0.711 0.669 0.624 0.576 0.525 0.472 0.539 0.649 0.760 0.874 0.989 1.121 1.255 1.378 1.490 1.591 1.681 1.759 1.767 1.764 1.780 1.816 1.870 1.943 2.036 2.147 2.278 2.427 2.596 2.784 2.892 2.942 2.984 3.020 3.049 3.070 3.085 3.092 3.093 3.086 3.073 3.052 3.051 3.062 3.066
5.118 5.031 4.950 4.876 4.809 4.748 4.695 4.649 4.609 4.576 4.389 4.130 3.864 3.590 3.310 3.022 2.726 2.424 2.114 1.797 1.472 1.141 1.004 0.969 0.931 0.891 0.847 0.801 0.751 0.699 0.644 0.586 0.580 0.577 0.669 0.820 0.960 1.088 1.206 1.312 1.407 1.491 1.563 1.625 1.675 1.714 1.754 1.818 1.902 2.004 2.125 2.265 2.425 2.603 2.801 3.017 3.253 3.508 3.657 3.682 3.699 3.710 3.714 3.711 3.701 3.683 3.659 3.628 3.590 3.544 3.513 3.499 3.478
5.322 5.258 5.202 5.152 5.109 5.073 5.043 5.021 5.006 4.997 4.840 4.555 4.263 3.964 3.657 3.344 3.023 2.694 2.359 2.016 1.666 1.309 1.109 1.064 1.016 1.073 1.124 1.159 1.179 1.184 1.173 1.147 1.106 1.050 1.068 1.180 1.280 1.369 1.447 1.514 1.570 1.614 1.647 1.669 1.680 1.679 1.722 1.853 2.003 2.173 2.361 2.568 2.794 3.040 3.304 3.587 3.890 4.211 4.427 4.427 4.420 4.406 4.385 4.358 4.323 4.281 4.232 4.176 4.113 4.043 3.980 3.942 3.896
5.517 5.478 5.445 5.420 5.401 5.389 5.384 5.386 5.394 5.410 5.298 4.988 4.670 4.345 4.013 3.673 3.326 2.982 2.713 2.463 2.231 2.018 1.910 1.953 1.980 1.992 1.988 1.970 1.936 1.887 1.822 1.742 1.648 1.537 1.479 1.551 1.612 1.662 1.700 1.728 1.744 1.749 1.742 1.725 1.696 1.657 1.671 1.869 2.086 2.322 2.577 2.851 3.144 3.457 3.788 4.138 4.507 4.896 5.203 5.178 5.147 5.108 5.063 5.010 4.950 4.884 4.810 4.729 4.642 4.547 4.454 4.390 4.320
5.705 5.690 5.681 5.680 5.685 5.697 5.716 5.742 5.775 5.814 5.759 5.425 5.109 4.812 4.534 4.275 4.034 3.812 3.608 3.423 3.256 3.108 3.005 2.993 2.966 2.924 2.867 2.795 2.707 2.604 2.486 2.353 2.204 2.040 1.900 1.933 1.954 1.965 1.964 1.952 1.929 1.894 1.849 1.792 1.724 1.645 1.601 1.866 2.150 2.453 2.775 3.115 3.475 3.854 4.252 4.669 5.105 5.560 5.985 5.935 5.879 5.816 5.745 5.668 5.584 5.493 5.394 5.289 5.177 5.057 4.933 4.845 4.750
5.885 5.894 5.910 5.904 5.889 5.890 5.908 5.943 5.994 6.063 6.110 5.841 5.591 5.360 5.147 4.953 4.777 4.620 4.482 4.362 4.260 4.178 4.114 4.048 3.968 3.872 3.761 3.635 3.493 3.337 3.165 2.978 2.775 2.558 2.332 2.326 2.308 2.279 2.239 2.187 2.125 2.051 1.966 1.870 1.763 1.645 1.515 1.844 2.194 2.564 2.953 3.360 3.787 4.232 4.697 5.181 5.683 6.205 6.746 6.698 6.617 6.529 6.434 6.332 6.223 6.107 5.984 5.839 5.689 5.550 5.422 5.360 5.320
5.733 5.726 5.736 5.763 5.807 5.867 5.945 6.039 6.150 6.279 6.424 6.237 6.052 5.886 5.739 5.610 5.499 5.408 5.334 5.280 5.244 5.226 5.227 5.118 4.984 4.834 4.669 4.489 4.294 4.084 3.858 3.618 3.362 3.090 2.804 2.729 2.672 2.604 2.525 2.434 2.332 2.219 2.095 1.960 1.813 1.656 1.487 1.803 2.220 2.656 3.111 3.586 4.079 4.591 5.122 5.673 6.242 6.830 7.437 7.467 7.296 7.107 6.929 6.763 6.607 6.462 6.328 6.206 6.094 5.994 5.905 5.891 5.912
5.394 5.447 5.516 5.603 5.706 5.826 5.963 6.117 6.288 6.475 6.680 6.612 6.493 6.392 6.310 6.246 6.201 6.174 6.166 6.177 6.206 6.253 6.319 6.202 6.014 5.811 5.592 5.359 5.110 4.846 4.567 4.272 3.963 3.638 3.298 3.144 3.048 2.940 2.821 2.691 2.550 2.398 2.235 2.060 1.875 1.678 1.470 1.742 2.226 2.729 3.251 3.792 4.352 4.975 5.570 6.123 6.635 7.105 7.534 7.543 7.382 7.232 7.092 6.964 6.847 6.741 6.646 6.562 6.489 6.427 6.376 6.406 6.487
5.038 5.150 5.279 5.425 5.587 5.767 5.963 6.177 6.407 6.654 6.917 6.967 6.913 6.877 6.860 6.861 6.881 6.920 6.977 7.053 7.147 7.259 7.391 7.300 7.059 6.802 6.530 6.243 5.940 5.623 5.290 4.942 4.579 4.201 3.807 3.570 3.434 3.287 3.129 2.960 2.780 2.588 2.386 2.172 1.947 1.711 1.709 2.138 2.837 3.494 4.110 4.683 5.216 5.707 6.156 6.564 6.930 7.254 7.537 7.580 7.457 7.345 7.244 7.155 7.076 7.009 6.952 6.907 6.873 6.849 6.837 6.903 7.045
4.663 4.835 5.023 5.228 5.450 5.689 5.945 6.218 6.507 6.813 7.136 7.301 7.312 7.342 7.390 7.456 7.541 7.645 7.767 7.908 8.067 8.244 8.441 8.413 8.118 7.808 7.482 7.141 6.785 6.414 6.028 5.626 5.210 4.778 4.331 4.006 3.831 3.645 3.457 3.341 3.257 3.206 3.189 3.204 3.253 3.335 3.450 3.783 4.336 4.847 5.317 5.745 6.132 6.478 6.781 7.044 7.264 7.444 7.581 7.605 7.521 7.448 7.386 7.335 7.295 7.266 7.248 7.241 7.245 7.260 7.287 7.383 7.586
4.270 4.501 4.749 5.014 5.295 5.593 5.908 6.240 6.589 6.954 7.337 7.615 7.691 7.786 7.899 8.030 8.180 8.349 8.536 8.742 8.966 9.208 9.469 9.541 9.192 8.828 8.449 8.055 7.645 7.220 6.781 6.295 5.757 5.252 4.781 4.438 4.338 4.271 4.237 4.236 4.268 4.333 4.431 4.563 4.727 4.925 5.156 5.466 5.874 6.239 6.564 6.847 7.088 7.288 7.447 7.564 7.639 7.673 7.666 7.620 7.574 7.540 7.516 7.504 7.502 7.512 7.532 7.564 7.607 7.661 7.725 7.845 8.110
3.859 4.150 4.457 4.781 5.121 5.479 5.853 6.244 6.652 7.077 7.518 7.909 8.050 8.209 8.387 8.584 8.799 9.032 9.284 9.555 9.844 10.151 10.477 10.683 10.152 9.497 8.876 8.287 7.732 7.211 6.723 6.268 5.847 5.459 5.104 4.835 4.851 4.899 4.981 5.096 5.244 5.425 5.639 5.886 6.166 6.479 6.826 7.188 7.450 7.671 7.850 7.988 8.084 8.138 8.152 8.124 8.054 7.943 7.790 7.624 7.617 7.621 7.636 7.662 7.699 7.747 7.806 7.876 7.957 8.050 8.153 8.291 8.616
3.431 3.780 4.146 4.530 4.930 5.346 5.780 6.230 6.697 7.181 7.681 8.182 8.388 8.612 8.855 9.117 9.396 9.546 9.612 9.673 9.729 9.780 9.826 9.843 9.271 8.734 8.229 7.758 7.320 6.915 6.544 6.207 5.902 5.631 5.393 5.197 5.329 5.493 5.691 5.921 6.185 6.481 6.811 7.174 7.570 7.998 8.460 8.950 9.066 9.141 9.175 9.168 9.119 9.028 8.897 8.723 8.509 8.253 7.955 7.617 7.649 7.691 7.745 7.809 7.885 7.971 8.069 8.177 8.297 8.428 8.569 8.722 9.105
2.984 3.393 3.818 4.260 4.719 5.195 5.688 6.197 6.723 7.266 7.715 8.113 8.220 8.293 8.361 8.424 8.483 8.536 8.585 8.630 8.669 8.704 8.733 8.759 8.357 7.936 7.548 7.194 6.873 6.586 6.331 6.111 5.923 5.769 5.648 5.560 5.772 6.052 6.366 6.712 7.091 7.503 7.948 8.427 8.938 9.482 10.059 10.670 10.721 10.651 10.540 10.387 10.193 9.958 9.681 9.363 9.003 8.602 8.160 7.676 7.670 7.751 7.843 7.946 8.060 8.185 8.321 8.468 8.626 8.795 8.975 9.166 9.577
2.519 2.987 3.471 3.999 4.497 4.967 5.409 5.821 6.205 6.560 6.887 7.184 7.299 7.355 7.407 7.454 7.496 7.533 7.565 7.593 7.616 7.634 7.647 7.656 7.409 7.105 6.834 6.597 6.393 6.222 6.085 5.980 5.910 5.872 5.868 5.897 6.182 6.577 7.006 7.468 7.962 8.490 9.051 9.644 10.271 10.931 11.623 12.349 12.415 12.200 11.944 11.646 11.307 10.927 10.505 10.042 9.538 8.992 8.405 7.777 7.680 7.800 7.930 8.071 8.224 8.387 8.561 8.771 9.022 9.271 9.517 9.761 10.206
2.541 3.025 3.480 3.907 4.305 4.674 5.015 5.327 5.610 5.865 6.091 6.288 6.385 6.424 6.459 6.490 6.515 6.536 6.552 6.563 6.569 6.571 6.568 6.560 6.427 6.240 6.086 5.966 5.878 5.824 5.803 5.816 5.862 5.941 6.053 6.199 6.556 7.068 7.612 8.189 8.799 9.442 10.118 10.827 11.569 12.344 13.152 13.992 14.147 13.788 13.387 12.944 12.460 11.935 11.369 10.761 10.112 9.422 8.690 7.918 7.735 7.994 8.250 8.504 8.756 9.006 9.253 9.498 9.741 9.982 10.220 10.457 10.881
2.783 3.166 3.521 3.847 4.144 4.413 4.653 4.864 5.047 5.201 5.327 5.423 5.476 5.500 5.518 5.532 5.541 5.545 5.544 5.539 5.529 5.514 5.495 5.470 5.412 5.342 5.305 5.301 5.330 5.393 5.488 5.617 5.780 5.975 6.204 6.466 6.897 7.523 8.183 8.875 9.601 10.359 11.150 11.975 12.832 13.722 14.645 15.601 15.919 15.414 14.869 14.281 13.653 12.898 12.113 11.363 10.649 9.970 9.326 8.718 8.518 8.769 9.017 9.263 9.507 9.749 9.989 10.226 10.461 10.694 10.925 11.153 11.545
3.055 3.338 3.592 3.818 4.015 4.183 4.322 4.433 4.516 4.570 4.595 4.591 4.575 4.581 4.583 4.580 4.573 4.561 4.544 4.522 4.495 4.464 4.428 4.387 4.364 4.410 4.489 4.602 4.748 4.927 5.139 5.385 5.663 5.975 6.321 6.699 7.203 7.945 8.720 9.527 10.368 11.242 12.148 13.087 14.060 15.065 15.873 16.597 16.813 15.975 15.171 14.403 13.671 12.974 12.312 11.685 11.094 10.538 10.018 9.533 9.302 9.544 9.785 10.024 10.260 10.494 10.725 10.955 11.182 11.407 11.630 11.851 12.200
3.359 3.542 3.695 3.820 3.917 3.985 4.024 4.034 4.016 3.970 3.895 3.791 3.679 3.669 3.655 3.636 3.612 3.583 3.549 3.511 3.468 3.420 3.368 3.311 3.282 3.444 3.640 3.869 4.132 4.427 4.756 5.118 5.513 5.941 6.403 6.898 7.475 8.332 9.222 10.018 10.787 11.543 12.286 13.017 13.736 14.442 15.135 15.815 16.237 15.522 14.842 14.197 13.588 13.014 12.475 11.972 11.504 11.071 10.674 10.312 10.086 10.321 10.554 10.785 11.013 11.239 11.463 11.685 11.905 12.122 12.337 12.550 12.846
3.695 3.776 3.829 3.854 3.850 3.818 3.757 3.667 3.549 3.402 3.226 3.022 2.790 2.764 2.733 2.697 2.657 2.611 2.561 2.507 2.447 2.383 2.314 2.241 2.166 2.445 2.758 3.103 3.482 3.894 4.339 4.818 5.334 5.845 6.350 6.849 7.349 8.112 8.862 9.600 10.325 11.037 11.737 12.424 13.099 13.761 14.410 15.047 15.627 15.035 14.478 13.957 13.470 13.020 12.604 12.224 11.879 11.569 11.295 11.056 10.872 11.099 11.324 11.547 11.768 11.986 12.202 12.416 12.628 12.837 13.045 13.250 13.481
4.058 4.042 3.995 3.919 3.815 3.682 3.521 3.331 3.113 2.866 2.590 2.286 1.953 1.864 1.817 1.765 1.708 1.646 1.580 1.509 1.433 1.352 1.267 1.177 1.109 1.582 2.114 2.639 3.159 3.673 4.181 4.683 5.180 5.670 6.155 6.633 7.106 7.795 8.501 9.195 9.876 10.545 11.201 11.844 12.475 13.093 13.699 14.292 14.872 14.513 14.080 13.682 13.318 12.991 12.698 12.441 12.219 12.032 11.881 11.765 11.684 11.878 12.096 12.311 12.523 12.734 12.942 13.148 13.352 13.554 13.754 13.951 14.146
4.423 4.339 4.191 4.016 3.811 3.578 3.317 3.027 2.708 2.361 1.986 1.582 1.149 0.971 0.907 0.839 0.766 0.756 0.883 0.989 1.075 1.139 1.183 1.206 1.209 1.576 2.087 2.593 3.092 3.586 4.073 4.555 5.031 5.501 5.966 6.424 6.876 7.491 8.153 8.804 9.441 10.066 10.678 11.278 11.865 12.439 13.001 13.550 14.087 13.958 13.647 13.372 13.132 12.927 12.757 12.623 12.524 12.460 12.432 12.438 12.480 12.658 12.868 13.075 13.280 13.483 13.683 13.882 14.078 14.272 14.464 14.653 14.840
4.791 4.666 4.419 4.143 3.839 3.506 3.144 2.754 2.336 1.889 1.503 1.230 0.982 0.962 1.099 1.215 1.311 1.386 1.440 1.474 1.486 1.478 1.450 1.400 1.330 1.576 2.067 2.552 3.031 3.504 3.972 4.433 4.889 5.339 5.782 6.220 6.653 7.200 7.819 8.425 9.019 9.600 10.169 10.724 11.268 11.799 12.317 12.822 13.315 13.368 13.180 13.028 12.911 12.829 12.782 12.771 12.794 12.853 12.947 13.077 13.241 13.440 13.641 13.841 14.038 14.233 14.426 14.616 14.805 14.991 15.175 15.356 15.536
5.160 5.025 4.678 4.303 3.943 3.608 3.298 3.012 2.752 2.516 2.305 2.119 1.957 1.903 1.968 2.011 2.034 2.037 2.018 1.979 1.919 1.839 1.737 1.615 1.473 1.583 2.053 2.518 2.976 3.429 3.876 4.317 4.753 5.182 5.606 6.023 6.435 6.922 7.497 8.060 8.610 9.147 9.672 10.184 10.684 11.171 11.646 12.108 12.557 12.744 12.679 12.650 12.655 12.696 12.772 12.883 13.030 13.211 13.428 13.680 13.967 14.222 14.416 14.607 14.797 14.984 15.169 15.352 15.439 15.384 15.338 15.299 15.269
5.232 5.092 4.769 4.471 4.198 3.950 3.726 3.527 3.353 3.204 3.079 2.979 2.904 2.865 2.857 2.828 2.779 2.708 2.617 2.506 2.373 2.220 2.047 1.852 1.637 1.595 2.045 2.489 2.928 3.360 3.787 4.208 4.622 5.032 5.435 5.832 6.224 6.657 7.189 7.708 8.214 8.708 9.189 9.658 10.114 10.557 10.988 11.406 11.812 12.086 12.144 12.237 12.366 12.529 12.728 12.962 13.231 13.535 13.874 14.249 14.658 14.871 14.788 14.713 14.646 14.587 14.536 14.494 14.459 14.433 14.415 14.405 14.403
5.155 5.060 4.824 4.612 4.426 4.264 4.127 4.014 3.927 3.864 3.826 3.812 3.824 3.848 3.768 3.666 3.544 3.401 3.238 3.054 2.849 2.624 2.378 2.111 1.823 1.613 2.043 2.467 2.885 3.297 3.703 4.104 4.498 4.887 5.270 5.647 6.018 6.405 6.893 7.369 7.831 8.281 8.719 9.144 9.556 9.956 10.344 10.718 11.081 11.394 11.575 11.790 12.041 12.327 12.612 12.855 13.069 13.255 13.413 13.541 13.641 13.685 13.631 13.584 13.546 13.515 13.493 13.479 13.473 13.475 13.486 13.504 13.531
5.078 4.994 4.851 4.726 4.626 4.551 4.500 4.474 4.473 4.496 4.545 4.618 4.715 4.838 4.699 4.525 4.331 4.116 3.880 3.623 3.346 3.048 2.730 2.391 2.031 1.650 2.047 2.450 2.848 3.240 3.626 4.006 4.380 4.749 5.112 5.468 5.819 6.167 6.611 7.042 7.462 7.868 8.262 8.644 9.012 9.369 9.713 10.105 10.525 10.939 11.226 11.484 11.713 11.914 12.086 12.230 12.345 12.432 12.490 12.519 12.520 12.493 12.467 12.449 12.439 12.437 12.443 12.458 12.480 12.511 12.550 12.597 12.652
