DATA/SHG/ECMWF/20170628/EN-4/20170706.en-4.asc
ncols        190
nrows        64
xllcorner    -5100000.000000000000
yllcorner    4130000.000000000000
cellsize     10000.000000000000
NODATA_value  -99999.000
[rows 0 to 31 of 64, columns 0 to 71 of 190]
5.091 5.506 5.906 6.292 6.664 7.021 7.364 7.692 8.006 8.490 9.068 9.686 10.346 11.047 11.790 12.573 13.398 14.263 15.170 15.893 16.523 16.285 15.682 15.117 14.588 14.096 13.642 13.224 12.843 12.500 12.193 11.923 11.690 11.539 11.418 11.291 11.158 11.018 10.871 10.718 10.558 10.392 10.219 10.040 9.854 9.882 10.113 10.359 10.620 10.896 11.187 11.493 11.815 12.151 12.503 12.869 13.251 13.271 12.814 12.316 11.775 11.191 10.564 9.896 9.184 8.430 7.633 6.794 5.913 5.416 5.597 5.775
5.232 5.596 5.946 6.281 6.601 6.907 7.199 7.476 7.739 8.258 8.981 9.745 10.493 11.214 11.909 12.578 13.221 13.839 14.430 14.996 15.535 15.508 15.036 14.601 14.203 13.842 13.517 13.230 12.980 12.766 12.590 12.450 12.347 12.243 12.099 11.949 11.792 11.629 11.459 11.283 11.100 10.911 10.715 10.513 10.304 10.281 10.565 10.864 11.178 11.507 11.851 12.211 12.585 12.975 13.379 13.799 14.233 14.352 13.746 13.098 12.407 11.673 10.897 10.079 9.218 8.314 7.368 6.379 5.348 4.588 4.759 4.927
5.389 5.702 6.001 6.285 6.558 6.846 7.136 7.429 7.725 8.219 8.926 9.608 10.263 10.893 11.497 12.075 12.627 13.153 13.653 14.127 14.576 14.694 14.352 14.048 13.780 13.549 13.355 13.198 13.077 12.994 12.948 12.938 12.965 12.953 12.786 12.613 12.433 12.246 12.053 11.854 11.648 11.436 11.217 10.991 10.759 10.664 11.001 11.353 11.720 12.103 12.500 12.912 13.339 13.782 14.239 14.712 15.199 15.474 14.718 13.920 13.079 12.196 11.271 10.303 9.292 8.239 7.143 6.005 4.926 4.027 4.315 4.593
5.515 5.802 6.090 6.382 6.677 6.974 7.274 7.577 7.883 8.290 8.907 9.497 10.061 10.600 11.112 11.599 12.060 12.495 12.904 13.288 13.645 13.842 13.631 13.456 13.318 13.218 13.154 13.127 13.136 13.183 13.267 13.387 13.544 13.668 13.478 13.282 13.079 12.869 12.653 12.431 12.202 11.966 11.724 11.476 11.221 11.032 11.422 11.827 12.247 12.682 13.132 13.597 14.078 14.573 15.083 15.609 16.149 16.635 15.730 14.782 13.781 12.637 11.513 10.409 9.325 8.261 7.217 6.194 5.190 4.206 4.440 4.685
5.591 5.887 6.186 6.487 6.792 7.099 7.409 7.722 8.037 8.390 8.915 9.414 9.887 10.335 10.756 11.152 11.522 11.866 12.184 12.477 12.743 12.952 12.871 12.827 12.819 12.848 12.914 13.017 13.157 13.334 13.547 13.797 14.085 14.390 14.176 13.957 13.731 13.498 13.259 13.013 12.761 12.503 12.238 11.966 11.688 11.403 11.827 12.285 12.757 13.245 13.748 14.266 14.800 15.299 15.645 15.990 16.334 16.676 15.673 14.559 13.465 12.391 11.337 10.303 9.290 8.296 7.322 6.368 5.435 4.521 4.574 4.786
5.663 5.969 6.278 6.589 6.904 7.221 7.540 7.863 8.188 8.517 8.951 9.359 9.741 10.098 10.428 10.733 11.012 11.265 11.493 11.694 11.870 12.020 12.074 12.160 12.282 12.441 12.637 12.870 13.139 13.446 13.789 14.169 14.586 15.039 14.880 14.638 14.388 14.133 13.871 13.602 13.327 13.045 12.757 12.462 12.161 11.854 12.156 12.507 12.857 13.205 13.552 13.898 14.243 14.586 14.928 15.268 15.608 15.946 15.199 14.155 13.131 12.127 11.143 10.179 9.235 8.312 7.408 6.524 5.660 4.817 4.716 4.896
5.732 6.048 6.367 6.688 7.012 7.339 7.668 8.001 8.336 8.674 9.015 9.332 9.623 9.889 10.128 10.342 10.530 10.693 10.829 10.940 11.025 11.084 11.239 11.455 11.707 11.996 12.322 12.684 13.083 13.519 13.992 14.502 15.048 15.631 15.590 15.324 15.052 14.773 14.488 14.101 13.644 13.187 12.732 12.277 11.824 11.372 11.475 11.821 12.167 12.511 12.854 13.195 13.536 13.875 14.212 14.549 14.884 15.218 14.706 13.732 12.778 11.844 10.930 10.036 9.162 8.308 7.475 6.661 5.867 5.093 4.867 5.014
5.798 6.124 6.452 6.783 7.117 7.454 7.793 8.136 8.481 8.828 9.106 9.332 9.533 9.707 9.856 9.980 10.077 10.149 10.194 10.215 10.209 10.178 10.367 10.712 11.094 11.513 11.968 12.460 12.989 13.554 14.157 14.796 15.351 15.870 15.796 15.337 14.879 14.421 13.965 13.511 13.057 12.604 12.153 11.702 11.253 10.805 10.796 11.138 11.479 11.819 12.158 12.495 12.831 13.166 13.499 13.831 14.162 14.492 14.194 13.290 12.406 11.542 10.698 9.874 9.070 8.286 7.522 6.778 6.054 5.350 5.027 5.141
5.861 6.196 6.534 6.875 7.219 7.566 7.915 8.267 8.622 8.979 9.225 9.361 9.470 9.554 9.612 9.645 9.652 9.633 9.588 9.517 9.421 9.299 9.457 9.932 10.443 10.969 11.494 12.016 12.537 13.057 13.575 14.091 14.606 15.120 15.185 14.730 14.276 13.822 13.370 12.920 12.470 12.021 11.574 11.127 10.682 10.238 10.118 10.457 10.794 11.129 11.464 11.797 12.128 12.459 12.788 13.116 13.443 13.768 13.664 12.830 12.016 11.222 10.448 9.693 8.959 8.245 7.551 6.877 6.223 5.588 5.195 5.277
5.920 6.265 6.613 6.964 7.318 7.674 8.033 8.395 8.760 9.127 9.372 9.417 9.436 9.429 9.396 9.338 9.254 9.141 8.992 8.850 8.715 8.586 8.697 9.220 9.743 10.263 10.782 11.300 11.816 12.330 12.843 13.354 13.864 14.372 14.574 14.123 13.673 13.223 12.775 12.328 11.883 11.438 10.995 10.552 10.111 9.671 9.444 9.778 10.110 10.442 10.772 11.101 11.428 11.754 12.080 12.403 12.726 13.047 13.115 12.351 11.607 10.883 10.178 9.494 8.830 8.185 7.561 6.956 6.372 5.807 5.372 5.421
5.976 6.331 6.689 7.050 7.413 7.779 8.148 8.520 8.894 9.271 9.499 9.328 9.164 9.006 8.854 8.709 8.571 8.439 8.313 8.194 8.082 7.976 8.009 8.527 9.044 9.559 10.073 10.586 11.096 11.606 12.113 12.619 13.124 13.627 13.963 13.516 13.069 12.624 12.180 11.737 11.295 10.855 10.415 9.977 9.540 9.103 8.771 9.101 9.429 9.756 10.082 10.407 10.730 11.052 11.373 11.692 12.011 12.328 12.548 11.854 11.179 10.525 9.890 9.276 8.681 8.107 7.552 7.017 6.502 6.007 5.558 5.574
6.029 6.394 6.761 7.079 7.342 7.592 7.830 8.057 8.271 8.474 8.630 8.482 8.340 8.205 8.077 7.955 7.839 7.730 7.628 7.532 7.442 7.359 7.323 7.836 8.348 8.858 9.367 9.874 10.380 10.884 11.386 11.887 12.387 12.885 13.352 12.908 12.466 12.025 11.585 11.146 10.708 10.271 9.836 9.401 8.968 8.536 8.105 8.426 8.750 9.073 9.394 9.715 10.034 10.352 10.668 10.984 11.298 11.611 11.922 11.338 10.733 10.149 9.584 9.039 8.514 8.009 7.524 7.088 6.689 6.304 5.933 5.919
5.716 5.972 6.216 6.448 6.669 6.877 7.074 7.259 7.432 7.593 7.742 7.630 7.511 7.399 7.294 7.195 7.102 7.016 6.937 6.864 6.797 6.737 6.684 7.148 7.654 8.160 8.663 9.165 9.665 10.164 10.662 11.158 11.652 12.145 12.636 12.301 11.862 11.425 10.989 10.554 10.120 9.688 9.256 8.825 8.396 7.968 7.541 7.753 8.073 8.392 8.709 9.025 9.340 9.654 9.966 10.277 10.587 10.896 11.203 10.804 10.320 9.871 9.437 9.017 8.611 8.218 7.840 7.477 7.127 6.791 6.469 6.378
5.224 5.438 5.641 5.831 6.010 6.177 6.332 6.475 6.607 6.726 6.833 6.772 6.676 6.587 6.505 6.429 6.359 6.296 6.240 6.190 6.146 6.109 6.079 6.462 6.963 7.463 7.962 8.458 8.954 9.448 9.940 10.430 10.919 11.407 11.893 11.693 11.259 10.825 10.393 9.962 9.532 9.104 8.676 8.249 7.824 7.400 6.977 7.082 7.398 7.713 8.026 8.338 8.648 9.017 9.397 9.779 10.162 10.547 10.933 10.764 10.351 9.952 9.566 9.195 8.838 8.495 8.166 7.852 7.551 7.264 6.991 6.849
4.745 4.918 5.079 5.228 5.365 5.490 5.604 5.705 5.795 5.873 5.939 5.908 5.836 5.770 5.710 5.657 5.611 5.570 5.537 5.510 5.489 5.475 5.467 5.778 6.275 6.769 7.263 7.754 8.245 8.733 9.220 9.706 10.190 10.672 11.153 11.085 10.655 10.226 9.797 9.370 8.944 8.520 8.096 7.673 7.252 6.832 6.474 6.535 6.912 7.290 7.669 8.050 8.433 8.817 9.203 9.590 9.979 10.369 10.761 10.733 10.369 10.018 9.682 9.360 9.052 8.758 8.479 8.213 7.961 7.723 7.500 7.332
4.281 4.412 4.531 4.639 4.734 4.818 4.890 4.950 4.998 5.034 5.058 5.039 4.989 4.946 4.910 4.880 4.856 4.839 4.828 4.824 4.826 4.835 4.850 5.097 5.589 6.078 6.566 7.053 7.538 8.021 8.503 8.983 9.462 9.940 10.415 10.477 10.051 9.625 9.216 8.886 8.549 8.203 7.850 7.488 7.119 6.742 6.357 6.302 6.684 7.067 7.452 7.839 8.227 8.616 9.008 9.400 9.794 10.190 10.587 10.688 10.373 10.072 9.785 9.512 9.253 9.008 8.777 8.560 8.357 8.168 7.994 7.826
3.830 3.920 3.997 4.063 4.117 4.159 4.189 4.208 4.214 4.209 4.192 4.164 4.137 4.117 4.103 4.096 4.095 4.101 4.114 4.132 4.157 4.189 4.227 4.419 4.905 5.389 5.872 6.354 6.833 7.312 7.788 8.316 8.943 9.535 10.094 10.355 10.021 9.679 9.330 8.972 8.607 8.234 7.853 7.463 7.066 6.661 6.249 6.067 6.454 6.843 7.234 7.626 8.019 8.414 8.811 9.209 9.609 10.010 10.413 10.630 10.364 10.111 9.873 9.649 9.439 9.243 9.061 8.894 8.740 8.600 8.474 8.333
3.393 3.441 3.477 3.501 3.514 3.514 3.503 3.480 3.445 3.398 3.340 3.283 3.279 3.282 3.291 3.307 3.329 3.358 3.393 3.435 3.483 3.537 3.598 3.743 4.358 5.102 5.811 6.487 7.130 7.739 8.315 8.857 9.365 9.840 10.281 10.560 10.199 9.829 9.452 9.067 8.673 8.272 7.863 7.446 7.022 6.589 6.148 5.830 6.223 6.618 7.014 7.411 7.810 8.211 8.613 9.017 9.422 9.828 10.236 10.558 10.341 10.138 9.948 9.773 9.612 9.465 9.332 9.213 9.108 9.017 8.940 8.852
2.969 2.976 2.970 2.953 2.924 2.883 2.830 2.766 2.689 2.601 2.501 2.396 2.416 2.441 2.473 2.512 2.557 2.753 3.059 3.398 3.771 4.177 4.617 5.097 5.756 6.382 6.974 7.532 8.057 8.548 9.006 9.430 9.821 10.178 10.502 10.774 10.385 9.987 9.582 9.169 8.748 8.319 7.882 7.438 6.985 6.525 6.056 5.593 5.991 6.391 6.793 7.196 7.600 8.006 8.414 8.823 9.233 9.645 10.059 10.473 10.304 10.150 10.010 9.884 9.772 9.673 9.589 9.519 9.463 9.421 9.393 9.379
2.560 2.524 2.478 2.419 2.348 2.266 2.172 2.066 1.948 1.818 1.794 1.786 1.987 2.243 2.533 2.856 3.212 3.602 4.025 4.482 4.971 5.494 6.051 6.640 7.187 7.695 8.169 8.610 9.017 9.391 9.731 10.038 10.311 10.551 10.757 10.930 10.578 10.153 9.720 9.279 8.831 8.374 7.909 7.437 6.956 6.468 5.972 5.468 5.758 6.163 6.570 6.979 7.389 7.800 8.213 8.628 9.044 9.461 9.880 10.301 10.255 10.149 10.058 9.981 9.917 9.868 9.833 9.811 9.804 9.811 9.831 9.866
2.163 2.087 1.998 2.034 2.061 2.078 2.084 2.081 2.068 2.044 2.011 1.968 2.214 2.588 2.995 3.435 3.908 4.415 4.955 5.528 6.134 6.774 7.447 8.154 8.651 9.042 9.398 9.721 10.011 10.267 10.490 10.679 10.835 10.957 11.046 11.102 10.780 10.327 9.866 9.398 8.921 8.437 7.944 7.444 6.936 6.420 5.896 5.364 5.523 5.934 6.347 6.760 7.176 7.593 8.011 8.431 8.852 9.275 9.700 10.126 10.191 10.135 10.092 10.064 10.049 10.049 10.062 10.036 9.932 9.836 9.746 9.663
2.474 2.495 2.507 2.508 2.499 2.481 2.452 2.414 2.366 2.307 2.239 2.161 2.406 2.896 3.420 3.977 4.567 5.190 5.847 6.537 7.260 8.017 8.807 9.630 10.148 10.421 10.660 10.866 11.038 11.177 11.282 11.354 11.393 11.398 11.369 11.307 10.990 10.509 10.021 9.524 9.020 8.508 7.988 7.460 6.924 6.380 5.828 5.269 5.287 5.704 6.121 6.541 6.962 7.384 7.808 8.233 8.660 9.088 9.518 9.950 10.057 9.929 9.809 9.695 9.588 9.488 9.395 9.309 9.229 9.157 9.092 9.033
3.063 3.049 3.025 2.992 2.948 2.895 2.831 2.758 2.674 2.581 2.477 2.364 2.561 3.168 3.808 4.482 5.189 5.929 6.703 7.509 8.349 9.222 10.129 11.069 11.678 11.834 11.955 12.044 12.099 12.120 12.108 12.063 11.984 11.872 11.726 11.547 11.207 10.699 10.183 9.658 9.126 8.586 8.039 7.483 6.919 6.348 5.769 5.182 5.050 5.472 5.895 6.320 6.746 7.148 7.518 7.868 8.197 8.507 8.797 9.066 9.154 9.051 8.954 8.865 8.782 8.706 8.638 8.576 8.521 8.473 8.431 8.397
3.662 3.613 3.555 3.486 3.407 3.319 3.220 3.111 2.993 2.865 2.726 2.578 2.679 3.403 4.161 4.951 5.775 6.631 7.521 8.445 9.401 10.391 11.414 12.470 13.241 13.279 13.284 13.255 13.193 13.097 12.968 12.805 12.609 12.380 12.117 11.821 11.433 10.897 10.353 9.801 9.241 8.673 8.098 7.515 6.923 6.324 5.717 5.120 4.849 5.250 5.630 5.990 6.331 6.651 6.951 7.231 7.490 7.730 7.950 8.149 8.246 8.167 8.095 8.030 7.971 7.920 7.875 7.837 7.807 7.783 7.766 7.756
4.272 4.188 4.094 3.990 3.877 3.753 3.619 3.476 3.322 3.159 2.986 2.802 2.762 3.603 4.476 5.383 6.324 7.297 8.304 9.343 10.416 11.523 12.662 13.835 14.837 14.758 14.645 14.499 14.320 14.107 13.861 13.581 13.268 12.922 12.542 12.129 11.666 11.102 10.530 9.883 9.239 8.608 7.991 7.387 6.796 6.219 5.656 5.106 4.723 5.053 5.363 5.654 5.924 6.174 6.404 6.614 6.804 6.973 7.123 7.253 7.333 7.278 7.230 7.189 7.154 7.127 7.107 7.093 7.087 7.087 7.094 7.108
4.890 4.772 4.644 4.505 4.356 4.197 4.029 3.850 3.662 3.464 3.255 3.037 2.809 3.766 4.756 5.780 6.836 7.926 9.049 10.205 11.395 12.617 13.873 15.162 16.466 16.269 16.040 15.776 15.480 15.150 14.787 14.385 13.744 13.120 12.514 11.926 11.353 10.715 10.091 9.480 8.883 8.299 7.729 7.172 6.628 6.098 5.582 5.079 4.616 4.876 5.117 5.337 5.537 5.717 5.877 6.018 6.137 6.237 6.317 6.377 6.414 6.383 6.359 6.342 6.332 6.329 6.333 6.344 6.361 6.386 6.417 6.455
5.489 5.367 5.203 5.030 4.846 4.652 4.449 4.235 4.012 3.779 3.535 3.282 3.019 3.893 5.000 6.140 7.313 8.519 9.758 11.031 12.336 13.675 15.047 16.452 17.823 17.355 16.669 16.000 15.350 14.717 14.102 13.505 12.925 12.363 11.819 11.293 10.785 10.206 9.628 9.065 8.514 7.977 7.454 6.944 6.447 5.964 5.494 5.038 4.595 4.720 4.890 5.041 5.171 5.281 5.371 5.442 5.492 5.522 5.532 5.522 5.492 5.483 5.483 5.490 5.505 5.526 5.554 5.589 5.630 5.679 5.734 5.797
6.072 5.972 5.773 5.565 5.346 5.117 4.879 4.631 4.372 4.104 3.826 3.538 3.240 3.984 5.207 6.463 7.752 9.086 10.397 11.616 12.744 13.781 14.727 15.581 16.344 16.084 15.460 14.854 14.266 13.695 13.142 12.607 12.090 11.590 11.108 10.644 10.197 9.683 9.153 8.636 8.132 7.642 7.166 6.703 6.253 5.817 5.394 4.984 4.588 4.583 4.684 4.764 4.825 4.865 4.886 4.886 4.867 4.827 4.767 4.688 4.588 4.577 4.602 4.633 4.671 4.717 4.769 4.828 4.894 4.966 5.046 5.133
6.638 6.587 6.353 6.110 5.856 5.593 5.320 5.036 4.743 4.440 4.291 4.306 4.292 5.059 6.415 7.680 8.853 9.936 10.928 11.828 12.637 13.355 13.982 14.518 14.963 14.797 14.235 13.691 13.165 12.656 12.165 11.692 11.237 10.799 10.379 9.977 9.592 9.148 8.664 8.194 7.738 7.295 6.865 6.448 6.046 5.656 5.280 4.917 4.568 4.467 4.497 4.508 4.499 4.470 4.420 4.351 4.262 4.152 4.023 3.874 3.704 3.666 3.715 3.770 3.833 3.902 3.978 4.061 4.151 4.248 4.352 4.463
7.188 7.212 6.944 6.927 7.042 7.128 7.185 7.213 7.213 7.184 7.126 7.039 6.924 7.279 8.317 9.263 10.118 10.881 11.554 12.136 12.627 13.026 13.335 13.553 13.679 13.493 12.993 12.511 12.047 11.601 11.172 10.761 10.367 9.991 9.633 9.293 8.971 8.600 8.163 7.740 7.330 6.934 6.551 6.181 5.825 5.482 5.153 4.837 4.535 4.370 4.331 4.272 4.193 4.094 3.975 3.836 3.677 3.498 3.299 3.080 2.842 2.749 2.822 2.902 2.988 3.082 3.182 3.289 3.468 3.749 4.029 4.307
9.779 10.386 10.456 10.498 10.512 10.496 10.452 10.379 10.278 10.147 9.988 9.801 9.584 9.595 10.313 10.940 11.477 11.922 12.277 12.540 12.713 12.794 12.784 12.684 12.492 12.173 11.735 11.315 10.913 10.528 10.161 9.812 9.480 9.167 8.870 8.592 8.331 8.039 7.649 7.272 6.909 6.560 6.224 5.901 5.591 5.295 5.013 4.744 4.488 4.294 4.185 4.056 3.908 3.739 3.551 3.342 3.113 2.865 2.596 2.308 1.999 1.921 2.206 2.490 2.772 3.054 3.335 3.614 3.892 4.169 4.445 4.720
13.344 14.186 14.155 14.096 14.008 13.892 13.746 13.572 13.370 13.138 12.878 12.589 12.272 12.004 12.404 12.713 12.931 13.058 13.095 13.040 12.894 12.658 12.330 11.912 11.403 10.835 10.460 10.102 9.761 9.439 9.134 8.846 8.577 8.325 8.090 7.874 7.675 7.465 7.122 6.792 6.476 6.173 5.884 5.607 5.345 5.096 4.860 4.637 4.428 4.237 4.059 3.861 3.642 3.404 3.287 3.239 3.157 3.042 2.894 2.712 2.497 2.373 2.654 2.934 3.213 3.491 3.767 4.043 4.317 4.590 4.862 5.133
