DATA/SHG/ECMWF/20170628/EN-4/20170709.en-4.asc
ncols        190
nrows        64
xllcorner    -5100000.000000000000
yllcorner    4130000.000000000000
cellsize     10000.000000000000
NODATA_value  -99999.000
[rows 32 to 63 of 64, columns 0 to 72 of 190]
6.523 6.324 6.438 6.566 6.675 6.766 6.838 6.892 6.928 6.945 6.944 6.925 6.887 6.830 6.692 6.535 6.363 6.177 5.975 5.759 5.528 5.282 5.021 4.745 4.454 4.149 4.291 4.444 4.599 4.755 4.915 5.076 5.239 5.405 5.573 5.743 5.915 6.085 6.055 6.042 6.045 6.065 6.103 6.156 6.227 6.315 6.419 6.680 7.024 7.406 8.038 8.616 9.139 9.608 10.023 10.384 10.691 10.943 11.141 11.284 11.374 11.407 11.397 11.384 11.369 11.350 11.328 11.304 11.276 11.245 11.212 11.175 11.135
7.387 7.179 7.189 7.252 7.296 7.323 7.331 7.321 7.292 7.245 7.179 7.095 6.993 6.872 6.690 6.481 6.257 6.019 5.765 5.497 5.214 4.916 4.603 4.275 3.932 3.575 3.648 3.808 3.970 4.135 4.302 4.471 4.642 4.816 4.991 5.169 5.349 5.531 5.579 5.625 5.837 6.107 6.399 6.711 7.044 7.398 7.773 8.169 8.586 9.024 9.466 9.855 10.189 10.469 10.696 10.867 10.985 11.048 11.057 11.012 10.913 10.759 10.732 10.709 10.683 10.654 10.622 10.587 10.550 10.509 10.465 10.418 10.368
8.252 8.036 7.958 7.957 7.937 7.899 7.843 7.768 7.675 7.564 7.434 7.286 7.119 6.934 6.704 6.443 6.167 5.876 5.571 5.251 4.916 4.566 4.201 3.821 3.427 3.018 3.002 3.170 3.341 3.513 3.688 3.865 4.044 4.369 4.720 5.085 5.463 5.854 6.169 6.470 6.792 7.135 7.499 7.884 8.290 8.718 9.166 9.635 10.125 10.636 10.946 11.146 11.291 11.383 11.420 11.403 11.332 11.207 11.027 10.793 10.505 10.163 10.071 10.038 10.002 9.962 9.920 9.875 9.827 9.776 9.722 9.665 9.605
9.119 8.895 8.747 8.681 8.597 8.495 8.374 8.235 8.078 7.902 7.708 7.495 7.265 7.015 6.733 6.421 6.093 5.750 5.393 5.021 4.634 4.232 3.816 3.384 2.938 2.481 2.477 2.781 3.099 3.429 3.774 4.131 4.502 4.887 5.285 5.696 6.121 6.560 6.954 7.328 7.724 8.140 8.577 9.035 9.514 10.014 10.536 11.078 11.641 12.225 12.477 12.488 12.445 12.348 12.197 11.991 11.732 11.418 11.050 10.627 10.151 9.621 9.414 9.370 9.324 9.274 9.222 9.166 9.108 9.047 8.982 8.915 8.845
9.987 9.755 9.555 9.425 9.277 9.110 8.925 8.722 8.500 8.260 8.002 7.725 7.430 7.117 6.779 6.414 6.035 5.640 5.234 4.841 4.459 4.088 3.727 3.377 3.038 2.710 2.652 3.003 3.367 3.745 4.136 4.541 4.959 5.390 5.835 6.293 6.765 7.250 7.717 8.165 8.633 9.122 9.632 10.163 10.715 11.289 11.883 12.498 13.134 13.790 14.061 13.883 13.652 13.366 13.026 12.632 12.184 11.681 11.125 10.514 9.850 9.131 8.760 8.706 8.649 8.590 8.527 8.462 8.393 8.321 8.247 8.169 8.089
10.857 10.616 10.382 10.188 9.975 9.744 9.495 9.227 8.942 8.637 8.315 7.954 7.540 7.128 6.719 6.320 5.932 5.556 5.189 4.834 4.489 4.155 3.832 3.520 3.218 2.927 2.813 3.211 3.622 4.047 4.484 4.936 5.401 5.879 6.371 6.876 7.394 7.926 8.458 8.978 9.520 10.082 10.665 11.269 11.894 12.540 13.207 13.895 14.603 15.333 15.696 15.330 14.910 14.435 13.907 13.325 12.688 11.998 11.253 10.454 9.602 8.695 8.110 8.046 7.979 7.909 7.836 7.760 7.682 7.600 7.515 7.427 7.337
11.728 11.479 11.228 10.969 10.631 10.211 9.792 9.375 8.960 8.547 8.136 7.727 7.320 6.915 6.513 6.152 5.802 5.462 5.133 4.815 4.508 4.212 3.926 3.651 3.387 3.133 2.960 3.404 3.862 4.333 4.818 5.316 5.828 6.353 6.891 7.443 8.008 8.587 9.176 9.770 10.384 11.019 11.675 12.352 13.049 13.768 14.508 15.269 16.050 16.853 17.382 16.828 16.220 15.557 14.840 14.070 13.245 12.367 11.434 10.447 9.406 8.311 7.463 7.389 7.312 7.232 7.149 7.063 6.974 6.882 6.983 7.245 7.542
12.029 11.611 11.191 10.773 10.357 9.943 9.531 9.121 8.712 8.306 7.901 7.499 7.098 6.700 6.303 5.972 5.659 5.357 5.066 4.786 4.516 4.257 4.008 3.771 3.544 3.328 3.122 3.583 4.088 4.606 5.138 5.682 6.241 6.813 7.398 7.996 8.608 9.233 9.872 10.538 11.225 11.933 12.662 13.412 14.182 14.974 15.787 16.620 17.474 18.350 19.121 18.378 17.581 16.731 15.826 14.867 13.855 12.788 11.667 10.492 9.264 7.981 6.821 6.864 7.000 7.171 7.377 7.620 7.898 8.212 8.562 8.948 9.369
11.763 11.337 10.907 10.490 10.081 9.673 9.268 8.864 8.463 8.063 7.665 7.269 6.875 6.483 6.093 5.782 5.506 5.242 4.988 4.744 4.512 4.290 4.079 3.879 3.689 3.511 3.343 3.748 4.299 4.864 5.442 6.034 6.639 7.258 7.889 8.535 9.193 9.865 10.551 11.285 12.045 12.825 13.627 14.449 15.293 16.157 17.042 17.949 18.876 19.824 20.792 19.980 18.995 17.956 16.864 15.717 14.413 13.110 11.856 10.649 9.489 8.378 7.317 7.540 7.800 8.095 8.425 8.792 9.194 9.632 10.106 10.615 11.160
11.501 11.065 10.627 10.205 9.803 9.402 9.003 8.606 8.211 7.818 7.427 7.038 6.650 6.265 5.881 5.580 5.342 5.114 4.898 4.692 4.497 4.312 4.139 3.976 3.824 3.682 3.551 3.898 4.496 5.108 5.733 6.371 7.023 7.688 8.367 9.059 9.764 10.482 11.214 12.009 12.841 13.695 14.569 15.464 16.381 17.318 18.275 19.254 20.254 20.925 21.516 20.502 19.127 17.798 16.518 15.286 14.101 12.964 11.875 10.833 9.840 8.894 7.996 8.181 8.564 8.983 9.438 9.928 10.454 11.015 11.613 12.246 12.915
11.242 10.797 10.350 9.919 9.523 9.129 8.737 8.347 7.958 7.572 7.187 6.805 6.424 6.045 5.668 5.367 5.166 4.976 4.797 4.628 4.471 4.323 4.187 4.061 3.946 3.842 3.749 4.034 4.679 5.337 6.009 6.694 7.392 8.104 8.829 9.568 10.320 11.085 11.864 12.711 13.616 14.542 15.221 15.865 16.494 17.109 17.708 18.293 18.862 19.417 19.957 19.316 18.106 16.943 15.829 14.762 13.743 12.771 11.847 10.971 10.143 9.363 8.630 8.786 9.293 9.836 10.414 11.028 11.678 12.363 13.084 13.841 14.634
10.986 10.532 10.076 9.632 9.242 8.855 8.469 8.085 7.704 7.324 6.946 6.570 6.196 5.824 5.453 5.143 4.979 4.827 4.685 4.553 4.433 4.323 4.224 4.136 4.058 3.991 3.935 4.156 4.847 5.552 6.271 7.002 7.747 8.506 9.274 9.891 10.490 11.070 11.630 12.222 12.859 13.482 14.090 14.682 15.260 15.823 16.371 16.904 17.422 17.926 18.414 18.084 17.040 16.043 15.094 14.192 13.338 12.532 11.774 11.063 10.400 9.785 9.217 9.357 9.987 10.654 11.356 12.093 12.867 13.676 14.520 15.400 16.316
10.734 10.271 9.805 9.342 8.959 8.579 8.200 7.823 7.447 7.074 6.703 6.333 5.966 5.600 5.237 4.908 4.781 4.666 4.561 4.467 4.384 4.312 4.250 4.199 4.158 4.128 4.109 4.259 4.943 5.608 6.254 6.882 7.490 8.080 8.651 9.204 9.737 10.252 10.747 11.262 11.848 12.419 12.975 13.516 14.043 14.554 15.051 15.532 15.999 16.451 16.888 16.807 15.928 15.097 14.313 13.577 12.888 12.247 11.654 11.109 10.611 10.161 9.758 9.892 10.646 11.436 12.262 13.123 14.020 14.952 15.920 16.924 17.963
10.485 10.013 9.538 9.060 8.675 8.301 7.928 7.558 7.189 6.823 6.458 6.095 5.734 5.375 5.018 4.663 4.572 4.494 4.427 4.370 4.329 4.305 4.276 4.243 4.205 4.162 4.114 4.113 4.731 5.331 5.912 6.475 7.018 7.543 8.049 8.536 9.004 9.454 9.884 10.318 10.852 11.372 11.877 12.367 12.842 13.302 13.747 14.177 14.592 14.993 15.378 15.485 14.771 14.105 13.486 12.915 12.392 11.916 11.488 11.108 10.775 10.490 10.253 10.392 11.269 12.183 13.132 14.117 15.137 16.193 17.284 18.412 19.574
10.239 9.758 9.274 8.787 8.389 8.021 7.656 7.292 6.930 6.570 6.212 5.856 5.501 5.174 4.889 4.592 4.529 4.508 4.482 4.451 4.415 4.375 4.329 4.279 4.225 4.165 4.101 4.032 4.539 5.074 5.590 6.087 6.566 7.025 7.466 7.888 8.291 8.676 9.041 9.390 9.873 10.341 10.795 11.233 11.657 12.065 12.459 12.838 13.202 13.551 13.885 14.117 13.569 13.067 12.614 12.208 11.850 11.539 11.276 11.061 10.893 10.773 10.701 10.856 11.858 12.895 13.967 15.075 16.219 17.398 18.613 19.864 21.150
9.997 9.506 9.013 8.518 8.101 7.740 7.437 7.194 6.939 6.672 6.393 6.102 5.799 5.484 5.157 4.817 4.687 4.649 4.606 4.559 4.506 4.449 4.387 4.321 4.250 4.174 4.093 4.007 4.367 4.837 5.288 5.720 6.133 6.528 6.903 7.260 7.598 7.918 8.218 8.500 8.910 9.327 9.729 10.116 10.488 10.845 11.188 11.515 11.828 12.125 12.408 12.676 12.321 11.985 11.696 11.455 11.262 11.117 11.019 10.968 10.965 11.010 11.102 11.286 12.411 13.571 14.767 15.999 17.266 18.568 19.906 21.280 22.684
9.859 9.481 9.143 8.847 8.588 8.327 8.054 7.769 7.472 7.163 6.842 6.509 6.163 5.806 5.437 5.056 4.849 4.795 4.735 4.671 4.602 4.529 4.450 4.367 4.279 4.187 4.089 3.987 4.215 4.619 5.005 5.372 5.720 6.050 6.360 6.652 6.926 7.180 7.416 7.632 7.963 8.329 8.679 9.015 9.336 9.642 9.933 10.209 10.470 10.717 10.948 11.165 11.027 10.856 10.733 10.657 10.629 10.648 10.715 10.829 10.991 11.200 11.457 11.762 12.929 14.218 15.567 16.893 18.196 19.476 20.733 21.967 23.178
10.056 9.820 9.625 9.472 9.301 8.998 8.683 8.356 8.017 7.666 7.303 6.928 6.540 6.141 5.730 5.307 5.017 4.946 4.870 4.789 4.704 4.613 4.518 4.419 4.314 4.205 4.091 3.972 4.082 4.421 4.742 5.044 5.327 5.592 5.837 6.064 6.273 6.462 6.633 6.785 7.032 7.347 7.646 7.930 8.200 8.454 8.694 8.919 9.129 9.324 9.504 9.670 9.689 9.683 9.724 9.813 9.949 10.133 10.404 10.922 11.427 11.921 12.404 12.876 13.997 15.290 16.559 17.806 19.029 20.229 21.407 22.561 23.692
10.207 10.114 10.062 10.051 10.026 9.681 9.324 8.955 8.574 8.181 7.776 7.359 6.930 6.489 6.036 5.571 5.189 5.101 5.009 4.912 4.810 4.703 4.591 4.475 4.354 4.228 4.098 3.962 3.968 4.243 4.498 4.736 4.954 5.153 5.334 5.496 5.640 5.764 5.870 5.957 6.118 6.381 6.629 6.862 7.080 7.283 7.472 7.645 7.804 7.948 8.077 8.288 8.852 9.398 9.932 10.455 10.967 11.467 11.956 12.434 12.900 13.354 13.798 14.230 15.169 16.382 17.572 18.739 19.882 21.003 22.101 23.175 24.227
10.313 10.363 10.453 10.584 10.756 10.377 9.978 9.567 9.144 8.709 8.262 7.803 7.332 6.849 6.354 5.847 5.366 5.262 5.153 5.039 4.921 4.797 4.669 4.536 4.399 4.257 4.109 3.958 3.874 4.084 4.275 4.447 4.600 4.735 4.851 4.948 5.026 5.086 5.127 5.149 5.219 5.431 5.627 5.809 6.075 6.601 7.141 7.697 8.267 8.853 9.453 10.068 10.650 11.156 11.651 12.134 12.607 13.067 13.517 13.955 14.381 14.797 15.201 15.593 16.361 17.495 18.605 19.692 20.756 21.798 22.816 23.811 24.783
10.374 10.566 10.798 11.072 11.387 11.085 10.644 10.191 9.726 9.250 8.761 8.260 7.747 7.222 6.685 6.136 5.575 5.427 5.302 5.172 5.036 4.897 4.752 4.603 4.449 4.290 4.126 3.958 3.800 3.945 4.071 4.178 4.266 4.336 4.387 4.420 4.433 4.534 4.806 5.052 5.317 5.835 6.368 6.915 7.477 8.055 8.647 9.254 9.875 10.512 11.164 11.830 12.457 12.923 13.379 13.823 14.255 14.677 15.086 15.485 15.872 16.248 16.613 16.966 17.574 18.628 19.659 20.666 21.651 22.613 23.551 24.467 25.360
10.389 10.724 11.099 11.515 11.971 11.805 11.323 10.828 10.321 9.802 9.272 8.729 8.174 7.607 7.029 6.438 5.835 5.598 5.456 5.309 5.157 5.001 4.840 4.674 4.503 4.328 4.148 3.963 3.773 3.825 4.026 4.391 4.729 5.041 5.327 5.587 5.821 6.028 6.209 6.364 6.497 7.066 7.650 8.249 8.863 9.492 10.135 10.794 11.467 12.155 12.858 13.576 14.272 14.699 15.115 15.520 15.913 16.295 16.665 17.024 17.372 17.709 18.034 18.347 18.807 19.782 20.733 21.661 22.566 23.449 24.308 25.144 25.957
10.360 10.836 11.353 11.911 12.511 12.538 12.014 11.477 10.928 10.368 9.795 9.211 8.614 8.005 7.385 6.752 6.108 5.773 5.615 5.451 5.283 5.110 4.932 4.858 4.918 5.020 5.164 5.349 5.576 5.882 6.181 6.455 6.702 6.924 7.119 7.288 7.430 7.547 7.638 7.702 7.740 8.281 8.917 9.567 10.232 10.912 11.607 12.317 13.041 13.781 14.535 15.304 16.088 16.485 16.861 17.226 17.580 17.922 18.253 18.573 18.881 19.178 19.464 19.738 20.061 20.956 21.828 22.677 23.502 24.305 25.085 25.842 26.576
10.285 10.903 11.563 12.263 13.004 13.283 12.717 12.138 11.548 10.946 10.331 9.705 9.066 8.416 7.754 7.079 6.418 6.063 6.017 6.013 6.051 6.130 6.251 6.414 6.619 6.865 7.153 7.483 7.855 8.152 8.361 8.544 8.700 8.831 8.935 9.013 9.065 9.091 9.091 9.064 9.012 9.479 10.166 10.868 11.584 12.316 13.062 13.823 14.599 15.390 16.195 17.016 17.851 18.279 18.616 18.942 19.256 19.559 19.851 20.131 20.400 20.657 20.904 21.139 21.362 22.151 22.943 23.712 24.459 25.182 25.883 26.560 27.215
10.165 10.925 11.727 12.569 13.452 14.041 13.433 12.812 12.180 11.424 10.653 9.928 9.248 8.614 8.026 7.483 6.986 6.706 6.805 6.945 7.128 7.351 7.617 7.924 8.274 8.664 9.097 9.571 10.087 10.447 10.565 10.657 10.723 10.763 10.776 10.763 10.725 10.660 10.569 10.452 10.309 10.661 11.399 12.152 12.920 13.702 14.500 15.312 16.140 16.982 17.839 18.711 19.597 20.082 20.380 20.666 20.941 21.204 21.457 21.698 21.927 22.146 22.353 22.548 22.732 23.366 24.079 24.769 25.436 26.080 26.701 27.300 27.875
9.999 10.902 11.714 12.459 13.167 13.743 12.948 12.198 11.494 10.836 10.223 9.656 9.134 8.658 8.228 7.844 7.505 7.304 7.547 7.832 8.159 8.527 8.937 9.389 9.883 10.418 10.995 11.613 12.274 12.767 12.794 12.795 12.770 12.719 12.642 12.538 12.409 12.253 12.072 11.864 11.630 11.825 12.615 13.419 14.239 15.073 15.921 16.785 17.664 18.557 19.465 20.388 21.326 21.894 22.152 22.399 22.635 22.859 23.072 23.274 23.464 23.643 23.811 23.967 24.112 24.601 25.235 25.846 26.434 26.671 26.780 26.871 26.945
9.292 9.982 10.635 11.250 11.827 12.367 11.836 11.245 10.699 10.198 9.744 9.335 8.971 8.654 8.382 8.155 7.974 7.856 8.244 8.674 9.145 9.657 10.212 10.808 11.446 12.125 12.846 13.609 14.414 15.110 15.047 14.957 14.842 14.700 14.532 14.338 14.118 13.872 13.600 13.301 12.977 12.974 13.815 14.670 15.541 16.426 17.326 18.241 19.171 20.116 21.075 22.049 23.039 23.715 23.934 24.142 24.338 24.523 24.697 24.859 25.010 25.150 24.914 24.577 24.239 24.157 24.276 24.377 24.461 24.528 24.577 24.608 24.622
8.516 9.076 9.598 10.083 10.530 10.940 10.676 10.243 9.855 9.513 9.216 8.965 8.760 8.600 8.486 8.417 8.394 8.417 8.896 9.470 10.085 10.742 11.441 12.181 12.963 13.787 14.652 15.559 16.508 17.478 17.324 17.144 16.938 16.705 16.447 16.162 15.852 15.515 15.152 14.764 14.349 14.105 14.998 15.905 16.826 17.763 18.714 19.681 20.662 21.657 22.668 23.694 24.734 25.545 25.725 25.480 25.148 24.814 24.479 24.143 23.806 23.468 23.128 22.788 22.446 22.273 22.331 22.373 22.397 22.404 22.393 22.364 22.319
7.782 8.212 8.604 8.959 9.276 9.555 9.468 9.193 8.963 8.779 8.640 8.547 8.500 8.498 8.541 8.631 8.765 8.946 9.503 10.221 10.980 11.782 12.624 13.509 14.435 15.403 16.412 17.463 18.556 19.690 19.626 19.355 19.058 18.735 18.386 18.011 17.610 17.183 16.730 16.251 15.745 15.221 16.164 17.122 18.095 19.083 20.086 21.103 21.787 22.393 22.968 23.511 24.024 24.394 24.060 23.725 23.388 23.051 22.712 22.372 22.031 21.689 21.346 21.001 20.656 20.407 20.406 20.387 20.352 20.298 20.228 20.140 20.034
7.090 7.390 7.652 7.877 8.064 8.213 8.212 8.095 8.023 7.997 8.016 8.081 8.191 8.347 8.548 8.795 9.087 9.425 10.064 10.926 11.830 12.776 13.763 14.791 15.861 16.973 18.127 19.322 20.558 21.837 21.952 21.591 21.203 20.790 20.351 19.885 19.393 18.876 18.332 17.763 17.167 16.322 16.819 17.504 18.158 18.781 19.373 19.934 20.464 20.963 21.431 21.868 22.274 22.649 22.311 21.972 21.632 21.291 20.949 20.605 20.260 19.914 19.567 19.219 18.869 18.559 18.499 18.421 18.325 18.212 18.082 17.934 17.769
6.440 6.610 6.742 6.837 6.894 6.914 6.908 6.949 7.035 7.166 7.343 7.565 7.833 8.147 8.506 8.910 9.360 9.856 10.581 11.587 12.635 13.724 14.855 16.028 17.242 18.498 19.795 21.134 22.515 23.937 24.303 23.851 23.373 22.869 21.904 20.960 20.046 19.163 18.312 17.492 16.702 15.944 16.169 16.748 17.295 17.811 18.297 18.751 19.174 19.566 19.927 20.257 20.556 20.825 20.566 20.223 19.879 19.534 19.188 18.840 18.492 18.142 17.791 17.439 17.086 16.731 16.611 16.473 16.318 16.145 15.955 15.747 15.523
5.832 5.872 5.875 5.840 5.767 5.657 5.556 5.754 5.998 6.287 6.622 7.002 7.427 7.898 8.415 8.977 9.584 10.237 11.052 12.203 13.394 14.628 15.903 17.219 18.577 19.977 21.403 22.419 23.391 24.319 24.406 23.445 22.514 21.615 20.746 19.909 19.102 18.327 17.582 16.869 16.186 15.535 15.552 16.023 16.464 16.873 17.252 17.599 17.916 18.201 18.456 18.679 18.872 19.033 18.824 18.478 18.130 17.781 17.431 17.079 16.727 16.373 16.018 15.662 15.305 14.947 14.741 14.544 14.329 14.097 13.847 13.580 13.295
