DATA/SHG/ECMWF/20170628/EN-4/20170629.en-4.asc
ncols        190
nrows        64
xllcorner    -5100000.000000000000
yllcorner    4130000.000000000000
cellsize     10000.000000000000
NODATA_value  -99999.000
[rows 0 to 32 of 64, columns 74 to 147 of 190]
8.110 7.668 7.219 6.763 6.299 5.828 5.349 5.301 6.303 7.294 8.239 9.138 9.990 10.796 11.556 12.270 12.938 13.559 14.134 14.355 13.575 12.843 12.143 11.475 10.839 10.235 9.663 9.123 8.615 8.138 7.694 7.361 7.301 7.239 7.176 7.112 7.047 6.980 6.913 6.844 6.775 6.704 6.632 6.555 6.454 6.338 6.208 6.063 5.903 5.729 5.540 5.336 5.117 4.883 4.635 4.421 4.350 4.288 4.234 4.189 4.153 4.125 4.105 4.094 4.091 4.097 4.112 4.124 4.114 4.109 4.108 4.113 4.122 4.137
8.264 7.819 7.397 6.996 6.617 6.258 5.920 5.817 6.692 7.522 8.305 9.042 9.733 10.377 10.976 11.528 12.034 12.494 12.908 13.168 12.530 11.941 11.384 10.859 10.366 9.905 9.475 9.078 8.712 8.379 8.077 7.829 7.763 7.696 7.628 7.559 7.488 7.417 7.345 7.271 7.196 7.120 7.043 6.955 6.789 6.607 6.411 6.200 5.974 5.734 5.478 5.208 4.924 4.624 4.310 4.023 3.990 3.966 3.950 3.943 3.945 3.954 3.973 4.000 4.035 4.079 4.131 4.184 4.196 4.212 4.234 4.261 4.293 4.329
8.512 8.142 7.793 7.466 7.159 6.872 6.607 6.409 7.123 7.791 8.412 8.988 9.518 10.001 10.438 10.829 11.174 11.473 11.725 11.931 11.450 11.004 10.590 10.208 9.857 9.539 9.252 8.997 8.774 8.583 8.424 8.297 8.225 8.153 8.080 8.006 7.931 7.854 7.777 7.698 7.618 7.537 7.455 7.371 7.138 6.891 6.629 6.352 6.060 5.754 5.433 5.097 4.746 4.381 4.001 3.616 3.622 3.635 3.658 3.689 3.728 3.776 3.832 3.897 3.970 4.052 4.142 4.345 4.576 4.778 4.951 5.096 5.211 5.298
8.743 8.446 8.170 7.915 7.681 7.467 7.274 7.102 7.595 8.102 8.562 8.976 9.344 9.667 9.943 10.172 10.356 10.494 10.585 10.631 10.336 10.033 9.761 9.522 9.314 9.138 8.994 8.881 8.801 8.752 8.735 8.750 8.689 8.611 8.533 8.454 8.374 8.292 8.210 8.126 8.041 7.955 7.868 7.780 7.503 7.190 6.862 6.519 6.162 5.790 5.403 5.001 4.585 4.153 3.708 3.247 3.245 3.297 3.458 3.728 4.011 4.309 4.621 4.947 5.288 5.642 6.010 6.393 6.515 6.588 6.633 6.649 6.637 6.596
8.954 8.730 8.527 8.344 8.182 8.042 7.922 7.822 8.109 8.454 8.753 9.006 9.214 9.375 9.490 9.558 9.581 9.558 9.489 9.373 9.188 9.027 8.898 8.801 8.736 8.702 8.700 8.730 8.792 8.886 9.011 9.169 9.152 9.070 8.987 8.903 8.817 8.731 8.643 8.554 8.464 8.373 8.281 8.188 7.884 7.505 7.111 6.702 6.279 5.905 5.588 5.278 4.977 4.683 4.398 4.121 4.298 4.602 4.921 5.253 5.600 5.960 6.335 6.724 7.127 7.544 7.975 8.420 8.479 8.424 8.341 8.229 8.089 7.920
9.145 8.994 8.863 8.753 8.664 8.596 8.549 8.522 8.664 8.848 8.986 9.079 9.125 9.125 9.079 8.987 8.849 8.665 8.435 8.159 8.006 7.987 8.001 8.046 8.123 8.231 8.372 8.544 8.748 8.984 9.252 9.551 9.617 9.529 9.441 9.352 9.261 9.170 9.077 8.983 8.908 8.854 8.809 8.774 8.548 8.226 7.911 7.605 7.307 7.018 6.736 6.463 6.198 5.941 5.692 5.451 5.619 5.986 6.367 6.762 7.171 7.594 8.032 8.483 8.949 9.429 9.923 10.430 10.469 10.287 10.076 9.836 9.567 9.270
9.317 9.238 9.180 9.143 9.126 9.131 9.156 9.201 9.261 9.284 9.261 9.193 9.078 8.917 8.711 8.458 8.159 7.815 7.424 6.988 6.789 6.913 7.069 7.256 7.475 7.726 8.009 8.323 8.669 9.047 9.457 9.897 10.067 9.980 9.902 9.833 9.774 9.724 9.684 9.652 9.630 9.618 9.614 9.620 9.469 9.183 8.905 8.635 8.373 8.120 7.875 7.638 7.409 7.188 6.976 6.771 6.923 7.352 7.796 8.254 8.726 9.212 9.712 10.226 10.754 11.297 11.853 12.424 12.485 12.175 11.836 11.468 11.072 10.647
9.469 9.463 9.477 9.512 9.568 9.645 9.743 9.861 9.899 9.762 9.578 9.349 9.073 8.752 8.385 7.971 7.512 7.007 6.456 5.859 5.538 5.804 6.222 6.688 7.149 7.604 8.053 8.496 8.933 9.365 9.791 10.211 10.447 10.401 10.364 10.337 10.320 10.311 10.312 10.322 10.341 10.370 10.408 10.455 10.380 10.130 9.888 9.655 9.429 9.212 9.003 8.802 8.610 8.425 8.249 8.081 8.210 8.703 9.209 9.729 10.264 10.813 11.375 11.952 12.543 13.148 13.767 14.400 14.527 14.089 13.622 13.127 12.602 12.050
9.601 9.668 9.755 9.862 9.991 10.140 10.309 10.500 10.579 10.280 9.936 9.546 9.110 8.629 8.113 7.641 7.198 6.783 6.396 6.037 5.876 6.328 6.774 7.215 7.650 8.079 8.502 8.919 9.331 9.737 10.137 10.531 10.815 10.811 10.816 10.830 10.854 10.887 10.929 10.981 11.041 11.111 11.191 11.279 11.281 11.067 10.862 10.664 10.475 10.294 10.121 9.957 9.800 9.652 9.512 9.380 9.481 10.036 10.605 11.188 11.785 12.397 13.022 13.661 14.314 14.982 15.663 16.359 16.595 16.029 15.434 14.811 14.159 13.479
9.714 9.853 10.012 10.192 10.393 10.614 10.856 11.067 11.076 10.534 10.020 9.534 9.077 8.647 8.246 7.872 7.527 7.210 6.922 6.661 6.485 6.912 7.332 7.747 8.156 8.559 8.957 9.348 9.734 10.114 10.489 10.857 11.174 11.211 11.257 11.313 11.378 11.452 11.535 11.628 11.730 11.842 11.962 12.092 12.172 11.994 11.825 11.664 11.511 11.366 11.230 11.101 10.981 10.869 10.765 10.669 10.736 11.354 11.985 12.631 13.290 13.964 14.652 15.354 16.069 16.799 17.543 18.301 18.688 17.995 17.273 16.522 15.743 14.935
9.782 9.914 10.037 10.153 10.259 10.357 10.447 10.528 10.595 10.151 9.735 9.347 8.988 8.656 8.353 8.078 7.831 7.612 7.421 7.259 7.113 7.501 7.896 8.285 8.668 9.045 9.417 9.783 10.143 10.498 10.846 11.189 11.521 11.599 11.687 11.784 11.890 12.006 12.131 12.265 12.408 12.561 12.723 12.894 13.053 12.912 12.779 12.654 12.537 12.428 12.328 12.235 12.151 12.075 12.007 11.948 11.975 12.655 13.349 14.057 14.779 15.515 16.265 17.029 17.808 18.600 19.406 20.226 20.808 19.987 19.137 18.259 17.352 16.417
9.458 9.560 9.654 9.740 9.817 9.886 9.946 9.998 10.042 9.742 9.425 9.135 8.874 8.640 8.435 8.258 8.109 7.988 7.895 7.830 7.783 8.096 8.465 8.828 9.186 9.537 9.883 10.224 10.558 10.887 11.210 11.527 11.838 11.977 12.107 12.245 12.392 12.549 12.715 12.891 13.075 13.269 13.473 13.685 13.907 13.819 13.722 13.634 13.553 13.480 13.416 13.360 13.312 13.272 13.240 13.216 13.201 13.939 14.696 15.466 16.251 17.049 17.862 18.688 19.529 20.384 21.252 21.998 22.508 21.401 20.381 19.448 18.604 17.847
9.142 9.215 9.280 9.336 9.384 9.423 9.454 9.477 9.491 9.309 9.089 8.898 8.734 8.599 8.491 8.412 8.361 8.338 8.343 8.376 8.428 8.696 9.040 9.377 9.709 10.035 10.355 10.670 10.979 11.282 11.579 11.870 12.156 12.345 12.515 12.695 12.884 13.082 13.289 13.506 13.732 13.967 14.211 14.465 14.728 14.717 14.656 14.603 14.559 14.522 14.494 14.474 14.462 14.458 14.462 14.475 14.495 15.207 15.946 16.588 17.218 17.835 18.440 19.032 19.611 20.178 20.732 21.273 21.801 21.170 20.540 19.998 19.543 19.176
8.835 8.878 8.914 8.940 8.959 8.969 8.970 8.963 8.948 8.850 8.728 8.635 8.569 8.532 8.522 8.541 8.588 8.662 8.765 8.896 9.046 9.302 9.620 9.932 10.238 10.538 10.833 11.122 11.405 11.682 11.954 12.220 12.480 12.701 12.913 13.134 13.364 13.603 13.852 14.110 14.377 14.653 14.939 15.234 15.538 15.605 15.580 15.563 15.555 15.504 15.401 15.293 15.182 15.068 14.949 14.827 14.702 15.139 15.738 16.325 16.899 17.460 18.008 18.544 19.067 19.578 20.076 20.561 21.034 20.854 20.613 20.459 20.394 20.416
8.536 8.550 8.556 8.553 8.542 8.523 8.495 8.459 8.414 8.366 8.342 8.347 8.379 8.439 8.528 8.644 8.788 8.961 9.161 9.390 9.638 9.914 10.206 10.492 10.773 11.047 11.316 11.579 11.837 12.089 12.334 12.575 12.809 13.048 13.300 13.562 13.834 14.114 14.404 14.703 14.980 15.231 15.486 15.744 16.005 16.051 15.946 15.837 15.724 15.608 15.488 15.364 15.237 15.106 14.971 14.833 14.691 15.001 15.544 16.075 16.593 17.098 17.590 18.070 18.537 18.992 19.434 19.863 20.279 20.450 20.598 20.834 21.157 21.568
8.245 8.230 8.206 8.174 8.134 8.085 8.028 7.963 7.889 7.857 7.931 8.033 8.163 8.322 8.508 8.722 8.964 9.234 9.532 9.858 10.204 10.531 10.797 11.058 11.313 11.562 11.805 12.043 12.275 12.501 12.721 12.911 13.081 13.280 13.523 13.770 14.019 14.272 14.528 14.788 15.050 15.316 15.586 15.858 16.134 16.224 16.102 15.977 15.848 15.715 15.579 15.439 15.295 15.148 14.997 14.842 14.684 14.877 15.364 15.838 16.300 16.749 17.185 17.609 18.020 18.419 18.805 19.178 19.539 19.960 20.497 21.121 21.833 22.633
7.962 7.918 7.865 7.804 7.734 7.656 7.570 7.475 7.372 7.324 7.495 7.695 7.923 8.178 8.462 8.774 9.113 9.481 9.877 10.300 10.744 11.154 11.349 11.508 11.670 11.834 12.000 12.169 12.339 12.511 12.686 12.863 13.041 13.244 13.502 13.763 14.027 14.295 14.565 14.840 15.117 15.398 15.682 15.969 16.260 16.400 16.262 16.120 15.975 15.826 15.673 15.517 15.357 15.194 15.026 14.856 14.681 14.765 15.196 15.614 16.020 16.413 16.794 17.162 17.517 17.859 18.189 18.507 18.812 19.383 20.309 21.322 22.422 23.610
7.688 7.615 7.532 7.442 7.343 7.236 7.120 6.996 6.863 6.765 7.034 7.331 7.657 8.010 8.388 8.740 9.102 9.473 9.855 10.247 10.653 11.045 11.212 11.382 11.553 11.726 11.902 12.080 12.260 12.441 12.626 12.812 13.000 13.204 13.476 13.752 14.031 14.313 14.599 14.888 15.180 15.475 15.774 16.076 16.381 16.580 16.425 16.267 16.106 15.940 15.772 15.599 15.423 15.243 15.060 14.873 14.682 14.666 15.041 15.404 15.753 16.091 16.415 16.727 17.027 17.313 17.588 17.849 18.098 18.720 20.034 21.435 22.923 24.499
7.422 7.319 7.208 7.088 6.960 6.823 6.678 6.523 6.354 6.189 6.515 6.862 7.218 7.585 7.962 8.349 8.746 9.153 9.569 9.996 10.437 10.890 11.074 11.252 11.433 11.616 11.801 11.989 12.178 12.369 12.563 12.759 12.956 13.160 13.448 13.738 14.032 14.329 14.629 14.932 15.239 15.549 15.863 16.179 16.499 16.763 16.592 16.418 16.240 16.059 15.874 15.685 15.492 15.296 15.097 14.893 14.686 14.580 14.899 15.206 15.500 15.781 16.050 16.306 16.550 16.781 16.999 17.205 17.398 17.970 19.672 21.461 23.338 25.301
7.150 6.972 6.797 6.625 6.455 6.288 6.124 5.963 5.804 5.648 5.941 6.323 6.715 7.116 7.528 7.950 8.381 8.823 9.275 9.736 10.212 10.701 10.933 11.121 11.311 11.504 11.698 11.895 12.094 12.295 12.498 12.703 12.910 13.120 13.415 13.720 14.028 14.340 14.655 14.973 15.295 15.620 15.948 16.279 16.614 16.950 16.763 16.573 16.379 16.181 15.979 15.774 15.566 15.353 15.138 14.918 14.695 14.507 14.771 15.022 15.260 15.485 15.698 15.899 16.086 16.261 16.424 16.574 16.711 17.135 19.224 21.401 23.665 26.016
6.521 6.353 6.187 6.025 5.865 5.707 5.553 5.401 5.252 5.106 5.359 5.775 6.202 6.639 7.085 7.542 8.009 8.485 8.971 9.468 9.979 10.503 10.790 10.987 11.187 11.389 11.593 11.799 12.008 12.218 12.431 12.645 12.862 13.081 13.379 13.699 14.022 14.348 14.678 15.011 15.347 15.686 16.029 16.375 16.724 17.077 16.938 16.731 16.520 16.307 16.089 15.868 15.643 15.414 15.182 14.946 14.707 14.464 14.655 14.850 15.033 15.202 15.359 15.504 15.636 15.755 15.862 15.956 16.122 16.461 19.438 22.770 26.457 30.499
5.890 5.732 5.576 5.423 5.273 5.125 4.980 4.838 4.698 4.562 4.768 5.220 5.681 6.153 6.634 7.126 7.627 8.138 8.660 9.191 9.737 10.296 10.644 10.851 11.061 11.272 11.486 11.701 11.919 12.139 12.361 12.585 12.811 13.040 13.339 13.674 14.011 14.352 14.697 15.044 15.395 15.749 16.107 16.467 16.831 17.198 17.116 16.893 16.666 16.436 16.202 15.965 15.724 15.479 15.230 14.978 14.723 14.463 14.553 14.881 15.431 15.910 16.317 16.653 16.916 17.109 17.229 17.279 17.256 17.162 21.414 26.320 31.582 37.198
5.258 5.109 4.963 4.819 4.679 4.541 4.405 4.273 4.143 4.016 4.169 4.655 5.152 5.658 6.174 6.701 7.237 7.783 8.339 8.905 9.486 10.080 10.497 10.713 10.932 11.153 11.376 11.601 11.828 12.058 12.289 12.523 12.758 12.996 13.296 13.645 13.997 14.353 14.712 15.074 15.440 15.808 16.180 16.556 16.934 17.316 17.297 17.058 16.815 16.569 16.366 16.310 16.359 16.515 16.777 17.145 17.619 18.199 18.639 18.943 19.176 19.337 19.426 19.444 19.391 19.265 19.069 18.800 18.460 18.049 23.035 29.514 36.349 43.538
4.624 4.485 4.348 4.214 4.083 3.955 3.829 3.706 3.586 3.468 3.561 4.083 4.614 5.155 5.706 6.267 6.838 7.419 8.010 8.610 9.226 9.855 10.347 10.573 10.801 11.032 11.264 11.499 11.735 11.974 12.215 12.458 12.703 12.950 13.249 13.613 13.980 14.350 14.724 15.100 15.481 15.847 16.161 16.439 16.679 16.883 16.917 16.907 17.003 17.204 17.512 17.926 18.446 19.071 19.803 20.641 21.585 22.635 23.087 23.074 22.989 22.832 22.604 22.305 21.934 21.491 20.977 20.392 19.735 19.006 24.300 32.351 40.758 49.519
3.988 3.858 3.731 3.607 3.486 3.367 3.251 3.137 3.027 2.919 2.945 3.502 4.068 4.643 5.229 5.825 6.431 7.046 7.672 8.307 8.958 9.622 10.195 10.430 10.668 10.908 11.150 11.394 11.640 11.888 12.139 12.391 12.679 13.037 13.432 13.841 14.213 14.548 14.847 15.108 15.333 15.521 15.672 15.786 15.863 15.904 16.070 16.530 17.096 17.767 18.545 19.429 20.418 21.514 22.716 24.023 25.437 26.956 27.603 27.272 26.870 26.396 25.851 25.234 24.546 23.786 22.955 22.053 21.079 20.033 25.210 34.833 44.810 55.142
3.351 3.230 3.113 2.998 2.886 2.777 2.671 2.567 2.466 2.368 2.321 2.912 3.513 4.123 4.744 5.374 6.015 6.665 7.325 7.995 8.681 9.380 10.040 10.280 10.529 10.802 11.099 11.420 11.765 12.133 12.526 12.942 13.382 13.847 14.289 14.535 14.743 14.915 15.050 15.148 15.210 15.234 15.222 15.173 15.088 14.965 15.111 16.041 17.077 18.218 19.466 20.819 22.278 23.843 25.514 27.291 29.174 31.162 32.186 31.538 30.818 30.028 29.165 28.232 27.227 26.150 25.002 23.783 22.493 21.131 25.765 36.958 48.505 60.406
2.711 2.601 2.493 2.388 2.286 2.186 2.089 1.995 1.904 1.815 1.729 2.314 2.949 3.595 4.250 4.919 5.616 6.304 6.984 7.656 8.327 8.997 9.662 10.001 10.356 10.736 11.139 11.566 12.017 12.491 12.990 13.512 14.059 14.629 15.185 15.267 15.312 15.321 15.293 15.228 15.126 14.988 14.813 14.601 14.352 14.066 14.042 15.441 16.946 18.557 20.274 22.096 24.025 26.059 28.199 30.445 32.796 35.254 36.836 35.871 34.835 33.727 32.548 31.298 29.976 28.583 27.119 25.583 23.976 22.298 25.966 38.728 51.844 65.314
2.071 1.970 1.871 1.776 1.683 1.593 1.506 1.421 1.356 1.353 1.352 1.929 2.629 3.322 4.007 4.683 5.351 6.011 6.663 7.307 7.949 8.592 9.227 9.695 10.157 10.642 11.151 11.685 12.242 12.822 13.427 14.056 14.708 15.385 16.085 16.038 15.921 15.766 15.575 15.347 15.083 14.781 14.443 14.068 13.656 13.208 12.861 14.730 16.704 18.784 20.970 23.261 25.659 28.161 30.770 33.484 36.305 39.230 41.554 40.273 38.920 37.495 36.000 34.433 32.795 31.085 29.305 27.453 25.529 23.535 25.814 40.144 54.827 69.864
1.428 1.359 1.346 1.336 1.328 1.324 1.322 1.323 1.327 1.334 1.344 1.813 2.485 3.150 3.806 4.455 5.095 5.726 6.350 6.966 7.580 8.194 8.801 9.363 9.931 10.522 11.138 11.777 12.440 13.127 13.837 14.572 15.330 16.113 16.919 16.849 16.568 16.251 15.897 15.506 15.078 14.614 14.113 13.575 13.001 12.390 11.742 13.907 16.351 18.899 21.554 24.314 27.180 30.151 33.228 36.411 39.699 43.093 46.339 44.741 43.072 41.331 39.519 37.636 35.682 33.656 31.559 29.391 27.152 24.841 25.308 41.204 57.454 74.058
1.264 1.258 1.255 1.255 1.258 1.263 1.271 1.283 1.297 1.314 1.334 1.704 2.349 2.985 3.613 4.233 4.845 5.449 6.045 6.632 7.218 7.803 8.382 9.005 9.678 10.376 11.097 11.842 12.611 13.404 14.220 15.061 15.925 16.813 17.725 17.699 17.255 16.775 16.258 15.704 15.114 14.487 13.823 13.123 12.386 11.612 10.802 12.974 15.886 18.903 22.026 25.254 28.588 32.027 35.572 39.223 42.979 46.841 50.809 49.278 47.292 45.235 43.107 40.908 38.638 36.296 33.883 31.399 28.844 26.218 24.598 41.855 58.609 74.862
1.151 1.155 1.162 1.172 1.184 1.200 1.218 1.239 1.264 1.290 1.320 1.603 2.219 2.828 3.428 4.020 4.604 5.179 5.747 6.306 6.864 7.420 7.971 8.619 9.399 10.202 11.030 11.881 12.755 13.654 14.577 15.523 16.493 17.487 18.505 18.587 17.981 17.338 16.658 15.942 15.189 14.399 13.573 12.710 11.810 10.874 9.901 11.930 15.310 18.795 22.386 26.082 29.884 33.791 37.804 41.922 46.146 50.475 54.910 53.881 51.580 49.032 46.206 43.513 40.953 38.526 36.232 34.071 32.043 30.147 28.384 42.332 56.872 70.910
1.035 1.049 1.066 1.086 1.109 1.134 1.162 1.194 1.228 1.265 1.304 1.509 2.098 2.678 3.250 3.814 4.369 4.917 5.456 5.987 6.517 7.045 7.567 8.208 9.093 10.002 10.936 11.892 12.873 13.878 14.906 15.958 17.034 18.134 19.257 19.514 18.745 17.940 17.098 16.219 15.303 14.351 13.362 12.337 11.275 10.176 9.041 10.775 14.622 18.575 22.634 26.798 30.995 35.009 38.951 42.820 46.617 50.341 53.992 53.202 50.697 48.325 46.086 43.980 42.006 40.165 38.457 36.882 35.440 34.130 32.953 43.302 55.630 67.455
0.917 0.941 0.968 0.998 1.030 1.066 1.104 1.145 1.189 1.236 1.286 1.423 1.983 2.535 3.079 3.615 4.143 4.662 5.173 5.677 6.178 6.678 7.171 7.770 8.761 9.776 10.815 11.878 12.964 14.074 15.208 16.366 17.547 18.753 19.982 20.481 19.549 18.581 17.576 16.535 15.457 14.343 13.191 12.039 10.992 9.975 8.988 10.408 14.466 18.451 22.363 26.203 29.970 33.665 37.286 40.836 44.312 47.716 51.047 51.189 49.270 47.485 45.832 44.311 42.924 41.669 40.546 39.557 38.700 37.976 37.385 44.765 54.881 64.496
