DATA/SHG/ECMWF/20170628/EN-4/20170628.en-4.asc
ncols        190
nrows        64
xllcorner    -5100000.000000000000
yllcorner    4130000.000000000000
cellsize     10000.000000000000
NODATA_value  -99999.000
[rows 0 to 32 of 64, columns 0 to 73 of 190]
2.256 2.368 2.461 2.533 2.586 2.618 2.631 2.624 2.596 2.629 2.686 2.746 2.807 2.870 2.936 3.003 3.072 3.143 3.216 3.386 3.583 3.616 3.582 3.555 3.536 3.525 3.521 3.525 3.537 3.556 3.583 3.617 3.659 3.698 3.748 3.820 3.913 4.028 4.164 4.321 4.500 4.700 4.922 5.165 5.430 5.641 5.789 5.936 6.081 6.225 6.366 6.506 6.644 6.781 6.916 7.049 7.180 7.293 7.372 7.434 7.478 7.504 7.512 7.503 7.476 7.432 7.369 7.289 7.191 7.177 7.325 7.475 7.628 7.783
1.683 1.725 1.747 1.749 1.731 1.694 1.636 1.558 1.461 1.456 1.520 1.587 1.808 2.027 2.239 2.446 2.645 2.839 3.025 3.206 3.379 3.451 3.443 3.444 3.452 3.467 3.491 3.521 3.560 3.606 3.660 3.721 3.790 3.881 4.007 4.154 4.323 4.513 4.725 4.957 5.212 5.488 5.785 6.103 6.443 6.717 6.859 7.000 7.138 7.276 7.411 7.545 7.677 7.807 7.936 8.062 8.188 8.281 8.298 8.297 8.279 8.242 8.189 8.117 8.028 7.921 7.796 7.654 7.494 7.400 7.558 7.717 7.880 8.046
1.133 1.104 1.056 0.988 0.923 0.950 0.979 1.011 1.045 1.166 1.382 1.591 1.794 1.990 2.180 2.363 2.540 2.710 2.874 3.032 3.183 3.278 3.297 3.324 3.359 3.402 3.452 3.510 3.575 3.648 3.729 3.817 3.913 4.043 4.244 4.466 4.711 4.976 5.263 5.571 5.901 6.252 6.624 7.018 7.433 7.792 7.929 8.063 8.196 8.326 8.456 8.583 8.709 8.833 8.956 9.076 9.195 9.285 9.239 9.176 9.095 8.997 8.881 8.747 8.595 8.426 8.239 8.035 7.783 7.566 7.700 7.833 7.965 8.096
0.858 0.884 0.911 0.942 0.975 1.011 1.049 1.091 1.135 1.227 1.420 1.607 1.787 1.960 2.127 2.288 2.442 2.589 2.731 2.865 2.994 3.096 3.143 3.197 3.259 3.329 3.406 3.490 3.583 3.682 3.790 3.905 4.028 4.181 4.458 4.756 5.075 5.416 5.778 6.162 6.567 6.993 7.441 7.910 8.401 8.868 8.998 9.126 9.253 9.378 9.501 9.622 9.742 9.860 9.976 10.090 10.203 10.304 10.196 10.071 9.923 9.696 9.462 9.219 8.968 8.709 8.442 8.167 7.884 7.592 7.716 7.846 7.975 8.104
0.869 0.904 0.941 0.981 1.024 1.069 1.117 1.168 1.221 1.295 1.466 1.629 1.786 1.937 2.081 2.219 2.350 2.475 2.594 2.706 2.811 2.908 2.981 3.062 3.151 3.247 3.351 3.463 3.582 3.709 3.843 3.985 4.135 4.298 4.650 5.023 5.418 5.834 6.271 6.730 7.210 7.712 8.235 8.779 9.344 9.931 10.068 10.190 10.310 10.429 10.546 10.661 10.774 10.858 10.859 10.875 10.906 10.952 10.746 10.507 10.260 10.005 9.742 9.470 9.191 8.903 8.608 8.304 7.992 7.672 7.732 7.860 7.987 8.112
0.877 0.921 0.968 1.017 1.069 1.124 1.182 1.242 1.304 1.370 1.518 1.659 1.793 1.921 2.043 2.158 2.266 2.368 2.464 2.553 2.636 2.712 2.811 2.919 3.035 3.158 3.289 3.427 3.573 3.727 3.888 4.057 4.233 4.417 4.819 5.268 5.738 6.229 6.742 7.276 7.831 8.408 9.006 9.625 10.265 10.927 11.067 11.016 10.980 10.960 10.954 10.962 10.986 11.024 11.077 11.145 11.228 11.326 11.148 10.880 10.605 10.321 10.029 9.729 9.421 9.105 8.781 8.449 8.108 7.760 7.750 7.874 7.998 8.122
0.882 0.936 0.992 1.051 1.112 1.176 1.243 1.313 1.385 1.460 1.577 1.695 1.807 1.912 2.011 2.103 2.189 2.268 2.341 2.408 2.468 2.521 2.634 2.769 2.911 3.061 3.219 3.384 3.557 3.737 3.925 4.121 4.324 4.535 4.967 5.490 6.035 6.602 7.190 7.745 8.259 8.766 9.265 9.757 10.241 10.717 10.854 10.856 10.872 10.903 10.949 11.010 11.085 11.176 11.281 11.401 11.535 11.685 11.557 11.261 10.957 10.645 10.324 9.996 9.659 9.315 8.962 8.601 8.232 7.855 7.768 7.890 8.011 8.131
0.884 0.947 1.012 1.081 1.152 1.225 1.302 1.381 1.462 1.546 1.643 1.738 1.827 1.910 1.986 2.055 2.119 2.175 2.226 2.269 2.307 2.338 2.449 2.610 2.779 2.956 3.141 3.333 3.532 3.739 3.954 4.177 4.401 4.627 5.040 5.565 6.084 6.594 7.097 7.593 8.080 8.561 9.033 9.498 9.956 10.406 10.628 10.681 10.749 10.832 10.930 11.043 11.170 11.312 11.469 11.641 11.827 12.029 11.974 11.649 11.317 10.976 10.627 10.270 9.905 9.532 9.150 8.761 8.364 7.958 7.786 7.906 8.024 8.142
0.883 0.955 1.030 1.108 1.188 1.271 1.357 1.445 1.536 1.630 1.716 1.788 1.855 1.914 1.968 2.015 2.055 2.089 2.117 2.138 2.153 2.161 2.256 2.444 2.640 2.849 3.062 3.278 3.499 3.724 3.953 4.186 4.423 4.663 5.027 5.526 6.018 6.502 6.979 7.448 7.909 8.363 8.809 9.248 9.679 10.102 10.386 10.492 10.612 10.747 10.897 11.061 11.240 11.434 11.643 11.866 12.105 12.358 12.398 12.045 11.684 11.314 10.937 10.552 10.158 9.756 9.346 8.929 8.503 8.069 7.806 7.922 8.038 8.153
0.879 0.961 1.045 1.132 1.222 1.314 1.410 1.507 1.608 1.711 1.795 1.845 1.889 1.926 1.957 1.981 1.999 2.010 2.017 2.023 2.028 2.032 2.111 2.326 2.545 2.768 2.995 3.226 3.461 3.700 3.943 4.189 4.440 4.695 5.022 5.495 5.960 6.418 6.868 7.311 7.746 8.173 8.593 9.005 9.410 9.807 10.131 10.288 10.460 10.647 10.848 11.065 11.296 11.541 11.802 12.077 12.367 12.672 12.830 12.448 12.058 11.660 11.255 10.841 10.418 9.988 9.550 9.104 8.649 8.187 7.826 7.939 8.053 8.165
0.872 0.963 1.057 1.153 1.253 1.354 1.459 1.566 1.676 1.788 1.876 1.886 1.896 1.905 1.913 1.919 1.925 1.929 1.933 1.935 1.937 1.937 1.985 2.214 2.447 2.684 2.925 3.170 3.419 3.671 3.928 4.189 4.453 4.722 5.025 5.472 5.910 6.342 6.765 7.181 7.590 7.991 8.384 8.770 9.148 9.519 9.861 10.070 10.294 10.532 10.785 11.053 11.336 11.634 11.946 12.273 12.614 12.971 13.269 12.858 12.440 12.014 11.580 11.137 10.687 10.228 9.761 9.286 8.804 8.313 7.846 7.957 8.068 8.177
0.862 0.963 1.066 1.179 1.293 1.400 1.500 1.593 1.678 1.757 1.822 1.830 1.836 1.841 1.845 1.848 1.849 1.850 1.850 1.848 1.846 1.842 1.854 2.098 2.345 2.596 2.850 3.109 3.372 3.639 3.910 4.184 4.463 4.745 5.036 5.456 5.868 6.273 6.670 7.060 7.442 7.816 8.183 8.543 8.895 9.239 9.576 9.837 10.113 10.403 10.708 11.028 11.362 11.711 12.075 12.454 12.847 13.255 13.678 13.276 12.830 12.375 11.912 11.441 10.962 10.475 9.980 9.498 9.063 8.667 8.310 8.438 8.584 8.705
0.983 1.094 1.197 1.293 1.382 1.465 1.540 1.608 1.668 1.722 1.769 1.774 1.776 1.778 1.778 1.777 1.775 1.772 1.768 1.763 1.757 1.749 1.741 1.977 2.238 2.503 2.772 3.045 3.321 3.602 3.887 4.175 4.468 4.764 5.065 5.447 5.833 6.212 6.583 6.946 7.302 7.650 7.990 8.323 8.649 8.967 9.278 9.590 9.917 10.259 10.616 10.987 11.373 11.774 12.190 12.620 13.065 13.524 13.999 13.701 13.133 12.558 12.023 11.527 11.072 10.656 10.279 9.942 9.645 9.388 9.170 9.195 9.258 9.298
1.180 1.266 1.344 1.416 1.480 1.537 1.587 1.630 1.666 1.695 1.717 1.720 1.718 1.716 1.712 1.708 1.702 1.695 1.687 1.679 1.669 1.658 1.645 1.853 2.128 2.406 2.689 2.976 3.267 3.561 3.860 4.162 4.469 4.779 5.093 5.447 5.806 6.158 6.503 6.840 7.169 7.491 7.805 8.112 8.411 8.703 8.987 9.329 9.707 10.101 10.509 10.932 11.370 11.726 12.057 12.380 12.695 13.001 13.300 13.044 12.568 12.132 11.735 11.379 11.062 10.784 10.546 10.348 10.189 10.070 9.991 9.973 9.954 9.911
1.385 1.446 1.499 1.545 1.585 1.617 1.642 1.660 1.671 1.675 1.672 1.667 1.662 1.655 1.648 1.640 1.630 1.620 1.608 1.595 1.582 1.567 1.551 1.724 2.013 2.306 2.602 2.903 3.208 3.516 3.829 4.145 4.465 4.790 5.118 5.454 5.787 6.113 6.431 6.741 7.044 7.340 7.628 7.908 8.181 8.447 8.668 8.965 9.318 9.662 9.997 10.325 10.644 10.955 11.257 11.552 11.838 12.116 12.385 12.303 11.966 11.668 11.410 11.192 11.013 10.874 10.775 10.715 10.695 10.714 10.773 10.772 10.671 10.546
1.597 1.633 1.661 1.683 1.697 1.705 1.705 1.698 1.684 1.663 1.635 1.615 1.606 1.596 1.585 1.573 1.560 1.545 1.530 1.514 1.496 1.478 1.458 1.592 1.894 2.201 2.512 2.826 3.145 3.467 3.794 4.124 4.458 4.796 5.138 5.468 5.775 6.075 6.364 6.627 6.878 7.118 7.346 7.561 7.765 7.957 8.137 8.376 8.700 9.015 9.322 9.621 9.911 10.193 10.467 10.733 10.990 11.239 11.480 11.524 11.326 11.167 11.047 10.968 10.927 10.927 10.966 11.044 11.162 11.320 11.517 11.592 11.409 11.202
1.817 1.827 1.831 1.828 1.817 1.800 1.775 1.744 1.705 1.659 1.606 1.564 1.552 1.538 1.523 1.507 1.490 1.472 1.453 1.433 1.412 1.390 1.366 1.455 1.772 2.092 2.417 2.745 3.078 3.414 3.754 4.099 4.443 4.786 5.126 5.441 5.699 5.944 6.178 6.399 6.609 6.807 6.993 7.167 7.329 7.479 7.618 7.796 8.091 8.378 8.656 8.926 9.187 9.441 9.686 9.923 10.151 10.372 10.584 10.709 10.649 10.628 10.647 10.705 10.803 10.941 11.118 11.335 11.591 11.887 12.222 12.433 12.168 11.879
2.044 2.030 2.008 1.980 1.945 1.902 1.853 1.797 1.733 1.663 1.585 1.515 1.498 1.481 1.462 1.443 1.422 1.400 1.378 1.354 1.329 1.303 1.276 1.314 1.656 2.009 2.360 2.709 3.055 3.398 3.740 4.079 4.415 4.749 5.081 5.392 5.608 5.812 6.004 6.184 6.352 6.508 6.653 6.785 6.906 7.014 7.111 7.225 7.491 7.749 7.999 8.240 8.473 8.697 8.914 9.122 9.322 9.514 9.697 9.856 9.934 10.052 10.209 10.406 10.642 10.917 11.233 11.587 11.981 12.415 12.888 13.295 12.948 12.577
2.278 2.239 2.193 2.140 2.080 2.013 1.939 1.857 1.769 1.674 1.571 1.467 1.447 1.425 1.403 1.380 1.355 1.337 1.326 1.319 1.316 1.318 1.325 1.349 1.696 2.041 2.384 2.724 3.062 3.397 3.730 4.061 4.389 4.715 5.038 5.356 5.530 5.692 5.842 5.981 6.107 6.222 6.325 6.416 6.495 6.562 6.617 6.663 6.901 7.130 7.350 7.563 7.767 7.963 8.151 8.330 8.502 8.665 8.819 8.966 9.182 9.438 9.733 10.068 10.442 10.856 11.309 11.802 12.334 12.906 13.517 14.167 13.749 13.297
2.520 2.456 2.385 2.308 2.223 2.131 2.032 1.926 1.812 1.692 1.562 1.421 1.387 1.369 1.355 1.346 1.342 1.342 1.346 1.355 1.368 1.385 1.407 1.433 1.739 2.076 2.410 2.742 3.071 3.398 3.723 4.046 4.366 4.683 4.998 5.311 5.464 5.585 5.693 5.790 5.875 5.948 6.010 6.059 6.096 6.122 6.136 6.138 6.319 6.519 6.711 6.895 7.071 7.238 7.397 7.548 7.690 7.825 7.951 8.069 8.393 8.787 9.220 9.693 10.205 10.757 11.348 11.978 12.648 13.358 14.106 14.895 14.571 14.037
2.770 2.681 2.585 2.489 2.382 2.266 2.139 2.003 1.857 1.701 1.535 1.359 1.310 1.307 1.309 1.316 1.327 1.342 1.362 1.386 1.414 1.447 1.484 1.526 1.784 2.112 2.438 2.762 3.083 3.402 3.719 4.033 4.344 4.654 4.961 5.265 5.410 5.489 5.556 5.612 5.655 5.687 5.707 5.714 5.710 5.695 5.667 5.627 5.746 5.918 6.081 6.236 6.383 6.522 6.652 6.775 6.888 6.994 7.092 7.181 7.567 8.099 8.670 9.280 9.930 10.620 11.349 12.065 12.697 13.309 13.903 14.476 14.080 13.331
3.081 2.969 2.847 2.716 2.575 2.423 2.262 2.091 1.910 1.720 1.519 1.309 1.228 1.241 1.259 1.281 1.307 1.338 1.373 1.412 1.456 1.504 1.557 1.614 1.831 2.151 2.469 2.784 3.097 3.408 3.716 4.022 4.326 4.627 4.925 5.222 5.369 5.406 5.432 5.446 5.448 5.438 5.416 5.382 5.337 5.280 5.211 5.129 5.182 5.325 5.460 5.587 5.705 5.815 5.917 6.010 6.096 6.173 6.242 6.302 6.741 7.442 8.123 8.785 9.427 10.050 10.654 11.237 11.802 12.347 12.872 13.378 13.156 12.450
3.423 3.276 3.120 2.954 2.778 2.592 2.396 2.190 1.975 1.749 1.514 1.269 1.142 1.170 1.203 1.241 1.282 1.328 1.379 1.434 1.493 1.557 1.625 1.697 1.881 2.193 2.502 2.809 3.114 3.416 3.716 4.014 4.309 4.602 4.893 5.181 5.339 5.335 5.320 5.292 5.252 5.201 5.138 5.063 4.976 4.877 4.767 4.644 4.627 4.742 4.848 4.946 5.035 5.157 5.302 5.447 5.592 5.738 5.885 6.032 6.407 7.040 7.654 8.248 8.823 9.378 9.913 10.430 10.926 11.404 11.861 12.300 12.221 11.559
3.775 3.594 3.403 3.202 2.991 2.771 2.540 2.300 2.050 1.790 1.520 1.240 1.051 1.095 1.143 1.196 1.253 1.315 1.381 1.451 1.525 1.605 1.688 1.776 1.933 2.236 2.538 2.836 3.133 3.427 3.719 4.008 4.295 4.580 4.862 5.142 5.322 5.277 5.219 5.150 5.069 4.977 4.872 4.756 4.627 4.487 4.359 4.236 4.197 4.341 4.485 4.630 4.775 4.921 5.068 5.214 5.362 5.509 5.657 5.806 6.093 6.658 7.204 7.730 8.237 8.725 9.193 9.641 10.070 10.480 10.870 11.241 11.276 10.657
4.138 3.922 3.697 3.461 3.216 2.960 2.695 2.420 2.135 1.841 1.536 1.222 0.955 1.015 1.079 1.147 1.219 1.296 1.377 1.463 1.553 1.648 1.746 1.850 1.987 2.282 2.575 2.866 3.154 3.440 3.724 4.005 4.284 4.560 4.834 5.106 5.317 5.230 5.131 5.017 4.899 4.780 4.659 4.537 4.414 4.288 4.162 4.033 3.952 4.098 4.244 4.391 4.538 4.685 4.833 4.982 5.131 5.280 5.430 5.581 5.797 6.295 6.773 7.232 7.671 8.091 8.492 8.873 9.234 9.576 9.899 10.202 10.320 9.745
4.506 4.261 4.001 3.730 3.450 3.160 2.861 2.551 2.232 1.902 1.563 1.214 0.855 0.930 1.009 1.093 1.181 1.273 1.370 1.471 1.576 1.686 1.800 1.919 2.044 2.331 2.616 2.898 3.178 3.456 3.731 4.004 4.265 4.517 4.762 4.998 5.218 5.100 4.980 4.859 4.736 4.611 4.485 4.358 4.229 4.098 3.966 3.832 3.707 3.855 4.003 4.151 4.300 4.449 4.599 4.749 4.900 5.051 5.203 5.355 5.521 5.951 6.362 6.753 7.125 7.477 7.810 8.123 8.417 8.692 8.947 9.183 9.354 8.823
4.808 4.610 4.315 4.010 3.696 3.371 3.037 2.692 2.338 1.975 1.601 1.217 0.824 0.841 0.935 1.034 1.138 1.245 1.357 1.474 1.594 1.720 1.849 1.983 2.124 2.395 2.676 2.950 3.215 3.472 3.721 3.961 4.193 4.417 4.633 4.841 5.040 4.954 4.829 4.702 4.574 4.444 4.313 4.180 4.046 3.910 3.772 3.633 3.493 3.612 3.761 3.911 4.062 4.213 4.364 4.516 4.669 4.822 4.975 5.129 5.283 5.626 5.969 6.293 6.597 6.882 7.148 7.394 7.620 7.827 8.015 8.183 8.332 7.890
5.104 4.970 4.640 4.301 3.951 3.592 3.223 2.845 2.456 2.058 1.649 1.231 0.803 0.747 0.857 0.971 1.090 1.228 1.398 1.563 1.722 1.877 2.026 2.169 2.308 2.533 2.786 3.031 3.267 3.495 3.715 3.927 4.130 4.326 4.513 4.692 4.862 4.811 4.680 4.548 4.414 4.279 4.142 4.004 3.864 3.723 3.580 3.436 3.290 3.368 3.519 3.671 3.824 3.976 4.130 4.283 4.437 4.592 4.747 4.903 5.059 5.321 5.596 5.853 6.089 6.307 6.505 6.683 6.842 6.982 7.102 7.203 7.285 6.947
5.394 5.340 4.976 4.602 4.218 3.824 3.421 3.007 2.584 2.151 1.741 1.359 0.969 0.887 1.059 1.226 1.388 1.545 1.697 1.844 1.985 2.121 2.252 2.377 2.498 2.680 2.904 3.120 3.327 3.527 3.718 3.901 4.076 4.243 4.401 4.551 4.693 4.669 4.533 4.395 4.256 4.116 3.974 3.830 3.685 3.538 3.390 3.240 3.089 3.125 3.278 3.431 3.585 3.740 3.895 4.050 4.206 4.362 4.519 4.676 4.834 5.034 5.242 5.431 5.600 5.750 5.881 5.992 6.084 6.156 6.209 6.243 6.257 5.993
5.677 5.720 5.322 4.955 4.603 4.243 3.875 3.497 3.111 2.716 2.311 1.899 1.477 1.282 1.436 1.585 1.729 1.868 2.001 2.129 2.252 2.370 2.483 2.590 2.693 2.834 3.030 3.217 3.396 3.567 3.730 3.884 4.030 4.168 4.298 4.420 4.533 4.529 4.387 4.244 4.100 3.954 3.807 3.658 3.507 3.355 3.202 3.047 2.890 2.881 3.036 3.191 3.347 3.503 3.659 3.817 3.974 4.132 4.291 4.450 4.609 4.767 4.907 5.029 5.131 5.213 5.277 5.320 5.366 5.434 5.494 5.546 5.590 5.460
6.298 6.490 6.125 5.752 5.369 4.978 4.578 4.170 3.752 3.326 2.891 2.447 1.994 1.682 1.818 1.949 2.075 2.195 2.310 2.420 2.525 2.625 2.719 2.808 2.892 2.998 3.164 3.323 3.473 3.616 3.750 3.875 3.993 4.102 4.203 4.296 4.381 4.390 4.244 4.095 3.946 3.794 3.642 3.487 3.331 3.174 3.015 2.855 2.693 2.637 2.793 2.950 3.108 3.266 3.424 3.583 3.742 3.902 4.062 4.223 4.384 4.525 4.622 4.710 4.790 4.862 4.927 4.983 5.031 5.071 5.103 5.127 5.143 5.053
7.096 7.357 6.962 6.557 6.144 5.722 5.291 4.851 4.402 3.945 3.479 3.004 2.520 2.088 2.206 2.318 2.426 2.528 2.625 2.717 2.803 2.885 2.961 3.032 3.098 3.169 3.307 3.437 3.559 3.673 3.778 3.875 3.964 4.045 4.117 4.182 4.238 4.254 4.102 3.948 3.793 3.636 3.478 3.319 3.157 2.995 2.830 2.665 2.497 2.393 2.551 2.710 2.869 3.028 3.231 3.450 3.652 3.836 4.004 4.154 4.286 4.393 4.462 4.522 4.575 4.619 4.655 4.683 4.703 4.716 4.720 4.716 4.704 4.636
7.906 8.173 7.807 7.372 6.927 6.474 6.012 5.541 5.061 4.573 4.076 3.570 3.055 2.531 2.598 2.692 2.781 2.865 2.944 3.018 3.086 3.149 3.207 3.260 3.308 3.350 3.459 3.560 3.653 3.738 3.815 3.883 3.944 3.996 4.040 4.076 4.103 4.119 3.962 3.803 3.642 3.480 3.317 3.152 2.985 2.817 2.647 2.561 2.508 2.466 2.712 2.940 3.150 3.344 3.520 3.679 3.821 3.945 4.052 4.142 4.214 4.269 4.310 4.342 4.367 4.383 4.392 4.392 4.384 4.369 4.345 4.313 4.273 4.211
