DATA/SHG/ECMWF/20170628/EN-4/20170703.en-4.asc
ncols        190
nrows        64
xllcorner    -5100000.000000000000
yllcorner    4130000.000000000000
cellsize     10000.000000000000
NODATA_value  -99999.000
[rows 32 to 63 of 64, columns 72 to 143 of 190]
1.786 1.707 1.899 2.101 2.314 2.537 2.771 3.015 3.270 3.536 3.812 4.098 4.396 4.642 4.575 4.499 4.414 4.320 4.216 4.103 3.980 3.849 3.706 3.555 3.397 3.370 3.824 4.290 4.769 5.259 5.762 6.277 6.805 7.344 7.896 8.460 9.036 9.242 8.725 8.190 7.636 7.064 6.473 5.864 5.237 4.765 4.736 4.640 4.480 5.777 8.759 11.718 14.656 17.571 20.465 23.336 26.186 29.013 31.818 34.601 37.363 38.798 39.222 39.511 39.665 39.684 39.567 39.316 38.929 38.408 37.751 36.959
1.696 1.575 1.802 2.041 2.291 2.551 2.821 3.103 3.394 3.697 4.010 4.333 4.667 4.996 4.897 4.788 4.671 4.544 4.408 4.262 4.108 3.943 3.769 3.585 3.393 3.266 3.774 4.295 4.827 5.372 5.929 6.498 7.080 7.673 8.279 8.897 9.729 10.942 11.145 11.282 11.354 11.361 11.303 11.179 10.990 10.736 10.417 10.032 9.582 10.276 13.161 16.023 18.863 21.682 24.478 27.252 30.004 32.735 35.443 38.129 40.793 42.142 41.969 41.661 41.218 40.640 39.927 39.079 38.096 36.978 35.725 34.337
1.606 1.483 1.696 1.972 2.258 2.555 2.862 3.180 3.509 3.848 4.197 4.558 4.928 5.310 5.226 5.086 4.936 4.777 4.608 4.430 4.243 4.046 3.839 3.622 3.398 3.167 3.710 4.485 6.019 7.544 9.061 10.570 12.070 13.563 15.047 16.523 17.990 19.292 19.205 19.052 18.835 18.552 18.204 17.791 17.313 16.769 16.160 15.486 14.747 14.792 17.579 20.345 23.088 25.809 28.508 31.185 33.841 36.474 39.085 41.674 44.241 45.619 44.850 43.945 42.906 41.731 40.422 38.978 37.399 35.685 33.836 31.852
1.518 1.392 1.580 1.893 2.216 2.549 2.893 3.248 3.613 3.989 4.375 4.772 5.180 5.598 5.564 5.391 5.209 5.017 4.816 5.315 6.751 8.007 8.915 9.505 9.952 10.255 11.575 13.079 14.576 16.064 17.544 19.016 20.479 21.934 23.381 24.820 26.251 27.673 27.325 26.884 26.377 25.805 25.167 24.465 23.697 22.864 21.966 21.003 19.975 19.325 22.015 24.683 27.330 29.954 32.556 35.136 37.694 40.230 42.745 45.237 47.707 49.231 47.865 46.364 44.729 42.958 41.053 39.013 36.839 34.529 32.085 29.505
1.430 1.302 1.454 1.803 2.163 2.533 2.914 3.306 3.708 4.120 4.543 4.977 6.371 9.113 11.358 13.071 14.602 15.952 17.121 18.109 18.916 19.542 19.817 19.771 19.582 19.250 20.205 21.672 23.131 24.582 26.025 27.460 28.886 30.304 31.714 33.116 34.509 35.894 35.507 34.776 33.980 33.118 32.192 31.200 30.144 29.022 27.835 26.583 25.266 23.883 26.468 29.039 31.589 34.116 36.621 39.104 41.566 44.005 46.422 48.817 51.191 52.976 51.014 48.918 46.687 44.321 41.820 39.185 36.415 33.510 30.470 27.296
1.343 1.213 1.318 1.704 2.101 3.031 4.673 6.626 8.889 11.464 14.349 17.544 21.050 24.867 27.447 28.530 29.432 30.152 30.692 31.051 31.229 31.225 30.868 30.187 29.362 28.395 28.832 30.263 31.685 33.099 34.504 35.902 37.291 38.672 40.045 41.410 42.766 44.114 43.749 42.729 41.644 40.493 39.278 37.997 36.652 35.241 33.765 32.225 30.619 28.948 30.938 33.413 35.865 38.295 40.703 43.090 45.454 47.797 50.117 52.416 54.692 56.854 54.297 51.606 48.779 45.818 42.722 39.492 36.127 32.627 28.993 25.224
2.360 2.761 3.586 5.373 7.471 9.878 12.597 15.625 18.964 22.614 26.574 30.844 35.425 40.317 43.682 44.135 44.407 44.499 44.410 44.139 43.688 43.056 42.067 40.751 39.292 37.689 37.458 38.852 40.237 41.613 42.982 44.343 45.695 47.039 48.375 49.702 51.022 52.333 52.052 50.743 49.369 47.930 46.426 44.856 43.222 41.523 39.758 37.929 36.034 34.075 35.426 37.803 40.158 42.492 44.803 47.093 49.360 51.606 53.830 56.032 58.211 60.369 57.714 54.428 51.006 47.450 43.760 39.935 35.975 31.881 27.652 23.289
5.239 5.846 6.908 9.771 12.944 16.427 20.221 24.325 28.739 33.463 38.498 43.842 49.497 55.462 60.060 59.885 59.528 58.991 58.273 57.375 56.295 55.035 53.415 51.464 49.370 47.133 46.083 47.439 48.787 50.127 51.458 52.782 54.097 55.404 56.703 57.993 59.276 60.550 60.416 58.818 57.155 55.428 53.635 51.777 49.854 47.866 45.814 43.696 41.513 39.265 39.930 42.210 44.469 46.706 48.921 51.113 53.284 55.433 57.560 59.665 61.748 63.810 61.265 57.384 53.368 49.217 44.780 39.999 35.324 30.755 26.292 21.935
8.059 8.872 9.934 13.872 18.120 22.678 27.547 32.725 38.213 44.011 50.119 56.538 63.266 70.304 76.584 75.780 74.795 73.630 72.284 70.757 69.050 67.162 64.910 62.325 59.597 56.726 54.705 56.024 57.335 58.638 59.933 61.219 62.497 63.767 65.029 66.283 67.528 68.765 68.840 66.954 65.003 62.987 60.905 58.759 56.548 54.272 51.931 49.525 47.054 44.518 44.451 46.635 48.797 50.937 53.055 55.151 57.225 59.055 60.068 61.010 61.881 62.681 59.660 54.921 50.288 45.762 41.341 37.027 32.819 28.717 24.721 20.831
10.819 11.838 12.915 17.677 23.000 28.632 34.574 40.826 47.387 54.259 61.440 68.931 76.732 84.843 93.252 91.820 90.207 88.414 86.440 84.286 81.952 79.436 76.554 73.335 69.973 66.468 63.326 64.608 65.882 67.148 68.406 69.655 70.896 72.129 73.354 74.571 75.779 76.979 77.326 75.151 72.911 70.607 68.237 65.803 63.304 60.740 58.111 55.416 52.505 48.840 47.232 48.429 49.555 50.610 51.595 52.509 53.352 54.124 54.825 55.456 56.015 56.505 54.251 49.979 45.813 41.753 37.800 33.952 30.211 26.576 23.047 19.624
13.519 14.743 16.027 21.186 27.582 34.288 41.303 48.628 56.263 64.207 72.460 81.023 89.896 99.079 108.571 108.005 105.765 103.344 100.743 97.962 95.000 91.858 88.346 84.493 80.498 76.360 72.079 73.190 74.427 75.656 76.877 78.089 79.294 80.490 81.678 82.858 84.029 85.192 85.871 83.228 79.055 74.993 71.041 67.200 63.469 59.849 56.340 52.941 49.653 46.476 44.557 45.443 46.258 47.002 47.675 48.278 48.810 49.271 49.661 49.981 50.230 50.408 48.740 44.935 41.236 37.643 34.157 30.776 27.501 24.332 21.270 18.313
16.160 17.590 19.079 24.400 31.869 39.647 47.735 56.132 64.838 73.854 83.180 92.814 102.758 113.012 123.575 124.336 121.468 118.421 115.193 111.785 108.196 104.428 100.285 95.800 91.172 86.401 81.488 81.771 82.971 84.163 85.252 84.562 83.872 83.180 82.488 81.795 81.101 80.406 79.674 75.878 72.193 68.618 65.153 61.800 58.556 55.424 52.401 49.490 46.688 43.998 41.960 42.534 43.038 43.471 43.834 44.125 44.346 44.497 44.576 44.585 44.524 44.391 43.129 39.791 36.558 33.432 30.411 27.497 24.688 21.986 19.389 16.899
18.741 20.376 22.070 27.318 35.859 44.709 53.869 63.338 73.116 83.203 93.599 104.305 115.319 126.643 138.276 140.811 137.317 133.643 129.788 125.754 121.539 117.144 109.873 102.549 95.368 88.330 81.435 79.071 78.381 77.690 76.998 76.305 75.612 74.918 74.223 73.527 72.830 72.133 71.435 68.418 65.220 62.132 59.155 56.288 53.532 50.886 48.350 45.925 43.611 41.407 39.440 39.704 39.897 40.019 40.070 40.051 39.962 39.801 39.570 39.269 38.897 38.454 37.417 34.545 31.779 29.119 26.564 24.116 21.773 19.537 17.406 15.381
21.263 23.103 25.003 29.941 39.553 49.475 59.706 70.246 81.094 92.252 103.719 115.494 127.579 139.972 152.675 153.263 145.039 136.995 129.132 121.450 113.947 106.625 99.631 92.937 86.385 79.977 73.712 70.836 70.143 69.449 68.755 68.059 67.363 66.666 65.969 65.270 64.571 63.870 63.169 60.848 58.137 55.536 53.045 50.665 48.395 46.236 44.187 42.248 40.420 38.703 37.095 36.950 36.832 36.644 36.385 36.056 35.655 35.185 34.643 34.031 33.349 32.596 31.605 29.198 26.898 24.704 22.615 20.633 18.756 16.985 15.320 13.761
23.726 25.771 27.875 32.269 42.953 53.945 65.246 76.856 86.387 95.555 104.399 112.919 121.115 128.987 136.535 138.506 130.906 123.486 116.246 109.187 102.308 95.609 89.240 83.176 77.254 71.475 65.839 62.611 61.916 61.219 60.522 59.824 59.125 58.426 57.725 57.024 56.322 55.619 54.915 53.168 50.943 48.829 46.825 44.931 43.147 41.474 39.912 38.459 37.117 35.885 34.764 34.274 33.846 33.347 32.778 32.138 31.427 30.646 29.795 28.873 27.880 26.817 25.683 23.751 21.917 20.188 18.565 17.048 15.636 14.331 13.131 12.037
26.110 27.705 29.239 31.854 41.526 50.873 59.897 68.597 76.973 85.025 92.754 100.159 107.240 113.997 120.430 123.605 116.628 109.831 103.214 96.777 90.521 84.445 78.702 73.267 67.974 62.824 57.817 54.398 53.700 53.001 52.301 51.600 50.898 50.196 49.493 48.788 48.083 47.378 46.671 45.378 43.639 42.011 40.493 39.086 37.788 36.601 35.524 34.558 33.702 32.956 32.320 31.676 30.937 30.128 29.248 28.298 27.278 26.187 25.025 23.793 22.490 21.117 19.673 18.203 16.834 15.570 14.413 13.361 12.414 11.574 10.839 10.210
24.326 25.713 27.041 28.328 36.883 45.115 53.023 60.607 67.868 74.805 81.419 87.709 93.675 99.318 104.637 108.559 102.204 96.030 90.036 84.222 78.588 73.134 68.017 63.210 58.546 54.025 49.646 46.196 45.495 44.793 44.090 43.386 42.682 41.977 41.271 40.564 39.856 39.148 38.438 37.478 36.225 35.083 34.051 33.129 32.318 31.616 31.025 30.544 30.173 29.913 29.762 29.154 28.105 26.986 25.797 24.537 23.206 21.805 20.334 18.792 17.179 15.496 13.743 12.554 11.650 10.852 10.159 9.572 9.090 8.715 8.557 8.656
22.601 23.781 24.900 25.960 32.546 39.663 46.456 52.926 59.072 64.895 70.394 75.570 80.423 84.952 89.158 93.040 87.636 82.084 76.712 71.520 66.508 61.676 57.185 53.006 48.970 45.077 41.326 38.004 37.300 36.595 35.890 35.184 34.476 33.768 33.060 32.350 31.640 30.928 30.216 29.468 28.701 28.045 27.498 27.062 26.736 26.520 26.414 26.418 26.533 26.757 27.092 26.710 25.351 23.922 22.423 20.853 19.213 17.502 15.721 13.869 11.947 10.149 9.099 8.933 9.193 9.390 9.526 9.601 9.614 9.565 9.455 9.284
20.934 21.906 22.819 23.672 28.515 34.517 40.196 45.551 50.584 55.293 59.679 63.741 67.481 70.897 73.990 76.760 72.923 67.993 63.243 58.673 54.282 50.072 46.205 42.654 39.246 35.980 32.857 29.876 29.116 28.409 27.701 26.992 26.282 25.571 24.859 24.147 23.434 22.720 22.005 21.349 21.067 20.896 20.835 20.884 21.043 21.312 21.691 22.181 22.780 23.489 24.309 24.343 22.732 21.560 20.415 19.295 18.203 17.136 16.095 15.081 14.093 13.131 12.195 11.785 11.774 11.701 11.566 11.370 11.113 10.794 10.414 9.972
19.325 20.091 20.796 21.442 24.789 29.677 34.242 38.484 42.403 45.999 49.272 52.222 54.849 57.154 59.135 60.793 58.064 53.756 49.627 45.679 41.909 38.320 35.077 32.154 29.374 26.735 24.239 21.886 20.943 20.233 19.522 18.810 18.097 17.384 16.669 15.954 15.238 14.521 13.804 13.120 13.323 13.637 14.061 14.614 15.995 17.400 18.829 20.283 21.762 23.264 24.791 25.735 24.652 23.595 22.565 21.560 20.582 19.629 18.703 17.804 16.930 16.083 15.262 14.696 14.414 14.071 13.666 13.200 12.672 12.083 11.433 10.721
17.775 18.334 18.832 19.271 21.368 25.143 28.595 31.724 34.531 37.014 39.175 41.013 42.528 43.721 44.591 45.138 43.061 39.374 35.867 32.539 29.390 26.422 23.803 21.507 19.354 17.342 15.473 13.746 12.781 12.068 11.354 10.639 9.924 9.207 8.490 8.659 8.887 9.120 9.357 9.600 10.898 12.313 13.752 15.216 16.704 18.217 19.754 21.315 22.901 24.511 26.146 27.512 26.544 25.601 24.685 23.795 22.931 22.093 21.282 20.497 19.737 19.005 18.298 17.666 17.114 16.500 15.825 15.089 14.292 13.433 12.512 11.531
16.283 16.635 16.927 17.158 18.252 20.914 23.254 25.271 26.965 28.337 29.387 30.113 30.517 30.599 30.358 29.794 27.913 24.847 21.960 19.253 16.725 14.376 12.382 10.713 9.186 7.801 7.431 7.219 7.265 7.480 7.701 7.926 8.156 8.390 8.630 8.874 9.124 9.378 9.637 9.900 11.150 12.673 14.220 15.791 17.387 19.007 20.651 22.320 24.013 25.731 27.473 29.239 28.405 27.577 26.776 26.000 25.251 24.528 23.830 23.160 22.515 21.896 21.304 20.695 19.873 18.989 18.044 17.038 15.971 14.842 13.652 12.400
14.849 14.994 15.079 15.105 15.440 16.990 18.218 19.124 19.707 19.968 19.906 19.522 18.816 17.787 16.436 14.763 12.621 10.175 9.202 8.934 8.680 8.441 8.219 8.012 7.815 7.631 7.457 7.296 7.326 7.563 7.804 8.051 8.302 8.558 8.819 9.084 9.355 9.630 9.910 10.195 11.375 13.005 14.660 16.339 18.042 19.769 21.521 23.298 25.098 26.923 28.772 30.646 30.238 29.524 28.837 28.176 27.541 26.932 26.349 25.793 25.262 24.758 24.280 23.783 22.691 21.538 20.323 19.047 17.710 16.311 14.852 13.330
13.474 13.412 13.291 13.109 12.932 13.371 13.488 13.283 12.755 11.906 10.734 10.207 10.059 9.894 9.713 9.516 9.295 9.048 8.816 8.598 8.394 8.204 8.032 7.875 7.729 7.594 7.471 7.359 7.382 7.640 7.903 8.170 8.443 8.720 9.002 9.289 9.580 9.877 10.178 10.484 11.574 13.311 15.073 16.859 18.670 20.505 22.364 24.248 26.156 28.088 30.044 32.025 32.041 31.442 30.869 30.322 29.801 29.307 28.839 28.396 27.980 27.590 27.226 26.889 25.568 24.145 22.661 21.116 19.509 17.841 16.111 14.321
12.156 11.888 11.560 11.172 10.958 10.865 10.759 10.636 10.496 10.341 10.169 9.980 9.776 9.555 9.317 9.063 8.798 8.600 8.417 8.249 8.094 7.955 7.832 7.725 7.629 7.545 7.472 7.410 7.432 7.712 7.996 8.284 8.578 8.876 9.180 9.488 9.800 10.118 10.441 10.768 11.745 13.590 15.459 17.353 19.271 21.213 23.180 25.170 27.186 29.225 31.289 33.377 33.815 33.330 32.871 32.439 32.032 31.652 31.298 30.970 30.668 30.392 30.143 29.919 28.505 26.813 25.059 23.244 21.368 19.430 17.431 15.371
11.605 11.477 11.356 11.241 11.132 10.992 10.829 10.650 10.454 10.242 10.014 9.769 9.508 9.231 8.937 8.627 8.300 8.140 8.006 7.887 7.783 7.692 7.620 7.563 7.517 7.483 7.460 7.448 7.477 7.778 8.083 8.393 8.708 9.027 9.352 9.681 10.015 10.354 10.697 11.046 11.890 13.842 15.819 17.820 19.845 21.894 23.968 26.066 28.188 30.335 32.506 34.701 35.560 35.189 34.845 34.526 34.234 33.968 33.728 33.514 33.326 33.165 33.029 32.920 31.501 29.539 27.516 25.432 23.286 21.079 18.811 16.482
11.685 11.579 11.479 11.387 11.300 11.135 10.915 10.680 10.427 10.159 9.874 9.573 9.256 8.922 8.572 8.205 7.822 7.667 7.583 7.513 7.458 7.418 7.395 7.388 7.392 7.408 7.435 7.473 7.523 7.838 8.165 8.496 8.832 9.173 9.518 9.869 10.224 10.584 10.949 11.318 12.008 14.067 16.151 18.259 20.391 22.548 24.729 26.934 29.164 31.418 33.696 35.998 37.275 37.019 36.788 36.584 36.406 36.254 36.128 36.029 35.955 35.907 35.886 35.891 34.556 32.325 29.889 27.071 24.330 21.664 19.074 16.561
11.758 11.674 11.597 11.526 11.462 11.292 11.016 10.724 10.416 10.091 9.750 9.392 9.019 8.628 8.222 7.799 7.360 7.181 7.147 7.127 7.121 7.130 7.157 7.200 7.255 7.320 7.397 7.486 7.586 7.894 8.241 8.593 8.951 9.313 9.679 10.051 10.427 10.808 11.194 11.585 12.099 14.266 16.457 18.672 20.911 23.175 25.463 27.775 30.112 32.473 34.858 37.267 38.961 38.819 38.703 38.613 38.549 38.422 37.753 37.084 36.413 35.741 35.067 34.393 32.705 30.068 27.507 25.022 22.613 20.280 18.023 15.842
11.825 11.763 11.708 11.659 11.617 11.465 11.132 10.784 10.419 10.038 9.641 9.227 8.797 8.350 7.888 7.409 6.913 6.683 6.698 6.728 6.772 6.830 6.907 7.000 7.104 7.220 7.347 7.486 7.636 7.943 8.312 8.685 9.064 9.447 9.835 10.227 10.625 11.027 11.434 11.846 12.263 14.437 16.735 19.057 21.404 23.775 26.170 28.589 31.024 33.048 35.007 36.902 38.321 37.653 36.984 36.314 35.643 34.971 34.298 33.623 32.947 32.270 31.593 30.913 29.585 27.280 25.051 22.899 20.823 18.822 16.898 15.049
11.886 11.846 11.813 11.787 11.767 11.652 11.264 10.859 10.438 10.001 9.547 9.077 8.590 8.088 7.569 7.034 6.482 6.173 6.237 6.316 6.410 6.518 6.644 6.787 6.941 7.107 7.284 7.473 7.673 7.988 8.377 8.772 9.171 9.576 9.985 10.399 10.817 11.241 11.669 12.102 12.497 14.422 16.615 18.743 20.807 22.807 24.742 26.613 28.420 30.163 31.841 33.455 34.899 34.226 33.553 32.878 32.202 31.525 30.847 30.168 29.487 28.806 28.123 27.439 26.390 24.418 22.522 20.702 18.958 17.290 15.698 14.182
11.940 11.923 11.912 11.908 11.910 11.855 11.410 10.949 10.472 9.978 9.468 8.942 8.399 7.840 7.265 6.674 6.066 5.650 5.764 5.892 6.035 6.192 6.369 6.562 6.766 6.982 7.209 7.447 7.697 8.026 8.437 8.815 9.188 9.566 9.949 10.337 10.729 11.127 11.530 11.937 12.349 13.855 15.767 17.614 19.397 21.116 22.771 24.361 25.887 27.349 28.746 30.080 31.349 30.804 30.126 29.447 28.766 28.084 27.401 26.717 26.032 25.346 24.658 23.970 23.123 21.483 19.920 18.432 17.020 15.684 14.424 13.240
11.989 11.994 12.005 12.023 12.047 12.073 11.572 11.054 10.521 9.971 9.405 8.822 8.223 7.608 6.977 6.329 5.665 5.114 5.278 5.456 5.648 5.855 6.094 6.340 6.576 6.804 7.023 7.233 7.433 7.693 8.078 8.468 8.862 9.262 9.667 10.076 10.490 10.909 11.334 11.763 12.196 13.357 14.988 16.555 18.057 19.495 20.869 22.179 23.424 24.605 25.722 26.775 27.764 27.388 26.704 26.020 25.335 24.648 23.961 23.272 22.582 21.891 21.199 20.506 19.783 18.475 17.243 16.088 15.008 14.004 13.076 12.224
