DATA/SHG/ECMWF/20170628/EN-4/20170704.en-4.asc
ncols        190
nrows        64
xllcorner    -5100000.000000000000
yllcorner    4130000.000000000000
cellsize     10000.000000000000
NODATA_value  -99999.000
[rows 32 to 63 of 64, columns 0 to 71 of 190]
29.303 28.614 27.675 26.649 25.549 24.377 23.131 21.813 20.421 18.955 17.417 15.805 14.121 12.363 12.042 11.781 11.497 11.190 10.860 10.507 10.131 9.732 9.310 8.866 8.398 7.907 7.815 7.721 7.617 7.504 7.381 7.248 7.106 6.955 6.794 6.623 6.443 6.251 5.915 5.574 5.228 4.876 4.518 4.155 3.787 3.413 3.034 3.012 3.166 3.378 4.209 4.948 5.594 6.148 6.609 6.978 7.254 7.438 7.530 7.529 7.436 7.231 6.828 6.467 6.151 5.879 5.650 5.465 5.323 5.226 5.172 5.162
34.080 32.907 31.678 30.395 29.039 27.610 26.107 24.532 22.883 21.161 19.366 17.498 15.557 13.542 12.869 12.527 12.163 11.775 11.365 10.931 10.475 9.996 9.493 8.968 8.420 7.849 7.654 7.526 7.389 7.242 7.086 6.921 6.745 6.561 6.366 6.163 5.949 5.727 5.387 5.027 5.015 5.104 5.213 5.339 5.483 5.646 5.827 6.026 6.244 6.479 6.963 7.379 7.703 7.935 8.075 8.122 8.076 7.939 7.709 7.386 6.972 6.465 6.201 5.993 5.829 5.708 5.631 5.598 5.609 5.663 5.761 5.903
39.003 37.347 35.757 34.217 32.604 30.918 29.159 27.327 25.422 23.443 21.392 19.268 17.070 14.799 13.719 13.297 12.852 12.384 11.893 11.379 10.842 10.283 9.700 9.095 8.466 7.815 7.503 7.342 7.171 6.992 6.802 6.603 6.395 6.592 6.795 6.967 7.108 7.217 7.315 7.431 7.566 7.719 7.890 8.079 8.287 8.513 8.757 9.019 9.299 9.598 9.804 9.899 9.901 9.811 9.629 9.355 8.988 8.529 7.978 7.334 6.598 5.770 5.533 5.477 5.464 5.496 5.571 5.690 5.852 6.059 6.308 6.602
44.072 41.932 39.912 38.115 36.245 34.303 32.287 30.199 28.037 25.802 23.495 21.114 18.661 16.134 14.592 14.090 13.565 13.016 12.445 11.851 11.234 10.594 9.931 9.245 8.537 7.827 7.912 8.225 8.506 8.755 8.974 9.161 9.317 9.442 9.536 9.599 9.630 9.630 9.718 9.898 10.096 10.311 10.546 10.798 11.068 11.357 11.664 11.989 12.332 12.694 12.733 12.506 12.187 11.776 11.272 10.677 9.989 9.208 8.336 7.371 6.314 5.165 4.823 4.919 5.059 5.242 5.469 5.740 6.054 6.412 6.814 7.259
49.287 46.664 44.141 42.088 39.962 37.763 35.491 33.147 30.729 28.238 25.674 23.038 20.328 17.546 15.490 14.907 14.301 13.673 13.108 12.948 12.771 12.578 12.367 12.139 11.895 11.633 11.556 11.759 11.930 12.071 12.180 12.258 12.305 12.321 12.305 12.258 12.181 12.071 12.100 12.343 12.603 12.882 13.179 13.495 13.828 14.180 14.549 14.937 15.344 15.768 15.750 15.202 14.562 13.829 13.004 12.088 11.078 9.977 8.784 7.498 6.121 4.651 4.073 4.320 4.612 4.947 5.326 5.748 6.214 6.723 7.277 7.873
54.648 51.542 48.446 46.137 43.755 41.300 38.772 36.171 33.497 30.750 27.931 25.077 22.410 19.935 18.055 17.903 17.735 17.549 17.346 17.126 16.890 16.636 16.365 16.078 15.773 15.452 15.227 15.321 15.383 15.414 15.414 15.383 15.321 15.227 15.103 14.947 14.760 14.542 14.460 14.766 15.089 15.431 15.791 16.169 16.566 16.980 17.413 17.864 18.333 18.820 18.855 17.985 17.024 15.971 14.825 13.587 12.257 10.835 9.321 7.715 6.017 4.227 3.281 3.680 4.123 4.610 5.140 5.714 6.332 6.993 7.697 8.446
60.154 56.566 52.841 50.260 47.265 43.927 40.780 37.824 35.059 32.486 30.104 27.913 25.913 24.104 22.546 22.334 22.105 21.860 21.597 21.317 21.021 20.707 20.376 20.029 19.665 19.283 18.927 18.911 18.864 18.786 18.677 18.537 18.365 18.163 17.929 17.664 17.368 17.041 16.799 17.167 17.554 17.959 18.381 18.822 19.282 19.759 20.255 20.768 21.300 21.850 22.047 20.857 19.574 18.200 16.734 15.175 13.525 11.783 9.948 8.022 6.003 3.893 2.448 2.999 3.593 4.232 4.913 5.639 6.408 7.220 8.700 10.776
61.153 56.252 51.419 48.089 45.227 42.556 40.075 37.786 35.688 33.781 32.065 30.540 29.206 28.063 27.111 26.778 26.489 26.183 25.861 25.521 25.164 24.791 24.401 23.993 23.569 23.128 22.669 22.529 22.373 22.186 21.967 21.718 21.438 21.126 20.783 20.409 20.004 19.568 19.116 19.547 19.997 20.464 20.950 21.454 21.976 22.516 23.074 23.651 24.245 24.858 25.327 23.816 22.213 20.518 18.731 16.852 14.882 12.819 10.664 8.418 6.079 3.648 1.574 2.590 3.939 5.494 7.254 9.220 11.392 13.769 16.352 19.141
57.503 52.837 48.239 45.179 42.983 40.978 39.164 37.541 36.109 34.867 33.817 32.958 32.289 31.811 31.525 31.234 30.885 30.519 30.137 29.737 29.321 28.888 28.437 27.970 27.486 26.985 26.467 26.175 25.910 25.613 25.286 24.928 24.538 24.118 23.666 23.183 22.670 22.125 21.549 21.906 22.418 22.948 23.497 24.063 24.648 25.251 25.872 26.511 27.169 27.844 28.538 26.862 24.939 22.924 20.817 18.618 16.176 13.761 11.446 9.230 7.115 5.099 3.190 5.046 7.109 9.377 11.850 14.529 17.414 20.504 23.799 27.301
53.783 49.353 44.990 42.064 40.534 39.195 38.047 37.089 36.322 35.746 35.361 35.167 35.163 35.351 35.729 35.702 35.294 34.868 34.426 33.966 33.490 32.997 32.487 31.960 31.416 30.856 30.278 29.848 29.474 29.069 28.633 28.166 27.667 27.138 26.578 25.986 25.363 24.710 24.025 24.242 24.818 25.411 26.022 26.651 27.299 27.964 28.648 29.350 30.070 30.182 30.158 28.031 25.463 22.994 20.626 18.357 16.188 14.119 12.149 10.280 8.510 6.840 5.269 7.301 10.077 13.057 16.244 19.635 23.232 27.034 31.042 35.255
49.996 45.800 41.672 38.744 37.880 37.206 36.723 36.431 36.329 36.418 36.698 37.168 37.829 38.680 39.723 40.183 39.715 39.230 38.727 38.208 37.672 37.119 36.550 35.963 35.359 34.739 34.102 33.550 33.067 32.553 32.008 31.432 30.825 30.187 29.517 28.817 28.086 27.323 26.530 26.558 27.196 27.851 27.952 27.991 28.013 28.016 28.002 27.970 27.920 27.851 27.766 26.216 23.994 21.872 19.849 17.926 16.103 14.379 12.755 11.231 9.807 8.482 7.257 9.355 12.843 16.536 20.434 24.538 28.847 33.361 38.080 43.004
46.140 42.179 38.286 35.220 35.021 35.012 35.194 35.566 36.129 36.882 37.826 38.961 40.286 41.801 43.507 44.677 44.149 43.604 43.042 42.463 41.867 41.255 40.625 39.979 39.315 38.635 37.938 37.279 36.687 36.065 35.411 34.726 34.010 33.263 32.468 30.969 29.517 28.111 26.752 26.035 26.066 26.079 26.075 26.052 26.012 25.954 25.877 25.783 25.672 25.542 25.394 24.306 22.430 20.653 18.976 17.398 15.920 14.542 13.264 12.085 11.006 10.026 9.146 11.208 15.408 19.813 24.423 29.238 34.258 39.483 44.914 50.549
42.216 38.490 34.831 31.491 31.957 32.612 33.459 34.495 35.722 37.139 38.747 40.545 42.534 44.713 47.082 49.183 48.595 47.990 47.369 46.730 46.075 45.403 44.713 44.007 43.285 42.545 41.788 40.912 39.249 37.632 36.061 34.538 33.061 31.630 30.247 28.910 27.620 26.376 25.180 24.363 24.333 24.284 24.218 24.134 24.031 23.911 23.774 23.618 23.444 23.253 23.043 22.300 20.769 19.338 18.006 16.774 15.641 14.608 13.675 12.841 12.107 11.472 10.937 12.860 17.771 22.888 28.209 33.735 39.466 45.402 51.543 57.890
38.224 34.732 31.307 27.950 28.688 30.008 31.518 33.218 35.109 37.190 39.461 41.922 44.574 47.416 50.448 53.671 53.054 52.390 51.708 51.010 50.041 48.208 46.389 44.583 42.790 41.011 39.246 37.510 36.008 34.554 33.146 31.784 30.470 29.202 27.981 26.806 25.678 24.597 23.562 22.712 22.620 22.509 22.381 22.235 22.072 21.890 21.690 21.473 21.238 20.984 20.713 20.198 19.013 17.926 16.940 16.053 15.265 14.577 13.989 13.500 13.110 12.820 12.630 14.312 19.934 25.761 31.793 38.030 44.472 51.118 57.970 65.026
34.163 30.906 27.715 24.592 25.216 27.199 29.372 31.736 34.290 37.034 39.968 43.092 46.406 49.641 52.290 54.768 53.585 51.746 49.919 48.107 46.307 44.521 42.749 40.990 39.244 37.512 35.793 34.087 32.724 31.432 30.186 28.987 27.834 26.729 25.669 24.657 23.691 22.772 21.899 21.081 20.927 20.755 20.565 20.358 20.132 19.889 19.627 19.348 19.051 18.737 18.404 18.001 17.160 16.419 15.778 15.235 14.793 14.449 14.206 14.061 14.016 14.071 14.225 15.563 21.896 28.433 35.176 42.123 49.275 56.631 64.192 71.958
30.035 27.011 24.055 21.165 21.539 24.185 27.240 30.490 33.570 36.480 39.219 41.787 44.185 46.412 48.469 50.355 49.655 47.863 46.083 44.317 42.565 40.826 39.100 37.388 35.689 34.003 32.331 30.672 29.395 28.265 27.182 26.145 25.154 24.211 23.313 22.463 21.659 20.902 20.191 19.527 19.255 19.021 18.769 18.500 18.213 17.908 17.585 17.244 16.886 16.509 16.115 15.703 15.212 14.816 14.519 14.322 14.223 14.225 14.325 14.525 14.825 15.224 15.722 16.614 23.657 30.905 38.357 46.014 53.875 61.941 70.212 78.687
27.511 25.707 23.905 22.106 22.517 25.516 28.344 31.002 33.489 35.806 37.953 39.929 41.735 43.371 44.835 46.130 45.717 43.971 42.238 40.519 38.813 37.121 35.442 33.776 32.124 30.485 28.860 27.248 26.023 25.055 24.133 23.258 22.430 21.648 20.913 20.224 19.582 18.987 18.438 17.935 17.602 17.307 16.994 16.663 16.314 15.947 15.563 15.161 14.740 14.302 13.847 13.373 13.169 13.117 13.165 13.311 13.558 13.903 14.348 14.892 15.536 16.279 17.121 18.062 25.218 33.112 40.309 47.286 54.043 60.581 66.898 72.996
30.888 29.092 27.299 25.508 24.989 27.396 29.632 31.697 33.593 35.318 36.873 38.257 39.471 40.515 41.388 42.092 41.769 40.070 38.384 36.712 35.052 33.407 31.774 30.156 28.550 26.958 25.379 23.814 22.606 21.800 21.040 20.327 19.661 19.041 18.468 17.941 17.460 17.026 16.639 16.298 15.970 15.613 15.238 14.846 14.435 14.007 13.561 13.097 12.616 12.116 11.599 11.064 11.030 11.322 11.714 12.205 12.796 13.485 14.274 15.091 15.882 16.645 17.381 18.091 23.552 30.211 36.649 42.869 48.868 54.648 60.208 65.548
34.258 32.470 30.685 28.903 27.644 29.458 31.103 32.576 33.880 35.014 35.977 36.770 37.393 37.845 38.128 38.240 37.812 36.160 34.521 32.895 31.283 29.684 28.098 26.526 24.967 23.421 21.889 20.371 19.146 18.501 17.904 17.352 16.847 16.389 15.977 15.612 15.294 15.021 14.796 14.616 14.358 13.940 13.503 13.049 12.577 12.087 11.580 11.055 10.511 9.950 9.372 8.862 9.265 10.151 11.010 11.842 12.646 13.424 14.176 14.900 15.597 16.267 16.911 17.527 21.621 27.522 33.203 38.665 43.907 48.929 53.732 58.316
37.621 35.842 34.066 32.292 30.521 31.704 32.757 33.639 34.351 34.894 35.266 35.468 35.500 35.362 35.053 34.575 33.847 32.241 30.648 29.069 27.504 25.951 24.412 22.887 21.374 19.876 18.390 16.918 15.641 15.158 14.722 14.333 13.990 13.693 13.443 13.239 13.082 12.971 12.907 12.889 12.766 12.286 11.788 11.273 10.825 10.600 10.388 10.188 10.001 9.826 9.663 9.512 9.750 10.543 11.309 12.048 12.760 13.445 14.103 14.734 15.339 15.916 16.467 16.990 19.902 25.045 29.969 34.674 39.159 43.425 47.471 51.298
40.978 39.207 37.439 35.674 33.912 34.132 34.593 34.885 35.006 34.958 34.739 34.350 33.792 33.063 32.165 31.096 29.858 28.313 26.767 25.235 23.715 22.210 20.717 19.238 17.773 16.320 14.881 13.456 12.092 11.771 11.497 11.269 11.087 10.952 10.864 10.821 10.826 10.984 11.358 11.733 12.016 11.785 11.566 11.359 11.165 10.983 10.813 10.656 10.511 10.378 10.257 10.149 10.262 10.961 11.634 12.280 12.899 13.491 14.057 14.595 15.107 15.591 16.049 16.480 18.394 22.781 26.948 30.896 34.625 38.135 41.425 44.496
44.328 42.566 40.806 39.050 37.295 36.742 36.613 36.314 35.845 35.206 34.397 33.418 32.269 30.951 29.462 27.804 25.975 24.376 22.877 21.391 19.918 18.459 17.013 15.581 14.162 12.756 11.363 9.984 8.619 8.340 8.428 8.798 9.169 9.541 9.914 10.289 10.664 11.041 11.419 11.798 12.173 11.985 11.808 11.644 11.492 11.353 11.225 11.110 11.008 10.917 10.839 10.773 10.798 11.405 11.985 12.538 13.065 13.564 14.036 14.482 14.901 15.293 15.658 15.996 17.098 20.728 24.139 27.331 30.304 33.058 35.592 37.907
47.672 45.918 44.167 42.418 40.673 39.535 38.815 37.926 36.866 35.637 34.238 32.670 30.931 29.023 26.945 24.697 22.280 20.430 18.977 17.538 16.112 14.699 13.300 12.239 11.469 10.663 9.822 8.946 8.034 8.082 8.455 8.829 9.204 9.580 9.957 10.336 10.716 11.097 11.479 11.862 12.246 12.172 12.038 11.917 11.807 11.710 11.625 11.552 11.492 11.444 11.408 11.384 11.373 11.875 12.362 12.822 13.256 13.662 14.042 14.395 14.721 15.020 15.292 15.538 16.012 18.887 21.542 23.979 26.196 28.194 29.974 31.534
51.009 49.263 47.521 45.781 44.043 42.510 41.200 39.720 38.071 36.252 34.264 32.106 29.778 27.280 24.613 21.776 19.212 17.731 17.050 16.333 15.582 14.794 13.972 13.114 12.221 11.292 10.328 9.329 8.294 8.103 8.480 8.858 9.237 9.618 9.999 10.382 10.766 11.151 11.537 11.924 12.313 12.347 12.256 12.176 12.109 12.054 12.012 11.981 11.963 11.957 11.964 11.982 12.013 12.371 12.765 13.133 13.473 13.787 14.074 14.334 14.568 14.774 14.954 15.106 15.232 17.257 19.157 20.838 22.301 23.544 24.568 25.374
54.339 52.602 50.868 49.137 47.408 45.666 43.767 41.698 39.459 37.030 34.603 32.224 29.892 27.608 25.370 23.180 21.037 19.380 18.576 17.736 16.861 15.951 15.006 14.025 13.009 11.957 10.871 9.748 8.591 8.123 8.504 8.886 9.270 9.654 10.040 10.427 10.815 11.204 11.594 11.986 12.378 12.510 12.461 12.423 12.399 12.386 12.386 12.398 12.422 12.458 12.507 12.568 12.641 12.892 13.194 13.468 13.716 13.938 14.132 14.299 14.440 14.554 14.641 14.701 14.735 15.839 16.984 17.910 18.618 19.107 19.377 19.428
57.664 55.935 53.955 51.807 49.553 47.188 44.735 42.330 39.973 37.662 35.399 33.182 31.013 28.891 26.817 24.789 22.809 21.065 20.137 19.175 18.177 17.144 16.076 14.972 13.833 12.659 11.450 10.205 8.924 8.142 8.527 8.913 9.301 9.689 10.079 10.470 10.862 11.255 11.650 12.045 12.442 12.660 12.653 12.658 12.675 12.705 12.747 12.801 12.868 12.946 13.037 13.140 13.256 13.439 13.648 13.830 13.985 14.114 14.216 14.291 14.339 14.360 14.355 14.322 14.263 14.631 15.022 15.194 15.148 15.269 15.473 15.654
59.753 57.448 55.036 52.518 49.892 47.160 44.828 42.586 40.391 38.243 36.142 34.089 32.083 30.124 28.212 26.347 24.529 22.785 21.735 20.650 19.529 18.374 17.183 15.956 14.694 13.397 12.065 10.698 9.295 8.159 8.548 8.939 9.330 9.723 10.117 10.512 10.908 11.305 11.704 12.104 12.505 12.797 12.832 12.880 12.940 13.012 13.096 13.192 13.301 13.422 13.555 13.700 13.858 14.012 14.128 14.218 14.280 14.316 14.326 14.308 14.264 14.193 14.109 14.032 13.961 14.058 14.275 14.468 14.639 14.787 14.911 15.013
61.693 59.017 56.234 53.345 50.349 47.246 44.869 42.790 40.758 38.773 36.835 34.944 33.101 31.304 29.555 27.853 26.198 24.590 23.369 22.161 20.918 19.639 18.325 16.976 15.592 14.172 12.717 11.227 9.701 8.175 8.568 8.963 9.359 9.755 10.153 10.553 10.953 11.354 11.757 12.161 12.566 12.922 13.000 13.089 13.191 13.305 13.432 13.570 13.721 13.884 14.060 14.247 14.447 14.610 14.634 14.550 14.452 14.360 14.274 14.193 14.119 14.050 13.988 13.931 13.879 13.915 14.052 14.167 14.258 14.326 14.372 14.394
63.749 60.702 57.548 54.288 50.922 47.448 44.860 42.943 41.074 39.252 37.477 35.748 34.067 32.433 30.847 29.307 27.814 26.369 25.038 23.708 22.342 20.940 19.504 18.032 16.525 14.983 13.406 11.793 10.145 8.462 8.587 8.986 9.385 9.786 10.189 10.592 10.996 11.402 11.809 12.216 12.625 13.034 13.154 13.286 13.430 13.587 13.755 13.936 14.009 14.078 14.160 14.255 14.363 14.455 14.365 14.282 14.204 14.132 14.066 14.006 13.952 13.903 13.860 13.824 13.793 13.794 13.852 13.887 13.899 13.888 13.854 13.798
65.920 62.503 58.979 55.349 51.612 47.768 44.800 43.046 41.339 39.680 38.067 36.501 34.983 33.511 32.087 30.710 29.379 28.096 26.744 25.290 23.802 22.278 20.719 19.125 17.495 15.830 14.131 12.395 10.625 8.819 8.604 9.007 9.411 9.816 10.222 10.630 11.038 11.448 11.859 12.271 12.684 12.970 13.026 13.061 13.109 13.171 13.245 13.334 13.435 13.550 13.677 13.819 13.973 14.140 14.072 14.008 13.951 13.899 13.853 13.813 13.779 13.750 13.728 13.711 13.700 13.695 13.674 13.630 13.563 13.473 13.360 13.224
68.208 64.420 60.526 56.525 52.418 48.205 44.689 43.098 41.554 40.056 38.606 37.203 35.847 34.538 33.276 32.061 30.893 29.772 28.485 26.909 25.298 23.651 21.970 20.253 18.501 16.714 14.892 13.034 11.142 9.214 8.621 9.027 9.435 9.845 10.244 10.610 10.941 11.237 11.498 11.725 11.918 12.075 12.164 12.245 12.339 12.446 12.567 12.701 12.848 13.009 13.183 13.369 13.570 13.783 13.772 13.729 13.692 13.660 13.635 13.615 13.601 13.592 13.590 13.593 13.603 13.618 13.518 13.394 13.248 13.079 12.887 12.672
70.611 66.453 62.189 57.818 53.341 48.758 44.528 43.099 41.717 40.382 39.094 37.854 36.660 35.513 34.413 33.360 32.355 31.396 30.262 28.563 26.830 25.061 23.257 21.418 19.544 17.634 15.710 14.160 12.291 10.105 8.891 9.276 9.626 9.941 10.221 10.467 10.679 10.855 10.998 11.105 11.178 11.217 11.289 11.416 11.556 11.710 11.876 12.056 12.249 12.456 12.675 12.908 13.154 13.413 13.468 13.445 13.428 13.416 13.411 13.411 13.417 13.429 13.447 13.470 13.499 13.535 13.384 13.181 12.956 12.708 12.437 12.143
