DATA/SHG/ECMWF/20170628/EN-4/20170630.en-4.asc
ncols        190
nrows        64
xllcorner    -5100000.000000000000
yllcorner    4130000.000000000000
cellsize     10000.000000000000
NODATA_value  -99999.000
[rows 0 to 32 of 64, columns 0 to 72 of 190]
5.513 5.715 5.910 6.100 6.283 6.460 6.631 6.795 6.953 6.745 6.407 6.051 5.678 5.288 4.880 4.456 4.014 3.555 3.079 2.726 2.424 2.418 2.542 2.660 2.773 2.881 2.983 3.079 3.170 3.256 3.336 3.411 3.480 3.535 3.578 3.615 3.646 3.671 3.689 3.702 3.709 3.709 3.704 3.693 3.675 3.667 3.671 3.674 3.676 3.677 3.678 3.677 3.676 3.673 3.670 3.666 3.660 3.631 3.575 3.523 3.473 3.427 3.384 3.345 3.308 3.275 3.245 3.218 3.194 3.206 3.281 3.367 3.467
4.927 5.107 5.281 5.448 5.610 5.765 5.914 6.056 6.193 6.010 5.611 5.194 4.847 4.513 4.187 3.871 3.565 3.268 2.981 2.704 2.436 2.373 2.478 2.577 2.671 2.759 2.842 2.919 2.991 3.057 3.118 3.174 3.224 3.261 3.283 3.298 3.308 3.311 3.309 3.301 3.286 3.265 3.239 3.206 3.167 3.141 3.142 3.142 3.141 3.139 3.136 3.133 3.128 3.123 3.116 3.109 3.101 3.080 3.035 2.994 2.956 2.922 2.890 2.862 2.837 2.815 2.796 2.780 2.768 2.788 2.907 3.038 3.181
4.349 4.507 4.659 4.805 4.952 5.127 5.295 5.457 5.613 5.540 5.211 4.890 4.580 4.278 3.987 3.705 3.432 3.169 2.916 2.672 2.437 2.334 2.419 2.499 2.574 2.643 2.707 2.765 2.817 2.865 2.907 2.943 2.974 2.993 2.994 2.988 2.977 2.959 2.935 2.906 2.870 2.828 2.780 2.726 2.666 2.617 2.615 2.612 2.608 2.603 2.597 2.590 2.582 2.574 2.564 2.554 2.543 2.526 2.493 2.463 2.437 2.413 2.393 2.376 2.362 2.352 2.344 2.340 2.374 2.427 2.598 2.763 2.922
3.918 4.096 4.267 4.432 4.591 4.743 4.890 5.031 5.165 5.162 4.866 4.579 4.302 4.034 3.776 3.528 3.289 3.060 2.840 2.630 2.429 2.301 2.367 2.428 2.483 2.533 2.577 2.616 2.650 2.678 2.701 2.718 2.730 2.733 2.712 2.685 2.652 2.613 2.569 2.518 2.461 2.398 2.329 2.253 2.172 2.095 2.089 2.083 2.076 2.068 2.059 2.049 2.038 2.027 2.014 2.001 1.986 1.971 1.949 1.930 1.919 1.955 1.991 2.028 2.065 2.102 2.139 2.176 2.214 2.252 2.400 2.545 2.684
3.650 3.806 3.955 4.099 4.236 4.367 4.493 4.612 4.725 4.773 4.511 4.258 4.014 3.781 3.556 3.342 3.136 2.941 2.755 2.578 2.411 2.273 2.320 2.362 2.398 2.429 2.454 2.474 2.488 2.497 2.501 2.499 2.492 2.478 2.436 2.389 2.335 2.274 2.208 2.136 2.058 1.974 1.884 1.787 1.685 1.577 1.566 1.556 1.546 1.535 1.523 1.510 1.496 1.494 1.533 1.571 1.608 1.643 1.679 1.716 1.752 1.789 1.826 1.864 1.901 1.939 1.977 2.015 2.054 2.093 2.208 2.333 2.451
3.388 3.523 3.651 3.773 3.889 3.999 4.102 4.200 4.292 4.375 4.146 3.927 3.717 3.517 3.326 3.145 2.974 2.812 2.659 2.516 2.383 2.259 2.279 2.302 2.319 2.330 2.337 2.337 2.333 2.323 2.307 2.286 2.260 2.228 2.168 2.099 2.023 1.942 1.855 1.762 1.662 1.557 1.446 1.328 1.205 1.075 1.066 1.109 1.151 1.192 1.232 1.271 1.308 1.344 1.379 1.412 1.444 1.475 1.511 1.548 1.586 1.623 1.661 1.700 1.738 1.777 1.815 1.854 1.894 1.933 2.022 2.126 2.224
3.134 3.247 3.354 3.454 3.549 3.637 3.719 3.796 3.866 3.930 3.772 3.586 3.410 3.244 3.087 2.939 2.801 2.673 2.554 2.444 2.344 2.254 2.244 2.247 2.245 2.238 2.225 2.207 2.183 2.154 2.119 2.079 2.034 1.983 1.906 1.815 1.719 1.617 1.508 1.415 1.336 1.257 1.179 1.100 1.022 0.943 0.947 0.986 1.024 1.061 1.096 1.130 1.163 1.195 1.225 1.254 1.282 1.309 1.343 1.381 1.419 1.458 1.496 1.535 1.575 1.614 1.654 1.694 1.734 1.774 1.842 1.925 2.003
2.887 2.978 3.063 3.143 3.216 3.283 3.344 3.398 3.447 3.490 3.388 3.236 3.094 2.961 2.837 2.723 2.619 2.524 2.438 2.363 2.296 2.239 2.215 2.199 2.178 2.151 2.119 2.082 2.039 1.991 1.937 1.878 1.825 1.776 1.709 1.630 1.551 1.473 1.394 1.315 1.237 1.158 1.080 1.001 0.923 0.845 0.829 0.864 0.898 0.930 0.961 0.991 1.020 1.047 1.073 1.098 1.122 1.144 1.174 1.213 1.253 1.292 1.331 1.371 1.411 1.452 1.492 1.533 1.574 1.615 1.668 1.730 1.788
2.647 2.717 2.780 2.838 2.890 2.935 2.975 3.008 3.036 3.057 2.995 2.876 2.767 2.668 2.578 2.498 2.427 2.365 2.313 2.271 2.238 2.215 2.191 2.156 2.116 2.064 2.012 1.961 1.910 1.861 1.812 1.764 1.716 1.670 1.609 1.530 1.452 1.373 1.295 1.216 1.138 1.059 0.981 0.903 0.824 0.746 0.713 0.744 0.773 0.801 0.828 0.853 0.878 0.901 0.923 0.943 0.963 0.981 1.006 1.046 1.086 1.126 1.167 1.207 1.248 1.289 1.330 1.372 1.413 1.455 1.499 1.541 1.578
2.413 2.462 2.504 2.541 2.571 2.595 2.614 2.626 2.632 2.632 2.591 2.507 2.431 2.365 2.309 2.262 2.225 2.197 2.179 2.161 2.141 2.121 2.088 2.037 1.986 1.936 1.887 1.838 1.791 1.744 1.697 1.652 1.607 1.563 1.509 1.430 1.352 1.274 1.195 1.117 1.039 0.960 0.882 0.804 0.726 0.648 0.598 0.625 0.650 0.673 0.696 0.717 0.737 0.756 0.774 0.790 0.805 0.819 0.838 0.879 0.919 0.960 1.002 1.043 1.085 1.127 1.169 1.211 1.253 1.296 1.336 1.358 1.374
2.187 2.214 2.236 2.251 2.260 2.262 2.259 2.250 2.235 2.213 2.193 2.178 2.162 2.145 2.127 2.109 2.090 2.070 2.049 2.027 2.005 1.981 1.952 1.903 1.855 1.808 1.761 1.715 1.670 1.626 1.582 1.540 1.498 1.456 1.409 1.331 1.253 1.174 1.096 1.018 0.940 0.862 0.784 0.705 0.627 0.550 0.485 0.507 0.528 0.547 0.565 0.582 0.598 0.613 0.626 0.638 0.649 0.659 0.670 0.711 0.753 0.795 0.837 0.879 0.921 0.964 1.007 1.050 1.093 1.137 1.179 1.180 1.176
1.968 1.974 1.974 1.988 2.015 2.038 2.057 2.071 2.081 2.087 2.087 2.069 2.050 2.030 2.010 1.988 1.966 1.943 1.920 1.895 1.870 1.843 1.815 1.769 1.723 1.679 1.635 1.592 1.549 1.508 1.467 1.427 1.387 1.349 1.310 1.231 1.153 1.075 0.997 0.919 0.841 0.763 0.685 0.607 0.529 0.451 0.374 0.391 0.407 0.422 0.436 0.449 0.460 0.471 0.480 0.488 0.494 0.499 0.504 0.544 0.586 0.629 0.672 0.715 0.758 0.802 0.845 0.916 1.010 1.107 1.207 1.284 1.370
1.926 1.951 1.972 1.988 2.001 2.008 2.012 2.011 2.005 1.996 1.981 1.961 1.939 1.917 1.893 1.869 1.844 1.818 1.791 1.764 1.736 1.706 1.676 1.634 1.591 1.549 1.508 1.467 1.428 1.389 1.351 1.313 1.276 1.240 1.205 1.132 1.054 0.976 0.898 0.820 0.742 0.664 0.587 0.509 0.431 0.353 0.276 0.276 0.288 0.299 0.309 0.317 0.324 0.330 0.335 0.338 0.341 0.342 0.342 0.377 0.446 0.529 0.615 0.705 0.797 0.892 0.991 1.092 1.197 1.305 1.415 1.532 1.661
1.978 1.988 1.993 1.994 1.991 1.983 1.971 1.955 1.934 1.909 1.879 1.854 1.829 1.804 1.778 1.750 1.723 1.694 1.664 1.634 1.603 1.570 1.538 1.498 1.458 1.419 1.380 1.343 1.306 1.269 1.234 1.199 1.165 1.131 1.099 1.033 0.955 0.877 0.799 0.721 0.644 0.566 0.488 0.411 0.333 0.256 0.178 0.162 0.170 0.177 0.182 0.186 0.189 0.220 0.255 0.289 0.322 0.353 0.383 0.453 0.544 0.637 0.734 0.834 0.937 1.044 1.153 1.265 1.381 1.499 1.621 1.769 1.941
2.034 2.029 2.019 2.004 1.986 1.963 1.935 1.904 1.867 1.827 1.782 1.748 1.721 1.692 1.663 1.633 1.602 1.571 1.538 1.505 1.471 1.436 1.400 1.362 1.325 1.288 1.252 1.217 1.183 1.149 1.116 1.084 1.053 1.022 0.992 0.934 0.856 0.778 0.700 0.623 0.545 0.468 0.390 0.313 0.235 0.158 0.114 0.119 0.158 0.195 0.230 0.265 0.298 0.330 0.361 0.390 0.418 0.445 0.471 0.536 0.638 0.743 0.850 0.961 1.075 1.192 1.312 1.435 1.561 1.690 1.822 1.994 2.208
2.095 2.074 2.049 2.019 1.985 1.947 1.904 1.857 1.806 1.750 1.690 1.643 1.613 1.582 1.550 1.517 1.483 1.448 1.413 1.377 1.340 1.302 1.263 1.226 1.191 1.157 1.124 1.091 1.059 1.028 0.998 0.969 0.940 0.912 0.885 0.835 0.757 0.679 0.605 0.552 0.501 0.453 0.409 0.367 0.328 0.292 0.259 0.257 0.291 0.323 0.355 0.385 0.414 0.441 0.467 0.492 0.516 0.538 0.560 0.617 0.729 0.844 0.963 1.084 1.209 1.337 1.467 1.601 1.738 1.878 2.021 2.207 2.464
2.161 2.125 2.084 2.039 1.990 1.936 1.878 1.816 1.749 1.678 1.602 1.540 1.506 1.472 1.437 1.401 1.365 1.327 1.289 1.250 1.210 1.169 1.128 1.088 1.056 1.025 0.994 0.965 0.935 0.907 0.879 0.859 0.851 0.843 0.835 0.812 0.760 0.710 0.664 0.621 0.581 0.543 0.509 0.478 0.449 0.423 0.401 0.396 0.425 0.453 0.480 0.506 0.530 0.553 0.575 0.595 0.615 0.633 0.649 0.694 0.817 0.943 1.072 1.205 1.340 1.478 1.620 1.764 1.912 2.063 2.216 2.407 2.707
2.232 2.180 2.124 2.064 1.999 1.930 1.857 1.779 1.697 1.611 1.520 1.437 1.401 1.364 1.326 1.287 1.248 1.207 1.166 1.124 1.081 1.038 0.993 0.951 0.932 0.927 0.920 0.914 0.906 0.899 0.891 0.882 0.873 0.863 0.853 0.837 0.795 0.756 0.720 0.687 0.657 0.630 0.606 0.585 0.567 0.552 0.539 0.535 0.560 0.584 0.606 0.627 0.647 0.666 0.683 0.700 0.714 0.728 0.740 0.768 0.902 1.039 1.179 1.322 1.468 1.617 1.769 1.924 2.083 2.244 2.409 2.597 2.939
2.307 2.240 2.169 2.093 2.013 1.929 1.840 1.747 1.650 1.548 1.442 1.336 1.296 1.257 1.216 1.174 1.132 1.101 1.078 1.056 1.035 1.014 0.994 0.975 0.968 0.961 0.953 0.944 0.935 0.926 0.916 0.906 0.895 0.884 0.872 0.859 0.827 0.799 0.773 0.751 0.731 0.714 0.701 0.690 0.682 0.677 0.675 0.676 0.697 0.716 0.734 0.750 0.766 0.780 0.793 0.805 0.815 0.824 0.832 0.839 0.984 1.131 1.282 1.436 1.592 1.752 1.915 2.081 2.250 2.422 2.597 2.776 3.159
2.387 2.305 2.218 2.128 2.032 1.933 1.829 1.720 1.608 1.491 1.381 1.271 1.238 1.214 1.190 1.168 1.146 1.125 1.105 1.085 1.066 1.048 1.031 1.014 1.004 0.995 0.986 0.975 0.965 0.954 0.942 0.930 0.918 0.904 0.891 0.877 0.857 0.839 0.823 0.811 0.802 0.795 0.792 0.791 0.793 0.799 0.807 0.818 0.834 0.849 0.862 0.875 0.886 0.895 0.904 0.911 0.917 0.922 0.925 0.928 1.062 1.221 1.382 1.547 1.714 1.885 2.058 2.235 2.415 2.597 2.783 2.972 3.367
2.472 2.375 2.273 2.174 2.074 1.970 1.864 1.755 1.644 1.530 1.413 1.294 1.248 1.226 1.206 1.186 1.166 1.148 1.130 1.113 1.097 1.081 1.066 1.052 1.041 1.030 1.019 1.007 0.995 0.982 0.969 0.955 0.941 0.926 0.911 0.895 0.883 0.875 0.870 0.868 0.869 0.873 0.880 0.889 0.902 0.918 0.936 0.958 0.972 0.983 0.992 1.000 1.006 1.012 1.016 1.019 1.020 1.020 1.020 1.017 1.138 1.307 1.479 1.654 1.832 2.014 2.198 2.367 2.505 2.642 2.776 2.907 3.204
2.589 2.487 2.382 2.274 2.164 2.052 1.936 1.818 1.698 1.575 1.449 1.321 1.257 1.238 1.220 1.203 1.186 1.170 1.155 1.140 1.127 1.114 1.101 1.090 1.078 1.066 1.053 1.039 1.025 1.011 0.996 0.980 0.964 0.948 0.931 0.913 0.906 0.909 0.914 0.922 0.933 0.948 0.965 0.985 1.008 1.033 1.062 1.094 1.112 1.118 1.122 1.126 1.128 1.129 1.129 1.127 1.124 1.120 1.115 1.108 1.196 1.343 1.488 1.630 1.770 1.907 2.043 2.176 2.306 2.434 2.560 2.684 2.931
2.720 2.608 2.494 2.377 2.258 2.136 2.012 1.884 1.755 1.622 1.487 1.350 1.265 1.249 1.234 1.219 1.205 1.191 1.179 1.167 1.156 1.145 1.136 1.127 1.116 1.102 1.087 1.072 1.056 1.040 1.023 1.006 0.988 0.970 0.951 0.932 0.927 0.939 0.955 0.973 0.995 1.019 1.046 1.077 1.110 1.146 1.185 1.227 1.252 1.254 1.254 1.253 1.251 1.230 1.197 1.163 1.128 1.093 1.057 1.020 1.064 1.203 1.340 1.474 1.606 1.735 1.862 1.987 2.109 2.229 2.347 2.463 2.665
2.853 2.732 2.609 2.483 2.354 2.223 2.089 1.953 1.814 1.672 1.528 1.381 1.273 1.259 1.246 1.234 1.223 1.212 1.202 1.192 1.184 1.176 1.169 1.163 1.154 1.138 1.121 1.105 1.087 1.069 1.051 1.032 1.013 0.993 0.973 0.952 0.944 0.967 0.993 1.021 1.053 1.088 1.125 1.166 1.209 1.256 1.286 1.308 1.312 1.280 1.247 1.214 1.180 1.145 1.109 1.073 1.036 0.998 0.959 0.920 0.935 1.065 1.194 1.320 1.444 1.565 1.684 1.801 1.915 2.027 2.137 2.244 2.406
2.989 2.859 2.726 2.591 2.453 2.313 2.170 2.025 1.876 1.726 1.572 1.416 1.280 1.269 1.258 1.249 1.240 1.231 1.224 1.217 1.211 1.206 1.202 1.198 1.192 1.175 1.157 1.138 1.119 1.099 1.079 1.059 1.038 1.016 0.994 0.972 0.958 0.991 1.027 1.064 1.097 1.127 1.154 1.177 1.198 1.215 1.229 1.241 1.241 1.207 1.172 1.136 1.099 1.061 1.023 0.984 0.944 0.903 0.862 0.820 0.808 0.930 1.051 1.169 1.284 1.397 1.508 1.617 1.723 1.827 1.928 2.028 2.155
3.129 2.988 2.847 2.702 2.555 2.406 2.254 2.099 1.941 1.781 1.619 1.454 1.286 1.277 1.269 1.262 1.256 1.250 1.245 1.241 1.238 1.235 1.233 1.232 1.231 1.212 1.192 1.172 1.151 1.130 1.108 1.086 1.064 1.045 1.028 1.013 1.002 1.033 1.062 1.087 1.109 1.128 1.144 1.157 1.166 1.173 1.176 1.176 1.172 1.135 1.097 1.058 1.018 0.978 0.937 0.896 0.853 0.810 0.766 0.721 0.683 0.798 0.910 1.020 1.127 1.232 1.335 1.435 1.534 1.629 1.723 1.814 1.911
3.299 3.121 2.970 2.816 2.660 2.501 2.340 2.176 2.009 1.840 1.668 1.494 1.317 1.285 1.280 1.275 1.272 1.268 1.266 1.265 1.264 1.264 1.264 1.266 1.266 1.239 1.212 1.187 1.164 1.144 1.126 1.110 1.096 1.085 1.076 1.069 1.065 1.082 1.100 1.114 1.125 1.133 1.138 1.139 1.138 1.133 1.126 1.115 1.101 1.063 1.023 0.981 0.939 0.896 0.853 0.808 0.763 0.717 0.670 0.623 0.575 0.667 0.771 0.873 0.972 1.070 1.164 1.257 1.347 1.434 1.520 1.603 1.683
3.485 3.256 3.095 2.933 2.767 2.599 2.429 2.256 2.080 1.902 1.721 1.537 1.351 1.292 1.289 1.287 1.286 1.286 1.283 1.279 1.274 1.266 1.257 1.245 1.232 1.213 1.194 1.176 1.162 1.149 1.139 1.131 1.126 1.122 1.121 1.122 1.126 1.134 1.140 1.144 1.144 1.141 1.135 1.125 1.113 1.097 1.078 1.057 1.031 0.993 0.949 0.905 0.861 0.815 0.769 0.722 0.674 0.625 0.576 0.526 0.475 0.539 0.635 0.729 0.820 0.909 0.996 1.080 1.162 1.242 1.319 1.394 1.466
3.686 3.393 3.224 3.052 2.878 2.700 2.521 2.338 2.153 1.966 1.811 1.651 1.432 1.314 1.313 1.310 1.305 1.298 1.290 1.279 1.267 1.253 1.237 1.220 1.200 1.184 1.173 1.164 1.157 1.152 1.150 1.150 1.153 1.157 1.164 1.173 1.185 1.189 1.184 1.177 1.166 1.152 1.135 1.114 1.091 1.064 1.035 1.002 0.966 0.923 0.877 0.830 0.783 0.735 0.686 0.636 0.586 0.534 0.482 0.430 0.376 0.414 0.502 0.587 0.670 0.751 0.830 0.906 0.980 1.051 1.121 1.188 1.252
3.904 3.534 3.355 3.348 3.396 3.385 3.314 3.184 2.994 2.745 2.437 2.069 1.642 1.354 1.347 1.337 1.326 1.313 1.298 1.281 1.263 1.242 1.220 1.196 1.171 1.153 1.149 1.148 1.150 1.153 1.159 1.167 1.177 1.190 1.205 1.222 1.242 1.247 1.232 1.213 1.191 1.166 1.138 1.107 1.072 1.035 0.994 0.950 0.903 0.854 0.806 0.756 0.706 0.655 0.604 0.551 0.498 0.444 0.390 0.334 0.278 0.291 0.371 0.448 0.523 0.596 0.666 0.735 0.810 0.894 0.971 1.042 1.107
5.774 5.638 5.597 5.496 5.335 5.116 4.837 4.498 4.101 3.643 3.127 2.551 1.916 1.396 1.382 1.366 1.349 1.329 1.308 1.285 1.260 1.234 1.205 1.175 1.143 1.119 1.124 1.131 1.140 1.151 1.165 1.181 1.200 1.220 1.243 1.268 1.296 1.309 1.282 1.252 1.219 1.183 1.144 1.102 1.057 1.008 0.956 0.902 0.844 0.786 0.735 0.683 0.630 0.577 0.523 0.467 0.412 0.355 0.298 0.240 0.181 0.189 0.297 0.398 0.493 0.580 0.661 0.736 0.804 0.865 0.919 0.967 1.008
8.462 8.265 8.015 7.705 7.337 6.909 6.422 5.875 5.270 4.605 3.880 3.097 2.254 1.440 1.420 1.398 1.374 1.348 1.320 1.291 1.260 1.227 1.192 1.155 1.117 1.083 1.096 1.111 1.128 1.147 1.169 1.193 1.219 1.248 1.279 1.312 1.347 1.373 1.336 1.295 1.251 1.204 1.154 1.101 1.044 0.985 0.922 0.856 0.787 0.719 0.665 0.611 0.555 0.499 0.506 0.542 0.557 0.550 0.521 0.472 0.401 0.352 0.437 0.515 0.586 0.650 0.708 0.760 0.804 0.842 0.873 0.898 0.916
11.153 10.934 10.494 9.977 9.401 8.765 8.070 7.315 6.502 5.629 4.697 3.705 2.655 1.545 1.459 1.431 1.400 1.368 1.334 1.299 1.261 1.222 1.180 1.137 1.093 1.046 1.065 1.088 1.113 1.141 1.171 1.203 1.237 1.273 1.312 1.353 1.397 1.441 1.392 1.340 1.286 1.228 1.167 1.102 1.035 0.965 0.891 0.941 1.027 1.090 1.158 1.205 1.230 1.234 1.217 1.178 1.118 1.037 0.934 0.811 0.665 0.521 0.583 0.637 0.685 0.727 0.761 0.790 0.811 0.826 0.834 0.835 0.830
