DATA/SHG/ECMWF/20170628/EN-4/20170710.en-4.asc
ncols        190
nrows        64
xllcorner    -5100000.000000000000
yllcorner    4130000.000000000000
cellsize     10000.000000000000
NODATA_value  -99999.000
[rows 32 to 63 of 64, columns 74 to 147 of 190]
6.630 7.526 8.387 9.212 10.002 10.757 11.477 12.162 12.811 13.426 14.005 14.437 14.278 14.100 13.900 13.680 13.439 13.177 12.895 12.592 12.301 12.025 11.732 11.385 10.928 10.519 10.157 9.844 9.578 9.361 9.191 9.069 8.994 8.968 8.989 8.853 8.342 7.827 7.305 6.779 6.246 5.708 5.165 4.744 4.695 4.663 4.647 5.126 6.151 7.176 8.201 9.227 10.252 11.278 12.304 13.330 14.356 15.383 16.409 17.042 17.345 17.576 17.734 17.819 17.831 17.771 17.638 17.432 17.153 16.802 16.378 18.453 21.426 24.255
6.397 7.171 7.909 8.613 9.281 9.915 10.513 11.076 11.604 12.096 12.554 12.953 12.724 12.473 12.202 11.911 11.598 11.265 10.912 10.537 10.174 9.826 9.461 9.092 8.847 8.650 8.500 8.399 8.345 8.339 8.381 8.471 8.608 8.794 9.121 9.613 9.504 9.412 9.336 9.276 9.234 9.208 9.198 9.205 9.229 9.269 9.326 9.733 10.758 11.783 12.809 13.835 14.861 15.887 16.913 17.939 18.966 19.993 21.020 21.573 21.555 21.464 21.300 21.063 20.754 20.372 19.917 19.390 18.789 18.117 17.371 18.533 20.870 23.063
6.196 6.848 7.465 8.047 8.594 9.106 9.582 10.023 10.430 10.801 11.137 11.437 11.190 10.868 10.525 10.162 9.779 9.374 8.949 8.504 8.069 7.648 7.211 6.758 6.715 6.834 7.383 7.959 8.563 9.194 9.853 10.539 11.253 11.993 12.762 13.468 13.432 13.412 13.409 13.423 13.453 13.499 13.563 13.643 13.739 13.852 13.982 14.333 15.358 16.384 17.410 18.436 19.463 20.489 21.516 22.543 23.570 24.597 25.624 26.173 25.833 25.420 24.935 24.377 23.746 23.042 22.266 21.418 20.496 19.502 18.435 18.755 20.456 22.014
6.029 6.559 7.055 7.515 7.940 8.330 8.685 9.005 9.289 9.539 9.753 9.933 9.676 9.283 8.869 8.435 7.980 7.718 7.786 7.873 7.947 8.005 8.078 8.168 8.708 9.350 10.021 10.718 11.443 12.195 12.975 13.782 14.617 15.479 16.368 17.285 17.336 17.390 17.459 17.546 17.649 17.768 17.904 18.057 18.226 18.412 18.615 18.926 19.953 20.979 22.005 23.032 24.058 25.085 26.112 27.140 28.167 29.195 30.222 30.842 30.180 29.446 28.639 27.760 26.808 25.783 24.686 23.516 22.273 20.958 19.571 19.119 20.185 21.107
5.895 6.303 6.677 7.016 7.319 7.588 7.821 8.019 8.183 8.311 8.598 9.075 9.246 9.284 9.340 9.416 9.512 9.628 9.763 9.918 10.060 10.186 10.328 10.486 11.069 11.833 12.624 13.443 14.289 15.162 16.063 16.991 17.947 18.930 19.940 20.978 21.218 21.344 21.487 21.646 21.822 22.014 22.223 22.448 22.690 22.949 23.224 23.516 24.541 25.567 26.594 27.621 28.648 29.676 30.703 31.731 32.759 33.787 34.815 35.579 34.596 33.541 32.413 31.212 29.939 28.594 27.175 25.685 24.121 22.485 20.777 19.625 20.056 20.343
5.793 6.080 6.333 6.781 7.399 7.977 8.514 9.012 9.470 9.888 10.266 10.603 10.798 10.903 11.027 11.171 11.334 11.518 11.720 11.943 12.153 12.348 12.558 12.784 13.397 14.282 15.194 16.134 17.101 18.095 19.117 20.166 21.242 22.346 23.477 24.636 25.077 25.276 25.491 25.723 25.971 26.236 26.518 26.816 27.131 27.462 27.810 28.174 29.123 30.150 31.177 32.205 33.232 34.260 35.288 36.316 37.344 38.372 39.401 40.385 39.081 37.705 36.256 34.734 33.140 31.474 29.735 27.923 26.039 24.083 22.054 20.272 20.069 19.722
7.779 8.378 8.937 9.456 9.935 10.374 10.772 11.131 11.450 11.729 11.968 12.166 12.330 12.502 12.694 12.906 13.137 13.387 13.657 13.947 14.225 14.489 14.767 15.062 15.691 16.697 17.730 18.791 19.878 20.994 22.136 23.306 24.503 25.728 26.980 28.259 28.913 29.185 29.473 29.777 30.098 30.436 30.790 31.161 31.548 31.952 32.373 32.810 33.699 34.726 35.754 36.782 37.810 38.838 39.866 40.895 41.923 42.952 43.981 45.010 43.635 41.937 40.168 38.326 36.411 34.424 32.365 30.233 28.028 25.751 23.402 21.061 20.224 19.213
10.905 11.365 11.785 12.165 12.505 12.805 13.064 13.284 13.464 13.604 13.704 13.764 13.842 14.082 14.341 14.620 14.919 15.237 15.575 15.932 16.278 16.609 16.957 17.319 17.952 19.078 20.232 21.414 22.622 23.858 25.121 26.412 27.730 29.075 30.448 31.848 32.727 33.071 33.431 33.809 34.202 34.613 35.039 35.483 35.943 36.419 36.912 37.422 38.269 39.297 40.325 41.353 42.382 43.410 44.439 45.468 46.497 47.526 48.556 49.585 48.257 46.239 44.149 41.986 39.536 36.584 33.697 30.874 28.117 25.424 22.795 20.232 19.094 18.069
14.065 14.386 14.667 14.908 15.109 15.270 15.391 15.472 15.513 15.514 15.475 15.396 15.334 15.641 15.968 16.315 16.681 17.067 17.472 17.897 18.310 18.710 19.126 19.556 20.179 21.426 22.701 24.003 25.332 26.689 28.073 29.484 30.923 32.389 33.882 35.402 36.517 36.934 37.367 37.817 38.283 38.766 39.266 39.782 40.314 40.863 41.429 42.011 42.833 43.862 44.890 45.919 46.948 47.977 49.006 49.810 49.821 49.805 49.762 49.692 47.648 44.722 41.861 39.065 36.333 33.666 31.063 28.525 26.052 23.644 21.300 19.021 17.843 16.907
17.189 17.440 17.582 17.684 17.747 17.769 17.751 17.693 17.596 17.458 17.281 17.063 16.807 17.181 17.576 17.990 18.423 18.876 19.349 19.841 20.323 20.791 21.274 21.773 22.372 23.740 25.135 26.558 28.008 29.485 30.990 32.522 34.081 35.667 37.281 38.922 40.285 40.775 41.281 41.803 42.342 42.897 43.469 44.058 44.663 45.284 45.780 45.543 45.441 45.523 45.579 45.607 45.608 45.581 45.527 45.446 45.338 45.203 45.040 44.850 43.246 40.605 38.028 35.516 33.069 30.686 28.368 26.115 23.926 21.802 19.742 17.747 16.573 15.726
20.231 20.528 20.532 20.495 20.418 20.302 20.145 19.949 19.713 19.437 19.121 18.765 18.369 18.702 19.164 19.645 20.146 20.666 21.206 21.766 22.315 22.851 23.403 23.970 24.553 26.020 27.536 29.080 30.650 32.248 33.873 35.526 37.205 38.912 40.647 42.408 44.031 44.514 44.316 44.110 43.895 43.672 43.440 43.200 42.951 42.694 42.428 42.154 41.949 41.912 41.847 41.756 41.637 41.491 41.317 41.117 40.889 40.634 40.351 40.041 38.784 36.427 34.135 31.907 29.744 27.646 25.612 23.643 21.738 19.898 18.123 16.412 15.285 14.527
23.244 23.650 23.514 23.339 23.124 22.869 22.574 22.239 21.864 21.449 20.995 20.501 19.966 20.202 20.732 21.280 21.849 22.436 23.044 23.670 24.287 24.892 25.512 26.147 26.798 28.267 29.904 31.567 33.235 34.448 35.618 36.746 37.831 38.874 39.875 40.832 41.735 41.508 41.274 41.030 40.778 40.518 40.249 39.972 39.686 39.392 39.090 38.778 38.490 38.333 38.149 37.938 37.700 37.434 37.141 36.820 36.473 36.098 35.696 35.267 34.261 32.189 30.181 28.238 26.359 24.545 22.795 21.110 19.489 17.933 16.441 15.014 13.979 13.309
26.228 26.805 26.531 26.217 25.863 25.470 25.036 24.563 24.050 23.497 22.904 22.271 21.598 21.683 22.280 22.896 23.531 24.186 24.861 25.555 25.954 26.318 26.675 27.025 27.367 28.323 29.477 30.588 31.656 32.682 33.665 34.606 35.505 36.361 37.174 37.945 38.673 38.516 38.244 37.964 37.675 37.377 37.072 36.757 36.435 36.103 35.764 35.416 35.064 34.788 34.484 34.153 33.795 33.410 32.997 32.558 32.090 31.596 31.075 30.526 29.679 27.891 26.167 24.508 22.913 21.382 19.917 18.515 17.179 15.906 14.698 13.555 12.654 12.074
29.182 29.994 29.581 29.129 28.637 28.104 27.533 26.921 26.269 25.578 24.847 24.076 23.265 22.901 23.278 23.645 24.003 24.351 24.690 25.019 25.349 25.681 26.005 26.322 26.632 27.354 28.321 29.245 30.126 30.965 31.762 32.516 33.227 33.896 34.523 35.107 35.649 35.536 35.227 34.910 34.584 34.250 33.907 33.556 33.196 32.828 32.451 32.066 31.672 31.275 30.852 30.402 29.924 29.419 28.887 28.328 27.741 27.128 26.487 25.819 25.037 23.532 22.092 20.717 19.406 18.159 16.977 15.860 14.807 13.818 12.894 12.034 11.311 10.820
32.108 33.216 32.665 32.074 31.444 30.773 29.502 28.276 27.106 25.993 24.935 23.934 22.988 22.532 22.876 23.211 23.536 23.852 24.159 24.456 24.753 25.053 25.344 25.629 25.906 26.434 27.213 27.950 28.645 29.297 29.907 30.474 30.999 31.481 31.921 32.319 32.674 32.569 32.223 31.869 31.506 31.135 30.755 30.367 29.970 29.565 29.151 28.729 28.298 27.795 27.253 26.683 26.086 25.462 24.810 24.131 23.426 22.693 21.932 21.145 20.330 19.114 17.958 16.866 15.839 14.876 13.977 13.143 12.373 11.668 11.027 10.451 9.950 9.548
33.384 33.996 32.683 31.426 30.226 29.082 27.994 26.962 25.986 25.066 24.202 23.395 22.643 22.171 22.483 22.785 23.078 23.362 23.637 23.902 24.167 24.433 24.693 24.944 25.189 25.561 26.154 26.704 27.212 27.678 28.101 28.481 28.820 29.115 29.369 29.580 29.748 29.615 29.232 28.841 28.441 28.033 27.616 27.191 26.757 26.315 25.864 25.405 24.937 24.348 23.686 22.997 22.281 21.537 20.766 19.968 19.143 18.291 17.411 16.504 15.571 14.635 13.763 12.955 12.211 11.531 10.916 10.365 9.879 9.457 9.099 8.806 8.571 8.257
30.664 31.467 30.348 29.286 28.280 27.329 26.435 25.597 24.815 24.089 23.419 22.806 22.248 21.819 22.098 22.369 22.630 22.881 23.124 23.356 23.589 23.823 24.050 24.269 24.481 24.737 25.143 25.507 25.828 26.107 26.344 26.538 26.689 26.799 26.865 26.890 26.872 26.674 26.254 25.826 25.389 24.943 24.490 24.027 23.557 23.078 22.590 22.094 21.590 20.934 20.152 19.344 18.508 17.645 16.755 15.838 14.894 13.922 12.923 11.897 10.844 10.097 9.508 8.983 8.522 8.126 7.794 7.526 7.398 7.453 7.493 7.516 7.522 7.397
27.976 28.677 27.965 27.096 26.284 25.527 24.827 24.183 23.594 23.062 22.586 22.166 21.802 21.494 21.723 21.961 22.190 22.409 22.619 22.820 23.021 23.222 23.416 23.603 23.782 23.961 24.181 24.358 24.493 24.585 24.635 24.643 24.608 24.531 24.411 24.250 24.045 23.745 23.288 22.823 22.349 21.867 21.376 20.877 20.369 19.853 19.329 18.796 18.255 17.552 16.652 15.724 14.769 13.787 12.777 11.741 10.677 9.587 8.469 7.435 6.820 6.673 6.771 6.853 6.919 6.968 7.001 7.018 7.018 7.002 6.970 6.922 6.858 6.820
25.322 25.914 25.531 24.857 24.238 23.675 23.169 22.718 22.323 21.985 21.702 21.476 21.305 21.191 21.357 21.563 21.759 21.946 22.124 22.293 22.461 22.630 22.791 22.946 23.092 23.232 23.267 23.257 23.206 23.112 22.975 22.797 22.576 22.312 22.007 21.659 21.268 20.829 20.335 19.833 19.322 18.803 18.276 17.740 17.195 16.642 16.081 15.511 14.933 14.203 13.232 12.636 12.035 11.431 10.822 10.210 9.593 8.972 8.348 7.719 7.087 6.810 6.836 6.847 6.841 6.819 6.781 6.726 6.655 6.568 6.465 6.346 6.210 6.220
22.699 23.183 23.049 22.568 22.143 21.774 21.461 21.204 21.003 20.857 20.768 20.735 20.758 20.837 20.999 21.173 21.337 21.492 21.638 21.775 21.910 22.047 22.176 22.297 22.412 22.518 22.401 22.205 21.967 21.687 21.364 21.000 20.592 20.143 19.651 19.117 18.540 17.926 17.395 16.856 16.308 15.760 15.520 15.301 15.102 14.923 14.764 14.626 14.508 14.292 13.681 13.067 12.449 11.826 11.200 10.569 9.935 9.297 8.654 8.008 7.357 6.963 6.918 6.857 6.780 6.687 6.577 6.451 6.309 6.151 5.976 5.786 5.579 5.599
20.110 20.486 20.517 20.229 19.998 19.823 19.703 19.639 19.632 19.680 19.784 19.944 20.160 20.433 20.650 20.792 20.924 21.047 21.161 21.265 21.369 21.473 21.569 21.658 21.740 21.814 21.583 21.201 20.777 20.311 19.802 19.251 18.658 18.171 17.695 17.224 16.757 16.294 16.044 15.833 15.642 15.471 15.320 15.190 15.079 14.989 14.920 14.870 14.841 14.762 14.134 13.502 12.866 12.226 11.581 10.933 10.281 9.625 8.965 8.300 7.632 7.132 7.016 6.884 6.735 6.571 6.390 6.193 5.980 5.750 5.504 5.242 4.964 4.955
17.553 17.820 17.936 17.842 17.804 17.822 17.896 18.025 18.211 18.452 18.750 19.103 19.512 19.978 20.311 20.420 20.520 20.611 20.693 20.765 20.836 20.907 20.972 21.028 21.078 21.092 20.793 20.307 19.825 19.348 18.874 18.404 17.938 17.477 17.019 16.565 16.115 15.670 15.467 15.345 15.243 15.161 15.099 15.057 15.036 15.034 15.053 15.092 15.152 15.231 14.591 13.941 13.287 12.629 11.967 11.301 10.631 9.957 9.279 8.597 7.911 7.317 7.130 6.927 6.707 6.471 6.219 5.951 5.667 5.366 5.049 4.716 4.367 4.290
15.028 15.187 15.306 15.405 15.560 15.771 16.038 16.361 16.740 17.175 17.665 18.212 18.814 19.472 19.980 20.057 20.234 20.424 20.565 20.657 20.697 20.695 20.654 20.574 20.454 20.296 19.973 19.504 19.040 18.580 18.124 17.672 17.223 16.779 16.339 15.903 15.470 15.042 14.870 14.836 14.822 14.829 14.856 14.903 14.970 15.058 15.165 15.293 15.441 15.610 15.051 14.384 13.712 13.036 12.356 11.672 10.984 10.293 9.597 8.897 8.193 7.519 7.261 6.986 6.695 6.388 6.065 5.726 5.370 4.998 4.610 4.206 3.786 3.602
12.535 12.587 12.626 12.919 13.267 13.671 14.132 14.648 15.219 16.053 17.005 17.976 18.966 19.975 20.835 20.954 21.024 21.044 21.014 20.936 20.805 20.631 20.418 20.166 19.874 19.544 19.149 18.699 18.252 17.809 17.371 16.936 16.505 16.078 15.655 15.237 14.822 14.411 14.251 14.306 14.381 14.476 14.592 14.728 14.884 15.060 15.256 15.473 15.709 15.966 15.516 14.830 14.140 13.447 12.749 12.048 11.342 10.632 9.919 9.201 8.479 7.754 7.408 7.062 6.700 6.322 5.928 5.517 5.090 4.648 4.188 3.713 3.222 2.893
10.075 10.019 10.239 11.091 11.995 12.917 13.859 14.820 15.800 16.798 17.816 18.853 19.908 20.982 22.009 21.957 21.857 21.707 21.507 21.259 20.958 20.612 20.226 19.802 19.339 18.837 18.323 17.889 17.460 17.035 16.614 16.196 15.783 15.374 14.969 14.567 14.170 13.776 13.611 13.754 13.918 14.102 14.307 14.531 14.776 15.040 15.325 15.630 15.956 16.301 15.984 15.280 14.573 13.862 13.146 12.427 11.703 10.976 10.244 9.509 8.770 8.026 7.571 7.154 6.721 6.272 5.806 5.325 4.827 4.313 3.783 3.237 2.674 2.161
10.000 10.307 10.601 11.425 12.394 13.383 14.390 15.416 16.461 17.525 18.608 19.710 20.831 21.971 23.130 23.004 22.734 22.414 22.044 21.626 21.154 20.636 20.079 19.483 18.848 18.174 17.492 17.077 16.665 16.257 15.853 15.454 15.058 14.666 14.278 13.894 13.514 13.138 12.950 13.182 13.435 13.707 14.000 14.313 14.646 15.000 15.373 15.767 16.180 16.614 16.456 15.735 15.009 14.280 13.547 12.810 12.069 11.323 10.574 9.821 9.064 8.303 7.751 7.263 6.759 6.238 5.702 5.149 4.580 3.995 3.394 2.777 2.144 1.519
10.463 10.726 10.976 11.741 12.776 13.829 14.902 15.994 17.104 18.234 19.382 20.550 21.736 22.941 24.166 24.095 23.654 23.164 22.625 22.037 21.394 20.704 19.976 19.208 18.402 17.556 16.671 16.261 15.866 15.476 15.090 14.707 14.329 13.955 13.584 13.218 12.855 12.497 12.267 12.588 12.930 13.291 13.672 14.074 14.495 14.937 15.399 15.881 16.384 16.906 16.931 16.192 15.449 14.703 13.952 13.197 12.438 11.675 10.908 10.137 9.362 8.583 7.946 7.387 6.801 6.180 5.568 4.963 4.367 3.779 3.200 2.628 2.065 1.510
10.939 11.157 11.362 12.038 13.139 14.258 15.396 16.553 17.729 18.924 20.138 21.371 22.622 23.893 25.182 25.229 24.618 23.959 23.250 22.492 21.678 20.817 19.917 18.978 17.999 16.982 15.926 15.441 15.064 14.692 14.323 13.958 13.597 13.240 12.887 12.538 12.193 11.852 11.564 11.974 12.403 12.853 13.323 13.813 14.323 14.854 15.404 15.975 16.565 17.176 17.411 16.654 15.893 15.129 14.360 13.565 12.642 11.741 10.862 10.005 9.170 8.357 7.656 7.055 6.462 5.877 5.300 4.732 4.171 3.619 3.075 2.539 2.012 1.493
11.426 11.599 11.759 12.318 13.483 14.668 15.872 17.094 18.335 19.596 20.875 22.173 23.490 24.826 26.181 26.406 25.626 24.796 23.918 22.990 22.006 20.973 19.902 18.791 17.641 16.453 15.225 14.618 14.259 13.904 13.552 13.205 12.861 12.522 12.186 11.854 11.527 11.203 10.883 11.338 11.856 12.394 12.953 13.531 14.130 14.749 15.384 15.874 16.340 16.784 16.978 16.041 15.126 14.234 13.363 12.514 11.688 10.884 10.101 9.341 8.603 7.887 7.238 6.672 6.115 5.566 5.025 4.492 3.967 3.451 2.943 2.443 1.951 1.467
11.924 12.053 12.169 12.579 13.810 15.060 16.329 17.617 18.923 20.249 21.593 22.957 24.339 25.740 27.160 27.627 26.677 25.678 24.630 23.533 22.378 21.174 19.931 18.649 17.328 15.968 14.569 13.792 13.450 13.112 12.778 12.448 12.122 11.800 11.482 11.168 10.857 10.551 10.270 10.692 11.242 11.769 12.273 12.754 13.212 13.648 14.060 14.449 14.815 15.159 15.423 14.583 13.765 12.969 12.195 11.443 10.713 10.005 9.319 8.655 8.014 7.394 6.811 6.282 5.760 5.247 4.741 4.244 3.756 3.275 2.802 2.338 1.882 1.434
12.434 12.518 12.589 12.822 14.118 15.434 16.768 18.121 19.493 20.884 22.294 23.722 25.170 26.636 28.121 28.891 27.772 26.603 25.386 24.119 22.794 21.418 20.004 18.551 17.058 15.527 13.957 12.962 12.638 12.310 11.990 11.682 11.385 11.098 10.823 10.559 10.305 10.063 9.832 10.095 10.545 10.971 11.375 11.756 12.114 12.449 12.761 13.050 13.316 13.560 13.780 13.103 12.382 11.682 11.005 10.349 9.716 9.104 8.515 7.948 7.403 6.880 6.378 5.884 5.398 4.920 4.450 3.989 3.536 3.091 2.654 2.226 1.805 1.393
12.956 12.995 13.022 13.047 14.409 15.789 17.189 18.607 20.044 21.500 22.975 24.469 25.982 27.513 29.064 30.198 28.910 27.572 26.185 24.749 23.062 21.306 19.588 17.909 16.268 14.666 13.102 12.001 11.708 11.426 11.155 10.895 10.646 10.408 10.181 9.965 9.760 9.566 9.383 9.523 9.873 10.199 10.503 10.783 11.041 11.276 11.488 11.677 11.843 11.986 12.107 11.602 10.977 10.374 9.793 9.234 8.697 8.183 7.690 7.219 6.770 6.344 5.936 5.478 5.027 4.585 4.152 3.726 3.308 2.899 2.498 2.105 1.720 1.344
