DATA/SHG/ECMWF/20170628/EN-4/20170701.en-4.asc
ncols        190
nrows        64
xllcorner    -5100000.000000000000
yllcorner    4130000.000000000000
cellsize     10000.000000000000
NODATA_value  -99999.000
[rows 0 to 32 of 64, columns 0 to 72 of 190]
6.653 7.148 7.665 8.203 8.762 9.343 9.945 10.569 11.215 11.545 11.781 12.029 12.289 12.562 12.846 13.144 13.453 13.774 14.108 14.226 14.275 14.365 14.467 14.564 14.654 14.739 14.818 14.890 14.957 15.018 15.073 15.121 15.164 14.957 14.587 14.213 13.834 13.450 13.062 12.669 12.271 11.869 11.462 11.051 10.634 10.271 9.992 9.760 9.574 9.435 9.342 9.297 9.297 9.345 9.439 9.580 9.767 9.998 10.236 10.473 10.708 10.941 11.173 11.403 11.631 11.858 12.082 12.306 12.527 12.373 11.598 10.802 9.984
6.843 7.414 8.007 8.621 9.256 9.913 10.592 11.292 12.014 12.466 12.745 13.036 13.074 13.108 13.146 13.189 13.235 13.286 13.342 13.401 13.465 13.542 13.624 13.700 13.769 13.833 13.891 13.943 13.989 14.029 14.063 14.091 14.113 13.944 13.558 13.168 12.772 12.372 11.968 11.559 11.145 10.727 10.304 9.876 9.444 9.121 9.006 8.938 8.916 8.941 9.013 9.131 9.296 9.507 9.765 10.069 10.420 10.760 10.993 11.223 11.452 11.680 11.905 12.129 12.351 12.572 12.790 13.007 13.223 13.175 12.325 11.454 10.561
7.008 7.655 8.324 9.014 9.701 10.269 10.803 11.301 11.765 12.017 12.053 12.094 12.139 12.188 12.242 12.299 12.361 12.428 12.498 12.573 12.652 12.728 12.788 12.843 12.892 12.935 12.972 13.003 13.028 13.047 13.060 13.067 13.069 12.938 12.536 12.129 11.717 11.301 10.881 10.455 10.025 9.591 9.151 8.708 8.259 7.926 7.975 8.071 8.213 8.402 8.638 8.920 9.248 9.623 10.045 10.513 11.027 11.523 11.750 11.974 12.197 12.418 12.638 12.856 13.072 13.286 13.498 13.709 13.713 13.578 12.532 11.531 10.575
7.103 7.688 8.238 8.753 9.233 9.678 10.088 10.463 10.803 11.033 11.084 11.140 11.200 11.265 11.334 11.407 11.484 11.565 11.651 11.741 11.836 11.920 11.960 11.994 12.022 12.045 12.061 12.071 12.075 12.073 12.066 12.052 12.032 11.938 11.519 11.096 10.669 10.237 9.800 9.358 8.912 8.461 8.006 7.546 7.081 6.686 6.900 7.159 7.465 7.818 8.217 8.663 9.155 9.693 10.278 10.910 11.588 12.287 12.507 12.726 12.925 12.906 12.890 12.874 12.860 12.847 12.836 12.826 12.817 12.810 11.936 11.092 10.292
7.169 7.630 8.056 8.448 8.804 9.126 9.412 9.663 9.880 10.045 10.112 10.183 10.259 10.339 10.423 10.511 10.603 10.700 10.801 10.906 11.016 11.121 11.140 11.153 11.160 11.162 11.157 11.146 11.130 11.107 11.079 11.044 11.004 10.944 10.510 10.070 9.627 9.178 8.725 8.268 7.805 7.338 6.867 6.391 5.910 5.425 5.779 6.202 6.672 7.188 7.751 8.360 9.015 9.692 10.294 10.877 11.442 11.989 12.020 12.004 11.990 11.977 11.965 11.954 11.945 11.937 11.931 11.926 11.922 11.919 11.299 10.611 9.968
7.273 7.611 7.914 8.181 8.414 8.612 8.775 8.903 8.996 9.055 9.137 9.223 9.314 9.409 9.508 9.612 9.719 9.831 9.948 10.068 10.193 10.322 10.327 10.319 10.306 10.286 10.261 10.229 10.192 10.149 10.099 10.044 9.983 9.916 9.506 9.051 8.591 8.126 7.657 7.183 6.705 6.222 5.734 5.242 4.745 4.244 4.663 5.330 5.978 6.608 7.219 7.812 8.386 8.942 9.479 9.998 10.498 10.980 11.076 11.065 11.055 11.047 11.040 11.034 11.030 11.027 11.026 11.025 11.026 11.029 10.621 10.090 9.603
7.416 7.630 7.809 7.954 8.063 8.138 8.177 8.182 8.152 8.087 8.158 8.260 8.366 8.476 8.591 8.709 8.832 8.960 9.091 9.227 9.367 9.511 9.521 9.493 9.459 9.418 9.372 9.320 9.262 9.198 9.127 9.052 8.970 8.882 8.509 8.038 7.562 7.081 6.596 6.157 5.768 5.394 5.035 4.692 4.364 4.051 4.386 4.988 5.571 6.136 6.683 7.211 7.720 8.211 8.684 9.138 9.573 9.990 10.131 10.125 10.121 10.117 10.115 10.114 10.115 10.117 10.120 10.125 10.131 10.138 9.902 9.527 9.196
7.596 7.687 7.743 7.765 7.751 7.702 7.619 7.500 7.347 7.159 7.177 7.294 7.415 7.540 7.670 7.804 7.942 8.084 8.231 8.382 8.537 8.696 8.723 8.674 8.619 8.558 8.491 8.418 8.339 8.254 8.163 8.067 7.985 7.911 7.625 7.214 6.817 6.436 6.070 5.719 5.384 5.063 4.758 4.468 4.193 3.933 4.127 4.664 5.183 5.683 6.165 6.628 7.073 7.499 7.907 8.297 8.667 9.020 9.187 9.186 9.186 9.187 9.190 9.195 9.200 9.207 9.215 9.225 9.236 9.248 9.142 8.923 8.748
7.815 7.783 7.716 7.614 7.477 7.305 7.099 6.857 6.581 6.270 6.192 6.324 6.460 6.601 6.746 6.895 7.048 7.206 7.368 7.534 7.704 7.879 7.933 7.863 7.787 7.711 7.636 7.561 7.486 7.412 7.337 7.263 7.190 7.116 6.906 6.548 6.205 5.877 5.565 5.267 4.985 4.717 4.465 4.229 4.007 3.800 3.887 4.360 4.814 5.249 5.666 6.065 6.445 6.807 7.150 7.475 7.781 8.069 8.243 8.246 8.251 8.258 8.266 8.275 8.285 8.297 8.310 8.324 8.340 8.357 8.340 8.278 8.259
8.073 7.917 7.727 7.502 7.242 6.947 6.618 6.253 5.854 5.420 5.204 5.351 5.503 5.659 5.819 5.983 6.151 6.327 6.523 6.709 6.887 7.057 7.133 7.058 6.983 6.909 6.835 6.761 6.687 6.614 6.540 6.467 6.395 6.322 6.173 5.868 5.578 5.304 5.044 4.800 4.571 4.357 4.158 3.974 3.806 3.653 3.666 4.074 4.463 4.834 5.186 5.520 5.836 6.133 6.412 6.672 6.914 7.137 7.298 7.307 7.317 7.328 7.341 7.355 7.370 7.387 7.405 7.424 7.445 7.467 7.498 7.591 7.729
8.368 8.090 7.776 7.428 7.046 6.628 6.176 5.688 5.166 4.609 4.236 4.461 4.678 4.886 5.086 5.277 5.459 5.633 5.798 5.954 6.102 6.242 6.329 6.255 6.181 6.108 6.035 5.962 5.889 5.816 5.744 5.672 5.600 5.529 5.425 5.173 4.937 4.715 4.509 4.318 4.142 3.982 3.836 3.706 3.590 3.490 3.463 3.806 4.131 4.438 4.725 4.995 5.246 5.479 5.693 5.889 6.066 6.225 6.354 6.368 6.383 6.399 6.416 6.435 6.455 6.477 6.500 6.524 6.549 6.576 6.615 6.864 7.157
8.701 8.300 7.864 7.348 6.792 6.247 5.714 5.191 4.680 4.180 3.762 3.958 4.144 4.322 4.492 4.652 4.805 4.948 5.083 5.210 5.327 5.437 5.526 5.453 5.380 5.308 5.235 5.163 5.092 5.020 4.949 4.878 4.807 4.737 4.662 4.464 4.281 4.113 3.960 3.822 3.699 3.592 3.499 3.422 3.360 3.313 3.281 3.558 3.818 4.060 4.283 4.488 4.675 4.843 4.993 5.124 5.237 5.332 5.408 5.428 5.448 5.469 5.492 5.515 5.540 5.567 5.595 5.701 5.873 6.056 6.249 6.659 7.077
8.326 7.776 7.237 6.709 6.193 5.687 5.193 4.709 4.237 3.776 3.327 3.464 3.620 3.768 3.908 4.038 4.160 4.274 4.379 4.475 4.563 4.642 4.712 4.651 4.580 4.508 4.437 4.366 4.295 4.225 4.155 4.085 4.015 3.945 3.876 3.740 3.610 3.496 3.396 3.311 3.242 3.187 3.148 3.124 3.114 3.120 3.141 3.328 3.524 3.701 3.860 4.001 4.123 4.227 4.312 4.379 4.428 4.458 4.470 4.489 4.587 4.724 4.871 5.028 5.196 5.374 5.561 5.759 5.968 6.186 6.414 6.771 7.151
7.558 7.047 6.548 6.059 5.582 5.115 4.660 4.216 3.784 3.362 2.951 2.980 3.107 3.224 3.333 3.434 3.526 3.609 3.684 3.751 3.808 3.857 3.898 3.851 3.780 3.710 3.640 3.570 3.500 3.430 3.361 3.292 3.224 3.155 3.087 3.002 2.926 2.864 2.817 2.786 2.769 2.768 2.781 2.810 2.854 2.913 2.987 3.116 3.248 3.361 3.456 3.532 3.590 3.675 3.764 3.850 3.934 4.015 4.094 4.224 4.386 4.559 4.742 4.935 5.138 5.351 5.575 5.808 6.052 6.306 6.570 6.893 7.235
6.779 6.307 5.847 5.398 4.959 4.532 4.117 3.712 3.318 2.936 2.565 2.506 2.603 2.690 2.769 2.840 2.902 2.955 3.000 3.036 3.064 3.083 3.093 3.051 2.982 2.912 2.843 2.774 2.705 2.637 2.569 2.501 2.433 2.366 2.298 2.250 2.226 2.218 2.224 2.245 2.282 2.334 2.400 2.482 2.579 2.691 2.823 2.934 3.029 3.122 3.213 3.301 3.386 3.469 3.549 3.626 3.701 3.773 3.843 3.978 4.176 4.384 4.603 4.831 5.070 5.319 5.578 5.847 6.126 6.416 6.716 7.025 7.329
5.988 5.556 5.135 4.725 4.326 3.938 3.562 3.196 2.842 2.499 2.167 2.042 2.109 2.166 2.215 2.256 2.288 2.311 2.326 2.332 2.330 2.319 2.299 2.253 2.184 2.116 2.047 1.979 1.912 1.844 1.777 1.710 1.643 1.577 1.511 1.483 1.513 1.557 1.630 1.787 1.936 2.079 2.215 2.343 2.465 2.581 2.689 2.785 2.872 2.956 3.037 3.116 3.192 3.266 3.337 3.405 3.471 3.534 3.595 3.722 3.956 4.200 4.454 4.718 4.992 5.277 5.571 5.876 6.191 6.516 6.851 7.167 7.434
5.187 4.794 4.412 4.041 3.682 3.333 2.996 2.669 2.354 2.050 1.757 1.588 1.625 1.652 1.671 1.682 1.684 1.677 1.662 1.638 1.606 1.565 1.515 1.455 1.387 1.320 1.253 1.186 1.119 1.053 0.986 0.959 1.022 1.089 1.158 1.257 1.410 1.556 1.696 1.828 1.953 2.072 2.184 2.288 2.386 2.477 2.561 2.640 2.717 2.792 2.864 2.934 3.001 3.066 3.128 3.187 3.244 3.298 3.349 3.457 3.727 4.006 4.296 4.595 4.905 5.225 5.555 5.896 6.246 6.606 6.977 7.320 7.548
4.375 4.021 3.678 3.347 3.026 2.717 2.418 2.131 1.855 1.590 1.336 1.144 1.150 1.148 1.137 1.118 1.090 1.053 1.008 0.954 0.892 0.821 0.741 0.658 0.646 0.698 0.753 0.812 0.874 0.938 1.006 1.078 1.152 1.230 1.310 1.402 1.531 1.653 1.768 1.876 1.978 2.072 2.160 2.240 2.314 2.381 2.441 2.497 2.565 2.631 2.694 2.755 2.813 2.869 2.921 2.972 3.019 3.064 3.107 3.183 3.488 3.803 4.128 4.463 4.808 5.164 5.529 5.905 6.291 6.687 7.093 7.482 7.672
3.552 3.237 2.933 2.641 2.359 2.089 1.830 1.582 1.345 1.119 0.904 0.710 0.686 0.654 0.613 0.563 0.505 0.499 0.524 0.547 0.568 0.587 0.605 0.623 0.683 0.746 0.813 0.882 0.955 1.031 1.110 1.193 1.278 1.367 1.459 1.554 1.659 1.757 1.848 1.932 2.009 2.079 2.142 2.199 2.249 2.291 2.327 2.357 2.416 2.473 2.527 2.579 2.628 2.674 2.718 2.759 2.798 2.834 2.867 2.899 3.239 3.590 3.950 4.321 4.702 5.093 5.494 5.905 6.326 6.758 7.199 7.651 7.806
2.717 2.442 2.177 1.924 1.682 1.450 1.230 1.021 0.823 0.637 0.527 0.431 0.447 0.474 0.500 0.523 0.545 0.566 0.584 0.601 0.617 0.630 0.642 0.652 0.717 0.791 0.869 0.950 1.034 1.121 1.211 1.304 1.401 1.501 1.604 1.710 1.793 1.867 1.934 1.994 2.047 2.093 2.132 2.165 2.190 2.209 2.221 2.226 2.270 2.317 2.363 2.405 2.445 2.483 2.517 2.549 2.579 2.606 2.630 2.652 2.981 3.367 3.763 4.169 4.585 5.012 5.448 5.895 6.352 6.818 7.295 7.782 7.950
1.872 1.636 1.410 1.329 1.245 1.157 1.066 0.971 0.873 0.771 0.665 0.556 0.545 0.566 0.586 0.604 0.620 0.634 0.647 0.658 0.667 0.675 0.680 0.685 0.747 0.833 0.921 1.013 1.108 1.207 1.308 1.413 1.520 1.631 1.745 1.862 1.935 1.984 2.027 2.063 2.092 2.114 2.129 2.137 2.139 2.134 2.121 2.102 2.126 2.165 2.201 2.234 2.265 2.294 2.319 2.343 2.363 2.381 2.396 2.409 2.713 3.135 3.566 4.008 4.459 4.921 5.393 5.843 6.234 6.612 6.975 7.324 7.410
1.829 1.743 1.653 1.560 1.463 1.363 1.259 1.151 1.040 0.925 0.807 0.685 0.645 0.661 0.674 0.686 0.696 0.704 0.711 0.716 0.719 0.721 0.721 0.719 0.774 0.871 0.971 1.074 1.180 1.289 1.402 1.517 1.636 1.758 1.883 2.012 2.083 2.108 2.127 2.139 2.144 2.142 2.133 2.117 2.095 2.065 2.029 1.986 1.985 2.015 2.042 2.067 2.088 2.108 2.124 2.139 2.150 2.159 2.165 2.169 2.438 2.879 3.306 3.719 4.118 4.503 4.874 5.231 5.573 5.901 6.216 6.516 6.643
2.101 2.002 1.900 1.794 1.685 1.572 1.455 1.335 1.211 1.084 0.953 0.818 0.747 0.756 0.764 0.770 0.774 0.776 0.777 0.776 0.773 0.769 0.763 0.755 0.798 0.906 1.016 1.131 1.248 1.368 1.492 1.619 1.749 1.882 2.018 2.157 2.238 2.239 2.234 2.221 2.202 2.176 2.144 2.104 2.057 2.004 1.944 1.876 1.847 1.868 1.886 1.901 1.914 1.935 1.957 1.975 1.989 1.998 2.002 2.002 2.184 2.576 2.954 3.318 3.668 4.004 4.325 4.633 4.926 5.205 5.470 5.721 5.870
2.377 2.266 2.151 2.032 1.910 1.784 1.655 1.522 1.386 1.245 1.102 0.954 0.851 0.854 0.855 0.855 0.853 0.850 0.845 0.838 0.829 0.819 0.807 0.793 0.818 0.937 1.059 1.184 1.312 1.444 1.579 1.716 1.857 2.002 2.149 2.299 2.399 2.377 2.347 2.311 2.268 2.218 2.161 2.097 2.027 1.949 1.879 1.810 1.771 1.800 1.825 1.845 1.861 1.872 1.879 1.881 1.879 1.872 1.860 1.844 1.943 2.287 2.616 2.931 3.231 3.518 3.791 4.049 4.293 4.523 4.740 4.941 5.091
2.657 2.533 2.405 2.274 2.139 2.001 1.859 1.713 1.564 1.411 1.255 1.095 0.956 0.953 0.949 0.942 0.935 0.925 0.914 0.901 0.886 0.870 0.852 0.832 0.835 0.965 1.098 1.234 1.374 1.516 1.662 1.811 1.963 2.118 2.277 2.438 2.568 2.521 2.468 2.412 2.353 2.292 2.227 2.159 2.088 2.015 1.938 1.858 1.793 1.806 1.815 1.820 1.819 1.815 1.805 1.792 1.773 1.750 1.723 1.691 1.717 2.011 2.291 2.557 2.809 3.046 3.270 3.479 3.675 3.856 4.023 4.176 4.307
2.945 2.803 2.663 2.519 2.372 2.221 2.066 1.908 1.746 1.580 1.411 1.239 1.063 1.054 1.043 1.031 1.018 1.002 0.985 0.966 0.945 0.923 0.899 0.874 0.848 0.989 1.133 1.281 1.431 1.585 1.742 1.902 2.062 2.227 2.395 2.567 2.738 2.678 2.614 2.548 2.479 2.407 2.331 2.253 2.171 2.087 1.999 1.909 1.819 1.816 1.810 1.798 1.782 1.762 1.736 1.707 1.673 1.634 1.591 1.543 1.505 1.750 1.981 2.198 2.400 2.589 2.764 2.924 3.070 3.202 3.321 3.425 3.517
3.302 3.078 2.925 2.768 2.608 2.444 2.277 2.106 1.931 1.753 1.572 1.387 1.198 1.156 1.140 1.122 1.102 1.081 1.058 1.033 1.006 0.978 0.948 0.917 0.883 1.005 1.156 1.311 1.470 1.632 1.799 1.969 2.143 2.321 2.503 2.688 2.878 2.838 2.764 2.687 2.607 2.525 2.439 2.349 2.257 2.162 2.064 1.963 1.859 1.831 1.808 1.781 1.749 1.713 1.672 1.626 1.576 1.522 1.463 1.399 1.331 1.503 1.685 1.852 2.006 2.146 2.271 2.383 2.480 2.563 2.632 2.687 2.729
3.674 3.356 3.190 3.021 2.848 2.671 2.492 2.308 2.121 1.930 1.736 1.538 1.337 1.261 1.238 1.214 1.189 1.189 1.232 1.248 1.235 1.196 1.128 1.033 0.911 0.987 1.152 1.320 1.492 1.668 1.848 2.032 2.219 2.411 2.606 2.805 3.008 3.002 2.917 2.830 2.739 2.645 2.549 2.449 2.346 2.241 2.132 2.020 1.905 1.851 1.812 1.769 1.721 1.669 1.612 1.551 1.485 1.414 1.339 1.260 1.176 1.269 1.402 1.521 1.626 1.716 1.793 1.855 1.904 1.938 1.959 1.965 1.957
4.062 3.637 3.459 3.277 3.091 2.902 2.710 2.514 2.314 2.111 2.001 1.964 1.876 1.861 1.918 1.947 1.949 1.923 1.869 1.788 1.679 1.542 1.378 1.187 0.968 0.965 1.143 1.325 1.511 1.700 1.893 2.091 2.292 2.496 2.705 2.918 3.134 3.168 3.073 2.975 2.873 2.769 2.662 2.552 2.438 2.322 2.202 2.080 1.955 1.874 1.820 1.761 1.697 1.629 1.557 1.479 1.398 1.312 1.221 1.126 1.026 1.050 1.134 1.203 1.259 1.301 1.329 1.342 1.342 1.327 1.299 1.256 1.200
4.467 3.922 3.731 3.775 3.919 4.011 4.052 4.040 3.977 3.862 3.695 3.476 3.206 3.010 2.970 2.902 2.807 2.684 2.534 2.356 2.151 1.918 1.657 1.369 1.053 0.939 1.131 1.326 1.525 1.728 1.935 2.145 2.360 2.578 2.800 3.026 3.256 3.337 3.231 3.122 3.011 2.896 2.778 2.657 2.533 2.406 2.276 2.143 2.007 1.903 1.832 1.757 1.678 1.594 1.506 1.413 1.315 1.213 1.107 0.996 0.880 0.844 0.879 0.900 0.907 0.900 0.879 0.843 0.830 0.872 0.915 0.960 1.006
6.896 6.715 6.781 6.795 6.757 6.667 6.525 6.332 6.087 5.791 5.442 5.042 4.590 4.187 4.050 3.886 3.694 3.475 3.228 2.953 2.651 2.322 1.965 1.580 1.168 0.909 1.114 1.323 1.536 1.752 1.972 2.196 2.424 2.656 2.891 3.130 3.374 3.509 3.393 3.273 3.151 3.025 2.897 2.765 2.631 2.493 2.353 2.209 2.062 1.935 1.849 1.759 1.663 1.564 1.459 1.351 1.237 1.120 0.997 0.870 0.739 0.670 0.706 0.743 0.782 0.823 0.865 0.909 0.955 1.002 1.051 1.101 1.154
10.290 10.151 10.035 9.867 9.647 9.376 9.052 8.678 8.251 7.773 7.243 6.662 6.028 5.391 5.158 4.897 4.609 4.293 3.950 3.579 3.180 2.755 2.301 1.820 1.312 0.876 1.094 1.316 1.542 1.772 2.005 2.243 2.484 2.729 2.978 3.231 3.487 3.684 3.557 3.427 3.294 3.158 3.019 2.877 2.731 2.583 2.432 2.278 2.121 1.973 1.871 1.764 1.653 1.538 1.462 1.405 1.330 1.239 1.131 1.006 0.865 0.753 0.795 0.838 0.883 0.929 0.977 1.027 1.078 1.131 1.185 1.241 1.299
13.643 13.615 13.341 12.991 12.590 12.137 11.633 11.076 10.468 9.809 9.098 8.335 7.521 6.654 6.294 5.937 5.552 5.140 4.700 4.233 3.738 3.216 2.666 2.089 1.484 0.852 1.069 1.305 1.544 1.787 2.034 2.285 2.540 2.798 3.061 3.327 3.597 3.862 3.724 3.584 3.440 3.293 3.144 2.991 2.835 2.676 2.515 2.413 2.351 2.304 2.271 2.222 2.156 2.073 1.974 1.857 1.725 1.575 1.409 1.226 1.026 0.835 0.882 0.931 0.981 1.033 1.087 1.142 1.199 1.257 1.317 1.379 1.443
