DATA/SHG/ECMWF/20170628/EN-6/20170702.en-6.asc
ncols        190
nrows        64
xllcorner    -5100000.000000000000
yllcorner    4130000.000000000000
cellsize     10000.000000000000
NODATA_value  -99999.000
[rows 0 to 32 of 64, columns 0 to 72 of 190]
6.866 7.446 8.018 8.584 9.143 9.695 10.240 10.779 11.310 11.426 11.423 11.434 11.459 11.498 11.551 11.619 11.700 11.795 11.905 11.932 11.929 11.934 11.943 11.951 11.959 11.965 11.971 11.976 11.980 11.984 11.986 11.988 11.989 11.905 11.782 11.676 11.589 11.521 11.470 11.438 11.424 11.428 11.451 11.492 11.551 11.567 11.536 11.508 11.485 11.466 11.451 11.440 11.433 11.430 11.430 11.435 11.444 11.313 11.003 10.679 10.341 9.990 9.626 9.248 8.856 8.451 8.032 7.600 7.154 6.914 7.028 7.148 7.273
6.870 7.426 7.974 8.516 9.051 9.579 10.100 10.614 11.122 11.340 11.387 11.448 11.450 11.450 11.449 11.447 11.445 11.441 11.437 11.432 11.426 11.427 11.433 11.439 11.443 11.447 11.450 11.453 11.454 11.455 11.455 11.454 11.452 11.417 11.358 11.317 11.295 11.290 11.304 11.336 11.387 11.455 11.542 11.648 11.771 11.847 11.830 11.817 11.808 11.802 11.801 11.804 11.811 11.821 11.836 11.855 11.877 11.783 11.425 11.053 10.668 10.269 9.857 9.432 8.992 8.540 8.073 7.593 7.100 6.753 6.886 7.025 7.169
6.882 7.413 7.938 8.455 8.955 9.402 9.848 10.293 10.736 10.976 10.975 10.974 10.972 10.969 10.965 10.961 10.955 10.949 10.942 10.934 10.925 10.921 10.925 10.928 10.930 10.931 10.931 10.931 10.930 10.928 10.925 10.922 10.917 10.912 10.917 10.940 10.982 11.042 11.120 11.217 11.331 11.464 11.615 11.785 11.972 12.123 12.120 12.121 12.125 12.134 12.147 12.163 12.184 12.209 12.237 12.270 12.306 12.265 11.860 11.440 11.008 10.561 10.102 9.628 9.141 8.641 8.127 7.600 7.000 6.479 6.567 6.655 6.743
6.659 7.108 7.555 8.000 8.444 8.887 9.328 9.767 10.206 10.507 10.504 10.500 10.495 10.489 10.483 10.475 10.467 10.458 10.448 10.438 10.426 10.417 10.418 10.418 10.418 10.416 10.414 10.411 10.407 10.402 10.397 10.391 10.384 10.388 10.457 10.545 10.651 10.775 10.918 11.079 11.258 11.455 11.670 11.903 12.155 12.395 12.405 12.420 12.439 12.461 12.488 12.518 12.553 12.591 12.634 12.680 12.730 12.761 12.307 11.840 11.349 10.727 10.109 9.496 8.888 8.285 7.687 7.093 6.505 5.921 5.998 6.086 6.175
6.172 6.615 7.057 7.498 7.936 8.374 8.810 9.244 9.677 10.040 10.034 10.027 10.020 10.011 10.002 9.992 9.981 9.969 9.956 9.943 9.929 9.915 9.913 9.911 9.907 9.903 9.898 9.892 9.886 9.879 9.870 9.862 9.852 9.846 9.980 10.132 10.302 10.491 10.697 10.922 11.165 11.426 11.706 12.004 12.319 12.653 12.687 12.715 12.748 12.784 12.825 12.869 12.917 12.928 12.812 12.705 12.605 12.513 11.940 11.325 10.714 10.109 9.508 8.912 8.321 7.735 7.154 6.578 6.006 5.440 5.430 5.519 5.607
5.686 6.125 6.562 6.997 7.431 7.863 8.294 8.724 9.151 9.575 9.566 9.556 9.546 9.535 9.522 9.510 9.496 9.481 9.466 9.450 9.433 9.415 9.410 9.404 9.398 9.391 9.384 9.375 9.366 9.356 9.346 9.334 9.322 9.309 9.484 9.701 9.935 10.188 10.458 10.747 11.055 11.380 11.723 12.085 12.465 12.863 12.888 12.744 12.608 12.481 12.361 12.249 12.145 12.050 11.962 11.882 11.811 11.747 11.267 10.669 10.075 9.487 8.903 8.325 7.751 7.182 6.618 6.058 5.504 4.955 4.864 4.952 5.040
5.203 5.637 6.068 6.499 6.928 7.355 7.781 8.205 8.628 9.049 9.100 9.087 9.074 9.060 9.045 9.029 9.013 8.995 8.977 8.958 8.938 8.918 8.908 8.900 8.891 8.881 8.871 8.860 8.848 8.836 8.822 8.808 8.793 8.777 8.971 9.251 9.550 9.866 10.201 10.498 10.747 10.986 11.214 11.431 11.637 11.832 11.804 11.689 11.582 11.482 11.391 11.307 11.232 11.165 11.105 11.054 11.010 10.975 10.590 10.009 9.433 8.861 8.295 7.733 7.177 6.625 6.078 5.535 4.998 4.466 4.297 4.386 4.474
4.722 5.151 5.577 6.003 6.426 6.849 7.269 7.689 8.107 8.523 8.635 8.619 8.603 8.586 8.569 8.550 8.531 8.511 8.490 8.468 8.445 8.422 8.407 8.397 8.385 8.373 8.360 8.346 8.332 8.317 8.301 8.284 8.259 8.224 8.374 8.640 8.895 9.139 9.373 9.595 9.806 10.007 10.197 10.375 10.543 10.700 10.715 10.628 10.548 10.477 10.414 10.359 10.312 10.273 10.242 10.218 10.203 10.196 9.910 9.346 8.787 8.232 7.683 7.138 6.599 6.064 5.534 5.008 4.488 3.973 3.732 3.820 3.909
4.244 4.667 5.089 5.509 5.928 6.345 6.761 7.175 7.587 7.999 8.171 8.153 8.134 8.115 8.094 8.073 8.051 8.028 8.004 7.980 7.954 7.928 7.908 7.895 7.881 7.886 7.882 7.870 7.849 7.818 7.779 7.730 7.672 7.605 7.674 7.902 8.119 8.325 8.520 8.704 8.878 9.040 9.192 9.332 9.462 9.581 9.619 9.560 9.509 9.466 9.431 9.404 9.385 9.374 9.371 9.376 9.389 9.410 9.226 8.679 8.137 7.600 7.067 6.540 6.017 5.499 4.986 4.478 3.975 3.476 3.168 3.256 3.344
3.767 4.186 4.602 5.017 5.431 5.843 6.254 6.663 7.071 7.477 7.709 7.689 7.667 7.645 7.621 7.597 7.572 7.549 7.545 7.547 7.556 7.571 7.584 7.576 7.559 7.533 7.498 7.454 7.400 7.338 7.266 7.185 7.096 6.997 6.987 7.176 7.355 7.523 7.680 7.826 7.961 8.086 8.199 8.302 8.393 8.474 8.516 8.486 8.463 8.448 8.442 8.443 8.452 8.469 8.495 8.528 8.569 8.618 8.539 8.009 7.484 6.964 6.448 5.937 5.432 4.931 4.435 3.944 3.457 2.976 2.604 2.692 2.781
3.293 3.706 4.118 4.528 4.937 5.344 5.749 6.153 6.556 6.957 7.247 7.221 7.201 7.188 7.181 7.180 7.186 7.198 7.217 7.242 7.273 7.311 7.337 7.297 7.248 7.190 7.123 7.047 6.962 6.867 6.764 6.651 6.529 6.398 6.311 6.463 6.603 6.733 6.852 6.960 7.058 7.144 7.219 7.284 7.337 7.380 7.407 7.405 7.410 7.424 7.445 7.475 7.512 7.558 7.611 7.673 7.742 7.819 7.848 7.335 6.827 6.324 5.825 5.331 4.843 4.359 3.880 3.405 2.936 2.472 2.041 2.130 2.218
2.821 3.229 3.636 4.073 4.522 4.950 5.357 5.741 6.104 6.446 6.733 6.729 6.732 6.741 6.757 6.779 6.807 6.842 6.883 6.930 6.984 7.044 7.101 7.029 6.948 6.858 6.759 6.651 6.533 6.407 6.272 6.127 5.973 5.810 5.648 5.761 5.864 5.956 6.037 6.107 6.166 6.214 6.252 6.278 6.294 6.298 6.292 6.318 6.352 6.393 6.443 6.501 6.566 6.640 6.721 6.811 6.908 7.014 7.127 6.658 6.166 5.680 5.198 4.722 4.250 3.783 3.321 2.912 2.546 2.186 1.831 1.974 2.165
2.790 3.228 3.645 4.040 4.414 4.766 5.096 5.405 5.692 5.958 6.203 6.232 6.257 6.288 6.326 6.371 6.421 6.479 6.542 6.612 6.688 6.770 6.859 6.770 6.657 6.536 6.405 6.264 6.115 5.957 5.789 5.613 5.427 5.233 5.029 5.072 5.137 5.190 5.233 5.265 5.287 5.297 5.296 5.285 5.262 5.229 5.185 5.224 5.286 5.356 5.434 5.520 5.613 5.715 5.825 5.942 6.068 6.201 6.343 5.976 5.559 5.172 4.790 4.415 4.045 3.682 3.324 2.973 2.628 2.288 1.955 2.044 2.250
3.008 3.371 3.711 4.031 4.329 4.605 4.860 5.093 5.304 5.495 5.663 5.728 5.775 5.829 5.890 5.957 6.030 6.109 6.195 6.287 6.386 6.490 6.602 6.522 6.377 6.223 6.060 5.888 5.707 5.517 5.318 5.109 4.892 4.665 4.430 4.395 4.422 4.437 4.442 4.436 4.419 4.392 4.353 4.304 4.244 4.172 4.090 4.124 4.214 4.312 4.418 4.532 4.654 4.873 5.107 5.340 5.571 5.800 6.027 5.840 5.468 5.101 4.741 4.386 4.038 3.695 3.359 3.028 2.704 2.385 2.073 2.109 2.331
3.250 3.536 3.801 4.045 4.267 4.468 4.647 4.804 4.940 5.055 5.148 5.218 5.288 5.364 5.447 5.536 5.632 5.734 5.842 5.956 6.077 6.204 6.338 6.283 6.106 5.921 5.726 5.522 5.309 5.087 4.856 4.616 4.366 4.108 3.841 3.730 3.718 3.696 3.663 3.619 3.565 3.499 3.423 3.335 3.237 3.128 3.143 3.288 3.526 3.763 3.999 4.232 4.464 4.694 4.922 5.149 5.374 5.597 5.818 5.722 5.371 5.025 4.685 4.352 4.024 3.703 3.387 3.077 2.774 2.476 2.184 2.169 2.407
3.514 3.725 3.915 4.083 4.229 4.354 4.457 4.539 4.600 4.639 4.656 4.701 4.794 4.893 4.998 5.110 5.228 5.352 5.482 5.619 5.762 5.912 6.068 6.054 5.846 5.628 5.402 5.166 4.921 4.667 4.404 4.132 3.851 3.561 3.262 3.077 3.028 2.967 2.910 2.926 2.941 2.957 2.973 2.989 3.005 3.020 3.036 3.147 3.379 3.610 3.840 4.067 4.293 4.517 4.739 4.960 5.178 5.395 5.611 5.599 5.268 4.943 4.624 4.312 4.005 3.704 3.410 3.121 2.838 2.561 2.291 2.225 2.479
3.802 3.938 4.051 4.144 4.215 4.264 4.292 4.298 4.283 4.247 4.189 4.179 4.294 4.415 4.543 4.677 4.817 4.964 5.117 5.276 5.441 5.613 5.792 5.836 5.595 5.346 5.087 4.820 4.543 4.257 3.963 3.680 3.439 3.189 2.932 2.756 2.772 2.788 2.803 2.819 2.835 2.851 2.866 2.882 2.898 2.914 2.929 3.007 3.234 3.459 3.682 3.904 4.124 4.341 4.558 4.772 4.985 5.196 5.405 5.469 5.160 4.856 4.558 4.266 3.980 3.700 3.427 3.159 2.897 2.641 2.391 2.277 2.546
4.113 4.173 4.211 4.228 4.224 4.197 4.150 4.081 3.991 3.879 3.745 3.651 3.788 3.932 4.082 4.238 4.401 4.569 4.745 4.926 5.114 5.308 5.509 5.627 5.386 5.172 4.950 4.721 4.483 4.237 3.984 3.722 3.453 3.175 2.890 2.650 2.666 2.681 2.697 2.713 2.729 2.744 2.760 2.776 2.791 2.807 2.823 2.870 3.091 3.310 3.527 3.742 3.956 4.168 4.378 4.587 4.794 4.999 5.202 5.335 5.046 4.763 4.486 4.215 3.950 3.691 3.438 3.191 2.950 2.715 2.486 2.324 2.610
4.448 4.432 4.395 4.336 4.256 4.155 4.032 3.887 3.721 3.534 3.326 3.116 3.276 3.442 3.614 3.793 3.978 4.225 4.505 4.784 5.061 5.337 5.612 5.866 5.632 5.390 5.141 4.883 4.617 4.343 4.062 3.772 3.475 3.169 2.856 2.544 2.560 2.575 2.591 2.607 2.622 2.638 2.654 2.669 2.685 2.701 2.716 2.735 2.949 3.162 3.373 3.583 3.791 3.997 4.201 4.403 4.604 4.803 5.000 5.195 4.926 4.664 4.408 4.158 3.914 3.676 3.444 3.217 2.997 2.783 2.575 2.372 2.668
4.805 4.714 4.601 4.467 4.312 4.135 3.937 3.717 3.476 3.214 3.008 2.823 3.060 3.341 3.621 3.901 4.179 4.455 4.731 5.005 5.279 5.551 5.822 6.092 5.887 5.617 5.339 5.053 4.759 4.458 4.148 3.831 3.505 3.172 2.830 2.481 2.454 2.469 2.485 2.501 2.516 2.532 2.548 2.563 2.579 2.594 2.610 2.625 2.810 3.017 3.222 3.425 3.627 3.827 4.025 4.222 4.416 4.609 4.801 4.990 4.801 4.560 4.325 4.096 3.872 3.655 3.444 3.238 3.039 2.845 2.658 2.476 2.723
5.186 5.019 4.831 4.627 4.426 4.230 4.038 3.850 3.667 3.488 3.313 3.143 3.311 3.588 3.864 4.139 4.413 4.686 4.958 5.228 5.498 5.766 6.033 6.299 6.149 5.851 5.545 5.232 4.910 4.580 4.243 3.897 3.544 3.182 2.813 2.436 2.348 2.364 2.379 2.395 2.411 2.426 2.442 2.457 2.473 2.488 2.504 2.519 2.672 2.873 3.072 3.270 3.465 3.659 3.851 4.042 4.231 4.418 4.603 4.786 4.671 4.451 4.236 4.028 3.825 3.629 3.438 3.255 3.086 2.933 2.795 2.672 2.864
5.403 5.205 5.011 4.821 4.635 4.454 4.277 4.105 3.937 3.773 3.613 3.458 3.562 3.836 4.108 4.379 4.649 4.918 5.185 5.452 5.717 5.981 6.244 6.506 6.419 6.094 5.760 5.418 5.068 4.711 4.345 3.972 3.590 3.201 2.804 2.399 2.242 2.258 2.274 2.289 2.305 2.320 2.336 2.351 2.367 2.382 2.398 2.413 2.536 2.731 2.924 3.116 3.305 3.493 3.680 3.864 4.047 4.228 4.407 4.585 4.521 4.299 4.093 3.902 3.726 3.565 3.419 3.288 3.172 3.071 2.985 2.914 3.045
5.547 5.364 5.185 5.010 4.840 4.674 4.512 4.355 4.201 4.053 3.908 3.768 3.815 4.084 4.352 4.619 4.885 5.150 5.414 5.676 5.938 6.198 6.457 6.715 6.698 6.344 5.982 5.613 5.235 4.850 4.456 4.055 3.646 3.228 2.803 2.370 2.137 2.153 2.168 2.184 2.199 2.215 2.230 2.246 2.261 2.277 2.292 2.307 2.402 2.591 2.778 2.964 3.148 3.325 3.493 3.651 3.800 3.940 4.071 4.192 4.172 4.004 3.850 3.711 3.588 3.479 3.385 3.307 3.243 3.195 3.161 3.143 3.238
5.686 5.518 5.354 5.194 5.039 4.888 4.742 4.599 4.461 4.327 4.198 4.073 4.068 4.333 4.598 4.861 5.123 5.383 5.643 5.902 6.159 6.415 6.670 6.924 6.985 6.603 6.213 5.816 5.410 4.997 4.575 4.146 3.709 3.264 2.811 2.350 2.032 2.047 2.063 2.078 2.094 2.109 2.125 2.140 2.156 2.171 2.197 2.226 2.304 2.485 2.657 2.820 2.974 3.119 3.254 3.381 3.498 3.606 3.705 3.795 3.810 3.694 3.593 3.506 3.435 3.379 3.337 3.311 3.300 3.304 3.323 3.356 3.443
5.820 5.667 5.518 5.374 5.234 5.098 4.966 4.839 4.716 4.597 4.483 4.373 4.322 4.584 4.844 5.103 5.361 5.618 5.873 6.128 6.381 6.633 6.884 7.134 7.279 6.870 6.452 6.026 5.593 5.152 4.703 4.245 3.780 3.307 2.826 2.337 1.927 1.942 1.958 1.991 2.025 2.057 2.088 2.117 2.145 2.172 2.197 2.220 2.265 2.415 2.555 2.686 2.808 2.921 3.025 3.119 3.205 3.281 3.349 3.407 3.434 3.370 3.321 3.287 3.268 3.264 3.275 3.301 3.342 3.399 3.470 3.556 3.660
5.950 5.812 5.678 5.548 5.423 5.302 5.186 5.074 4.966 4.862 4.763 4.668 4.577 4.834 5.091 5.346 5.600 5.852 6.104 6.355 6.604 6.852 7.099 7.345 7.582 7.144 6.699 6.245 5.784 5.315 4.838 4.353 3.861 3.371 2.885 2.401 1.933 1.966 1.998 2.028 2.057 2.084 2.110 2.134 2.157 2.178 2.197 2.216 2.236 2.354 2.462 2.562 2.652 2.733 2.805 2.868 2.921 2.966 3.002 3.028 3.044 3.032 3.035 3.054 3.087 3.136 3.199 3.277 3.371 3.479 3.602 3.741 3.889
6.100 5.951 5.832 5.718 5.608 5.502 5.400 5.303 5.210 5.122 5.038 4.958 4.882 5.086 5.338 5.590 5.839 6.088 6.336 6.582 6.828 7.072 7.315 7.557 7.791 7.383 6.883 6.387 5.893 5.402 4.914 4.429 3.947 3.468 2.991 2.518 2.047 2.015 2.042 2.067 2.090 2.112 2.133 2.152 2.169 2.185 2.200 2.213 2.224 2.302 2.379 2.446 2.505 2.554 2.594 2.625 2.647 2.660 2.664 2.658 2.644 2.680 2.736 2.806 2.892 2.993 3.108 3.239 3.384 3.545 3.720 3.911 4.116
6.278 6.085 5.982 5.882 5.787 5.697 5.610 5.528 5.450 5.377 5.307 5.243 5.182 5.339 5.587 5.834 6.080 6.359 6.685 6.968 7.208 7.405 7.559 7.670 7.738 7.396 6.907 6.420 5.936 5.455 4.977 4.502 4.030 3.561 3.094 2.631 2.170 2.066 2.087 2.107 2.125 2.142 2.157 2.171 2.183 2.194 2.204 2.211 2.218 2.259 2.304 2.340 2.367 2.384 2.393 2.392 2.382 2.363 2.335 2.298 2.252 2.314 2.422 2.545 2.683 2.836 3.003 3.186 3.384 3.597 3.824 4.067 4.324
6.485 6.215 6.127 6.042 5.962 5.886 5.815 5.748 5.685 5.627 5.644 5.780 5.964 6.271 6.618 6.922 7.184 7.402 7.577 7.710 7.800 7.847 7.851 7.812 7.730 7.407 6.927 6.451 5.977 5.506 5.038 4.573 4.110 3.651 3.194 2.741 2.290 2.118 2.134 2.148 2.162 2.173 2.183 2.192 2.199 2.205 2.209 2.211 2.213 2.225 2.239 2.243 2.238 2.223 2.200 2.168 2.126 2.076 2.016 1.948 1.870 1.934 2.094 2.269 2.459 2.664 2.884 3.119 3.369 3.634 3.914 4.208 4.518
6.720 6.340 6.266 6.195 6.162 6.177 6.240 6.352 6.512 6.720 6.976 7.280 7.633 7.959 8.156 8.310 8.421 8.489 8.514 8.497 8.437 8.334 8.188 7.999 7.768 7.415 6.945 6.478 6.014 5.553 5.095 4.640 4.188 3.738 3.292 2.848 2.407 2.171 2.182 2.191 2.199 2.206 2.211 2.214 2.216 2.217 2.216 2.213 2.209 2.201 2.182 2.155 2.118 2.072 2.017 1.953 1.880 1.798 1.707 1.606 1.497 1.540 1.752 1.979 2.222 2.479 2.751 3.038 3.371 3.725 4.034 4.299 4.519
6.638 6.164 6.204 6.291 6.427 6.611 6.843 7.124 7.452 7.829 8.254 8.727 9.248 9.690 9.737 9.741 9.702 9.620 9.496 9.328 9.118 8.865 8.570 8.231 7.850 7.420 6.960 6.503 6.049 5.598 5.150 4.705 4.262 3.822 3.386 2.952 2.521 2.226 2.232 2.236 2.239 2.240 2.240 2.238 2.235 2.230 2.224 2.216 2.207 2.185 2.135 2.076 2.007 1.930 1.843 1.747 1.643 1.529 1.406 1.274 1.133 1.273 1.785 2.252 2.674 3.052 3.385 3.673 3.916 4.114 4.268 4.377 4.441
6.375 5.870 6.078 6.335 6.639 6.992 7.393 7.842 8.339 8.884 9.478 10.119 10.809 11.465 11.362 11.216 11.027 10.795 10.521 10.204 9.844 9.441 8.996 8.508 7.977 7.422 6.972 6.525 6.081 5.640 5.201 4.766 4.333 3.904 3.477 3.053 2.632 2.282 2.283 2.282 2.279 2.275 2.270 2.263 2.255 2.245 2.233 2.221 2.206 2.179 2.097 2.006 1.906 1.797 1.762 1.814 1.905 2.034 2.201 2.406 2.649 2.951 3.307 3.618 3.884 4.106 4.283 4.415 4.503 4.546 4.544 4.497 4.405
6.095 5.599 5.901 6.326 6.799 7.320 7.889 8.507 9.172 9.886 10.648 11.458 12.316 13.222 13.030 12.735 12.396 12.015 11.591 11.124 10.614 10.062 9.467 8.829 8.149 7.426 6.981 6.544 6.110 5.678 5.250 4.825 4.402 3.982 3.565 3.151 2.740 2.340 2.335 2.329 2.322 2.312 2.302 2.290 2.276 2.261 2.245 2.255 2.258 2.237 2.231 2.264 2.335 2.444 2.591 2.776 2.999 3.261 3.561 3.899 4.275 4.670 4.870 5.025 5.136 5.202 5.223 5.200 5.132 5.019 4.861 4.659 4.412
