DATA/SHG/ECMWF/20170628/EN-6/20170705.en-6.asc
ncols        190
nrows        64
xllcorner    -5100000.000000000000
yllcorner    4130000.000000000000
cellsize     10000.000000000000
NODATA_value  -99999.000
[rows 0 to 31 of 64, columns 72 to 143 of 190]
12.423 12.253 12.067 11.866 11.649 11.417 11.169 10.905 10.626 10.286 9.714 9.098 8.504 7.934 7.387 6.864 6.363 5.886 5.432 5.001 4.593 4.290 4.257 4.214 4.164 4.105 4.039 3.965 3.883 3.794 3.696 3.591 3.478 3.432 3.628 3.823 4.018 4.213 4.408 4.602 4.795 4.989 5.182 5.375 5.567 5.644 5.366 5.088 4.812 4.537 4.263 3.990 3.718 3.447 3.177 2.909 2.641 2.410 2.288 2.168 2.051 1.936 1.825 1.716 1.610 1.507 1.406 1.309 1.214 1.124 1.040 0.959
13.518 13.293 13.053 12.644 12.176 11.692 11.191 10.674 10.140 9.587 9.028 8.493 7.981 7.492 7.026 6.583 6.164 5.768 5.395 5.045 4.718 4.439 4.372 4.294 4.208 4.115 4.014 3.905 3.788 3.664 3.531 3.391 3.243 3.128 3.322 3.516 3.710 3.903 4.096 4.289 4.482 4.674 4.865 5.057 5.248 5.380 5.107 4.834 4.563 4.292 4.023 3.755 3.487 3.221 2.956 2.692 2.429 2.188 2.078 1.971 1.866 1.764 1.665 1.569 1.475 1.384 1.296 1.211 1.129 1.049 0.975 0.902
13.673 13.196 12.704 12.194 11.669 11.127 10.568 9.993 9.401 8.799 8.322 7.868 7.437 7.029 6.644 6.283 5.944 5.629 5.337 5.068 4.822 4.600 4.495 4.382 4.262 4.134 3.998 3.854 3.702 3.543 3.375 3.200 3.018 2.827 3.017 3.210 3.402 3.594 3.786 3.977 4.169 4.359 4.550 4.740 4.930 5.116 4.847 4.579 4.312 4.047 3.782 3.518 3.256 2.995 2.734 2.475 2.217 1.964 1.866 1.771 1.679 1.589 1.503 1.419 1.338 1.259 1.184 1.111 1.041 0.994 0.969 0.944
13.412 12.878 12.328 11.761 11.177 10.578 9.961 9.329 8.680 8.014 7.596 7.223 6.873 6.546 6.242 5.961 5.704 5.470 5.259 5.071 4.906 4.764 4.627 4.480 4.324 4.161 3.990 3.811 3.625 3.430 3.228 3.018 2.801 2.575 2.713 2.904 3.095 3.286 3.476 3.666 3.856 4.046 4.235 4.424 4.612 4.801 4.586 4.323 4.061 3.800 3.540 3.282 3.024 2.767 2.512 2.257 2.004 1.752 1.651 1.569 1.551 1.582 1.599 1.600 1.588 1.560 1.519 1.462 1.392 1.306 1.278 1.254
13.168 12.576 11.968 11.343 10.702 10.045 9.371 8.681 7.974 7.251 6.849 6.557 6.288 6.042 5.819 5.620 5.443 5.290 5.159 5.052 4.968 4.907 4.768 4.585 4.395 4.197 3.991 3.778 3.556 3.327 3.090 2.845 2.593 2.333 2.409 2.599 2.789 2.978 3.167 3.356 3.545 3.733 3.921 4.108 4.296 4.483 4.325 4.066 3.809 3.553 3.298 3.089 2.933 2.799 2.688 2.599 2.531 2.486 2.486 2.481 2.461 2.427 2.379 2.316 2.238 2.146 2.040 1.918 1.783 1.633 1.586 1.564
12.939 12.290 11.624 10.942 10.243 9.528 8.797 8.049 7.285 6.504 6.083 5.872 5.683 5.518 5.376 5.258 5.162 5.089 5.040 5.013 5.010 5.029 4.917 4.700 4.475 4.242 4.001 3.753 3.497 3.233 2.961 2.681 2.394 2.099 2.106 2.295 2.483 2.671 2.859 3.047 3.234 3.421 3.627 3.840 4.045 4.243 4.187 4.020 3.874 3.751 3.649 3.570 3.513 3.477 3.464 3.473 3.504 3.557 3.540 3.470 3.385 3.286 3.173 3.045 2.903 2.746 2.574 2.388 2.188 1.973 1.893 1.872
12.726 12.019 11.296 10.556 9.800 9.028 8.239 7.434 6.612 5.774 5.296 5.166 5.058 4.974 4.913 4.875 4.860 4.868 4.899 4.953 5.031 5.131 5.075 4.823 4.563 4.295 4.020 3.737 3.446 3.147 2.840 2.526 2.204 1.913 1.907 2.147 2.379 2.604 2.821 3.030 3.232 3.426 3.613 3.792 3.963 4.126 4.153 4.084 4.036 4.011 4.008 4.027 4.068 4.131 4.217 4.324 4.453 4.604 4.607 4.472 4.323 4.159 3.981 3.788 3.581 3.359 3.123 2.872 2.607 2.327 2.199 2.180
12.530 11.765 10.984 10.187 9.374 8.544 7.697 6.835 5.956 5.060 4.489 4.440 4.413 4.410 4.429 4.472 4.537 4.626 4.738 4.873 5.031 5.212 5.242 4.955 4.637 4.319 4.013 3.720 3.439 3.171 2.915 2.671 2.440 2.221 2.174 2.380 2.579 2.769 2.952 3.127 3.295 3.455 3.607 3.752 3.888 4.018 4.095 4.124 4.175 4.248 4.344 4.461 4.600 4.761 4.945 5.150 5.378 5.627 5.687 5.488 5.274 5.045 4.802 4.545 4.273 3.987 3.686 3.370 3.040 2.696 2.505 2.487
12.349 11.527 10.689 9.834 8.963 8.076 7.172 6.252 5.316 4.363 3.663 3.694 3.748 3.825 3.925 4.048 4.199 4.372 4.535 4.688 4.831 4.963 4.995 4.708 4.433 4.170 3.920 3.682 3.457 3.244 3.043 2.855 2.679 2.516 2.450 2.622 2.786 2.942 3.091 3.232 3.366 3.491 3.609 3.720 3.823 3.918 4.014 4.141 4.290 4.462 4.655 4.871 5.108 5.367 5.649 5.952 6.278 6.625 6.781 6.517 6.238 5.945 5.638 5.315 4.979 4.628 4.262 3.882 3.488 3.079 2.810 2.793
12.184 11.305 10.409 9.497 8.569 7.624 6.663 5.686 4.692 3.718 2.981 3.180 3.368 3.546 3.714 3.872 4.020 4.158 4.285 4.403 4.510 4.608 4.667 4.435 4.215 4.008 3.813 3.631 3.461 3.303 3.158 3.025 2.905 2.796 2.734 2.871 3.001 3.124 3.238 3.345 3.444 3.536 3.620 3.696 3.765 3.826 3.909 4.135 4.382 4.652 4.943 5.257 5.592 5.950 6.329 6.731 7.154 7.600 7.889 7.560 7.217 6.859 6.487 6.100 5.699 5.283 4.853 4.408 3.949 3.475 3.114 3.099
12.035 11.098 10.147 9.204 8.276 7.362 6.462 5.578 4.707 3.851 3.023 3.186 3.339 3.482 3.615 3.737 3.850 3.953 4.045 4.127 4.199 4.261 4.319 4.148 3.984 3.832 3.693 3.566 3.451 3.348 3.258 3.181 3.116 3.063 3.026 3.129 3.225 3.313 3.393 3.466 3.531 3.589 3.639 3.681 3.716 3.743 3.781 4.105 4.450 4.818 5.207 5.619 6.052 6.508 6.985 7.485 8.006 8.550 9.010 8.616 8.208 7.786 7.349 6.898 6.432 5.952 5.457 4.948 4.424 3.886 3.417 3.403
11.742 10.820 9.913 9.021 8.143 7.280 6.431 5.596 4.777 3.971 3.180 3.201 3.319 3.427 3.525 3.612 3.689 3.757 3.814 3.861 3.898 3.925 3.947 3.848 3.739 3.643 3.558 3.487 3.427 3.380 3.345 3.323 3.313 3.315 3.330 3.394 3.456 3.510 3.557 3.595 3.626 3.650 3.666 3.674 3.675 3.667 3.653 4.052 4.495 4.961 5.448 5.958 6.489 7.042 7.618 8.215 8.834 9.476 10.139 9.686 9.214 8.727 8.225 7.709 7.179 6.634 6.075 5.501 4.913 4.295 3.694 3.705
11.394 10.523 9.666 8.825 7.997 7.184 6.386 5.602 4.833 4.078 3.337 3.226 3.309 3.381 3.444 3.496 3.538 3.570 3.592 3.604 3.606 3.598 3.585 3.535 3.481 3.440 3.411 3.394 3.390 3.398 3.418 3.451 3.496 3.554 3.624 3.668 3.696 3.716 3.728 3.733 3.730 3.719 3.701 3.675 3.642 3.601 3.552 3.975 4.517 5.080 5.665 6.273 6.902 7.553 8.226 8.921 9.638 10.377 11.138 10.770 10.144 9.429 8.733 8.057 7.400 6.763 6.145 5.546 4.966 4.406 3.865 3.978
11.033 10.213 9.407 8.615 7.838 7.076 6.328 5.594 4.875 4.171 3.481 3.260 3.307 3.345 3.372 3.389 3.396 3.393 3.380 3.357 3.324 3.280 3.232 3.208 3.209 3.223 3.249 3.288 3.339 3.402 3.477 3.565 3.666 3.779 3.904 3.949 3.943 3.929 3.907 3.878 3.841 3.796 3.744 3.684 3.617 3.542 3.459 3.875 4.514 5.176 5.859 6.521 7.132 7.729 8.312 8.881 9.435 9.975 10.501 10.112 9.464 8.835 8.226 7.635 7.064 6.512 5.980 5.467 4.973 4.498 4.043 4.217
10.659 9.889 9.134 8.393 7.666 6.954 6.257 5.573 4.905 4.251 3.611 3.303 3.315 3.318 3.310 3.292 3.264 3.225 3.177 3.119 3.051 2.972 2.889 2.867 2.924 2.993 3.074 3.168 3.274 3.392 3.523 3.666 3.821 3.989 4.169 4.239 4.198 4.150 4.095 4.031 3.960 3.882 3.788 3.683 3.576 3.466 3.354 3.673 4.278 4.869 5.446 6.009 6.557 7.091 7.611 8.116 8.608 9.085 9.548 9.329 8.766 8.223 7.699 7.194 6.709 6.243 5.796 5.368 4.960 4.571 4.201 4.423
10.273 9.553 8.848 8.157 7.481 6.819 6.172 5.539 4.921 4.317 3.728 3.355 3.332 3.300 3.257 3.203 3.140 3.067 2.984 2.891 2.787 2.674 2.555 2.513 2.625 2.749 2.885 3.034 3.195 3.369 3.554 3.753 3.963 4.178 4.380 4.453 4.354 4.253 4.150 4.044 3.935 3.824 3.711 3.595 3.476 3.356 3.232 3.429 3.971 4.499 5.013 5.512 5.997 6.468 6.925 7.368 7.796 8.210 8.610 8.526 8.049 7.592 7.153 6.734 6.334 5.954 5.593 5.251 4.928 4.624 4.340 4.596
9.873 9.204 8.549 7.909 7.283 6.672 6.075 5.492 4.924 4.370 3.831 3.417 3.359 3.291 3.213 3.125 3.026 2.918 2.800 2.671 2.533 2.385 2.231 2.145 2.366 2.622 2.867 3.099 3.319 3.527 3.724 3.908 4.081 4.241 4.389 4.456 4.346 4.234 4.120 4.003 3.883 3.761 3.636 3.509 3.380 3.248 3.113 3.200 3.679 4.144 4.594 5.031 5.453 5.861 6.255 6.635 7.000 7.351 7.688 7.705 7.314 6.942 6.589 6.256 5.941 5.646 5.370 5.114 4.877 4.659 4.460 4.735
9.461 8.842 8.237 7.647 7.072 6.511 5.964 5.432 4.914 4.410 3.921 3.487 3.394 3.291 3.178 3.055 2.927 2.870 2.822 2.782 2.751 2.729 2.707 2.707 2.921 3.124 3.315 3.494 3.661 3.816 3.959 4.091 4.210 4.317 4.412 4.462 4.341 4.218 4.092 3.964 3.833 3.700 3.564 3.426 3.286 3.142 2.997 2.986 3.402 3.804 4.192 4.565 4.925 5.270 5.601 5.917 6.220 6.508 6.783 6.866 6.560 6.273 6.006 5.758 5.529 5.319 5.129 4.958 4.806 4.674 4.560 4.841
9.036 8.467 7.913 7.373 6.847 6.337 5.840 5.358 4.890 4.440 4.026 3.633 3.555 3.493 3.440 3.396 3.361 3.334 3.316 3.308 3.308 3.317 3.325 3.331 3.489 3.639 3.777 3.902 4.016 4.118 4.208 4.286 4.352 4.406 4.448 4.471 4.339 4.205 4.068 3.928 3.787 3.642 3.495 3.346 3.194 3.040 2.883 2.787 3.141 3.480 3.804 4.115 4.411 4.694 4.962 5.216 5.455 5.681 5.892 6.007 5.787 5.586 5.404 5.241 5.098 4.974 4.869 4.783 4.717 4.669 4.641 4.914
8.597 8.079 7.573 7.079 6.608 6.160 5.733 5.329 4.948 4.588 4.251 3.936 3.857 3.826 3.804 3.790 3.785 3.790 3.803 3.825 3.856 3.895 3.935 3.972 4.070 4.166 4.251 4.323 4.384 4.433 4.469 4.494 4.507 4.508 4.497 4.474 4.339 4.194 4.046 3.896 3.743 3.587 3.429 3.269 3.106 2.941 2.773 2.604 2.894 3.170 3.432 3.680 3.914 4.133 4.339 4.530 4.707 4.869 5.018 5.131 4.996 4.880 4.783 4.706 4.648 4.609 4.589 4.589 4.608 4.646 4.703 4.953
8.054 7.594 7.156 6.741 6.347 5.976 5.628 5.301 4.997 4.715 4.456 4.219 4.150 4.150 4.158 4.175 4.202 4.237 4.280 4.333 4.395 4.465 4.535 4.604 4.663 4.706 4.737 4.757 4.764 4.760 4.744 4.715 4.675 4.623 4.559 4.483 4.343 4.186 4.027 3.866 3.701 3.535 3.366 3.194 3.020 2.844 2.665 2.484 2.663 2.877 3.076 3.261 3.432 3.588 3.731 3.859 3.973 4.073 4.159 4.231 4.186 4.155 4.144 4.152 4.179 4.225 4.291 4.376 4.480 4.603 4.782 5.077
7.462 7.080 6.720 6.382 6.066 5.773 5.502 5.253 5.026 4.822 4.640 4.480 4.435 4.465 4.504 4.552 4.609 4.675 4.749 4.833 4.925 5.026 5.127 5.227 5.268 5.259 5.237 5.203 5.158 5.100 5.031 4.950 4.856 4.751 4.634 4.505 4.349 4.181 4.011 3.838 3.663 3.485 3.305 3.123 2.938 2.750 2.560 2.368 2.448 2.598 2.735 2.857 2.965 3.059 3.139 3.204 3.256 3.293 3.316 3.325 3.357 3.469 3.677 3.892 4.114 4.343 4.579 4.822 5.072 5.330 5.594 5.866
6.851 6.546 6.263 6.003 5.765 5.549 5.355 5.184 5.035 4.908 4.803 4.721 4.711 4.772 4.842 4.921 5.008 5.105 5.210 5.324 5.447 5.579 5.711 5.841 5.887 5.824 5.749 5.662 5.564 5.453 5.331 5.197 5.050 4.892 4.722 4.540 4.357 4.179 3.997 3.814 3.627 3.439 3.248 3.054 2.858 2.659 2.458 2.254 2.247 2.335 2.409 2.468 2.552 2.691 2.832 2.974 3.117 3.261 3.406 3.552 3.757 3.989 4.228 4.474 4.728 4.988 5.256 5.531 5.813 6.102 6.398 6.701
6.219 5.991 5.786 5.603 5.443 5.304 5.188 5.094 5.023 4.973 4.946 4.941 4.979 5.070 5.171 5.280 5.399 5.526 5.662 5.806 5.960 6.122 6.285 6.447 6.518 6.402 6.274 6.134 5.983 5.819 5.644 5.456 5.257 5.046 4.823 4.588 4.369 4.179 3.987 3.792 3.595 3.395 3.193 3.048 2.967 2.842 2.673 2.460 2.418 2.558 2.700 2.842 2.985 3.129 3.275 3.422 3.569 3.718 3.868 4.019 4.237 4.500 4.771 5.049 5.334 5.626 5.925 6.232 6.545 6.866 7.193 7.528
5.567 5.417 5.289 5.184 5.101 5.040 5.001 4.984 4.990 5.018 5.068 5.140 5.238 5.360 5.491 5.632 5.780 5.938 6.105 6.280 6.464 6.657 6.851 7.044 7.161 6.992 6.811 6.619 6.414 6.198 5.969 5.729 5.477 5.213 5.044 5.060 5.106 5.137 5.125 5.069 4.969 4.824 4.635 4.403 4.126 3.805 3.440 3.031 2.830 2.975 3.121 3.268 3.416 3.566 3.716 3.868 4.020 4.174 4.329 4.485 4.709 5.004 5.306 5.616 5.932 6.256 6.586 6.924 7.269 7.621 7.980 8.347
4.895 4.822 4.772 4.744 4.738 4.755 4.793 4.854 4.937 5.042 5.169 5.319 5.488 5.642 5.803 5.974 6.154 6.342 6.539 6.745 6.960 7.184 7.408 7.632 7.817 7.637 7.538 7.464 7.416 7.393 7.395 7.422 7.474 7.552 7.655 7.784 7.878 7.714 7.505 7.253 6.957 6.616 6.232 5.803 5.331 4.814 4.254 3.649 3.241 3.390 3.541 3.693 3.846 4.000 4.156 4.312 4.469 4.628 4.787 4.948 5.173 5.499 5.833 6.174 6.522 6.877 7.239 7.609 7.985 8.369 8.759 9.157
4.265 4.208 4.235 4.284 4.355 4.449 4.565 4.703 4.863 5.046 5.250 5.477 5.726 5.914 6.107 6.308 6.519 6.762 7.164 7.553 7.931 8.297 8.628 8.927 9.216 9.211 9.223 9.262 9.325 9.414 9.527 9.667 9.831 10.021 10.236 10.476 10.694 10.334 9.930 9.482 8.990 8.454 7.874 7.250 6.582 5.869 5.113 4.313 3.649 3.804 3.959 4.116 4.274 4.433 4.593 4.754 4.917 5.080 5.244 5.410 5.629 5.987 6.352 6.725 7.104 7.491 7.884 8.285 8.693 9.108 9.530 9.959
3.680 3.573 3.677 3.804 3.953 4.123 4.317 4.532 4.769 5.029 5.358 5.894 6.462 6.912 7.320 7.716 8.100 8.471 8.831 9.179 9.515 9.839 10.128 10.384 10.631 10.753 10.878 11.028 11.203 11.404 11.630 11.880 12.157 12.458 12.785 13.137 13.514 13.000 12.400 11.756 11.069 10.337 9.561 8.741 7.878 6.970 6.018 5.023 4.056 4.215 4.376 4.538 4.700 4.864 5.029 5.195 5.362 5.530 5.700 5.870 6.077 6.466 6.863 7.267 7.678 8.096 8.521 8.953 9.393 9.839 10.293 10.753
3.091 2.918 3.100 3.360 3.784 4.239 4.726 5.245 5.796 6.379 6.994 7.641 8.319 8.797 9.163 9.517 9.859 10.189 10.507 10.813 11.107 11.389 11.636 11.851 12.055 12.266 12.502 12.764 13.051 13.363 13.701 14.064 14.451 14.865 15.303 15.767 16.256 15.710 14.914 14.075 13.192 12.265 11.294 10.279 9.220 8.117 6.970 5.779 4.544 4.625 4.791 4.957 5.125 5.293 5.463 5.634 5.806 5.979 6.153 6.329 6.517 6.938 7.366 7.801 8.244 8.693 9.150 9.614 10.084 10.562 11.047 11.539
3.256 3.216 3.687 4.189 4.723 5.290 5.887 6.517 7.179 7.872 8.598 9.355 10.144 10.691 11.015 11.327 11.627 11.915 12.192 12.456 12.708 12.949 13.154 13.326 13.488 13.748 14.096 14.470 14.868 15.292 15.741 16.216 16.715 17.240 17.790 18.365 18.966 18.464 17.473 16.439 15.360 14.238 13.072 11.861 10.607 9.309 7.967 6.581 5.151 5.033 5.204 5.375 5.547 5.721 5.896 6.071 6.248 6.426 6.605 6.785 6.966 7.402 7.861 8.328 8.802 9.283 9.771 10.266 10.768 11.277 11.794 12.317
3.863 3.793 4.374 4.987 5.632 6.309 7.017 7.758 8.530 9.334 10.170 11.038 11.938 12.593 12.875 13.146 13.404 13.650 13.885 14.107 14.318 14.516 14.680 14.810 14.930 15.199 15.659 16.145 16.655 17.191 17.751 18.337 18.948 19.585 20.246 20.933 21.645 21.263 20.077 18.847 17.574 16.256 14.895 13.489 12.040 10.547 9.009 7.428 5.803 5.440 5.615 5.791 5.968 6.147 6.326 6.507 6.688 6.871 7.055 7.240 7.426 7.857 8.348 8.982 9.834 10.611 11.315 11.943 12.498 12.978 13.384 13.715
4.443 4.338 5.030 5.754 6.510 7.297 8.116 8.967 9.850 10.765 11.711 12.689 13.699 14.504 14.744 14.973 15.189 15.394 15.587 15.767 15.936 16.093 16.214 16.302 16.381 16.621 17.193 17.789 18.411 19.058 19.731 20.428 21.151 21.898 22.671 23.470 24.293 24.107 22.726 21.301 19.832 18.319 16.763 15.162 13.518 11.830 10.098 8.322 6.502 5.845 6.025 6.206 6.388 6.571 6.889 7.540 8.211 8.904 9.619 10.354 11.111 11.857 12.529 13.126 13.649 14.097 14.472 14.772 14.998 15.149 15.226 15.229
