DATA/SHG/ECMWF/20170628/EN-6/20170708.en-6.asc
ncols        190
nrows        64
xllcorner    -5100000.000000000000
yllcorner    4130000.000000000000
cellsize     10000.000000000000
NODATA_value  -99999.000
[rows 32 to 63 of 64, columns 73 to 145 of 190]
1.821 1.802 1.782 1.764 1.746 1.729 1.712 1.696 1.680 1.666 1.651 1.638 1.684 2.036 2.395 2.763 3.140 3.524 3.917 4.318 4.727 5.139 5.553 5.973 6.497 7.373 8.273 9.197 10.144 11.116 12.112 13.132 14.175 15.243 16.335 17.451 18.048 17.622 17.171 16.697 16.199 15.677 15.131 14.562 14.044 13.651 13.133 12.489 12.173 12.299 12.379 12.413 12.400 12.342 12.236 12.085 11.887 11.643 11.353 11.016 10.560 10.051 9.551 9.058 8.574 8.098 7.630 7.170 6.719 6.276 5.840 5.413 5.663
1.978 1.958 1.941 1.924 1.908 1.893 1.878 1.864 1.851 1.838 1.826 1.814 1.817 2.198 2.586 2.983 3.388 3.801 4.222 4.652 5.089 5.530 5.973 6.422 6.929 7.911 8.918 9.948 11.002 12.080 13.183 14.309 15.459 16.633 17.831 19.225 20.758 20.810 20.738 20.541 20.219 19.772 19.201 18.504 17.682 16.736 15.664 14.468 13.609 13.531 13.406 13.235 13.018 12.754 12.444 12.088 11.685 11.237 10.742 10.201 9.671 9.198 8.734 8.277 7.829 7.389 6.958 6.534 6.119 5.711 5.312 4.921 5.035
2.253 2.113 2.098 2.083 2.070 2.057 2.044 2.032 2.021 2.010 2.000 1.990 1.981 2.352 2.769 3.194 3.627 4.069 4.519 4.977 5.444 5.913 6.385 6.863 7.347 8.422 9.764 11.951 14.084 16.161 18.184 20.153 22.066 23.925 25.729 27.478 28.951 28.451 27.825 27.074 26.199 25.199 24.074 22.824 21.449 19.950 18.326 16.577 15.093 14.810 14.480 14.104 13.682 13.214 12.700 12.139 11.532 10.879 10.180 9.434 8.774 8.338 7.909 7.489 7.077 6.673 6.278 5.890 5.511 5.140 4.777 4.422 4.425
2.546 2.267 2.254 2.242 2.230 2.219 2.209 2.199 2.190 2.181 2.173 2.165 2.158 2.498 2.943 3.397 3.859 4.330 5.342 7.201 9.120 10.943 12.660 14.425 16.236 18.254 20.253 22.197 24.087 25.921 27.701 29.427 31.097 32.713 34.273 35.780 37.231 36.217 35.038 33.734 32.306 30.753 29.075 27.273 25.345 23.293 21.117 18.815 16.623 16.135 15.601 15.021 14.395 13.722 13.003 12.238 11.427 10.569 9.666 8.716 7.871 7.470 7.078 6.694 6.318 5.950 5.591 5.239 4.896 4.561 4.234 3.915 3.832
2.859 2.421 2.410 2.400 2.390 2.381 2.373 2.365 2.358 2.351 2.345 2.838 4.028 5.595 7.362 9.188 11.074 13.020 15.025 17.090 19.216 21.245 23.171 25.144 27.164 29.035 30.791 32.492 34.138 35.730 37.267 38.749 40.176 41.549 42.867 44.131 45.339 44.109 42.377 40.521 38.540 36.435 34.204 31.850 29.370 26.766 24.037 21.183 18.205 17.508 16.770 15.985 15.154 14.278 13.354 12.385 11.370 10.308 9.200 8.046 6.960 6.596 6.239 5.891 5.551 5.220 4.896 4.581 4.273 3.974 3.683 3.401 3.257
3.190 2.574 2.565 2.557 2.836 3.489 4.294 5.250 6.358 7.617 9.028 10.590 12.304 14.183 16.155 18.187 20.279 22.431 24.642 26.913 29.244 31.481 33.615 35.796 38.025 39.863 41.375 42.834 44.237 45.586 46.880 48.119 49.304 50.434 51.510 52.531 53.497 52.127 49.843 47.435 44.901 42.244 39.461 36.555 33.523 30.367 27.086 23.681 20.151 18.928 17.986 16.997 15.962 14.881 13.753 12.580 11.360 10.095 8.783 7.425 6.042 5.714 5.394 5.082 4.778 4.482 4.194 3.915 3.644 3.381 3.126 2.879 2.700
4.499 4.143 4.867 5.742 6.768 7.946 9.275 10.756 12.388 14.172 16.107 18.193 20.431 22.704 24.883 27.121 29.418 31.776 34.193 36.670 39.206 41.650 43.992 46.382 48.818 50.738 52.008 53.223 54.384 55.490 56.542 57.539 58.481 59.368 60.201 60.980 61.703 60.271 57.435 54.475 51.390 48.180 44.846 41.388 37.805 34.097 30.265 26.309 22.228 20.395 19.248 18.056 16.817 15.531 14.200 12.823 11.399 9.930 8.414 6.852 5.244 4.825 4.541 4.265 3.997 3.737 3.485 3.242 3.007 2.780 2.561 2.350 2.160
6.716 6.355 7.603 9.003 10.554 12.256 14.110 16.115 18.271 20.579 23.038 25.648 28.410 31.161 33.545 35.989 38.492 41.055 43.677 46.360 49.102 51.752 54.303 56.900 59.545 61.660 62.688 63.661 64.579 65.443 66.252 67.006 67.706 68.351 68.942 69.478 69.959 68.541 65.154 61.641 58.005 54.244 50.359 46.349 42.215 37.956 33.573 29.065 24.433 21.909 20.558 19.162 17.719 16.230 14.694 13.113 11.486 9.812 8.093 6.327 4.516 3.929 3.680 3.440 3.208 3.040 2.996 2.934 2.854 2.757 2.643 2.510 2.360
8.903 8.422 10.195 12.119 14.194 16.420 18.798 21.327 24.007 26.838 29.821 32.954 36.239 39.552 42.142 44.791 47.500 50.268 53.096 55.984 58.931 61.789 64.547 67.353 70.205 72.631 73.416 74.146 74.822 75.443 76.010 76.522 76.980 77.383 77.731 78.025 78.264 76.937 72.998 68.935 64.747 60.435 55.998 51.438 46.753 41.943 37.010 31.951 26.769 23.470 21.916 20.315 18.668 16.975 15.236 13.451 11.659 9.974 8.280 6.577 4.865 4.283 4.232 4.162 4.076 3.971 3.849 3.710 3.553 3.378 3.185 2.976 2.748
11.060 10.528 12.641 15.089 17.688 20.438 23.339 26.392 29.595 32.950 36.455 40.112 43.920 47.878 50.673 53.528 56.442 59.416 62.449 65.542 68.694 71.758 74.725 77.738 80.799 83.648 84.191 84.679 85.113 85.492 85.817 86.087 86.302 86.463 86.570 86.622 86.619 85.458 80.968 76.354 71.616 66.753 61.766 56.654 51.419 46.059 40.575 34.931 29.163 25.162 23.501 21.830 20.150 18.461 16.763 15.055 13.338 11.612 9.877 8.132 6.378 5.542 5.412 5.266 5.101 4.919 4.720 4.502 4.268 4.015 3.745 3.458 3.153
13.186 12.756 14.942 17.914 21.036 24.310 27.734 31.310 35.036 38.914 42.942 47.122 51.453 55.934 59.139 62.199 65.318 68.497 71.736 75.034 78.392 81.662 84.836 88.057 91.326 94.641 95.014 95.260 95.452 95.589 95.671 95.700 95.673 95.592 95.457 95.267 95.023 94.105 88.894 82.253 75.801 69.540 63.468 57.586 51.893 46.390 41.077 35.954 31.020 27.141 25.438 23.726 22.004 20.274 18.534 16.785 15.026 13.258 11.482 9.695 7.900 6.817 6.610 6.385 6.143 5.884 5.606 5.312 4.999 4.669 4.322 3.957 3.574
15.283 14.953 17.099 20.593 24.239 28.036 31.983 36.081 40.330 44.731 49.282 53.984 58.837 63.841 67.540 70.805 74.130 77.514 80.957 84.460 88.023 91.500 94.882 98.310 101.786 105.309 105.884 105.889 105.838 105.621 103.295 101.013 98.775 96.580 94.430 92.323 90.261 88.194 82.199 76.394 70.778 65.352 60.115 55.068 50.210 45.542 41.064 36.775 32.676 29.127 27.382 25.629 23.866 22.094 20.312 18.522 16.722 14.913 13.094 11.267 9.430 8.108 7.824 7.522 7.202 6.865 6.510 6.138 5.748 5.341 4.916 4.473 4.013
17.349 17.121 19.110 23.128 27.296 31.616 36.086 40.706 45.478 50.400 55.474 60.698 66.073 71.599 75.876 79.346 82.876 86.465 90.113 93.821 97.589 99.081 100.382 101.627 102.814 103.945 102.575 100.311 98.092 95.916 93.784 91.696 89.652 87.652 85.696 83.783 81.915 80.090 75.309 70.338 65.557 60.966 56.564 52.351 48.328 44.495 40.851 37.396 34.131 31.120 29.335 27.539 25.735 23.922 22.099 20.267 18.425 16.575 14.715 12.846 10.968 9.416 9.054 8.675 8.277 7.863 7.430 6.981 6.513 6.028 5.526 5.006 4.468
19.385 19.259 20.977 25.518 30.208 35.050 40.042 45.185 50.479 55.923 61.519 67.264 73.161 79.208 81.985 83.223 84.391 85.487 86.511 87.464 88.345 89.307 90.360 91.356 92.295 93.178 92.250 90.181 88.156 86.174 84.237 82.343 80.493 78.687 76.925 75.206 73.532 71.901 68.222 64.087 60.140 56.383 52.815 49.437 46.247 43.248 40.437 37.816 35.385 33.142 31.295 29.458 27.612 25.757 23.893 22.019 20.137 18.245 16.343 14.433 12.513 10.740 10.301 9.844 9.369 8.877 8.367 7.840 7.295 6.733 6.153 5.556 4.941
21.391 21.366 22.700 27.762 32.975 38.339 43.853 48.771 53.374 57.672 61.664 65.351 68.733 71.809 74.003 74.997 75.919 76.770 77.549 78.257 78.893 79.608 80.413 81.161 81.852 82.487 81.890 80.015 78.183 76.396 74.652 72.953 71.297 69.685 68.116 66.592 65.111 63.674 60.940 57.638 54.526 51.602 48.868 46.323 43.968 41.801 39.824 38.036 36.438 35.028 33.262 31.384 29.497 27.601 25.695 23.780 21.856 19.923 17.980 16.028 14.067 12.097 11.564 11.030 10.478 9.908 9.321 8.716 8.094 7.455 6.797 6.123 5.430
23.679 24.207 25.519 30.593 35.363 39.828 43.987 47.841 51.390 54.634 57.573 60.207 62.536 64.560 66.097 66.845 67.522 68.127 68.662 69.124 69.516 69.985 70.541 71.042 71.485 71.872 71.493 69.812 68.175 66.581 65.031 63.526 62.064 60.645 59.271 57.940 56.653 55.410 53.463 50.994 48.715 46.625 44.724 43.012 41.489 40.156 39.011 38.056 37.290 36.713 35.238 33.319 31.390 29.452 27.505 25.549 23.583 21.608 19.624 17.631 15.629 13.617 12.844 12.232 11.603 10.956 10.291 9.609 8.910 8.193 7.458 6.706 5.937
27.673 28.814 30.140 34.160 37.876 41.287 44.393 47.194 49.690 51.881 53.767 55.348 56.625 57.596 58.264 58.767 59.199 59.560 59.849 60.067 60.214 60.436 60.745 60.998 61.194 61.333 61.060 59.573 58.129 56.730 55.374 54.062 52.793 51.569 50.388 49.251 48.158 47.109 45.790 44.154 42.708 41.450 40.382 39.503 38.812 38.311 37.999 37.876 37.942 38.197 37.221 35.261 33.291 31.311 29.323 27.325 25.318 23.302 21.277 19.242 17.199 15.146 14.140 13.451 12.744 12.020 11.278 10.519 9.742 9.002 8.309 7.502 6.582
31.496 33.249 35.179 38.007 40.670 43.027 45.080 46.829 48.272 49.411 50.245 50.774 50.999 50.919 50.534 50.764 50.951 51.067 51.111 51.085 50.987 50.963 51.024 51.029 50.977 50.869 50.591 49.297 48.048 46.842 45.680 44.561 43.486 42.455 41.468 40.525 39.625 38.769 37.921 37.118 36.504 36.079 35.843 35.796 35.937 36.268 36.787 37.496 38.393 39.479 39.213 37.210 35.199 33.178 31.149 29.110 27.061 25.004 22.937 20.861 18.879 17.332 16.604 16.206 15.694 15.069 14.331 13.479 12.513 11.434 10.241 8.935 7.515
35.147 37.512 40.054 42.134 43.743 45.049 46.049 46.745 47.137 47.224 47.007 46.485 45.658 44.527 43.092 42.834 42.777 42.648 42.448 42.177 41.834 41.565 41.378 41.136 40.837 40.481 40.069 38.986 37.929 36.917 35.948 35.024 34.142 33.305 32.511 31.761 31.055 30.392 29.857 29.886 30.104 30.511 31.107 31.891 32.864 34.026 35.377 36.916 38.645 40.562 41.211 39.184 37.320 35.525 33.799 32.141 30.551 29.030 27.578 26.195 24.880 23.633 22.642 21.745 20.733 19.609 18.371 17.020 15.555 13.976 12.284 10.479 8.560
38.626 41.603 44.757 46.539 47.097 47.350 47.299 46.944 46.285 45.321 44.052 42.480 40.603 38.422 35.936 34.979 34.677 34.304 33.859 33.344 32.757 32.241 31.808 31.318 30.771 30.168 29.509 28.637 27.775 26.956 26.181 25.449 24.761 24.117 23.517 22.960 22.447 21.978 21.599 22.459 23.509 24.747 26.190 28.429 30.699 33.000 35.334 37.699 40.095 42.524 44.037 42.405 40.842 39.347 37.921 36.563 35.274 34.054 32.902 31.819 30.804 29.858 28.789 27.392 25.882 24.258 22.521 20.670 18.706 16.629 14.438 12.134 9.717
41.935 45.523 49.287 51.223 50.730 49.932 48.830 47.424 45.714 43.700 41.381 38.759 35.832 32.601 29.066 27.197 26.651 26.034 25.345 24.585 23.754 22.992 22.312 21.574 20.781 19.931 19.024 18.253 17.584 16.958 16.376 15.838 15.343 14.893 15.604 16.349 17.054 17.721 18.349 20.467 22.750 25.065 27.411 29.789 32.199 34.640 37.113 39.618 42.154 44.722 46.882 45.550 44.288 43.093 41.967 40.910 39.921 39.001 38.149 37.366 36.652 36.006 35.044 33.148 31.139 29.016 26.780 24.431 21.968 19.392 16.703 13.901 10.985
45.072 49.271 53.646 56.187 54.642 52.794 50.642 48.186 45.426 42.362 38.994 35.322 31.346 27.066 22.482 19.490 18.699 17.837 16.904 15.900 14.825 13.818 12.890 11.906 10.865 11.034 11.400 12.073 12.919 13.725 14.493 15.222 15.912 16.563 17.176 17.749 18.284 18.780 19.237 21.233 23.655 26.110 28.596 31.113 33.663 36.244 38.856 41.500 44.176 46.884 49.623 48.621 47.658 46.764 45.938 45.181 44.493 43.872 43.321 42.837 42.423 42.077 41.408 39.013 36.505 33.884 31.149 28.302 25.341 22.266 19.079 15.778 12.364
48.038 52.848 57.834 61.428 58.834 55.936 52.734 49.228 45.419 41.306 36.889 32.168 27.143 21.815 16.183 11.856 10.821 10.748 11.194 11.643 12.093 12.502 12.868 13.236 13.606 13.977 14.350 14.881 15.556 16.191 16.788 17.346 17.866 18.346 18.788 19.191 19.555 19.880 20.166 21.963 24.525 27.119 29.745 32.402 35.091 37.811 40.563 43.347 46.162 49.009 51.888 51.616 50.954 50.360 49.834 49.377 48.988 48.667 48.416 48.232 48.117 48.071 47.880 44.987 41.980 38.861 35.628 32.282 28.823 25.250 21.565 17.766 13.854
50.834 56.254 61.850 66.948 63.305 59.357 55.106 50.552 45.694 40.532 35.188 30.051 25.151 20.487 16.060 12.727 13.177 13.628 14.081 14.537 14.994 15.410 15.784 16.159 16.536 16.914 17.295 17.729 18.232 18.697 19.123 19.511 19.859 20.169 20.440 20.672 20.866 21.020 21.136 22.657 25.359 28.093 30.858 33.655 36.483 39.343 42.234 45.157 48.112 51.099 54.117 54.537 54.174 53.880 53.654 53.496 53.407 53.387 53.435 53.551 53.735 53.988 54.310 51.069 47.565 43.947 40.216 36.372 32.415 28.345 24.162 19.865 15.455
53.459 59.489 65.694 70.846 65.519 59.778 54.273 49.005 43.973 39.177 34.618 30.295 26.208 22.358 18.744 15.588 16.044 16.502 16.963 17.425 17.890 18.313 18.694 19.076 19.461 19.847 20.234 20.616 20.949 21.243 21.499 21.716 21.894 22.033 22.133 22.195 22.217 22.201 22.147 23.316 26.158 29.031 31.935 34.871 37.839 40.838 43.869 46.932 50.026 53.152 56.309 57.382 57.319 57.325 57.398 57.541 57.751 58.030 58.377 58.793 59.277 59.830 60.450 57.260 53.258 49.142 44.914 40.572 36.117 31.550 26.869 22.075 17.168
50.338 54.803 59.096 63.217 59.851 54.924 50.233 45.778 41.560 37.578 33.832 30.322 27.049 24.011 21.210 18.645 18.906 19.371 19.839 20.309 20.781 21.211 21.599 21.989 22.380 22.773 23.168 23.543 23.706 23.829 23.914 23.961 23.968 23.937 23.866 23.758 23.610 23.424 23.198 23.940 26.921 29.933 32.977 36.052 39.160 42.298 45.468 48.670 51.904 55.168 58.465 60.153 60.390 60.695 61.068 61.509 62.019 62.598 63.244 63.959 64.743 65.594 66.514 63.559 59.059 54.446 49.720 44.881 39.929 34.864 29.686 24.395 18.991
44.646 48.521 52.224 55.756 53.970 49.857 45.979 42.338 38.933 35.764 32.831 30.134 27.673 25.448 23.460 21.707 21.762 22.235 22.710 23.187 23.666 24.103 24.498 24.895 25.294 25.695 26.097 26.501 26.502 26.455 26.370 26.246 26.083 25.881 25.640 25.361 25.043 24.686 24.291 24.528 27.648 30.800 33.983 37.198 40.444 43.722 47.031 50.372 53.745 57.149 60.585 62.849 63.385 63.989 64.662 65.403 66.212 67.090 68.035 69.050 70.132 71.283 72.502 69.967 64.970 59.599 53.527 47.584 41.770 36.085 30.529 25.102 19.805
39.121 42.406 45.521 48.463 47.877 44.577 41.512 38.684 36.092 33.735 31.615 29.730 28.081 26.669 25.492 24.551 24.614 25.093 25.575 26.059 26.545 26.990 27.393 27.797 28.203 28.611 29.020 29.431 29.339 29.121 28.866 28.571 28.238 27.865 27.455 27.005 26.517 25.990 25.424 25.081 28.340 31.631 34.954 38.308 41.693 45.110 48.559 52.039 55.550 59.094 62.668 65.471 66.306 67.209 68.181 69.221 70.170 70.163 70.175 70.205 70.254 70.321 70.406 67.516 61.750 56.113 50.604 45.225 39.975 34.853 29.861 24.998 20.263
33.762 36.459 38.984 41.338 41.572 39.084 36.832 34.816 33.036 31.492 30.183 29.111 28.274 27.672 27.307 27.178 27.460 27.947 28.435 28.927 29.420 29.872 30.282 30.693 31.107 31.522 31.938 32.357 32.215 31.827 31.401 30.936 30.433 29.890 29.309 28.690 28.031 27.334 26.598 25.824 28.997 32.427 35.888 39.382 42.906 46.462 50.050 53.653 56.485 59.204 61.810 63.892 63.875 63.876 63.896 63.934 63.990 64.065 64.158 64.269 64.399 64.547 64.713 62.777 57.574 52.501 47.556 42.740 38.053 33.495 29.066 24.766 20.595
28.571 30.679 32.616 34.381 35.054 33.379 31.939 30.735 29.767 29.034 28.537 28.276 28.250 28.460 28.906 29.587 30.301 30.794 31.290 31.789 32.289 32.748 33.165 33.584 34.005 34.427 34.851 35.277 35.131 34.573 33.977 33.342 32.668 31.956 31.204 30.415 29.586 28.719 27.813 26.713 29.176 32.304 35.319 38.222 41.012 43.689 46.254 48.706 51.045 53.272 55.386 57.295 57.360 57.442 57.543 57.662 57.799 57.955 58.129 58.321 58.532 58.761 59.008 57.913 53.274 48.764 44.382 40.130 36.006 32.011 28.145 24.408 20.799
23.545 25.065 26.414 27.591 28.325 27.461 26.833 26.441 26.284 26.362 26.676 27.226 28.011 29.032 30.288 31.780 33.136 33.637 34.140 34.646 35.153 35.619 36.044 36.470 36.898 37.327 37.759 38.192 38.087 37.359 36.513 35.595 34.622 33.595 32.514 31.378 30.188 28.944 27.645 26.292 27.800 30.435 32.958 35.368 37.666 39.851 41.923 43.883 45.730 47.465 49.087 50.596 50.832 50.996 51.177 51.377 51.596 51.832 52.087 52.360 52.652 52.962 53.290 52.925 48.849 44.902 41.083 37.394 33.833 30.401 27.097 23.923 20.877
18.686 19.618 20.379 20.969 21.383 21.331 21.514 21.933 22.587 23.476 24.601 25.961 27.557 29.388 31.454 33.756 35.966 36.475 36.985 37.497 38.012 38.296 38.505 38.774 39.102 39.489 39.936 40.442 40.448 39.400 38.297 37.140 35.929 34.664 33.344 31.970 30.541 29.058 27.521 25.930 26.546 28.689 30.720 32.638 34.443 36.136 37.716 39.184 40.539 41.782 42.912 43.930 44.293 44.537 44.800 45.081 45.380 45.698 46.034 46.388 46.760 47.151 47.560 47.812 44.299 40.915 37.659 34.532 31.534 28.664 25.923 23.311 20.827
