DATA/SHG/ECMWF/20170628/EN-6/20170701.en-6.asc
ncols        190
nrows        64
xllcorner    -5100000.000000000000
yllcorner    4130000.000000000000
cellsize     10000.000000000000
NODATA_value  -99999.000
[rows 32 to 63 of 64, columns 72 to 143 of 190]
6.408 6.918 6.834 6.716 6.562 6.374 6.152 5.894 5.602 5.276 4.914 4.518 4.088 3.741 3.976 4.212 4.447 4.683 4.919 5.154 5.390 5.626 5.860 6.093 6.325 6.530 6.641 6.753 6.865 6.977 7.088 7.200 7.312 7.423 7.535 7.646 7.758 7.681 7.248 6.811 6.369 5.924 5.473 5.019 4.560 4.168 3.964 3.742 3.503 3.944 5.146 6.317 7.457 8.567 9.645 10.693 11.709 12.695 13.650 14.574 15.467 15.508 14.983 14.466 13.957 13.456 12.962 12.477 11.999 11.529 11.067 10.613
7.898 8.609 8.407 8.168 7.894 7.585 7.242 6.864 6.451 6.004 5.523 5.006 4.455 3.900 4.136 4.371 4.607 4.843 5.079 5.316 5.552 5.789 6.023 6.256 6.488 6.709 6.820 6.932 7.043 7.155 7.267 7.378 7.489 7.601 7.712 7.823 8.011 8.321 8.180 8.021 7.845 7.651 7.439 7.209 6.962 6.697 6.414 6.113 5.795 5.961 7.027 8.062 9.065 10.038 10.980 11.891 12.771 13.621 14.439 15.227 15.983 16.130 15.639 15.157 14.682 14.215 13.756 13.305 12.862 12.426 11.999 11.579
9.355 10.179 10.010 9.650 9.256 8.827 8.363 7.865 7.332 6.764 6.162 5.525 4.854 4.148 4.294 4.531 4.767 5.003 5.240 5.477 5.714 5.950 6.185 6.418 6.651 6.885 6.999 7.180 7.623 8.066 8.507 8.947 9.386 9.824 10.261 10.696 11.131 11.497 11.277 11.040 10.784 10.511 10.220 9.912 9.586 9.242 8.880 8.500 8.103 8.009 8.938 9.836 10.703 11.540 12.345 13.120 13.864 14.577 15.259 15.910 16.531 16.743 16.287 15.839 15.399 14.966 14.542 14.125 13.716 13.315 12.922 12.537
10.780 11.716 11.644 11.164 10.649 10.099 9.515 8.896 8.243 7.555 6.832 6.075 5.284 4.457 4.453 4.689 4.926 5.163 5.400 5.778 6.383 7.012 7.621 8.207 8.812 9.436 9.905 10.344 10.782 11.220 11.656 12.091 12.524 12.957 13.389 13.819 14.249 14.677 14.390 14.074 13.739 13.387 13.018 12.630 12.225 11.802 11.362 10.903 10.427 10.086 10.878 11.640 12.371 13.071 13.741 14.379 14.987 15.564 16.110 16.625 17.109 17.347 16.926 16.512 16.106 15.708 15.318 14.936 14.561 14.195 13.836 13.485
12.172 13.220 13.309 12.708 12.072 11.402 10.698 9.959 9.185 8.377 7.534 6.657 5.972 5.291 5.324 5.892 6.484 7.100 7.740 8.403 9.091 9.802 10.494 11.164 11.852 12.559 13.072 13.506 13.939 14.371 14.802 15.231 15.660 16.088 16.514 16.939 17.364 17.787 17.518 17.123 16.710 16.279 15.831 15.364 14.880 14.379 13.859 13.322 12.768 12.195 12.849 13.475 14.069 14.633 15.167 15.669 16.140 16.581 16.991 17.370 17.718 17.943 17.556 17.176 16.805 16.442 16.086 15.738 15.398 15.066 14.742 14.425
13.531 14.692 15.003 14.282 13.527 13.581 14.124 14.321 14.171 13.674 12.830 11.639 10.101 8.216 7.514 8.164 8.839 9.537 10.259 11.005 11.774 12.568 13.343 14.095 14.867 15.657 16.236 16.665 17.093 17.519 17.945 18.370 18.793 19.215 19.637 20.057 20.476 20.894 20.662 20.188 19.696 19.186 18.659 18.114 17.551 16.971 16.373 15.757 15.124 14.473 14.849 15.339 15.798 16.225 16.623 16.989 17.324 17.629 17.903 18.146 18.358 18.530 18.177 17.832 17.495 17.166 16.845 16.531 16.226 15.928 15.638 15.356
19.807 23.504 26.355 26.734 26.766 26.452 25.791 24.783 23.429 21.728 19.680 17.285 14.544 11.456 9.679 10.411 11.168 11.948 12.753 13.581 14.433 15.308 16.166 17.002 17.856 18.730 19.397 19.821 20.244 20.665 21.086 21.505 21.923 22.340 22.756 23.171 23.585 23.998 23.821 23.268 22.698 22.109 21.503 20.880 20.238 19.579 18.902 18.208 17.496 16.766 16.880 17.233 17.556 17.848 18.109 18.339 18.539 18.707 18.845 18.953 19.029 19.075 18.790 18.479 18.177 17.882 17.595 17.316 17.045 16.781 16.526 16.278
34.385 39.190 43.147 42.321 41.149 39.631 37.766 35.554 32.996 30.092 26.841 23.243 19.299 15.009 11.819 12.634 13.473 14.335 15.222 16.132 17.066 18.024 18.964 19.883 20.821 21.778 22.556 22.974 23.392 23.808 24.223 24.638 25.051 25.463 25.873 26.283 26.692 27.099 26.996 26.364 25.715 25.048 24.363 23.661 22.941 22.203 21.448 20.675 19.884 19.076 18.940 19.157 19.344 19.500 19.625 19.720 19.783 19.816 19.818 19.790 19.731 19.640 19.394 19.118 18.850 18.589 18.259 17.753 17.257 16.773 16.300 15.838
48.641 54.555 60.244 58.214 55.839 53.117 50.048 46.634 42.873 38.766 34.313 29.513 24.368 18.876 13.935 14.832 15.753 16.698 17.666 18.659 19.675 20.715 21.738 22.740 23.761 24.800 25.712 26.125 26.537 26.948 27.359 27.768 28.175 28.582 28.988 29.392 29.796 30.198 30.186 29.476 28.748 28.002 27.239 26.458 25.659 24.843 24.009 23.157 22.288 21.401 21.030 21.111 21.162 21.182 21.172 21.130 21.058 20.902 20.521 20.094 19.621 19.102 18.579 18.077 17.586 17.107 16.638 16.180 15.734 15.298 14.874 14.460
62.578 69.598 76.938 74.412 70.834 66.909 62.639 58.022 53.059 47.750 42.096 36.095 29.748 23.056 16.026 17.005 18.008 19.035 20.086 21.161 22.259 23.381 24.486 25.571 26.675 27.798 28.865 29.273 29.680 30.086 30.491 30.895 31.297 31.699 32.099 32.499 32.897 33.294 33.392 32.603 31.796 30.972 30.130 29.271 28.393 27.499 26.586 25.656 24.668 23.503 22.752 22.490 22.182 21.828 21.428 20.982 20.491 19.953 19.370 18.740 18.065 17.344 16.754 16.301 15.859 15.428 15.008 14.599 14.201 13.814 13.438 13.073
76.194 84.321 92.767 90.915 86.135 81.008 75.536 69.718 63.554 57.044 50.189 42.988 35.441 27.548 19.310 19.154 20.240 21.349 22.481 23.638 24.818 26.022 27.210 28.378 29.565 30.771 31.995 32.418 32.820 33.221 33.621 34.019 34.417 34.813 35.208 35.603 35.996 36.388 36.613 35.679 34.206 32.801 31.462 30.190 28.986 27.849 26.778 25.775 24.839 23.971 23.268 22.804 22.293 21.737 21.135 20.487 19.793 19.053 18.267 17.436 16.558 15.635 14.920 14.516 14.123 13.740 13.369 13.009 12.659 12.321 11.994 11.677
89.491 98.723 108.275 107.723 101.741 95.413 88.740 81.722 74.358 66.648 58.593 50.192 41.446 32.354 22.916 21.279 22.446 23.637 24.852 26.090 27.352 28.638 29.909 31.160 32.430 33.718 35.026 35.561 35.958 36.353 36.711 36.389 36.075 35.770 35.473 35.185 34.906 34.635 34.362 33.118 31.941 30.831 29.788 28.812 27.903 27.062 26.287 25.580 24.940 24.367 23.833 23.166 22.453 21.694 20.890 20.040 19.143 18.201 17.214 16.180 15.100 13.975 13.078 12.722 12.377 12.043 11.721 11.409 11.108 10.819 10.540 10.272
102.468 112.806 123.462 124.835 117.653 110.125 102.252 94.033 85.470 76.561 67.306 57.707 47.762 37.471 26.836 23.379 24.628 25.901 27.198 28.518 29.862 31.230 31.938 32.584 33.203 33.797 34.365 34.285 33.975 33.674 33.381 33.097 32.822 32.555 32.297 32.048 31.807 31.575 31.351 30.486 29.605 28.791 28.044 27.364 26.751 26.205 25.726 25.314 24.969 24.691 24.445 23.575 22.660 21.700 20.693 19.641 18.542 17.398 16.209 14.973 13.691 12.364 11.226 10.919 10.623 10.338 10.063 9.800 9.548 9.307 9.077 8.858
115.127 126.569 138.329 142.251 133.869 125.142 116.070 106.652 96.890 86.782 76.330 65.532 54.389 42.901 31.068 24.878 25.539 26.167 26.762 27.324 27.853 28.349 28.860 29.391 29.896 30.375 30.828 30.834 30.563 30.300 30.046 29.800 29.563 29.335 29.115 28.904 28.702 28.508 28.323 27.786 27.200 26.682 26.230 25.845 25.528 25.277 25.094 24.977 24.928 24.945 25.030 24.033 22.916 21.753 20.544 19.290 17.990 16.644 15.252 13.815 12.331 10.802 9.366 9.107 8.859 8.623 8.397 8.182 7.979 7.786 7.605 7.434
127.467 140.012 152.876 159.972 150.391 140.465 130.194 119.578 105.697 92.125 78.922 66.088 53.624 41.529 29.804 22.627 23.175 23.689 24.171 24.619 25.035 25.418 25.815 26.232 26.622 26.987 27.325 27.378 27.145 26.921 26.705 26.498 26.299 26.109 25.928 25.756 25.592 25.436 25.289 25.016 24.726 24.503 24.346 24.257 24.235 24.279 24.391 24.570 24.815 25.128 25.507 24.538 23.219 21.855 20.444 18.988 17.486 15.938 14.345 12.705 11.020 9.289 7.513 7.286 7.087 6.899 6.722 6.556 6.400 6.256 6.123 6.001
139.366 148.806 157.862 163.432 149.288 135.513 122.108 109.072 96.405 84.107 72.179 60.619 49.429 38.609 28.157 20.408 20.842 21.244 21.612 21.948 22.250 22.520 22.803 23.105 23.381 23.631 23.855 23.916 23.722 23.536 23.358 23.190 23.030 22.878 22.735 22.601 22.475 22.358 22.250 22.177 22.182 22.254 22.393 22.599 22.872 23.211 23.618 24.092 24.632 25.239 25.914 25.091 23.570 22.004 20.392 18.734 17.030 15.281 13.485 11.644 9.758 7.825 5.847 5.456 5.305 5.166 5.037 4.919 4.813 4.717 4.632 4.559
124.296 132.412 140.145 147.437 134.569 122.069 109.939 98.177 86.785 75.761 65.106 54.821 44.904 35.356 26.178 18.222 18.543 18.831 19.086 19.309 19.498 19.655 19.824 20.012 20.174 20.309 20.419 20.449 20.293 20.145 20.006 19.876 19.754 19.641 19.537 19.441 19.353 19.275 19.205 19.269 19.569 19.936 20.370 20.871 21.439 22.073 22.775 23.543 24.378 25.280 26.249 25.692 23.969 22.201 20.387 18.528 16.622 14.671 12.675 10.632 8.544 6.410 4.231 3.617 3.515 3.424 3.344 3.274 3.216 3.169 3.203 3.413
109.604 116.397 122.807 128.833 119.526 108.300 97.444 86.956 76.837 67.087 57.705 48.692 40.048 31.773 23.866 16.328 16.276 16.451 16.593 16.703 16.779 16.822 16.878 16.952 16.999 17.020 17.016 16.977 16.859 16.749 16.649 16.557 16.473 16.399 16.332 16.275 16.226 16.185 16.154 16.292 16.887 17.549 18.278 19.073 19.935 20.865 21.861 22.924 24.054 25.250 26.514 26.340 24.416 22.446 20.431 18.370 16.263 14.111 11.913 9.669 7.379 5.093 2.946 2.281 2.461 2.652 2.855 3.070 3.296 3.534 3.783 4.044
95.289 100.761 105.849 110.553 104.159 94.207 84.623 75.408 66.562 58.084 49.975 42.234 34.862 27.858 21.223 14.956 14.042 14.104 14.133 14.129 14.092 14.023 13.965 13.924 13.857 13.764 13.645 13.500 13.419 13.348 13.286 13.232 13.187 13.150 13.122 13.103 13.092 13.090 13.097 13.246 14.136 15.092 16.115 17.206 18.362 19.586 20.877 22.234 23.658 25.149 26.707 27.036 24.944 23.066 21.129 19.133 17.079 14.966 12.794 10.564 8.275 5.928 3.521 2.492 2.723 2.965 3.219 3.484 3.761 4.050 4.350 4.662
81.352 85.502 89.270 92.653 88.468 79.788 71.477 63.535 55.960 48.754 41.916 35.447 29.345 23.612 18.248 13.251 11.840 11.789 11.705 11.588 11.439 11.256 11.085 10.930 10.749 10.541 10.308 10.049 9.974 9.941 9.917 9.901 9.895 9.896 9.907 9.926 9.953 9.990 10.034 10.131 11.315 12.566 13.884 15.277 17.073 18.925 20.834 22.798 24.818 26.895 29.027 30.244 28.166 26.029 23.833 21.579 19.266 16.894 14.464 11.975 9.428 6.822 4.157 2.690 2.972 3.265 3.570 3.886 4.214 4.554 4.905 5.268
67.791 70.622 73.069 75.133 72.453 65.046 58.006 51.335 45.032 39.096 33.529 28.330 23.499 19.036 14.941 11.214 9.670 9.506 9.309 9.080 8.817 8.522 8.238 7.968 7.673 7.351 7.004 6.631 6.523 6.528 6.543 6.565 6.597 6.637 6.685 7.116 7.566 8.014 8.457 8.898 10.606 12.481 14.412 16.399 18.442 20.540 22.695 24.906 27.172 29.495 31.874 33.782 31.445 29.050 26.596 24.083 21.511 18.881 16.192 13.445 10.639 7.775 4.852 2.877 3.210 3.554 3.909 4.277 4.655 5.046 5.448 5.861
54.607 56.118 57.245 57.990 56.115 49.979 44.210 38.810 33.777 29.112 24.814 20.885 17.323 14.130 11.304 8.846 7.533 7.256 6.946 6.604 6.229 5.821 5.423 5.039 4.630 4.194 4.100 4.060 4.321 4.780 5.235 5.688 6.137 6.583 7.026 7.465 7.902 8.335 8.764 9.191 10.927 13.048 15.226 17.459 19.748 22.093 24.494 26.951 29.464 32.033 34.658 37.339 34.783 32.129 29.416 26.645 23.815 20.927 17.980 14.974 11.910 8.788 5.606 3.052 3.435 3.830 4.236 4.654 5.084 5.525 5.978 6.442
41.799 41.991 41.800 41.226 39.454 34.588 30.090 25.959 22.195 18.800 15.772 13.111 10.818 8.893 7.335 6.145 5.428 5.038 4.893 4.883 4.869 4.851 4.822 4.780 4.736 4.689 4.640 4.588 4.773 5.217 5.659 6.097 6.532 6.964 7.393 7.818 8.240 8.659 9.074 9.487 11.187 13.554 15.978 18.458 20.993 23.584 26.231 28.935 31.694 34.509 37.379 40.306 38.179 35.267 32.296 29.266 26.178 23.031 19.826 16.563 13.240 9.860 6.420 3.214 3.648 4.094 4.551 5.020 5.501 5.993 6.496 7.011
29.366 28.240 26.731 24.840 22.470 18.874 15.644 12.783 10.288 8.161 6.401 5.844 5.745 5.668 5.611 5.576 5.561 5.545 5.526 5.504 5.479 5.450 5.409 5.356 5.301 5.242 5.182 5.118 5.228 5.658 6.086 6.510 6.931 7.348 7.762 8.174 8.581 8.986 9.387 9.786 11.385 13.999 16.669 19.395 22.176 25.013 27.907 30.856 33.861 36.922 40.038 43.211 41.633 38.462 35.233 31.946 28.599 25.195 21.732 18.210 14.630 10.991 7.294 3.538 3.849 4.346 4.854 5.374 5.905 6.448 7.002 7.568
17.309 14.865 12.040 8.832 6.978 6.741 6.587 6.455 6.344 6.255 6.187 6.140 6.114 6.110 6.127 6.165 6.219 6.192 6.162 6.128 6.091 6.051 5.999 5.935 5.867 5.798 5.726 5.651 5.686 6.102 6.515 6.925 7.332 7.735 8.135 8.532 8.926 9.316 9.704 10.087 11.523 14.383 17.298 20.270 23.297 26.381 29.520 32.715 35.966 39.272 42.635 46.053 45.145 41.716 38.229 34.683 31.079 27.417 23.696 19.916 16.078 12.182 8.227 4.213 4.039 4.586 5.145 5.715 6.297 6.891 7.496 8.113
11.805 10.586 9.362 8.132 6.896 6.576 6.496 6.437 6.400 6.384 6.389 6.415 6.463 6.532 6.622 6.734 6.866 6.841 6.799 6.754 6.706 6.655 6.591 6.515 6.437 6.356 6.272 6.186 6.147 6.549 6.948 7.344 7.736 8.125 8.511 8.894 9.274 9.650 10.023 10.393 11.599 14.705 17.866 21.084 24.357 27.686 31.071 34.512 38.009 41.561 45.169 48.833 48.715 45.028 41.283 37.480 33.618 29.697 25.719 21.681 17.586 13.432 9.219 4.948 4.216 4.814 5.424 6.045 6.678 7.322 7.978 8.645
11.808 10.570 9.325 8.075 6.819 6.391 6.385 6.399 6.435 6.492 6.571 6.671 6.792 6.934 7.097 7.282 7.488 7.492 7.439 7.383 7.323 7.261 7.185 7.098 7.008 6.916 6.821 6.723 6.623 6.999 7.384 7.765 8.143 8.518 8.890 9.259 9.624 9.986 10.345 10.701 11.614 14.966 18.373 21.836 25.355 28.930 32.561 36.247 39.989 43.787 47.641 51.550 52.342 48.398 44.395 40.334 36.215 32.037 27.800 23.506 19.152 14.741 10.271 5.742 4.381 5.030 5.672 6.263 6.849 7.429 8.003 8.572
11.817 10.559 9.294 8.024 6.748 6.187 6.254 6.342 6.451 6.582 6.733 6.906 7.100 7.316 7.553 7.811 8.090 8.145 8.081 8.013 7.943 7.869 7.782 7.683 7.582 7.478 7.372 7.262 7.151 7.452 7.822 8.190 8.554 8.915 9.272 9.627 9.978 10.326 10.670 11.012 11.568 15.166 18.819 22.528 26.292 30.113 33.989 37.920 41.908 45.951 50.051 54.205 56.028 51.826 47.566 43.247 38.870 34.354 29.373 24.498 19.729 15.065 10.506 6.053 4.164 4.742 5.315 5.882 6.443 6.999 7.549 8.094
11.832 10.553 9.269 7.979 6.683 5.964 6.104 6.265 6.447 6.651 6.876 7.122 7.389 7.678 7.988 8.319 8.672 8.801 8.725 8.646 8.564 8.479 8.381 8.271 8.158 8.043 7.925 7.804 7.681 7.908 8.264 8.617 8.967 9.314 9.657 9.998 10.335 10.668 10.999 11.326 11.650 15.305 19.203 23.158 27.168 31.233 35.355 39.532 43.751 47.308 50.721 53.990 55.754 50.708 45.766 40.930 36.200 31.575 27.056 22.642 18.333 14.131 10.033 6.041 3.862 4.416 4.964 5.507 6.044 6.575 7.101 7.621
11.852 10.554 9.249 7.939 6.624 5.720 5.933 6.168 6.424 6.700 6.999 7.318 7.658 8.020 8.403 8.808 9.233 9.458 9.372 9.281 9.188 9.091 8.982 8.860 8.736 8.609 8.480 8.348 8.214 8.366 8.709 9.048 9.384 9.716 10.046 10.372 10.694 11.014 11.330 11.644 12.098 15.534 19.468 23.258 26.905 30.407 33.767 36.982 40.054 42.983 45.768 48.409 50.564 45.979 41.499 37.124 32.855 28.691 24.633 20.680 16.832 13.090 9.454 5.923 3.565 4.095 4.619 5.137 5.650 6.157 6.659 7.155
11.878 10.560 9.236 7.906 6.570 5.457 5.744 6.051 6.380 6.730 7.101 7.494 7.908 8.343 8.799 9.276 9.775 10.118 10.020 9.919 9.814 9.706 9.585 9.452 9.317 9.179 9.038 8.895 8.749 8.828 9.157 9.503 9.878 10.279 10.705 11.157 11.634 12.138 12.667 13.221 13.801 16.389 19.694 22.856 25.874 28.749 31.481 34.069 36.513 38.814 40.971 42.985 44.856 41.146 37.127 33.213 29.405 25.702 22.104 18.612 15.226 11.944 8.768 5.698 3.274 3.780 4.279 4.774 5.262 5.745 6.223 6.695
11.910 10.572 9.227 7.877 6.522 5.175 5.534 5.915 6.317 6.740 7.185 7.650 8.137 8.645 9.174 9.725 10.296 10.781 10.671 10.558 10.442 10.323 10.289 10.246 10.157 10.020 9.835 9.604 9.326 9.266 9.702 10.164 10.651 11.165 11.703 12.268 12.858 13.474 14.115 14.782 15.475 17.395 20.073 22.607 24.998 27.245 29.349 31.310 33.127 34.800 36.331 37.717 38.961 36.209 32.651 29.198 25.850 22.608 19.471 16.439 13.513 10.692 7.977 5.366 2.989 3.470 3.946 4.416 4.880 5.339 5.793 6.240
