DATA/SHG/ECMWF/20170628/EN-6/20170706.en-6.asc
ncols        190
nrows        64
xllcorner    -5100000.000000000000
yllcorner    4130000.000000000000
cellsize     10000.000000000000
NODATA_value  -99999.000
[rows 32 to 63 of 64, columns 0 to 72 of 190]
6.125 6.333 6.046 5.698 5.336 4.961 4.572 4.170 3.755 3.326 2.883 2.427 1.958 1.475 1.416 1.377 1.333 1.286 1.235 1.180 1.121 1.058 0.991 0.920 0.845 0.766 1.173 1.573 1.956 2.322 2.672 3.006 3.324 3.625 3.909 4.177 4.429 4.669 5.113 5.562 6.016 6.474 6.938 7.406 7.879 8.356 8.839 9.588 10.321 10.858 10.645 10.389 10.092 9.752 9.370 8.945 8.479 7.970 7.419 6.825 6.190 5.541 5.168 4.815 4.484 4.175 3.886 3.619 3.373 3.148 2.945 2.762 2.601
6.875 7.096 6.860 6.465 6.056 5.633 5.197 4.748 4.285 3.809 3.319 2.816 2.299 1.769 1.621 1.567 1.510 1.449 1.384 1.315 1.242 1.165 1.084 0.999 0.910 0.817 1.101 1.443 1.769 2.078 2.371 2.648 2.908 3.152 3.380 3.591 3.785 3.964 4.389 4.855 6.094 7.380 8.508 9.479 10.294 10.951 11.451 11.793 11.979 12.007 11.670 11.268 10.823 10.336 9.806 9.235 8.621 7.965 7.267 6.526 5.743 4.919 4.596 4.317 4.060 3.824 3.610 3.416 3.244 3.093 2.963 2.855 2.767
7.619 7.854 7.688 7.245 6.789 6.319 5.836 5.340 4.830 4.306 3.769 3.219 2.655 2.078 1.829 1.762 1.691 1.616 1.537 1.454 1.367 1.276 1.181 1.082 0.980 0.873 1.045 1.330 1.599 1.852 2.088 2.307 2.510 3.456 4.615 5.928 7.394 9.014 10.343 11.395 12.289 13.027 13.607 14.030 14.297 14.406 14.358 14.153 13.791 13.272 12.737 12.187 11.595 10.960 10.284 9.565 8.804 8.001 7.156 6.268 5.339 4.367 4.004 3.800 3.616 3.454 3.313 3.193 3.095 3.018 2.961 2.926 2.913
8.358 8.607 8.530 8.040 7.537 7.020 6.489 5.945 5.388 4.817 4.233 3.636 3.025 2.400 2.042 1.961 1.876 1.787 1.694 1.597 1.496 1.392 1.283 1.170 1.053 0.940 1.232 1.851 2.623 3.548 4.628 5.861 7.248 8.788 10.482 12.330 14.332 16.487 17.786 18.289 18.635 18.825 18.857 18.733 18.452 18.014 17.418 16.666 15.757 14.691 13.844 13.146 12.407 11.626 10.802 9.937 9.029 8.079 7.087 6.052 4.976 3.857 3.393 3.262 3.152 3.064 2.997 2.951 2.926 2.922 2.940 2.978 3.038
9.092 9.355 9.386 8.848 8.298 7.734 7.156 6.565 5.961 5.343 4.711 4.067 3.409 2.737 2.259 2.164 2.065 1.962 1.875 1.890 1.915 1.950 1.995 2.049 2.113 2.187 2.651 3.805 5.112 6.573 8.188 9.957 11.879 13.954 16.183 18.566 21.102 23.792 25.378 25.334 25.132 24.774 24.260 23.588 22.760 21.774 20.632 19.333 17.878 16.265 14.991 14.147 13.261 12.332 11.362 10.349 9.295 8.198 7.059 5.878 4.654 3.389 2.762 2.705 2.669 2.654 2.661 2.688 2.737 2.807 2.898 3.010 3.143
9.821 10.097 10.255 9.671 9.073 8.461 7.837 7.199 6.547 5.882 5.204 4.518 3.865 3.247 2.775 2.785 2.805 2.834 2.873 2.923 2.981 3.050 3.128 3.216 3.314 3.422 3.906 5.596 7.438 9.435 11.585 13.888 16.345 18.955 21.719 24.636 27.707 30.931 33.120 32.528 31.780 30.875 29.813 28.595 27.220 25.688 23.999 22.154 20.152 17.993 16.179 15.188 14.155 13.080 11.962 10.803 9.601 8.358 7.072 5.744 4.374 2.962 2.112 2.128 2.166 2.225 2.305 2.406 2.528 2.671 2.836 3.022 3.228
10.544 10.833 11.127 10.507 9.796 9.023 8.283 7.578 6.907 6.271 5.669 5.101 4.568 4.069 3.626 3.670 3.723 3.787 3.860 3.943 4.036 4.138 4.250 4.372 4.504 4.645 4.999 7.224 9.602 12.133 14.817 17.655 20.646 23.791 27.089 30.540 34.145 37.903 41.012 39.874 38.578 37.127 35.518 33.753 31.832 29.754 27.519 25.128 22.580 19.875 17.407 16.270 15.090 13.868 12.604 11.298 9.949 8.559 7.127 5.653 4.136 2.578 1.442 1.532 1.643 1.775 1.929 2.103 2.299 2.516 2.866 3.284 3.687
10.592 10.688 10.778 10.193 9.505 8.851 8.231 7.645 7.094 6.578 6.095 5.647 5.233 4.853 4.508 4.543 4.631 4.728 4.835 4.952 5.078 5.214 5.360 5.516 5.681 5.857 6.041 8.689 11.602 14.667 17.886 21.258 24.784 28.462 32.294 36.279 40.418 44.709 49.054 47.369 45.527 43.529 41.375 39.064 36.596 33.972 31.192 28.255 25.161 21.911 18.676 17.392 16.065 14.697 13.286 11.833 10.338 8.802 7.223 5.602 3.939 2.234 0.752 1.127 1.596 2.051 2.491 2.917 3.328 3.724 4.106 4.473 4.826
9.977 10.055 10.129 9.745 9.176 8.642 8.142 7.676 7.244 6.847 6.483 6.155 5.860 5.600 5.374 5.405 5.527 5.658 5.798 5.949 6.109 6.279 6.459 6.648 6.847 7.056 7.275 9.993 13.439 17.039 20.791 24.697 28.756 32.969 37.334 41.853 46.524 51.349 56.327 55.014 52.626 50.082 47.382 44.525 41.512 38.343 35.017 31.535 27.896 24.101 20.150 18.554 17.081 15.566 14.009 12.410 10.894 9.427 7.973 6.534 5.108 3.696 2.301 2.734 3.153 3.557 3.946 4.321 4.681 5.027 5.358 5.675 5.977
9.367 9.429 9.485 9.260 8.811 8.396 8.015 7.669 7.356 7.078 6.834 6.625 6.450 6.309 6.202 6.256 6.411 6.576 6.750 6.935 7.129 7.332 7.546 7.769 8.002 8.244 8.497 11.134 15.114 19.247 23.534 27.973 32.565 37.311 42.209 47.261 52.465 57.823 63.334 62.809 59.876 56.786 53.540 50.138 46.580 42.866 38.995 34.968 30.784 26.282 21.890 19.824 18.335 16.860 15.398 13.951 12.517 11.097 9.690 8.298 6.919 5.555 4.204 4.353 4.721 5.074 5.413 5.737 6.047 6.342 6.623 6.889 7.141
8.764 8.809 8.848 8.738 8.409 8.113 7.852 7.624 7.431 7.273 7.148 7.058 7.002 6.980 6.992 7.095 7.284 7.482 7.691 7.909 8.136 8.374 8.621 8.878 9.144 9.421 9.707 12.113 16.626 21.293 26.112 31.085 36.210 41.489 46.920 52.504 58.241 64.131 70.175 70.753 67.275 63.640 58.592 53.604 48.784 44.134 39.652 35.340 31.196 27.221 23.415 21.195 19.753 18.325 16.911 15.511 14.124 12.751 11.392 10.047 8.716 7.398 6.094 5.984 6.301 6.604 6.892 7.166 7.425 7.670 7.900 8.115 8.316
8.168 8.195 8.217 8.180 7.970 7.793 7.651 7.543 7.469 7.430 7.425 7.453 7.517 7.614 7.745 7.922 8.145 8.377 8.619 8.871 9.132 9.403 9.684 9.975 10.275 10.585 10.905 12.930 17.977 23.176 28.529 34.034 39.692 45.502 51.436 56.131 60.687 65.106 69.387 69.485 64.576 59.836 55.265 50.863 46.629 42.564 38.668 34.941 31.382 27.993 24.772 22.551 21.157 19.776 18.409 17.056 15.716 14.391 13.079 11.781 10.497 9.226 7.970 7.626 7.893 8.145 8.383 8.606 8.815 9.009 9.189 9.354 9.504
7.577 7.587 7.592 7.585 7.494 7.437 7.414 7.425 7.470 7.550 7.664 7.812 7.994 8.210 8.461 8.738 8.995 9.261 9.536 9.822 10.117 10.422 10.736 11.060 11.394 11.738 12.091 13.557 18.739 23.783 28.689 33.458 38.088 42.581 46.937 51.154 55.234 59.176 62.981 64.237 59.914 55.759 51.774 47.957 44.308 40.829 37.518 34.375 31.402 28.597 25.960 23.892 22.545 21.211 19.892 18.586 17.293 16.015 14.750 13.500 12.262 11.039 9.830 9.281 9.497 9.699 9.886 10.059 10.217 10.361 10.490 10.604 10.704
6.993 6.986 6.973 6.956 6.981 7.043 7.139 7.270 7.434 7.633 7.865 8.132 8.434 8.769 9.138 9.542 9.833 10.132 10.442 10.761 11.051 11.215 11.379 11.542 11.706 11.871 12.035 12.542 17.246 21.813 26.243 30.534 34.688 38.705 42.583 46.324 49.928 53.393 56.721 58.825 55.087 51.518 48.118 44.886 41.822 38.927 36.201 33.643 31.254 29.033 26.981 25.218 23.918 22.632 21.359 20.101 18.856 17.624 16.407 15.203 14.013 12.837 11.674 10.947 11.113 11.264 11.401 11.523 11.631 11.724 11.803 11.867 11.917
6.415 6.390 6.361 6.327 6.432 6.613 6.828 7.077 7.361 7.678 8.030 8.416 8.836 9.256 9.615 9.969 10.162 10.325 10.489 10.653 10.817 10.981 11.146 11.310 11.475 11.640 11.805 11.971 15.898 19.988 23.941 27.756 31.433 34.973 38.375 41.640 44.767 47.757 50.609 53.249 50.097 47.112 44.297 41.649 39.170 36.860 34.717 32.744 30.938 29.302 27.833 26.530 25.277 24.038 22.812 21.600 20.403 19.218 18.048 16.891 15.748 14.619 13.504 12.626 12.741 12.842 12.928 13.000 13.057 13.100 13.128 13.142 13.141
5.843 5.801 5.755 5.703 5.846 6.146 6.499 6.880 7.254 7.623 7.986 8.343 8.694 9.038 9.377 9.710 9.925 10.089 10.253 10.418 10.583 10.748 10.913 11.078 11.244 11.409 11.575 11.741 14.693 18.307 21.783 25.122 28.323 31.387 34.313 37.102 39.753 42.267 44.643 46.882 44.942 42.543 40.311 38.248 36.353 34.626 33.068 31.678 30.456 29.403 28.518 27.802 26.620 25.428 24.250 23.085 21.934 20.797 19.674 18.565 17.469 16.387 15.318 14.316 14.381 14.431 14.467 14.489 14.495 14.488 14.466 14.429 14.371
5.385 5.413 5.450 5.497 5.696 6.068 6.434 6.794 7.148 7.496 7.838 8.174 8.504 8.827 9.145 9.457 9.687 9.852 10.018 10.183 10.348 10.514 10.680 10.846 11.012 11.179 11.345 11.512 13.632 16.769 19.769 22.632 25.357 27.945 30.396 32.709 34.885 36.923 38.824 40.588 39.625 37.809 36.161 34.682 33.370 32.227 31.253 30.446 29.808 29.338 29.036 28.902 27.949 26.804 25.673 24.555 23.451 22.361 21.285 20.223 19.174 18.139 17.117 16.110 16.033 16.005 15.690 15.390 15.103 14.830 14.571 14.326 14.095
5.305 5.365 5.435 5.513 5.679 6.030 6.375 6.715 7.048 7.375 7.696 8.011 8.320 8.623 8.920 9.211 9.450 9.616 9.782 9.948 10.114 10.281 10.447 10.614 10.781 10.948 11.115 11.283 12.714 15.375 17.900 20.287 22.537 24.649 26.624 28.462 30.163 31.726 33.152 34.440 34.143 32.911 31.847 30.951 30.223 29.663 29.271 29.048 28.993 29.105 29.386 29.835 29.263 28.165 27.081 26.010 24.953 23.910 22.827 21.449 20.094 18.763 17.455 16.172 15.658 15.378 15.111 14.859 14.620 14.395 14.185 13.988 13.805
5.215 5.308 5.409 5.519 5.669 5.999 6.323 6.642 6.954 7.260 7.561 7.855 8.143 8.426 8.702 8.972 9.213 9.380 9.546 9.713 9.880 10.047 10.215 10.382 10.550 10.718 10.886 11.054 11.939 14.125 16.174 18.085 19.860 21.497 22.997 24.360 25.586 26.674 27.625 28.439 28.498 27.849 27.368 27.055 26.910 26.934 27.125 27.484 28.011 28.706 29.569 30.525 30.078 28.639 27.224 25.832 24.465 23.120 21.800 20.504 19.231 17.982 16.756 15.555 14.970 14.737 14.519 14.315 14.125 13.948 13.786 13.638 13.503
5.116 5.240 5.373 5.515 5.667 5.975 6.278 6.576 6.867 7.153 7.432 7.706 7.973 8.235 8.490 8.740 8.976 9.144 9.311 9.478 9.646 9.814 9.982 10.150 10.319 10.487 10.656 10.825 11.307 13.018 14.591 16.028 17.328 18.490 19.515 20.403 21.154 21.768 22.245 22.585 22.690 22.624 22.726 22.996 23.518 24.310 25.084 25.840 26.578 27.298 27.999 28.682 28.538 27.181 25.847 24.538 23.252 21.990 20.752 19.537 18.346 17.179 16.035 14.916 14.269 14.085 13.915 13.759 13.617 13.489 13.375 13.275 13.188
5.006 5.162 5.327 5.501 5.685 5.957 6.239 6.516 6.787 7.051 7.310 7.563 7.810 8.050 8.285 8.514 8.736 8.907 9.075 9.244 9.412 9.581 9.749 9.918 10.087 10.257 10.426 10.596 10.818 12.054 13.153 14.115 14.939 15.627 16.178 16.592 16.868 17.193 17.806 18.407 19.031 19.834 20.618 21.384 22.132 22.861 23.573 24.267 24.942 25.600 26.239 26.860 26.976 25.701 24.449 23.222 22.018 20.838 19.681 18.549 17.440 16.354 15.293 14.255 13.555 13.419 13.298 13.190 13.096 13.017 12.951 12.899 12.861
4.886 5.074 5.271 5.477 5.693 5.945 6.207 6.463 6.713 6.957 7.195 7.427 7.653 7.873 8.086 8.294 8.496 8.671 8.840 9.009 9.178 9.347 9.517 9.686 9.856 10.026 10.196 10.367 10.537 11.233 11.891 12.546 13.190 13.821 14.441 15.049 15.645 16.230 16.802 17.363 17.913 18.653 19.375 20.079 20.765 21.432 22.082 22.713 23.326 23.922 24.499 25.058 25.393 24.199 23.030 21.884 20.762 19.664 18.590 17.539 16.512 15.508 14.528 13.572 12.829 12.742 12.668 12.609 12.563 12.532 12.514 12.510 12.520
4.757 4.977 5.205 5.443 5.690 5.940 6.181 6.416 6.646 6.869 7.086 7.297 7.502 7.701 7.895 8.082 8.263 8.435 8.605 8.774 8.944 9.114 9.284 9.430 9.555 9.683 9.815 9.949 10.086 10.600 11.226 11.841 12.444 13.034 13.614 14.181 14.736 15.280 15.812 16.332 16.840 17.493 18.152 18.794 19.417 20.023 20.610 21.179 21.730 22.263 22.778 23.275 23.754 22.677 21.589 20.526 19.486 18.469 17.476 16.507 15.562 14.640 13.742 12.868 12.090 12.051 12.026 12.015 12.017 12.034 12.064 12.109 12.167
4.617 4.869 5.129 5.399 5.678 5.941 6.162 6.376 6.585 6.787 6.984 7.174 7.358 7.537 7.709 7.876 8.001 8.109 8.226 8.346 8.470 8.596 8.726 8.859 8.995 9.134 9.276 9.421 9.569 9.988 10.574 11.148 11.710 12.260 12.799 13.325 13.840 14.343 14.834 15.314 15.781 16.351 16.949 17.528 18.089 18.633 19.158 19.665 20.154 20.625 21.078 21.512 21.929 21.133 20.127 19.145 18.187 17.253 16.342 15.454 14.591 13.751 12.934 12.142 11.373 11.348 11.371 11.408 11.459 11.524 11.602 11.695 11.801
4.468 4.751 5.043 5.345 5.656 5.949 6.149 6.343 6.530 6.660 6.763 6.866 6.967 7.068 7.167 7.265 7.363 7.470 7.598 7.729 7.863 8.001 8.141 8.285 8.431 8.581 8.734 8.890 9.049 9.390 9.935 10.468 10.990 11.499 11.997 12.483 12.957 13.419 13.870 14.308 14.735 15.229 15.765 16.282 16.781 17.262 17.725 18.170 18.597 19.006 19.397 19.770 20.124 19.568 18.644 17.744 16.867 16.015 15.185 14.380 13.598 12.840 12.105 11.394 10.707 10.633 10.704 10.789 10.888 11.001 11.128 11.268 11.423
4.308 4.623 4.902 5.160 5.407 5.636 5.740 5.843 5.945 6.046 6.146 6.246 6.344 6.441 6.537 6.632 6.726 6.828 6.967 7.109 7.254 7.402 7.554 7.708 7.866 8.026 8.190 8.357 8.527 8.805 9.309 9.802 10.282 10.751 11.208 11.654 12.087 12.509 12.918 13.316 13.703 14.127 14.600 15.055 15.492 15.911 16.312 16.695 17.060 17.407 17.736 18.046 18.339 17.982 17.140 16.321 15.526 14.755 14.007 13.284 12.583 11.907 11.254 10.624 10.019 9.905 10.024 10.157 10.304 10.550 10.816 11.073 11.320
3.922 4.164 4.396 4.617 4.828 5.029 5.138 5.238 5.337 5.435 5.531 5.627 5.722 5.816 5.909 6.001 6.092 6.184 6.334 6.487 6.642 6.802 6.964 7.129 7.297 7.469 7.643 7.821 8.001 8.232 8.696 9.148 9.588 10.016 10.432 10.837 11.230 11.611 11.980 12.338 12.683 13.044 13.455 13.848 14.223 14.580 14.919 15.240 15.543 15.828 16.094 16.343 16.574 16.374 15.614 14.877 14.164 13.474 12.808 12.166 11.547 10.952 10.519 10.142 9.782 9.778 10.050 10.312 10.565 10.807 11.039 11.261 11.473
3.500 3.706 3.902 4.087 4.262 4.426 4.538 4.635 4.730 4.825 4.918 5.011 5.102 5.193 5.282 5.371 5.459 5.545 5.698 5.861 6.028 6.198 6.371 6.547 6.726 6.909 7.094 7.282 7.474 7.672 8.095 8.507 8.906 9.294 9.669 10.034 10.386 10.726 11.055 11.372 11.677 11.980 12.329 12.660 12.973 13.268 13.545 13.804 14.045 14.268 14.473 14.660 14.828 14.745 14.067 13.574 13.133 12.710 12.305 11.917 11.548 11.196 10.863 10.547 10.249 10.182 10.420 10.648 10.865 11.073 11.271 11.459 11.636
3.090 3.260 3.420 3.569 3.707 3.835 3.940 4.033 4.125 4.216 4.307 4.396 4.484 4.571 4.658 4.743 4.827 4.911 5.059 5.234 5.411 5.592 5.776 5.963 6.153 6.346 6.542 6.741 6.943 7.149 7.508 7.878 8.237 8.584 8.919 9.243 9.555 9.854 10.142 10.419 10.683 10.936 11.223 11.492 11.743 11.976 12.191 12.388 12.702 13.036 13.371 13.708 14.047 14.281 13.866 13.469 13.090 12.728 12.385 12.059 11.751 11.461 11.189 10.935 10.699 10.596 10.799 10.992 11.175 11.349 11.512 11.665 11.808
2.693 2.826 2.950 3.062 3.165 3.256 3.343 3.433 3.522 3.610 3.697 3.783 3.868 3.952 4.035 4.117 4.198 4.278 4.418 4.603 4.792 4.983 5.178 5.376 5.576 5.780 5.987 6.197 6.410 6.626 6.933 7.263 7.581 7.888 8.182 8.465 8.736 8.996 9.243 9.479 9.703 9.993 10.317 10.647 10.979 11.312 11.646 11.983 12.321 12.660 13.002 13.344 13.689 14.035 13.682 13.347 13.029 12.729 12.447 12.183 11.937 11.709 11.498 11.306 11.131 11.018 11.187 11.346 11.495 11.633 11.762 11.881 11.990
2.307 2.404 2.491 2.568 2.634 2.690 2.748 2.835 2.921 3.005 3.089 3.172 3.253 3.334 3.414 3.493 3.570 3.647 3.774 3.971 4.170 4.372 4.578 4.786 4.998 5.212 5.430 5.651 5.874 6.101 6.371 6.660 6.938 7.204 7.490 7.780 8.072 8.367 8.664 8.965 9.268 9.573 9.900 10.236 10.573 10.912 11.252 11.594 11.938 12.283 12.630 12.979 13.329 13.681 13.481 13.207 12.951 12.713 12.492 12.290 12.105 11.938 11.789 11.658 11.545 11.450 11.584 11.708 11.823 11.927 12.021 12.106 12.180
1.933 1.994 2.045 2.086 2.116 2.135 2.155 2.239 2.321 2.402 2.483 2.562 2.640 2.718 2.794 2.870 2.944 3.018 3.128 3.335 3.545 3.758 3.974 4.194 4.416 4.641 4.871 5.116 5.353 5.582 5.833 6.121 6.412 6.706 7.002 7.301 7.603 7.907 8.214 8.524 8.836 9.151 9.482 9.823 10.166 10.511 10.857 11.205 11.554 11.905 12.258 12.612 12.968 13.326 13.263 13.051 12.856 12.679 12.520 12.379 12.256 12.151 12.063 11.994 11.942 11.908 11.990 12.080 12.160 12.230 12.290 12.340 12.380
