DATA/SHG/ECMWF/20170628/EN-6/20170707.en-6.asc
ncols        190
nrows        64
xllcorner    -5100000.000000000000
yllcorner    4130000.000000000000
cellsize     10000.000000000000
NODATA_value  -99999.000
[rows 0 to 32 of 64, columns 73 to 145 of 190]
8.800 8.905 9.015 9.129 9.247 9.370 9.498 9.629 9.697 9.501 9.248 8.999 8.756 8.518 8.284 8.055 7.832 7.613 7.399 7.191 7.146 7.634 8.116 8.582 9.032 9.466 9.884 10.287 10.674 11.044 11.399 11.738 11.824 11.142 10.478 9.833 9.205 8.596 8.004 7.431 6.876 6.339 5.820 5.319 4.896 4.664 4.434 4.205 3.978 3.752 3.528 3.305 3.084 2.865 2.647 2.431 2.318 2.502 2.675 2.839 2.994 3.139 3.275 3.401 3.518 3.626 3.723 3.812 3.772 3.405 3.053 2.716 2.394
9.204 9.325 9.312 9.265 9.224 9.189 9.158 9.134 9.074 8.833 8.597 8.366 8.140 7.919 7.703 7.492 7.286 7.084 6.888 6.696 6.573 6.991 7.402 7.797 8.176 8.539 8.887 9.219 9.535 9.835 10.119 10.387 10.542 9.941 9.359 8.794 8.247 7.719 7.209 6.716 6.242 5.786 5.348 4.928 4.548 4.323 4.099 3.877 3.657 3.439 3.221 3.006 2.792 2.580 2.369 2.160 2.001 2.142 2.274 2.396 2.508 2.612 2.705 2.789 2.864 2.929 2.985 3.032 3.017 2.717 2.431 2.161 1.906
8.550 8.512 8.480 8.452 8.430 8.414 8.402 8.397 8.385 8.162 7.943 7.730 7.521 7.317 7.118 6.925 6.736 6.552 6.372 6.198 6.029 6.366 6.706 7.030 7.339 7.632 7.908 8.170 8.415 8.644 8.858 9.055 9.237 8.723 8.221 7.737 7.272 6.824 6.395 5.983 5.590 5.214 4.857 4.518 4.198 3.980 3.764 3.549 3.336 3.124 2.914 2.705 2.499 2.293 2.090 1.887 1.694 1.793 1.883 1.963 2.033 2.094 2.146 2.188 2.221 2.244 2.258 2.262 2.309 2.202 2.109 2.028 1.961
7.676 7.657 7.643 7.635 7.632 7.635 7.642 7.656 7.674 7.487 7.286 7.089 6.898 6.712 6.530 6.354 6.182 6.015 5.854 5.697 5.545 5.759 6.029 6.283 6.521 6.743 6.949 7.139 7.314 7.473 7.616 7.743 7.854 7.486 7.065 6.662 6.278 5.911 5.562 5.231 4.919 4.624 4.348 4.089 3.849 3.636 3.427 3.219 3.013 2.808 2.605 2.404 2.204 2.006 1.809 1.614 1.420 1.454 1.502 1.622 1.804 1.970 2.120 2.253 2.370 2.470 2.554 2.622 2.673 2.631 2.597 2.575 2.567
6.798 6.798 6.803 6.814 6.830 6.852 6.878 6.911 6.948 6.809 6.625 6.446 6.272 6.103 5.938 5.779 5.625 5.476 5.331 5.192 5.057 5.172 5.371 5.554 5.721 5.873 6.009 6.128 6.233 6.321 6.393 6.450 6.491 6.232 5.892 5.570 5.266 4.979 4.711 4.461 4.230 4.016 3.820 3.642 3.482 3.291 3.089 2.888 2.689 2.491 2.373 2.326 2.290 2.266 2.252 2.249 2.257 2.385 2.527 2.652 2.762 2.854 2.930 2.990 3.034 3.060 3.071 3.065 3.042 3.046 3.070 3.108 3.158
5.916 5.935 5.959 5.989 6.024 6.065 6.111 6.162 6.219 6.127 5.960 5.798 5.642 5.490 5.343 5.201 5.064 4.932 4.805 4.683 4.565 4.603 4.732 4.844 4.941 5.022 5.087 5.137 5.170 5.188 5.190 5.176 5.147 4.960 4.700 4.459 4.235 4.030 3.842 3.673 3.522 3.466 3.473 3.487 3.510 3.479 3.426 3.385 3.354 3.334 3.325 3.327 3.340 3.364 3.399 3.445 3.501 3.578 3.647 3.699 3.734 3.754 3.756 3.743 3.713 3.666 3.603 3.524 3.428 3.448 3.531 3.627 3.736
5.030 5.068 5.112 5.161 5.215 5.274 5.339 5.409 5.485 5.441 5.292 5.148 5.008 4.874 4.744 4.619 4.500 4.385 4.275 4.170 4.070 4.053 4.111 4.153 4.179 4.190 4.185 4.164 4.127 4.074 4.006 3.922 3.931 3.949 3.927 3.913 3.907 3.909 3.919 3.938 3.964 3.999 4.041 4.092 4.151 4.174 4.170 4.177 4.195 4.224 4.264 4.315 4.376 4.449 4.533 4.627 4.733 4.786 4.782 4.760 4.723 4.668 4.598 4.511 4.408 4.288 4.151 3.999 3.830 3.835 3.977 4.132 4.300
4.141 4.198 4.260 4.328 4.401 4.480 4.563 4.653 4.747 4.752 4.620 4.493 4.371 4.254 4.142 4.034 3.932 3.834 3.742 3.654 3.571 3.521 3.509 3.538 3.591 3.648 3.707 3.770 3.835 3.904 3.977 4.052 4.130 4.183 4.197 4.219 4.250 4.288 4.334 4.389 4.451 4.522 4.601 4.688 4.782 4.857 4.902 4.957 5.024 5.102 5.190 5.290 5.400 5.521 5.654 5.797 5.951 6.010 5.932 5.837 5.726 5.599 5.455 5.295 5.118 4.925 4.715 4.489 4.247 4.209 4.410 4.623 4.850
3.248 3.324 3.405 3.492 3.584 3.681 3.784 3.892 4.006 4.060 3.945 3.835 3.731 3.631 3.536 3.462 3.456 3.453 3.453 3.456 3.462 3.481 3.542 3.606 3.674 3.744 3.818 3.895 3.975 4.058 4.144 4.234 4.326 4.408 4.458 4.517 4.583 4.657 4.740 4.830 4.929 5.036 5.150 5.273 5.404 5.527 5.620 5.725 5.840 5.966 6.103 6.252 6.411 6.581 6.762 6.954 7.156 7.249 7.098 6.930 6.745 6.545 6.328 6.094 5.844 5.578 5.295 4.996 4.681 4.569 4.828 5.101 5.386
2.351 2.445 2.546 2.651 2.762 2.879 3.001 3.128 3.290 3.477 3.464 3.453 3.445 3.441 3.439 3.440 3.445 3.452 3.463 3.476 3.493 3.518 3.593 3.671 3.752 3.837 3.925 4.016 4.110 4.207 4.308 4.411 4.518 4.624 4.710 4.804 4.907 5.017 5.136 5.262 5.397 5.540 5.691 5.850 6.017 6.184 6.326 6.479 6.643 6.818 7.004 7.201 7.408 7.627 7.857 8.097 8.349 8.503 8.278 8.037 7.780 7.506 7.216 6.909 6.586 6.246 5.891 5.518 5.130 4.916 5.233 5.564 5.908
1.450 1.623 1.867 2.105 2.336 2.561 2.778 2.990 3.194 3.389 3.386 3.386 3.389 3.395 3.404 3.416 3.431 3.449 3.471 3.495 3.522 3.552 3.640 3.732 3.828 3.926 4.028 4.133 4.242 4.353 4.468 4.586 4.706 4.830 4.953 5.083 5.221 5.368 5.522 5.685 5.856 6.035 6.222 6.417 6.620 6.829 7.020 7.221 7.434 7.657 7.892 8.137 8.393 8.661 8.939 9.228 9.528 9.772 9.475 9.160 8.830 8.483 8.119 7.739 7.343 6.931 6.502 6.057 5.595 5.248 5.625 6.014 6.417
1.468 1.696 1.917 2.132 2.339 2.541 2.735 2.923 3.105 3.280 3.306 3.317 3.330 3.347 3.367 3.389 3.415 3.444 3.475 3.510 3.548 3.588 3.683 3.789 3.899 4.012 4.128 4.247 4.370 4.495 4.624 4.756 4.891 5.029 5.186 5.352 5.527 5.709 5.900 6.099 6.305 6.520 6.743 6.974 7.213 7.460 7.701 7.951 8.212 8.484 8.767 9.061 9.366 9.681 10.008 10.345 10.694 11.053 10.686 10.299 9.895 9.475 9.038 8.585 8.116 7.631 7.129 6.611 6.085 5.633 6.175 6.781 7.449
1.570 1.775 1.973 2.164 2.349 2.527 2.699 2.864 3.022 3.174 3.224 3.245 3.269 3.296 3.326 3.360 3.396 3.435 3.477 3.523 3.571 3.622 3.722 3.843 3.967 4.094 4.224 4.357 4.494 4.634 4.776 4.922 5.072 5.224 5.410 5.612 5.823 6.041 6.268 6.503 6.745 6.996 7.255 7.522 7.797 8.080 8.369 8.668 8.977 9.298 9.629 9.972 10.325 10.689 11.064 11.450 11.847 12.255 11.913 11.350 10.697 10.078 9.494 8.945 8.432 7.953 7.510 7.102 6.729 6.391 7.138 8.025 8.975
1.678 1.860 2.035 2.203 2.365 2.520 2.668 2.810 2.945 3.074 3.138 3.170 3.205 3.243 3.283 3.327 3.374 3.424 3.477 3.533 3.592 3.653 3.758 3.893 4.031 4.172 4.316 4.464 4.614 4.768 4.925 5.085 5.248 5.415 5.625 5.863 6.110 6.364 6.627 6.897 7.176 7.463 7.758 8.060 8.371 8.690 9.024 9.372 9.730 10.099 10.397 10.600 10.788 10.960 11.118 11.259 11.386 11.497 11.089 10.556 10.058 9.595 9.167 8.775 8.417 8.094 7.807 7.554 7.336 7.154 8.037 9.205 10.436
1.792 1.951 2.103 2.248 2.386 2.518 2.644 2.762 2.874 2.980 3.050 3.093 3.138 3.186 3.238 3.292 3.350 3.410 3.473 3.540 3.609 3.682 3.790 3.939 4.091 4.247 4.405 4.566 4.731 4.899 5.070 5.244 5.422 5.602 5.831 6.105 6.387 6.678 6.976 7.283 7.597 7.876 8.114 8.350 8.585 8.819 9.038 9.234 9.415 9.581 9.732 9.867 9.987 10.091 10.181 10.255 10.314 10.357 10.104 9.727 9.385 9.078 8.806 8.568 8.366 8.199 8.067 7.970 7.908 7.882 8.871 10.320 11.833
1.912 2.048 2.176 2.299 2.414 2.523 2.625 2.721 2.810 2.892 2.960 3.013 3.069 3.127 3.189 3.254 3.322 3.393 3.467 3.544 3.624 3.707 3.819 3.982 4.148 4.317 4.490 4.666 4.844 5.026 5.211 5.400 5.567 5.711 5.892 6.132 6.372 6.610 6.847 7.083 7.318 7.552 7.784 8.015 8.246 8.475 8.661 8.789 8.902 9.000 9.083 9.151 9.203 9.240 9.261 9.268 9.259 9.235 9.085 8.863 8.677 8.525 8.409 8.327 8.281 8.269 8.293 8.351 8.445 8.573 9.641 11.371 13.164
2.039 2.151 2.257 2.356 2.448 2.534 2.613 2.686 2.752 2.811 2.867 2.930 2.996 3.066 3.138 3.214 3.292 3.374 3.458 3.546 3.637 3.730 3.844 4.019 4.189 4.353 4.511 4.664 4.810 4.951 5.086 5.215 5.338 5.455 5.604 5.839 6.074 6.307 6.539 6.770 7.000 7.228 7.456 7.682 7.907 8.131 8.300 8.361 8.406 8.436 8.451 8.451 8.436 8.405 8.359 8.298 8.221 8.129 8.031 7.965 7.934 7.938 7.977 8.051 8.160 8.303 8.482 8.696 8.945 9.229 10.346 12.357 14.431
2.171 2.260 2.343 2.419 2.488 2.551 2.607 2.657 2.700 2.736 2.771 2.845 2.922 3.002 3.085 3.171 3.260 3.354 3.451 3.552 3.657 3.765 3.880 4.030 4.174 4.312 4.444 4.571 4.691 4.806 4.915 5.018 5.115 5.207 5.317 5.548 5.777 6.006 6.233 6.458 6.683 6.907 7.129 7.351 7.571 7.790 7.956 7.949 7.927 7.889 7.837 7.769 7.686 7.587 7.473 7.345 7.200 7.041 6.942 7.032 7.156 7.316 7.510 7.739 8.003 8.303 8.637 9.006 9.410 9.849 10.988 13.279 15.633
2.309 2.375 2.435 2.488 2.534 2.574 2.607 2.634 2.653 2.662 2.670 2.752 2.840 2.931 3.027 3.126 3.229 3.335 3.446 3.560 3.678 3.799 3.924 4.048 4.166 4.278 4.384 4.485 4.579 4.668 4.751 4.828 4.899 4.965 5.033 5.258 5.482 5.706 5.928 6.149 6.368 6.587 6.804 7.021 7.236 7.450 7.629 7.554 7.464 7.359 7.239 7.103 6.952 6.786 6.605 6.409 6.197 5.970 5.820 6.064 6.344 6.659 7.008 7.393 7.812 8.266 8.755 9.280 9.839 10.433 11.565 14.137 16.771
2.453 2.491 2.509 2.524 2.538 2.549 2.557 2.564 2.568 2.569 2.569 2.651 2.752 2.857 2.965 3.077 3.193 3.313 3.437 3.564 3.696 3.830 3.968 4.072 4.164 4.250 4.330 4.405 4.474 4.537 4.594 4.645 4.690 4.730 4.763 4.970 5.189 5.407 5.624 5.840 6.055 6.269 6.481 6.692 6.902 7.111 7.318 7.176 7.018 6.846 6.658 6.454 6.236 6.003 5.754 5.490 5.211 4.916 4.662 5.062 5.497 5.967 6.471 7.011 7.585 8.195 8.839 9.518 10.232 10.981 12.079 14.930 17.844
2.453 2.465 2.475 2.482 2.488 2.490 2.491 2.489 2.485 2.478 2.470 2.546 2.661 2.778 2.900 3.026 3.155 3.288 3.425 3.565 3.710 3.858 4.009 4.102 4.169 4.229 4.283 4.332 4.375 4.412 4.443 4.468 4.487 4.501 4.509 4.683 4.898 5.111 5.323 5.534 5.743 5.952 6.159 6.365 6.571 6.775 6.977 6.814 6.589 6.349 6.093 5.823 5.537 5.236 4.920 4.588 4.241 3.880 3.502 4.025 4.615 5.240 5.900 6.594 7.324 8.088 8.887 9.721 10.590 11.636 12.987 16.515 20.168
2.437 2.442 2.443 2.443 2.440 2.434 2.427 2.417 2.404 2.390 2.373 2.438 2.566 2.697 2.832 2.971 3.113 3.259 3.409 3.563 3.721 3.882 4.046 4.140 4.180 4.214 4.243 4.265 4.282 4.293 4.299 4.298 4.292 4.279 4.261 4.398 4.608 4.816 5.023 5.228 5.433 5.637 5.839 6.040 6.240 6.439 6.637 6.469 6.176 5.869 5.546 5.208 4.854 4.486 4.102 3.703 3.289 2.860 2.416 2.954 3.890 5.121 6.356 7.595 8.840 10.089 11.343 12.602 13.866 15.134 16.407 20.306 24.512
2.424 2.420 2.414 2.405 2.394 2.381 2.365 2.347 2.326 2.304 2.278 2.327 2.468 2.612 2.760 2.912 3.068 3.227 3.390 3.557 3.728 3.903 4.080 4.183 4.198 4.206 4.209 4.206 4.197 4.182 4.161 4.135 4.102 4.064 4.020 4.115 4.319 4.522 4.724 4.925 5.125 5.323 5.521 5.717 5.912 6.106 6.299 6.140 5.780 5.405 5.015 4.688 4.525 4.429 4.400 4.438 4.543 4.715 4.954 5.943 7.189 8.441 9.697 10.957 12.223 13.493 14.768 16.048 17.333 18.622 19.916 23.968 28.726
2.414 2.401 2.387 2.370 2.351 2.329 2.305 2.279 2.250 2.220 2.186 2.213 2.366 2.524 2.685 2.850 3.019 3.192 3.368 3.548 3.732 3.920 4.111 4.233 4.222 4.204 4.181 4.152 4.117 4.077 4.030 3.978 3.920 3.856 3.786 3.833 4.032 4.230 4.427 4.623 4.818 5.011 5.233 5.481 5.696 5.881 6.033 5.995 5.861 5.794 5.794 5.861 5.995 6.196 6.464 6.799 7.201 7.670 8.206 9.212 10.479 11.751 13.028 14.310 15.597 16.888 18.184 19.485 20.790 22.100 23.416 27.500 32.810
2.405 2.385 2.362 2.337 2.310 2.280 2.248 2.213 2.177 2.138 2.096 2.095 2.262 2.432 2.607 2.785 2.967 3.153 3.342 3.535 3.732 3.933 4.138 4.290 4.253 4.209 4.160 4.105 4.045 3.978 3.906 3.828 3.744 3.716 3.805 3.994 4.322 4.618 4.883 5.117 5.319 5.489 5.628 5.735 5.811 5.855 5.868 5.909 6.072 6.302 6.599 6.962 7.393 7.891 8.456 9.088 9.786 10.552 11.384 12.471 13.759 15.053 16.350 17.653 18.961 20.273 21.590 22.912 24.238 25.569 26.905 30.903 36.765
2.399 2.370 2.339 2.306 2.271 2.233 2.193 2.150 2.105 2.058 2.009 1.974 2.154 2.337 2.525 2.716 2.911 3.110 3.313 3.519 3.729 3.944 4.161 4.353 4.290 4.244 4.228 4.242 4.285 4.358 4.460 4.591 4.752 4.943 5.163 5.401 5.589 5.746 5.871 5.964 6.026 6.057 6.056 6.023 5.959 5.864 5.737 5.751 6.211 6.738 7.332 7.992 8.720 9.514 10.375 11.304 12.299 13.361 14.490 15.721 17.030 18.344 19.663 20.987 22.315 23.649 24.986 26.329 27.677 29.029 30.386 34.177 40.590
2.394 2.358 2.319 2.278 2.234 2.188 2.140 2.089 2.036 1.981 1.923 1.864 2.042 2.239 2.440 2.644 2.851 3.049 3.247 3.445 3.642 3.842 4.044 4.246 4.306 4.391 4.506 4.651 4.825 5.028 5.261 5.523 5.815 6.136 6.486 6.841 6.889 6.906 6.891 6.845 6.767 6.658 6.517 6.345 6.141 5.906 5.639 5.523 6.280 7.103 7.993 8.950 9.974 11.065 12.223 13.447 14.739 16.097 17.522 18.961 20.292 21.627 22.967 24.311 25.661 27.015 28.374 29.737 31.106 32.479 33.857 37.323 44.287
2.392 2.348 2.301 2.251 2.199 2.145 2.089 2.030 1.969 1.905 1.837 1.768 1.917 2.115 2.313 2.511 2.709 2.906 3.103 3.300 3.497 3.696 3.897 4.098 4.289 4.505 4.751 5.026 5.331 5.665 6.028 6.421 6.843 7.295 7.776 8.287 8.222 8.099 7.944 7.758 7.541 7.292 7.011 6.699 6.356 5.981 5.575 5.225 6.278 7.397 8.584 9.837 11.157 12.544 13.998 15.519 17.106 18.760 20.481 22.193 23.544 24.900 26.261 27.626 28.997 30.372 31.751 33.136 34.525 35.919 37.318 40.339 47.854
2.393 2.340 2.281 2.212 2.143 2.074 2.005 1.937 1.869 1.800 1.732 1.665 1.778 1.976 2.173 2.370 2.567 2.764 2.960 3.156 3.352 3.550 3.750 3.951 4.239 4.586 4.962 5.368 5.803 6.268 6.762 7.285 7.838 8.420 9.032 9.673 9.587 9.325 9.030 8.705 8.347 7.959 7.539 7.087 6.604 6.090 5.544 4.967 6.205 7.620 9.103 10.653 12.269 13.952 15.701 17.518 19.401 21.351 23.368 25.415 26.787 28.164 29.546 30.932 32.323 33.719 35.120 36.525 37.936 39.350 40.770 43.228 51.292
2.310 2.241 2.172 2.104 2.035 1.967 1.899 1.831 1.763 1.696 1.628 1.561 1.640 1.837 2.034 2.230 2.426 2.622 2.817 3.012 3.207 3.405 3.604 3.804 4.156 4.634 5.140 5.677 6.242 6.837 7.462 8.116 8.799 9.512 10.254 11.025 10.985 10.583 10.149 9.684 9.187 8.659 8.099 7.508 6.886 6.232 5.547 4.830 6.061 7.773 9.551 11.397 13.309 15.287 17.333 19.445 21.624 23.869 26.182 28.561 30.020 31.418 32.821 34.228 35.640 37.057 38.479 39.905 41.336 42.772 44.213 45.689 53.316
2.200 2.132 2.064 1.996 1.928 1.860 1.793 1.725 1.658 1.591 1.524 1.457 1.502 1.698 1.894 2.090 2.285 2.480 2.674 2.869 3.063 3.260 3.458 3.657 4.040 4.648 5.285 5.952 6.648 7.374 8.129 8.913 9.726 10.569 11.442 12.344 12.415 11.873 11.300 10.695 10.059 9.392 8.693 7.963 7.201 6.408 5.583 4.728 5.847 7.854 9.928 12.069 14.277 16.551 18.892 21.300 23.774 26.315 28.923 31.597 33.245 34.664 35.912 36.786 37.609 38.382 39.104 39.776 40.397 40.967 41.487 41.957 48.368
2.090 2.023 1.955 1.888 1.820 1.753 1.686 1.619 1.553 1.486 1.420 1.354 1.365 1.560 1.755 1.950 2.144 2.338 2.532 2.726 2.919 3.115 3.313 3.511 3.891 4.630 5.397 6.194 7.021 7.877 8.762 9.676 10.620 11.593 12.596 13.628 13.878 13.197 12.484 11.740 10.965 10.158 9.320 8.450 7.549 6.617 5.653 4.658 5.562 7.865 10.235 12.671 15.174 17.760 20.351 22.850 25.259 27.577 29.805 31.941 33.113 33.865 34.566 35.217 35.817 36.367 36.867 37.315 37.714 38.061 38.359 38.605 43.603
1.981 1.914 1.847 1.780 1.713 1.646 1.580 1.514 1.448 1.382 1.316 1.250 1.228 1.422 1.616 1.810 2.004 2.197 2.390 2.583 2.776 2.970 3.168 3.365 3.709 4.578 5.476 6.403 7.360 8.346 9.361 10.406 11.480 12.583 13.716 14.878 15.373 14.553 13.701 12.818 11.903 10.957 9.980 8.971 8.105 7.638 7.044 6.322 7.160 9.803 12.356 14.818 17.189 19.469 21.659 23.758 25.766 27.683 29.510 31.246 32.266 32.795 33.273 33.701 34.079 34.406 34.682 34.909 35.084 35.210 35.284 35.309 39.023
