DATA/SHG/ECMWF/20170628/EN-6/20170711.en-6.asc
ncols        190
nrows        64
xllcorner    -5100000.000000000000
yllcorner    4130000.000000000000
cellsize     10000.000000000000
NODATA_value  -99999.000
[rows 0 to 32 of 64, columns 74 to 147 of 190]
3.856 3.630 3.396 3.152 2.900 2.638 2.368 2.199 2.292 2.388 2.482 2.574 2.663 2.750 2.835 2.918 2.999 3.077 3.153 3.237 3.356 3.477 3.604 3.736 3.874 4.016 4.164 4.317 4.476 4.640 4.809 5.034 5.439 5.867 6.315 6.785 7.277 7.790 8.324 8.880 9.457 10.056 10.676 11.316 11.963 12.617 13.280 13.950 14.627 15.313 16.006 16.707 17.416 18.133 18.857 19.337 19.077 18.816 18.554 18.291 18.027 17.762 17.496 17.229 16.961 16.692 16.422 16.033 15.283 14.489 13.650 12.766 11.837 10.863
4.269 3.969 3.670 3.387 3.121 2.871 2.638 2.475 2.566 2.654 2.740 2.824 2.906 2.985 3.062 3.137 3.209 3.280 3.348 3.421 3.564 3.709 3.859 4.015 4.176 4.342 4.514 4.691 4.873 5.060 5.253 5.484 5.985 6.509 7.053 7.619 8.207 8.816 9.446 10.098 10.771 11.466 12.182 12.911 13.592 14.281 14.978 15.683 16.395 17.115 17.843 18.579 19.322 20.074 20.833 21.455 21.190 20.925 20.658 20.390 20.121 19.851 19.580 19.308 19.035 18.761 18.486 18.111 17.161 16.166 15.126 14.041 12.911 11.737
4.205 3.947 3.706 3.481 3.273 3.082 2.907 2.759 2.842 2.922 3.000 3.076 3.150 3.221 3.290 3.357 3.422 3.484 3.544 3.602 3.766 3.934 4.108 4.288 4.472 4.662 4.857 5.058 5.263 5.474 5.691 5.912 6.507 7.126 7.767 8.429 9.112 9.817 10.543 11.291 12.060 12.851 13.663 14.495 15.211 15.935 16.666 17.405 18.152 18.907 19.670 20.440 21.218 22.004 22.797 23.572 23.302 23.031 22.759 22.486 22.212 21.937 21.661 21.384 21.106 20.827 20.547 20.017 18.484 16.988 15.529 14.108 12.725 11.378
4.111 3.911 3.727 3.561 3.410 3.276 3.159 3.058 3.119 3.192 3.262 3.330 3.396 3.459 3.520 3.579 3.636 3.690 3.742 3.792 3.961 4.154 4.351 4.554 4.762 4.976 5.194 5.418 5.648 5.882 6.122 6.367 7.004 7.719 8.456 9.213 9.993 10.793 11.616 12.459 13.324 14.210 15.118 16.047 16.819 17.577 18.343 19.117 19.899 20.688 21.485 22.290 23.102 23.923 24.751 25.586 25.412 25.136 24.649 23.958 23.257 22.547 21.828 21.099 20.362 19.615 18.859 18.094 16.770 15.440 14.148 12.893 11.676 10.495
4.001 3.859 3.733 3.624 3.532 3.456 3.396 3.353 3.399 3.463 3.525 3.586 3.643 3.699 3.752 3.803 3.852 3.898 3.942 3.984 4.150 4.366 4.588 4.814 5.046 5.283 5.525 5.772 6.025 6.283 6.547 6.815 7.477 8.288 9.120 9.974 10.849 11.745 12.663 13.602 14.563 15.545 16.548 17.573 18.416 19.209 20.010 20.818 21.634 22.248 22.695 23.145 23.598 24.055 24.514 24.977 24.509 23.795 23.072 22.339 21.598 20.847 20.087 19.318 18.539 17.752 16.955 16.149 15.022 13.858 12.732 11.643 10.592 9.578
3.876 3.791 3.724 3.672 3.638 3.619 3.618 3.632 3.680 3.736 3.791 3.843 3.893 3.940 3.985 4.029 4.069 4.108 4.144 4.178 4.333 4.573 4.818 5.068 5.323 5.583 5.849 6.120 6.396 6.678 6.965 7.257 7.925 8.832 9.760 10.709 11.680 12.672 13.685 14.720 15.608 16.363 17.089 17.785 18.308 18.754 19.203 19.655 20.110 20.568 21.030 21.494 21.961 22.432 22.905 23.382 23.025 22.270 21.506 20.733 19.950 19.159 18.358 17.548 16.729 15.901 15.063 14.217 13.239 12.242 11.281 10.358 9.473 8.625
3.735 3.709 3.699 3.705 3.728 3.767 3.823 3.896 3.962 4.011 4.057 4.101 4.143 4.183 4.221 4.256 4.289 4.319 4.348 4.374 4.510 4.773 5.041 5.315 5.594 5.878 6.167 6.461 6.761 7.066 7.377 7.654 8.226 9.087 9.917 10.718 11.490 12.232 12.944 13.626 14.279 14.903 15.496 16.061 16.557 17.017 17.480 17.947 18.416 18.888 19.363 19.842 20.323 20.808 21.296 21.786 21.553 20.757 19.952 19.138 18.315 17.482 16.641 15.790 14.930 14.061 13.183 12.296 11.422 10.590 9.796 9.039 8.319 7.636
3.580 3.611 3.658 3.722 3.803 3.900 4.014 4.144 4.246 4.287 4.326 4.362 4.396 4.428 4.457 4.485 4.510 4.532 4.553 4.571 4.680 4.967 5.245 5.516 5.783 6.046 6.306 6.562 6.815 7.064 7.309 7.551 7.986 8.714 9.413 10.082 10.722 11.332 11.912 12.463 12.984 13.476 13.938 14.370 14.805 15.280 15.757 16.237 16.720 17.207 17.696 18.189 18.684 19.183 19.685 20.190 20.092 19.255 18.410 17.555 16.691 15.818 14.936 14.044 13.144 12.234 11.315 10.388 9.570 8.904 8.276 7.684 7.130 6.613
3.409 3.497 3.603 3.724 3.863 4.017 4.188 4.376 4.532 4.565 4.596 4.624 4.650 4.674 4.694 4.705 4.713 4.717 4.718 4.717 4.772 5.034 5.292 5.546 5.797 6.044 6.288 6.528 6.764 6.997 7.226 7.452 7.778 8.374 8.941 9.479 9.986 10.465 10.913 11.333 11.722 12.082 12.413 12.714 13.053 13.541 14.032 14.526 15.024 15.524 16.028 16.535 17.044 17.557 18.073 18.592 18.643 17.765 16.879 15.984 15.079 14.165 13.242 12.310 11.369 10.419 9.460 8.491 7.684 7.184 6.721 6.295 5.906 5.555
3.222 3.369 3.532 3.711 3.907 4.119 4.348 4.595 4.813 4.831 4.846 4.859 4.868 4.874 4.877 4.877 4.873 4.867 4.858 4.845 4.854 5.100 5.342 5.580 5.815 6.046 6.274 6.498 6.718 6.935 7.148 7.357 7.602 8.067 8.502 8.908 9.284 9.631 9.948 10.236 10.494 10.722 10.921 11.091 11.299 11.801 12.307 12.815 13.327 13.841 14.359 14.880 15.403 15.930 16.460 16.993 17.205 16.287 15.360 14.424 13.479 12.524 11.561 10.588 9.606 8.616 7.616 6.606 5.764 5.429 5.131 4.871 4.647 4.461
3.074 3.374 3.660 3.931 4.187 4.429 4.656 4.868 5.063 5.071 5.076 5.077 5.075 5.070 5.062 5.051 5.037 5.020 4.999 4.976 4.947 5.170 5.396 5.619 5.837 6.052 6.264 6.471 6.676 6.876 7.073 7.266 7.459 7.793 8.096 8.371 8.615 8.830 9.016 9.172 9.299 9.396 9.464 9.502 9.544 10.060 10.580 11.103 11.628 12.157 12.689 13.223 13.761 14.302 14.846 15.394 15.779 14.821 13.853 12.876 11.890 10.895 9.891 8.878 7.856 6.824 5.783 4.734 3.809 3.640 3.507 3.412 3.354 3.333
3.718 3.967 4.202 4.422 4.627 4.817 4.993 5.154 5.301 5.314 5.307 5.298 5.285 5.269 5.250 5.228 5.203 5.175 5.144 5.109 5.070 5.245 5.454 5.661 5.863 6.062 6.257 6.449 6.637 6.822 7.003 7.180 7.354 7.551 7.723 7.866 7.979 8.063 8.117 8.142 8.137 8.103 8.040 7.946 7.824 8.319 8.852 9.389 9.929 10.472 11.017 11.566 12.118 12.673 13.231 13.793 14.357 13.366 12.357 11.340 10.314 9.278 8.233 7.179 6.116 5.044 3.963 3.006 2.265 2.504 2.731 2.947 3.150 3.343
4.376 4.574 4.757 4.925 5.079 5.218 5.343 5.453 5.548 5.559 5.541 5.521 5.497 5.471 5.441 5.408 5.372 5.333 5.291 5.245 5.195 5.323 5.517 5.707 5.893 6.076 6.255 6.431 6.603 6.771 6.936 7.097 7.255 7.342 7.383 7.394 7.376 7.328 7.252 7.145 7.009 6.844 6.649 6.425 6.171 6.576 7.124 7.675 8.228 8.785 9.345 9.908 10.474 11.043 11.615 12.191 12.769 11.922 10.917 9.982 9.080 8.212 7.376 6.573 5.803 5.066 4.362 3.691 3.053 3.185 3.360 3.524 3.676 3.816
5.046 5.193 5.325 5.442 5.545 5.633 5.706 5.765 5.809 5.806 5.778 5.747 5.712 5.675 5.634 5.590 5.543 5.493 5.440 5.384 5.323 5.405 5.583 5.757 5.927 6.094 6.257 6.417 6.573 6.725 6.874 7.019 7.160 7.165 7.075 6.955 6.806 6.627 6.419 6.181 5.914 5.618 5.292 4.937 4.552 4.833 5.394 5.959 6.527 7.199 7.949 8.660 9.330 9.960 10.551 11.101 11.611 11.073 10.252 9.463 8.708 7.986 7.296 6.639 6.016 5.425 4.867 4.343 3.851 3.876 4.000 4.111 4.212 4.300
5.729 5.824 5.905 5.971 6.023 6.060 6.083 6.090 6.083 6.056 6.017 5.975 5.930 5.881 5.830 5.775 5.717 5.656 5.592 5.525 5.453 5.491 5.653 5.811 5.965 6.116 6.263 6.406 6.546 6.683 6.815 6.944 7.070 7.021 6.799 6.548 6.268 5.958 5.619 5.251 4.950 4.756 4.585 4.437 4.313 4.722 5.455 6.147 6.800 7.412 7.985 8.517 9.010 9.462 9.875 10.247 10.580 10.229 9.554 8.912 8.303 7.726 7.183 6.673 6.195 5.751 5.339 4.960 4.615 4.579 4.650 4.710 4.758 4.795
6.425 6.469 6.499 6.514 6.514 6.500 6.472 6.428 6.371 6.309 6.259 6.206 6.149 6.090 6.028 5.962 5.894 5.822 5.747 5.669 5.586 5.581 5.726 5.868 6.007 6.141 6.273 6.400 6.524 6.644 6.761 6.869 6.972 6.922 6.668 6.437 6.229 6.045 5.884 5.747 5.633 5.543 5.476 5.432 5.412 5.688 6.243 6.757 7.232 7.667 8.062 8.417 8.732 9.006 9.241 9.436 9.591 9.352 8.823 8.327 7.864 7.434 7.037 6.673 6.341 6.043 5.777 5.545 5.345 5.291 5.311 5.319 5.316 5.300
7.133 7.126 7.105 7.069 7.019 6.953 6.874 6.780 6.671 6.564 6.503 6.439 6.372 6.302 6.229 6.152 6.073 5.990 5.904 5.816 5.721 5.675 5.784 5.878 5.974 6.073 6.173 6.275 6.380 6.486 6.595 6.705 6.818 6.851 6.701 6.574 6.470 6.390 6.334 6.300 6.290 6.304 6.341 6.401 6.484 6.695 7.072 7.409 7.706 7.963 8.180 8.358 8.495 8.593 8.650 8.668 8.645 8.443 8.060 7.710 7.393 7.109 6.858 6.640 6.454 6.302 6.182 6.095 6.041 6.015 5.983 5.939 5.884 5.817
7.854 7.796 7.724 7.637 7.536 7.420 7.289 7.144 6.984 6.822 6.750 6.675 6.597 6.516 6.427 6.282 6.136 5.990 5.843 5.696 5.552 5.435 5.536 5.640 5.745 5.853 5.962 6.074 6.187 6.303 6.421 6.540 6.662 6.755 6.708 6.685 6.686 6.710 6.757 6.827 6.921 7.039 7.179 7.343 7.531 7.742 7.942 8.101 8.221 8.301 8.341 8.341 8.301 8.221 8.101 7.941 7.742 7.501 7.264 7.060 6.889 6.751 6.646 6.573 6.534 6.527 6.553 6.612 6.704 6.749 6.665 6.570 6.463 6.344
8.588 8.479 8.356 8.218 8.065 7.899 7.717 7.505 7.215 6.940 6.792 6.647 6.501 6.355 6.208 6.062 5.914 5.767 5.619 5.470 5.325 5.183 5.287 5.400 5.514 5.631 5.749 5.870 5.993 6.118 6.244 6.373 6.504 6.633 6.690 6.771 6.876 7.003 7.154 7.329 7.526 7.747 7.992 8.260 8.551 8.831 8.853 8.835 8.778 8.680 8.543 8.365 8.148 7.891 7.594 7.257 6.881 6.527 6.436 6.378 6.353 6.360 6.401 6.474 6.580 6.719 6.891 7.095 7.333 7.493 7.358 7.211 7.052 6.882
9.280 8.942 8.618 8.308 8.012 7.729 7.460 7.205 6.964 6.736 6.579 6.432 6.285 6.138 5.990 5.842 5.693 5.545 5.395 5.246 5.099 4.955 5.036 5.157 5.281 5.407 5.534 5.664 5.796 5.930 6.066 6.204 6.344 6.486 6.647 6.832 7.040 7.271 7.526 7.804 8.106 8.430 8.778 9.150 9.544 9.960 9.805 9.610 9.375 9.101 8.786 8.432 8.037 7.603 7.129 6.615 6.062 5.520 5.575 5.663 5.783 5.936 6.122 6.341 6.593 6.878 7.195 7.545 7.928 8.249 8.062 7.863 7.653 7.431
8.632 8.342 8.066 7.804 7.556 7.321 7.100 6.893 6.700 6.520 6.366 6.218 6.070 5.921 5.772 5.623 5.473 5.323 5.172 5.021 4.873 4.728 4.782 4.913 5.046 5.181 5.318 5.457 5.598 5.741 5.886 6.033 6.182 6.333 6.578 6.867 7.179 7.514 7.872 8.254 8.659 9.087 9.539 10.014 10.512 11.033 10.798 10.426 10.014 9.563 9.071 8.540 7.968 7.357 6.706 6.016 5.285 4.515 4.681 4.915 5.181 5.480 5.811 6.176 6.573 7.003 7.466 7.961 8.478 8.942 8.835 8.867 9.037 9.345
7.972 7.730 7.502 7.288 7.088 6.901 6.728 6.569 6.424 6.292 6.154 6.005 5.856 5.706 5.555 5.405 5.253 5.102 4.950 4.798 4.649 4.502 4.527 4.667 4.809 4.953 5.099 5.247 5.397 5.549 5.703 5.859 6.018 6.178 6.484 6.876 7.292 7.730 8.192 8.678 9.186 9.718 10.273 10.851 11.453 12.078 11.832 11.283 10.694 10.066 9.397 8.689 7.941 7.153 6.326 5.458 4.551 3.604 3.756 4.224 4.818 5.390 5.940 6.468 6.975 7.460 7.923 8.364 8.784 9.181 9.684 10.330 11.113 12.035
7.300 7.106 6.927 6.760 6.608 6.469 6.344 6.233 6.136 6.052 5.943 5.793 5.642 5.491 5.339 5.187 5.035 4.882 4.729 4.575 4.424 4.277 4.269 4.418 4.569 4.723 4.878 5.035 5.194 5.356 5.519 5.684 5.852 6.021 6.364 6.860 7.379 7.921 8.487 9.075 9.688 10.323 10.981 11.663 12.368 13.097 12.907 12.181 11.416 10.610 9.757 8.906 8.096 7.327 6.599 5.911 5.264 4.658 4.901 5.420 5.917 6.393 6.846 7.278 7.688 8.077 8.443 8.788 9.111 9.412 10.395 11.653 13.050 14.586
6.616 6.471 6.339 6.220 6.116 6.025 5.948 5.885 5.835 5.799 5.733 5.581 5.429 5.276 5.123 4.970 4.816 4.662 4.508 4.353 4.201 4.052 4.010 4.168 4.328 4.491 4.655 4.821 4.990 5.160 5.332 5.507 5.683 5.862 6.219 6.819 7.441 8.087 8.756 9.448 10.163 10.865 11.497 12.101 12.678 13.228 13.016 12.184 11.391 10.640 9.929 9.259 8.629 8.040 7.492 6.984 6.518 6.091 6.214 6.637 7.038 7.416 7.774 8.109 8.423 8.714 8.984 9.233 9.459 9.664 10.967 12.839 14.848 16.996
5.920 5.823 5.739 5.668 5.612 5.569 5.539 5.524 5.522 5.534 5.523 5.370 5.216 5.062 4.908 4.754 4.599 4.443 4.287 4.131 3.978 3.828 3.749 3.916 4.085 4.257 4.430 4.605 4.783 4.962 5.144 5.327 5.545 5.824 6.253 6.955 7.630 8.277 8.897 9.490 10.055 10.593 11.103 11.586 12.041 12.469 12.425 11.773 11.161 10.589 10.058 9.568 9.119 8.710 8.342 8.014 7.727 7.481 7.548 7.874 8.178 8.461 8.722 8.960 9.178 9.373 9.547 9.699 9.829 9.937 11.401 13.885 16.507 19.267
5.213 5.163 5.127 5.104 5.095 5.100 5.119 5.151 5.197 5.257 5.314 5.159 5.005 4.849 4.694 4.538 4.382 4.225 4.068 3.911 3.756 3.604 3.485 3.670 3.880 4.105 4.345 4.600 4.871 5.157 5.458 5.774 6.106 6.453 6.861 7.442 7.995 8.521 9.019 9.490 9.934 10.350 10.738 11.100 11.434 11.740 11.792 11.319 10.887 10.496 10.145 9.835 9.566 9.337 9.148 9.001 8.894 8.827 8.903 9.132 9.340 9.526 9.690 9.833 9.954 10.053 10.130 10.186 10.220 10.232 11.697 14.793 18.027 21.399
4.493 4.491 4.503 4.528 4.567 4.620 4.686 4.766 4.860 4.968 5.089 4.949 4.793 4.637 4.480 4.323 4.170 4.021 3.877 3.737 3.603 3.475 3.351 3.604 3.881 4.174 4.482 4.805 5.144 5.497 5.866 6.251 6.650 7.065 7.498 7.957 8.389 8.793 9.170 9.520 9.842 10.136 10.404 10.644 10.856 11.041 11.117 10.824 10.572 10.361 10.190 10.059 9.970 9.920 9.912 9.944 10.016 10.130 10.277 10.411 10.522 10.612 10.680 10.726 10.751 10.754 10.735 10.694 10.632 10.548 11.854 15.562 19.407 23.391
3.761 3.807 3.867 3.940 4.027 4.127 4.241 4.369 4.512 4.663 4.814 4.713 4.557 4.406 4.259 4.117 3.979 3.846 3.717 3.593 3.475 3.363 3.254 3.520 3.866 4.226 4.602 4.993 5.399 5.821 6.257 6.710 7.177 7.659 8.157 8.502 8.812 9.095 9.350 9.579 9.779 9.953 10.099 10.217 10.309 10.372 10.400 10.287 10.214 10.183 10.191 10.241 10.331 10.461 10.632 10.844 11.096 11.389 11.673 11.710 11.725 11.718 11.690 11.640 11.569 11.475 11.360 11.224 11.065 10.885 11.874 16.193 20.649 25.244
3.018 3.128 3.283 3.437 3.590 3.742 3.893 4.044 4.194 4.343 4.492 4.440 4.300 4.165 4.034 3.907 3.785 3.667 3.554 3.446 3.344 3.247 3.154 3.420 3.833 4.261 4.705 5.163 5.637 6.127 6.631 7.151 7.686 8.236 8.802 9.075 9.264 9.426 9.560 9.667 9.746 9.799 9.823 9.821 9.791 9.733 9.649 9.707 9.814 9.962 10.151 10.380 10.649 10.959 11.310 11.701 12.132 12.605 13.089 13.029 12.948 12.846 12.721 12.575 12.407 12.218 12.007 11.774 11.519 11.243 11.757 16.686 21.753 26.958
2.676 2.829 2.981 3.132 3.283 3.433 3.582 3.730 3.877 4.024 4.170 4.164 4.040 3.920 3.804 3.693 3.587 3.485 3.388 3.295 3.208 3.127 3.050 3.302 3.783 4.279 4.790 5.317 5.858 6.415 6.987 7.575 8.177 8.795 9.428 9.678 9.746 9.786 9.799 9.785 9.743 9.674 9.578 9.454 9.303 9.124 8.919 9.085 9.372 9.700 10.068 10.476 10.925 11.414 11.944 12.515 13.126 13.777 14.469 14.369 14.192 13.993 13.773 13.531 13.267 12.981 12.674 12.345 11.995 11.623 11.471 16.754 21.920 26.967
2.381 2.531 2.680 2.829 2.977 3.124 3.271 3.417 3.562 3.706 3.850 3.884 3.776 3.671 3.571 3.476 3.385 3.299 3.217 3.140 3.069 3.004 2.942 3.167 3.716 4.279 4.858 5.452 6.062 6.686 7.326 7.981 8.651 9.337 10.038 10.310 10.256 10.175 10.067 9.932 9.769 9.579 9.361 9.117 8.844 8.545 8.218 8.422 8.888 9.395 9.942 10.530 11.158 11.827 12.536 13.286 14.076 14.906 15.777 15.730 15.457 15.122 14.694 14.254 13.802 13.339 12.864 12.377 11.879 11.369 10.847 15.266 19.912 24.441
2.086 2.234 2.381 2.527 2.673 2.817 2.961 3.105 3.247 3.389 3.530 3.601 3.508 3.419 3.335 3.255 3.180 3.109 3.043 2.981 2.926 2.876 2.831 3.016 3.632 4.263 4.909 5.571 6.248 6.940 7.648 8.370 9.108 9.861 10.629 10.970 10.796 10.594 10.365 10.108 9.824 9.513 9.175 8.809 8.416 7.996 7.548 7.716 8.362 9.048 9.774 10.541 11.359 12.208 13.044 13.867 14.677 15.475 16.259 16.172 15.715 15.247 14.767 14.275 13.771 13.256 12.729 12.191 11.641 11.079 10.505 13.895 18.023 22.032
1.792 1.938 2.082 2.226 2.369 2.511 2.653 2.794 2.934 3.073 3.212 3.314 3.236 3.163 3.094 3.030 2.970 2.915 2.864 2.818 2.779 2.745 2.715 2.847 3.530 4.229 4.943 5.673 6.417 7.177 7.952 8.742 9.547 10.368 11.203 11.660 11.364 11.041 10.691 10.314 9.909 9.477 9.018 8.583 8.263 7.908 7.517 7.702 8.559 9.402 10.233 11.051 11.856 12.648 13.427 14.193 14.946 15.686 16.414 16.412 15.903 15.383 14.851 14.308 13.753 13.186 12.607 12.017 11.415 10.801 10.176 12.642 16.251 19.742
