DATA/SHG/ECMWF/20170628/EN-6/20170630.en-6.asc
ncols        190
nrows        64
xllcorner    -5100000.000000000000
yllcorner    4130000.000000000000
cellsize     10000.000000000000
NODATA_value  -99999.000
[rows 32 to 63 of 64, columns 0 to 72 of 190]
19.258 18.850 17.930 16.907 15.827 14.689 13.494 12.241 10.930 9.563 8.137 6.655 5.114 3.517 3.366 3.281 3.181 3.065 2.933 2.785 2.622 2.442 2.247 2.035 1.808 1.565 1.601 1.650 1.706 1.770 1.842 1.921 2.008 2.102 2.204 2.314 2.431 2.551 2.436 2.314 2.185 2.050 1.908 1.760 1.606 1.445 1.277 1.305 1.418 1.538 1.769 1.954 2.095 2.191 2.243 2.250 2.212 2.129 2.002 1.830 1.613 1.390 1.538 1.701 1.882 2.078 2.291 2.520 2.766 3.028 3.306 3.601 3.912
22.556 22.054 21.039 19.814 18.532 17.192 15.795 14.340 12.828 11.259 9.632 7.948 6.206 4.407 3.934 3.794 3.638 3.467 3.279 3.076 2.857 2.621 2.370 2.104 1.821 1.522 1.529 1.605 1.687 1.778 1.876 1.982 2.095 2.216 2.345 2.481 2.625 2.777 2.674 2.529 2.600 2.722 2.841 2.958 3.073 3.185 3.295 3.403 3.509 3.612 3.687 3.716 3.701 3.642 3.537 3.388 3.194 2.956 2.673 2.345 1.973 1.555 1.732 1.953 2.190 2.443 2.713 2.999 3.301 3.620 3.955 4.307 4.675
25.877 25.283 24.207 22.780 21.296 19.755 18.156 16.500 14.786 13.015 11.187 9.301 7.358 5.358 4.519 4.323 4.112 3.885 3.642 3.383 3.108 2.817 2.511 2.189 1.850 1.496 1.449 1.551 1.661 1.778 1.903 2.035 2.175 2.543 2.952 3.382 3.833 4.306 4.524 4.642 4.758 4.871 4.982 5.091 5.197 5.301 5.402 5.501 5.598 5.693 5.646 5.520 5.349 5.134 4.874 4.569 4.219 3.825 3.387 2.903 2.375 1.803 1.910 2.188 2.482 2.792 3.119 3.461 3.821 4.196 4.588 4.997 5.421
29.224 28.537 27.434 25.806 24.120 22.377 20.577 18.720 16.805 14.832 12.803 10.716 8.571 6.369 5.120 4.869 4.602 4.319 4.021 3.706 3.376 3.030 2.668 2.290 1.897 1.495 1.559 1.892 2.246 2.622 3.019 3.438 3.878 4.340 4.824 5.328 5.855 6.403 6.699 6.809 6.916 7.020 7.123 7.223 7.320 7.416 7.509 7.599 7.688 7.773 7.648 7.366 7.039 6.668 6.252 5.792 5.287 4.737 4.143 3.504 2.821 2.093 2.072 2.407 2.758 3.125 3.508 3.908 4.324 4.756 5.205 5.670 6.151
32.596 31.816 30.721 28.891 27.004 25.060 23.058 20.999 18.883 16.709 14.479 12.190 9.845 7.442 5.737 5.430 5.108 4.770 4.440 4.219 3.994 3.765 3.531 3.293 3.050 2.803 2.808 3.215 3.645 4.095 4.567 5.061 5.576 6.113 6.671 7.250 7.851 8.474 8.874 8.975 9.073 9.169 9.263 9.354 9.444 9.530 9.615 9.697 9.777 9.854 9.691 9.254 8.771 8.245 7.673 7.058 6.397 5.692 4.942 4.148 3.309 2.426 2.219 2.610 3.017 3.441 3.881 4.338 4.811 5.300 5.805 6.327 6.865
35.992 35.119 34.066 32.035 29.947 27.802 25.599 23.339 21.021 18.647 16.215 13.692 11.139 8.693 6.761 6.542 6.319 6.091 5.859 5.623 5.382 5.137 4.888 4.635 4.377 4.115 4.032 4.515 5.018 5.544 6.091 6.659 7.249 7.860 8.493 9.148 9.823 10.521 11.048 11.140 11.230 11.318 11.403 11.486 11.566 11.645 11.721 11.794 11.865 11.934 11.776 11.183 10.545 9.863 9.137 8.365 7.549 6.689 5.784 4.835 3.841 2.802 2.349 2.797 3.261 3.742 4.238 4.752 5.281 5.827 6.389 6.968 7.562
39.414 38.448 37.456 35.239 32.643 29.713 26.891 24.175 21.567 19.066 16.672 14.386 12.206 10.134 8.244 8.010 7.771 7.528 7.281 7.029 6.773 6.513 6.249 5.980 5.707 5.429 5.232 5.789 6.368 6.968 7.590 8.233 8.898 9.584 10.291 11.020 11.771 12.543 13.221 13.305 13.387 13.466 13.542 13.617 13.689 13.759 13.826 13.891 13.954 14.014 13.903 13.154 12.361 11.524 10.642 9.715 8.744 7.729 6.668 5.564 4.415 3.221 2.463 2.968 3.488 4.026 4.579 5.149 5.735 6.338 7.652 9.663 11.953
39.616 37.742 35.881 33.270 30.607 28.051 25.602 23.260 21.026 18.898 16.877 14.964 13.157 11.458 9.866 9.480 9.226 8.968 8.705 8.439 8.167 7.892 7.612 7.328 7.039 6.746 6.449 7.040 7.694 8.368 9.065 9.783 10.522 11.282 12.065 12.868 13.693 14.540 15.395 15.470 15.543 15.613 15.682 15.747 15.811 15.872 15.931 15.987 16.042 16.093 16.071 15.167 14.219 13.226 12.189 11.107 9.981 8.810 7.595 6.336 5.031 3.683 2.561 3.278 4.305 5.611 7.195 9.058 11.199 13.618 16.315 19.291 22.545
36.586 34.758 32.943 30.747 28.458 26.275 24.199 22.231 20.369 18.614 16.967 15.426 13.993 12.666 11.446 10.954 10.685 10.411 10.133 9.851 9.564 9.273 8.978 8.679 8.375 8.067 7.754 8.267 8.995 9.744 10.515 11.308 12.122 12.957 13.814 14.692 15.591 16.512 17.455 17.634 17.699 17.761 17.820 17.878 17.933 17.985 18.036 18.084 18.129 18.173 18.214 17.222 16.119 14.971 13.778 12.542 11.082 9.613 8.206 6.860 5.576 4.353 3.197 4.912 6.905 9.176 11.725 14.553 17.658 21.042 24.703 28.643 32.861
33.545 31.764 29.996 28.111 26.194 24.385 22.682 21.087 19.598 18.216 16.941 15.773 14.712 13.758 12.911 12.430 12.146 11.857 11.563 11.266 10.964 10.658 10.347 10.032 9.713 9.390 9.062 9.469 10.272 11.096 11.942 12.809 13.697 14.607 15.538 16.491 17.465 18.460 19.477 19.798 19.854 19.908 19.959 20.008 20.054 20.098 20.140 20.180 20.217 19.793 19.272 17.874 16.311 14.809 13.368 11.990 10.673 9.417 8.223 7.091 6.020 5.011 4.064 6.276 9.234 12.470 15.983 19.775 23.844 28.192 32.817 37.720 42.901
30.495 28.759 27.037 25.361 23.818 22.381 21.051 19.828 18.712 17.703 16.800 16.005 15.316 14.734 14.259 13.909 13.609 13.305 12.996 12.684 12.366 12.045 11.719 11.389 11.054 10.716 10.373 10.648 11.525 12.424 13.344 14.285 15.248 16.232 17.238 18.265 19.314 20.384 21.475 21.962 22.009 22.054 21.609 21.118 20.618 20.110 19.594 19.070 18.538 17.997 17.448 16.337 14.987 13.698 12.472 11.307 10.203 9.161 8.181 7.262 6.405 5.610 4.876 7.371 11.293 15.492 19.970 24.725 29.757 35.068 40.656 46.522 52.665
27.434 25.745 24.069 22.499 21.328 20.263 19.306 18.455 17.712 17.075 16.544 16.121 15.804 15.594 15.491 15.391 15.076 14.756 14.433 14.104 13.772 13.435 13.094 12.748 12.399 12.045 11.686 11.802 12.754 13.727 14.722 15.738 16.775 17.834 18.904 19.572 20.216 20.835 21.429 21.533 21.038 20.535 20.024 19.504 18.976 18.439 17.895 17.342 16.781 16.212 15.634 14.740 13.604 12.529 11.516 10.564 9.674 8.846 8.079 7.374 6.730 6.148 5.627 8.196 13.081 18.244 23.684 29.402 35.397 41.670 48.221 55.049 62.154
24.363 22.720 21.090 19.523 18.724 18.032 17.447 16.969 16.597 16.332 16.174 16.122 16.177 16.339 16.608 16.876 16.546 16.211 15.871 15.528 15.180 14.828 14.472 14.111 13.746 13.377 13.003 12.903 13.657 14.387 15.093 15.774 16.430 17.063 17.670 18.254 18.812 19.347 19.857 20.044 19.521 18.989 18.449 17.900 17.344 16.779 16.206 15.625 15.035 14.437 13.831 13.085 12.162 11.301 10.501 9.763 9.086 8.471 7.917 7.425 6.995 6.625 6.318 8.752 14.600 20.725 27.128 33.808 40.765 48.000 55.512 63.301 71.368
21.281 19.685 18.101 16.531 16.007 15.688 15.474 15.368 15.368 15.475 15.688 16.008 16.435 16.968 17.608 18.355 18.018 17.668 17.313 16.954 16.560 16.039 15.483 14.892 14.267 13.607 12.912 12.288 12.958 13.603 14.224 14.820 15.392 15.940 16.463 16.962 17.436 17.886 18.311 18.566 18.013 17.453 16.884 16.308 15.722 15.129 14.527 13.917 13.299 12.673 12.038 11.371 10.662 10.014 9.427 8.902 8.439 8.037 7.696 7.417 7.200 7.043 6.949 9.038 15.848 22.936 30.300 37.942 45.861 54.057 62.530 71.280 80.308
18.190 16.639 15.102 13.578 13.178 13.230 13.388 13.653 14.025 14.503 15.088 15.779 16.577 17.527 18.552 19.505 19.253 18.749 18.211 17.638 17.030 16.388 15.711 14.999 14.253 13.472 12.656 11.806 12.284 12.845 13.381 13.893 14.380 14.843 15.282 15.696 16.086 16.451 16.792 17.097 16.517 15.928 15.330 14.725 14.111 13.490 12.859 12.221 11.574 10.919 10.256 9.599 9.103 8.668 8.295 7.983 7.732 7.543 7.416 7.350 7.345 7.401 7.520 9.056 16.828 24.876 33.202 41.805 50.684 59.841 69.275 78.985 88.973
15.088 13.583 12.092 10.615 10.235 10.658 11.534 12.811 14.017 15.151 16.214 17.204 18.123 18.971 19.747 20.451 20.242 19.618 18.959 18.265 17.536 16.773 15.976 15.143 14.276 13.374 12.438 11.467 11.637 12.113 12.565 12.992 13.395 13.773 14.127 14.457 14.762 15.043 15.299 15.531 15.030 14.413 13.787 13.153 12.511 11.860 11.202 10.535 9.860 9.176 8.485 7.785 7.485 7.263 7.103 7.004 6.967 6.990 7.076 7.222 7.430 7.700 8.030 8.805 17.538 26.547 35.834 45.397 55.237 65.353 75.747 86.417 97.286
13.334 12.839 12.434 12.116 12.528 13.699 14.798 15.826 16.783 17.667 18.480 19.222 19.892 20.490 21.017 21.472 21.268 20.523 19.743 18.928 18.079 17.195 16.276 15.323 14.335 13.313 12.256 11.164 11.016 11.407 11.775 12.117 12.436 12.730 12.999 13.244 13.465 13.662 13.834 13.981 13.554 12.908 12.254 11.591 10.921 10.242 9.555 8.859 8.156 7.444 6.724 5.995 5.809 5.800 5.853 5.967 6.142 6.378 6.676 7.036 7.456 7.938 8.481 9.086 17.979 27.905 37.358 46.544 55.465 64.120 72.509 80.633 88.491
16.329 16.142 16.043 16.033 16.365 17.286 18.137 18.915 19.622 20.258 20.822 21.314 21.735 22.084 22.362 22.568 22.329 21.463 20.563 19.627 18.657 17.653 16.614 15.540 14.431 13.288 12.111 10.898 10.421 10.728 11.010 11.269 11.503 11.712 11.897 12.058 12.195 12.307 12.394 12.458 12.088 11.414 10.731 10.040 9.341 8.633 7.918 7.194 6.462 5.722 4.973 4.216 4.074 4.278 4.543 4.870 5.258 5.707 6.245 6.965 7.683 8.399 9.111 9.822 16.977 25.778 34.314 42.585 50.590 58.330 65.804 73.012 79.955
19.223 19.343 19.552 19.849 20.275 20.947 21.548 22.078 22.536 22.922 23.237 23.480 23.652 23.753 23.782 23.739 23.427 22.440 21.419 20.363 19.272 18.147 16.987 15.793 14.564 13.300 12.002 10.669 9.851 10.074 10.272 10.446 10.596 10.721 10.822 10.898 10.951 10.978 10.982 10.961 10.632 9.929 9.218 8.499 7.771 7.035 6.291 5.539 4.779 4.010 3.233 2.530 2.742 3.469 4.193 4.915 5.635 6.351 7.066 7.778 8.487 9.194 9.898 10.600 16.020 23.906 31.527 38.882 45.972 52.797 59.356 65.650 71.678
22.017 22.444 22.959 23.563 24.254 24.681 25.033 25.314 25.523 25.660 25.727 25.721 25.644 25.496 25.276 24.985 24.560 23.453 22.311 21.134 19.923 18.677 17.397 16.082 14.733 13.349 11.930 10.477 9.308 9.446 9.560 9.650 9.715 9.756 9.773 9.765 9.733 9.676 9.595 9.490 9.187 8.456 7.716 6.968 6.298 5.857 5.431 5.020 4.625 4.245 3.881 3.532 3.616 4.335 5.050 5.764 6.474 7.183 7.888 8.592 9.292 9.990 10.686 11.379 15.317 22.288 28.994 35.435 41.610 47.520 53.165 58.545 63.660
24.709 25.443 26.265 27.175 28.173 28.489 28.592 28.624 28.584 28.473 28.290 28.036 27.711 27.314 26.846 26.306 25.695 24.501 23.239 21.942 20.610 19.244 17.843 16.408 14.938 13.434 11.895 10.321 8.791 8.845 8.875 8.880 8.861 8.818 8.750 8.658 8.541 8.524 8.666 8.717 8.619 8.169 7.734 7.315 6.912 6.524 6.151 5.793 5.451 5.125 4.813 4.517 4.492 5.201 5.909 6.613 7.315 8.015 8.712 9.407 10.099 10.788 11.476 12.160 14.868 20.925 26.716 32.243 37.504 42.501 47.232 51.698 55.900
27.301 28.341 29.469 30.686 31.991 32.370 32.224 32.007 31.719 31.359 30.928 30.426 29.852 29.207 28.490 27.702 26.843 25.586 24.203 22.785 21.333 19.847 18.326 16.770 15.180 13.555 11.896 10.202 8.474 8.269 8.467 8.929 9.300 9.581 9.771 9.870 9.878 9.796 9.623 9.359 9.004 8.607 8.226 7.860 7.510 7.174 6.855 6.550 6.261 5.988 5.729 5.487 5.369 6.070 6.768 7.464 8.158 8.849 9.537 10.223 10.907 11.588 12.266 12.942 14.673 19.816 24.693 29.306 33.654 37.737 41.556 45.109 48.398
29.792 31.138 32.573 34.096 35.707 36.324 35.930 35.464 34.927 34.319 33.640 32.889 32.067 31.174 30.209 29.173 28.065 26.706 25.203 23.665 22.092 20.486 18.844 17.313 15.993 14.777 13.667 12.663 11.763 11.795 12.033 12.180 12.237 12.203 12.078 11.862 11.556 11.159 10.671 10.092 9.423 9.030 8.702 8.389 8.091 7.809 7.542 7.291 7.055 6.835 6.629 6.439 6.265 6.939 7.629 8.316 9.001 9.684 10.364 11.041 11.716 12.388 13.058 13.726 14.731 18.960 22.925 26.624 30.060 33.230 36.136 38.777 41.153
32.182 33.835 35.576 37.405 39.321 40.351 39.708 38.995 38.210 37.353 36.426 35.427 34.357 33.215 32.002 30.718 29.239 27.630 26.042 24.559 23.182 21.910 20.743 19.681 18.725 17.873 17.127 16.487 15.951 15.766 15.689 15.521 15.263 14.915 14.475 13.945 13.324 12.613 11.810 10.918 9.934 9.436 9.161 8.901 8.657 8.428 8.214 8.016 7.833 7.665 7.513 7.376 7.255 7.810 8.491 9.170 9.846 10.520 11.191 11.860 12.526 13.190 13.851 14.510 15.167 18.359 21.410 24.198 26.720 28.979 30.972 32.702 34.166
34.473 36.431 38.478 40.612 42.835 44.451 43.560 42.599 41.565 40.044 38.353 36.704 35.095 33.528 32.001 30.516 29.071 27.700 26.477 25.358 24.345 23.437 22.634 21.936 21.344 20.856 20.474 20.196 20.024 19.826 19.435 18.953 18.380 17.717 16.963 16.118 15.183 14.157 13.041 11.834 10.537 9.827 9.605 9.398 9.206 9.030 8.870 8.724 8.594 8.480 8.380 8.296 8.228 8.682 9.354 10.025 10.692 11.357 12.020 12.680 13.338 13.993 14.646 15.296 15.944 18.010 20.150 22.025 23.636 24.983 26.065 26.883 27.437
36.663 38.927 40.748 42.407 44.043 45.444 43.731 42.059 40.429 38.839 37.290 35.783 34.316 32.890 31.506 30.162 28.860 27.659 26.799 26.045 25.396 24.851 24.412 24.078 23.849 23.725 23.706 23.793 23.984 23.976 23.270 22.473 21.586 20.609 19.541 18.382 17.133 15.793 14.363 12.842 11.230 10.201 10.032 9.878 9.740 9.617 9.509 9.417 9.340 9.278 9.231 9.200 9.185 9.555 10.219 10.881 11.540 12.196 12.851 13.502 14.151 14.798 15.442 16.084 16.723 17.915 19.143 20.107 20.807 21.643 22.537 23.384 24.182
35.444 37.070 38.673 40.254 41.812 43.347 42.057 40.527 39.039 37.591 36.184 34.819 33.494 32.210 30.968 29.766 28.605 27.506 27.010 26.620 26.334 26.153 26.078 26.107 26.242 26.481 26.825 27.275 27.829 28.214 27.194 26.084 24.883 23.591 22.209 20.736 19.173 17.520 15.775 13.941 12.016 10.560 10.444 10.343 10.258 10.187 10.132 10.093 10.069 10.060 10.066 10.088 10.125 10.429 11.085 11.738 12.389 13.037 13.682 14.325 14.966 15.604 16.283 16.952 17.598 18.406 19.327 20.201 21.025 21.802 22.531 23.211 23.843
33.552 35.100 36.625 38.128 39.608 41.065 40.341 38.953 37.606 36.301 35.036 33.812 32.629 31.488 30.387 29.327 28.308 27.330 27.110 27.083 27.160 27.343 27.631 28.023 28.521 29.124 29.831 30.644 31.561 32.543 31.208 29.784 28.269 26.663 24.967 23.181 21.304 19.337 17.279 15.131 12.892 10.903 10.840 10.792 10.759 10.742 10.740 10.753 10.782 10.826 10.885 10.960 11.050 11.305 11.952 12.707 13.462 14.193 14.899 15.582 16.240 16.874 17.484 18.070 18.632 19.276 20.031 20.738 21.397 22.007 22.570 23.084 23.550
31.687 33.157 34.604 36.029 37.431 38.810 38.583 37.337 36.132 34.968 33.845 32.763 31.722 30.722 29.763 28.845 27.967 27.131 27.098 27.434 27.875 28.421 29.071 29.827 30.688 31.653 32.724 33.899 35.179 36.564 35.312 33.573 31.745 29.825 27.816 25.716 23.525 21.245 18.873 16.412 13.860 11.230 11.220 11.224 11.245 11.280 11.331 11.397 11.717 12.041 12.334 12.595 12.824 13.098 13.818 14.514 15.186 15.833 16.456 17.055 17.630 18.181 18.708 19.210 19.688 20.190 20.779 21.320 21.813 22.258 22.654 23.002 23.303
29.849 31.241 32.610 33.957 35.281 36.582 36.782 35.678 34.615 33.593 32.612 31.671 30.772 29.913 29.096 28.319 27.584 26.889 26.974 27.673 28.477 29.386 30.400 31.518 32.742 34.070 35.503 37.041 38.683 40.431 39.504 37.452 35.310 33.077 30.754 28.341 25.837 23.243 20.559 17.784 14.919 12.363 12.384 12.789 13.163 13.504 13.814 14.092 14.339 14.553 14.736 14.888 15.007 15.095 15.731 16.343 16.931 17.495 18.035 18.550 19.042 19.509 19.953 20.372 20.767 21.150 21.573 21.948 22.275 22.553 22.784 22.967 23.101
28.038 29.352 30.643 31.912 33.157 34.380 34.939 33.977 33.056 32.175 31.336 30.537 29.779 29.062 28.386 27.751 27.157 26.604 26.739 27.801 28.968 30.239 31.616 33.097 34.683 36.374 38.169 40.069 42.074 44.184 43.786 41.421 38.965 36.419 34.009 31.569 29.095 26.588 24.046 21.470 18.860 16.216 15.695 15.990 16.253 16.485 16.685 16.853 16.990 17.094 17.167 17.209 17.218 17.196 17.664 18.193 18.698 19.178 19.635 20.067 20.475 20.859 21.219 21.555 21.867 22.154 22.412 22.621 22.782 22.895 22.959 22.976 22.945
26.253 27.489 28.703 29.893 31.061 32.206 33.055 32.234 31.454 30.715 30.017 29.360 28.744 28.168 27.634 27.140 26.687 26.276 26.393 27.818 29.347 30.981 32.720 34.563 36.512 38.565 40.724 43.053 45.515 48.111 48.620 46.197 43.741 41.250 38.725 36.166 33.574 30.947 28.286 25.591 22.862 20.099 19.033 19.218 19.372 19.494 19.584 19.642 19.669 19.664 19.627 19.559 19.458 19.327 19.619 20.065 20.486 20.883 21.256 21.605 21.930 22.231 22.508 22.760 22.989 23.193 23.295 23.339 23.334 23.281 23.180 23.031 22.834
