DATA/SHG/ECMWF/20170628/EN-6/20170709.en-6.asc
ncols        190
nrows        64
xllcorner    -5100000.000000000000
yllcorner    4130000.000000000000
cellsize     10000.000000000000
NODATA_value  -99999.000
[rows 32 to 63 of 64, columns 0 to 72 of 190]
13.575 13.632 13.525 13.364 13.162 12.921 12.639 12.317 11.955 11.553 11.111 10.629 10.107 9.545 9.899 10.343 10.824 11.344 11.901 12.497 13.130 13.802 14.511 15.259 16.044 16.868 15.846 14.753 13.621 12.449 11.238 9.987 8.696 7.365 5.995 4.586 3.136 1.682 1.921 2.168 2.422 2.684 2.954 3.232 3.518 3.811 4.112 4.514 4.885 5.155 5.131 5.106 5.080 5.052 5.023 4.993 4.961 4.928 4.894 4.858 4.821 4.770 4.593 4.403 4.200 3.984 3.757 3.516 3.263 2.997 2.719 2.428 2.124
15.377 15.510 15.344 15.042 14.700 14.318 13.895 13.433 12.931 12.388 11.806 11.184 10.521 9.819 10.103 10.680 11.294 11.946 12.637 13.365 14.131 14.935 15.777 16.657 17.575 18.531 17.691 16.459 15.188 13.877 12.527 11.137 9.707 8.238 6.729 5.181 3.593 1.965 1.995 2.269 2.930 3.606 4.195 4.697 5.113 5.442 5.685 5.840 5.909 5.891 5.859 5.829 5.798 5.766 5.732 5.697 5.660 5.623 5.583 5.543 5.501 5.458 5.244 5.010 4.763 4.504 4.232 3.947 3.650 3.341 3.019 2.684 2.336
17.152 17.362 17.204 16.762 16.279 15.757 15.194 14.591 13.949 13.266 12.543 11.781 10.978 10.135 10.266 10.975 11.722 12.507 13.330 14.191 15.090 16.027 17.001 18.014 19.064 20.153 19.575 18.205 16.795 15.345 13.856 12.327 10.759 9.817 8.841 7.770 6.606 5.347 5.451 5.998 6.458 6.831 7.118 7.318 7.431 7.458 7.398 7.251 7.017 6.697 6.588 6.553 6.517 6.480 6.441 6.401 6.360 6.318 6.274 6.228 6.182 6.134 5.906 5.628 5.337 5.034 4.719 4.390 4.049 3.696 3.330 2.951 2.560
18.900 19.187 19.106 18.523 17.900 17.237 16.535 15.792 15.009 14.186 13.323 12.421 11.478 10.495 10.388 11.230 12.110 13.027 13.983 14.976 16.007 17.076 18.183 19.328 20.511 21.771 22.456 21.809 21.068 20.233 19.303 18.280 17.162 15.950 14.644 13.244 11.750 10.162 9.668 9.912 10.070 10.140 10.125 10.022 9.833 9.558 9.195 8.746 8.211 7.589 7.317 7.277 7.237 7.195 7.151 7.106 7.060 7.013 6.964 6.914 6.863 6.810 6.580 6.258 5.923 5.576 5.217 4.845 4.460 4.063 3.653 3.230 2.795
20.621 20.986 21.050 20.326 19.563 18.760 17.917 17.034 16.111 15.149 14.146 13.103 12.020 10.897 10.469 11.444 12.456 13.506 14.736 16.720 18.765 20.870 23.037 25.264 27.551 29.900 30.986 30.009 28.938 27.773 26.514 25.161 23.714 22.173 20.537 18.808 16.984 15.067 13.967 13.909 13.764 13.533 13.215 12.810 12.319 11.742 11.077 10.327 9.489 8.565 8.046 8.002 7.956 7.910 7.861 7.812 7.761 7.709 7.655 7.600 7.544 7.486 7.265 6.899 6.521 6.130 5.727 5.311 4.882 4.441 3.987 3.521 3.042
22.316 22.757 23.035 22.171 21.268 20.325 19.342 18.319 17.256 16.153 15.010 13.991 13.427 13.003 13.139 15.091 17.104 19.178 21.312 23.507 25.763 28.080 30.457 32.895 35.394 37.953 39.603 38.297 36.896 35.402 33.814 32.131 30.355 28.484 26.520 24.461 22.309 20.062 18.349 17.989 17.542 17.009 16.389 15.682 14.889 14.010 13.044 11.991 10.852 9.627 8.776 8.727 8.677 8.625 8.572 8.518 8.462 8.405 8.347 8.287 8.226 8.163 7.961 7.552 7.130 6.695 6.248 5.788 5.316 4.831 4.333 3.823 3.301
23.984 24.502 25.042 24.058 22.970 21.914 20.998 20.222 19.586 19.090 18.734 18.519 18.443 18.508 18.796 20.960 23.184 25.469 27.815 30.221 32.688 35.215 37.804 40.453 43.162 45.932 48.308 46.673 44.943 43.119 41.201 39.190 37.084 34.885 32.592 30.204 27.723 25.148 22.814 22.152 21.403 20.568 19.646 18.638 17.543 16.362 15.095 13.741 12.300 10.773 9.506 9.453 9.397 9.341 9.283 9.224 9.163 9.102 9.038 8.974 8.908 8.841 8.669 8.216 7.750 7.271 6.780 6.277 5.761 5.232 5.135 5.368 5.642
24.640 24.948 25.272 24.631 23.923 23.356 22.928 22.641 22.493 22.485 22.618 22.890 23.302 23.855 24.547 26.755 29.191 31.687 34.243 36.861 39.539 42.277 45.076 47.936 50.856 53.837 56.879 55.136 53.077 50.924 48.678 46.337 43.903 41.375 38.753 36.037 33.227 30.324 27.361 26.397 25.347 24.210 22.987 21.677 20.281 18.798 17.230 15.574 13.833 12.005 10.237 10.178 10.118 10.057 9.995 9.931 9.865 9.799 9.731 9.661 9.591 9.519 9.388 9.265 9.355 9.486 9.657 9.868 10.119 10.411 10.742 11.114 11.526
24.294 24.661 25.045 24.942 24.723 24.643 24.704 24.904 25.245 25.725 26.345 27.105 28.005 29.044 30.224 32.478 35.125 37.831 40.599 43.427 46.316 49.265 52.275 55.345 58.476 61.668 64.920 63.687 61.299 58.818 56.242 53.573 50.810 47.954 45.003 41.959 38.821 35.589 32.264 30.725 29.373 27.935 26.410 24.799 23.102 21.319 19.449 17.492 15.450 13.321 11.106 10.905 10.840 10.774 10.707 10.638 10.823 11.145 11.528 11.971 12.476 13.042 13.668 13.857 14.086 14.355 14.665 15.014 15.404 15.834 16.304 16.814 17.365
23.930 24.356 24.799 25.100 25.368 25.777 26.325 27.013 27.841 28.808 29.916 31.163 32.550 34.077 35.743 38.128 40.985 43.903 46.881 49.920 53.019 56.179 59.399 62.680 66.022 69.424 72.886 72.325 69.609 66.799 63.895 60.898 57.807 54.622 51.343 47.971 44.505 40.945 37.291 35.136 33.483 31.743 29.917 28.005 26.007 23.923 21.752 19.495 17.151 14.749 12.451 12.138 12.367 12.656 13.006 13.417 13.890 14.423 15.017 15.671 16.387 17.164 18.002 18.405 18.773 19.180 19.628 20.116 20.645 21.213 21.821 22.470 23.158
23.548 24.032 24.534 25.104 25.860 26.756 27.791 28.967 30.282 31.737 33.331 35.065 36.939 38.953 41.106 43.706 46.774 49.902 53.091 56.340 59.650 63.020 66.451 69.942 73.494 77.106 80.779 81.051 78.007 74.868 71.637 68.311 64.892 61.379 57.772 54.072 50.278 46.390 42.409 39.629 37.675 35.634 32.871 30.167 27.577 25.103 22.743 20.499 18.369 16.354 14.454 14.086 14.526 15.026 15.587 16.210 16.893 17.637 18.442 19.308 20.234 21.222 22.270 22.909 23.415 23.961 24.547 25.174 25.840 26.547 27.293 28.080 28.907
23.147 23.691 24.251 24.954 26.198 27.581 29.104 30.766 32.568 34.509 36.591 38.811 41.172 43.672 46.311 49.211 52.489 55.828 59.227 62.687 66.207 69.787 73.428 77.130 80.892 84.714 88.597 89.865 86.492 83.026 79.466 75.812 72.065 68.225 64.253 58.776 53.433 48.226 43.155 39.178 36.527 33.992 31.571 29.266 27.075 24.999 23.038 21.191 19.460 17.843 16.341 15.971 16.622 17.333 18.106 18.939 19.833 20.788 21.803 22.880 24.017 25.216 26.475 27.368 28.013 28.697 29.422 30.186 30.991 31.836 32.720 33.645 34.610
22.728 23.331 23.950 24.652 26.383 28.252 30.262 32.411 34.699 37.127 39.695 42.402 45.248 48.234 51.360 54.643 58.132 61.681 65.290 68.960 72.691 76.481 80.333 84.244 88.216 92.248 96.341 98.472 92.517 86.697 81.012 75.463 70.049 64.770 59.627 54.619 49.747 45.010 40.408 36.569 34.317 32.180 30.158 28.250 26.458 24.780 23.217 21.769 20.435 19.217 18.113 17.793 18.655 19.577 20.561 21.605 22.709 23.875 25.101 26.389 27.737 29.145 30.615 31.783 32.566 33.389 34.251 35.154 36.097 37.080 38.103 39.166 40.269
22.290 22.952 23.631 24.327 26.414 28.770 31.266 33.901 36.676 39.590 42.643 45.836 49.169 52.640 56.252 60.002 63.702 67.462 71.281 75.161 78.674 80.701 82.636 84.480 86.233 87.894 89.464 90.424 84.938 79.589 74.374 69.295 64.351 59.542 54.869 50.331 45.928 41.661 37.528 33.847 31.993 30.255 28.631 27.122 25.727 24.447 23.282 22.232 21.296 20.475 19.769 19.553 20.626 21.759 22.953 24.207 25.523 26.899 28.336 29.833 31.392 33.011 34.691 36.155 37.075 38.036 39.037 40.078 41.159 42.280 43.441 44.641 45.882
21.835 22.556 23.293 24.048 26.292 29.135 32.116 35.238 38.498 41.898 45.437 49.116 52.933 56.478 59.179 61.765 63.982 66.059 68.044 69.937 71.739 73.450 75.069 76.597 78.034 79.379 80.633 81.795 77.230 72.350 67.606 62.996 58.522 54.183 49.979 45.910 41.977 38.179 34.516 31.012 29.557 28.216 26.990 25.879 24.882 24.000 23.233 22.580 22.041 21.618 21.309 21.251 22.534 23.877 25.282 26.747 28.273 29.859 31.507 33.215 34.984 36.813 38.703 40.482 41.541 42.639 43.778 44.957 46.176 47.435 48.734 50.072 51.451
21.361 22.141 22.937 23.751 26.017 29.346 32.669 35.773 38.762 41.637 44.398 47.045 49.579 51.998 54.303 56.494 58.417 60.177 61.846 63.423 64.909 66.304 67.607 68.819 69.940 70.969 71.907 72.754 69.392 64.982 60.707 56.567 52.562 48.692 44.957 41.358 37.893 34.564 31.370 28.310 27.008 26.065 25.236 24.523 23.923 23.439 23.069 22.813 22.672 22.646 22.734 22.936 24.379 25.933 27.548 29.224 30.960 32.757 34.614 36.533 38.511 40.551 42.651 44.765 45.962 47.199 48.475 49.792 51.149 52.545 53.982 55.459 56.944
20.904 21.755 22.617 23.488 25.327 28.262 31.084 33.791 36.385 38.865 41.230 43.482 45.620 47.644 49.554 51.350 52.955 54.399 55.752 57.013 58.184 59.262 60.250 61.146 61.952 62.665 63.288 63.819 61.425 57.484 53.678 50.007 46.471 43.070 39.804 36.673 33.677 30.817 28.091 25.500 24.346 23.800 23.369 23.053 22.851 22.763 22.790 22.932 23.188 23.558 24.043 24.642 26.162 27.927 29.752 31.638 33.584 35.591 37.659 39.787 41.976 44.226 46.536 48.907 50.339 51.669 52.501 53.242 53.893 54.454 54.924 55.303 55.592
20.555 21.441 22.337 23.242 24.657 27.197 29.623 31.935 34.134 36.218 38.189 40.046 41.789 43.418 44.933 46.334 47.597 48.725 49.762 50.708 51.563 52.326 52.998 53.579 54.068 54.467 54.774 54.990 53.328 49.855 46.518 43.316 40.249 37.317 34.519 31.857 29.330 26.937 24.679 22.557 21.571 21.423 21.389 21.470 21.665 21.974 22.398 22.936 23.589 24.356 25.237 26.233 27.883 29.857 31.893 33.988 36.145 38.362 40.576 42.490 44.483 46.555 48.706 50.936 51.984 52.594 53.113 53.541 53.879 54.127 54.284 54.351 54.327
20.196 21.116 22.046 22.986 24.112 26.257 28.288 30.205 32.008 33.698 35.274 36.736 38.084 39.318 40.439 41.445 42.343 43.155 43.877 44.507 45.046 45.494 45.850 46.116 46.290 46.374 46.366 46.267 45.101 42.097 39.229 36.495 33.896 31.432 29.103 26.909 24.850 22.925 21.135 19.480 18.684 18.933 19.296 19.773 20.365 21.071 21.892 22.826 23.875 25.039 26.317 27.612 28.947 30.661 32.454 34.326 36.277 38.307 40.416 42.604 44.870 47.216 49.641 52.144 53.307 53.604 53.810 53.926 53.951 53.886 53.731 53.485 53.149
19.826 20.781 21.745 22.718 23.702 25.441 27.077 28.600 30.008 31.303 32.484 33.552 34.505 35.345 36.072 36.684 37.192 37.689 38.095 38.410 38.633 38.766 38.808 38.758 38.617 38.386 38.063 37.649 36.744 34.209 31.809 29.544 27.413 25.417 23.556 21.829 20.238 18.781 17.459 16.271 15.684 16.330 17.090 17.964 18.982 20.089 21.153 22.173 23.148 24.080 24.967 25.810 27.067 29.055 31.122 33.268 35.492 37.796 40.179 42.640 45.180 47.800 50.498 53.275 54.715 54.699 54.593 54.396 54.109 53.732 53.264 52.706 52.058
19.446 20.434 21.433 22.441 23.459 24.750 25.992 27.120 28.134 29.034 29.821 30.494 31.054 31.499 31.831 32.050 32.155 32.326 32.416 32.416 32.325 32.142 31.869 31.505 31.049 30.503 29.865 29.137 28.259 26.192 24.259 22.462 20.799 19.271 17.877 16.618 15.494 14.745 14.463 14.147 14.028 15.160 16.247 17.291 18.291 19.246 20.158 21.025 21.849 22.628 23.363 24.054 25.110 27.372 29.713 32.132 34.631 37.208 39.864 42.599 45.413 48.305 51.277 54.327 56.209 55.880 55.461 54.952 54.353 53.663 52.884 52.014 51.053
19.055 20.078 21.110 22.152 23.204 24.184 25.031 25.765 26.384 26.891 27.283 27.562 27.728 27.780 27.718 27.543 27.254 27.066 26.841 26.526 26.120 25.623 25.035 24.356 23.586 22.725 21.773 20.730 19.596 18.044 17.132 16.970 16.774 16.544 16.280 15.982 15.649 15.283 14.882 14.447 13.991 14.970 15.906 16.797 17.645 18.448 19.208 19.923 20.594 21.221 21.805 22.344 23.078 25.613 28.228 30.921 33.693 36.543 39.473 42.481 45.568 48.734 51.978 55.302 57.787 57.146 56.415 55.594 54.683 53.681 52.589 51.407 50.135
18.653 19.710 20.777 21.853 22.940 23.742 24.195 24.534 24.760 24.873 24.871 24.757 24.528 24.187 23.731 23.162 22.480 21.909 21.370 20.740 20.019 19.208 18.305 17.846 17.926 18.067 18.268 18.530 18.852 18.779 18.533 18.253 17.938 17.590 17.207 16.790 16.339 15.854 15.335 14.781 14.194 14.825 15.609 16.348 17.044 17.695 18.302 18.866 19.385 19.860 20.291 20.679 21.022 23.778 26.666 29.632 32.678 35.802 39.004 42.286 45.646 49.085 52.602 56.198 59.450 58.497 57.454 56.321 55.098 53.784 52.381 50.887 49.303
18.241 19.333 20.433 21.544 22.664 23.424 23.483 23.429 23.261 22.980 22.585 22.077 21.455 20.720 19.871 18.909 18.139 17.786 17.712 17.699 17.747 17.855 18.024 18.253 18.543 18.894 19.305 19.777 20.310 20.333 19.968 19.570 19.137 18.669 18.168 17.633 17.064 16.460 15.822 15.150 14.445 14.725 15.356 15.944 16.487 16.986 17.442 17.853 18.221 18.544 18.823 19.059 19.250 21.867 25.028 28.268 31.586 34.983 38.459 42.013 45.646 49.358 53.148 57.018 60.965 59.933 58.578 57.134 55.599 53.974 52.258 50.453 48.558
17.819 18.944 20.079 21.224 22.378 23.230 22.896 22.448 21.887 21.248 20.620 20.009 19.412 18.831 18.266 17.715 17.181 16.867 17.004 17.201 17.459 17.778 18.157 18.596 19.096 19.657 20.278 20.960 21.703 21.921 21.437 20.920 20.369 19.783 19.163 18.510 17.822 17.100 16.344 15.554 14.730 14.669 15.149 15.584 15.975 16.323 16.626 16.886 17.101 17.273 17.401 17.485 17.524 19.880 23.314 26.827 30.418 34.088 37.837 41.664 45.570 49.554 53.617 57.759 61.979 61.454 59.788 58.032 56.185 54.249 52.222 50.105 47.899
17.386 18.545 19.604 20.594 21.542 22.349 21.714 21.094 20.490 19.901 19.327 18.768 18.225 17.698 17.186 16.689 16.207 15.886 16.233 16.640 17.108 17.636 18.225 18.875 19.585 20.356 21.187 22.079 23.031 23.542 22.940 22.304 21.635 20.931 20.193 19.421 18.614 17.774 16.900 15.992 15.049 14.658 14.985 15.269 15.508 15.704 15.856 15.964 16.027 16.047 16.023 15.955 15.844 17.817 21.524 25.310 29.174 33.116 37.138 41.238 45.416 49.673 54.009 58.423 62.916 63.060 61.083 59.015 56.857 54.393 51.817 49.208 46.568
16.439 17.368 18.253 19.096 19.896 20.654 20.192 19.625 19.074 18.538 18.018 17.513 17.024 16.549 16.091 15.647 15.219 14.841 15.398 16.015 16.693 17.431 18.230 19.089 20.009 20.990 22.031 23.132 24.294 25.197 24.477 23.723 22.934 22.112 21.256 20.366 19.441 18.483 17.490 16.464 15.403 14.690 14.866 14.998 15.086 15.130 15.130 15.086 14.998 14.867 14.691 14.472 14.208 15.678 19.658 23.716 27.853 32.068 36.362 40.734 45.185 49.715 54.099 58.400 62.666 63.207 60.648 58.057 55.434 52.778 50.090 47.370 44.618
15.431 16.212 16.951 17.646 18.299 18.910 18.655 18.142 17.644 17.162 16.695 16.243 15.807 15.386 14.981 14.590 14.216 13.856 14.499 15.327 16.214 17.162 18.171 19.240 20.370 21.560 22.810 24.121 25.493 26.885 26.047 25.174 24.268 23.327 22.353 21.344 20.302 19.225 18.115 16.970 15.791 14.768 14.792 14.772 14.708 14.600 14.449 14.253 14.014 13.731 13.404 13.033 12.618 13.463 17.716 22.146 26.572 30.963 35.320 39.641 43.928 48.179 52.396 56.578 60.725 62.072 59.401 56.699 53.964 51.196 48.397 45.565 42.701
14.471 15.105 15.696 16.245 16.751 17.214 17.103 16.643 16.199 15.770 15.356 14.958 14.575 14.208 13.855 13.519 13.197 12.891 13.538 14.575 15.672 16.830 18.048 19.327 20.666 22.065 23.525 25.046 26.627 28.268 27.650 26.660 25.635 24.577 23.484 22.357 21.197 20.002 18.773 17.511 16.214 14.889 14.761 14.590 14.375 14.115 13.812 13.465 13.240 13.018 12.777 12.517 12.237 12.592 16.969 21.310 25.617 29.890 34.127 38.329 42.497 46.629 50.727 54.790 58.818 60.970 58.188 55.373 52.527 49.648 46.737 43.794 40.818
13.559 14.045 14.489 14.891 15.250 15.567 15.536 15.130 14.739 14.363 14.003 13.658 13.328 13.014 12.715 12.432 12.164 11.911 12.513 13.759 15.066 16.433 17.861 19.349 20.898 22.507 24.176 25.906 27.696 29.546 29.288 28.179 27.036 25.860 24.649 23.404 22.126 20.813 19.466 18.086 16.671 15.311 14.994 14.821 14.628 14.417 14.186 13.936 13.666 13.378 13.071 12.744 12.398 12.033 16.286 20.509 24.697 28.850 32.968 37.052 41.100 45.114 49.093 53.037 56.947 59.900 57.007 54.081 51.123 48.132 45.110 42.055 38.968
12.694 13.034 13.331 13.585 13.797 13.967 13.955 13.602 13.264 12.942 12.635 12.343 12.067 11.806 11.560 11.330 11.115 10.915 11.424 12.880 14.397 15.973 17.610 19.308 21.066 22.884 24.762 26.701 28.701 30.760 30.959 29.732 28.471 27.177 25.604 24.087 22.633 21.242 19.914 18.649 17.447 16.307 15.837 15.597 15.338 15.060 14.763 14.447 14.111 13.757 13.383 12.990 12.577 12.146 15.637 19.741 23.810 27.844 31.844 35.809 39.738 43.634 47.494 51.319 55.110 58.864 55.858 52.821 49.751 46.650 43.516 40.350 37.151
11.877 12.070 12.220 12.328 12.393 12.416 12.358 12.059 11.774 11.505 11.251 11.013 10.790 10.582 10.390 10.213 10.051 9.905 10.273 11.938 13.664 15.450 17.296 19.203 21.170 23.197 25.273 27.055 28.815 30.552 30.846 29.295 27.807 26.381 25.018 23.719 22.482 21.307 20.196 19.148 18.162 17.239 16.698 16.392 16.067 15.723 15.359 14.977 14.575 14.154 13.714 13.254 12.776 12.278 15.022 19.007 22.958 26.873 30.754 34.600 38.411 42.187 45.929 49.635 53.307 56.944 54.743 51.594 48.413 45.200 41.955 38.677 35.367
