DATA/SHG/ECMWF/20170628/EN-6/20170629.en-6.asc
ncols        190
nrows        64
xllcorner    -5100000.000000000000
yllcorner    4130000.000000000000
cellsize     10000.000000000000
NODATA_value  -99999.000
[rows 0 to 32 of 64, columns 73 to 145 of 190]
3.657 3.644 3.630 3.615 3.598 3.581 3.562 3.542 3.479 3.322 3.174 3.037 2.912 2.797 2.693 2.600 2.518 2.448 2.388 2.339 2.312 2.317 2.311 2.304 2.294 2.282 2.267 2.250 2.231 2.209 2.185 2.159 2.158 2.239 2.310 2.372 2.424 2.466 2.498 2.521 2.534 2.537 2.530 2.513 2.458 2.313 2.170 2.031 1.896 1.764 1.635 1.509 1.387 1.268 1.153 1.041 0.953 0.930 0.907 0.883 0.858 0.833 0.807 0.781 0.754 0.726 0.698 0.669 0.722 1.010 1.308 1.616 1.934
3.742 3.725 3.680 3.635 3.599 3.572 3.555 3.547 3.525 3.404 3.295 3.197 3.109 3.033 2.967 2.913 2.869 2.837 2.815 2.804 2.804 2.798 2.783 2.764 2.744 2.721 2.696 2.668 2.638 2.606 2.571 2.534 2.504 2.541 2.569 2.587 2.595 2.594 2.582 2.561 2.530 2.490 2.439 2.379 2.302 2.171 2.044 1.920 1.799 1.682 1.568 1.458 1.350 1.247 1.146 1.049 0.964 0.939 0.913 0.886 0.859 0.831 0.803 0.774 0.744 0.714 0.683 0.652 0.674 1.007 1.350 1.703 2.066
3.555 3.524 3.502 3.489 3.486 3.492 3.507 3.532 3.559 3.477 3.406 3.346 3.297 3.259 3.231 3.215 3.210 3.215 3.232 3.259 3.298 3.282 3.256 3.227 3.196 3.162 3.126 3.088 3.047 3.004 2.959 2.911 2.861 2.854 2.838 2.812 2.777 2.732 2.677 2.612 2.538 2.453 2.359 2.256 2.142 2.027 1.914 1.805 1.700 1.597 1.498 1.403 1.310 1.222 1.136 1.054 0.976 0.948 0.919 0.890 0.860 0.830 0.799 0.767 0.735 0.702 0.669 0.635 0.633 1.038 1.446 1.856 2.268
3.304 3.305 3.316 3.336 3.365 3.403 3.451 3.508 3.574 3.540 3.507 3.485 3.474 3.474 3.485 3.507 3.540 3.584 3.638 3.704 3.780 3.768 3.731 3.691 3.649 3.605 3.559 3.510 3.458 3.404 3.348 3.290 3.229 3.177 3.117 3.048 2.969 2.880 2.782 2.673 2.555 2.428 2.290 2.143 1.986 1.879 1.781 1.687 1.596 1.509 1.425 1.344 1.267 1.193 1.122 1.055 0.991 0.958 0.926 0.902 0.887 0.876 0.869 0.865 0.864 0.868 0.874 0.884 0.898 1.286 1.704 2.124 2.546
3.045 3.079 3.122 3.174 3.235 3.306 3.386 3.475 3.574 3.592 3.598 3.614 3.641 3.680 3.729 3.789 3.860 3.941 4.034 4.138 4.253 4.256 4.208 4.158 4.105 4.050 3.993 3.933 3.871 3.807 3.740 3.671 3.599 3.510 3.407 3.294 3.172 3.039 2.897 2.745 2.584 2.412 2.231 2.041 1.840 1.727 1.645 1.566 1.490 1.417 1.356 1.303 1.252 1.202 1.154 1.107 1.062 1.046 1.040 1.037 1.039 1.043 1.052 1.064 1.079 1.098 1.121 1.147 1.176 1.531 1.959 2.389 2.822
2.777 2.843 2.919 3.003 3.097 3.200 3.313 3.434 3.565 3.635 3.678 3.733 3.798 3.875 3.962 4.060 4.169 4.289 4.420 4.562 4.714 4.746 4.687 4.626 4.563 4.497 4.429 4.359 4.286 4.211 4.134 4.054 3.972 3.854 3.707 3.551 3.384 3.209 3.023 2.828 2.623 2.410 2.197 1.984 1.770 1.660 1.606 1.554 1.503 1.454 1.406 1.360 1.316 1.273 1.231 1.191 1.153 1.146 1.156 1.169 1.186 1.207 1.231 1.258 1.290 1.325 1.363 1.405 1.450 1.773 2.211 2.652 3.094
2.501 2.600 2.708 2.825 2.951 3.086 3.231 3.385 3.548 3.667 3.749 3.841 3.945 4.059 4.185 4.321 4.468 4.626 4.795 4.975 5.166 5.237 5.168 5.097 5.023 4.947 4.868 4.787 4.704 4.618 4.530 4.439 4.323 4.153 3.942 3.730 3.518 3.305 3.092 2.878 2.663 2.448 2.233 2.017 1.800 1.674 1.627 1.582 1.538 1.496 1.455 1.415 1.378 1.341 1.307 1.274 1.242 1.242 1.267 1.297 1.330 1.366 1.406 1.449 1.497 1.547 1.601 1.659 1.720 2.013 2.461 2.911 3.364
2.217 2.348 2.488 2.638 2.796 2.964 3.141 3.327 3.523 3.689 3.809 3.940 4.081 4.234 4.397 4.572 4.757 4.953 5.160 5.378 5.606 5.731 5.651 5.540 5.416 5.290 5.163 5.035 4.905 4.775 4.643 4.510 4.376 4.211 3.997 3.783 3.569 3.353 3.138 2.921 2.704 2.487 2.269 2.051 1.832 1.687 1.647 1.608 1.571 1.536 1.502 1.469 1.438 1.409 1.381 1.354 1.329 1.334 1.376 1.421 1.469 1.522 1.577 1.637 1.699 1.766 1.836 1.909 1.986 2.250 2.708 3.169 3.631
1.925 2.088 2.260 2.442 2.633 2.833 3.042 3.261 3.488 3.701 3.859 4.028 4.208 4.398 4.600 4.808 5.004 5.199 5.393 5.586 5.779 5.898 5.771 5.642 5.512 5.381 5.249 5.115 4.981 4.845 4.708 4.570 4.430 4.270 4.054 3.837 3.620 3.402 3.184 2.965 2.746 2.526 2.306 2.085 1.864 1.698 1.665 1.633 1.603 1.574 1.547 1.521 1.497 1.474 1.453 1.433 1.415 1.422 1.480 1.541 1.605 1.673 1.745 1.820 1.899 1.981 2.066 2.156 2.249 2.484 2.952 3.423 3.896
1.624 1.819 2.024 2.238 2.461 2.694 2.935 3.186 3.452 3.724 3.922 4.119 4.315 4.511 4.706 4.900 5.093 5.285 5.476 5.667 5.856 6.012 5.879 5.745 5.610 5.473 5.336 5.197 5.057 4.916 4.774 4.630 4.485 4.329 4.111 3.892 3.672 3.452 3.231 3.010 2.788 2.566 2.343 2.120 1.896 1.708 1.681 1.656 1.633 1.611 1.590 1.571 1.554 1.538 1.523 1.510 1.499 1.507 1.580 1.657 1.737 1.821 1.908 1.999 2.094 2.192 2.293 2.398 2.507 2.715 3.194 3.675 4.158
1.315 1.567 1.853 2.138 2.423 2.707 2.990 3.272 3.554 3.834 4.029 4.223 4.417 4.609 4.801 4.992 5.182 5.371 5.560 5.747 5.934 6.119 5.989 5.849 5.709 5.567 5.424 5.280 5.135 4.988 4.841 4.692 4.542 4.389 4.168 3.947 3.725 3.502 3.279 3.055 2.831 2.606 2.381 2.155 1.929 1.716 1.696 1.678 1.661 1.646 1.632 1.620 1.609 1.600 1.592 1.586 1.581 1.588 1.677 1.770 1.866 1.965 2.068 2.175 2.285 2.399 2.516 2.637 2.761 2.944 3.433 3.924 4.417
1.401 1.686 1.969 2.252 2.534 2.815 3.096 3.376 3.655 3.934 4.136 4.328 4.518 4.708 4.897 5.085 5.272 5.459 5.644 5.829 6.013 6.195 6.100 5.955 5.809 5.662 5.514 5.364 5.214 5.062 4.909 4.755 4.600 4.443 4.226 4.002 3.778 3.553 3.327 3.101 2.875 2.647 2.420 2.192 1.963 1.734 1.709 1.698 1.687 1.679 1.672 1.667 1.663 1.660 1.659 1.660 1.662 1.666 1.770 1.878 1.990 2.105 2.224 2.346 2.472 2.602 2.735 2.871 3.060 3.321 3.971 4.661 5.392
1.522 1.804 2.085 2.366 2.645 2.924 3.203 3.480 3.757 4.034 4.244 4.433 4.620 4.807 4.993 5.179 5.363 5.546 5.729 5.911 6.092 6.271 6.212 6.062 5.911 5.758 5.605 5.450 5.294 5.137 4.979 4.819 4.659 4.497 4.285 4.059 3.832 3.604 3.376 3.148 2.919 2.689 2.459 2.228 1.997 1.765 1.721 1.716 1.712 1.711 1.711 1.712 1.715 1.719 1.725 1.732 1.741 1.751 1.859 2.043 2.294 2.543 2.791 3.038 3.283 3.527 3.769 4.010 4.249 4.487 5.279 6.150 7.063
1.644 1.923 2.202 2.480 2.757 3.034 3.310 3.585 3.860 4.134 4.353 4.538 4.723 4.907 5.090 5.273 5.454 5.635 5.815 5.994 6.172 6.348 6.325 6.170 6.013 5.856 5.697 5.537 5.375 5.213 5.049 4.885 4.719 4.552 4.344 4.115 3.886 3.656 3.426 3.195 2.963 2.731 2.499 2.265 2.032 1.798 1.730 1.732 1.736 1.741 1.832 2.007 2.170 2.323 2.466 2.598 2.720 2.831 3.044 3.290 3.534 3.777 4.019 4.259 4.497 4.735 4.970 5.205 5.437 5.669 6.544 7.597 8.690
1.765 2.042 2.319 2.594 2.870 3.144 3.418 3.690 3.963 4.234 4.462 4.645 4.827 5.008 5.188 5.367 5.546 5.724 5.901 6.077 6.252 6.425 6.440 6.279 6.117 5.954 5.790 5.625 5.458 5.290 5.122 4.951 4.780 4.608 4.404 4.173 3.941 3.708 3.476 3.242 3.008 2.838 2.756 2.708 2.694 2.715 2.838 3.007 3.166 3.314 3.452 3.579 3.696 3.802 3.897 3.983 4.057 4.121 4.298 4.537 4.775 5.011 5.246 5.480 5.712 5.942 6.171 6.399 6.626 6.850 7.767 9.001 10.276
1.887 2.162 2.436 2.710 2.982 3.254 3.526 3.796 4.066 4.335 4.572 4.752 4.931 5.109 5.286 5.463 5.638 5.813 5.987 6.160 6.333 6.503 6.555 6.389 6.222 6.054 5.884 5.714 5.542 5.369 5.195 5.020 4.838 4.656 4.472 4.303 4.168 4.067 4.000 3.968 3.969 4.005 4.075 4.178 4.317 4.489 4.655 4.777 4.889 4.990 5.080 5.161 5.230 5.289 5.338 5.376 5.404 5.421 5.551 5.783 6.015 6.245 6.473 6.700 6.926 7.150 7.372 7.594 7.814 8.032 8.947 10.362 11.818
2.010 2.282 2.554 2.825 3.095 3.365 3.634 3.902 4.170 4.437 4.682 4.859 5.035 5.210 5.385 5.559 5.731 5.903 6.075 6.245 6.414 6.582 6.672 6.478 6.270 6.067 5.871 5.680 5.495 5.316 5.142 4.975 4.813 4.657 4.538 4.521 4.538 4.589 4.674 4.793 4.946 5.133 5.355 5.611 5.900 6.224 6.480 6.555 6.620 6.674 6.718 6.751 6.773 6.786 6.787 6.778 6.759 6.729 6.803 7.030 7.254 7.478 7.700 7.920 8.139 8.357 8.573 8.788 9.001 9.213 10.086 11.681 13.318
2.133 2.403 2.672 2.941 3.209 3.476 3.743 4.009 4.274 4.539 4.793 4.967 5.140 5.313 5.484 5.651 5.760 5.869 5.978 6.088 6.198 6.314 6.403 6.215 6.032 5.856 5.685 5.520 5.361 5.207 5.059 4.917 4.781 4.651 4.567 4.701 4.870 5.072 5.309 5.580 5.885 6.224 6.597 7.004 7.445 7.921 8.314 8.342 8.360 8.367 8.364 8.350 8.326 8.291 8.246 8.190 8.124 8.047 8.056 8.275 8.494 8.711 8.926 9.140 9.353 9.564 9.774 9.982 10.189 10.394 11.181 12.958 14.775
2.256 2.524 2.791 3.057 3.323 3.588 3.852 4.116 4.370 4.576 4.763 4.874 4.983 5.092 5.202 5.311 5.421 5.531 5.642 5.752 5.863 5.980 6.101 5.946 5.789 5.638 5.493 5.354 5.220 5.092 4.970 4.854 4.744 4.639 4.558 4.844 5.164 5.518 5.907 6.329 6.785 7.276 7.801 8.359 8.952 9.579 10.156 10.137 10.108 10.069 10.018 9.958 9.887 9.805 9.713 9.610 9.497 9.374 9.308 9.521 9.733 9.943 10.152 10.360 10.566 10.771 10.974 11.176 11.376 11.575 12.235 14.192 16.190
2.380 2.649 2.915 3.163 3.395 3.609 3.806 3.986 4.148 4.293 4.420 4.531 4.641 4.751 4.862 4.972 5.083 5.194 5.305 5.417 5.528 5.646 5.768 5.671 5.540 5.415 5.295 5.181 5.074 4.971 4.875 4.784 4.700 4.620 4.547 4.949 5.421 5.927 6.466 7.040 7.648 8.290 8.966 9.676 10.420 11.198 12.007 11.942 11.866 11.779 11.682 11.575 11.457 11.328 11.189 11.040 10.880 10.710 10.560 10.767 10.972 11.176 11.378 11.580 11.779 11.977 12.174 12.370 12.563 12.756 13.246 15.384 17.562
2.641 2.864 3.070 3.258 3.429 3.583 3.720 3.839 3.941 4.026 4.093 4.189 4.300 4.411 4.522 4.633 4.745 4.857 4.969 5.081 5.194 5.312 5.436 5.390 5.284 5.185 5.091 5.003 4.921 4.844 4.773 4.708 4.649 4.596 4.548 5.017 5.640 6.297 6.988 7.713 8.473 9.266 10.093 10.954 11.850 12.779 13.742 13.755 13.632 13.498 13.355 13.200 13.036 12.860 12.675 12.478 12.272 12.054 11.827 12.012 12.211 12.408 12.604 12.799 12.992 13.184 13.374 13.563 13.751 14.056 14.669 17.543 20.653
2.932 3.095 3.241 3.369 3.480 3.574 3.650 3.709 3.751 3.776 3.783 3.847 3.958 4.070 4.182 4.295 4.407 4.520 4.633 4.746 4.860 4.979 5.103 5.102 5.023 4.949 4.881 4.818 4.762 4.711 4.666 4.626 4.593 4.565 4.543 5.047 5.822 6.630 7.473 8.349 9.259 10.204 11.182 12.195 13.241 14.321 15.436 15.576 15.407 15.227 15.036 14.835 14.623 14.401 14.169 13.926 13.672 13.408 13.134 13.257 13.433 13.632 13.901 14.238 14.645 15.120 15.664 16.277 16.959 17.710 18.529 22.257 26.418
3.240 3.342 3.428 3.496 3.547 3.580 3.596 3.595 3.577 3.542 3.489 3.505 3.617 3.730 3.843 3.956 4.070 4.183 4.297 4.411 4.526 4.646 4.771 4.809 4.755 4.707 4.664 4.627 4.596 4.571 4.552 4.538 4.530 4.528 4.531 5.040 5.966 6.926 7.919 8.947 10.008 11.104 12.233 13.396 14.594 15.825 17.090 17.407 17.190 16.964 16.726 16.397 15.951 15.522 15.111 14.717 14.341 13.982 13.641 13.831 14.268 14.772 15.346 15.989 16.700 17.480 18.330 19.247 20.234 21.290 22.414 26.730 31.939
3.563 3.605 3.630 3.638 3.629 3.602 3.559 3.498 3.419 3.324 3.211 3.163 3.276 3.390 3.504 3.618 3.732 3.847 3.962 4.077 4.192 4.313 4.439 4.510 4.481 4.459 4.442 4.430 4.425 4.425 4.431 4.443 4.461 4.484 4.513 4.996 6.073 7.184 8.328 9.507 10.719 11.966 13.192 14.326 15.434 16.516 17.573 17.819 17.380 16.959 16.555 16.169 15.801 15.450 15.116 14.800 14.502 14.221 13.958 14.289 15.031 15.841 16.719 17.667 18.683 19.768 20.922 22.145 23.436 24.797 26.226 30.961 37.218
3.902 3.884 3.849 3.797 3.728 3.641 3.537 3.416 3.277 3.122 2.949 2.821 2.936 3.050 3.165 3.280 3.395 3.511 3.626 3.742 3.858 3.980 4.107 4.204 4.201 4.204 4.213 4.227 4.247 4.273 4.305 4.342 4.385 4.464 4.600 5.089 6.289 7.463 8.612 9.735 10.832 11.903 12.949 13.969 14.963 15.932 16.875 17.262 16.901 16.557 16.232 15.923 15.633 15.359 15.104 14.866 14.645 14.442 14.257 14.676 15.722 16.837 18.020 19.273 20.594 21.983 23.442 24.969 26.565 28.230 29.963 34.951 42.256
4.256 4.179 4.084 3.971 3.842 3.695 3.531 3.350 3.152 2.936 2.703 2.480 2.595 2.711 2.826 2.942 3.058 3.175 3.291 3.408 3.525 3.647 3.776 3.893 3.933 4.010 4.100 4.204 4.320 4.449 4.591 4.745 4.913 5.093 5.287 5.669 6.756 7.816 8.851 9.860 10.844 11.801 12.733 13.640 14.521 15.376 16.205 16.687 16.404 16.138 15.890 15.659 15.446 15.251 15.073 14.913 14.770 14.645 14.537 14.992 16.342 17.762 19.250 20.807 22.432 24.126 25.889 27.721 29.621 31.590 33.627 38.700 47.051
4.627 4.489 4.334 4.162 3.972 3.766 3.542 3.301 3.042 2.767 2.474 2.164 2.255 2.371 2.488 2.605 2.729 2.904 3.077 3.247 3.416 3.583 3.747 3.910 4.033 4.168 4.315 4.476 4.649 4.835 5.034 5.246 5.471 5.708 5.958 6.277 7.249 8.196 9.117 10.013 10.883 11.727 12.545 13.338 14.106 14.847 15.563 16.094 15.889 15.701 15.531 15.378 15.242 15.125 15.024 14.942 14.876 14.829 14.798 15.236 16.891 18.615 20.407 22.269 24.198 26.197 28.264 30.399 32.603 34.876 37.218 42.208 51.605
5.013 4.815 4.600 4.368 4.119 3.852 3.568 3.267 2.949 2.620 2.316 2.026 2.117 2.293 2.467 2.639 2.808 2.977 3.143 3.307 3.469 3.629 3.787 3.943 4.119 4.311 4.516 4.733 4.964 5.207 5.463 5.731 6.013 6.308 6.615 6.935 7.770 8.603 9.411 10.193 10.949 11.680 12.385 13.064 13.718 14.346 14.949 15.484 15.356 15.246 15.153 15.078 15.020 14.980 14.957 14.952 14.965 14.994 15.042 15.410 17.369 19.397 21.493 23.659 25.892 28.195 30.565 33.005 35.513 38.090 40.735 45.475 55.918
5.415 5.157 4.857 4.502 4.162 3.836 3.524 3.226 2.943 2.675 2.421 2.181 2.224 2.394 2.561 2.726 2.889 3.051 3.210 3.368 3.523 3.677 3.828 3.978 4.191 4.440 4.701 4.976 5.263 5.563 5.876 6.202 6.541 6.892 7.257 7.634 8.318 9.038 9.732 10.400 11.043 11.660 12.252 12.818 13.359 13.873 14.363 14.826 14.806 14.773 14.758 14.760 14.780 14.817 14.872 14.945 15.035 15.142 15.267 15.512 17.775 20.107 22.508 24.977 27.514 30.120 32.795 35.538 38.350 41.230 44.179 48.503 59.990
5.203 4.869 4.550 4.245 3.954 3.678 3.416 3.168 2.935 2.717 2.512 2.322 2.333 2.496 2.656 2.815 2.972 3.126 3.279 3.430 3.579 3.726 3.871 4.014 4.248 4.554 4.872 5.204 5.548 5.905 6.275 6.658 7.054 7.462 7.884 8.318 8.893 9.499 10.080 10.635 11.164 11.668 12.147 12.600 13.027 13.428 13.804 14.154 14.237 14.282 14.345 14.425 14.522 14.637 14.769 14.919 15.086 15.271 15.474 15.693 18.111 20.746 23.451 26.223 29.064 31.974 34.952 37.999 41.114 44.298 47.550 50.917 62.124
4.782 4.498 4.229 3.974 3.733 3.507 3.295 3.097 2.914 2.745 2.591 2.451 2.443 2.599 2.753 2.905 3.055 3.204 3.350 3.495 3.637 3.777 3.915 4.051 4.291 4.653 5.029 5.417 5.819 6.233 6.660 7.099 7.552 8.017 8.495 8.986 9.494 9.987 10.455 10.897 11.313 11.704 12.069 12.408 12.722 13.011 13.273 13.511 13.651 13.774 13.914 14.071 14.246 14.438 14.648 14.875 15.120 15.382 15.662 15.959 18.375 21.314 24.248 26.994 29.646 32.203 34.666 37.034 39.307 41.486 43.570 45.559 55.042
4.348 4.114 3.895 3.690 3.499 3.323 3.161 3.013 2.880 2.761 2.656 2.566 2.555 2.704 2.852 2.997 3.141 3.283 3.422 3.560 3.696 3.830 3.961 4.091 4.318 4.738 5.171 5.616 6.074 6.545 7.029 7.526 8.035 8.557 9.092 9.640 10.123 10.503 10.857 11.186 11.489 11.766 12.018 12.245 12.446 12.621 12.771 12.895 13.048 13.248 13.465 13.700 13.952 14.467 15.415 16.119 16.581 16.799 16.775 16.508 18.218 20.737 23.160 25.490 27.724 29.864 31.910 33.861 35.717 37.479 39.146 40.719 48.235
3.902 3.718 3.548 3.393 3.252 3.125 3.013 2.915 2.832 2.763 2.708 2.667 2.669 2.811 2.952 3.091 3.228 3.363 3.496 3.628 3.757 3.884 4.009 4.132 4.332 4.808 5.298 5.800 6.315 6.843 7.384 7.937 8.503 9.082 9.674 10.279 10.779 11.046 11.287 11.502 11.692 11.857 11.995 12.109 12.660 14.417 16.026 17.486 18.794 19.880 20.724 21.325 21.683 21.799 21.671 21.301 20.688 19.832 18.734 17.392 18.062 20.164 22.170 24.083 25.900 27.623 29.252 30.786 32.226 33.571 34.822 35.978 41.703
