DATA/SHG/ECMWF/20170628/EN-6/20170710.en-6.asc
ncols        190
nrows        64
xllcorner    -5100000.000000000000
yllcorner    4130000.000000000000
cellsize     10000.000000000000
NODATA_value  -99999.000
[rows 0 to 32 of 64, columns 75 to 149 of 190]
5.183 4.921 4.643 4.347 4.035 3.707 3.465 3.563 3.714 3.853 3.983 4.101 4.210 4.307 4.395 4.471 4.538 4.594 4.679 4.890 5.095 5.297 5.496 5.693 5.887 6.079 6.268 6.454 6.637 6.818 6.988 7.124 7.247 7.358 7.456 7.542 7.615 7.675 7.723 7.758 7.781 7.791 7.761 7.643 7.529 7.419 7.312 7.208 7.108 7.012 6.919 6.830 6.744 6.662 6.548 6.327 6.101 5.870 5.634 5.393 5.146 4.895 4.639 4.378 4.111 3.840 3.567 3.305 3.049 2.799 2.555 2.317 2.085 1.859 1.639
5.047 4.815 4.611 4.433 4.282 4.159 4.100 4.224 4.337 4.440 4.533 4.615 4.686 4.747 4.798 4.838 4.867 4.886 4.916 5.115 5.308 5.498 5.685 5.870 6.053 6.232 6.409 6.583 6.755 6.924 7.081 7.160 7.227 7.282 7.324 7.353 7.370 7.374 7.366 7.345 7.311 7.265 7.201 7.099 7.001 6.906 6.815 6.728 6.644 6.563 6.486 6.413 6.343 6.277 6.189 5.945 5.697 5.443 5.185 4.921 4.653 4.379 4.100 3.816 3.528 3.234 2.945 2.709 2.480 2.257 2.040 1.829 1.623 1.424 1.231
5.222 5.084 4.974 4.891 4.834 4.805 4.806 4.893 4.970 5.036 5.092 5.137 5.172 5.196 5.210 5.213 5.206 5.188 5.160 5.342 5.523 5.702 5.877 6.050 6.220 6.388 6.553 6.715 6.875 7.032 7.186 7.211 7.221 7.220 7.205 7.178 7.139 7.087 7.022 6.945 6.855 6.753 6.638 6.552 6.470 6.391 6.316 6.244 6.176 6.111 6.050 5.993 5.939 5.888 5.836 5.570 5.299 5.023 4.742 4.456 4.165 3.869 3.567 3.261 2.950 2.634 2.343 2.190 2.045 1.909 1.781 1.661 1.549 1.445 1.350
5.371 5.328 5.312 5.323 5.361 5.425 5.517 5.571 5.611 5.640 5.659 5.668 5.666 5.653 5.630 5.597 5.553 5.499 5.434 5.573 5.742 5.908 6.072 6.233 6.391 6.547 6.700 6.850 6.998 7.143 7.285 7.274 7.229 7.171 7.100 7.017 6.922 6.814 6.693 6.560 6.414 6.255 6.084 6.003 5.936 5.873 5.814 5.758 5.705 5.657 5.611 5.570 5.531 5.497 5.465 5.200 4.907 4.611 4.320 4.036 3.757 3.483 3.216 2.954 2.698 2.447 2.202 2.078 1.970 1.870 1.778 1.695 1.620 1.553 1.495
5.495 5.547 5.625 5.729 5.861 6.020 6.205 6.258 6.261 6.254 6.236 6.208 6.169 6.120 6.060 5.990 5.910 5.819 5.717 5.805 5.963 6.117 6.269 6.418 6.564 6.708 6.849 6.988 7.124 7.257 7.387 7.352 7.250 7.136 7.010 6.870 6.719 6.554 6.378 6.188 5.986 5.772 5.545 5.450 5.399 5.352 5.308 5.268 5.233 5.200 5.166 5.130 5.094 5.057 5.020 4.788 4.511 4.241 3.976 3.716 3.463 3.215 2.973 2.736 2.505 2.280 2.061 1.957 1.886 1.823 1.768 1.721 1.683 1.653 1.631
5.594 5.740 5.912 6.110 6.336 6.589 6.868 6.953 6.919 6.875 6.821 6.756 6.681 6.595 6.499 6.392 6.275 6.147 6.009 6.041 6.186 6.329 6.469 6.606 6.740 6.872 7.002 7.128 7.252 7.374 7.492 7.443 7.285 7.115 6.933 6.737 6.530 6.309 6.076 5.830 5.578 5.324 5.068 4.959 4.926 4.892 4.857 4.822 4.785 4.748 4.710 4.671 4.631 4.591 4.549 4.362 4.111 3.865 3.626 3.392 3.164 2.941 2.724 2.513 2.308 2.108 1.914 1.829 1.794 1.768 1.750 1.740 1.738 1.744 1.759
5.668 5.907 6.173 6.466 6.785 7.132 7.505 7.657 7.586 7.506 7.415 7.313 7.201 7.079 6.946 6.803 6.649 6.485 6.310 6.279 6.412 6.543 6.671 6.796 6.919 7.039 7.157 7.271 7.383 7.493 7.568 7.472 7.227 6.980 6.731 6.480 6.227 5.973 5.716 5.458 5.198 4.936 4.672 4.530 4.494 4.456 4.418 4.378 4.338 4.298 4.256 4.213 4.170 4.126 4.081 3.930 3.705 3.485 3.271 3.062 2.859 2.662 2.471 2.285 2.105 1.930 1.762 1.692 1.694 1.705 1.723 1.750 1.784 1.827 1.879
5.717 6.049 6.409 6.796 7.209 7.649 8.116 8.369 8.262 8.145 8.017 7.879 7.731 7.572 7.402 7.222 7.032 6.832 6.620 6.520 6.641 6.714 6.767 6.822 6.878 6.934 6.991 7.049 7.108 7.168 7.229 7.169 6.916 6.660 6.403 6.144 5.883 5.620 5.356 5.089 4.821 4.551 4.279 4.103 4.063 4.022 3.980 3.937 3.893 3.849 3.803 3.757 3.710 3.662 3.614 3.494 3.294 3.099 2.910 2.727 2.549 2.378 2.211 2.051 1.896 1.747 1.604 1.548 1.587 1.633 1.688 1.751 1.823 1.902 1.990
5.740 6.166 6.620 7.100 7.607 8.141 8.702 9.090 8.946 8.793 8.628 8.454 8.269 8.051 7.741 7.428 7.111 6.790 6.465 6.227 6.283 6.340 6.397 6.456 6.515 6.575 6.637 6.698 6.761 6.825 6.889 6.869 6.607 6.343 6.078 5.810 5.541 5.270 4.997 4.723 4.446 4.168 3.888 3.678 3.634 3.589 3.543 3.497 3.449 3.401 3.352 3.302 3.252 3.200 3.148 3.052 2.877 2.708 2.545 2.387 2.234 2.088 1.947 1.812 1.682 1.558 1.440 1.396 1.471 1.554 1.646 1.745 1.853 1.969 2.094
5.738 6.258 6.805 7.379 7.980 8.607 9.226 9.650 9.350 9.046 8.738 8.427 8.111 7.792 7.470 7.143 6.813 6.479 6.141 5.844 5.904 5.965 6.027 6.089 6.152 6.216 6.281 6.347 6.414 6.481 6.549 6.571 6.301 6.029 5.755 5.479 5.202 4.923 4.642 4.359 4.074 3.788 3.499 3.254 3.206 3.158 3.108 3.058 3.007 2.955 2.903 2.849 2.795 2.740 2.684 2.606 2.456 2.312 2.174 2.041 1.914 1.793 1.677 1.567 1.463 1.364 1.272 1.235 1.347 1.467 1.595 1.731 1.875 2.028 2.189
5.749 6.335 6.904 7.455 7.989 8.505 9.003 9.474 9.160 8.843 8.523 8.198 7.870 7.538 7.202 6.862 6.519 6.172 5.821 5.472 5.525 5.590 5.655 5.722 5.789 5.857 5.926 5.995 6.066 6.137 6.209 6.275 5.997 5.717 5.435 5.151 4.866 4.578 4.289 3.998 3.705 3.410 3.114 2.831 2.780 2.728 2.675 2.621 2.566 2.511 2.455 2.398 2.340 2.281 2.221 2.153 2.029 1.910 1.797 1.690 1.588 1.492 1.402 1.317 1.238 1.165 1.097 1.067 1.215 1.371 1.536 1.709 1.889 2.079 2.276
5.910 6.435 6.943 7.432 7.905 8.359 8.796 9.216 8.975 8.645 8.311 7.973 7.632 7.287 6.938 6.585 6.229 5.869 5.505 5.142 5.146 5.215 5.284 5.354 5.425 5.497 5.569 5.643 5.717 5.792 5.868 5.945 5.695 5.407 5.117 4.825 4.531 4.236 3.938 3.639 3.338 3.035 2.730 2.424 2.355 2.300 2.243 2.185 2.127 2.068 2.008 1.947 1.886 1.823 1.760 1.696 1.597 1.504 1.416 1.334 1.257 1.187 1.122 1.062 1.008 0.960 0.937 0.950 1.162 1.369 1.574 1.774 1.972 2.166 2.356
6.088 6.552 6.998 7.426 7.837 8.230 8.606 8.964 8.793 8.450 8.103 7.752 7.398 7.040 6.678 6.312 5.943 5.570 5.193 4.817 4.767 4.839 4.912 4.986 5.061 5.136 5.213 5.290 5.368 5.447 5.527 5.608 5.397 5.100 4.802 4.502 4.200 3.896 3.590 3.283 2.974 2.663 2.350 2.035 1.932 1.873 1.812 1.751 1.689 1.627 1.563 1.499 1.433 1.367 1.301 1.233 1.160 1.115 1.100 1.090 1.084 1.081 1.083 1.089 1.099 1.112 1.130 1.153 1.337 1.529 1.718 1.903 2.085 2.264 2.439
6.282 6.684 7.069 7.436 7.785 8.117 8.432 8.728 8.615 8.259 7.899 7.535 7.167 6.796 6.421 6.043 5.660 5.274 4.885 4.495 4.386 4.462 4.539 4.617 4.696 4.775 4.856 4.937 5.019 5.102 5.185 5.270 5.100 4.796 4.489 4.181 3.871 3.559 3.245 2.929 2.612 2.293 1.971 1.648 1.511 1.447 1.384 1.319 1.280 1.268 1.253 1.237 1.219 1.198 1.176 1.151 1.142 1.141 1.145 1.152 1.164 1.180 1.199 1.223 1.251 1.283 1.319 1.359 1.515 1.692 1.865 2.036 2.202 2.366 2.525
6.491 6.832 7.156 7.462 7.750 8.021 8.274 8.510 8.440 8.071 7.698 7.321 6.941 6.557 6.169 5.777 5.382 4.983 4.580 4.178 4.006 4.086 4.167 4.248 4.331 4.414 4.498 4.583 4.669 4.756 4.843 4.932 4.806 4.494 4.179 3.862 3.544 3.224 2.902 2.595 2.311 2.037 1.771 1.515 1.407 1.394 1.379 1.361 1.342 1.320 1.297 1.271 1.244 1.214 1.182 1.149 1.146 1.163 1.185 1.210 1.240 1.274 1.312 1.353 1.399 1.449 1.503 1.562 1.696 1.858 2.016 2.171 2.322 2.470 2.615
6.717 6.997 7.259 7.504 7.731 7.941 8.133 8.307 8.270 7.888 7.501 7.112 6.718 6.321 5.920 5.516 5.107 4.695 4.279 3.864 3.625 3.709 3.793 3.879 3.965 4.052 4.140 4.229 4.319 4.409 4.499 4.583 4.499 4.192 3.894 3.605 3.325 3.054 2.793 2.541 2.299 2.065 1.841 1.627 1.508 1.485 1.461 1.435 1.406 1.375 1.343 1.308 1.271 1.232 1.191 1.148 1.145 1.181 1.220 1.264 1.312 1.364 1.419 1.479 1.543 1.611 1.683 1.760 1.881 2.027 2.170 2.310 2.446 2.578 2.708
6.959 7.177 7.379 7.562 7.728 7.877 8.008 8.121 8.103 7.708 7.309 6.906 6.499 6.089 5.675 5.258 4.836 4.411 3.983 3.554 3.243 3.346 3.457 3.561 3.660 3.753 3.840 3.922 3.997 4.067 4.131 4.189 4.147 3.881 3.624 3.376 3.138 2.908 2.688 2.478 2.276 2.084 1.902 1.728 1.611 1.579 1.546 1.510 1.472 1.432 1.390 1.347 1.301 1.253 1.203 1.150 1.141 1.194 1.252 1.314 1.379 1.449 1.523 1.601 1.683 1.769 1.859 1.953 2.068 2.199 2.327 2.451 2.572 2.690 2.804
7.217 7.374 7.514 7.637 7.741 7.829 7.899 7.951 7.940 7.531 7.119 6.704 6.284 5.861 5.445 5.036 4.632 4.235 3.844 3.459 3.127 3.218 3.302 3.381 3.454 3.521 3.582 3.638 3.688 3.731 3.770 3.802 3.785 3.560 3.344 3.138 2.940 2.753 2.574 2.404 2.244 2.093 1.952 1.820 1.716 1.675 1.632 1.587 1.540 1.491 1.440 1.387 1.332 1.275 1.216 1.154 1.132 1.204 1.279 1.359 1.443 1.531 1.623 1.718 1.818 1.922 2.031 2.143 2.259 2.375 2.487 2.596 2.702 2.804 2.903
7.490 7.587 7.666 7.727 7.771 7.797 7.800 7.763 7.728 7.312 6.892 6.479 6.073 5.672 5.277 4.889 4.507 4.131 3.762 3.399 3.041 3.096 3.154 3.207 3.254 3.296 3.331 3.361 3.385 3.403 3.415 3.422 3.413 3.229 3.055 2.890 2.734 2.587 2.449 2.321 2.202 2.093 1.992 1.901 1.823 1.773 1.721 1.667 1.611 1.553 1.492 1.430 1.366 1.300 1.231 1.161 1.119 1.209 1.303 1.400 1.502 1.608 1.718 1.832 1.950 2.072 2.198 2.328 2.453 2.554 2.651 2.745 2.835 2.922 3.005
7.657 7.617 7.579 7.542 7.507 7.472 7.439 7.408 7.377 7.031 6.633 6.241 5.856 5.477 5.104 4.737 4.377 4.022 3.674 3.333 2.997 2.980 3.013 3.040 3.062 3.077 3.087 3.091 3.089 3.081 3.068 3.048 3.023 2.889 2.756 2.632 2.517 2.412 2.315 2.228 2.150 2.082 2.022 1.972 1.932 1.873 1.811 1.748 1.683 1.616 1.546 1.475 1.402 1.326 1.249 1.169 1.102 1.210 1.322 1.437 1.557 1.681 1.809 1.941 2.076 2.216 2.360 2.508 2.650 2.736 2.818 2.896 2.971 3.043 3.111
7.267 7.233 7.199 7.167 7.136 7.106 7.078 7.051 7.026 6.744 6.368 5.998 5.634 5.277 4.925 4.580 4.241 3.908 3.582 3.262 2.948 2.872 2.879 2.880 2.876 2.865 2.849 2.828 2.800 2.766 2.727 2.682 2.631 2.540 2.448 2.365 2.291 2.226 2.171 2.125 2.089 2.061 2.043 2.034 2.034 1.974 1.904 1.832 1.757 1.681 1.603 1.522 1.440 1.355 1.268 1.179 1.089 1.207 1.336 1.470 1.608 1.750 1.895 2.045 2.199 2.357 2.519 2.771 3.148 3.411 3.658 3.889 4.104 4.304 4.487
6.877 6.847 6.818 6.791 6.764 6.740 6.716 6.694 6.673 6.453 6.098 5.750 5.408 5.071 4.742 4.418 4.100 3.789 3.484 3.186 2.893 2.770 2.751 2.727 2.696 2.660 2.619 2.571 2.518 2.458 2.393 2.323 2.246 2.180 2.129 2.088 2.055 2.032 2.017 2.013 2.017 2.031 2.054 2.086 2.127 2.078 1.999 1.918 1.834 1.748 1.661 1.571 1.480 1.386 1.290 1.192 1.092 1.199 1.403 1.703 2.020 2.356 2.710 3.081 3.471 3.879 4.304 4.748 5.209 5.419 5.595 5.755 5.899 6.027 6.139
6.486 6.461 6.437 6.414 6.392 6.372 6.353 6.336 6.320 6.156 5.823 5.496 5.175 4.861 4.552 4.250 3.954 3.664 3.381 3.104 2.833 2.674 2.630 2.580 2.524 2.462 2.395 2.321 2.242 2.157 2.067 1.970 1.868 1.812 1.802 1.801 1.809 1.827 1.854 1.890 1.936 1.990 2.054 2.127 2.210 2.184 2.096 2.005 1.913 1.840 1.814 1.805 1.811 1.835 1.875 1.932 2.005 2.282 2.643 3.022 3.420 3.835 4.268 4.719 5.189 5.676 6.181 6.704 7.245 7.441 7.546 7.635 7.708 7.764 7.805
6.094 6.074 6.054 6.036 6.019 6.004 5.990 5.977 5.966 5.854 5.543 5.237 4.938 4.645 4.358 4.077 3.803 3.534 3.272 3.017 2.768 2.586 2.516 2.440 2.358 2.271 2.177 2.078 1.973 1.863 1.746 1.624 1.496 1.433 1.464 1.504 1.554 1.613 1.681 1.758 1.872 2.022 2.155 2.271 2.371 2.395 2.376 2.374 2.388 2.418 2.466 2.529 2.610 2.707 2.820 2.950 3.097 3.422 3.863 4.322 4.799 5.294 5.806 6.337 6.886 7.453 8.037 8.640 9.260 9.476 9.510 9.528 9.529 9.515 9.485
5.702 5.686 5.671 5.658 5.646 5.635 5.626 5.618 5.611 5.547 5.257 4.973 4.695 4.424 4.158 3.899 3.646 3.399 3.158 2.924 2.697 2.504 2.408 2.306 2.199 2.086 1.967 1.842 1.712 1.575 1.433 1.341 1.351 1.435 1.627 1.803 1.962 2.104 2.230 2.339 2.431 2.507 2.567 2.609 2.636 2.661 2.715 2.786 2.874 2.978 3.099 3.236 3.390 3.560 3.747 3.951 4.171 4.542 5.063 5.601 6.158 6.732 7.324 7.935 8.563 9.209 9.873 10.555 11.255 11.524 11.487 11.434 11.364 11.279 11.178
5.309 5.297 5.287 5.279 5.271 5.265 5.261 5.257 5.255 5.235 4.966 4.704 4.447 4.197 3.953 3.715 3.484 3.258 3.039 2.827 2.621 2.428 2.315 2.229 2.163 2.119 2.096 2.094 2.113 2.154 2.215 2.298 2.403 2.527 2.645 2.747 2.832 2.901 2.953 2.989 3.008 3.010 2.996 2.965 2.918 2.909 3.037 3.181 3.342 3.520 3.714 3.924 4.151 4.395 4.655 4.932 5.226 5.643 6.243 6.861 7.496 8.150 8.822 9.512 10.219 10.945 11.688 12.450 13.229 13.586 13.478 13.353 13.213 13.057 12.884
4.915 4.908 4.903 4.899 4.896 4.895 4.895 4.896 4.899 4.903 4.671 4.429 4.194 3.966 3.744 3.539 3.339 3.144 2.955 2.771 2.593 2.418 2.401 2.409 2.437 2.487 2.558 2.650 2.764 2.898 3.054 3.231 3.430 3.636 3.680 3.708 3.720 3.715 3.694 3.656 3.601 3.530 3.442 3.338 3.217 3.139 3.340 3.558 3.792 4.043 4.310 4.594 4.895 5.212 5.546 5.896 6.262 6.723 7.403 8.100 8.815 9.548 10.299 11.068 11.855 12.660 13.483 14.324 15.182 15.661 15.481 15.286 15.075 14.847 14.604
4.520 4.518 4.518 4.518 4.520 4.524 4.529 4.537 4.557 4.579 4.410 4.202 3.999 3.801 3.609 3.422 3.241 3.065 2.895 2.731 2.571 2.416 2.463 2.565 2.687 2.831 2.996 3.183 3.390 3.619 3.869 4.140 4.432 4.745 4.732 4.686 4.625 4.546 4.451 4.339 4.211 4.067 3.905 3.727 3.533 3.351 3.626 3.917 4.224 4.548 4.889 5.246 5.620 6.010 6.417 6.841 7.281 7.784 8.542 9.319 10.114 10.926 11.757 12.605 13.471 14.355 15.257 16.177 17.115 17.748 17.498 17.232 16.950 16.652 16.338
4.127 4.138 4.152 4.168 4.186 4.207 4.231 4.257 4.286 4.317 4.194 4.005 3.821 3.642 3.469 3.301 3.139 2.982 2.831 2.685 2.545 2.409 2.501 2.697 2.913 3.151 3.410 3.691 3.992 4.315 4.659 5.024 5.410 5.817 5.800 5.681 5.546 5.394 5.225 5.040 4.839 4.620 4.386 4.134 3.867 3.582 3.893 4.258 4.638 5.036 5.450 5.880 6.327 6.791 7.271 7.767 8.280 8.824 9.662 10.518 11.392 12.284 13.194 14.121 15.067 16.030 17.011 18.011 19.028 19.850 19.528 19.191 18.838 18.469 18.085
3.784 3.804 3.826 3.851 3.878 3.908 3.940 3.975 4.012 4.052 3.974 3.803 3.638 3.478 3.324 3.175 3.032 2.894 2.761 2.635 2.514 2.397 2.515 2.805 3.116 3.447 3.800 4.175 4.570 4.986 5.424 5.883 6.363 6.864 6.885 6.693 6.484 6.258 6.016 5.758 5.483 5.191 4.883 4.559 4.217 3.860 4.143 4.581 5.035 5.505 5.992 6.496 7.016 7.553 8.106 8.676 9.262 9.864 10.762 11.698 12.651 13.622 14.611 15.617 16.642 17.685 18.745 19.823 20.920 21.800 21.002 20.217 19.443 18.682 17.933
3.438 3.467 3.498 3.532 3.568 3.606 3.647 3.691 3.737 3.786 3.749 3.597 3.451 3.310 3.174 3.045 2.920 2.801 2.687 2.580 2.478 2.380 2.506 2.889 3.294 3.719 4.166 4.634 5.123 5.634 6.165 6.718 7.292 7.887 7.987 7.721 7.439 7.140 6.824 6.493 6.144 5.779 5.398 5.000 4.585 4.154 4.375 4.886 5.413 5.957 6.517 7.094 7.687 8.297 8.923 9.566 10.225 10.901 11.843 12.857 13.846 14.724 15.554 16.337 17.071 17.758 18.397 18.989 19.532 20.028 19.363 18.632 17.913 17.206 16.512
3.091 3.129 3.168 3.211 3.256 3.303 3.353 3.405 3.460 3.517 3.519 3.386 3.259 3.137 3.020 2.909 2.804 2.703 2.609 2.520 2.437 2.358 2.472 2.949 3.448 3.967 4.508 5.070 5.653 6.257 6.882 7.529 8.196 8.885 9.105 8.766 8.410 8.038 7.649 7.244 6.822 6.384 5.929 5.458 4.970 4.466 4.589 5.173 5.773 6.390 7.023 7.664 8.299 8.949 9.614 10.293 10.987 11.695 12.474 13.236 13.951 14.618 15.238 15.809 16.333 16.809 17.237 17.618 17.951 18.236 17.714 17.037 16.372 15.720 15.080
2.742 2.788 2.837 2.888 2.942 2.998 3.056 3.117 3.181 3.247 3.284 3.170 3.062 2.959 2.861 2.769 2.682 2.601 2.525 2.456 2.392 2.332 2.415 2.986 3.578 4.191 4.826 5.481 6.158 6.856 7.575 8.315 9.076 9.858 10.240 9.827 9.398 8.953 8.491 8.012 7.517 7.006 6.461 5.867 5.278 4.695 4.677 5.304 5.945 6.601 7.272 7.958 8.658 9.373 10.103 10.847 11.606 12.380 13.049 13.601 14.105 14.561 14.969 15.330 15.644 15.909 16.127 16.297 16.419 16.494 16.054 15.432 14.821 14.223 13.638
