DATA/SHG/ECMWF/20170628/EN-6/20170704.en-6.asc
ncols        190
nrows        64
xllcorner    -5100000.000000000000
yllcorner    4130000.000000000000
cellsize     10000.000000000000
NODATA_value  -99999.000
[rows 32 to 63 of 64, columns 72 to 143 of 190]
11.629 11.605 11.981 12.352 12.718 13.079 13.435 13.785 14.131 14.471 14.806 15.136 15.461 15.786 16.161 16.588 17.068 17.599 18.183 18.819 19.507 20.247 21.018 21.812 22.648 23.278 23.077 22.870 22.658 22.440 22.218 21.990 21.757 21.519 21.275 21.026 20.773 20.581 20.507 20.424 20.329 20.225 20.110 19.985 19.849 20.058 21.281 22.530 23.806 25.762 28.329 30.714 32.915 34.933 36.768 38.420 39.888 41.174 42.277 43.196 43.933 45.000 46.261 47.363 48.308 49.096 49.727 50.199 50.515 50.673 50.673 50.516
11.570 11.592 11.950 12.303 12.651 12.995 13.333 13.666 13.993 14.316 14.634 14.946 15.254 15.564 16.120 16.728 17.389 18.101 18.865 19.682 20.550 21.470 22.423 23.401 24.419 25.347 25.122 24.891 24.656 24.415 24.169 23.918 23.661 23.400 23.133 22.861 22.854 23.824 24.949 26.102 27.281 28.487 29.719 30.978 32.263 33.576 34.914 36.280 37.672 39.250 41.007 42.580 43.971 45.179 46.204 47.046 47.705 48.181 48.474 48.584 48.511 48.725 49.289 49.697 49.946 50.039 49.974 49.752 49.372 48.836 48.141 47.290
11.483 11.609 11.923 12.259 12.589 12.915 13.235 13.551 13.861 14.166 14.466 14.761 15.051 15.335 16.032 16.821 17.662 18.554 19.499 20.496 21.545 22.646 23.780 24.940 26.141 27.383 27.170 27.076 27.637 28.280 29.005 29.811 30.700 31.672 32.725 33.860 35.077 36.365 37.607 38.876 40.171 41.493 42.842 44.217 45.619 47.047 48.502 49.984 51.492 52.913 53.860 54.624 55.205 55.603 55.819 55.851 55.701 55.368 54.852 54.153 53.271 52.605 52.475 52.187 51.742 51.140 50.380 49.463 48.389 47.158 45.770 44.224
11.367 11.598 11.901 12.219 12.532 12.840 13.143 13.441 13.733 14.021 14.303 14.580 14.853 15.120 15.896 16.865 17.887 18.960 20.085 21.651 23.829 26.025 28.120 30.114 32.122 34.143 35.096 35.937 36.860 37.864 38.951 40.120 41.371 42.704 44.119 45.616 47.195 48.856 50.220 51.605 53.017 54.455 55.920 57.411 58.929 60.474 62.045 63.643 65.267 66.753 66.890 66.845 66.616 66.206 65.612 64.836 63.876 62.735 61.410 59.903 58.213 56.642 55.816 54.834 53.695 52.398 50.944 49.333 47.565 45.640 43.558 41.318
11.223 11.558 11.884 12.184 12.480 12.770 13.055 13.335 13.610 13.880 14.145 14.405 15.160 16.481 18.324 20.475 22.643 24.829 27.031 29.251 31.488 33.741 35.897 37.950 40.017 42.097 43.492 44.694 45.979 47.346 48.794 50.325 51.938 53.632 55.409 57.267 59.208 61.230 62.788 64.290 65.817 67.372 68.953 70.560 72.194 73.855 75.542 77.256 78.996 80.763 80.096 79.242 78.205 76.986 75.584 73.999 72.232 70.282 68.149 65.834 63.336 60.834 59.314 57.638 55.805 53.814 51.666 49.362 46.900 44.282 41.506 38.573
11.050 11.490 11.871 12.154 12.432 13.321 14.742 16.135 17.500 18.835 20.142 21.419 22.668 23.889 25.605 27.815 30.042 32.286 34.547 36.825 39.120 41.433 43.647 45.760 47.886 50.026 51.785 53.349 54.996 56.724 58.534 60.426 62.400 64.456 66.594 68.814 71.116 73.499 75.312 76.929 78.573 80.243 81.940 83.664 85.414 87.191 88.994 90.824 92.680 94.563 93.479 91.816 89.971 87.943 85.733 83.341 80.766 78.009 75.069 71.946 68.641 65.182 62.969 60.599 58.072 55.388 52.547 49.549 46.394 43.082 39.614 35.988
14.123 15.823 17.417 18.824 20.202 21.552 22.873 24.165 25.428 26.663 27.868 29.045 30.194 31.313 32.861 35.130 37.415 39.718 42.037 44.374 46.728 49.099 51.372 53.545 55.731 57.930 59.976 61.902 63.910 65.999 68.171 70.424 72.759 75.177 77.675 80.256 82.919 85.663 87.790 89.524 91.284 93.070 94.883 96.723 98.589 100.481 102.401 104.346 106.319 108.317 107.037 104.567 101.914 99.079 96.062 92.862 89.480 85.915 82.168 78.239 74.127 69.833 66.779 63.716 60.495 57.119 53.585 49.894 46.047 42.042 37.881 33.563
22.841 24.442 25.966 27.273 28.550 29.799 31.019 32.211 33.373 34.507 35.612 36.688 37.736 38.755 40.092 42.419 44.763 47.124 49.503 51.898 54.310 56.740 59.072 61.304 63.549 65.808 68.065 70.352 72.721 75.172 77.704 80.319 83.015 85.793 88.653 91.594 94.618 97.723 100.224 102.074 103.950 105.852 107.781 109.737 111.719 113.727 115.762 117.824 119.912 122.026 120.771 117.494 114.034 110.392 106.568 102.561 98.372 94.001 89.448 84.713 79.795 74.695 70.745 66.989 63.076 59.007 54.667 50.011 45.374 40.755 36.155 31.572
31.575 33.076 34.532 35.738 36.915 38.063 39.182 40.273 41.335 42.368 43.372 44.348 45.295 46.213 47.298 49.684 52.086 54.506 56.943 59.396 61.867 64.355 66.746 69.038 71.342 73.661 76.052 78.700 81.430 84.241 87.135 90.110 93.167 96.306 99.526 102.829 106.212 109.678 112.614 114.580 116.571 118.590 120.635 122.706 124.804 126.928 129.079 131.256 133.460 135.690 134.681 130.597 126.331 121.882 117.252 112.439 107.444 101.919 95.225 88.690 82.317 76.103 70.971 66.322 61.691 57.079 52.485 47.909 43.352 38.813 34.292 29.790
40.325 41.726 43.099 44.219 45.295 46.343 47.361 48.351 49.313 50.245 51.149 52.024 52.871 53.688 54.479 56.923 59.384 61.862 64.358 66.870 69.399 71.946 74.396 76.746 79.111 81.488 83.937 86.946 90.036 93.209 96.463 99.799 103.216 106.715 110.296 113.959 117.703 121.529 124.960 127.041 129.149 131.283 133.443 135.631 137.844 140.084 142.351 144.644 146.505 146.019 142.797 135.686 128.736 121.945 115.315 108.846 102.536 96.387 90.398 84.569 78.901 73.392 68.454 63.885 59.334 54.801 50.287 45.792 41.314 36.855 32.414 27.992
49.090 50.392 51.665 52.717 53.692 54.639 55.557 56.447 57.307 58.139 58.943 59.717 60.463 61.181 61.869 64.138 66.657 69.194 71.748 74.318 76.906 79.511 82.020 84.430 86.853 89.290 91.741 95.090 98.541 102.073 105.688 109.384 113.162 117.021 120.962 124.985 129.090 133.276 137.261 139.164 138.544 137.953 137.392 136.861 136.359 135.886 135.443 135.029 134.645 134.290 132.168 125.763 119.518 113.433 107.509 101.745 96.140 90.696 85.413 80.289 75.326 70.522 65.922 61.433 56.962 52.509 48.075 43.659 39.262 34.882 30.521 26.179
57.872 59.073 60.247 61.231 62.106 62.952 63.770 64.558 65.319 66.050 66.753 67.427 68.073 68.690 69.278 71.328 73.905 76.500 79.113 81.742 84.388 87.051 89.619 92.088 94.571 97.067 99.577 103.132 106.943 110.836 114.701 116.492 118.198 119.819 121.354 122.804 124.168 125.447 126.621 126.103 125.615 125.156 124.726 124.326 123.956 123.615 123.303 123.021 122.768 122.545 121.384 115.685 110.145 104.766 99.546 94.487 89.588 84.849 80.270 75.851 71.592 67.493 63.375 58.966 54.575 50.202 45.848 41.512 37.194 32.894 28.613 24.351
66.668 67.771 68.845 69.761 70.535 71.281 71.998 72.687 73.347 73.978 74.580 75.154 75.700 76.216 76.704 78.492 81.129 83.782 86.453 89.140 91.845 94.566 95.438 96.168 96.863 97.523 98.149 99.582 101.255 102.842 104.344 105.761 107.092 108.337 109.498 110.573 111.562 112.466 113.285 113.027 112.670 112.342 112.044 111.776 111.536 111.327 111.146 110.995 110.874 110.782 110.446 105.452 100.617 95.942 91.428 87.073 82.878 78.843 74.969 71.254 67.699 64.304 60.814 56.484 52.173 47.880 43.605 39.349 35.111 30.892 26.690 22.507
75.481 76.484 77.459 78.307 78.981 79.627 80.244 80.832 81.391 81.922 82.424 82.898 83.343 83.759 84.147 83.754 84.383 84.968 85.509 86.006 86.459 86.868 87.358 87.935 88.477 88.985 89.458 90.458 91.755 92.968 94.095 95.136 96.092 96.963 97.749 98.449 99.064 99.593 100.037 99.934 99.709 99.512 99.346 99.208 99.100 99.022 98.973 98.953 98.963 99.002 99.070 95.064 90.934 86.963 83.153 79.502 76.011 72.681 69.510 66.499 63.647 60.956 58.238 53.988 49.756 45.543 41.348 37.172 33.013 28.873 24.752 20.648
84.310 85.213 86.089 86.870 87.444 87.989 88.506 88.993 87.329 85.648 83.991 82.357 80.747 79.160 77.597 76.780 77.258 77.692 78.082 78.428 78.730 78.988 79.326 79.751 80.141 80.496 80.816 81.439 82.362 83.199 83.952 84.618 85.200 85.696 86.107 86.433 86.673 86.828 86.898 86.825 86.731 86.666 86.631 86.624 86.648 86.700 86.782 86.894 87.035 87.205 87.404 84.521 81.095 77.829 74.722 71.775 68.988 66.361 63.893 61.585 59.437 57.449 55.621 51.477 47.325 43.191 39.076 34.979 30.900 26.840 22.798 18.775
93.078 91.541 90.023 88.491 86.774 85.081 83.412 81.766 80.144 78.545 76.970 75.419 73.891 72.387 70.906 69.853 70.181 70.464 70.703 70.899 71.050 71.157 71.344 71.616 71.853 72.056 72.223 72.526 73.074 73.537 73.915 74.207 74.415 74.536 74.573 74.524 74.391 74.171 73.867 73.700 73.737 73.803 73.899 74.024 74.178 74.362 74.575 74.817 75.089 75.391 75.721 73.824 71.102 68.539 66.135 63.892 61.808 59.884 58.119 56.514 55.069 53.784 52.658 48.950 44.878 40.824 36.789 32.772 28.773 24.792 20.829 16.885
85.241 83.769 82.316 80.881 79.247 77.636 76.049 74.486 72.946 71.430 69.937 68.468 67.022 65.600 64.201 62.975 63.152 63.285 63.373 63.418 63.419 63.375 63.410 63.530 63.615 63.665 63.680 63.719 63.892 63.981 63.985 63.903 63.736 63.483 63.146 62.723 62.215 61.622 60.944 60.559 60.727 60.924 61.151 61.407 61.692 62.007 62.351 62.724 63.127 63.559 64.021 62.973 60.953 59.093 57.393 55.852 54.471 53.250 52.188 51.285 50.542 49.959 49.536 46.409 42.417 38.443 34.487 30.549 26.629 22.728 18.923 15.343
77.395 75.989 74.601 73.232 71.707 70.179 68.674 67.193 65.735 64.301 62.890 61.503 60.140 58.800 57.484 56.191 56.171 56.153 56.091 55.986 55.836 55.642 55.526 55.493 55.425 55.323 55.185 55.017 54.816 54.531 54.160 53.704 53.163 52.537 51.826 51.029 50.148 49.181 48.129 47.401 47.700 48.028 48.386 48.773 49.189 49.635 50.110 50.614 51.148 51.711 52.303 51.967 50.650 49.493 48.495 47.657 46.978 46.458 46.099 45.898 45.858 46.031 46.418 44.081 40.340 36.660 33.042 29.485 25.989 22.555 19.182 15.870
69.542 68.201 66.879 65.575 64.154 62.708 61.286 59.887 58.511 57.159 55.831 54.526 53.245 51.987 50.753 49.542 49.239 49.070 48.858 48.602 48.301 47.957 47.689 47.504 47.284 47.030 46.740 46.416 45.846 45.187 44.442 43.612 42.698 41.698 40.613 39.443 38.187 36.847 35.422 34.227 34.656 35.116 35.604 36.122 36.669 37.245 37.851 38.486 39.151 39.845 40.568 40.806 40.355 41.215 41.973 42.628 43.180 43.630 43.976 44.220 44.362 44.400 44.336 42.400 38.927 35.516 32.166 28.878 25.651 22.485 19.380 16.337
61.681 60.405 59.148 57.910 56.589 55.225 53.885 52.568 51.274 50.005 48.758 47.535 46.336 45.160 44.008 42.879 42.354 42.035 41.672 41.266 40.815 40.321 39.902 39.564 39.192 38.785 38.343 37.867 36.981 35.948 34.830 33.626 32.338 30.965 29.506 27.963 26.334 24.620 22.822 21.036 21.596 22.186 22.806 23.494 25.798 28.134 30.503 32.904 35.337 37.802 40.300 42.381 42.893 43.301 43.608 43.811 43.912 43.910 43.806 43.599 43.289 42.877 42.361 40.659 37.455 34.313 31.231 28.211 25.252 22.354 19.517 16.742
53.812 52.601 51.409 50.236 49.011 47.729 46.471 45.236 44.025 42.837 41.673 40.532 39.415 38.321 37.250 36.204 35.517 35.048 34.535 33.978 33.378 32.733 32.163 31.673 31.149 30.590 29.996 29.367 28.221 26.814 25.323 23.746 22.085 20.338 18.506 17.947 17.471 16.995 16.520 16.047 18.137 20.486 22.868 25.282 27.729 30.208 32.719 35.262 37.837 40.445 43.085 45.474 45.534 45.492 45.347 45.100 44.749 44.297 43.741 43.083 42.323 41.460 40.494 38.859 35.923 33.049 30.235 27.483 24.792 22.163 19.594 17.087
45.934 44.789 43.662 42.554 41.420 40.220 39.044 37.891 36.762 35.656 34.574 33.515 32.480 31.468 30.479 29.515 28.729 28.109 27.446 26.739 25.988 25.193 24.472 23.830 23.154 22.442 22.633 22.969 22.815 22.336 21.857 21.380 20.903 20.428 19.953 19.479 19.007 18.535 18.064 17.594 19.461 21.953 24.477 27.034 29.622 32.244 34.897 37.582 40.300 43.050 45.833 48.647 48.281 47.787 47.192 46.493 45.692 44.789 43.783 42.674 41.463 40.149 38.733 36.999 34.332 31.725 29.180 26.696 24.273 21.911 19.610 17.371
38.049 36.969 35.907 34.864 33.816 32.698 31.604 30.533 29.486 28.462 27.462 26.485 25.531 24.601 23.695 22.812 21.988 21.218 21.196 21.573 21.950 22.328 22.684 23.020 23.357 23.693 24.030 24.367 24.317 23.841 23.367 22.893 22.421 21.949 21.478 21.009 20.540 20.072 19.605 19.139 20.748 23.383 26.049 28.748 31.479 34.242 37.038 39.866 42.726 45.618 48.542 51.499 51.131 50.187 49.141 47.992 46.740 45.387 43.930 42.371 40.710 38.946 37.079 35.080 32.680 30.342 28.064 25.848 23.693 21.599 19.566 17.594
30.155 29.140 28.144 27.166 26.200 25.164 24.151 23.162 22.197 21.255 20.337 20.194 20.437 20.723 21.052 21.425 21.830 22.207 22.584 22.962 23.340 23.718 24.075 24.412 24.750 25.087 25.424 25.762 25.816 25.344 24.874 24.404 23.935 23.468 23.001 22.535 22.070 21.606 21.143 20.681 21.999 24.775 27.584 30.425 33.298 36.204 39.141 42.111 45.114 48.148 51.215 54.313 54.086 52.692 51.195 49.596 47.894 46.090 44.183 42.174 40.063 37.849 35.532 33.114 30.969 28.898 26.888 24.940 23.052 21.226 19.461 17.756
22.254 21.304 20.372 19.459 19.299 19.391 19.523 19.698 19.916 20.178 20.484 20.832 21.224 21.660 22.139 22.661 23.214 23.592 23.970 24.349 24.727 25.106 25.465 25.803 26.140 26.479 26.817 27.156 27.312 26.845 26.378 25.912 25.447 24.984 24.521 24.059 23.598 23.138 22.679 22.221 23.212 26.131 29.082 32.065 35.080 38.128 41.208 44.320 47.464 50.640 53.849 57.090 57.145 55.301 53.354 51.304 49.153 46.898 44.542 42.083 39.522 36.858 34.092 31.224 29.198 27.395 25.653 23.972 22.352 20.793 19.295 17.858
18.208 18.347 18.502 18.672 18.858 19.091 19.372 19.697 20.065 20.476 20.931 21.430 21.971 22.556 23.185 23.857 24.572 24.976 25.355 25.734 26.113 26.493 26.852 27.191 27.530 27.869 28.208 28.547 28.806 28.342 27.879 27.418 26.957 26.497 26.038 25.580 25.123 24.667 24.212 23.758 24.389 27.450 30.543 33.668 36.826 40.015 43.237 46.491 49.777 53.095 56.446 59.829 60.308 58.014 55.617 53.118 50.516 47.812 45.006 42.098 39.087 35.974 32.758 29.440 27.368 25.832 24.357 22.944 21.591 20.299 19.069 17.899
17.537 17.730 17.938 18.163 18.402 18.750 19.181 19.655 20.173 20.734 21.338 21.986 22.677 23.412 24.190 25.011 25.876 26.357 26.737 27.117 27.497 27.877 28.238 28.577 28.917 29.257 29.597 29.937 30.278 29.837 29.378 28.920 28.463 28.007 27.552 27.098 26.645 26.193 25.742 25.292 25.529 28.732 31.967 35.234 38.534 41.865 45.229 48.625 52.053 55.513 59.005 62.530 63.576 60.831 57.985 55.036 51.985 48.832 45.576 42.218 38.758 35.195 31.531 27.764 25.478 24.210 22.994 21.821 20.715 19.674 18.700 17.792
16.852 17.099 17.361 17.639 17.933 18.369 18.949 19.573 20.240 20.951 21.705 22.502 23.343 24.227 25.154 26.125 27.138 27.737 28.117 28.498 28.879 29.260 29.621 29.961 30.302 30.643 30.984 31.325 31.666 31.329 30.875 30.421 29.968 29.515 29.064 28.614 28.165 27.717 27.270 26.823 26.633 29.978 33.354 36.763 40.205 43.678 47.184 50.721 54.291 57.893 61.527 65.194 66.947 63.753 60.457 57.059 53.559 49.871 45.652 41.509 37.443 33.452 29.537 25.698 23.278 22.263 21.313 20.430 19.613 18.863 18.178 17.560
16.153 16.454 16.770 17.102 17.449 17.948 18.678 19.451 20.268 21.128 22.031 22.978 23.967 25.001 26.077 27.197 28.360 29.114 29.496 29.877 30.259 30.641 31.003 31.344 31.685 32.027 32.369 32.711 33.053 32.819 32.368 31.918 31.469 31.021 30.574 30.127 29.682 29.238 28.794 28.352 27.911 31.186 34.705 38.256 41.839 45.454 49.101 52.781 56.475 59.360 62.116 64.743 66.118 61.851 57.661 53.547 49.508 45.546 41.659 37.848 34.114 30.455 26.872 23.364 20.953 20.228 19.568 18.975 18.447 17.986 17.591 17.262
15.440 15.794 16.165 16.550 16.952 17.486 18.366 19.289 20.255 21.264 22.317 23.412 24.552 25.734 26.960 28.229 29.541 30.490 30.872 31.255 31.637 32.020 32.383 32.725 33.067 33.409 33.752 34.095 34.438 34.306 33.859 33.413 32.968 32.523 32.080 31.638 31.196 30.756 30.317 29.878 29.311 31.966 35.187 38.280 41.245 44.081 46.790 49.369 51.821 54.144 56.339 58.406 60.060 56.126 52.268 48.485 44.779 41.148 37.593 34.114 30.711 27.384 24.133 20.957 18.564 18.128 17.758 17.454 17.216 17.044 16.938 16.899
14.713 15.121 15.545 15.985 16.440 16.985 18.014 19.086 20.201 21.360 22.562 23.807 25.095 26.427 27.801 29.220 30.681 31.864 32.247 32.630 33.013 33.397 33.761 34.103 34.447 34.790 35.133 35.477 35.821 35.791 35.347 34.680 33.985 33.321 32.689 32.089 31.520 30.982 30.476 30.001 29.558 31.379 34.039 36.571 38.975 41.250 43.397 45.416 47.307 49.069 50.703 52.209 53.587 50.328 46.802 43.351 39.976 36.677 33.454 30.307 27.235 24.240 21.320 18.476 16.111 15.964 15.883 15.868 15.920 16.037 16.221 16.470
13.972 14.434 14.912 15.405 15.914 16.444 17.622 18.843 20.108 21.415 22.766 24.160 25.598 27.079 28.602 30.170 31.780 33.236 33.620 34.004 34.388 34.772 34.909 34.927 34.949 34.973 35.001 35.030 35.063 34.861 34.241 33.652 33.095 32.570 32.075 31.612 31.181 30.781 30.412 30.075 29.770 30.931 33.030 35.001 36.844 38.558 40.145 41.603 42.933 44.135 45.209 46.154 46.971 44.459 41.264 38.145 35.102 32.134 29.242 26.427 23.686 21.022 18.434 15.921 13.593 13.735 13.944 14.218 14.559 14.965 15.438 15.976
