DATA/SHG/ECMWF/20170628/EN-6/20170628.en-6.asc
ncols        190
nrows        64
xllcorner    -5100000.000000000000
yllcorner    4130000.000000000000
cellsize     10000.000000000000
NODATA_value  -99999.000
[rows 32 to 63 of 64, columns 0 to 73 of 190]
2.211 2.074 2.171 2.298 2.432 2.573 2.720 2.873 3.033 3.199 3.372 3.552 3.737 3.930 3.925 3.884 3.817 3.725 3.606 3.461 3.291 3.094 2.872 2.624 2.350 2.050 2.141 2.240 2.340 2.441 2.543 2.645 2.749 2.854 2.960 3.067 3.174 3.278 3.123 2.963 2.797 2.625 2.448 2.265 2.076 1.881 1.681 1.598 1.567 1.567 2.113 2.623 3.096 3.532 3.931 4.293 4.618 4.906 5.157 5.371 5.548 5.674 5.647 5.630 5.624 5.627 5.640 5.663 5.696 5.739 5.791 5.854 5.926 6.015
2.946 2.728 2.780 2.930 3.087 3.250 3.420 3.596 3.778 3.967 4.162 4.364 4.573 4.788 4.746 4.614 4.457 4.273 4.064 3.829 3.568 3.281 2.968 2.629 2.265 1.874 1.893 1.996 2.099 2.203 2.309 2.415 2.522 2.631 2.740 2.850 2.962 3.074 2.934 2.754 2.703 2.681 2.656 2.628 2.598 2.565 2.529 2.491 2.450 2.406 2.784 3.165 3.509 3.817 4.087 4.320 4.517 4.676 4.799 4.884 4.933 4.944 4.952 4.970 4.998 5.035 5.083 5.141 5.208 5.285 5.373 5.470 5.577 5.694
3.706 3.406 3.382 3.554 3.734 3.919 4.111 4.310 4.515 4.727 4.945 5.169 5.400 5.638 5.593 5.371 5.123 4.849 4.549 4.224 3.872 3.495 3.091 2.662 2.207 1.726 1.645 1.750 1.857 1.965 2.074 2.184 2.295 2.665 3.005 3.291 3.523 3.700 3.720 3.694 3.665 3.633 3.599 3.562 3.522 3.479 3.434 3.386 3.335 3.281 3.490 3.743 3.958 4.137 4.279 4.384 4.452 4.483 4.477 4.434 4.354 4.237 4.248 4.301 4.363 4.435 4.517 4.609 4.711 4.823 4.945 5.076 5.218 5.369
4.491 4.110 3.975 4.171 4.372 4.581 4.795 5.016 5.244 5.478 5.719 5.966 6.220 6.480 6.467 6.155 5.816 5.452 5.061 4.645 4.203 3.735 3.242 2.722 2.177 1.626 1.893 2.424 2.901 3.323 3.691 4.004 4.264 4.469 4.619 4.715 4.757 4.745 4.704 4.668 4.629 4.588 4.544 4.497 4.447 4.395 4.340 4.282 4.221 4.158 4.232 4.356 4.443 4.494 4.507 4.483 4.423 4.326 4.191 4.020 3.812 3.567 3.536 3.623 3.720 3.826 3.943 4.070 4.206 4.352 4.508 4.674 4.850 5.036
5.300 4.838 4.561 4.779 5.003 5.234 5.471 5.715 5.965 6.222 6.485 6.755 7.031 7.313 7.368 6.965 6.536 6.081 5.628 5.337 5.106 4.935 4.825 4.775 4.786 4.857 5.079 5.420 5.707 5.939 6.117 6.241 6.310 6.326 6.287 6.193 6.046 5.844 5.689 5.643 5.595 5.544 5.490 5.433 5.374 5.312 5.247 5.179 5.109 5.036 5.010 5.005 4.964 4.886 4.771 4.619 4.430 4.205 3.942 3.643 3.307 2.933 2.815 2.936 3.068 3.209 3.360 3.521 3.692 3.872 4.063 4.264 4.474 4.694
6.134 5.590 5.139 5.379 5.626 5.879 6.139 6.405 6.678 6.957 7.243 7.521 7.785 8.072 8.249 7.927 7.665 7.463 7.321 7.240 7.219 7.259 7.359 7.519 7.739 8.020 8.317 8.468 8.565 8.608 8.596 8.531 8.411 8.236 8.008 7.725 7.388 6.997 6.676 6.620 6.562 6.501 6.438 6.371 6.302 6.230 6.156 6.079 5.999 5.916 5.823 5.690 5.520 5.314 5.071 4.791 4.474 4.120 3.729 3.302 2.837 2.336 2.085 2.241 2.407 2.582 2.768 2.963 3.169 3.384 3.609 3.844 4.088 4.343
6.992 6.367 5.720 5.971 6.195 6.377 6.582 6.811 7.063 7.338 7.636 7.957 8.301 8.669 9.035 8.923 8.871 8.879 8.948 9.077 9.266 9.516 9.825 10.195 10.626 11.116 11.607 11.569 11.476 11.330 11.129 10.873 10.564 10.200 9.783 9.310 8.784 8.204 7.664 7.599 7.531 7.460 7.387 7.311 7.232 7.151 7.066 6.980 6.890 6.797 6.671 6.410 6.113 5.778 5.407 4.998 4.553 4.071 3.553 2.997 2.405 1.776 1.347 1.537 1.737 1.947 2.167 2.397 2.637 2.886 3.349 3.971 4.617 5.287
7.267 6.493 5.739 5.798 6.038 6.301 6.588 6.897 7.230 7.586 7.965 8.367 8.792 9.241 9.712 9.854 10.012 10.230 10.509 10.847 11.246 11.706 12.225 12.805 13.445 14.145 14.906 14.722 14.440 14.104 13.714 13.269 12.771 12.218 11.611 10.950 10.234 9.464 8.653 8.579 8.501 8.421 8.338 8.252 8.164 8.073 7.979 7.882 7.783 7.681 7.555 7.166 6.740 6.278 5.778 5.242 4.669 4.059 3.412 2.729 2.009 1.251 0.600 1.020 1.558 2.120 2.705 3.314 3.947 4.604 5.284 5.989 6.717 7.469
6.926 6.225 5.544 5.536 5.857 6.201 6.568 6.958 7.372 7.809 8.268 8.751 9.257 9.786 10.339 10.718 11.086 11.515 12.003 12.552 13.160 13.829 14.559 15.348 16.198 17.107 18.077 17.928 17.457 16.932 16.352 15.719 15.031 14.289 13.493 12.642 11.738 10.779 9.767 9.560 9.473 9.383 9.290 9.195 9.097 8.996 8.892 8.786 8.677 8.565 8.451 7.958 7.404 6.813 6.186 5.521 4.861 4.244 3.667 3.130 2.632 2.174 1.757 2.354 2.974 3.618 4.286 4.977 5.692 6.431 7.194 7.981 8.791 9.625
6.563 5.935 5.327 5.248 5.650 6.075 6.523 6.994 7.489 8.006 8.546 9.110 9.697 10.307 10.940 11.518 12.096 12.733 13.431 14.190 15.008 15.887 16.825 17.824 18.883 20.002 21.182 21.187 20.527 19.812 19.043 18.221 17.344 16.413 15.428 14.389 13.295 12.148 10.946 10.543 10.446 10.347 10.244 10.139 10.032 9.921 9.808 9.692 9.573 9.298 9.007 8.381 7.703 7.065 6.467 5.909 5.390 4.910 4.470 4.070 3.710 3.389 3.108 3.662 4.365 5.091 5.841 6.615 7.412 8.234 9.079 9.948 10.840 11.757
6.178 5.622 5.087 4.936 5.418 5.924 6.453 7.005 7.580 8.178 8.799 9.443 10.111 10.801 11.515 12.252 13.039 13.887 14.794 15.762 16.790 17.877 19.025 20.234 21.502 22.830 24.219 24.498 23.648 22.745 21.787 20.776 19.710 18.590 17.416 16.188 14.906 13.570 12.180 11.528 11.421 11.312 10.970 10.625 10.295 9.980 9.681 9.397 9.129 8.875 8.638 8.183 7.643 7.143 6.682 6.260 5.879 5.537 5.234 4.972 4.748 4.565 4.421 4.946 5.731 6.539 7.372 8.228 9.108 10.011 10.939 11.890 12.865 13.863
5.770 5.287 4.825 4.598 5.162 5.748 6.357 6.990 7.646 8.324 9.026 9.751 10.499 11.270 12.064 12.920 13.917 14.974 16.091 17.268 18.505 19.802 21.159 22.577 24.054 25.591 27.189 27.861 26.823 25.731 24.584 23.384 22.129 20.821 19.446 17.569 15.740 13.959 12.226 11.127 10.789 10.466 10.159 9.867 9.591 9.329 9.084 8.853 8.638 8.438 8.254 7.947 7.544 7.181 6.857 6.573 6.329 6.124 5.959 5.833 5.747 5.701 5.694 6.205 7.072 7.963 8.878 9.816 10.778 11.764 12.773 13.807 14.864 15.944
5.339 4.929 4.540 4.236 4.880 5.547 6.237 6.950 7.686 8.445 9.228 10.033 10.862 11.713 12.588 13.524 14.730 15.996 17.322 18.708 20.154 21.660 23.227 24.853 26.539 28.286 30.092 31.169 29.122 27.123 25.172 23.269 21.414 19.608 17.849 16.139 14.477 12.863 11.298 10.141 9.857 9.587 9.334 9.095 8.872 8.664 8.472 8.295 8.133 7.987 7.856 7.671 7.406 7.180 6.993 6.847 6.740 6.672 6.644 6.655 6.706 6.797 6.927 7.440 8.389 9.362 10.359 11.379 12.424 13.492 14.583 15.699 16.838 18.000
4.886 4.549 4.233 3.937 4.573 5.320 6.091 6.885 7.701 8.541 9.404 10.290 11.199 12.131 13.086 14.065 15.477 16.952 18.487 20.082 21.616 22.733 23.808 24.842 25.834 26.784 27.692 28.355 26.475 24.643 22.859 21.124 19.436 17.797 16.206 14.662 13.168 11.721 10.322 9.141 8.910 8.694 8.494 8.309 8.139 7.985 7.845 7.722 7.613 7.520 7.442 7.357 7.229 7.140 7.091 7.081 7.111 7.181 7.289 7.438 7.626 7.854 8.121 8.650 9.681 10.737 11.815 12.918 14.044 15.194 16.368 17.566 18.787 20.031
4.411 4.147 3.903 3.680 4.241 5.069 5.920 6.794 7.691 8.612 9.555 10.522 11.511 12.453 13.234 13.973 15.078 16.218 17.316 18.372 19.386 20.359 21.290 22.179 23.026 23.831 24.595 25.317 23.782 22.117 20.500 18.932 17.411 15.939 14.515 13.139 11.811 10.531 9.299 8.127 7.949 7.787 7.640 7.508 7.391 7.290 7.205 7.134 7.079 7.039 7.015 7.004 7.013 7.061 7.149 7.277 7.444 7.650 7.896 8.181 8.506 8.871 9.275 9.835 10.949 12.086 13.247 14.432 15.640 16.872 18.128 19.408 20.711 22.037
3.914 3.722 3.551 3.401 3.884 4.792 5.735 6.666 7.555 8.402 9.206 9.967 10.686 11.362 11.996 12.587 13.473 14.468 15.422 16.333 17.203 18.031 18.817 19.562 20.265 20.926 21.545 22.123 21.042 19.544 18.095 16.693 15.340 14.034 12.777 11.568 10.406 9.293 8.228 7.211 6.974 6.865 6.771 6.693 6.630 6.582 6.549 6.532 6.530 6.543 6.572 6.616 6.759 6.944 7.169 7.433 7.737 8.080 8.463 8.885 9.347 9.848 10.389 10.996 12.192 13.411 14.654 15.921 17.212 18.526 19.863 21.225 22.590 23.354
3.608 3.606 3.609 3.618 4.029 4.898 5.724 6.508 7.249 7.948 8.604 9.218 9.789 10.318 10.804 11.248 11.915 12.765 13.574 14.341 15.067 15.750 16.392 16.992 17.551 18.067 18.542 18.976 18.256 16.926 15.643 14.408 13.222 12.083 10.992 9.950 8.955 8.009 7.110 6.260 5.985 5.929 5.888 5.863 5.853 5.858 5.879 5.915 5.966 6.033 6.115 6.212 6.466 6.788 7.149 7.551 7.991 8.471 8.991 9.550 10.148 10.786 11.463 12.180 13.411 14.677 15.566 16.420 17.239 18.022 18.770 19.483 20.161 20.803
4.047 4.064 4.087 4.116 4.360 5.081 5.760 6.396 6.990 7.541 8.050 8.516 8.940 9.321 9.660 9.956 10.403 11.109 11.773 12.396 12.977 13.516 14.013 14.469 14.883 15.256 15.587 15.876 15.424 14.261 13.145 12.077 11.057 10.085 9.161 8.285 7.457 6.677 5.945 5.261 4.981 4.978 4.991 5.019 5.062 5.121 5.195 5.284 5.388 5.508 5.643 5.793 6.134 6.593 7.091 7.629 8.206 8.823 9.452 9.927 10.380 10.809 11.216 11.601 12.330 13.133 13.901 14.633 15.331 15.993 16.620 17.211 17.768 18.289
4.480 4.516 4.559 4.607 4.737 5.311 5.842 6.330 6.776 7.180 7.541 7.860 8.136 8.370 8.562 8.711 8.937 9.498 10.018 10.497 10.933 11.328 11.682 11.993 12.263 12.491 12.678 12.823 12.546 11.549 10.600 9.699 8.845 8.040 7.283 6.573 5.912 5.298 4.733 4.215 3.963 4.014 4.079 4.161 4.257 4.369 4.496 4.638 4.796 4.968 5.157 5.365 5.770 6.303 6.813 7.300 7.765 8.207 8.627 9.024 9.398 9.750 10.079 10.385 10.943 11.625 12.271 12.882 13.458 13.999 14.505 14.975 15.411 15.811
4.905 4.962 5.024 5.091 5.164 5.586 5.969 6.310 6.609 6.865 7.079 7.251 7.380 7.466 7.511 7.512 7.517 7.934 8.310 8.644 8.936 9.187 9.396 9.564 9.690 9.774 9.816 9.817 9.622 8.792 8.009 7.274 6.587 5.948 5.358 4.815 4.319 3.872 3.473 3.122 2.931 3.035 3.153 3.288 3.461 3.698 3.936 4.172 4.407 4.642 4.876 5.109 5.436 5.891 6.323 6.732 7.119 7.483 7.824 8.143 8.439 8.713 8.964 9.192 9.591 10.152 10.677 11.167 11.622 12.041 12.426 12.775 13.089 13.368
5.325 5.400 5.482 5.569 5.661 5.907 6.143 6.337 6.488 6.597 6.664 6.688 6.670 6.609 6.506 6.361 6.173 6.416 6.647 6.837 6.986 7.092 7.157 7.181 7.163 7.103 7.002 6.859 6.652 5.988 5.372 4.803 4.283 3.810 3.386 3.009 2.680 2.465 2.387 2.307 2.275 2.513 2.751 2.988 3.224 3.459 3.694 3.927 4.160 4.392 4.624 4.854 5.125 5.502 5.856 6.187 6.495 6.781 7.045 7.285 7.504 7.699 7.872 8.022 8.275 8.714 9.118 9.487 9.821 10.119 10.382 10.611 10.804 10.961
5.737 5.832 5.933 6.039 6.152 6.273 6.362 6.409 6.413 6.375 6.294 6.171 6.006 5.799 5.549 5.256 4.921 4.944 5.031 5.077 5.081 5.044 4.965 4.845 4.683 4.479 4.234 3.947 3.619 3.138 2.843 2.769 2.694 2.617 2.539 2.460 2.380 2.299 2.216 2.132 2.050 2.286 2.521 2.755 2.989 3.221 3.453 3.684 3.914 4.143 4.372 4.600 4.837 5.135 5.411 5.664 5.895 6.103 6.288 6.451 6.591 6.708 6.803 6.876 6.994 7.312 7.594 7.842 8.055 8.232 8.375 8.482 8.554 8.591
6.143 6.257 6.378 6.503 6.635 6.686 6.628 6.527 6.384 6.199 5.971 5.701 5.389 5.034 4.637 4.198 3.716 3.518 3.461 3.363 3.223 3.042 2.819 2.711 2.741 2.768 2.793 2.816 2.836 2.784 2.707 2.628 2.549 2.468 2.386 2.303 2.219 2.133 2.047 1.959 1.870 2.060 2.292 2.523 2.754 2.984 3.213 3.441 3.669 3.896 4.122 4.347 4.571 4.791 4.989 5.164 5.317 5.447 5.554 5.639 5.701 5.741 5.758 5.752 5.747 5.944 6.106 6.233 6.325 6.381 6.402 6.389 6.340 6.256
6.541 6.676 6.815 6.961 7.112 7.144 6.939 6.691 6.401 6.069 5.694 5.277 4.818 4.317 3.773 3.187 2.656 2.432 2.468 2.501 2.532 2.560 2.587 2.611 2.633 2.652 2.669 2.684 2.697 2.653 2.572 2.489 2.406 2.321 2.235 2.148 2.059 1.970 1.879 1.787 1.694 1.834 2.064 2.293 2.521 2.748 2.974 3.200 3.425 3.649 3.872 4.095 4.316 4.470 4.590 4.687 4.761 4.813 4.843 4.850 4.834 4.796 4.735 4.652 4.546 4.612 4.653 4.659 4.630 4.565 4.466 4.331 4.161 3.957
6.934 7.087 7.246 7.411 7.582 7.648 7.295 6.901 6.464 5.990 5.513 5.038 4.564 4.091 3.620 3.150 2.682 2.382 2.410 2.435 2.458 2.479 2.497 2.513 2.527 2.539 2.548 2.556 2.560 2.523 2.438 2.351 2.264 2.175 2.085 1.993 1.901 1.807 1.713 1.617 1.520 1.610 1.837 2.063 2.288 2.513 2.737 2.960 3.182 3.403 3.624 3.844 4.062 4.171 4.213 4.232 4.229 4.203 4.155 4.084 3.990 3.874 3.736 3.574 3.391 3.316 3.236 3.120 2.970 2.785 2.565 2.309 2.019 1.693
7.319 7.492 7.624 7.733 7.832 7.884 7.406 6.930 6.455 5.981 5.509 5.038 4.569 4.101 3.635 3.170 2.706 2.334 2.354 2.371 2.387 2.400 2.410 2.419 2.425 2.428 2.430 2.429 2.426 2.395 2.306 2.215 2.123 2.030 1.936 1.841 1.744 1.647 1.548 1.448 1.346 1.387 1.611 1.834 2.057 2.279 2.500 2.720 2.940 3.159 3.376 3.593 3.810 3.895 3.859 3.800 3.719 3.615 3.489 3.340 3.169 2.975 2.759 2.520 2.259 2.054 1.853 1.617 1.346 1.286 1.296 1.296 1.285 1.265
7.445 7.539 7.622 7.694 7.756 7.807 7.381 6.910 6.439 5.971 5.503 5.037 4.573 4.110 3.648 3.188 2.729 2.289 2.301 2.311 2.318 2.323 2.326 2.326 2.324 2.320 2.314 2.305 2.294 2.268 2.175 2.080 1.984 1.887 1.789 1.689 1.589 1.487 1.384 1.280 1.175 1.164 1.386 1.607 1.827 2.046 2.264 2.482 2.699 2.915 3.130 3.344 3.558 3.641 3.527 3.391 3.232 3.050 2.846 2.620 2.371 2.099 1.984 1.926 1.880 1.876 1.891 1.896 1.891 1.876 1.851 1.816 1.770 1.715
7.529 7.586 7.632 7.667 7.692 7.707 7.355 6.888 6.423 5.959 5.496 5.035 4.575 4.117 3.660 3.205 2.751 2.298 2.250 2.252 2.251 2.249 2.244 2.236 2.227 2.215 2.200 2.184 2.165 2.143 2.045 1.946 1.846 1.745 1.643 1.540 1.435 1.329 1.222 1.114 1.004 0.943 1.162 1.380 1.597 1.814 2.030 2.245 2.459 2.672 2.885 3.096 3.307 3.410 3.218 3.088 2.984 2.894 2.816 2.751 2.698 2.658 2.631 2.617 2.615 2.615 2.595 2.565 2.525 2.475 2.415 2.345 2.265 2.174
7.624 7.644 7.653 7.652 7.640 7.618 7.327 6.865 6.405 5.946 5.488 5.032 4.577 4.123 3.671 3.220 2.771 2.323 2.202 2.196 2.188 2.177 2.164 2.149 2.131 2.111 2.089 2.065 2.038 2.010 1.917 1.814 1.710 1.605 1.499 1.391 1.282 1.172 1.061 0.949 0.836 0.723 0.939 1.154 1.369 1.583 1.796 2.008 2.263 2.527 2.795 3.068 3.345 3.573 3.488 3.416 3.357 3.310 3.275 3.254 3.245 3.249 3.265 3.295 3.336 3.362 3.307 3.242 3.168 3.083 2.988 2.883 2.768 2.643
7.730 7.714 7.686 7.648 7.600 7.541 7.298 6.841 6.385 5.931 5.478 5.026 4.576 4.128 3.680 3.234 2.790 2.347 2.157 2.143 2.126 2.108 2.087 2.064 2.038 2.011 1.981 1.949 1.914 1.878 1.790 1.683 1.575 1.466 1.356 1.244 1.131 1.017 0.902 0.786 0.668 0.578 0.781 1.035 1.293 1.555 1.821 2.091 2.366 2.645 2.928 3.215 3.506 3.801 3.760 3.732 3.716 3.713 3.722 3.744 3.779 3.826 3.887 3.959 4.045 4.118 4.028 3.929 3.819 3.699 3.570 3.430 3.280 3.120
7.848 7.795 7.731 7.656 7.571 7.475 7.268 6.816 6.365 5.915 5.467 5.020 4.575 4.131 3.688 3.247 2.807 2.369 2.113 2.091 2.067 2.041 2.012 1.981 1.948 1.913 1.875 1.835 1.793 1.748 1.665 1.554 1.442 1.329 1.229 1.134 1.041 0.952 0.865 0.782 0.702 0.625 0.794 1.062 1.334 1.611 1.891 2.176 2.465 2.758 3.056 3.357 3.663 3.973 4.019 4.035 4.062 4.103 4.156 4.222 4.300 4.391 4.495 4.611 4.741 4.882 4.758 4.624 4.479 4.325 4.160 3.986 3.801 3.606
7.978 7.888 7.787 7.676 7.554 7.422 7.236 6.789 6.342 5.898 5.454 5.012 4.572 4.132 3.695 3.258 2.823 2.390 2.073 2.043 2.011 1.977 1.940 1.901 1.860 1.817 1.773 1.752 1.713 1.654 1.569 1.471 1.377 1.286 1.198 1.113 1.031 0.952 0.877 0.804 0.735 0.669 0.802 1.084 1.371 1.662 1.957 2.256 2.560 2.867 3.179 3.495 3.815 4.140 4.266 4.325 4.396 4.480 4.577 4.686 4.808 4.943 5.090 5.250 5.423 5.609 5.497 5.328 5.148 4.959 4.760 4.550 4.331 4.102
