DATA/SHG/ECMWF/20170628/EN-6/20170703.en-6.asc
ncols        190
nrows        64
xllcorner    -5100000.000000000000
yllcorner    4130000.000000000000
cellsize     10000.000000000000
NODATA_value  -99999.000
[rows 0 to 32 of 64, columns 0 to 72 of 190]
1.532 1.578 1.622 1.666 1.709 1.750 1.791 1.830 1.869 1.813 1.720 1.621 1.516 1.403 1.284 1.159 1.027 0.888 0.742 0.612 0.489 0.536 0.660 0.784 0.906 1.028 1.148 1.268 1.387 1.505 1.622 1.739 1.854 1.858 1.792 1.725 1.659 1.592 1.526 1.460 1.395 1.329 1.264 1.198 1.133 1.117 1.146 1.180 1.218 1.262 1.309 1.361 1.418 1.479 1.545 1.615 1.690 1.798 1.938 2.077 2.215 2.351 2.486 2.620 2.751 2.882 3.011 3.139 3.265 3.516 3.982 4.461 4.952
1.668 1.710 1.751 1.791 1.830 1.868 1.905 1.941 1.976 1.922 1.806 1.684 1.555 1.427 1.301 1.176 1.053 0.931 0.810 0.691 0.573 0.585 0.706 0.826 0.945 1.064 1.182 1.298 1.414 1.529 1.643 1.756 1.868 1.897 1.831 1.765 1.699 1.634 1.568 1.503 1.437 1.372 1.307 1.243 1.178 1.156 1.201 1.251 1.305 1.364 1.428 1.496 1.569 1.646 1.728 1.814 1.905 2.013 2.148 2.283 2.415 2.546 2.676 2.804 2.931 3.057 3.180 3.303 3.424 3.639 4.149 4.672 5.207
1.804 1.843 1.880 1.917 1.947 1.958 1.974 1.994 2.018 1.975 1.848 1.722 1.598 1.476 1.354 1.234 1.116 0.999 0.883 0.769 0.656 0.634 0.752 0.869 0.986 1.101 1.216 1.329 1.442 1.554 1.665 1.775 1.884 1.936 1.871 1.805 1.740 1.675 1.610 1.545 1.480 1.416 1.351 1.287 1.223 1.190 1.251 1.317 1.388 1.463 1.542 1.626 1.715 1.808 1.906 2.008 2.115 2.229 2.360 2.489 2.616 2.742 2.867 2.990 3.112 3.232 3.351 3.468 3.591 3.767 4.293 4.805 5.303
1.812 1.821 1.834 1.852 1.875 1.901 1.933 1.969 2.009 2.002 1.880 1.759 1.640 1.522 1.406 1.291 1.178 1.065 0.955 0.845 0.738 0.685 0.800 0.914 1.027 1.139 1.250 1.361 1.471 1.579 1.687 1.794 1.900 1.975 1.910 1.845 1.780 1.715 1.651 1.587 1.523 1.459 1.395 1.331 1.268 1.220 1.297 1.379 1.465 1.556 1.652 1.752 1.856 1.965 2.079 2.197 2.320 2.447 2.572 2.696 2.816 2.909 3.011 3.120 3.239 3.365 3.500 3.643 3.795 3.955 4.427 4.891 5.341
1.671 1.696 1.725 1.759 1.797 1.840 1.887 1.939 1.995 2.027 1.910 1.795 1.680 1.568 1.456 1.346 1.238 1.130 1.025 0.920 0.817 0.736 0.848 0.959 1.069 1.178 1.286 1.394 1.500 1.606 1.710 1.814 1.917 2.013 1.949 1.884 1.820 1.756 1.692 1.628 1.565 1.501 1.438 1.375 1.312 1.249 1.338 1.436 1.538 1.645 1.757 1.873 1.993 2.109 2.198 2.286 2.374 2.461 2.558 2.664 2.778 2.900 3.031 3.170 3.317 3.473 3.637 3.810 3.991 4.180 4.573 4.989 5.392
1.525 1.566 1.611 1.661 1.715 1.773 1.836 1.904 1.976 2.051 1.939 1.828 1.719 1.611 1.505 1.400 1.296 1.194 1.093 0.993 0.895 0.799 0.897 1.005 1.112 1.218 1.323 1.427 1.530 1.633 1.735 1.835 1.935 2.034 1.988 1.924 1.860 1.797 1.733 1.670 1.607 1.544 1.481 1.419 1.356 1.294 1.367 1.456 1.546 1.635 1.724 1.812 1.900 1.988 2.075 2.162 2.248 2.334 2.453 2.588 2.731 2.883 3.043 3.211 3.388 3.573 3.766 3.968 4.178 4.396 4.732 5.101 5.455
1.375 1.431 1.492 1.558 1.628 1.702 1.781 1.864 1.952 2.045 1.967 1.861 1.756 1.653 1.552 1.452 1.353 1.255 1.160 1.065 0.972 0.880 0.947 1.051 1.155 1.258 1.360 1.461 1.562 1.661 1.760 1.857 1.954 2.050 2.026 1.963 1.900 1.837 1.774 1.697 1.610 1.526 1.445 1.366 1.289 1.215 1.254 1.343 1.431 1.519 1.606 1.694 1.780 1.867 1.953 2.038 2.124 2.209 2.340 2.504 2.677 2.858 3.047 3.245 3.450 3.665 3.887 4.118 4.357 4.605 4.904 5.224 5.531
1.219 1.292 1.369 1.450 1.536 1.626 1.721 1.820 1.924 2.032 1.992 1.891 1.792 1.694 1.597 1.502 1.408 1.316 1.225 1.135 1.047 0.960 0.997 1.099 1.200 1.300 1.398 1.497 1.594 1.690 1.785 1.880 1.951 2.011 1.979 1.889 1.801 1.716 1.634 1.554 1.476 1.400 1.327 1.257 1.189 1.123 1.143 1.230 1.317 1.404 1.490 1.576 1.661 1.746 1.831 1.915 1.999 2.083 2.219 2.412 2.614 2.824 3.043 3.270 3.505 3.748 4.000 4.260 4.529 4.805 5.088 5.361 5.620
1.060 1.148 1.240 1.338 1.439 1.545 1.656 1.771 1.890 2.014 2.017 1.921 1.826 1.733 1.641 1.551 1.462 1.374 1.288 1.204 1.120 1.038 1.049 1.147 1.245 1.324 1.398 1.469 1.535 1.597 1.655 1.710 1.760 1.806 1.791 1.710 1.631 1.554 1.480 1.408 1.339 1.272 1.207 1.145 1.086 1.028 1.031 1.118 1.203 1.289 1.374 1.458 1.542 1.626 1.710 1.793 1.876 1.958 2.090 2.313 2.544 2.783 3.031 3.287 3.551 3.824 4.105 4.394 4.691 4.997 5.285 5.510 5.722
0.895 0.999 1.107 1.220 1.338 1.460 1.586 1.717 1.852 1.992 2.039 1.948 1.859 1.770 1.684 1.598 1.514 1.432 1.348 1.259 1.166 1.068 1.031 1.103 1.171 1.235 1.295 1.352 1.404 1.452 1.496 1.537 1.573 1.605 1.601 1.528 1.458 1.390 1.324 1.261 1.200 1.141 1.085 1.032 0.980 0.931 0.921 1.006 1.090 1.174 1.258 1.341 1.424 1.507 1.589 1.671 1.753 1.834 1.953 2.205 2.465 2.734 3.011 3.296 3.589 3.891 4.201 4.519 4.846 5.181 5.494 5.672 5.836
0.726 0.845 0.970 1.098 1.232 1.369 1.511 1.658 1.809 1.964 2.068 2.000 1.927 1.850 1.768 1.682 1.591 1.495 1.395 1.290 1.181 1.067 0.988 1.046 1.100 1.150 1.196 1.239 1.277 1.311 1.342 1.368 1.390 1.409 1.409 1.345 1.283 1.223 1.166 1.111 1.059 1.009 0.961 0.916 0.873 0.832 0.811 0.894 0.977 1.060 1.143 1.225 1.307 1.388 1.469 1.550 1.630 1.710 1.808 2.089 2.379 2.676 2.982 3.297 3.619 3.950 4.289 4.637 4.992 5.357 5.716 5.846 5.962
0.552 0.687 0.827 0.989 1.169 1.350 1.533 1.717 1.902 2.089 2.249 2.165 2.076 1.983 1.885 1.782 1.675 1.563 1.447 1.326 1.201 1.071 0.949 0.993 1.033 1.070 1.102 1.130 1.154 1.175 1.191 1.204 1.212 1.216 1.215 1.159 1.106 1.054 1.006 0.959 0.915 0.874 0.834 0.798 0.763 0.731 0.702 0.783 0.865 0.947 1.028 1.109 1.190 1.270 1.349 1.429 1.508 1.587 1.665 1.965 2.284 2.611 2.946 3.289 3.641 4.001 4.369 4.758 5.151 5.537 5.915 6.126 6.358
0.553 0.733 0.915 1.099 1.284 1.470 1.657 1.846 2.037 2.229 2.422 2.335 2.230 2.120 2.006 1.887 1.764 1.636 1.504 1.367 1.226 1.080 0.929 0.945 0.971 0.993 1.012 1.026 1.036 1.043 1.045 1.044 1.038 1.029 1.015 0.971 0.926 0.883 0.843 0.805 0.770 0.736 0.706 0.677 0.651 0.628 0.606 0.673 0.754 0.834 0.914 0.994 1.073 1.152 1.230 1.309 1.386 1.464 1.541 1.834 2.236 2.656 3.069 3.474 3.871 4.261 4.643 5.017 5.384 5.743 6.095 6.430 6.794
0.646 0.832 1.019 1.207 1.397 1.588 1.780 1.974 2.170 2.366 2.564 2.509 2.388 2.263 2.132 1.998 1.858 1.714 1.566 1.413 1.255 1.093 0.926 0.900 0.913 0.921 0.925 0.926 0.922 0.915 0.903 0.888 0.869 0.845 0.818 0.781 0.745 0.710 0.678 0.649 0.622 0.597 0.575 0.555 0.537 0.522 0.509 0.563 0.642 0.722 0.800 0.879 0.957 1.102 1.263 1.428 1.598 1.772 1.951 2.287 2.688 3.082 3.468 3.846 4.217 4.580 4.936 5.284 5.624 5.957 6.282 6.697 7.194
0.737 0.928 1.120 1.313 1.508 1.704 1.901 2.100 2.300 2.502 2.705 2.689 2.551 2.410 2.263 2.112 1.957 1.797 1.632 1.463 1.290 1.111 0.929 0.860 0.859 0.853 0.844 0.830 0.813 0.791 0.766 0.737 0.703 0.666 0.625 0.589 0.561 0.535 0.511 0.490 0.472 0.455 0.441 0.430 0.421 0.414 0.471 0.582 0.732 0.886 1.045 1.208 1.376 1.548 1.724 1.905 2.091 2.281 2.475 2.773 3.147 3.514 3.874 4.225 4.570 4.906 5.235 5.557 5.870 6.177 6.475 6.929 7.558
0.827 1.023 1.219 1.418 1.617 1.818 2.021 2.224 2.430 2.636 2.844 2.873 2.719 2.561 2.399 2.232 2.060 1.884 1.704 1.519 1.329 1.135 0.936 0.825 0.809 0.790 0.766 0.739 0.707 0.672 0.633 0.590 0.542 0.491 0.436 0.395 0.375 0.357 0.348 0.380 0.420 0.466 0.520 0.581 0.650 0.726 0.809 0.930 1.095 1.265 1.439 1.618 1.801 1.989 2.181 2.377 2.578 2.784 2.994 3.265 3.613 3.953 4.286 4.611 4.929 5.239 5.541 5.836 6.124 6.403 6.676 7.124 7.885
0.915 1.115 1.317 1.520 1.725 1.931 2.138 2.347 2.557 2.769 2.981 3.061 2.892 2.718 2.539 2.356 2.169 1.977 1.780 1.579 1.373 1.163 0.948 0.793 0.764 0.730 0.693 0.652 0.606 0.557 0.504 0.453 0.418 0.385 0.354 0.345 0.380 0.423 0.474 0.531 0.596 0.668 0.748 0.835 0.929 1.030 1.139 1.273 1.453 1.639 1.829 2.023 2.222 2.425 2.632 2.844 3.061 3.282 3.507 3.763 4.085 4.399 4.705 5.004 5.295 5.578 5.854 6.123 6.384 6.637 6.883 7.283 8.177
1.001 1.207 1.413 1.621 1.831 2.042 2.254 2.468 2.683 2.899 3.117 3.255 3.069 2.879 2.685 2.485 2.282 2.074 1.861 1.644 1.422 1.195 0.965 0.766 0.721 0.677 0.635 0.595 0.558 0.524 0.492 0.463 0.437 0.413 0.391 0.385 0.447 0.515 0.591 0.674 0.765 0.863 0.968 1.080 1.200 1.327 1.461 1.610 1.807 2.008 2.213 2.423 2.637 2.856 3.079 3.307 3.538 3.775 4.016 4.268 4.563 4.851 5.131 5.403 5.667 5.925 6.174 6.416 6.651 6.877 7.097 7.406 8.432
1.086 1.296 1.508 1.721 1.935 2.151 2.368 2.587 2.807 3.028 3.251 3.453 3.251 3.045 2.834 2.619 2.400 2.150 1.890 1.638 1.392 1.153 0.921 0.703 0.665 0.629 0.596 0.566 0.538 0.513 0.490 0.470 0.453 0.438 0.426 0.419 0.505 0.600 0.701 0.810 0.926 1.049 1.180 1.318 1.463 1.616 1.776 1.943 2.155 2.372 2.593 2.818 3.048 3.282 3.520 3.764 4.011 4.263 4.519 4.780 5.048 5.309 5.563 5.809 6.047 6.278 6.501 6.716 6.924 7.125 7.317 7.503 8.650
1.169 1.384 1.600 1.818 2.038 2.258 2.480 2.704 2.929 3.155 3.325 3.477 3.243 2.973 2.711 2.455 2.205 1.963 1.728 1.499 1.277 1.062 0.854 0.653 0.606 0.579 0.555 0.534 0.515 0.499 0.486 0.475 0.466 0.461 0.457 0.457 0.557 0.676 0.803 0.938 1.079 1.228 1.385 1.548 1.719 1.897 2.082 2.275 2.499 2.731 2.967 3.208 3.453 3.703 3.957 4.215 4.478 4.746 5.018 5.294 5.540 5.775 6.002 6.221 6.433 6.637 6.834 7.023 7.205 7.379 7.545 7.704 8.833
1.250 1.470 1.691 1.870 2.043 2.210 2.371 2.526 2.675 2.818 2.956 3.087 2.929 2.684 2.445 2.213 1.988 1.769 1.558 1.353 1.155 0.964 0.780 0.602 0.544 0.526 0.512 0.499 0.490 0.483 0.478 0.476 0.477 0.480 0.486 0.495 0.600 0.746 0.898 1.058 1.225 1.400 1.582 1.771 1.967 2.170 2.381 2.600 2.838 3.085 3.337 3.593 3.854 4.119 4.388 4.662 4.941 5.224 5.511 5.802 6.039 6.247 6.447 6.640 6.826 7.003 7.174 7.313 7.418 7.531 7.652 7.781 8.718
1.161 1.331 1.495 1.653 1.805 1.951 2.091 2.226 2.354 2.476 2.593 2.703 2.609 2.387 2.172 1.964 1.763 1.569 1.381 1.200 1.026 0.859 0.699 0.545 0.479 0.471 0.465 0.462 0.462 0.464 0.468 0.475 0.485 0.498 0.513 0.530 0.636 0.807 0.985 1.171 1.363 1.563 1.771 1.985 2.207 2.436 2.673 2.916 3.171 3.434 3.701 3.973 4.249 4.530 4.815 5.104 5.398 5.696 5.999 6.306 6.485 6.563 6.648 6.741 6.842 6.951 7.068 7.193 7.325 7.466 7.615 7.772 8.532
1.013 1.162 1.305 1.443 1.574 1.699 1.819 1.932 2.040 2.141 2.237 2.327 2.282 2.084 1.893 1.709 1.532 1.361 1.197 1.040 0.890 0.747 0.611 0.481 0.412 0.413 0.416 0.422 0.431 0.442 0.456 0.472 0.491 0.512 0.536 0.563 0.665 0.861 1.065 1.276 1.494 1.720 1.952 2.192 2.440 2.694 2.956 3.225 3.500 3.778 4.061 4.348 4.640 4.874 5.069 5.263 5.454 5.644 5.832 6.018 6.163 6.268 6.381 6.502 6.631 6.767 6.912 7.065 7.225 7.394 7.570 7.755 8.364
0.872 1.000 1.122 1.239 1.349 1.454 1.553 1.645 1.732 1.813 1.888 1.957 1.948 1.774 1.607 1.447 1.293 1.147 1.007 0.874 0.747 0.628 0.515 0.410 0.343 0.353 0.365 0.380 0.397 0.418 0.440 0.466 0.493 0.524 0.557 0.592 0.686 0.908 1.137 1.373 1.617 1.868 2.126 2.392 2.664 2.944 3.179 3.390 3.595 3.794 3.990 4.185 4.378 4.568 4.757 4.944 5.129 5.312 5.493 5.672 5.833 5.966 6.107 6.255 6.412 6.576 6.749 6.929 7.118 7.314 7.518 7.730 8.214
0.737 0.845 0.946 1.042 1.132 1.216 1.293 1.365 1.431 1.491 1.546 1.594 1.607 1.457 1.314 1.177 1.048 0.925 0.809 0.700 0.598 0.502 0.413 0.331 0.270 0.289 0.311 0.335 0.361 0.391 0.422 0.457 0.493 0.533 0.575 0.620 0.699 0.947 1.201 1.442 1.676 1.903 2.124 2.339 2.548 2.751 2.948 3.139 3.326 3.518 3.707 3.895 4.081 4.265 4.447 4.627 4.806 4.982 5.156 5.328 5.496 5.657 5.825 6.001 6.186 6.378 6.578 6.787 7.003 7.227 7.459 7.698 8.084
0.611 0.696 0.777 0.852 0.921 0.984 1.041 1.092 1.137 1.177 1.210 1.238 1.259 1.133 1.014 0.901 0.796 0.697 0.605 0.519 0.441 0.369 0.304 0.246 0.196 0.223 0.254 0.287 0.323 0.361 0.402 0.445 0.492 0.540 0.588 0.638 0.692 0.922 1.146 1.364 1.577 1.783 1.983 2.177 2.365 2.547 2.724 2.894 3.059 3.244 3.427 3.608 3.787 3.965 4.140 4.313 4.485 4.654 4.822 4.987 5.152 5.340 5.536 5.740 5.952 6.172 6.400 6.636 6.880 7.132 7.392 7.659 7.971
0.520 0.554 0.614 0.668 0.717 0.759 0.795 0.826 0.850 0.869 0.882 0.889 0.889 0.803 0.707 0.618 0.537 0.462 0.393 0.332 0.277 0.229 0.188 0.154 0.128 0.164 0.209 0.255 0.302 0.349 0.398 0.447 0.496 0.546 0.598 0.649 0.702 0.892 1.095 1.293 1.484 1.669 1.848 2.022 2.189 2.350 2.505 2.655 2.798 2.972 3.149 3.323 3.496 3.666 3.835 4.001 4.166 4.329 4.489 4.648 4.805 5.016 5.240 5.472 5.712 5.959 6.215 6.479 6.750 7.030 7.317 7.612 7.915
0.440 0.419 0.458 0.492 0.519 0.541 0.556 0.566 0.570 0.568 0.560 0.546 0.526 0.465 0.394 0.329 0.271 0.230 0.214 0.199 0.183 0.168 0.152 0.136 0.120 0.150 0.197 0.246 0.295 0.345 0.396 0.447 0.499 0.552 0.606 0.660 0.715 0.868 1.051 1.227 1.397 1.562 1.720 1.872 2.019 2.159 2.294 2.422 2.544 2.703 2.873 3.040 3.206 3.370 3.532 3.692 3.850 4.006 4.160 4.312 4.462 4.685 4.937 5.196 5.464 5.739 6.022 6.314 6.613 6.920 7.235 7.558 7.889
0.370 0.290 0.309 0.322 0.328 0.329 0.324 0.313 0.297 0.274 0.273 0.291 0.297 0.286 0.271 0.255 0.240 0.224 0.208 0.192 0.177 0.161 0.145 0.129 0.113 0.134 0.185 0.236 0.288 0.340 0.393 0.447 0.502 0.557 0.614 0.670 0.728 0.850 1.012 1.167 1.317 1.460 1.598 1.729 1.855 1.974 2.088 2.196 2.297 2.436 2.599 2.760 2.919 3.076 3.231 3.384 3.535 3.685 3.832 3.977 4.121 4.346 4.626 4.913 5.208 5.511 5.822 6.141 6.468 6.803 7.145 7.496 7.854
0.310 0.168 0.166 0.212 0.278 0.330 0.368 0.394 0.406 0.404 0.389 0.361 0.319 0.281 0.265 0.250 0.234 0.218 0.202 0.186 0.170 0.154 0.138 0.122 0.105 0.118 0.171 0.225 0.279 0.334 0.390 0.447 0.504 0.562 0.620 0.680 0.740 0.839 0.979 1.114 1.242 1.365 1.482 1.592 1.697 1.796 1.889 1.975 2.056 2.171 2.327 2.482 2.634 2.784 2.933 3.079 3.224 3.366 3.507 3.645 3.782 4.001 4.308 4.623 4.945 5.276 5.615 5.961 6.311 6.661 7.018 7.381 7.750
0.701 0.595 0.640 0.672 0.691 0.696 0.687 0.666 0.631 0.582 0.520 0.445 0.356 0.276 0.260 0.244 0.228 0.212 0.196 0.180 0.164 0.147 0.131 0.115 0.098 0.101 0.157 0.213 0.270 0.328 0.386 0.445 0.505 0.565 0.627 0.688 0.751 0.833 0.953 1.066 1.174 1.276 1.372 1.462 1.546 1.624 1.695 1.761 1.821 1.908 2.058 2.206 2.351 2.495 2.637 2.776 2.914 3.050 3.184 3.316 3.446 3.645 3.972 4.306 4.646 4.993 5.346 5.706 6.072 6.444 6.823 7.209 7.601
1.313 1.163 1.162 1.146 1.118 1.076 1.021 0.952 0.870 0.774 0.665 0.543 0.407 0.271 0.255 0.239 0.223 0.207 0.190 0.174 0.157 0.141 0.124 0.108 0.091 0.084 0.142 0.201 0.260 0.320 0.381 0.443 0.505 0.568 0.632 0.696 0.762 0.833 0.932 1.025 1.112 1.193 1.268 1.337 1.400 1.457 1.508 1.554 1.593 1.648 1.791 1.932 2.071 2.208 2.401 2.608 2.783 2.924 3.033 3.108 3.151 3.241 3.591 3.947 4.310 4.680 5.055 5.438 5.826 6.221 6.623 7.031 7.445
1.926 1.757 1.697 1.635 1.559 1.470 1.368 1.252 1.123 0.981 0.825 0.655 0.473 0.276 0.250 0.234 0.217 0.201 0.184 0.168 0.151 0.134 0.118 0.101 0.084 0.067 0.126 0.187 0.249 0.312 0.376 0.440 0.505 0.570 0.636 0.703 0.771 0.840 0.918 0.990 1.056 1.116 1.171 1.219 1.261 1.297 1.328 1.460 1.655 1.871 2.128 2.353 2.544 2.703 2.828 2.921 2.981 3.008 3.002 2.963 2.891 2.832 3.204 3.583 3.969 4.360 4.759 5.164 5.575 5.993 6.417 6.847 7.284
