DATA/SHG/ECMWF/20170628/EN-46/20170703.en-46.asc
ncols        190
nrows        64
xllcorner    -5100000.000000000000
yllcorner    4130000.000000000000
cellsize     10000.000000000000
NODATA_value  -99999.000
[rows 0 to 32 of 64, columns 73 to 145 of 190]
2.943 2.748 2.555 2.366 2.180 1.997 1.817 1.641 1.550 1.695 1.864 2.031 2.195 2.357 2.517 2.673 2.828 2.979 3.129 3.275 3.488 3.935 4.392 4.857 5.331 5.813 6.303 6.802 7.309 7.825 8.349 8.881 9.318 9.406 9.477 9.532 9.570 9.591 9.595 9.583 9.554 9.508 9.445 9.366 9.219 8.910 8.600 8.290 7.980 7.669 7.358 7.047 6.735 6.423 6.111 5.798 5.477 5.134 4.796 4.464 4.136 3.814 3.498 3.186 2.880 2.579 2.283 1.992 1.900 2.366 2.850 3.353 3.875
2.446 2.261 2.158 2.072 1.981 1.884 1.782 1.675 1.611 1.774 1.935 2.093 2.249 2.402 2.552 2.700 2.846 2.989 3.129 3.267 3.438 3.923 4.418 4.921 5.432 5.952 6.480 7.016 7.561 8.115 8.676 9.246 9.761 9.774 9.771 9.750 9.713 9.659 9.589 9.502 9.397 9.277 9.139 8.985 8.797 8.486 8.175 7.863 7.552 7.239 6.927 6.614 6.301 5.987 5.673 5.359 5.043 4.724 4.409 4.100 3.796 3.497 3.204 2.915 2.632 2.354 2.082 1.814 1.673 2.222 2.789 3.375 3.979
2.592 2.498 2.399 2.294 2.184 2.068 1.947 1.820 1.702 1.856 2.008 2.157 2.304 2.448 2.590 2.729 2.866 3.000 3.132 3.261 3.387 3.901 4.434 4.974 5.523 6.081 6.647 7.221 7.803 8.394 8.994 9.601 10.217 10.161 10.082 9.987 9.875 9.746 9.601 9.439 9.260 9.064 8.852 8.622 8.376 8.064 7.751 7.438 7.124 6.811 6.497 6.182 5.867 5.552 5.237 4.921 4.605 4.309 4.017 3.731 3.451 3.175 2.905 2.640 2.380 2.125 1.876 1.632 1.488 2.232 2.976 3.721 4.466
2.876 2.763 2.645 2.521 2.391 2.256 2.116 1.970 1.819 1.940 2.083 2.223 2.361 2.497 2.630 2.760 2.888 3.013 3.136 3.257 3.375 3.870 4.440 5.018 5.605 6.200 6.804 7.415 8.036 8.664 9.301 9.946 10.600 10.565 10.412 10.242 10.055 9.851 9.631 9.394 9.140 8.870 8.582 8.279 7.958 7.642 7.328 7.013 6.698 6.383 6.067 5.751 5.435 5.118 4.801 4.484 4.166 3.889 3.621 3.417 3.277 3.144 3.018 2.900 2.789 2.686 2.590 2.501 2.420 3.109 3.857 4.605 5.354
3.165 3.033 2.895 2.752 2.603 2.449 2.290 2.125 1.955 2.026 2.160 2.292 2.421 2.548 2.672 2.793 2.913 3.029 3.143 3.255 3.364 3.829 4.437 5.053 5.677 6.310 6.951 7.600 8.258 8.924 9.599 10.282 10.973 10.987 10.759 10.514 10.252 9.974 9.679 9.367 9.039 8.694 8.332 7.953 7.558 7.222 6.906 6.590 6.273 5.956 5.718 5.536 5.343 5.140 4.927 4.703 4.468 4.316 4.194 4.079 3.971 3.871 3.778 3.693 3.615 3.545 3.482 3.426 3.378 3.985 4.736 5.488 6.241
3.459 3.307 3.151 2.988 2.821 2.647 2.469 2.285 2.096 2.114 2.239 2.362 2.483 2.601 2.716 2.829 2.939 3.047 3.153 3.255 3.356 3.779 4.424 5.078 5.739 6.410 7.088 7.775 8.471 9.174 9.886 10.607 11.336 11.427 11.124 10.805 10.468 10.115 9.745 9.359 8.956 8.604 8.310 8.033 7.775 7.580 7.403 7.216 7.018 6.810 6.591 6.362 6.123 5.873 5.612 5.341 5.060 4.903 4.813 4.731 4.657 4.589 4.530 4.477 4.433 4.395 4.365 4.342 4.327 4.858 5.613 6.368 7.124
3.757 3.587 3.411 3.229 3.042 2.850 2.653 2.450 2.241 2.204 2.321 2.435 2.547 2.656 2.763 2.867 2.968 3.067 3.164 3.258 3.350 3.719 4.402 5.093 5.792 6.500 7.216 7.941 8.674 9.415 10.164 10.922 11.669 11.842 11.484 11.144 10.822 10.517 10.231 9.963 9.712 9.480 9.265 9.069 8.890 8.698 8.474 8.240 7.995 7.740 7.475 7.199 6.912 6.615 6.308 5.990 5.661 5.481 5.424 5.375 5.334 5.299 5.273 5.253 5.241 5.237 5.240 5.250 5.268 5.730 6.488 7.247 8.006
4.060 3.870 3.675 3.475 3.269 3.058 2.841 2.619 2.392 2.297 2.404 2.510 2.613 2.713 2.811 2.907 2.999 3.090 3.178 3.263 3.346 3.649 4.370 5.138 5.915 6.681 7.437 8.182 8.916 9.640 10.354 11.057 11.749 12.058 11.780 11.520 11.278 11.053 10.847 10.658 10.488 10.335 10.200 10.083 9.985 9.825 9.554 9.273 8.982 8.680 8.368 8.045 7.711 7.367 7.013 6.649 6.273 6.050 6.027 6.011 6.002 6.001 6.007 6.021 6.041 6.070 6.106 6.149 6.199 6.599 7.360 8.123 8.886
4.368 4.159 3.945 3.726 3.501 3.270 3.035 2.793 2.547 2.391 2.490 2.587 2.681 2.773 2.862 2.975 3.183 3.377 3.559 3.728 3.883 4.160 4.911 5.652 6.382 7.101 7.810 8.508 9.196 9.873 10.539 11.196 11.841 12.255 12.057 11.876 11.714 11.569 11.443 11.334 11.243 11.170 11.115 11.078 11.058 10.962 10.645 10.317 9.978 9.630 9.270 8.901 8.520 8.130 7.729 7.317 6.895 6.612 6.621 6.638 6.662 6.694 6.733 6.779 6.833 6.894 6.963 7.039 7.122 7.466 8.231 8.997 9.763
4.680 4.452 4.219 3.981 3.737 3.487 3.233 2.973 2.755 2.701 2.940 3.167 3.381 3.582 3.770 3.945 4.107 4.257 4.393 4.517 4.627 4.779 5.483 6.176 6.859 7.532 8.194 8.845 9.486 10.116 10.736 11.346 11.944 12.432 12.313 12.212 12.130 12.065 12.018 11.989 11.978 11.984 12.009 12.051 12.112 12.109 11.744 11.370 10.985 10.589 10.183 9.766 9.339 8.902 8.454 7.996 7.527 7.165 7.207 7.257 7.314 7.378 7.450 7.529 7.616 7.710 7.812 7.920 8.037 8.330 9.099 9.868 10.638
4.997 4.768 4.576 4.410 4.270 4.155 4.065 4.001 3.963 3.952 4.146 4.328 4.496 4.652 4.795 4.925 5.042 5.146 5.238 5.316 5.382 5.423 6.065 6.712 7.348 7.974 8.589 9.193 9.787 10.371 10.944 11.507 12.059 12.588 12.550 12.529 12.526 12.540 12.573 12.624 12.692 12.778 12.882 13.004 13.144 13.265 12.854 12.432 12.000 11.558 11.105 10.642 10.168 9.684 9.190 8.685 8.169 7.709 7.784 7.867 7.957 8.054 8.159 8.271 8.390 8.517 8.652 8.793 8.942 9.193 9.965 10.738 11.512
5.458 5.330 5.227 5.150 5.098 5.072 5.071 5.096 5.145 5.221 5.362 5.499 5.622 5.733 5.830 5.915 5.987 6.046 6.093 6.126 6.146 6.143 6.658 7.258 7.848 8.426 8.995 9.553 10.100 10.637 11.163 11.679 12.185 12.679 12.766 12.825 12.902 12.996 13.108 13.238 13.386 13.552 13.736 13.937 14.157 14.394 13.973 13.505 13.026 12.537 12.037 11.527 11.007 10.476 9.935 9.383 8.821 8.249 8.353 8.468 8.591 8.721 8.859 9.004 9.156 9.316 9.483 9.657 9.843 10.067 10.820 11.550 12.256
5.907 5.868 5.854 5.865 5.902 5.964 6.052 6.165 6.303 6.467 6.588 6.680 6.758 6.823 6.876 6.916 6.943 6.957 6.958 6.946 6.922 6.873 7.262 7.816 8.358 8.890 9.412 9.923 10.424 10.914 11.394 11.863 12.321 12.770 12.963 13.101 13.257 13.431 13.623 13.833 14.060 14.305 14.568 14.849 15.148 15.465 15.102 14.587 14.061 13.525 12.979 12.423 11.856 11.278 10.690 10.092 9.483 8.864 8.914 9.054 9.197 9.352 9.520 9.701 9.894 10.099 10.317 10.548 10.791 11.046 11.666 12.289 12.888
6.332 6.381 6.455 6.555 6.681 6.831 7.007 7.209 7.436 7.688 7.824 7.871 7.904 7.924 7.932 7.927 7.908 7.877 7.834 7.777 7.707 7.613 7.877 8.384 8.880 9.365 9.840 10.305 10.759 11.202 11.635 12.058 12.470 12.871 13.140 13.358 13.593 13.847 14.118 14.407 14.714 15.038 15.381 15.741 16.119 16.515 16.240 15.678 15.106 14.524 13.866 13.152 12.459 11.786 11.134 10.503 9.893 9.304 9.303 9.489 9.687 9.898 10.122 10.358 10.606 10.867 11.141 11.426 11.725 12.036 12.534 13.050 13.542
6.732 6.870 7.033 7.221 7.435 7.674 7.938 8.228 8.543 8.884 9.071 9.072 9.060 9.035 8.998 8.948 8.884 8.808 8.720 8.618 8.503 8.364 8.503 8.963 9.412 9.851 10.279 10.697 11.104 11.501 11.888 12.264 12.629 12.984 13.297 13.594 13.909 14.242 14.593 14.961 15.347 15.665 15.903 16.142 16.384 16.627 16.298 15.594 14.909 14.246 13.604 12.982 12.381 11.800 11.241 10.702 10.184 9.686 9.669 9.910 10.164 10.431 10.710 11.001 11.305 11.621 11.950 12.292 12.645 13.012 13.425 13.835 14.220
7.108 7.334 7.585 7.862 8.164 8.492 8.844 9.223 9.626 10.055 10.327 10.283 10.226 10.157 10.074 9.979 9.871 9.750 9.616 9.469 9.310 9.126 9.140 9.553 9.955 10.348 10.729 11.101 11.461 11.812 12.151 12.481 12.741 12.938 13.146 13.380 13.615 13.853 14.092 14.332 14.575 14.819 15.065 15.312 15.561 15.812 15.646 15.033 14.441 13.870 13.320 12.790 12.281 11.793 11.325 10.879 10.453 10.047 10.021 10.318 10.628 10.950 11.284 11.631 11.990 12.362 12.746 13.143 13.552 13.974 14.339 14.642 14.920
7.459 7.773 8.113 8.478 8.869 9.285 9.726 10.192 10.684 11.201 11.593 11.504 11.403 11.288 11.161 11.020 10.867 10.702 10.523 10.331 10.127 9.898 9.787 10.091 10.337 10.571 10.796 11.010 11.213 11.406 11.589 11.761 11.923 12.074 12.245 12.487 12.730 12.975 13.222 13.470 13.721 13.972 14.226 14.481 14.738 14.996 14.973 14.452 13.952 13.473 13.015 12.577 12.160 11.764 11.389 11.034 10.700 10.387 10.361 10.713 11.078 11.455 11.845 12.247 12.662 13.089 13.528 13.980 14.445 14.922 15.275 15.471 15.643
7.786 8.189 8.617 9.070 9.549 10.053 10.582 11.137 11.716 12.321 12.870 12.736 12.589 12.430 12.257 12.054 11.621 11.207 10.813 10.439 10.083 9.752 9.494 9.703 9.902 10.091 10.269 10.436 10.593 10.740 10.876 11.002 11.117 11.222 11.344 11.593 11.844 12.097 12.352 12.608 12.866 13.125 13.386 13.649 13.914 14.180 14.278 13.850 13.442 13.055 12.689 12.343 12.018 11.714 11.430 11.168 10.926 10.704 10.686 11.094 11.514 11.947 12.392 12.850 13.320 13.802 14.297 14.804 15.324 15.856 16.234 16.323 16.389
8.089 8.580 9.096 9.638 10.204 10.796 11.414 12.056 12.673 13.047 13.411 12.968 12.525 12.102 11.697 11.313 10.947 10.602 10.275 9.968 9.680 9.416 9.174 9.327 9.480 9.622 9.754 9.875 9.986 10.086 10.176 10.256 10.325 10.383 10.442 10.699 10.958 11.218 11.480 11.744 12.010 12.277 12.546 12.817 13.089 13.363 13.563 13.226 12.911 12.616 12.341 12.088 11.855 11.642 11.451 11.280 11.129 11.000 10.999 11.462 11.938 12.425 12.926 13.439 13.964 14.502 15.052 15.614 16.189 16.777 17.215 17.198 17.157
8.367 8.899 9.309 9.709 10.099 10.479 10.848 11.207 11.557 11.896 12.225 11.940 11.565 11.209 10.873 10.555 10.258 9.979 9.720 9.480 9.260 9.064 8.890 8.964 9.070 9.166 9.251 9.326 9.390 9.445 9.488 9.521 9.544 9.557 9.559 9.804 10.071 10.339 10.609 10.880 11.153 11.428 11.705 11.983 12.263 12.545 12.827 12.582 12.358 12.155 11.973 11.811 11.670 11.549 11.449 11.370 11.312 11.274 11.298 11.817 12.347 12.891 13.446 14.014 14.595 15.188 15.793 16.411 17.041 17.684 18.219 18.096 17.949
7.654 8.039 8.414 8.779 9.134 9.478 9.813 10.137 10.451 10.755 11.049 10.897 10.589 10.301 10.031 9.782 9.551 9.340 9.148 8.976 8.823 8.695 8.589 8.612 8.672 8.722 8.761 8.789 8.808 8.815 8.813 8.800 8.776 8.743 8.698 8.908 9.183 9.458 9.736 10.015 10.296 10.579 10.863 11.149 11.437 11.726 12.018 11.917 11.785 11.673 11.583 11.513 11.463 11.435 11.427 11.439 11.472 11.526 11.601 12.158 12.744 13.342 13.953 14.576 15.212 15.860 16.521 17.194 17.879 18.534 19.082 18.847 18.679
6.839 7.189 7.529 7.859 8.179 8.489 8.788 9.077 9.356 9.625 9.884 9.837 9.597 9.376 9.174 8.992 8.828 8.685 8.560 8.455 8.369 8.309 8.271 8.273 8.287 8.290 8.283 8.265 8.237 8.199 8.150 8.091 8.021 7.941 7.851 8.012 8.294 8.577 8.863 9.150 9.438 9.729 10.021 10.315 10.610 10.907 11.206 11.231 11.190 11.171 11.172 11.193 11.236 11.299 11.382 11.487 11.612 11.757 11.923 12.486 13.150 13.837 14.501 15.143 15.764 16.362 16.938 17.492 18.023 18.533 19.020 19.110 19.236
6.035 6.351 6.655 6.950 7.235 7.509 7.774 8.028 8.272 8.506 8.730 8.761 8.588 8.434 8.300 8.185 8.089 8.013 7.955 7.918 7.899 7.906 7.936 7.946 7.913 7.870 7.817 7.753 7.679 7.594 7.499 7.394 7.278 7.152 7.016 7.115 7.404 7.696 7.989 8.283 8.580 8.878 9.178 9.479 9.782 10.087 10.393 10.523 10.575 10.647 10.740 10.876 11.075 11.302 11.559 11.844 12.159 12.502 12.875 13.442 14.052 14.641 15.207 15.752 16.274 16.774 17.252 17.708 18.142 18.553 18.943 19.306 19.727
5.242 5.522 5.792 6.052 6.302 6.541 6.771 6.990 7.199 7.398 7.587 7.669 7.563 7.477 7.410 7.362 7.333 7.324 7.334 7.363 7.412 7.487 7.584 7.631 7.552 7.463 7.363 7.253 7.133 7.002 6.861 6.710 6.548 6.376 6.193 6.217 6.514 6.813 7.114 7.416 7.720 8.026 8.376 8.774 9.141 9.479 9.786 10.020 10.231 10.471 10.740 11.039 11.366 11.722 12.107 12.521 12.964 13.436 13.936 14.463 14.976 15.467 15.935 16.382 16.806 17.208 17.588 17.946 18.282 18.596 18.888 19.436 20.151
4.459 4.704 4.939 5.164 5.379 5.583 5.778 5.962 6.136 6.301 6.455 6.560 6.522 6.503 6.503 6.522 6.561 6.619 6.696 6.793 6.909 7.051 7.216 7.328 7.203 7.068 6.922 6.766 6.600 6.423 6.236 6.038 5.830 5.687 5.682 5.853 6.328 6.773 7.188 7.573 7.927 8.251 8.545 8.809 9.042 9.245 9.418 9.638 9.978 10.346 10.744 11.171 11.626 12.111 12.624 13.166 13.737 14.338 14.967 15.506 15.921 16.314 16.684 17.033 17.359 17.664 17.946 18.206 18.445 18.661 18.855 19.500 20.509
3.687 3.897 4.097 4.287 4.467 4.636 4.796 4.945 5.085 5.214 5.333 5.436 5.465 5.513 5.580 5.667 5.772 5.897 6.042 6.205 6.388 6.598 6.831 7.037 6.875 6.744 6.641 6.565 6.516 6.496 6.503 6.537 6.600 6.690 6.807 6.993 7.334 7.645 7.926 8.176 8.396 8.586 8.746 8.876 8.975 9.045 9.084 9.226 9.694 10.191 10.717 11.272 11.856 12.469 13.110 13.781 14.480 15.208 15.966 16.570 16.887 17.182 17.455 17.706 17.934 18.141 18.326 18.488 18.629 18.747 18.843 19.498 20.800
2.925 3.100 3.265 3.420 3.565 3.700 3.824 3.939 4.043 4.138 4.222 4.296 4.391 4.506 4.641 4.794 4.977 5.235 5.491 5.745 5.997 6.253 6.513 6.771 6.742 6.733 6.752 6.799 6.874 6.976 7.105 7.263 7.448 7.660 7.900 8.164 8.371 8.548 8.695 8.811 8.897 8.954 8.980 8.975 8.941 8.876 8.781 8.784 9.380 10.006 10.660 11.343 12.055 12.796 13.566 14.364 15.192 16.048 16.934 17.655 17.874 18.072 18.247 18.400 18.531 18.640 18.727 18.792 18.835 18.855 18.854 19.430 21.026
2.174 2.314 2.444 2.564 2.674 2.774 2.863 2.943 3.013 3.097 3.271 3.443 3.687 3.945 4.202 4.457 4.710 4.962 5.212 5.461 5.708 5.958 6.212 6.465 6.577 6.692 6.833 7.003 7.200 7.424 7.677 7.957 8.264 8.599 8.962 9.352 9.440 9.483 9.495 9.478 9.430 9.353 9.245 9.107 8.939 8.740 8.512 8.312 9.036 9.790 10.572 11.383 12.223 13.092 13.990 14.917 15.873 16.857 17.870 18.762 18.883 18.983 19.060 19.116 19.149 19.160 19.150 19.117 19.062 18.986 18.887 19.296 21.185
1.433 1.538 1.660 1.841 2.020 2.198 2.373 2.546 2.717 2.886 3.053 3.218 3.444 3.696 3.948 4.197 4.445 4.691 4.936 5.179 5.420 5.665 5.913 6.160 6.382 6.619 6.883 7.175 7.495 7.842 8.217 8.619 9.049 9.507 9.992 10.505 10.540 10.449 10.328 10.177 9.995 9.784 9.542 9.270 8.968 8.636 8.274 7.882 8.662 9.544 10.454 11.393 12.361 13.358 14.384 15.439 16.522 17.635 18.776 19.889 19.913 19.915 19.895 19.853 19.789 19.702 19.594 19.464 19.312 19.138 18.941 19.096 21.278
1.145 1.323 1.499 1.673 1.846 2.016 2.184 2.350 2.514 2.676 2.837 2.995 3.202 3.449 3.695 3.939 4.181 4.422 4.661 4.899 5.135 5.374 5.616 5.858 6.156 6.515 6.902 7.317 7.759 8.228 8.725 9.250 9.803 10.383 10.990 11.625 11.671 11.447 11.192 10.907 10.592 10.247 9.871 9.466 9.031 8.565 8.069 7.543 8.258 9.267 10.306 11.373 12.469 13.594 14.747 15.930 17.141 18.381 19.650 20.948 20.964 20.868 20.751 20.611 20.450 20.266 20.060 19.833 19.583 19.311 19.018 18.825 21.181
1.000 1.171 1.340 1.508 1.673 1.836 1.998 2.157 2.314 2.469 2.622 2.773 2.963 3.204 3.444 3.683 3.920 4.155 4.388 4.620 4.851 5.084 5.321 5.557 5.899 6.381 6.890 7.427 7.992 8.583 9.203 9.850 10.525 11.227 11.957 12.714 12.834 12.476 12.087 11.669 11.220 10.742 10.233 9.694 9.125 8.526 7.896 7.237 7.823 8.960 10.127 11.322 12.546 13.798 15.080 16.390 17.729 19.097 20.494 21.920 22.036 21.843 21.648 21.458 21.231 20.967 20.665 20.327 19.951 19.537 19.087 18.599 20.425
0.857 1.021 1.184 1.344 1.502 1.659 1.813 1.965 2.116 2.264 2.410 2.554 2.725 2.961 3.195 3.428 3.660 3.889 4.117 4.344 4.568 4.796 5.028 5.258 5.612 6.216 6.848 7.507 8.193 8.907 9.649 10.418 11.215 12.040 12.892 13.771 14.028 13.536 13.015 12.463 11.880 11.268 10.626 9.954 9.251 8.519 7.756 6.963 7.358 8.624 9.918 11.241 12.592 14.032 15.616 17.191 18.756 20.312 21.857 23.393 23.668 23.387 23.070 22.715 22.324 21.894 21.428 20.924 20.384 19.805 19.190 18.537 19.751
0.716 0.874 1.029 1.182 1.334 1.483 1.631 1.776 1.919 2.061 2.200 2.337 2.489 2.719 2.948 3.176 3.401 3.625 3.848 4.069 4.288 4.510 4.736 4.961 5.294 6.020 6.774 7.555 8.364 9.200 10.064 10.956 11.875 12.821 13.795 14.797 15.254 14.629 13.973 13.288 12.572 11.827 11.051 10.245 9.491 8.935 8.347 7.726 8.134 9.725 11.305 12.876 14.437 15.989 17.530 19.063 20.585 22.098 23.601 25.095 25.456 25.011 24.529 24.009 23.452 22.858 22.227 21.559 20.853 20.110 19.330 18.513 19.161
