DATA/SHG/ECMWF/20170628/EN-46/20170709.en-46.asc
ncols        190
nrows        64
xllcorner    -5100000.000000000000
yllcorner    4130000.000000000000
cellsize     10000.000000000000
NODATA_value  -99999.000
[rows 31 to 61 of 64, columns 0 to 70 of 190]
7.075 7.540 7.275 7.031 6.807 6.604 6.421 6.259 6.117 5.996 5.896 5.816 5.757 5.756 6.095 6.413 6.709 6.984 7.237 7.468 7.678 7.866 8.033 8.177 8.301 8.412 8.562 8.685 8.781 8.850 8.891 8.906 8.892 8.852 8.785 8.690 8.568 8.447 8.459 8.465 8.467 8.464 8.457 8.445 8.428 8.406 8.380 8.349 8.313 8.300 8.420 8.577 8.772 9.005 9.451 10.028 10.602 11.175 11.745 12.313 12.880 13.381 13.666 13.946 14.220 14.487 14.749 15.006 15.256 15.500 15.739
7.718 8.233 8.104 7.931 7.779 7.648 7.537 7.446 7.377 7.328 7.299 7.291 7.304 7.337 7.589 7.831 8.051 8.250 8.427 8.583 8.717 8.829 8.920 8.990 9.037 9.063 9.118 9.146 9.146 9.120 9.066 8.986 8.877 8.742 8.580 8.390 8.173 7.934 7.929 7.919 7.905 7.886 7.862 7.834 7.801 7.763 7.721 7.929 8.276 8.664 9.244 9.821 10.397 10.970 11.541 12.110 12.678 13.243 13.806 14.366 14.925 15.455 15.720 15.979 16.232 16.479 16.720 16.956 17.186 17.409 17.627
8.361 8.874 8.908 8.808 8.727 8.668 8.629 8.610 8.612 8.635 8.678 8.742 8.826 8.931 9.103 9.269 9.414 9.537 9.639 9.719 9.777 9.814 9.830 9.823 9.796 9.746 9.701 9.634 9.539 9.418 9.269 9.094 8.891 8.660 8.403 8.118 7.807 7.468 7.405 7.379 7.545 7.786 8.056 8.357 8.689 9.050 9.442 9.863 10.315 10.797 11.363 11.933 12.501 13.067 13.631 14.193 14.752 15.310 15.865 16.419 16.970 17.519 17.776 18.015 18.247 18.474 18.694 18.909 19.118 19.321 19.519
9.004 9.514 9.690 9.661 9.652 9.664 9.697 9.750 9.824 9.918 10.033 10.168 10.324 10.501 10.638 10.729 10.798 10.846 10.872 10.876 10.859 10.821 10.760 10.679 10.575 10.451 10.312 10.150 9.960 9.744 9.500 9.230 8.932 8.788 8.632 8.447 8.233 7.991 8.111 8.396 8.712 9.058 9.433 9.839 10.275 10.742 11.238 11.765 12.321 12.908 13.482 14.044 14.605 15.163 15.720 16.274 16.826 17.376 17.924 18.470 19.014 19.556 19.836 20.053 20.265 20.471 20.671 20.866 21.054 21.237 21.413
9.646 10.155 10.447 10.490 10.553 10.637 10.741 10.866 11.011 11.177 11.364 11.570 11.798 12.046 12.194 12.210 12.203 12.175 12.126 12.055 11.963 11.848 11.713 11.556 11.377 11.185 11.161 11.105 11.021 10.907 10.765 10.595 10.395 10.167 9.911 9.625 9.311 8.969 9.036 9.426 9.847 10.297 10.778 11.289 11.830 12.401 13.002 13.633 14.295 14.987 15.600 16.155 16.708 17.259 17.808 18.355 18.899 19.442 19.982 20.521 21.057 21.592 21.898 22.095 22.286 22.472 22.651 22.825 22.993 23.155 23.311
10.288 10.795 11.181 11.295 11.430 11.586 11.762 11.958 12.175 12.412 12.670 12.949 13.248 13.567 13.772 13.711 13.630 13.526 13.383 13.176 13.029 12.943 12.917 12.951 13.046 13.201 13.270 13.114 12.929 12.716 12.473 12.202 11.903 11.574 11.217 10.832 10.418 9.975 9.929 10.424 10.949 11.504 12.090 12.706 13.351 14.027 14.733 15.470 16.236 17.032 17.717 18.265 18.810 19.354 19.895 20.434 20.972 21.507 22.040 22.571 23.100 23.627 23.963 24.140 24.311 24.475 24.634 24.787 24.935 25.076 25.212
10.930 11.434 11.892 12.078 12.284 12.511 12.758 13.026 13.315 13.624 13.953 14.221 14.311 14.414 14.452 14.214 14.036 13.919 13.862 13.865 13.929 14.053 14.237 14.482 14.787 15.153 15.407 15.150 14.865 14.551 14.209 13.837 13.438 13.009 12.552 12.066 11.552 11.009 10.789 11.389 12.020 12.680 13.370 14.090 14.841 15.622 16.432 17.273 18.144 19.045 19.833 20.374 20.912 21.448 21.982 22.514 23.043 23.571 24.097 24.620 25.142 25.661 26.032 26.188 26.338 26.482 26.620 26.753 26.880 27.001 27.116
11.571 12.074 12.575 12.836 13.007 13.056 13.117 13.189 13.274 13.370 13.479 13.600 13.732 13.877 14.024 13.997 14.029 14.122 14.276 14.490 14.764 15.098 15.492 15.947 16.462 17.038 17.571 17.214 16.828 16.414 15.972 15.500 15.000 14.472 13.914 13.329 12.714 12.071 11.618 12.323 13.058 13.823 14.618 15.443 16.298 17.183 18.099 19.044 20.019 21.025 21.949 22.482 23.012 23.541 24.068 24.592 25.114 25.635 26.153 26.669 27.183 27.695 28.103 28.238 28.368 28.492 28.609 28.721 28.828 28.928 30.101
11.408 11.661 11.905 12.001 12.079 12.170 12.273 12.387 12.514 12.653 12.804 12.967 13.141 13.328 13.527 13.715 13.958 14.262 14.625 15.049 15.533 16.078 16.682 17.347 18.072 18.858 19.703 19.305 18.819 18.305 17.762 17.191 16.591 15.962 15.305 14.619 13.904 13.161 12.415 13.225 14.064 14.934 15.834 16.763 17.723 18.713 19.733 20.782 21.862 22.972 24.064 24.589 25.112 25.634 26.153 26.670 27.184 27.697 28.208 28.717 29.223 29.728 30.177 30.993 32.324 33.864 35.612 37.568 39.733 42.107 44.689
10.452 10.670 10.878 11.018 11.139 11.272 11.417 11.574 11.742 11.923 12.116 12.321 12.538 12.767 13.008 13.370 13.823 14.336 14.910 15.544 16.238 16.992 17.807 18.682 19.616 20.612 21.667 21.423 20.837 20.223 19.580 18.909 18.208 17.480 16.723 15.937 15.122 14.279 13.408 14.095 15.039 16.013 17.017 18.051 19.116 20.210 21.334 22.489 23.673 24.887 26.132 26.696 27.212 27.725 28.237 28.747 29.851 31.186 32.561 33.977 35.434 36.931 38.469 40.314 42.367 44.628 47.098 49.776 52.662 55.757 59.060
9.508 9.692 9.865 10.024 10.187 10.362 10.549 10.748 10.959 11.182 11.417 11.664 11.923 12.193 12.477 12.960 13.623 14.347 15.130 15.974 16.878 17.842 18.866 19.951 21.095 22.300 23.565 23.568 22.883 22.168 21.426 20.654 19.854 19.026 18.168 17.283 16.368 15.426 14.454 14.933 15.981 17.060 18.169 19.307 20.476 21.675 22.903 24.162 25.451 27.348 29.349 30.739 32.011 33.324 34.677 36.071 37.505 38.980 40.495 42.051 43.647 45.283 46.960 49.422 52.196 55.179 58.370 61.769 65.376 69.192 73.215
8.577 8.725 8.863 9.018 9.223 9.440 9.669 9.910 10.163 10.428 10.705 10.994 11.295 11.608 11.933 12.487 13.360 14.293 15.286 16.340 17.453 18.627 19.861 21.155 22.509 23.923 25.398 25.741 24.955 24.141 23.298 22.427 21.527 20.599 19.642 18.656 17.642 16.600 15.529 15.739 16.892 18.075 20.064 22.103 24.130 26.148 28.154 30.149 32.134 34.108 36.071 37.647 39.059 40.511 42.004 43.537 45.111 46.725 48.379 50.074 51.809 53.585 55.401 58.318 61.813 65.517 69.428 73.548 77.875 82.411 87.155
7.659 7.771 7.874 7.999 8.246 8.506 8.777 9.060 9.355 9.662 9.981 10.312 10.655 11.010 11.377 11.949 13.032 14.175 15.378 16.641 17.964 19.347 20.791 22.294 23.857 25.481 27.165 27.941 27.055 26.141 25.199 24.228 23.228 22.200 21.151 20.531 20.132 19.956 20.002 21.027 23.060 25.082 27.093 29.094 31.084 33.062 35.031 36.988 38.934 40.870 42.794 44.506 46.057 47.649 49.281 50.954 52.667 54.420 56.214 58.048 59.923 61.838 63.793 67.001 71.217 75.641 80.273 85.113 90.160 95.416 100.879
6.752 6.830 6.897 6.969 7.258 7.560 7.873 8.198 8.535 8.884 9.245 9.618 10.003 10.400 10.809 11.348 12.641 13.993 15.405 16.878 18.410 20.003 21.655 23.368 25.141 26.973 28.866 30.099 28.696 27.515 26.556 25.819 25.303 25.009 24.938 25.088 25.460 26.054 26.870 28.173 30.168 32.152 34.125 36.087 38.039 39.979 41.909 43.828 45.736 47.633 49.520 51.316 53.007 54.738 56.510 58.321 60.174 62.066 63.999 65.973 67.986 70.040 72.135 75.473 80.409 85.553 90.905 96.464 102.231 108.206 114.389
5.858 5.900 5.933 5.955 6.258 6.601 6.957 7.324 7.703 8.094 8.497 8.911 9.338 9.777 10.228 10.691 12.185 13.747 15.368 17.050 18.742 20.260 21.733 23.159 24.539 25.874 27.162 28.258 27.626 27.216 27.028 27.061 27.317 27.793 28.492 29.413 30.555 31.919 33.504 35.321 37.278 39.223 41.158 43.082 44.995 46.898 48.789 50.670 52.540 54.399 56.247 58.078 59.908 61.778 63.689 65.640 67.631 69.663 71.735 73.848 76.001 78.194 80.427 83.734 89.390 95.253 101.324 107.602 114.088 120.782 127.684
4.976 4.983 4.981 4.968 5.246 5.631 6.029 6.437 6.858 7.291 7.736 8.193 8.662 9.163 9.706 10.250 11.671 13.213 14.710 16.161 17.566 18.925 20.238 21.505 22.726 23.902 25.031 26.114 26.327 26.688 27.270 28.073 29.099 30.346 31.814 33.504 35.416 37.549 39.904 42.471 44.389 46.297 48.193 50.079 51.954 53.818 55.671 57.514 59.346 61.167 62.977 64.791 66.760 68.770 70.819 72.910 75.040 77.211 79.422 81.674 83.965 86.298 88.670 91.783 98.158 104.740 111.530 118.527 125.732 133.144 140.764
4.106 4.078 4.041 3.993 4.223 4.650 5.135 5.679 6.224 6.768 7.312 7.856 8.400 8.943 9.487 10.030 11.181 12.565 13.902 15.194 16.440 17.640 18.793 19.901 20.963 21.980 22.950 23.874 24.799 25.930 27.282 28.855 30.650 32.666 34.904 37.363 40.044 42.946 46.070 49.415 51.503 53.372 55.230 57.078 58.914 60.740 62.556 64.360 66.153 67.936 69.708 71.469 73.564 75.712 77.901 80.130 82.400 84.710 87.060 89.450 91.881 94.352 96.863 99.622 106.715 114.016 121.524 129.239 137.162 145.293 153.630
3.403 3.453 3.504 3.556 3.830 4.374 4.919 5.463 6.007 6.551 7.094 7.638 8.181 8.724 9.267 9.810 10.741 11.965 13.144 14.276 15.363 16.404 17.399 18.348 19.251 20.108 20.919 21.685 23.043 24.943 27.064 29.407 31.971 34.756 37.762 40.990 44.440 48.110 52.002 56.115 58.618 60.449 62.269 64.078 65.877 67.665 69.442 71.208 72.963 74.708 76.442 78.165 80.319 82.606 84.934 87.302 89.711 92.160 94.649 97.178 99.747 102.357 105.007 107.697 115.061 122.824 127.914 132.845 137.618 142.233 146.689
3.249 3.303 3.358 3.414 3.615 4.159 4.703 5.247 5.790 6.334 6.877 7.420 7.963 8.506 9.048 9.591 10.350 11.415 12.435 13.408 14.336 15.218 16.053 16.844 17.588 18.286 18.939 19.545 21.057 23.726 26.617 29.728 33.061 36.614 40.389 44.385 48.603 53.041 57.701 62.582 65.735 67.527 69.310 71.081 72.841 74.591 76.330 78.058 79.775 81.482 83.178 84.863 87.025 89.452 91.919 94.426 96.973 99.561 101.844 102.106 102.320 102.486 102.603 102.672 106.430 111.133 115.679 120.066 124.295 128.366 132.278
3.094 3.152 3.211 3.271 3.400 3.944 4.487 5.031 5.574 6.117 6.660 7.203 7.745 8.287 8.830 9.372 10.008 10.914 11.775 12.589 13.358 14.081 14.758 15.389 15.975 16.514 17.008 17.456 18.844 22.282 25.940 29.820 33.920 38.242 42.785 47.549 52.533 57.739 63.166 68.814 72.853 74.608 76.352 78.085 79.808 81.519 83.220 84.910 86.589 88.258 89.916 91.131 91.165 91.552 91.890 92.180 92.421 92.615 92.760 92.856 92.905 92.905 92.856 92.760 95.447 99.607 103.608 107.452 111.137 114.664 118.034
2.938 2.999 3.063 3.127 3.192 3.729 4.272 4.815 5.358 5.901 6.443 6.985 7.528 8.069 8.611 9.153 9.715 10.462 11.164 11.820 12.430 12.994 13.512 13.985 14.412 14.793 15.128 15.417 16.403 20.608 25.035 29.682 34.550 39.639 44.949 50.480 56.232 62.205 68.399 74.813 79.974 81.691 83.397 85.092 86.213 85.857 85.483 85.089 84.677 84.245 83.794 83.324 83.133 83.354 83.526 83.650 83.726 83.754 83.733 83.664 83.547 83.382 83.168 82.906 84.628 88.244 91.702 95.002 98.144 101.129 103.955
2.780 2.846 2.913 2.982 3.051 3.515 4.058 4.600 5.143 5.685 6.227 6.769 7.310 7.852 8.393 8.934 9.475 10.060 10.603 11.100 11.551 11.957 12.316 12.630 12.899 13.121 13.298 13.429 13.733 18.706 23.900 29.315 34.950 40.806 46.883 53.181 59.699 65.930 71.178 76.257 80.380 80.036 79.673 79.291 78.890 78.469 78.030 77.571 77.093 76.596 76.080 75.545 75.158 75.213 75.220 75.178 75.089 74.951 74.765 74.530 74.247 73.917 73.537 73.110 73.973 77.046 79.961 82.718 85.317 87.758 90.041
2.622 2.692 2.763 2.835 2.909 3.301 3.843 4.385 4.927 5.469 6.011 6.552 7.093 7.634 8.175 8.716 9.257 9.706 10.090 10.429 10.722 10.969 11.170 11.325 11.435 11.499 11.517 11.490 11.417 16.576 22.514 28.362 34.042 39.552 44.893 50.065 55.068 59.901 64.565 69.060 73.346 72.937 72.509 72.061 71.595 71.109 70.605 70.081 69.538 68.976 68.395 67.795 67.240 67.129 66.971 66.764 66.509 66.205 65.854 65.454 65.006 64.509 63.965 63.372 63.481 66.011 68.383 70.597 72.654 74.552 76.293
2.463 2.537 2.612 2.688 2.765 3.087 3.629 4.171 4.712 5.254 5.795 6.336 6.877 7.417 7.958 8.498 9.038 9.401 9.627 9.807 9.941 10.030 10.073 10.147 10.298 10.465 10.648 10.848 11.065 15.318 20.752 26.016 31.111 36.037 40.794 45.382 49.801 54.051 58.131 62.043 65.785 65.865 65.372 64.860 64.328 63.777 63.208 62.619 62.011 61.384 60.738 60.073 59.388 59.103 58.779 58.406 57.986 57.517 57.000 56.435 55.822 55.160 54.450 53.692 53.153 55.140 56.969 58.641 60.155 61.512 62.710
2.302 2.380 2.459 2.540 2.621 2.874 3.415 3.956 4.497 5.038 5.579 6.120 6.660 7.200 7.740 8.280 8.789 9.083 9.191 9.316 9.458 9.616 9.791 9.982 10.190 10.415 10.656 10.913 11.187 14.316 19.166 23.846 28.357 32.700 36.873 40.877 44.712 48.379 51.876 55.204 58.364 58.821 58.263 57.686 57.089 56.473 55.839 55.185 54.512 53.820 53.109 52.379 51.629 51.133 50.644 50.106 49.520 48.886 48.204 47.474 46.695 45.868 44.993 44.070 43.099 44.432 45.719 46.849 47.821 48.635 49.292
2.141 2.223 2.306 2.390 2.475 2.661 3.202 3.742 4.283 4.803 5.308 5.806 6.297 6.782 7.261 7.733 8.198 8.555 8.721 8.904 9.103 9.319 9.551 9.800 10.065 10.347 10.646 10.961 11.292 13.489 17.755 21.852 25.779 29.538 33.128 36.549 39.802 42.885 45.799 48.545 51.122 51.805 51.182 50.539 49.878 49.197 48.498 47.779 47.041 46.284 45.508 44.713 43.898 43.220 42.566 41.863 41.112 40.312 39.465 38.570 37.626 36.634 35.594 34.506 33.370 33.887 34.632 35.220 35.651 35.924 36.039
1.978 2.064 2.143 2.216 2.287 2.383 2.892 3.393 3.889 4.377 4.860 5.335 5.804 6.267 6.723 7.173 7.616 8.011 8.234 8.474 8.731 9.004 9.294 9.600 9.923 10.262 10.618 10.991 11.380 12.837 16.520 20.033 23.378 26.554 29.561 32.399 35.068 37.569 39.901 42.064 44.058 44.817 44.129 43.421 42.695 41.949 41.184 40.400 39.598 38.776 37.935 37.075 36.196 35.364 34.544 33.676 32.760 31.796 30.783 29.723 28.614 27.458 26.253 25.000 23.699 23.505 23.709 23.755 23.644 24.611 25.908
1.776 1.845 1.912 1.975 2.036 2.094 2.541 3.020 3.493 3.959 4.419 4.872 5.319 5.759 6.193 6.620 7.041 7.449 7.730 8.028 8.342 8.673 9.020 9.383 9.764 10.160 10.574 11.003 11.450 12.361 15.460 18.390 21.152 23.745 26.170 28.425 30.512 32.431 34.180 35.761 37.174 37.856 37.103 36.330 35.539 34.728 33.899 33.050 32.182 31.295 30.390 29.465 28.521 27.565 26.580 25.547 24.466 23.336 22.159 20.933 19.660 18.338 18.093 18.119 18.111 18.858 20.195 21.461 22.654 23.775 24.823
1.568 1.628 1.684 1.738 1.789 1.837 2.198 2.655 3.105 3.549 3.986 4.417 4.841 5.259 5.670 6.075 6.473 6.865 7.209 7.564 7.936 8.324 8.728 9.149 9.587 10.041 10.512 10.999 11.502 12.058 14.575 16.923 19.102 21.113 22.955 24.629 26.134 27.470 28.638 29.637 30.468 30.923 30.104 29.267 28.411 27.535 26.641 25.727 24.795 23.843 22.872 21.882 20.874 19.822 18.672 18.614 18.758 18.868 18.945 18.989 19.000 18.977 18.920 18.831 18.708 19.086 20.175 21.191 22.136 23.008 23.808
1.364 1.413 1.460 1.504 1.545 1.583 1.862 2.297 2.724 3.146 3.561 3.969 4.371 4.766 5.155 5.537 5.913 6.282 6.671 7.084 7.513 7.958 8.420 8.898 9.393 9.904 10.432 10.977 11.538 12.115 13.865 15.631 17.228 18.657 19.917 21.009 21.932 22.687 23.273 23.691 23.940 24.017 23.134 22.231 21.310 20.370 19.410 18.432 18.483 18.727 19.017 19.354 19.738 20.122 20.217 20.279 20.307 20.303 20.264 20.193 20.088 19.950 19.778 19.573 19.335 19.383 20.223 20.991 21.687 22.310 22.862
1.163 1.202 1.239 1.273 1.304 1.333 1.534 1.946 2.351 2.750 3.143 3.529 3.908 4.281 4.647 5.007 5.360 5.707 6.116 6.586 7.072 7.575 8.094 8.630 9.182 9.750 10.336 10.937 11.555 12.190 13.330 14.514 15.529 16.377 17.055 17.565 17.907 18.081 18.086 17.923 17.591 17.973 18.107 18.233 18.404 18.623 18.888 19.199 19.558 19.962 20.414 20.912 21.456 22.048 22.028 21.975 21.888 21.768 21.614 21.428 21.208 20.954 20.668 20.348 19.994 19.749 20.341 20.860 21.307 21.682 21.985
