DATA/SHG/ECMWF/20170628/EN-46/20170629.en-46.asc
ncols        190
nrows        64
xllcorner    -5100000.000000000000
yllcorner    4130000.000000000000
cellsize     10000.000000000000
NODATA_value  -99999.000
[rows 0 to 32 of 64, columns 73 to 145 of 190]
1.685 1.558 1.434 1.313 1.196 1.082 0.971 0.863 0.825 0.935 1.045 1.154 1.262 1.370 1.476 1.582 1.688 1.792 1.896 1.999 2.092 2.157 2.226 2.297 2.371 2.448 2.528 2.611 2.697 2.785 2.877 2.972 3.191 3.800 4.399 4.989 5.571 6.142 6.705 7.258 7.802 8.337 8.863 9.379 9.873 10.332 10.811 11.308 11.824 12.359 12.913 13.486 14.078 14.688 15.318 15.966 16.329 15.797 15.257 14.709 14.153 13.589 13.017 12.436 11.848 11.252 10.648 10.035 9.615 9.749 9.880 10.009 10.135
1.657 1.541 1.469 1.395 1.307 1.205 1.088 0.958 0.859 0.967 1.074 1.180 1.286 1.391 1.495 1.598 1.701 1.803 1.904 2.004 2.101 2.180 2.261 2.346 2.433 2.523 2.616 2.712 2.811 2.913 3.018 3.126 3.290 3.857 4.416 4.965 5.505 6.035 6.557 7.069 7.572 8.066 8.550 9.025 9.500 10.044 10.607 11.189 11.790 12.410 13.048 13.706 14.382 15.077 15.791 16.524 17.092 16.523 15.947 15.363 14.771 14.171 13.563 12.946 12.322 11.690 11.049 10.401 9.864 9.986 10.106 10.223 10.337
2.038 1.943 1.833 1.710 1.572 1.420 1.254 1.073 0.893 0.999 1.103 1.207 1.310 1.412 1.514 1.615 1.715 1.814 1.912 2.010 2.107 2.199 2.294 2.391 2.492 2.595 2.701 2.811 2.923 3.038 3.156 3.277 3.401 3.925 4.442 4.950 5.449 5.938 6.418 6.890 7.351 7.804 8.247 8.681 9.108 9.737 10.384 11.051 11.736 12.440 13.163 13.905 14.666 15.445 16.244 17.061 17.862 17.257 16.645 16.025 15.397 14.760 14.116 13.464 12.803 12.135 11.459 10.774 10.178 10.426 10.684 10.949 11.224
2.515 2.370 2.211 2.037 1.850 1.648 1.432 1.202 0.957 1.031 1.133 1.234 1.335 1.434 1.533 1.632 1.729 1.826 1.922 2.017 2.112 2.215 2.323 2.433 2.547 2.664 2.783 2.906 3.031 3.159 3.291 3.425 3.562 4.002 4.478 4.945 5.403 5.851 6.290 6.720 7.141 7.553 7.955 8.348 8.732 9.409 10.141 10.892 11.662 12.450 13.258 14.084 14.929 15.793 16.676 17.578 18.498 17.999 17.350 16.661 15.964 15.302 14.675 14.083 13.525 13.003 12.515 12.063 11.645 11.884 12.178 12.482 12.794
3.005 2.810 2.601 2.378 2.141 1.889 1.623 1.343 1.049 1.064 1.164 1.262 1.360 1.457 1.554 1.649 1.744 1.838 1.932 2.024 2.116 2.227 2.348 2.472 2.599 2.729 2.861 2.997 3.136 3.277 3.422 3.569 3.719 4.089 4.524 4.950 5.367 5.774 6.172 6.561 6.941 7.311 7.673 8.025 8.368 9.062 9.879 10.714 11.568 12.441 13.325 14.192 15.043 15.876 16.691 17.489 18.270 17.915 17.304 16.728 16.186 15.679 15.208 14.770 14.368 14.001 13.668 13.371 13.108 13.330 13.663 14.004 14.353
3.508 3.263 3.004 2.731 2.444 2.143 1.827 1.498 1.154 1.098 1.195 1.291 1.386 1.481 1.574 1.667 1.760 1.851 1.942 2.032 2.122 2.236 2.370 2.508 2.647 2.790 2.936 3.085 3.237 3.391 3.549 3.709 3.873 4.187 4.580 4.965 5.341 5.707 6.064 6.412 6.751 7.126 7.529 7.932 8.333 9.055 9.932 10.793 11.635 12.460 13.268 14.058 14.831 15.586 16.324 17.044 17.747 17.636 17.180 16.759 16.373 16.021 15.704 15.422 15.175 14.963 14.785 14.642 14.534 14.766 15.136 15.515 15.902
4.023 3.728 3.420 3.097 2.760 2.410 2.044 1.665 1.272 1.132 1.226 1.320 1.413 1.505 1.596 1.686 1.776 1.865 1.953 2.041 2.128 2.242 2.389 2.539 2.693 2.849 3.008 3.170 3.334 3.502 3.673 3.847 4.051 4.366 4.773 5.179 5.584 5.988 6.391 6.793 7.193 7.593 7.992 8.389 8.785 9.405 10.205 10.987 11.752 12.499 13.229 13.942 14.637 15.315 15.975 16.618 17.243 17.322 17.021 16.755 16.523 16.327 16.165 16.038 15.945 15.888 15.865 15.877 15.924 16.192 16.599 17.015 17.440
4.551 4.207 3.848 3.476 3.090 2.689 2.274 1.846 1.403 1.167 1.259 1.350 1.440 1.529 1.618 1.706 1.793 1.880 1.965 2.050 2.134 2.244 2.405 2.611 2.835 3.057 3.278 3.499 3.718 3.936 4.154 4.370 4.585 4.872 5.274 5.676 6.076 6.475 6.873 7.270 7.666 8.060 8.454 8.847 9.238 9.773 10.495 11.199 11.887 12.557 13.209 13.844 14.462 15.062 15.644 16.210 16.757 16.972 16.826 16.715 16.638 16.596 16.589 16.617 16.679 16.776 16.908 17.075 17.276 17.607 18.052 18.505 18.967
5.091 4.697 4.290 3.868 3.432 2.982 2.517 2.039 1.546 1.203 1.292 1.380 1.468 1.555 1.641 1.757 1.976 2.172 2.344 2.494 2.620 2.747 2.968 3.188 3.407 3.624 3.841 4.057 4.271 4.485 4.698 4.909 5.120 5.379 5.776 6.173 6.568 6.962 7.356 7.748 8.138 8.528 8.917 9.305 9.691 10.158 10.803 11.430 12.040 12.632 13.207 13.764 14.304 14.827 15.332 15.820 16.291 16.587 16.596 16.639 16.717 16.830 16.978 17.160 17.377 17.629 17.915 18.237 18.592 19.011 19.494 19.985 20.484
5.644 5.201 4.744 4.272 3.786 3.287 2.773 2.245 1.765 1.525 1.802 2.056 2.287 2.495 2.679 2.840 2.978 3.093 3.185 3.253 3.298 3.334 3.550 3.765 3.979 4.192 4.404 4.615 4.825 5.034 5.242 5.449 5.654 5.886 6.279 6.670 7.061 7.450 7.838 8.226 8.612 8.997 9.381 9.763 10.145 10.562 11.129 11.678 12.211 12.726 13.223 13.703 14.166 14.611 15.039 15.449 15.842 16.167 16.330 16.528 16.761 17.028 17.331 17.667 18.039 18.445 18.886 19.362 19.872 20.405 20.925 21.453 21.990
6.210 5.714 5.240 4.809 4.420 4.074 3.770 3.508 3.288 3.116 3.312 3.485 3.634 3.760 3.864 3.944 4.001 4.034 4.045 4.032 3.996 3.927 4.132 4.342 4.552 4.760 4.967 5.174 5.379 5.583 5.786 5.989 6.190 6.394 6.781 7.168 7.554 7.938 8.322 8.704 9.085 9.465 9.844 10.222 10.599 10.983 11.473 11.945 12.400 12.837 13.257 13.660 14.045 14.413 14.764 15.097 15.412 15.712 16.029 16.382 16.769 17.191 17.647 18.139 18.664 19.225 19.820 20.450 21.115 21.789 22.346 22.912 23.486
6.530 6.162 5.837 5.553 5.312 5.113 4.957 4.842 4.770 4.741 4.840 4.932 5.000 5.045 5.068 5.067 5.042 4.995 4.925 4.831 4.714 4.564 4.714 4.920 5.125 5.328 5.531 5.733 5.933 6.133 6.331 6.529 6.725 6.921 7.285 7.666 8.047 8.427 8.805 9.183 9.559 9.935 10.309 10.682 11.054 11.425 11.834 12.229 12.607 12.967 13.309 13.635 13.943 14.233 14.507 14.763 15.001 15.222 15.693 16.200 16.742 17.318 17.929 18.574 19.254 19.969 20.718 21.502 22.263 22.966 23.665 24.565 25.666
6.791 6.571 6.393 6.257 6.163 6.112 6.103 6.136 6.211 6.329 6.388 6.398 6.385 6.350 6.291 6.209 6.104 5.975 5.824 5.649 5.452 5.220 5.297 5.498 5.698 5.897 6.095 6.292 6.488 6.683 6.877 7.070 7.261 7.452 7.788 8.165 8.541 8.916 9.290 9.662 10.034 10.404 10.773 11.142 11.509 11.875 12.214 12.531 12.832 13.114 13.380 13.628 13.859 14.072 14.268 14.447 14.608 14.752 15.322 15.982 16.657 17.339 18.029 18.726 19.431 20.143 20.863 21.590 22.325 23.068 24.609 26.403 28.397
7.012 6.939 6.908 6.920 6.974 7.070 7.208 7.388 7.611 7.876 7.954 7.884 7.790 7.673 7.533 7.370 7.184 6.975 6.743 6.487 6.209 5.896 5.880 6.076 6.272 6.466 6.659 6.852 7.043 7.233 7.422 7.610 7.798 7.984 8.292 8.664 9.035 9.405 9.774 10.142 10.509 10.874 11.239 11.602 11.964 12.326 12.611 12.851 13.074 13.280 13.450 13.596 13.742 13.887 14.033 14.178 14.323 14.468 15.033 15.734 16.443 17.159 17.882 18.613 19.351 20.097 20.851 21.612 22.380 23.156 25.351 28.038 30.925
7.193 7.267 7.384 7.543 7.744 7.987 8.273 8.600 8.970 9.382 9.540 9.388 9.214 9.016 8.795 8.552 8.285 7.995 7.681 7.345 6.986 6.592 6.463 6.655 6.846 7.035 7.224 7.412 7.598 7.784 7.968 8.152 8.334 8.516 8.797 9.164 9.530 9.895 10.259 10.622 10.984 11.306 11.589 11.870 12.149 12.426 12.625 12.771 12.917 13.062 13.208 13.353 13.498 13.643 13.787 13.932 14.076 14.220 14.744 15.479 16.221 16.970 17.727 18.492 19.264 20.043 20.831 21.625 22.427 23.237 25.892 29.471 33.250
7.333 7.555 7.819 8.125 8.473 8.864 9.296 9.771 10.288 10.847 11.144 10.912 10.657 10.378 10.077 9.752 9.404 9.033 8.640 8.223 7.783 7.307 7.047 7.234 7.420 7.605 7.789 7.972 8.154 8.335 8.515 8.694 8.830 8.934 9.115 9.402 9.688 9.972 10.254 10.534 10.813 11.089 11.364 11.637 11.908 12.177 12.386 12.532 12.677 12.821 12.966 13.110 13.254 13.398 13.542 13.686 13.829 13.972 14.448 15.216 15.991 16.775 17.565 18.363 19.169 19.982 20.803 21.631 22.467 23.310 26.232 30.703 35.373
7.434 7.803 8.214 8.668 9.163 9.700 10.280 10.902 11.565 12.271 12.768 12.455 12.119 11.759 11.377 10.972 10.543 10.092 9.617 9.120 8.599 8.043 7.631 7.759 7.847 7.939 8.033 8.132 8.233 8.338 8.446 8.557 8.671 8.789 8.957 9.236 9.514 9.789 10.063 10.336 10.606 10.874 11.141 11.406 11.669 11.930 12.148 12.293 12.437 12.581 12.725 12.868 13.011 13.154 13.297 13.440 13.583 13.725 14.144 14.945 15.755 16.571 17.395 18.227 19.066 19.913 20.767 21.629 22.498 23.375 26.372 31.732 37.294
7.496 8.011 8.570 9.170 9.812 10.496 11.223 11.991 12.802 13.654 14.411 14.017 13.600 13.160 12.697 12.188 11.393 10.630 9.899 9.199 8.530 7.897 7.365 7.464 7.567 7.673 7.783 7.896 8.012 8.131 8.254 8.380 8.509 8.642 8.800 9.072 9.341 9.609 9.875 10.139 10.401 10.662 10.920 11.177 11.432 11.685 11.911 12.054 12.198 12.341 12.484 12.626 12.769 12.911 13.053 13.195 13.337 13.478 13.832 14.667 15.510 16.360 17.218 18.083 18.956 19.836 20.724 21.619 22.522 23.432 26.310 32.561 39.012
7.517 8.180 8.885 9.632 10.421 11.252 12.125 13.040 13.931 14.506 15.055 14.244 13.433 12.654 11.906 11.189 10.505 9.851 9.229 8.639 8.080 7.558 7.066 7.166 7.284 7.405 7.529 7.657 7.787 7.921 8.059 8.199 8.343 8.490 8.646 8.910 9.171 9.431 9.689 9.945 10.199 10.451 10.702 10.951 11.198 11.443 11.674 11.816 11.959 12.101 12.243 12.385 12.527 12.668 12.810 12.951 13.092 13.232 13.513 14.382 15.258 16.142 17.033 17.932 18.838 19.752 20.673 21.602 22.538 23.482 26.048 33.189 40.529
7.498 8.268 8.932 9.570 10.183 10.770 11.333 11.870 12.382 12.869 13.331 12.779 12.078 11.409 10.771 10.164 9.589 9.045 8.533 8.052 7.603 7.191 6.810 6.865 6.998 7.133 7.272 7.414 7.560 7.708 7.860 8.015 8.174 8.336 8.501 8.750 9.003 9.255 9.505 9.753 9.999 10.243 10.486 10.726 10.965 11.202 11.437 11.579 11.721 11.862 12.003 12.145 12.285 12.426 12.566 12.707 12.847 12.987 13.187 14.089 14.999 15.916 16.841 17.773 18.713 19.660 20.615 21.577 22.547 23.524 25.586 33.616 41.845
6.756 7.357 7.933 8.483 9.009 9.509 9.984 10.434 10.858 11.258 11.632 11.288 10.697 10.137 9.609 9.112 8.646 8.212 7.809 7.438 7.098 6.796 6.526 6.561 6.708 6.858 7.012 7.168 7.328 7.492 7.658 7.828 8.001 8.178 8.357 8.592 8.837 9.081 9.323 9.563 9.801 10.037 10.272 10.504 10.735 10.964 11.191 11.342 11.483 11.624 11.764 11.904 12.044 12.184 12.324 12.463 12.602 12.741 12.880 13.788 14.732 15.682 16.641 17.606 18.580 19.560 20.549 21.544 22.547 23.616 25.094 33.743 42.272
5.957 6.470 6.959 7.422 7.860 8.273 8.660 9.023 9.360 9.672 9.959 9.771 9.289 8.839 8.420 8.032 7.676 7.352 7.058 6.797 6.566 6.374 6.214 6.253 6.415 6.580 6.748 6.919 7.094 7.272 7.453 7.637 7.825 8.016 8.211 8.436 8.674 8.909 9.143 9.375 9.605 9.833 10.060 10.285 10.507 10.728 10.948 11.106 11.246 11.386 11.525 11.665 11.804 11.943 12.082 12.220 12.359 12.497 12.635 13.480 14.551 15.752 16.939 18.113 19.273 20.420 21.553 22.673 23.779 24.872 25.952 33.603 41.605
5.182 5.608 6.009 6.385 6.736 7.061 7.361 7.636 7.886 8.111 8.311 8.226 7.854 7.513 7.204 6.926 6.679 6.464 6.280 6.128 6.007 5.924 5.875 5.942 6.118 6.298 6.481 6.667 6.856 7.048 7.244 7.443 7.646 7.851 8.060 8.283 8.512 8.740 8.965 9.189 9.411 9.632 9.850 10.067 10.282 10.495 10.706 10.870 11.009 11.148 11.287 11.460 11.719 12.021 12.368 12.758 13.194 13.673 14.197 15.201 16.355 17.496 18.624 19.738 20.839 21.926 23.000 24.060 25.107 26.141 27.161 33.580 41.055
4.432 4.771 5.085 5.373 5.636 5.874 6.087 6.275 6.438 6.576 6.688 6.655 6.393 6.161 5.961 5.792 5.655 5.549 5.475 5.432 5.420 5.447 5.508 5.628 5.819 6.013 6.210 6.411 6.615 6.822 7.032 7.246 7.463 7.683 7.907 8.131 8.353 8.572 8.790 9.006 9.220 9.432 9.651 9.870 10.072 10.255 10.420 10.620 10.898 11.219 11.585 11.995 12.450 12.948 13.491 14.078 14.709 15.384 16.104 17.075 18.170 19.252 20.320 21.375 22.416 23.444 24.458 25.459 26.446 27.420 28.381 33.675 40.623
3.707 3.958 4.185 4.386 4.562 4.713 4.839 4.939 5.015 5.065 5.090 5.058 4.904 4.782 4.692 4.632 4.604 4.607 4.642 4.708 4.806 4.943 5.114 5.310 5.515 5.724 5.936 6.151 6.370 6.592 6.817 7.045 7.277 7.539 7.858 8.172 8.438 8.685 8.915 9.126 9.320 9.495 9.652 9.791 9.912 10.014 10.099 10.323 10.797 11.315 11.877 12.483 13.133 13.828 14.567 15.350 16.177 17.048 17.964 18.961 19.997 21.019 22.027 23.023 24.004 24.973 25.927 26.869 27.797 28.711 29.613 33.886 40.308
3.006 3.170 3.309 3.423 3.512 3.576 3.615 3.628 3.616 3.580 3.518 3.434 3.390 3.377 3.395 3.445 3.526 3.639 3.782 3.958 4.164 4.411 4.693 4.989 5.215 5.462 5.725 6.003 6.298 6.608 6.933 7.274 7.631 8.004 8.393 8.754 8.940 9.107 9.256 9.387 9.500 9.595 9.672 9.731 9.771 9.794 9.798 9.980 10.650 11.364 12.122 12.924 13.770 14.660 15.595 16.574 17.597 18.664 19.775 20.858 21.834 22.797 23.746 24.682 25.604 26.513 27.408 28.290 29.159 30.014 30.856 34.214 40.110
2.330 2.407 2.459 2.486 2.487 2.464 2.415 2.342 2.243 2.120 1.971 1.797 1.848 1.944 2.072 2.231 2.441 2.790 3.130 3.463 3.787 4.107 4.423 4.733 5.034 5.351 5.684 6.032 6.396 6.776 7.171 7.582 8.009 8.451 8.910 9.355 9.460 9.547 9.616 9.667 9.700 9.715 9.711 9.690 9.650 9.593 9.517 9.590 10.456 11.366 12.320 13.317 14.360 15.446 16.576 17.750 18.969 20.232 21.538 22.766 23.683 24.586 25.476 26.352 27.215 28.065 28.901 29.723 30.533 31.329 32.111 34.658 40.029
1.678 1.668 1.633 1.572 1.487 1.377 1.241 1.081 0.895 0.730 0.726 0.727 1.021 1.374 1.719 2.056 2.385 2.705 3.018 3.322 3.618 3.909 4.197 4.478 4.836 5.223 5.625 6.043 6.477 6.926 7.392 7.872 8.369 8.881 9.409 9.952 10.000 10.007 9.996 9.966 9.919 9.854 9.770 9.668 9.549 9.411 9.255 9.154 10.216 11.321 12.471 13.664 14.902 16.184 17.510 18.880 20.294 21.752 23.254 24.686 25.543 26.387 27.217 28.034 28.838 29.628 30.404 31.168 31.918 32.654 33.378 35.218 40.065
1.051 0.953 0.862 0.841 0.824 0.812 0.806 0.805 0.809 0.818 0.832 0.852 1.086 1.410 1.727 2.036 2.336 2.628 2.912 3.188 3.456 3.719 3.978 4.231 4.621 5.077 5.549 6.037 6.540 7.059 7.594 8.145 8.711 9.292 9.890 10.503 10.559 10.485 10.394 10.285 10.157 10.012 9.848 9.666 9.467 9.249 9.013 8.759 9.929 11.230 12.575 13.964 15.397 16.875 18.396 19.961 21.571 23.224 24.922 26.616 27.414 28.198 28.969 29.727 30.471 31.202 31.920 32.624 33.314 33.992 34.656 35.895 40.217
0.843 0.829 0.820 0.816 0.817 0.824 0.835 0.852 0.874 0.901 0.934 0.971 1.157 1.454 1.742 2.023 2.295 2.559 2.815 3.062 3.302 3.536 3.767 3.992 4.388 4.914 5.456 6.013 6.586 7.175 7.779 8.399 9.035 9.686 10.353 11.036 11.136 10.983 10.812 10.622 10.415 10.189 9.945 9.684 9.404 9.106 8.791 8.457 9.596 11.092 12.633 14.217 15.846 17.518 19.235 20.996 22.800 24.649 26.542 28.478 29.296 30.021 30.733 31.431 32.116 32.788 33.446 34.091 34.723 35.341 35.945 36.561 40.039
0.760 0.764 0.773 0.787 0.806 0.831 0.860 0.895 0.935 0.980 1.030 1.085 1.236 1.505 1.765 2.017 2.261 2.497 2.724 2.944 3.155 3.361 3.564 3.760 4.138 4.733 5.345 5.972 6.614 7.272 7.946 8.636 9.341 10.062 10.798 11.550 11.733 11.500 11.248 10.979 10.691 10.386 10.062 9.720 9.361 8.983 8.588 8.174 9.216 10.908 12.644 14.424 16.247 18.115 20.027 21.983 23.982 26.026 28.114 30.246 31.189 31.855 32.398 32.711 33.009 33.293 33.561 33.815 34.054 34.278 34.487 34.681 37.527
0.672 0.694 0.721 0.753 0.790 0.832 0.880 0.933 0.991 1.054 1.122 1.195 1.322 1.562 1.795 2.018 2.234 2.442 2.641 2.833 3.016 3.194 3.368 3.535 3.870 4.535 5.216 5.912 6.625 7.352 8.096 8.855 9.629 10.420 11.226 12.047 12.349 12.035 11.704 11.354 10.987 10.601 10.198 9.776 9.337 8.879 8.404 7.910 8.790 10.677 12.608 14.583 16.602 18.672 20.732 22.725 24.652 26.513 28.307 30.035 30.735 31.012 31.274 31.522 31.755 31.973 32.176 32.365 32.538 32.697 32.841 32.970 35.117
0.580 0.619 0.664 0.714 0.769 0.830 0.895 0.966 1.041 1.122 1.208 1.300 1.416 1.628 1.832 2.027 2.215 2.394 2.566 2.729 2.884 3.034 3.179 3.318 3.585 4.320 5.070 5.836 6.618 7.415 8.228 9.056 9.900 10.760 11.635 12.526 12.983 12.590 12.178 11.749 11.302 10.836 10.353 9.852 9.416 9.202 8.979 8.745 9.625 11.724 13.756 15.722 17.621 19.454 21.221 22.921 24.555 26.123 27.624 29.059 29.758 29.970 30.167 30.350 30.518 30.670 30.808 30.931 31.040 31.133 31.212 31.276 32.810
