DATA/SHG/ECMWF/20170628/EN-46/20170706.en-46.asc
ncols        190
nrows        64
xllcorner    -5100000.000000000000
yllcorner    4130000.000000000000
cellsize     10000.000000000000
NODATA_value  -99999.000
[rows 0 to 32 of 64, columns 0 to 72 of 190]
4.908 5.007 5.092 5.165 5.223 5.268 5.300 5.318 5.323 5.448 5.628 5.823 6.035 6.262 6.505 6.763 7.038 7.328 7.634 7.865 8.064 7.843 7.435 7.034 6.641 6.254 5.875 5.504 5.139 4.782 4.431 4.089 3.753 3.670 3.753 3.841 3.935 4.035 4.141 4.253 4.371 4.495 4.625 4.761 4.903 5.058 5.222 5.386 5.551 5.717 5.884 6.052 6.221 6.390 6.561 6.732 6.904 6.861 6.552 6.227 5.889 5.535 5.168 4.785 4.389 3.978 3.552 3.112 2.658 2.419 2.564 2.732 2.922
4.973 5.025 5.063 5.087 5.098 5.096 5.080 5.051 5.008 5.123 5.359 5.610 5.827 6.039 6.248 6.453 6.654 6.851 7.045 7.235 7.422 7.299 6.916 6.541 6.173 5.812 5.459 5.112 4.773 4.441 4.117 3.800 3.489 3.372 3.476 3.585 3.700 3.821 3.949 4.082 4.221 4.366 4.517 4.674 4.837 5.004 5.171 5.338 5.506 5.675 5.846 6.017 6.188 6.361 6.535 6.709 6.885 6.892 6.531 6.156 5.766 5.362 4.943 4.510 4.063 3.601 3.125 2.634 2.128 1.792 2.016 2.262 2.531
5.054 5.057 5.048 5.025 4.979 4.890 4.801 4.712 4.623 4.672 4.883 5.089 5.292 5.492 5.687 5.879 6.068 6.252 6.433 6.611 6.784 6.747 6.390 6.041 5.698 5.363 5.035 4.714 4.401 4.094 3.795 3.504 3.219 3.069 3.193 3.323 3.460 3.602 3.750 3.904 4.065 4.231 4.403 4.581 4.765 4.949 5.119 5.289 5.461 5.633 5.806 5.980 6.155 6.331 6.508 6.686 6.864 6.936 6.525 6.098 5.658 5.203 4.734 4.250 3.752 3.239 2.712 2.170 1.745 1.446 1.877 2.311 2.747
4.893 4.804 4.716 4.627 4.538 4.448 4.359 4.270 4.181 4.180 4.378 4.572 4.762 4.949 5.132 5.311 5.486 5.658 5.826 5.991 6.152 6.189 5.858 5.534 5.217 4.907 4.605 4.309 4.021 3.741 3.467 3.201 2.941 2.759 2.905 3.056 3.213 3.377 3.546 3.721 3.902 4.090 4.283 4.482 4.687 4.893 5.066 5.240 5.414 5.590 5.766 5.943 6.121 6.300 6.480 6.661 6.843 6.995 6.532 6.055 5.564 5.074 4.606 4.158 3.732 3.328 2.944 2.582 2.241 1.921 2.349 2.793 3.240
4.453 4.364 4.275 4.186 4.097 4.008 3.918 3.829 3.739 3.693 3.878 4.059 4.237 4.410 4.580 4.747 4.910 5.069 5.224 5.376 5.524 5.625 5.319 5.020 4.729 4.444 4.167 3.898 3.635 3.380 3.132 2.891 2.657 2.444 2.610 2.783 2.961 3.146 3.336 3.532 3.734 3.943 4.157 4.377 4.603 4.835 5.012 5.189 5.367 5.546 5.725 5.905 6.087 6.260 6.401 6.532 6.653 6.765 6.338 5.881 5.444 5.029 4.635 4.262 3.910 3.580 3.270 2.982 2.716 2.470 2.819 3.272 3.729
4.014 3.925 3.835 3.746 3.657 3.567 3.478 3.388 3.299 3.211 3.383 3.551 3.716 3.877 4.034 4.188 4.338 4.484 4.626 4.765 4.901 5.032 4.773 4.500 4.234 3.975 3.723 3.479 3.242 3.012 2.789 2.574 2.366 2.165 2.310 2.504 2.703 2.909 3.120 3.337 3.561 3.790 4.025 4.266 4.513 4.766 4.958 5.133 5.298 5.453 5.598 5.734 5.860 5.976 6.083 6.180 6.267 6.345 6.049 5.666 5.304 4.963 4.643 4.345 4.067 3.811 3.576 3.362 3.170 2.998 3.285 3.748 4.214
3.575 3.486 3.396 3.307 3.218 3.128 3.038 2.949 2.859 2.769 2.893 3.048 3.200 3.348 3.492 3.633 3.770 3.904 4.034 4.160 4.282 4.401 4.220 3.973 3.732 3.499 3.273 3.054 2.842 2.637 2.440 2.250 2.067 1.892 2.005 2.219 2.440 2.666 2.899 3.150 3.413 3.677 3.941 4.206 4.471 4.737 4.921 5.062 5.192 5.314 5.425 5.527 5.619 5.702 5.775 5.838 5.891 5.935 5.740 5.431 5.143 4.877 4.631 4.407 4.204 4.022 3.861 3.721 3.603 3.506 3.747 4.220 4.697
3.137 3.048 2.958 2.869 2.779 2.689 2.600 2.510 2.420 2.330 2.407 2.549 2.688 2.824 2.955 3.083 3.208 3.329 3.446 3.559 3.669 3.775 3.661 3.439 3.224 3.016 2.815 2.621 2.435 2.256 2.084 1.919 1.792 1.681 1.797 2.060 2.323 2.586 2.850 3.115 3.380 3.645 3.911 4.177 4.444 4.711 4.894 5.000 5.097 5.184 5.262 5.330 5.389 5.437 5.476 5.506 5.526 5.536 5.411 5.176 4.963 4.770 4.599 4.449 4.320 4.212 4.125 4.060 4.015 3.992 4.206 4.689 5.175
2.700 2.610 2.521 2.431 2.341 2.251 2.162 2.072 1.982 1.892 1.925 2.055 2.182 2.304 2.423 2.538 2.650 2.758 2.862 2.963 3.060 3.153 3.095 2.898 2.708 2.568 2.437 2.312 2.192 2.078 1.969 1.866 1.769 1.678 1.753 2.017 2.282 2.547 2.813 3.079 3.346 3.613 3.880 4.148 4.416 4.685 4.876 4.948 5.011 5.065 5.109 5.143 5.168 5.183 5.188 5.184 5.170 5.146 5.062 4.901 4.762 4.644 4.546 4.470 4.415 4.382 4.369 4.378 4.407 4.458 4.661 5.155 5.650
2.264 2.174 2.084 1.994 1.904 1.814 1.724 1.634 1.544 1.454 1.449 1.566 1.679 1.789 1.895 1.998 2.097 2.199 2.346 2.486 2.617 2.740 2.767 2.639 2.516 2.400 2.288 2.183 2.083 1.989 1.901 1.818 1.741 1.670 1.709 1.975 2.241 2.508 2.775 3.043 3.311 3.580 3.849 4.118 4.388 4.658 4.867 4.906 4.936 4.955 4.965 4.966 4.957 4.938 4.910 4.871 4.824 4.767 4.693 4.606 4.541 4.497 4.474 4.472 4.491 4.531 4.592 4.675 4.778 4.903 5.113 5.616 6.122
1.828 1.738 1.648 1.558 1.468 1.378 1.288 1.198 1.107 1.017 1.000 1.175 1.341 1.500 1.651 1.794 1.929 2.057 2.176 2.287 2.391 2.487 2.533 2.424 2.322 2.225 2.134 2.048 1.969 1.895 1.826 1.764 1.707 1.655 1.664 1.931 2.199 2.468 2.737 3.006 3.276 3.546 3.817 4.088 4.359 4.631 4.868 4.874 4.869 4.855 4.832 4.798 4.756 4.703 4.641 4.569 4.488 4.397 4.304 4.291 4.300 4.330 4.380 4.452 4.546 4.660 4.795 4.951 5.129 5.327 5.562 6.075 6.590
1.393 1.303 1.213 1.167 1.158 1.147 1.132 1.114 1.093 1.068 1.060 1.207 1.346 1.477 1.600 1.715 1.823 1.922 2.014 2.098 2.174 2.242 2.292 2.204 2.122 2.045 1.974 1.908 1.848 1.794 1.746 1.703 1.666 1.635 1.619 1.888 2.157 2.427 2.698 2.969 3.240 3.512 3.784 4.057 4.330 4.604 4.878 4.851 4.813 4.765 4.708 4.641 4.564 4.478 4.382 4.277 4.162 4.037 3.903 3.956 4.039 4.142 4.267 4.413 4.580 4.768 4.977 5.230 5.496 5.749 5.991 6.424 6.852
1.380 1.369 1.356 1.339 1.320 1.297 1.271 1.242 1.209 1.174 1.135 1.247 1.358 1.462 1.557 1.645 1.725 1.797 1.861 1.917 1.965 2.006 2.038 1.978 1.916 1.859 1.808 1.762 1.723 1.689 1.660 1.637 1.620 1.609 1.604 1.844 2.115 2.387 2.659 2.931 3.204 3.478 3.751 4.026 4.300 4.576 4.851 4.838 4.766 4.684 4.593 4.493 4.382 4.263 4.133 3.994 3.845 3.687 3.519 3.601 3.869 4.176 4.471 4.754 5.025 5.285 5.532 5.768 5.991 6.203 6.403 6.732 7.077
1.589 1.568 1.543 1.515 1.484 1.450 1.413 1.373 1.329 1.283 1.233 1.295 1.379 1.455 1.523 1.583 1.635 1.679 1.716 1.744 1.765 1.778 1.783 1.746 1.704 1.667 1.636 1.611 1.591 1.577 1.568 1.566 1.569 1.577 1.592 1.799 2.072 2.345 2.619 2.893 3.168 3.443 3.718 3.994 4.270 4.547 4.824 4.834 4.729 4.613 4.489 4.355 4.211 4.177 4.171 4.173 4.183 4.200 4.226 4.432 4.709 4.974 5.228 5.469 5.699 5.916 6.122 6.316 6.498 6.668 6.826 7.062 7.323
1.802 1.769 1.733 1.694 1.652 1.607 1.559 1.507 1.452 1.395 1.333 1.352 1.408 1.457 1.497 1.529 1.554 1.571 1.580 1.581 1.574 1.559 1.537 1.509 1.487 1.470 1.459 1.453 1.454 1.460 1.471 1.488 1.511 1.540 1.574 1.754 2.029 2.303 2.579 2.854 3.131 3.407 3.684 3.962 4.240 4.518 4.876 5.015 4.989 4.972 4.962 4.960 4.965 4.979 5.000 5.029 5.066 5.111 5.164 5.324 5.560 5.783 5.995 6.195 6.382 6.558 6.722 6.874 7.015 7.143 7.259 7.413 7.592
2.018 1.974 1.927 1.877 1.823 1.767 1.707 1.645 1.579 1.510 1.438 1.418 1.446 1.467 1.479 1.484 1.481 1.470 1.452 1.425 1.391 1.349 1.299 1.266 1.264 1.267 1.276 1.290 1.311 1.336 1.368 1.405 1.448 1.496 1.551 1.709 1.985 2.261 2.541 2.849 3.172 3.508 3.860 4.225 4.605 5.000 5.409 5.645 5.647 5.656 5.674 5.699 5.732 5.772 5.821 5.877 5.941 6.013 6.093 6.227 6.421 6.602 6.772 6.930 7.076 7.211 7.333 7.444 7.542 7.629 7.704 7.787 7.882
2.237 2.182 2.124 2.062 1.998 1.930 1.860 1.786 1.709 1.628 1.545 1.491 1.492 1.485 1.470 1.448 1.417 1.379 1.333 1.279 1.217 1.147 1.069 1.018 1.035 1.058 1.087 1.122 1.162 1.208 1.259 1.319 1.389 1.457 1.524 1.665 1.980 2.310 2.654 3.013 3.386 3.773 4.175 4.591 5.022 5.467 5.927 6.267 6.296 6.332 6.377 6.429 6.489 6.557 6.633 6.716 6.808 6.907 7.014 7.140 7.292 7.432 7.560 7.677 7.781 7.874 7.954 8.023 8.080 8.125 8.158 8.182 8.195
2.459 2.393 2.324 2.251 2.175 2.097 2.015 1.930 1.842 1.750 1.656 1.574 1.547 1.512 1.470 1.420 1.361 1.296 1.222 1.140 1.051 0.954 0.849 0.764 0.818 0.892 0.964 1.035 1.105 1.174 1.241 1.307 1.372 1.436 1.499 1.611 1.977 2.357 2.752 3.161 3.585 4.023 4.475 4.942 5.424 5.919 6.429 6.880 6.936 7.000 7.071 7.151 7.238 7.333 7.436 7.547 7.665 7.791 7.925 8.063 8.173 8.272 8.358 8.433 8.496 8.547 8.586 8.613 8.629 8.632 8.624 8.600 8.529
2.684 2.607 2.527 2.443 2.356 2.266 2.173 2.077 1.978 1.875 1.770 1.664 1.610 1.548 1.478 1.400 1.314 1.227 1.143 1.062 0.983 0.907 0.833 0.766 0.837 0.906 0.974 1.041 1.107 1.171 1.235 1.297 1.357 1.417 1.475 1.542 1.959 2.390 2.835 3.295 3.769 4.258 4.761 5.278 5.810 6.356 6.917 7.484 7.567 7.658 7.757 7.864 7.978 8.100 8.230 8.368 8.513 8.667 8.828 8.996 9.065 9.122 9.167 9.200 9.221 9.231 9.228 9.214 9.188 9.150 9.100 9.038 8.885
2.913 2.825 2.733 2.638 2.540 2.439 2.335 2.228 2.117 2.004 1.867 1.728 1.633 1.546 1.462 1.379 1.299 1.222 1.146 1.073 1.003 0.934 0.869 0.805 0.857 0.922 0.986 1.049 1.110 1.170 1.229 1.287 1.344 1.399 1.453 1.506 1.926 2.407 2.903 3.413 3.938 4.477 5.031 5.599 6.181 6.778 7.389 8.014 8.190 8.308 8.434 8.568 8.709 8.859 9.016 9.180 9.353 9.533 9.722 9.917 9.967 9.982 9.986 9.977 9.957 9.925 9.881 9.825 9.757 9.678 9.586 9.483 9.264
3.145 3.045 2.942 2.795 2.649 2.505 2.363 2.223 2.084 1.947 1.812 1.678 1.585 1.506 1.430 1.355 1.284 1.214 1.147 1.082 1.020 0.960 0.902 0.846 0.879 0.940 0.999 1.058 1.115 1.171 1.225 1.279 1.331 1.382 1.432 1.480 1.878 2.410 2.956 3.517 4.092 4.682 5.286 5.904 6.537 7.184 7.845 8.521 8.804 8.950 9.103 9.263 9.432 9.608 9.792 9.984 10.184 10.391 10.607 10.829 10.879 10.853 10.815 10.765 10.703 10.630 10.544 10.364 10.050 9.740 9.434 9.131 8.753
3.124 2.979 2.836 2.695 2.555 2.417 2.281 2.147 2.014 1.884 1.755 1.628 1.534 1.463 1.395 1.329 1.265 1.204 1.145 1.089 1.034 0.982 0.933 0.886 0.902 0.958 1.014 1.068 1.121 1.172 1.223 1.272 1.320 1.367 1.412 1.456 1.815 2.398 2.995 3.606 4.231 4.871 5.526 6.195 6.878 7.575 8.287 9.013 9.410 9.582 9.762 9.950 10.146 10.349 10.560 10.779 11.006 11.240 11.483 11.733 11.667 11.341 11.019 10.700 10.385 10.073 9.765 9.460 9.159 8.861 8.567 8.276 7.944
3.003 2.864 2.728 2.592 2.459 2.327 2.198 2.069 1.943 1.819 1.696 1.575 1.480 1.418 1.358 1.300 1.245 1.192 1.141 1.092 1.046 1.003 0.961 0.922 0.926 0.978 1.029 1.079 1.128 1.175 1.221 1.266 1.310 1.352 1.394 1.434 1.738 2.371 3.018 3.680 4.356 5.046 5.751 6.470 7.203 7.951 8.713 9.490 10.007 10.206 10.414 10.629 10.851 10.933 10.925 10.913 10.898 10.880 10.859 10.834 10.675 10.361 10.051 9.745 9.442 9.143 8.847 8.554 8.265 7.980 7.698 7.419 7.124
2.881 2.748 2.617 2.488 2.361 2.236 2.112 1.990 1.870 1.752 1.635 1.520 1.424 1.370 1.318 1.269 1.221 1.177 1.134 1.094 1.056 1.020 0.987 0.956 0.951 0.999 1.046 1.091 1.136 1.179 1.221 1.262 1.301 1.339 1.376 1.412 1.646 2.329 3.027 3.739 4.465 5.206 5.961 6.730 7.514 8.312 8.996 9.614 10.020 10.016 10.009 9.999 9.986 9.970 9.950 9.927 9.901 9.872 9.840 9.804 9.681 9.380 9.082 8.788 8.497 8.210 7.927 7.646 7.370 7.097 6.827 6.561 6.294
2.756 2.630 2.505 2.383 2.262 2.142 2.025 1.909 1.795 1.683 1.573 1.464 1.366 1.320 1.276 1.235 1.196 1.159 1.125 1.093 1.063 1.036 1.010 0.988 0.978 1.021 1.064 1.105 1.145 1.184 1.222 1.258 1.294 1.328 1.360 1.392 1.539 2.272 3.020 3.769 4.488 5.179 5.841 6.473 7.077 7.652 8.197 8.714 9.115 9.101 9.083 9.062 9.038 9.010 8.980 8.946 8.909 8.869 8.826 8.779 8.685 8.396 8.111 7.829 7.551 7.276 7.004 6.737 6.472 6.211 5.954 5.700 5.453
2.633 2.510 2.392 2.275 2.160 2.047 1.936 1.826 1.719 1.613 1.508 1.406 1.305 1.267 1.232 1.199 1.168 1.139 1.113 1.089 1.068 1.048 1.031 1.017 1.005 1.045 1.083 1.120 1.156 1.191 1.224 1.257 1.319 1.391 1.472 1.563 1.678 2.384 3.060 3.708 4.326 4.916 5.476 6.007 6.510 6.983 7.428 7.843 8.215 8.190 8.161 8.129 8.094 8.055 8.014 7.969 7.921 7.870 7.816 7.758 7.687 7.411 7.138 6.868 6.602 6.339 6.080 5.825 5.572 5.324 5.079 4.837 4.602
2.554 2.389 2.276 2.166 2.057 1.950 1.845 1.742 1.640 1.540 1.442 1.346 1.252 1.212 1.185 1.160 1.137 1.117 1.099 1.083 1.070 1.059 1.050 1.043 1.038 1.061 1.099 1.147 1.204 1.271 1.348 1.434 1.529 1.634 1.749 1.873 2.007 2.554 3.130 3.676 4.193 4.682 5.141 5.571 5.973 6.345 6.688 7.003 7.288 7.283 7.243 7.200 7.154 7.105 7.053 6.997 6.938 6.876 6.811 6.742 6.670 6.423 6.162 5.905 5.651 5.401 5.154 4.911 4.671 4.434 4.201 3.972 3.746
2.499 2.265 2.159 2.055 1.952 1.852 1.753 1.656 1.560 1.466 1.375 1.284 1.196 1.155 1.136 1.119 1.104 1.101 1.114 1.117 1.111 1.095 1.071 1.038 0.995 1.027 1.099 1.180 1.271 1.371 1.481 1.601 1.730 1.868 2.016 2.174 2.341 2.754 3.229 3.674 4.090 4.477 4.836 5.165 5.465 5.736 5.979 6.192 6.377 6.381 6.330 6.276 6.219 6.159 6.096 6.029 5.959 5.886 5.810 5.730 5.648 5.434 5.185 4.940 4.698 4.460 4.226 3.995 3.767 3.543 3.322 3.105 2.891
2.468 2.140 2.040 1.942 1.846 1.751 1.659 1.568 1.478 1.391 1.334 1.309 1.281 1.280 1.297 1.305 1.303 1.293 1.273 1.244 1.206 1.159 1.102 1.037 0.962 0.983 1.089 1.203 1.327 1.461 1.604 1.757 1.920 2.091 2.273 2.464 2.664 2.984 3.357 3.701 4.016 4.302 4.560 4.788 4.987 5.158 5.299 5.412 5.495 5.483 5.422 5.357 5.289 5.217 5.143 5.065 4.985 4.901 4.813 4.723 4.629 4.442 4.206 3.973 3.744 3.518 3.295 3.076 2.861 2.649 2.441 2.236 2.034
2.460 2.013 1.920 1.878 1.864 1.847 1.827 1.804 1.777 1.747 1.714 1.677 1.638 1.609 1.594 1.569 1.536 1.493 1.441 1.381 1.311 1.231 1.143 1.046 0.939 0.930 1.068 1.216 1.374 1.541 1.718 1.904 2.099 2.305 2.519 2.744 2.977 3.242 3.514 3.757 3.971 4.157 4.313 4.441 4.539 4.609 4.649 4.661 4.644 4.590 4.517 4.441 4.362 4.280 4.195 4.106 4.014 3.920 3.821 3.720 3.616 3.449 3.225 3.004 2.787 2.573 2.363 2.156 1.998 1.909 1.819 1.726 1.631
2.977 2.381 2.362 2.340 2.315 2.287 2.255 2.220 2.182 2.141 2.096 2.048 1.998 1.947 1.900 1.843 1.778 1.703 1.620 1.527 1.425 1.314 1.194 1.064 0.926 0.866 1.038 1.220 1.410 1.611 1.821 2.040 2.269 2.508 2.756 3.013 3.280 3.529 3.701 3.843 3.956 4.041 4.096 4.123 4.121 4.089 4.029 3.940 3.822 3.701 3.617 3.530 3.440 3.347 3.251 3.151 3.049 2.943 2.834 2.722 2.606 2.519 2.438 2.356 2.271 2.183 2.094 2.002 1.908 1.812 1.714 1.613 1.510
3.810 2.869 2.838 2.805 2.769 2.729 2.686 2.640 2.590 2.538 2.482 2.423 2.360 2.294 2.215 2.127 2.029 1.923 1.807 1.682 1.549 1.406 1.254 1.093 0.922 0.793 0.998 1.213 1.437 1.671 1.914 2.167 2.429 2.701 2.982 3.273 3.573 3.846 3.916 3.958 3.970 3.954 3.909 3.835 3.732 3.600 3.439 3.249 3.031 2.816 2.722 2.624 2.523 2.419 2.443 2.537 2.602 2.637 2.643 2.620 2.567 2.486 2.398 2.307 2.215 2.120 2.022 1.923 1.821 1.717 1.611 1.502 1.392
4.717 3.470 3.318 3.273 3.225 3.174 3.120 3.062 3.001 2.937 2.870 2.800 2.726 2.649 2.540 2.419 2.290 2.152 2.004 1.848 1.682 1.507 1.323 1.130 0.928 0.717 0.948 1.196 1.453 1.720 1.997 2.283 2.578 2.883 3.198 3.522 3.856 4.191 4.161 4.102 4.013 3.896 3.751 3.576 3.372 3.140 2.878 2.796 2.771 2.722 2.861 2.970 3.050 3.100 3.121 3.113 3.075 3.008 2.912 2.786 2.631 2.456 2.360 2.262 2.161 2.058 1.953 1.846 1.736 1.624 1.510 1.394 1.276
