DATA/SHG/ECMWF/20170628/EN-46/20170705.en-46.asc
ncols        190
nrows        64
xllcorner    -5100000.000000000000
yllcorner    4130000.000000000000
cellsize     10000.000000000000
NODATA_value  -99999.000
[rows 0 to 31 of 64, columns 73 to 145 of 190]
3.507 4.055 4.622 5.208 5.812 6.435 7.077 7.738 8.101 7.674 7.220 6.785 6.367 5.968 5.586 5.221 4.875 4.546 4.236 3.943 3.839 4.291 4.715 5.117 5.496 5.854 6.189 6.502 6.793 7.062 7.308 7.533 7.718 7.842 7.973 8.109 8.251 8.399 8.553 8.713 8.879 9.051 9.229 9.412 9.576 9.650 9.702 9.730 9.736 9.720 9.680 9.618 9.534 9.426 9.296 9.144 8.928 8.593 8.268 7.953 7.649 7.356 7.073 6.800 6.538 6.287 6.046 5.816 5.571 5.270 4.988 4.723 4.477
3.587 4.202 4.803 5.389 5.962 6.525 7.075 7.615 7.976 7.567 7.176 6.803 6.448 6.110 5.790 5.488 5.204 4.937 4.689 4.458 4.305 4.659 4.984 5.286 5.567 5.825 6.061 6.275 6.467 6.637 6.785 6.910 7.020 7.171 7.328 7.491 7.659 7.834 8.015 8.201 8.393 8.592 8.796 9.006 9.192 9.165 9.115 9.043 8.948 8.830 8.690 8.527 8.341 8.132 7.901 7.648 7.370 7.082 6.804 6.536 6.279 6.033 5.797 5.572 5.357 5.152 4.959 4.775 4.593 4.373 4.170 3.986 3.819
3.606 4.174 4.731 5.276 5.810 6.332 6.844 7.343 7.792 7.445 7.116 6.805 6.512 6.236 5.978 5.738 5.516 5.312 5.125 4.956 4.805 5.051 5.277 5.480 5.662 5.821 5.958 6.073 6.166 6.237 6.286 6.313 6.317 6.494 6.677 6.866 7.062 7.263 7.470 7.683 7.902 8.127 8.357 8.594 8.833 8.705 8.554 8.380 8.184 7.965 7.724 7.460 7.173 6.864 6.532 6.177 5.803 5.562 5.331 5.111 4.901 4.702 4.513 4.334 4.166 4.009 3.862 3.726 3.684 3.712 3.750 3.797 3.853
3.624 4.152 4.669 5.174 5.668 6.151 6.622 7.082 7.531 7.306 7.040 6.791 6.559 6.346 6.150 5.972 5.812 5.669 5.545 5.438 5.348 5.468 5.594 5.699 5.782 5.842 5.880 5.897 5.891 5.863 5.813 5.741 5.646 5.811 6.021 6.237 6.458 6.686 6.920 7.159 7.405 7.656 7.913 8.176 8.445 8.270 8.018 7.743 7.446 7.126 6.784 6.419 6.031 5.621 5.188 4.732 4.254 4.034 3.850 3.795 3.852 3.909 3.964 4.017 4.069 4.119 4.168 4.216 4.262 4.330 4.408 4.496 4.592
3.652 4.140 4.618 5.083 5.538 5.980 6.412 6.832 7.241 7.152 6.947 6.760 6.591 6.439 6.306 6.190 6.091 6.011 5.948 5.903 5.875 5.909 5.936 5.942 5.926 5.888 5.827 5.745 5.640 5.513 5.365 5.194 5.001 5.122 5.359 5.601 5.850 6.104 6.364 6.630 6.902 7.179 7.463 7.753 8.048 7.859 7.506 7.130 6.732 6.312 5.939 5.630 5.337 5.061 4.800 4.555 4.326 4.325 4.379 4.432 4.483 4.533 4.581 4.628 4.673 4.717 4.759 4.800 4.840 4.937 5.056 5.184 5.321
3.691 4.139 4.577 5.003 5.417 5.821 6.212 6.593 6.962 6.981 6.839 6.714 6.606 6.517 6.445 6.391 6.354 6.335 6.334 6.351 6.386 6.374 6.303 6.210 6.095 5.958 5.799 5.617 5.414 5.189 4.941 4.672 4.381 4.429 4.692 4.960 5.235 5.516 5.802 6.095 6.393 6.718 7.053 7.384 7.710 7.605 7.288 6.987 6.701 6.432 6.178 5.940 5.718 5.512 5.322 5.148 4.990 4.976 5.024 5.070 5.114 5.157 5.199 5.239 5.278 5.315 5.351 5.385 5.418 5.535 5.694 5.862 6.040
3.740 4.149 4.547 4.933 5.308 5.671 6.024 6.364 6.694 6.795 6.714 6.651 6.605 6.578 6.568 6.575 6.601 6.644 6.705 6.783 6.879 6.863 6.694 6.502 6.288 6.053 5.795 5.515 5.213 4.889 4.543 4.175 3.833 3.858 4.211 4.559 4.902 5.240 5.574 5.903 6.226 6.545 6.859 7.168 7.473 7.473 7.227 6.996 6.782 6.583 6.400 6.233 6.082 5.947 5.828 5.724 5.637 5.628 5.669 5.708 5.746 5.783 5.818 5.851 5.883 5.914 5.943 5.971 5.997 6.122 6.322 6.531 6.749
3.800 4.169 4.527 4.874 5.209 5.533 5.845 6.147 6.436 6.592 6.573 6.572 6.588 6.622 6.674 6.744 6.831 6.936 7.058 7.199 7.357 7.377 7.109 6.778 6.432 6.093 5.761 5.435 5.117 4.805 4.500 4.202 3.911 3.864 4.195 4.521 4.843 5.160 5.472 5.779 6.081 6.378 6.670 6.958 7.241 7.324 7.149 6.989 6.845 6.717 6.605 6.509 6.429 6.364 6.316 6.283 6.266 6.280 6.314 6.347 6.378 6.408 6.437 6.464 6.489 6.513 6.536 6.557 6.577 6.700 6.940 7.189 7.447
3.870 4.200 4.518 4.825 5.121 5.405 5.678 5.939 6.190 6.374 6.416 6.477 6.555 6.651 6.765 6.887 6.977 7.059 7.133 7.200 7.258 7.226 6.897 6.575 6.259 5.951 5.649 5.354 5.065 4.784 4.509 4.241 3.980 3.875 4.185 4.489 4.789 5.085 5.375 5.660 5.941 6.216 6.487 6.753 7.014 7.159 7.054 6.965 6.892 6.835 6.794 6.768 6.759 6.765 6.787 6.825 6.879 6.933 6.960 6.987 7.011 7.035 7.057 7.077 7.096 7.113 7.129 7.144 7.157 7.268 7.548 7.838 8.136
3.951 4.241 4.519 4.787 5.043 5.288 5.521 5.743 5.965 6.184 6.294 6.395 6.489 6.575 6.654 6.724 6.787 6.842 6.889 6.929 6.960 6.955 6.657 6.365 6.080 5.801 5.530 5.265 5.007 4.756 4.511 4.274 4.043 3.891 4.179 4.463 4.741 5.015 5.283 5.547 5.806 6.060 6.309 6.554 6.793 6.977 6.943 6.925 6.922 6.936 6.965 7.010 7.071 7.148 7.241 7.349 7.474 7.586 7.607 7.627 7.645 7.662 7.677 7.691 7.703 7.714 7.724 7.732 7.738 7.825 8.146 8.476 8.815
4.042 4.305 4.573 4.832 5.082 5.323 5.554 5.776 5.989 6.192 6.274 6.349 6.415 6.474 6.526 6.569 6.605 6.632 6.653 6.665 6.669 6.671 6.409 6.147 5.892 5.644 5.403 5.169 4.941 4.720 4.506 4.298 4.098 3.913 4.180 4.441 4.698 4.950 5.197 5.439 5.677 5.909 6.137 6.360 6.577 6.779 6.815 6.868 6.936 7.020 7.120 7.235 7.367 7.514 7.678 7.857 8.052 8.240 8.255 8.268 8.279 8.289 8.298 8.305 8.311 8.315 8.318 8.320 8.320 8.373 8.734 9.104 9.484
4.317 4.563 4.799 5.026 5.243 5.452 5.651 5.841 6.022 6.194 6.262 6.309 6.349 6.380 6.405 6.421 6.429 6.430 6.423 6.408 6.386 6.360 6.154 5.923 5.698 5.480 5.269 5.065 4.867 4.677 4.493 4.315 4.145 3.981 4.185 4.425 4.660 4.891 5.116 5.337 5.553 5.764 5.970 6.171 6.367 6.559 6.671 6.794 6.932 7.087 7.257 7.444 7.646 7.863 8.097 8.347 8.612 8.893 8.903 8.909 8.914 8.918 8.920 8.921 8.920 8.917 8.914 8.909 8.923 8.995 9.486 10.011 10.573
4.616 4.829 5.033 5.228 5.413 5.589 5.757 5.914 6.063 6.203 6.256 6.276 6.289 6.294 6.291 6.280 6.261 6.235 6.201 6.159 6.110 6.057 5.892 5.691 5.497 5.309 5.128 4.954 4.786 4.626 4.472 4.325 4.185 4.051 4.196 4.414 4.628 4.837 5.041 5.240 5.434 5.623 5.808 5.988 6.162 6.332 6.509 6.703 6.912 7.137 7.378 7.635 7.907 8.196 8.500 8.820 9.156 9.507 9.551 9.526 9.486 9.467 9.469 9.491 9.533 9.596 9.679 9.783 9.908 10.053 10.668 11.350 12.068
4.922 5.103 5.275 5.438 5.591 5.735 5.870 5.996 6.113 6.220 6.258 6.251 6.236 6.214 6.184 6.146 6.101 6.047 5.986 5.918 5.841 5.761 5.623 5.452 5.288 5.130 4.979 4.835 4.698 4.568 4.444 4.327 4.217 4.114 4.212 4.409 4.601 4.788 4.970 5.148 5.321 5.489 5.652 5.810 5.963 6.112 6.332 6.596 6.875 7.171 7.464 7.746 8.033 8.326 8.625 8.929 9.238 9.554 9.638 9.669 9.721 9.793 9.885 9.998 10.132 10.286 10.460 10.655 10.870 11.106 11.813 12.652 13.526
5.237 5.386 5.526 5.656 5.777 5.889 5.992 6.086 6.171 6.246 6.267 6.233 6.191 6.142 6.085 6.020 5.947 5.867 5.779 5.683 5.580 5.472 5.346 5.206 5.071 4.944 4.823 4.710 4.603 4.502 4.409 4.322 4.242 4.169 4.233 4.408 4.579 4.745 4.905 5.061 5.213 5.353 5.482 5.605 5.723 5.836 6.047 6.331 6.621 6.917 7.218 7.525 7.837 8.155 8.478 8.807 9.141 9.481 9.669 9.791 9.934 10.097 10.280 10.484 10.709 10.954 11.219 11.505 11.811 12.137 12.921 13.917 14.947
5.560 5.677 5.784 5.883 5.972 6.052 6.123 6.184 6.237 6.280 6.282 6.222 6.153 6.077 5.993 5.901 5.801 5.694 5.579 5.456 5.325 5.191 5.063 4.952 4.848 4.751 4.660 4.577 4.500 4.429 4.366 4.309 4.259 4.205 4.232 4.374 4.511 4.643 4.770 4.891 5.007 5.117 5.222 5.322 5.417 5.506 5.696 6.005 6.320 6.641 6.966 7.298 7.635 7.977 8.326 8.679 9.038 9.403 9.680 9.893 10.126 10.380 10.654 10.949 11.264 11.600 11.956 12.333 12.730 13.147 13.993 15.145 16.331
5.891 5.976 6.051 6.118 6.175 6.223 6.261 6.291 6.311 6.323 6.305 6.218 6.122 6.019 5.908 5.789 5.662 5.528 5.386 5.236 5.079 4.917 4.772 4.720 4.688 4.651 4.610 4.563 4.513 4.457 4.397 4.332 4.262 4.187 4.167 4.286 4.400 4.508 4.611 4.708 4.801 4.888 4.969 5.046 5.117 5.183 5.340 5.674 6.014 6.359 6.710 7.066 7.427 7.795 8.168 8.546 8.930 9.319 9.669 9.973 10.297 10.642 11.007 11.392 11.798 12.225 12.672 13.139 13.627 14.135 15.028 16.336 17.679
6.230 6.283 6.326 6.361 6.386 6.402 6.408 6.406 6.394 6.374 6.336 6.221 6.098 5.968 5.830 5.684 5.541 5.412 5.297 5.196 5.109 5.032 4.966 4.918 4.865 4.807 4.744 4.677 4.605 4.528 4.447 4.361 4.270 4.175 4.108 4.204 4.294 4.378 4.458 4.532 4.600 4.664 4.722 4.775 4.823 4.865 4.979 5.337 5.702 6.072 6.447 6.828 7.214 7.606 8.004 8.407 8.816 9.230 9.637 10.032 10.447 10.882 11.338 11.814 12.311 12.828 13.366 13.924 14.502 15.101 16.027 17.491 18.989
6.578 6.598 6.610 6.612 6.605 6.589 6.564 6.529 6.473 6.358 6.250 6.088 5.938 5.802 5.680 5.572 5.477 5.396 5.329 5.276 5.236 5.208 5.189 5.121 5.047 4.968 4.884 4.796 4.703 4.605 4.503 4.395 4.284 4.167 4.055 4.127 4.194 4.255 4.311 4.361 4.406 4.446 4.481 4.510 4.534 4.553 4.612 4.995 5.384 5.779 6.179 6.585 6.996 7.412 7.835 8.262 8.696 9.135 9.584 10.069 10.575 11.101 11.648 12.215 12.802 13.410 14.038 14.687 15.356 16.045 16.989 18.608 20.263
6.933 6.886 6.748 6.616 6.491 6.372 6.260 6.155 6.057 5.965 5.880 5.771 5.669 5.581 5.507 5.447 5.400 5.367 5.348 5.343 5.352 5.372 5.401 5.329 5.234 5.134 5.029 4.920 4.806 4.687 4.563 4.435 4.302 4.165 4.022 4.056 4.099 4.137 4.169 4.196 4.218 4.235 4.246 4.252 4.252 4.248 4.239 4.647 5.061 5.480 5.905 6.336 6.772 7.213 7.660 8.112 8.570 9.034 9.510 10.086 10.683 11.299 11.937 12.594 13.272 13.970 14.689 15.428 16.187 16.967 17.915 19.690 21.500
6.421 6.300 6.184 6.076 5.974 5.879 5.791 5.709 5.635 5.566 5.505 5.442 5.388 5.348 5.322 5.310 5.311 5.326 5.355 5.398 5.454 5.522 5.600 5.542 5.426 5.305 5.179 5.049 4.914 4.774 4.629 4.480 4.326 4.168 4.004 3.992 4.011 4.025 4.034 4.038 4.036 4.029 4.017 3.999 3.976 3.948 3.915 4.294 4.733 5.177 5.626 6.081 6.542 7.008 7.479 7.957 8.439 8.927 9.421 10.082 10.769 11.476 12.204 12.952 13.720 14.509 15.318 16.148 16.998 17.882 18.837 20.737 22.625
5.805 5.707 5.615 5.531 5.452 5.381 5.316 5.258 5.207 5.162 5.124 5.101 5.095 5.103 5.125 5.160 5.210 5.273 5.350 5.440 5.544 5.661 5.787 5.760 5.623 5.481 5.334 5.183 5.027 4.866 4.700 4.530 4.355 4.176 3.991 3.933 3.929 3.919 3.905 3.885 3.860 3.829 3.793 3.752 3.706 3.655 3.598 3.936 4.399 4.867 5.341 5.821 6.306 6.797 7.293 7.795 8.302 8.815 9.333 10.057 10.879 11.777 12.677 13.581 14.488 15.397 16.310 17.225 18.144 19.065 19.990 21.781 23.623
5.184 5.109 5.041 4.980 4.925 4.877 4.836 4.801 4.773 4.752 4.738 4.747 4.790 4.846 4.915 4.999 5.096 5.207 5.332 5.470 5.622 5.787 5.961 5.983 5.825 5.662 5.494 5.322 5.145 4.963 4.777 4.585 4.390 4.189 3.984 3.879 3.852 3.819 3.781 3.738 3.689 3.635 3.576 3.512 3.442 3.367 3.287 3.571 4.059 4.552 5.051 5.599 6.221 6.855 7.499 8.153 8.818 9.494 10.180 11.029 11.937 12.848 13.762 14.679 15.599 16.522 17.448 18.377 19.309 20.244 21.182 22.834 24.630
4.557 4.506 4.461 4.423 4.392 4.367 4.350 4.338 4.334 4.336 4.345 4.382 4.472 4.576 4.694 4.825 4.970 5.129 5.301 5.487 5.687 5.900 6.123 6.211 6.032 5.848 5.659 5.466 5.268 5.065 4.858 4.646 4.429 4.208 3.981 3.832 3.781 3.725 3.664 3.597 3.525 3.448 3.401 3.408 3.412 3.412 3.408 3.734 4.362 5.000 5.648 6.308 6.977 7.658 8.348 9.050 9.762 10.484 11.218 12.069 12.990 13.915 14.842 15.773 16.706 17.642 18.582 19.524 20.470 21.418 22.370 23.896 25.646
3.925 3.897 3.876 3.861 3.853 3.852 3.858 3.870 3.889 3.915 3.948 4.004 4.142 4.294 4.459 4.639 4.831 5.038 5.258 5.492 5.740 6.001 6.272 6.444 6.244 6.039 5.830 5.615 5.397 5.173 4.945 4.711 4.474 4.259 4.096 3.999 4.015 4.027 4.036 4.042 4.044 4.042 4.037 4.028 4.016 4.000 3.981 4.243 4.918 5.603 6.298 7.004 7.721 8.448 9.186 9.934 10.693 11.463 12.243 13.104 14.039 14.977 15.917 16.861 17.808 18.758 19.711 20.667 21.626 22.588 23.552 24.967 26.670
3.287 3.283 3.285 3.294 3.309 3.332 3.361 3.397 3.439 3.488 3.544 3.615 3.801 4.000 4.213 4.440 4.681 4.935 5.203 5.485 5.781 6.089 6.408 6.683 6.458 6.235 6.026 5.829 5.646 5.476 5.319 5.175 5.044 4.926 4.822 4.748 4.748 4.745 4.738 4.728 4.714 4.697 4.676 4.651 4.623 4.591 4.556 4.741 5.462 6.194 6.936 7.689 8.453 9.227 10.012 10.807 11.612 12.429 13.255 14.134 15.083 16.034 16.988 17.945 18.906 19.869 20.835 21.805 22.777 23.752 24.731 26.046 27.703
2.644 2.663 2.688 2.721 2.760 2.806 2.858 2.917 2.983 3.056 3.135 3.221 3.447 3.694 3.955 4.230 4.531 4.913 5.273 5.612 5.930 6.224 6.497 6.754 6.586 6.422 6.271 6.132 6.007 5.895 5.796 5.711 5.638 5.579 5.532 5.500 5.485 5.466 5.443 5.417 5.387 5.354 5.317 5.277 5.233 5.186 5.135 5.226 5.994 6.773 7.562 8.362 9.172 9.993 10.825 11.667 12.519 13.382 14.256 15.160 16.122 17.086 18.054 19.025 19.999 20.975 21.955 22.938 23.923 24.912 25.904 27.135 28.745
1.995 2.037 2.086 2.142 2.205 2.274 2.350 2.432 2.522 2.654 2.936 3.239 3.634 4.027 4.399 4.749 5.078 5.385 5.671 5.935 6.178 6.396 6.594 6.775 6.700 6.594 6.500 6.420 6.354 6.300 6.259 6.231 6.217 6.216 6.228 6.252 6.224 6.189 6.151 6.109 6.063 6.014 5.962 5.906 5.846 5.783 5.717 5.699 6.514 7.340 8.176 9.023 9.880 10.747 11.626 12.515 13.414 14.324 15.244 16.181 17.156 18.134 19.116 20.100 21.087 22.077 23.070 24.066 25.065 26.067 27.072 28.231 29.796
1.341 1.407 1.514 1.721 1.949 2.199 2.470 2.762 3.076 3.411 3.767 4.145 4.499 4.817 5.114 5.389 5.643 5.876 6.087 6.276 6.444 6.588 6.710 6.816 6.799 6.751 6.716 6.694 6.685 6.689 6.707 6.737 6.781 6.838 6.907 6.990 6.966 6.915 6.861 6.804 6.742 6.678 6.609 6.538 6.462 6.384 6.301 6.216 7.022 7.895 8.778 9.671 10.575 11.490 12.415 13.350 14.296 15.253 16.220 17.198 18.186 19.178 20.172 21.170 22.170 23.174 24.180 25.190 26.202 27.218 28.236 29.337 30.855
1.234 1.472 1.732 2.013 2.316 2.639 2.984 3.351 3.738 4.147 4.578 5.029 5.382 5.625 5.848 6.048 6.228 6.385 6.522 6.637 6.730 6.798 6.845 6.876 6.883 6.893 6.916 6.952 7.001 7.064 7.139 7.228 7.329 7.444 7.572 7.713 7.711 7.645 7.575 7.501 7.424 7.344 7.260 7.173 7.082 6.987 6.889 6.788 7.519 8.438 9.367 10.308 11.258 12.220 13.191 14.174 15.166 16.170 17.184 18.208 19.212 20.217 21.225 22.235 23.249 24.266 25.286 26.309 27.335 28.364 29.396 30.315 31.449
1.283 1.596 1.929 2.285 2.661 3.059 3.478 3.918 4.380 4.863 5.367 5.893 6.283 6.452 6.600 6.726 6.831 6.914 6.975 7.016 7.034 7.028 7.000 6.954 6.952 7.020 7.101 7.195 7.302 7.423 7.556 7.703 7.863 8.036 8.221 8.420 8.459 8.377 8.291 8.202 8.109 8.013 7.914 7.810 7.704 7.594 7.480 7.363 8.003 8.969 9.945 10.932 11.930 12.937 13.956 14.985 16.024 17.074 18.135 19.206 20.233 21.251 22.296 23.328 24.269 25.120 25.880 26.550 27.129 27.618 28.016 28.324 29.447
1.312 1.699 2.107 2.536 2.986 3.458 3.951 4.466 5.001 5.558 6.136 6.736 7.203 7.298 7.370 7.422 7.452 7.461 7.448 7.413 7.358 7.276 7.173 7.052 7.006 7.132 7.271 7.424 7.589 7.767 7.959 8.163 8.381 8.612 8.856 9.113 9.209 9.112 9.010 8.906 8.797 8.685 8.570 8.451 8.329 8.203 8.074 7.941 8.475 9.488 10.511 11.545 12.589 13.746 15.127 16.473 17.783 19.059 20.300 21.506 22.482 23.295 24.017 24.649 25.190 25.641 26.001 26.271 26.451 26.540 26.538 26.446 27.437
