DATA/SHG/ECMWF/20170628/EN-46/20170630.en-46.asc
ncols        190
nrows        64
xllcorner    -5100000.000000000000
yllcorner    4130000.000000000000
cellsize     10000.000000000000
NODATA_value  -99999.000
[rows 0 to 32 of 64, columns 73 to 145 of 190]
2.252 2.101 1.941 1.773 1.596 1.411 1.217 1.015 0.875 0.985 1.143 1.298 1.449 1.596 1.740 1.880 2.016 2.149 2.278 2.404 2.484 2.419 2.349 2.279 2.208 2.136 2.064 1.991 1.917 1.843 1.768 1.692 1.674 1.852 2.036 2.228 2.426 2.632 2.844 3.063 3.290 3.523 3.763 4.010 4.185 4.116 4.041 3.962 3.878 3.788 3.694 3.595 3.491 3.382 3.268 3.149 3.025 2.893 2.755 2.613 2.465 2.311 2.153 1.989 1.819 1.645 1.465 1.279 1.164 1.263 1.365 1.473 1.585
1.824 1.643 1.521 1.428 1.347 1.278 1.221 1.175 1.173 1.322 1.467 1.609 1.748 1.882 2.013 2.141 2.265 2.385 2.501 2.614 2.705 2.637 2.564 2.491 2.417 2.342 2.266 2.190 2.113 2.036 1.958 1.879 1.831 2.040 2.256 2.478 2.708 2.945 3.188 3.439 3.696 3.961 4.232 4.510 4.748 4.656 4.560 4.458 4.352 4.240 4.124 4.003 3.876 3.745 3.609 3.468 3.322 3.166 3.005 2.838 2.666 2.489 2.307 2.119 1.925 1.727 1.523 1.314 1.150 1.269 1.392 1.520 1.653
1.791 1.716 1.653 1.601 1.561 1.533 1.517 1.512 1.525 1.662 1.795 1.924 2.049 2.171 2.290 2.405 2.516 2.623 2.727 2.827 2.924 2.856 2.780 2.703 2.626 2.548 2.469 2.390 2.310 2.229 2.148 2.066 1.983 2.220 2.467 2.721 2.982 3.250 3.524 3.806 4.094 4.390 4.693 5.002 5.315 5.201 5.082 4.959 4.830 4.697 4.558 4.415 4.267 4.113 3.955 3.792 3.624 3.444 3.259 3.069 2.873 2.672 2.466 2.254 2.037 1.814 1.587 1.354 1.155 1.341 1.528 1.715 1.902
1.830 1.796 1.773 1.763 1.764 1.777 1.802 1.838 1.887 2.005 2.125 2.241 2.354 2.463 2.569 2.671 2.770 2.864 2.956 3.043 3.127 3.075 2.996 2.916 2.836 2.755 2.673 2.590 2.507 2.423 2.339 2.253 2.167 2.393 2.671 2.956 3.248 3.546 3.852 4.165 4.485 4.811 5.145 5.486 5.833 5.750 5.609 5.464 5.313 5.158 4.997 4.832 4.661 4.486 4.306 4.121 3.931 3.728 3.519 3.297 3.074 2.860 2.654 2.458 2.270 2.091 1.921 1.760 1.608 1.772 1.960 2.147 2.336
1.857 1.864 1.883 1.913 1.956 2.010 2.076 2.153 2.242 2.350 2.458 2.561 2.662 2.758 2.851 2.941 3.027 3.109 3.187 3.262 3.334 3.295 3.212 3.130 3.046 2.962 2.877 2.791 2.705 2.618 2.530 2.442 2.352 2.557 2.866 3.182 3.505 3.835 4.172 4.516 4.867 5.225 5.589 5.961 6.340 6.304 6.141 5.973 5.801 5.623 5.427 5.212 4.989 4.758 4.518 4.271 4.015 3.796 3.594 3.402 3.218 3.043 2.877 2.720 2.571 2.432 2.301 2.180 2.067 2.202 2.390 2.579 2.769
1.873 1.921 1.981 2.053 2.136 2.231 2.338 2.457 2.587 2.698 2.793 2.884 2.972 3.056 3.136 3.213 3.286 3.356 3.422 3.484 3.543 3.515 3.429 3.343 3.257 3.169 3.081 2.992 2.903 2.813 2.722 2.630 2.538 2.713 3.054 3.401 3.755 4.116 4.484 4.859 5.241 5.635 6.029 6.414 6.791 6.785 6.575 6.356 6.129 5.894 5.651 5.400 5.140 4.873 4.597 4.314 4.022 3.812 3.650 3.496 3.352 3.217 3.090 2.972 2.863 2.763 2.672 2.590 2.516 2.631 2.820 3.010 3.201
1.878 1.967 2.068 2.181 2.305 2.441 2.589 2.749 2.920 3.050 3.132 3.210 3.285 3.356 3.424 3.488 3.549 3.606 3.659 3.709 3.755 3.736 3.647 3.558 3.468 3.377 3.286 3.194 3.101 3.008 2.914 2.819 2.773 2.980 3.402 3.817 4.223 4.621 5.010 5.391 5.764 6.129 6.486 6.834 7.174 7.199 6.952 6.697 6.434 6.163 5.883 5.596 5.300 4.996 4.685 4.365 4.037 3.819 3.696 3.582 3.477 3.381 3.294 3.215 3.146 3.085 3.033 2.990 2.956 3.059 3.249 3.440 3.632
1.872 2.002 2.144 2.298 2.463 2.640 2.829 3.030 3.242 3.403 3.473 3.539 3.601 3.660 3.715 3.766 3.814 3.859 3.899 3.936 3.970 3.957 3.865 3.820 3.796 3.772 3.750 3.728 3.708 3.688 3.670 3.652 3.636 3.777 4.163 4.540 4.909 5.270 5.623 5.967 6.303 6.631 6.951 7.262 7.565 7.621 7.338 7.047 6.747 6.440 6.124 5.800 5.468 5.128 4.780 4.424 4.060 3.816 3.733 3.659 3.593 3.536 3.488 3.449 3.419 3.398 3.385 3.381 3.387 3.486 3.678 3.870 4.062
1.855 2.026 2.209 2.404 2.610 2.828 3.058 3.299 3.552 3.760 3.817 3.870 3.920 3.966 4.009 4.053 4.128 4.218 4.323 4.444 4.581 4.686 4.664 4.642 4.622 4.603 4.585 4.568 4.552 4.536 4.522 4.509 4.497 4.582 4.930 5.271 5.603 5.927 6.243 6.551 6.850 7.141 7.424 7.698 7.965 8.051 7.732 7.404 7.068 6.725 6.373 6.013 5.645 5.269 4.884 4.492 4.092 3.805 3.761 3.726 3.700 3.682 3.674 3.674 3.683 3.701 3.728 3.763 3.808 3.912 4.105 4.298 4.491
1.827 2.039 2.263 2.498 2.746 3.005 3.275 3.557 3.844 4.079 4.114 4.166 4.232 4.314 4.412 4.525 4.654 4.798 4.957 5.133 5.323 5.497 5.479 5.462 5.446 5.431 5.418 5.405 5.393 5.382 5.372 5.363 5.355 5.394 5.706 6.010 6.305 6.593 6.872 7.142 7.405 7.659 7.905 8.143 8.372 8.489 8.134 7.770 7.398 7.018 6.630 6.234 5.830 5.417 4.997 4.568 4.132 3.785 3.780 3.784 3.797 3.819 3.850 3.889 3.938 3.995 4.061 4.136 4.219 4.338 4.531 4.726 4.920
1.787 2.058 2.348 2.633 2.911 3.184 3.450 3.711 3.965 4.211 4.301 4.406 4.527 4.663 4.815 4.982 5.165 5.363 5.577 5.806 6.051 6.300 6.292 6.280 6.268 6.258 6.248 6.239 6.232 6.225 6.220 6.215 6.212 6.215 6.490 6.757 7.016 7.266 7.508 7.742 7.968 8.185 8.394 8.595 8.788 8.936 8.544 8.144 7.736 7.320 6.895 6.463 6.023 5.574 5.118 4.653 4.180 3.756 3.790 3.834 3.886 3.947 4.017 4.096 4.183 4.279 4.385 4.499 4.621 4.762 4.957 5.152 5.348
2.056 2.332 2.601 2.865 3.122 3.374 3.619 3.858 4.092 4.319 4.473 4.632 4.807 4.997 5.203 5.424 5.661 5.913 6.181 6.464 6.763 7.066 7.103 7.095 7.088 7.081 7.076 7.072 7.069 7.066 7.065 7.065 7.066 7.067 7.282 7.512 7.734 7.947 8.153 8.350 8.539 8.719 8.892 9.056 9.212 9.360 8.962 8.526 8.082 7.629 7.169 6.700 6.224 5.739 5.247 4.746 4.237 3.720 3.791 3.874 3.965 4.065 4.175 4.292 4.419 4.555 4.699 4.852 5.056 5.327 5.757 6.298 6.950
2.356 2.611 2.859 3.102 3.338 3.569 3.793 4.011 4.224 4.430 4.630 4.844 5.073 5.317 5.577 5.852 6.143 6.449 6.771 7.108 7.461 7.818 7.912 7.908 7.905 7.903 7.902 7.902 7.903 7.905 7.908 7.912 7.917 7.923 8.081 8.274 8.459 8.636 8.805 8.966 9.118 9.262 9.397 9.525 9.644 9.755 9.388 8.916 8.436 7.947 7.451 6.946 6.433 5.913 5.384 4.847 4.302 3.749 3.783 3.925 4.108 4.308 4.528 4.766 5.023 5.299 5.593 5.906 6.238 6.588 7.478 8.513 9.660
2.662 2.895 3.123 3.344 3.560 3.769 3.972 4.170 4.361 4.546 4.773 5.041 5.324 5.622 5.936 6.265 6.610 6.970 7.346 7.737 8.143 8.555 8.718 8.719 8.720 8.722 8.726 8.730 8.736 8.742 8.749 8.758 8.767 8.777 8.888 9.045 9.193 9.334 9.465 9.589 9.705 9.812 9.911 10.002 10.085 10.159 9.822 9.314 8.798 8.273 7.721 7.154 6.601 6.061 5.533 5.019 4.517 4.029 4.092 4.339 4.604 4.888 5.191 5.512 5.852 6.211 6.588 6.984 7.399 7.833 9.085 10.615 12.256
2.973 3.185 3.391 3.592 3.786 3.975 4.157 4.333 4.504 4.668 4.902 5.223 5.560 5.912 6.280 6.663 7.062 7.476 7.906 8.351 8.811 9.277 9.522 9.527 9.533 9.540 9.547 9.556 9.566 9.576 9.588 9.600 9.614 9.629 9.703 9.823 9.935 10.039 10.134 10.221 10.300 10.316 10.277 10.237 10.197 10.157 9.801 9.241 8.693 8.159 7.637 7.128 6.632 6.149 5.679 5.221 4.777 4.345 4.403 4.732 5.081 5.448 5.834 6.238 6.661 7.103 7.563 8.043 8.540 9.057 10.580 12.603 14.738
3.288 3.480 3.665 3.845 4.018 4.185 4.347 4.502 4.651 4.795 5.016 5.391 5.782 6.188 6.610 7.047 7.499 7.967 8.451 8.950 9.464 9.984 10.324 10.333 10.343 10.354 10.366 10.379 10.393 10.408 10.424 10.441 10.386 10.269 10.185 10.147 10.108 10.069 10.030 9.990 9.950 9.909 9.868 9.826 9.784 9.742 9.475 8.972 8.482 8.004 7.540 7.088 6.649 6.223 5.810 5.410 5.023 4.648 4.693 5.106 5.538 5.988 6.456 6.944 7.450 7.975 8.518 9.080 9.661 10.261 11.961 14.478 17.106
3.609 3.780 3.944 4.103 4.255 4.402 4.542 4.676 4.805 4.927 5.116 5.545 5.990 6.450 6.925 7.416 7.922 8.444 8.981 9.534 10.102 10.676 11.124 11.059 10.934 10.812 10.690 10.570 10.452 10.335 10.219 10.105 9.993 9.882 9.793 9.753 9.712 9.671 9.630 9.588 9.546 9.503 9.460 9.416 9.372 9.327 9.136 8.690 8.257 7.837 7.429 7.035 6.653 6.284 5.928 5.585 5.255 4.938 4.965 5.460 5.975 6.508 7.059 7.630 8.219 8.827 9.453 10.098 10.762 11.444 13.230 16.240 19.361
3.936 4.085 4.228 4.366 4.497 4.623 4.742 4.856 4.963 5.065 5.201 5.684 6.182 6.696 7.226 7.767 8.263 8.735 9.184 9.610 10.012 10.398 10.723 10.604 10.486 10.370 10.256 10.142 10.031 9.920 9.812 9.704 9.598 9.494 9.402 9.360 9.317 9.274 9.231 9.187 9.143 9.098 9.053 9.007 8.961 8.915 8.784 8.395 8.019 7.656 7.305 6.968 6.643 6.332 6.033 5.747 5.474 5.214 5.216 5.795 6.392 7.008 7.643 8.296 8.968 9.658 10.367 11.095 11.842 12.607 14.386 17.888 21.502
4.267 4.395 4.518 4.634 4.745 4.849 4.948 5.041 5.132 5.257 5.402 5.924 6.432 6.916 7.378 7.815 8.230 8.621 8.989 9.333 9.654 9.959 10.252 10.148 10.037 9.928 9.820 9.713 9.608 9.505 9.403 9.302 9.203 9.105 9.012 8.968 8.923 8.878 8.833 8.787 8.741 8.694 8.647 8.599 8.551 8.503 8.418 8.087 7.768 7.462 7.168 6.888 6.621 6.366 6.124 5.895 5.679 5.476 5.448 6.109 6.789 7.488 8.206 8.942 9.697 10.470 11.262 12.072 12.902 13.750 15.429 19.424 23.530
4.603 4.693 4.746 4.820 4.914 5.028 5.163 5.317 5.493 5.688 5.903 6.318 6.745 7.148 7.528 7.885 8.218 8.528 8.815 9.078 9.318 9.542 9.752 9.692 9.587 9.485 9.383 9.283 9.185 9.088 8.993 8.899 8.806 8.715 8.626 8.577 8.530 8.484 8.436 8.388 8.340 8.291 8.242 8.192 8.142 8.092 8.040 7.765 7.503 7.254 7.018 6.795 6.584 6.387 6.202 6.030 5.871 5.725 5.660 6.404 7.167 7.949 8.749 9.568 10.405 11.261 12.136 13.029 13.941 14.872 16.360 20.847 25.445
4.436 4.540 4.664 4.808 4.973 5.158 5.363 5.588 5.834 6.100 6.386 6.733 7.078 7.400 7.699 7.975 8.227 8.456 8.662 8.844 9.003 9.145 9.274 9.234 9.136 9.040 8.945 8.852 8.760 8.670 8.582 8.494 8.409 8.324 8.242 8.187 8.139 8.090 8.040 7.991 7.940 7.890 7.838 7.787 7.735 7.682 7.629 7.431 7.226 7.034 6.855 6.688 6.535 6.394 6.266 6.151 6.049 5.960 5.884 6.680 7.525 8.390 9.273 10.174 11.094 12.033 12.990 13.966 14.961 15.906 16.912 21.590 26.288
4.193 4.368 4.563 4.777 5.013 5.268 5.544 5.840 6.156 6.492 6.849 7.168 7.432 7.673 7.891 8.086 8.257 8.405 8.530 8.631 8.710 8.770 8.817 8.775 8.684 8.595 8.507 8.420 8.335 8.251 8.169 8.089 8.010 7.932 7.856 7.798 7.748 7.697 7.646 7.594 7.541 7.489 7.436 7.382 7.328 7.273 7.218 7.083 6.935 6.800 6.678 6.569 6.472 6.388 6.317 6.259 6.214 6.182 6.162 6.935 7.901 8.902 9.866 10.794 11.685 12.539 13.356 14.137 14.881 15.589 16.259 20.750 25.530
3.932 4.177 4.442 4.728 5.034 5.360 5.706 6.072 6.459 6.866 7.293 7.624 7.807 7.967 8.104 8.218 8.308 8.375 8.419 8.440 8.437 8.417 8.382 8.315 8.231 8.148 8.067 7.987 7.908 7.832 7.756 7.682 7.610 7.539 7.470 7.410 7.358 7.305 7.252 7.198 7.144 7.089 7.034 6.978 6.922 6.865 6.808 6.722 6.632 6.553 6.488 6.462 6.505 6.581 6.691 6.835 7.012 7.223 7.468 8.206 9.081 9.919 10.721 11.486 12.215 12.907 13.562 14.180 14.762 15.308 15.816 19.891 24.754
3.652 3.967 4.303 4.659 5.036 5.432 5.849 6.285 6.743 7.220 7.717 8.100 8.203 8.282 8.338 8.371 8.380 8.367 8.330 8.270 8.186 8.084 7.967 7.854 7.777 7.700 7.626 7.553 7.481 7.411 7.342 7.275 7.209 7.145 7.082 7.024 6.969 6.914 6.859 6.803 6.747 6.690 6.664 6.669 6.645 6.593 6.513 6.482 6.539 6.630 6.755 6.913 7.105 7.331 7.590 7.883 8.210 8.570 8.964 9.584 10.296 10.973 11.612 12.215 12.781 13.311 13.804 14.261 14.681 15.064 15.410 19.014 23.960
3.353 3.739 4.145 4.572 5.019 5.485 5.972 6.480 7.007 7.555 8.123 8.598 8.619 8.618 8.593 8.545 8.473 8.379 8.261 8.120 7.956 7.773 7.575 7.392 7.321 7.252 7.184 7.117 7.052 6.989 6.927 6.866 6.807 6.816 6.942 7.066 7.143 7.191 7.211 7.203 7.167 7.103 7.010 6.889 6.740 6.563 6.358 6.300 6.507 6.747 7.021 7.328 7.670 8.045 8.453 8.895 9.371 9.881 10.424 10.997 11.548 12.062 12.539 12.980 13.384 13.752 14.083 14.377 14.635 14.857 15.041 18.119 23.148
3.036 3.492 3.969 4.466 4.983 5.520 6.077 6.655 7.253 7.871 8.509 9.116 9.056 8.974 8.868 8.739 8.587 8.412 8.214 7.992 7.747 7.483 7.203 6.929 6.911 6.977 7.056 7.148 7.253 7.372 7.504 7.650 7.809 7.981 8.166 8.318 8.269 8.192 8.087 7.954 7.793 7.603 7.386 7.140 6.866 6.564 6.233 6.083 6.438 6.828 7.251 7.708 8.198 8.722 9.280 9.871 10.496 11.154 11.846 12.446 12.834 13.186 13.502 13.781 14.023 14.229 14.398 14.530 14.627 14.686 14.709 17.205 22.318
2.699 3.226 3.773 4.341 4.928 5.536 6.163 6.811 7.479 8.167 8.876 9.604 9.514 9.351 9.164 8.955 8.719 8.465 8.237 8.033 7.854 7.694 7.548 7.422 7.528 7.653 7.791 7.942 8.107 8.284 8.476 8.680 8.898 9.129 9.373 9.599 9.425 9.223 8.993 8.735 8.448 8.134 7.791 7.420 7.021 6.594 6.139 5.830 6.335 6.873 7.445 8.051 8.691 9.364 10.070 10.810 11.584 12.392 13.233 13.930 14.157 14.347 14.500 14.617 14.698 14.742 14.749 14.720 14.654 14.552 14.414 16.274 21.469
2.345 2.942 3.559 4.197 4.854 5.532 6.230 6.948 7.686 8.421 9.070 9.710 9.594 9.328 9.086 8.869 8.677 8.510 8.368 8.251 8.158 8.085 8.026 7.988 8.130 8.313 8.510 8.720 8.944 9.181 9.431 9.694 9.971 10.261 10.565 10.881 10.610 10.283 9.928 9.544 9.133 8.694 8.226 7.730 7.207 6.655 6.075 5.541 6.196 6.883 7.604 8.359 9.147 9.969 10.825 11.714 12.636 13.593 14.582 15.450 15.515 15.543 15.535 15.490 15.409 15.291 15.137 14.946 14.719 14.455 14.155 15.325 20.602
1.971 2.639 3.323 4.003 4.673 5.335 5.989 6.634 7.271 7.899 8.519 9.130 9.184 9.004 8.849 8.718 8.613 8.532 8.476 8.446 8.439 8.453 8.482 8.530 8.715 8.958 9.214 9.483 9.765 10.061 10.370 10.693 11.028 11.377 11.740 12.115 11.824 11.372 10.892 10.384 9.848 9.283 8.691 8.070 7.422 6.745 6.040 5.307 6.021 6.857 7.727 8.631 9.568 10.539 11.543 12.581 13.652 14.757 15.896 17.005 16.908 16.775 16.605 16.399 16.156 15.876 15.561 15.208 14.820 14.394 13.933 14.357 19.717
1.689 2.356 3.014 3.664 4.306 4.939 5.563 6.179 6.786 7.385 7.976 8.558 8.752 8.658 8.589 8.545 8.526 8.532 8.562 8.618 8.698 8.798 8.914 9.050 9.285 9.586 9.901 10.229 10.571 10.925 11.294 11.675 12.069 12.477 12.899 13.333 13.067 12.490 11.885 11.252 10.592 9.902 9.185 8.440 7.667 6.866 6.036 5.179 5.811 6.796 7.815 8.867 9.953 11.073 12.226 13.412 14.632 15.886 17.173 18.493 18.337 18.042 17.711 17.343 16.939 16.498 16.021 15.507 14.957 14.370 13.747 13.455 18.987
1.447 2.084 2.713 3.334 3.946 4.550 5.145 5.732 6.310 6.880 7.441 7.994 8.298 8.290 8.308 8.350 8.417 8.509 8.626 8.767 8.934 9.121 9.324 9.547 9.839 10.199 10.573 10.960 11.360 11.774 12.201 12.641 13.095 13.561 14.041 14.535 14.339 13.638 12.908 12.151 11.365 10.551 9.709 8.840 7.942 7.016 6.062 5.080 5.566 6.700 7.867 9.068 10.303 11.571 12.872 14.207 15.576 16.978 18.413 19.882 19.802 19.345 18.817 18.230 17.679 17.164 16.685 16.242 15.835 15.464 15.129 14.830 19.288
1.212 1.821 2.421 3.012 3.595 4.170 4.736 5.293 5.842 6.383 6.915 7.439 7.821 7.900 8.004 8.132 8.286 8.464 8.667 8.895 9.147 9.421 9.711 10.021 10.377 10.796 11.229 11.675 12.134 12.607 13.092 13.591 14.104 14.629 15.168 15.720 15.640 14.814 13.960 13.078 12.168 11.229 10.263 9.269 8.246 7.196 6.118 5.011 5.285 6.568 7.884 9.233 10.616 12.102 13.695 15.181 16.560 17.832 18.998 20.056 19.972 19.472 19.008 18.580 18.188 17.831 17.511 17.227 16.978 16.766 16.589 16.449 19.754
0.986 1.565 2.136 2.698 3.252 3.797 4.334 4.863 5.383 5.894 6.397 6.892 7.323 7.488 7.678 7.892 8.132 8.396 8.685 8.999 9.338 9.698 10.075 10.472 10.899 11.378 11.869 12.374 12.892 13.423 13.968 14.526 15.097 15.681 16.279 16.889 16.971 16.020 15.041 14.035 13.000 11.937 10.847 9.728 8.779 8.316 7.749 7.078 7.494 9.149 10.696 12.137 13.471 14.699 15.819 16.833 17.740 18.540 19.233 19.819 19.809 19.468 19.162 18.893 18.659 18.461 18.300 18.174 18.084 18.030 18.012 18.029 20.385
