DATA/SHG/ECMWF/20170628/EN-46/20170628.en-46.asc
ncols        190
nrows        64
xllcorner    -5100000.000000000000
yllcorner    4130000.000000000000
cellsize     10000.000000000000
NODATA_value  -99999.000
[rows 32 to 63 of 64, columns 0 to 73 of 190]
3.722 3.556 3.462 3.372 3.278 3.179 3.076 2.967 2.854 2.737 2.614 2.487 2.355 2.218 2.311 2.403 2.479 2.539 2.585 2.615 2.631 2.631 2.615 2.585 2.539 2.479 2.501 2.536 2.584 2.643 2.714 2.797 2.891 2.998 3.116 3.246 3.388 3.537 3.466 3.386 3.296 3.195 3.085 2.964 2.834 2.693 2.543 2.485 2.479 2.504 2.886 3.239 3.561 3.854 4.117 4.350 4.554 4.728 4.872 4.986 5.071 5.114 5.026 4.934 4.837 4.735 4.628 4.517 4.400 4.279 4.153 4.022 3.887 3.783
4.622 4.325 4.170 4.064 3.953 3.837 3.717 3.592 3.463 3.328 3.189 3.045 2.897 2.744 2.753 2.791 2.814 2.821 2.814 2.791 2.753 2.700 2.632 2.548 2.450 2.336 2.371 2.448 2.536 2.637 2.749 2.873 3.009 3.156 3.316 3.487 3.670 3.865 3.797 3.681 3.621 3.583 3.554 3.535 3.524 3.522 3.530 3.546 3.572 3.606 3.863 4.112 4.331 4.520 4.680 4.810 4.910 4.980 5.021 5.032 5.013 4.964 4.862 4.753 4.639 4.520 4.397 4.269 4.136 3.998 3.855 3.708 3.555 3.398
5.563 5.134 4.882 4.759 4.632 4.500 4.363 4.221 4.075 3.924 3.768 3.608 3.443 3.273 3.210 3.195 3.165 3.119 3.059 2.983 2.892 2.786 2.664 2.528 2.376 2.209 2.229 2.347 2.477 2.619 2.772 2.937 3.114 3.521 3.876 4.157 4.363 4.494 4.493 4.469 4.453 4.447 4.449 4.461 4.482 4.511 4.550 4.597 4.654 4.720 4.869 5.014 5.129 5.215 5.271 5.297 5.294 5.261 5.198 5.106 4.984 4.832 4.702 4.576 4.446 4.310 4.170 4.025 3.876 3.721 3.562 3.398 3.229 3.055
6.543 5.984 5.599 5.459 5.315 5.167 5.013 4.855 4.692 4.524 4.352 4.175 3.993 3.807 3.683 3.615 3.531 3.433 3.319 3.190 3.046 2.887 2.713 2.524 2.319 2.122 2.643 3.259 3.800 4.267 4.660 4.978 5.222 5.392 5.487 5.508 5.455 5.327 5.253 5.260 5.276 5.300 5.334 5.377 5.429 5.490 5.559 5.638 5.726 5.823 5.902 5.944 5.956 5.938 5.891 5.814 5.707 5.571 5.405 5.209 4.983 4.728 4.547 4.405 4.257 4.105 3.949 3.787 3.621 3.450 3.274 3.093 2.907 2.717
7.564 6.874 6.320 6.164 6.003 5.838 5.667 5.493 5.313 5.129 4.940 4.747 4.548 4.345 4.171 4.050 3.914 3.762 3.639 3.760 3.948 4.203 4.525 4.915 5.371 5.895 6.405 6.761 7.043 7.250 7.383 7.442 7.427 7.337 7.173 6.934 6.622 6.235 6.003 6.041 6.088 6.144 6.209 6.283 6.366 6.458 6.559 6.669 6.788 6.916 6.964 6.902 6.811 6.690 6.539 6.359 6.149 5.909 5.640 5.341 5.012 4.654 4.397 4.238 4.074 3.905 3.732 3.554 3.371 3.183 2.990 2.793 2.591 2.384
8.624 7.803 7.045 6.872 6.695 6.513 6.326 6.135 5.939 5.738 5.533 5.325 5.149 5.018 4.953 5.040 5.194 5.414 5.702 6.057 6.478 6.967 7.523 8.145 8.835 9.592 10.240 10.336 10.358 10.306 10.180 9.980 9.705 9.356 8.933 8.435 7.863 7.217 6.742 6.812 6.890 6.977 7.073 7.178 7.292 7.416 7.548 7.689 7.839 7.998 8.053 7.888 7.694 7.469 7.215 6.932 6.619 6.276 5.903 5.501 5.069 4.608 4.252 4.076 3.895 3.710 3.520 3.325 3.126 2.921 2.712 2.498 2.279 2.056
9.725 8.773 7.784 7.585 7.318 6.987 6.700 6.457 6.259 6.105 5.995 5.930 5.909 5.932 6.009 6.329 6.716 7.170 7.691 8.279 8.934 9.656 10.445 11.301 12.224 13.214 14.147 13.984 13.747 13.436 13.050 12.591 12.057 11.449 10.766 10.010 9.179 8.274 7.472 7.572 7.682 7.800 7.927 8.064 8.209 8.363 8.526 8.699 8.880 9.070 9.171 8.903 8.605 8.277 7.920 7.533 7.117 6.671 6.196 5.690 5.156 4.591 4.111 3.919 3.722 3.520 3.313 3.102 2.886 2.665 2.571 2.571 2.578 2.591
9.838 8.618 7.426 7.013 6.792 6.615 6.483 6.395 6.352 6.352 6.397 6.486 6.620 6.798 7.020 7.544 8.165 8.852 9.607 10.428 11.316 12.271 13.293 14.382 15.538 16.761 18.051 17.705 17.209 16.638 15.994 15.275 14.482 13.615 12.674 11.659 10.570 9.406 8.191 8.323 8.463 8.613 8.771 8.939 9.115 9.301 9.495 9.698 9.911 10.132 10.317 9.945 9.544 9.114 8.653 8.163 7.644 7.095 6.516 5.908 5.271 4.603 3.976 3.888 3.865 3.849 3.839 3.835 3.838 3.847 3.863 3.886 3.915 3.951
8.917 7.794 6.700 6.285 6.219 6.197 6.219 6.286 6.396 6.552 6.751 6.995 7.282 7.615 7.991 8.686 9.540 10.461 11.448 12.503 13.624 14.812 16.067 17.389 18.778 20.233 21.756 21.498 20.743 19.914 19.010 18.033 16.981 15.856 14.656 13.382 12.034 10.612 9.116 9.063 9.235 9.416 9.605 9.804 10.011 10.228 10.453 10.688 10.931 11.183 11.445 11.016 10.512 9.978 9.415 8.822 8.148 7.498 6.900 6.353 5.858 5.415 5.023 5.016 5.015 5.021 5.034 5.052 5.078 5.110 5.148 5.193 5.245 5.303
7.966 6.941 5.943 5.509 5.597 5.730 5.907 6.128 6.393 6.703 7.056 7.454 7.896 8.383 8.913 9.755 10.842 11.996 13.216 14.504 15.858 17.279 18.766 20.321 21.942 23.631 25.386 25.364 24.350 23.262 22.100 20.864 19.554 18.170 16.712 15.180 13.573 11.893 10.138 9.794 9.996 10.208 10.429 10.658 10.897 11.145 11.401 11.667 11.941 11.975 11.952 11.328 10.599 9.922 9.297 8.723 8.200 7.729 7.310 6.942 6.625 6.361 6.147 6.136 6.158 6.186 6.221 6.262 6.310 6.364 6.425 6.493 6.567 6.647
6.986 6.058 5.158 4.686 4.929 5.216 5.547 5.922 6.342 6.805 7.313 7.866 8.462 9.102 9.787 10.751 12.071 13.457 14.911 16.431 18.018 19.671 21.392 23.179 25.033 26.953 28.941 29.303 28.030 26.684 25.263 23.769 22.200 20.558 18.841 17.051 15.186 13.248 11.235 10.514 10.748 10.991 11.027 11.039 11.040 11.032 11.015 10.987 10.950 10.904 10.847 10.436 9.886 9.388 8.941 8.546 8.202 7.910 7.669 7.480 7.342 7.256 7.221 7.248 7.292 7.343 7.400 7.464 7.534 7.611 7.694 7.784 7.881 7.983
5.977 5.146 4.343 3.815 4.212 4.654 5.139 5.669 6.242 6.860 7.522 8.229 8.979 9.774 10.612 11.674 13.227 14.846 16.532 18.284 20.104 21.990 23.943 25.962 28.048 30.201 32.421 33.314 31.783 30.178 28.499 26.747 24.920 23.019 21.032 18.522 16.087 13.728 11.444 10.210 10.217 10.214 10.201 10.179 10.148 10.106 10.055 9.994 9.924 9.844 9.754 9.495 9.124 8.804 8.536 8.319 8.154 8.040 7.978 7.967 8.008 8.100 8.243 8.353 8.420 8.493 8.572 8.658 8.751 8.850 8.956 9.068 9.187 9.312
4.938 4.205 3.499 2.897 3.449 4.044 4.684 5.367 6.095 6.867 7.683 8.543 9.448 10.396 11.389 12.524 14.309 16.161 18.079 20.064 22.116 24.235 26.420 28.671 30.990 33.375 35.827 37.266 34.491 31.791 29.166 26.616 24.142 21.743 19.418 17.170 14.996 12.897 10.874 9.495 9.468 9.432 9.386 9.331 9.265 9.191 9.106 9.012 8.908 8.795 8.671 8.504 8.311 8.170 8.081 8.042 8.056 8.120 8.236 8.404 8.623 8.893 9.215 9.450 9.539 9.634 9.736 9.845 9.960 10.082 10.210 10.344 10.485 10.633
3.871 3.234 2.625 2.044 2.637 3.387 4.180 5.018 5.900 6.826 7.796 8.810 9.868 10.970 12.117 13.307 15.319 17.403 19.554 21.771 23.910 25.542 27.113 28.621 30.067 31.451 32.772 33.751 31.237 28.798 26.434 24.146 21.932 19.794 17.730 15.742 13.829 11.991 10.228 8.790 8.731 8.661 8.582 8.493 8.394 8.286 8.168 8.040 7.903 7.756 7.600 7.463 7.449 7.487 7.575 7.716 7.907 8.150 8.444 8.790 9.187 9.636 10.136 10.539 10.651 10.769 10.893 11.024 11.161 11.305 11.456 11.613 11.776 11.946
2.774 2.234 1.722 1.238 1.779 2.682 3.630 4.621 5.657 6.737 7.860 9.028 10.240 11.420 12.437 13.416 15.018 16.684 18.288 19.830 21.309 22.726 24.081 25.374 26.605 27.773 28.879 29.923 27.910 25.732 23.629 21.601 19.648 17.770 15.968 14.240 12.588 11.010 9.508 8.097 8.004 7.901 7.788 7.666 7.534 7.392 7.241 7.080 6.909 6.729 6.539 6.373 6.538 6.753 7.020 7.339 7.708 8.129 8.602 9.126 9.701 10.328 11.005 11.621 11.755 11.895 12.042 12.195 12.355 12.521 12.694 12.873 13.059 13.251
1.648 1.205 0.790 0.403 0.873 1.930 3.061 4.213 5.326 6.402 7.439 8.439 9.400 10.323 11.209 12.056 13.349 14.799 16.188 17.514 18.778 19.979 21.119 22.196 23.211 24.164 25.055 25.883 24.509 22.592 20.749 18.982 17.290 15.673 14.131 12.663 11.271 9.954 8.712 7.545 7.287 7.151 7.005 6.849 6.684 6.509 6.324 6.130 5.926 5.713 5.490 5.257 5.576 5.970 6.415 6.912 7.460 8.059 8.709 9.411 10.164 10.969 11.824 12.695 12.851 13.014 13.183 13.359 13.541 13.729 13.925 14.126 14.325 14.233
0.872 0.718 0.552 0.375 0.777 1.873 2.930 3.950 4.932 5.875 6.781 7.648 8.478 9.269 10.023 10.738 11.748 12.983 14.155 15.266 16.314 17.301 18.225 19.087 19.887 20.625 21.300 21.914 21.035 19.378 17.796 16.290 14.858 13.501 12.219 11.012 9.880 8.823 7.841 6.934 6.582 6.412 6.233 6.044 5.845 5.637 5.419 5.191 4.954 4.707 4.451 4.185 4.565 5.137 5.760 6.435 7.161 7.938 8.766 9.646 10.577 11.559 12.593 13.678 13.940 14.099 13.985 13.877 13.776 13.681 13.592 13.510 13.434 13.365
1.435 1.241 1.036 0.820 0.952 1.916 2.841 3.729 4.579 5.390 6.164 6.900 7.597 8.257 8.878 9.462 10.214 11.234 12.191 13.087 13.920 14.691 15.400 16.047 16.632 17.154 17.615 18.013 17.487 16.091 14.770 13.523 12.352 11.255 10.233 9.286 8.415 7.618 6.896 6.249 5.887 5.684 5.471 5.249 5.017 4.775 4.524 4.263 3.993 3.713 3.423 3.124 3.505 4.255 5.056 5.908 6.812 7.767 8.760 9.679 10.568 11.426 12.254 13.051 13.147 13.049 12.957 12.872 12.793 12.720 12.653 12.593 12.539 12.492
2.009 1.776 1.532 1.276 1.168 2.000 2.794 3.549 4.267 4.947 5.589 6.193 6.758 7.286 7.776 8.228 8.748 9.553 10.295 10.975 11.593 12.150 12.644 13.075 13.445 13.753 13.999 14.183 13.867 12.731 11.669 10.683 9.772 8.935 8.173 7.486 6.874 6.337 5.875 5.488 5.202 4.966 4.720 4.464 4.199 3.924 3.640 3.346 3.042 2.729 2.406 2.111 2.588 3.585 4.551 5.488 6.393 7.268 8.113 8.927 9.711 10.464 11.187 11.879 12.071 11.995 11.925 11.861 11.804 11.754 11.709 11.671 11.639 11.614
2.595 2.323 2.039 1.745 1.439 2.125 2.787 3.411 3.997 4.545 5.055 5.527 5.961 6.358 6.716 7.036 7.351 7.940 8.467 8.932 9.335 9.677 9.956 10.173 10.328 10.421 10.452 10.421 10.173 9.297 8.496 7.769 7.118 6.541 6.039 5.612 5.260 4.982 4.779 4.652 4.529 4.259 3.980 3.691 3.423 3.237 3.060 2.892 2.734 2.584 2.444 2.313 2.602 3.494 4.355 5.186 5.987 6.757 7.496 8.205 8.884 9.532 10.150 10.737 10.989 10.935 10.888 10.846 10.811 10.783 10.760 10.744 10.735 10.731
3.193 2.882 2.559 2.225 1.879 2.291 2.822 3.314 3.768 4.184 4.563 4.903 5.206 5.471 5.697 5.886 6.037 6.395 6.707 6.957 7.146 7.272 7.336 7.339 7.279 7.158 6.974 6.728 6.406 5.790 5.249 4.782 4.390 4.073 3.831 3.663 3.570 3.616 3.801 3.982 4.104 3.913 3.731 3.558 3.395 3.240 3.095 2.959 2.832 2.714 2.606 2.506 2.647 3.433 4.189 4.915 5.611 6.276 6.910 7.514 8.088 8.631 9.143 9.626 9.903 9.871 9.846 9.826 9.813 9.807 9.806 9.812 9.825 9.844
3.803 3.452 3.090 2.717 2.332 2.499 2.897 3.258 3.580 3.865 4.112 4.321 4.492 4.625 4.720 4.778 4.797 4.917 5.015 5.050 5.024 4.936 4.786 4.573 4.299 3.963 3.565 3.105 2.583 2.210 2.125 2.322 2.516 2.706 2.893 3.076 3.256 3.433 3.606 3.776 3.939 3.780 3.630 3.489 3.357 3.234 3.121 3.016 2.921 2.835 2.758 2.690 2.721 3.402 4.053 4.674 5.264 5.824 6.354 6.853 7.322 7.760 8.168 8.545 8.812 8.802 8.799 8.801 8.811 8.826 8.848 8.876 8.910 8.951
4.425 4.034 3.633 3.220 2.797 2.747 3.014 3.243 3.434 3.587 3.703 3.780 3.820 3.822 3.785 3.711 3.600 3.507 3.390 3.211 2.971 2.668 2.303 2.061 1.983 1.910 1.840 1.773 1.710 1.839 2.027 2.213 2.395 2.573 2.748 2.920 3.088 3.253 3.415 3.573 3.728 3.638 3.520 3.411 3.310 3.219 3.137 3.064 3.001 2.946 2.901 2.865 2.838 3.401 3.947 4.463 4.948 5.403 5.828 6.222 6.586 6.919 7.222 7.494 7.716 7.729 7.747 7.772 7.803 7.840 7.884 7.934 7.991 8.053
5.058 4.628 4.188 3.736 3.273 3.036 3.172 3.269 3.329 3.351 3.335 3.281 3.189 3.060 2.892 2.687 2.528 2.421 2.335 2.252 2.173 2.098 2.025 1.957 1.892 1.830 1.772 1.718 1.667 1.757 1.934 2.107 2.277 2.444 2.608 2.768 2.924 3.078 3.227 3.374 3.517 3.488 3.401 3.323 3.254 3.195 3.145 3.103 3.071 3.049 3.035 3.030 3.035 3.430 3.871 4.282 4.662 5.012 5.332 5.621 5.880 6.109 6.307 6.474 6.612 6.650 6.691 6.737 6.790 6.850 6.916 6.988 7.066 7.151
5.703 5.234 4.754 4.263 3.761 3.366 3.370 3.337 3.265 3.219 3.175 3.107 3.015 2.899 2.758 2.594 2.405 2.240 2.166 2.096 2.029 1.966 1.906 1.849 1.797 1.747 1.702 1.659 1.621 1.678 1.843 2.005 2.164 2.319 2.471 2.619 2.764 2.905 3.044 3.178 3.310 3.328 3.273 3.227 3.190 3.162 3.143 3.133 3.133 3.142 3.159 3.186 3.222 3.488 3.824 4.130 4.406 4.651 4.866 5.051 5.205 5.328 5.422 5.485 5.518 5.567 5.629 5.698 5.773 5.855 5.942 6.036 6.137 6.243
6.359 5.852 5.339 4.851 4.389 3.979 3.948 3.893 3.813 3.710 3.582 3.430 3.254 3.054 2.829 2.581 2.308 2.056 1.994 1.936 1.881 1.830 1.783 1.738 1.698 1.661 1.627 1.597 1.571 1.603 1.757 1.907 2.054 2.197 2.337 2.474 2.607 2.737 2.863 2.986 3.106 3.159 3.135 3.121 3.116 3.119 3.132 3.154 3.185 3.225 3.275 3.333 3.401 3.576 3.808 4.009 4.180 4.320 4.430 4.510 4.560 4.579 4.567 4.526 4.454 4.479 4.563 4.654 4.751 4.939 5.148 5.347 5.535 5.713
6.839 6.389 5.965 5.568 5.197 4.852 4.717 4.578 4.414 4.227 4.015 3.779 3.519 3.235 2.926 2.594 2.237 1.868 1.819 1.773 1.730 1.691 1.656 1.624 1.596 1.571 1.549 1.531 1.517 1.532 1.673 1.812 1.947 2.079 2.207 2.332 2.454 2.572 2.687 2.798 2.906 2.981 2.989 3.006 3.032 3.068 3.112 3.166 3.228 3.300 3.381 3.471 3.570 3.694 3.821 3.917 3.983 4.019 4.025 4.000 3.944 3.859 3.833 3.829 3.825 3.946 4.160 4.365 4.559 4.742 4.916 5.079 5.231 5.374
7.254 6.895 6.562 6.256 5.976 5.722 5.511 5.288 5.041 4.769 4.474 4.154 3.810 3.441 3.049 2.632 2.192 1.727 1.640 1.606 1.576 1.549 1.526 1.506 1.490 1.477 1.468 1.462 1.460 1.464 1.594 1.721 1.844 1.964 2.081 2.194 2.304 2.411 2.514 2.614 2.710 2.795 2.834 2.883 2.940 3.007 3.083 3.168 3.262 3.366 3.478 3.600 3.730 3.842 3.864 3.857 3.849 3.843 3.837 3.832 3.828 3.826 3.824 3.823 3.824 3.901 4.080 4.248 4.407 4.555 4.693 4.821 4.938 5.045
7.639 7.371 7.129 6.914 6.725 6.562 6.331 6.024 5.693 5.337 4.958 4.554 4.126 3.674 3.198 2.697 2.173 1.624 1.457 1.435 1.417 1.403 1.392 1.384 1.380 1.380 1.383 1.389 1.399 1.413 1.518 1.633 1.745 1.853 1.958 2.060 2.158 2.253 2.345 2.433 2.517 2.599 2.670 2.750 2.839 2.937 3.045 3.161 3.282 3.401 3.517 3.630 3.742 3.835 3.828 3.823 3.819 3.815 3.813 3.812 3.812 3.812 3.814 3.817 3.821 3.865 4.009 4.142 4.265 4.378 4.480 4.573 4.654 4.726
7.995 7.818 7.667 7.543 7.444 7.372 7.176 6.785 6.370 5.931 5.468 4.980 4.468 3.932 3.372 2.788 2.180 1.547 1.271 1.262 1.256 1.253 1.254 1.259 1.267 1.279 1.294 1.313 1.335 1.361 1.445 1.549 1.649 1.746 1.839 1.929 2.016 2.099 2.179 2.255 2.328 2.430 2.553 2.678 2.800 2.920 3.037 3.152 3.265 3.375 3.483 3.588 3.691 3.792 3.789 3.788 3.787 3.787 3.788 3.791 3.794 3.798 3.803 3.810 3.817 3.840 3.948 4.046 4.134 4.211 4.278 4.335 4.381 4.417
8.322 8.236 8.176 8.142 8.134 8.153 8.047 7.572 7.073 6.550 6.003 5.432 4.836 4.216 3.573 2.905 2.213 1.496 1.081 1.084 1.090 1.100 1.113 1.130 1.151 1.174 1.202 1.233 1.267 1.305 1.377 1.468 1.557 1.642 1.749 1.855 1.961 2.065 2.169 2.271 2.373 2.474 2.587 2.703 2.817 2.929 3.038 3.145 3.249 3.352 3.451 3.549 3.644 3.736 3.750 3.752 3.754 3.758 3.763 3.768 3.775 3.783 3.792 3.802 3.812 3.824 3.897 3.959 4.012 4.054 4.085 4.106 4.117 4.118
8.619 8.624 8.655 8.712 8.795 8.905 8.943 8.385 7.802 7.195 6.564 5.909 5.230 4.526 3.799 3.047 2.271 1.471 0.888 0.903 0.922 0.944 0.969 0.998 1.031 1.067 1.107 1.183 1.252 1.315 1.394 1.501 1.607 1.712 1.816 1.919 2.021 2.123 2.223 2.322 2.421 2.519 2.623 2.731 2.837 2.941 3.042 3.140 3.237 3.331 3.422 3.511 3.598 3.683 3.709 3.714 3.721 3.728 3.736 3.745 3.756 3.767 3.779 3.792 3.807 3.822 3.856 3.883 3.900 3.906 3.902 3.888 3.864 3.829
