DATA/SHG/ECMWF/20170628/EN-46/20170708.en-46.asc
ncols        190
nrows        64
xllcorner    -5100000.000000000000
yllcorner    4130000.000000000000
cellsize     10000.000000000000
NODATA_value  -99999.000
[rows 0 to 31 of 64, columns 0 to 72 of 190]
0.012 0.013 0.014 0.015 0.016 0.016 0.016 0.016 0.016 0.041 0.076 0.110 0.146 0.183 0.220 0.258 0.296 0.336 0.376 0.414 0.451 0.448 0.428 0.410 0.394 0.379 0.366 0.354 0.345 0.336 0.330 0.325 0.321 0.405 0.548 0.698 0.855 1.018 1.187 1.363 1.545 1.734 1.929 2.131 2.339 2.652 3.056 3.466 3.882 4.303 4.729 5.161 5.598 6.041 6.489 6.942 7.401 7.755 7.977 8.200 8.423 8.646 8.868 9.091 9.314 9.537 9.761 9.984 10.207 10.389 10.506 10.626 10.748
0.007 0.008 0.008 0.008 0.008 0.007 0.007 0.006 0.005 0.026 0.063 0.101 0.143 0.185 0.225 0.263 0.300 0.336 0.371 0.404 0.435 0.441 0.427 0.415 0.405 0.396 0.388 0.383 0.378 0.376 0.375 0.376 0.378 0.455 0.621 0.794 0.973 1.159 1.351 1.550 1.755 1.966 2.184 2.408 2.639 2.947 3.371 3.800 4.235 4.675 5.121 5.572 6.028 6.490 6.957 7.430 7.908 8.307 8.530 8.753 8.976 9.199 9.422 9.645 9.868 10.091 10.315 10.538 10.761 10.960 11.086 11.215 11.347
0.002 0.002 0.002 0.001 0.001 0.006 0.012 0.019 0.027 0.051 0.092 0.131 0.169 0.205 0.240 0.274 0.306 0.337 0.367 0.395 0.421 0.433 0.425 0.419 0.414 0.411 0.409 0.409 0.410 0.414 0.418 0.425 0.433 0.499 0.688 0.883 1.085 1.294 1.508 1.730 1.957 2.191 2.432 2.679 2.932 3.237 3.680 4.128 4.582 5.041 5.506 5.976 6.452 6.933 7.419 7.911 8.408 8.859 9.082 9.305 9.528 9.751 9.975 10.198 10.421 10.644 10.868 11.091 11.334 11.566 11.694 11.808 11.907
0.007 0.011 0.017 0.024 0.031 0.040 0.050 0.061 0.073 0.093 0.129 0.163 0.196 0.227 0.258 0.286 0.314 0.340 0.364 0.387 0.409 0.424 0.421 0.421 0.421 0.424 0.428 0.433 0.441 0.450 0.460 0.472 0.486 0.535 0.747 0.965 1.190 1.421 1.659 1.903 2.153 2.410 2.673 2.942 3.219 3.521 3.983 4.450 4.923 5.402 5.886 6.375 6.870 7.370 7.875 8.386 8.903 9.410 9.633 9.856 10.081 10.321 10.563 10.805 11.048 11.292 11.537 11.783 12.029 12.277 12.356 12.417 12.463
0.021 0.029 0.039 0.049 0.061 0.073 0.087 0.101 0.117 0.136 0.167 0.197 0.225 0.251 0.276 0.300 0.323 0.344 0.363 0.381 0.398 0.412 0.416 0.421 0.427 0.435 0.445 0.456 0.469 0.484 0.500 0.518 0.537 0.566 0.800 1.041 1.288 1.542 1.802 2.069 2.342 2.621 2.907 3.199 3.498 3.803 4.280 4.766 5.258 5.756 6.259 6.767 7.281 7.801 8.331 8.873 9.428 9.996 10.266 10.508 10.750 10.994 11.238 11.483 11.730 11.977 12.225 12.473 12.723 12.974 13.030 13.039 13.032
0.034 0.046 0.059 0.073 0.089 0.105 0.122 0.141 0.160 0.181 0.207 0.231 0.255 0.276 0.296 0.315 0.333 0.349 0.364 0.377 0.389 0.399 0.408 0.419 0.431 0.445 0.460 0.477 0.496 0.516 0.538 0.562 0.587 0.614 0.846 1.110 1.379 1.656 1.939 2.228 2.523 2.825 3.134 3.449 3.770 4.098 4.561 5.047 5.546 6.058 6.582 7.118 7.667 8.229 8.803 9.389 9.988 10.599 10.927 11.172 11.418 11.664 11.912 12.160 12.409 12.659 12.910 13.162 13.415 13.669 13.718 13.674 13.614
0.045 0.061 0.078 0.096 0.115 0.135 0.157 0.179 0.202 0.227 0.248 0.268 0.286 0.303 0.318 0.332 0.345 0.356 0.366 0.374 0.381 0.387 0.399 0.416 0.434 0.453 0.474 0.497 0.521 0.547 0.575 0.604 0.635 0.667 0.885 1.171 1.464 1.763 2.068 2.370 2.668 2.970 3.275 3.584 3.896 4.211 4.669 5.200 5.743 6.298 6.866 7.446 8.039 8.644 9.262 9.892 10.534 11.189 11.586 11.834 12.083 12.333 12.583 12.835 13.087 13.340 13.594 13.849 14.105 14.362 14.419 14.322 14.210
0.056 0.075 0.096 0.118 0.141 0.165 0.190 0.216 0.243 0.271 0.291 0.306 0.319 0.331 0.341 0.350 0.358 0.364 0.369 0.372 0.375 0.375 0.389 0.411 0.434 0.459 0.486 0.515 0.545 0.576 0.610 0.644 0.675 0.704 0.890 1.183 1.479 1.779 2.083 2.390 2.700 3.014 3.332 3.653 3.977 4.305 4.765 5.339 5.926 6.525 7.137 7.761 8.397 9.046 9.707 10.381 11.067 11.766 12.244 12.495 12.747 12.999 13.253 13.507 13.763 14.019 14.276 14.534 14.793 15.053 15.133 14.984 14.819
0.065 0.088 0.113 0.138 0.165 0.193 0.222 0.252 0.283 0.315 0.335 0.345 0.353 0.360 0.366 0.370 0.373 0.374 0.374 0.372 0.370 0.365 0.376 0.404 0.433 0.467 0.500 0.532 0.562 0.591 0.618 0.644 0.669 0.693 0.844 1.150 1.459 1.771 2.087 2.406 2.729 3.055 3.385 3.718 4.055 4.395 4.848 5.466 6.096 6.739 7.395 8.062 8.743 9.435 10.140 10.858 11.587 12.330 12.899 13.153 13.408 13.664 13.921 14.178 14.437 14.696 14.956 15.218 15.480 15.743 15.861 15.658 15.441
0.073 0.100 0.128 0.158 0.188 0.220 0.252 0.286 0.321 0.357 0.381 0.386 0.389 0.391 0.392 0.391 0.389 0.386 0.389 0.391 0.392 0.392 0.403 0.435 0.466 0.496 0.524 0.551 0.576 0.600 0.623 0.644 0.664 0.683 0.795 1.113 1.434 1.759 2.087 2.418 2.753 3.092 3.434 3.780 4.128 4.481 4.918 5.580 6.254 6.941 7.640 8.351 9.075 9.811 10.560 11.321 12.095 12.880 13.553 13.810 14.068 14.327 14.587 14.847 15.109 15.371 15.635 15.899 16.164 16.430 16.601 16.346 16.077
0.080 0.111 0.143 0.176 0.210 0.245 0.282 0.319 0.358 0.398 0.430 0.437 0.443 0.448 0.452 0.454 0.456 0.456 0.455 0.453 0.450 0.445 0.447 0.475 0.501 0.525 0.549 0.571 0.592 0.611 0.629 0.646 0.661 0.675 0.743 1.073 1.406 1.743 2.083 2.427 2.775 3.125 3.480 3.837 4.199 4.563 4.976 5.681 6.399 7.129 7.872 8.627 9.395 10.174 10.967 11.771 12.589 13.418 14.205 14.465 14.726 14.988 15.251 15.515 15.779 16.045 16.311 16.578 16.846 17.115 17.355 17.048 16.725
0.085 0.120 0.156 0.197 0.244 0.291 0.338 0.386 0.435 0.484 0.529 0.532 0.534 0.535 0.535 0.533 0.531 0.527 0.522 0.516 0.508 0.500 0.492 0.515 0.537 0.557 0.575 0.593 0.609 0.623 0.636 0.648 0.659 0.668 0.686 1.029 1.374 1.724 2.076 2.432 2.792 3.155 3.522 3.892 4.265 4.642 5.023 5.770 6.531 7.305 8.091 8.890 9.701 10.525 11.361 12.209 13.069 13.942 14.828 15.118 15.382 15.647 15.913 16.180 16.447 16.716 16.985 17.260 17.555 17.871 18.208 17.903 17.509
0.134 0.180 0.227 0.275 0.324 0.373 0.423 0.473 0.524 0.575 0.627 0.629 0.627 0.623 0.619 0.613 0.606 0.599 0.590 0.579 0.568 0.555 0.542 0.557 0.574 0.589 0.603 0.616 0.627 0.637 0.645 0.652 0.658 0.663 0.666 0.981 1.339 1.701 2.066 2.434 2.806 3.181 3.560 3.942 4.328 4.717 5.110 5.845 6.651 7.468 8.298 9.140 9.995 10.862 11.741 12.633 13.537 14.454 15.383 15.769 15.991 16.211 16.453 16.716 17.000 17.306 17.632 17.980 18.348 18.738 19.150 18.863 18.354
0.204 0.253 0.302 0.352 0.403 0.454 0.506 0.559 0.612 0.665 0.720 0.726 0.720 0.713 0.704 0.694 0.684 0.672 0.658 0.644 0.629 0.612 0.595 0.601 0.612 0.623 0.632 0.640 0.647 0.652 0.655 0.658 0.659 0.659 0.657 0.930 1.300 1.674 2.051 2.432 2.816 3.204 3.595 3.989 4.387 4.789 5.194 5.909 6.757 7.618 8.492 9.378 10.276 11.184 12.076 12.951 13.807 14.646 15.467 15.897 16.171 16.466 16.781 17.118 17.477 17.856 18.256 18.678 19.121 19.585 20.070 19.852 19.230
0.274 0.325 0.377 0.429 0.482 0.535 0.589 0.644 0.699 0.755 0.811 0.825 0.814 0.803 0.790 0.777 0.762 0.746 0.729 0.710 0.691 0.670 0.648 0.645 0.652 0.658 0.663 0.666 0.668 0.668 0.667 0.665 0.661 0.656 0.650 0.875 1.258 1.644 2.033 2.426 2.823 3.222 3.626 4.033 4.443 4.856 5.373 6.138 7.075 7.994 8.895 9.778 10.644 11.492 12.322 13.134 13.928 14.705 15.464 15.982 16.330 16.699 17.089 17.500 17.932 18.385 18.859 19.355 19.872 20.409 20.968 20.872 20.135
0.343 0.396 0.450 0.504 0.559 0.615 0.671 0.728 0.785 0.843 0.902 0.924 0.910 0.894 0.878 0.860 0.841 0.821 0.800 0.777 0.754 0.729 0.704 0.691 0.694 0.695 0.695 0.693 0.690 0.686 0.680 0.673 0.665 0.655 0.644 0.817 1.212 1.610 2.032 2.570 3.101 3.628 4.148 4.662 5.171 5.674 6.171 6.835 7.710 8.567 9.406 10.227 11.030 11.816 12.584 13.334 14.066 14.781 15.478 16.047 16.469 16.911 17.375 17.860 18.366 18.893 19.441 20.011 20.601 21.213 21.846 21.921 21.069
0.411 0.467 0.523 0.579 0.636 0.694 0.752 0.811 0.871 0.931 0.992 1.025 1.007 0.987 0.966 0.945 0.922 0.897 0.872 0.846 0.818 0.790 0.760 0.739 0.736 0.733 0.728 0.721 0.714 0.705 0.694 0.718 0.834 0.969 1.124 1.411 1.945 2.474 2.997 3.515 4.026 4.532 5.032 5.526 6.014 6.497 6.974 7.549 8.362 9.156 9.933 10.692 11.434 12.157 12.863 13.551 14.222 14.874 15.509 16.091 16.586 17.103 17.640 18.199 18.779 19.380 20.002 20.645 21.310 21.995 22.701 22.999 22.034
0.479 0.536 0.594 0.653 0.712 0.772 0.833 0.894 0.955 1.018 1.081 1.127 1.104 1.081 1.056 1.030 1.003 0.975 0.946 0.915 0.884 0.851 0.817 0.787 0.800 0.849 0.916 1.004 1.110 1.236 1.381 1.545 1.729 1.932 2.154 2.442 2.956 3.465 3.967 4.464 4.955 5.441 5.920 6.394 6.862 7.324 7.781 8.280 9.030 9.763 10.477 11.175 11.854 12.515 13.159 13.785 14.394 14.984 15.557 16.114 16.683 17.274 17.885 18.518 19.171 19.846 20.542 21.259 21.997 22.756 23.536 24.107 23.027
0.546 0.605 0.665 0.726 0.788 0.850 0.912 0.975 1.039 1.104 1.169 1.230 1.203 1.175 1.147 1.117 1.086 1.056 1.033 1.018 1.010 1.010 1.018 1.036 1.133 1.249 1.385 1.539 1.713 1.907 2.120 2.352 2.603 2.873 3.163 3.477 3.971 4.459 4.942 5.418 5.889 6.354 6.813 7.267 7.714 8.156 8.592 9.027 9.715 10.385 11.038 11.673 12.291 12.890 13.472 14.036 14.583 15.112 15.623 16.116 16.759 17.424 18.109 18.815 19.543 20.291 21.061 21.851 22.663 23.495 24.349 25.224 24.051
0.612 0.673 0.736 0.799 0.862 0.926 0.991 1.056 1.122 1.189 1.242 1.283 1.249 1.214 1.188 1.169 1.158 1.154 1.158 1.169 1.189 1.215 1.250 1.292 1.445 1.629 1.832 2.054 2.296 2.557 2.837 3.137 3.455 3.793 4.151 4.527 4.991 5.458 5.920 6.377 6.827 7.272 7.711 8.144 8.571 8.993 9.408 9.818 10.416 11.025 11.616 12.189 12.744 13.282 13.802 14.304 14.789 15.256 15.705 16.136 16.815 17.553 18.312 19.092 19.893 20.715 21.558 22.422 23.308 24.214 25.141 26.090 25.104
0.677 0.741 0.805 0.887 0.960 1.024 1.079 1.124 1.161 1.188 1.206 1.214 1.205 1.197 1.197 1.205 1.221 1.244 1.274 1.313 1.359 1.412 1.474 1.543 1.736 1.988 2.258 2.548 2.858 3.186 3.534 3.901 4.287 4.692 5.117 5.561 6.014 6.462 6.904 7.340 7.770 8.194 8.613 9.025 9.432 9.834 10.229 10.619 11.134 11.681 12.210 12.721 13.215 13.691 14.149 14.589 15.012 15.417 15.804 16.174 16.850 17.661 18.494 19.348 20.222 21.118 22.035 22.835 23.396 23.916 24.396 24.836 23.711
0.910 0.979 1.038 1.088 1.129 1.160 1.182 1.196 1.200 1.194 1.180 1.156 1.152 1.172 1.199 1.233 1.275 1.325 1.383 1.448 1.521 1.601 1.689 1.785 2.007 2.326 2.664 3.022 3.398 3.794 4.209 4.644 5.097 5.570 6.062 6.573 7.043 7.470 7.891 8.307 8.717 9.121 9.519 9.912 10.298 10.679 11.054 11.424 11.869 12.353 12.821 13.270 13.702 14.116 14.512 14.891 15.252 15.595 15.921 16.229 16.796 17.498 18.160 18.782 19.364 19.905 20.407 20.868 21.288 21.669 22.009 22.309 21.498
1.218 1.254 1.280 1.298 1.307 1.306 1.296 1.277 1.248 1.211 1.164 1.108 1.092 1.138 1.192 1.253 1.322 1.399 1.483 1.575 1.674 1.781 1.896 2.018 2.257 2.643 3.049 3.474 3.918 4.381 4.864 5.365 5.886 6.427 6.986 7.565 8.075 8.482 8.883 9.279 9.668 10.052 10.430 10.802 11.169 11.529 11.884 12.233 12.619 13.042 13.448 13.835 14.205 14.489 14.711 14.912 15.094 15.256 15.398 15.520 15.848 16.411 16.933 17.415 17.857 18.258 18.620 18.941 19.221 19.462 19.662 19.823 19.247
1.535 1.538 1.533 1.518 1.494 1.461 1.419 1.368 1.307 1.237 1.158 1.070 1.023 1.096 1.177 1.265 1.360 1.464 1.575 1.693 1.820 1.953 2.095 2.244 2.487 2.940 3.413 3.905 4.417 4.947 5.497 6.066 6.655 7.262 7.889 8.535 9.112 9.499 9.880 10.255 10.624 10.988 11.345 11.697 12.043 12.384 12.635 12.860 13.098 13.350 13.583 13.795 13.987 14.159 14.311 14.444 14.556 14.648 14.721 14.773 14.941 15.364 15.746 16.088 16.390 16.652 16.873 17.054 17.196 17.296 17.357 17.378 16.959
1.861 1.833 1.795 1.748 1.692 1.627 1.552 1.468 1.375 1.273 1.162 1.042 0.947 1.046 1.153 1.268 1.391 1.521 1.658 1.804 1.956 2.117 2.285 2.461 2.695 3.216 3.757 4.316 4.895 5.493 6.110 6.746 7.402 8.076 8.770 9.483 10.154 10.520 10.881 11.112 11.329 11.548 11.770 11.993 12.219 12.447 12.677 12.910 13.137 13.319 13.482 13.624 13.747 13.850 13.932 13.995 14.038 14.061 14.064 14.047 14.075 14.357 14.600 14.802 14.964 15.086 15.168 15.209 15.211 15.172 15.093 14.974 14.635
2.196 2.137 2.067 1.988 1.899 1.802 1.695 1.579 1.454 1.320 1.176 1.024 0.862 0.988 1.122 1.264 1.413 1.569 1.734 1.906 2.085 2.272 2.467 2.669 2.884 3.472 4.080 4.706 5.352 6.017 6.702 7.403 8.006 8.612 9.221 9.832 10.437 10.655 10.875 11.098 11.323 11.550 11.779 12.010 12.243 12.479 12.717 12.957 13.195 13.308 13.401 13.474 13.527 13.560 13.573 13.567 13.540 13.493 13.427 13.341 13.248 13.390 13.493 13.556 13.578 13.560 13.503 13.405 13.267 13.088 12.870 12.612 12.275
2.505 2.451 2.349 2.237 2.116 1.987 1.848 1.700 1.542 1.376 1.200 1.015 0.821 0.922 1.082 1.251 1.426 1.610 1.801 1.999 2.206 2.419 2.641 2.870 3.098 3.636 4.233 4.832 5.434 6.039 6.646 7.257 7.870 8.485 9.104 9.725 10.349 10.623 10.851 11.081 11.314 11.548 11.785 12.024 12.266 12.509 12.755 13.002 13.252 13.316 13.340 13.343 13.327 13.291 13.234 13.158 13.062 12.946 12.810 12.655 12.479 12.464 12.427 12.350 12.233 12.075 11.878 11.641 11.363 11.046 10.688 10.290 9.852
2.808 2.774 2.640 2.496 2.343 2.181 2.010 1.830 1.640 1.442 1.234 1.017 0.791 0.848 1.035 1.230 1.432 1.656 1.900 2.125 2.330 2.517 2.684 2.832 2.962 3.428 4.035 4.644 5.255 5.870 6.487 7.107 7.730 8.356 8.984 9.615 10.249 10.589 10.825 11.063 11.303 11.545 11.790 12.036 12.285 12.536 12.790 13.045 13.303 13.345 13.299 13.233 13.147 13.041 12.916 12.770 12.605 12.419 12.214 11.989 11.744 11.577 11.401 11.184 10.928 10.631 10.294 9.917 9.501 9.044 8.547 8.010 7.433
3.107 3.108 2.941 2.765 2.580 2.386 2.183 1.970 1.748 1.518 1.315 1.162 1.021 1.109 1.363 1.597 1.812 2.008 2.185 2.343 2.482 2.601 2.702 2.783 2.846 3.217 3.833 4.452 5.074 5.698 6.325 6.955 7.588 8.224 8.862 9.503 10.146 10.552 10.796 11.041 11.289 11.539 11.792 12.046 12.303 12.562 12.823 13.086 13.351 13.392 13.277 13.142 12.987 12.812 12.617 12.402 12.167 11.913 11.638 11.344 11.030 10.730 10.415 10.059 9.663 9.227 8.751 8.235 7.679 7.083 6.447 5.770 5.054
3.400 3.451 3.252 3.044 2.845 2.659 2.487 2.327 2.180 2.045 1.924 1.816 1.721 1.749 1.936 2.103 2.251 2.380 2.490 2.581 2.653 2.706 2.740 2.754 2.750 3.003 3.629 4.258 4.890 5.524 6.161 6.801 7.443 8.088 8.736 9.387 10.041 10.513 10.765 11.018 11.274 11.531 11.791 12.054 12.318 12.584 12.853 13.124 13.397 13.460 13.275 13.071 12.846 12.602 12.338 12.054 11.750 11.426 11.082 10.719 10.335 9.924 9.468 8.973 8.438 7.863 7.248 6.593 5.974 5.475 4.990 4.519 4.063
3.626 3.669 3.489 3.323 3.169 3.029 2.901 2.786 2.684 2.595 2.519 2.456 2.405 2.409 2.528 2.629 2.710 2.772 2.816 2.840 2.845 2.831 2.798 2.746 2.674 2.787 3.423 4.061 4.702 5.347 5.993 6.643 7.295 7.950 8.608 9.269 9.932 10.472 10.731 10.992 11.256 11.521 11.789 12.059 12.331 12.605 12.881 13.160 13.441 13.547 13.293 13.020 12.726 12.412 12.079 11.725 11.352 10.959 10.546 10.114 9.661 9.158 8.608 8.072 7.551 7.044 6.551 6.073 5.609 5.160 4.725 4.304 3.898
3.847 3.843 3.709 3.588 3.479 3.383 3.301 3.231 3.174 3.130 3.099 3.081 3.075 3.088 3.140 3.174 3.189 3.184 3.161 3.118 3.056 2.976 2.876 2.757 2.619 2.567 3.213 3.861 4.513 5.166 5.823 6.482 7.145 7.809 8.477 9.147 9.821 10.429 10.696 10.965 11.236 11.509 11.784 12.062 12.341 12.623 12.907 13.194 13.482 13.654 13.331 12.988 12.625 12.242 11.823 11.378 10.919 10.447 9.961 9.462 8.950 8.430 7.930 7.444 6.972 6.515 6.073 5.645 5.231 4.831 4.446 4.076 3.720
