DATA/SHG/ECMWF/20170628/EN-46/20170710.en-46.asc
ncols        190
nrows        64
xllcorner    -5100000.000000000000
yllcorner    4130000.000000000000
cellsize     10000.000000000000
NODATA_value  -99999.000
[rows 0 to 31 of 64, columns 0 to 71 of 190]
0.009 0.008 0.008 0.007 0.007 0.006 0.006 0.005 0.005 0.013 0.022 0.029 0.034 0.036 0.036 0.034 0.030 0.024 0.015 0.018 0.027 0.078 0.149 0.219 0.288 0.357 0.424 0.491 0.557 0.623 0.687 0.751 0.813 0.931 1.084 1.236 1.389 1.540 1.692 1.843 1.993 2.143 2.293 2.442 2.591 2.879 3.296 3.719 4.149 4.586 5.031 5.482 5.940 6.406 6.878 7.358 7.844 8.715 10.077 11.497 12.974 14.510 16.103 17.754 19.463 21.229 23.053 24.935 26.875 27.998 27.716 27.425
0.005 0.005 0.004 0.004 0.003 0.003 0.002 0.002 0.001 0.003 0.004 0.003 0.007 0.011 0.017 0.023 0.031 0.040 0.050 0.062 0.074 0.117 0.185 0.252 0.319 0.384 0.449 0.513 0.576 0.639 0.700 0.761 0.821 0.923 1.075 1.226 1.377 1.527 1.677 1.827 1.976 2.125 2.273 2.421 2.569 2.829 3.270 3.718 4.174 4.636 5.105 5.581 6.064 6.554 7.051 7.556 8.067 8.908 10.473 12.096 13.777 15.515 17.311 19.165 21.077 23.046 25.073 27.157 29.299 30.870 30.555 30.230
0.002 0.001 0.001 0.000 0.000 0.000 0.000 0.000 0.000 0.002 0.007 0.013 0.021 0.029 0.039 0.049 0.061 0.074 0.088 0.104 0.120 0.156 0.222 0.286 0.350 0.412 0.474 0.536 0.596 0.656 0.714 0.772 0.830 0.916 1.066 1.216 1.366 1.515 1.663 1.811 1.959 2.107 2.254 2.400 2.546 2.772 3.238 3.711 4.191 4.678 5.172 5.672 6.180 6.695 7.217 7.746 8.282 9.044 10.813 12.638 14.522 16.463 18.462 20.518 22.632 24.804 27.033 29.320 31.004 32.283 31.196 30.113
0.000 0.000 0.000 0.000 0.000 0.000 0.000 0.000 0.000 0.003 0.012 0.022 0.033 0.046 0.059 0.074 0.090 0.107 0.125 0.145 0.165 0.197 0.259 0.320 0.381 0.441 0.500 0.559 0.616 0.673 0.729 0.784 0.839 0.909 1.058 1.207 1.355 1.502 1.650 1.796 1.943 2.089 2.235 2.380 2.525 2.708 3.198 3.696 4.201 4.712 5.231 5.757 6.289 6.829 7.376 7.930 8.490 9.124 11.095 13.123 15.187 16.985 18.737 20.441 22.099 23.710 25.274 26.792 28.262 29.686 28.658 27.592
0.000 0.000 0.000 0.000 0.000 0.000 0.000 0.000 0.000 0.002 0.015 0.029 0.045 0.061 0.079 0.098 0.118 0.139 0.161 0.184 0.209 0.237 0.297 0.356 0.414 0.471 0.527 0.583 0.638 0.692 0.745 0.797 0.849 0.903 1.050 1.198 1.344 1.491 1.636 1.782 1.927 2.072 2.216 2.360 2.503 2.646 3.152 3.674 4.204 4.740 5.284 5.834 6.391 6.947 7.454 7.922 8.350 8.740 10.389 12.117 13.798 15.433 17.021 18.562 20.057 21.505 22.906 24.261 25.568 26.830 26.119 25.071
0.000 0.000 0.000 0.000 0.000 0.000 0.000 0.000 0.000 0.000 0.017 0.035 0.055 0.075 0.097 0.120 0.144 0.169 0.195 0.222 0.251 0.280 0.336 0.392 0.447 0.501 0.555 0.608 0.660 0.711 0.761 0.811 0.860 0.908 1.043 1.189 1.334 1.479 1.624 1.768 1.911 2.055 2.198 2.340 2.482 2.624 3.149 3.792 4.396 4.961 5.486 5.973 6.421 6.830 7.200 7.531 7.823 8.076 9.373 10.938 12.456 13.928 15.353 16.731 18.063 19.348 20.586 21.778 22.923 24.021 23.580 22.549
0.000 0.000 0.000 0.000 0.000 0.000 0.000 0.000 0.000 0.000 0.018 0.040 0.064 0.088 0.114 0.141 0.169 0.198 0.228 0.259 0.292 0.325 0.376 0.429 0.481 0.533 0.583 0.633 0.683 0.731 0.779 0.825 0.871 0.917 1.036 1.180 1.324 1.468 1.611 1.832 2.115 2.399 2.686 2.976 3.269 3.564 4.028 4.534 5.001 5.429 5.818 6.168 6.479 6.751 6.984 7.179 7.334 7.451 8.403 9.805 11.160 12.469 13.731 14.947 16.116 17.238 18.313 19.342 20.324 21.260 21.040 20.027
0.000 0.000 0.000 0.000 0.000 0.000 0.000 0.000 0.000 0.000 0.018 0.044 0.072 0.100 0.130 0.161 0.193 0.226 0.260 0.295 0.332 0.369 0.416 0.466 0.516 0.565 0.613 0.660 0.706 0.752 0.797 0.841 0.969 1.144 1.386 1.664 1.945 2.228 2.514 2.802 3.093 3.387 3.683 3.982 4.283 4.587 4.944 5.313 5.644 5.935 6.187 6.401 6.575 6.711 6.808 6.865 6.884 6.864 7.480 8.719 9.912 11.057 12.157 13.209 14.216 15.175 16.088 16.954 17.774 18.547 18.500 17.503
0.000 0.000 0.000 0.000 0.000 0.000 0.000 0.000 0.000 0.000 0.016 0.047 0.078 0.111 0.144 0.179 0.215 0.252 0.290 0.330 0.370 0.412 0.457 0.505 0.551 0.634 0.738 0.863 1.008 1.173 1.358 1.564 1.789 2.035 2.307 2.594 2.884 3.176 3.471 3.768 4.068 4.371 4.676 4.983 5.293 5.606 5.898 6.131 6.324 6.479 6.595 6.672 6.710 6.709 6.669 6.590 6.473 6.317 6.603 7.680 8.709 9.693 10.629 11.519 12.363 13.160 13.910 14.614 15.272 15.883 15.959 14.979
0.000 0.000 0.000 0.000 0.000 0.000 0.000 0.000 0.000 0.000 0.014 0.048 0.083 0.120 0.157 0.196 0.236 0.278 0.322 0.367 0.414 0.462 0.530 0.645 0.780 0.936 1.111 1.307 1.522 1.758 2.014 2.291 2.587 2.904 3.225 3.521 3.819 4.120 4.424 4.730 5.039 5.350 5.664 5.981 6.300 6.621 6.889 6.985 7.042 7.060 7.040 6.980 6.882 6.745 6.569 6.354 6.100 5.808 5.773 6.686 7.554 8.374 9.148 9.876 10.557 11.192 11.780 12.322 12.817 13.266 13.417 12.455
0.000 0.000 0.000 0.000 0.000 0.000 0.000 0.000 0.000 0.000 0.010 0.050 0.091 0.134 0.177 0.222 0.268 0.316 0.364 0.414 0.466 0.518 0.597 0.783 0.989 1.216 1.462 1.728 2.015 2.322 2.649 2.996 3.363 3.750 4.138 4.443 4.750 5.060 5.373 5.688 6.005 6.326 6.648 6.974 7.302 7.632 7.918 7.877 7.798 7.680 7.523 7.327 7.093 6.819 6.507 6.156 5.766 5.338 4.988 5.740 6.444 7.103 7.714 8.280 8.799 9.271 9.697 10.077 10.410 10.696 10.875 9.929
0.000 0.000 0.000 0.001 0.002 0.004 0.005 0.007 0.008 0.010 0.016 0.060 0.106 0.153 0.201 0.250 0.301 0.353 0.406 0.460 0.516 0.572 0.643 0.900 1.177 1.474 1.791 2.128 2.486 2.863 3.261 3.679 4.116 4.574 5.047 5.361 5.677 5.996 6.317 6.641 6.968 7.297 7.629 7.963 8.300 8.639 8.981 8.807 8.591 8.337 8.044 7.712 7.341 6.932 6.484 5.997 5.471 4.906 4.303 4.839 5.381 5.878 6.327 6.730 7.087 7.397 7.661 8.021 8.461 8.880 9.278 8.742
0.007 0.008 0.010 0.011 0.013 0.015 0.016 0.018 0.019 0.021 0.023 0.069 0.119 0.171 0.223 0.277 0.332 0.388 0.446 0.504 0.564 0.625 0.688 0.995 1.343 1.711 2.099 2.507 2.935 3.383 3.851 4.340 4.848 5.377 5.925 6.275 6.600 6.928 7.258 7.591 7.926 8.264 8.605 8.948 9.294 9.642 9.992 9.774 9.422 9.032 8.603 8.135 7.628 7.083 6.498 5.876 5.214 4.514 3.774 3.985 4.477 4.991 5.484 5.956 6.407 6.836 7.245 7.632 7.999 8.344 8.668 8.293
0.017 0.019 0.020 0.022 0.024 0.025 0.027 0.029 0.030 0.032 0.034 0.077 0.131 0.187 0.244 0.302 0.362 0.422 0.484 0.547 0.612 0.677 0.744 1.069 1.488 1.926 2.385 2.863 3.362 3.881 4.420 4.979 5.558 6.157 6.776 7.185 7.519 7.856 8.195 8.537 8.881 9.228 9.577 9.929 10.283 10.640 11.000 10.778 10.291 9.764 9.199 8.595 7.953 7.303 6.655 6.005 5.353 4.699 4.043 4.164 4.625 5.065 5.485 5.883 6.260 6.616 6.950 7.264 7.557 7.828 8.079 7.830
0.028 0.029 0.031 0.033 0.034 0.036 0.038 0.040 0.041 0.043 0.045 0.083 0.142 0.202 0.263 0.326 0.390 0.455 0.521 0.589 0.657 0.727 0.799 1.122 1.611 2.120 2.649 3.199 3.768 4.357 4.967 5.596 6.246 6.916 7.605 8.091 8.434 8.779 9.127 9.478 9.831 10.187 10.545 10.906 11.269 11.635 11.914 11.670 11.026 10.380 9.733 9.083 8.432 7.778 7.123 6.466 5.807 5.147 4.484 4.406 4.793 5.160 5.505 5.830 6.133 6.415 6.676 6.916 7.135 7.333 7.510 7.353
0.038 0.040 0.041 0.043 0.045 0.047 0.049 0.050 0.052 0.054 0.056 0.088 0.151 0.216 0.282 0.349 0.417 0.486 0.557 0.629 0.702 0.776 0.852 1.153 1.713 2.293 2.892 3.512 4.152 4.812 5.492 6.192 6.912 7.652 8.412 8.993 9.345 9.699 10.033 10.244 10.474 10.723 10.992 11.281 11.589 11.917 12.264 12.187 11.536 10.884 10.229 9.573 8.915 8.255 7.593 6.929 6.264 5.596 4.927 4.668 4.982 5.275 5.546 5.797 6.027 6.235 6.423 6.589 6.735 6.859 6.962 6.862
0.048 0.050 0.052 0.054 0.056 0.057 0.059 0.061 0.063 0.065 0.067 0.092 0.159 0.228 0.298 0.370 0.442 0.516 0.591 0.667 0.745 0.824 0.904 1.163 1.794 2.444 3.114 3.804 4.515 5.245 5.995 6.727 7.368 7.996 8.613 9.094 9.315 9.555 9.815 10.094 10.392 10.711 11.048 11.405 11.782 12.178 12.594 12.706 12.048 11.389 10.728 10.064 9.400 8.733 8.064 7.394 6.721 6.047 5.371 4.950 5.190 5.409 5.608 5.785 5.941 6.076 6.190 6.283 6.355 6.405 6.435 6.357
0.059 0.060 0.062 0.064 0.066 0.068 0.070 0.072 0.074 0.076 0.078 0.094 0.166 0.239 0.314 0.389 0.466 0.544 0.624 0.705 0.786 0.870 0.954 1.152 1.846 2.529 3.200 3.859 4.506 5.141 5.764 6.375 6.974 7.561 8.136 8.651 8.940 9.249 9.577 9.924 10.291 10.678 11.084 11.510 11.955 12.420 12.904 13.225 12.561 11.895 11.227 10.557 9.885 9.212 8.537 7.859 7.180 6.499 5.816 5.252 5.418 5.564 5.689 5.792 5.875 5.937 5.977 5.997 5.995 5.972 5.929 5.838
0.069 0.071 0.073 0.075 0.077 0.079 0.081 0.083 0.085 0.087 0.089 0.095 0.171 0.249 0.328 0.408 0.489 0.572 0.658 0.746 0.838 0.931 1.027 1.148 1.802 2.443 3.072 3.689 4.294 4.887 5.468 6.037 6.594 7.139 7.672 8.188 8.546 8.923 9.319 9.735 10.171 10.626 11.100 11.594 12.108 12.641 13.193 13.746 13.075 12.403 11.728 11.051 10.373 9.692 9.010 8.326 7.640 6.953 6.263 5.574 5.667 5.739 5.790 5.821 5.830 5.818 5.785 5.731 5.656 5.560 5.443 5.305
0.079 0.081 0.083 0.085 0.087 0.089 0.091 0.093 0.095 0.098 0.102 0.097 0.168 0.250 0.335 0.422 0.512 0.604 0.699 0.797 0.897 0.999 1.105 1.212 1.769 2.368 2.956 3.531 4.094 4.645 5.184 5.711 6.226 6.729 7.220 7.699 8.132 8.577 9.042 9.526 10.030 10.554 11.097 11.659 12.241 12.842 13.463 14.103 13.591 12.911 12.230 11.547 10.861 10.174 9.485 8.795 8.102 7.408 6.711 6.013 5.935 5.934 5.912 5.869 5.804 5.719 5.613 5.486 5.337 5.168 4.978 4.766
0.089 0.091 0.093 0.133 0.163 0.184 0.194 0.194 0.185 0.165 0.136 0.096 0.152 0.243 0.337 0.433 0.532 0.633 0.737 0.844 0.953 1.065 1.179 1.296 1.750 2.307 2.852 3.385 3.906 4.416 4.913 5.398 5.871 6.332 6.781 7.219 7.698 8.212 8.745 9.298 9.870 10.462 11.073 11.704 12.354 13.023 13.712 14.421 14.108 13.422 12.733 12.043 11.351 10.658 9.962 9.264 8.565 7.864 7.161 6.456 6.224 6.149 6.054 5.937 5.799 5.641 5.461 5.291 5.169 5.056 4.953 4.859
0.377 0.402 0.417 0.422 0.418 0.403 0.378 0.344 0.299 0.245 0.180 0.106 0.133 0.233 0.336 0.441 0.549 0.660 0.773 0.888 1.006 1.127 1.251 1.377 1.742 2.258 2.761 3.252 3.732 4.199 4.654 5.098 5.529 5.948 6.356 6.751 7.245 7.827 8.429 9.050 9.691 10.351 11.030 11.729 12.447 13.185 13.942 14.718 14.626 13.933 13.238 12.541 11.843 11.142 10.440 9.736 9.030 8.322 7.612 6.900 6.517 6.362 6.216 6.080 5.953 5.835 5.727 5.628 5.539 5.459 5.388 5.327
0.782 0.772 0.752 0.722 0.682 0.633 0.573 0.504 0.424 0.335 0.236 0.127 0.111 0.220 0.332 0.446 0.563 0.683 0.805 0.930 1.057 1.187 1.319 1.454 1.748 2.221 2.682 3.132 3.569 3.995 4.408 4.810 5.199 5.577 5.942 6.296 6.773 7.423 8.093 8.783 9.491 10.219 10.967 11.734 12.520 13.326 14.151 14.996 15.146 14.446 13.744 13.041 12.335 11.537 10.707 9.909 9.142 8.407 7.702 7.028 6.616 6.494 6.381 6.277 6.183 6.098 6.022 5.956 5.899 5.852 5.814 5.785
1.196 1.152 1.097 1.032 0.958 0.873 0.779 0.674 0.560 0.436 0.302 0.158 0.086 0.205 0.326 0.449 0.575 0.704 0.835 0.969 1.105 1.244 1.385 1.529 1.765 2.197 2.616 3.024 3.420 3.803 4.175 4.535 4.883 5.218 5.542 5.854 6.281 7.000 7.738 8.495 9.272 10.068 10.884 11.719 12.574 13.448 14.195 14.870 15.031 14.154 13.309 12.495 11.712 10.961 10.240 9.550 8.892 8.265 7.668 7.103 6.706 6.616 6.536 6.465 6.403 6.351 6.308 6.275 6.250 6.236 6.230 6.234
1.622 1.542 1.452 1.353 1.243 1.124 0.995 0.855 0.706 0.547 0.379 0.200 0.059 0.186 0.316 0.449 0.584 0.722 0.862 1.005 1.150 1.298 1.448 1.601 1.795 2.185 2.563 2.929 3.282 3.624 3.954 4.272 4.578 4.872 5.155 5.425 5.770 6.557 7.363 8.175 8.958 9.710 10.431 11.121 11.781 12.410 13.008 13.576 13.882 13.115 12.378 11.673 10.998 10.355 9.743 9.162 8.612 8.093 7.605 7.148 6.787 6.730 6.682 6.644 6.615 6.595 6.585 6.584 6.592 6.610 6.637 6.674
2.054 1.943 1.818 1.684 1.539 1.385 1.221 1.047 0.863 0.670 0.466 0.252 0.029 0.165 0.304 0.446 0.590 0.737 0.886 1.038 1.192 1.349 1.509 1.671 1.838 2.186 2.522 2.846 3.158 3.458 3.746 4.024 4.369 4.694 4.998 5.282 5.559 6.326 7.063 7.770 8.445 9.090 9.704 10.287 10.840 11.362 11.853 12.314 12.705 12.046 11.418 10.821 10.255 9.720 9.216 8.743 8.302 7.891 7.511 7.163 6.858 6.834 6.819 6.813 6.817 6.830 6.852 6.884 6.925 6.975 7.035 7.104
2.450 2.354 2.194 2.025 1.846 1.657 1.458 1.250 1.031 0.802 0.564 0.316 0.058 0.142 0.290 0.440 0.593 0.749 0.907 1.068 1.231 1.397 1.566 1.737 1.929 2.326 2.722 3.097 3.451 3.786 4.101 4.395 4.669 4.923 5.157 5.371 5.564 6.166 6.796 7.395 7.964 8.502 9.009 9.485 9.931 10.346 10.731 11.084 11.408 10.948 10.428 9.939 9.482 9.055 8.660 8.295 7.962 7.659 7.388 7.147 6.938 6.929 6.946 6.973 7.009 7.055 7.110 7.174 7.248 7.331 7.423 7.525
2.840 2.775 2.581 2.377 2.163 1.939 1.706 1.462 1.209 0.946 0.673 0.390 0.097 0.115 0.272 0.432 0.594 0.787 1.051 1.322 1.602 1.891 2.187 2.492 2.805 3.141 3.465 3.770 4.054 4.318 4.562 4.786 4.990 5.173 5.337 5.480 5.603 6.037 6.560 7.053 7.514 7.945 8.345 8.715 9.054 9.362 9.640 9.887 10.104 9.820 9.409 9.028 8.679 8.361 8.073 7.817 7.592 7.397 7.234 7.102 7.001 7.014 7.065 7.124 7.193 7.271 7.358 7.455 7.561 7.677 7.802 7.936
3.223 3.207 2.978 2.739 2.491 2.232 1.964 1.686 1.398 1.100 0.823 0.579 0.336 0.364 0.623 0.891 1.167 1.451 1.743 2.044 2.353 2.670 2.995 3.329 3.671 3.975 4.229 4.463 4.677 4.870 5.044 5.197 5.331 5.444 5.537 5.610 5.663 5.940 6.356 6.741 7.096 7.420 7.714 7.977 8.209 8.411 8.582 8.722 8.832 8.663 8.360 8.088 7.847 7.637 7.458 7.309 7.192 7.106 7.051 7.026 7.033 7.091 7.174 7.266 7.367 7.478 7.598 7.727 7.866 8.014 8.171 8.338
3.600 3.649 3.386 3.132 2.889 2.646 2.402 2.158 1.914 1.670 1.426 1.181 0.937 0.902 1.190 1.487 1.791 2.104 2.426 2.755 3.093 3.439 3.794 4.156 4.527 4.829 5.012 5.176 5.319 5.443 5.546 5.629 5.692 5.735 5.757 5.760 5.742 5.874 6.183 6.461 6.709 6.927 7.114 7.270 7.396 7.491 7.555 7.589 7.592 7.478 7.283 7.119 6.986 6.883 6.812 6.772 6.763 6.785 6.837 6.921 7.036 7.158 7.274 7.398 7.532 7.675 7.828 7.990 8.308 8.914 9.596 10.353
4.086 4.228 3.984 3.741 3.497 3.252 3.008 2.763 2.519 2.274 2.028 1.783 1.537 1.430 1.747 2.073 2.406 2.748 3.098 3.457 3.824 4.199 4.582 4.974 5.374 5.703 5.816 5.909 5.982 6.035 6.068 6.081 6.073 6.046 5.998 5.931 5.843 5.838 6.041 6.213 6.354 6.465 6.545 6.595 6.614 6.602 6.560 6.488 6.384 6.263 6.176 6.120 6.095 6.101 6.137 6.205 6.304 6.433 6.594 6.785 7.008 7.287 7.629 8.046 8.537 9.104 9.747 10.464 11.256 12.123 13.065 14.083
4.630 4.838 4.593 4.348 4.104 3.859 3.613 3.368 3.122 2.876 2.630 2.384 2.138 1.948 2.294 2.649 3.011 3.382 3.761 4.149 4.544 4.948 5.361 5.781 6.210 6.596 6.639 6.662 6.665 6.648 6.610 6.553 6.475 6.377 6.259 6.121 5.964 5.835 5.930 5.996 6.031 6.035 6.009 5.952 5.864 5.746 5.598 5.418 5.209 5.019 5.040 5.092 5.174 5.288 5.617 6.064 6.488 6.891 7.270 7.628 7.963 8.333 8.936 9.614 10.367 11.194 12.097 13.075 14.128 15.256 16.459 17.737
