DATA/SHG/ECMWF/20170628/EN-46/20170707.en-46.asc
ncols        190
nrows        64
xllcorner    -5100000.000000000000
yllcorner    4130000.000000000000
cellsize     10000.000000000000
NODATA_value  -99999.000
[rows 0 to 31 of 64, columns 73 to 145 of 190]
0.634 0.685 0.738 0.792 0.848 0.905 0.964 1.024 1.104 1.240 1.381 1.516 1.645 1.770 1.888 2.001 2.109 2.211 2.307 2.398 2.524 2.783 3.041 3.297 3.551 3.804 4.055 4.305 4.554 4.801 5.046 5.290 5.538 5.810 6.096 6.394 6.705 7.029 7.365 7.715 8.077 8.452 8.840 9.241 9.495 9.241 8.956 8.641 8.295 7.918 7.510 7.072 6.603 6.103 5.572 5.010 4.486 4.155 3.836 3.529 3.232 2.947 2.673 2.411 2.159 1.919 1.690 1.473 1.297 1.213 1.135 1.064 0.999
0.681 0.738 0.813 0.897 0.984 1.076 1.171 1.269 1.376 1.503 1.624 1.740 1.850 1.955 2.055 2.148 2.236 2.319 2.396 2.468 2.554 2.806 3.057 3.306 3.554 3.801 4.045 4.289 4.531 4.771 5.010 5.247 5.493 5.823 6.166 6.522 6.890 7.271 7.665 8.072 8.492 8.924 9.370 9.828 10.191 9.800 9.377 8.925 8.441 7.926 7.381 6.805 6.199 5.561 4.893 4.194 3.528 3.248 2.980 2.722 2.476 2.242 2.018 1.806 1.605 1.415 1.237 1.069 0.928 0.872 0.824 0.782 0.746
0.846 0.935 1.028 1.125 1.225 1.329 1.437 1.548 1.663 1.771 1.873 1.969 2.060 2.146 2.226 2.300 2.369 2.432 2.490 2.543 2.589 2.831 3.075 3.318 3.559 3.799 4.037 4.274 4.509 4.743 4.975 5.206 5.436 5.822 6.222 6.635 7.061 7.499 7.951 8.415 8.892 9.382 9.885 10.400 10.919 10.390 9.831 9.240 8.619 7.967 7.285 6.571 5.828 5.053 4.248 3.411 2.561 2.331 2.113 1.906 1.710 1.526 1.352 1.190 1.040 0.900 0.772 0.655 0.588 0.634 0.683 0.736 0.792
1.031 1.133 1.239 1.349 1.462 1.579 1.700 1.824 1.952 2.043 2.126 2.203 2.275 2.341 2.402 2.457 2.506 2.550 2.589 2.622 2.650 2.857 3.095 3.331 3.566 3.799 4.031 4.261 4.489 4.717 4.942 5.167 5.390 5.806 6.264 6.734 7.217 7.713 8.222 8.744 9.278 9.825 10.385 10.958 11.543 11.013 10.316 9.588 8.830 8.041 7.221 6.370 5.489 4.577 3.635 2.662 1.658 1.404 1.236 1.147 1.124 1.100 1.074 1.046 1.017 0.987 0.955 0.921 0.886 0.940 1.004 1.071 1.142
1.213 1.328 1.447 1.569 1.695 1.825 1.958 2.096 2.236 2.320 2.384 2.442 2.494 2.541 2.582 2.618 2.648 2.673 2.693 2.706 2.715 2.885 3.116 3.346 3.574 3.800 4.025 4.249 4.471 4.692 4.911 5.129 5.345 5.777 6.291 6.819 7.360 7.913 8.479 9.058 9.649 10.253 10.871 11.501 12.143 11.668 10.833 9.968 9.073 8.146 7.177 6.210 5.268 4.352 3.461 2.595 1.755 1.566 1.539 1.511 1.481 1.450 1.417 1.383 1.347 1.309 1.270 1.230 1.188 1.242 1.321 1.403 1.489
1.391 1.519 1.650 1.786 1.925 2.067 2.213 2.363 2.517 2.602 2.646 2.685 2.718 2.745 2.768 2.784 2.795 2.801 2.801 2.795 2.784 2.914 3.139 3.362 3.583 3.803 4.022 4.239 4.455 4.669 4.882 5.093 5.302 5.733 6.305 6.890 7.487 8.098 8.721 9.357 10.006 10.606 11.138 11.635 12.097 11.593 10.612 9.656 8.726 7.821 6.942 6.087 5.258 4.454 3.675 2.922 2.194 1.945 1.911 1.876 1.840 1.801 1.761 1.720 1.677 1.633 1.587 1.539 1.490 1.540 1.634 1.731 1.831
1.565 1.706 1.850 1.998 2.150 2.305 2.465 2.627 2.794 2.889 2.913 2.933 2.946 2.955 2.958 2.955 2.947 2.933 2.914 2.889 2.859 2.945 3.163 3.380 3.595 3.808 4.020 4.231 4.440 4.647 4.854 5.058 5.329 5.827 6.485 7.108 7.695 8.247 8.763 9.244 9.689 10.099 10.474 10.813 11.117 10.769 9.901 9.058 8.240 7.448 6.680 5.938 5.221 4.530 3.863 3.222 2.606 2.325 2.285 2.243 2.199 2.154 2.107 2.059 2.009 1.958 1.905 1.850 1.794 1.835 1.943 2.055 2.170
1.735 1.889 2.046 2.207 2.372 2.540 2.712 2.887 3.067 3.180 3.185 3.185 3.180 3.169 3.152 3.131 3.103 3.070 3.032 2.988 2.939 2.978 3.189 3.468 3.774 4.080 4.387 4.694 5.001 5.308 5.616 5.924 6.231 6.623 7.123 7.587 8.016 8.410 8.768 9.091 9.379 9.631 9.848 10.029 10.175 9.920 9.164 8.434 7.728 7.048 6.393 5.763 5.159 4.579 4.025 3.496 2.992 2.706 2.659 2.610 2.559 2.507 2.454 2.398 2.342 2.283 2.223 2.162 2.099 2.125 2.249 2.375 2.505
1.902 2.069 2.239 2.412 2.590 2.771 2.956 3.144 3.336 3.475 3.462 3.442 3.418 3.388 3.352 3.331 3.389 3.448 3.509 3.571 3.635 3.747 4.054 4.361 4.668 4.975 5.283 5.590 5.898 6.207 6.515 6.824 7.132 7.456 7.798 8.104 8.376 8.612 8.812 8.977 9.107 9.202 9.261 9.285 9.273 9.046 8.402 7.784 7.191 6.623 6.080 5.562 5.070 4.603 4.161 3.744 3.352 3.089 3.034 2.978 2.921 2.862 2.801 2.739 2.675 2.610 2.543 2.475 2.405 2.412 2.550 2.692 2.837
2.065 2.245 2.427 2.614 2.804 2.998 3.195 3.396 3.626 3.879 3.933 3.988 4.045 4.103 4.163 4.224 4.287 4.351 4.417 4.485 4.554 4.637 4.944 5.252 5.560 5.868 6.177 6.485 6.794 7.103 7.413 7.722 8.032 8.326 8.511 8.660 8.773 8.851 8.894 8.902 8.874 8.811 8.713 8.579 8.410 8.146 7.614 7.108 6.627 6.171 5.741 5.335 4.955 4.600 4.270 3.965 3.685 3.472 3.411 3.348 3.283 3.217 3.150 3.081 3.010 2.938 2.865 2.789 2.713 2.695 2.848 3.005 3.164
2.225 2.453 2.730 3.009 3.291 3.576 3.863 4.153 4.446 4.738 4.797 4.858 4.920 4.983 5.048 5.114 5.182 5.252 5.323 5.396 5.470 5.531 5.834 6.142 6.451 6.760 7.069 7.379 7.689 7.998 8.308 8.619 8.929 9.234 9.261 9.252 9.208 9.129 9.014 8.865 8.679 8.459 8.203 7.912 7.586 7.220 6.801 6.407 6.038 5.694 5.376 5.082 4.814 4.571 4.353 4.160 3.992 3.856 3.788 3.718 3.647 3.574 3.500 3.424 3.346 3.267 3.187 3.105 3.021 2.975 3.142 3.313 3.488
2.921 3.204 3.490 3.779 4.070 4.364 4.661 4.960 5.262 5.566 5.659 5.724 5.792 5.860 5.930 6.002 6.075 6.150 6.226 6.304 6.383 6.450 6.721 7.031 7.340 7.650 7.960 8.271 8.581 8.892 9.203 9.514 9.825 10.137 10.049 9.883 9.682 9.445 9.173 8.866 8.523 8.145 7.732 7.284 6.800 6.281 5.963 5.680 5.424 5.192 4.985 4.803 4.647 4.516 4.409 4.328 4.272 4.242 4.167 4.090 4.012 3.932 3.851 3.768 3.683 3.598 3.510 3.421 3.338 3.284 3.499 3.724 3.961
3.660 3.952 4.247 4.545 4.846 5.149 5.455 5.763 6.074 6.388 6.518 6.589 6.661 6.735 6.810 6.887 6.965 7.045 7.126 7.209 7.294 7.366 7.607 7.918 8.228 8.539 8.850 9.161 9.472 9.784 10.096 10.408 10.720 11.032 10.875 10.551 10.192 9.798 9.369 8.905 8.405 7.870 7.300 6.694 6.054 5.378 5.099 4.928 4.783 4.663 4.568 4.499 4.454 4.434 4.440 4.471 4.526 4.607 4.546 4.441 4.320 4.211 4.114 4.029 3.956 3.896 3.847 3.811 3.786 3.774 4.020 4.295 4.581
4.395 4.697 5.001 5.308 5.618 5.930 6.245 6.563 6.883 7.206 7.374 7.450 7.528 7.607 7.687 7.769 7.853 7.938 8.024 8.112 8.202 8.279 8.492 8.803 9.114 9.426 9.738 10.050 10.362 10.675 10.987 11.300 11.613 11.926 11.738 11.257 10.741 10.190 9.604 8.982 8.325 7.633 6.906 6.144 5.346 4.513 4.209 4.151 4.117 4.109 4.153 4.226 4.293 4.354 4.408 4.456 4.498 4.533 4.472 4.392 4.325 4.270 4.226 4.195 4.176 4.170 4.175 4.192 4.222 4.264 4.530 4.854 5.188
5.126 5.437 5.751 6.067 6.386 6.707 7.032 7.358 7.688 8.020 8.228 8.309 8.392 8.476 8.562 8.649 8.737 8.828 8.919 9.012 9.107 9.190 9.375 9.687 9.999 10.311 10.624 10.937 11.250 11.563 11.877 12.191 12.505 12.819 12.638 12.001 11.328 10.619 9.876 9.097 8.284 7.450 6.630 5.820 5.018 4.226 3.951 4.021 4.086 4.143 4.195 4.240 4.279 4.312 4.338 4.358 4.371 4.379 4.357 4.331 4.317 4.316 4.327 4.349 4.384 4.431 4.490 4.562 4.645 4.740 5.028 5.401 5.784
5.854 6.174 6.497 6.822 7.151 7.481 7.815 8.150 8.489 8.830 9.079 9.166 9.253 9.343 9.433 9.526 9.620 9.715 9.812 9.910 10.010 10.098 10.256 10.569 10.882 11.195 11.509 11.823 12.137 12.451 12.765 13.080 13.320 13.498 13.255 12.411 11.577 10.751 9.935 9.129 8.331 7.543 6.763 5.993 5.232 4.481 4.112 4.155 4.191 4.220 4.244 4.261 4.272 4.276 4.274 4.266 4.252 4.231 4.229 4.257 4.298 4.350 4.414 4.491 4.580 4.680 4.793 4.918 5.055 5.204 5.515 5.936 6.368
6.579 6.908 7.240 7.574 7.912 8.251 8.594 8.939 9.287 9.637 9.928 10.019 10.112 10.207 10.303 10.400 10.499 10.600 10.702 10.805 10.910 11.003 11.136 11.356 11.509 11.668 11.832 12.002 12.178 12.359 12.546 12.739 12.937 13.140 13.052 12.249 11.456 10.671 9.896 9.130 8.373 7.625 6.886 6.157 5.437 4.726 4.280 4.294 4.302 4.304 4.299 4.288 4.271 4.247 4.218 4.181 4.139 4.090 4.090 4.172 4.266 4.372 4.490 4.620 4.762 4.917 5.083 5.262 5.453 5.655 5.989 6.460 6.941
7.299 7.638 7.979 8.323 8.669 9.018 9.370 9.724 10.081 10.440 10.774 10.871 10.969 11.068 11.169 11.261 11.211 11.141 11.053 10.945 10.818 10.681 10.568 10.740 10.918 11.102 11.292 11.487 11.688 11.894 12.107 12.324 12.548 12.777 12.840 12.078 11.325 10.581 9.847 9.121 8.405 7.698 7.000 6.311 5.631 4.961 4.455 4.441 4.421 4.394 4.361 4.322 4.277 4.225 4.167 4.103 4.032 3.956 3.938 4.074 4.221 4.381 4.553 4.737 4.933 5.141 5.361 5.593 5.837 6.094 6.452 6.971 7.501
8.017 8.364 8.714 9.067 9.423 9.781 10.142 10.505 10.858 11.143 11.415 11.400 11.359 11.300 11.221 11.123 11.006 10.870 10.715 10.541 10.348 10.143 9.930 10.118 10.322 10.531 10.746 10.966 11.192 11.424 11.661 11.904 12.153 12.407 12.619 11.897 11.185 10.482 9.788 9.103 8.427 7.760 7.103 6.455 5.816 5.186 4.635 4.593 4.545 4.491 4.430 4.363 4.289 4.210 4.124 4.031 3.933 3.828 3.774 3.963 4.165 4.378 4.603 4.841 5.091 5.352 5.626 5.912 6.210 6.519 6.904 7.472 8.050
8.730 9.080 9.406 9.720 10.022 10.312 10.591 10.857 11.112 11.356 11.587 11.545 11.438 11.312 11.167 11.002 10.819 10.617 10.395 10.155 9.895 9.624 9.344 9.491 9.720 9.954 10.194 10.440 10.691 10.948 11.210 11.479 11.752 12.032 12.317 11.707 11.035 10.372 9.719 9.075 8.439 7.813 7.197 6.589 5.990 5.401 4.823 4.753 4.676 4.594 4.505 4.410 4.309 4.201 4.087 3.966 3.840 3.707 3.598 3.841 4.096 4.363 4.642 4.933 5.236 5.551 5.878 6.218 6.569 6.933 7.344 7.960 8.587
9.336 9.632 9.917 10.190 10.451 10.700 10.937 11.163 11.377 11.579 11.769 11.708 11.534 11.342 11.130 10.899 10.650 10.381 10.093 9.786 9.460 9.122 8.775 8.858 9.112 9.372 9.637 9.908 10.184 10.466 10.754 11.047 11.346 11.651 11.961 11.507 10.875 10.253 9.640 9.037 8.442 7.857 7.280 6.713 6.155 5.606 5.067 4.918 4.814 4.704 4.587 4.464 4.334 4.198 4.056 3.908 3.754 3.593 3.425 3.706 4.014 4.335 4.667 5.012 5.369 5.738 6.118 6.511 6.916 7.469 8.247 9.268 10.319
9.940 10.195 10.438 10.670 10.890 11.098 11.294 11.479 11.652 11.813 11.962 11.888 11.648 11.389 11.111 10.814 10.498 10.162 9.808 9.435 9.043 8.638 8.224 8.219 8.499 8.783 9.074 9.370 9.671 9.979 10.292 10.610 10.934 11.264 11.599 11.297 10.706 10.125 9.552 8.989 8.435 7.890 7.354 6.828 6.310 5.802 5.303 5.091 4.958 4.820 4.675 4.524 4.366 4.203 4.033 3.856 3.674 3.485 3.290 3.559 4.002 4.594 5.224 5.894 6.601 7.347 8.131 8.954 9.815 10.715 11.653 12.794 13.975
10.553 10.768 10.970 11.161 11.339 11.507 11.662 11.806 11.937 12.057 12.166 12.085 11.779 11.453 11.109 10.745 10.363 9.962 9.541 9.102 8.643 8.172 7.691 7.575 7.880 8.190 8.505 8.826 9.153 9.486 9.824 10.167 10.517 10.872 11.232 11.078 10.528 9.987 9.455 8.932 8.418 7.914 7.418 6.932 6.455 5.987 5.529 5.269 5.109 4.943 4.770 4.639 4.587 4.543 4.506 4.478 4.457 4.445 4.440 4.949 5.673 6.436 7.236 8.076 8.953 9.870 10.824 11.817 12.848 13.918 15.026 16.285 17.598
11.177 11.350 11.512 11.661 11.799 11.925 12.040 12.142 12.233 12.312 12.380 12.299 11.927 11.535 11.124 10.695 10.246 9.778 9.292 8.786 8.261 7.723 7.175 6.926 7.255 7.590 7.931 8.277 8.629 8.987 9.350 9.719 10.093 10.473 10.859 10.849 10.339 9.839 9.347 8.865 8.392 7.928 7.493 7.113 6.757 6.427 6.123 5.960 5.911 5.870 5.837 5.812 5.795 5.786 5.785 5.791 5.806 5.828 5.858 6.409 7.303 8.236 9.207 10.216 11.264 12.350 13.474 14.637 15.839 17.078 18.356 19.742 21.186
11.811 11.943 12.064 12.173 12.269 12.355 12.428 12.490 12.540 12.578 12.604 12.531 12.092 11.634 11.157 10.661 10.146 9.613 9.060 8.488 7.897 7.292 6.677 6.271 6.625 6.986 7.351 7.723 8.100 8.483 8.871 9.265 9.664 10.071 10.476 10.599 10.152 9.731 9.336 8.966 8.621 8.303 8.009 7.742 7.500 7.283 7.092 6.984 6.970 6.964 6.966 6.976 6.993 7.019 7.053 7.094 7.144 7.201 7.267 7.827 8.891 9.994 11.135 12.314 13.532 14.788 16.082 17.415 18.786 20.196 21.644 23.164 24.740
12.456 12.547 12.626 12.694 12.750 12.794 12.827 12.847 12.856 12.854 12.839 12.780 12.275 11.751 11.207 10.645 10.064 9.464 8.845 8.207 7.550 6.879 6.198 5.610 6.014 6.451 6.882 7.305 7.721 8.130 8.532 8.927 9.315 9.696 10.069 10.294 9.961 9.653 9.371 9.114 8.883 8.678 8.497 8.343 8.214 8.110 8.032 7.998 8.019 8.048 8.084 8.129 8.182 8.243 8.311 8.388 8.472 8.564 8.665 9.204 10.438 11.711 13.021 14.371 15.758 17.184 18.648 20.151 21.692 23.271 24.888 26.553 28.259
13.110 13.160 13.199 13.225 13.241 13.244 13.235 13.215 13.184 13.140 13.085 13.018 12.475 11.884 11.275 10.647 9.988 9.263 8.568 7.903 7.269 6.667 6.091 5.540 5.930 6.336 6.735 7.127 7.512 7.889 8.260 8.623 8.980 9.329 9.671 9.962 9.742 9.548 9.379 9.235 9.117 9.024 8.957 8.916 8.900 8.910 8.945 9.002 9.058 9.122 9.193 9.273 9.361 9.456 9.560 9.671 9.790 9.918 10.053 10.539 11.943 13.386 14.866 16.385 17.942 19.538 21.172 22.844 24.554 26.303 28.090 29.908 31.745
13.775 13.784 13.781 13.767 13.742 13.704 13.655 13.594 13.521 13.390 13.080 12.768 12.085 11.343 10.632 9.952 9.301 8.681 8.092 7.533 7.004 6.508 6.039 5.594 5.855 6.229 6.597 6.957 7.310 7.657 7.996 8.328 8.653 8.970 9.281 9.584 9.496 9.415 9.359 9.328 9.323 9.344 9.390 9.461 9.558 9.680 9.828 9.996 10.087 10.186 10.293 10.407 10.530 10.660 10.798 10.945 11.099 11.261 11.431 11.834 13.407 15.019 16.670 18.358 20.085 21.850 23.653 25.495 27.375 29.293 31.250 33.228 35.196
14.449 14.418 14.298 13.994 13.688 13.380 13.071 12.760 12.448 12.134 11.819 11.502 10.949 10.313 9.708 9.133 8.588 8.074 7.590 7.136 6.713 6.323 5.960 5.622 5.787 6.130 6.466 6.795 7.117 7.432 7.740 8.040 8.334 8.620 8.899 9.171 9.222 9.254 9.311 9.393 9.501 9.635 9.794 9.978 10.188 10.423 10.684 10.970 11.107 11.240 11.382 11.531 11.689 11.854 12.027 12.208 12.397 12.594 12.799 13.087 14.830 16.611 18.431 20.289 22.186 24.120 26.093 28.104 30.153 32.241 34.367 36.515 38.614
13.697 13.390 13.082 12.772 12.461 12.148 11.834 11.518 11.200 10.881 10.560 10.238 9.787 9.257 8.757 8.287 7.848 7.439 7.061 6.713 6.395 6.110 5.854 5.623 5.728 6.039 6.344 6.642 6.932 7.215 7.492 7.761 8.023 8.278 8.525 8.766 8.921 9.066 9.236 9.431 9.652 9.898 10.170 10.467 10.790 11.138 11.512 11.911 12.117 12.285 12.462 12.646 12.838 13.038 13.246 13.462 13.686 13.918 14.158 14.405 16.211 18.162 20.151 22.179 24.245 26.348 28.491 30.671 32.889 35.146 37.441 39.581 41.266
12.494 12.182 11.869 11.554 11.237 10.919 10.599 10.278 9.955 9.631 9.305 8.978 8.599 8.174 7.780 7.416 7.082 6.778 6.505 6.262 6.050 5.871 5.722 5.596 5.676 5.957 6.230 6.496 6.755 7.007 7.252 7.489 7.720 7.944 8.160 8.369 8.593 8.850 9.133 9.441 9.775 10.134 10.519 10.928 11.364 11.825 12.311 12.823 13.117 13.320 13.532 13.751 13.978 14.213 14.456 14.706 14.965 15.232 15.506 15.788 17.551 19.672 21.946 24.365 26.638 28.768 30.752 32.592 34.287 35.838 37.244 38.505 39.941
11.294 10.977 10.658 10.338 10.016 9.693 9.368 9.042 8.714 8.384 8.053 7.721 7.385 7.066 6.777 6.518 6.289 6.091 5.923 5.785 5.678 5.605 5.562 5.543 5.633 5.882 6.123 6.358 6.586 6.806 7.020 7.226 7.426 7.618 7.803 7.981 8.237 8.607 9.003 9.424 9.870 10.342 10.839 11.362 11.910 12.483 13.082 13.706 14.108 14.346 14.592 14.846 15.108 15.582 16.531 17.460 18.369 19.257 20.125 20.973 22.766 24.835 26.759 28.538 30.173 31.663 33.008 34.210 35.266 36.178 36.946 37.569 38.669
