DATA/SHG/ECMWF/20170628/EN-46/20170712.en-46.asc
ncols        190
nrows        64
xllcorner    -5100000.000000000000
yllcorner    4130000.000000000000
cellsize     10000.000000000000
NODATA_value  -99999.000
[rows 32 to 63 of 64, columns 74 to 147 of 190]
0.665 0.643 0.619 0.593 0.566 0.536 0.505 0.472 0.437 0.400 0.361 0.403 0.868 1.354 1.863 2.394 2.946 3.521 4.117 4.735 5.366 6.007 6.666 7.166 7.059 6.930 6.780 6.608 6.414 6.198 5.961 5.702 5.421 5.118 4.794 4.646 4.847 5.024 5.178 5.308 5.414 5.497 5.556 5.628 5.787 5.941 6.090 6.761 8.031 9.308 10.591 11.881 13.177 14.480 15.790 17.106 18.429 19.758 21.094 21.231 20.560 19.915 19.297 18.705 18.140 17.601 17.089 16.604 16.144 15.711 15.305 14.848 14.346 13.826
0.731 0.703 0.673 0.641 0.606 0.571 0.533 0.493 0.452 0.408 0.363 0.337 0.878 1.441 2.025 2.632 3.260 3.910 4.583 5.276 5.984 6.702 7.437 8.093 7.890 7.665 7.418 7.150 6.859 6.547 6.214 5.858 5.481 5.082 4.673 4.425 4.606 4.780 4.949 5.112 5.270 5.421 5.567 5.707 5.841 5.970 6.093 6.625 7.925 9.231 10.543 11.863 13.188 14.521 15.859 17.205 18.556 19.915 21.280 21.722 21.167 20.639 20.138 19.663 19.214 18.792 18.397 18.028 17.685 17.369 17.079 16.628 16.042 15.438
0.800 0.765 0.728 0.689 0.649 0.606 0.562 0.516 0.468 0.418 0.366 0.313 0.868 1.507 2.167 2.850 3.554 4.280 5.028 5.798 6.582 7.376 8.188 9.017 8.744 8.400 7.969 7.551 7.145 6.752 6.372 6.005 5.651 5.310 4.981 4.714 4.869 5.018 5.162 5.300 5.431 5.558 5.678 5.793 5.901 6.005 6.102 6.483 7.811 9.147 10.489 11.837 13.192 14.553 15.921 17.296 18.677 20.065 21.459 22.185 21.747 21.336 20.951 20.593 20.261 19.955 19.676 19.424 19.197 18.998 18.824 18.424 17.755 17.066
0.870 0.828 0.785 0.740 0.693 0.644 0.593 0.540 0.486 0.429 0.371 0.311 0.838 1.553 2.289 3.047 3.827 4.712 5.654 6.492 7.217 7.844 8.388 8.850 8.572 8.185 7.810 7.449 7.100 6.764 6.440 6.130 5.832 5.547 5.275 5.016 5.139 5.263 5.381 5.493 5.599 5.700 5.795 5.884 5.967 6.045 6.117 6.333 7.691 9.056 10.427 11.804 13.189 14.579 15.976 17.380 18.790 20.207 21.631 22.621 22.300 22.005 21.736 21.495 21.279 21.090 20.928 20.791 20.682 20.598 20.542 20.238 19.484 18.712
0.941 0.893 0.844 0.792 0.738 0.683 0.626 0.567 0.506 0.443 0.625 1.130 2.089 3.191 4.189 5.083 5.873 6.559 7.141 7.619 7.981 8.244 8.424 8.522 8.287 7.956 7.638 7.333 7.041 6.761 6.494 6.240 5.999 5.770 5.555 5.352 5.414 5.513 5.605 5.692 5.773 5.848 5.918 5.982 6.040 6.092 6.138 6.179 7.564 8.958 10.358 11.765 13.178 14.598 16.024 17.457 18.897 20.343 21.795 23.029 22.824 22.646 22.494 22.369 22.270 22.197 22.151 22.131 22.138 22.171 22.230 22.068 21.230 20.374
1.015 0.960 0.904 1.038 1.379 1.767 2.201 2.681 3.208 3.781 4.400 5.066 5.828 6.570 7.207 7.741 8.171 8.497 8.719 8.837 8.837 8.736 8.553 8.287 7.987 7.713 7.452 7.203 6.967 6.744 6.534 6.336 6.152 5.980 5.820 5.674 5.696 5.769 5.836 5.897 5.953 6.003 6.047 6.085 6.118 6.145 6.166 6.181 7.429 8.852 10.282 11.718 13.160 14.610 16.065 17.527 18.996 20.471 21.953 23.410 23.321 23.260 23.224 23.215 23.232 23.276 23.346 23.443 23.566 23.715 23.891 23.914 22.993 22.053
2.419 2.781 3.190 3.646 4.147 4.695 5.289 5.930 6.616 7.349 8.129 8.954 9.657 10.039 10.316 10.490 10.560 10.526 10.388 10.147 9.785 9.321 8.774 8.145 7.674 7.456 7.251 7.059 6.880 6.713 6.559 6.418 6.290 6.174 6.072 5.982 5.983 6.030 6.072 6.108 6.138 6.163 6.182 6.195 6.202 6.203 6.199 6.189 7.288 8.740 10.199 11.664 13.136 14.614 16.099 17.590 19.088 20.592 22.103 23.620 23.791 23.846 23.926 24.034 24.167 24.327 24.514 24.726 24.966 25.231 25.523 25.778 24.773 23.701
4.500 5.023 5.592 6.208 6.869 7.577 8.331 9.131 9.978 10.871 11.810 12.795 13.576 13.598 13.515 13.329 13.039 12.646 12.149 11.548 10.825 9.997 9.087 8.095 7.347 7.186 7.037 6.901 6.778 6.668 6.571 6.486 6.414 6.355 6.309 6.275 6.276 6.298 6.314 6.325 6.330 6.329 6.322 6.310 6.292 6.268 6.238 6.203 7.140 8.621 10.109 11.603 13.104 14.611 16.125 17.646 19.173 20.706 22.246 23.792 24.233 24.404 24.601 24.825 25.055 25.253 25.457 25.667 25.884 26.106 26.334 26.568 25.457 24.242
6.536 7.219 7.948 8.723 9.545 10.412 11.326 12.286 13.292 14.345 15.444 16.588 17.585 17.247 16.805 16.259 15.610 14.857 14.001 13.041 11.957 10.765 9.492 8.137 7.006 6.901 6.809 6.730 6.663 6.609 6.568 6.540 6.524 6.521 6.531 6.554 6.575 6.572 6.563 6.548 6.527 6.501 6.469 6.431 6.388 6.339 6.284 6.223 6.984 8.495 10.012 11.535 13.065 14.602 16.145 17.719 19.349 20.927 22.454 23.928 24.527 24.727 24.934 25.146 25.365 25.589 25.820 26.057 26.300 26.549 26.803 27.064 26.068 24.795
8.552 9.368 10.257 11.192 12.174 13.201 14.275 15.394 16.560 17.772 19.031 20.335 21.683 20.986 20.184 19.279 18.271 17.159 15.944 14.625 13.180 11.625 9.989 8.271 6.651 6.603 6.567 6.544 6.534 6.536 6.552 6.580 6.620 6.674 6.740 6.819 6.880 6.851 6.817 6.777 6.731 6.679 6.622 6.559 6.490 6.416 6.387 6.627 7.508 9.273 10.986 12.647 14.256 15.814 17.319 18.773 20.174 21.524 22.822 24.068 24.723 24.950 25.183 25.423 25.668 25.919 26.177 26.440 26.709 26.985 27.266 27.554 26.692 25.361
10.572 11.472 12.520 13.615 14.756 15.943 17.176 18.456 19.781 21.153 22.570 24.034 25.544 24.814 23.654 22.390 21.023 19.552 17.978 16.300 14.494 12.577 10.579 8.498 6.336 6.290 6.311 6.344 6.390 6.449 6.521 6.605 6.702 6.812 6.934 7.070 7.191 7.162 7.361 7.568 7.785 8.010 8.245 8.489 8.741 9.003 9.274 9.553 10.213 11.749 13.234 14.666 16.047 17.376 18.653 19.879 21.052 22.174 23.243 24.261 24.913 25.167 25.427 25.693 25.965 26.242 26.526 26.816 27.112 27.414 27.723 28.037 27.329 25.939
12.579 13.529 14.737 15.992 17.292 18.639 20.032 21.470 22.955 24.486 26.063 27.687 29.356 28.733 27.214 25.591 23.865 22.036 20.103 18.066 15.900 13.621 11.260 8.817 6.292 5.964 6.041 6.131 6.244 6.580 6.934 7.307 7.699 8.110 8.539 8.988 9.452 9.680 9.918 10.166 10.422 10.687 10.961 11.244 11.536 11.837 12.148 12.467 12.969 14.277 15.533 16.737 17.890 18.990 20.039 21.036 21.982 22.875 23.717 24.507 25.097 25.377 25.664 25.956 26.255 26.559 26.870 27.186 27.509 27.838 28.172 28.513 27.978 26.530
14.573 15.541 16.908 18.322 19.782 21.288 22.840 24.439 26.083 27.773 29.510 31.292 33.121 32.741 30.863 28.882 26.798 24.610 22.318 19.924 17.274 14.664 12.126 9.659 7.265 6.872 7.234 7.615 8.015 8.433 8.870 9.325 9.800 10.293 10.805 11.335 11.885 12.186 12.463 12.750 13.045 13.350 13.664 13.986 14.318 14.659 15.009 15.367 15.775 16.855 17.883 18.859 19.783 20.656 21.477 22.246 22.963 23.629 24.243 24.805 25.274 25.581 25.894 26.213 26.538 26.869 27.206 27.550 27.899 28.254 28.615 28.983 28.640 27.134
16.554 17.506 19.033 20.607 22.226 23.891 25.603 27.360 29.164 31.013 32.909 34.851 36.838 36.046 33.150 30.344 27.630 25.006 22.472 20.030 17.668 15.374 13.152 11.002 8.923 8.372 8.817 9.280 9.762 10.263 10.782 11.320 11.877 12.453 13.047 13.660 14.292 14.678 14.995 15.321 15.656 16.000 16.354 16.716 17.087 17.467 17.857 18.255 18.662 19.484 20.284 21.032 21.729 22.373 22.966 23.508 23.997 24.435 24.821 25.155 25.445 25.778 26.118 26.464 26.815 27.173 27.537 27.906 28.282 28.664 29.052 29.446 29.314 27.750
18.522 19.426 21.112 22.845 24.624 26.448 27.693 28.896 30.067 31.208 32.317 33.396 34.444 34.168 31.585 29.092 26.690 24.379 22.159 20.029 17.981 16.003 14.097 12.263 10.500 9.849 10.376 10.922 11.487 12.070 12.671 13.292 13.931 14.589 15.266 15.961 16.675 17.157 17.514 17.880 18.254 18.638 19.031 19.432 19.843 20.263 20.691 21.129 21.576 22.165 22.737 23.257 23.726 24.142 24.508 24.821 25.083 25.293 25.451 25.558 25.613 25.969 26.336 26.708 27.086 27.470 27.860 28.257 28.659 29.067 29.482 29.902 30.000 28.378
19.610 19.967 21.218 22.438 23.627 24.785 25.912 27.008 28.073 29.108 30.111 31.083 32.024 32.211 29.940 27.760 25.671 23.672 21.764 19.946 18.213 16.551 14.961 13.442 11.995 11.304 11.913 12.541 13.188 13.854 14.538 15.241 15.962 16.702 17.461 18.239 19.035 19.624 20.020 20.425 20.839 21.263 21.695 22.136 22.586 23.045 23.513 23.991 24.477 24.896 25.240 25.533 25.774 25.963 26.101 26.186 26.221 26.203 26.134 26.013 25.840 26.154 26.547 26.945 27.350 27.761 28.178 28.601 29.029 29.464 29.905 30.352 30.699 29.019
18.558 18.749 19.893 21.007 22.090 23.141 24.162 25.152 26.110 27.038 27.935 28.801 29.636 30.174 28.216 26.348 24.571 22.885 21.289 19.783 18.364 17.018 15.743 14.540 13.409 12.736 13.427 14.138 14.867 15.615 16.381 17.166 17.970 18.793 19.634 20.494 21.372 22.078 22.514 22.958 23.412 23.874 24.346 24.827 25.316 25.815 26.322 26.839 27.365 27.678 27.795 27.860 27.873 27.835 27.745 27.604 27.410 27.165 26.869 26.521 26.121 26.332 26.751 27.177 27.608 28.045 28.488 28.938 29.307 29.456 29.573 29.658 29.711 27.921
17.514 17.678 18.599 19.606 20.583 21.528 22.442 23.325 24.178 24.999 25.790 26.549 27.278 27.976 26.412 24.856 23.391 22.017 20.733 19.540 18.434 17.403 16.444 15.556 14.740 14.145 14.919 15.711 16.523 17.353 18.202 19.069 19.955 20.860 21.783 22.725 23.686 24.519 24.994 25.478 25.971 26.473 26.984 27.504 28.033 28.571 29.118 29.674 30.239 30.512 30.401 30.238 30.024 29.759 29.441 29.072 28.652 28.180 27.656 27.047 26.277 26.168 26.401 26.602 26.771 26.908 27.012 27.085 27.126 27.135 27.112 27.057 26.970 25.593
16.478 16.617 17.335 18.236 19.106 19.945 20.753 21.530 22.276 22.991 23.675 24.329 24.951 25.543 24.528 23.284 22.132 21.069 20.097 19.216 18.424 17.708 17.064 16.491 15.990 15.561 16.387 17.262 18.156 19.068 19.999 20.949 21.917 22.904 23.910 24.934 25.977 26.948 27.462 27.986 28.518 29.060 29.610 30.169 30.738 31.315 31.902 32.497 33.101 33.396 33.021 32.320 31.604 30.873 30.127 29.367 28.591 27.800 26.994 26.174 25.338 25.004 25.096 25.157 25.185 25.182 25.147 25.079 24.980 24.849 24.686 24.491 24.264 23.208
15.451 15.564 16.102 16.896 17.660 18.392 19.094 19.765 20.404 21.013 21.592 22.139 22.655 23.141 22.564 21.633 20.792 20.041 19.381 18.811 18.333 17.932 17.603 17.345 17.159 17.045 17.833 18.790 19.766 20.761 21.774 22.806 23.856 24.925 26.013 27.119 28.244 29.364 29.918 30.480 31.052 31.622 31.778 31.966 32.186 32.438 32.722 33.039 33.388 33.510 32.758 31.991 31.209 30.412 29.600 28.774 27.932 27.075 26.204 25.317 24.416 23.873 23.825 23.746 23.634 23.491 23.315 23.108 22.869 22.597 22.294 21.959 21.592 20.767
14.431 14.519 14.898 15.586 16.243 16.870 17.465 18.030 18.564 19.066 19.538 19.980 20.390 20.769 20.521 19.902 19.372 18.933 18.584 18.326 18.161 18.075 18.060 18.118 18.246 18.447 19.257 20.296 21.354 22.430 23.526 24.640 25.772 26.509 27.214 27.911 28.602 29.285 29.497 29.698 29.931 30.196 30.494 30.823 31.185 31.579 32.005 32.464 32.954 33.328 32.511 31.678 30.830 29.967 29.090 28.197 27.290 26.367 25.430 24.477 23.510 22.776 22.588 22.368 22.117 21.833 21.518 21.171 20.791 20.380 19.937 19.462 18.955 18.270
13.420 13.483 13.724 14.306 14.857 15.378 15.867 16.326 16.753 17.150 17.516 17.851 18.155 18.429 18.399 18.091 17.873 17.745 17.708 17.760 17.908 18.137 18.437 18.809 19.011 19.166 19.661 20.385 21.102 21.812 22.514 23.209 23.898 24.579 25.252 25.919 26.579 27.231 27.613 27.955 28.330 28.737 29.176 29.648 30.151 30.687 31.255 31.855 32.487 33.151 32.280 31.381 30.467 29.539 28.595 27.637 26.663 25.675 24.672 23.653 22.620 21.712 21.385 21.025 20.634 20.210 19.755 19.268 18.748 18.197 17.614 17.000 16.353 15.717
12.416 12.454 12.581 13.057 13.502 13.916 14.299 14.652 14.973 15.264 15.524 15.753 15.951 16.119 16.197 16.200 16.356 16.543 16.710 16.857 17.003 17.151 17.284 17.401 17.502 17.588 17.958 18.651 19.337 20.015 20.687 21.351 22.008 22.658 23.301 23.937 24.565 25.187 25.696 26.180 26.697 27.245 27.826 28.439 29.084 29.762 30.471 31.213 31.986 32.792 32.065 31.100 30.121 29.126 28.117 27.093 26.054 24.999 23.930 22.846 21.747 20.683 20.215 19.716 19.184 18.621 18.026 17.399 16.740 16.049 15.326 14.571 13.785 13.109
11.421 11.434 11.467 11.837 12.176 12.484 12.762 13.008 13.224 13.548 13.912 14.252 14.570 14.865 15.120 15.278 15.416 15.535 15.633 15.712 15.790 15.869 15.932 15.980 16.012 16.029 16.265 16.927 17.581 18.229 18.869 19.503 20.129 20.748 21.360 21.964 22.562 23.152 23.746 24.372 25.030 25.721 26.443 27.197 27.984 28.803 29.654 30.537 31.452 32.400 31.866 30.836 29.790 28.730 27.655 26.565 25.460 24.340 23.205 22.055 20.891 19.711 19.079 18.440 17.769 17.066 16.331 15.564 14.765 13.935 13.072 12.178 11.252 10.444
10.433 10.421 10.527 10.954 11.377 11.776 12.153 12.506 12.837 13.145 13.430 13.692 13.931 14.147 14.336 14.426 14.496 14.546 14.576 14.586 14.595 14.606 14.600 14.579 14.542 14.489 14.581 15.212 15.836 16.452 17.062 17.664 18.259 18.847 19.428 20.002 20.568 21.128 21.764 22.531 23.331 24.163 25.027 25.923 26.851 27.811 28.804 29.828 30.885 31.974 31.683 30.587 29.476 28.350 27.209 26.053 24.883 23.697 22.497 21.281 20.051 18.805 17.977 17.198 16.387 15.544 14.670 13.763 12.825 11.854 10.852 9.818 8.753 7.723
10.430 10.578 10.724 11.046 11.389 11.710 12.008 12.282 12.534 12.764 12.970 13.153 13.313 13.451 13.566 13.592 13.594 13.576 13.538 13.480 13.420 13.361 13.287 13.197 13.091 12.969 12.907 13.507 14.100 14.685 15.264 15.835 16.399 16.956 17.506 18.049 18.585 19.113 19.749 20.658 21.599 22.572 23.578 24.615 25.685 26.786 27.920 29.086 30.284 31.514 31.517 30.355 29.178 27.986 26.780 25.558 24.322 23.070 21.804 20.523 19.227 17.916 16.909 15.990 15.039 14.057 13.043 11.996 10.918 9.809 8.667 7.494 6.288 5.175
10.648 10.787 10.923 11.158 11.423 11.665 11.884 12.080 12.253 12.403 12.531 12.636 12.717 12.776 12.812 12.778 12.711 12.625 12.519 12.393 12.264 12.137 11.993 11.834 11.659 11.468 11.262 11.812 12.374 12.928 13.476 14.016 14.549 15.075 15.594 16.106 16.611 17.108 17.702 18.752 19.835 20.949 22.096 23.275 24.485 25.728 27.003 28.311 29.650 31.021 31.366 30.138 28.896 27.639 26.366 25.079 23.777 22.460 21.128 19.781 18.420 17.043 15.874 14.816 13.808 13.004 12.169 11.302 10.405 9.475 8.515 7.523 6.500 5.445
10.869 10.998 11.125 11.292 11.478 11.641 11.781 11.899 11.993 12.065 12.114 12.140 12.143 12.123 12.080 11.982 11.847 11.693 11.519 11.324 11.127 10.931 10.718 10.490 10.246 9.987 9.712 10.126 10.657 11.181 11.697 12.207 12.709 13.204 13.692 14.173 14.647 15.114 15.622 16.813 18.037 19.293 20.581 21.901 23.253 24.637 26.053 27.502 28.982 30.495 31.231 29.938 28.630 27.307 25.969 24.632 23.415 22.245 21.122 20.047 19.018 18.037 17.137 16.258 15.347 14.406 13.433 12.429 11.393 10.327 9.228 8.099 6.938 5.746
11.091 11.211 11.328 11.447 11.554 11.638 11.700 11.739 11.755 11.748 11.718 11.665 11.590 11.491 11.370 11.205 11.003 10.780 10.537 10.275 10.010 9.744 9.463 9.166 8.853 8.525 8.180 8.450 8.950 9.443 9.929 10.407 10.879 11.343 11.800 12.250 12.693 13.129 13.557 14.842 16.207 17.604 19.033 20.494 21.988 23.513 25.071 26.659 28.245 29.830 30.937 29.691 28.491 27.339 26.234 25.176 24.165 23.201 22.285 21.415 20.593 19.818 18.981 17.965 16.917 15.838 14.727 13.586 12.413 11.208 9.973 8.706 7.408 6.078
11.316 11.427 11.534 11.623 11.651 11.657 11.640 11.600 11.537 11.452 11.343 11.212 11.058 10.881 10.682 10.448 10.177 9.886 9.575 9.245 8.911 8.576 8.226 7.860 7.479 7.081 6.669 6.784 7.253 7.715 8.170 8.617 9.058 9.491 9.918 10.337 10.749 11.154 11.687 13.096 14.688 16.279 17.868 19.456 21.042 22.627 24.210 25.792 27.372 28.951 30.401 29.360 28.367 27.421 26.522 25.670 24.865 24.108 23.397 22.734 22.118 21.549 20.856 19.702 18.516 17.300 16.052 14.773 13.462 12.120 10.747 9.343 7.908 6.441
11.544 11.645 11.743 11.820 11.770 11.697 11.601 11.483 11.341 11.177 10.990 10.781 10.548 10.293 10.014 9.709 9.370 9.011 8.632 8.234 7.831 7.428 7.009 6.574 6.124 5.658 5.176 5.128 5.566 6.141 6.739 7.322 7.892 8.448 8.990 9.519 10.033 10.534 11.021 12.279 13.865 15.450 17.033 18.615 20.196 21.774 23.352 24.928 26.502 28.075 29.647 28.981 28.194 27.454 26.761 26.115 25.517 24.965 24.461 24.003 23.593 23.230 22.760 21.468 20.146 18.792 17.406 15.990 14.542 13.063 11.553 10.011 8.438 6.834
11.773 11.865 11.953 12.038 11.909 11.758 11.583 11.386 11.167 10.924 10.659 10.370 10.059 9.726 9.369 8.988 8.581 8.155 7.708 7.241 6.842 6.495 6.158 5.830 5.512 5.204 4.906 4.919 5.484 6.035 6.572 7.095 7.604 8.100 8.582 9.050 9.504 9.944 10.370 11.464 13.045 14.624 16.201 17.777 19.351 20.924 22.496 24.066 25.634 27.201 28.767 28.553 27.972 27.438 26.951 26.512 26.119 25.773 25.475 25.223 25.019 24.862 24.694 23.265 21.805 20.314 18.791 17.237 15.652 14.036 12.388 10.709 8.999 7.258
