DATA/SHG/ECMWF/20170628/EN-46/20170704.en-46.asc
ncols        190
nrows        64
xllcorner    -5100000.000000000000
yllcorner    4130000.000000000000
cellsize     10000.000000000000
NODATA_value  -99999.000
[rows 0 to 31 of 64, columns 0 to 71 of 190]
7.375 7.489 7.597 7.699 7.796 7.888 7.974 8.055 8.131 7.941 7.655 7.356 7.044 6.718 6.378 6.025 5.659 5.279 4.885 4.499 4.125 3.964 3.906 3.859 3.821 3.793 3.775 3.766 3.768 3.780 3.801 3.833 3.874 4.134 4.503 4.840 5.142 5.412 5.647 5.850 6.019 6.154 6.256 6.325 6.360 6.272 6.118 5.988 5.884 5.804 5.750 5.720 5.716 5.736 5.781 5.852 5.947 5.980 5.903 5.809 5.696 5.565 5.415 5.248 5.063 4.859 4.638 4.398 4.141 3.983 4.017 4.059
8.060 8.154 8.243 8.326 8.404 8.477 8.544 8.605 8.662 8.486 8.153 7.806 7.391 6.984 6.586 6.199 5.821 5.453 5.094 4.745 4.407 4.236 4.214 4.201 4.198 4.204 4.221 4.248 4.284 4.331 4.387 4.453 4.529 4.702 4.954 5.172 5.357 5.509 5.627 5.712 5.763 5.781 5.765 5.716 5.634 5.534 5.468 5.426 5.410 5.418 5.451 5.510 5.593 5.701 5.834 5.992 6.175 6.273 6.132 5.974 5.797 5.603 5.390 5.159 4.910 4.644 4.359 4.056 3.734 3.495 3.554 3.620
8.750 8.825 8.895 8.959 8.998 8.954 8.904 8.848 8.787 8.564 8.162 7.770 7.387 7.014 6.651 6.298 5.954 5.620 5.296 4.982 4.677 4.498 4.510 4.532 4.564 4.605 4.657 4.718 4.789 4.871 4.962 5.063 5.173 5.304 5.438 5.539 5.606 5.640 5.640 5.608 5.541 5.441 5.308 5.142 4.942 4.772 4.794 4.840 4.911 5.008 5.129 5.275 5.446 5.642 5.863 6.108 6.379 6.583 6.379 6.157 5.917 5.659 5.382 5.088 4.776 4.445 4.097 3.731 3.435 3.202 3.371 3.532
9.115 9.073 9.026 8.973 8.914 8.850 8.780 8.704 8.622 8.447 8.079 7.721 7.373 7.035 6.706 6.387 6.077 5.778 5.488 5.207 4.937 4.748 4.795 4.852 4.918 4.995 5.081 5.177 5.283 5.399 5.525 5.661 5.806 5.940 5.956 5.939 5.889 5.805 5.688 5.538 5.354 5.137 4.886 4.602 4.285 3.986 4.096 4.230 4.389 4.573 4.782 5.015 5.274 5.558 5.866 6.200 6.558 6.910 6.642 6.357 6.054 5.757 5.462 5.169 4.879 4.592 4.307 4.024 3.745 3.467 3.604 3.741
9.118 9.056 8.989 8.916 8.837 8.752 8.661 8.565 8.464 8.320 7.987 7.663 7.349 7.044 6.750 6.465 6.190 5.924 5.669 5.423 5.186 4.988 5.070 5.161 5.263 5.374 5.495 5.626 5.766 5.917 6.078 6.248 6.428 6.609 6.507 6.373 6.205 6.004 5.769 5.502 5.200 4.866 4.498 4.097 3.663 3.195 3.374 3.596 3.842 4.114 4.410 4.732 5.078 5.466 5.907 6.329 6.730 7.113 6.876 6.582 6.291 6.002 5.715 5.432 5.151 4.872 4.596 4.322 4.051 3.783 3.844 3.956
9.128 9.046 8.958 8.864 8.765 8.660 8.550 8.434 8.312 8.183 7.883 7.594 7.314 7.044 6.784 6.533 6.292 6.061 5.839 5.627 5.425 5.232 5.334 5.460 5.596 5.742 5.897 6.063 6.238 6.424 6.619 6.824 7.039 7.264 7.092 6.840 6.555 6.237 5.885 5.500 5.081 4.630 4.145 3.626 3.075 2.490 2.720 3.229 3.718 4.188 4.638 5.069 5.481 5.873 6.246 6.599 6.932 7.247 7.092 6.807 6.524 6.244 5.967 5.692 5.419 5.149 4.882 4.617 4.355 4.095 4.089 4.177
9.144 9.041 8.933 8.820 8.700 8.575 8.445 8.308 8.166 8.018 7.770 7.515 7.269 7.033 6.807 6.590 6.384 6.186 5.999 5.821 5.653 5.495 5.586 5.747 5.918 6.099 6.289 6.489 6.699 6.919 7.149 7.389 7.638 7.898 7.710 7.341 6.939 6.503 6.034 5.543 5.085 4.666 4.286 3.945 3.643 3.380 3.624 4.064 4.485 4.886 5.268 5.631 5.974 6.298 6.603 6.887 7.153 7.399 7.305 7.029 6.755 6.484 6.215 5.949 5.685 5.424 5.165 4.909 4.656 4.404 4.341 4.404
9.166 9.043 8.915 8.781 8.642 8.497 8.346 8.189 8.027 7.859 7.646 7.425 7.214 7.012 6.820 6.637 6.465 6.302 6.148 6.005 5.871 5.746 5.829 6.024 6.229 6.445 6.670 6.905 7.149 7.404 7.668 7.943 8.096 8.200 7.908 7.392 6.915 6.477 6.078 5.718 5.397 5.114 4.871 4.667 4.501 4.375 4.545 4.917 5.270 5.603 5.917 6.211 6.486 6.742 6.978 7.195 7.392 7.570 7.516 7.248 6.983 6.721 6.461 6.203 5.948 5.696 5.446 5.198 4.954 4.711 4.599 4.638
9.194 9.052 8.903 8.749 8.590 8.424 8.253 8.077 7.894 7.706 7.513 7.326 7.148 6.980 6.822 6.674 6.536 6.407 6.287 6.178 6.078 5.987 6.060 6.290 6.530 6.678 6.810 6.935 7.051 7.160 7.260 7.351 7.435 7.510 7.359 6.980 6.640 6.339 6.076 5.853 5.668 5.523 5.416 5.348 5.319 5.329 5.484 5.788 6.072 6.338 6.583 6.809 7.016 7.204 7.372 7.521 7.650 7.760 7.724 7.465 7.209 6.955 6.704 6.455 6.209 5.965 5.724 5.485 5.249 5.015 4.864 4.878
9.229 9.066 8.898 8.724 8.544 8.359 8.167 7.971 7.768 7.560 7.369 7.216 7.072 6.939 6.815 6.701 6.596 6.492 6.333 6.181 6.037 5.901 5.866 5.995 6.115 6.227 6.331 6.427 6.515 6.594 6.665 6.728 6.783 6.829 6.771 6.529 6.325 6.161 6.035 5.948 5.900 5.891 5.920 5.989 6.097 6.243 6.441 6.677 6.893 7.090 7.268 7.426 7.565 7.684 7.784 7.865 7.926 7.968 7.929 7.679 7.432 7.186 6.944 6.704 6.466 6.231 5.999 5.769 5.541 5.317 5.134 5.124
9.270 9.087 8.899 8.704 8.505 8.299 8.088 7.871 7.648 7.420 7.193 7.008 6.830 6.660 6.497 6.342 6.194 6.054 5.922 5.797 5.679 5.570 5.511 5.611 5.703 5.786 5.861 5.928 5.987 6.038 6.080 6.114 6.140 6.158 6.144 6.038 5.971 5.943 5.954 6.004 6.092 6.219 6.385 6.590 6.834 7.117 7.417 7.584 7.732 7.861 7.971 8.061 8.132 8.183 8.215 8.228 8.221 8.195 8.132 7.890 7.652 7.415 7.181 6.950 6.721 6.495 6.271 6.050 5.831 5.615 5.411 5.376
9.317 9.114 8.906 8.646 8.344 8.043 7.743 7.443 7.144 6.845 6.561 6.402 6.251 6.108 5.972 5.843 5.722 5.609 5.503 5.405 5.314 5.231 5.166 5.237 5.300 5.354 5.401 5.439 5.469 5.491 5.504 5.510 5.507 5.496 5.478 5.509 5.578 5.686 5.834 6.020 6.244 6.508 6.810 7.151 7.531 7.950 8.407 8.509 8.589 8.650 8.692 8.714 8.717 8.700 8.664 8.609 8.534 8.440 8.327 8.099 7.869 7.641 7.416 7.194 6.974 6.756 6.541 6.342 6.163 5.998 5.847 5.853
8.916 8.614 8.314 8.014 7.714 7.415 7.117 6.819 6.522 6.225 5.929 5.790 5.665 5.549 5.439 5.337 5.243 5.156 5.077 5.006 4.942 4.885 4.836 4.872 4.906 4.932 4.949 4.959 4.960 4.953 4.938 4.915 4.883 4.844 4.796 4.940 5.146 5.391 5.674 5.996 6.357 6.757 7.195 7.672 8.188 8.743 9.337 9.452 9.464 9.457 9.431 9.385 9.320 9.235 9.132 9.009 8.866 8.704 8.523 8.305 8.073 7.847 7.635 7.436 7.251 7.079 6.921 6.776 6.645 6.527 6.422 6.443
8.277 7.978 7.680 7.382 7.084 6.787 6.491 6.195 5.900 5.606 5.312 5.170 5.072 4.982 4.899 4.824 4.757 4.697 4.644 4.599 4.562 4.532 4.510 4.516 4.521 4.518 4.507 4.488 4.460 4.425 4.381 4.329 4.269 4.201 4.124 4.333 4.675 5.055 5.475 5.933 6.430 6.966 7.540 8.154 8.805 9.496 10.226 10.413 10.357 10.282 10.188 10.074 9.941 9.665 9.389 9.139 8.915 8.717 8.545 8.357 8.165 7.987 7.822 7.670 7.532 7.407 7.295 7.198 7.113 7.042 6.984 7.024
7.640 7.343 7.046 6.750 6.455 6.160 5.866 5.572 5.279 4.986 4.694 4.543 4.472 4.408 4.352 4.304 4.263 4.229 4.204 4.185 4.174 4.171 4.176 4.169 4.145 4.114 4.074 4.026 3.970 3.906 3.833 3.753 3.664 3.567 3.462 3.686 4.164 4.681 5.237 5.831 6.464 7.135 7.846 8.595 9.383 10.209 10.791 10.823 10.482 10.167 9.878 9.616 9.379 9.168 8.983 8.824 8.691 8.584 8.503 8.390 8.245 8.113 7.995 7.890 7.799 7.721 7.657 7.605 7.568 7.544 7.533 7.595
7.002 6.707 6.413 6.119 5.825 5.533 5.241 4.949 4.658 4.368 4.078 3.909 3.864 3.827 3.798 3.776 3.762 3.755 3.756 3.764 3.780 3.803 3.834 3.831 3.779 3.719 3.650 3.574 3.489 3.396 3.295 3.186 3.068 2.942 2.809 3.001 3.615 4.268 4.954 5.610 6.245 6.859 7.450 8.019 8.566 9.092 9.596 9.754 9.504 9.280 9.083 8.911 8.765 8.645 8.551 8.483 8.442 8.426 8.436 8.410 8.312 8.227 8.156 8.098 8.053 8.022 8.004 8.000 8.009 8.032 8.068 8.156
6.365 6.072 5.780 5.488 5.197 4.906 4.616 4.326 4.037 3.749 3.461 3.267 3.249 3.239 3.236 3.241 3.253 3.273 3.300 3.335 3.377 3.427 3.485 3.502 3.421 3.333 3.235 3.130 3.017 2.895 2.766 2.643 2.553 2.463 2.374 2.520 3.166 3.791 4.393 4.973 5.532 6.069 6.583 7.076 7.547 7.996 8.424 8.660 8.501 8.369 8.262 8.181 8.126 8.098 8.095 8.118 8.167 8.242 8.343 8.416 8.365 8.327 8.303 8.292 8.294 8.310 8.339 8.381 8.437 8.506 8.589 8.708
5.728 5.438 5.147 4.857 4.568 4.280 3.992 3.704 3.417 3.131 2.845 2.618 2.627 2.643 2.667 2.698 2.737 2.784 2.837 2.899 2.968 3.044 3.128 3.182 3.082 2.989 2.898 2.806 2.716 2.626 2.536 2.447 2.359 2.271 2.184 2.212 2.782 3.329 3.855 4.359 4.841 5.302 5.740 6.157 6.551 6.924 7.275 7.542 7.474 7.433 7.417 7.427 7.463 7.526 7.614 7.728 7.868 8.034 8.226 8.410 8.406 8.415 8.437 8.473 8.522 8.584 8.660 8.749 8.852 8.968 9.097 9.249
5.092 4.803 4.515 4.227 3.940 3.654 3.368 3.082 2.797 2.513 2.229 1.963 1.998 2.041 2.091 2.149 2.214 2.327 2.457 2.578 2.690 2.792 2.885 2.962 2.871 2.781 2.691 2.602 2.513 2.426 2.338 2.251 2.165 2.080 1.995 1.926 2.419 2.891 3.340 3.768 4.174 4.558 4.920 5.260 5.578 5.875 6.150 6.399 6.423 6.472 6.547 6.648 6.776 6.929 7.108 7.313 7.543 7.800 8.083 8.391 8.433 8.489 8.558 8.640 8.736 8.845 8.968 9.104 9.253 9.416 9.592 9.781
4.456 4.169 3.883 3.597 3.312 3.028 2.744 2.461 2.178 1.896 1.706 1.539 1.661 1.804 1.939 2.064 2.180 2.287 2.385 2.473 2.552 2.622 2.683 2.735 2.660 2.572 2.484 2.397 2.311 2.225 2.140 2.055 1.971 1.887 1.805 1.722 2.080 2.475 2.848 3.200 3.529 3.837 4.123 4.387 4.629 4.849 5.048 5.225 5.347 5.487 5.653 5.845 6.063 6.307 6.577 6.872 7.194 7.542 7.915 8.314 8.448 8.550 8.666 8.795 8.937 9.093 9.263 9.445 9.641 9.850 10.073 10.309
3.820 3.536 3.252 3.074 2.898 2.726 2.556 2.388 2.222 2.059 1.899 1.741 1.791 1.903 2.005 2.098 2.182 2.256 2.322 2.378 2.425 2.463 2.491 2.510 2.449 2.363 2.277 2.192 2.108 2.024 1.941 1.859 1.776 1.695 1.614 1.534 1.763 2.082 2.379 2.654 2.908 3.139 3.349 3.537 3.703 3.847 3.969 4.070 4.246 4.477 4.734 5.017 5.326 5.660 6.021 6.407 6.820 7.258 7.722 8.212 8.449 8.598 8.761 8.936 9.126 9.328 9.544 9.732 9.848 9.948 10.031 10.098
3.719 3.545 3.374 3.205 3.038 2.874 2.712 2.552 2.395 2.241 2.089 1.939 1.932 2.011 2.081 2.142 2.193 2.236 2.269 2.293 2.307 2.313 2.309 2.296 2.238 2.154 2.070 1.987 1.905 1.823 1.742 1.662 1.582 1.502 1.424 1.345 1.469 1.712 1.933 2.132 2.309 2.464 2.598 2.709 2.799 2.868 2.914 2.938 3.122 3.443 3.791 4.165 4.564 4.989 5.440 5.918 6.420 6.949 7.504 8.084 8.437 8.610 8.767 8.907 9.031 9.139 9.231 9.306 9.366 9.409 9.436 9.447
3.822 3.656 3.493 3.333 3.174 3.019 2.865 2.714 2.566 2.420 2.276 2.135 2.082 2.129 2.167 2.195 2.215 2.225 2.225 2.217 2.200 2.173 2.137 2.092 2.026 1.944 1.863 1.782 1.702 1.622 1.543 1.464 1.387 1.309 1.233 1.157 1.198 1.364 1.509 1.632 1.733 1.812 1.870 1.905 1.919 1.911 1.882 1.830 1.973 2.385 2.823 3.288 3.778 4.354 4.970 5.585 6.199 6.811 7.423 8.033 8.422 8.539 8.639 8.723 8.790 8.842 8.877 8.897 8.900 8.887 8.857 8.812
3.922 3.765 3.610 3.458 3.308 3.161 3.016 2.873 2.733 2.596 2.461 2.328 2.243 2.257 2.262 2.259 2.246 2.223 2.192 2.151 2.102 2.043 1.975 1.897 1.814 1.734 1.655 1.576 1.498 1.420 1.343 1.267 1.191 1.116 1.041 0.967 0.949 1.039 1.108 1.155 1.180 1.183 1.165 1.124 1.062 0.978 0.987 1.031 1.255 1.873 2.490 3.106 3.721 4.334 4.947 5.557 6.167 6.776 7.383 7.989 8.423 8.483 8.527 8.554 8.566 8.561 8.540 8.503 8.450 8.380 8.294 8.193
4.019 3.870 3.724 3.581 3.439 3.300 3.164 3.030 2.898 2.769 2.642 2.518 2.412 2.394 2.368 2.332 2.286 2.232 2.168 2.096 2.014 1.923 1.822 1.713 1.601 1.524 1.446 1.370 1.294 1.218 1.143 1.069 0.995 0.922 0.850 0.778 0.723 0.737 0.730 0.770 0.817 0.863 0.908 0.952 0.995 1.036 1.077 1.117 1.257 1.871 2.484 3.096 3.707 4.316 4.924 5.531 6.137 6.741 7.345 7.947 8.440 8.443 8.430 8.402 8.357 8.296 8.218 8.125 8.015 7.890 7.748 7.590
4.114 3.973 3.836 3.700 3.567 3.437 3.309 3.183 3.060 2.939 2.821 2.705 2.591 2.542 2.483 2.414 2.337 2.250 2.155 2.050 1.936 1.813 1.680 1.539 1.389 1.313 1.238 1.163 1.089 1.016 0.943 0.872 0.862 0.845 0.820 0.787 0.749 0.796 0.841 0.886 0.929 0.972 1.013 1.053 1.093 1.131 1.168 1.204 1.260 1.870 2.479 3.087 3.694 4.299 4.903 5.506 6.108 6.708 7.307 7.905 8.472 8.419 8.350 8.265 8.164 8.046 7.913 7.763 7.597 7.415 7.217 7.003
4.210 4.073 3.944 3.817 3.693 3.571 3.451 3.334 3.219 3.107 2.997 2.889 2.784 2.698 2.607 2.507 2.397 2.279 2.151 2.014 1.868 1.712 1.548 1.374 1.207 1.208 1.217 1.219 1.213 1.199 1.178 1.149 1.113 1.069 1.017 0.958 0.891 0.920 0.962 1.003 1.043 1.081 1.119 1.156 1.192 1.226 1.260 1.293 1.324 1.870 2.475 3.079 3.681 4.283 4.883 5.482 6.079 6.676 7.271 7.865 8.458 8.410 8.285 8.144 7.986 7.813 7.623 7.417 7.195 6.957 6.703 6.432
4.298 4.171 4.050 3.932 3.815 3.702 3.591 3.482 3.376 3.272 3.170 3.071 2.974 2.865 2.741 2.609 2.467 2.348 2.289 2.219 2.137 2.044 1.940 1.825 1.698 1.653 1.635 1.610 1.577 1.537 1.489 1.434 1.371 1.300 1.222 1.136 1.042 1.045 1.083 1.121 1.157 1.192 1.226 1.259 1.292 1.323 1.353 1.382 1.410 1.871 2.472 3.072 3.670 4.268 4.864 5.458 6.052 6.645 7.236 7.826 8.415 8.417 8.236 8.038 7.825 7.595 7.349 7.087 6.809 6.514 6.204 5.878
4.378 4.265 4.153 4.043 3.935 3.830 3.727 3.627 3.529 3.434 3.392 3.409 3.427 3.410 3.356 3.291 3.215 3.127 3.029 2.919 2.798 2.665 2.522 2.367 2.201 2.104 2.060 2.008 1.949 1.882 1.808 1.726 1.636 1.539 1.434 1.321 1.201 1.171 1.206 1.239 1.272 1.304 1.334 1.364 1.392 1.420 1.446 1.472 1.496 1.874 2.470 3.066 3.660 4.254 4.846 5.436 6.026 6.614 7.202 7.788 8.372 8.440 8.202 7.949 7.679 7.393 7.091 6.773 6.438 6.088 5.722 5.339
4.449 4.357 4.253 4.226 4.245 4.262 4.280 4.298 4.315 4.332 4.349 4.365 4.382 4.357 4.264 4.160 4.044 3.917 3.779 3.630 3.469 3.297 3.114 2.920 2.715 2.564 2.493 2.414 2.328 2.235 2.134 2.025 1.909 1.785 1.653 1.514 1.367 1.298 1.329 1.359 1.388 1.416 1.443 1.469 1.494 1.518 1.541 1.563 1.583 1.877 2.469 3.061 3.651 4.241 4.829 5.415 6.001 6.585 7.168 7.750 8.331 8.478 8.185 7.875 7.549 7.207 6.848 6.474 6.127 5.873 5.664 5.501
5.221 5.154 5.171 5.189 5.206 5.223 5.240 5.256 5.272 5.289 5.304 5.320 5.336 5.316 5.183 5.039 4.884 4.718 4.540 4.352 4.152 3.940 3.718 3.484 3.240 3.030 2.933 2.828 2.715 2.595 2.467 2.332 2.189 2.038 1.880 1.715 1.542 1.426 1.453 1.480 1.505 1.529 1.553 1.575 1.597 1.617 1.636 1.654 1.672 1.881 2.470 3.057 3.643 4.229 4.813 5.395 5.977 6.557 7.136 7.714 8.291 8.480 8.068 7.701 7.378 7.101 6.869 6.682 6.540 6.443 6.391 6.383
6.395 6.117 6.133 6.150 6.166 6.182 6.198 6.214 6.229 6.244 6.259 6.274 6.288 6.285 6.113 5.930 5.735 5.530 5.313 5.084 4.845 4.595 4.333 4.060 3.776 3.504 3.380 3.248 3.109 2.962 2.808 2.646 2.477 2.300 2.115 1.923 1.723 1.554 1.578 1.601 1.623 1.644 1.663 1.682 1.700 1.717 1.732 1.747 1.761 1.886 2.471 3.054 3.637 4.218 4.826 5.414 5.951 6.438 6.874 7.260 7.595 7.754 7.498 7.287 7.122 7.001 6.926 6.895 6.909 6.969 7.073 7.222
