DATA/SHG/ECMWF/20170628/EN-46/20170702.en-46.asc
ncols        190
nrows        64
xllcorner    -5100000.000000000000
yllcorner    4130000.000000000000
cellsize     10000.000000000000
NODATA_value  -99999.000
[rows 32 to 63 of 64, columns 0 to 73 of 190]
4.689 4.331 4.249 4.179 4.095 3.995 3.881 3.751 3.606 3.446 3.271 3.081 2.876 2.656 2.676 2.693 2.693 2.676 2.642 2.590 2.521 2.435 2.332 2.211 2.073 1.918 1.962 2.017 2.081 2.153 2.233 2.322 2.420 2.526 2.640 2.763 2.894 3.028 2.884 2.732 2.570 2.399 2.218 2.029 1.830 1.621 1.404 1.293 1.241 1.206 1.279 1.332 1.364 1.376 1.367 1.337 1.288 1.217 1.127 1.015 0.884 0.747 0.760 0.780 0.808 0.844 0.887 0.937 0.996 1.061 1.135 1.216 1.304 1.383
5.679 5.286 5.106 4.984 4.846 4.694 4.526 4.344 4.146 3.933 3.705 3.462 3.204 2.931 2.852 2.809 2.749 2.671 2.577 2.465 2.336 2.190 2.026 1.845 1.647 1.432 1.460 1.545 1.638 1.740 1.850 1.968 2.095 2.231 2.374 2.527 2.687 2.856 2.723 2.538 2.423 2.336 2.259 2.191 2.134 2.087 2.050 2.023 2.006 1.999 1.999 1.981 1.941 1.881 1.801 1.701 1.580 1.438 1.276 1.094 0.891 0.667 0.695 0.742 0.796 0.858 0.927 1.004 1.089 1.181 1.280 1.388 1.503 1.625
6.678 6.250 5.979 5.804 5.613 5.408 5.187 4.952 4.701 4.436 4.155 3.859 3.548 3.222 3.046 2.943 2.822 2.685 2.530 2.358 2.169 1.962 1.739 1.498 1.240 0.965 0.950 1.064 1.187 1.318 1.458 1.606 1.762 2.270 2.679 2.956 3.100 3.111 3.032 2.959 2.897 2.844 2.802 2.770 2.747 2.735 2.733 2.741 2.759 2.787 2.739 2.648 2.538 2.407 2.255 2.084 1.891 1.679 1.445 1.192 0.918 0.623 0.622 0.695 0.776 0.864 0.960 1.063 1.174 1.293 1.419 1.552 1.693 1.842
7.688 7.224 6.867 6.639 6.396 6.137 5.864 5.576 5.272 4.954 4.620 4.272 3.908 3.529 3.258 3.095 2.914 2.716 2.502 2.270 2.020 1.754 1.470 1.169 0.851 0.553 1.345 2.221 2.963 3.574 4.051 4.396 4.607 4.687 4.633 4.446 4.127 3.675 3.425 3.387 3.359 3.342 3.334 3.337 3.350 3.372 3.405 3.448 3.501 3.564 3.497 3.336 3.154 2.952 2.729 2.486 2.223 1.939 1.634 1.310 0.964 0.599 0.543 0.642 0.749 0.863 0.986 1.115 1.252 1.397 1.549 1.709 1.877 2.052
8.707 8.208 7.771 7.490 7.194 6.883 6.556 6.215 5.859 5.488 5.101 4.700 4.283 3.852 3.488 3.265 3.024 2.767 2.555 2.718 3.007 3.421 3.960 4.624 5.413 6.327 7.139 7.551 7.830 7.977 7.991 7.872 7.621 7.237 6.720 6.071 5.289 4.374 3.807 3.804 3.811 3.829 3.856 3.894 3.941 3.999 4.067 4.144 4.232 4.330 4.275 4.043 3.790 3.516 3.222 2.908 2.574 2.219 1.843 1.447 1.031 0.594 0.456 0.581 0.715 0.855 1.004 1.160 1.323 1.494 1.673 1.859 2.053 2.254
9.736 9.202 8.690 8.356 8.007 7.643 7.264 6.870 6.461 6.037 5.598 5.141 4.696 4.288 3.992 4.092 4.316 4.666 5.140 5.740 6.464 7.314 8.288 9.387 10.612 11.961 13.064 13.013 12.829 12.512 12.063 11.482 10.768 9.921 8.941 7.829 6.585 5.208 4.178 4.210 4.252 4.305 4.367 4.439 4.522 4.615 4.717 4.830 4.952 5.085 5.072 4.769 4.444 4.100 3.735 3.350 2.944 2.518 2.072 1.605 1.117 0.610 0.362 0.514 0.673 0.840 1.015 1.197 1.387 1.584 1.789 2.001 2.221 2.449
10.775 10.206 9.627 9.238 8.750 8.174 7.635 7.133 6.669 6.242 5.852 5.500 5.185 4.907 4.698 5.234 5.894 6.679 7.589 8.624 9.784 11.069 12.479 14.013 15.673 17.457 19.120 18.606 17.959 17.180 16.268 15.224 14.047 12.738 11.296 9.722 8.015 6.176 4.538 4.605 4.683 4.770 4.867 4.974 5.092 5.219 5.357 5.504 5.662 5.829 5.889 5.514 5.119 4.703 4.267 3.811 3.334 2.837 2.320 1.782 1.224 0.645 0.260 0.438 0.624 0.818 1.019 1.227 1.443 1.667 2.172 2.898 3.666 4.475
10.901 10.058 9.212 8.640 8.157 7.711 7.302 6.931 6.597 6.300 6.040 5.818 5.633 5.486 5.376 6.241 7.337 8.557 9.903 11.373 12.968 14.688 16.532 18.502 20.596 22.815 25.159 24.330 23.221 21.979 20.605 19.098 17.459 15.688 13.784 11.748 9.579 7.279 4.888 4.990 5.102 5.224 5.356 5.499 5.651 5.813 5.985 6.168 6.360 6.563 6.725 6.279 5.812 5.326 4.819 4.292 3.744 3.176 2.587 1.979 1.350 0.700 0.152 0.583 1.161 1.781 2.443 3.146 3.892 4.678 5.507 6.378 7.290 8.244
10.113 9.263 8.412 7.877 7.524 7.208 6.930 6.688 6.484 6.318 6.188 6.096 6.041 6.024 6.043 7.113 8.644 10.299 12.080 13.985 16.015 18.169 20.449 22.853 25.382 28.035 30.813 30.185 28.613 26.910 25.073 23.105 21.004 18.771 16.405 13.908 11.278 8.515 5.621 5.364 5.511 5.668 5.835 6.012 6.199 6.396 6.603 6.820 7.048 7.285 7.532 7.063 6.526 5.968 5.390 4.792 4.208 3.695 3.251 2.878 2.575 2.343 2.182 2.863 3.586 4.350 5.156 6.004 6.894 7.825 8.798 9.813 10.870 11.968
9.329 8.473 7.614 7.074 6.851 6.665 6.517 6.406 6.332 6.295 6.295 6.333 6.408 6.521 6.670 7.850 9.816 11.906 14.121 16.461 18.926 21.515 24.228 27.067 30.029 33.117 36.329 36.171 34.138 31.972 29.674 27.244 24.681 21.987 19.160 16.201 13.110 9.886 6.531 5.727 5.909 6.101 6.303 6.514 6.736 6.968 7.210 7.462 7.724 7.821 7.874 7.337 6.717 6.166 5.686 5.275 4.935 4.665 4.465 4.335 4.275 4.286 4.366 5.099 5.967 6.876 7.826 8.819 9.853 10.928 12.046 13.205 14.406 15.648
8.548 7.685 6.820 6.231 6.138 6.083 6.064 6.083 6.139 6.232 6.362 6.530 6.735 6.977 7.256 8.452 10.853 13.378 16.027 18.801 21.700 24.723 27.871 31.143 34.540 38.061 41.707 42.288 39.793 37.166 34.406 31.515 28.491 25.335 22.048 18.628 15.076 11.392 7.575 6.080 6.296 6.523 6.639 6.735 6.819 6.890 6.949 6.996 7.031 7.054 7.064 6.779 6.401 6.094 5.857 5.690 5.593 5.566 5.609 5.722 5.905 6.159 6.482 7.293 8.305 9.358 10.453 11.590 12.768 13.988 15.250 16.553 17.898 19.285
7.771 6.901 6.029 5.349 5.386 5.460 5.571 5.720 5.906 6.129 6.389 6.686 7.021 7.393 7.802 8.920 11.755 14.714 17.798 21.006 24.338 27.795 31.377 35.083 38.913 42.868 46.947 48.535 45.579 42.491 39.270 35.918 32.433 28.817 25.052 20.623 16.322 12.148 8.102 5.946 6.036 6.114 6.180 6.234 6.275 6.304 6.321 6.326 6.319 6.300 6.268 6.152 6.017 5.953 5.959 6.035 6.181 6.397 6.683 7.039 7.465 7.961 8.527 9.443 10.599 11.797 13.036 14.317 15.640 17.004 18.410 19.857 21.346 22.877
6.997 6.120 5.241 4.427 4.594 4.798 5.039 5.317 5.633 5.985 6.375 6.802 7.266 7.768 8.306 9.254 12.523 15.916 19.433 23.075 26.841 30.731 34.746 38.886 43.149 47.537 52.050 54.715 49.836 45.084 40.460 35.964 31.595 27.353 23.239 19.252 15.394 11.662 8.058 5.626 5.674 5.710 5.733 5.745 5.744 5.731 5.706 5.669 5.620 5.559 5.485 5.456 5.565 5.744 5.992 6.311 6.700 7.159 7.688 8.286 8.955 9.694 10.502 11.551 12.851 14.193 15.576 17.001 18.468 19.976 21.526 23.117 24.751 26.425
6.226 5.342 4.457 3.570 3.762 4.095 4.466 4.874 5.319 5.802 6.321 6.878 7.471 8.102 8.771 9.476 13.156 16.982 20.933 25.008 29.032 32.432 35.707 38.857 41.881 44.780 47.554 49.676 45.240 40.931 36.749 32.695 28.769 24.970 21.298 17.754 14.337 11.048 7.886 5.319 5.325 5.318 5.300 5.269 5.226 5.171 5.104 5.025 4.934 4.830 4.715 4.692 5.044 5.465 5.957 6.518 7.150 7.851 8.623 9.464 10.375 11.356 12.407 13.615 15.060 16.546 18.073 19.642 21.253 22.905 24.599 26.334 28.111 29.930
5.458 4.568 3.676 2.782 2.890 3.353 3.854 4.391 4.966 5.578 6.227 6.913 7.636 8.372 9.051 9.697 12.812 16.278 19.620 22.836 25.927 28.893 31.734 34.450 37.040 39.506 41.846 44.061 40.518 36.652 32.912 29.301 25.816 22.459 19.230 16.128 13.153 10.305 7.585 5.024 4.988 4.939 4.879 4.806 4.721 4.624 4.515 4.394 4.261 4.115 3.958 3.860 4.454 5.118 5.853 6.657 7.531 8.475 9.488 10.572 11.726 12.949 14.242 15.637 17.225 18.855 20.527 22.240 23.994 25.790 27.628 29.507 31.428 33.390
4.694 3.797 2.898 1.998 1.979 2.572 3.282 4.078 4.840 5.569 6.266 6.929 7.559 8.156 8.720 9.251 11.578 14.611 17.518 20.301 22.958 25.490 27.897 30.179 32.336 34.368 36.275 38.056 35.670 32.246 28.949 25.780 22.737 19.822 17.034 14.374 11.840 9.434 7.156 5.004 4.664 4.573 4.471 4.356 4.229 4.090 3.939 3.776 3.601 3.413 3.214 3.002 3.796 4.703 5.679 6.726 7.842 9.029 10.285 11.610 13.006 14.472 16.007 17.616 19.348 21.122 22.937 24.794 26.693 28.633 30.614 32.637 34.677 35.944
4.226 3.570 2.959 2.393 2.446 3.192 3.906 4.586 5.234 5.848 6.430 6.978 7.493 7.975 8.424 8.840 10.478 13.077 15.551 17.900 20.123 22.222 24.196 26.045 27.768 29.367 30.841 32.189 30.697 27.715 24.860 22.132 19.531 17.058 14.711 12.492 10.400 8.435 6.598 4.888 4.352 4.220 4.075 3.918 3.750 3.569 3.376 3.171 2.953 2.724 2.482 2.229 3.070 4.219 5.438 6.726 8.085 9.513 11.012 12.580 14.217 15.925 17.702 19.550 21.428 23.334 25.065 26.664 28.133 29.471 30.678 31.755 32.700 33.515
4.770 4.270 3.814 3.404 3.334 3.966 4.565 5.130 5.663 6.162 6.629 7.062 7.463 7.830 8.164 8.466 9.513 11.678 13.718 15.634 17.424 19.090 20.630 22.046 23.337 24.503 25.543 26.459 25.599 23.058 20.645 18.358 16.199 14.166 12.261 10.483 8.832 7.308 5.912 4.642 4.054 3.879 3.693 3.494 3.283 3.060 2.825 2.578 2.319 2.048 1.764 1.469 2.275 3.666 5.127 6.658 8.259 9.929 11.685 13.585 15.525 17.506 19.526 21.587 23.239 24.647 25.926 27.073 28.090 28.976 29.731 30.355 30.848 31.211
5.263 4.919 4.620 4.365 4.258 4.775 5.259 5.709 6.127 6.512 6.863 7.182 7.468 7.720 7.940 8.126 8.681 10.413 12.020 13.502 14.860 16.093 17.200 18.183 19.041 19.774 20.383 20.866 20.375 18.276 16.303 14.458 12.739 11.148 9.684 8.347 7.136 6.053 5.097 4.268 3.767 3.551 3.323 3.082 2.829 2.564 2.288 1.999 1.697 1.384 1.059 0.763 1.651 3.450 5.288 7.167 9.086 11.045 13.044 15.083 17.163 19.282 21.442 23.642 25.127 26.084 26.910 27.606 28.170 28.604 28.908 29.080 29.122 29.033
5.706 5.518 5.375 5.276 5.222 5.618 5.987 6.323 6.626 6.896 7.133 7.337 7.508 7.646 7.751 7.823 7.983 9.282 10.456 11.506 12.430 13.230 13.906 14.456 14.882 15.183 15.359 15.410 15.026 13.368 11.836 10.432 9.154 8.003 6.980 6.083 5.313 4.670 4.155 3.766 3.494 3.236 2.965 2.683 2.412 2.210 2.028 1.866 1.723 1.600 1.497 1.413 2.133 4.071 6.049 8.067 10.125 12.223 14.362 16.540 18.759 21.018 23.317 25.656 27.140 27.644 28.019 28.262 28.375 28.358 28.209 27.931 27.521 26.981
6.100 6.067 6.079 6.137 6.239 6.497 6.751 6.973 7.161 7.316 7.438 7.528 7.584 7.607 7.598 7.555 7.480 8.284 9.026 9.643 10.136 10.503 10.746 10.864 10.858 10.727 10.471 10.090 9.552 8.334 7.244 6.279 5.442 4.732 4.149 3.692 3.363 3.248 3.312 3.338 3.297 3.084 2.892 2.719 2.565 2.432 2.318 2.224 2.149 2.094 2.059 2.043 2.575 4.652 6.769 8.926 11.123 13.361 15.638 17.956 20.314 22.712 25.149 27.627 29.274 29.328 29.250 29.042 28.704 28.235 27.636 26.906 26.045 25.054
6.443 6.566 6.734 6.947 7.205 7.410 7.550 7.657 7.730 7.771 7.779 7.753 7.695 7.604 7.480 7.323 7.133 7.421 7.730 7.915 7.975 7.911 7.722 7.408 6.970 6.407 5.719 4.907 3.970 3.176 2.884 3.081 3.240 3.362 3.446 3.492 3.501 3.472 3.405 3.300 3.158 3.014 2.889 2.785 2.699 2.634 2.588 2.561 2.555 2.568 2.601 2.653 2.975 5.191 7.448 9.744 12.081 14.457 16.874 19.330 21.827 24.364 26.941 29.558 31.532 31.134 30.606 29.946 29.157 28.237 27.187 26.006 24.694 23.253
6.737 7.016 7.339 7.707 8.120 8.359 8.384 8.376 8.335 8.261 8.154 8.015 7.842 7.636 7.398 7.126 6.822 6.691 6.568 6.321 5.949 5.453 4.832 4.389 4.229 4.095 3.990 3.912 3.861 3.956 4.060 4.126 4.155 4.146 4.099 4.015 3.893 3.733 3.536 3.301 3.028 2.924 2.867 2.830 2.813 2.816 2.838 2.879 2.941 3.022 3.122 3.242 3.382 5.691 8.086 10.522 12.997 15.513 18.068 20.664 23.299 25.975 28.691 31.447 33.913 33.064 32.084 30.974 29.734 28.363 26.862 25.230 23.468 21.576
6.981 7.415 7.894 8.418 8.986 9.341 9.252 9.130 8.974 8.786 8.565 8.311 8.024 7.704 7.351 6.965 6.590 6.295 6.064 5.861 5.685 5.537 5.417 5.324 5.258 5.221 5.210 5.228 5.273 5.300 5.273 5.209 5.107 4.968 4.790 4.576 4.323 4.033 3.705 3.340 2.937 2.814 2.825 2.857 2.907 2.978 3.068 3.177 3.306 3.455 3.624 3.812 4.020 6.149 8.684 11.258 13.873 16.527 19.222 21.956 24.731 27.545 30.400 33.294 36.229 35.116 33.686 32.125 30.434 28.613 26.661 24.579 22.367 20.025
7.175 7.765 8.399 9.078 9.802 10.359 10.155 9.918 9.649 9.248 8.820 8.420 8.048 7.703 7.386 7.098 6.837 6.627 6.492 6.384 6.304 6.251 6.226 6.228 6.258 6.316 6.401 6.514 6.654 6.682 6.525 6.330 6.097 5.827 5.520 5.174 4.791 4.371 3.913 3.417 2.884 2.685 2.764 2.863 2.981 3.120 3.278 3.455 3.652 3.869 4.105 4.361 4.637 6.568 9.241 11.954 14.707 17.501 20.334 23.207 26.121 29.074 32.067 35.100 38.174 37.291 35.410 33.399 31.258 28.987 26.585 24.053 21.391 18.598
7.320 8.064 8.760 9.382 9.947 10.394 9.951 9.536 9.149 8.790 8.458 8.155 7.879 7.631 7.410 7.218 7.053 6.929 6.889 6.877 6.892 6.935 7.005 7.103 7.228 7.381 7.561 7.769 8.004 8.101 7.813 7.488 7.125 6.725 6.287 5.811 5.298 4.747 4.158 3.532 2.869 2.535 2.683 2.849 3.036 3.242 3.468 3.713 3.978 4.262 4.566 4.890 5.234 6.945 9.757 12.609 15.501 18.433 21.405 24.417 27.469 30.561 33.693 36.865 40.077 39.589 37.258 34.797 32.205 29.220 26.225 23.340 20.565 17.900
7.349 7.887 8.367 8.790 9.156 9.463 9.175 8.856 8.565 8.302 8.067 7.860 7.680 7.528 7.404 7.308 7.240 7.202 7.257 7.340 7.450 7.588 7.754 7.947 8.167 8.416 8.691 8.994 9.325 9.557 9.139 8.684 8.190 7.660 7.091 6.485 5.842 5.161 4.442 3.686 2.892 2.366 2.581 2.816 3.070 3.344 3.638 3.951 4.284 4.636 5.008 5.399 5.810 7.282 10.233 13.224 16.255 19.325 22.436 25.587 28.777 32.008 34.687 37.128 39.475 38.796 35.740 32.794 29.958 27.232 24.616 22.110 19.714 17.427
7.419 7.757 8.038 8.262 8.428 8.537 8.369 8.146 7.952 7.785 7.647 7.535 7.452 7.397 7.369 7.369 7.397 7.452 7.595 7.773 7.979 8.212 8.473 8.761 9.077 9.420 9.791 10.189 10.615 11.051 10.503 9.917 9.293 8.632 7.934 7.198 6.424 5.613 4.764 3.878 2.954 2.178 2.461 2.763 3.085 3.427 3.788 4.169 4.569 4.989 5.429 5.888 6.367 7.579 10.668 13.567 16.338 19.015 21.600 24.093 26.492 28.800 31.015 33.137 35.166 35.193 32.516 29.949 27.491 25.144 22.906 20.778 18.760 16.851
7.551 7.691 7.773 7.797 7.765 7.674 7.533 7.407 7.309 7.239 7.196 7.182 7.194 7.235 7.304 7.400 7.524 7.675 7.904 8.177 8.478 8.806 9.162 9.546 9.957 10.395 10.861 11.354 11.875 12.424 11.904 11.188 10.434 9.643 8.814 7.948 7.044 6.103 5.124 4.108 3.054 1.969 2.320 2.690 3.080 3.490 3.919 4.367 4.792 5.201 5.597 5.980 6.351 7.035 9.671 12.215 14.667 17.026 19.293 21.467 23.549 25.538 27.435 29.239 30.951 31.490 29.191 27.002 24.923 22.954 21.094 19.344 17.704 16.173
7.747 7.688 7.571 7.396 7.165 6.875 6.669 6.639 6.637 6.663 6.717 6.798 6.907 7.044 7.209 7.401 7.621 7.869 8.182 8.551 8.947 9.371 9.822 10.300 10.806 11.340 11.901 12.489 13.105 13.748 13.342 12.496 11.612 10.691 9.732 8.736 7.702 6.631 5.522 4.376 3.192 2.025 2.255 2.696 3.124 3.539 3.942 4.333 4.711 5.076 5.429 5.769 6.097 6.413 8.729 10.955 13.089 15.130 17.078 18.934 20.698 22.369 23.948 25.434 26.828 27.686 25.766 23.955 22.254 20.662 19.181 17.809 16.546 15.393
8.006 7.747 7.432 7.058 6.628 6.140 5.775 5.842 5.936 6.058 6.208 6.385 6.590 6.823 7.084 7.372 7.688 8.032 8.432 8.895 9.387 9.905 10.451 11.025 11.626 12.254 12.910 13.594 14.305 15.043 14.818 13.842 12.828 11.777 10.500 9.251 8.035 6.851 5.700 4.581 3.496 2.442 2.444 2.841 3.226 3.599 3.959 4.306 4.641 4.964 5.274 5.571 5.856 6.128 7.878 9.786 11.602 13.325 14.955 16.494 17.940 19.293 20.554 21.723 22.799 23.782 22.240 20.807 19.484 18.270 17.166 16.171 15.287 14.511
8.328 7.870 7.356 6.784 6.155 5.468 4.853 5.015 5.206 5.424 5.670 5.943 6.244 6.573 6.930 7.314 7.726 8.166 8.651 9.210 9.796 10.410 11.051 11.720 12.416 13.139 13.881 14.379 14.848 15.287 14.970 13.703 12.469 11.267 10.098 8.961 7.857 6.786 5.747 4.741 3.768 2.827 2.645 3.000 3.342 3.671 3.988 4.292 4.584 4.864 5.131 5.385 5.627 5.856 7.119 8.709 10.207 11.612 12.925 14.145 15.273 16.309 17.253 18.104 18.863 19.529 18.613 17.558 16.612 15.776 15.050 14.433 13.925 13.527
