DATA/SHG/ECMWF/20170628/EN-46/20170711.en-46.asc
ncols        190
nrows        64
xllcorner    -5100000.000000000000
yllcorner    4130000.000000000000
cellsize     10000.000000000000
NODATA_value  -99999.000
[rows 0 to 32 of 64, columns 75 to 149 of 190]
11.067 11.629 12.201 12.783 13.375 13.978 14.345 14.117 13.862 13.604 13.341 13.074 12.804 12.529 12.250 11.967 11.680 11.389 11.113 10.887 10.649 10.405 10.155 9.900 9.639 9.373 9.101 8.823 8.539 8.250 8.237 9.123 9.984 10.818 11.628 12.412 13.170 13.903 14.610 15.292 15.948 16.579 17.008 16.874 16.726 16.566 16.393 16.206 16.006 15.794 15.568 15.329 15.077 14.811 14.451 13.848 13.249 12.653 12.061 11.473 10.888 10.307 9.730 9.156 8.586 8.020 7.450 6.866 6.289 5.720 5.158 4.604 4.058 3.519 2.987
11.823 12.415 12.990 13.546 14.084 14.605 14.973 14.708 14.439 14.166 13.889 13.608 13.323 13.034 12.741 12.443 12.142 11.837 11.535 11.283 11.020 10.750 10.475 10.195 9.908 9.617 9.319 9.016 8.707 8.392 8.198 8.970 9.717 10.438 11.133 11.803 12.448 13.067 13.660 14.228 14.771 15.288 15.696 15.503 15.297 15.079 14.847 14.602 14.344 14.073 13.789 13.491 13.181 12.857 12.486 11.900 11.317 10.738 10.163 9.591 9.023 8.459 7.898 7.341 6.788 6.238 5.691 5.140 4.597 4.062 3.534 3.013 2.500 1.995 1.497
12.708 13.237 13.749 14.242 14.718 15.176 15.582 15.303 15.020 14.732 14.441 14.145 13.846 13.542 13.235 12.923 12.607 12.287 11.963 11.686 11.397 11.102 10.801 10.495 10.184 9.866 9.543 9.215 8.880 8.541 8.195 8.845 9.478 10.085 10.667 11.223 11.754 12.260 12.740 13.194 13.623 14.027 14.399 14.148 13.884 13.607 13.317 13.014 12.698 12.368 12.026 11.670 11.301 10.920 10.521 9.951 9.385 8.822 8.263 7.708 7.157 6.609 6.065 5.525 4.988 4.455 4.014 3.689 3.384 3.100 2.838 2.595 2.374 2.173 1.993
13.608 14.075 14.524 14.954 15.368 15.763 16.140 15.900 15.603 15.301 14.995 14.685 14.371 14.053 13.731 13.405 13.075 12.741 12.403 12.094 11.779 11.459 11.133 10.802 10.465 10.122 9.774 9.420 9.060 8.695 8.324 8.748 9.267 9.761 10.229 10.672 11.089 11.481 11.847 12.188 12.504 12.794 13.058 12.810 12.488 12.152 11.804 11.442 11.068 10.680 10.279 9.865 9.438 8.998 8.545 8.001 7.451 7.041 6.750 6.443 6.123 5.787 5.437 5.072 4.693 4.298 3.890 3.645 3.433 3.241 3.071 2.921 2.792 2.683 2.596
14.524 14.928 15.314 15.682 16.032 16.365 16.680 16.501 16.189 15.873 15.552 15.228 14.900 14.568 14.231 13.891 13.546 13.198 12.845 12.508 12.168 11.822 11.471 11.114 10.752 10.384 10.010 9.631 9.246 8.855 8.459 8.679 9.085 9.465 9.820 10.149 10.453 10.731 10.984 11.211 11.413 11.590 11.741 11.487 11.107 10.713 10.306 9.887 9.552 9.312 9.096 8.903 8.733 8.587 8.464 8.192 7.864 7.522 7.165 6.793 6.407 6.006 5.590 5.160 4.715 4.255 3.781 3.580 3.460 3.361 3.283 3.225 3.189 3.173 3.177
15.454 15.796 16.119 16.425 16.713 16.983 17.235 17.104 16.778 16.447 16.113 15.774 15.431 15.085 14.734 14.379 14.021 13.658 13.291 12.928 12.563 12.192 11.815 11.433 11.045 10.652 10.253 9.848 9.438 9.022 8.600 8.638 8.930 9.197 9.438 9.654 9.844 10.009 10.149 10.288 10.433 10.571 10.702 10.568 10.315 10.086 9.881 9.698 9.540 9.404 9.292 9.204 9.138 9.097 9.078 8.818 8.425 8.017 7.594 7.157 6.705 6.239 5.757 5.262 4.751 4.226 3.687 3.494 3.467 3.460 3.474 3.509 3.565 3.641 3.738
16.400 16.679 16.940 17.183 17.409 17.616 17.806 17.710 17.370 17.025 16.676 16.323 15.966 15.605 15.240 14.871 14.498 14.121 13.739 13.354 12.963 12.567 12.165 11.757 11.344 10.926 10.501 10.071 9.636 9.194 8.720 8.572 8.743 8.907 9.063 9.212 9.354 9.489 9.617 9.737 9.850 9.956 10.055 10.009 9.861 9.736 9.635 9.557 9.503 9.472 9.464 9.480 9.519 9.581 9.667 9.458 8.999 8.526 8.038 7.535 7.018 6.486 5.940 5.379 4.803 4.212 3.607 3.389 3.453 3.539 3.645 3.772 3.920 4.088 4.277
17.361 17.577 17.776 17.957 18.120 18.265 18.393 18.320 17.964 17.605 17.242 16.875 16.504 16.128 15.749 15.366 14.978 14.587 14.191 13.785 13.369 12.834 12.269 11.724 11.199 10.694 10.209 9.744 9.299 8.875 8.470 8.286 8.425 8.557 8.681 8.798 8.908 9.011 9.106 9.194 9.276 9.349 9.416 9.426 9.383 9.362 9.365 9.392 9.442 9.515 9.611 9.731 9.875 10.041 10.231 10.113 9.589 9.050 8.496 7.928 7.346 6.749 6.137 5.510 4.869 4.214 3.543 3.262 3.419 3.597 3.795 4.014 4.254 4.514 4.795
18.337 18.491 18.628 18.746 18.847 18.930 18.995 18.932 18.562 18.189 17.811 17.430 17.044 16.593 15.910 15.244 14.594 13.960 13.343 12.767 12.252 11.756 11.280 10.825 10.390 9.974 9.579 9.204 8.849 8.514 8.199 8.009 8.116 8.215 8.307 8.392 8.470 8.541 8.604 8.660 8.709 8.751 8.786 8.819 8.880 8.964 9.071 9.202 9.356 9.533 9.734 9.958 10.205 10.476 10.770 10.782 10.192 9.588 8.969 8.336 7.688 7.026 6.348 5.657 4.950 4.229 3.494 3.115 3.364 3.634 3.924 4.235 4.567 4.920 5.293
19.329 19.420 19.494 19.551 19.589 19.610 19.494 19.067 18.343 17.636 16.945 16.271 15.613 14.971 14.346 13.736 13.144 12.567 12.007 11.489 11.063 10.657 10.271 9.905 9.559 9.234 8.928 8.642 8.377 8.131 7.906 7.740 7.814 7.882 7.942 7.995 8.041 8.079 8.111 8.135 8.152 8.162 8.164 8.189 8.353 8.541 8.753 8.988 9.246 9.527 9.832 10.160 10.511 10.886 11.284 11.465 10.810 10.141 9.457 8.758 8.045 7.317 6.575 5.818 5.046 4.260 3.459 2.948 3.289 3.651 4.033 4.436 4.860 5.304 5.769
19.754 19.394 19.027 18.654 18.274 17.887 17.493 17.089 16.423 15.773 15.140 14.523 13.922 13.337 12.769 12.217 11.681 11.162 10.659 10.192 9.853 9.537 9.240 8.964 8.708 8.472 8.256 8.059 7.883 7.727 7.591 7.479 7.521 7.556 7.585 7.606 7.619 7.626 7.625 7.618 7.603 7.580 7.551 7.534 7.803 8.095 8.410 8.749 9.111 9.497 9.905 10.337 10.793 11.271 11.773 12.162 11.442 10.707 9.958 9.194 8.416 7.623 6.816 5.993 5.157 4.305 3.440 2.760 3.193 3.647 4.121 4.616 5.131 5.667 6.224
17.901 17.518 17.128 16.731 16.328 15.918 15.501 15.078 14.491 13.898 13.322 12.762 12.218 11.691 11.180 10.685 10.206 9.744 9.298 8.888 8.622 8.396 8.189 8.002 7.835 7.689 7.562 7.455 7.369 7.302 7.255 7.229 7.236 7.240 7.236 7.225 7.207 7.181 7.149 7.109 7.062 7.008 6.947 6.878 7.228 7.624 8.043 8.486 8.952 9.441 9.954 10.490 11.049 11.632 12.237 12.867 12.088 11.289 10.474 9.645 8.802 7.944 7.071 6.184 5.282 4.366 3.460 2.663 3.222 3.769 4.302 4.823 5.331 5.827 6.310
16.057 15.651 15.238 14.818 14.391 13.958 13.519 13.072 12.547 12.011 11.492 10.989 10.502 10.032 9.578 9.140 8.719 8.314 7.925 7.572 7.371 7.234 7.116 7.019 6.942 6.884 6.847 6.830 6.832 6.855 6.898 6.960 6.960 6.931 6.895 6.852 6.802 6.745 6.680 6.609 6.530 6.444 6.350 6.250 6.629 7.129 7.652 8.199 8.769 9.362 9.978 10.618 11.281 11.967 12.677 13.410 12.749 11.806 10.796 9.819 8.876 7.967 7.091 6.248 5.440 4.664 3.923 3.214 3.636 4.126 4.603 5.068 5.519 5.959 6.385
14.222 13.792 13.356 12.913 12.464 12.008 11.545 11.075 10.590 10.112 9.650 9.204 8.774 8.361 7.964 7.583 7.219 6.871 6.539 6.243 6.099 6.051 6.023 6.015 6.027 6.059 6.111 6.183 6.275 6.387 6.519 6.671 6.692 6.631 6.563 6.488 6.406 6.317 6.220 6.117 6.006 5.888 5.763 5.631 6.006 6.610 7.237 7.888 8.540 9.158 9.753 10.326 10.876 11.403 11.907 12.388 11.789 10.895 10.034 9.206 8.412 7.651 6.924 6.231 5.571 4.945 4.352 3.792 4.061 4.495 4.916 5.324 5.719 6.102 6.472
12.396 11.943 11.484 11.018 10.545 10.066 9.580 9.088 8.622 8.200 7.795 7.406 7.034 6.678 6.338 6.014 5.706 5.415 5.140 4.902 4.806 4.847 4.909 4.990 5.091 5.212 5.353 5.515 5.696 5.897 6.118 6.359 6.432 6.339 6.239 6.132 6.018 5.897 5.769 5.647 5.544 5.450 5.367 5.293 5.638 6.246 6.832 7.394 7.934 8.451 8.945 9.417 9.865 10.291 10.694 11.073 10.696 9.951 9.239 8.560 7.915 7.303 6.725 6.180 5.669 5.191 4.747 4.336 4.499 4.876 5.241 5.593 5.932 6.258 6.572
10.578 10.103 9.621 9.132 8.636 8.134 7.625 7.109 6.641 6.277 5.929 5.597 5.281 4.982 4.699 4.432 4.181 3.947 3.729 3.548 3.492 3.623 3.773 3.944 4.134 4.345 4.575 4.825 5.095 5.386 5.689 5.982 6.094 5.965 5.847 5.738 5.639 5.551 5.472 5.403 5.343 5.294 5.255 5.225 5.463 5.969 6.454 6.915 7.353 7.769 8.162 8.532 8.879 9.204 9.505 9.784 9.571 8.974 8.410 7.881 7.384 6.921 6.491 6.095 5.733 5.404 5.108 4.846 4.949 5.269 5.578 5.873 6.156 6.426 6.684
8.770 8.271 7.766 7.254 6.735 6.210 5.678 5.139 4.648 4.341 4.050 3.775 3.516 3.274 3.047 2.838 2.644 2.466 2.305 2.181 2.158 2.449 2.792 3.124 3.445 3.755 4.055 4.343 4.621 4.888 5.145 5.390 5.531 5.447 5.372 5.308 5.253 5.208 5.173 5.148 5.133 5.128 5.132 5.146 5.311 5.717 6.100 6.460 6.797 7.112 7.403 7.672 7.918 8.142 8.342 8.520 8.413 7.964 7.549 7.168 6.820 6.506 6.225 5.977 5.763 5.582 5.435 5.321 5.410 5.675 5.927 6.166 6.393 6.607 6.808
6.970 6.449 5.920 5.385 4.844 4.295 3.740 3.178 2.643 2.393 2.159 1.941 1.739 1.572 1.643 1.712 1.778 1.841 1.902 1.961 2.043 2.349 2.643 2.927 3.201 3.463 3.715 3.955 4.185 4.405 4.613 4.811 4.959 4.918 4.888 4.867 4.856 4.856 4.865 4.883 4.912 4.951 4.999 5.057 5.185 5.489 5.771 6.030 6.266 6.479 6.670 6.838 6.983 7.105 7.204 7.281 7.221 6.922 6.655 6.423 6.223 6.057 5.925 5.825 5.760 5.727 5.729 5.763 5.883 6.092 6.288 6.471 6.641 6.799 6.944
5.180 4.635 4.084 3.526 2.961 2.389 1.860 1.568 1.283 1.350 1.423 1.493 1.561 1.625 1.688 1.748 1.805 1.859 1.911 1.961 2.008 2.261 2.507 2.743 2.969 3.183 3.387 3.580 3.762 3.933 4.094 4.244 4.376 4.380 4.393 4.417 4.450 4.493 4.546 4.608 4.681 4.763 4.856 4.958 5.082 5.285 5.466 5.624 5.759 5.871 5.961 6.027 6.072 6.093 6.091 6.067 5.998 5.846 5.729 5.644 5.593 5.575 5.591 5.640 5.723 5.839 5.988 6.171 6.369 6.521 6.661 6.788 6.902 7.003 7.092
3.706 3.396 3.093 2.797 2.508 2.226 1.952 1.685 1.425 1.442 1.506 1.567 1.626 1.681 1.735 1.786 1.834 1.879 1.922 1.963 2.001 2.184 2.383 2.572 2.749 2.916 3.072 3.217 3.351 3.475 3.587 3.689 3.781 3.831 3.889 3.956 4.033 4.120 4.216 4.323 4.440 4.566 4.702 4.848 5.004 5.106 5.186 5.242 5.276 5.288 5.276 5.242 5.185 5.106 5.003 4.878 4.741 4.738 4.769 4.833 4.930 5.060 5.224 5.422 5.652 5.916 6.214 6.545 6.866 6.962 7.046 7.116 7.175 7.220 7.253
3.641 3.356 3.078 2.807 2.543 2.287 2.037 1.795 1.560 1.536 1.591 1.643 1.693 1.740 1.784 1.826 1.865 1.902 1.936 1.967 1.996 2.121 2.272 2.412 2.542 2.660 2.769 2.866 2.952 3.028 3.093 3.148 3.191 3.273 3.374 3.485 3.606 3.737 3.877 4.028 4.188 4.358 4.538 4.728 4.927 4.951 4.930 4.885 4.819 4.729 4.617 4.482 4.324 4.144 3.940 3.714 3.466 3.597 3.776 3.988 4.233 4.512 4.824 5.170 5.548 5.960 6.406 6.863 7.274 7.249 7.217 7.177 7.130 7.075 7.013
3.570 3.309 3.056 2.810 2.572 2.340 2.116 1.899 1.689 1.633 1.678 1.722 1.762 1.800 1.836 1.868 1.899 1.926 1.951 1.974 1.994 2.069 2.172 2.265 2.347 2.418 2.478 2.527 2.566 2.594 2.612 2.618 2.614 2.704 2.849 3.004 3.169 3.343 3.528 3.722 3.926 4.140 4.364 4.597 4.840 4.820 4.698 4.553 4.385 4.195 3.982 3.746 3.487 3.206 2.902 2.576 2.226 2.424 2.811 3.288 3.756 4.213 4.660 5.097 5.523 5.939 6.345 6.741 7.126 7.097 7.031 6.958 6.878 6.790 6.695
3.492 3.256 3.028 2.807 2.593 2.387 2.188 1.995 1.810 1.731 1.768 1.802 1.834 1.863 1.889 1.913 1.935 1.953 1.969 1.983 1.994 2.029 2.085 2.130 2.164 2.187 2.200 2.201 2.193 2.173 2.143 2.101 2.050 2.125 2.314 2.513 2.721 2.940 3.168 3.406 3.654 3.911 4.179 4.456 4.743 4.713 4.490 4.245 3.976 3.720 3.514 3.312 3.116 2.924 2.737 2.555 2.378 2.664 3.106 3.539 3.961 4.373 4.774 5.166 5.547 5.917 6.278 6.628 6.969 6.952 6.854 6.747 6.634 6.513 6.384
3.407 3.197 2.993 2.797 2.609 2.427 2.253 2.086 1.925 1.832 1.860 1.885 1.908 1.928 1.945 1.960 1.973 1.982 1.990 1.994 1.996 2.002 2.010 2.007 1.993 1.969 1.934 1.888 1.831 1.764 1.686 1.597 1.498 1.537 1.769 2.012 2.264 2.526 2.798 3.080 3.410 3.789 4.144 4.473 4.779 4.803 4.599 4.399 4.205 4.015 3.830 3.650 3.474 3.304 3.138 2.977 2.821 3.015 3.412 3.799 4.176 4.542 4.899 5.245 5.581 5.906 6.221 6.526 6.821 6.815 6.683 6.544 6.397 6.243 6.081
3.316 3.130 2.952 2.781 2.617 2.461 2.311 2.169 2.034 1.935 1.954 1.970 1.984 1.995 2.004 2.010 2.013 2.014 2.012 2.008 2.001 1.986 1.947 1.896 1.835 1.763 1.680 1.586 1.482 1.367 1.242 1.183 1.261 1.471 1.913 2.330 2.723 3.091 3.435 3.754 4.048 4.318 4.564 4.785 4.981 5.008 4.825 4.647 4.473 4.304 4.141 3.982 3.827 3.678 3.533 3.393 3.258 3.376 3.728 4.070 4.401 4.722 5.033 5.334 5.625 5.905 6.175 6.435 6.684 6.686 6.521 6.348 6.169 5.981 5.787
3.218 3.057 2.904 2.758 2.619 2.488 2.363 2.246 2.135 2.040 2.050 2.058 2.062 2.065 2.064 2.061 2.056 2.048 2.037 2.023 2.008 1.983 1.923 1.914 1.924 1.954 2.002 2.068 2.154 2.259 2.382 2.524 2.685 2.897 3.230 3.538 3.822 4.081 4.316 4.526 4.712 4.873 5.009 5.122 5.209 5.207 5.045 4.888 4.736 4.589 4.446 4.308 4.175 4.047 3.923 3.804 3.690 3.747 4.053 4.350 4.636 4.912 5.178 5.433 5.679 5.914 6.139 6.353 6.558 6.564 6.366 6.160 5.948 5.727 5.499
3.114 2.978 2.850 2.729 2.615 2.508 2.408 2.316 2.230 2.152 2.149 2.147 2.143 2.136 2.136 2.191 2.244 2.294 2.342 2.379 2.407 2.434 2.489 2.564 2.658 2.771 2.902 3.053 3.222 3.410 3.617 3.842 4.087 4.347 4.571 4.771 4.946 5.096 5.222 5.323 5.400 5.453 5.481 5.484 5.463 5.402 5.261 5.125 4.994 4.868 4.746 4.629 4.517 4.410 4.308 4.210 4.117 4.128 4.389 4.640 4.881 5.112 5.333 5.543 5.743 5.933 6.113 6.282 6.442 6.450 6.219 5.980 5.734 5.481 5.220
3.003 2.892 2.789 2.692 2.603 2.521 2.447 2.394 2.403 2.414 2.463 2.520 2.574 2.625 2.674 2.721 2.765 2.806 2.845 2.875 2.894 2.912 3.034 3.193 3.370 3.566 3.781 4.015 4.267 4.539 4.829 5.138 5.466 5.812 5.938 6.028 6.095 6.136 6.153 6.146 6.114 6.058 5.977 5.872 5.742 5.591 5.471 5.356 5.246 5.141 5.041 4.945 4.854 4.768 4.687 4.610 4.538 4.518 4.735 4.941 5.136 5.322 5.497 5.663 5.818 5.962 6.097 6.221 6.335 6.343 6.079 5.807 5.528 5.242 4.948
2.913 2.917 2.922 2.929 2.937 2.947 2.957 2.970 2.983 2.998 3.037 3.085 3.130 3.173 3.214 3.252 3.287 3.320 3.351 3.371 3.382 3.391 3.557 3.799 4.060 4.339 4.638 4.955 5.291 5.645 6.019 6.411 6.822 7.252 7.329 7.311 7.269 7.202 7.110 6.994 6.854 6.689 6.500 6.286 6.047 5.785 5.676 5.582 5.493 5.409 5.330 5.255 5.186 5.121 5.060 5.005 4.954 4.919 5.090 5.251 5.402 5.542 5.672 5.792 5.902 6.002 6.091 6.171 6.240 6.244 5.947 5.642 5.330 5.011 4.684
3.453 3.462 3.472 3.483 3.496 3.510 3.526 3.543 3.561 3.581 3.613 3.652 3.689 3.723 3.755 3.784 3.811 3.836 3.858 3.870 3.872 3.872 4.058 4.384 4.728 5.091 5.472 5.873 6.292 6.730 7.187 7.662 8.157 8.670 8.745 8.619 8.468 8.292 8.092 7.868 7.619 7.345 7.047 6.725 6.378 6.007 5.876 5.803 5.735 5.672 5.614 5.560 5.512 5.468 5.429 5.394 5.364 5.340 5.456 5.571 5.677 5.772 5.857 5.932 5.997 6.052 6.096 6.130 6.154 6.131 5.757 5.392 5.035 4.687 4.348
3.991 4.005 4.019 4.036 4.053 4.072 4.092 4.114 4.137 4.162 4.190 4.221 4.249 4.275 4.298 4.319 4.337 4.353 4.366 4.370 4.363 4.355 4.538 4.946 5.374 5.820 6.285 6.768 7.271 7.792 8.332 8.891 9.468 10.065 10.187 9.951 9.692 9.408 9.099 8.766 8.409 8.027 7.620 7.190 6.735 6.255 6.070 6.019 5.972 5.930 5.893 5.860 5.832 5.810 5.791 5.778 5.769 5.766 5.831 5.902 5.935 5.908 5.877 5.841 5.801 5.756 5.706 5.652 5.593 5.530 5.211 4.884 4.565 4.255 3.953
4.527 4.546 4.565 4.586 4.608 4.632 4.657 4.683 4.711 4.740 4.769 4.791 4.810 4.827 4.842 4.854 4.864 4.872 4.876 4.871 4.856 4.839 4.995 5.487 5.998 6.527 7.075 7.642 8.228 8.832 9.455 10.097 10.758 11.437 11.652 11.309 10.941 10.548 10.131 9.690 9.224 8.734 8.219 7.680 7.117 6.529 6.259 6.229 6.203 6.182 6.166 6.133 6.051 5.969 5.886 5.802 5.718 5.634 5.585 5.548 5.505 5.458 5.407 5.351 5.290 5.225 5.155 5.080 5.001 4.918 4.657 4.368 4.087 3.815 3.551
5.062 5.084 5.109 5.134 5.161 5.190 5.219 5.250 5.283 5.317 5.349 5.362 5.373 5.382 5.388 5.392 5.393 5.392 5.388 5.374 5.351 5.325 5.431 6.006 6.600 7.213 7.844 8.494 9.163 9.850 10.556 11.281 12.025 12.788 13.143 12.691 12.215 11.714 11.188 10.639 10.065 9.466 8.809 8.056 7.322 6.605 6.193 6.112 6.030 5.947 5.864 5.780 5.696 5.612 5.527 5.441 5.355 5.269 5.202 5.144 5.081 5.014 4.942 4.866 4.785 4.699 4.609 4.514 4.415 4.311 4.096 3.844 3.601 3.367 3.141
