DATA/RAW-RASTER/ECMWF/20170628/EN-45/20170708.en-45.asc
ncols			31
nrows			16
xllcorner		69.5
yllcorner		19.5
cellsize		1.0
NODATA_value	-99999
0.06866 0.11444 0.01526 0.62561 0.12970 0.00763 0.31281 0.03052 0.09155 0.00000 0.09918 0.05341 0.04578 0.93079 1.81580 2.20490 1.76239 0.71716 0.48065 3.46375 4.16565 8.44574 19.97375 15.37323 5.43976 1.12152 1.97601 2.79999 1.88446 2.07520 4.13513
0.01526 0.00000 0.00000 0.02289 0.76294 0.00763 0.21362 0.33569 0.05341 2.13623 2.33459 0.55695 0.70190 2.16675 1.14441 0.31281 1.23596 1.68610 3.45612 10.68115 10.78796 20.13397 15.28168 11.65771 2.23541 7.24030 5.89752 10.44464 7.32422 1.41144 2.11334
0.12207 0.06866 0.00763 0.00000 0.03815 0.48065 0.64850 0.21362 1.65558 0.36621 2.03705 2.59399 0.57220 0.44250 0.56458 1.22070 1.59454 2.05231 2.26593 5.58472 5.88226 6.82068 8.78143 5.45502 7.87354 16.70837 11.16943 7.19452 12.38251 4.63104 4.60052
0.15259 0.00000 0.00000 0.01526 0.41962 0.18311 0.09918 0.50354 0.01526 0.23651 0.11444 1.15204 1.14441 1.81580 1.30463 0.29755 0.82397 0.33569 1.54114 0.90027 4.25720 6.68335 4.14276 6.25610 7.58362 3.92151 7.89642 4.76837 7.93457 9.75800 8.81958
0.04578 0.06104 0.00000 0.00763 0.07629 0.64850 1.54877 1.31989 0.70953 0.03815 0.00000 0.00763 0.07629 0.43488 0.28229 0.02289 0.04578 1.02234 0.77820 6.11877 5.31006 5.16510 6.37817 3.49426 0.60272 0.87738 0.58746 4.04358 5.38635 6.75964 5.49316
0.09155 0.28992 0.06104 0.06866 0.68665 1.88446 1.29700 2.18201 1.73187 0.28992 3.41034 1.17493 0.04578 0.00000 0.00000 0.02289 0.06104 0.49591 2.18964 9.48334 18.34106 21.40045 7.02667 10.55908 2.90680 9.94873 1.54877 1.73187 5.37109 7.12585 9.78851
0.00000 0.00000 0.43488 0.18311 0.74768 1.11389 1.21307 1.54877 2.06757 0.99945 0.89264 3.34167 2.67792 0.16022 0.06866 0.10681 0.13733 1.29700 1.07574 10.10895 12.03156 12.94708 16.38794 5.85938 7.51495 53.46680 7.43866 4.44031 3.00598 13.58795 14.29749
0.00000 0.74005 0.00763 0.00000 0.09155 0.93079 0.48828 1.09863 0.33569 0.20599 0.94604 2.22778 1.98364 3.37219 3.25012 3.31116 3.79181 4.33350 0.32806 5.63049 3.02124 6.34766 7.96509 29.63257 31.89850 39.32190 119.40002 6.09589 13.37433 3.42560 12.87842
0.00000 0.00000 0.00000 0.00000 0.21362 0.16022 0.28229 0.33569 0.07629 0.08392 0.02289 0.26703 0.99182 0.84686 2.14386 2.90680 3.76129 9.91058 8.94928 3.53241 15.96069 16.89911 50.60577 36.27777 3.89862 4.39453 24.45221 29.15192 5.56183 4.38690 12.13074
0.08392 0.54169 0.25940 0.27466 0.22125 0.16785 0.23651 0.32043 0.07629 0.00000 0.00000 0.00000 0.04578 0.71716 0.83160 1.48010 2.15149 2.40326 3.73077 3.62396 5.42450 7.08008 5.99670 18.69965 6.03485 56.31256 55.77850 60.01282 5.40161 14.72473 12.47406
0.11444 0.85449 1.22070 0.72479 0.01526 0.34332 0.21362 0.12970 0.99945 0.01526 0.03815 0.06104 0.03052 0.00763 0.00763 0.48065 0.09155 2.08282 2.25067 6.11877 4.50134 12.05444 62.93488 6.71387 12.96234 17.00592 44.57092 13.29803 6.21033 20.15686 5.72205
0.41199 0.48065 0.65613 1.94550 0.98419 1.28174 0.35095 0.93079 0.31281 0.18311 0.03815 0.00000 0.00763 0.00763 0.03815 0.19073 0.03815 0.38147 4.28009 3.02124 4.51660 4.50897 4.88281 2.95258 3.33405 1.87683 5.04303 4.39453 13.71765 12.67242 5.69916
0.28992 1.81580 0.95367 2.02179 4.37927 0.93079 0.47302 1.50299 1.12915 0.21362 0.70190 0.27466 0.00000 0.03815 0.28229 0.86975 0.53406 1.77765 5.87463 20.07294 25.79498 21.57593 8.55255 5.71442 6.14166 1.24359 2.63214 12.73346 26.78680 99.52545 1.87683
1.34277 1.19781 0.04578 2.45667 1.14441 0.01526 0.76294 1.28937 2.70081 0.10681 0.08392 0.00763 0.01526 0.06866 2.21252 9.81140 15.96069 13.24463 3.02887 8.28552 6.66809 22.47620 8.52203 5.92804 2.57874 5.34058 5.05829 4.08936 50.73547 44.16656 10.58960
2.72369 0.29755 1.22070 3.25012 5.86700 1.93024 0.74768 0.30518 0.78583 0.10681 0.35858 0.23651 0.11444 0.11444 0.57983 4.95148 8.82721 0.04578 8.89587 8.34656 12.14600 13.79395 24.72687 22.15576 2.67792 0.88501 0.94604 0.93079 15.54871 26.20697 23.23151
2.67792 2.29645 4.33350 9.84192 4.16565 4.59290 2.47955 1.40381 1.58691 0.50354 0.55695 0.55695 1.76239 1.41144 2.75421 3.27301 7.53021 2.39563 4.05121 5.11169 8.87299 14.53400 15.93781 17.07458 53.25317 6.81305 6.27899 1.58691 5.24139 5.08881 2.90680
