DATA/RAW-RASTER/ECMWF/20170628/EN-45/20170703.en-45.asc
ncols			31
nrows			16
xllcorner		69.5
yllcorner		19.5
cellsize		1.0
NODATA_value	-99999
0.05722 0.46921 0.91171 1.07574 0.77438 0.03433 0.72861 0.07629 0.16785 0.00763 0.38910 0.91171 1.44577 1.93787 0.83542 0.21362 1.55258 1.91116 2.38419 3.30734 2.24304 9.61304 7.22885 4.07410 1.39999 0.31662 0.26703 0.24414 0.17929 0.61035 2.37656
0.00763 0.01526 0.21362 0.14496 0.21744 0.10681 0.11444 0.45013 0.09918 0.04578 0.06104 1.50299 1.29318 6.96182 3.65829 0.62943 0.11444 3.33023 4.79889 7.95364 11.34872 8.06808 1.11008 0.03052 0.67902 1.52206 0.36621 0.69427 0.74387 0.49210 1.52206
0.14877 0.11063 0.11444 0.99945 0.70190 2.42996 7.41196 0.17548 0.32806 0.27084 0.83160 1.56784 8.31985 4.80652 18.39828 6.01578 1.30081 0.62180 5.77164 2.37274 8.02231 5.76019 1.60980 2.05994 1.39618 0.42725 0.47684 0.41199 0.27847 0.49210 2.63977
0.14496 0.18692 0.59891 0.49591 0.76294 1.85776 3.73840 11.36398 0.09918 0.12207 0.71335 4.48227 8.78143 9.82666 9.90295 15.69748 5.84793 7.99561 2.61688 11.73401 4.29535 10.50949 4.85611 2.65121 0.36621 0.10681 4.50134 2.61688 3.70026 3.08990 8.31604
0.23270 0.14877 0.55313 0.80109 1.57547 7.22885 1.13297 2.83813 5.26047 9.01031 4.54330 9.90295 11.92474 9.63593 10.85663 6.38199 6.63376 9.74274 5.21851 8.73566 5.23758 4.57764 5.22995 0.43488 2.01035 2.40326 5.01251 5.66864 7.06482 7.84302 11.05881
3.49045 0.14877 0.16022 0.11826 0.78201 3.76129 1.43433 6.73676 59.99374 18.90564 15.25116 18.96667 9.79233 4.91714 7.74002 10.26154 5.41306 4.05884 13.76724 17.12036 8.09097 7.16782 2.47955 3.59726 28.01132 7.28989 2.33078 11.23428 13.88550 9.19342 12.30621
0.00000 0.05341 0.26703 0.49591 0.72861 0.45776 1.09482 6.08826 9.34982 92.38815 34.48486 41.60309 34.69467 21.16394 15.50674 9.49478 6.25992 3.40271 2.04468 2.96402 2.56348 7.26318 5.88226 6.69861 14.12582 42.83142 9.72366 3.15094 2.73895 16.17432 16.33835
0.00000 0.06104 1.65939 3.48663 1.64795 0.91171 3.91006 7.85446 5.32150 10.49805 61.99265 11.11603 92.62466 29.38843 34.94263 37.29248 9.39941 3.46375 8.10242 20.20264 7.82394 17.07077 1.81961 37.69302 29.36935 74.67270 51.00250 26.14975 35.66360 11.19995 17.68494
0.00381 0.98801 15.11002 74.27979 20.98465 3.98254 1.70517 1.11771 3.05176 5.00488 2.98309 3.86429 7.01141 11.52039 12.82120 19.16122 17.43698 43.28918 95.05463 254.32968 80.19257 60.92834 50.36163 28.30505 24.53995 0.56076 24.42551 70.13702 37.55569 5.21088 20.48492
0.00000 0.30899 15.27786 54.69513 28.60641 1.55640 5.30624 0.20218 0.67520 2.62451 9.39178 1.71661 1.19019 2.76566 6.42395 1.81961 7.53784 6.99615 4.71115 4.83704 1.46103 6.08826 26.79443 10.98251 3.36838 3.73840 166.58020 60.98938 71.08688 25.91705 5.74493
0.13733 0.72861 1.25885 6.42014 4.19235 6.22940 3.12805 2.24304 1.49155 0.69046 5.91660 10.76508 3.04413 2.22778 7.35092 16.03317 3.04413 5.65720 8.49152 7.94983 1.93787 5.07355 16.96014 8.26263 7.67517 2.99072 1.43814 14.07623 57.14798 29.19388 5.93185
0.46158 1.31989 3.05557 7.20978 6.56891 4.36020 0.95367 1.92642 3.65448 3.34930 3.14713 2.30026 5.35202 4.19235 1.96457 8.76236 4.27246 5.06592 2.79617 7.77817 3.84521 1.83105 1.19781 30.03311 6.51169 3.73459 1.20163 2.61307 10.21576 49.46518 5.83267
0.79346 1.85394 0.99564 1.93024 4.70352 3.23105 1.09863 0.39291 1.17111 7.57599 7.34329 4.05884 3.46756 3.18146 3.22723 3.26920 1.30844 8.83484 2.46429 4.44031 3.37219 6.62231 7.47299 8.49915 22.09854 0.37003 1.05286 8.14819 12.80594 27.20261 39.98566
1.98364 2.49863 0.82397 4.71497 3.79181 1.59073 2.68936 2.90298 1.57166 0.23270 1.54495 1.09100 3.86047 10.84518 8.70132 11.39069 0.75912 0.82397 2.26974 2.10953 7.72476 16.96014 16.68549 28.61023 0.68283 0.56839 0.44250 7.04193 2.80380 3.75748 2.23923
3.65067 0.99945 2.92969 5.89371 4.82941 0.40817 0.54550 1.05667 1.07956 0.69809 2.80762 0.36621 5.91660 3.92151 4.38690 5.46646 1.30463 2.51389 19.07730 12.51984 5.59998 8.58688 28.25928 31.24237 4.81415 0.54932 3.25394 0.80872 0.41580 1.10245 8.91495
4.16565 3.92532 8.03375 9.06754 0.68283 1.12915 1.56403 2.38037 2.86102 12.68387 2.60162 2.28882 1.16348 1.85776 2.31552 4.13132 7.49207 24.06693 44.88373 8.19397 5.90515 9.55200 11.13892 18.25333 25.95520 14.41574 3.31116 1.33514 0.85068 0.11063 0.53024
