DATA/RAW-RASTER/ECMWF/20170628/EN-45/20170709.en-45.asc
ncols			31
nrows			16
xllcorner		69.5
yllcorner		19.5
cellsize		1.0
NODATA_value	-99999
1.30463 0.63324 0.32806 0.58746 0.03815 0.00000 0.30518 0.02289 0.12207 1.17493 0.44250 0.00000 0.00000 0.00000 0.00000 0.00000 0.00000 0.00000 0.07629 0.01526 0.16022 0.07629 0.07629 1.08337 2.28119 2.42615 2.22015 2.48718 3.31879 4.28772 7.00378
0.28992 0.05341 0.03052 0.17548 0.54932 0.00000 0.08392 0.12207 0.87738 1.15967 0.58746 0.11444 0.05341 0.00000 0.00000 0.00000 0.00763 0.00000 0.10681 0.15259 0.44250 0.37384 0.49591 0.75531 1.61743 2.14386 4.33350 4.48608 3.72314 7.83539 8.90350
0.00000 0.00763 0.00000 0.12207 0.82397 0.86212 0.26703 0.41962 2.86102 0.68665 2.24304 0.63324 0.00000 0.02289 0.02289 0.05341 0.15259 0.00763 0.17548 0.45776 0.38147 0.09155 0.28992 1.81580 0.15259 2.47955 1.81580 7.85828 10.38361 10.78033 26.09253
0.00000 0.00000 0.00000 0.00000 0.00000 0.32043 1.11389 0.51117 0.03815 0.99945 1.54114 0.42725 0.18311 1.02234 0.32043 0.03052 0.07629 0.38147 0.09918 0.63324 0.81635 0.64850 0.12207 2.25830 2.30408 4.30298 15.70892 13.55743 23.10944 12.64954 11.48987
0.00000 0.00000 0.00000 0.00000 0.02289 0.54169 0.71716 0.06866 0.67902 0.08392 0.19073 0.01526 1.06049 3.55530 1.21307 1.23596 1.28174 0.24414 0.55695 0.23651 0.91553 2.57874 3.59344 10.31494 14.44244 10.91766 14.55688 23.52905 20.21027 16.39557 9.26971
0.18311 0.00000 0.00000 0.00000 0.06866 0.20599 0.34332 1.23596 1.22070 0.04578 2.81525 2.83051 1.00708 0.28229 0.78583 6.66046 4.04358 1.76239 2.71606 0.48828 0.28229 8.36945 13.61084 22.63641 10.06317 14.79340 5.79071 6.43921 11.58905 13.91602 4.16565
0.00000 0.00000 0.00000 0.00000 0.03815 0.14496 1.11389 0.63324 0.82397 0.26703 0.80872 2.51007 2.18201 0.75531 3.86047 2.60162 6.00433 15.91492 4.33350 6.43158 6.10352 13.80157 11.39069 15.96069 15.91492 24.68109 16.69312 8.95691 5.48553 3.20435 1.31989
0.00000 0.00000 0.00000 0.00000 0.09155 0.12970 0.69427 1.80817 1.15204 0.97656 0.90790 1.95312 3.73840 3.18146 3.18146 3.17383 11.28387 4.49371 9.02557 23.23914 19.47021 14.93835 5.00488 27.43530 19.21844 50.81940 74.84436 4.73785 9.26208 14.77814 6.67572
0.00000 0.00000 0.00000 0.00000 0.00000 0.02289 0.05341 0.49591 1.75476 1.44958 1.70135 1.32751 2.36511 2.02942 2.86865 2.69318 32.20367 23.63586 19.86694 7.54547 5.59235 33.65326 12.15363 26.36719 17.37976 42.06848 32.40204 63.46130 22.45331 9.95636 17.23480
0.01526 0.06866 0.12970 0.16022 0.16022 0.02289 0.00763 0.02289 0.03815 0.01526 0.28229 0.97656 0.53406 2.37274 0.30518 0.28992 0.38910 1.06049 3.70789 2.52533 3.47900 6.63757 10.80322 4.91333 11.53564 27.91595 62.89673 78.17841 7.15637 11.14655 7.46918
0.67902 0.64850 1.09863 0.74005 0.01526 0.22125 0.00000 0.03815 0.17548 0.15259 0.73242 2.81525 0.15259 0.69427 0.01526 0.00000 0.04578 0.13733 0.70190 3.90625 10.44464 13.29041 21.72852 9.12476 13.65662 21.01135 41.80908 39.73389 23.33069 4.18854 9.44519
0.14496 0.67902 1.00708 1.00708 0.24414 0.09155 0.05341 0.11444 0.58746 1.51825 2.02942 0.03815 0.07629 0.00000 0.00000 0.05341 0.12207 0.25940 1.25122 1.36566 12.32910 17.00592 5.16510 10.91003 21.35468 10.62775 7.37762 9.88770 11.45935 2.46429 16.04462
0.57983 1.89209 0.74005 0.87738 2.57111 1.93787 2.48718 1.52588 0.12970 1.80054 0.60272 0.00763 0.00000 0.11444 0.00000 0.06866 0.14496 0.32043 1.70898 5.65338 20.24841 20.60699 13.38196 4.91333 26.67999 5.64575 1.59454 13.40485 20.31708 34.46960 6.49261
0.93842 0.88501 0.05341 0.84686 1.44958 0.11444 0.07629 3.32642 1.60217 0.51880 0.08392 0.00000 0.16785 0.22125 0.19836 0.24414 3.44086 1.25122 3.89862 29.64020 35.80475 26.31378 12.73346 12.96234 5.63049 1.21307 1.25122 1.83868 34.17969 24.94049 5.82886
1.23596 0.51117 0.95367 0.98419 2.57874 0.86975 0.48828 0.15259 1.33514 0.48065 0.05341 0.01526 0.71716 0.45776 0.31281 0.34332 0.05341 0.66376 22.15576 19.97375 18.50891 21.83533 20.05005 17.74597 0.50354 2.67792 2.85339 2.92206 7.67517 20.66040 28.86963
1.39618 1.33514 0.99945 8.46863 2.48718 2.91443 1.66321 0.44250 0.28992 0.19073 0.90790 0.03052 0.21362 0.38147 3.61633 0.41199 4.93622 3.50189 11.52802 19.40155 12.56561 10.80322 12.02393 15.64789 19.66858 7.07245 6.41632 3.37982 1.34277 12.48932 24.15466
