DATA/RAW-RASTER/ECMWF/20170628/EN-45/20170629.en-45.asc
ncols			31
nrows			16
xllcorner		69.5
yllcorner		19.5
cellsize		1.0
NODATA_value	-99999
1.34850 7.26509 4.25339 7.55501 6.87408 15.61928 34.07288 22.87674 8.88443 1.17874 7.05910 7.78580 10.58006 8.70705 9.62830 6.32668 5.37491 6.08635 9.21440 4.89616 1.98174 3.81851 1.25885 0.47302 0.31281 0.25177 0.04387 0.14114 0.05150 0.13542 1.15776
0.08583 0.76294 3.74031 31.71730 14.94789 63.78555 47.97363 14.18495 9.07135 5.44357 1.61934 4.44412 3.59535 2.59018 4.14467 5.95284 8.04329 2.67601 4.58336 6.45065 2.76375 6.03485 2.65694 3.14903 3.10516 0.82970 0.49973 0.03433 0.19073 0.88692 0.40817
0.65041 1.94740 0.82016 2.47192 77.93999 93.59360 49.63684 12.26044 2.57492 1.78146 0.55695 1.27411 2.34032 2.42996 3.93867 1.66893 3.34549 6.08635 2.60925 4.69017 4.25148 1.47820 1.27029 0.81253 2.45285 5.68390 10.24818 0.35286 0.90027 0.15450 0.98228
2.22206 2.79427 15.55824 5.34821 92.10396 102.16713 31.83556 6.90079 9.22966 0.45013 1.44958 1.61362 0.54932 4.94194 4.57382 1.95694 2.20680 4.43077 6.78444 6.27899 6.18553 1.62506 1.90735 4.43840 4.21524 0.70572 14.76479 6.45828 1.94168 0.88120 0.99564
2.35367 1.25122 38.40637 38.29193 41.08047 64.35776 43.39027 6.44684 19.59991 6.01959 0.08965 3.00217 1.65367 4.63867 0.30518 3.42560 5.99480 10.08797 10.24818 10.28633 9.53102 6.72340 4.85802 3.34740 4.11224 9.83429 6.66046 21.40999 13.29422 5.04494 6.01006
2.33650 0.74959 6.47354 18.42880 21.50726 29.67072 38.88321 23.12469 25.57945 24.55139 50.14801 6.89697 7.76100 0.95558 0.71144 1.39046 3.39317 9.93156 15.97023 16.30783 8.85773 12.09068 16.21437 14.77432 20.28465 10.41794 9.07326 8.92067 21.78574 12.07924 6.96373
0.33951 1.82915 2.23160 8.77953 7.35092 7.52258 20.67566 14.62364 31.04973 25.65384 10.45418 7.74384 11.49559 3.66402 0.02289 0.80109 1.30081 1.72424 1.60789 1.32751 5.15175 12.46262 12.80594 13.89503 14.66942 97.01347 23.98109 20.73860 7.20406 9.73701 26.43967
0.02861 0.87547 1.68037 0.77820 22.11571 8.36182 6.87408 6.19125 5.60951 18.80455 14.94980 20.85876 4.49562 5.97382 6.85310 8.08334 5.30434 1.21880 1.93214 1.54686 7.54929 17.28249 2.46239 19.55223 39.96277 27.91214 115.09132 29.55437 26.35956 10.62775 6.75583
1.87492 3.21198 6.08826 1.53923 3.77846 15.15770 10.14900 7.46346 3.45421 42.66548 4.26292 17.01355 22.07756 4.55284 3.71742 3.12614 2.14195 7.47299 21.89064 24.25385 63.27629 29.10423 14.28986 25.80452 6.19888 3.03841 10.34927 125.84877 149.39499 35.15434 10.81276
4.67300 15.44571 3.22151 5.44739 0.39291 7.30515 0.67329 1.21498 5.25475 14.46152 42.47665 25.21133 15.83672 6.95229 2.91061 1.78337 1.72043 1.78337 2.76566 4.26674 8.59833 4.03595 15.39612 5.86128 2.83432 7.67326 42.52625 17.76886 35.55107 15.12146 6.32286
24.09172 61.31935 33.94127 74.67270 15.71083 6.27136 0.75340 0.36430 0.46539 7.32994 16.01028 35.39848 22.18819 5.66101 2.30026 1.63269 0.89264 0.81825 2.18582 1.55067 6.12259 4.87518 11.37924 1.40572 9.44328 2.50626 2.96402 5.88799 20.44678 7.28798 4.91714
28.92113 193.96019 65.21416 28.11050 45.60471 6.90079 0.22697 0.42343 0.16022 3.50571 22.28546 6.13213 12.54845 11.87515 9.09615 2.21634 4.11987 2.64359 2.80190 5.42831 7.71332 8.74329 3.69263 1.19591 16.32118 4.98199 1.55258 3.82614 2.30598 20.76721 8.25691
32.53365 75.22011 9.05800 9.04846 63.88283 7.30324 1.52969 0.31281 0.61035 2.72369 7.53975 3.67546 2.94495 9.18388 26.01051 1.60408 3.97301 4.37737 7.99179 31.92520 5.81932 9.16290 9.12857 7.57790 8.33321 1.75285 0.21553 4.19998 5.36728 5.60188 2.24876
24.93668 70.78552 9.94301 7.56264 10.57625 1.38092 0.95558 0.07439 0.11063 0.45395 0.12207 1.08528 1.91307 8.40950 28.91350 12.67242 7.85446 19.10019 13.38387 9.97353 4.37355 19.39011 10.74791 6.92177 4.11224 0.84877 0.56648 2.71606 3.28255 4.60625 3.80516
74.65363 46.30280 42.40799 21.77620 6.28090 1.97029 0.18311 0.14114 0.29945 1.58691 3.34930 1.49536 4.77791 33.10394 17.18330 36.25298 6.28281 5.87654 6.23512 2.74658 9.03511 18.82172 19.01817 21.52824 2.55203 2.18391 0.58174 1.89400 1.43433 12.35771 18.33153
27.63367 40.82680 32.15027 21.14677 6.95610 0.95177 0.46349 0.42915 0.23079 2.14386 15.98358 9.28688 11.35635 13.00240 5.29671 3.13950 10.82230 55.33218 3.06511 10.09369 15.48386 22.27783 20.15686 21.14296 19.93561 2.71225 5.70869 1.98364 2.24876 2.50816 6.94466
