DATA/RAW-RASTER/ECMWF/20170628/EN-45/20170630.en-45.asc
ncols			31
nrows			16
xllcorner		69.5
yllcorner		19.5
cellsize		1.0
NODATA_value	-99999
1.74904 6.22368 1.97792 8.17871 12.86316 11.59286 15.31601 19.52362 13.01193 1.67847 5.08690 10.08415 6.27327 1.29700 0.73051 0.83351 0.38719 0.23460 0.97275 1.73378 10.06889 5.36156 5.70488 9.63402 14.22691 12.82120 7.57790 7.16591 3.28445 3.15285 4.83704
0.70381 1.72806 0.49210 36.63826 17.97104 13.40866 42.27829 20.28656 14.50157 7.80678 2.26402 0.72670 1.26266 1.98746 1.03760 0.54741 0.34714 0.33951 1.30272 2.03705 10.08987 0.68092 2.97165 7.78580 7.93076 5.85747 5.44357 6.52885 5.51605 3.58009 4.84276
0.32806 0.45395 0.06485 5.46646 8.47244 57.59048 65.18173 28.26691 3.68690 1.29890 0.15068 1.11580 0.91362 1.43433 0.24033 0.24986 0.81253 0.49591 1.26076 3.38745 1.66130 0.44441 1.60599 1.29318 1.97792 2.43759 4.10843 3.02887 0.70190 0.70953 3.00598
1.11771 0.00000 0.16785 3.00407 19.12498 64.96048 55.83191 18.19992 4.46892 0.21362 0.42534 1.07193 0.04196 0.94986 0.23460 0.00763 0.49591 0.90027 1.47438 1.76048 1.63651 2.89345 1.43242 1.25122 0.57411 0.09155 1.08147 2.84958 6.61659 2.75421 1.12343
3.42941 0.00572 0.94032 4.98390 37.28485 25.58517 31.29005 12.15172 4.79317 1.52206 0.02670 0.17929 0.02098 1.19209 0.49973 0.36240 0.09727 2.12288 3.83949 1.96075 4.03976 3.94058 0.84686 0.04768 0.37193 1.14250 1.48392 4.77600 3.90244 2.22969 2.70462
0.01144 0.00191 2.09618 20.45059 15.44571 8.37708 17.75742 32.38487 8.59261 18.39447 4.85992 0.95940 0.34904 0.15450 0.08392 2.73323 1.48392 5.27000 4.28200 10.99777 13.83400 3.75748 3.30353 5.21660 1.53542 1.85013 3.74413 2.36511 4.19807 1.04523 6.41060
0.00191 0.08583 14.50348 2.15721 3.83186 2.75803 1.88828 2.32124 24.38736 15.91301 19.18793 12.62856 10.21004 0.90027 0.96130 1.73569 0.67520 18.14842 5.34439 3.96347 3.18527 3.95584 9.37653 7.79915 10.69832 12.19559 47.10770 15.21492 4.01497 13.17596 2.92397
0.02670 0.70190 5.54657 1.84822 1.54686 0.87738 0.54169 2.65503 4.65965 13.55934 22.03560 31.37970 8.43811 7.40814 22.45522 13.17024 21.81625 17.86232 6.01006 6.18362 3.55911 7.08961 2.95830 31.31866 29.87099 127.38037 112.90741 36.66115 28.50342 6.06155 10.39886
1.21880 29.12331 26.82877 5.04112 1.68228 1.02806 0.43106 0.50735 3.93867 2.88773 6.39153 18.45741 38.73062 9.89914 8.15201 6.14166 9.96780 23.17619 38.93280 20.97130 92.82494 43.23769 10.70023 19.86313 1.18637 6.27518 92.84973 46.72050 44.11507 7.77054 3.27682
5.62286 79.88167 160.82573 53.83110 7.46346 1.97220 0.70763 0.26894 0.83923 0.35286 3.26347 13.31520 18.17703 32.37915 11.26099 0.86975 6.97517 7.52258 6.86646 7.28416 3.05748 3.70407 25.98381 0.32997 2.90871 16.75606 56.43845 25.62904 29.58488 12.09259 34.97887
24.26529 69.17381 153.47290 79.74434 16.94489 1.79863 0.54550 0.84114 0.08965 0.33379 0.82016 8.02994 7.82013 22.93205 13.01956 2.58064 1.12534 3.82996 3.47137 8.13484 2.53105 5.04303 34.90067 2.05803 3.21007 5.99861 1.79482 5.48935 16.51001 7.71904 5.76210
10.02693 28.49007 75.42038 58.47931 46.48781 5.28526 0.30708 0.82016 0.81825 0.28038 1.09482 6.53458 8.97789 13.57079 17.91573 28.15247 4.56619 3.97682 8.83293 1.93596 1.91116 1.94168 0.46158 1.07193 17.55524 2.02179 0.99182 3.17001 5.42450 11.95145 12.21275
18.81790 32.67288 81.20346 39.41345 20.81680 2.23732 1.08337 0.60844 1.74904 0.20981 0.08965 2.09999 8.95691 17.61246 16.90865 17.81273 9.77898 6.82068 6.89507 10.90431 2.89726 2.41470 2.09618 2.04086 5.49698 0.50354 0.02098 2.35939 6.21033 20.24651 4.73785
5.34630 12.06017 17.51328 19.22226 5.16129 0.18120 1.29128 1.42097 2.22206 8.05092 11.48033 5.02777 2.87056 15.56396 44.14558 40.79437 24.11079 21.77048 10.56480 4.32205 3.95012 12.93945 3.65829 10.21194 5.64003 0.64087 0.61989 0.61989 14.58931 9.06563 10.91385
3.97682 6.47926 2.01416 15.94353 6.24084 0.69237 0.63705 0.57220 0.19073 2.12479 14.80865 11.24001 15.72418 6.42586 3.58200 14.11438 56.50139 45.23659 46.35048 18.42499 8.46291 16.71982 15.99884 13.04245 1.74141 1.54305 1.05858 0.51308 0.76103 11.90376 11.48033
3.46375 3.66783 5.80597 12.50267 3.15094 1.73950 1.07956 1.25885 1.21117 6.22749 15.09476 25.02441 10.54764 17.19093 4.73976 20.13588 33.52165 33.66852 52.67334 47.79816 13.89122 12.23373 17.81082 27.46201 29.27017 3.81279 3.63350 2.27928 2.00462 7.07817 5.89180
