DATA/RAW-RASTER/ECMWF/20170628/EN-45/20170706.en-45.asc
ncols			31
nrows			16
xllcorner		69.5
yllcorner		19.5
cellsize		1.0
NODATA_value	-99999
4.65393 0.67139 9.03702 3.38364 8.97980 8.96835 2.22778 5.77545 9.17435 3.59726 2.10190 6.23322 9.99451 9.25064 12.22610 12.32529 5.48553 3.43323 2.00653 4.10080 2.40326 3.55911 3.09372 2.04849 1.68228 1.51825 1.04141 1.20163 1.89972 1.04523 2.89917
0.17548 0.49210 1.44577 27.31705 8.79288 4.10461 6.75201 7.90405 12.18033 2.81525 7.32040 8.97217 6.90079 2.77328 3.41034 2.56348 1.71280 3.13950 3.57819 0.72098 2.71606 9.68552 9.46808 4.21906 1.16730 2.41470 2.55585 1.88065 9.32693 4.69208 1.35040
0.50735 2.88010 0.65231 30.46417 63.17139 40.24506 18.97049 5.82504 3.42178 0.64468 1.15967 0.58746 1.22452 0.74387 1.33896 2.22397 2.57111 3.30734 1.51062 3.20053 5.85938 18.03589 10.26154 4.45938 8.98361 4.53186 5.34439 9.91821 13.89694 5.89752 5.98907
4.58527 0.20599 2.72369 8.33511 26.83640 45.04395 23.45657 12.44354 0.74768 0.06485 0.16785 0.43106 0.14496 0.99945 3.08990 0.66757 0.81253 8.37326 5.34821 8.16727 6.75201 9.24301 7.02667 4.87137 6.35147 3.17383 8.47244 13.65280 12.52365 9.88007 2.28882
2.60925 0.82397 4.26102 3.75366 1.99890 7.08771 14.26697 5.77164 0.38528 0.92697 0.02289 2.01035 1.99127 0.83542 0.62943 2.04468 3.01743 9.06754 6.54602 2.34222 3.99017 2.52151 6.54984 3.20435 7.16782 2.71988 1.38855 1.84250 3.28064 4.60052 7.24792
1.31989 0.01526 0.00000 0.12970 0.66376 0.04959 2.99454 2.60925 7.36618 8.88443 9.77325 9.79614 7.20978 1.39236 2.59781 2.39182 1.96838 5.75638 2.82669 3.65448 2.49863 6.92368 6.88553 12.49695 9.64355 6.45447 5.35583 2.41470 6.62231 9.80377 8.54874
0.00000 0.00000 0.00763 0.00000 0.00000 0.01144 0.01144 0.27084 0.68665 6.01578 6.48880 13.96561 14.38522 13.35144 9.34601 12.03537 10.05936 4.13132 4.32587 2.66647 2.75421 4.23813 3.86429 7.90787 15.84244 72.10922 24.89853 9.57489 2.52914 1.48773 2.01416
0.00000 0.00763 0.00000 0.00763 0.24033 0.01907 0.00000 0.00000 0.44250 0.58365 3.29590 9.18961 49.53384 39.36768 50.50659 97.78214 32.75299 4.61960 1.29700 4.88281 8.85010 18.66150 12.89749 25.29907 41.45050 38.71536 59.69238 25.27237 44.38019 6.83975 7.29752
0.00000 0.00000 0.09155 0.27847 0.27847 0.05341 0.03052 0.00000 0.00000 0.08392 0.58746 4.81033 8.82339 8.15964 15.67459 53.39813 95.28351 38.15079 32.70340 26.21078 45.41779 52.92511 62.69455 54.90112 21.67130 62.93869 23.01407 142.39120 117.81693 22.39227 6.45065
0.09537 0.41199 1.08719 1.04904 0.55695 0.14496 0.25940 0.88120 0.27847 0.06485 2.47574 2.89536 5.93567 11.16180 11.19232 6.59180 21.07620 16.41846 17.23099 18.77594 20.74814 57.12891 66.16974 13.73672 21.65985 20.14160 12.98904 21.28601 29.83093 22.79663 9.36890
0.28992 0.87738 0.70572 1.14822 0.06104 0.51117 0.01907 0.14114 0.22507 0.20981 0.91171 0.81635 12.50076 12.40540 8.94547 8.39996 11.68823 13.72528 8.85773 18.16559 20.08820 166.37039 69.45801 50.73547 36.98730 12.95090 3.10135 9.88388 21.36230 2.34604 1.52969
0.16785 0.39673 2.31552 1.94550 1.83105 0.52643 0.46539 1.92642 0.62180 8.78906 1.39236 3.74603 2.68555 2.61688 4.97437 5.67245 3.19290 7.00378 18.91327 35.25162 57.15942 42.13333 17.73071 5.41306 34.32465 2.07138 1.17874 4.85611 5.35202 7.81250 1.09482
0.60272 0.68665 0.32806 0.61798 1.01852 0.42725 0.08392 0.42725 1.54114 5.54276 13.32855 17.42554 18.31818 19.22607 13.82828 8.07571 1.44958 0.45013 3.02124 8.36945 82.75604 25.39062 15.85388 39.63470 5.69916 1.23596 0.64087 5.88226 1.63269 1.19781 0.99182
1.68228 1.33133 0.10681 2.02179 3.49045 1.35422 0.46539 1.14822 9.68933 9.93729 0.24796 10.57053 8.79288 2.45285 4.10461 0.99564 0.10300 0.21362 3.12042 22.96829 14.12582 18.02063 32.06635 28.91159 2.86484 1.11389 1.23215 0.52261 1.05286 1.68610 1.84631
4.40979 2.70844 2.09808 5.66864 3.50571 1.22833 0.86212 3.01743 0.53024 0.20599 4.63104 0.59509 4.31442 7.10678 3.19290 0.10300 0.01144 0.00000 0.16785 13.54218 28.75519 34.99985 51.39923 19.69528 18.52798 2.93732 3.64304 0.25177 0.27466 2.29645 14.12582
2.37656 2.01797 2.34604 7.46536 0.75531 1.93787 1.11008 0.64850 0.02670 0.06866 0.04578 0.41580 0.52643 1.17493 2.03705 0.45013 0.12207 0.00000 0.00763 0.27084 5.64575 8.82721 23.15521 33.53882 37.31918 5.50079 6.80542 1.98746 0.83923 0.66757 0.78964
