DATA/RAW-RASTER/ECMWF/20170628/EN-45/20170704.en-45.asc
ncols			31
nrows			16
xllcorner		69.5
yllcorner		19.5
cellsize		1.0
NODATA_value	-99999
0.02289 0.27466 0.06866 1.85013 3.72696 0.09155 0.65613 0.01907 0.08392 0.01526 0.18311 0.51498 1.33896 0.91171 1.86539 2.72369 1.68228 2.34985 2.78091 3.71933 5.00107 4.65393 2.08282 3.63922 3.12805 8.53348 7.41577 6.61850 12.98523 17.73071 5.71060
0.37384 0.01526 0.54550 2.76566 2.25067 0.05341 0.01526 0.08392 0.00763 0.00000 0.00381 0.49210 2.70462 2.54440 2.57492 2.10190 0.95367 1.54114 2.26593 3.01743 0.98801 4.22668 3.60489 1.89209 8.58307 4.61960 10.56290 17.91382 17.43698 8.87299 6.23322
0.27084 0.36621 0.31281 2.45285 3.04031 1.99127 2.46048 0.17548 0.14496 0.01526 0.81635 1.83487 1.72424 1.90735 1.75858 0.92697 4.92477 7.52640 9.47952 4.73404 5.49316 2.05612 4.13895 2.81143 4.91333 6.86646 4.48227 11.30676 14.34326 10.02884 9.78088
0.51498 0.15640 0.40436 3.25012 0.80490 3.32642 2.18964 9.09424 0.06485 0.03433 1.04904 1.39236 0.61798 3.00217 5.13458 2.98691 3.88336 6.65665 3.96347 2.47574 7.55692 9.68170 9.04846 9.81140 11.11603 0.76675 2.28500 1.17111 4.05502 5.20325 10.99014
0.07248 0.01907 0.09918 0.57602 2.17819 2.81906 2.49863 8.44955 17.30347 5.03922 0.34332 2.78854 2.71606 9.08279 5.95093 8.59070 7.30133 14.55307 6.77109 7.87735 8.17108 12.66098 10.90622 3.26920 0.49973 0.78583 2.04086 4.55475 2.25449 4.37164 2.22015
0.80490 0.00000 0.00000 0.09155 0.52261 0.87357 0.57602 2.77710 18.45932 7.75909 12.75635 10.31494 9.09424 0.59128 6.49261 4.68826 7.90405 4.03214 10.24246 9.00650 5.21469 8.56018 15.39612 5.56946 6.27518 6.77872 6.79016 0.88501 5.38635 5.93948 7.16019
0.00381 0.02670 0.00000 0.06104 2.71606 0.38147 2.17819 5.76019 13.38196 15.65552 13.55743 24.17755 9.14001 5.37491 3.02505 2.76947 5.22614 4.78745 0.57983 1.54114 1.52588 1.97983 9.32312 8.80432 13.54599 30.42221 27.73285 10.38742 2.68555 6.06918 6.11496
0.00000 0.00000 0.00000 0.06866 2.11716 4.35638 5.85175 18.04352 6.17981 15.18631 23.94867 22.70508 27.67181 18.09311 11.68442 4.76074 5.96619 7.20596 5.68008 3.50189 3.55530 13.51929 1.77383 22.60971 37.97150 125.26703 14.94980 9.84573 26.89362 5.27954 9.32312
0.00000 0.00000 0.93079 11.08932 14.38522 2.06375 5.16891 10.87952 7.74002 20.42007 7.72095 15.16342 26.43204 20.91599 17.39883 15.47241 15.64789 8.72040 39.28375 8.60214 26.74103 107.05948 118.34335 20.76340 51.58997 3.76129 9.72748 37.57095 42.40417 8.85773 1.77002
0.00000 0.00381 2.04468 12.58087 7.69424 2.22015 1.82343 2.10190 5.73730 5.84030 2.71606 7.99561 9.81522 5.56946 27.30179 37.09793 31.56662 14.11057 11.90567 5.84030 2.96402 14.06479 55.55725 1.01471 2.21634 20.57266 76.73645 32.49359 33.50449 5.10406 3.97491
0.03815 0.06485 11.56998 21.15631 7.56073 11.89041 2.59781 22.22443 16.15524 4.74548 0.77438 6.01196 4.65393 5.06973 5.72205 16.19720 15.61737 11.83701 14.73618 10.66208 13.60321 16.35742 37.52899 6.11496 14.98795 3.37601 1.91879 1.28174 4.70734 12.77924 3.77655
0.09537 0.48065 4.60434 9.25446 0.67139 3.02887 1.43051 0.87357 1.23978 2.04468 2.73132 2.56729 7.61795 6.19507 6.34384 9.54437 8.05283 10.15091 15.03372 25.90179 25.54321 14.25934 3.21960 49.22104 9.33838 1.19781 1.27792 9.88007 19.34433 8.02231 3.79944
0.55695 0.36621 1.37711 2.73895 4.52042 3.27301 0.69046 0.88501 0.46158 0.98801 0.82397 0.98801 1.65176 2.76947 0.99182 4.24957 3.63159 12.74872 44.26575 42.80853 24.41406 22.28928 6.38199 4.57382 48.27881 1.25122 1.59836 2.51389 11.57379 10.28061 4.32968
1.56784 1.50299 0.33188 4.20380 3.10135 1.41907 0.67902 1.23596 1.06430 1.99509 3.41034 0.98801 5.25665 1.32751 1.37711 2.87628 0.28992 4.55475 1.07956 8.52203 1.91498 15.37323 21.24405 15.68985 2.06375 0.59128 6.82449 17.23099 12.56180 9.00269 3.96347
2.00653 1.01471 1.81961 3.36838 2.04086 1.36566 0.65613 0.95367 0.27847 0.11444 1.66702 5.50461 0.24414 0.40054 0.18692 0.06485 0.01144 0.94223 11.64627 10.70023 9.61685 7.11441 39.80255 19.51218 3.60870 2.61688 35.21347 1.54495 0.90790 5.52750 16.60156
1.94931 2.56348 2.18201 7.16019 0.32425 1.20926 0.85068 1.39618 1.57166 0.41199 2.10571 8.33511 1.52588 0.46921 0.90027 0.38528 0.01526 1.06430 14.15634 14.12201 8.11005 8.90350 12.53891 17.62772 53.48587 7.10297 29.12903 2.76184 3.79562 6.76727 1.93024
