DATA/RAW-RASTER/ECMWF/20170628/EN-45/20170710.en-45.asc
ncols			31
nrows			16
xllcorner		69.5
yllcorner		19.5
cellsize		1.0
NODATA_value	-99999
0.77820 4.31824 9.93347 4.02832 0.38910 0.84686 0.08392 0.54169 0.19073 1.96075 0.92316 0.34332 0.07629 0.03052 0.01526 0.00000 0.01526 0.09918 0.17548 0.38147 0.32043 0.37384 0.27466 0.09155 0.01526 0.05341 0.00000 0.02289 0.00000 0.00000 0.00000
1.83868 1.35040 15.90729 9.24683 6.35529 1.51825 1.12152 1.61743 0.86212 0.86212 0.97656 0.22888 0.51880 0.07629 0.65613 0.16022 0.39673 0.19836 0.16022 0.24414 0.47302 0.00763 0.00000 0.00000 0.01526 0.00000 0.00000 0.00000 0.00000 0.00763 0.20599
1.19019 0.24414 0.20599 6.50024 24.02496 6.43921 3.95966 0.16785 0.89264 0.05341 1.14441 0.69427 0.00000 0.00763 0.03052 0.30518 0.44250 0.41199 0.29755 0.52643 0.06866 0.00000 0.00763 0.08392 0.09155 0.09155 0.23651 0.07629 0.03815 0.34332 1.22833
0.12970 0.00000 0.14496 0.27466 3.01361 4.17328 2.55585 3.32642 0.16022 0.23651 0.52643 0.77057 0.25177 0.78583 0.22125 0.61035 0.24414 0.49591 0.13733 0.03815 0.22125 0.03815 0.08392 0.10681 0.02289 0.13733 0.12207 0.68665 1.42670 3.67737 3.79944
2.39563 0.00000 0.00000 0.00000 0.70190 0.86975 0.43488 2.06757 5.63049 0.16022 0.00000 0.24414 0.86975 6.13403 0.54932 2.16675 1.12152 0.46539 2.22778 1.06812 0.34332 0.17548 0.45776 0.33569 2.60925 1.59454 0.61798 0.95367 0.85449 3.58582 4.23431
0.77820 0.00000 0.00000 0.00000 0.00000 0.06104 1.05286 0.22125 1.54114 5.07355 10.60486 2.98309 7.10297 8.27026 11.20758 13.48877 10.71930 7.72095 2.60925 0.98419 0.09155 3.82233 1.70135 5.32532 12.80975 14.36615 1.46484 11.25336 3.87573 9.65118 5.30243
0.00000 0.00000 0.00000 0.00000 0.10681 0.03815 0.10681 0.28992 0.36621 3.93677 3.38745 2.51770 4.84467 10.53619 19.31763 27.43530 28.53394 20.21027 24.20807 21.83533 20.64514 4.66156 13.66425 23.50616 16.39557 20.53070 9.04083 12.38251 18.35632 24.58954 15.88440
0.00000 0.00000 0.00000 0.00000 0.00000 0.14496 0.34332 2.53296 0.10681 1.54877 1.86157 3.38745 3.77655 5.76782 30.54047 25.48981 14.84680 5.78308 6.43921 11.41357 12.68005 36.91864 18.40973 29.48761 59.93652 10.11658 44.63959 9.81903 11.63483 4.37927 20.35522
0.00000 0.00000 0.00000 0.02289 0.00000 0.00000 0.17548 0.25940 1.08337 0.04578 0.70190 3.15094 2.85339 6.71387 12.19177 4.10461 10.92529 22.10236 10.87952 14.58740 31.39496 66.13922 64.44550 37.11700 31.16608 19.40918 57.13654 93.02521 42.77802 3.48663 22.29309
0.02289 0.10681 1.09100 0.25940 0.16785 0.00000 0.00763 0.24414 0.41199 0.70953 1.77765 1.99890 2.03705 4.61578 10.17761 9.40704 6.41632 8.77380 7.06482 21.62933 40.13062 10.06317 43.39600 13.96179 12.41302 63.87329 20.01190 71.73920 70.64819 16.27350 7.34711
0.33569 1.56403 0.84686 0.46539 0.04578 0.03815 0.27466 0.64087 1.35803 0.56458 0.64850 0.73242 0.60272 0.64850 0.71716 2.41089 2.02179 0.37384 0.08392 13.91602 4.83704 30.66254 55.46570 14.60266 23.39172 13.63373 2.89917 10.10132 39.54315 4.24194 3.08990
0.85449 0.57220 1.56403 1.83105 0.55695 0.55695 0.17548 0.74768 0.43488 0.71716 0.49591 0.07629 0.32806 0.60272 1.30463 0.29755 0.06104 0.03052 2.88391 6.62994 7.03430 20.56885 8.17871 12.86316 9.68933 11.65771 1.71661 6.14929 23.36121 6.90460 6.96564
1.70898 0.69427 0.60272 1.73950 1.45721 2.71606 3.69263 2.28119 2.63977 0.98419 0.23651 1.05286 0.91553 2.12860 0.09918 0.03815 0.11444 0.90790 8.55255 16.67023 7.59888 4.63104 8.88062 7.03430 10.54382 1.93024 0.76294 3.21960 2.29645 3.91388 3.98254
1.42670 1.53351 0.30518 0.93842 1.56403 0.60272 1.04523 1.62506 1.88446 0.13733 1.17493 1.90735 0.15259 0.00000 0.19073 1.61743 1.41907 12.13074 5.98907 8.57544 6.84357 22.65930 15.90729 7.90405 4.03595 1.31226 1.65558 7.48444 35.24017 2.71606 2.70844
1.28174 1.83105 0.21362 2.00653 4.28009 0.88501 0.09918 0.86212 0.43488 1.49536 0.81635 1.42670 0.76294 0.56458 0.06866 0.91553 5.61523 4.50897 5.33295 7.33185 21.50726 8.12531 13.10730 11.03973 1.35040 1.87683 0.88501 1.27411 3.51715 3.63159 8.49915
2.27356 2.88391 2.64740 8.39233 1.48773 2.47955 0.14496 0.99182 1.02234 2.24304 20.19501 4.12750 2.15912 0.64850 0.77057 2.41089 6.22559 2.76947 6.89697 6.27899 7.53784 6.77490 8.14056 11.05499 5.45502 1.51062 1.44958 1.35803 1.38855 3.65448 9.03320
