DATA/RAW-RASTER/ECMWF/20170628/EN-45/20170711.en-45.asc
ncols			31
nrows			16
xllcorner		69.5
yllcorner		19.5
cellsize		1.0
NODATA_value	-99999
0.16022 0.69427 3.59344 3.18909 2.76947 3.15857 0.78583 0.28992 0.12207 1.29700 2.42615 3.04413 2.30408 10.94055 8.65173 9.26971 5.56183 0.27466 0.09155 0.96893 0.87738 1.55640 0.41199 0.20599 0.19073 0.17548 0.18311 0.16785 0.22888 0.05341 0.46539
1.51062 0.67902 5.51605 5.86700 3.31879 0.68665 1.02234 0.83923 0.38147 1.36566 2.73132 2.15912 5.15747 6.47736 1.50299 5.82886 4.04358 2.39563 1.80054 1.20544 0.58746 0.22888 0.18311 0.00763 0.07629 0.23651 0.17548 0.09918 0.11444 0.19073 0.30518
0.64087 0.25940 0.86212 7.10297 5.16510 5.53894 1.44958 0.09918 0.26703 0.40436 3.55530 2.90680 0.97656 2.27356 1.35040 1.46484 0.66376 0.54169 0.38147 0.20599 0.03052 0.00763 0.00000 0.22125 0.10681 0.18311 0.25940 0.33569 0.06104 0.39673 0.00763
0.01526 0.00000 0.03052 0.03815 2.46429 6.14166 4.32587 16.28876 0.05341 0.09918 0.54169 1.77002 1.30463 1.28937 0.70190 0.43488 0.05341 0.00000 0.00000 0.00000 0.00000 0.00000 0.04578 0.51880 0.73242 0.67902 0.72479 0.25940 0.79346 0.17548 0.09155
0.00000 0.00000 0.00000 0.00000 0.00000 1.84631 1.94550 2.57111 1.93024 0.01526 0.00000 0.61035 2.16675 2.17438 1.44196 0.33569 0.00000 0.00000 0.00000 0.00000 0.00000 0.05341 0.10681 0.39673 0.28229 0.08392 0.09155 0.12207 0.09918 0.15259 0.17548
1.03760 0.00000 0.00000 0.00000 0.00000 0.09155 0.07629 2.68555 4.16565 6.63757 34.82056 3.59344 7.18689 2.86865 3.50189 1.19781 1.28174 0.28229 0.34332 0.03052 0.00000 1.18256 0.45013 1.35040 0.93842 0.16022 0.41199 0.98419 0.08392 0.01526 0.32806
0.00000 0.00000 0.00000 0.00000 0.00763 0.00763 0.28992 1.90735 4.93622 6.99615 24.49036 12.22229 13.92365 7.57599 0.80109 1.48773 2.41089 2.94495 0.97656 0.61798 1.34277 1.23596 2.77710 4.64630 14.34326 7.59125 21.78955 12.76398 5.23376 4.14276 3.05939
0.00000 0.00000 0.00000 0.00000 0.18311 0.00000 0.16785 0.16785 0.60272 6.41632 11.00159 12.35962 2.86102 3.10516 27.46582 0.85449 4.21906 8.20160 1.62506 8.94165 3.83759 10.72693 7.16400 13.26752 12.06970 78.45306 152.50397 36.35406 38.45215 27.33612 19.24133
0.00000 0.00000 0.00000 0.00000 0.01526 0.01526 0.03052 0.07629 0.44250 1.25122 2.42615 12.26044 4.65393 2.50244 7.63702 4.21143 2.86865 28.46527 21.91162 44.45648 37.43744 41.66412 24.84131 22.15576 12.96997 22.10999 65.75012 36.14807 72.37244 40.69519 28.05328
0.02289 0.16022 0.33569 0.34332 0.07629 0.00763 0.04578 0.15259 0.25940 0.28229 0.46539 1.07574 6.97327 2.87628 8.90350 6.82831 13.49640 18.11981 60.20355 31.43311 16.56342 11.64246 12.96234 13.25989 11.25336 41.54968 63.59100 25.65765 17.56287 15.84625 37.37640
0.07629 0.96893 0.67902 0.78583 0.09918 0.32043 0.40436 0.74768 1.38855 1.06812 1.09100 0.96893 2.05231 1.48010 10.52094 21.62170 18.10455 29.89197 7.51495 2.72369 15.15961 24.69635 75.85907 5.11169 7.31659 23.54431 8.72040 8.59833 8.69751 7.39288 11.70349
0.36621 0.48065 0.97656 1.43433 0.17548 6.17218 1.09863 0.74005 9.04846 5.41687 1.62506 4.18091 5.60760 4.82178 17.87567 24.26147 7.37000 8.27789 5.68390 10.01740 4.29535 2.34222 4.36401 7.91168 26.89362 6.38580 1.49536 15.54108 22.65930 19.40155 16.16669
0.66376 0.90790 0.29755 12.04681 1.86920 0.41199 0.54169 0.07629 0.28229 0.45776 5.16510 2.73132 2.49481 6.88934 24.76501 6.03485 17.13562 9.24683 6.05011 7.24792 4.47845 2.23541 3.63159 6.09589 18.91327 0.96893 0.42725 2.22015 8.50677 19.40918 17.84515
1.81580 1.44196 1.21307 0.70953 0.52643 0.16785 1.87683 0.83923 0.45776 2.86865 5.95093 2.42615 13.31329 5.07355 14.64081 8.97980 6.91223 3.06702 3.49426 7.38525 1.28937 3.64685 1.68610 3.16620 1.06049 0.03052 0.22888 12.21466 37.68158 6.95038 10.97107
1.80054 2.89154 1.15204 2.12097 5.67627 1.72424 0.35858 0.44250 0.27466 4.98962 9.04083 8.34656 11.97815 17.89093 12.00867 9.01794 12.26807 2.99835 1.33514 1.08337 1.84631 1.80054 2.54059 3.91388 1.06812 0.38910 0.10681 4.04358 11.40594 18.83698 5.49316
0.67139 1.09863 3.70789 5.66101 1.23596 1.47247 0.62561 0.62561 0.09155 0.54169 13.26752 6.50024 4.26483 16.17432 5.33295 31.09741 13.77106 1.41144 3.20435 1.73950 1.62506 1.49536 2.83051 6.58417 17.65442 1.04523 1.19019 1.87683 4.88281 1.80817 2.88391
