DATA/RAW-RASTER/ECMWF/20170628/EN-45/20170705.en-45.asc
ncols			31
nrows			16
xllcorner		69.5
yllcorner		19.5
cellsize		1.0
NODATA_value	-99999
0.22507 1.23215 4.01688 2.11716 1.69373 3.49045 6.90460 5.64194 2.88391 0.36240 0.11063 0.39673 0.64850 1.56784 2.23923 0.71335 1.99127 0.67520 1.23215 1.29318 3.60107 3.00980 1.54495 1.46103 3.53622 3.97873 3.17001 0.79346 0.86975 2.34222 8.57544
0.00000 1.40762 18.09311 13.41629 11.91330 1.88828 6.86264 1.36185 0.40817 0.08774 0.05341 0.06104 0.58365 3.25775 3.86810 2.33841 6.79016 10.38361 7.09915 2.57492 1.38092 0.91553 0.85068 3.48663 10.19287 10.91766 6.26373 8.04901 10.54764 5.21851 6.85120
1.18256 9.27353 7.22885 26.07346 82.70645 18.40591 7.51495 2.13623 0.85831 0.04196 0.00381 0.03052 0.23651 1.01852 6.71768 5.97000 11.06644 4.21143 5.67627 1.78146 2.59781 2.05612 4.53186 8.42667 9.62448 8.75473 8.85773 18.10455 10.83374 10.18143 12.84027
1.55258 0.00000 0.01144 2.91824 6.90079 28.54919 14.05334 14.81247 0.11444 0.01526 0.01144 1.22833 0.72479 1.32370 14.63699 13.49640 7.89261 3.81470 6.62994 5.92804 4.83322 7.14874 11.35254 12.29477 14.07623 10.24628 14.69803 13.91983 19.86313 18.14651 14.38141
0.48447 0.00000 0.00000 1.37329 2.30789 3.52859 17.91382 5.70679 15.35797 0.59891 0.06485 1.61743 4.99344 7.25174 2.04468 5.77927 6.08444 8.72421 13.28278 15.49911 9.97925 15.73944 8.49915 10.70786 7.25174 3.97491 6.58035 4.27628 14.03046 13.55743 15.31982
0.10681 0.00000 0.00000 0.00763 2.40326 0.57602 3.14713 7.61032 16.48712 19.44351 51.29623 19.75250 12.46643 1.38474 3.34167 2.43378 5.00870 5.47409 11.14273 6.74438 4.73022 8.54492 13.05389 9.81522 15.06424 22.17484 11.56616 1.39618 6.69098 4.28009 1.59454
0.00000 0.00000 0.00000 0.00381 0.04959 0.41580 0.63324 4.21143 14.53018 19.96994 19.28329 21.92688 94.11240 18.00156 9.62067 4.39072 2.56348 2.93350 3.62015 7.82776 7.37381 8.88443 15.22446 13.96179 26.80588 87.47101 28.83148 14.45389 8.57925 1.87683 7.77435
0.00000 0.00000 0.00000 0.00000 0.00381 0.51498 0.38910 3.01743 31.34537 17.67731 16.79611 27.32086 42.61398 39.35242 42.13333 12.98904 4.79126 3.27301 0.75150 0.30899 4.66919 17.67349 2.38800 26.92032 34.30557 49.12186 40.16876 14.23645 23.13614 7.24030 9.21249
0.00000 0.00000 0.00000 0.05722 0.26321 0.98801 1.05667 5.32913 13.24081 24.54376 14.69040 15.86914 32.60803 18.30673 24.34158 21.45004 30.49469 23.16666 16.36887 25.58899 12.15363 13.03864 22.52960 37.33826 55.58014 21.39664 39.26468 98.51837 58.06351 9.46808 5.11551
0.01526 0.31281 0.34714 0.67139 0.38528 0.27084 0.60654 1.13678 3.14331 6.00433 13.32092 9.98688 11.81412 10.28442 19.40536 23.11325 24.49799 30.58243 25.72632 17.61246 17.24625 23.65875 21.16776 34.18732 54.88968 30.50995 26.55411 10.43701 8.35037 7.04575 6.35147
0.26703 0.33951 0.37766 0.21362 0.50735 0.82397 1.10245 1.00708 1.85776 2.73895 2.05612 4.19235 9.60541 5.18036 4.28009 5.53513 13.78632 15.40375 18.49365 24.41406 31.38733 43.85376 62.15286 81.01654 35.98785 16.64734 5.13458 11.26862 16.66260 1.51062 1.74332
0.59128 0.43488 2.41852 7.31277 12.46262 0.57983 0.77438 1.76239 0.42343 2.68555 5.04684 3.10516 0.49973 0.31281 1.02997 5.71060 5.83649 5.66864 11.66916 26.39389 33.86688 40.40527 7.51877 7.14111 15.18250 1.43814 1.67847 7.67136 3.89862 1.56403 1.02615
0.88120 1.10626 0.48828 2.16675 1.16348 0.70953 0.28610 0.40436 0.56458 3.48663 1.07193 0.52261 0.02670 1.08337 0.87738 7.72095 7.96509 10.20813 15.37323 31.08215 48.20633 40.56549 13.53836 4.57764 8.27026 2.44904 0.32425 13.29803 4.05121 5.84793 12.35962
1.07574 1.07193 1.08337 2.23160 3.37982 0.69427 0.70190 2.29645 0.91934 0.58746 1.02997 3.74222 0.02670 1.05286 0.38910 0.73242 5.68390 3.49045 13.50403 41.96548 12.25662 51.04446 16.81900 10.10895 8.51822 0.69809 1.71280 6.60324 3.23868 3.66211 3.00980
2.29645 2.20490 1.50681 2.83813 5.79453 15.21301 9.00269 1.43051 0.56076 0.03433 0.41580 0.36621 0.19836 0.24414 0.70572 0.67520 2.04468 0.51498 0.96512 6.27136 13.72910 29.07181 30.83420 6.74438 0.19836 0.96512 3.05176 3.16620 0.56076 4.72641 9.04465
2.50244 2.94113 2.50626 9.15909 2.89917 1.67084 1.42288 1.72043 0.14496 0.00000 0.07629 0.34714 0.13351 0.74387 0.25558 0.12970 1.52206 0.01526 2.04849 4.35638 10.91003 11.24954 18.19229 10.94818 16.29257 7.30515 8.99124 1.79291 2.84195 1.25504 1.50299
