DATA/RAW-RASTER/ECMWF/20170628/EN-45/20170702.en-45.asc
ncols			31
nrows			16
xllcorner		69.5
yllcorner		19.5
cellsize		1.0
NODATA_value	-99999
0.11444 2.25830 4.42505 0.62561 2.70844 0.12970 0.25558 0.08392 0.18311 0.01526 0.06866 0.28229 0.99182 4.42505 2.59399 3.01743 3.65448 2.34222 1.25885 1.64032 3.68881 2.41852 0.86594 3.01361 3.40652 0.98038 2.22778 1.02997 0.60654 2.03323 10.66208
0.16785 0.21362 0.20981 5.08499 4.24576 0.22507 0.04578 0.49591 0.32806 0.04959 0.13733 0.57602 1.83105 0.64850 1.56784 2.48718 3.33023 6.72531 1.43051 1.83487 1.60980 1.58691 2.81143 6.32095 1.96457 1.19400 6.35147 1.37711 1.03378 2.44904 7.51495
0.01526 0.00000 0.00000 1.47629 4.85611 7.61032 5.54657 0.11444 0.42343 0.42725 0.40054 1.34277 0.85831 0.77438 0.96893 2.00653 3.39127 3.45612 1.89209 3.45993 0.65231 0.45776 0.90408 8.01468 12.76016 13.93509 2.56729 0.60654 1.35422 3.37601 9.68552
0.00000 0.00000 0.25940 0.46921 1.13297 3.50952 6.56128 11.55853 0.04578 0.54550 1.54495 2.73132 4.05502 5.25665 8.73184 4.34875 6.90460 4.84848 10.89096 19.18793 5.44739 2.62451 3.01743 12.46643 16.24298 17.86423 14.01520 5.17273 0.77820 1.58691 3.32642
0.00000 0.00000 0.35858 0.80490 7.38525 8.47244 5.31006 7.59125 21.47675 2.75040 1.09863 4.87900 3.00217 9.26971 7.41196 12.61902 9.30405 11.10077 4.77600 4.19235 6.19125 15.86533 16.96777 11.56235 7.56073 4.25339 8.88062 25.65002 9.37271 7.96509 5.10788
0.03815 0.00000 0.24414 0.70572 1.30463 1.52969 1.61743 2.17438 42.20963 42.96112 59.17358 8.75092 7.49588 5.10788 5.38254 11.89041 28.47290 13.97324 7.04956 4.07410 4.14276 11.94382 9.81903 13.41248 8.20923 12.73346 6.11496 0.93460 13.21793 6.68716 5.26810
0.00000 0.01907 0.56839 0.44632 0.01144 0.02289 0.66376 3.84521 5.42831 4.51279 34.71756 22.37320 19.70291 11.77979 1.32751 10.50949 4.14658 11.60049 4.01306 10.37598 3.24249 4.69971 18.52798 8.05664 4.81415 48.22922 13.75198 4.29535 3.38364 7.54547 8.28171
0.00000 0.32425 2.83813 0.71335 0.72861 0.33569 0.54932 1.45721 7.76291 32.75299 14.76669 8.48770 70.03784 10.56290 22.20154 5.07736 23.39172 8.01849 3.54767 2.75040 5.82504 8.00323 0.79727 25.13504 9.76181 27.30179 5.76019 3.66592 24.29199 3.04413 3.91006
0.00000 1.93405 22.62497 53.22647 16.44135 13.19122 1.59454 2.64359 4.53568 23.61679 29.77371 27.40860 39.44778 12.20322 17.36069 69.75174 2.31552 10.47897 3.87192 4.90952 3.70407 13.43918 7.07626 21.77048 15.80429 6.44684 18.15033 32.16934 69.91577 14.22119 2.79617
0.00000 0.08774 30.14755 58.47168 23.96774 6.70242 2.28119 1.21307 3.81088 7.54929 32.03201 35.15244 12.27951 9.49860 6.57272 7.48444 7.70569 2.12097 3.19290 7.30133 12.89749 10.18143 70.27435 17.06696 8.69370 21.72470 128.49045 49.80469 40.42435 5.31387 3.15094
0.00000 0.53787 14.48441 16.05225 19.97757 1.95312 11.89423 4.21524 3.79562 3.41034 10.45227 27.03857 12.24899 14.75525 22.85385 15.86914 14.82773 6.38199 10.49423 7.65228 4.36783 29.66309 51.41068 17.92145 28.51868 11.07025 4.89044 16.84952 63.13705 17.63535 5.55038
0.26321 0.65613 2.67792 14.40811 9.46045 2.45667 1.55258 3.85666 1.46866 1.30081 11.83319 32.38297 41.63361 22.78519 25.36774 52.96707 42.68646 8.29697 8.39996 10.01740 3.84903 7.93839 2.38419 15.24353 10.58960 1.58691 1.19400 16.07895 31.29196 29.61349 7.52640
0.30518 0.88120 1.02615 2.33841 2.88010 2.08282 0.59509 1.72043 1.37711 1.17874 9.44901 13.66806 23.88000 65.60898 22.20154 48.13385 24.47891 15.69748 4.50897 4.78745 5.44739 7.29752 4.15039 13.39722 2.96021 1.18637 0.82397 4.77982 5.83649 11.11984 3.34167
1.13678 1.19019 0.48447 1.62506 5.41687 2.05231 1.84250 1.93405 1.78528 0.51498 3.60107 15.38467 16.75797 53.80249 36.27396 21.26694 8.12531 5.49698 4.02451 6.71005 8.94165 10.96725 12.22229 20.54214 10.55908 1.14822 0.48828 1.57166 1.37329 1.69754 1.13297
2.14005 1.82724 3.84521 6.06918 1.66321 3.11661 0.96512 0.83923 0.29373 0.54169 2.51770 4.86755 15.09476 25.44403 20.67947 14.92310 4.95529 10.70404 6.61469 3.01743 5.79453 7.99942 19.10019 24.49417 2.74277 1.49155 8.85010 1.00327 1.43814 1.11389 1.26266
2.08664 5.74112 9.58633 13.70621 1.17111 2.52151 4.09698 3.26157 3.73840 4.25339 11.56998 31.28433 17.18140 20.95795 7.06100 26.96991 16.18576 88.39417 6.96945 5.16891 4.65012 3.71552 10.74219 23.88763 26.63040 7.01904 11.76071 3.44849 1.91879 0.30518 0.33188
