DATA/RAW-RASTER/ECMWF/20170628/EN-45/20170707.en-45.asc
ncols			31
nrows			16
xllcorner		69.5
yllcorner		19.5
cellsize		1.0
NODATA_value	-99999
2.38037 2.67029 1.02615 0.59128 0.44250 1.73187 0.35477 1.27411 0.84305 1.01089 0.26703 5.26428 4.00925 2.99835 2.94495 2.75421 3.03268 2.60544 2.44522 1.05667 0.50354 0.66757 1.88446 0.53787 9.53674 10.60486 8.43811 9.31549 11.48605 17.65060 19.29474
0.58365 0.66376 0.58365 3.87955 2.51389 0.48065 1.56021 3.41415 1.03378 2.20490 5.97763 6.41251 6.06918 5.84030 4.31442 1.79672 0.94223 0.74768 0.21744 1.01852 1.29700 1.80817 6.39725 4.65775 3.25012 7.63321 5.24139 5.55801 10.16998 12.77161 9.71985
1.03378 0.82779 0.01526 0.45013 1.17493 4.44412 7.08771 4.59671 3.03650 2.32697 3.86429 1.96457 1.73569 1.25504 0.72098 0.83160 0.45395 1.00708 1.99509 2.58255 5.33676 7.81631 4.21906 7.70569 6.84738 5.98907 3.84521 6.17218 4.66156 3.91388 2.84195
0.94223 0.20599 0.04196 0.88501 1.83868 8.96454 19.77921 8.21686 1.20163 0.07248 0.18692 0.01144 0.32806 0.54550 0.57220 0.17166 0.46539 0.43106 0.76675 1.73950 0.86212 6.00815 8.94928 6.53458 5.45502 0.14877 0.71716 1.54495 1.57166 6.69861 2.92587
6.66046 0.16403 0.68283 5.47028 6.54221 6.57272 5.37109 5.70679 1.54877 1.73950 0.01907 0.38910 0.78201 0.12589 0.32806 0.14114 0.00763 0.46158 0.71335 0.94986 8.63266 11.23047 11.93619 1.38092 0.61035 0.73624 0.54932 0.76675 1.00327 1.52206 5.44357
4.25339 5.59998 0.87738 0.11444 1.80054 3.60489 3.02124 4.05502 2.70462 3.61633 9.68552 2.45285 3.61252 0.00381 0.14877 0.46921 0.12589 0.46158 3.36075 7.13730 14.93454 11.11984 2.06375 6.31332 4.03976 5.51987 1.86539 1.58691 1.50681 6.37817 10.25009
0.13733 0.18692 0.53787 0.29373 0.03433 0.78583 1.01852 1.24741 1.15585 2.00272 2.72369 5.51605 2.38800 1.29318 0.84305 0.78201 3.38745 2.87628 2.89536 10.42175 5.42450 3.23486 1.56784 2.05231 6.22177 46.59271 14.85825 3.57437 3.77655 4.52805 6.74820
0.00000 0.00000 0.01526 0.00000 0.18311 0.12970 0.33951 0.89645 0.44250 0.15640 0.30136 1.16730 1.43433 5.01251 5.88226 0.63705 12.66098 1.72806 3.29971 5.19180 11.99722 7.16019 1.77002 17.87186 30.05600 17.08603 51.31531 2.85721 21.29364 1.84250 3.39127
0.00000 0.00000 0.30899 0.56839 0.56076 0.22888 0.44632 0.08774 0.04578 0.01144 0.00000 0.09155 0.48065 0.95749 4.65012 11.10077 7.31659 24.47891 18.32962 117.45834 63.90381 139.43481 88.86719 41.65649 18.01682 2.05994 33.16116 38.44452 48.44284 4.91333 9.30786
0.00763 0.20981 1.43051 2.15149 1.69754 0.19073 0.29755 0.18311 0.09155 0.14877 0.32043 0.03052 0.26321 0.09918 1.22833 5.23758 6.99997 6.30188 10.38742 11.76071 6.23322 8.93402 15.15961 32.83691 36.65924 12.08878 24.36066 14.67133 45.64285 25.82550 9.62448
0.29373 0.74005 1.16348 0.75531 0.16403 0.81253 0.30899 1.46866 0.09155 0.06485 0.35095 0.09918 0.06104 0.78201 0.10681 1.23215 4.19998 10.95963 12.79831 31.57806 9.81140 27.16827 113.32703 43.88046 19.48547 29.39987 19.22989 4.50134 34.19113 19.35196 4.82559
0.96893 0.54932 2.38419 3.21960 2.01797 1.08337 1.12152 1.06049 1.23215 0.94604 1.18256 1.57547 0.64468 2.55203 7.11060 1.03378 2.98309 6.07681 6.43921 21.26312 29.37317 15.32364 2.07901 0.67139 1.78146 6.04248 0.75150 5.88608 4.56619 12.72964 2.02942
1.52969 0.99182 0.51498 0.44632 1.25885 1.52588 0.52261 0.19836 0.46921 1.28174 0.92316 6.19888 2.33841 15.84244 2.08282 2.79999 13.75580 2.82669 11.75690 13.83591 64.81552 24.66583 5.03922 9.47952 2.46429 0.24033 0.40817 1.34659 2.77328 47.82867 4.03976
1.96075 1.09100 0.54550 1.91879 3.28064 1.25504 2.02942 1.16730 2.04468 3.17764 0.92316 0.48447 8.99124 1.98364 2.10953 1.04904 3.29590 5.02777 6.29044 29.03366 5.33676 20.30945 4.57764 4.77600 0.79346 0.82397 1.01089 1.00327 14.62936 23.63586 45.56656
3.93295 1.63269 1.64413 4.13513 4.60052 2.15912 3.72314 2.34222 0.19836 0.19073 0.51117 1.57166 5.60379 1.35803 2.07138 0.93460 1.43433 0.69046 4.79889 39.77585 29.72412 10.71930 23.20862 9.23157 0.12970 0.36240 1.42670 0.92697 0.24796 8.75092 2.26212
2.60544 2.44522 2.49863 6.29044 2.15912 1.54877 0.73624 1.46484 2.07901 0.30518 0.20599 1.60217 2.74658 5.77164 1.83487 2.49481 1.86157 4.23050 5.48553 3.21960 12.74109 8.64410 14.42337 15.17868 14.76288 1.79291 15.67841 1.61743 1.56784 0.41199 0.70572
