DATA/SHG/ECMWF/20170628/EN-10/20170705.en-10.asc
ncols        190
nrows        64
xllcorner    -5100000.000000000000
yllcorner    4130000.000000000000
cellsize     10000.000000000000
NODATA_value  -99999.000
[rows 0 to 31 of 64, columns 74 to 147 of 190]
6.622 6.467 6.304 6.133 5.954 5.767 5.571 5.349 5.116 4.917 4.732 4.562 4.406 4.265 4.138 4.025 3.927 3.843 3.774 3.856 4.363 4.825 5.255 5.654 6.021 6.356 6.660 6.932 7.172 7.381 7.558 7.621 7.405 7.189 6.973 6.757 6.541 6.326 6.111 5.897 5.682 5.468 5.254 5.070 4.975 4.880 4.782 4.684 4.583 4.481 4.378 4.273 4.166 4.058 3.948 3.790 3.502 3.224 2.958 2.702 2.457 2.223 2.000 1.788 1.586 1.396 1.216 1.089 1.082 1.073 1.063 1.051 1.039 1.025
6.857 6.753 6.647 6.515 6.357 6.173 5.963 5.740 5.577 5.428 5.293 5.173 5.068 4.977 4.900 4.838 4.790 4.757 4.738 4.775 5.141 5.461 5.750 6.007 6.232 6.426 6.588 6.718 6.817 6.884 6.920 6.900 6.685 6.470 6.255 6.041 5.826 5.612 5.398 5.185 4.972 4.759 4.546 4.347 4.246 4.144 4.040 3.934 3.827 3.718 3.607 3.495 3.382 3.267 3.150 3.014 2.774 2.545 2.327 2.120 1.924 1.738 1.564 1.400 1.247 1.105 0.974 0.870 0.857 0.842 0.826 0.809 0.790 0.770
7.872 7.700 7.503 7.279 7.030 6.754 6.453 6.136 6.023 5.925 5.841 5.771 5.716 5.675 5.649 5.637 5.639 5.656 5.687 5.733 5.953 6.132 6.279 6.394 6.478 6.530 6.551 6.540 6.497 6.423 6.317 6.180 5.966 5.752 5.538 5.325 5.112 4.899 4.686 4.474 4.262 4.050 3.838 3.628 3.520 3.411 3.299 3.187 3.073 2.957 2.840 2.721 2.600 2.478 2.355 2.228 2.037 1.856 1.687 1.528 1.381 1.244 1.118 1.002 0.898 0.805 0.722 0.694 0.766 0.842 0.923 1.007 1.096 1.189
8.933 8.671 8.382 8.067 7.726 7.360 6.967 6.548 6.456 6.408 6.374 6.354 6.349 6.359 6.383 6.421 6.474 6.541 6.622 6.718 6.800 6.837 6.843 6.817 6.759 6.670 6.549 6.397 6.213 5.997 5.750 5.471 5.248 5.035 4.822 4.610 4.398 4.187 3.975 3.764 3.553 3.342 3.132 2.922 2.796 2.680 2.562 2.443 2.322 2.199 2.075 1.949 1.822 1.693 1.562 1.430 1.289 1.157 1.082 1.059 1.048 1.047 1.056 1.076 1.106 1.148 1.199 1.261 1.351 1.445 1.544 1.647 1.754 1.866
10.018 9.664 9.284 8.878 8.446 7.988 7.504 6.994 6.874 6.877 6.893 6.924 6.969 7.029 7.103 7.191 7.294 7.411 7.543 7.689 7.682 7.577 7.442 7.274 7.075 6.845 6.583 6.289 5.964 5.607 5.219 4.799 4.530 4.319 4.107 3.896 3.686 3.475 3.265 3.055 2.845 2.635 2.426 2.217 2.076 1.952 1.827 1.701 1.573 1.485 1.433 1.383 1.336 1.292 1.250 1.211 1.198 1.202 1.216 1.241 1.276 1.322 1.379 1.446 1.523 1.611 1.710 1.819 1.930 2.043 2.160 2.282 2.408 2.538
11.126 10.680 10.209 9.712 9.189 8.639 8.064 7.463 7.279 7.332 7.398 7.479 7.575 7.685 7.809 7.947 8.100 8.267 8.449 8.645 8.598 8.352 8.075 7.766 7.426 7.054 6.651 6.217 5.750 5.252 4.723 4.162 3.813 3.603 3.393 3.183 2.974 2.764 2.555 2.346 2.172 2.024 1.880 1.740 1.655 1.602 1.551 1.502 1.456 1.413 1.372 1.334 1.299 1.266 1.235 1.208 1.228 1.279 1.340 1.412 1.494 1.587 1.690 1.804 1.929 2.064 2.209 2.365 2.504 2.636 2.772 2.912 3.056 3.205
12.256 11.719 11.157 10.569 9.954 9.314 8.648 7.956 7.671 7.773 7.890 8.021 8.167 8.326 8.501 8.689 8.892 9.109 9.341 9.587 9.548 9.161 8.743 8.293 7.812 7.299 6.755 6.179 5.572 4.933 4.263 3.582 3.170 3.009 2.852 2.699 2.549 2.403 2.260 2.122 1.986 1.855 1.727 1.603 1.523 1.481 1.441 1.404 1.370 1.338 1.309 1.282 1.258 1.237 1.218 1.202 1.247 1.344 1.453 1.571 1.701 1.840 1.991 2.152 2.323 2.505 2.697 2.900 3.073 3.223 3.378 3.537 3.700 3.867
13.409 12.781 12.128 11.449 10.744 10.012 9.255 8.473 8.048 8.201 8.367 8.549 8.744 8.954 9.179 9.417 9.670 9.937 10.219 10.515 10.533 10.005 9.319 8.589 7.873 7.172 6.486 5.815 5.158 4.516 3.889 3.276 2.850 2.706 2.565 2.428 2.294 2.165 2.038 1.916 1.797 1.682 1.570 1.462 1.387 1.357 1.329 1.303 1.281 1.261 1.243 1.228 1.216 1.206 1.199 1.194 1.255 1.399 1.554 1.720 1.896 2.083 2.280 2.488 2.706 2.935 3.174 3.424 3.637 3.806 3.979 4.157 4.338 4.524
14.585 13.866 13.122 12.352 11.556 10.734 9.886 9.012 8.412 8.614 8.831 9.063 9.308 9.568 9.796 9.843 9.880 9.907 9.925 9.932 9.781 9.087 8.408 7.744 7.094 6.458 5.838 5.232 4.641 4.064 3.502 2.955 2.527 2.399 2.274 2.153 2.036 1.923 1.813 1.706 1.604 1.505 1.409 1.317 1.249 1.230 1.214 1.200 1.189 1.180 1.174 1.171 1.170 1.172 1.176 1.183 1.252 1.443 1.645 1.858 2.081 2.314 2.558 2.813 3.078 3.354 3.640 3.936 4.196 4.384 4.576 4.771 4.972 5.176
15.784 14.974 14.139 13.278 12.391 11.478 10.539 9.520 8.561 8.633 8.696 8.748 8.791 8.823 8.846 8.858 8.861 8.853 8.836 8.808 8.725 8.096 7.483 6.883 6.299 5.729 5.174 4.634 4.108 3.597 3.100 2.618 2.200 2.088 1.980 1.876 1.775 1.677 1.583 1.493 1.407 1.324 1.245 1.169 1.109 1.101 1.097 1.094 1.095 1.098 1.103 1.111 1.122 1.135 1.151 1.170 1.238 1.476 1.725 1.984 2.254 2.535 2.825 3.127 3.439 3.761 4.094 4.437 4.751 4.957 5.167 5.381 5.600 5.823
16.856 15.652 14.469 13.307 12.167 11.047 9.949 8.872 7.830 7.868 7.895 7.913 7.921 7.919 7.906 7.884 7.852 7.810 7.757 7.695 7.640 7.090 6.542 6.008 5.489 4.985 4.495 4.020 3.559 3.114 2.682 2.266 1.870 1.774 1.682 1.594 1.509 1.428 1.351 1.277 1.207 1.140 1.077 1.018 0.966 0.970 0.977 0.986 0.998 1.012 1.029 1.049 1.071 1.096 1.123 1.153 1.213 1.498 1.794 2.100 2.417 2.744 3.081 3.430 3.788 4.157 4.537 4.927 5.300 5.524 5.753 5.986 6.223 6.464
15.672 14.542 13.433 12.345 11.278 10.233 9.209 8.205 7.223 7.112 7.105 7.088 7.061 7.024 6.977 6.920 6.853 6.776 6.690 6.593 6.503 6.069 5.586 5.118 4.664 4.225 3.801 3.391 2.996 2.615 2.249 1.898 1.561 1.457 1.381 1.309 1.240 1.175 1.114 1.057 1.003 0.952 0.905 0.862 0.823 0.836 0.854 0.875 0.898 0.924 0.953 0.984 1.018 1.054 1.093 1.135 1.179 1.509 1.852 2.205 2.568 2.942 3.326 3.721 4.127 4.543 4.969 5.422 5.894 6.234 6.628 7.077 7.580 8.137
14.471 13.414 12.379 11.365 10.372 9.401 8.450 7.520 6.612 6.367 6.325 6.273 6.212 6.140 6.058 5.967 5.865 5.754 5.632 5.501 5.376 5.033 4.615 4.212 3.824 3.450 3.091 2.746 2.416 2.101 1.801 1.515 1.243 1.136 1.076 1.020 0.968 0.919 0.874 0.833 0.795 0.761 0.730 0.703 0.680 0.699 0.729 0.761 0.796 0.834 0.874 0.916 0.962 1.010 1.060 1.113 1.169 1.509 1.919 2.361 2.811 3.270 3.736 4.212 4.696 5.188 5.689 6.198 6.715 7.295 7.931 8.622 9.367 10.167
13.252 12.269 11.308 10.367 9.448 8.550 7.673 6.817 5.982 5.632 5.555 5.469 5.373 5.266 5.150 5.024 4.888 4.741 4.585 4.419 4.260 3.982 3.629 3.292 2.969 2.660 2.366 2.087 1.822 1.572 1.336 1.116 0.909 0.811 0.768 0.728 0.692 0.660 0.631 0.605 0.584 0.566 0.551 0.541 0.533 0.560 0.601 0.645 0.691 0.758 0.847 0.941 1.041 1.146 1.256 1.372 1.493 1.877 2.348 2.827 3.315 3.811 4.315 4.828 5.350 5.879 6.417 6.964 7.519 8.300 9.178 10.111 11.098 12.140
12.015 11.106 10.218 9.351 8.506 7.681 6.878 6.096 5.334 4.907 4.796 4.675 4.544 4.403 4.252 4.091 3.920 3.740 3.549 3.348 3.154 2.916 2.629 2.356 2.098 1.855 1.626 1.412 1.212 1.027 0.857 0.701 0.560 0.483 0.456 0.433 0.413 0.396 0.383 0.374 0.386 0.416 0.448 0.481 0.516 0.582 0.673 0.770 0.872 0.980 1.092 1.210 1.334 1.463 1.597 1.736 1.881 2.259 2.767 3.284 3.809 4.343 4.885 5.435 5.994 6.561 7.137 7.721 8.313 9.249 10.369 11.544 12.773 14.056
10.760 9.925 9.110 8.317 7.545 6.794 6.065 5.356 4.668 4.192 4.046 3.891 3.725 3.550 3.364 3.169 2.963 2.748 2.523 2.287 2.059 1.835 1.613 1.405 1.213 1.034 0.871 0.722 0.587 0.467 0.362 0.300 0.266 0.257 0.284 0.312 0.341 0.372 0.404 0.438 0.473 0.510 0.548 0.587 0.628 0.703 0.818 0.939 1.064 1.195 1.332 1.474 1.621 1.773 1.931 2.094 2.262 2.632 3.178 3.732 4.294 4.865 5.445 6.033 6.629 7.233 7.846 8.468 9.098 10.143 11.504 12.921 14.391 15.916
9.487 8.725 7.985 7.265 6.567 5.889 5.233 4.598 3.984 3.488 3.307 3.117 2.917 2.707 2.487 2.257 2.017 1.767 1.507 1.237 0.974 0.739 0.648 0.611 0.574 0.539 0.504 0.470 0.437 0.404 0.372 0.341 0.310 0.298 0.331 0.366 0.401 0.439 0.477 0.517 0.559 0.602 0.646 0.692 0.739 0.818 0.957 1.101 1.251 1.405 1.566 1.731 1.902 2.078 2.259 2.446 2.638 2.995 3.578 4.170 4.770 5.378 5.995 6.621 7.254 7.896 8.547 9.206 9.873 10.981 12.584 14.242 15.954 17.720
8.197 7.509 6.841 6.195 5.570 4.966 4.383 3.822 3.281 2.793 2.578 2.353 2.119 1.874 1.628 1.482 1.341 1.203 1.068 0.937 0.810 0.694 0.659 0.626 0.592 0.560 0.528 0.498 0.467 0.438 0.409 0.381 0.354 0.338 0.377 0.418 0.460 0.504 0.549 0.595 0.643 0.692 0.742 0.795 0.848 0.928 1.090 1.258 1.431 1.610 1.793 1.982 2.177 2.376 2.581 2.792 3.007 3.349 3.970 4.599 5.236 5.882 6.536 7.199 7.870 8.550 9.237 9.934 10.638 11.763 13.608 15.507 17.460 19.467
6.888 6.274 5.680 5.107 4.556 4.025 3.516 3.042 2.657 2.281 2.125 1.978 1.834 1.694 1.558 1.425 1.296 1.171 1.049 0.930 0.816 0.703 0.670 0.640 0.610 0.581 0.552 0.524 0.497 0.471 0.445 0.420 0.396 0.376 0.422 0.469 0.517 0.567 0.618 0.671 0.725 0.780 0.837 0.896 0.955 1.031 1.217 1.409 1.606 1.808 2.015 2.228 2.446 2.669 2.898 3.132 3.371 3.694 4.352 5.019 5.693 6.377 7.068 7.768 8.477 9.193 9.919 10.652 11.394 12.490 14.576 16.716 18.910 21.159
5.598 5.181 4.772 4.373 3.982 3.602 3.230 2.867 2.514 2.170 2.002 1.867 1.736 1.609 1.485 1.365 1.248 1.135 1.026 0.920 0.818 0.719 0.680 0.653 0.626 0.600 0.575 0.550 0.526 0.503 0.481 0.459 0.438 0.418 0.465 0.518 0.573 0.629 0.686 0.745 0.806 0.867 0.931 0.995 1.061 1.129 1.339 1.554 1.774 2.000 2.231 2.467 2.709 2.956 3.208 3.465 3.728 4.030 4.725 5.429 6.141 6.862 7.591 8.328 9.074 9.828 10.590 11.361 12.141 13.162 15.489 17.870 20.305 22.794
5.190 4.805 4.428 4.061 3.703 3.354 3.015 2.684 2.363 2.051 1.875 1.753 1.635 1.520 1.409 1.301 1.197 1.097 1.000 0.907 0.817 0.731 0.690 0.665 0.642 0.619 0.597 0.575 0.555 0.535 0.515 0.497 0.479 0.462 0.506 0.565 0.626 0.689 0.753 0.818 0.885 0.953 1.022 1.093 1.165 1.239 1.455 1.693 1.937 2.186 2.441 2.701 2.966 3.236 3.512 3.793 4.080 4.371 5.089 5.830 6.580 7.337 8.104 8.878 9.661 10.453 11.253 12.061 12.852 13.687 16.056 18.368 20.623 22.821
4.774 4.421 4.076 3.741 3.415 3.099 2.791 2.493 2.204 1.924 1.745 1.636 1.530 1.428 1.329 1.234 1.143 1.055 0.971 0.891 0.814 0.740 0.698 0.677 0.657 0.637 0.618 0.600 0.582 0.565 0.549 0.534 0.519 0.505 0.545 0.611 0.678 0.747 0.817 0.889 0.962 1.036 1.112 1.189 1.268 1.348 1.564 1.827 2.094 2.367 2.645 2.929 3.217 3.511 3.811 4.115 4.425 4.740 5.443 6.204 6.945 7.691 8.441 9.197 9.956 10.721 11.490 12.264 13.042 13.826 15.854 17.915 19.920 21.868
4.350 4.029 3.716 3.413 3.120 2.835 2.559 2.293 2.036 1.788 1.613 1.516 1.423 1.333 1.247 1.164 1.086 1.010 0.939 0.871 0.807 0.745 0.706 0.688 0.670 0.654 0.638 0.623 0.609 0.595 0.582 0.570 0.558 0.548 0.583 0.655 0.729 0.804 0.880 0.958 1.038 1.118 1.200 1.284 1.369 1.455 1.668 1.954 2.245 2.542 2.852 3.168 3.473 3.767 4.049 4.319 4.578 4.826 5.444 6.201 6.963 7.730 8.501 9.277 10.058 10.843 11.634 12.428 13.228 14.032 15.708 17.519 19.273 20.971
3.918 3.629 3.349 3.078 2.816 2.563 2.320 2.086 1.861 1.645 1.477 1.392 1.312 1.235 1.161 1.091 1.025 0.962 0.903 0.848 0.796 0.748 0.712 0.698 0.684 0.670 0.658 0.646 0.635 0.624 0.614 0.605 0.597 0.589 0.620 0.698 0.778 0.859 0.942 1.026 1.112 1.244 1.432 1.595 1.735 1.851 2.067 2.378 2.678 2.967 3.244 3.510 3.764 4.006 4.237 4.457 4.665 4.861 5.414 6.193 6.976 7.763 8.556 9.353 10.155 10.961 11.772 12.588 13.408 14.234 15.618 17.179 18.683 20.131
3.478 3.221 2.973 2.734 2.504 2.283 2.072 1.870 1.677 1.493 1.338 1.266 1.198 1.133 1.072 1.015 0.961 0.911 0.865 0.822 0.783 0.747 0.718 0.707 0.696 0.686 0.676 0.668 0.660 0.652 0.646 0.640 0.709 0.913 1.149 1.399 1.624 1.825 2.003 2.156 2.285 2.390 2.471 2.528 2.561 2.570 2.675 2.935 3.184 3.422 3.648 3.863 4.066 4.257 4.437 4.606 4.763 4.909 5.380 6.179 6.983 7.792 8.605 9.423 10.246 11.074 11.906 12.742 13.584 14.430 15.584 16.895 18.149 19.347
3.030 2.805 2.589 2.382 2.184 1.995 1.816 1.646 1.485 1.333 1.196 1.136 1.081 1.029 0.980 0.936 0.895 0.857 0.823 0.793 0.766 0.743 0.724 0.750 0.847 0.968 1.112 1.279 1.470 1.684 1.922 2.182 2.466 2.774 3.068 3.211 3.329 3.424 3.494 3.540 3.562 3.561 3.535 3.485 3.411 3.313 3.294 3.503 3.701 3.888 4.063 4.227 4.379 4.520 4.649 4.767 4.873 4.968 5.341 6.161 6.986 7.816 8.650 9.489 10.333 11.181 12.034 12.892 13.754 14.621 15.606 16.667 17.671 18.619
2.574 2.381 2.197 2.022 1.856 1.699 1.552 1.413 1.284 1.164 1.054 1.004 0.961 0.921 0.885 0.863 0.914 0.974 1.044 1.125 1.206 1.285 1.373 1.549 1.749 1.974 2.221 2.492 2.786 3.104 3.445 3.809 4.196 4.607 5.011 5.047 5.058 5.046 5.009 4.949 4.864 4.755 4.623 4.466 4.286 4.081 3.924 4.083 4.230 4.366 4.490 4.603 4.704 4.794 4.873 4.939 4.995 5.039 5.297 6.138 6.984 7.835 8.690 9.550 10.414 11.284 12.158 13.036 13.919 14.807 15.683 16.495 17.250 17.948
2.110 1.949 1.796 1.653 1.520 1.395 1.279 1.173 1.089 1.061 1.042 1.069 1.114 1.169 1.234 1.309 1.394 1.489 1.594 1.708 1.824 1.938 2.060 2.320 2.624 2.952 3.303 3.677 4.075 4.496 4.940 5.408 5.898 6.413 6.950 6.906 6.811 6.692 6.548 6.381 6.190 5.974 5.735 5.472 5.185 4.873 4.565 4.673 4.770 4.855 4.928 4.990 5.041 5.080 5.107 5.124 5.128 5.122 5.248 6.110 6.977 7.848 8.725 9.605 10.491 11.381 12.276 13.175 14.080 14.989 15.817 16.379 16.884 17.333
1.638 1.527 1.469 1.419 1.378 1.345 1.321 1.306 1.300 1.302 1.313 1.367 1.447 1.536 1.636 1.745 1.865 1.994 2.133 2.282 2.432 2.581 2.738 3.064 3.472 3.903 4.357 4.835 5.336 5.860 6.408 6.978 7.573 8.190 8.831 8.789 8.587 8.361 8.112 7.838 7.540 7.218 6.872 6.502 6.108 5.690 5.248 5.275 5.321 5.355 5.378 5.389 5.389 5.377 5.354 5.319 5.273 5.216 5.194 6.077 6.965 7.857 8.754 9.656 10.562 11.474 12.389 13.310 14.235 15.165 16.006 16.318 16.575 16.774
1.556 1.519 1.490 1.471 1.460 1.457 1.464 1.479 1.503 1.535 1.576 1.657 1.771 1.895 2.028 2.172 2.326 2.489 2.663 2.846 3.030 3.214 3.406 3.781 4.292 4.826 5.384 5.965 6.569 7.197 7.847 8.521 9.219 9.939 10.683 10.696 10.388 10.055 9.699 9.318 8.914 8.485 8.033 7.557 7.056 6.532 5.984 5.889 5.884 5.867 5.839 5.799 5.748 5.686 5.612 5.527 5.430 5.322 5.202 6.039 6.948 7.861 8.779 9.702 10.629 11.561 12.498 13.439 14.385 15.335 16.189 16.133 16.078 16.024
1.509 1.502 1.504 1.514 1.534 1.561 1.598 1.643 1.697 1.760 1.831 1.936 2.085 2.243 2.411 2.589 2.777 2.975 3.183 3.400 3.619 3.838 4.065 4.471 5.085 5.723 6.383 7.068 7.775 8.506 9.260 10.037 10.837 11.661 12.508 12.627 12.212 11.773 11.310 10.823 10.312 9.777 9.218 8.635 8.029 7.398 6.743 6.513 6.457 6.390 6.311 6.221 6.119 6.006 5.882 5.746 5.598 5.439 5.269 5.996 6.926 7.867 8.799 9.696 10.558 11.384 12.175 12.931 13.651 14.336 14.985 14.980 14.931 14.885
1.454 1.477 1.509 1.550 1.599 1.657 1.724 1.800 1.884 1.977 2.078 2.207 2.389 2.582 2.785 2.997 3.219 3.451 3.693 3.945 4.199 4.452 4.713 5.133 5.851 6.592 7.356 8.143 8.953 9.787 10.644 11.524 12.428 13.355 14.305 14.582 14.060 13.514 12.945 12.352 11.734 11.093 10.428 9.739 9.025 8.288 7.527 7.149 7.043 6.925 6.795 6.654 6.522 6.427 6.324 6.212 6.092 5.964 5.827 6.404 7.251 8.063 8.839 9.580 10.286 10.956 11.592 12.191 12.756 13.285 13.779 13.827 13.785 13.745
