DATA/SHG/ECMWF/20170628/EN-10/20170707.en-10.asc
ncols        190
nrows        64
xllcorner    -5100000.000000000000
yllcorner    4130000.000000000000
cellsize     10000.000000000000
NODATA_value  -99999.000
[rows 32 to 63 of 64, columns 0 to 71 of 190]
20.901 21.248 20.417 19.478 18.545 17.620 16.703 15.793 14.890 13.994 13.106 12.226 11.352 10.487 10.575 10.662 10.694 10.671 10.593 10.460 10.272 10.029 9.731 9.378 8.970 8.506 8.181 7.878 7.595 7.333 7.092 6.870 6.669 6.489 6.329 6.189 6.069 5.972 5.971 5.978 5.993 6.017 6.048 6.087 6.134 6.190 6.253 6.504 6.787 6.992 6.826 6.650 6.461 6.262 6.052 5.830 5.597 5.353 5.098 4.831 4.553 4.303 4.418 4.515 4.593 4.653 4.695 4.718 4.722 4.708 4.676 4.625
22.037 22.463 21.873 20.958 20.051 19.152 18.259 17.375 16.497 15.627 14.764 13.909 13.061 12.220 12.006 11.901 11.740 11.525 11.254 10.929 10.549 10.113 9.623 9.077 8.477 7.821 7.500 7.268 7.057 6.866 6.695 6.545 6.415 6.305 6.216 6.147 6.099 6.070 6.093 6.128 6.566 7.051 7.478 7.848 8.160 8.415 8.612 8.752 8.835 8.860 8.671 8.454 8.227 7.988 7.738 7.477 7.205 6.921 6.627 6.321 6.003 5.675 5.709 5.741 5.755 5.750 5.727 5.686 5.626 5.548 5.451 5.336
23.147 23.652 23.318 22.429 21.548 20.673 19.806 18.947 18.095 17.250 16.412 15.582 14.759 13.944 13.494 13.197 12.844 12.436 11.973 11.456 10.883 10.255 9.573 8.835 8.042 7.195 6.798 6.637 6.497 6.377 6.278 6.198 6.139 6.592 7.130 7.714 8.343 9.017 9.533 9.931 10.273 10.556 10.783 10.952 11.064 11.118 11.115 11.055 10.937 10.762 10.524 10.268 10.001 9.723 9.434 9.133 8.822 8.499 8.165 7.819 7.463 7.095 7.015 6.983 6.933 6.864 6.777 6.671 6.547 6.404 6.243 6.064
24.230 24.814 24.754 23.891 23.034 22.185 21.343 20.509 19.682 18.863 18.050 17.246 16.448 15.658 15.040 14.550 14.005 13.405 12.750 12.040 11.275 10.455 9.580 8.651 7.666 6.645 6.540 6.920 7.345 7.815 8.330 8.891 9.496 10.146 10.841 11.581 12.366 13.196 13.693 13.891 14.032 14.115 14.142 14.110 14.022 13.876 13.672 13.412 13.094 12.718 12.386 12.091 11.784 11.467 11.138 10.798 10.447 10.085 9.712 9.327 8.931 8.524 8.338 8.241 8.127 7.994 7.842 7.672 7.484 7.277 7.052 6.808
25.286 25.949 26.181 25.342 24.511 23.687 22.871 22.062 21.260 20.466 19.679 18.899 18.127 17.362 16.642 15.960 15.223 14.431 13.647 13.128 12.571 11.976 11.343 10.673 9.964 9.217 8.948 9.485 10.066 10.693 11.365 12.081 12.842 13.649 14.500 15.397 16.338 17.324 17.907 17.904 17.845 17.728 17.554 17.322 17.033 16.687 16.284 15.823 15.305 14.730 14.257 13.922 13.577 13.220 12.852 12.472 12.082 11.680 11.268 10.844 10.408 9.962 9.676 9.516 9.337 9.140 8.924 8.690 8.437 8.166 7.877 7.569
26.317 27.058 27.597 26.784 25.978 25.179 24.388 23.604 22.828 22.059 21.297 20.586 20.073 19.703 19.417 18.917 18.378 17.802 17.188 16.536 15.846 15.118 14.352 13.548 12.706 11.826 11.306 11.999 12.737 13.520 14.348 15.221 16.138 17.101 18.109 19.161 20.258 21.401 22.173 21.970 21.711 21.394 21.019 20.588 20.099 19.553 18.949 18.289 17.571 16.796 16.136 15.762 15.377 14.981 14.574 14.155 13.726 13.285 12.833 12.369 11.895 11.409 11.031 10.806 10.563 10.302 10.022 9.724 9.407 9.072 8.719 8.347
27.320 28.141 28.984 28.216 27.285 26.267 25.392 24.661 24.074 23.630 23.331 23.175 23.163 23.295 23.527 22.893 22.222 21.512 20.765 19.980 19.157 18.295 17.396 16.459 15.484 14.471 13.614 14.464 15.358 16.297 17.281 18.310 19.384 20.502 21.666 22.874 24.128 25.426 26.492 26.090 25.630 25.113 24.538 23.907 23.218 22.472 21.669 20.808 19.891 18.916 18.025 17.611 17.187 16.752 16.305 15.847 15.378 14.898 14.407 13.904 13.390 12.866 12.402 12.113 11.806 11.480 11.136 10.774 10.393 9.994 9.960 10.157
26.914 27.233 27.489 26.865 26.205 25.688 25.315 25.085 25.000 25.058 25.260 25.605 26.094 26.727 27.503 26.906 26.101 25.259 24.378 23.460 22.503 21.509 20.477 19.407 18.299 17.153 15.969 16.878 17.928 19.023 20.163 21.348 22.578 23.853 25.172 26.537 27.946 29.400 30.864 30.262 29.602 28.885 28.111 27.280 26.391 25.445 24.442 23.382 22.265 21.091 19.922 19.469 19.006 18.531 18.045 17.548 17.040 16.520 15.990 15.448 14.895 14.331 13.789 13.898 14.203 14.477 14.721 14.933 15.114 15.265 15.384 15.472
25.176 25.278 25.318 25.127 24.968 24.953 25.081 25.353 25.769 26.328 27.031 27.877 28.867 30.001 31.278 30.954 30.016 29.041 28.027 26.976 25.887 24.759 23.594 22.391 21.151 19.872 18.555 19.242 20.448 21.699 22.995 24.336 25.722 27.152 28.628 30.148 31.713 33.323 34.977 34.487 33.627 32.711 31.737 30.706 29.618 28.472 27.270 26.010 24.694 23.320 21.889 21.336 20.833 20.319 19.794 19.258 18.838 18.601 18.529 18.620 18.876 19.295 19.877 20.105 20.302 20.467 20.602 20.706 20.778 20.820 20.831 20.810
23.509 23.394 23.217 23.234 23.577 24.063 24.692 25.465 26.381 27.441 28.644 29.991 31.482 33.115 34.893 35.038 33.967 32.858 31.712 30.528 29.306 28.046 26.748 25.412 24.038 22.627 21.178 21.556 22.918 24.325 25.777 27.274 28.815 30.402 32.033 33.708 35.429 37.194 39.005 38.765 37.706 36.590 35.416 34.186 32.898 31.553 30.152 28.693 27.177 25.251 23.307 22.415 21.928 21.605 21.445 21.450 21.618 21.950 22.445 23.105 23.928 24.915 26.066 26.334 26.422 26.480 26.506 26.501 26.465 26.398 26.300 26.171
21.912 21.581 21.188 21.186 22.030 23.016 24.146 25.420 26.837 28.397 30.101 31.948 33.938 36.072 38.349 39.157 37.954 36.712 35.433 34.116 32.761 31.368 29.938 28.469 26.963 25.419 23.837 23.820 25.338 26.901 28.508 30.161 31.858 33.600 35.387 37.218 39.094 41.015 42.981 43.096 41.838 40.522 38.375 36.224 34.132 32.098 30.123 28.206 26.349 24.550 22.809 22.191 22.272 22.517 22.926 23.498 24.234 25.134 26.197 27.424 28.815 30.369 32.087 32.586 32.565 32.514 32.432 32.318 32.174 31.998 31.792 31.555
20.386 19.839 19.229 18.984 20.328 21.815 23.445 25.219 27.136 29.196 31.400 33.747 36.237 38.870 41.647 43.312 41.976 40.601 39.189 37.740 36.252 34.727 33.163 31.562 29.924 28.247 26.533 26.034 27.708 29.426 31.190 32.998 34.850 36.748 38.671 39.786 40.851 41.866 42.830 42.387 40.263 38.198 36.192 34.245 32.356 30.525 28.754 27.041 25.387 23.791 22.254 21.805 22.455 23.268 24.244 25.384 26.688 28.155 29.785 31.580 33.537 35.659 37.943 38.860 38.731 38.571 38.380 38.158 37.905 37.622 37.307 36.961
18.931 18.167 17.342 16.627 18.471 20.458 22.588 24.862 27.279 29.838 32.542 35.388 38.378 41.510 44.786 47.502 46.033 44.527 42.982 41.400 39.779 38.121 36.426 34.692 32.921 31.112 29.265 28.139 29.432 30.674 31.867 33.009 34.101 35.142 36.134 37.075 37.967 38.808 39.599 39.537 37.617 35.755 33.953 32.209 30.523 28.896 27.328 25.819 24.368 22.975 21.642 21.258 22.475 23.856 25.399 27.107 28.977 31.012 33.209 35.570 38.095 40.783 43.634 45.155 44.918 44.650 44.351 44.020 43.659 43.267 42.844 42.390
17.545 16.566 15.524 14.421 16.459 18.946 21.576 24.349 27.265 30.324 33.527 36.872 40.361 43.993 47.768 51.686 50.127 48.487 46.810 45.095 43.151 40.585 38.088 35.659 33.299 31.007 28.785 26.873 27.992 29.061 30.079 31.048 31.966 32.834 33.652 34.420 35.137 35.805 36.422 36.631 34.915 33.257 31.657 30.117 28.635 27.211 25.846 24.540 23.292 22.103 20.972 20.550 22.334 24.282 26.393 28.667 31.104 33.705 36.469 39.397 42.488 45.742 49.159 51.473 51.128 50.751 50.344 49.905 49.436 48.936 48.404 47.842
16.230 15.035 13.778 12.459 14.293 17.279 20.408 23.680 27.096 30.654 34.355 38.200 42.187 46.036 49.305 52.469 50.716 48.114 45.580 43.115 40.719 38.391 36.133 33.942 31.821 29.768 27.784 25.868 26.606 27.501 28.346 29.141 29.885 30.580 31.224 31.818 32.362 32.856 33.300 33.670 32.157 30.702 29.306 27.969 26.690 25.470 24.308 23.204 22.160 21.173 20.246 19.681 22.032 24.546 27.223 30.064 33.068 36.235 39.565 43.059 46.716 50.536 54.519 57.814 57.360 56.875 56.359 55.813 55.235 54.627 53.987 53.317
14.985 13.575 12.102 10.567 11.972 15.457 19.107 22.746 26.281 29.711 33.036 36.257 39.373 42.384 45.290 48.092 47.260 44.897 42.602 40.375 38.218 36.129 34.108 32.156 30.273 28.458 26.712 25.035 25.274 25.995 26.666 27.287 27.858 28.379 28.850 29.271 29.642 29.962 30.233 30.453 29.343 28.092 26.899 25.765 24.689 23.672 22.713 21.812 20.971 20.187 19.462 18.796 21.568 24.648 27.892 31.299 34.869 38.602 42.498 46.558 50.780 55.166 59.714 64.176 63.614 63.021 62.397 61.742 61.057 60.340 59.593 58.815
14.117 12.812 11.543 10.311 11.246 14.732 18.113 21.389 24.561 27.628 30.590 33.447 36.200 38.848 41.392 43.831 43.736 41.611 39.555 37.567 35.647 33.797 32.014 30.301 28.656 27.079 25.571 24.132 23.995 24.542 25.040 25.488 25.886 26.233 26.531 26.778 26.976 27.123 27.221 27.268 26.475 25.426 24.436 23.505 22.632 21.818 21.062 20.364 19.725 19.144 18.622 18.159 20.943 24.589 28.399 32.372 36.507 40.806 45.268 49.892 54.680 59.631 64.745 70.021 69.891 69.058 66.837 64.627 62.428 60.239 58.062 55.896
14.335 13.157 12.015 10.910 11.093 14.215 17.233 20.146 22.955 25.659 28.258 30.753 33.143 35.429 37.610 39.686 40.144 38.257 36.439 34.689 33.008 31.396 29.851 28.376 26.969 25.630 24.361 23.159 22.769 23.144 23.468 23.743 23.967 24.141 24.266 24.340 24.364 24.338 24.263 24.137 23.550 22.705 21.918 21.189 20.519 19.907 19.354 18.859 18.423 18.045 17.725 17.464 20.156 24.369 28.744 33.282 37.983 42.847 47.751 51.942 56.026 60.002 63.870 67.631 66.760 64.566 62.383 60.210 58.049 55.899 53.760 51.631
14.513 13.461 12.446 11.467 11.053 13.813 16.468 19.018 21.464 23.805 26.042 28.174 30.202 32.125 33.944 35.658 36.484 34.835 33.255 31.743 30.300 28.926 27.619 26.382 25.213 24.112 23.080 22.116 21.597 21.798 21.950 22.051 22.102 22.103 22.054 21.956 21.807 21.608 21.359 21.061 20.570 19.928 19.344 18.818 18.350 17.941 17.590 17.298 17.064 16.889 16.772 16.727 19.196 23.663 28.022 32.273 36.417 40.452 44.380 48.201 51.913 55.518 59.014 62.403 62.225 60.069 57.924 55.789 53.666 51.554 49.453 47.362
14.651 13.726 12.837 11.985 11.169 13.524 15.817 18.004 20.088 22.067 23.941 25.711 27.376 28.937 30.394 31.745 32.755 31.344 30.002 28.729 27.523 26.387 25.318 24.318 23.387 22.524 21.730 21.004 20.478 20.506 20.485 20.413 20.291 20.119 19.897 19.625 19.304 18.932 18.510 18.039 17.535 17.095 16.714 16.390 16.182 16.154 16.148 16.162 16.198 16.255 16.333 16.432 18.163 22.258 26.246 30.125 33.897 37.562 41.118 44.567 47.908 51.142 54.267 57.285 57.685 55.567 53.460 51.364 49.278 47.204 45.141 43.088
14.749 13.950 13.188 12.462 11.773 13.349 15.279 17.105 18.826 20.442 21.955 23.362 24.666 25.865 26.959 27.949 28.835 27.786 26.681 25.645 24.678 23.779 22.948 22.186 21.492 20.867 20.310 19.821 19.413 19.268 19.073 18.828 18.533 18.189 17.794 17.349 16.855 16.391 16.052 15.699 15.382 15.343 15.326 15.329 15.353 15.399 15.466 15.554 15.662 15.792 15.943 16.116 17.237 20.960 24.576 28.085 31.486 34.779 37.964 41.042 44.012 46.874 49.629 52.276 53.141 51.061 48.992 46.933 44.886 42.850 40.824 38.810
14.806 14.134 13.498 12.899 12.336 13.288 14.855 16.319 17.678 18.933 20.083 21.129 22.070 22.908 23.641 24.269 24.793 24.158 23.292 22.494 21.764 21.102 20.509 19.984 19.528 19.140 18.820 18.569 18.386 18.083 17.757 17.465 17.159 16.841 16.508 16.163 15.804 15.432 15.047 14.649 14.241 14.275 14.331 14.407 14.505 14.624 14.763 14.924 15.106 15.309 15.534 15.779 16.417 19.769 23.014 26.151 29.181 32.103 34.918 37.625 40.224 42.716 45.100 47.376 48.592 46.550 44.518 42.498 40.489 38.490 36.503 34.526
14.824 14.278 13.769 13.296 12.859 13.340 14.546 15.647 16.644 17.537 18.326 19.010 19.590 20.066 20.438 20.705 20.868 20.463 19.834 19.273 18.781 18.357 18.001 17.807 17.738 17.691 17.667 17.665 17.687 17.460 17.135 16.796 16.445 16.080 15.702 15.311 14.906 14.488 14.057 13.613 13.155 13.187 13.316 13.465 13.636 13.828 14.041 14.275 14.530 14.806 15.103 15.422 15.761 18.685 21.559 24.325 26.984 29.535 31.979 34.315 36.544 38.665 40.679 42.585 44.038 42.034 40.041 38.058 36.087 34.126 32.176 30.238
14.802 14.382 13.999 13.652 13.341 13.505 14.349 15.089 15.725 16.256 16.683 17.006 17.225 17.340 17.350 17.256 17.242 17.217 17.090 16.986 16.905 16.846 16.810 16.797 16.806 16.838 16.892 16.970 17.070 16.897 16.526 16.142 15.745 15.334 14.910 14.473 14.022 13.559 13.082 12.592 12.088 12.079 12.280 12.503 12.747 13.012 13.298 13.605 13.933 14.282 14.653 15.044 15.456 17.707 20.210 22.606 24.894 27.075 29.148 31.114 32.972 34.723 36.366 37.902 39.331 37.514 35.558 33.614 31.680 29.757 27.845 25.944
14.740 14.446 14.189 13.968 13.784 13.784 14.266 14.645 14.919 15.063 15.172 15.275 15.371 15.461 15.544 15.620 15.690 15.711 15.663 15.638 15.635 15.655 15.698 15.763 15.851 15.962 16.095 16.251 16.430 16.349 15.932 15.502 15.059 14.603 14.133 13.650 13.154 12.644 12.122 11.586 11.036 10.950 11.225 11.521 11.838 12.176 12.535 12.915 13.316 13.738 14.181 14.646 15.131 16.835 18.968 20.993 22.911 24.721 26.424 28.020 29.508 30.889 32.162 33.328 34.387 32.988 31.071 29.164 27.268 25.383 23.509 21.646
14.638 14.470 14.192 13.875 13.557 13.265 13.378 13.484 13.584 13.677 13.764 13.844 13.918 13.985 14.045 14.099 14.146 14.183 14.214 14.267 14.343 14.442 14.563 14.707 14.874 15.063 15.275 15.510 15.767 15.816 15.353 14.877 14.388 13.886 13.370 12.842 12.300 11.744 11.176 10.594 9.999 9.802 10.150 10.519 10.909 11.320 11.752 12.205 12.679 13.174 13.690 14.227 14.785 16.069 17.832 19.487 21.034 22.475 23.808 25.033 26.152 27.163 28.066 28.862 29.551 28.458 26.579 24.710 22.852 21.382 20.040 18.698
13.626 13.307 12.986 12.664 12.341 12.016 12.069 12.153 12.230 12.301 12.365 12.423 12.474 12.518 12.556 12.587 12.612 12.633 12.742 12.874 13.029 13.206 13.406 13.629 13.874 14.142 14.432 14.745 15.081 15.297 14.788 14.267 13.732 13.184 12.622 12.048 11.460 10.859 10.245 9.617 8.977 8.634 9.055 9.496 9.959 10.443 10.948 11.474 12.021 12.589 13.178 13.788 14.419 15.410 16.802 18.087 19.265 20.335 21.299 22.154 22.903 23.544 24.396 25.317 26.234 25.916 24.574 23.232 21.889 20.547 19.204 17.861
12.432 12.109 11.783 11.457 11.128 10.799 10.769 10.830 10.885 10.933 10.975 11.010 11.038 11.060 11.075 11.084 11.086 11.081 11.248 11.459 11.692 11.948 12.227 12.528 12.852 13.198 13.567 13.959 14.373 14.792 14.238 13.671 13.090 12.496 11.889 11.269 10.635 9.988 9.329 8.655 7.969 7.445 7.939 8.454 8.990 9.546 10.124 10.723 11.343 11.984 12.645 13.328 14.032 14.857 15.879 16.826 17.765 18.700 19.629 20.554 21.474 22.389 23.300 24.205 25.105 25.085 23.742 22.399 21.056 19.713 18.370 17.026
11.242 10.913 10.583 10.252 9.919 9.585 9.478 9.517 9.549 9.574 9.593 9.606 9.611 9.611 9.603 9.589 9.569 9.542 9.732 10.021 10.333 10.668 11.025 11.404 11.807 12.231 12.679 13.149 13.641 14.157 13.702 13.089 12.463 11.823 11.170 10.504 9.825 9.133 8.427 7.708 6.976 6.237 6.804 7.391 8.000 8.630 9.280 9.952 10.672 11.374 12.053 12.707 13.337 13.990 14.922 15.850 16.773 17.691 18.605 19.513 20.417 21.315 22.209 23.098 23.982 24.255 22.911 21.568 20.224 18.880 17.536 16.192
10.054 9.721 9.386 9.050 8.712 8.373 8.195 8.211 8.221 8.224 8.220 8.210 8.193 8.170 8.140 8.104 8.061 8.011 8.193 8.561 8.952 9.364 9.800 10.258 10.739 11.242 11.768 12.316 12.887 13.481 13.181 12.522 11.850 11.164 10.466 9.754 9.029 8.291 7.540 6.776 5.998 5.380 5.976 6.741 7.481 8.197 8.889 9.557 10.200 10.819 11.414 11.985 12.531 13.053 13.969 14.881 15.787 16.689 17.586 18.478 19.365 20.247 21.125 21.997 22.865 23.426 22.082 20.738 19.394 18.049 16.705 15.360
8.870 8.532 8.192 7.851 7.509 7.165 6.921 6.915 6.902 6.882 6.856 6.823 6.784 6.738 6.686 6.627 6.561 6.489 6.633 7.079 7.548 8.039 8.553 9.089 9.649 10.230 10.834 11.461 12.111 12.783 12.674 11.969 11.251 10.520 9.822 9.151 8.505 7.885 7.292 6.724 6.182 5.666 6.029 6.710 7.367 8.000 8.608 9.193 9.752 10.288 10.800 11.287 11.750 12.189 13.021 13.916 14.807 15.692 16.572 17.448 18.319 19.185 20.046 20.902 21.753 22.599 21.254 19.909 18.564 17.219 15.874 14.529
7.688 7.345 7.001 6.656 6.309 5.960 5.656 5.627 5.591 5.549 5.501 5.445 5.383 5.315 5.240 5.159 5.070 4.976 5.049 5.574 6.121 6.691 7.283 7.898 8.536 9.196 9.879 10.592 11.288 11.967 12.044 11.358 10.698 10.064 9.456 8.874 8.318 7.788 7.283 6.805 6.353 5.926 6.107 6.705 7.278 7.827 8.352 8.853 9.330 9.782 10.210 10.614 10.994 11.349 12.079 12.958 13.832 14.701 15.565 16.424 17.278 18.128 18.972 19.812 20.647 21.477 20.428 19.082 17.737 16.391 15.045 13.699
