DATA/SHG/ECMWF/20170628/EN-10/20170712.en-10.asc
ncols        190
nrows        64
xllcorner    -5100000.000000000000
yllcorner    4130000.000000000000
cellsize     10000.000000000000
NODATA_value  -99999.000
[rows 0 to 32 of 64, columns 0 to 74 of 190]
0.017 0.015 0.012 0.010 0.008 0.006 0.004 0.003 0.001 0.002 0.002 0.002 0.002 0.002 0.002 0.002 0.001 0.001 0.000 0.000 0.001 0.001 0.001 0.002 0.002 0.003 0.003 0.004 0.004 0.005 0.005 0.006 0.007 0.024 0.055 0.088 0.123 0.161 0.202 0.244 0.290 0.337 0.387 0.440 0.495 0.526 0.534 0.541 0.546 0.551 0.554 0.557 0.558 0.559 0.558 0.556 0.554 0.537 0.503 0.469 0.432 0.394 0.355 0.314 0.272 0.228 0.182 0.136 0.087 0.056 0.053 0.051 0.049 0.047 0.046
0.011 0.009 0.007 0.005 0.004 0.003 0.002 0.001 0.000 0.000 0.000 0.000 0.001 0.001 0.002 0.002 0.003 0.003 0.003 0.003 0.003 0.004 0.004 0.005 0.005 0.006 0.006 0.007 0.007 0.008 0.009 0.009 0.010 0.028 0.067 0.109 0.153 0.199 0.248 0.299 0.353 0.410 0.468 0.529 0.593 0.635 0.639 0.642 0.644 0.645 0.644 0.643 0.641 0.637 0.633 0.628 0.621 0.604 0.565 0.525 0.483 0.440 0.396 0.349 0.302 0.253 0.202 0.150 0.096 0.054 0.052 0.051 0.049 0.048 0.047
0.004 0.002 0.001 0.001 0.000 0.002 0.003 0.004 0.004 0.004 0.005 0.005 0.006 0.006 0.006 0.007 0.007 0.007 0.007 0.006 0.006 0.006 0.007 0.007 0.008 0.009 0.009 0.010 0.011 0.011 0.012 0.013 0.013 0.029 0.077 0.127 0.179 0.235 0.292 0.352 0.415 0.479 0.547 0.616 0.689 0.744 0.745 0.744 0.742 0.739 0.735 0.730 0.724 0.717 0.709 0.700 0.689 0.672 0.628 0.583 0.536 0.487 0.438 0.386 0.333 0.279 0.223 0.165 0.109 0.061 0.063 0.066 0.069 0.072 0.075
0.011 0.013 0.014 0.015 0.015 0.015 0.015 0.013 0.012 0.010 0.011 0.011 0.011 0.011 0.011 0.011 0.011 0.010 0.010 0.010 0.009 0.009 0.010 0.010 0.011 0.011 0.012 0.013 0.014 0.014 0.015 0.016 0.017 0.027 0.084 0.142 0.204 0.267 0.334 0.402 0.473 0.547 0.622 0.701 0.782 0.855 0.851 0.847 0.841 0.835 0.827 0.818 0.809 0.798 0.786 0.773 0.759 0.742 0.693 0.642 0.589 0.524 0.462 0.402 0.344 0.289 0.235 0.184 0.136 0.089 0.091 0.094 0.097 0.100 0.103
0.033 0.034 0.033 0.032 0.031 0.029 0.026 0.023 0.020 0.016 0.016 0.016 0.016 0.016 0.016 0.015 0.015 0.014 0.014 0.013 0.012 0.011 0.012 0.013 0.014 0.014 0.015 0.016 0.017 0.018 0.018 0.019 0.020 0.023 0.088 0.156 0.225 0.298 0.372 0.450 0.529 0.611 0.696 0.783 0.872 0.964 0.959 0.951 0.942 0.931 0.920 0.907 0.894 0.875 0.840 0.805 0.768 0.731 0.670 0.609 0.550 0.493 0.439 0.387 0.337 0.290 0.244 0.201 0.161 0.122 0.119 0.122 0.125 0.129 0.132
0.057 0.055 0.053 0.050 0.047 0.043 0.039 0.034 0.028 0.023 0.022 0.022 0.022 0.021 0.020 0.020 0.019 0.018 0.017 0.016 0.015 0.014 0.015 0.016 0.016 0.017 0.018 0.019 0.020 0.021 0.022 0.022 0.023 0.024 0.090 0.166 0.245 0.325 0.409 0.494 0.583 0.673 0.766 0.862 0.960 1.060 1.060 1.028 0.995 0.962 0.928 0.893 0.857 0.820 0.783 0.744 0.705 0.665 0.613 0.560 0.509 0.460 0.414 0.370 0.328 0.288 0.251 0.216 0.183 0.153 0.147 0.150 0.154 0.157 0.161
0.081 0.077 0.073 0.068 0.063 0.058 0.052 0.045 0.038 0.030 0.028 0.028 0.027 0.026 0.025 0.024 0.023 0.022 0.021 0.020 0.018 0.017 0.017 0.018 0.019 0.020 0.021 0.022 0.023 0.024 0.025 0.026 0.027 0.028 0.090 0.174 0.261 0.351 0.443 0.537 0.630 0.718 0.802 0.882 0.958 1.029 1.027 0.992 0.957 0.920 0.883 0.845 0.807 0.767 0.726 0.685 0.643 0.600 0.554 0.509 0.466 0.425 0.387 0.351 0.317 0.285 0.256 0.229 0.204 0.181 0.174 0.178 0.182 0.185 0.189
0.105 0.100 0.094 0.087 0.080 0.073 0.065 0.056 0.047 0.038 0.034 0.033 0.032 0.031 0.030 0.029 0.028 0.026 0.025 0.023 0.022 0.020 0.020 0.021 0.022 0.023 0.024 0.025 0.026 0.027 0.028 0.029 0.044 0.065 0.135 0.234 0.328 0.418 0.504 0.586 0.664 0.738 0.807 0.873 0.934 0.991 0.995 0.957 0.919 0.880 0.840 0.799 0.757 0.714 0.671 0.627 0.582 0.536 0.493 0.456 0.421 0.388 0.357 0.329 0.303 0.279 0.258 0.239 0.222 0.207 0.202 0.206 0.210 0.213 0.217
0.130 0.123 0.115 0.107 0.098 0.089 0.079 0.069 0.058 0.046 0.041 0.039 0.038 0.037 0.035 0.034 0.032 0.030 0.029 0.027 0.025 0.023 0.022 0.023 0.024 0.042 0.061 0.081 0.101 0.121 0.142 0.164 0.186 0.209 0.261 0.345 0.425 0.501 0.572 0.640 0.703 0.762 0.817 0.868 0.915 0.957 0.964 0.923 0.882 0.840 0.797 0.753 0.708 0.663 0.616 0.569 0.521 0.472 0.430 0.400 0.373 0.348 0.326 0.306 0.288 0.272 0.258 0.247 0.238 0.231 0.229 0.233 0.237 0.242 0.246
0.156 0.146 0.137 0.127 0.116 0.105 0.093 0.081 0.069 0.055 0.047 0.045 0.044 0.042 0.040 0.039 0.037 0.038 0.058 0.075 0.089 0.099 0.111 0.131 0.150 0.171 0.192 0.213 0.235 0.257 0.280 0.303 0.327 0.351 0.391 0.461 0.526 0.587 0.644 0.697 0.746 0.790 0.831 0.867 0.899 0.928 0.934 0.890 0.846 0.801 0.755 0.708 0.661 0.612 0.563 0.513 0.462 0.410 0.364 0.343 0.324 0.307 0.292 0.280 0.270 0.262 0.256 0.253 0.252 0.253 0.257 0.261 0.265 0.269 0.274
0.182 0.171 0.159 0.147 0.135 0.122 0.108 0.094 0.080 0.065 0.064 0.095 0.123 0.148 0.170 0.188 0.204 0.216 0.225 0.230 0.233 0.232 0.234 0.255 0.277 0.299 0.321 0.344 0.368 0.392 0.417 0.442 0.467 0.493 0.525 0.580 0.631 0.677 0.720 0.758 0.793 0.823 0.849 0.871 0.888 0.902 0.904 0.858 0.811 0.763 0.714 0.664 0.614 0.562 0.510 0.457 0.403 0.349 0.297 0.283 0.272 0.263 0.257 0.252 0.250 0.250 0.252 0.257 0.264 0.273 0.284 0.288 0.293 0.297 0.300
0.208 0.195 0.182 0.178 0.185 0.197 0.214 0.235 0.260 0.291 0.324 0.344 0.361 0.374 0.385 0.392 0.396 0.397 0.395 0.389 0.380 0.369 0.356 0.379 0.402 0.426 0.450 0.475 0.501 0.526 0.553 0.579 0.607 0.634 0.663 0.703 0.740 0.772 0.800 0.824 0.844 0.859 0.871 0.878 0.881 0.881 0.876 0.827 0.777 0.726 0.674 0.621 0.568 0.513 0.458 0.402 0.346 0.288 0.230 0.222 0.218 0.217 0.219 0.222 0.228 0.236 0.246 0.260 0.273 0.282 0.288 0.289 0.291 0.293 0.296
0.281 0.291 0.305 0.324 0.348 0.376 0.408 0.446 0.487 0.534 0.585 0.595 0.601 0.603 0.602 0.598 0.591 0.581 0.568 0.551 0.531 0.508 0.482 0.502 0.527 0.553 0.579 0.605 0.632 0.660 0.688 0.716 0.745 0.775 0.805 0.831 0.853 0.870 0.884 0.893 0.899 0.900 0.897 0.890 0.879 0.863 0.844 0.796 0.743 0.689 0.635 0.579 0.523 0.465 0.407 0.349 0.289 0.228 0.167 0.158 0.178 0.201 0.222 0.239 0.254 0.265 0.273 0.277 0.279 0.278 0.273 0.275 0.279 0.285 0.291
0.374 0.400 0.430 0.465 0.505 0.549 0.598 0.651 0.709 0.771 0.838 0.850 0.844 0.835 0.823 0.808 0.790 0.768 0.744 0.716 0.685 0.651 0.613 0.625 0.652 0.679 0.707 0.735 0.764 0.793 0.822 0.853 0.883 0.915 0.946 0.962 0.970 0.973 0.972 0.967 0.958 0.945 0.927 0.906 0.880 0.850 0.817 0.767 0.711 0.654 0.596 0.538 0.479 0.439 0.402 0.366 0.330 0.294 0.258 0.260 0.275 0.288 0.298 0.304 0.307 0.307 0.304 0.298 0.289 0.276 0.260 0.259 0.267 0.276 0.286
0.462 0.504 0.550 0.601 0.657 0.717 0.782 0.851 0.925 1.004 1.087 1.107 1.090 1.070 1.047 1.021 0.991 0.959 0.923 0.884 0.842 0.796 0.748 0.747 0.775 0.804 0.834 0.863 0.894 0.925 0.956 0.988 1.021 1.054 1.087 1.098 1.091 1.080 1.064 1.045 1.021 0.993 0.962 0.926 0.886 0.842 0.812 0.780 0.744 0.708 0.671 0.635 0.599 0.563 0.527 0.491 0.455 0.419 0.383 0.371 0.376 0.378 0.376 0.371 0.364 0.353 0.339 0.321 0.301 0.277 0.251 0.243 0.254 0.266 0.279
0.544 0.602 0.665 0.732 0.804 0.880 0.961 1.046 1.136 1.231 1.330 1.368 1.340 1.309 1.274 1.237 1.196 1.152 1.105 1.055 1.002 0.945 0.886 0.868 0.898 0.929 0.960 0.991 1.024 1.056 1.089 1.123 1.157 1.192 1.227 1.238 1.216 1.190 1.159 1.117 1.079 1.045 1.014 0.987 0.963 0.943 0.927 0.903 0.867 0.831 0.795 0.759 0.723 0.687 0.651 0.615 0.579 0.544 0.508 0.486 0.479 0.470 0.457 0.442 0.423 0.401 0.376 0.348 0.316 0.282 0.244 0.225 0.240 0.255 0.272
0.622 0.696 0.774 0.857 0.945 1.038 1.134 1.236 1.342 1.453 1.568 1.631 1.592 1.550 1.504 1.456 1.404 1.349 1.291 1.229 1.165 1.097 1.027 0.988 1.020 1.053 1.085 1.119 1.153 1.187 1.222 1.250 1.263 1.274 1.284 1.278 1.238 1.202 1.169 1.140 1.115 1.093 1.075 1.060 1.049 1.041 1.037 1.026 0.990 0.954 0.918 0.882 0.846 0.811 0.775 0.739 0.704 0.668 0.633 0.603 0.586 0.565 0.542 0.515 0.485 0.452 0.416 0.377 0.335 0.289 0.241 0.207 0.225 0.244 0.264
0.694 0.784 0.879 0.978 1.082 1.190 1.303 1.420 1.542 1.669 1.800 1.898 1.848 1.794 1.738 1.678 1.615 1.549 1.479 1.407 1.331 1.253 1.171 1.108 1.133 1.149 1.163 1.177 1.190 1.201 1.212 1.222 1.231 1.239 1.247 1.247 1.220 1.196 1.176 1.160 1.147 1.137 1.131 1.129 1.131 1.135 1.144 1.148 1.112 1.077 1.041 1.005 0.970 0.934 0.899 0.863 0.828 0.792 0.757 0.723 0.695 0.664 0.629 0.591 0.551 0.507 0.460 0.410 0.356 0.300 0.240 0.188 0.209 0.231 0.255
0.761 0.867 0.978 1.093 1.213 1.337 1.466 1.600 1.738 1.880 2.027 2.168 2.106 2.042 1.974 1.903 1.829 1.726 1.611 1.501 1.396 1.296 1.201 1.115 1.128 1.141 1.152 1.162 1.172 1.181 1.188 1.195 1.201 1.206 1.210 1.213 1.198 1.187 1.179 1.175 1.175 1.178 1.185 1.195 1.209 1.226 1.247 1.271 1.235 1.199 1.164 1.128 1.093 1.057 1.022 0.987 0.952 0.916 0.881 0.846 0.807 0.765 0.719 0.671 0.619 0.564 0.506 0.445 0.381 0.313 0.243 0.169 0.193 0.218 0.245
0.823 0.945 1.071 1.203 1.339 1.479 1.624 1.773 1.928 2.086 2.215 2.303 2.195 2.074 1.957 1.845 1.737 1.635 1.538 1.445 1.357 1.274 1.196 1.123 1.124 1.133 1.142 1.149 1.155 1.161 1.165 1.169 1.172 1.173 1.174 1.174 1.173 1.174 1.179 1.187 1.199 1.215 1.234 1.257 1.283 1.313 1.346 1.383 1.357 1.322 1.286 1.251 1.216 1.180 1.145 1.110 1.075 1.040 1.005 0.970 0.922 0.869 0.812 0.753 0.690 0.624 0.555 0.483 0.408 0.330 0.248 0.163 0.175 0.204 0.234
0.879 1.017 1.160 1.417 1.637 1.818 1.962 2.068 2.136 2.167 2.159 2.114 2.015 1.910 1.810 1.715 1.625 1.540 1.459 1.384 1.313 1.247 1.186 1.130 1.121 1.127 1.132 1.136 1.140 1.142 1.143 1.144 1.143 1.142 1.140 1.137 1.143 1.157 1.175 1.196 1.220 1.248 1.280 1.315 1.354 1.396 1.442 1.491 1.479 1.444 1.409 1.373 1.338 1.303 1.268 1.233 1.199 1.164 1.129 1.094 1.040 0.976 0.908 0.838 0.764 0.687 0.607 0.520 0.427 0.338 0.251 0.167 0.166 0.194 0.223
1.846 2.046 2.208 2.333 2.419 2.468 2.479 2.452 2.387 2.284 2.144 1.966 1.829 1.741 1.658 1.580 1.507 1.439 1.376 1.317 1.263 1.215 1.171 1.132 1.119 1.122 1.124 1.125 1.125 1.124 1.122 1.119 1.116 1.111 1.106 1.100 1.111 1.137 1.167 1.200 1.237 1.278 1.322 1.370 1.421 1.476 1.534 1.596 1.601 1.566 1.531 1.496 1.461 1.426 1.391 1.356 1.322 1.287 1.252 1.218 1.145 1.041 0.941 0.844 0.750 0.659 0.570 0.485 0.402 0.323 0.246 0.173 0.160 0.186 0.212
3.201 3.268 3.297 3.289 3.242 3.158 3.036 2.876 2.678 2.443 2.170 1.858 1.638 1.568 1.502 1.441 1.385 1.334 1.287 1.246 1.209 1.177 1.150 1.128 1.118 1.118 1.116 1.114 1.111 1.107 1.102 1.096 1.089 1.082 1.073 1.064 1.075 1.113 1.156 1.202 1.251 1.304 1.360 1.421 1.484 1.551 1.622 1.696 1.722 1.688 1.653 1.618 1.583 1.524 1.452 1.382 1.312 1.244 1.178 1.113 1.035 0.942 0.852 0.765 0.681 0.600 0.522 0.447 0.375 0.305 0.239 0.176 0.154 0.179 0.202
4.596 4.530 4.426 4.284 4.105 3.888 3.633 3.340 3.010 2.642 2.236 1.792 1.443 1.389 1.340 1.296 1.257 1.223 1.194 1.169 1.150 1.135 1.125 1.120 1.118 1.114 1.110 1.105 1.098 1.091 1.083 1.074 1.064 1.053 1.041 1.029 1.035 1.086 1.141 1.199 1.261 1.326 1.395 1.468 1.544 1.623 1.679 1.723 1.729 1.655 1.582 1.511 1.441 1.372 1.305 1.239 1.174 1.111 1.050 0.989 0.922 0.839 0.760 0.683 0.609 0.539 0.471 0.406 0.344 0.285 0.229 0.176 0.149 0.171 0.193
6.030 5.831 5.595 5.320 5.008 4.658 4.271 3.846 3.383 2.882 2.343 1.767 1.242 1.206 1.174 1.147 1.125 1.108 1.095 1.088 1.085 1.087 1.094 1.106 1.119 1.112 1.104 1.096 1.086 1.076 1.065 1.053 1.039 1.026 1.011 0.995 0.991 1.055 1.122 1.178 1.231 1.281 1.329 1.374 1.418 1.459 1.498 1.535 1.551 1.482 1.414 1.348 1.282 1.219 1.156 1.095 1.035 0.977 0.920 0.865 0.807 0.734 0.665 0.599 0.535 0.475 0.417 0.363 0.311 0.262 0.216 0.173 0.145 0.165 0.184
7.496 7.173 6.803 6.396 5.952 5.469 4.949 4.391 3.796 3.163 2.492 1.783 1.037 1.017 1.002 0.992 0.987 0.987 0.992 1.001 1.016 1.035 1.059 1.087 1.121 1.111 1.100 1.088 1.075 1.062 1.048 1.033 1.035 1.023 0.997 0.957 0.907 0.958 1.007 1.054 1.099 1.141 1.181 1.219 1.255 1.289 1.320 1.349 1.373 1.308 1.245 1.183 1.123 1.064 1.006 0.950 0.895 0.842 0.789 0.739 0.689 0.627 0.568 0.511 0.458 0.408 0.361 0.316 0.275 0.236 0.201 0.168 0.141 0.159 0.176
8.873 8.554 8.052 7.512 6.935 6.320 5.668 4.977 4.249 3.484 2.681 1.840 0.961 0.824 0.826 0.833 0.845 0.862 0.883 0.910 0.941 0.977 1.018 1.064 1.126 1.185 1.221 1.244 1.252 1.247 1.228 1.196 1.149 1.089 1.015 0.928 0.826 0.852 0.893 0.932 0.969 1.004 1.036 1.066 1.095 1.120 1.144 1.165 1.185 1.133 1.075 1.018 0.962 0.908 0.855 0.804 0.754 0.705 0.658 0.612 0.567 0.516 0.467 0.421 0.379 0.338 0.301 0.267 0.236 0.208 0.182 0.160 0.141 0.154 0.169
10.239 9.975 9.340 8.668 7.959 7.211 6.426 5.604 4.743 3.846 2.910 1.937 0.926 0.625 0.645 0.669 0.697 0.781 0.962 1.123 1.265 1.387 1.490 1.573 1.637 1.651 1.639 1.613 1.574 1.521 1.454 1.373 1.278 1.170 1.048 0.912 0.763 0.747 0.781 0.812 0.842 0.869 0.894 0.916 0.937 0.955 0.971 0.984 0.996 0.957 0.904 0.851 0.801 0.751 0.703 0.657 0.611 0.567 0.525 0.484 0.444 0.403 0.364 0.329 0.296 0.266 0.239 0.216 0.195 0.177 0.161 0.149 0.140 0.149 0.162
11.593 11.435 10.668 9.864 9.022 8.142 7.225 6.270 5.278 4.248 3.226 2.289 1.410 1.146 1.337 1.508 1.659 1.791 1.903 1.996 2.070 2.123 2.157 2.172 2.167 2.131 2.071 1.997 1.909 1.808 1.693 1.564 1.421 1.265 1.095 0.911 0.713 0.646 0.672 0.695 0.717 0.736 0.753 0.768 0.781 0.791 0.800 0.806 0.810 0.780 0.731 0.684 0.638 0.593 0.550 0.508 0.468 0.428 0.391 0.354 0.319 0.287 0.259 0.234 0.211 0.191 0.175 0.161 0.150 0.143 0.138 0.136 0.137 0.145 0.156
12.936 12.935 12.036 10.944 9.801 8.716 7.690 6.723 5.815 4.966 4.176 3.445 2.772 2.450 2.572 2.675 2.757 2.821 2.865 2.889 2.894 2.879 2.845 2.791 2.717 2.625 2.516 2.394 2.259 2.109 1.946 1.769 1.578 1.374 1.156 0.924 0.678 0.546 0.565 0.581 0.594 0.606 0.616 0.623 0.628 0.631 0.631 0.630 0.626 0.602 0.558 0.515 0.474 0.434 0.396 0.359 0.323 0.288 0.255 0.224 0.194 0.169 0.151 0.135 0.123 0.114 0.107 0.104 0.107 0.116 0.123 0.129 0.134 0.141 0.149
12.565 12.440 11.384 10.388 9.450 8.572 7.752 6.991 6.289 5.646 5.061 4.536 4.069 3.773 3.827 3.861 3.875 3.870 3.845 3.801 3.737 3.654 3.552 3.429 3.288 3.132 2.976 2.806 2.622 2.424 2.213 1.988 1.749 1.497 1.231 0.951 0.657 0.449 0.460 0.468 0.474 0.478 0.480 0.480 0.477 0.472 0.465 0.456 0.445 0.422 0.383 0.345 0.309 0.274 0.240 0.208 0.177 0.147 0.119 0.092 0.067 0.060 0.073 0.085 0.096 0.105 0.113 0.120 0.126 0.130 0.133 0.135 0.135 0.137 0.143
11.359 11.408 10.559 9.768 9.036 8.364 7.750 7.195 6.698 6.261 5.882 5.562 5.301 5.116 5.101 5.066 5.012 4.938 4.845 4.733 4.601 4.449 4.278 4.087 3.877 3.653 3.449 3.231 2.999 2.753 2.494 2.221 1.934 1.634 1.320 0.992 0.650 0.355 0.358 0.358 0.357 0.353 0.347 0.339 0.329 0.316 0.302 0.285 0.266 0.242 0.207 0.174 0.143 0.112 0.129 0.167 0.190 0.200 0.195 0.177 0.144 0.111 0.120 0.128 0.134 0.139 0.143 0.145 0.146 0.146 0.144 0.141 0.137 0.134 0.138
10.163 10.246 9.669 9.085 8.559 8.092 7.684 7.334 7.043 6.811 6.638 6.524 6.468 6.472 6.394 6.291 6.168 6.026 5.865 5.684 5.484 5.264 5.024 4.765 4.487 4.189 3.936 3.669 3.390 3.096 2.789 2.468 2.133 1.785 1.423 1.047 0.657 0.262 0.258 0.251 0.242 0.230 0.217 0.201 0.183 0.163 0.140 0.190 0.279 0.375 0.434 0.479 0.510 0.526 0.529 0.518 0.492 0.453 0.399 0.332 0.250 0.165 0.169 0.172 0.173 0.174 0.173 0.171 0.167 0.162 0.156 0.149 0.140 0.131 0.133
