DATA/SHG/ECMWF/20170628/EN-10/20170628.en-10.asc
ncols        190
nrows        64
xllcorner    -5100000.000000000000
yllcorner    4130000.000000000000
cellsize     10000.000000000000
NODATA_value  -99999.000
[rows 0 to 32 of 64, columns 74 to 147 of 190]
2.495 2.354 2.209 2.060 1.906 1.748 1.586 1.577 1.973 2.404 2.845 3.295 3.754 4.222 4.700 5.187 5.684 6.189 6.705 7.240 7.795 8.326 8.835 9.323 9.789 10.235 10.658 11.061 11.442 11.802 12.140 12.417 12.553 12.686 12.814 12.939 13.060 13.177 13.290 13.399 13.505 13.607 13.704 13.630 13.038 12.453 11.874 11.301 10.736 10.176 9.624 9.078 8.538 8.005 7.478 6.932 6.320 5.719 5.131 4.554 3.988 3.435 2.893 2.364 1.846 1.339 0.845 0.498 0.537 0.579 0.622 0.668 0.716 0.767
2.098 1.984 1.882 1.782 1.682 1.584 1.486 1.486 1.941 2.405 2.878 3.361 3.853 4.354 4.864 5.384 5.914 6.452 7.000 7.549 8.009 8.444 8.858 9.251 9.622 9.971 10.300 10.607 10.893 11.157 11.400 11.612 11.731 11.846 11.958 12.066 12.169 12.269 12.366 12.458 12.546 12.631 12.712 12.707 12.145 11.588 11.039 10.496 9.959 9.429 8.906 8.389 7.878 7.374 6.877 6.375 5.815 5.267 4.731 4.207 3.694 3.193 2.704 2.227 1.761 1.307 0.865 0.507 0.556 0.608 0.662 0.717 0.776 0.836
2.055 1.955 1.858 1.761 1.665 1.571 1.477 1.412 1.900 2.396 2.902 3.418 3.943 4.477 5.020 5.573 6.135 6.706 7.287 7.877 8.247 8.587 8.905 9.202 9.478 9.732 9.966 10.177 10.368 10.537 10.685 10.812 10.914 11.012 11.107 11.198 11.284 11.367 11.446 11.522 11.593 11.661 11.725 11.779 11.246 10.719 10.198 9.684 9.177 8.676 8.182 7.694 7.213 6.738 6.270 5.807 5.300 4.804 4.320 3.848 3.388 2.940 2.503 2.078 1.665 1.264 0.874 0.525 0.616 0.719 0.835 0.965 1.108 1.264
2.021 1.926 1.832 1.739 1.647 1.557 1.467 1.379 1.850 2.379 2.918 3.466 4.024 4.591 5.167 5.752 6.347 6.951 7.564 8.187 8.508 8.753 8.976 9.178 9.358 9.517 9.655 9.772 9.867 9.942 9.994 10.026 10.102 10.184 10.261 10.335 10.405 10.471 10.533 10.591 10.646 10.696 10.743 10.786 10.341 9.844 9.352 8.868 8.389 7.918 7.452 6.994 6.542 6.096 5.657 5.224 4.772 4.329 3.933 3.574 3.217 2.862 2.508 2.156 1.806 1.458 1.111 0.766 0.880 1.042 1.217 1.406 1.607 1.821
1.986 1.895 1.805 1.716 1.628 1.542 1.456 1.372 1.791 2.354 2.925 3.506 4.096 4.696 5.305 5.923 6.550 7.187 7.833 8.489 8.793 8.942 9.070 9.177 9.262 9.327 9.369 9.391 9.391 9.370 9.328 9.265 9.296 9.361 9.421 9.478 9.530 9.579 9.625 9.666 9.703 9.737 9.767 9.793 9.432 8.963 8.501 8.045 7.596 7.197 6.841 6.493 6.153 5.820 5.495 5.177 4.830 4.475 4.122 3.771 3.421 3.074 2.727 2.383 2.040 1.699 1.360 1.022 1.132 1.352 1.586 1.832 2.092 2.365
1.950 1.863 1.777 1.692 1.609 1.526 1.444 1.364 1.724 2.319 2.924 3.537 4.160 4.792 5.434 6.085 6.745 7.414 8.093 8.781 9.102 9.156 9.189 9.200 9.191 9.160 9.107 9.034 8.939 8.824 8.686 8.528 8.495 8.543 8.586 8.626 8.662 8.694 8.722 8.746 8.817 8.915 9.003 9.082 8.867 8.507 8.154 7.810 7.473 7.143 6.822 6.508 6.201 5.903 5.612 5.329 5.002 4.655 4.310 3.966 3.624 3.283 2.945 2.607 2.272 1.938 1.607 1.276 1.370 1.649 1.941 2.246 2.564 2.895
1.914 1.830 1.748 1.667 1.588 1.509 1.431 1.355 1.649 2.276 2.913 3.559 4.215 4.880 5.554 6.238 6.930 7.632 8.344 9.065 9.434 9.393 9.331 9.247 9.143 9.017 8.870 8.701 8.512 8.301 8.069 7.879 7.876 8.006 8.127 8.238 8.341 8.434 8.517 8.592 8.657 8.713 8.760 8.798 8.634 8.308 7.990 7.679 7.377 7.081 6.794 6.514 6.242 5.978 5.721 5.472 5.173 4.833 4.495 4.159 3.824 3.491 3.160 2.830 2.502 2.176 1.851 1.529 1.594 1.931 2.282 2.645 3.021 3.411
1.876 1.797 1.719 1.642 1.566 1.491 1.417 1.345 1.564 2.225 2.894 3.573 4.261 4.959 5.666 6.382 7.107 7.842 8.586 9.339 9.789 9.654 9.433 9.199 8.986 8.793 8.620 8.467 8.334 8.221 8.127 8.054 8.056 8.145 8.224 8.294 8.355 8.407 8.450 8.483 8.507 8.522 8.528 8.524 8.393 8.102 7.818 7.541 7.273 7.012 6.758 6.513 6.275 6.044 5.822 5.607 5.342 5.009 4.679 4.350 4.022 3.697 3.373 3.051 2.730 2.411 2.094 1.779 1.805 2.201 2.609 3.031 3.466 3.914
1.837 1.762 1.688 1.615 1.543 1.472 1.403 1.334 1.471 2.164 2.867 3.578 4.299 5.029 5.754 6.409 7.037 7.638 8.212 8.760 9.129 8.945 8.782 8.638 8.514 8.410 8.326 8.263 8.219 8.195 8.191 8.207 8.246 8.293 8.331 8.360 8.380 8.391 8.392 8.384 8.367 8.341 8.305 8.261 8.145 7.887 7.637 7.395 7.161 6.934 6.715 6.503 6.299 6.103 5.915 5.734 5.508 5.183 4.860 4.539 4.219 3.901 3.584 3.269 2.956 2.645 2.335 2.027 2.003 2.457 2.924 3.403 3.896 4.402
1.798 1.726 1.656 1.587 1.519 1.452 1.387 1.335 1.421 2.144 2.840 3.508 4.150 4.765 5.354 5.915 6.449 6.957 7.438 7.891 8.278 8.184 8.109 8.055 8.020 8.006 8.011 8.036 8.082 8.147 8.232 8.337 8.445 8.452 8.449 8.437 8.415 8.385 8.345 8.296 8.238 8.170 8.093 8.007 7.889 7.665 7.450 7.242 7.041 6.848 6.663 6.486 6.316 6.154 6.000 5.853 5.673 5.355 5.040 4.726 4.413 4.102 3.793 3.486 3.180 2.877 2.574 2.274 2.187 2.699 3.224 3.762 4.313 4.878
1.774 1.746 1.720 1.696 1.673 1.652 1.633 1.615 1.608 2.237 2.839 3.414 3.962 4.484 4.978 5.446 5.887 6.301 6.688 7.048 7.397 7.400 7.415 7.450 7.504 7.579 7.674 7.788 7.923 8.077 8.251 8.446 8.655 8.620 8.576 8.522 8.460 8.388 8.307 8.217 8.118 8.009 7.892 7.765 7.625 7.436 7.254 7.080 6.914 6.755 6.604 6.461 6.325 6.197 6.077 5.964 5.836 5.526 5.217 4.911 4.606 4.302 4.001 3.701 3.403 3.106 2.811 2.518 2.358 2.928 3.511 4.108 4.717 5.339
2.010 1.988 1.968 1.949 1.933 1.918 1.905 1.893 1.884 2.354 2.863 3.344 3.799 4.227 4.628 5.002 5.349 5.670 5.964 6.231 6.485 6.596 6.700 6.823 6.967 7.131 7.315 7.518 7.742 7.985 8.248 8.532 8.835 8.798 8.713 8.618 8.515 8.402 8.280 8.149 8.008 7.859 7.700 7.532 7.354 7.198 7.050 6.911 6.778 6.654 6.537 6.427 6.326 6.232 6.145 6.067 5.996 5.694 5.393 5.094 4.796 4.500 4.206 3.914 3.623 3.334 3.046 2.773 2.561 3.194 3.819 4.435 5.043 5.642
2.244 2.228 2.214 2.201 2.191 2.182 2.175 2.169 2.166 2.496 2.911 3.299 3.660 3.994 4.302 4.583 4.837 5.064 5.264 5.438 5.598 5.770 5.963 6.176 6.408 6.661 6.934 7.226 7.539 7.871 8.224 8.596 8.988 8.986 8.860 8.724 8.580 8.426 8.263 8.090 7.909 7.718 7.518 7.309 7.091 6.953 6.839 6.733 6.635 6.545 6.462 6.386 6.319 6.259 6.206 6.161 6.124 5.861 5.555 5.246 4.950 4.667 4.397 4.140 3.897 3.666 3.448 3.244 3.052 3.595 4.182 4.761 5.332 5.894
2.475 2.466 2.458 2.451 2.447 2.444 2.443 2.444 2.446 2.662 2.983 3.278 3.546 3.787 4.001 4.188 4.349 4.483 4.590 4.670 4.737 4.922 5.204 5.506 5.828 6.170 6.531 6.913 7.314 7.735 8.177 8.638 9.119 9.184 9.017 8.840 8.654 8.459 8.255 8.042 7.819 7.588 7.347 7.097 6.838 6.700 6.620 6.548 6.484 6.447 6.422 6.384 6.332 6.267 6.189 6.097 5.992 5.754 5.490 5.239 5.001 4.776 4.564 4.366 4.180 4.007 3.848 3.701 3.568 4.003 4.553 5.095 5.628 6.153
2.705 2.701 2.699 2.699 2.701 2.704 2.709 2.716 2.724 2.852 3.080 3.281 3.456 3.603 3.724 3.819 3.886 3.927 3.941 3.928 3.901 4.054 4.424 4.815 5.226 5.656 6.107 6.577 7.067 7.578 8.108 8.657 9.227 9.392 9.183 8.966 8.739 8.503 8.258 8.004 7.753 7.527 7.321 7.135 6.969 6.895 6.864 6.819 6.762 6.691 6.606 6.509 6.398 6.273 6.136 5.985 5.820 5.618 5.412 5.219 5.039 4.872 4.718 4.578 4.450 4.335 4.233 4.145 4.069 4.419 4.932 5.436 5.932 6.420
2.933 2.935 2.939 2.945 2.953 2.962 2.973 2.986 3.000 3.066 3.201 3.309 3.390 3.445 3.473 3.474 3.448 3.395 3.316 3.210 3.089 3.163 3.623 4.103 4.602 5.122 5.661 6.220 6.799 7.398 8.017 8.626 9.200 9.410 9.134 8.877 8.640 8.423 8.226 8.049 7.891 7.754 7.636 7.539 7.461 7.390 7.299 7.195 7.078 6.948 6.804 6.647 6.477 6.293 6.096 5.886 5.662 5.469 5.321 5.186 5.064 4.955 4.859 4.776 4.706 4.649 4.606 4.575 4.557 4.843 5.318 5.786 6.244 6.695
3.159 3.167 3.177 3.189 3.203 3.218 3.235 3.254 3.274 3.305 3.347 3.361 3.349 3.311 3.245 3.153 3.034 2.889 2.716 2.517 2.303 2.252 2.862 3.511 4.144 4.761 5.361 5.945 6.513 7.064 7.599 8.118 8.621 8.909 8.721 8.552 8.404 8.275 8.167 8.078 8.009 7.959 7.930 7.921 7.931 7.898 7.748 7.585 7.409 7.219 7.016 6.800 6.570 6.327 6.071 5.801 5.519 5.307 5.217 5.140 5.076 5.024 4.986 4.961 4.949 4.950 4.964 4.991 5.031 5.274 5.712 6.142 6.564 6.977
3.383 3.397 3.413 3.431 3.451 3.472 3.495 3.520 3.547 3.568 3.516 3.438 3.333 3.201 3.049 2.961 2.871 2.777 2.681 2.581 2.473 2.430 3.023 3.600 4.161 4.705 5.233 5.745 6.240 6.720 7.183 7.630 8.060 8.386 8.286 8.207 8.146 8.106 8.086 8.085 8.104 8.143 8.202 8.281 8.380 8.420 8.211 7.989 7.753 7.504 7.242 6.966 6.677 6.375 6.060 5.731 5.389 5.132 5.099 5.080 5.074 5.080 5.100 5.133 5.179 5.237 5.309 5.394 5.492 5.713 6.114 6.507 6.892 7.268
3.605 3.625 3.647 3.671 3.697 3.724 3.753 3.787 3.841 3.904 3.824 3.738 3.649 3.557 3.462 3.364 3.263 3.159 3.052 2.942 2.824 2.697 3.202 3.707 4.195 4.667 5.123 5.563 5.986 6.394 6.785 7.159 7.518 7.843 7.831 7.840 7.868 7.916 7.984 8.071 8.179 8.306 8.453 8.620 8.807 8.955 8.687 8.406 8.111 7.802 7.481 7.146 6.798 6.437 6.062 5.674 5.273 4.943 4.969 5.007 5.059 5.123 5.201 5.291 5.395 5.511 5.641 5.783 5.939 6.160 6.524 6.880 7.227 7.566
3.823 3.845 3.876 3.917 3.966 4.024 4.091 4.167 4.251 4.345 4.281 4.184 4.085 3.982 3.877 3.768 3.657 3.543 3.425 3.305 3.176 3.039 3.399 3.832 4.248 4.648 5.032 5.399 5.751 6.086 6.405 6.708 6.994 7.264 7.355 7.452 7.568 7.704 7.860 8.036 8.231 8.447 8.682 8.937 9.212 9.504 9.177 8.836 8.482 8.115 7.734 7.340 6.933 6.512 6.078 5.631 5.171 4.742 4.825 4.921 5.030 5.152 5.288 5.436 5.597 5.771 5.959 6.159 6.372 6.614 6.941 7.260 7.570 7.872
3.976 4.030 4.092 4.163 4.244 4.333 4.431 4.537 4.653 4.778 4.739 4.632 4.523 4.410 4.294 4.175 4.053 3.928 3.801 3.670 3.531 3.383 3.614 3.975 4.319 4.647 4.958 5.254 5.533 5.796 6.043 6.274 6.489 6.687 6.858 7.043 7.247 7.471 7.715 7.979 8.263 8.566 8.889 9.232 9.595 9.978 9.680 9.280 8.867 8.440 8.001 7.547 7.081 6.602 6.109 5.602 5.083 4.550 4.668 4.822 4.989 5.168 5.361 5.567 5.786 6.018 6.263 6.521 6.848 7.230 7.655 8.094 8.546 9.013
4.122 4.206 4.300 4.402 4.513 4.633 4.762 4.900 5.046 5.202 5.200 5.083 4.963 4.839 4.713 4.584 4.452 4.316 4.178 4.037 3.887 3.729 3.847 4.135 4.407 4.663 4.903 5.127 5.334 5.525 5.700 5.859 6.002 6.128 6.340 6.612 6.905 7.217 7.549 7.901 8.273 8.664 9.075 9.506 9.957 10.428 10.197 9.738 9.265 8.780 8.281 7.769 7.243 6.705 6.153 5.587 5.009 4.417 4.497 4.858 5.413 5.930 6.408 6.847 7.249 7.611 7.935 8.221 8.468 8.676 9.143 9.643 10.156 10.683
4.258 4.374 4.498 4.631 4.773 4.924 5.084 5.253 5.430 5.617 5.663 5.536 5.405 5.271 5.134 4.995 4.852 4.707 4.558 4.407 4.246 4.078 4.097 4.314 4.514 4.698 4.866 5.017 5.153 5.272 5.375 5.462 5.533 5.587 5.800 6.161 6.542 6.942 7.362 7.802 8.261 8.741 9.240 9.759 10.297 10.856 10.727 10.209 9.677 9.133 8.599 8.157 7.799 7.525 7.334 7.227 7.203 7.264 7.629 8.052 8.436 8.782 9.089 9.358 9.588 9.779 9.933 10.047 10.124 10.161 10.615 11.175 11.750 12.338
4.387 4.533 4.688 4.852 5.025 5.207 5.398 5.597 5.806 6.023 6.129 5.990 5.849 5.705 5.558 5.408 5.255 5.099 4.940 4.778 4.608 4.429 4.366 4.510 4.639 4.751 4.847 4.926 4.990 5.037 5.069 5.084 5.083 5.065 5.240 5.689 6.157 6.646 7.154 7.681 8.229 8.778 9.283 9.755 10.194 10.600 10.530 10.124 9.803 9.564 9.410 9.339 9.351 9.448 9.627 9.891 10.238 10.669 11.029 11.281 11.494 11.669 11.805 11.903 11.963 11.984 11.966 11.910 11.816 11.683 12.071 12.693 13.328 13.977
4.506 4.684 4.870 5.065 5.269 5.481 5.703 5.933 6.173 6.421 6.596 6.447 6.296 6.141 5.984 5.823 5.660 5.494 5.324 5.152 4.971 4.782 4.652 4.725 4.781 4.821 4.845 4.853 4.845 4.821 4.780 4.724 4.695 4.750 4.997 5.586 6.142 6.665 7.156 7.614 8.039 8.431 8.790 9.116 9.410 9.671 9.769 9.735 9.784 9.916 10.132 10.431 10.815 11.281 11.831 12.465 13.182 13.983 14.464 14.545 14.588 14.592 14.557 14.484 14.373 14.224 14.035 13.809 13.544 13.240 13.512 14.194 14.890 15.600
4.618 4.826 5.043 5.269 5.503 5.747 5.999 6.261 6.531 6.810 7.065 6.906 6.745 6.580 6.412 6.241 6.067 5.891 5.711 5.528 5.337 5.137 4.956 4.932 4.879 4.851 4.845 4.864 4.905 4.971 5.059 5.172 5.308 5.467 5.704 6.147 6.558 6.936 7.281 7.593 7.872 8.119 8.332 8.513 8.661 8.777 8.922 9.257 9.677 10.179 10.766 11.435 12.189 13.025 13.946 14.949 16.037 17.207 17.934 17.844 17.716 17.550 17.345 17.101 16.819 16.499 16.141 15.744 15.308 14.834 14.937 15.680 16.437 17.207
4.720 4.959 5.207 5.464 5.729 6.004 6.287 6.579 6.880 7.190 7.509 7.368 7.195 7.020 6.842 6.645 6.343 6.041 5.739 5.436 5.139 4.848 4.557 4.578 4.630 4.706 4.805 4.927 5.074 5.243 5.436 5.653 5.893 6.157 6.445 6.743 7.008 7.241 7.440 7.607 7.741 7.842 7.911 7.946 7.949 7.919 7.986 8.692 9.482 10.355 11.311 12.351 13.474 14.680 15.971 17.344 18.801 20.341 21.439 21.179 20.880 20.543 20.167 19.754 19.301 18.811 18.282 17.714 17.109 16.465 16.347 17.150 17.968 18.799
4.814 5.084 5.363 5.650 5.947 6.252 6.566 6.889 7.198 7.421 7.638 7.433 7.131 6.829 6.527 6.225 5.922 5.619 5.315 5.011 4.713 4.420 4.127 4.198 4.355 4.535 4.738 4.965 5.216 5.490 5.787 6.108 6.452 6.820 7.211 7.374 7.494 7.581 7.635 7.657 7.645 7.601 7.524 7.415 7.272 7.097 6.964 8.040 9.199 10.442 11.768 13.177 14.670 16.246 17.906 19.649 21.475 23.385 24.979 24.548 24.079 23.571 23.026 22.441 21.819 21.158 20.459 19.721 18.945 18.131 17.741 18.605 19.483 20.375
4.900 5.185 5.432 5.673 5.907 6.133 6.353 6.567 6.773 6.973 7.166 7.019 6.716 6.413 6.109 5.806 5.501 5.197 4.892 4.586 4.287 3.993 3.699 3.793 4.053 4.338 4.645 4.977 5.331 5.709 6.111 6.536 6.985 7.457 7.952 8.040 8.015 7.956 7.865 7.742 7.585 7.396 7.174 6.919 6.631 6.311 5.958 7.300 8.829 10.441 12.137 13.916 15.778 17.723 19.752 21.865 24.060 26.339 28.553 27.952 27.313 26.635 25.919 25.165 24.372 23.541 22.672 21.764 20.818 19.834 19.119 20.044 20.983 21.935
4.701 4.932 5.155 5.372 5.582 5.786 5.982 6.172 6.355 6.531 6.701 6.606 6.302 5.997 5.693 5.387 5.082 4.776 4.470 4.163 3.862 3.567 3.271 3.361 3.726 4.115 4.526 4.962 5.421 5.903 6.409 6.938 7.491 8.067 8.666 8.741 8.570 8.367 8.131 7.862 7.560 7.226 6.858 6.458 6.026 5.561 5.062 6.473 8.371 10.352 12.417 14.565 16.797 19.112 21.509 23.991 26.555 29.203 31.934 31.392 30.582 29.734 28.848 27.924 26.961 25.960 24.921 23.843 22.727 21.573 20.388 21.104 21.795 22.461
4.478 4.685 4.885 5.078 5.265 5.445 5.618 5.784 5.944 6.097 6.242 6.194 5.888 5.583 5.277 4.970 4.663 4.356 4.048 3.740 3.438 3.141 2.844 2.904 3.373 3.866 4.382 4.921 5.484 6.070 6.680 7.313 7.970 8.650 9.354 9.477 9.161 8.812 8.431 8.017 7.570 7.091 6.579 6.034 5.456 4.846 4.203 5.558 7.825 10.176 12.610 15.127 17.727 20.411 23.178 26.027 28.961 31.977 35.076 34.866 33.886 32.671 31.080 29.526 28.010 26.532 25.091 23.688 22.322 20.994 19.703 20.187 20.769 21.326
4.261 4.444 4.621 4.791 4.954 5.111 5.260 5.403 5.539 5.669 5.791 5.783 5.476 5.169 4.862 4.554 4.246 3.937 3.628 3.319 3.015 2.717 2.419 2.421 2.994 3.590 4.211 4.854 5.521 6.211 6.925 7.662 8.423 9.207 10.014 10.247 9.786 9.293 8.766 8.207 7.616 6.991 6.334 5.645 4.922 4.167 3.380 4.556 7.193 9.912 12.715 15.600 18.503 21.235 23.901 26.502 29.037 31.507 33.911 33.523 32.022 30.560 29.134 27.746 26.396 25.083 23.808 22.570 21.370 20.207 19.082 19.296 19.769 20.216
4.051 4.211 4.364 4.510 4.650 4.783 4.909 5.029 5.141 5.247 5.346 5.373 5.065 4.756 4.448 4.138 3.829 3.519 3.209 2.898 2.593 2.294 1.994 1.912 2.589 3.289 4.014 4.761 5.532 6.326 7.144 7.985 8.849 9.737 10.648 11.052 10.446 9.808 9.137 8.433 7.696 6.927 6.126 5.327 4.615 3.903 3.189 4.135 6.906 9.611 12.250 14.824 17.333 19.776 22.153 24.465 26.712 28.892 31.008 31.045 29.710 28.413 27.153 25.931 24.746 23.599 22.489 21.417 20.382 19.385 18.425 18.431 18.794 19.132
