DATA/SHG/ECMWF/20170628/EN-10/20170701.en-10.asc
ncols        190
nrows        64
xllcorner    -5100000.000000000000
yllcorner    4130000.000000000000
cellsize     10000.000000000000
NODATA_value  -99999.000
[rows 0 to 31 of 64, columns 0 to 72 of 190]
1.780 1.775 1.764 1.746 1.722 1.691 1.654 1.610 1.560 1.587 1.646 1.713 1.787 1.869 1.958 2.054 2.158 2.270 2.388 2.569 2.760 2.803 2.797 2.810 2.841 2.891 2.961 3.049 3.155 3.281 3.426 3.590 3.772 4.100 4.496 4.871 5.224 5.556 5.867 6.156 6.424 6.671 6.896 7.100 7.283 7.317 7.226 7.123 7.009 6.885 6.749 6.602 6.443 6.274 6.094 5.902 5.700 5.680 5.896 6.124 6.362 6.612 6.873 7.145 7.428 7.722 8.027 8.343 8.671 8.813 8.625 8.418 8.192
1.688 1.661 1.626 1.585 1.538 1.484 1.424 1.357 1.284 1.302 1.387 1.480 1.706 1.928 2.140 2.344 2.539 2.726 2.904 3.073 3.233 3.329 3.389 3.468 3.566 3.683 3.819 3.973 4.147 4.339 4.550 4.780 5.029 5.326 5.647 5.946 6.224 6.481 6.716 6.931 7.123 7.295 7.445 7.574 7.682 7.688 7.558 7.416 7.263 7.099 6.924 6.738 6.540 6.332 6.112 5.882 5.640 5.549 5.804 6.071 6.348 6.637 6.937 7.248 7.570 7.904 8.248 8.603 8.970 9.192 8.937 8.662 8.368
1.604 1.553 1.496 1.432 1.381 1.421 1.479 1.555 1.650 1.811 2.027 2.235 2.434 2.625 2.807 2.980 3.144 3.300 3.447 3.586 3.715 3.834 3.961 4.106 4.271 4.454 4.656 4.877 5.117 5.375 5.652 5.949 6.264 6.572 6.817 7.041 7.244 7.426 7.586 7.725 7.843 7.939 8.015 8.069 8.101 8.070 7.900 7.719 7.527 7.324 7.110 6.885 6.648 6.401 6.142 5.872 5.591 5.407 5.702 6.007 6.324 6.652 6.991 7.341 7.702 8.074 8.458 8.852 9.124 9.290 8.856 8.433 8.022
1.700 1.732 1.781 1.849 1.935 2.039 2.161 2.301 2.460 2.639 2.825 3.002 3.171 3.330 3.481 3.624 3.757 3.882 3.999 4.107 4.206 4.319 4.512 4.724 4.954 5.204 5.472 5.759 6.065 6.390 6.734 7.096 7.478 7.838 8.008 8.157 8.285 8.391 8.477 8.540 8.583 8.605 8.605 8.584 8.541 8.463 8.254 8.034 7.802 7.560 7.307 7.042 6.767 6.480 6.182 5.874 5.554 5.254 5.588 5.933 6.287 6.614 6.922 7.212 7.484 7.737 7.972 8.189 8.387 8.566 8.182 7.799 7.428
1.976 2.071 2.185 2.317 2.467 2.635 2.822 3.026 3.249 3.476 3.631 3.777 3.915 4.044 4.164 4.276 4.379 4.473 4.559 4.636 4.704 4.782 5.042 5.320 5.617 5.933 6.267 6.621 6.993 7.384 7.794 8.223 8.670 9.124 9.219 9.293 9.345 9.377 9.387 9.376 9.344 9.290 9.215 9.119 9.002 8.863 8.618 8.359 8.088 7.807 7.514 7.211 6.896 6.559 6.195 5.853 5.535 5.239 5.502 5.802 6.083 6.345 6.589 6.815 7.022 7.211 7.382 7.534 7.667 7.783 7.498 7.155 6.824
2.231 2.391 2.569 2.765 2.979 3.211 3.462 3.730 4.017 4.321 4.445 4.560 4.667 4.766 4.855 4.936 5.009 5.072 5.127 5.174 5.211 5.240 5.551 5.896 6.259 6.641 7.042 7.461 7.900 8.357 8.833 9.328 9.841 10.373 10.450 10.448 10.426 10.383 10.318 10.232 10.125 9.996 9.847 9.676 9.483 9.270 8.925 8.481 8.060 7.662 7.286 6.933 6.604 6.297 6.012 5.751 5.512 5.296 5.445 5.680 5.896 6.095 6.274 6.436 6.579 6.703 6.809 6.897 6.967 7.018 6.805 6.502 6.210
2.466 2.690 2.932 3.192 3.470 3.766 4.081 4.413 4.764 5.133 5.267 5.352 5.428 5.496 5.555 5.605 5.647 5.680 5.704 5.720 5.727 5.725 6.040 6.450 6.880 7.328 7.795 8.281 8.785 9.308 9.851 10.411 10.991 11.589 11.700 11.624 11.527 11.409 11.269 10.960 10.539 10.120 9.704 9.290 8.879 8.470 8.080 7.716 7.375 7.057 6.762 6.489 6.239 6.012 5.808 5.626 5.467 5.331 5.406 5.576 5.728 5.862 5.978 6.075 6.153 6.214 6.256 6.279 6.285 6.271 6.101 5.838 5.586
2.680 2.968 3.274 3.598 3.940 4.301 4.679 5.076 5.490 5.923 6.097 6.151 6.197 6.234 6.262 6.282 6.293 6.296 6.289 6.274 6.251 6.219 6.508 6.985 7.480 7.994 8.527 9.079 9.650 10.239 10.847 11.474 11.890 12.223 12.094 11.669 11.247 10.827 10.409 9.994 9.582 9.172 8.765 8.360 7.958 7.559 7.214 6.930 6.669 6.431 6.216 6.023 5.853 5.705 5.581 5.479 5.400 5.344 5.384 5.490 5.578 5.648 5.699 5.732 5.746 5.742 5.720 5.680 5.621 5.543 5.389 5.165 4.953
2.874 3.226 3.596 3.984 4.390 4.814 5.257 5.717 6.196 6.692 6.935 6.959 6.974 6.980 6.978 6.967 6.948 6.920 6.883 6.837 6.783 6.720 6.955 7.498 8.060 8.450 8.817 9.175 9.523 9.862 10.190 10.509 10.818 11.117 11.082 10.666 10.253 9.842 9.433 9.027 8.624 8.223 7.825 7.429 7.036 6.646 6.327 6.123 5.942 5.783 5.648 5.535 5.445 5.377 5.332 5.310 5.311 5.334 5.381 5.422 5.446 5.451 5.438 5.407 5.357 5.289 5.203 5.098 4.975 4.834 4.666 4.483 4.310
3.048 3.463 3.897 4.349 4.819 5.307 5.813 6.338 6.880 7.440 7.782 7.775 7.759 7.735 7.702 7.661 7.611 7.531 7.300 7.066 6.829 6.590 6.569 6.932 7.285 7.628 7.962 8.286 8.600 8.904 9.198 9.483 9.758 10.023 10.069 9.662 9.257 8.855 8.456 8.059 7.665 7.273 6.884 6.497 6.113 5.732 5.418 5.294 5.193 5.114 5.058 5.025 5.015 5.027 5.062 5.119 5.199 5.302 5.395 5.372 5.332 5.273 5.196 5.100 4.987 4.854 4.704 4.535 4.348 4.143 3.934 3.790 3.658
3.201 3.681 4.178 4.694 5.228 5.780 6.350 6.938 7.544 8.168 8.576 8.355 8.131 7.905 7.675 7.443 7.207 6.969 6.728 6.484 6.237 5.987 5.861 6.190 6.509 6.818 7.118 7.407 7.687 7.957 8.218 8.468 8.709 8.941 9.054 8.656 8.261 7.868 7.478 7.090 6.705 6.322 5.942 5.564 5.189 4.816 4.488 4.444 4.422 4.423 4.447 4.494 4.563 4.655 4.769 4.906 5.066 5.249 5.427 5.340 5.236 5.113 4.971 4.812 4.634 4.438 4.223 3.991 3.740 3.470 3.193 3.088 2.995
3.334 3.877 4.439 4.974 5.463 5.941 6.408 6.863 7.306 7.737 8.089 7.858 7.624 7.387 7.147 6.905 6.660 6.411 6.160 5.906 5.649 5.389 5.165 5.459 5.744 6.019 6.285 6.540 6.786 7.022 7.249 7.465 7.672 7.869 8.039 7.650 7.264 6.880 6.498 6.120 5.743 5.370 4.998 4.630 4.264 3.900 3.539 3.572 3.630 3.711 3.815 3.941 4.089 4.261 4.455 4.671 4.911 5.173 5.457 5.326 5.157 4.970 4.765 4.541 4.299 4.039 3.761 3.540 3.388 3.255 3.141 3.219 3.310
3.266 3.750 4.222 4.683 5.131 5.568 5.994 6.407 6.809 7.199 7.578 7.365 7.121 6.874 6.624 6.371 6.116 5.857 5.596 5.332 5.065 4.795 4.522 4.740 4.991 5.232 5.463 5.685 5.897 6.099 6.291 6.474 6.647 6.810 6.963 6.643 6.265 5.890 5.518 5.148 4.781 4.416 4.054 3.694 3.337 2.983 2.631 2.679 2.817 2.977 3.160 3.366 3.594 3.845 4.119 4.415 4.733 5.075 5.439 5.329 5.096 4.876 4.675 4.493 4.331 4.188 4.065 3.960 3.876 3.810 3.764 3.821 3.901
3.112 3.554 3.985 4.405 4.812 5.208 5.593 5.965 6.326 6.675 7.013 6.875 6.621 6.364 6.104 5.842 5.576 5.307 5.036 4.762 4.485 4.205 3.922 4.032 4.249 4.456 4.653 4.841 5.018 5.187 5.345 5.494 5.633 5.762 5.881 5.634 5.266 4.900 4.537 4.176 3.818 3.462 3.109 2.758 2.410 2.064 1.721 1.765 1.982 2.222 2.484 2.769 3.077 3.441 3.808 4.169 4.524 4.874 5.218 5.196 5.025 4.872 4.739 4.625 4.530 4.455 4.399 4.362 4.344 4.346 4.367 4.426 4.495
2.970 3.372 3.762 4.140 4.507 4.862 5.205 5.536 5.856 6.165 6.461 6.390 6.126 5.859 5.589 5.316 5.040 4.761 4.480 4.196 3.908 3.618 3.325 3.335 3.518 3.691 3.854 4.008 4.152 4.286 4.410 4.525 4.630 4.725 4.811 4.625 4.265 3.908 3.554 3.202 2.853 2.506 2.162 1.820 1.481 1.144 0.943 1.081 1.462 1.837 2.206 2.570 2.929 3.281 3.628 3.970 4.305 4.635 4.960 5.039 4.935 4.850 4.784 4.737 4.710 4.702 4.714 4.744 4.794 4.863 4.952 5.032 5.090
2.841 3.202 3.551 3.888 4.214 4.528 4.830 5.121 5.400 5.667 5.923 5.908 5.634 5.357 5.077 4.794 4.508 4.219 3.928 3.633 3.336 3.036 2.733 2.649 2.798 2.937 3.066 3.186 3.296 3.396 3.487 3.567 3.639 3.700 3.752 3.614 3.264 2.916 2.588 2.365 2.148 1.938 1.735 1.537 1.346 1.162 0.983 1.044 1.405 1.761 2.111 2.455 2.794 3.127 3.454 3.776 4.092 4.403 4.708 4.864 4.827 4.809 4.811 4.831 4.872 4.931 5.010 5.108 5.225 5.361 5.517 5.641 5.688
2.726 3.045 3.353 3.650 3.934 4.207 4.469 4.718 4.957 5.183 5.398 5.431 5.146 4.859 4.569 4.276 3.980 3.681 3.380 3.075 2.768 2.457 2.144 1.975 2.089 2.195 2.290 2.376 2.452 2.518 2.575 2.652 2.794 2.932 3.065 3.084 2.864 2.651 2.444 2.243 2.049 1.861 1.680 1.505 1.336 1.174 1.018 1.013 1.355 1.691 2.021 2.346 2.665 2.978 3.286 3.588 3.885 4.176 4.461 4.669 4.700 4.750 4.819 4.907 5.014 5.141 5.287 5.452 5.636 5.840 6.063 6.251 6.287
2.623 2.902 3.169 3.424 3.668 3.900 4.121 4.329 4.526 4.712 4.886 4.957 4.662 4.365 4.065 3.762 3.456 3.147 2.835 2.521 2.203 1.883 1.560 1.311 1.430 1.587 1.739 1.887 2.031 2.171 2.306 2.437 2.565 2.687 2.806 2.867 2.670 2.479 2.294 2.116 1.944 1.778 1.619 1.466 1.320 1.179 1.046 0.988 1.310 1.626 1.937 2.242 2.541 2.835 3.124 3.406 3.683 3.955 4.220 4.457 4.555 4.672 4.808 4.963 5.138 5.332 5.545 5.778 6.029 6.300 6.590 6.864 6.889
2.533 2.771 2.997 3.212 3.414 3.606 3.785 3.953 4.110 4.254 4.387 4.487 4.182 3.875 3.565 3.251 2.935 2.648 2.384 2.126 1.875 1.631 1.393 1.177 1.323 1.465 1.602 1.736 1.865 1.990 2.111 2.227 2.340 2.448 2.552 2.644 2.469 2.300 2.138 1.982 1.832 1.689 1.552 1.421 1.297 1.179 1.067 0.968 1.270 1.567 1.858 2.144 2.424 2.698 2.967 3.230 3.487 3.739 3.985 4.226 4.391 4.575 4.779 5.001 5.243 5.504 5.785 6.084 6.403 6.741 7.099 7.475 7.493
2.456 2.653 2.838 3.012 3.174 3.325 3.463 3.590 3.706 3.810 3.917 4.020 3.777 3.502 3.235 2.974 2.719 2.472 2.231 1.996 1.768 1.547 1.333 1.125 1.220 1.347 1.470 1.589 1.703 1.814 1.920 2.022 2.119 2.213 2.302 2.387 2.262 2.116 1.975 1.842 1.714 1.593 1.478 1.370 1.267 1.172 1.082 0.999 1.236 1.514 1.785 2.051 2.312 2.566 2.816 3.059 3.297 3.529 3.756 3.977 4.209 4.460 4.731 5.021 5.330 5.658 6.006 6.372 6.758 7.163 7.588 8.031 8.099
2.392 2.548 2.693 2.831 2.961 3.084 3.198 3.305 3.404 3.494 3.578 3.653 3.477 3.226 2.982 2.744 2.513 2.289 2.071 1.859 1.655 1.457 1.266 1.081 1.122 1.234 1.343 1.447 1.546 1.642 1.734 1.821 1.904 1.983 2.057 2.128 2.049 1.925 1.807 1.695 1.590 1.491 1.398 1.312 1.232 1.158 1.091 1.030 1.208 1.466 1.718 1.964 2.205 2.440 2.670 2.894 3.113 3.325 3.533 3.734 4.008 4.327 4.665 5.022 5.398 5.793 6.208 6.603 6.933 7.247 7.546 7.830 7.814
2.338 2.464 2.583 2.693 2.796 2.891 2.978 3.057 3.128 3.191 3.247 3.294 3.171 2.943 2.722 2.508 2.300 2.099 1.904 1.716 1.535 1.360 1.192 1.030 1.028 1.126 1.219 1.309 1.394 1.475 1.552 1.624 1.693 1.757 1.817 1.873 1.830 1.728 1.632 1.543 1.460 1.383 1.312 1.248 1.190 1.139 1.093 1.055 1.185 1.423 1.656 1.883 2.104 2.320 2.530 2.735 2.934 3.127 3.315 3.497 3.801 4.185 4.553 4.906 5.243 5.565 5.872 6.164 6.441 6.702 6.948 7.178 7.230
2.292 2.390 2.481 2.564 2.639 2.707 2.766 2.817 2.861 2.897 2.925 2.945 2.858 2.654 2.456 2.264 2.080 1.902 1.730 1.566 1.408 1.256 1.111 0.973 0.939 1.022 1.101 1.176 1.246 1.313 1.375 1.433 1.486 1.536 1.581 1.623 1.605 1.525 1.451 1.384 1.323 1.268 1.220 1.178 1.142 1.113 1.090 1.073 1.168 1.386 1.600 1.807 2.009 2.215 2.426 2.637 2.847 3.058 3.269 3.479 3.749 4.080 4.394 4.694 4.979 5.248 5.502 5.740 5.963 6.172 6.364 6.542 6.630
2.254 2.326 2.389 2.444 2.492 2.531 2.563 2.587 2.603 2.611 2.612 2.604 2.539 2.357 2.183 2.015 1.853 1.698 1.550 1.409 1.274 1.145 1.024 0.908 0.854 0.923 0.987 1.047 1.103 1.155 1.202 1.246 1.285 1.320 1.350 1.377 1.374 1.316 1.264 1.219 1.180 1.147 1.121 1.101 1.088 1.080 1.087 1.092 1.160 1.372 1.583 1.794 2.004 2.215 2.426 2.636 2.847 3.057 3.267 3.478 3.712 3.989 4.251 4.498 4.729 4.945 5.146 5.331 5.501 5.656 5.796 5.921 6.015
2.226 2.269 2.305 2.333 2.353 2.365 2.369 2.366 2.354 2.335 2.308 2.273 2.213 2.054 1.903 1.758 1.620 1.488 1.363 1.245 1.133 1.028 0.929 0.837 0.774 0.828 0.877 0.923 0.964 1.001 1.034 1.063 1.087 1.108 1.124 1.136 1.136 1.100 1.071 1.090 1.111 1.128 1.140 1.148 1.151 1.151 1.146 1.136 1.162 1.373 1.584 1.794 2.005 2.215 2.426 2.636 2.846 3.056 3.266 3.476 3.690 3.914 4.123 4.316 4.494 4.657 4.805 4.937 5.055 5.156 5.243 5.315 5.384
2.208 2.222 2.230 2.230 2.223 2.207 2.184 2.153 2.114 2.067 2.013 1.950 1.880 1.745 1.617 1.495 1.380 1.271 1.170 1.074 0.986 0.904 0.828 0.759 0.698 0.737 0.772 0.803 0.830 0.852 0.871 0.886 0.951 1.017 1.084 1.150 1.216 1.235 1.250 1.260 1.266 1.267 1.264 1.257 1.245 1.229 1.209 1.184 1.164 1.374 1.585 1.795 2.005 2.216 2.426 2.636 2.845 3.055 3.265 3.474 3.682 3.853 4.009 4.149 4.274 4.384 4.479 4.558 4.623 4.672 4.705 4.724 4.738
2.236 2.183 2.164 2.136 2.101 2.058 2.008 1.949 1.883 1.808 1.726 1.636 1.539 1.429 1.324 1.225 1.133 1.048 0.969 0.897 0.831 0.773 0.720 0.674 0.641 0.697 0.761 0.825 0.891 0.956 1.022 1.089 1.156 1.223 1.291 1.360 1.429 1.440 1.439 1.434 1.424 1.411 1.392 1.370 1.343 1.312 1.276 1.236 1.192 1.376 1.586 1.796 2.006 2.216 2.426 2.635 2.845 3.054 3.264 3.473 3.682 3.807 3.910 3.997 4.070 4.126 4.168 4.195 4.206 4.202 4.183 4.148 4.099
2.283 2.153 2.106 2.051 1.989 1.918 1.840 1.754 1.660 1.559 1.449 1.332 1.206 1.106 1.024 0.949 0.880 0.835 0.830 0.828 0.827 0.827 0.830 0.834 0.840 0.889 0.955 1.021 1.088 1.155 1.223 1.291 1.359 1.429 1.498 1.568 1.639 1.648 1.632 1.612 1.587 1.558 1.525 1.487 1.445 1.399 1.348 1.293 1.234 1.377 1.587 1.797 2.006 2.216 2.426 2.635 2.844 3.053 3.263 3.472 3.680 3.776 3.826 3.860 3.879 3.883 3.872 3.846 3.804 3.747 3.675 3.588 3.485
2.351 2.131 2.057 1.975 1.885 1.787 1.681 1.568 1.447 1.318 1.214 1.137 1.048 1.000 0.995 0.992 0.990 0.990 0.991 0.995 1.000 1.006 1.015 1.025 1.037 1.080 1.148 1.216 1.284 1.353 1.422 1.492 1.562 1.633 1.704 1.776 1.848 1.861 1.830 1.794 1.754 1.710 1.662 1.609 1.552 1.490 1.424 1.354 1.279 1.379 1.588 1.798 2.007 2.216 2.426 2.635 2.844 3.053 3.261 3.470 3.679 3.760 3.757 3.738 3.704 3.655 3.591 3.512 3.417 3.308 3.183 3.042 2.887
2.439 2.119 2.017 1.961 1.925 1.878 1.819 1.748 1.665 1.570 1.464 1.345 1.214 1.130 1.131 1.133 1.137 1.143 1.150 1.160 1.171 1.183 1.197 1.213 1.231 1.271 1.340 1.410 1.480 1.550 1.621 1.693 1.765 1.837 1.910 1.983 2.057 2.078 2.032 1.981 1.926 1.866 1.803 1.735 1.662 1.585 1.504 1.419 1.329 1.380 1.589 1.799 2.008 2.217 2.426 2.635 2.843 3.052 3.260 3.469 3.677 3.758 3.702 3.631 3.544 3.442 3.325 3.193 3.104 3.131 3.196 3.300 3.442
2.949 2.634 2.581 2.516 2.439 2.350 2.249 2.136 2.011 1.875 1.726 1.566 1.393 1.257 1.264 1.272 1.282 1.294 1.307 1.323 1.339 1.358 1.378 1.400 1.424 1.461 1.532 1.603 1.675 1.747 1.819 1.892 1.966 2.040 2.114 2.189 2.265 2.299 2.237 2.172 2.101 2.027 1.948 1.865 1.777 1.685 1.589 1.488 1.383 1.382 1.591 1.800 2.008 2.217 2.426 2.634 2.843 3.051 3.259 3.468 3.676 3.752 3.643 3.572 3.540 3.547 3.592 3.675 3.797 3.958 4.157 4.395 4.671
3.664 3.285 3.190 3.083 2.964 2.833 2.691 2.536 2.370 2.191 2.001 1.799 1.585 1.383 1.395 1.410 1.425 1.443 1.462 1.483 1.506 1.531 1.557 1.585 1.614 1.651 1.723 1.796 1.869 1.943 2.017 2.091 2.166 2.242 2.318 2.395 2.472 2.524 2.447 2.366 2.281 2.191 2.097 1.999 1.896 1.789 1.678 1.562 1.442 1.383 1.592 1.801 2.009 2.218 2.468 2.720 2.935 3.115 3.259 3.366 3.438 3.469 3.494 3.557 3.659 3.800 3.979 4.196 4.453 4.747 5.080 5.452 5.862
