DATA/SHG/ECMWF/20170628/EN-10/20170709.en-10.asc
ncols        190
nrows        64
xllcorner    -5100000.000000000000
yllcorner    4130000.000000000000
cellsize     10000.000000000000
NODATA_value  -99999.000
[rows 32 to 63 of 64, columns 0 to 71 of 190]
10.934 7.130 6.893 7.006 7.103 7.185 7.250 7.301 7.335 7.354 7.357 7.345 7.316 7.273 7.152 7.053 6.978 6.929 6.904 6.904 6.930 6.980 7.056 7.157 7.282 7.433 7.506 7.577 7.647 7.716 7.783 7.849 7.914 7.978 8.041 8.102 8.163 8.217 8.046 7.864 7.673 7.472 7.261 7.040 6.810 6.569 6.319 6.124 5.967 5.851 6.226 6.598 6.969 7.337 7.703 8.067 8.428 8.787 9.144 9.499 9.851 10.188 10.378 10.547 10.695 10.823 10.930 11.017 11.082 11.127 11.151 11.154
13.389 8.542 7.374 7.432 7.474 7.501 7.512 7.507 7.487 7.451 7.399 7.332 7.249 7.150 7.100 7.088 7.101 7.139 7.201 7.289 7.402 7.540 7.703 7.891 8.104 8.341 8.439 8.506 8.571 8.636 8.699 8.761 8.821 8.881 8.939 8.996 9.052 9.107 8.933 8.717 8.507 8.310 8.124 7.950 7.786 7.634 7.494 7.364 7.246 7.139 7.467 7.831 8.194 8.554 8.912 9.268 9.621 9.972 10.321 10.668 11.013 11.355 11.482 11.579 11.655 11.710 11.745 11.759 11.753 11.725 11.677 11.608
16.171 10.282 7.871 7.875 7.862 7.834 7.790 7.730 7.655 7.564 7.458 7.336 7.198 7.044 7.021 7.097 7.197 7.322 7.472 7.647 7.847 8.072 8.322 8.597 8.897 9.223 9.372 9.434 9.496 9.556 9.614 9.672 9.729 9.715 9.723 9.760 9.826 9.921 9.811 9.631 9.461 9.303 9.156 9.021 8.896 8.783 8.681 8.591 8.511 8.443 8.708 9.065 9.419 9.772 10.122 10.469 10.815 11.158 11.499 11.838 12.174 12.508 12.604 12.629 12.633 12.616 12.579 12.521 12.442 12.343 12.222 12.082
19.279 12.348 8.386 8.334 8.267 8.183 8.085 7.970 7.840 7.695 7.533 7.356 7.164 6.956 6.916 7.078 7.266 7.478 7.716 7.978 8.265 8.578 8.915 9.277 9.664 10.069 10.115 10.022 9.958 9.922 9.916 9.938 9.989 10.069 10.177 10.314 10.481 10.676 10.675 10.534 10.403 10.284 10.176 10.079 9.994 9.920 9.857 9.805 9.764 9.735 9.950 10.299 10.646 10.990 11.332 11.672 12.009 12.344 12.677 13.008 13.337 13.663 13.745 13.698 13.630 13.541 13.431 13.301 13.150 12.979 12.787 12.574
22.712 14.740 8.916 8.810 8.688 8.550 8.396 8.227 8.042 7.842 7.626 7.394 7.147 6.884 6.784 7.034 7.308 7.608 7.920 8.177 8.429 8.676 8.917 9.153 9.383 9.608 9.736 9.743 9.779 9.844 9.938 10.060 10.212 10.392 10.601 10.839 11.105 11.401 11.527 11.424 11.333 11.252 11.183 11.125 11.079 11.043 11.019 11.006 11.004 11.014 11.193 11.534 11.872 12.209 12.543 12.874 13.204 13.531 13.856 14.179 14.500 14.818 14.905 14.785 14.645 14.484 14.303 14.100 13.878 13.634 13.370 13.085
26.470 17.458 9.464 9.302 9.125 8.933 8.724 8.501 8.261 8.006 7.735 7.450 7.145 6.817 6.588 6.849 7.104 7.353 7.597 7.836 8.069 8.297 8.519 8.736 8.947 9.153 9.326 9.434 9.571 9.736 9.930 10.153 10.405 10.685 10.995 11.333 11.699 12.095 12.366 12.302 12.250 12.208 12.178 12.159 12.151 12.154 12.169 12.195 12.232 12.280 12.436 12.769 13.100 13.428 13.754 14.078 14.399 14.719 15.036 15.351 15.663 15.974 16.083 15.891 15.679 15.446 15.193 14.918 14.624 14.308 13.972 13.615
30.553 20.502 10.155 9.811 9.592 9.368 9.122 8.852 8.559 8.243 7.904 7.542 7.156 6.748 6.348 6.589 6.825 7.056 7.281 7.501 7.715 7.924 8.127 8.325 8.517 8.704 8.887 9.095 9.332 9.598 9.893 10.216 10.568 10.948 11.358 11.796 12.263 12.759 13.193 13.168 13.154 13.151 13.160 13.180 13.211 13.253 13.306 13.371 13.446 13.533 13.680 14.005 14.327 14.648 14.966 15.282 15.596 15.907 16.216 16.523 16.828 17.130 17.279 17.016 16.731 16.427 16.101 15.755 15.388 15.001 14.939 15.272
32.588 22.314 12.388 10.555 10.273 9.969 9.642 9.291 8.918 8.521 8.101 7.659 7.193 6.704 6.192 6.336 6.553 6.765 6.971 7.172 7.367 7.557 7.741 7.920 8.094 8.262 8.425 8.727 9.064 9.430 9.825 10.249 10.701 11.182 11.691 12.230 12.797 13.393 14.007 14.021 14.046 14.082 14.129 14.188 14.257 14.338 14.430 14.534 14.648 14.774 14.924 15.241 15.556 15.868 16.179 16.487 16.792 17.096 17.397 17.696 17.992 18.287 18.494 18.008 17.617 17.431 17.449 17.672 18.100 18.733 19.571 20.614
32.056 22.998 14.289 11.341 10.979 10.594 10.186 9.755 9.301 8.824 8.324 7.800 7.254 6.685 6.093 6.089 6.287 6.480 6.667 6.849 7.025 7.196 7.362 7.522 7.677 7.826 7.970 8.329 8.767 9.233 9.728 10.252 10.804 11.385 11.995 12.633 13.300 13.996 14.721 14.861 14.925 15.000 15.086 15.183 15.292 15.412 15.542 15.684 15.837 16.002 16.177 16.478 16.785 17.090 17.392 17.692 17.723 17.665 17.605 17.544 17.482 17.419 17.354 17.469 17.788 18.312 19.041 19.974 21.113 22.456 24.003 25.756
31.143 23.300 15.806 12.152 11.709 11.244 10.755 10.243 9.709 9.151 8.571 7.967 7.340 6.691 6.018 5.848 6.027 6.201 6.369 6.532 6.690 6.842 6.989 7.130 7.266 7.396 7.521 7.902 8.440 9.006 9.601 10.225 10.877 11.558 12.268 13.006 13.774 14.570 15.394 15.690 15.792 15.906 16.031 16.167 16.314 16.472 16.642 16.822 17.014 16.932 16.781 16.704 16.649 16.591 16.533 16.473 16.412 16.349 16.285 16.220 16.153 16.086 16.016 16.733 17.762 18.996 20.435 22.078 23.926 25.979 28.235 30.697
29.848 23.220 16.940 12.986 12.463 11.917 11.348 10.756 10.141 9.503 8.842 8.158 7.451 6.721 5.968 5.612 5.773 5.928 6.078 6.222 6.360 6.494 6.622 6.744 6.861 6.973 7.079 7.445 8.083 8.749 9.444 10.168 10.920 11.701 12.511 13.350 14.217 15.113 16.037 16.505 16.647 16.799 16.739 16.647 16.537 16.412 16.269 16.110 15.934 15.742 15.533 15.418 15.358 15.296 15.234 15.169 15.104 15.037 14.968 14.899 14.828 14.755 14.682 15.800 17.540 19.483 21.631 23.984 26.541 29.302 32.268 35.438
28.173 22.758 17.692 13.846 13.242 12.616 11.966 11.294 10.598 9.880 9.139 8.374 7.587 6.777 5.944 5.383 5.525 5.661 5.792 5.917 6.037 6.152 6.261 6.364 6.462 6.555 6.642 6.959 7.697 8.463 9.258 10.082 10.934 11.815 12.723 13.561 14.376 15.170 15.941 16.322 16.221 16.104 15.971 15.820 15.653 15.470 15.270 15.053 14.820 14.570 14.303 14.135 14.071 14.005 13.937 13.868 13.798 13.727 13.654 13.580 13.505 13.428 13.350 14.672 17.121 19.773 22.630 25.692 28.957 32.427 36.101 39.980
26.118 21.916 18.063 14.729 14.045 13.338 12.608 11.856 11.080 10.281 9.460 8.615 7.748 6.857 5.944 5.160 5.283 5.400 5.512 5.619 5.720 5.816 5.906 5.991 6.070 6.144 6.212 6.456 7.373 8.267 9.139 9.989 10.817 11.622 12.405 13.166 13.904 14.621 15.315 15.744 15.586 15.411 15.220 15.012 14.787 14.546 14.288 14.014 13.723 13.415 13.091 12.855 12.786 12.716 12.644 12.571 12.496 12.420 12.343 12.265 12.185 12.104 12.021 13.348 16.505 19.867 23.432 27.202 31.176 35.354 39.736 44.322
23.682 20.693 18.051 15.758 14.872 14.085 13.275 12.442 11.586 10.707 9.805 8.881 7.933 6.962 5.969 4.952 5.047 5.146 5.239 5.327 5.439 5.643 5.837 6.020 6.193 6.355 6.507 6.701 7.541 8.358 9.153 9.925 10.676 11.404 12.110 12.794 13.456 14.095 14.712 15.184 14.968 14.736 14.487 14.221 13.939 13.640 13.325 12.993 12.644 12.279 11.897 11.578 11.504 11.430 11.353 11.276 11.197 11.117 11.035 10.952 10.868 10.782 10.695 11.828 15.694 19.763 24.037 28.514 33.196 38.081 43.171 48.465
20.868 19.090 17.659 16.576 15.724 14.857 13.966 13.053 12.117 11.158 10.176 9.171 8.143 7.118 6.163 5.245 5.288 5.498 5.697 5.886 6.064 6.232 6.389 6.536 6.672 6.798 6.913 7.018 7.731 8.471 9.189 9.885 10.558 11.210 11.839 12.445 13.030 13.592 14.133 14.641 14.368 14.078 13.771 13.448 13.108 12.752 12.379 11.990 11.584 11.161 10.722 10.304 10.226 10.146 10.066 9.984 9.900 9.816 9.730 9.642 9.554 9.464 9.373 10.113 14.686 19.463 24.445 29.630 35.018 40.611 46.408 52.408
17.674 17.107 16.886 17.013 16.600 15.652 14.620 13.533 12.483 11.471 10.496 9.558 8.658 7.794 6.968 6.180 6.070 6.243 6.406 6.558 6.700 6.831 6.951 7.062 7.161 7.251 7.329 7.397 7.944 8.607 9.248 9.867 10.463 11.038 11.590 12.120 12.628 13.113 13.576 14.018 13.785 13.438 13.074 12.693 12.296 11.882 11.451 11.004 10.541 10.061 9.564 9.051 8.950 8.866 8.781 8.695 8.607 8.518 8.427 8.336 8.243 8.148 8.053 8.202 13.483 18.967 24.656 30.548 36.643 42.943 49.446 56.153
14.750 15.350 15.944 16.531 16.377 15.345 14.350 13.392 12.472 11.589 10.743 9.935 9.164 8.430 7.733 7.074 6.862 6.999 7.125 7.240 7.345 7.440 7.524 7.598 7.661 7.714 7.756 7.788 8.180 8.766 9.330 9.872 10.391 10.889 11.364 11.817 12.248 12.657 13.043 13.408 13.220 12.815 12.394 11.955 11.501 11.029 10.542 10.037 9.516 8.978 8.424 7.853 7.677 7.589 7.499 7.408 7.316 7.223 7.128 7.032 6.934 6.836 6.735 6.634 12.084 18.263 24.306 30.172 35.861 41.372 46.706 51.863
13.978 14.555 15.125 15.688 15.807 14.905 14.039 13.211 12.421 11.667 10.950 10.271 9.629 9.025 8.457 7.927 7.664 7.764 7.854 7.933 8.002 8.060 8.107 8.145 8.171 8.188 8.193 8.189 8.438 8.947 9.434 9.899 10.342 10.763 11.161 11.537 11.892 12.223 12.533 12.821 12.673 12.210 11.731 11.236 10.723 10.195 9.649 9.087 8.509 7.914 7.302 6.674 6.407 6.314 6.220 6.125 6.028 5.931 5.877 6.066 6.220 6.337 6.418 6.463 10.931 16.540 21.972 27.227 32.304 37.205 41.928 46.474
13.214 13.767 14.313 14.853 15.199 14.425 13.689 12.990 12.329 11.704 11.117 10.567 10.055 9.579 9.141 8.740 8.477 8.540 8.593 8.636 8.668 8.690 8.701 8.702 8.692 8.672 8.641 8.600 8.719 9.151 9.561 9.950 10.316 10.660 10.981 11.281 11.558 11.813 12.046 12.257 12.143 11.623 11.086 10.533 9.964 9.378 8.775 8.156 7.520 6.868 6.199 5.600 5.643 5.924 6.169 6.378 6.550 6.687 6.788 6.852 6.881 6.873 6.829 6.749 9.990 14.988 19.809 24.453 28.920 33.209 37.322 41.257
12.459 12.988 13.511 14.026 14.535 13.906 13.299 12.730 12.197 11.702 11.244 10.823 10.439 10.093 9.784 9.512 9.299 9.326 9.343 9.349 9.345 9.330 9.305 9.269 9.223 9.166 9.099 9.021 9.022 9.378 9.711 10.023 10.312 10.579 10.824 11.047 11.248 11.426 11.583 11.717 11.631 11.053 10.459 9.849 9.274 8.858 8.488 8.164 7.886 7.654 7.468 7.328 7.338 7.494 7.614 7.698 7.745 7.757 7.733 7.672 7.576 7.443 7.275 7.070 9.219 13.607 17.817 21.850 25.706 29.386 32.888 36.213
11.712 12.217 12.716 13.208 13.693 13.347 12.869 12.429 12.025 11.659 11.330 11.039 10.784 10.566 10.386 10.243 10.137 10.123 10.103 10.072 10.032 9.980 9.919 9.847 9.764 9.671 9.567 9.453 9.348 9.627 9.884 10.119 10.331 10.522 10.690 10.836 10.960 11.074 11.198 11.311 11.329 10.888 10.493 10.144 9.841 9.584 9.373 9.208 9.089 9.017 8.990 9.009 9.067 9.098 9.093 9.051 8.974 8.861 8.712 8.526 8.305 8.048 7.754 7.425 8.618 12.395 15.995 19.418 22.664 25.734 28.626 31.342
10.973 11.455 11.930 12.398 12.860 12.748 12.399 12.088 11.814 11.577 11.377 11.214 11.088 10.999 10.948 10.934 10.957 10.929 10.873 10.806 10.729 10.641 10.543 10.435 10.316 10.186 10.046 9.896 9.735 9.899 10.076 10.234 10.382 10.521 10.650 10.769 10.878 10.977 11.066 11.145 11.212 10.930 10.694 10.505 10.361 10.263 10.211 10.206 10.246 10.332 10.464 10.643 10.829 10.735 10.605 10.439 10.237 9.999 9.725 9.415 9.069 8.686 8.268 7.814 8.187 11.354 14.344 17.157 19.793 22.253 24.536 26.642
10.243 10.701 11.153 11.597 12.035 12.110 11.890 11.707 11.562 11.454 11.383 11.349 11.352 11.392 11.469 11.584 11.736 11.746 11.653 11.550 11.436 11.312 11.178 11.016 10.831 10.641 10.446 10.245 10.038 10.093 10.227 10.352 10.466 10.570 10.665 10.750 10.824 10.889 10.945 10.990 11.025 10.926 10.849 10.819 10.834 10.895 11.002 11.156 11.355 11.600 11.891 12.229 12.612 12.406 12.151 11.860 11.533 11.170 10.772 10.337 9.866 9.359 8.817 8.238 7.925 10.482 12.862 15.066 17.093 18.944 20.618 22.115
9.521 9.956 10.383 10.804 11.218 11.431 11.341 11.287 11.271 11.291 11.349 11.444 11.575 11.744 11.951 12.194 12.446 12.495 12.324 12.148 11.966 11.779 11.586 11.388 11.184 10.975 10.760 10.540 10.315 10.289 10.389 10.479 10.559 10.630 10.690 10.741 10.781 10.812 10.833 10.844 10.846 10.875 10.958 11.086 11.260 11.481 11.747 12.059 12.417 12.821 13.271 13.767 14.309 14.110 13.731 13.315 12.863 12.376 11.853 11.293 10.698 10.066 9.399 8.696 7.957 9.780 11.551 13.146 14.564 15.806 16.871 17.760
8.808 9.218 9.622 10.020 10.410 10.714 10.752 10.827 10.939 11.081 11.247 11.441 11.662 11.910 12.185 12.487 12.816 12.986 12.796 12.601 12.400 12.194 11.982 11.765 11.542 11.314 11.080 10.841 10.597 10.495 10.561 10.617 10.663 10.699 10.725 10.742 10.748 10.745 10.732 10.709 10.676 10.778 11.019 11.307 11.640 12.019 12.444 12.915 13.432 13.995 14.604 15.258 15.959 15.848 15.344 14.804 14.227 13.615 12.967 12.283 11.563 10.808 10.016 9.188 8.324 9.248 10.410 11.396 12.206 12.839 13.296 13.576
8.102 8.490 8.886 9.273 9.646 9.991 10.143 10.322 10.529 10.762 11.023 11.311 11.626 11.968 12.337 12.734 13.157 13.483 13.274 13.059 12.839 12.614 12.383 12.147 11.905 11.658 11.406 11.148 10.884 10.711 10.743 10.765 10.777 10.779 10.771 10.753 10.726 10.688 10.641 10.584 10.517 10.634 11.035 11.481 11.973 12.511 13.095 13.724 14.400 15.121 15.889 16.702 17.561 17.619 16.990 16.326 15.625 14.888 14.116 13.307 12.463 11.583 10.667 9.714 8.726 8.885 9.439 9.817 10.018 10.331 10.703 11.059
7.574 7.940 8.292 8.629 8.952 9.261 9.513 9.787 10.088 10.415 10.770 11.152 11.561 11.997 12.461 12.951 13.469 13.984 13.756 13.523 13.284 13.040 12.790 12.535 12.274 12.008 11.736 11.460 11.177 10.937 10.935 10.922 10.900 10.868 10.826 10.774 10.713 10.641 10.560 10.469 10.368 10.445 11.004 11.609 12.259 12.956 13.698 14.487 15.321 16.201 17.127 18.099 19.116 19.424 18.671 17.882 17.056 16.195 15.298 14.366 13.397 12.392 11.323 10.246 9.171 8.899 9.281 9.646 9.994 10.324 10.638 10.934
7.096 7.412 7.714 8.002 8.275 8.534 8.855 9.222 9.617 10.039 10.488 10.964 11.467 11.998 12.555 13.139 13.751 14.389 14.244 13.992 13.734 13.471 13.202 12.928 12.648 12.363 12.073 11.777 11.475 11.173 11.137 11.090 11.034 10.968 10.892 10.806 10.710 10.605 10.489 10.364 10.229 10.209 10.926 11.690 12.499 13.354 14.255 15.202 16.195 17.234 18.318 19.448 20.624 21.262 20.385 19.327 18.239 17.154 16.071 14.992 13.915 12.841 11.769 10.701 9.635 9.144 9.467 9.773 10.062 10.334 10.588 10.826
6.634 6.901 7.153 7.391 7.614 7.823 8.167 8.629 9.118 9.634 10.177 10.747 11.344 11.968 12.620 13.298 14.003 14.736 14.737 14.466 14.189 13.907 13.619 13.326 13.028 12.724 12.414 12.099 11.779 11.453 11.348 11.268 11.178 11.077 10.967 10.847 10.718 10.578 10.429 10.269 10.100 9.926 10.802 11.725 12.692 13.706 14.766 15.871 16.946 18.006 19.058 20.101 21.137 21.871 20.787 19.706 18.627 17.551 16.478 15.407 14.340 13.275 12.213 11.153 10.097 9.406 9.670 9.917 10.147 10.359 10.555 10.734
6.189 6.406 6.608 6.796 6.970 7.129 7.451 8.007 8.590 9.200 9.837 10.501 11.192 11.910 12.655 13.427 14.227 15.053 15.236 14.945 14.650 14.348 14.042 13.730 13.412 13.089 12.761 12.427 12.088 11.743 11.570 11.456 11.331 11.197 11.053 10.899 10.735 10.561 10.378 10.185 9.982 9.862 10.784 11.864 12.937 14.001 15.058 16.106 17.146 18.178 19.202 20.219 21.227 22.227 21.154 20.081 19.012 17.945 16.881 15.820 14.761 13.706 12.653 11.603 10.555 9.683 9.888 10.076 10.247 10.401 10.538 10.658
5.760 5.927 6.080 6.218 6.342 6.452 6.706 7.356 8.033 8.737 9.468 10.226 11.010 11.822 12.662 13.528 14.421 15.341 15.740 15.430 15.116 14.795 14.470 14.139 13.802 13.460 13.113 12.760 12.402 12.039 11.802 11.653 11.495 11.327 11.217 11.108 10.998 10.886 10.774 10.660 10.545 10.429 11.156 12.209 13.254 14.291 15.320 16.341 17.353 18.358 19.355 20.343 21.324 22.296 21.517 20.454 19.394 18.336 17.282 16.230 15.180 14.134 13.090 12.049 11.011 9.976 10.122 10.252 10.364 10.459 10.537 10.598
5.348 5.465 5.568 5.657 5.731 5.791 5.933 6.676 7.447 8.245 9.069 9.921 10.800 11.706 12.639 13.599 14.585 15.599 16.248 15.920 15.587 15.248 14.903 14.553 14.198 13.837 13.471 13.118 12.785 12.471 12.255 12.147 12.037 11.926 11.814 11.701 11.586 11.470 11.354 11.235 11.116 10.995 11.536 12.562 13.579 14.589 15.590 16.583 17.568 18.545 19.515 20.476 21.429 22.374 21.878 20.824 19.773 18.725 17.679 16.636 15.596 14.559 13.525 12.493 11.464 10.438 10.373 10.443 10.497 10.533 10.552 10.555
