DATA/SHG/ECMWF/20170628/EN-10/20170708.en-10.asc
ncols        190
nrows        64
xllcorner    -5100000.000000000000
yllcorner    4130000.000000000000
cellsize     10000.000000000000
NODATA_value  -99999.000
[rows 32 to 63 of 64, columns 0 to 72 of 190]
25.371 24.444 23.529 22.546 21.488 20.354 19.146 17.863 16.505 15.072 13.564 11.981 10.323 8.590 8.048 7.573 7.096 6.616 6.134 5.650 5.163 4.674 4.182 3.688 3.192 2.693 2.923 3.166 3.412 3.661 3.912 4.165 4.420 4.678 4.938 5.201 5.465 5.728 5.747 5.767 5.787 5.806 5.826 5.846 5.865 5.885 5.904 5.908 5.897 5.862 5.579 5.301 5.027 4.759 4.496 4.238 3.985 3.736 3.493 3.254 3.021 2.830 3.010 3.201 3.402 3.613 3.835 4.067 4.310 4.562 4.825 5.099 5.383
28.932 27.803 26.626 25.379 24.058 22.662 21.191 19.645 18.024 16.328 14.557 12.711 10.790 8.794 7.996 7.513 7.027 6.539 6.049 5.556 5.061 4.563 4.063 3.561 3.056 2.549 2.675 2.927 3.182 3.439 3.698 3.959 4.223 4.489 4.757 5.028 5.301 5.576 5.628 5.647 5.674 5.695 5.706 5.709 5.702 5.687 5.662 5.629 5.586 5.535 5.286 5.026 4.770 4.519 4.273 4.032 3.796 3.564 3.338 3.117 2.901 2.689 2.888 3.114 3.351 3.599 3.857 4.125 4.403 4.692 4.991 5.300 5.620
32.554 31.220 29.801 28.292 26.707 25.048 23.314 21.506 19.622 17.663 15.630 13.521 11.338 9.080 7.947 7.455 6.961 6.465 5.966 5.465 4.961 4.455 3.947 3.436 2.923 2.408 2.426 2.686 2.949 3.214 3.481 3.751 4.023 4.703 5.232 5.567 5.708 5.655 5.619 5.626 5.624 5.613 5.594 5.565 5.527 5.480 5.424 5.359 5.285 5.202 4.990 4.746 4.508 4.274 4.045 3.821 3.602 3.388 3.179 2.975 2.776 2.582 2.755 3.018 3.291 3.574 3.868 4.172 4.486 4.811 5.146 5.491 5.846
36.234 34.698 33.055 31.283 29.436 27.514 25.517 23.446 21.300 19.079 16.783 14.412 11.966 9.446 7.900 7.400 6.898 6.393 5.886 5.376 4.864 4.350 3.834 3.315 2.793 2.318 3.364 4.573 5.588 6.410 7.038 7.472 7.712 7.758 7.611 7.270 6.735 6.006 5.641 5.617 5.583 5.541 5.490 5.430 5.361 5.282 5.195 5.099 4.994 4.879 4.689 4.462 4.241 4.024 3.813 3.606 3.404 3.207 3.016 2.829 2.647 2.470 2.613 2.912 3.221 3.540 3.869 4.209 4.559 4.920 5.291 5.672 6.063
39.974 38.234 36.387 34.353 32.243 30.059 27.800 25.466 23.057 20.574 18.016 15.383 12.675 9.892 7.856 7.348 6.837 6.324 5.886 5.942 6.189 6.625 7.251 8.067 9.074 10.270 11.349 11.882 12.221 12.366 12.317 12.075 11.639 11.009 10.186 9.169 7.959 6.554 5.672 5.616 5.552 5.478 5.396 5.304 5.204 5.094 4.975 4.848 4.711 4.566 4.383 4.174 3.970 3.770 3.576 3.386 3.202 3.022 2.847 2.678 2.513 2.353 2.461 2.795 3.140 3.495 3.861 4.237 4.623 5.019 5.426 5.843 6.270
43.773 41.831 39.798 37.501 35.129 32.682 30.161 27.565 24.894 22.149 19.329 16.417 13.439 10.455 8.020 7.979 8.127 8.466 8.995 9.713 10.622 11.720 13.008 14.487 16.155 18.013 19.527 19.383 19.046 18.515 17.790 16.872 15.761 14.456 12.957 11.265 9.379 7.300 5.712 5.625 5.529 5.425 5.311 5.188 5.056 4.915 4.765 4.606 4.439 4.262 4.073 3.881 3.694 3.512 3.335 3.162 2.995 2.832 2.675 2.522 2.374 2.231 2.299 2.669 3.050 3.441 3.842 4.254 4.676 5.108 5.551 6.003 6.466
47.632 45.486 43.283 40.728 37.962 35.003 32.038 29.067 26.091 23.109 20.121 17.128 14.129 11.124 8.273 8.894 9.705 10.706 11.897 13.277 14.848 16.608 18.558 20.697 23.027 25.546 27.896 27.076 26.063 24.857 23.457 21.864 20.077 18.097 15.924 13.557 10.996 8.243 5.762 5.643 5.516 5.380 5.235 5.081 4.917 4.745 4.564 4.374 4.175 3.967 3.759 3.584 3.414 3.249 3.089 2.934 2.783 2.638 2.497 2.362 2.231 2.105 2.127 2.533 2.950 3.377 3.814 4.262 4.719 5.187 5.740 6.353 6.975
49.634 47.104 44.670 41.799 38.824 35.844 32.858 29.867 26.870 23.867 20.859 17.845 14.825 11.799 8.768 9.605 11.078 12.741 14.593 16.635 18.867 21.288 23.899 26.700 29.690 32.870 36.240 34.962 33.274 31.392 29.317 27.049 24.588 21.933 19.085 16.044 12.810 9.382 5.820 5.671 5.512 5.345 5.168 4.983 4.788 4.585 4.372 4.151 3.921 3.681 3.440 3.282 3.130 2.982 2.838 2.700 2.567 2.439 2.315 2.197 2.084 1.975 1.946 2.472 3.051 3.638 4.236 4.844 5.461 6.088 6.726 7.372 8.029
49.664 47.470 45.372 42.687 39.692 36.691 33.685 30.673 27.655 24.631 21.602 18.567 15.527 12.480 9.428 10.112 12.247 14.571 17.084 19.787 22.680 25.762 29.034 32.495 36.146 39.986 44.016 43.039 40.676 38.120 35.371 32.428 29.293 25.964 22.443 18.728 14.820 10.719 6.424 5.707 5.517 5.318 5.111 4.894 4.668 4.434 4.190 3.937 3.676 3.405 3.126 2.976 2.841 2.710 2.584 2.463 2.415 2.405 2.412 2.436 2.476 2.532 2.606 3.209 3.821 4.443 5.075 5.717 6.368 7.029 7.701 8.382 9.072
49.588 47.730 45.968 43.582 40.566 37.545 34.517 31.484 28.446 25.401 22.351 19.296 16.234 13.167 10.095 10.416 13.211 16.196 19.370 22.734 26.287 30.029 33.961 38.082 42.393 46.893 51.583 51.308 48.271 45.041 41.618 38.001 34.192 30.190 25.995 21.607 17.025 12.251 7.284 5.752 5.531 5.301 5.062 4.814 4.558 4.292 4.017 3.733 3.440 3.182 2.930 2.839 2.804 2.786 2.783 2.798 2.829 2.877 2.941 3.022 3.120 3.234 3.364 3.934 4.581 5.237 5.903 6.579 7.264 7.960 8.665 9.380 10.105
49.406 47.884 46.457 44.483 41.446 38.404 35.356 32.302 29.243 26.178 23.107 20.030 16.948 13.861 10.767 10.515 13.971 17.616 21.451 25.475 29.688 34.090 38.682 43.462 48.433 53.592 58.941 59.769 56.058 52.154 48.057 43.768 39.285 34.610 29.742 24.681 19.427 13.980 8.341 5.807 5.555 5.293 5.042 4.792 4.541 4.290 4.039 3.787 3.535 3.283 3.030 2.949 2.971 3.010 3.066 3.138 3.226 3.332 3.453 3.592 3.747 3.918 4.106 4.650 5.330 6.020 6.720 7.430 8.150 8.879 9.619 10.368 11.127
49.119 47.932 46.841 45.389 42.332 39.269 36.200 33.126 30.045 26.960 23.868 20.771 17.669 14.560 11.446 10.412 14.528 18.833 23.327 28.010 32.883 37.945 43.195 48.635 54.265 60.083 66.090 68.420 64.036 59.459 54.690 49.727 44.572 39.224 33.665 27.334 21.151 15.117 9.231 5.906 5.655 5.404 5.153 4.901 4.649 4.397 4.144 3.891 3.638 3.384 3.130 3.042 3.122 3.219 3.332 3.461 3.607 3.770 3.949 4.144 4.357 4.585 4.831 5.354 6.069 6.793 7.527 8.271 9.025 9.788 10.562 11.345 12.138
48.727 47.875 47.119 46.302 43.223 40.140 37.050 33.955 30.854 27.748 24.636 21.518 18.395 15.266 12.131 10.105 14.880 19.845 24.998 30.341 35.873 41.593 47.503 53.602 59.889 66.366 73.032 77.018 70.162 63.454 56.895 50.484 44.222 38.109 32.144 26.327 20.660 15.140 9.770 6.020 5.768 5.516 5.264 5.011 4.757 4.504 4.250 3.996 3.741 3.486 3.231 3.119 3.256 3.410 3.581 3.767 3.971 4.191 4.427 4.680 4.950 5.236 5.539 6.049 6.797 7.555 8.323 9.101 9.889 10.687 11.494 12.311 13.138
48.229 47.712 47.292 46.967 44.121 41.017 37.907 34.791 31.669 28.542 25.409 22.271 19.127 15.977 12.822 9.661 15.030 20.653 26.466 32.467 38.459 43.762 48.921 53.934 58.803 63.527 68.107 71.741 65.400 59.208 53.164 47.269 41.522 35.923 30.473 25.172 20.018 15.014 10.158 6.135 5.882 5.629 5.375 5.121 4.866 4.611 4.356 4.100 3.844 3.588 3.331 3.180 3.374 3.585 3.813 4.057 4.318 4.595 4.889 5.200 5.526 5.870 6.230 6.732 7.515 8.307 9.109 9.921 10.743 11.574 12.416 13.267 14.128
47.626 47.444 47.358 47.368 45.025 41.900 38.769 35.632 32.490 29.342 26.189 23.030 19.865 16.661 13.423 10.237 14.380 19.760 24.996 30.087 35.034 39.836 44.493 49.005 53.373 57.596 61.675 65.608 60.492 54.815 49.286 43.905 38.673 33.589 28.653 23.866 19.228 14.737 10.395 6.251 5.996 5.741 5.486 5.231 4.975 4.719 4.462 4.205 3.948 3.690 3.433 3.223 3.475 3.744 4.029 4.330 4.649 4.983 5.334 5.702 6.086 6.487 6.904 7.406 8.222 9.048 9.885 10.730 11.586 12.452 13.327 14.212 15.107
46.918 47.071 47.319 47.664 45.934 42.789 39.499 36.076 32.705 29.386 26.120 22.906 19.745 16.635 13.578 10.573 13.115 17.994 22.729 27.319 31.764 36.065 40.221 44.233 48.100 51.823 55.400 58.834 55.437 50.274 45.260 40.394 35.676 31.106 26.685 22.412 18.287 14.311 10.483 6.803 6.110 5.854 5.598 5.341 5.084 4.826 4.569 4.310 4.052 3.793 3.534 3.274 3.560 3.886 4.228 4.587 4.962 5.354 5.763 6.188 6.629 7.087 7.561 8.068 8.919 9.779 10.649 11.529 12.419 13.318 14.228 15.147 16.070
45.960 46.144 46.261 46.311 44.790 41.444 38.150 34.908 31.719 28.581 25.496 22.463 19.483 16.554 13.678 10.854 12.005 16.383 20.617 24.706 28.651 32.451 36.106 39.618 42.984 46.206 49.284 52.217 50.235 45.587 41.087 36.735 32.531 28.475 24.568 20.809 17.198 13.735 10.420 7.254 6.225 5.967 5.710 5.452 5.193 4.935 4.675 4.416 4.156 3.896 3.635 3.375 3.628 4.011 4.411 4.827 5.260 5.709 6.174 6.656 7.155 7.670 8.202 8.750 9.605 10.491 11.290 12.085 12.874 13.659 14.439 15.215 15.985
44.492 44.442 44.324 44.139 43.025 39.860 36.747 33.686 30.678 27.721 24.817 21.965 19.166 16.418 13.723 11.080 11.050 14.927 18.660 22.248 25.693 28.992 32.148 35.159 38.025 40.747 43.325 45.759 44.887 40.753 36.766 32.928 29.238 25.696 22.302 19.057 15.959 13.009 10.208 7.555 6.340 6.081 5.822 5.563 5.303 5.043 4.782 4.522 4.261 3.999 3.737 3.475 3.680 4.120 4.577 5.051 5.540 6.047 6.576 7.134 7.659 8.150 8.608 9.032 9.737 10.524 11.307 12.085 12.859 13.627 14.391 15.150 15.905
43.099 42.815 42.463 42.044 41.206 38.221 35.290 32.410 29.582 26.807 24.084 21.413 18.794 16.227 13.713 11.250 10.248 13.625 16.857 19.946 22.890 25.690 28.345 30.856 33.223 35.446 37.524 39.458 39.392 35.772 32.299 28.974 25.798 22.769 19.888 17.156 14.571 12.134 9.846 7.705 6.455 6.195 5.935 5.674 5.413 5.152 4.890 4.628 4.365 4.103 3.840 3.620 3.957 4.599 5.208 5.784 6.326 6.836 7.311 7.754 8.164 8.540 8.882 9.192 9.790 10.562 11.328 12.090 12.847 13.600 14.347 15.090 15.828
41.783 41.265 40.679 40.026 39.305 36.529 33.778 31.079 28.432 25.838 23.295 20.805 18.367 15.981 13.647 11.366 9.600 12.477 15.210 17.798 20.242 22.542 24.698 26.710 28.577 30.300 31.879 33.314 33.751 30.644 27.685 24.873 22.210 19.694 17.326 15.106 13.034 11.110 9.334 7.706 6.570 6.309 6.047 5.785 5.558 5.436 5.336 5.259 5.204 5.172 5.163 5.176 5.415 5.942 6.435 6.896 7.323 7.717 8.078 8.406 8.700 8.961 9.189 9.383 9.848 10.603 11.354 12.100 12.840 13.577 14.308 15.035 15.757
40.543 39.791 38.971 38.084 37.130 34.782 32.212 29.694 27.228 24.814 22.452 20.143 17.885 15.680 13.526 11.425 9.376 11.483 13.716 15.805 17.750 19.551 21.207 22.720 24.088 25.312 26.392 27.328 27.964 25.370 22.924 20.625 18.474 16.471 14.616 12.908 11.348 10.030 8.941 7.868 6.947 6.812 6.700 6.611 6.544 6.499 6.478 6.479 6.502 6.549 6.617 6.709 6.903 7.315 7.694 8.039 8.351 8.630 8.876 9.089 9.268 9.414 9.527 9.607 9.911 10.650 11.384 12.113 12.838 13.558 14.273 14.983 15.689
39.379 38.393 37.339 36.218 35.030 32.982 30.592 28.255 25.969 23.736 21.555 19.426 17.348 15.323 13.351 11.430 9.561 10.643 12.377 13.967 15.412 16.714 17.872 18.885 19.755 20.480 21.062 21.499 21.792 19.950 18.332 17.190 16.063 14.951 13.854 12.772 11.705 10.653 9.617 8.595 7.596 7.540 7.506 7.494 7.506 7.539 7.596 7.675 7.776 7.901 8.047 8.217 8.422 8.719 8.983 9.213 9.410 9.575 9.705 9.803 9.867 9.899 9.897 9.861 9.977 10.700 11.418 12.131 12.840 13.543 14.242 14.937 15.626
38.290 37.070 35.783 34.429 33.007 31.127 28.918 26.761 24.656 22.603 20.603 18.654 16.757 14.912 13.120 11.379 9.691 9.957 11.192 12.283 13.230 14.033 14.691 15.491 16.509 17.500 18.462 19.397 20.303 19.683 18.577 17.487 16.412 15.352 14.306 13.276 12.261 11.261 10.276 9.306 8.351 8.243 8.287 8.354 8.443 8.555 8.690 8.847 9.026 9.229 9.453 9.701 9.971 10.154 10.303 10.419 10.501 10.550 10.566 10.549 10.498 10.415 10.298 10.148 10.048 10.755 11.456 12.153 12.846 13.533 14.216 14.894 15.567
37.278 35.824 34.303 32.715 31.060 29.219 27.190 25.214 23.289 21.416 19.596 17.827 16.111 14.446 12.834 11.273 9.868 9.747 10.836 11.897 12.930 13.935 14.913 15.863 16.784 17.678 18.544 19.383 20.193 19.861 18.807 17.769 16.745 15.737 14.743 13.765 12.801 11.853 10.920 10.001 9.098 8.923 9.046 9.190 9.358 9.548 9.760 9.995 10.253 10.533 10.835 11.161 11.509 11.621 11.654 11.655 11.623 11.557 11.458 11.326 11.161 10.962 10.731 10.466 10.168 10.814 11.499 12.180 12.856 13.527 14.194 14.856 15.513
36.341 34.654 32.899 31.078 29.190 27.256 25.408 23.612 21.867 20.282 18.803 17.379 16.012 14.702 13.447 12.250 11.108 10.725 11.717 12.682 13.619 14.528 15.409 16.262 17.088 17.886 18.656 19.398 20.112 20.024 19.022 18.035 17.063 16.106 15.164 14.238 13.326 12.429 11.547 10.681 9.829 9.580 9.780 10.003 10.248 10.516 10.806 11.119 11.455 11.813 12.193 12.596 13.022 13.118 13.037 12.923 12.775 12.595 12.381 12.134 11.854 11.541 11.195 10.816 10.403 10.877 11.546 12.211 12.871 13.526 14.176 14.822 15.463
35.479 33.559 31.552 29.577 27.652 25.798 24.288 22.834 21.437 20.096 18.811 17.583 16.411 15.296 14.236 13.234 12.287 11.731 12.627 13.495 14.336 15.149 15.934 16.691 17.420 18.122 18.796 19.442 20.060 20.171 19.221 18.285 17.365 16.460 15.570 14.695 13.835 12.990 12.159 11.344 10.544 10.213 10.491 10.791 11.115 11.460 11.829 12.219 12.633 13.069 13.527 14.008 14.512 14.646 14.450 14.221 13.959 13.664 13.336 12.974 12.580 12.152 11.691 11.197 10.670 10.945 11.598 12.246 12.890 13.564 14.297 15.086 15.930
33.801 31.900 30.050 28.249 26.500 24.801 23.456 22.197 20.995 19.849 18.760 17.726 16.749 15.829 14.964 14.156 13.405 12.764 13.564 14.337 15.081 15.798 16.487 17.148 17.781 18.386 18.964 19.514 20.036 20.302 19.404 18.520 17.652 16.798 15.960 15.136 14.328 13.534 12.756 11.992 11.244 10.822 11.178 11.556 11.957 12.381 12.827 13.296 13.787 14.301 14.837 15.396 15.977 16.205 15.894 15.551 15.174 14.764 14.321 13.845 13.336 12.794 12.099 11.381 10.677 10.723 11.426 12.185 12.998 13.867 14.791 15.771 16.805
31.897 30.170 28.494 26.869 25.294 23.770 22.564 21.500 20.493 19.542 18.647 17.809 17.027 16.301 15.632 15.018 14.461 13.961 14.530 15.206 15.855 16.475 17.068 17.633 18.170 18.680 19.161 19.615 20.042 20.419 19.572 18.740 17.923 17.121 16.334 15.562 14.805 14.063 13.336 12.624 11.927 11.408 11.841 12.298 12.777 13.278 13.802 14.348 14.917 15.509 16.123 16.759 17.418 17.795 17.370 16.644 15.874 15.119 14.378 13.652 12.940 12.243 11.560 10.892 10.239 10.211 11.105 12.054 13.058 14.118 15.233 16.403 17.628
29.939 28.387 26.886 25.435 24.035 22.685 21.612 20.743 19.931 19.175 18.475 17.831 17.244 16.713 16.238 15.819 15.457 15.151 15.524 16.104 16.656 17.181 17.678 18.147 18.588 19.002 19.387 19.745 20.076 20.378 19.724 18.944 18.178 17.428 16.693 15.972 15.267 14.576 13.901 13.240 12.595 11.970 12.481 13.015 13.572 14.151 14.753 15.377 15.827 16.212 16.558 16.864 17.131 17.224 16.475 15.740 15.020 14.315 13.625 12.949 12.287 11.641 11.008 10.391 9.788 9.645 10.730 11.870 13.065 14.315 15.621 16.981 18.397
27.928 26.551 25.225 23.948 22.723 21.547 20.600 19.926 19.308 18.747 18.242 17.793 17.400 17.064 16.783 16.559 16.391 16.280 16.546 17.030 17.487 17.915 18.316 18.689 19.034 19.352 19.642 19.904 20.138 20.345 19.861 19.132 18.418 17.719 17.036 16.367 15.713 15.074 14.450 13.841 13.247 12.660 13.030 13.517 13.963 14.370 14.738 15.066 15.355 15.604 15.813 15.983 16.114 16.205 15.507 14.823 14.154 13.499 12.858 12.233 11.622 11.025 10.443 9.876 9.323 9.028 10.303 11.633 13.019 14.460 15.955 17.506 19.113
25.865 24.662 23.510 22.409 21.357 20.356 19.528 19.049 18.626 18.259 17.949 17.694 17.496 17.354 17.268 17.238 17.265 17.347 17.596 17.985 18.345 18.678 18.982 19.260 19.509 19.731 19.925 20.091 20.230 20.341 19.982 19.305 18.643 17.995 17.325 16.677 16.053 15.451 14.873 14.319 13.788 13.280 13.416 13.766 14.077 14.348 14.579 14.771 14.923 15.036 15.109 15.143 15.137 15.092 14.526 13.893 13.273 12.669 12.079 11.503 10.943 10.396 9.865 9.348 8.845 8.358 9.823 11.344 12.920 14.551 16.237 17.979 19.775
23.749 22.721 21.743 20.816 19.939 19.112 18.397 18.112 17.884 17.711 17.595 17.535 17.531 17.583 17.692 17.856 18.077 18.354 18.675 18.967 19.231 19.468 19.677 19.859 20.012 20.138 20.232 20.202 20.178 20.160 19.861 19.201 18.563 17.949 17.358 16.791 16.247 15.726 15.228 14.754 14.304 13.876 13.842 14.055 14.230 14.364 14.459 14.515 14.531 14.508 14.445 14.342 14.201 14.019 13.533 12.949 12.380 11.826 11.286 10.761 10.250 9.754 9.273 8.806 8.354 7.916 9.291 11.002 12.769 14.590 16.466 18.398 20.385
