DATA/SHG/ECMWF/20170628/EN-10/20170702.en-10.asc
ncols        190
nrows        64
xllcorner    -5100000.000000000000
yllcorner    4130000.000000000000
cellsize     10000.000000000000
NODATA_value  -99999.000
[rows 32 to 63 of 64, columns 0 to 72 of 190]
3.849 3.606 3.531 3.455 3.360 3.245 3.112 2.960 2.789 2.598 2.389 2.161 1.913 1.647 1.925 2.248 2.585 2.936 3.301 3.680 4.072 4.479 4.899 5.334 5.782 6.244 5.996 5.716 5.417 5.099 4.762 4.405 4.029 3.634 3.220 2.786 2.334 1.872 1.891 1.902 1.904 1.898 1.883 1.859 1.827 1.787 1.737 1.861 2.039 2.189 2.357 2.492 2.593 2.661 2.695 2.696 2.663 2.596 2.496 2.363 2.196 2.051 2.462 2.924 3.437 4.002 4.617 5.284 6.002 6.772 7.592 8.464 9.387
4.982 4.680 4.508 4.365 4.203 4.023 3.823 3.604 3.366 3.109 2.833 2.538 2.224 1.890 2.107 2.478 2.864 3.264 3.677 4.104 4.546 5.001 5.470 5.953 6.450 6.961 6.770 6.423 6.057 5.671 5.267 4.843 4.400 3.937 3.456 2.955 2.435 1.896 1.818 1.799 2.043 2.325 2.578 2.800 2.993 3.156 3.289 3.392 3.466 3.510 3.558 3.575 3.560 3.510 3.428 3.312 3.162 2.979 2.762 2.512 2.229 1.912 2.462 3.102 3.793 4.536 5.330 6.174 7.071 8.018 9.016 10.066 11.167
6.131 5.770 5.505 5.296 5.067 4.819 4.553 4.267 3.963 3.639 3.296 2.935 2.554 2.154 2.273 2.693 3.128 3.576 4.038 4.514 5.004 5.508 6.025 6.557 7.103 7.662 7.564 7.149 6.716 6.263 5.791 5.300 4.790 4.504 4.266 4.058 3.878 3.728 3.886 4.124 4.332 4.510 4.658 4.776 4.865 4.924 4.953 4.952 4.921 4.861 4.789 4.690 4.558 4.392 4.193 3.960 3.694 3.394 3.061 2.694 2.294 1.860 2.412 3.230 4.100 5.020 5.992 7.015 8.089 9.214 10.390 11.618 12.896
7.298 6.878 6.522 6.246 5.950 5.636 5.303 4.951 4.579 4.189 3.780 3.352 2.904 2.438 2.424 2.893 3.376 3.872 4.383 4.908 5.446 5.999 6.565 7.145 7.739 8.351 8.473 8.133 7.822 7.540 7.287 7.063 6.868 6.702 6.566 6.458 6.379 6.330 6.410 6.544 6.647 6.721 6.765 6.779 6.764 6.719 6.644 6.539 6.404 6.240 6.053 5.837 5.588 5.305 4.990 4.640 4.257 3.841 3.391 2.908 2.392 1.842 2.313 3.309 4.356 5.455 6.604 7.805 9.057 10.359 11.713 13.118 14.575
8.481 8.003 7.558 7.215 6.853 6.473 6.073 5.654 5.216 4.759 4.284 3.789 3.275 2.742 2.559 3.077 3.609 4.154 4.743 5.477 6.199 6.910 7.610 8.298 8.974 9.640 9.933 9.694 9.484 9.303 9.151 9.027 8.933 8.868 8.832 8.825 8.847 8.898 8.961 8.991 8.990 8.960 8.900 8.810 8.691 8.541 8.362 8.153 7.915 7.647 7.348 7.015 6.650 6.251 5.818 5.352 4.853 4.320 3.754 3.155 2.522 1.855 2.164 3.338 4.563 5.839 7.167 8.545 9.974 11.455 12.986 14.569 16.202
9.682 9.145 8.614 8.205 7.776 7.329 6.862 6.377 5.873 5.349 4.807 4.281 3.870 3.521 3.432 4.171 4.899 5.616 6.321 7.015 7.698 8.369 9.028 9.676 10.313 10.938 11.361 11.223 11.114 11.033 10.982 10.959 10.966 11.001 11.066 11.160 11.282 11.434 11.539 11.465 11.360 11.226 11.062 10.868 10.645 10.392 10.109 9.796 9.453 9.081 8.674 8.225 7.743 7.228 6.679 6.097 5.481 4.832 4.149 3.434 2.684 1.902 1.966 3.318 4.720 6.174 7.679 9.235 10.842 12.500 14.209 15.969 17.780
10.899 10.304 9.692 9.214 8.643 8.013 7.446 6.941 6.498 6.117 5.799 5.542 5.348 5.216 5.180 5.879 6.568 7.244 7.910 8.564 9.206 9.837 10.457 11.065 11.662 12.247 12.757 12.720 12.711 12.731 12.781 12.859 12.966 13.102 13.267 13.461 13.684 13.936 14.145 13.966 13.757 13.519 13.251 12.954 12.626 12.269 11.882 11.466 11.020 10.544 10.032 9.467 8.869 8.237 7.571 6.873 6.141 5.375 4.577 3.745 2.879 1.980 1.719 3.248 4.828 6.459 8.142 9.875 11.659 13.495 15.534 17.622 19.626
11.143 10.260 9.381 8.792 8.318 7.905 7.555 7.266 7.040 6.876 6.775 6.735 6.757 6.842 6.989 7.597 8.246 8.882 9.508 10.122 10.724 11.316 11.895 12.464 13.021 13.566 14.100 14.185 14.277 14.397 14.547 14.726 14.934 15.170 15.436 15.730 16.054 16.406 16.777 16.494 16.182 15.840 15.468 15.067 14.635 14.175 13.684 13.164 12.614 12.034 11.422 10.740 10.025 9.277 8.496 7.681 6.833 5.951 5.036 4.088 3.106 2.092 1.422 3.624 6.005 8.304 10.519 12.651 14.699 16.664 18.546 20.344 22.059
10.403 9.535 8.670 8.183 7.925 7.729 7.596 7.524 7.515 7.567 7.682 7.859 8.098 8.399 8.762 9.325 9.934 10.531 11.116 11.690 12.253 12.804 13.344 13.873 14.390 14.895 15.390 15.617 15.810 16.031 16.282 16.561 16.869 17.206 17.572 17.967 18.391 18.844 19.325 19.049 18.633 18.187 17.712 17.207 16.672 16.107 15.513 14.889 14.236 13.552 12.839 12.045 11.214 10.350 9.452 8.521 7.753 7.177 6.752 6.477 6.353 6.379 6.558 8.734 10.826 12.835 14.761 16.604 18.363 20.039 21.632 23.141 24.568
9.660 8.805 7.955 7.506 7.465 7.486 7.569 7.714 7.921 8.190 8.522 8.915 9.370 9.888 10.467 11.063 11.631 12.189 12.734 13.268 13.791 14.303 14.803 15.291 15.769 16.235 16.689 17.018 17.311 17.633 17.984 18.363 18.772 19.209 19.676 20.171 20.695 21.248 21.830 21.632 21.112 20.562 19.983 19.374 18.736 18.068 17.370 16.642 15.885 14.832 13.749 12.783 11.978 11.322 10.817 10.462 10.257 10.203 10.299 10.545 10.941 11.488 12.185 13.918 15.721 17.441 19.078 20.631 22.102 23.489 24.793 26.013 27.151
8.914 8.073 7.236 6.763 6.938 7.176 7.475 7.836 8.260 8.745 9.293 9.902 10.574 11.307 12.103 12.811 13.339 13.856 14.362 14.857 15.340 15.811 16.272 16.720 17.158 17.584 17.999 18.387 18.780 19.203 19.654 20.134 20.642 21.180 21.747 22.342 22.967 23.620 24.302 24.241 23.618 22.964 21.798 20.620 19.469 18.345 17.249 16.179 15.136 14.121 13.133 12.532 12.247 12.113 12.129 12.295 12.612 13.078 13.695 14.461 15.378 16.445 17.663 19.175 20.689 22.120 23.468 24.733 25.914 27.013 28.028 28.960 29.809
8.164 7.337 6.515 5.952 6.344 6.798 7.313 7.891 8.531 9.232 9.996 10.821 11.709 12.659 13.670 14.568 15.057 15.534 16.000 16.455 16.898 17.330 17.750 18.159 18.557 18.943 19.318 19.724 20.218 20.740 21.291 21.872 22.481 23.119 23.774 23.931 24.070 24.191 24.294 23.818 22.653 21.515 20.404 19.320 18.263 17.233 16.230 15.255 14.306 13.385 12.490 12.132 12.369 12.756 13.292 13.979 14.816 15.803 16.940 18.227 19.664 21.251 22.989 24.505 25.730 26.873 27.932 28.908 29.801 30.611 31.338 31.982 32.542
7.410 6.598 5.790 5.074 5.682 6.352 7.084 7.878 8.734 9.651 10.631 11.672 12.776 13.941 15.169 16.335 16.784 17.222 17.648 18.063 18.466 18.858 19.239 19.608 19.966 20.313 20.648 20.986 21.208 21.411 21.596 21.763 21.912 22.043 22.155 22.250 22.326 22.385 22.425 22.116 21.045 20.001 18.984 17.994 17.031 16.095 15.186 14.304 13.450 12.622 11.822 11.585 12.342 13.249 14.306 15.514 16.871 18.378 20.035 21.842 23.799 25.906 28.163 29.908 30.845 31.699 32.470 33.158 33.762 34.284 34.723 35.078 35.351
6.654 5.856 5.062 4.272 4.954 5.840 6.788 7.798 8.869 10.003 11.198 12.455 13.775 15.156 16.599 18.103 18.521 18.919 19.306 19.681 19.972 20.000 20.012 20.006 19.982 19.942 19.884 19.827 19.986 20.126 20.249 20.353 20.439 20.507 20.557 20.589 20.603 20.599 20.577 20.389 19.412 18.461 17.538 16.642 15.773 14.931 14.117 13.329 12.568 11.834 11.128 10.889 12.167 13.594 15.172 16.899 18.776 20.803 22.980 25.307 27.783 30.409 33.186 35.385 36.033 36.599 37.081 37.481 37.798 38.031 38.182 38.249 38.234
5.894 5.110 4.330 3.554 4.159 5.260 6.424 7.650 8.937 10.286 11.697 13.170 14.705 16.241 17.642 18.990 19.243 19.281 19.301 19.305 19.291 19.259 19.210 19.144 19.061 18.960 18.842 18.706 18.784 18.862 18.922 18.964 18.987 18.993 18.980 18.950 18.901 18.834 18.749 18.636 17.753 16.897 16.068 15.266 14.491 13.742 13.021 12.327 11.661 11.021 10.408 10.046 11.844 13.791 15.888 18.135 20.532 23.078 25.775 28.621 31.616 34.762 38.057 40.934 41.295 41.572 41.767 41.878 41.907 41.852 41.715 41.495 41.192
5.130 4.361 3.595 2.833 3.296 4.614 6.096 7.684 9.219 10.701 12.130 13.506 14.828 16.098 17.315 18.479 18.822 18.799 18.760 18.703 18.628 18.537 18.428 18.302 18.158 17.997 17.819 17.623 17.603 17.618 17.615 17.594 17.556 17.499 17.423 17.330 17.219 17.090 16.943 16.777 16.070 15.307 14.572 13.864 13.182 12.528 11.901 11.301 10.727 10.181 9.662 9.170 11.373 13.840 16.456 19.223 22.139 25.204 28.419 31.784 35.299 38.963 42.777 46.557 46.629 46.619 46.525 46.349 46.090 45.748 45.323 44.815 44.193
4.830 4.431 4.082 3.782 4.333 5.842 7.299 8.703 10.053 11.351 12.596 13.788 14.926 16.012 17.045 18.025 18.419 18.337 18.237 18.120 17.986 17.834 17.665 17.479 17.275 17.054 16.816 16.560 16.442 16.394 16.329 16.246 16.144 16.025 15.887 15.732 15.558 15.366 15.156 14.929 14.361 13.692 13.051 12.436 11.849 11.288 10.755 10.248 9.769 9.316 8.891 8.492 10.754 13.740 16.876 20.161 23.596 27.181 30.915 34.798 38.831 43.014 47.346 51.828 52.037 51.616 49.885 48.192 46.537 44.920 43.342 41.801 40.298
6.148 5.922 5.745 5.618 5.960 7.285 8.558 9.777 10.944 12.058 13.118 14.126 15.081 15.983 16.832 17.628 18.036 17.893 17.734 17.556 17.362 17.150 16.921 16.675 16.411 16.130 15.832 15.516 15.301 15.191 15.063 14.917 14.753 14.571 14.371 14.153 13.917 13.663 13.391 13.101 12.627 12.052 11.504 10.984 10.490 10.023 9.583 9.170 8.784 8.425 8.093 7.788 9.988 13.493 17.148 20.952 24.905 29.008 33.141 36.571 39.877 43.059 46.117 49.052 48.405 46.768 45.169 43.608 42.085 40.600 39.153 37.744 36.373
7.409 7.355 7.352 7.398 7.642 8.784 9.872 10.908 11.890 12.820 13.697 14.521 15.292 16.010 16.676 17.288 17.672 17.469 17.249 17.012 16.757 16.485 16.196 15.890 15.566 15.225 14.867 14.492 14.180 14.008 13.817 13.609 13.383 13.138 12.876 12.596 12.297 11.981 11.646 11.294 10.868 10.387 9.933 9.506 9.105 8.732 8.386 8.067 7.774 7.509 7.270 7.081 9.103 12.849 16.471 19.969 23.343 26.594 29.720 32.723 35.602 38.357 40.988 43.496 43.394 41.889 40.422 38.993 37.601 36.248 34.933 33.656 32.416
8.614 8.733 8.902 9.121 9.389 10.338 11.242 12.094 12.893 13.639 14.332 14.972 15.560 16.094 16.576 17.005 17.326 17.063 16.783 16.486 16.172 15.840 15.491 15.125 14.741 14.340 13.922 13.487 13.079 12.845 12.592 12.321 12.033 11.726 11.401 11.058 10.697 10.319 9.922 9.507 9.084 8.697 8.336 8.002 7.748 7.642 7.538 7.438 7.340 7.246 7.154 7.066 8.370 11.689 14.883 17.954 20.901 23.724 26.424 28.999 31.451 33.779 35.984 38.064 38.354 36.980 35.645 34.347 33.088 31.866 30.683 29.537 28.429
9.762 10.054 10.396 10.787 11.228 11.947 12.668 13.336 13.951 14.514 15.023 15.480 15.884 16.235 16.533 16.778 16.970 16.677 16.337 15.980 15.605 15.214 14.805 14.378 13.935 13.474 12.996 12.501 11.999 11.702 11.387 11.054 10.703 10.334 9.946 9.541 9.118 8.751 8.515 8.283 8.072 7.964 7.859 7.757 7.658 7.562 7.469 7.379 7.291 7.207 7.126 7.048 7.760 10.651 13.418 16.062 18.582 20.978 23.251 25.400 27.425 29.326 31.104 32.759 33.283 32.041 30.837 29.671 28.544 27.454 26.401 25.387 24.411
10.854 11.319 11.833 12.397 13.010 13.612 14.149 14.634 15.065 15.444 15.770 16.043 16.264 16.431 16.546 16.608 16.617 16.309 15.909 15.492 15.058 14.606 14.137 13.651 13.148 12.627 12.089 11.534 10.962 10.579 10.259 10.011 9.768 9.527 9.290 9.056 8.825 8.598 8.374 8.153 7.937 7.839 7.745 7.653 7.564 7.479 7.396 7.316 7.240 7.166 7.095 7.028 7.271 9.735 12.075 14.292 16.385 18.355 20.201 21.924 23.523 24.998 26.349 27.577 28.182 27.072 26.000 24.965 23.969 23.010 22.090 21.207 20.362
11.890 12.527 13.214 13.950 14.735 15.333 15.686 15.987 16.236 16.431 16.574 16.663 16.700 16.685 16.616 16.495 16.321 15.960 15.501 15.024 14.529 14.018 13.489 12.965 12.465 11.974 11.493 11.020 10.557 10.261 10.022 9.787 9.554 9.325 9.100 8.877 8.658 8.442 8.230 8.021 7.815 7.712 7.628 7.546 7.468 7.393 7.320 7.251 7.185 7.122 7.061 7.004 6.950 8.941 10.855 12.645 14.312 15.856 17.275 18.572 19.744 20.793 21.719 22.521 23.051 22.072 21.131 20.229 19.364 18.537 17.747 16.996 16.283
12.870 13.680 14.538 15.447 16.404 17.108 17.279 17.396 17.461 17.473 17.433 17.339 17.193 16.994 16.743 16.438 16.050 15.570 15.047 14.533 14.028 13.532 13.046 12.568 12.100 11.641 11.191 10.750 10.318 10.011 9.783 9.559 9.338 9.120 8.906 8.695 8.488 8.283 8.082 7.885 7.690 7.582 7.508 7.437 7.369 7.304 7.242 7.183 7.127 7.074 7.025 6.978 6.934 8.270 9.757 11.121 12.362 13.479 14.473 15.343 16.090 16.713 17.213 17.590 17.843 17.042 16.233 15.462 14.728 14.032 13.374 12.754 12.172
13.794 14.776 15.807 16.887 18.017 18.940 18.927 18.861 18.743 18.460 18.099 17.716 17.311 16.886 16.438 15.969 15.479 14.974 14.483 14.000 13.527 13.063 12.608 12.162 11.725 11.298 10.879 10.470 10.070 9.757 9.541 9.328 9.119 8.913 8.710 8.510 8.314 8.121 7.932 7.745 7.563 7.448 7.385 7.324 7.267 7.212 7.161 7.112 7.067 7.024 6.985 6.948 6.915 7.720 8.782 9.720 10.534 11.226 11.794 12.238 12.559 12.757 12.831 12.782 12.610 11.982 11.304 10.664 10.062 9.497 8.970 8.482 8.031
14.662 15.816 16.966 18.053 19.079 19.964 19.614 19.243 18.850 18.435 17.999 17.542 17.063 16.562 16.040 15.497 14.932 14.370 13.910 13.459 13.017 12.585 12.161 11.747 11.342 10.946 10.559 10.182 9.813 9.500 9.295 9.094 8.896 8.702 8.510 8.322 8.137 7.956 7.778 7.603 7.432 7.312 7.259 7.209 7.162 7.118 7.077 7.039 7.003 6.971 6.942 6.916 6.893 7.292 7.928 8.440 8.829 9.095 9.237 9.257 9.152 8.925 8.574 8.100 7.502 6.892 6.345 5.836 5.365 5.415 5.626 5.832 6.031
15.770 16.769 17.707 18.585 19.402 20.159 19.838 19.391 18.924 18.435 17.924 17.392 16.838 16.263 15.666 15.048 14.408 13.756 13.328 12.908 12.498 12.097 11.706 11.323 10.950 10.585 10.230 9.884 9.547 9.240 9.047 8.857 8.671 8.487 8.307 8.131 7.958 7.788 7.621 7.458 7.298 7.173 7.131 7.091 7.054 7.020 6.990 6.962 6.937 6.915 6.897 6.881 6.868 6.987 7.197 7.283 7.247 7.087 6.804 6.398 5.869 5.216 4.897 4.701 4.517 4.557 4.772 4.981 5.184 5.380 5.571 5.755 5.933
16.994 17.783 18.513 19.182 19.790 20.339 20.084 19.563 19.021 18.457 17.872 17.265 16.637 15.987 15.315 14.623 13.908 13.173 12.737 12.349 11.971 11.601 11.241 10.890 10.548 10.215 9.891 9.577 9.271 8.977 8.795 8.617 8.442 8.270 8.102 7.937 7.775 7.616 7.461 7.309 7.161 7.032 6.999 6.970 6.943 6.920 6.900 6.882 6.868 6.856 6.848 6.843 6.840 6.802 6.587 6.328 6.087 5.859 5.643 5.439 5.248 5.070 4.903 4.750 4.609 4.612 4.806 4.994 5.176 5.351 5.521 5.684 5.841
18.282 18.863 19.383 19.844 20.244 20.583 20.354 19.758 19.141 18.503 17.843 17.162 16.459 15.734 14.988 14.221 13.432 12.622 12.137 11.781 11.434 11.096 10.767 10.448 10.138 9.836 9.544 9.261 8.987 8.722 8.541 8.374 8.210 8.050 7.893 7.739 7.589 7.442 7.298 7.157 7.020 6.887 6.865 6.846 6.830 6.817 6.807 6.800 6.789 6.761 6.715 6.652 6.571 6.454 6.231 6.021 5.823 5.638 5.465 5.304 5.156 5.020 4.897 4.787 4.689 4.674 4.846 5.013 5.174 5.328 5.477 5.619 5.755
19.636 20.007 20.319 20.571 20.762 20.893 20.647 19.977 19.285 18.572 17.838 17.082 16.304 15.505 14.685 13.843 12.980 12.095 11.528 11.204 10.888 10.582 10.285 9.997 9.718 9.448 9.188 8.936 8.694 8.460 8.283 8.127 7.975 7.826 7.681 7.538 7.399 7.264 7.131 7.002 6.877 6.815 6.836 6.853 6.852 6.834 6.798 6.744 6.673 6.583 6.476 6.352 6.209 6.049 5.869 5.702 5.547 5.404 5.274 5.157 5.052 4.959 4.879 4.812 4.757 4.740 4.892 5.038 5.178 5.311 5.439 5.560 5.675
21.053 21.217 21.320 21.363 21.346 21.269 20.963 20.218 19.452 18.665 17.856 17.025 16.173 15.300 14.405 13.489 12.551 11.592 10.910 10.618 10.334 10.059 9.793 9.537 9.290 9.051 8.822 8.602 8.391 8.189 8.022 7.878 7.737 7.600 7.563 7.523 7.477 7.424 7.364 7.299 7.227 7.148 7.104 7.060 6.998 6.919 6.822 6.707 6.574 6.423 6.255 6.069 5.866 5.644 5.495 5.370 5.259 5.159 5.072 4.998 4.936 4.886 4.849 4.825 4.813 4.813 4.944 5.069 5.187 5.300 5.406 5.506 5.601
22.536 22.490 22.385 22.220 21.995 21.709 21.302 20.483 19.643 18.781 17.897 16.992 16.066 15.118 14.149 13.158 12.146 11.112 10.284 10.023 9.770 9.527 9.293 9.068 8.852 8.645 8.453 8.402 8.347 8.290 8.242 8.205 8.162 8.113 8.057 7.995 7.926 7.851 7.770 7.682 7.588 7.488 7.391 7.285 7.162 7.022 6.863 6.687 6.493 6.281 6.052 5.805 5.540 5.258 5.109 5.028 4.959 4.902 4.858 4.827 4.808 4.801 4.807 4.826 4.857 4.900 5.001 5.105 5.203 5.294 5.380 5.459 5.532
