DATA/SHG/ECMWF/20170628/EN-10/20170630.en-10.asc
ncols        190
nrows        64
xllcorner    -5100000.000000000000
yllcorner    4130000.000000000000
cellsize     10000.000000000000
NODATA_value  -99999.000
[rows 0 to 31 of 64, columns 73 to 145 of 190]
0.201 0.190 0.179 0.168 0.156 0.145 0.132 0.120 0.112 0.124 0.151 0.185 0.227 0.276 0.334 0.399 0.472 0.553 0.642 0.739 0.843 0.940 1.024 1.101 1.171 1.235 1.292 1.342 1.385 1.421 1.451 1.474 1.478 1.442 1.407 1.375 1.344 1.315 1.288 1.263 1.239 1.218 1.198 1.180 1.155 1.103 1.046 0.986 0.922 0.853 0.781 0.705 0.624 0.540 0.452 0.360 0.287 0.280 0.272 0.265 0.258 0.250 0.243 0.235 0.227 0.219 0.211 0.203 0.200 0.211 0.224 0.240 0.258
0.178 0.167 0.162 0.160 0.160 0.162 0.166 0.171 0.184 0.230 0.284 0.345 0.414 0.491 0.576 0.669 0.769 0.877 0.993 1.117 1.243 1.309 1.363 1.409 1.449 1.483 1.509 1.529 1.541 1.547 1.547 1.539 1.524 1.496 1.469 1.445 1.422 1.402 1.383 1.366 1.351 1.337 1.326 1.316 1.300 1.230 1.156 1.078 0.996 0.910 0.820 0.726 0.628 0.526 0.420 0.310 0.211 0.204 0.196 0.188 0.180 0.173 0.165 0.156 0.148 0.140 0.131 0.123 0.119 0.141 0.165 0.191 0.220
0.195 0.196 0.199 0.203 0.210 0.218 0.228 0.239 0.255 0.328 0.409 0.498 0.594 0.699 0.811 0.931 1.058 1.194 1.337 1.488 1.647 1.686 1.709 1.725 1.735 1.738 1.734 1.723 1.705 1.681 1.650 1.612 1.568 1.547 1.529 1.513 1.499 1.486 1.476 1.467 1.460 1.455 1.451 1.450 1.449 1.361 1.270 1.174 1.074 0.970 0.862 0.751 0.635 0.515 0.392 0.264 0.136 0.128 0.120 0.112 0.103 0.095 0.087 0.078 0.069 0.061 0.052 0.043 0.057 0.129 0.199 0.267 0.331
0.219 0.226 0.235 0.245 0.258 0.272 0.288 0.305 0.325 0.419 0.527 0.643 0.767 0.899 1.038 1.185 1.340 1.503 1.673 1.852 2.038 2.069 2.062 2.048 2.027 2.000 1.965 1.924 1.877 1.822 1.761 1.692 1.617 1.597 1.587 1.579 1.573 1.569 1.566 1.566 1.567 1.570 1.575 1.582 1.590 1.497 1.387 1.274 1.156 1.035 0.909 0.780 0.646 0.509 0.368 0.223 0.074 0.052 0.044 0.053 0.080 0.109 0.140 0.173 0.209 0.246 0.285 0.326 0.370 0.429 0.488 0.544 0.597
0.240 0.254 0.269 0.285 0.304 0.324 0.346 0.370 0.396 0.503 0.638 0.781 0.932 1.091 1.258 1.432 1.614 1.804 2.002 2.208 2.421 2.460 2.423 2.378 2.327 2.269 2.205 2.133 2.055 1.970 1.878 1.780 1.675 1.645 1.643 1.643 1.646 1.649 1.655 1.663 1.672 1.683 1.696 1.711 1.728 1.636 1.509 1.378 1.242 1.103 0.966 0.834 0.705 0.579 0.456 0.336 0.218 0.218 0.251 0.285 0.321 0.359 0.399 0.441 0.485 0.531 0.579 0.629 0.682 0.732 0.778 0.823 0.864
0.260 0.280 0.301 0.324 0.348 0.375 0.403 0.433 0.465 0.579 0.742 0.912 1.090 1.276 1.470 1.672 1.881 2.098 2.323 2.556 2.796 2.858 2.790 2.715 2.634 2.546 2.451 2.349 2.241 2.126 2.004 1.875 1.739 1.691 1.697 1.705 1.716 1.728 1.742 1.757 1.775 1.800 1.822 1.834 1.837 1.747 1.614 1.484 1.356 1.231 1.109 0.990 0.874 0.760 0.649 0.541 0.436 0.430 0.471 0.514 0.559 0.606 0.655 0.706 0.759 0.814 0.871 0.930 0.991 1.036 1.071 1.104 1.134
0.279 0.304 0.332 0.361 0.391 0.424 0.458 0.494 0.532 0.648 0.838 1.035 1.241 1.454 1.675 1.904 2.140 2.385 2.637 2.897 3.164 3.263 3.165 3.060 2.948 2.830 2.704 2.573 2.434 2.288 2.136 1.977 1.852 1.824 1.879 1.924 1.960 1.987 2.004 2.012 2.011 2.000 1.980 1.951 1.912 1.825 1.705 1.587 1.471 1.359 1.250 1.143 1.039 0.938 0.839 0.744 0.651 0.639 0.689 0.741 0.795 0.851 0.909 0.969 1.030 1.094 1.160 1.228 1.298 1.342 1.366 1.387 1.406
0.295 0.327 0.360 0.396 0.432 0.471 0.512 0.554 0.598 0.710 0.927 1.151 1.384 1.624 1.873 2.129 2.392 2.664 2.943 3.230 3.525 3.675 3.547 3.514 3.501 3.463 3.400 3.313 3.200 3.063 2.901 2.714 2.503 2.367 2.380 2.384 2.378 2.363 2.339 2.305 2.262 2.210 2.149 2.078 1.997 1.900 1.792 1.687 1.584 1.484 1.387 1.292 1.201 1.112 1.026 0.943 0.863 0.846 0.905 0.965 1.028 1.093 1.160 1.229 1.300 1.372 1.447 1.524 1.603 1.651 1.663 1.673 1.680
0.310 0.348 0.388 0.429 0.472 0.517 0.563 0.611 0.661 0.764 1.008 1.260 1.520 1.787 2.063 2.374 2.818 3.294 3.804 4.348 4.925 5.365 5.291 5.191 5.067 4.918 4.744 4.545 4.322 4.074 3.801 3.503 3.180 2.920 2.891 2.853 2.806 2.749 2.683 2.608 2.524 2.430 2.327 2.214 2.092 1.972 1.877 1.783 1.693 1.606 1.521 1.439 1.360 1.283 1.210 1.139 1.071 1.050 1.118 1.188 1.259 1.333 1.409 1.486 1.566 1.648 1.732 1.817 1.905 1.962 1.963 1.961 1.956
0.324 0.368 0.413 0.461 0.510 0.561 0.613 0.668 0.741 0.889 1.249 1.642 2.068 2.528 3.021 3.548 4.107 4.700 5.326 5.986 6.679 7.291 7.105 6.894 6.659 6.399 6.114 5.804 5.470 5.110 4.726 4.317 3.883 3.482 3.412 3.332 3.243 3.145 3.038 2.921 2.795 2.659 2.515 2.361 2.197 2.041 1.958 1.877 1.799 1.724 1.652 1.582 1.516 1.452 1.391 1.332 1.277 1.252 1.329 1.407 1.488 1.571 1.655 1.742 1.830 1.921 2.014 2.108 2.205 2.275 2.264 2.251 2.235
0.335 0.397 0.480 0.573 0.676 0.788 0.909 1.040 1.180 1.334 1.810 2.319 2.862 3.438 4.047 4.689 5.365 6.074 6.816 7.591 8.400 9.215 8.945 8.623 8.277 7.905 7.509 7.089 6.643 6.173 5.678 5.158 4.613 4.054 3.942 3.821 3.690 3.550 3.401 3.243 3.075 2.898 2.712 2.517 2.312 2.107 2.036 1.968 1.902 1.840 1.780 1.723 1.668 1.617 1.568 1.522 1.479 1.452 1.537 1.625 1.714 1.806 1.899 1.995 2.092 2.192 2.293 2.397 2.502 2.590 2.568 2.543 2.515
0.489 0.596 0.712 0.838 0.974 1.119 1.273 1.437 1.610 1.793 2.339 2.965 3.624 4.316 5.041 5.799 6.591 7.415 8.274 9.165 10.089 11.021 10.810 10.377 9.920 9.438 8.931 8.399 7.843 7.262 6.656 6.025 5.370 4.690 4.481 4.319 4.147 3.965 3.775 3.575 3.366 3.147 2.920 2.683 2.436 2.181 2.112 2.056 2.003 1.952 1.905 1.860 1.818 1.779 1.742 1.709 1.678 1.650 1.744 1.840 1.938 2.039 2.141 2.245 2.352 2.460 2.570 2.683 2.800 2.921 3.100 3.439 3.941
0.645 0.785 0.935 1.094 1.262 1.440 1.628 1.824 2.031 2.246 2.838 3.579 4.354 5.162 6.003 6.877 7.784 8.725 9.699 10.706 11.746 12.794 12.700 12.157 11.589 10.996 10.378 9.736 9.069 8.377 7.660 6.919 6.153 5.362 5.030 4.826 4.612 4.390 4.158 3.916 3.666 3.406 3.137 2.858 2.571 2.274 2.184 2.140 2.100 2.062 2.026 1.994 1.964 1.938 1.914 1.892 1.874 1.858 1.947 2.056 2.170 2.286 2.404 2.524 2.645 2.769 2.894 3.021 3.150 3.280 4.129 5.186 6.404
0.793 0.966 1.148 1.340 1.542 1.752 1.973 2.203 2.442 2.690 3.305 4.162 5.053 5.976 6.933 7.923 8.946 10.003 11.092 12.215 13.371 14.535 14.616 13.962 13.283 12.580 11.851 11.098 10.320 9.518 8.690 7.838 6.962 6.060 5.588 5.343 5.088 4.824 4.550 4.267 3.975 3.674 3.364 3.044 2.715 2.376 2.253 2.222 2.193 2.168 2.149 2.138 2.129 2.122 2.117 2.115 2.115 2.118 2.210 2.330 2.452 2.576 2.702 2.830 2.960 3.091 3.225 3.360 3.497 3.635 4.996 6.769 8.704
0.931 1.137 1.352 1.577 1.812 2.056 2.309 2.571 2.844 3.125 3.740 4.713 5.720 6.759 7.832 8.937 10.076 11.248 12.453 13.691 14.963 16.243 16.558 15.793 15.003 14.189 13.350 12.486 11.598 10.685 9.747 8.784 7.797 6.785 6.156 5.869 5.573 5.267 4.952 4.628 4.295 3.940 3.577 3.219 2.866 2.520 2.374 2.363 2.355 2.349 2.346 2.344 2.345 2.349 2.355 2.363 2.373 2.385 2.473 2.602 2.732 2.864 2.999 3.134 3.272 3.412 3.553 3.696 3.841 3.988 5.701 8.190 10.840
1.060 1.299 1.547 1.805 2.073 2.349 2.635 2.931 3.236 3.550 4.145 5.234 6.355 7.511 8.699 9.920 11.174 12.462 13.782 15.136 16.523 17.920 18.524 17.649 16.749 15.824 14.874 13.900 12.901 11.878 10.829 9.757 8.596 7.393 6.539 6.161 5.788 5.421 5.060 4.704 4.355 4.011 3.673 3.340 3.014 2.693 2.526 2.526 2.528 2.532 2.539 2.548 2.559 2.573 2.589 2.607 2.628 2.651 2.735 2.871 3.010 3.150 3.292 3.436 3.582 3.730 3.879 4.031 4.184 4.339 6.245 9.449 12.815
1.180 1.452 1.733 2.024 2.324 2.634 2.953 3.281 3.619 3.966 4.518 5.722 6.960 8.230 9.534 10.871 12.241 13.644 15.080 16.549 18.051 19.564 20.517 19.339 18.026 16.737 15.472 14.232 13.015 11.822 10.653 9.508 8.387 7.290 6.424 6.071 5.724 5.383 5.047 4.717 4.393 4.075 3.762 3.456 3.155 2.860 2.676 2.686 2.698 2.713 2.730 2.749 2.771 2.795 2.821 2.849 2.880 2.913 2.994 3.139 3.285 3.434 3.584 3.736 3.890 4.046 4.203 4.363 4.524 4.687 6.627 10.546 14.626
1.291 1.596 1.910 2.234 2.567 2.909 3.261 3.622 3.993 4.373 4.860 6.180 7.533 8.919 10.338 11.770 12.947 14.102 15.234 16.342 17.428 18.517 19.375 18.145 16.939 15.757 14.599 13.464 12.354 11.268 10.206 9.167 8.153 7.162 6.302 5.975 5.654 5.338 5.028 4.724 4.425 4.133 3.846 3.565 3.290 3.020 2.823 2.844 2.866 2.891 2.918 2.948 2.979 3.013 3.050 3.088 3.129 3.173 3.251 3.404 3.558 3.715 3.873 4.033 4.195 4.359 4.525 4.693 4.862 5.033 6.848 11.481 16.275
1.393 1.731 2.078 2.434 2.800 3.175 3.560 3.954 4.338 4.625 4.902 6.094 7.284 8.451 9.595 10.716 11.814 12.890 13.942 14.971 15.977 16.985 17.999 16.927 15.827 14.751 13.700 12.672 11.668 10.688 9.732 8.801 7.893 7.008 6.175 5.873 5.577 5.287 5.003 4.724 4.451 4.184 3.923 3.668 3.418 3.174 2.968 2.998 3.031 3.066 3.104 3.143 3.185 3.229 3.276 3.325 3.376 3.429 3.505 3.666 3.829 3.994 4.160 4.329 4.499 4.671 4.844 5.020 5.197 5.377 6.907 12.255 17.762
1.486 1.844 2.167 2.479 2.782 3.074 3.357 3.629 3.891 4.143 4.385 5.381 6.491 7.579 8.643 9.685 10.703 11.699 12.672 13.621 14.548 15.476 16.410 15.683 14.690 13.721 12.775 11.854 10.957 10.083 9.234 8.408 7.606 6.829 6.075 5.765 5.495 5.230 4.972 4.719 4.471 4.230 3.994 3.764 3.540 3.322 3.110 3.151 3.194 3.239 3.286 3.336 3.388 3.443 3.500 3.559 3.620 3.684 3.758 3.927 4.098 4.270 4.445 4.621 4.800 4.980 5.161 5.345 5.531 5.718 6.806 12.867 19.087
1.355 1.652 1.940 2.218 2.485 2.743 2.990 3.227 3.454 3.671 3.878 4.690 5.721 6.729 7.713 8.676 9.615 10.531 11.424 12.294 13.141 13.990 14.843 14.414 13.528 12.665 11.826 11.011 10.220 9.453 8.709 7.990 7.295 6.623 5.975 5.651 5.406 5.167 4.934 4.707 4.485 4.269 4.059 3.855 3.656 3.463 3.276 3.300 3.353 3.409 3.467 3.527 3.589 3.654 3.720 3.790 3.861 3.935 4.011 4.185 4.364 4.545 4.727 4.912 5.098 5.286 5.476 5.668 5.861 6.450 7.893 15.488 23.140
1.208 1.471 1.723 1.966 2.198 2.421 2.633 2.835 3.027 3.209 3.381 4.020 4.972 5.900 6.805 7.688 8.548 9.384 10.198 10.989 11.757 12.525 13.298 13.121 12.340 11.584 10.851 10.142 9.457 8.796 8.159 7.546 6.957 6.392 5.850 5.531 5.312 5.098 4.891 4.689 4.493 4.302 4.118 3.939 3.766 3.598 3.437 3.447 3.510 3.576 3.644 3.714 3.787 3.862 3.939 4.018 4.100 4.184 4.270 4.441 4.904 5.810 6.770 7.786 8.857 9.982 11.163 12.399 13.689 15.035 16.435 23.863 31.773
1.071 1.298 1.516 1.723 1.921 2.108 2.285 2.453 2.610 2.757 2.894 3.372 4.244 5.093 5.919 6.722 7.503 8.260 8.994 9.706 10.394 11.083 11.776 11.802 11.128 10.478 9.851 9.248 8.670 8.115 7.584 7.077 6.594 6.134 5.699 5.405 5.211 5.023 4.841 4.665 4.494 4.329 4.170 4.017 3.869 3.727 3.591 3.591 3.665 3.741 3.819 4.034 4.516 5.078 5.721 6.446 7.251 8.137 9.104 10.142 11.236 12.385 13.589 14.847 16.161 17.530 18.953 20.431 21.965 23.553 25.196 32.170 40.336
0.943 1.136 1.318 1.491 1.653 1.806 1.948 2.080 2.202 2.314 2.416 2.746 3.539 4.308 5.055 5.779 6.480 7.158 7.813 8.445 9.054 9.664 10.276 10.459 9.890 9.346 8.826 8.329 7.857 7.408 6.983 6.582 6.205 5.851 5.522 5.272 5.104 4.942 4.785 4.634 4.489 4.350 4.314 4.412 4.473 4.499 4.489 4.713 5.230 5.827 6.506 7.265 8.104 9.025 10.027 11.109 12.273 13.517 14.842 16.167 17.504 18.896 20.342 21.844 23.400 25.011 26.677 28.399 30.174 32.005 33.891 40.406 48.829
0.825 0.983 1.130 1.268 1.395 1.513 1.620 1.717 1.805 1.882 1.949 2.141 2.855 3.545 4.212 4.857 5.479 6.077 6.653 7.206 7.736 8.266 8.798 9.090 8.628 8.190 7.775 7.385 7.018 6.675 6.356 6.061 5.790 5.690 5.871 6.093 6.282 6.435 6.553 6.634 6.680 6.690 6.663 6.601 6.503 6.369 6.200 6.422 7.296 8.252 9.289 10.406 11.604 12.883 14.242 15.683 17.204 18.806 20.489 22.128 23.707 25.342 27.031 28.775 30.574 32.428 34.336 36.300 38.318 40.391 42.520 48.573 57.252
0.717 0.839 0.952 1.055 1.147 1.230 1.302 1.364 1.417 1.459 1.491 1.558 2.192 2.803 3.392 3.957 4.499 5.019 5.516 5.990 6.441 6.891 7.343 7.697 7.437 7.372 7.362 7.405 7.502 7.652 7.856 8.114 8.426 8.791 9.211 9.595 9.625 9.618 9.576 9.498 9.384 9.234 9.048 8.827 8.569 8.276 7.946 8.042 9.275 10.589 11.983 13.458 15.014 16.651 18.368 20.166 22.045 24.005 26.045 28.024 29.846 31.723 33.655 35.641 37.682 39.779 41.930 44.135 46.396 48.711 51.082 56.670 65.605
0.618 0.706 0.783 0.851 0.909 0.956 0.994 1.021 1.038 1.046 1.043 1.030 1.551 2.083 2.592 3.079 3.576 4.281 4.973 5.652 6.318 6.962 7.586 8.199 8.332 8.506 8.733 9.015 9.350 9.738 10.181 10.677 11.226 11.830 12.487 13.133 13.002 12.836 12.635 12.397 12.123 11.814 11.469 11.087 10.670 10.218 9.729 9.574 11.165 12.837 14.589 16.422 18.335 20.330 22.405 24.560 26.796 29.113 31.511 33.856 35.921 38.040 40.214 42.443 44.726 47.064 49.458 51.906 54.408 56.966 59.578 64.698 73.889
0.529 0.581 0.624 0.657 0.680 0.692 0.695 0.688 0.670 0.684 0.865 1.070 1.699 2.411 3.110 3.796 4.469 5.128 5.775 6.409 7.029 7.628 8.206 8.773 9.165 9.577 10.043 10.562 11.135 11.762 12.442 13.176 13.964 14.805 15.700 16.649 16.415 16.089 15.728 15.331 14.898 14.429 13.924 13.384 12.807 12.195 11.547 11.019 12.967 14.997 17.106 19.297 21.568 23.919 26.351 28.864 31.458 34.132 36.886 39.624 41.931 44.292 46.708 49.179 51.705 54.285 56.920 59.610 62.355 65.154 68.008 72.656 82.104
0.449 0.467 0.498 0.596 0.717 0.862 1.030 1.222 1.437 1.676 1.939 2.225 2.783 3.450 4.104 4.744 5.372 5.986 6.588 7.176 7.751 8.304 8.836 9.358 9.937 10.587 11.291 12.048 12.859 13.724 14.642 15.614 16.639 17.718 18.850 20.036 19.862 19.377 18.856 18.300 17.707 17.079 16.415 15.715 14.980 14.209 13.401 12.558 14.682 17.068 19.535 22.083 24.711 27.420 30.209 33.079 36.029 39.060 42.171 45.328 47.877 50.480 53.138 55.851 58.619 61.441 64.318 67.250 70.236 73.277 76.373 80.546 90.249
0.606 0.739 0.895 1.074 1.277 1.504 1.754 2.027 2.324 2.645 2.989 3.357 3.878 4.499 5.108 5.703 6.285 6.854 7.410 7.954 8.484 8.991 9.477 9.953 10.648 11.536 12.478 13.473 14.521 15.623 16.779 17.988 19.251 20.568 21.938 23.361 23.343 22.699 22.019 21.303 20.552 19.765 18.942 18.083 17.188 16.258 15.291 14.290 16.309 19.052 21.876 24.781 27.766 30.831 33.977 37.204 40.511 43.898 47.366 50.915 53.759 56.604 59.504 62.459 65.468 68.532 71.651 74.824 78.052 81.335 84.672 87.732 95.852
0.817 1.031 1.269 1.530 1.815 2.123 2.455 2.810 3.188 3.591 4.016 4.466 4.983 5.559 6.122 6.672 7.209 7.733 8.244 8.742 9.227 9.688 10.129 10.559 11.298 12.423 13.602 14.835 16.121 17.461 18.854 20.301 21.801 23.355 24.962 26.623 26.860 26.056 25.217 24.342 23.432 22.485 21.503 20.485 19.432 18.342 17.217 16.056 17.848 20.948 24.129 27.390 30.732 34.154 37.656 41.239 44.903 48.647 52.471 56.376 59.577 62.664 65.449 67.502 69.481 71.386 73.216 74.971 76.652 78.259 79.791 81.249 88.041
1.005 1.301 1.621 1.963 2.330 2.719 3.133 3.570 4.030 4.513 5.021 5.551 6.099 6.629 7.147 7.652 8.144 8.622 9.088 9.541 9.980 10.397 10.792 11.176 11.886 13.249 14.666 16.136 17.659 19.236 20.867 22.551 24.288 26.079 27.923 29.821 30.410 29.448 28.450 27.416 26.347 25.241 24.100 22.924 21.711 20.463 19.179 17.859 19.299 22.756 26.293 29.911 33.609 37.477 41.395 45.020 48.352 51.391 54.137 56.591 58.624 60.499 62.298 64.024 65.675 67.251 68.753 70.181 71.534 72.813 74.018 75.148 80.453
