DATA/SHG/ECMWF/20170628/EN-10/20170711.en-10.asc
ncols        190
nrows        64
xllcorner    -5100000.000000000000
yllcorner    4130000.000000000000
cellsize     10000.000000000000
NODATA_value  -99999.000
[rows 0 to 31 of 64, columns 73 to 145 of 190]
0.155 0.139 0.124 0.110 0.096 0.082 0.068 0.055 0.045 0.040 0.036 0.032 0.028 0.024 0.020 0.016 0.013 0.009 0.006 0.002 0.001 0.004 0.007 0.010 0.013 0.017 0.020 0.024 0.028 0.032 0.036 0.040 0.047 0.063 0.078 0.093 0.107 0.121 0.134 0.146 0.158 0.170 0.181 0.191 0.195 0.181 0.167 0.154 0.141 0.128 0.116 0.103 0.092 0.080 0.069 0.058 0.059 0.094 0.131 0.170 0.209 0.250 0.293 0.337 0.382 0.429 0.477 0.526 0.573 0.611 0.649 0.688 0.727
0.142 0.128 0.114 0.101 0.088 0.075 0.063 0.051 0.040 0.036 0.032 0.029 0.025 0.021 0.018 0.015 0.011 0.008 0.005 0.002 0.000 0.004 0.007 0.011 0.015 0.019 0.023 0.028 0.032 0.036 0.041 0.046 0.052 0.065 0.078 0.090 0.102 0.113 0.124 0.134 0.143 0.152 0.161 0.169 0.173 0.161 0.148 0.137 0.125 0.114 0.102 0.092 0.081 0.071 0.062 0.052 0.050 0.092 0.135 0.179 0.225 0.273 0.321 0.371 0.423 0.476 0.530 0.586 0.641 0.681 0.721 0.762 0.804
0.128 0.115 0.103 0.090 0.079 0.067 0.056 0.046 0.036 0.032 0.028 0.025 0.022 0.019 0.016 0.013 0.010 0.007 0.005 0.002 0.000 0.004 0.008 0.012 0.017 0.022 0.026 0.031 0.036 0.041 0.046 0.052 0.057 0.068 0.078 0.088 0.097 0.106 0.114 0.122 0.129 0.135 0.141 0.147 0.151 0.140 0.129 0.119 0.109 0.099 0.089 0.080 0.071 0.062 0.054 0.046 0.039 0.087 0.137 0.188 0.240 0.293 0.348 0.405 0.463 0.522 0.582 0.645 0.704 0.740 0.776 0.811 0.845
0.113 0.102 0.091 0.080 0.069 0.059 0.049 0.040 0.031 0.028 0.024 0.022 0.019 0.016 0.013 0.011 0.009 0.006 0.004 0.002 0.000 0.004 0.009 0.014 0.019 0.024 0.029 0.034 0.040 0.046 0.051 0.057 0.063 0.071 0.079 0.087 0.093 0.100 0.105 0.111 0.115 0.119 0.123 0.126 0.128 0.119 0.110 0.101 0.092 0.084 0.075 0.067 0.060 0.053 0.046 0.039 0.033 0.082 0.137 0.199 0.265 0.329 0.391 0.450 0.508 0.564 0.618 0.669 0.719 0.753 0.786 0.818 0.849
0.098 0.088 0.078 0.069 0.060 0.051 0.042 0.034 0.027 0.023 0.020 0.018 0.015 0.013 0.011 0.009 0.007 0.005 0.003 0.002 0.000 0.004 0.009 0.015 0.020 0.026 0.032 0.038 0.044 0.050 0.056 0.063 0.069 0.075 0.081 0.086 0.090 0.094 0.097 0.100 0.102 0.103 0.105 0.105 0.105 0.098 0.090 0.083 0.075 0.068 0.069 0.077 0.086 0.095 0.104 0.113 0.123 0.175 0.236 0.295 0.352 0.407 0.460 0.511 0.559 0.606 0.651 0.694 0.735 0.767 0.797 0.826 0.854
0.083 0.074 0.066 0.057 0.050 0.042 0.035 0.028 0.022 0.018 0.016 0.014 0.012 0.010 0.008 0.007 0.005 0.004 0.003 0.001 0.000 0.003 0.009 0.015 0.022 0.028 0.034 0.041 0.047 0.054 0.061 0.068 0.075 0.080 0.083 0.085 0.087 0.089 0.089 0.090 0.089 0.094 0.105 0.117 0.132 0.142 0.150 0.159 0.167 0.176 0.185 0.195 0.205 0.216 0.227 0.238 0.250 0.290 0.342 0.392 0.440 0.486 0.531 0.573 0.613 0.651 0.687 0.721 0.753 0.782 0.808 0.834 0.859
0.067 0.060 0.052 0.046 0.039 0.033 0.027 0.022 0.017 0.014 0.012 0.010 0.009 0.007 0.006 0.005 0.004 0.003 0.002 0.001 0.000 0.003 0.009 0.016 0.023 0.030 0.037 0.044 0.051 0.058 0.066 0.073 0.080 0.084 0.087 0.092 0.099 0.109 0.120 0.134 0.149 0.167 0.187 0.209 0.233 0.249 0.259 0.269 0.279 0.290 0.301 0.313 0.325 0.337 0.350 0.363 0.376 0.407 0.451 0.492 0.531 0.568 0.603 0.637 0.668 0.697 0.725 0.750 0.773 0.797 0.820 0.843 0.865
0.051 0.045 0.039 0.034 0.028 0.024 0.019 0.015 0.012 0.009 0.008 0.006 0.005 0.004 0.003 0.002 0.002 0.001 0.001 0.000 0.000 0.002 0.009 0.017 0.024 0.031 0.038 0.045 0.051 0.057 0.062 0.067 0.072 0.079 0.092 0.106 0.123 0.142 0.162 0.185 0.210 0.237 0.266 0.298 0.331 0.356 0.367 0.379 0.391 0.403 0.416 0.430 0.443 0.457 0.472 0.486 0.502 0.526 0.561 0.593 0.623 0.652 0.678 0.703 0.725 0.746 0.764 0.781 0.795 0.812 0.833 0.853 0.872
0.035 0.030 0.025 0.021 0.017 0.014 0.011 0.008 0.006 0.004 0.003 0.002 0.001 0.001 0.000 0.000 0.002 0.003 0.004 0.005 0.006 0.009 0.015 0.022 0.028 0.033 0.039 0.044 0.049 0.053 0.057 0.061 0.065 0.073 0.095 0.118 0.144 0.172 0.202 0.235 0.269 0.305 0.344 0.384 0.427 0.462 0.475 0.488 0.502 0.516 0.531 0.546 0.561 0.577 0.593 0.610 0.627 0.647 0.673 0.696 0.718 0.737 0.755 0.770 0.784 0.796 0.805 0.813 0.819 0.828 0.846 0.863 0.880
0.018 0.015 0.011 0.009 0.006 0.004 0.002 0.001 0.001 0.002 0.004 0.006 0.007 0.008 0.010 0.011 0.012 0.013 0.014 0.015 0.015 0.016 0.022 0.027 0.031 0.036 0.040 0.043 0.047 0.050 0.053 0.056 0.058 0.064 0.095 0.128 0.163 0.201 0.240 0.282 0.325 0.371 0.419 0.468 0.520 0.567 0.582 0.597 0.612 0.628 0.645 0.661 0.679 0.696 0.714 0.732 0.751 0.770 0.786 0.801 0.814 0.825 0.833 0.840 0.845 0.848 0.849 0.848 0.845 0.845 0.860 0.874 0.888
0.001 0.002 0.005 0.008 0.011 0.013 0.014 0.015 0.015 0.015 0.016 0.018 0.019 0.020 0.021 0.022 0.022 0.023 0.023 0.024 0.024 0.024 0.028 0.032 0.035 0.038 0.041 0.043 0.046 0.047 0.049 0.050 0.051 0.053 0.093 0.136 0.180 0.227 0.276 0.326 0.379 0.434 0.491 0.550 0.612 0.672 0.688 0.705 0.722 0.740 0.758 0.777 0.795 0.815 0.834 0.854 0.875 0.894 0.902 0.908 0.912 0.914 0.914 0.912 0.908 0.902 0.894 0.884 0.872 0.863 0.875 0.886 0.896
0.027 0.029 0.031 0.032 0.033 0.033 0.033 0.032 0.030 0.028 0.029 0.030 0.031 0.031 0.032 0.032 0.033 0.033 0.033 0.033 0.033 0.033 0.035 0.037 0.039 0.041 0.043 0.044 0.045 0.045 0.045 0.045 0.045 0.044 0.089 0.141 0.195 0.251 0.309 0.369 0.431 0.495 0.561 0.630 0.700 0.773 0.794 0.813 0.832 0.851 0.871 0.891 0.912 0.933 0.954 0.976 0.998 1.020 1.020 1.017 1.012 1.005 0.996 0.985 0.973 0.958 0.941 0.923 0.920 0.936 0.986 1.038 1.091
0.057 0.058 0.057 0.057 0.056 0.054 0.052 0.049 0.046 0.042 0.041 0.042 0.042 0.043 0.043 0.043 0.043 0.043 0.043 0.043 0.042 0.042 0.042 0.043 0.044 0.044 0.045 0.044 0.044 0.043 0.042 0.041 0.039 0.037 0.083 0.144 0.207 0.272 0.339 0.409 0.480 0.554 0.629 0.707 0.787 0.869 0.899 0.920 0.941 0.962 0.983 1.005 1.027 1.050 1.073 1.097 1.121 1.145 1.139 1.146 1.172 1.196 1.217 1.236 1.252 1.266 1.278 1.287 1.293 1.298 1.351 1.410 1.471
0.087 0.086 0.084 0.082 0.079 0.075 0.071 0.067 0.062 0.056 0.054 0.054 0.054 0.054 0.054 0.054 0.054 0.053 0.053 0.052 0.051 0.051 0.050 0.050 0.049 0.048 0.047 0.045 0.044 0.041 0.039 0.036 0.033 0.030 0.074 0.144 0.217 0.291 0.368 0.446 0.527 0.610 0.695 0.782 0.871 0.962 1.004 1.026 1.049 1.072 1.125 1.205 1.281 1.350 1.415 1.474 1.527 1.576 1.601 1.619 1.634 1.647 1.657 1.665 1.671 1.674 1.675 1.673 1.669 1.663 1.714 1.781 1.849
0.118 0.115 0.111 0.107 0.102 0.097 0.091 0.085 0.078 0.071 0.067 0.067 0.066 0.066 0.066 0.065 0.064 0.064 0.063 0.062 0.061 0.059 0.058 0.056 0.054 0.052 0.050 0.047 0.044 0.040 0.036 0.032 0.028 0.023 0.063 0.142 0.224 0.308 0.394 0.482 0.572 0.698 0.862 1.032 1.207 1.388 1.512 1.590 1.663 1.730 1.792 1.848 1.899 1.945 1.985 2.020 2.049 2.073 2.086 2.093 2.097 2.100 2.099 2.096 2.091 2.084 2.074 2.061 2.047 2.029 2.075 2.149 2.225
0.150 0.145 0.139 0.133 0.126 0.119 0.112 0.104 0.095 0.086 0.080 0.079 0.078 0.078 0.077 0.076 0.075 0.074 0.073 0.071 0.070 0.068 0.066 0.063 0.060 0.056 0.052 0.048 0.044 0.039 0.034 0.029 0.050 0.098 0.189 0.339 0.494 0.655 0.822 0.994 1.172 1.355 1.544 1.738 1.938 2.143 2.280 2.334 2.383 2.426 2.464 2.496 2.523 2.544 2.560 2.571 2.576 2.576 2.573 2.569 2.563 2.554 2.543 2.530 2.514 2.495 2.475 2.451 2.426 2.398 2.434 2.515 2.598
0.181 0.174 0.167 0.159 0.151 0.142 0.133 0.123 0.112 0.101 0.092 0.092 0.091 0.090 0.088 0.087 0.086 0.084 0.083 0.081 0.079 0.077 0.075 0.084 0.107 0.136 0.171 0.210 0.255 0.306 0.362 0.424 0.491 0.563 0.667 0.842 1.022 1.207 1.399 1.595 1.797 2.005 2.218 2.437 2.661 2.891 3.054 3.083 3.108 3.127 3.140 3.148 3.151 3.148 3.140 3.127 3.108 3.084 3.062 3.047 3.030 3.011 2.989 2.964 2.938 2.909 2.877 2.843 2.807 2.769 2.791 2.879 2.970
0.213 0.205 0.196 0.186 0.176 0.165 0.154 0.142 0.130 0.117 0.105 0.104 0.103 0.101 0.100 0.099 0.111 0.127 0.147 0.171 0.199 0.228 0.259 0.301 0.349 0.402 0.460 0.524 0.593 0.668 0.748 0.834 0.925 1.021 1.139 1.338 1.543 1.753 1.968 2.189 2.416 2.648 2.886 3.129 3.378 3.632 3.832 3.837 3.837 3.832 3.822 3.806 3.784 3.757 3.725 3.688 3.645 3.596 3.552 3.527 3.499 3.469 3.436 3.401 3.364 3.324 3.282 3.237 3.190 3.141 3.145 3.241 3.339
0.246 0.236 0.225 0.213 0.201 0.189 0.176 0.162 0.148 0.134 0.120 0.126 0.136 0.149 0.167 0.189 0.215 0.245 0.279 0.317 0.359 0.402 0.446 0.512 0.584 0.661 0.743 0.831 0.925 1.024 1.128 1.238 1.353 1.473 1.604 1.827 2.056 2.291 2.531 2.777 3.028 3.285 3.547 3.815 4.088 4.367 4.614 4.596 4.572 4.543 4.508 4.468 4.422 4.371 4.315 4.253 4.186 4.114 4.044 4.008 3.970 3.929 3.886 3.840 3.792 3.741 3.688 3.633 3.575 3.515 3.497 3.601 3.706
0.279 0.265 0.247 0.231 0.215 0.200 0.186 0.173 0.161 0.150 0.140 0.156 0.180 0.208 0.239 0.275 0.315 0.359 0.407 0.459 0.514 0.572 0.630 0.717 0.812 0.914 1.020 1.132 1.250 1.373 1.501 1.635 1.774 1.919 2.069 2.310 2.564 2.823 3.087 3.358 3.633 3.914 4.201 4.493 4.791 5.094 5.402 5.359 5.311 5.258 5.199 5.135 5.065 4.990 4.910 4.824 4.733 4.636 4.539 4.492 4.443 4.391 4.337 4.280 4.222 4.160 4.097 4.031 3.962 3.892 3.847 3.958 4.071
0.269 0.254 0.240 0.226 0.214 0.202 0.192 0.182 0.174 0.166 0.159 0.182 0.220 0.262 0.308 0.357 0.411 0.469 0.531 0.597 0.667 0.738 0.811 0.915 1.035 1.160 1.291 1.427 1.568 1.715 1.868 2.026 2.189 2.357 2.531 2.786 3.064 3.348 3.637 3.931 4.232 4.537 4.848 5.165 5.487 5.815 6.148 6.127 6.055 5.977 5.895 5.806 5.713 5.613 5.509 5.399 5.284 5.163 5.037 4.977 4.917 4.855 4.790 4.723 4.653 4.581 4.507 4.430 4.351 4.284 4.246 4.449 4.694
0.254 0.242 0.231 0.221 0.212 0.204 0.197 0.190 0.185 0.181 0.178 0.205 0.257 0.313 0.372 0.436 0.504 0.576 0.651 0.731 0.815 0.900 0.987 1.106 1.250 1.400 1.555 1.715 1.880 2.051 2.228 2.410 2.597 2.790 2.988 3.255 3.558 3.866 4.179 4.499 4.823 5.153 5.489 5.830 6.176 6.528 6.886 6.900 6.804 6.702 6.595 6.483 6.365 6.242 6.113 5.979 5.840 5.695 5.545 5.464 5.405 5.360 5.314 5.268 5.220 5.171 5.122 5.071 5.020 4.968 4.914 5.276 5.707
0.238 0.229 0.221 0.215 0.209 0.204 0.200 0.198 0.196 0.195 0.195 0.224 0.290 0.359 0.433 0.511 0.593 0.678 0.768 0.862 0.959 1.059 1.160 1.292 1.460 1.633 1.812 1.996 2.186 2.381 2.582 2.787 2.999 3.215 3.437 3.718 4.045 4.377 4.715 5.059 5.408 5.762 6.122 6.488 6.859 7.235 7.617 7.677 7.557 7.431 7.300 7.155 7.001 6.855 6.716 6.585 6.461 6.345 6.237 6.175 6.127 6.078 6.028 5.977 5.925 5.872 5.818 5.764 5.708 5.651 5.593 6.060 6.677
0.220 0.215 0.211 0.208 0.205 0.204 0.203 0.204 0.205 0.208 0.211 0.239 0.319 0.403 0.490 0.582 0.678 0.777 0.881 0.989 1.100 1.214 1.328 1.471 1.663 1.860 2.063 2.271 2.485 2.704 2.929 3.159 3.394 3.634 3.881 4.174 4.525 4.882 5.244 5.612 5.986 6.365 6.740 7.099 7.449 7.792 8.127 8.198 8.047 7.904 7.769 7.641 7.520 7.408 7.303 7.206 7.117 7.035 6.961 6.903 6.850 6.797 6.742 6.687 6.631 6.573 6.515 6.456 6.396 6.334 6.272 6.801 7.605
0.202 0.200 0.199 0.200 0.200 0.202 0.205 0.209 0.214 0.220 0.227 0.251 0.345 0.442 0.544 0.649 0.759 0.872 0.990 1.112 1.237 1.365 1.493 1.643 1.859 2.081 2.308 2.540 2.778 3.021 3.269 3.523 3.782 4.058 4.355 4.680 5.058 5.428 5.790 6.145 6.493 6.832 7.164 7.489 7.805 8.115 8.416 8.539 8.422 8.313 8.211 8.117 8.031 7.953 7.882 7.819 7.763 7.715 7.675 7.630 7.573 7.515 7.456 7.397 7.336 7.274 7.212 7.148 7.083 7.018 6.951 7.499 8.489
0.183 0.185 0.187 0.191 0.195 0.200 0.206 0.214 0.222 0.231 0.241 0.259 0.366 0.478 0.593 0.713 0.836 0.964 1.095 1.231 1.370 1.512 1.655 1.810 2.068 2.358 2.650 2.943 3.237 3.533 3.830 4.129 4.429 4.731 5.034 5.348 5.692 6.028 6.357 6.678 6.991 7.297 7.596 7.886 8.169 8.445 8.713 8.871 8.788 8.713 8.645 8.585 8.533 8.488 8.452 8.422 8.401 8.387 8.381 8.357 8.296 8.234 8.171 8.106 8.041 7.975 7.908 7.840 7.771 7.701 7.631 8.155 9.331
0.164 0.168 0.174 0.181 0.188 0.197 0.207 0.217 0.229 0.241 0.255 0.269 0.384 0.510 0.639 0.773 0.917 1.114 1.318 1.528 1.744 1.958 2.170 2.386 2.680 2.976 3.274 3.574 3.875 4.177 4.481 4.786 5.093 5.402 5.711 6.023 6.333 6.636 6.931 7.218 7.498 7.770 8.035 8.292 8.541 8.783 9.017 9.194 9.145 9.104 9.070 9.045 9.026 9.016 9.013 9.018 9.030 9.050 9.078 9.085 9.019 8.952 8.885 8.816 8.747 8.676 8.605 8.533 8.459 8.385 8.310 8.768 10.130
0.143 0.151 0.160 0.170 0.181 0.193 0.206 0.220 0.235 0.261 0.326 0.392 0.556 0.750 0.950 1.156 1.369 1.589 1.815 2.047 2.286 2.523 2.757 2.996 3.289 3.592 3.896 4.202 4.510 4.819 5.129 5.441 5.755 6.069 6.386 6.703 6.982 7.250 7.512 7.765 8.012 8.250 8.481 8.704 8.920 9.128 9.329 9.509 9.494 9.487 9.487 9.495 9.511 9.534 9.565 9.604 9.650 9.704 9.766 9.812 9.742 9.671 9.599 9.526 9.453 9.378 9.302 9.225 9.148 9.069 8.989 9.338 10.886
0.121 0.133 0.161 0.226 0.292 0.357 0.422 0.487 0.553 0.618 0.683 0.748 0.912 1.128 1.351 1.580 1.815 2.057 2.305 2.560 2.821 3.080 3.337 3.599 3.895 4.205 4.516 4.829 5.143 5.458 5.775 6.093 6.413 6.735 7.057 7.382 7.638 7.873 8.100 8.320 8.533 8.738 8.935 9.125 9.307 9.481 9.648 9.807 9.835 9.861 9.895 9.937 9.987 10.044 10.109 10.182 10.262 10.350 10.445 10.540 10.465 10.390 10.314 10.236 10.158 10.079 9.999 9.918 9.836 9.753 9.669 9.866 11.599
0.388 0.453 0.518 0.584 0.649 0.714 0.779 0.844 0.909 0.974 1.039 1.104 1.262 1.500 1.745 1.996 2.254 2.518 2.789 3.066 3.349 3.631 3.911 4.195 4.500 4.816 5.133 5.452 5.773 6.095 6.418 6.743 7.069 7.397 7.727 8.057 8.301 8.503 8.696 8.883 9.062 9.233 9.397 9.553 9.701 9.842 9.975 10.101 10.166 10.227 10.295 10.371 10.454 10.545 10.644 10.751 10.865 10.987 11.116 11.253 11.189 11.109 11.028 10.947 10.864 10.781 10.696 10.611 10.524 10.437 10.349 10.317 12.110
0.745 0.811 0.876 0.941 1.006 1.070 1.135 1.200 1.265 1.330 1.395 1.459 1.605 1.866 2.133 2.407 2.687 2.973 3.266 3.566 3.872 4.176 4.478 4.785 5.101 5.424 5.748 6.073 6.400 6.729 7.059 7.390 7.723 8.057 8.393 8.731 8.972 9.140 9.300 9.453 9.598 9.735 9.866 9.988 10.103 10.210 10.310 10.402 10.490 10.584 10.686 10.796 10.913 11.038 11.171 11.311 11.459 11.614 11.778 11.949 11.912 11.828 11.713 11.540 11.366 11.191 11.014 10.836 10.657 10.477 10.295 10.112 11.734
1.103 1.167 1.232 1.297 1.362 1.427 1.491 1.556 1.621 1.685 1.750 1.814 1.942 2.225 2.515 2.811 3.113 3.422 3.737 4.059 4.387 4.714 5.039 5.368 5.700 6.029 6.360 6.692 7.026 7.360 7.697 8.035 8.374 8.715 9.057 9.401 9.650 9.784 9.911 10.030 10.142 10.246 10.342 10.431 10.512 10.586 10.652 10.711 10.804 10.933 11.068 11.212 11.363 11.510 11.626 11.735 11.837 11.933 12.022 12.104 12.003 11.827 11.649 11.471 11.291 11.111 10.929 10.745 10.561 10.376 10.189 10.001 11.370
