DATA/SHG/ECMWF/20170628/EN-10/20170703.en-10.asc
ncols        190
nrows        64
xllcorner    -5100000.000000000000
yllcorner    4130000.000000000000
cellsize     10000.000000000000
NODATA_value  -99999.000
[rows 32 to 63 of 64, columns 0 to 72 of 190]
9.711 10.625 10.551 10.333 10.070 9.761 9.406 9.005 8.558 8.065 7.527 6.942 6.312 5.636 5.298 4.966 4.620 4.258 3.881 3.490 3.083 2.661 2.224 1.773 1.306 0.824 2.058 3.302 4.528 5.737 6.927 8.100 9.254 10.391 11.509 12.610 13.693 14.725 14.195 13.683 13.192 12.720 12.267 11.834 11.420 11.026 10.652 10.302 9.976 9.721 10.292 10.854 11.408 11.952 12.488 13.016 13.534 14.044 14.545 15.038 15.522 15.895 15.267 14.626 13.973 13.307 12.629 11.938 11.235 10.519 9.791 9.050 8.297
11.998 13.066 13.076 12.698 12.274 11.803 11.287 10.726 10.118 9.464 8.765 8.020 7.228 6.392 5.920 5.536 5.137 4.722 4.293 3.849 3.390 2.915 2.426 1.922 1.403 0.868 1.783 2.965 4.129 5.275 6.403 7.513 8.606 9.680 10.736 11.775 12.795 13.798 13.515 13.072 12.649 12.247 11.866 11.507 11.170 10.855 10.561 10.289 10.038 9.809 10.286 10.818 11.342 11.856 12.362 12.859 13.348 13.828 14.299 14.761 15.215 15.660 15.036 14.352 13.655 12.946 12.224 11.490 10.743 9.984 9.212 8.427 7.631
14.233 15.455 15.649 15.110 14.525 13.894 13.217 12.494 11.726 10.911 10.051 9.145 8.194 7.196 6.558 6.121 5.669 5.202 4.720 4.224 3.712 3.185 2.643 2.087 1.515 0.928 1.526 2.646 3.748 4.832 5.898 6.946 7.976 9.027 10.043 11.020 11.958 12.857 12.805 12.435 12.086 11.760 11.455 11.171 10.909 10.669 10.451 10.254 10.079 9.925 10.289 10.791 11.284 11.769 12.245 12.712 13.170 13.620 14.061 14.494 14.917 15.332 14.818 14.090 13.350 12.597 11.832 11.054 10.263 9.461 8.645 7.818 6.977
16.416 17.792 18.269 17.569 16.823 16.031 15.194 14.311 13.381 12.406 11.386 10.319 9.207 8.049 7.211 6.721 6.217 5.698 5.163 4.614 4.050 3.471 2.876 2.267 1.643 1.009 1.411 2.564 3.678 4.753 5.789 6.786 7.745 8.664 9.544 10.386 11.189 11.952 12.070 11.776 11.503 11.252 11.022 10.814 10.627 10.462 10.319 10.197 10.097 10.019 10.301 10.773 11.236 11.690 12.136 12.573 13.001 13.421 13.832 14.234 14.628 15.013 14.612 13.841 13.057 12.261 11.452 10.631 9.797 8.950 8.092 7.220 6.337
18.548 20.078 20.936 20.076 19.169 18.217 17.218 16.174 15.085 13.949 12.768 11.541 10.269 8.950 7.879 7.337 6.780 6.208 5.613 4.990 4.396 3.832 3.298 2.794 2.320 1.876 2.036 3.054 4.032 4.972 5.873 6.735 7.558 8.342 9.087 9.793 10.460 11.089 11.315 11.096 10.898 10.722 10.568 10.435 10.324 10.234 10.166 10.120 10.095 10.091 10.321 10.762 11.195 11.620 12.036 12.443 12.841 13.231 13.611 13.984 14.347 14.702 14.419 13.604 12.777 11.937 11.085 10.220 9.343 8.453 7.551 6.636 5.709
20.628 22.311 23.651 22.629 21.562 20.449 19.290 18.086 16.836 15.540 14.199 12.727 11.077 9.476 8.097 7.458 6.849 6.270 5.720 5.201 4.711 4.251 3.822 3.422 3.051 2.711 2.701 3.583 4.427 5.231 5.996 6.723 7.411 8.059 8.669 9.241 9.773 10.266 10.539 10.395 10.273 10.172 10.093 10.035 9.999 9.984 9.992 10.020 10.071 10.142 10.349 10.761 11.164 11.558 11.944 12.321 12.689 13.049 13.400 13.742 14.076 14.400 14.239 13.380 12.509 11.626 10.730 9.822 8.901 7.968 7.022 6.064 5.094
22.656 24.493 26.374 25.230 23.730 21.902 20.125 18.398 16.721 15.095 13.519 11.994 10.519 9.094 7.756 7.221 6.716 6.241 5.795 5.380 4.994 4.639 4.313 4.017 3.750 3.514 3.406 4.153 4.861 5.530 6.160 6.751 7.304 7.818 8.292 8.728 9.126 9.484 9.742 9.673 9.626 9.600 9.596 9.614 9.653 9.714 9.796 9.900 10.025 10.172 10.386 10.768 11.141 11.505 11.860 12.207 12.546 12.875 13.196 13.509 13.812 14.107 14.070 13.168 12.254 11.327 10.388 9.437 8.472 7.496 6.691 6.067 5.517
22.518 23.648 24.705 23.416 21.714 20.062 18.460 16.909 15.408 13.957 12.557 11.207 9.908 8.659 7.460 6.952 6.551 6.180 5.839 5.527 5.246 4.994 4.772 4.580 4.417 4.285 4.182 4.762 5.334 5.868 6.363 6.820 7.237 7.616 7.956 8.257 8.519 8.742 8.924 8.930 8.958 9.008 9.079 9.171 9.286 9.421 9.579 9.757 9.958 10.180 10.431 10.783 11.126 11.460 11.786 12.103 12.411 12.711 13.002 13.284 13.558 13.823 13.915 12.972 12.090 11.281 10.545 9.882 9.292 8.775 8.331 7.960 7.662
20.323 21.198 21.998 21.172 19.646 18.169 16.743 15.368 14.042 12.767 11.542 10.368 9.244 8.170 7.147 6.652 6.355 6.088 5.851 5.643 5.465 5.317 5.199 5.110 5.052 5.023 5.024 5.410 5.848 6.246 6.607 6.928 7.210 7.454 7.659 7.825 7.952 8.041 8.091 8.167 8.270 8.394 8.540 8.708 8.897 9.108 9.340 9.594 9.869 10.166 10.485 10.807 11.120 11.424 11.719 12.006 12.237 12.449 12.659 12.866 13.072 13.274 13.473 12.771 12.143 11.587 11.103 10.693 10.356 10.092 9.900 9.782 9.736
18.212 18.830 19.375 18.877 17.526 16.225 14.974 13.774 12.624 11.524 10.475 9.476 8.527 7.628 6.780 6.321 6.128 5.964 5.831 5.727 5.653 5.609 5.594 5.609 5.655 5.729 5.834 6.098 6.401 6.664 6.889 7.076 7.223 7.332 7.402 7.434 7.426 7.380 7.295 7.382 7.560 7.759 7.981 8.223 8.487 8.773 9.080 9.409 9.759 10.073 10.378 10.613 10.829 11.042 11.253 11.462 11.669 11.873 12.075 12.274 12.472 12.667 12.860 12.501 12.125 11.822 11.591 11.434 11.349 11.337 11.398 11.532 11.739
16.184 16.547 16.836 16.530 15.354 14.229 13.153 12.128 11.154 10.229 9.355 8.531 7.757 7.034 6.360 5.958 5.869 5.809 5.779 5.779 5.809 5.868 5.957 6.076 6.225 6.404 6.612 6.825 6.993 7.122 7.212 7.264 7.277 7.251 7.186 7.083 6.940 6.760 6.540 6.576 6.829 7.104 7.402 7.703 8.005 8.308 8.612 8.918 9.225 9.533 9.842 10.086 10.294 10.500 10.703 10.904 11.103 11.299 11.493 11.685 11.875 12.062 12.247 12.161 12.037 11.987 12.009 12.104 12.272 12.512 12.826 13.212 13.671
14.240 14.347 14.381 14.131 13.130 12.180 11.280 10.430 9.631 8.881 8.182 7.533 6.934 6.386 5.887 5.564 5.578 5.622 5.696 5.800 5.933 6.096 6.289 6.511 6.764 7.046 7.358 7.592 7.625 7.619 7.575 7.491 7.369 7.209 7.008 6.730 6.459 6.192 5.932 5.922 6.223 6.526 6.830 7.135 7.441 7.749 8.058 8.368 8.680 8.992 9.306 9.563 9.763 9.960 10.156 10.349 10.540 10.729 10.915 11.099 11.281 11.460 11.637 11.751 11.880 12.082 12.356 12.703 13.123 13.616 14.182 14.820 15.532
12.379 12.231 12.009 11.680 10.855 10.080 9.355 8.680 8.055 7.481 6.957 6.483 6.059 5.685 5.362 5.139 5.257 5.404 5.582 5.789 6.026 6.292 6.589 6.915 7.270 7.656 8.071 8.371 8.073 7.781 7.495 7.215 6.940 6.671 6.407 6.149 5.897 5.650 5.409 5.335 5.641 5.948 6.257 6.566 6.877 7.190 7.503 7.818 8.134 8.451 8.770 9.042 9.234 9.424 9.611 9.797 9.980 10.161 10.339 10.516 10.690 10.861 11.031 11.271 11.653 12.107 12.633 13.233 13.905 14.650 15.468 16.358 17.321
10.601 10.198 9.721 9.171 8.528 7.928 7.378 6.878 6.428 6.028 5.679 5.380 5.131 4.932 4.783 4.684 4.903 5.155 5.436 5.746 6.069 6.334 6.586 6.826 7.054 7.269 7.471 7.627 7.349 7.077 6.811 6.550 6.295 6.045 5.801 5.563 5.330 5.103 4.882 4.748 5.058 5.370 5.683 5.997 6.313 6.630 6.948 7.267 7.587 7.909 8.232 8.523 8.708 8.890 9.070 9.248 9.423 9.596 9.767 9.935 10.101 10.265 10.427 10.722 11.356 12.062 12.841 13.692 14.616 15.613 16.683 17.825 19.040
8.906 8.248 7.516 6.711 6.149 5.723 5.348 5.023 4.748 4.523 4.349 4.224 4.150 4.159 4.239 4.300 4.547 4.819 5.078 5.324 5.559 5.780 5.990 6.187 6.371 6.543 6.702 6.849 6.620 6.368 6.121 5.880 5.644 5.414 5.190 4.972 4.759 4.551 4.350 4.160 4.475 4.791 5.109 5.428 5.748 6.069 6.391 6.715 7.040 7.367 7.694 8.008 8.185 8.359 8.531 8.701 8.869 9.034 9.197 9.358 9.516 9.672 9.826 10.104 10.989 11.947 12.978 14.081 15.257 16.506 17.827 19.221 20.687
7.295 6.381 5.394 4.335 3.718 3.467 3.421 3.564 3.689 3.797 3.886 3.957 4.010 4.046 4.063 4.062 4.224 4.452 4.668 4.871 5.062 5.241 5.407 5.561 5.702 5.831 5.947 6.051 5.886 5.654 5.426 5.205 4.989 4.779 4.574 4.375 4.182 3.994 3.812 3.636 3.891 4.212 4.534 4.857 5.182 5.508 5.835 6.163 6.493 6.823 7.156 7.489 7.665 7.831 7.996 8.158 8.317 8.475 8.630 8.783 8.933 9.082 9.228 9.416 10.553 11.763 13.046 14.400 15.828 17.328 18.901 20.546 22.249
6.186 5.404 4.640 3.895 3.550 3.667 3.765 3.846 3.908 3.953 3.980 3.988 3.979 3.952 3.907 3.843 3.914 4.099 4.272 4.432 4.580 4.715 4.838 4.949 5.047 5.133 5.206 5.266 5.148 4.934 4.727 4.525 4.329 4.138 3.953 3.774 3.600 3.432 3.270 3.113 3.306 3.632 3.958 4.286 4.615 4.946 5.277 5.610 5.944 6.280 6.616 6.954 7.147 7.306 7.463 7.617 7.769 7.918 8.066 8.211 8.354 8.494 8.633 8.769 10.048 11.502 12.896 14.258 15.587 16.884 18.148 19.379 20.578
6.587 5.869 5.169 4.488 4.039 4.092 4.128 4.147 4.147 4.129 4.093 4.039 3.967 3.878 3.770 3.644 3.618 3.760 3.889 4.007 4.111 4.204 4.283 4.351 4.406 4.448 4.478 4.496 4.404 4.210 4.023 3.840 3.664 3.493 3.327 3.168 3.014 2.865 2.722 2.585 2.721 3.051 3.382 3.714 4.048 4.383 4.719 5.056 5.395 5.735 6.076 6.419 6.633 6.784 6.932 7.079 7.223 7.365 7.507 7.660 7.812 7.962 8.112 8.260 9.333 10.648 11.930 13.179 14.396 15.581 16.732 17.852 18.938
6.968 6.314 5.678 5.061 4.546 4.537 4.511 4.466 4.404 4.324 4.225 4.109 3.975 3.823 3.652 3.464 3.335 3.434 3.521 3.595 3.656 3.705 3.742 3.766 3.778 3.778 3.765 3.739 3.655 3.481 3.313 3.151 2.994 2.842 2.696 2.556 2.422 2.293 2.170 2.052 2.135 2.470 2.805 3.142 3.480 3.820 4.160 4.502 4.845 5.190 5.535 5.886 6.135 6.292 6.447 6.601 6.753 6.905 7.055 7.204 7.352 7.498 7.643 7.787 8.623 9.825 10.995 12.133 13.237 14.310 15.349 16.357 17.331
7.327 6.737 6.166 5.613 5.078 5.001 4.912 4.805 4.681 4.538 4.377 4.198 4.002 3.787 3.555 3.304 3.066 3.122 3.165 3.196 3.215 3.221 3.215 3.196 3.165 3.121 3.065 2.997 2.902 2.748 2.599 2.456 2.318 2.187 2.061 1.940 1.825 1.716 1.612 1.514 1.549 1.887 2.228 2.569 2.932 3.337 3.728 4.104 4.466 4.814 5.146 5.465 5.710 5.862 6.013 6.163 6.311 6.459 6.605 6.749 6.893 7.035 7.176 7.316 7.944 9.035 10.092 11.118 12.111 13.071 13.999 14.894 15.757
7.667 7.141 6.633 6.144 5.674 5.484 5.333 5.164 4.976 4.771 4.548 4.307 4.048 3.771 3.476 3.163 2.833 2.824 2.824 2.812 2.787 2.750 2.701 2.639 2.565 2.478 2.379 2.268 2.143 2.009 1.880 1.756 1.638 1.526 1.420 1.319 1.223 1.175 1.202 1.227 1.310 1.724 2.122 2.507 2.877 3.232 3.572 3.899 4.210 4.508 4.790 5.058 5.286 5.434 5.581 5.727 5.871 6.014 6.156 6.297 6.436 6.574 6.711 6.847 7.297 8.276 9.222 10.135 11.016 11.864 12.680 13.464 14.215
7.985 7.523 7.080 6.655 6.248 5.986 5.773 5.541 5.291 5.024 4.738 4.435 4.113 3.774 3.417 3.042 2.649 2.539 2.496 2.441 2.373 2.293 2.201 2.096 1.979 1.849 1.707 1.553 1.386 1.265 1.218 1.254 1.287 1.318 1.347 1.373 1.397 1.418 1.437 1.453 1.470 1.834 2.182 2.516 2.836 3.141 3.432 3.708 3.969 4.216 4.449 4.667 4.864 5.008 5.151 5.292 5.432 5.571 5.709 5.846 5.981 6.115 6.248 6.379 6.682 7.549 8.383 9.184 9.953 10.690 11.394 12.066 12.705
8.283 7.885 7.505 7.144 6.802 6.508 6.231 5.937 5.625 5.295 4.947 4.582 4.198 3.797 3.377 2.940 2.484 2.267 2.182 2.083 1.973 1.850 1.714 1.645 1.638 1.619 1.587 1.542 1.485 1.493 1.522 1.550 1.575 1.597 1.618 1.635 1.651 1.663 1.674 1.682 1.687 1.958 2.256 2.540 2.810 3.065 3.305 3.531 3.743 3.940 4.122 4.290 4.444 4.584 4.722 4.859 4.995 5.130 5.264 5.396 5.527 5.657 5.786 5.913 6.099 6.854 7.576 8.265 8.923 9.547 10.140 10.700 11.227
8.560 8.226 7.911 7.613 7.335 7.048 6.709 6.353 5.978 5.586 5.176 4.748 4.302 3.838 3.357 2.857 2.430 2.256 2.281 2.294 2.294 2.282 2.256 2.218 2.167 2.104 2.028 1.939 1.837 1.808 1.829 1.848 1.865 1.879 1.890 1.900 1.906 1.911 1.913 1.912 1.910 2.097 2.345 2.579 2.798 3.003 3.194 3.370 3.531 3.678 3.810 3.928 4.032 4.161 4.295 4.428 4.560 4.691 4.820 4.949 5.076 5.201 5.326 5.449 5.571 6.190 6.801 7.378 7.924 8.437 8.918 9.366 9.781
8.817 8.547 8.295 8.062 7.847 7.607 7.206 6.787 6.350 5.967 5.609 5.247 4.880 4.508 4.133 3.752 3.368 3.107 3.088 3.057 3.013 2.956 2.886 2.804 2.709 2.601 2.481 2.348 2.203 2.125 2.138 2.148 2.157 2.162 2.165 2.166 2.165 2.161 2.154 2.145 2.134 2.250 2.448 2.632 2.801 2.956 3.096 3.222 3.334 3.431 3.513 3.581 3.635 3.740 3.870 3.999 4.127 4.253 4.378 4.503 4.625 4.747 4.868 4.987 5.105 5.558 6.057 6.523 6.957 7.358 7.727 8.064 8.368
9.054 8.847 8.739 8.655 8.571 8.469 8.114 7.754 7.389 7.020 6.646 6.268 5.885 5.498 5.106 4.710 4.309 3.970 3.907 3.832 3.743 3.642 3.529 3.403 3.264 3.112 2.947 2.770 2.581 2.444 2.449 2.451 2.451 2.448 2.443 2.435 2.425 2.413 2.398 2.380 2.361 2.417 2.566 2.699 2.819 2.924 3.014 3.090 3.151 3.198 3.231 3.249 3.252 3.320 3.446 3.571 3.695 3.817 3.938 4.058 4.177 4.295 4.411 4.526 4.640 4.958 5.345 5.700 6.022 6.382 6.761 7.140 7.519
9.987 9.903 9.819 9.734 9.649 9.564 9.218 8.842 8.462 8.076 7.687 7.293 6.894 6.491 6.084 5.672 5.255 4.846 4.739 4.619 4.487 4.342 4.184 4.014 3.831 3.635 3.426 3.205 2.972 2.766 2.762 2.756 2.747 2.736 2.722 2.706 2.688 2.667 2.643 2.618 2.589 2.599 2.698 2.781 2.851 2.905 2.946 2.972 2.983 2.980 2.963 2.931 2.884 2.902 3.024 3.145 3.264 3.383 3.500 3.616 3.730 3.844 3.997 4.134 4.242 4.488 4.867 5.246 5.626 6.005 6.385 6.765 7.145
11.068 10.983 10.898 10.812 10.726 10.641 10.326 9.934 9.538 9.137 8.732 8.322 7.907 7.488 7.065 6.637 6.204 5.767 5.583 5.419 5.243 5.054 4.852 4.638 4.410 4.171 3.918 3.653 3.375 3.090 3.077 3.063 3.045 3.026 3.004 2.979 2.952 2.923 2.891 2.857 2.820 2.796 2.844 2.878 2.897 2.902 2.892 2.868 2.830 2.777 2.710 2.628 2.531 2.486 2.604 2.849 3.092 3.306 3.490 3.644 3.768 3.862 3.926 3.961 3.965 4.109 4.489 4.869 5.249 5.629 6.010 6.390 6.771
12.148 12.062 11.976 11.889 11.803 11.716 11.438 11.030 10.618 10.201 9.780 9.354 8.924 8.489 8.050 7.606 7.158 6.705 6.440 6.232 6.011 5.778 5.533 5.274 5.003 4.719 4.423 4.114 3.792 3.457 3.395 3.372 3.346 3.318 3.287 3.254 3.219 3.181 3.141 3.099 3.054 3.006 3.005 2.989 2.958 2.913 2.853 2.779 2.780 2.811 2.863 2.937 3.031 3.159 3.359 3.529 3.670 3.780 3.861 3.912 3.933 3.924 3.885 3.816 3.717 3.731 4.111 4.492 4.872 5.253 5.634 6.016 6.397
13.226 13.139 13.052 12.965 12.878 12.790 12.554 12.130 11.702 11.269 10.832 10.390 9.944 9.494 9.038 8.579 8.115 7.646 7.309 7.057 6.793 6.516 6.226 5.923 5.608 5.280 4.940 4.587 4.221 3.843 3.714 3.683 3.649 3.612 3.573 3.532 3.488 3.442 3.393 3.342 3.289 3.213 3.166 3.144 3.143 3.163 3.204 3.266 3.348 3.452 3.576 3.722 3.888 4.075 4.172 4.239 4.276 4.283 4.261 4.208 4.126 4.014 3.872 3.700 3.498 3.352 3.733 4.115 4.496 4.878 5.259 5.641 6.023
14.304 14.216 14.128 14.040 13.952 13.864 13.673 13.233 12.789 12.341 11.888 11.430 10.968 10.502 10.031 9.555 9.075 8.591 8.191 7.895 7.586 7.265 6.931 6.585 6.226 5.854 5.470 5.073 4.663 4.241 4.036 3.996 3.954 3.909 3.854 3.793 3.725 3.651 3.570 3.482 3.388 3.288 3.281 3.331 3.403 3.495 3.607 3.741 3.896 4.071 4.268 4.485 4.723 4.982 5.013 4.977 4.911 4.815 4.689 4.534 4.349 4.133 3.888 3.613 3.308 2.974 3.356 3.738 4.120 4.502 4.884 5.267 5.650
15.380 15.292 15.203 15.114 15.025 14.936 14.796 14.341 13.881 13.416 12.947 12.474 11.996 11.514 11.027 10.536 10.040 9.540 9.085 8.745 8.393 8.028 7.650 7.259 6.856 6.441 6.011 5.538 5.079 4.635 4.365 4.307 4.243 4.172 4.094 4.010 3.920 3.823 3.719 3.609 3.492 3.369 3.375 3.498 3.641 3.805 3.990 4.195 4.422 4.669 4.937 5.226 5.536 5.867 5.882 5.743 5.574 5.375 5.146 4.888 4.600 4.281 3.933 3.555 3.148 2.710 2.978 3.361 3.744 4.127 4.510 4.893 5.276
