DATA/SHG/ECMWF/20170628/EN-10/20170706.en-10.asc
ncols        190
nrows        64
xllcorner    -5100000.000000000000
yllcorner    4130000.000000000000
cellsize     10000.000000000000
NODATA_value  -99999.000
[rows 0 to 32 of 64, columns 73 to 145 of 190]
5.105 5.533 5.964 6.400 6.839 7.282 7.729 8.179 8.435 8.166 7.870 7.587 7.317 7.061 6.818 6.588 6.372 6.169 5.979 5.803 5.680 5.694 5.711 5.734 5.762 5.796 5.836 5.882 5.933 5.990 6.053 6.121 6.283 6.739 7.206 7.685 8.175 8.677 9.189 9.714 10.249 10.796 11.355 11.925 12.300 12.031 11.742 11.432 11.103 10.752 10.382 9.991 9.580 9.149 8.697 8.225 7.812 7.615 7.401 7.170 6.922 6.657 6.375 6.075 5.759 5.425 5.075 4.707 4.372 4.175 3.987 3.810 3.642
5.407 5.848 6.253 6.630 6.988 7.326 7.646 7.946 8.131 7.868 7.618 7.382 7.159 6.949 6.753 6.570 6.400 6.243 6.100 5.971 5.870 5.909 5.952 6.000 6.054 6.114 6.179 6.250 6.327 6.410 6.498 6.592 6.736 7.243 7.762 8.291 8.833 9.385 9.949 10.524 11.111 11.709 12.318 12.939 13.446 13.086 12.706 12.306 11.885 11.444 10.983 10.501 9.999 9.477 8.934 8.372 7.834 7.561 7.271 6.964 6.639 6.298 5.939 5.564 5.171 4.762 4.335 3.892 3.478 3.324 3.180 3.046 2.922
5.544 5.892 6.221 6.531 6.822 7.094 7.346 7.580 7.774 7.557 7.354 7.165 6.988 6.825 6.675 6.539 6.415 6.306 6.209 6.126 6.056 6.118 6.186 6.260 6.339 6.425 6.515 6.612 6.714 6.822 6.936 7.055 7.180 7.735 8.304 8.885 9.477 10.080 10.695 11.321 11.958 12.607 13.267 13.939 14.612 14.162 13.691 13.199 12.688 12.156 11.604 11.031 10.439 9.826 9.192 8.539 7.874 7.524 7.158 6.775 6.374 5.957 5.522 5.071 4.602 4.117 3.614 3.094 2.657 2.715 2.777 2.845 2.919
5.664 5.946 6.208 6.451 6.675 6.880 7.065 7.232 7.379 7.235 7.079 6.936 6.806 6.689 6.586 6.496 6.419 6.356 6.306 6.269 6.245 6.320 6.414 6.513 6.618 6.728 6.845 6.967 7.094 7.228 7.367 7.511 7.662 8.212 8.833 9.464 10.107 10.761 11.427 12.104 12.792 13.492 14.203 14.926 15.659 15.257 14.695 14.113 13.511 12.888 12.245 11.582 10.899 10.195 9.471 8.727 7.963 7.505 7.063 6.662 6.309 5.951 5.588 5.221 4.850 4.473 4.092 3.707 3.317 3.365 3.452 3.545 3.643
5.802 6.017 6.212 6.388 6.545 6.683 6.802 6.902 6.983 6.901 6.791 6.695 6.611 6.541 6.485 6.441 6.411 6.394 6.390 6.400 6.423 6.515 6.634 6.759 6.889 7.025 7.167 7.314 7.467 7.626 7.791 7.961 8.137 8.677 9.348 10.030 10.724 11.429 12.146 12.874 13.613 14.363 15.125 15.898 16.683 16.373 15.720 15.047 14.354 13.641 12.890 12.137 11.404 10.692 10.001 9.330 8.681 8.263 7.899 7.529 7.155 6.777 6.393 6.005 5.613 5.216 4.814 4.408 3.997 4.010 4.121 4.238 4.360
5.958 6.105 6.234 6.343 6.434 6.505 6.557 6.590 6.604 6.556 6.492 6.442 6.405 6.382 6.371 6.374 6.390 6.420 6.463 6.519 6.588 6.704 6.848 6.998 7.154 7.315 7.483 7.655 7.834 8.018 8.208 8.403 8.604 9.128 9.850 10.583 11.328 12.084 12.851 13.630 14.420 15.155 15.838 16.509 17.169 16.882 16.117 15.373 14.649 13.947 13.265 12.604 11.963 11.344 10.745 10.166 9.609 9.176 8.790 8.400 8.005 7.606 7.202 6.793 6.380 5.962 5.540 5.113 4.682 4.648 4.783 4.924 5.071
6.131 6.212 6.274 6.316 6.340 6.345 6.330 6.297 6.244 6.199 6.182 6.178 6.187 6.210 6.246 6.296 6.358 6.434 6.523 6.625 6.741 6.886 7.055 7.231 7.412 7.599 7.791 7.989 8.193 8.403 8.618 8.839 9.059 9.539 10.264 10.978 11.680 12.369 13.047 13.713 14.368 15.010 15.640 16.259 16.866 16.773 16.101 15.449 14.818 14.207 13.618 13.049 12.501 11.973 11.466 10.980 10.515 10.091 9.685 9.274 8.859 8.439 8.014 7.585 7.151 6.712 6.269 5.822 5.370 5.279 5.439 5.605 5.775
6.322 6.336 6.331 6.307 6.264 6.202 6.121 6.021 5.902 5.830 5.859 5.902 5.958 6.027 6.109 6.205 6.314 6.436 6.571 6.720 6.882 7.061 7.256 7.463 7.676 7.890 8.105 8.322 8.541 8.760 8.982 9.204 9.429 9.829 10.502 11.163 11.812 12.449 13.074 13.687 14.289 14.878 15.456 16.022 16.576 16.643 16.063 15.503 14.964 14.446 13.948 13.472 13.015 12.580 12.165 11.771 11.398 11.011 10.584 10.152 9.716 9.275 8.830 8.380 7.925 7.466 7.003 6.534 6.061 5.905 6.089 6.278 6.474
6.530 6.478 6.406 6.316 6.206 6.078 5.930 5.764 5.578 5.449 5.525 5.614 5.716 5.832 5.960 6.132 6.407 6.651 6.864 7.046 7.196 7.338 7.554 7.772 7.991 8.212 8.434 8.657 8.882 9.108 9.336 9.565 9.796 10.132 10.752 11.360 11.956 12.540 13.113 13.673 14.222 14.759 15.284 15.797 16.299 16.491 16.003 15.535 15.089 14.662 14.257 13.872 13.508 13.165 12.842 12.540 12.259 11.933 11.486 11.033 10.577 10.115 9.649 9.179 8.703 8.224 7.739 7.250 6.757 6.523 6.732 6.946 7.165
6.756 6.637 6.499 6.342 6.166 5.971 5.757 5.524 5.359 5.428 5.780 6.101 6.392 6.651 6.879 7.077 7.243 7.379 7.484 7.558 7.601 7.632 7.854 8.079 8.304 8.531 8.760 8.990 9.221 9.454 9.688 9.924 10.161 10.448 11.015 11.570 12.113 12.645 13.165 13.673 14.169 14.653 15.125 15.586 16.034 16.318 15.921 15.546 15.191 14.857 14.544 14.251 13.979 13.727 13.496 13.286 13.097 12.860 12.391 11.918 11.441 10.959 10.472 9.981 9.485 8.985 8.480 7.970 7.456 7.136 7.369 7.607 7.850
7.000 6.882 6.854 6.840 6.839 6.853 6.880 6.921 6.976 7.048 7.291 7.504 7.687 7.838 7.958 8.048 8.107 8.134 8.131 8.097 8.033 7.931 8.152 8.383 8.615 8.849 9.084 9.320 9.558 9.797 10.038 10.281 10.524 10.775 11.290 11.792 12.283 12.762 13.229 13.684 14.128 14.559 14.979 15.387 15.783 16.122 15.818 15.535 15.272 15.030 14.808 14.607 14.427 14.267 14.128 14.010 13.912 13.789 13.301 12.807 12.309 11.806 11.299 10.787 10.271 9.750 9.224 8.694 8.159 7.742 7.999 8.261 8.529
8.142 8.148 8.168 8.202 8.250 8.311 8.387 8.476 8.579 8.696 8.829 8.934 9.008 9.051 9.064 9.045 8.996 8.916 8.805 8.664 8.491 8.282 8.448 8.685 8.924 9.164 9.405 9.648 9.893 10.139 10.386 10.635 10.885 11.137 11.577 12.027 12.465 12.892 13.306 13.709 14.099 14.479 14.846 15.201 15.545 15.876 15.693 15.502 15.331 15.180 15.051 14.941 14.853 14.785 14.738 14.711 14.706 14.720 14.213 13.699 13.180 12.657 12.129 11.597 11.060 10.518 9.972 9.421 8.841 8.288 8.583 8.926 9.316
9.345 9.399 9.467 9.549 9.645 9.755 9.878 10.015 10.166 10.331 10.392 10.389 10.356 10.291 10.196 10.070 9.913 9.725 9.506 9.257 8.977 8.659 8.742 8.985 9.230 9.477 9.725 9.975 10.226 10.478 10.732 10.987 11.244 11.502 11.877 12.274 12.660 13.034 13.396 13.746 14.084 14.410 14.725 15.028 15.319 15.598 15.547 15.447 15.368 15.309 15.271 15.254 15.257 15.281 15.325 15.391 15.476 15.583 15.130 14.502 13.789 13.103 12.445 11.813 11.208 10.630 10.079 9.555 9.058 8.588 9.029 9.581 10.180
10.533 10.636 10.752 10.882 11.026 11.183 11.355 11.540 11.739 11.952 11.982 11.871 11.730 11.557 11.354 11.120 10.856 10.560 10.234 9.877 9.489 9.064 9.033 9.283 9.535 9.788 10.043 10.299 10.556 10.815 11.076 11.337 11.601 11.865 12.189 12.534 12.867 13.188 13.498 13.795 14.081 14.355 14.617 14.868 15.106 15.333 15.378 15.370 15.383 15.416 15.386 15.278 15.175 15.078 14.986 14.900 14.819 14.744 14.234 13.614 13.021 12.455 11.916 11.404 10.919 10.461 10.030 9.625 9.248 8.898 9.428 10.189 10.997
11.707 11.857 12.022 12.200 12.391 12.597 12.816 13.050 13.297 13.557 13.598 13.379 13.130 12.850 12.539 12.198 11.826 11.423 10.989 10.524 10.029 9.495 9.323 9.579 9.837 10.097 10.358 10.621 10.885 11.150 11.417 11.685 11.955 12.226 12.514 12.806 13.087 13.356 13.613 13.858 14.091 14.234 14.294 14.352 14.408 14.461 14.417 14.311 14.211 14.116 14.027 13.944 13.865 13.793 13.726 13.664 13.608 13.557 13.201 12.700 12.227 11.781 11.362 10.969 10.604 10.265 9.953 9.669 9.411 9.180 9.779 10.749 11.765
12.866 13.064 13.277 13.503 13.742 13.996 14.263 14.544 14.839 15.148 15.239 14.913 14.556 14.169 13.751 13.302 12.822 12.311 11.770 11.198 10.596 9.954 9.610 9.873 10.138 10.404 10.671 10.940 11.211 11.483 11.756 12.031 12.210 12.297 12.372 12.439 12.504 12.566 12.626 12.683 12.738 12.790 12.840 12.887 12.932 12.974 12.955 12.874 12.799 12.729 12.664 12.605 12.552 12.504 12.461 12.424 12.393 12.367 12.141 11.760 11.407 11.080 10.780 10.507 10.262 10.042 9.850 9.685 9.547 9.435 10.082 11.261 12.487
14.011 14.257 14.517 14.791 15.079 15.380 15.695 16.024 16.367 16.723 16.907 16.473 16.009 15.514 14.988 14.432 13.845 13.227 12.578 11.899 11.189 10.439 9.895 10.087 10.212 10.329 10.438 10.538 10.630 10.713 10.788 10.854 10.912 10.961 11.008 11.065 11.118 11.170 11.219 11.265 11.309 11.351 11.390 11.426 11.461 11.492 11.490 11.433 11.383 11.337 11.297 11.263 11.234 11.211 11.193 11.180 11.173 11.172 11.055 10.794 10.560 10.353 10.173 10.019 9.893 9.793 9.720 9.674 9.655 9.663 10.338 11.726 13.160
15.141 15.435 15.743 16.064 16.400 16.749 17.112 17.489 17.880 18.284 18.601 18.060 17.488 16.886 16.252 15.571 14.648 13.715 12.772 11.819 10.856 9.893 9.040 9.136 9.224 9.304 9.375 9.438 9.492 9.538 9.575 9.605 9.625 9.637 9.649 9.695 9.738 9.778 9.816 9.852 9.885 9.916 9.944 9.970 9.994 10.015 10.021 9.989 9.963 9.942 9.926 9.917 9.912 9.913 9.920 9.932 9.950 9.973 9.943 9.802 9.687 9.599 9.538 9.504 9.497 9.517 9.563 9.637 9.737 9.864 10.547 12.143 13.786
16.256 16.598 16.954 17.323 17.707 18.104 18.515 18.939 19.326 19.482 19.660 18.776 17.858 16.930 15.992 15.044 14.086 13.119 12.141 11.154 10.157 9.159 8.163 8.197 8.247 8.289 8.323 8.349 8.366 8.374 8.374 8.366 8.349 8.324 8.294 8.329 8.361 8.391 8.419 8.444 8.466 8.486 8.504 8.519 8.532 8.542 8.548 8.540 8.539 8.542 8.552 8.566 8.587 8.612 8.644 8.680 8.722 8.770 8.805 8.783 8.788 8.819 8.878 8.963 9.075 9.214 9.380 9.572 9.792 10.038 10.709 12.513 14.364
17.357 17.657 17.739 17.842 17.967 18.112 18.279 18.467 18.676 18.906 19.157 18.397 17.444 16.482 15.509 14.527 13.535 12.532 11.520 10.499 9.467 8.435 7.404 7.267 7.281 7.286 7.282 7.270 7.250 7.221 7.184 7.138 7.084 7.022 6.951 6.968 6.989 7.009 7.025 7.040 7.051 7.061 7.068 7.072 7.074 7.074 7.071 7.088 7.111 7.139 7.173 7.212 7.257 7.307 7.363 7.424 7.491 7.563 7.641 7.738 7.862 8.013 8.190 8.395 8.626 8.884 9.169 9.481 9.819 10.185 10.823 12.835 14.894
16.335 16.470 16.627 16.804 17.002 17.222 17.462 17.724 18.007 18.311 18.636 18.028 17.041 16.043 15.036 14.020 12.993 11.956 10.910 9.853 8.787 7.720 6.654 6.349 6.325 6.293 6.252 6.203 6.145 6.079 6.005 5.922 5.830 5.731 5.623 5.611 5.622 5.631 5.637 5.640 5.641 5.640 5.636 5.630 5.621 5.610 5.596 5.632 5.679 5.732 5.790 5.854 5.924 5.998 6.078 6.164 6.255 6.352 6.454 6.667 6.910 7.180 7.477 7.800 8.151 8.528 8.932 9.362 9.820 10.338 10.981 13.188 15.379
15.057 15.266 15.496 15.747 16.019 16.313 16.627 16.963 17.319 17.697 18.096 17.668 16.647 15.615 14.573 13.522 12.461 11.390 10.309 9.218 8.118 7.016 5.915 5.441 5.380 5.310 5.232 5.146 5.051 4.948 4.836 4.716 4.587 4.450 4.305 4.259 4.259 4.257 4.252 4.245 4.236 4.223 4.209 4.192 4.173 4.151 4.126 4.172 4.244 4.321 4.404 4.492 4.586 4.685 4.790 4.900 5.016 5.137 5.263 5.570 6.015 6.589 7.163 7.735 8.306 8.877 9.446 10.015 10.582 11.149 11.715 13.744 15.862
13.761 14.043 14.347 14.672 15.018 15.385 15.773 16.183 16.613 17.065 17.537 17.319 16.262 15.196 14.120 13.035 11.939 10.833 9.718 8.593 7.458 6.322 5.186 4.544 4.446 4.339 4.224 4.100 3.968 3.827 3.678 3.521 3.355 3.181 2.999 2.911 2.901 2.888 2.873 2.855 2.834 2.812 2.786 2.759 2.729 2.696 2.661 2.708 2.804 2.906 3.013 3.221 3.579 3.939 4.301 4.666 5.033 5.402 5.773 6.293 6.864 7.434 8.003 8.571 9.138 9.704 10.270 10.834 11.398 11.960 12.522 14.316 16.360
12.446 12.802 13.180 13.579 13.998 14.439 14.901 15.384 15.888 16.413 16.960 16.979 15.888 14.787 13.677 12.557 11.427 10.287 9.137 7.978 6.808 5.638 4.467 3.658 3.522 3.378 3.226 3.065 2.895 2.718 2.532 2.337 2.134 1.923 1.703 1.568 1.547 1.523 1.497 1.469 1.438 1.404 1.479 1.717 1.935 2.133 2.311 2.577 2.936 3.297 3.660 4.026 4.394 4.764 5.136 5.510 5.887 6.266 6.647 7.145 7.712 8.278 8.843 9.407 9.970 10.532 11.093 11.653 12.213 12.771 13.328 14.902 16.874
11.113 11.543 11.995 12.467 12.960 13.475 14.010 14.567 15.145 15.743 16.363 16.648 15.523 14.388 13.244 12.089 10.925 9.750 8.566 7.372 6.169 4.963 3.758 2.782 2.609 2.428 2.238 2.040 1.834 1.619 1.396 1.164 0.924 0.800 0.891 1.064 1.352 1.621 1.870 2.098 2.307 2.496 2.666 2.815 2.944 3.054 3.144 3.339 3.707 4.078 4.452 4.827 5.205 5.585 5.967 6.351 6.738 7.127 7.518 7.997 8.560 9.122 9.682 10.242 10.801 11.359 11.916 12.472 13.027 13.581 14.135 15.504 17.403
9.762 10.266 10.791 11.337 11.904 12.492 13.101 13.731 14.383 15.055 15.748 16.328 15.168 13.999 12.820 11.631 10.432 9.224 8.005 6.777 5.539 4.299 3.059 1.917 1.772 1.745 1.743 1.768 1.818 1.894 1.996 2.124 2.278 2.457 2.663 2.888 3.089 3.269 3.429 3.570 3.690 3.791 3.872 3.933 3.974 3.995 3.996 4.097 4.476 4.856 5.240 5.625 6.013 6.402 6.794 7.189 7.585 7.984 8.385 8.849 9.408 9.965 10.522 11.077 11.632 12.186 12.739 13.291 13.842 14.392 14.941 16.121 17.947
8.393 8.970 9.569 10.189 10.829 11.491 12.174 12.877 13.602 14.348 15.115 15.902 14.823 13.619 12.406 11.183 9.949 8.732 7.561 6.435 5.354 4.312 3.302 2.329 2.366 2.454 2.567 2.706 2.871 3.062 3.279 3.522 3.790 4.084 4.405 4.733 4.844 4.936 5.008 5.060 5.093 5.105 5.098 5.070 5.023 4.956 4.869 4.852 5.240 5.631 6.024 6.419 6.817 7.216 7.618 8.022 8.429 8.837 9.248 9.701 10.255 10.808 11.361 11.912 12.463 13.013 13.561 14.109 14.656 15.202 15.747 16.754 18.507
7.006 7.657 8.329 9.022 9.736 10.471 11.227 12.005 12.803 13.603 14.326 15.022 14.108 12.867 11.672 10.522 9.417 8.357 7.342 6.372 5.448 4.564 3.713 2.897 2.931 3.133 3.361 3.615 3.895 4.200 4.531 4.889 5.272 5.681 6.116 6.576 6.619 6.623 6.607 6.571 6.515 6.439 6.343 6.228 6.092 5.937 5.762 5.603 6.002 6.402 6.805 7.210 7.618 8.027 8.439 8.853 9.269 9.688 10.108 10.552 11.102 11.652 12.200 12.747 13.294 13.839 14.384 14.927 15.470 16.012 16.553 17.401 19.082
5.600 6.325 7.095 7.914 8.706 9.470 10.208 10.919 11.602 12.259 12.888 13.490 12.909 11.825 10.786 9.793 8.844 7.941 7.083 6.270 5.502 4.775 4.082 3.425 3.465 3.782 4.125 4.493 4.888 5.308 5.754 6.226 6.723 7.247 7.796 8.371 8.414 8.329 8.225 8.100 7.956 7.792 7.609 7.405 7.181 6.938 6.675 6.392 6.760 7.170 7.583 7.998 8.415 8.834 9.256 9.680 10.106 10.534 10.965 11.403 11.949 12.494 13.039 13.582 14.124 14.666 15.206 15.746 16.284 16.822 17.358 18.064 19.672
4.901 5.680 6.432 7.158 7.856 8.527 9.171 9.788 10.377 10.940 11.476 11.985 11.670 10.743 9.861 9.024 8.232 7.485 6.784 6.127 5.516 4.946 4.412 3.913 3.970 4.402 4.859 5.342 5.851 6.385 6.946 7.532 8.144 8.782 9.446 10.135 10.227 10.055 9.862 9.650 9.417 9.165 8.893 8.602 8.290 7.959 7.608 7.237 7.514 7.934 8.357 8.782 9.209 9.638 10.070 10.503 10.939 11.377 11.818 12.260 12.796 13.337 13.877 14.416 14.954 15.492 16.028 16.563 17.098 17.631 18.164 18.627 19.849
4.452 5.137 5.796 6.427 7.031 7.609 8.159 8.683 9.179 9.648 10.091 10.506 10.392 9.621 8.896 8.215 7.580 6.990 6.445 5.944 5.489 5.077 4.700 4.359 4.446 4.991 5.563 6.161 6.784 7.433 8.108 8.808 9.535 10.287 11.065 11.869 12.060 11.800 11.519 11.218 10.898 10.558 10.198 9.818 9.419 9.000 8.560 8.102 8.265 8.695 9.128 9.562 9.999 10.438 10.880 11.323 11.769 12.217 12.667 13.120 13.642 14.179 14.671 15.050 15.391 15.695 15.960 16.188 16.378 16.531 16.645 16.722 17.717
4.028 4.620 5.185 5.723 6.233 6.717 7.174 7.604 8.007 8.383 8.732 9.054 9.075 8.461 7.891 7.367 6.888 6.454 6.065 5.721 5.423 5.167 4.948 4.765 4.891 5.551 6.237 6.949 7.687 8.450 9.240 10.055 10.895 11.762 12.654 13.572 13.913 13.564 13.195 12.807 12.398 11.970 11.522 11.055 10.567 10.060 9.533 8.986 9.013 9.453 9.895 10.340 10.786 11.285 11.852 12.344 12.759 13.098 13.362 13.548 13.815 14.103 14.353 14.565 14.739 14.876 14.975 15.036 15.059 15.045 14.993 14.903 15.624
3.630 4.128 4.600 5.044 5.462 5.852 6.215 6.552 6.861 7.144 7.400 7.628 7.718 7.260 6.847 6.480 6.157 5.879 5.646 5.458 5.315 5.217 5.156 5.131 5.307 6.082 6.882 7.708 8.560 9.438 10.341 11.270 12.225 13.206 14.213 15.245 15.784 15.347 14.891 14.414 13.918 13.402 12.866 12.311 11.904 11.859 11.649 11.274 11.322 11.933 12.469 12.928 13.311 13.618 13.849 14.003 14.082 14.085 14.011 13.862 13.869 13.990 14.073 14.118 14.126 14.096 14.029 13.923 13.780 13.599 13.381 13.124 13.569
