DATA/SHG/ECMWF/20170628/EN-10/20170710.en-10.asc
ncols        190
nrows        64
xllcorner    -5100000.000000000000
yllcorner    4130000.000000000000
cellsize     10000.000000000000
NODATA_value  -99999.000
[rows 32 to 63 of 64, columns 0 to 71 of 190]
6.137 6.188 6.111 6.005 5.883 5.744 5.590 5.418 5.231 5.027 4.807 4.571 4.318 4.049 3.867 3.673 3.458 3.225 2.972 2.701 2.409 2.099 1.769 1.420 1.052 0.665 0.646 0.633 0.618 0.603 0.587 0.571 0.553 0.534 0.515 0.494 0.473 0.451 0.458 0.464 0.469 0.473 0.476 0.479 0.481 0.482 0.482 0.834 1.310 1.765 2.423 3.014 3.539 3.997 4.389 4.714 4.973 5.164 5.290 5.348 5.340 5.316 5.769 6.245 6.745 7.268 7.814 8.385 8.978 9.595 10.236 10.900
7.782 7.809 7.702 7.539 7.360 7.164 6.951 6.723 6.478 6.217 5.940 5.646 5.336 5.009 4.746 4.483 4.202 3.901 3.581 3.241 2.883 2.505 2.108 1.692 1.256 0.801 0.712 0.696 0.679 0.660 0.641 0.621 0.600 0.579 0.556 0.533 0.508 0.483 0.483 0.486 1.002 1.609 2.179 2.712 3.207 3.665 4.085 4.468 4.814 5.122 5.534 5.893 6.186 6.412 6.571 6.664 6.691 6.651 6.544 6.370 6.131 5.824 6.321 6.879 7.460 8.065 8.693 9.345 10.021 10.719 11.442 12.188
9.432 9.435 9.310 9.089 8.852 8.599 8.329 8.044 7.741 7.423 7.088 6.737 6.370 5.986 5.643 5.314 4.965 4.596 4.209 3.802 3.376 2.931 2.467 1.983 1.480 0.958 0.779 0.760 0.739 0.718 0.696 0.673 0.649 1.311 2.007 2.675 3.317 3.932 4.519 5.070 5.584 6.060 6.499 6.901 7.266 7.593 7.882 8.135 8.350 8.528 8.707 8.834 8.895 8.889 8.816 8.677 8.472 8.200 7.861 7.456 6.985 6.446 6.850 7.489 8.152 8.839 9.549 10.282 11.039 11.820 12.624 13.451
11.087 11.067 10.933 10.655 10.361 10.050 9.723 9.380 9.021 8.645 8.253 7.845 7.420 6.979 6.561 6.164 5.747 5.311 4.857 4.383 3.889 3.377 2.845 2.294 1.724 1.169 1.721 2.510 3.273 4.008 4.717 5.398 6.053 6.681 7.282 7.856 8.403 8.923 9.394 9.814 10.197 10.543 10.852 11.123 11.357 11.553 11.712 11.834 11.919 11.966 11.942 11.837 11.666 11.428 11.124 10.753 10.316 9.812 9.242 8.605 7.902 7.132 7.355 8.076 8.821 9.589 10.381 11.196 12.034 12.896 13.781 14.690
12.748 12.703 12.572 12.237 11.886 11.518 11.134 10.733 10.316 9.883 9.434 8.968 8.487 7.988 7.497 7.033 6.549 6.046 5.604 5.593 5.661 5.807 6.031 6.334 6.716 7.176 7.774 8.469 9.136 9.777 10.391 10.978 11.538 12.071 12.578 13.057 13.510 13.935 14.301 14.590 14.843 15.058 15.236 15.376 15.480 15.546 15.575 15.566 15.520 15.437 15.239 14.902 14.499 14.029 13.494 12.891 12.222 11.487 10.686 9.817 8.883 7.882 7.837 8.640 9.466 10.315 11.189 12.085 13.005 13.948 14.915 15.905
14.413 14.345 14.228 13.835 13.426 13.001 12.560 12.102 11.628 11.138 10.631 10.139 9.776 9.509 9.346 9.295 9.322 9.427 9.610 9.873 10.213 10.632 11.129 11.705 12.359 13.092 13.847 14.447 15.020 15.566 16.086 16.578 17.044 17.482 17.894 18.279 18.637 18.968 19.239 19.398 19.520 19.605 19.652 19.662 19.635 19.571 19.469 19.330 19.154 18.941 18.597 18.029 17.394 16.693 15.926 15.092 14.192 13.225 12.192 11.093 9.927 8.695 8.295 9.179 10.087 11.018 11.973 12.951 13.952 14.977 16.025 17.097
16.084 15.993 15.894 15.449 14.850 14.146 13.539 13.029 12.616 12.299 12.080 11.958 11.933 12.005 12.172 12.394 12.694 13.072 13.528 14.063 14.676 15.368 16.138 16.986 17.913 18.918 19.940 20.446 20.924 21.376 21.801 22.199 22.570 22.914 23.231 23.522 23.786 24.022 24.209 24.237 24.229 24.183 24.100 23.980 23.822 23.628 23.396 23.127 22.821 22.477 22.017 21.218 20.351 19.419 18.420 17.355 16.224 15.026 13.762 12.432 11.035 9.572 8.730 9.696 10.685 11.698 12.734 13.793 14.876 15.982 17.237 18.632
16.243 15.722 15.202 14.656 14.194 13.828 13.560 13.388 13.313 13.335 13.454 13.670 13.983 14.393 14.900 15.405 15.978 16.629 17.358 18.165 19.051 20.015 21.058 22.178 23.377 24.655 26.010 26.465 26.849 27.206 27.536 27.840 28.116 28.366 28.589 28.786 28.955 29.097 29.210 29.108 28.970 28.793 28.580 28.330 28.042 27.717 27.355 26.956 26.520 26.046 25.499 24.468 23.371 22.207 20.977 19.681 18.319 16.890 15.395 13.833 12.206 10.512 9.142 10.236 11.410 12.646 13.945 15.307 16.732 18.219 19.769 21.382
14.890 14.375 13.861 13.557 13.433 13.405 13.475 13.641 13.905 14.265 14.722 15.276 15.927 16.674 17.519 18.329 19.174 20.097 21.099 22.179 23.337 24.573 25.888 27.281 28.752 30.302 31.929 32.504 32.793 33.056 33.292 33.501 33.684 33.839 33.968 34.070 34.145 34.193 34.215 34.011 33.742 33.436 33.092 32.712 32.294 31.839 31.347 30.818 30.251 29.648 29.007 27.780 26.452 25.057 23.596 22.069 20.222 18.339 16.516 14.756 13.058 11.422 9.852 11.181 12.572 14.027 15.544 17.123 18.766 20.471 22.239 24.069
13.538 13.028 12.519 12.352 12.566 12.877 13.285 13.789 14.390 15.088 15.883 16.775 17.763 18.848 20.030 21.165 22.282 23.478 24.752 26.104 27.534 29.043 30.630 32.295 34.038 35.859 37.759 38.563 38.758 38.927 39.069 39.183 39.272 39.333 39.367 39.375 39.356 39.310 39.238 38.945 38.546 38.110 37.636 37.126 36.578 35.993 35.371 34.711 34.015 32.646 31.182 29.266 27.288 25.371 23.515 21.722 19.991 18.321 16.713 15.167 13.683 12.261 10.900 12.064 13.673 15.345 17.080 18.877 20.737 22.660 24.645 26.693
12.186 11.681 11.178 11.044 11.595 12.244 12.989 13.831 14.770 15.806 16.938 18.167 19.493 20.915 22.434 23.913 25.303 26.771 28.317 29.941 31.643 33.424 35.283 37.219 39.234 41.327 43.498 44.643 44.744 44.818 44.865 44.886 44.880 44.847 44.788 44.701 44.588 44.448 44.281 43.911 43.382 42.816 41.280 39.702 38.157 36.643 35.161 33.711 32.293 30.908 29.554 27.904 26.139 24.436 22.795 21.216 19.699 18.244 16.850 15.518 14.248 13.039 11.893 12.885 14.712 16.601 18.553 20.568 22.646 24.786 26.988 29.254
10.834 10.335 9.837 9.630 10.520 11.506 12.589 13.768 15.044 16.417 17.887 19.453 21.116 22.875 24.732 26.574 28.236 29.976 31.794 33.690 35.664 37.716 39.847 42.055 44.342 46.706 49.149 50.742 50.749 50.729 50.683 50.609 50.509 50.382 50.199 48.790 47.413 46.065 44.749 43.326 41.764 40.233 38.735 37.268 35.833 34.431 33.060 31.721 30.414 29.140 27.897 26.482 24.931 23.443 22.016 20.651 19.348 18.106 16.926 15.808 14.752 13.758 12.825 13.644 15.689 17.795 19.965 22.197 24.492 26.849 29.269 31.752
9.483 8.989 8.496 8.112 9.339 10.663 12.083 13.600 15.213 16.923 18.729 20.633 22.632 24.729 26.922 29.148 31.082 33.093 35.183 37.351 39.597 41.920 44.322 46.802 49.360 51.996 54.710 56.682 55.166 53.681 52.226 50.802 49.408 48.045 46.712 45.411 44.140 42.899 41.689 40.419 38.968 37.548 36.161 34.805 33.481 32.190 30.930 29.702 28.506 27.342 26.210 25.001 23.665 22.390 21.177 20.026 18.937 17.909 16.943 16.039 15.196 14.415 13.696 14.342 16.603 18.928 21.314 23.764 26.276 28.850 31.487 34.187
8.131 7.643 7.156 6.670 8.054 9.715 11.472 13.326 15.276 17.323 19.466 21.706 24.043 26.475 29.005 31.631 33.840 36.123 38.485 40.924 43.213 44.721 46.175 47.573 48.916 50.203 51.436 52.422 51.013 49.634 48.286 46.968 45.681 44.425 43.199 42.004 40.840 39.706 38.602 37.483 36.143 34.834 33.558 32.313 31.100 29.920 28.771 27.654 26.569 25.516 24.494 23.462 22.339 21.279 20.279 19.342 18.466 17.652 16.900 16.209 15.580 15.013 14.507 14.978 17.457 19.998 22.602 25.268 27.997 30.789 33.643 36.559
6.780 6.297 5.815 5.335 6.665 8.663 10.757 12.947 15.234 17.617 20.097 22.674 25.346 27.948 30.208 32.404 34.084 35.622 37.105 38.533 39.906 41.223 42.486 43.693 44.845 45.942 46.984 47.970 46.833 45.561 44.319 43.108 41.928 40.778 39.659 38.571 37.513 36.485 35.489 34.519 33.289 32.092 30.926 29.792 28.690 27.621 26.583 25.576 24.602 23.660 22.749 21.863 20.955 20.108 19.322 18.599 17.936 17.336 16.797 16.320 15.904 15.550 15.258 15.552 18.248 21.007 23.827 26.711 29.657 32.665 35.736 38.869
5.429 4.951 4.475 4.000 5.172 7.506 9.969 12.452 14.872 17.229 19.522 21.753 23.920 26.024 28.064 30.042 31.603 32.950 34.242 35.479 36.661 37.788 38.859 39.876 40.837 41.743 42.594 43.390 42.627 41.461 40.326 39.222 38.148 37.105 36.092 35.110 34.159 33.238 32.348 31.488 30.407 29.321 28.266 27.243 26.252 25.293 24.365 23.470 22.606 21.775 20.975 20.207 19.511 18.878 18.306 17.796 17.347 16.960 16.634 16.371 16.168 16.028 15.948 16.065 18.978 21.953 24.991 28.091 31.254 34.479 37.766 41.116
4.548 4.360 4.163 3.956 4.931 7.321 9.648 11.912 14.113 16.251 18.325 20.336 22.284 24.169 25.991 27.749 29.183 30.340 31.441 32.487 33.478 34.414 35.295 36.121 36.891 37.607 38.267 38.872 38.394 37.335 36.307 35.309 34.342 33.405 32.499 31.623 30.778 29.964 29.180 28.426 27.497 26.521 25.577 24.665 23.784 22.936 22.119 21.335 20.582 19.861 19.171 18.514 18.009 17.589 17.230 16.933 16.698 16.524 16.412 16.361 16.372 16.445 16.579 16.774 19.646 22.837 25.988 29.052 32.028 34.915 37.715 40.427
5.338 5.116 4.884 4.642 5.117 7.288 9.396 11.441 13.423 15.341 17.197 18.989 20.718 22.384 23.987 25.526 26.825 27.791 28.701 29.557 30.357 31.103 31.793 32.428 33.008 33.533 34.003 34.418 34.135 33.183 32.261 31.369 30.509 29.678 28.879 28.109 27.371 26.662 25.985 25.338 24.558 23.693 22.859 22.058 21.288 20.550 19.844 19.170 18.528 17.917 17.339 16.792 16.447 16.241 16.096 16.012 15.990 16.029 16.181 16.645 17.082 17.494 17.879 18.239 20.650 23.586 26.434 29.194 31.866 34.450 36.946 39.354
6.138 5.881 5.614 5.338 5.372 7.324 9.213 11.039 12.802 14.501 16.138 17.711 19.221 20.668 22.052 23.373 24.529 25.304 26.024 26.688 27.298 27.853 28.353 28.798 29.187 29.522 29.801 30.026 29.850 29.004 28.188 27.403 26.649 25.925 25.231 24.569 23.936 23.334 22.763 22.222 21.591 20.836 20.113 19.422 18.763 18.136 17.540 16.977 16.445 15.945 15.477 15.173 15.576 16.105 16.607 17.084 17.535 17.961 18.360 18.734 19.081 19.403 19.699 19.969 21.785 24.417 26.962 29.418 31.787 34.067 36.260 38.365
6.948 6.656 6.355 6.044 5.722 7.428 9.098 10.705 12.249 13.730 15.148 16.502 17.794 19.022 20.188 21.290 22.293 22.878 23.407 23.882 24.301 24.665 24.975 25.229 25.429 25.573 25.662 25.697 25.538 24.799 24.089 23.411 22.763 22.145 21.558 21.001 20.475 19.979 19.514 19.079 18.595 17.951 17.338 16.758 16.352 16.370 16.453 16.602 16.816 17.096 17.442 17.854 18.315 18.754 19.167 19.554 19.916 20.251 20.561 20.845 21.103 21.335 21.542 21.722 23.003 25.332 27.573 29.726 31.791 33.769 35.658 37.460
7.768 7.442 7.106 6.760 6.404 7.601 9.052 10.440 11.765 13.027 14.226 15.363 16.435 17.445 18.392 19.276 20.097 20.513 20.852 21.136 21.365 21.540 21.659 21.723 21.732 21.686 21.586 21.430 21.200 20.567 19.964 19.392 18.850 18.338 17.857 17.406 16.986 16.759 16.851 16.958 17.052 17.034 17.082 17.195 17.374 17.619 17.929 18.306 18.747 19.255 19.827 20.466 21.076 21.426 21.749 22.047 22.318 22.564 22.784 22.979 23.147 23.290 23.407 23.498 24.303 26.329 28.267 30.117 31.879 33.553 35.140 36.638
8.598 8.237 7.866 7.486 7.095 7.841 9.074 10.243 11.350 12.394 13.374 14.292 15.146 15.938 16.667 17.332 17.935 18.210 18.359 18.453 18.491 18.475 18.404 18.279 18.098 17.862 17.571 17.226 16.825 16.309 16.034 16.075 16.130 16.199 16.284 16.383 16.497 16.625 16.768 16.926 17.098 17.307 17.583 17.923 18.329 18.801 19.339 19.942 20.611 21.345 22.145 23.010 23.860 24.119 24.353 24.561 24.743 24.900 25.030 25.135 25.214 25.267 25.295 25.297 25.686 27.408 29.043 30.590 32.049 33.421 34.705 35.901
9.438 9.042 8.637 8.222 7.797 8.150 9.164 10.115 11.003 11.828 12.591 13.290 13.926 14.500 15.010 15.458 15.842 15.968 15.926 15.830 15.679 15.473 15.212 15.105 15.179 15.245 15.304 15.354 15.396 15.453 15.530 15.621 15.727 15.848 15.983 16.133 16.297 16.476 16.670 16.878 17.101 17.514 18.016 18.584 19.217 19.916 20.681 21.511 22.406 23.367 24.394 25.486 26.644 26.835 26.980 27.098 27.191 27.258 27.299 27.314 27.304 27.268 27.206 27.118 27.151 28.570 29.902 31.146 32.303 33.372 34.353 35.246
10.288 9.858 9.418 8.968 8.509 8.526 9.322 10.055 10.725 11.332 11.876 12.357 12.775 13.131 13.423 13.652 13.966 14.210 14.305 14.392 14.471 14.541 14.604 14.658 14.705 14.743 14.774 14.796 14.810 14.883 15.011 15.153 15.310 15.481 15.667 15.868 16.083 16.313 16.557 16.816 17.090 17.654 18.384 19.178 20.038 20.964 21.955 23.012 24.134 25.322 26.575 27.894 29.278 29.573 29.628 29.657 29.660 29.638 29.590 29.516 29.416 29.290 29.139 28.962 28.759 29.815 30.844 31.785 32.639 33.406 34.084 34.675
11.148 10.683 10.209 9.725 9.230 8.971 9.548 10.063 10.515 11.011 11.515 11.982 12.411 12.803 13.157 13.473 13.752 13.940 14.007 14.066 14.117 14.160 14.195 14.221 14.240 14.250 14.253 14.247 14.233 14.299 14.477 14.670 14.878 15.100 15.337 15.588 15.854 16.134 16.430 16.739 17.064 17.728 18.684 19.705 20.792 21.945 23.162 24.446 25.795 27.209 28.689 30.234 31.845 32.334 32.299 32.239 32.152 32.040 31.903 31.739 31.550 31.335 31.095 30.828 30.536 31.141 31.868 32.507 33.059 33.523 33.899 34.188
12.018 11.519 11.026 10.578 10.177 9.878 10.402 10.889 11.338 11.749 12.123 12.460 12.759 13.020 13.244 13.430 13.578 13.680 13.719 13.750 13.773 13.787 13.794 13.793 13.784 13.766 13.741 13.707 13.665 13.700 13.929 14.173 14.431 14.704 14.991 15.293 15.610 15.941 16.287 16.648 17.023 17.735 18.918 20.166 21.479 22.858 24.302 25.812 27.387 29.028 30.734 32.506 34.343 35.116 34.992 34.842 34.667 34.465 34.238 33.986 33.707 33.403 33.073 32.718 32.336 32.550 32.974 33.311 33.561 33.621 33.637 33.653
12.666 12.286 11.952 11.665 11.424 11.229 11.570 11.927 12.246 12.527 12.771 12.977 13.146 13.277 13.370 13.426 13.445 13.428 13.439 13.442 13.437 13.424 13.403 13.374 13.336 13.291 13.238 13.176 13.107 13.087 13.367 13.661 13.970 14.294 14.632 14.984 15.352 15.734 16.130 16.541 16.967 17.676 19.085 20.559 22.099 23.705 25.375 27.112 28.913 30.780 32.712 34.710 36.773 37.921 37.707 37.468 37.203 36.913 36.597 36.255 35.887 35.494 34.802 34.014 33.207 32.842 32.857 32.873 32.890 32.906 32.923 32.940
13.219 12.999 12.826 12.699 12.618 12.584 12.778 13.005 13.193 13.344 13.458 13.534 13.572 13.573 13.537 13.463 13.351 13.202 13.168 13.143 13.110 13.069 13.020 12.963 12.898 12.825 12.744 12.655 12.557 12.459 12.790 13.135 13.494 13.868 14.257 14.661 15.078 15.511 15.958 16.420 16.896 17.550 19.185 20.886 22.653 24.484 26.381 28.344 30.371 32.464 34.623 36.847 39.136 40.747 40.445 39.814 39.100 38.366 37.611 36.835 36.038 35.221 34.383 33.524 32.644 32.122 32.139 32.156 32.174 32.191 32.209 32.228
13.721 13.661 13.648 13.682 13.761 13.887 14.026 14.122 14.180 14.201 14.185 14.131 14.039 13.910 13.744 13.540 13.298 13.019 12.906 12.853 12.792 12.724 12.647 12.562 12.469 12.368 12.259 12.142 12.017 11.884 12.198 12.594 13.004 13.429 13.868 14.322 14.790 15.274 15.771 16.283 16.810 17.358 19.220 21.147 23.139 25.197 27.320 29.508 31.572 33.615 35.660 37.709 39.759 41.426 40.681 39.917 39.131 38.325 37.498 36.651 35.782 34.894 33.984 33.054 32.103 31.404 31.422 31.440 31.459 31.477 31.496 31.516
14.171 14.272 14.419 14.612 14.852 15.138 15.313 15.278 15.207 15.098 14.951 14.767 14.546 14.287 13.990 13.656 13.285 12.876 12.652 12.572 12.483 12.387 12.282 12.169 12.049 11.920 11.783 11.638 11.485 11.324 11.592 12.038 12.499 12.974 13.464 13.969 14.488 15.022 15.570 16.133 16.710 17.308 19.139 21.176 23.216 25.258 27.302 29.350 31.399 33.452 35.507 37.565 39.625 41.688 40.875 40.039 39.182 38.304 37.406 36.487 35.547 34.587 33.606 32.605 31.582 30.686 30.705 30.724 30.744 30.764 30.784 30.804
14.569 14.830 15.138 15.491 15.891 16.337 16.639 16.474 16.273 16.034 15.757 15.444 15.092 14.703 14.277 13.813 13.312 12.773 12.408 12.300 12.183 12.059 11.926 11.786 11.637 11.481 11.316 11.144 10.963 10.774 10.971 11.468 11.980 12.506 13.283 14.015 14.696 15.325 15.903 16.430 16.905 17.328 18.906 20.952 23.002 25.053 27.107 29.164 31.224 33.286 35.351 37.418 39.488 41.561 41.090 40.182 39.253 38.304 37.334 36.344 35.333 34.301 33.249 32.176 31.082 29.968 29.988 30.009 30.030 30.051 30.072 30.094
14.916 15.338 15.805 16.318 16.878 17.484 18.004 17.710 17.378 17.009 16.603 16.159 15.678 15.160 14.604 14.010 13.379 12.711 12.172 12.036 11.892 11.740 11.580 11.411 11.235 11.051 10.870 11.014 11.189 11.393 11.865 12.625 13.334 13.991 14.597 15.152 15.655 16.107 16.507 16.857 17.154 17.401 18.670 20.726 22.785 24.846 26.910 28.976 31.045 33.117 35.191 37.268 39.348 41.430 41.324 40.345 39.345 38.324 37.283 36.221 35.139 34.036 32.912 31.768 30.603 29.417 29.273 29.294 29.316 29.338 29.361 29.383
