DATA/SHG/ECMWF/20170628/EN-5/20170703.en-5.asc
ncols        190
nrows        64
xllcorner    -5100000.000000000000
yllcorner    4130000.000000000000
cellsize     10000.000000000000
NODATA_value  -99999.000
[rows 0 to 31 of 64, columns 0 to 71 of 190]
1.971 1.957 1.942 1.927 1.911 1.894 1.877 1.859 1.841 1.784 1.719 1.657 1.598 1.542 1.490 1.441 1.396 1.354 1.316 1.297 1.286 1.273 1.262 1.255 1.252 1.253 1.258 1.267 1.280 1.296 1.317 1.341 1.369 1.472 1.615 1.753 1.884 2.010 2.130 2.244 2.352 2.454 2.551 2.641 2.726 2.763 2.769 2.785 2.810 2.844 2.888 2.941 3.003 3.074 3.155 3.246 3.345 3.465 3.592 3.709 3.816 3.912 3.998 4.073 4.138 4.193 4.237 4.271 4.295 4.345 4.459 4.586
1.786 1.769 1.753 1.735 1.717 1.698 1.679 1.659 1.638 1.596 1.542 1.492 1.468 1.447 1.429 1.414 1.402 1.392 1.386 1.382 1.380 1.381 1.384 1.391 1.402 1.416 1.435 1.457 1.484 1.514 1.548 1.587 1.629 1.712 1.834 1.951 2.062 2.167 2.266 2.360 2.447 2.529 2.605 2.674 2.738 2.787 2.826 2.875 2.932 3.000 3.076 3.162 3.257 3.361 3.474 3.597 3.730 3.856 3.947 4.027 4.098 4.157 4.207 4.246 4.274 4.293 4.300 4.298 4.285 4.306 4.465 4.637
1.601 1.583 1.564 1.544 1.527 1.526 1.527 1.530 1.536 1.530 1.511 1.495 1.481 1.470 1.462 1.457 1.454 1.455 1.458 1.464 1.472 1.484 1.501 1.522 1.546 1.575 1.607 1.644 1.684 1.728 1.776 1.828 1.884 1.958 2.060 2.156 2.246 2.330 2.409 2.482 2.548 2.609 2.664 2.714 2.757 2.802 2.874 2.955 3.046 3.145 3.254 3.373 3.501 3.637 3.784 3.939 4.104 4.257 4.311 4.355 4.389 4.412 4.425 4.428 4.420 4.402 4.373 4.334 4.318 4.329 4.537 4.734
1.457 1.455 1.455 1.457 1.461 1.468 1.478 1.489 1.503 1.511 1.501 1.495 1.491 1.490 1.492 1.496 1.504 1.514 1.527 1.542 1.561 1.584 1.614 1.649 1.687 1.729 1.775 1.825 1.879 1.937 1.999 2.064 2.134 2.209 2.290 2.366 2.435 2.499 2.557 2.609 2.655 2.695 2.730 2.758 2.781 2.808 2.912 3.026 3.149 3.282 3.424 3.575 3.735 3.905 4.084 4.272 4.469 4.667 4.685 4.693 4.690 4.682 4.673 4.661 4.648 4.634 4.617 4.599 4.579 4.558 4.725 4.884
1.356 1.361 1.370 1.380 1.393 1.408 1.426 1.446 1.468 1.488 1.489 1.492 1.498 1.507 1.518 1.533 1.550 1.570 1.593 1.618 1.647 1.679 1.723 1.771 1.823 1.879 1.939 2.003 2.070 2.142 2.217 2.297 2.380 2.466 2.527 2.582 2.631 2.674 2.711 2.742 2.768 2.788 2.801 2.809 2.811 2.808 2.941 3.088 3.244 3.409 3.583 3.767 3.960 4.160 4.362 4.572 4.788 5.011 5.023 5.013 5.000 4.987 4.971 4.954 4.935 4.914 4.891 4.867 4.841 4.814 4.922 5.044
1.251 1.266 1.282 1.301 1.322 1.346 1.371 1.400 1.430 1.463 1.473 1.486 1.502 1.521 1.542 1.566 1.593 1.623 1.656 1.691 1.729 1.770 1.827 1.889 1.955 2.025 2.098 2.176 2.257 2.342 2.432 2.525 2.622 2.722 2.769 2.803 2.832 2.854 2.871 2.881 2.886 2.885 2.879 2.866 2.847 2.823 2.961 3.138 3.323 3.515 3.713 3.919 4.132 4.352 4.579 4.813 5.054 5.302 5.347 5.330 5.312 5.292 5.271 5.247 5.222 5.195 5.167 5.137 5.105 5.071 5.129 5.214
1.145 1.167 1.192 1.219 1.249 1.280 1.315 1.351 1.390 1.431 1.454 1.477 1.503 1.532 1.563 1.597 1.634 1.673 1.716 1.761 1.809 1.859 1.927 2.003 2.083 2.166 2.253 2.344 2.440 2.539 2.641 2.748 2.859 2.973 3.017 3.030 3.038 3.040 3.036 3.005 2.963 2.926 2.896 2.871 2.851 2.838 2.971 3.174 3.383 3.600 3.823 4.054 4.291 4.536 4.788 5.047 5.312 5.585 5.672 5.649 5.625 5.599 5.571 5.542 5.511 5.478 5.444 5.407 5.369 5.330 5.346 5.393
1.036 1.067 1.100 1.135 1.173 1.213 1.255 1.300 1.347 1.396 1.433 1.466 1.501 1.539 1.580 1.624 1.671 1.720 1.772 1.827 1.885 1.945 2.023 2.113 2.206 2.303 2.404 2.509 2.618 2.730 2.847 2.967 3.044 3.101 3.089 3.038 2.993 2.953 2.920 2.892 2.870 2.854 2.843 2.839 2.840 2.847 2.975 3.202 3.436 3.678 3.926 4.181 4.444 4.713 4.990 5.273 5.564 5.861 5.998 5.970 5.939 5.907 5.874 5.838 5.801 5.762 5.722 5.679 5.635 5.590 5.572 5.582
0.924 0.963 1.005 1.048 1.094 1.143 1.194 1.247 1.302 1.360 1.408 1.451 1.496 1.544 1.595 1.649 1.705 1.764 1.826 1.891 1.958 2.028 2.115 2.218 2.325 2.407 2.483 2.553 2.618 2.678 2.732 2.781 2.826 2.864 2.867 2.837 2.812 2.793 2.780 2.772 2.771 2.775 2.785 2.801 2.823 2.850 2.971 3.223 3.482 3.748 4.022 4.302 4.589 4.883 5.184 5.492 5.808 6.130 6.326 6.291 6.255 6.217 6.177 6.135 6.092 6.047 6.001 5.953 5.903 5.851 5.808 5.781
0.811 0.858 0.908 0.959 1.014 1.070 1.129 1.191 1.254 1.320 1.381 1.433 1.488 1.546 1.607 1.670 1.736 1.803 1.861 1.921 1.984 2.049 2.120 2.192 2.260 2.322 2.379 2.431 2.478 2.519 2.556 2.587 2.613 2.633 2.640 2.630 2.625 2.627 2.634 2.647 2.666 2.691 2.721 2.758 2.800 2.848 2.961 3.238 3.521 3.812 4.110 4.415 4.727 5.046 5.371 5.704 6.044 6.391 6.654 6.614 6.571 6.527 6.481 6.434 6.385 6.334 6.281 6.227 6.171 6.113 6.054 5.990
0.694 0.750 0.808 0.868 0.931 0.995 1.063 1.132 1.204 1.278 1.346 1.395 1.447 1.501 1.557 1.616 1.678 1.742 1.808 1.877 1.949 2.023 2.095 2.150 2.199 2.243 2.282 2.315 2.344 2.367 2.385 2.398 2.405 2.408 2.407 2.417 2.433 2.455 2.483 2.516 2.556 2.601 2.652 2.709 2.771 2.839 2.943 3.245 3.553 3.869 4.191 4.521 4.857 5.201 5.551 5.909 6.274 6.645 6.984 6.937 6.889 6.839 6.787 6.734 6.678 6.621 6.563 6.503 6.441 6.377 6.310 6.209
0.576 0.639 0.706 0.776 0.847 0.916 0.982 1.045 1.106 1.164 1.220 1.278 1.338 1.401 1.466 1.534 1.605 1.677 1.753 1.831 1.911 1.994 2.076 2.112 2.143 2.169 2.190 2.205 2.215 2.220 2.220 2.214 2.203 2.188 2.168 2.199 2.235 2.278 2.326 2.380 2.440 2.505 2.576 2.654 2.736 2.825 2.920 3.245 3.578 3.918 4.265 4.619 4.981 5.349 5.724 6.106 6.496 6.892 7.295 7.262 7.208 7.152 7.094 7.035 6.973 6.910 6.846 6.739 6.597 6.448 6.291 6.172
0.511 0.581 0.648 0.713 0.775 0.834 0.891 0.945 0.997 1.046 1.092 1.158 1.227 1.299 1.373 1.450 1.529 1.611 1.695 1.782 1.871 1.963 2.057 2.081 2.093 2.101 2.103 2.100 2.092 2.079 2.060 2.036 2.007 1.973 1.934 1.975 2.032 2.095 2.163 2.238 2.318 2.404 2.495 2.593 2.696 2.805 2.920 3.237 3.595 3.960 4.332 4.711 5.097 5.490 5.890 6.297 6.711 7.132 7.560 7.589 7.492 7.375 7.250 7.119 6.980 6.834 6.681 6.521 6.353 6.179 5.997 5.962
0.478 0.539 0.597 0.652 0.705 0.755 0.803 0.848 0.890 0.930 0.967 1.035 1.113 1.194 1.277 1.362 1.451 1.541 1.634 1.730 1.828 1.929 2.032 2.055 2.049 2.038 2.022 2.001 1.975 1.943 1.906 1.864 1.817 1.765 1.707 1.745 1.823 1.906 1.995 2.090 2.190 2.296 2.408 2.526 2.650 2.779 2.915 3.223 3.606 3.995 4.392 4.795 5.206 5.657 6.091 6.501 6.885 7.244 7.579 7.590 7.455 7.313 7.163 7.007 6.843 6.672 6.494 6.309 6.117 5.918 5.711 5.720
0.448 0.500 0.548 0.595 0.638 0.679 0.718 0.754 0.787 0.817 0.845 0.910 0.997 1.086 1.178 1.273 1.370 1.469 1.571 1.676 1.782 1.892 2.004 2.034 2.010 1.981 1.947 1.907 1.863 1.813 1.758 1.698 1.632 1.562 1.486 1.510 1.608 1.712 1.821 1.936 2.057 2.183 2.316 2.454 2.598 2.748 3.045 3.476 3.973 4.445 4.892 5.314 5.711 6.083 6.429 6.751 7.048 7.320 7.567 7.585 7.425 7.258 7.083 6.902 6.713 6.517 6.314 6.104 5.887 5.663 5.432 5.447
0.421 0.463 0.503 0.540 0.575 0.606 0.636 0.662 0.686 0.708 0.727 0.782 0.878 0.976 1.077 1.180 1.286 1.394 1.505 1.619 1.734 1.853 1.973 2.019 1.977 1.929 1.877 1.819 1.756 1.688 1.615 1.537 1.453 1.365 1.271 1.270 1.388 1.511 1.651 1.868 2.108 2.372 2.658 2.969 3.303 3.660 4.040 4.452 4.861 5.245 5.604 5.939 6.248 6.532 6.792 7.026 7.235 7.419 7.579 7.587 7.402 7.209 7.010 6.804 6.590 6.370 6.142 5.907 5.665 5.416 5.160 5.142
0.397 0.430 0.460 0.488 0.514 0.536 0.556 0.574 0.589 0.601 0.611 0.652 0.757 0.864 0.973 1.086 1.200 1.317 1.437 1.559 1.684 1.811 1.940 2.009 1.949 1.883 1.813 1.737 1.656 1.569 1.478 1.387 1.312 1.244 1.182 1.210 1.438 1.690 1.965 2.264 2.586 2.932 3.301 3.693 4.109 4.548 5.011 5.451 5.772 6.069 6.341 6.587 6.809 7.006 7.178 7.325 7.446 7.543 7.615 7.595 7.385 7.168 6.944 6.713 6.474 6.229 5.976 5.717 5.450 5.176 4.895 4.806
0.375 0.399 0.421 0.440 0.456 0.469 0.480 0.489 0.494 0.497 0.498 0.519 0.633 0.749 0.867 0.988 1.112 1.237 1.366 1.497 1.630 1.766 1.904 2.005 1.916 1.818 1.726 1.642 1.563 1.491 1.426 1.367 1.315 1.269 1.230 1.253 1.564 1.898 2.255 2.636 3.040 3.467 3.918 4.393 4.890 5.411 5.956 6.473 6.707 6.916 7.100 7.260 7.394 7.503 7.588 7.647 7.682 7.691 7.676 7.611 7.376 7.134 6.885 6.629 6.366 6.095 5.818 5.534 5.242 4.943 4.638 4.438
0.357 0.372 0.384 0.394 0.401 0.405 0.407 0.406 0.403 0.397 0.388 0.384 0.506 0.631 0.758 0.888 1.020 1.150 1.274 1.393 1.506 1.615 1.719 1.811 1.729 1.654 1.586 1.524 1.468 1.419 1.377 1.341 1.311 1.288 1.272 1.272 1.665 2.081 2.520 2.983 3.469 3.979 4.511 5.068 5.647 6.250 6.876 7.519 7.665 7.787 7.884 7.956 8.003 8.025 8.022 7.994 7.941 7.864 7.761 7.633 7.373 7.107 6.833 6.552 6.264 5.969 5.667 5.357 5.041 4.718 4.387 4.050
0.341 0.347 0.350 0.351 0.349 0.344 0.337 0.327 0.314 0.299 0.293 0.288 0.410 0.541 0.668 0.789 0.905 1.016 1.123 1.224 1.320 1.412 1.498 1.580 1.536 1.484 1.438 1.399 1.367 1.340 1.321 1.308 1.301 1.301 1.307 1.320 1.742 2.240 2.761 3.306 3.874 4.465 5.080 5.718 6.379 7.064 7.772 8.503 8.647 8.681 8.691 8.676 8.635 8.570 8.480 8.365 8.225 8.060 7.870 7.655 7.378 7.086 6.788 6.482 6.169 5.849 5.522 5.188 4.847 4.499 4.144 3.782
0.329 0.325 0.319 0.320 0.320 0.319 0.316 0.312 0.306 0.300 0.292 0.282 0.368 0.482 0.591 0.695 0.794 0.888 0.977 1.061 1.140 1.214 1.283 1.348 1.337 1.308 1.285 1.268 1.258 1.255 1.258 1.268 1.284 1.306 1.335 1.371 1.795 2.375 2.978 3.605 4.254 4.928 5.624 6.344 7.087 7.853 8.643 9.456 9.652 9.599 9.522 9.419 9.291 9.139 8.962 8.759 8.532 8.280 8.003 7.701 7.389 7.073 6.750 6.419 6.081 5.737 5.385 5.075 4.853 4.651 4.469 4.306
0.360 0.359 0.357 0.353 0.348 0.342 0.335 0.326 0.316 0.304 0.291 0.277 0.332 0.428 0.520 0.606 0.688 0.764 0.836 0.903 0.965 1.022 1.074 1.121 1.131 1.124 1.124 1.131 1.143 1.163 1.189 1.221 1.260 1.305 1.357 1.415 1.824 2.486 3.171 3.879 4.611 5.365 6.143 6.945 7.770 8.618 9.489 10.384 10.681 10.541 10.376 10.186 9.971 9.732 9.467 9.178 8.864 8.525 8.161 7.772 7.423 7.132 6.861 6.610 6.378 6.166 5.973 5.800 5.646 5.512 5.398 5.303
0.408 0.402 0.395 0.387 0.378 0.367 0.355 0.341 0.326 0.310 0.293 0.274 0.300 0.380 0.454 0.523 0.587 0.647 0.701 0.751 0.795 0.835 0.869 0.899 0.918 0.935 0.957 0.986 1.022 1.064 1.113 1.168 1.229 1.297 1.372 1.453 1.829 2.573 3.339 4.129 4.942 5.779 6.639 7.522 8.428 9.358 10.311 11.287 11.733 11.506 11.254 10.977 10.675 10.257 9.800 9.370 8.968 8.593 8.244 7.923 7.652 7.430 7.227 7.043 6.880 6.735 6.611 6.506 6.420 6.354 6.307 6.280
0.457 0.447 0.435 0.422 0.408 0.393 0.376 0.358 0.338 0.318 0.296 0.272 0.275 0.336 0.393 0.445 0.492 0.534 0.571 0.604 0.631 0.653 0.671 0.683 0.699 0.738 0.784 0.836 0.894 0.959 1.030 1.108 1.192 1.283 1.380 1.484 1.810 2.635 3.484 4.355 5.250 6.168 7.109 8.074 9.062 10.073 10.928 11.695 12.037 11.540 11.070 10.626 10.210 9.821 9.459 9.124 8.816 8.535 8.281 8.054 7.862 7.708 7.573 7.458 7.362 7.286 7.229 7.192 7.174 7.176 7.197 7.238
0.508 0.493 0.477 0.459 0.440 0.420 0.399 0.376 0.352 0.326 0.300 0.272 0.254 0.298 0.338 0.373 0.402 0.427 0.447 0.462 0.472 0.477 0.477 0.473 0.474 0.536 0.604 0.678 0.759 0.847 0.941 1.041 1.148 1.262 1.381 1.508 1.767 2.674 3.604 4.529 5.420 6.275 7.096 7.881 8.631 9.347 10.027 10.672 11.104 10.701 10.325 9.976 9.654 9.360 9.092 8.851 8.638 8.451 8.291 8.159 8.053 7.966 7.900 7.852 7.825 7.816 7.827 7.858 7.908 7.978 8.067 8.176
0.560 0.540 0.520 0.497 0.474 0.449 0.423 0.396 0.367 0.337 0.305 0.273 0.239 0.266 0.288 0.306 0.318 0.326 0.328 0.326 0.319 0.307 0.290 0.268 0.242 0.326 0.417 0.514 0.618 0.728 0.845 0.970 1.174 1.378 1.582 1.785 2.005 2.878 3.717 4.520 5.288 6.021 6.719 7.383 8.011 8.604 9.162 9.685 10.144 9.836 9.555 9.300 9.073 8.872 8.699 8.553 8.433 8.341 8.276 8.237 8.224 8.206 8.207 8.228 8.268 8.328 8.407 8.505 8.623 8.761 8.918 9.095
0.622 0.589 0.564 0.537 0.509 0.479 0.449 0.417 0.383 0.348 0.312 0.275 0.236 0.239 0.244 0.244 0.239 0.229 0.215 0.195 0.171 0.142 0.107 0.068 0.040 0.226 0.431 0.636 0.840 1.044 1.248 1.452 1.655 1.858 2.061 2.263 2.465 3.148 3.864 4.546 5.192 5.803 6.379 6.920 7.426 7.897 8.333 8.734 9.100 8.946 8.759 8.598 8.465 8.359 8.280 8.228 8.203 8.205 8.233 8.289 8.372 8.426 8.496 8.584 8.692 8.819 8.966 9.133 9.319 9.524 9.749 9.993
0.688 0.640 0.609 0.578 0.545 0.511 0.476 0.439 0.401 0.362 0.321 0.279 0.236 0.217 0.205 0.188 0.166 0.159 0.197 0.242 0.291 0.347 0.408 0.474 0.547 0.715 0.919 1.122 1.326 1.529 1.731 1.934 2.136 2.337 2.539 2.740 2.941 3.454 4.048 4.607 5.131 5.620 6.074 6.493 6.877 7.226 7.540 7.819 8.064 8.030 7.937 7.871 7.832 7.820 7.835 7.877 7.946 8.042 8.165 8.315 8.492 8.628 8.765 8.921 9.097 9.292 9.507 9.741 9.994 10.268 10.560 10.872
0.758 0.691 0.657 0.620 0.583 0.544 0.504 0.463 0.420 0.376 0.353 0.348 0.336 0.345 0.381 0.423 0.470 0.522 0.580 0.644 0.713 0.788 0.869 0.955 1.046 1.203 1.406 1.608 1.810 2.012 2.214 2.415 2.616 2.817 3.017 3.217 3.416 3.794 4.266 4.703 5.105 5.472 5.804 6.101 6.364 6.591 6.783 6.941 7.063 7.088 7.090 7.118 7.173 7.255 7.364 7.500 7.663 7.853 8.070 8.314 8.585 8.810 9.015 9.239 9.482 9.745 10.028 10.330 10.651 10.992 11.352 11.732
0.833 0.744 0.705 0.707 0.729 0.743 0.749 0.749 0.740 0.724 0.701 0.670 0.631 0.625 0.680 0.741 0.807 0.879 0.957 1.040 1.129 1.223 1.323 1.428 1.539 1.691 1.893 2.094 2.295 2.496 2.696 2.896 3.096 3.295 3.494 3.693 3.892 4.170 4.520 4.835 5.115 5.360 5.570 5.746 5.886 5.992 6.062 6.098 6.099 6.121 6.217 6.339 6.488 6.665 6.868 7.098 7.355 7.639 7.950 8.287 8.652 8.973 9.245 9.537 9.848 10.179 10.529 10.899 11.286 11.698 12.139 12.608
1.322 1.235 1.245 1.248 1.243 1.230 1.211 1.183 1.148 1.106 1.056 0.999 0.934 0.898 0.973 1.053 1.139 1.230 1.327 1.430 1.538 1.651 1.770 1.895 2.025 2.179 2.379 2.579 2.779 2.979 3.178 3.377 3.575 3.774 3.972 4.169 4.367 4.580 4.808 5.002 5.160 5.283 5.372 5.426 5.444 5.428 5.377 5.291 5.170 5.129 5.318 5.535 5.778 6.048 6.345 6.669 7.020 7.398 7.803 8.234 8.693 9.099 9.408 9.747 10.114 10.511 10.936 11.391 11.874 12.387 12.928 13.499
2.039 1.835 1.819 1.795 1.764 1.726 1.679 1.626 1.564 1.496 1.420 1.336 1.245 1.165 1.259 1.359 1.464 1.575 1.691 1.813 1.940 2.073 2.212 2.356 2.505 2.666 2.865 3.064 3.263 3.461 3.659 3.857 4.055 4.252 4.449 4.645 4.841 5.026 5.132 5.204 5.240 5.242 5.209 5.141 5.038 4.900 4.728 4.520 4.278 4.111 4.394 4.704 5.042 5.406 6.081 6.863 7.516 8.040 8.436 8.703 8.842 8.952 9.362 9.802 10.270 10.768 11.294 11.849 12.434 13.047 13.690 14.361
