DATA/SHG/ECMWF/20170628/EN-5/20170701.en-5.asc
ncols        190
nrows        64
xllcorner    -5100000.000000000000
yllcorner    4130000.000000000000
cellsize     10000.000000000000
NODATA_value  -99999.000
[rows 0 to 31 of 64, columns 72 to 143 of 190]
5.671 6.013 6.356 6.699 7.043 7.387 7.732 8.077 8.423 8.544 8.158 7.815 7.520 7.275 7.078 6.930 6.831 6.781 6.780 6.827 6.924 7.144 7.584 7.969 8.333 8.675 8.995 9.294 9.572 9.828 10.062 10.275 10.467 10.666 10.932 11.167 11.372 11.547 11.692 11.806 11.890 11.944 11.967 11.961 11.923 11.713 11.049 10.384 9.718 9.051 8.383 7.714 7.044 6.372 5.700 5.026 4.352 3.803 3.634 3.471 3.315 3.165 3.022 2.885 2.755 2.631 2.514 2.403 2.299 2.192 2.063 1.939
5.982 6.326 6.671 7.006 7.335 7.661 7.983 8.302 8.617 8.830 8.609 8.436 8.313 8.238 8.212 8.234 8.306 8.426 8.595 8.813 9.080 9.401 9.746 10.034 10.301 10.547 10.771 10.973 11.154 11.314 11.452 11.568 11.663 11.746 11.877 11.977 12.046 12.085 12.094 12.073 12.022 11.940 11.828 11.685 11.513 11.252 10.584 9.914 9.243 8.571 7.898 7.224 6.548 5.872 5.195 4.516 3.836 3.230 3.090 2.957 2.829 2.709 2.595 2.487 2.386 2.291 2.203 2.122 2.047 1.972 1.867 1.767
6.260 6.587 6.911 7.232 7.549 7.862 8.173 8.479 8.783 9.065 9.014 9.012 9.059 9.155 9.299 9.492 9.734 10.025 10.364 10.753 11.190 11.675 11.928 12.120 12.291 12.440 12.567 12.673 12.758 12.821 12.863 12.883 12.882 12.859 12.853 12.818 12.752 12.656 12.529 12.372 12.185 11.968 11.721 11.443 11.135 10.794 10.120 9.445 8.769 8.092 7.414 6.735 6.055 5.374 4.691 4.008 3.323 2.652 2.541 2.436 2.338 2.247 2.162 2.083 2.011 1.946 1.887 1.835 1.789 1.776 1.750 1.727
6.525 6.840 7.152 7.461 7.766 8.067 8.365 8.660 8.951 9.239 9.374 9.543 9.760 10.026 10.341 10.704 11.116 11.577 12.087 12.645 13.252 13.908 14.131 14.227 14.301 14.354 14.385 14.395 14.383 14.350 14.296 14.220 14.122 14.003 13.862 13.691 13.490 13.258 12.996 12.704 12.382 12.029 11.646 11.233 10.790 10.317 9.659 8.979 8.298 7.616 6.933 6.249 5.564 4.877 4.190 3.501 2.812 2.121 1.985 1.910 1.895 1.929 1.960 1.988 2.012 2.032 2.049 2.061 2.071 2.076 2.062 2.048
6.793 7.096 7.396 7.692 7.985 8.275 8.561 8.843 9.122 9.398 9.689 10.027 10.415 10.851 11.336 11.870 12.452 13.083 13.763 14.491 15.268 16.094 16.356 16.355 16.333 16.290 16.225 16.138 16.030 15.901 15.750 15.578 15.385 15.170 14.903 14.596 14.259 13.893 13.496 13.068 12.611 12.123 11.605 11.057 10.478 9.870 9.199 8.514 7.828 7.141 6.453 5.798 5.184 4.588 4.009 3.447 2.903 2.377 2.295 2.321 2.343 2.361 2.376 2.387 2.395 2.399 2.399 2.396 2.389 2.378 2.371 2.367
7.063 7.355 7.642 7.927 8.207 8.485 8.759 9.029 9.296 9.560 9.958 10.467 11.025 11.631 12.286 12.990 13.742 14.543 15.392 16.290 17.237 18.232 18.602 18.505 18.386 18.247 18.086 17.903 17.699 17.474 17.227 16.959 16.669 16.358 15.975 15.533 15.061 14.559 14.027 13.465 12.872 12.249 11.561 10.851 10.150 9.460 8.806 8.182 7.576 6.987 6.416 5.863 5.327 4.808 4.307 3.823 3.357 2.909 2.778 2.788 2.794 2.796 2.795 2.790 2.781 2.769 2.753 2.733 2.710 2.684 2.678 2.683
7.337 7.616 7.892 8.164 8.433 8.698 8.960 9.218 9.473 9.725 10.182 10.861 11.589 12.365 13.190 14.063 14.986 15.956 16.975 18.043 19.159 20.324 20.868 20.675 20.461 20.225 19.968 19.689 19.389 19.068 18.725 18.361 17.975 17.411 16.715 15.970 15.235 14.510 13.794 13.089 12.393 11.706 11.030 10.363 9.706 9.058 8.462 7.916 7.388 6.877 6.384 5.909 5.450 5.010 4.587 4.181 3.793 3.422 3.265 3.258 3.248 3.234 3.217 3.195 3.170 3.142 3.110 3.074 3.035 2.992 2.981 2.996
7.613 7.880 8.144 8.404 8.661 8.914 9.164 9.410 9.653 9.892 10.361 11.210 12.107 13.054 14.048 15.091 16.183 17.323 18.512 19.749 21.035 22.369 23.156 22.867 22.242 21.506 20.792 20.101 19.432 18.787 18.163 17.563 16.985 16.430 15.827 15.126 14.435 13.753 13.080 12.418 11.765 11.122 10.489 9.865 9.251 8.647 8.100 7.632 7.182 6.749 6.334 5.936 5.556 5.193 4.848 4.520 4.210 3.917 3.755 3.732 3.705 3.675 3.641 3.604 3.563 3.518 3.470 3.418 3.363 3.303 3.283 3.307
7.892 8.147 8.399 8.647 8.892 9.133 9.371 9.605 9.836 10.063 10.495 11.513 12.581 13.696 14.861 16.073 17.263 18.165 19.018 19.823 20.579 21.287 21.665 20.984 20.326 19.691 19.079 18.489 17.922 17.377 16.855 16.356 15.880 15.426 14.931 14.273 13.625 12.986 12.357 11.738 11.128 10.529 9.939 9.358 8.788 8.227 7.720 7.330 6.957 6.603 6.265 5.945 5.643 5.358 5.090 4.840 4.608 4.393 4.248 4.209 4.166 4.119 4.069 4.016 3.959 3.898 3.833 3.765 3.694 3.618 3.581 3.615
8.174 8.417 8.657 8.893 9.125 9.354 9.580 9.802 10.021 10.223 10.515 11.539 12.515 13.442 14.321 15.151 15.932 16.665 17.350 17.985 18.573 19.111 19.524 18.944 18.388 17.854 17.343 16.854 16.388 15.945 15.524 15.126 14.751 14.398 14.025 13.411 12.805 12.210 11.624 11.048 10.482 9.926 9.379 8.842 8.314 7.796 7.322 7.010 6.715 6.438 6.178 5.936 5.712 5.504 5.315 5.142 4.987 4.850 4.744 4.688 4.629 4.567 4.501 4.431 4.357 4.280 4.200 4.116 4.028 3.936 3.878 3.921
8.459 8.690 8.903 9.094 9.277 9.454 9.624 9.787 9.943 10.093 10.245 11.100 11.906 12.664 13.374 14.035 14.647 15.211 15.727 16.194 16.612 16.982 17.340 16.882 16.427 15.994 15.584 15.197 14.832 14.490 14.170 13.873 13.599 13.347 13.110 12.539 11.977 11.425 10.882 10.350 9.826 9.313 8.809 8.315 7.831 7.356 6.906 6.671 6.455 6.255 6.073 5.909 5.762 5.632 5.520 5.426 5.348 5.289 5.243 5.171 5.096 5.017 4.935 4.849 4.759 4.666 4.569 4.469 4.365 4.257 4.171 4.224
8.592 8.772 8.945 9.112 9.272 9.425 9.571 9.711 9.843 9.969 10.089 10.705 11.343 11.932 12.472 12.965 13.408 13.803 14.150 14.448 14.698 14.900 15.087 14.797 14.443 14.112 13.803 13.516 13.252 13.011 12.793 12.597 12.423 12.272 12.144 11.658 11.139 10.630 10.131 9.641 9.161 8.691 8.230 7.780 7.338 6.907 6.485 6.315 6.176 6.054 5.950 5.863 5.794 5.742 5.708 5.690 5.691 5.709 5.744 5.657 5.566 5.471 5.372 5.270 5.164 5.055 4.942 4.826 4.705 4.631 4.641 4.877
8.688 8.844 8.994 9.137 9.273 9.402 9.525 9.641 9.750 9.852 9.948 10.356 10.824 11.244 11.616 11.940 12.215 12.441 12.619 12.749 12.830 12.863 12.881 12.690 12.437 12.206 11.998 11.813 11.650 11.510 11.392 11.297 11.224 11.174 11.147 10.768 10.292 9.826 9.370 8.924 8.487 8.060 7.642 7.234 6.836 6.448 6.069 5.941 5.879 5.835 5.809 5.800 5.808 5.833 5.876 5.937 6.015 6.110 6.223 6.146 6.022 5.899 5.803 5.734 5.692 5.678 5.691 5.731 5.798 5.893 6.015 6.430
8.789 8.922 9.048 9.168 9.280 9.386 9.485 9.577 9.663 9.742 9.814 10.051 10.351 10.602 10.805 10.960 11.066 11.124 11.134 11.095 11.008 10.873 10.722 10.560 10.408 10.278 10.171 10.087 10.025 9.985 9.968 9.974 10.002 10.053 10.127 9.868 9.436 9.013 8.600 8.196 7.803 7.419 7.044 6.679 6.324 5.979 5.643 5.549 5.565 5.598 5.649 5.726 5.813 5.895 5.972 6.043 6.109 6.169 6.225 6.196 6.167 6.164 6.189 6.241 6.321 6.427 6.561 6.722 6.911 7.126 7.369 7.938
8.897 9.007 9.109 9.205 9.294 9.376 9.452 9.520 9.582 9.637 9.686 9.791 9.922 10.005 10.039 10.026 9.964 9.853 9.695 9.488 9.232 8.928 8.608 8.408 8.357 8.328 8.321 8.338 8.377 8.438 8.522 8.628 8.757 8.909 9.083 8.960 8.570 8.190 7.820 7.460 7.109 6.768 6.466 6.207 5.963 5.736 5.524 5.495 5.580 5.659 5.733 5.802 5.866 5.924 5.977 6.025 6.068 6.105 6.137 6.192 6.283 6.402 6.548 6.721 6.921 7.148 7.403 7.685 7.994 8.330 8.693 9.398
9.012 9.097 9.176 9.248 9.314 9.372 9.424 9.469 9.508 9.539 9.564 9.575 9.538 9.452 9.319 9.137 8.906 8.628 8.301 7.926 7.502 7.030 6.541 6.233 6.283 6.355 6.449 6.566 6.706 6.868 7.052 7.259 7.489 7.775 8.085 8.131 7.831 7.547 7.279 7.026 6.790 6.570 6.365 6.177 6.004 5.847 5.707 5.670 5.731 5.787 5.838 5.884 5.924 5.959 5.988 6.013 6.032 6.046 6.054 6.159 6.372 6.611 6.878 7.172 7.493 7.841 8.216 8.619 9.048 9.505 9.989 10.813
9.132 9.194 9.249 9.298 9.340 9.375 9.403 9.425 9.440 9.448 9.449 9.404 9.199 8.945 8.643 8.293 7.894 7.448 6.953 6.409 5.818 5.178 4.520 4.036 4.318 4.695 5.057 5.405 5.738 6.055 6.359 6.647 6.920 7.179 7.423 7.517 7.288 7.075 6.878 6.696 6.531 6.381 6.248 6.130 6.028 5.942 5.872 5.850 5.888 5.921 5.948 5.970 5.987 5.999 6.005 6.006 6.002 5.992 5.978 6.099 6.432 6.793 7.180 7.594 8.036 8.505 9.001 9.524 10.074 10.651 11.256 12.180
9.259 9.297 9.329 9.354 9.372 9.384 9.389 9.387 9.378 9.363 9.340 9.278 8.904 8.482 8.012 7.494 6.936 6.473 6.022 5.582 5.154 4.738 4.331 4.005 4.331 4.642 4.939 5.220 5.487 5.740 5.977 6.200 6.408 6.601 6.779 6.887 6.729 6.586 6.460 6.349 6.255 6.176 6.113 6.066 6.035 6.020 6.021 6.036 6.050 6.060 6.064 6.062 6.056 6.044 6.027 6.005 5.977 5.944 5.906 6.011 6.465 6.946 7.454 7.989 8.551 9.140 9.757 10.400 11.071 11.769 12.494 13.502
9.391 9.406 9.415 9.416 9.411 9.399 9.380 9.355 9.323 9.275 9.187 9.111 8.639 8.170 7.712 7.266 6.832 6.410 6.000 5.601 5.214 4.839 4.473 4.115 4.360 4.606 4.837 5.053 5.254 5.441 5.612 5.769 5.912 6.039 6.152 6.240 6.153 6.081 6.026 5.986 5.962 5.954 5.962 5.985 6.025 6.080 6.152 6.227 6.218 6.204 6.184 6.160 6.130 6.095 6.054 6.009 5.958 5.902 5.840 5.895 6.470 7.071 7.699 8.355 9.038 9.747 10.484 11.248 12.039 12.858 13.703 14.777
9.530 9.522 9.474 9.346 9.229 9.124 9.030 8.949 8.878 8.820 8.773 8.737 8.360 7.932 7.515 7.111 6.718 6.336 5.967 5.609 5.264 4.930 4.605 4.288 4.406 4.586 4.751 4.902 5.037 5.158 5.264 5.356 5.432 5.494 5.541 5.574 5.561 5.560 5.575 5.605 5.652 5.715 5.793 5.888 5.998 6.124 6.266 6.423 6.391 6.353 6.311 6.263 6.209 6.151 6.087 6.018 5.944 5.865 5.780 5.752 6.446 7.168 7.917 8.693 9.496 10.326 11.183 12.068 12.979 13.918 14.883 16.005
8.935 8.824 8.725 8.637 8.561 8.496 8.444 8.402 8.373 8.355 8.348 8.353 8.071 7.684 7.308 6.944 6.592 6.252 5.924 5.607 5.302 5.009 4.726 4.450 4.468 4.583 4.682 4.767 4.837 4.893 4.933 4.959 4.970 4.967 4.948 4.915 4.952 5.021 5.107 5.208 5.326 5.459 5.608 5.773 5.954 6.150 6.363 6.591 6.569 6.508 6.442 6.371 6.294 6.213 6.126 6.033 5.936 5.833 5.725 5.612 6.395 7.237 8.106 9.003 9.926 10.876 11.854 12.858 13.890 14.949 16.068 17.254
8.095 8.024 7.966 7.919 7.883 7.859 7.847 7.846 7.857 7.880 7.914 7.959 7.772 7.425 7.091 6.768 6.457 6.158 5.870 5.595 5.331 5.079 4.836 4.602 4.547 4.596 4.630 4.649 4.654 4.644 4.619 4.579 4.525 4.456 4.372 4.273 4.326 4.466 4.623 4.795 4.983 5.186 5.406 5.641 5.893 6.160 6.443 6.742 6.752 6.668 6.579 6.485 6.385 6.280 6.169 6.054 5.933 5.807 5.676 5.540 6.316 7.444 8.789 10.090 11.345 12.555 13.719 14.839 15.913 16.942 17.926 18.864
7.245 7.215 7.197 7.190 7.195 7.212 7.240 7.280 7.331 7.394 7.469 7.555 7.462 7.157 6.863 6.581 6.311 6.053 5.806 5.571 5.348 5.137 4.936 4.743 4.643 4.626 4.594 4.548 4.487 4.412 4.321 4.216 4.096 3.962 3.813 3.649 3.684 3.895 4.122 4.364 4.623 4.897 5.187 5.493 5.815 6.152 6.506 6.875 6.941 6.834 6.721 6.604 6.560 6.685 6.880 7.145 7.479 7.883 8.356 8.899 9.959 11.149 12.294 13.394 14.448 15.458 16.422 17.341 18.214 19.043 19.826 20.565
6.385 6.396 6.418 6.452 6.497 6.555 6.623 6.704 6.796 6.899 7.014 7.141 7.142 6.878 6.625 6.384 6.155 5.937 5.732 5.538 5.356 5.185 5.025 4.873 4.754 4.672 4.575 4.464 4.337 4.196 4.041 3.870 3.685 3.485 3.270 3.041 3.026 3.307 3.604 3.917 4.246 4.591 4.951 5.363 5.828 6.280 6.718 7.143 7.392 7.548 7.773 8.067 8.432 8.865 9.369 9.941 10.584 11.295 12.077 12.928 13.906 14.895 15.840 16.739 17.593 18.402 19.166 19.885 20.558 21.186 21.770 22.307
5.515 5.566 5.629 5.704 5.790 5.887 5.997 6.117 6.250 6.394 6.549 6.716 6.812 6.588 6.376 6.176 5.988 5.811 5.647 5.493 5.352 5.223 5.104 4.993 4.883 4.735 4.573 4.396 4.204 3.998 3.776 3.541 3.290 3.025 2.815 2.718 2.820 3.319 3.805 4.278 4.737 5.183 5.615 6.034 6.440 6.832 7.211 7.576 7.956 8.420 8.953 9.556 10.228 10.970 11.781 12.662 13.612 14.632 15.721 16.879 17.893 18.683 19.427 20.126 20.780 21.388 21.952 22.470 22.944 23.372 23.755 24.093
4.636 4.727 4.831 4.946 5.072 5.210 5.360 5.521 5.694 5.878 6.074 6.282 6.471 6.288 6.117 5.958 5.811 5.675 5.551 5.439 5.338 5.250 5.171 5.102 5.027 4.843 4.705 4.577 4.457 4.347 4.245 4.152 4.068 3.993 3.928 3.871 3.920 4.360 4.787 5.200 5.600 5.986 6.359 6.719 7.065 7.398 7.717 8.023 8.446 9.217 10.059 10.969 11.950 12.999 14.118 15.307 16.564 17.892 19.288 20.754 21.922 22.511 23.055 23.554 24.008 24.416 24.780 25.098 25.372 25.600 25.783 25.921
3.756 3.879 4.022 4.178 4.345 4.523 4.713 4.915 5.128 5.353 5.589 5.837 6.096 5.978 5.848 5.730 5.623 5.533 5.490 5.471 5.477 5.507 5.553 5.612 5.690 5.588 5.490 5.401 5.321 5.250 5.188 5.135 5.091 5.056 5.029 5.012 5.034 5.414 5.781 6.135 6.475 6.802 7.116 7.416 7.703 7.977 8.237 8.484 8.861 9.941 11.090 12.308 13.596 14.953 16.379 17.875 19.441 21.075 22.779 24.553 25.992 26.381 26.725 27.023 27.277 27.486 27.649 27.768 27.841 27.870 27.853 27.791
2.889 3.020 3.204 3.400 3.607 3.826 4.057 4.299 4.552 4.817 5.102 5.410 5.695 5.683 5.628 5.597 5.589 5.607 5.648 5.713 5.803 5.916 6.047 6.191 6.354 6.323 6.265 6.215 6.175 6.143 6.121 6.107 6.102 6.107 6.120 6.142 6.173 6.481 6.789 7.083 7.364 7.632 7.886 8.127 8.355 8.569 8.770 8.958 9.202 10.589 12.046 13.572 15.167 16.832 18.565 20.369 22.241 24.183 26.194 28.274 30.102 30.291 30.435 30.534 30.588 30.597 30.561 30.480 30.353 30.182 29.966 29.704
2.031 2.152 2.376 2.660 3.046 3.409 3.751 4.070 4.367 4.642 4.894 5.124 5.333 5.400 5.428 5.481 5.558 5.658 5.784 5.933 6.106 6.303 6.518 6.747 6.994 7.046 7.028 7.018 7.017 7.025 7.042 7.068 7.103 7.146 7.199 7.261 7.331 7.561 7.810 8.045 8.267 8.475 8.670 8.852 9.020 9.175 9.317 9.445 9.560 11.164 12.928 14.761 16.663 18.635 20.676 22.786 24.966 27.214 29.532 31.920 34.254 34.243 34.187 34.086 33.941 33.750 33.514 33.233 32.907 32.536 32.121 31.660
2.076 2.328 2.681 3.012 3.320 3.607 3.871 4.113 4.333 4.531 4.706 4.860 4.991 5.094 5.207 5.343 5.504 5.688 5.897 6.130 6.387 6.668 6.968 7.281 7.613 7.759 7.780 7.809 7.848 7.896 7.952 8.017 8.092 8.175 8.267 8.368 8.478 8.654 8.844 9.020 9.182 9.331 9.467 9.590 9.699 9.794 9.877 9.946 10.002 11.664 13.735 15.875 18.085 20.363 22.711 25.128 27.614 30.170 32.795 35.489 38.252 38.236 37.980 37.680 37.334 36.944 36.509 36.028 35.503 34.933 34.318 33.658
2.679 2.854 3.130 3.384 3.615 3.825 4.012 4.177 4.320 4.441 4.539 4.616 4.670 4.767 4.963 5.184 5.428 5.696 5.989 6.306 6.646 7.011 7.395 7.792 8.209 8.461 8.521 8.590 8.668 8.755 8.851 8.956 9.070 9.192 9.324 9.464 9.614 9.761 9.891 10.007 10.111 10.201 10.277 10.341 10.391 10.427 10.451 10.461 10.457 12.090 14.468 16.915 19.431 22.016 24.671 27.395 30.188 33.050 35.981 38.981 42.051 42.269 41.814 41.343 40.863 40.310 39.685 38.987 38.217 37.375 36.459 35.472
3.286 3.400 3.599 3.776 3.930 4.063 4.173 4.261 4.327 4.371 4.393 4.392 4.370 4.419 4.698 5.002 5.331 5.683 6.059 6.459 6.884 7.332 7.799 8.282 8.783 9.151 9.251 9.360 9.477 9.604 9.739 9.883 10.036 10.199 10.370 10.550 10.738 10.880 10.951 11.008 11.053 11.083 11.101 11.105 11.096 11.073 11.038 10.989 10.926 12.442 15.127 17.880 20.703 23.595 26.746 30.312 33.781 37.154 40.430 43.611 46.695 47.163 46.507 45.778 44.977 44.103 43.157 42.138 41.047 39.883 38.647 37.338
