DATA/SHG/ECMWF/20170628/EN-5/20170630.en-5.asc
ncols        190
nrows        64
xllcorner    -5100000.000000000000
yllcorner    4130000.000000000000
cellsize     10000.000000000000
NODATA_value  -99999.000
[rows 0 to 32 of 64, columns 0 to 73 of 190]
8.720 8.596 8.486 8.389 8.306 8.237 8.182 8.140 8.112 8.209 8.341 8.467 8.589 8.706 8.818 8.926 9.029 9.128 9.222 9.196 9.135 9.130 9.148 9.165 9.182 9.197 9.211 9.224 9.236 9.247 9.258 9.267 9.275 9.172 8.990 8.797 8.594 8.380 8.155 7.920 7.674 7.417 7.149 6.871 6.583 6.351 6.181 6.016 5.854 5.697 5.545 5.397 5.253 5.114 4.980 4.849 4.723 4.565 4.369 4.180 4.000 3.827 3.663 3.506 3.356 3.215 3.081 2.955 2.837 2.786 2.849 2.935 3.044 3.177
9.064 8.989 8.927 8.879 8.844 8.823 8.816 8.822 8.842 8.926 9.040 9.150 9.081 9.010 8.941 8.876 8.814 8.755 8.699 8.646 8.596 8.582 8.597 8.611 8.623 8.635 8.646 8.655 8.664 8.672 8.678 8.684 8.688 8.592 8.372 8.142 7.901 7.649 7.387 7.114 6.831 6.536 6.232 5.916 5.590 5.324 5.170 5.020 4.874 4.733 4.597 4.464 4.336 4.213 4.094 3.979 3.869 3.741 3.573 3.412 3.259 3.114 2.976 2.847 2.725 2.611 2.505 2.406 2.315 2.285 2.429 2.596 2.785 2.998
9.393 9.366 9.352 9.352 9.332 9.179 9.032 8.891 8.755 8.651 8.582 8.515 8.452 8.391 8.334 8.279 8.228 8.180 8.135 8.093 8.054 8.036 8.048 8.058 8.067 8.075 8.082 8.088 8.094 8.098 8.101 8.103 8.104 8.023 7.766 7.499 7.220 6.931 6.631 6.321 6.000 5.668 5.326 4.973 4.609 4.295 4.156 4.022 3.892 3.766 3.645 3.529 3.417 3.309 3.205 3.106 3.012 2.911 2.770 2.637 2.511 2.394 2.284 2.182 2.087 2.000 1.922 1.850 1.834 1.850 2.078 2.301 2.519 2.730
9.161 9.005 8.856 8.712 8.574 8.442 8.316 8.196 8.081 7.987 7.928 7.872 7.820 7.770 7.724 7.680 7.640 7.603 7.569 7.538 7.510 7.492 7.500 7.507 7.513 7.517 7.521 7.523 7.525 7.526 7.525 7.524 7.521 7.467 7.172 6.867 6.551 6.225 5.888 5.540 5.181 4.812 4.432 4.042 3.641 3.262 3.139 3.020 2.906 2.796 2.691 2.590 2.494 2.402 2.314 2.231 2.152 2.075 1.962 1.856 1.764 1.756 1.747 1.737 1.726 1.713 1.700 1.685 1.669 1.652 1.857 2.061 2.259 2.451
8.314 8.179 8.051 7.928 7.811 7.700 7.595 7.495 7.402 7.320 7.272 7.227 7.186 7.147 7.111 7.079 7.050 7.023 7.000 6.980 6.963 6.950 6.955 6.958 6.960 6.961 6.961 6.960 6.958 6.955 6.952 6.947 6.940 6.922 6.590 6.248 5.894 5.530 5.156 4.771 4.375 3.968 3.551 3.123 2.685 2.236 2.119 2.016 1.918 1.824 1.734 1.649 1.568 1.520 1.565 1.603 1.634 1.658 1.652 1.643 1.632 1.620 1.607 1.593 1.578 1.561 1.544 1.525 1.505 1.484 1.642 1.826 2.005 2.178
7.462 7.349 7.241 7.139 7.043 6.952 6.868 6.790 6.717 6.650 6.614 6.580 6.549 6.521 6.497 6.475 6.457 6.441 6.429 6.420 6.413 6.410 6.411 6.411 6.409 6.407 6.404 6.399 6.394 6.387 6.380 6.371 6.362 6.351 6.020 5.640 5.249 4.848 4.436 4.013 3.580 3.136 2.682 2.217 1.741 1.254 1.161 1.229 1.289 1.344 1.391 1.432 1.467 1.494 1.516 1.530 1.538 1.540 1.529 1.516 1.501 1.485 1.468 1.450 1.431 1.411 1.389 1.366 1.343 1.318 1.432 1.597 1.757 1.910
6.605 6.513 6.426 6.344 6.269 6.200 6.136 6.079 6.027 5.981 5.953 5.930 5.910 5.893 5.880 5.869 5.862 5.857 5.856 5.857 5.862 5.870 5.869 5.865 5.861 5.855 5.848 5.840 5.831 5.821 5.810 5.798 5.785 5.771 5.462 5.045 4.616 4.178 3.728 3.315 2.947 2.595 2.260 1.941 1.639 1.354 1.304 1.348 1.386 1.417 1.441 1.459 1.470 1.475 1.473 1.465 1.449 1.428 1.408 1.390 1.372 1.352 1.331 1.309 1.286 1.261 1.236 1.209 1.181 1.153 1.228 1.374 1.514 1.648
5.743 5.671 5.605 5.545 5.490 5.442 5.399 5.362 5.331 5.306 5.290 5.278 5.269 5.263 5.260 5.261 5.264 5.270 5.280 5.292 5.308 5.326 5.329 5.322 5.314 5.304 5.294 5.283 5.270 5.257 5.242 5.227 5.213 5.199 4.947 4.554 4.178 3.818 3.475 3.148 2.838 2.545 2.267 2.007 1.763 1.535 1.453 1.474 1.489 1.496 1.498 1.492 1.481 1.462 1.437 1.405 1.367 1.322 1.287 1.266 1.243 1.220 1.195 1.169 1.141 1.113 1.084 1.053 1.022 0.989 1.029 1.155 1.276 1.391
4.876 4.825 4.780 4.740 4.707 4.679 4.657 4.641 4.631 4.626 4.625 4.623 4.625 4.631 4.639 4.650 4.664 4.681 4.702 4.725 4.751 4.781 4.791 4.780 4.769 4.766 4.761 4.754 4.743 4.730 4.714 4.695 4.673 4.648 4.474 4.139 3.821 3.519 3.234 2.966 2.713 2.477 2.258 2.055 1.869 1.699 1.608 1.606 1.598 1.582 1.561 1.532 1.497 1.456 1.408 1.353 1.292 1.224 1.168 1.143 1.116 1.089 1.060 1.030 0.999 0.966 0.933 0.899 0.863 0.826 0.836 0.943 1.044 1.140
4.004 3.973 3.949 3.930 3.917 3.910 3.909 3.914 3.925 3.941 3.957 3.967 3.980 3.996 4.015 4.037 4.062 4.095 4.158 4.215 4.263 4.305 4.326 4.320 4.311 4.299 4.284 4.267 4.246 4.223 4.197 4.168 4.136 4.102 3.985 3.708 3.448 3.204 2.977 2.766 2.572 2.394 2.232 2.088 1.959 1.847 1.770 1.745 1.713 1.675 1.630 1.578 1.520 1.456 1.385 1.307 1.222 1.132 1.050 1.021 0.991 0.959 0.926 0.892 0.857 0.821 0.784 0.745 0.706 0.665 0.648 0.736 0.818 0.895
3.126 3.116 3.113 3.115 3.123 3.137 3.156 3.182 3.213 3.251 3.311 3.401 3.483 3.558 3.626 3.686 3.738 3.783 3.821 3.851 3.873 3.889 3.892 3.876 3.857 3.835 3.811 3.783 3.753 3.720 3.684 3.645 3.604 3.559 3.480 3.261 3.059 2.873 2.704 2.551 2.414 2.294 2.190 2.103 2.032 1.978 1.938 1.890 1.835 1.774 1.706 1.631 1.550 1.462 1.368 1.267 1.160 1.046 0.934 0.901 0.866 0.831 0.794 0.756 0.717 0.677 0.636 0.593 0.550 0.505 0.466 0.534 0.597 0.655
2.243 2.255 2.272 2.351 2.481 2.607 2.731 2.852 2.970 3.084 3.192 3.255 3.311 3.360 3.401 3.435 3.461 3.480 3.491 3.495 3.492 3.481 3.462 3.436 3.407 3.376 3.341 3.304 3.264 3.221 3.175 3.126 3.074 3.020 2.959 2.798 2.654 2.525 2.414 2.319 2.240 2.177 2.131 2.102 2.089 2.092 2.112 2.041 1.963 1.879 1.788 1.690 1.586 1.475 1.358 1.234 1.104 0.967 0.823 0.781 0.743 0.703 0.663 0.621 0.578 0.534 0.489 0.473 0.477 0.477 0.474 0.592 0.728 0.872
1.930 2.058 2.183 2.305 2.424 2.541 2.654 2.764 2.872 2.976 3.078 3.118 3.148 3.170 3.185 3.193 3.193 3.185 3.171 3.148 3.119 3.081 3.037 3.000 2.961 2.920 2.875 2.828 2.778 2.725 2.669 2.610 2.549 2.485 2.417 2.319 2.232 2.162 2.108 2.070 2.049 2.044 2.056 2.084 2.129 2.190 2.267 2.199 2.098 1.991 1.877 1.756 1.629 1.495 1.355 1.208 1.054 0.894 0.728 0.663 0.664 0.680 0.692 0.701 0.706 0.708 0.707 0.702 0.694 0.683 0.668 0.787 0.950 1.121
1.918 2.036 2.151 2.263 2.371 2.477 2.580 2.680 2.777 2.871 2.962 2.988 2.992 2.988 2.977 2.958 2.932 2.899 2.858 2.810 2.754 2.691 2.620 2.567 2.519 2.467 2.413 2.356 2.296 2.233 2.167 2.098 2.027 1.953 1.876 1.823 1.794 1.782 1.785 1.805 1.842 1.895 1.964 2.050 2.152 2.271 2.406 2.363 2.239 2.109 1.972 1.828 1.678 1.544 1.420 1.303 1.194 1.090 0.994 0.972 0.979 0.983 0.983 0.980 0.974 0.964 0.951 0.935 0.915 0.892 0.865 0.975 1.165 1.362
1.910 2.017 2.122 2.223 2.322 2.417 2.510 2.599 2.686 2.770 2.850 2.867 2.845 2.815 2.777 2.733 2.681 2.621 2.554 2.479 2.398 2.308 2.211 2.138 2.080 2.018 1.954 1.887 1.817 1.744 1.669 1.590 1.509 1.425 1.338 1.312 1.340 1.385 1.447 1.524 1.619 1.729 1.856 2.000 2.159 2.336 2.514 2.506 2.365 2.231 2.103 1.983 1.870 1.763 1.663 1.571 1.485 1.406 1.334 1.302 1.297 1.289 1.278 1.263 1.245 1.223 1.198 1.170 1.138 1.103 1.065 1.155 1.372 1.596
1.905 2.002 2.096 2.187 2.275 2.360 2.443 2.522 2.598 2.672 2.742 2.754 2.706 2.650 2.586 2.515 2.437 2.351 2.258 2.158 2.050 1.934 1.811 1.713 1.644 1.573 1.499 1.422 1.342 1.259 1.174 1.086 0.995 0.901 0.804 0.784 0.870 0.973 1.100 1.280 1.460 1.639 1.818 1.996 2.174 2.351 2.527 2.574 2.457 2.347 2.243 2.147 2.058 1.975 1.900 1.831 1.769 1.714 1.666 1.635 1.618 1.598 1.575 1.548 1.518 1.485 1.448 1.408 1.365 1.318 1.268 1.328 1.571 1.822
1.904 1.990 2.074 2.154 2.232 2.307 2.379 2.448 2.514 2.577 2.637 2.649 2.575 2.493 2.403 2.306 2.202 2.090 1.971 1.844 1.710 1.569 1.420 1.291 1.213 1.131 1.047 0.961 0.871 0.778 0.683 0.608 0.587 0.567 0.547 0.590 0.770 0.950 1.129 1.307 1.485 1.662 1.839 2.015 2.191 2.366 2.541 2.635 2.542 2.456 2.376 2.304 2.239 2.180 2.129 2.084 2.046 2.015 1.991 1.970 1.942 1.910 1.875 1.836 1.795 1.749 1.701 1.649 1.594 1.535 1.473 1.493 1.763 2.040
1.905 1.981 2.055 2.125 2.192 2.257 2.318 2.377 2.432 2.485 2.535 2.553 2.452 2.344 2.228 2.105 1.975 1.837 1.692 1.539 1.379 1.211 1.037 0.873 0.815 0.792 0.770 0.748 0.727 0.706 0.685 0.666 0.646 0.628 0.609 0.625 0.803 0.981 1.158 1.335 1.511 1.686 1.861 2.035 2.209 2.382 2.555 2.689 2.620 2.558 2.503 2.454 2.413 2.378 2.351 2.330 2.316 2.309 2.308 2.308 2.268 2.225 2.178 2.127 2.074 2.017 1.957 1.893 1.826 1.756 1.682 1.650 1.947 2.251
1.910 1.976 2.039 2.099 2.156 2.210 2.261 2.309 2.354 2.397 2.436 2.464 2.337 2.203 2.061 1.912 1.756 1.616 1.490 1.365 1.241 1.118 0.997 0.881 0.859 0.838 0.817 0.797 0.778 0.759 0.740 0.722 0.705 0.688 0.672 0.661 0.837 1.013 1.188 1.363 1.537 1.710 1.883 2.055 2.227 2.398 2.569 2.736 2.691 2.653 2.622 2.597 2.580 2.569 2.565 2.569 2.579 2.595 2.619 2.649 2.597 2.542 2.483 2.421 2.356 2.287 2.215 2.140 2.061 1.979 1.893 1.805 2.124 2.455
1.918 1.973 2.026 2.076 2.122 2.166 2.207 2.245 2.280 2.312 2.354 2.389 2.275 2.146 2.019 1.894 1.769 1.646 1.524 1.403 1.284 1.165 1.048 0.932 0.902 0.883 0.864 0.846 0.828 0.811 0.795 0.778 0.763 0.748 0.733 0.719 0.871 1.045 1.218 1.391 1.563 1.735 1.906 2.076 2.246 2.415 2.584 2.752 2.755 2.741 2.734 2.733 2.740 2.753 2.773 2.800 2.834 2.875 2.923 2.977 2.929 2.862 2.792 2.718 2.641 2.560 2.477 2.389 2.299 2.205 2.108 2.007 2.293 2.651
1.929 1.974 2.017 2.104 2.180 2.244 2.296 2.337 2.365 2.382 2.386 2.379 2.281 2.158 2.035 1.913 1.793 1.674 1.557 1.440 1.325 1.211 1.098 0.987 0.945 0.928 0.911 0.894 0.878 0.863 0.848 0.834 0.820 0.807 0.794 0.782 0.906 1.078 1.249 1.420 1.590 1.760 1.929 2.097 2.265 2.433 2.600 2.766 2.813 2.822 2.839 2.863 2.893 2.930 2.974 3.025 3.083 3.148 3.219 3.297 3.264 3.185 3.103 3.018 2.929 2.836 2.741 2.635 2.526 2.431 2.351 2.286 2.518 2.848
2.268 2.338 2.396 2.442 2.476 2.498 2.509 2.507 2.494 2.468 2.431 2.382 2.287 2.167 2.049 1.932 1.816 1.701 1.588 1.476 1.365 1.255 1.147 1.040 0.987 0.972 0.956 0.942 0.928 0.914 0.901 0.889 0.877 0.865 0.854 0.844 0.941 1.111 1.281 1.450 1.618 1.785 1.953 2.119 2.285 2.451 2.616 2.780 2.863 2.897 2.937 2.985 3.039 3.100 3.168 3.243 3.325 3.413 3.508 3.611 3.560 3.401 3.255 3.125 3.008 2.906 2.819 2.746 2.688 2.644 2.614 2.599 2.772 3.058
2.743 2.771 2.788 2.792 2.784 2.765 2.733 2.690 2.635 2.568 2.489 2.398 2.291 2.176 2.062 1.949 1.837 1.727 1.618 1.510 1.403 1.298 1.194 1.091 1.029 1.015 1.002 0.989 0.977 0.965 0.954 0.943 0.933 0.923 0.914 0.905 0.977 1.145 1.313 1.479 1.646 1.812 1.977 2.141 2.305 2.469 2.632 2.794 2.907 2.964 3.029 3.100 3.178 3.226 3.251 3.274 3.296 3.316 3.334 3.351 3.305 3.195 3.101 3.020 2.954 2.903 2.866 2.844 2.836 2.842 2.863 2.898 3.038 3.280
3.231 3.217 3.192 3.154 3.105 3.044 2.971 2.886 2.789 2.680 2.560 2.427 2.294 2.183 2.073 1.965 1.857 1.751 1.647 1.543 1.441 1.340 1.240 1.141 1.070 1.058 1.046 1.035 1.025 1.015 1.005 0.996 0.988 0.980 0.973 0.966 1.013 1.179 1.345 1.510 1.674 1.838 2.001 2.164 2.326 2.488 2.625 2.749 2.839 2.867 2.893 2.917 2.940 2.961 2.980 2.998 3.013 3.028 3.040 3.051 3.035 2.976 2.932 2.902 2.887 2.886 2.899 2.927 2.970 3.026 3.098 3.184 3.316 3.513
3.732 3.676 3.609 3.529 3.438 3.335 3.221 3.094 2.955 2.805 2.643 2.469 2.295 2.189 2.083 1.979 1.876 1.774 1.674 1.575 1.477 1.380 1.284 1.190 1.110 1.100 1.090 1.081 1.072 1.064 1.056 1.049 1.043 1.037 1.031 1.026 1.050 1.214 1.378 1.528 1.672 1.810 1.943 2.069 2.190 2.306 2.416 2.520 2.606 2.627 2.648 2.666 2.683 2.698 2.711 2.723 2.733 2.741 2.748 2.752 2.752 2.744 2.750 2.770 2.805 2.855 2.919 2.997 3.090 3.197 3.319 3.455 3.606 3.757
4.243 4.147 4.038 3.917 3.784 3.640 3.483 3.315 3.135 2.943 2.739 2.523 2.296 2.193 2.092 1.992 1.894 1.796 1.700 1.605 1.511 1.419 1.328 1.238 1.150 1.141 1.133 1.126 1.119 1.113 1.107 1.101 1.087 1.074 1.065 1.058 1.057 1.198 1.333 1.463 1.587 1.705 1.818 1.925 2.027 2.122 2.213 2.297 2.374 2.390 2.404 2.417 2.428 2.437 2.444 2.450 2.454 2.457 2.457 2.456 2.455 2.497 2.554 2.625 2.710 2.810 2.924 3.053 3.196 3.353 3.525 3.712 3.907 4.014
4.739 4.630 4.480 4.317 4.143 3.956 3.758 3.548 3.327 3.093 2.848 2.590 2.321 2.197 2.100 2.004 1.910 1.817 1.725 1.634 1.545 1.456 1.369 1.284 1.196 1.162 1.140 1.121 1.105 1.092 1.081 1.072 1.067 1.064 1.063 1.065 1.070 1.177 1.293 1.403 1.507 1.606 1.699 1.787 1.869 1.945 2.015 2.080 2.139 2.154 2.163 2.169 2.174 2.178 2.179 2.179 2.177 2.174 2.169 2.162 2.154 2.238 2.344 2.466 2.601 2.751 2.916 3.095 3.288 3.496 3.718 3.955 4.206 4.282
5.235 5.126 4.934 4.730 4.514 4.286 4.046 3.795 3.531 3.256 2.969 2.670 2.360 2.199 2.106 2.015 1.925 1.850 1.798 1.728 1.642 1.540 1.420 1.284 1.131 1.074 1.062 1.053 1.046 1.041 1.039 1.040 1.044 1.050 1.059 1.070 1.084 1.163 1.259 1.349 1.434 1.513 1.586 1.654 1.716 1.773 1.824 1.869 1.909 1.921 1.923 1.924 1.923 1.921 1.916 1.910 1.903 1.894 1.883 1.870 1.856 1.964 2.121 2.293 2.479 2.679 2.894 3.123 3.366 3.624 3.897 4.184 4.485 4.562
5.731 5.634 5.401 5.155 4.897 4.628 4.346 4.053 3.749 3.432 3.132 2.869 2.617 2.490 2.446 2.385 2.307 2.212 2.101 1.973 1.829 1.667 1.489 1.295 1.083 0.985 0.982 0.981 0.983 0.988 0.996 1.006 1.019 1.034 1.052 1.072 1.096 1.154 1.230 1.301 1.366 1.425 1.479 1.527 1.570 1.607 1.638 1.664 1.684 1.689 1.686 1.681 1.674 1.666 1.656 1.644 1.630 1.615 1.598 1.580 1.560 1.677 1.884 2.106 2.342 2.593 2.858 3.137 3.431 3.739 4.062 4.399 4.750 4.853
6.227 6.155 5.880 5.579 5.276 4.985 4.705 4.437 4.179 3.933 3.698 3.475 3.262 3.103 3.000 2.881 2.744 2.591 2.422 2.235 2.032 1.813 1.576 1.323 1.053 0.892 0.898 0.907 0.919 0.933 0.949 0.969 0.990 1.015 1.042 1.072 1.104 1.151 1.207 1.259 1.304 1.344 1.378 1.407 1.430 1.447 1.459 1.465 1.465 1.459 1.450 1.439 1.427 1.413 1.397 1.379 1.360 1.339 1.316 1.292 1.266 1.376 1.634 1.906 2.192 2.493 2.808 3.138 3.459 3.740 4.011 4.270 4.519 4.570
6.633 6.418 6.133 5.858 5.595 5.343 5.103 4.873 4.655 4.448 4.252 4.067 3.894 3.734 3.572 3.394 3.199 2.988 2.760 2.515 2.253 1.975 1.680 1.369 1.041 0.797 0.812 0.830 0.851 0.874 0.900 0.929 0.960 0.993 1.030 1.069 1.110 1.153 1.190 1.222 1.248 1.268 1.283 1.292 1.295 1.293 1.285 1.271 1.252 1.232 1.217 1.200 1.182 1.162 1.140 1.116 1.091 1.064 1.036 1.006 0.974 1.077 1.398 1.707 2.006 2.293 2.570 2.835 3.090 3.333 3.565 3.787 3.997 4.092
7.068 6.607 6.361 6.126 5.902 5.689 5.487 5.297 5.118 4.950 4.793 4.648 4.513 4.381 4.161 3.925 3.671 3.401 3.115 2.812 2.492 2.155 1.802 1.432 1.046 0.699 0.724 0.751 0.781 0.813 0.848 0.886 0.926 0.969 1.015 1.063 1.114 1.162 1.179 1.191 1.197 1.198 1.193 1.182 1.166 1.144 1.117 1.084 1.045 1.006 0.985 0.963 0.938 0.912 0.970 1.061 1.117 1.140 1.129 1.084 1.005 0.987 1.269 1.541 1.801 2.050 2.288 2.516 2.732 2.937 3.131 3.314 3.486 3.601
7.589 6.836 6.576 6.380 6.195 6.022 5.859 5.708 5.568 5.439 5.321 5.215 5.119 5.035 4.767 4.472 4.161 3.832 3.488 3.126 2.748 2.353 1.942 1.513 1.069 0.607 0.633 0.669 0.708 0.750 0.794 0.841 0.890 0.942 0.997 1.054 1.114 1.176 1.173 1.166 1.152 1.133 1.109 1.079 1.043 1.002 0.955 1.039 1.206 1.397 1.539 1.647 1.721 1.761 1.768 1.740 1.678 1.583 1.453 1.290 1.093 0.908 1.152 1.385 1.607 1.818 2.018 2.207 2.385 2.552 2.708 2.852 2.986 3.098
