DATA/SHG/ECMWF/20170628/EN-5/20170628.en-5.asc
ncols        190
nrows        64
xllcorner    -5100000.000000000000
yllcorner    4130000.000000000000
cellsize     10000.000000000000
NODATA_value  -99999.000
[rows 0 to 31 of 64, columns 73 to 145 of 190]
13.031 12.618 12.181 11.717 11.228 10.714 10.174 9.609 9.236 9.433 9.671 9.903 10.129 10.348 10.561 10.768 10.969 11.164 11.352 11.535 11.606 11.331 11.064 10.810 10.570 10.344 10.132 9.934 9.750 9.579 9.422 9.280 9.233 9.450 9.651 9.836 10.005 10.159 10.296 10.418 10.523 10.613 10.687 10.745 10.604 9.887 9.165 8.437 7.705 6.968 6.225 5.478 4.725 3.967 3.204 2.436 1.848 1.804 1.764 1.729 1.697 1.669 1.645 1.625 1.609 1.597 1.589 1.584 1.622 1.769 1.922 2.081 2.246
13.418 12.916 12.409 11.915 11.433 10.962 10.504 10.057 9.738 9.961 10.177 10.387 10.591 10.789 10.981 11.166 11.345 11.518 11.685 11.846 11.961 11.748 11.542 11.350 11.172 11.008 10.858 10.721 10.599 10.490 10.395 10.314 10.271 10.417 10.547 10.661 10.759 10.841 10.907 10.957 10.992 11.011 11.013 11.000 10.882 10.142 9.397 8.647 7.892 7.131 6.365 5.595 4.819 4.038 3.252 2.461 1.772 1.746 1.724 1.705 1.691 1.681 1.675 1.672 1.674 1.679 1.689 1.702 1.742 1.916 2.095 2.280 2.471
13.744 13.267 12.803 12.350 11.909 11.480 11.063 10.658 10.293 10.493 10.688 10.876 11.059 11.235 11.405 11.568 11.726 11.877 12.023 12.162 12.294 12.148 12.004 11.874 11.758 11.656 11.567 11.492 11.431 11.384 11.351 11.332 11.326 11.400 11.458 11.501 11.528 11.539 11.534 11.514 11.477 11.425 11.356 11.272 11.166 10.403 9.635 8.862 8.083 7.300 6.511 5.717 4.918 4.114 3.305 2.491 1.692 1.683 1.679 1.678 1.682 1.689 1.700 1.715 1.735 1.758 1.785 1.816 1.879 2.115 2.347 2.575 2.798
14.044 13.609 13.185 12.774 12.374 11.987 11.611 11.247 10.895 11.031 11.204 11.370 11.531 11.685 11.834 11.976 12.112 12.241 12.365 12.482 12.594 12.532 12.450 12.382 12.327 12.287 12.260 12.247 12.247 12.262 12.290 12.332 12.388 12.399 12.386 12.358 12.314 12.254 12.178 12.086 11.979 11.855 11.716 11.561 11.390 10.670 9.878 9.082 8.280 7.474 6.662 5.845 5.023 4.196 3.364 2.527 1.684 1.617 1.630 1.677 1.754 1.833 1.912 1.992 2.073 2.155 2.238 2.322 2.407 2.614 2.825 3.032 3.234
14.332 13.938 13.556 13.186 12.828 12.482 12.147 11.824 11.513 11.573 11.724 11.869 12.008 12.141 12.268 12.388 12.502 12.611 12.713 12.808 12.898 12.900 12.880 12.873 12.880 12.901 12.936 12.985 13.047 13.123 13.213 13.317 13.434 13.414 13.330 13.231 13.116 12.985 12.838 12.675 12.497 12.302 12.092 11.866 11.624 10.941 10.127 9.307 8.483 7.653 6.815 5.985 5.174 4.379 3.602 2.841 2.099 2.012 2.091 2.172 2.253 2.336 2.419 2.503 2.589 2.675 2.762 2.851 2.940 3.116 3.307 3.493 3.675
14.609 14.256 13.916 13.587 13.270 12.965 12.671 12.390 12.120 12.120 12.249 12.373 12.490 12.602 12.707 12.806 12.898 12.985 13.065 13.139 13.208 13.252 13.293 13.348 13.417 13.500 13.596 13.706 13.830 13.968 14.119 14.284 14.463 14.445 14.290 14.120 13.934 13.732 13.514 13.280 13.031 12.709 12.345 11.979 11.611 10.925 10.086 9.265 8.460 7.673 6.904 6.151 5.416 4.698 3.998 3.314 2.648 2.496 2.580 2.664 2.750 2.837 2.925 3.013 3.103 3.193 3.285 3.378 3.471 3.622 3.792 3.958 4.119
14.874 14.563 14.264 13.976 13.700 13.436 13.184 12.944 12.715 12.672 12.780 12.882 12.977 13.067 13.150 13.228 13.299 13.364 13.423 13.476 13.522 13.588 13.691 13.807 13.937 14.082 14.239 14.411 14.596 14.796 15.009 15.235 15.382 15.244 14.887 14.528 14.167 13.804 13.438 13.071 12.702 12.330 11.957 11.581 11.204 10.612 9.850 9.106 8.378 7.668 6.975 6.299 5.641 4.999 4.375 3.768 3.179 2.978 3.066 3.156 3.246 3.337 3.428 3.521 3.615 3.710 3.806 3.903 4.001 4.132 4.282 4.427 4.568
15.128 14.858 14.600 14.354 14.119 13.896 13.685 13.486 13.299 13.228 13.315 13.395 13.469 13.537 13.599 13.655 13.705 13.748 13.785 13.817 13.842 13.908 14.072 14.275 14.468 14.635 14.778 14.895 14.987 15.053 15.094 15.110 15.100 14.942 14.575 14.207 13.837 13.464 13.090 12.713 12.335 11.954 11.572 11.187 10.800 10.282 9.597 8.929 8.278 7.645 7.028 6.429 5.847 5.282 4.735 4.204 3.691 3.459 3.552 3.645 3.739 3.834 3.931 4.028 4.126 4.225 4.325 4.426 4.528 4.646 4.775 4.900 5.020
15.371 15.142 14.925 14.720 14.526 14.345 14.175 14.017 13.870 13.790 13.855 13.914 13.966 14.013 14.053 14.085 14.127 14.202 14.309 14.450 14.623 14.804 14.934 15.039 15.119 15.174 15.203 15.207 15.186 15.139 15.067 14.970 14.847 14.642 14.266 13.889 13.509 13.128 12.744 12.358 11.971 11.581 11.189 10.795 10.399 9.935 9.326 8.734 8.160 7.603 7.063 6.541 6.035 5.547 5.076 4.622 4.185 3.938 4.035 4.132 4.231 4.331 4.431 4.532 4.635 4.738 4.843 4.948 5.054 5.163 5.272 5.376 5.476
15.602 15.415 15.239 15.075 14.922 14.782 14.653 14.536 14.389 14.186 14.146 14.138 14.163 14.221 14.312 14.435 14.592 14.781 15.002 15.257 15.544 15.822 15.839 15.831 15.798 15.740 15.656 15.547 15.412 15.253 15.068 14.857 14.622 14.345 13.960 13.574 13.185 12.794 12.401 12.006 11.609 11.210 10.809 10.406 10.001 9.569 9.037 8.522 8.024 7.544 7.080 6.634 6.205 5.793 5.399 5.021 4.661 4.416 4.517 4.618 4.721 4.825 4.930 5.035 5.142 5.250 5.358 5.468 5.579 5.685 5.773 5.857 5.936
15.822 15.631 15.391 15.154 14.921 14.692 14.467 14.246 14.029 13.819 13.893 14.000 14.140 14.312 14.517 14.755 15.026 15.329 15.665 16.034 16.436 16.855 16.772 16.651 16.505 16.333 16.136 15.914 15.667 15.394 15.096 14.773 14.425 14.051 13.657 13.261 12.863 12.463 12.061 11.657 11.251 10.843 10.432 10.020 9.606 9.186 8.730 8.292 7.871 7.467 7.080 6.710 6.357 6.022 5.703 5.402 5.118 4.891 4.997 5.103 5.210 5.318 5.427 5.537 5.648 5.760 5.872 5.986 6.101 6.210 6.278 6.341 6.400
15.403 15.172 14.945 14.722 14.503 14.288 14.076 13.869 13.665 13.466 13.611 13.832 14.086 14.373 14.692 15.045 15.429 15.847 16.297 16.780 17.296 17.831 17.732 17.498 17.238 16.954 16.644 16.309 15.949 15.564 15.153 14.717 14.256 13.769 13.356 12.951 12.544 12.135 11.724 11.310 10.895 10.478 10.058 9.637 9.213 8.788 8.406 8.044 7.699 7.371 7.061 6.767 6.491 6.232 5.990 5.765 5.557 5.367 5.475 5.585 5.697 5.809 5.922 6.036 6.152 6.268 6.385 6.503 6.622 6.750 6.823 6.905 6.997
14.927 14.710 14.496 14.287 14.082 13.880 13.682 13.489 13.299 13.113 13.299 13.635 14.003 14.404 14.838 15.304 15.803 16.335 16.899 17.496 18.126 18.775 18.719 18.372 18.000 17.602 17.180 16.732 16.259 15.761 15.238 14.689 14.115 13.516 13.059 12.644 12.228 11.809 11.389 10.967 10.542 10.115 9.687 9.256 8.823 8.389 8.064 7.779 7.510 7.258 7.024 6.807 6.607 6.424 6.258 6.110 5.978 5.864 5.951 6.036 6.097 6.174 6.266 6.373 6.496 6.634 6.787 6.955 7.139 7.337 7.459 7.584 7.719
14.448 14.244 14.045 13.849 13.657 13.469 13.286 13.106 12.929 12.757 12.958 13.408 13.890 14.405 14.953 15.533 16.146 16.792 17.470 18.182 18.925 19.689 19.733 19.273 18.788 18.278 17.743 17.183 16.597 15.986 15.350 14.689 14.002 13.291 12.763 12.340 11.914 11.487 11.057 10.626 10.192 9.756 9.318 8.878 8.437 7.993 7.705 7.495 7.303 7.128 6.974 6.825 6.668 6.505 6.334 6.157 5.973 5.781 5.813 5.927 6.056 6.201 6.361 6.536 6.726 6.931 7.152 7.388 7.639 7.905 8.085 8.252 8.430
13.966 13.776 13.590 13.408 13.230 13.056 12.886 12.719 12.557 12.398 12.587 13.151 13.747 14.376 15.038 15.732 16.460 17.219 18.011 18.836 19.694 20.572 20.774 20.202 19.604 18.982 18.334 17.661 16.963 16.239 15.491 14.717 13.918 13.094 12.471 12.038 11.604 11.167 10.728 10.287 9.844 9.410 9.000 8.608 8.234 7.879 7.653 7.500 7.340 7.174 7.000 6.820 6.632 6.438 6.236 6.028 5.812 5.590 5.621 5.803 6.000 6.212 6.439 6.682 6.940 7.213 7.501 7.804 8.123 8.457 8.700 8.910 9.130
13.481 13.305 13.132 12.964 12.800 12.639 12.483 12.330 12.181 12.036 12.186 12.864 13.575 14.318 15.093 15.902 16.743 17.616 18.522 19.461 20.432 21.425 21.842 21.157 20.447 19.712 18.952 18.166 17.356 16.520 15.659 14.773 13.815 12.822 12.052 11.595 11.157 10.736 10.334 9.950 9.585 9.238 8.909 8.598 8.306 8.032 7.811 7.627 7.436 7.238 7.034 6.822 6.603 6.378 6.145 5.905 5.659 5.405 5.413 5.663 5.928 6.207 6.502 6.813 7.138 7.479 7.834 8.205 8.592 8.993 9.305 9.558 9.820
12.993 12.830 12.672 12.517 12.367 12.220 12.077 11.938 11.803 11.671 11.756 12.548 13.372 14.229 15.119 16.041 16.995 17.983 19.003 20.055 21.140 22.247 22.938 21.985 20.919 19.869 18.835 17.818 16.816 15.830 14.860 13.906 12.969 12.047 11.291 10.915 10.558 10.219 9.898 9.596 9.312 9.046 8.798 8.569 8.358 8.165 7.976 7.761 7.539 7.310 7.074 6.832 6.582 6.325 6.062 5.791 5.513 5.229 5.191 5.508 5.840 6.187 6.550 6.928 7.321 7.729 8.152 8.590 9.044 9.513 9.899 10.195 10.500
12.502 12.353 12.208 12.067 11.930 11.797 11.668 11.542 11.421 11.303 11.296 12.202 13.140 14.111 15.114 16.140 17.030 17.883 18.698 19.475 20.215 20.944 21.493 20.482 19.487 18.509 17.546 16.600 15.669 14.754 13.856 12.973 12.106 11.256 10.510 10.216 9.940 9.682 9.443 9.222 9.019 8.834 8.668 8.520 8.390 8.279 8.148 7.902 7.649 7.389 7.122 6.849 6.568 6.280 5.985 5.684 5.375 5.059 4.953 5.337 5.737 6.152 6.582 7.027 7.487 7.963 8.454 8.960 9.481 10.017 10.483 10.821 11.169
12.008 11.873 11.742 11.614 11.491 11.371 11.256 11.144 11.041 10.973 10.918 11.844 12.754 13.627 14.462 15.259 16.019 16.740 17.424 18.070 18.678 19.275 19.866 18.963 18.040 17.133 16.241 15.366 14.506 13.663 12.835 12.024 11.228 10.449 9.711 9.498 9.303 9.127 8.969 8.829 8.707 8.604 8.519 8.452 8.403 8.372 8.328 8.051 7.767 7.476 7.178 6.873 6.561 6.242 5.917 5.584 5.244 4.898 4.699 5.151 5.618 6.101 6.598 7.111 7.639 8.182 8.740 9.313 9.901 10.505 11.057 11.438 11.828
11.512 11.389 11.274 11.172 11.084 11.009 10.947 10.899 10.863 10.842 10.833 11.523 12.303 13.044 13.748 14.414 15.042 15.633 16.185 16.700 17.177 17.643 18.101 17.429 16.577 15.740 14.920 14.116 13.327 12.555 11.798 11.058 10.333 9.625 8.932 8.761 8.648 8.552 8.475 8.417 8.376 8.354 8.350 8.364 8.396 8.447 8.515 8.206 7.891 7.570 7.241 6.905 6.562 6.212 5.855 5.492 5.121 4.743 4.430 4.950 5.484 6.034 6.599 7.179 7.774 8.384 9.010 9.651 10.306 10.977 11.620 12.043 12.476
10.956 10.874 10.806 10.750 10.708 10.680 10.664 10.662 10.674 10.698 10.736 11.238 11.886 12.497 13.069 13.604 14.101 14.561 14.982 15.366 15.712 16.046 16.372 15.879 15.098 14.332 13.583 12.850 12.132 11.431 10.746 10.076 9.423 8.785 8.164 8.005 7.973 7.959 7.963 7.985 8.026 8.085 8.161 8.257 8.370 8.502 8.652 8.369 8.023 7.671 7.311 6.944 6.570 6.189 5.802 5.407 5.005 4.597 4.181 4.733 5.335 5.952 6.584 7.232 7.894 8.572 9.264 9.972 10.695 11.556 12.574 13.371 14.220
10.383 10.348 10.325 10.317 10.321 10.339 10.370 10.414 10.472 10.543 10.627 10.988 11.505 11.984 12.425 12.829 13.195 13.524 13.815 14.068 14.283 14.485 14.679 14.313 13.603 12.909 12.230 11.568 10.922 10.291 9.677 9.078 8.496 7.929 7.378 7.231 7.279 7.346 7.431 7.535 7.656 7.796 7.954 8.130 8.325 8.537 8.768 8.540 8.163 7.779 7.388 6.990 6.585 6.174 5.755 5.329 4.897 4.457 4.011 4.501 5.313 6.339 7.365 8.393 9.421 10.450 11.480 12.512 13.543 14.576 15.610 16.637 17.713
9.798 9.809 9.833 9.871 9.922 9.986 10.063 10.154 10.258 10.375 10.506 10.772 11.158 11.506 11.817 12.090 12.325 12.523 12.682 12.805 12.889 12.960 13.021 12.732 12.093 11.469 10.862 10.270 9.695 9.135 8.592 8.064 7.552 7.057 6.577 6.437 6.567 6.715 6.881 7.065 7.268 7.488 7.727 7.984 8.260 8.553 8.865 8.717 8.309 7.894 7.473 7.106 6.868 6.680 6.541 6.453 6.414 6.424 6.485 7.266 8.294 9.324 10.354 11.386 12.418 13.451 14.485 15.519 16.555 17.592 18.629 19.847 21.151
9.202 9.259 9.330 9.413 9.511 9.621 9.745 9.882 10.032 10.196 10.372 10.591 10.846 11.063 11.243 11.385 11.490 11.556 11.586 11.577 11.531 11.470 11.400 11.135 10.566 10.014 9.477 8.957 8.452 7.963 7.491 7.034 6.593 6.168 5.759 5.625 5.835 6.064 6.311 6.576 6.860 7.161 7.517 7.927 8.326 8.713 9.089 9.126 8.909 8.743 8.626 8.558 8.541 8.573 8.654 8.786 8.967 9.198 9.478 10.239 11.271 12.304 13.338 14.373 15.409 16.446 17.484 18.522 19.562 20.602 21.643 23.002 24.533
8.593 8.697 8.814 8.944 9.088 9.244 9.414 9.598 9.794 10.004 10.227 10.444 10.569 10.655 10.704 10.716 10.689 10.626 10.524 10.385 10.208 10.016 9.814 9.522 9.024 8.543 8.077 7.627 7.193 6.776 6.374 5.988 5.617 5.342 5.207 5.264 5.703 6.131 6.547 6.952 7.346 7.729 8.100 8.460 8.808 9.145 9.471 9.644 9.647 9.701 9.804 9.957 10.159 10.411 10.713 11.064 11.465 11.916 12.416 13.206 14.243 15.280 16.318 17.356 18.396 19.437 20.478 21.520 22.563 23.607 24.652 26.101 27.859
7.973 8.123 8.287 8.463 8.653 8.856 9.072 9.302 9.544 9.800 10.070 10.332 10.326 10.282 10.200 10.081 9.924 9.730 9.498 9.228 8.921 8.598 8.263 7.893 7.556 7.373 7.200 7.038 6.886 6.744 6.614 6.493 6.383 6.284 6.195 6.210 6.599 6.976 7.343 7.697 8.041 8.373 8.694 9.004 9.302 9.589 9.864 10.108 10.332 10.605 10.929 11.301 11.724 12.195 12.717 13.288 13.909 14.580 15.300 16.169 17.209 18.250 19.292 20.334 21.378 22.422 23.467 24.513 25.560 26.608 27.657 29.146 31.131
7.342 7.538 7.748 7.970 8.206 8.456 8.718 8.994 9.283 9.585 9.900 10.229 10.118 9.944 9.731 9.482 9.207 9.010 8.832 8.675 8.538 8.416 8.306 8.212 8.066 7.930 7.803 7.687 7.582 7.487 7.403 7.329 7.266 7.213 7.171 7.167 7.506 7.833 8.149 8.454 8.747 9.029 9.300 9.559 9.807 10.044 10.269 10.520 10.963 11.457 11.999 12.592 13.234 13.926 14.667 15.458 16.298 17.188 18.128 19.127 20.171 21.215 22.261 23.307 24.354 25.402 26.451 27.501 28.552 29.603 30.656 32.135 34.347
6.699 6.941 7.197 7.466 7.748 8.043 8.352 8.674 9.009 9.352 9.678 9.993 9.868 9.660 9.472 9.304 9.157 9.029 8.921 8.834 8.767 8.715 8.675 8.651 8.564 8.474 8.394 8.325 8.266 8.217 8.179 8.152 8.135 8.129 8.133 8.148 8.424 8.701 8.967 9.221 9.464 9.696 9.916 10.126 10.323 10.510 10.685 10.878 11.541 12.254 13.017 13.829 14.691 15.602 16.563 17.573 18.633 19.743 20.902 22.080 23.128 24.176 25.225 26.275 27.326 28.378 29.431 30.484 31.539 32.594 33.650 35.069 37.507
6.044 6.332 6.651 7.008 7.357 7.696 8.026 8.347 8.658 8.961 9.254 9.539 9.521 9.383 9.265 9.166 9.088 9.030 8.992 8.975 8.977 8.995 9.026 9.072 9.049 9.006 8.972 8.949 8.937 8.935 8.944 8.963 8.992 9.032 9.083 9.144 9.353 9.580 9.795 10.000 10.193 10.374 10.545 10.704 10.851 10.988 11.113 11.227 12.066 12.999 13.981 15.012 16.094 17.224 18.404 19.634 20.913 22.242 23.620 25.028 26.080 27.132 28.185 29.238 30.293 31.349 32.405 33.462 34.521 35.580 36.640 37.948 40.613
5.811 6.155 6.490 6.815 7.132 7.439 7.738 8.027 8.307 8.578 8.840 9.093 9.156 9.088 9.039 9.011 9.002 9.014 9.045 9.097 9.169 9.257 9.358 9.475 9.522 9.525 9.538 9.561 9.596 9.640 9.695 9.761 9.837 9.923 10.020 10.127 10.293 10.470 10.635 10.789 10.932 11.064 11.184 11.293 11.391 11.477 11.552 11.616 12.538 13.690 14.891 16.142 17.443 18.793 20.192 21.641 23.139 24.687 26.285 27.931 29.027 30.082 31.139 32.197 33.255 34.314 35.375 36.436 37.498 38.560 39.624 40.538 42.727
5.721 6.033 6.337 6.631 6.916 7.192 7.459 7.716 7.965 8.204 8.435 8.656 8.774 8.775 8.796 8.837 8.898 8.979 9.080 9.201 9.342 9.500 9.672 9.859 9.983 10.032 10.091 10.161 10.242 10.333 10.434 10.546 10.668 10.801 10.944 11.098 11.244 11.371 11.486 11.590 11.683 11.764 11.835 11.894 11.941 11.978 12.003 12.016 12.956 14.328 15.748 17.218 18.738 20.307 21.926 23.594 25.311 27.078 28.894 30.760 31.969 33.028 34.036 34.874 35.614 36.255 36.798 37.243 37.589 37.837 37.987 38.038 39.753
5.640 5.921 6.192 6.455 6.708 6.953 7.188 7.414 7.631 7.839 8.038 8.228 8.373 8.444 8.534 8.645 8.775 8.926 9.097 9.287 9.498 9.725 9.967 10.224 10.431 10.526 10.632 10.748 10.875 11.013 11.160 11.319 11.487 11.666 11.856 12.056 12.206 12.283 12.348 12.402 12.445 12.476 12.497 12.505 12.503 12.489 12.464 12.428 13.322 14.912 16.552 18.241 19.980 21.956 24.294 26.474 28.497 30.362 32.069 33.619 34.527 35.127 35.629 36.032 36.337 36.544 36.653 36.664 36.576 36.390 36.105 35.723 36.862
