DATA/SHG/ECMWF/20170628/EN-5/20170712.en-5.asc
ncols        190
nrows        64
xllcorner    -5100000.000000000000
yllcorner    4130000.000000000000
cellsize     10000.000000000000
NODATA_value  -99999.000
[rows 0 to 32 of 64, columns 0 to 72 of 190]
2.148 2.289 2.429 2.567 2.703 2.837 2.970 3.101 3.230 3.196 3.114 3.038 2.967 2.900 2.839 2.782 2.731 2.684 2.642 2.603 2.565 2.605 2.691 2.790 2.900 3.023 3.157 3.304 3.462 3.633 3.815 4.009 4.216 4.451 4.680 4.885 5.066 5.223 5.356 5.465 5.550 5.611 5.648 5.661 5.650 5.635 5.641 5.657 5.684 5.723 5.772 5.833 5.904 5.987 6.081 6.186 6.301 6.337 6.263 6.185 6.103 6.017 5.927 5.833 5.735 5.633 5.526 5.416 5.302 5.274 5.396 5.520 5.647
1.966 2.101 2.234 2.366 2.496 2.624 2.750 2.875 2.997 3.004 2.940 2.881 2.835 2.791 2.749 2.708 2.669 2.632 2.596 2.562 2.529 2.579 2.707 2.848 3.001 3.166 3.343 3.531 3.732 3.945 4.170 4.406 4.655 4.868 5.013 5.133 5.230 5.302 5.351 5.375 5.376 5.352 5.305 5.233 5.138 5.083 5.127 5.182 5.249 5.326 5.415 5.514 5.625 5.746 5.879 6.023 6.177 6.261 6.173 6.081 5.985 5.885 5.780 5.672 5.560 5.443 5.323 5.198 5.069 5.002 5.134 5.269 5.407
1.786 1.915 2.042 2.167 2.293 2.428 2.561 2.694 2.825 2.876 2.833 2.792 2.752 2.713 2.677 2.642 2.609 2.577 2.547 2.519 2.492 2.540 2.711 2.894 3.089 3.296 3.515 3.746 3.989 4.244 4.511 4.790 5.081 5.309 5.369 5.405 5.417 5.405 5.369 5.310 5.226 5.118 4.986 4.830 4.651 4.520 4.603 4.698 4.803 4.919 5.047 5.185 5.334 5.495 5.666 5.849 6.042 6.190 6.088 5.981 5.871 5.757 5.638 5.515 5.389 5.258 5.123 4.984 4.956 4.982 5.238 5.484 5.720
1.643 1.778 1.912 2.045 2.177 2.308 2.439 2.568 2.697 2.774 2.736 2.701 2.667 2.634 2.603 2.574 2.547 2.521 2.497 2.474 2.453 2.488 2.702 2.927 3.164 3.414 3.675 3.948 4.233 4.530 4.840 5.161 5.494 5.775 5.750 5.702 5.629 5.533 5.413 5.268 5.100 4.908 4.692 4.452 4.188 3.947 4.069 4.202 4.347 4.502 4.668 4.845 5.034 5.233 5.443 5.665 5.897 6.123 6.006 5.886 5.765 5.692 5.635 5.593 5.567 5.555 5.558 5.577 5.610 5.659 5.878 6.089 6.291
1.540 1.672 1.803 1.933 2.062 2.190 2.317 2.444 2.569 2.669 2.638 2.608 2.580 2.553 2.528 2.505 2.483 2.463 2.445 2.428 2.413 2.424 2.680 2.947 3.227 3.518 3.822 4.137 4.465 4.804 5.155 5.518 5.893 6.264 6.155 6.022 5.865 5.685 5.480 5.252 4.999 4.723 4.423 4.098 3.750 3.378 3.525 3.697 3.880 4.074 4.279 4.495 4.722 4.983 5.304 5.597 5.863 6.102 6.064 6.014 5.980 5.961 5.956 5.967 5.993 6.035 6.091 6.162 6.249 6.350 6.525 6.703 6.871
1.438 1.567 1.695 1.822 1.948 2.073 2.197 2.321 2.443 2.564 2.538 2.514 2.491 2.471 2.451 2.434 2.418 2.403 2.391 2.380 2.370 2.363 2.645 2.955 3.277 3.610 3.956 4.313 4.683 5.064 5.458 5.863 6.280 6.709 6.584 6.366 6.125 5.861 5.572 5.259 4.923 4.562 4.178 3.769 3.337 2.881 3.063 3.479 3.867 4.229 4.563 4.869 5.149 5.401 5.626 5.824 5.994 6.137 6.158 6.162 6.180 6.214 6.262 6.326 6.405 6.499 6.608 6.732 6.872 7.026 7.181 7.325 7.459
1.337 1.463 1.588 1.711 1.834 1.957 2.078 2.198 2.318 2.436 2.436 2.418 2.401 2.386 2.373 2.361 2.351 2.342 2.335 2.330 2.327 2.325 2.598 2.950 3.314 3.690 4.077 4.477 4.888 5.312 5.747 6.195 6.654 7.125 7.036 6.735 6.410 6.061 5.688 5.348 5.063 4.801 4.563 4.348 4.156 3.987 4.178 4.498 4.790 5.056 5.294 5.505 5.689 5.845 5.975 6.077 6.151 6.199 6.238 6.294 6.365 6.452 6.553 6.670 6.802 6.949 7.110 7.287 7.479 7.686 7.845 7.955 8.055
1.237 1.360 1.482 1.603 1.723 1.842 1.960 2.077 2.194 2.309 2.333 2.321 2.310 2.300 2.293 2.287 2.282 2.280 2.278 2.279 2.281 2.285 2.538 2.932 3.338 3.756 4.186 4.628 5.081 5.547 6.024 6.513 7.003 7.475 7.452 7.133 6.837 6.564 6.314 6.087 5.884 5.703 5.546 5.412 5.302 5.214 5.318 5.542 5.739 5.909 6.051 6.167 6.255 6.316 6.349 6.356 6.335 6.287 6.302 6.412 6.536 6.675 6.829 6.999 7.183 7.383 7.597 7.827 8.072 8.332 8.518 8.593 8.659
1.139 1.258 1.377 1.495 1.612 1.728 1.843 1.957 2.071 2.183 2.228 2.222 2.217 2.213 2.211 2.211 2.212 2.215 2.220 2.226 2.234 2.243 2.466 2.902 3.350 3.896 4.431 4.948 5.446 5.927 6.389 6.833 7.258 7.666 7.761 7.523 7.308 7.116 6.948 6.802 6.680 6.581 6.505 6.452 6.422 6.416 6.484 6.612 6.714 6.788 6.835 6.854 6.847 6.812 6.750 6.661 6.545 6.402 6.352 6.514 6.691 6.883 7.091 7.313 7.550 7.802 8.069 8.352 8.649 8.962 9.198 9.240 9.271
1.041 1.157 1.273 1.388 1.502 1.615 1.727 1.838 1.949 2.058 2.122 2.121 2.122 2.124 2.128 2.133 2.140 2.162 2.286 2.429 2.592 2.774 3.095 3.621 4.128 4.617 5.088 5.541 5.975 6.392 6.790 7.170 7.532 7.876 8.045 7.888 7.755 7.644 7.557 7.493 7.451 7.433 7.439 7.467 7.518 7.593 7.675 7.708 7.714 7.692 7.644 7.568 7.465 7.335 7.178 6.993 6.782 6.543 6.388 6.602 6.832 7.077 7.337 7.612 7.901 8.206 8.526 8.861 9.211 9.576 9.887 9.894 9.892
0.944 1.058 1.170 1.282 1.393 1.503 1.612 1.720 1.828 1.934 2.027 2.082 2.157 2.251 2.366 2.499 2.653 2.826 3.018 3.230 3.462 3.713 4.026 4.487 4.931 5.356 5.763 6.152 6.522 6.875 7.209 7.525 7.824 8.103 8.305 8.230 8.177 8.148 8.142 8.158 8.198 8.262 8.348 8.457 8.589 8.745 8.892 8.829 8.740 8.623 8.479 8.307 8.109 7.884 7.631 7.351 7.044 6.710 6.408 6.676 6.958 7.255 7.568 7.895 8.238 8.595 8.968 9.355 9.758 10.176 10.584 10.557 10.521
0.849 0.959 1.069 1.200 1.348 1.495 1.638 1.779 1.918 2.054 2.185 2.310 2.454 2.617 2.800 3.003 3.225 3.467 3.729 4.010 4.310 4.630 4.974 5.372 5.751 6.112 6.456 6.781 7.087 7.376 7.647 7.899 8.133 8.350 8.542 8.547 8.576 8.627 8.702 8.800 8.921 9.065 9.232 9.422 9.636 9.872 10.132 9.976 9.791 9.578 9.339 9.073 8.779 8.458 8.110 7.735 7.333 6.904 6.448 6.734 7.069 7.419 7.784 8.164 8.559 8.969 9.395 9.773 10.092 10.391 10.669 10.521 10.343
0.966 1.113 1.258 1.400 1.540 1.677 1.812 1.944 2.074 2.201 2.326 2.516 2.729 2.961 3.213 3.485 3.776 4.087 4.417 4.767 5.136 5.525 5.934 6.274 6.589 6.887 7.166 7.427 7.670 7.895 8.102 8.291 8.462 8.614 8.748 8.840 8.950 9.083 9.238 9.417 9.619 9.844 10.092 10.363 10.657 10.974 11.315 11.148 10.868 10.560 10.225 9.864 9.475 9.059 8.616 8.145 7.648 7.124 6.572 6.778 7.177 7.567 7.936 8.285 8.615 8.924 9.213 9.482 9.730 9.959 10.168 10.085 9.933
1.196 1.334 1.470 1.604 1.734 1.863 1.988 2.112 2.232 2.351 2.466 2.701 2.983 3.284 3.605 3.945 4.305 4.685 5.084 5.502 5.941 6.398 6.876 7.193 7.445 7.679 7.895 8.092 8.271 8.433 8.576 8.701 8.808 8.897 8.967 9.109 9.300 9.513 9.750 10.010 10.293 10.598 10.927 11.279 11.654 12.052 12.473 12.346 11.970 11.567 11.137 10.680 10.196 9.601 9.015 8.458 7.929 7.429 6.957 7.058 7.397 7.716 8.016 8.295 8.554 8.793 9.011 9.210 9.389 9.547 9.686 9.642 9.516
1.428 1.558 1.685 1.809 1.931 2.050 2.167 2.282 2.393 2.503 2.609 2.864 3.215 3.585 3.975 4.384 4.813 5.261 5.729 6.216 6.723 7.249 7.795 8.131 8.319 8.489 8.641 8.775 8.890 8.988 9.067 9.129 9.172 9.197 9.205 9.354 9.626 9.920 10.238 10.578 10.942 11.328 11.738 12.170 12.626 13.105 13.331 13.032 12.374 11.745 11.145 10.573 10.030 9.515 9.029 8.572 8.142 7.742 7.370 7.367 7.636 7.885 8.114 8.323 8.512 8.681 8.829 8.958 9.067 9.155 9.224 9.194 9.093
1.663 1.784 1.902 2.017 2.130 2.241 2.349 2.454 2.557 2.657 2.755 3.006 3.426 3.865 4.323 4.801 5.298 5.815 6.352 6.908 7.483 8.078 8.693 9.086 9.210 9.317 9.405 9.475 9.527 9.561 9.577 9.575 9.555 9.516 9.460 9.575 9.928 10.303 10.683 10.958 11.218 11.464 11.695 11.913 12.116 12.304 12.478 12.319 11.761 11.233 10.732 10.260 9.817 9.402 9.015 8.657 8.328 8.027 7.754 7.695 7.894 8.073 8.232 8.371 8.489 8.588 8.667 8.725 8.764 8.783 8.781 8.739 8.663
1.900 2.012 2.121 2.228 2.332 2.433 2.532 2.629 2.723 2.814 2.903 3.127 3.615 4.123 4.650 5.196 5.762 6.348 6.953 7.577 8.222 8.885 9.568 10.058 10.119 10.162 10.187 10.193 10.182 10.152 10.105 10.006 9.831 9.663 9.505 9.487 9.755 10.008 10.247 10.472 10.682 10.877 11.059 11.226 11.378 11.517 11.641 11.579 11.121 10.692 10.291 9.919 9.575 9.260 8.973 8.715 8.485 8.284 8.111 8.042 8.171 8.280 8.369 8.438 8.486 8.515 8.524 8.512 8.481 8.429 8.358 8.278 8.228
2.140 2.243 2.343 2.441 2.536 2.628 2.719 2.806 2.891 2.974 3.054 3.226 3.783 4.359 4.955 5.570 6.205 6.859 7.532 8.225 8.938 9.670 10.422 11.049 10.951 10.747 10.551 10.363 10.184 10.013 9.850 9.695 9.549 9.410 9.280 9.217 9.435 9.638 9.826 10.001 10.161 10.306 10.437 10.554 10.657 10.745 10.819 10.812 10.454 10.124 9.823 9.551 9.307 9.091 8.904 8.745 8.614 8.513 8.439 8.408 8.467 8.506 8.525 8.524 8.502 8.461 8.400 8.318 8.217 8.096 7.955 7.811 7.786
2.382 2.476 2.567 2.656 2.742 2.826 2.907 2.986 3.062 3.136 3.207 3.304 3.930 4.574 5.239 5.922 6.625 7.283 7.891 8.480 9.050 9.600 10.130 10.613 10.430 10.255 10.088 9.929 9.779 9.636 9.502 9.376 9.259 9.149 9.048 8.962 9.130 9.282 9.421 9.545 9.655 9.750 9.831 9.898 9.951 9.989 10.012 10.018 9.759 9.529 9.328 9.155 9.010 8.894 8.806 8.747 8.716 8.713 8.739 8.793 8.782 8.751 8.700 8.629 8.538 8.426 8.295 8.144 7.973 7.782 7.571 7.339 7.338
2.626 2.711 2.794 2.874 2.951 3.026 3.098 3.168 3.236 3.300 3.386 3.454 4.051 4.688 5.306 5.905 6.484 7.044 7.584 8.105 8.606 9.088 9.550 9.993 9.901 9.755 9.617 9.487 9.365 9.252 9.147 9.050 8.961 8.880 8.808 8.744 8.839 8.942 9.031 9.105 9.164 9.210 9.241 9.257 9.260 9.248 9.221 9.181 9.037 8.907 8.805 8.731 8.686 8.669 8.681 8.721 8.789 8.886 9.011 9.165 9.116 9.015 8.894 8.753 8.592 8.411 8.210 7.989 7.748 7.487 7.206 6.905 6.883
2.873 2.949 3.023 3.204 3.361 3.492 3.597 3.677 3.731 3.760 3.764 3.742 4.173 4.742 5.292 5.823 6.334 6.825 7.297 7.750 8.183 8.597 8.991 9.366 9.365 9.247 9.138 9.037 8.944 8.860 8.783 8.715 8.655 8.603 8.559 8.524 8.564 8.617 8.655 8.679 8.689 8.684 8.665 8.632 8.584 8.522 8.446 8.355 8.288 8.257 8.254 8.280 8.334 8.417 8.528 8.667 8.835 9.031 9.255 9.508 9.469 9.298 9.107 8.896 8.666 8.415 8.144 7.847 7.529 7.204 6.872 6.534 6.464
3.883 4.026 4.144 4.236 4.303 4.344 4.360 4.350 4.315 4.255 4.169 4.057 4.316 4.817 5.299 5.761 6.204 6.628 7.032 7.416 7.781 8.127 8.453 8.760 8.820 8.732 8.651 8.579 8.515 8.459 8.412 8.372 8.341 8.318 8.303 8.296 8.304 8.307 8.295 8.269 8.229 8.174 8.105 8.022 7.924 7.812 7.686 7.545 7.512 7.580 7.677 7.802 7.955 8.137 8.347 8.585 8.852 9.147 9.471 9.823 9.809 9.515 9.214 8.907 8.592 8.271 7.943 7.608 7.266 6.917 6.561 6.199 6.061
5.210 5.264 5.292 5.294 5.272 5.223 5.150 5.050 4.926 4.776 4.600 4.399 4.480 4.913 5.327 5.721 6.096 6.451 6.787 7.104 7.401 7.678 7.937 8.175 8.268 8.208 8.157 8.113 8.078 8.051 8.032 8.021 8.019 8.025 8.038 8.061 8.059 8.012 7.950 7.874 7.784 7.679 7.560 7.427 7.279 7.117 6.941 6.751 6.708 6.875 7.071 7.296 7.548 7.849 8.167 8.482 8.795 9.106 9.415 9.721 9.744 9.426 9.102 8.770 8.431 8.086 7.734 7.375 7.009 6.637 6.257 5.871 5.662
6.564 6.528 6.466 6.379 6.267 6.129 5.966 5.777 5.563 5.324 5.059 4.769 4.664 5.029 5.375 5.701 6.008 6.295 6.563 6.812 7.041 7.251 7.441 7.612 7.708 7.677 7.654 7.640 7.633 7.635 7.645 7.663 7.689 7.723 7.766 7.817 7.829 7.732 7.620 7.494 7.354 7.199 7.030 6.847 6.649 6.438 6.292 6.167 6.181 6.501 6.819 7.135 7.450 7.762 8.072 8.380 8.686 8.990 9.292 9.592 9.686 9.344 8.995 8.640 8.278 7.909 7.533 7.150 6.760 6.364 5.960 5.550 5.267
7.943 7.818 7.667 7.490 7.288 7.061 6.809 6.531 6.227 5.899 5.544 5.165 4.869 5.166 5.443 5.702 5.941 6.160 6.360 6.541 6.702 6.844 6.967 7.070 7.140 7.138 7.144 7.158 7.180 7.211 7.249 7.296 7.351 7.414 7.485 7.565 7.614 7.466 7.305 7.193 7.085 6.972 6.854 6.732 6.605 6.473 6.336 6.195 6.130 6.443 6.755 7.064 7.371 7.676 7.979 8.280 8.579 8.876 9.171 9.464 9.635 9.269 8.896 8.517 8.131 7.738 7.338 6.931 6.518 6.097 5.670 5.236 4.876
9.345 9.134 8.893 8.628 8.337 8.020 7.678 7.311 6.918 6.500 6.057 5.588 5.094 5.323 5.533 5.723 5.894 6.046 6.178 6.291 6.384 6.459 6.513 6.549 6.565 6.591 6.626 6.669 6.719 6.779 6.846 6.922 7.058 7.204 7.362 7.531 7.704 7.594 7.478 7.358 7.233 7.104 6.970 6.831 6.687 6.538 6.385 6.227 6.082 6.388 6.692 6.994 7.294 7.592 7.888 8.182 8.474 8.764 9.052 9.338 9.590 9.200 8.804 8.401 7.991 7.574 7.150 6.719 6.282 5.838 5.387 4.929 4.490
10.726 10.476 10.147 9.792 9.411 9.005 8.574 8.118 7.636 7.129 6.596 6.038 5.455 5.501 5.643 5.765 5.868 5.952 6.017 6.062 6.088 6.094 6.081 6.049 6.003 6.084 6.192 6.310 6.440 6.581 6.733 6.897 7.071 7.257 7.454 7.662 7.881 7.796 7.664 7.528 7.386 7.240 7.089 6.934 6.774 6.609 6.439 6.264 6.085 6.334 6.632 6.927 7.220 7.511 7.800 8.087 8.372 8.655 8.936 9.214 9.491 9.139 8.718 8.291 7.857 7.417 6.969 6.515 6.054 5.586 5.111 4.629 4.141
12.121 11.845 11.426 10.982 10.512 10.017 9.497 8.951 8.380 7.784 7.162 6.515 5.843 5.699 5.773 5.828 5.863 5.887 5.909 5.917 5.910 5.888 5.852 5.801 5.735 5.812 5.959 6.117 6.286 6.466 6.657 6.860 7.074 7.298 7.534 7.782 8.040 8.003 7.855 7.702 7.544 7.381 7.214 7.042 6.865 6.683 6.497 6.306 6.111 6.283 6.573 6.861 7.147 7.431 7.713 7.993 8.271 8.547 8.821 9.093 9.363 9.084 8.639 8.189 7.731 7.266 6.795 6.317 5.832 5.340 4.841 4.336 3.824
13.530 13.240 12.731 12.198 11.639 11.055 10.446 9.811 9.151 8.466 7.799 7.108 6.324 5.963 5.993 6.008 6.008 5.994 5.965 5.921 5.863 5.790 5.702 5.600 5.482 5.529 5.715 5.912 6.120 6.339 6.570 6.811 7.064 7.328 7.603 7.889 8.187 8.215 8.050 7.880 7.706 7.527 7.343 7.154 6.961 6.763 6.560 6.353 6.141 6.233 6.517 6.798 7.077 7.354 7.629 7.902 8.173 8.442 8.709 8.973 9.236 9.035 8.567 8.093 7.611 7.123 6.628 6.126 5.617 5.101 4.579 4.050 3.514
14.954 14.660 14.063 13.648 13.278 12.816 12.262 11.615 10.877 10.047 9.125 8.111 7.006 6.291 6.270 6.233 6.182 6.117 6.036 5.941 5.831 5.707 5.568 5.414 5.246 5.234 5.459 5.695 5.942 6.201 6.470 6.751 7.043 7.346 7.660 7.985 8.322 8.431 8.250 8.064 7.873 7.677 7.476 7.271 7.062 6.847 6.628 6.404 6.175 6.186 6.462 6.736 7.008 7.278 7.546 7.812 8.076 8.338 8.598 8.856 9.112 8.994 8.502 8.004 7.498 6.986 6.467 5.942 5.482 5.139 4.802 4.472 4.148
18.310 18.441 17.932 17.331 16.637 15.852 14.976 14.007 12.946 11.794 10.550 9.213 7.785 6.635 6.562 6.474 6.372 6.255 6.123 5.977 5.816 5.640 5.449 5.244 5.025 4.928 5.192 5.467 5.754 6.051 6.360 6.679 7.010 7.352 7.706 8.070 8.445 8.652 8.454 8.251 8.044 7.832 7.615 7.393 7.167 6.936 6.700 6.460 6.215 6.140 6.410 6.677 6.942 7.205 7.466 7.725 7.982 8.237 8.490 8.741 8.989 9.027 8.662 8.304 7.951 7.605 7.265 6.931 6.603 6.282 5.966 5.657 5.354
22.605 22.864 22.032 21.109 20.093 18.986 17.786 16.495 15.113 13.638 12.072 10.413 8.663 6.994 6.870 6.730 6.577 6.408 6.225 6.028 5.815 5.588 5.347 5.090 4.820 4.611 4.914 5.228 5.553 5.890 6.238 6.596 6.966 7.347 7.739 8.143 8.557 8.878 8.663 8.444 8.220 7.991 7.758 7.520 7.277 7.029 6.777 6.520 6.259 6.097 6.359 6.619 6.877 7.133 7.554 8.056 8.514 8.926 9.292 9.614 9.890 9.992 9.649 9.311 8.980 8.655 8.336 8.024 7.717 7.417 7.123 6.835 6.554
26.883 27.250 26.229 24.982 23.645 22.215 20.694 19.081 17.376 15.579 13.691 11.711 9.639 7.476 7.192 7.002 6.797 6.577 6.343 6.094 5.831 5.552 5.260 4.952 4.630 4.293 4.624 4.977 5.342 5.717 6.104 6.502 6.911 7.330 7.762 8.204 8.657 9.108 8.877 8.641 8.400 8.155 7.905 7.651 7.392 7.128 6.859 6.922 7.052 7.119 7.690 8.216 8.696 9.131 9.521 9.866 10.166 10.420 10.629 10.793 10.912 10.950 10.628 10.312 10.002 9.698 9.401 9.109 8.824 8.545 8.273 8.006 7.746
