DATA/SHG/ECMWF/20170628/EN-5/20170629.en-5.asc
ncols        190
nrows        64
xllcorner    -5100000.000000000000
yllcorner    4130000.000000000000
cellsize     10000.000000000000
NODATA_value  -99999.000
[rows 0 to 31 of 64, columns 0 to 73 of 190]
3.797 3.756 3.711 3.661 3.607 3.548 3.485 3.417 3.344 3.283 3.228 3.175 3.123 3.073 3.024 2.978 2.933 2.889 2.848 2.891 2.956 3.218 3.564 3.903 4.233 4.554 4.866 5.170 5.465 5.752 6.030 6.299 6.559 6.493 6.230 5.979 5.741 5.514 5.300 5.099 4.910 4.733 4.568 4.416 4.276 4.240 4.293 4.352 4.419 4.492 4.572 4.659 4.752 4.852 4.959 5.073 5.194 5.392 5.674 5.950 6.222 6.488 6.750 7.006 7.258 7.504 7.745 7.982 8.213 8.391 8.497 8.619 8.757 8.909
2.773 2.717 2.655 2.590 2.520 2.445 2.366 2.282 2.193 2.127 2.078 2.031 2.120 2.208 2.289 2.364 2.432 2.494 2.549 2.598 2.640 2.831 3.147 3.455 3.755 4.046 4.328 4.601 4.866 5.123 5.370 5.609 5.840 5.853 5.634 5.426 5.231 5.048 4.878 4.720 4.574 4.440 4.319 4.210 4.114 4.089 4.166 4.250 4.340 4.437 4.541 4.651 4.769 4.893 5.024 5.161 5.306 5.493 5.757 6.016 6.270 6.519 6.763 7.002 7.236 7.465 7.689 7.908 8.121 8.316 8.477 8.653 8.844 9.051
1.756 1.683 1.606 1.525 1.466 1.519 1.574 1.630 1.688 1.760 1.844 1.922 1.993 2.058 2.116 2.168 2.214 2.253 2.285 2.311 2.331 2.454 2.740 3.018 3.287 3.547 3.799 4.043 4.277 4.504 4.721 4.930 5.130 5.202 5.026 4.862 4.710 4.571 4.444 4.329 4.226 4.136 4.058 3.993 3.940 3.932 4.033 4.140 4.254 4.375 4.503 4.637 4.778 4.926 5.081 5.242 5.410 5.599 5.845 6.086 6.323 6.554 6.781 7.002 7.219 7.430 7.637 7.838 8.007 8.178 8.361 8.554 8.758 8.972
1.182 1.235 1.289 1.344 1.401 1.460 1.520 1.581 1.644 1.709 1.770 1.825 1.873 1.915 1.951 1.980 2.003 2.019 2.029 2.032 2.029 2.086 2.342 2.590 2.829 3.059 3.281 3.494 3.698 3.894 4.081 4.260 4.430 4.539 4.406 4.285 4.177 4.081 3.997 3.926 3.867 3.820 3.786 3.763 3.754 3.769 3.893 4.024 4.162 4.307 4.458 4.616 4.781 4.953 5.131 5.316 5.508 5.709 5.937 6.161 6.375 6.530 6.688 6.850 7.015 7.184 7.356 7.532 7.712 7.895 8.115 8.346 8.588 8.841
1.095 1.153 1.212 1.273 1.335 1.399 1.464 1.531 1.599 1.664 1.703 1.735 1.761 1.780 1.793 1.799 1.799 1.793 1.780 1.761 1.735 1.728 1.954 2.171 2.380 2.580 2.772 2.955 3.129 3.295 3.452 3.600 3.740 3.864 3.774 3.697 3.632 3.580 3.539 3.511 3.496 3.492 3.501 3.522 3.555 3.601 3.747 3.902 4.063 4.232 4.407 4.589 4.777 4.959 5.098 5.234 5.367 5.497 5.651 5.811 5.975 6.142 6.313 6.487 6.665 6.847 7.032 7.221 7.413 7.609 7.859 8.129 8.408 8.699
1.006 1.069 1.134 1.200 1.267 1.336 1.407 1.479 1.552 1.627 1.642 1.652 1.655 1.652 1.642 1.625 1.603 1.574 1.538 1.496 1.448 1.393 1.575 1.762 1.941 2.111 2.272 2.425 2.569 2.705 2.832 2.950 3.060 3.161 3.131 3.098 3.076 3.067 3.070 3.085 3.112 3.152 3.204 3.268 3.345 3.434 3.584 3.733 3.878 4.021 4.162 4.299 4.433 4.565 4.694 4.820 4.944 5.064 5.222 5.395 5.571 5.751 5.935 6.122 6.313 6.507 6.705 6.907 7.112 7.321 7.594 7.901 8.219 8.547
0.916 0.984 1.054 1.125 1.198 1.272 1.348 1.425 1.504 1.584 1.589 1.576 1.556 1.530 1.498 1.459 1.413 1.362 1.303 1.239 1.168 1.090 1.206 1.363 1.512 1.651 1.783 1.905 2.019 2.125 2.222 2.310 2.390 2.461 2.477 2.486 2.508 2.542 2.588 2.663 2.749 2.834 2.915 2.993 3.069 3.142 3.261 3.400 3.536 3.669 3.800 3.927 4.052 4.174 4.294 4.410 4.524 4.634 4.790 4.976 5.165 5.358 5.554 5.754 5.957 6.165 6.375 6.589 6.807 7.029 7.319 7.663 8.019 8.386
0.824 0.898 0.973 1.049 1.127 1.207 1.288 1.370 1.454 1.539 1.543 1.507 1.465 1.416 1.361 1.299 1.231 1.157 1.076 0.989 0.895 0.795 0.847 0.973 1.092 1.202 1.303 1.395 1.479 1.555 1.622 1.680 1.781 1.894 1.994 2.086 2.174 2.260 2.342 2.422 2.499 2.573 2.645 2.713 2.779 2.842 2.942 3.071 3.197 3.321 3.441 3.559 3.674 3.787 3.896 4.003 4.107 4.208 4.356 4.554 4.756 4.961 5.170 5.383 5.599 5.819 6.042 6.269 6.500 6.734 7.033 7.416 7.810 8.214
0.731 0.810 0.890 0.972 1.055 1.140 1.226 1.313 1.403 1.493 1.504 1.445 1.380 1.309 1.231 1.147 1.056 0.959 0.856 0.746 0.630 0.507 0.497 0.593 0.682 0.810 0.937 1.060 1.180 1.295 1.406 1.514 1.617 1.716 1.807 1.888 1.967 2.042 2.115 2.185 2.252 2.317 2.378 2.437 2.492 2.545 2.625 2.745 2.861 2.975 3.086 3.194 3.300 3.402 3.502 3.599 3.693 3.785 3.918 4.129 4.343 4.562 4.783 5.009 5.238 5.470 5.706 5.946 6.189 6.436 6.738 7.159 7.590 8.032
0.636 0.720 0.806 0.893 0.981 1.071 1.162 1.255 1.350 1.445 1.472 1.391 1.303 1.209 1.109 1.002 0.888 0.773 0.681 0.588 0.494 0.399 0.384 0.510 0.631 0.748 0.862 0.971 1.076 1.178 1.275 1.368 1.458 1.543 1.622 1.694 1.762 1.828 1.891 1.951 2.008 2.063 2.114 2.163 2.209 2.252 2.312 2.422 2.529 2.633 2.734 2.833 2.928 3.021 3.111 3.199 3.283 3.365 3.477 3.701 3.928 4.159 4.393 4.631 4.873 5.118 5.367 5.619 5.875 6.135 6.433 6.891 7.361 7.841
0.540 0.629 0.720 0.812 0.906 1.001 1.098 1.196 1.295 1.396 1.450 1.361 1.271 1.180 1.088 0.996 0.902 0.808 0.713 0.617 0.520 0.422 0.369 0.480 0.588 0.691 0.790 0.886 0.977 1.064 1.148 1.227 1.303 1.374 1.441 1.503 1.561 1.617 1.670 1.720 1.768 1.812 1.854 1.893 1.929 1.962 2.002 2.102 2.199 2.294 2.385 2.474 2.560 2.644 2.724 2.802 2.877 2.949 3.034 3.270 3.510 3.753 4.001 4.251 4.506 4.764 5.025 5.290 5.559 5.831 6.118 6.614 7.121 7.639
0.442 0.537 0.633 0.747 0.873 0.994 1.111 1.222 1.329 1.430 1.507 1.415 1.322 1.228 1.133 1.038 0.941 0.844 0.746 0.646 0.547 0.446 0.358 0.455 0.549 0.638 0.723 0.805 0.882 0.956 1.025 1.090 1.152 1.209 1.263 1.315 1.363 1.409 1.453 1.493 1.530 1.565 1.597 1.626 1.652 1.675 1.696 1.786 1.873 1.958 2.040 2.119 2.195 2.269 2.340 2.408 2.473 2.536 2.595 2.836 3.089 3.345 3.605 3.868 4.135 4.406 4.680 4.976 5.281 5.577 5.865 6.328 6.788 7.228
0.543 0.666 0.785 0.899 1.008 1.112 1.211 1.305 1.394 1.478 1.557 1.470 1.374 1.277 1.179 1.080 0.981 0.881 0.779 0.677 0.574 0.471 0.366 0.434 0.514 0.589 0.661 0.728 0.791 0.851 0.906 0.958 1.006 1.049 1.089 1.130 1.169 1.205 1.238 1.269 1.296 1.321 1.343 1.362 1.378 1.392 1.402 1.472 1.550 1.625 1.698 1.767 1.834 1.898 1.959 2.017 2.073 2.126 2.176 2.399 2.718 3.052 3.378 3.695 4.004 4.304 4.597 4.880 5.156 5.423 5.681 6.057 6.448 6.819
0.752 0.858 0.959 1.056 1.147 1.234 1.316 1.392 1.464 1.531 1.593 1.526 1.427 1.327 1.226 1.124 1.022 0.918 0.814 0.709 0.603 0.496 0.389 0.418 0.483 0.545 0.602 0.656 0.705 0.751 0.792 0.830 0.863 0.893 0.919 0.948 0.977 1.003 1.027 1.047 1.065 1.080 1.092 1.101 1.108 1.112 1.112 1.162 1.231 1.296 1.359 1.418 1.475 1.584 1.708 1.837 1.971 2.111 2.256 2.522 2.835 3.140 3.436 3.724 4.004 4.275 4.538 4.792 5.038 5.276 5.505 5.804 6.126 6.428
0.966 1.055 1.139 1.218 1.292 1.361 1.426 1.485 1.540 1.590 1.634 1.582 1.480 1.377 1.273 1.169 1.063 0.957 0.850 0.742 0.633 0.523 0.412 0.405 0.457 0.504 0.548 0.587 0.623 0.655 0.682 0.706 0.726 0.741 0.753 0.770 0.789 0.805 0.819 0.829 0.837 0.842 0.845 0.844 0.841 0.834 0.862 0.934 1.044 1.159 1.280 1.406 1.538 1.675 1.817 1.965 2.118 2.277 2.441 2.676 2.960 3.235 3.503 3.761 4.012 4.254 4.487 4.712 4.929 5.138 5.338 5.570 5.823 6.056
1.185 1.256 1.323 1.385 1.442 1.494 1.541 1.583 1.621 1.653 1.681 1.640 1.535 1.429 1.322 1.214 1.106 0.996 0.886 0.775 0.663 0.550 0.437 0.397 0.434 0.468 0.498 0.523 0.545 0.563 0.576 0.586 0.592 0.594 0.592 0.594 0.604 0.610 0.617 0.645 0.673 0.701 0.728 0.755 0.782 0.809 0.836 0.906 1.035 1.169 1.309 1.454 1.604 1.760 1.922 2.088 2.260 2.438 2.621 2.838 3.093 3.339 3.577 3.806 4.028 4.240 4.445 4.641 4.828 5.008 5.178 5.356 5.540 5.704
1.409 1.463 1.513 1.557 1.597 1.632 1.662 1.687 1.707 1.722 1.732 1.698 1.590 1.481 1.371 1.261 1.149 1.037 0.923 0.809 0.694 0.579 0.462 0.393 0.416 0.436 0.452 0.463 0.471 0.475 0.475 0.476 0.486 0.495 0.501 0.513 0.541 0.569 0.596 0.624 0.651 0.678 0.705 0.731 0.758 0.785 0.811 0.872 1.020 1.173 1.332 1.496 1.665 1.840 2.020 2.206 2.397 2.593 2.795 3.008 3.234 3.451 3.659 3.859 4.051 4.235 4.410 4.577 4.735 4.885 5.027 5.160 5.275 5.370
1.638 1.675 1.707 1.734 1.757 1.775 1.787 1.795 1.798 1.796 1.789 1.758 1.646 1.534 1.422 1.308 1.193 1.078 0.962 0.845 0.727 0.608 0.488 0.393 0.407 0.424 0.439 0.452 0.463 0.472 0.480 0.485 0.489 0.491 0.490 0.494 0.521 0.548 0.575 0.602 0.629 0.655 0.682 0.708 0.734 0.760 0.786 0.833 1.000 1.172 1.349 1.532 1.721 1.914 2.114 2.318 2.528 2.743 2.964 3.186 3.382 3.570 3.749 3.920 4.083 4.237 4.383 4.521 4.650 4.771 4.884 4.983 5.029 5.056
1.872 1.892 1.907 1.917 1.922 1.923 1.918 1.909 1.894 1.875 1.851 1.818 1.704 1.588 1.473 1.356 1.238 1.115 0.992 0.873 0.760 0.651 0.547 0.452 0.464 0.474 0.483 0.489 0.494 0.496 0.497 0.496 0.493 0.488 0.482 0.474 0.501 0.528 0.554 0.580 0.607 0.633 0.659 0.685 0.710 0.736 0.761 0.789 0.974 1.165 1.362 1.564 1.771 1.983 2.201 2.425 2.653 2.887 3.127 3.371 3.538 3.697 3.847 3.989 4.123 4.248 4.365 4.473 4.573 4.665 4.749 4.824 4.802 4.760
2.111 2.114 2.112 2.105 2.093 2.076 2.054 2.027 1.996 1.959 1.900 1.827 1.698 1.568 1.443 1.322 1.206 1.095 0.988 0.887 0.790 0.697 0.610 0.527 0.523 0.527 0.528 0.528 0.526 0.522 0.517 0.509 0.500 0.488 0.475 0.460 0.481 0.507 0.533 0.559 0.585 0.611 0.636 0.661 0.686 0.711 0.736 0.761 0.943 1.153 1.369 1.589 1.815 2.047 2.284 2.526 2.773 3.026 3.284 3.548 3.703 3.832 3.953 4.066 4.170 4.266 4.354 4.434 4.505 4.567 4.622 4.667 4.594 4.484
2.355 2.341 2.322 2.297 2.262 2.216 2.159 2.090 2.011 1.921 1.820 1.708 1.591 1.477 1.368 1.264 1.165 1.070 0.980 0.895 0.814 0.739 0.667 0.601 0.584 0.581 0.576 0.569 0.561 0.550 0.538 0.524 0.508 0.490 0.470 0.448 0.462 0.487 0.513 0.538 0.563 0.588 0.613 0.638 0.663 0.687 0.712 0.736 0.907 1.136 1.370 1.610 1.854 2.105 2.360 2.621 2.888 3.159 3.437 3.719 3.875 3.975 4.067 4.151 4.226 4.293 4.351 4.388 4.402 4.417 4.434 4.451 4.364 4.236
2.654 2.613 2.561 2.498 2.425 2.340 2.244 2.138 2.020 1.892 1.752 1.602 1.478 1.381 1.289 1.202 1.119 1.040 0.967 0.898 0.834 0.775 0.720 0.670 0.647 0.637 0.626 0.612 0.597 0.580 0.561 0.541 0.518 0.493 0.467 0.439 0.442 0.467 0.492 0.517 0.542 0.567 0.591 0.615 0.639 0.664 0.687 0.711 0.866 1.113 1.366 1.625 1.888 2.157 2.432 2.712 2.997 3.287 3.583 3.884 4.021 4.031 4.042 4.055 4.068 4.083 4.098 4.115 4.133 4.152 4.171 4.192 4.123 3.991
2.983 2.903 2.813 2.711 2.599 2.476 2.342 2.197 2.041 1.874 1.696 1.507 1.361 1.281 1.205 1.134 1.068 1.006 0.949 0.897 0.849 0.806 0.768 0.734 0.711 0.695 0.677 0.657 0.636 0.612 0.587 0.559 0.530 0.499 0.466 0.431 0.423 0.447 0.472 0.496 0.521 0.545 0.569 0.593 0.616 0.640 0.663 0.687 0.819 1.085 1.357 1.634 1.917 2.188 2.444 2.691 2.931 3.162 3.386 3.601 3.721 3.735 3.750 3.766 3.783 3.801 3.821 3.841 3.863 3.885 3.908 3.933 3.885 3.748
3.323 3.205 3.076 2.936 2.786 2.624 2.451 2.268 2.074 1.868 1.652 1.425 1.239 1.175 1.116 1.061 1.012 0.966 0.926 0.890 0.859 0.832 0.811 0.793 0.778 0.755 0.731 0.704 0.676 0.646 0.614 0.580 0.544 0.506 0.467 0.426 0.404 0.428 0.452 0.476 0.500 0.523 0.547 0.570 0.593 0.616 0.647 0.679 0.788 1.056 1.316 1.568 1.811 2.047 2.275 2.494 2.706 2.909 3.105 3.292 3.420 3.438 3.457 3.477 3.498 3.519 3.542 3.567 3.592 3.618 3.645 3.673 3.647 3.507
3.675 3.518 3.351 3.173 2.984 2.784 2.573 2.351 2.118 1.874 1.620 1.354 1.113 1.065 1.022 0.984 0.951 0.922 0.898 0.878 0.864 0.854 0.848 0.848 0.846 0.817 0.786 0.753 0.718 0.681 0.643 0.602 0.560 0.516 0.470 0.422 0.385 0.408 0.432 0.464 0.497 0.531 0.563 0.596 0.629 0.662 0.694 0.726 0.796 1.035 1.267 1.491 1.707 1.914 2.114 2.305 2.489 2.664 2.832 2.991 3.119 3.140 3.163 3.187 3.211 3.237 3.264 3.291 3.320 3.350 3.381 3.413 3.411 3.267
4.043 3.843 3.637 3.421 3.193 2.955 2.706 2.446 2.174 1.892 1.600 1.296 0.981 0.950 0.923 0.902 0.885 0.872 0.865 0.862 0.863 0.870 0.881 0.897 0.917 0.881 0.843 0.804 0.762 0.719 0.674 0.627 0.580 0.536 0.493 0.453 0.416 0.449 0.482 0.515 0.548 0.580 0.613 0.645 0.677 0.709 0.741 0.773 0.811 1.023 1.227 1.422 1.610 1.790 1.961 2.125 2.280 2.428 2.567 2.698 2.817 2.842 2.869 2.896 2.924 2.954 2.984 3.015 3.048 3.081 3.116 3.152 3.177 3.028
4.495 4.180 3.936 3.681 3.415 3.138 2.851 2.552 2.243 1.922 1.591 1.249 0.896 0.830 0.820 0.815 0.814 0.818 0.827 0.840 0.858 0.881 0.909 0.941 0.976 0.933 0.881 0.831 0.783 0.738 0.694 0.653 0.613 0.576 0.540 0.507 0.476 0.501 0.534 0.566 0.598 0.630 0.662 0.694 0.726 0.757 0.789 0.820 0.851 1.018 1.194 1.362 1.521 1.673 1.817 1.952 2.080 2.199 2.311 2.414 2.509 2.544 2.574 2.605 2.637 2.670 2.704 2.739 2.775 2.812 2.851 2.890 2.930 2.791
4.986 4.528 4.245 3.952 3.648 3.333 3.007 2.670 2.323 1.964 1.595 1.214 0.823 0.705 0.711 0.722 0.738 0.777 0.846 0.901 0.941 0.966 0.977 0.973 0.954 0.913 0.869 0.826 0.786 0.747 0.711 0.676 0.644 0.614 0.586 0.560 0.535 0.553 0.585 0.617 0.649 0.680 0.712 0.743 0.774 0.805 0.836 0.867 0.897 1.022 1.170 1.309 1.441 1.565 1.680 1.788 1.887 1.979 2.062 2.138 2.205 2.244 2.278 2.313 2.348 2.385 2.423 2.462 2.502 2.542 2.584 2.627 2.671 2.556
5.519 4.887 4.567 4.235 3.893 3.540 3.175 2.800 2.414 2.018 1.680 1.384 1.037 0.912 0.989 1.051 1.098 1.131 1.149 1.152 1.141 1.115 1.074 1.019 0.949 0.892 0.854 0.819 0.786 0.754 0.725 0.698 0.673 0.650 0.629 0.610 0.593 0.605 0.637 0.668 0.699 0.730 0.761 0.792 0.823 0.853 0.884 0.914 0.944 1.033 1.153 1.265 1.368 1.464 1.552 1.631 1.703 1.766 1.822 1.869 1.909 1.944 1.982 2.020 2.059 2.100 2.141 2.184 2.227 2.272 2.318 2.364 2.412 2.322
6.091 5.259 4.900 4.713 4.592 4.421 4.199 3.927 3.605 3.232 2.809 2.336 1.813 1.487 1.513 1.523 1.519 1.501 1.467 1.419 1.356 1.279 1.187 1.080 0.958 0.868 0.838 0.810 0.784 0.759 0.737 0.717 0.699 0.683 0.670 0.658 0.648 0.658 0.689 0.719 0.750 0.781 0.811 0.841 0.871 0.901 0.931 0.961 0.990 1.052 1.144 1.228 1.304 1.371 1.431 1.483 1.526 1.562 1.590 1.609 1.621 1.644 1.685 1.727 1.770 1.814 1.859 1.905 1.961 2.027 2.090 2.148 2.202 2.165
8.148 7.576 7.379 7.131 6.834 6.486 6.087 5.639 5.140 4.591 3.991 3.342 2.642 2.078 2.052 2.011 1.955 1.885 1.800 1.701 1.587 1.458 1.314 1.156 0.983 0.843 0.819 0.798 0.779 0.762 0.748 0.735 0.724 0.715 0.708 0.704 0.701 0.710 0.740 0.771 0.801 0.831 0.861 0.891 0.920 0.950 0.979 1.008 1.037 1.080 1.143 1.199 1.247 1.287 1.319 1.342 1.358 1.366 1.366 1.357 1.341 1.362 1.442 1.519 1.591 1.660 1.724 1.784 1.841 1.893 1.942 1.986 2.027 2.022
10.873 10.399 10.026 9.602 9.127 8.603 8.028 7.403 6.728 6.002 5.226 4.400 3.524 2.683 2.606 2.513 2.407 2.285 2.149 1.998 1.832 1.652 1.457 1.248 1.024 0.815 0.799 0.785 0.773 0.763 0.756 0.750 0.746 0.745 0.745 0.747 0.752 0.762 0.792 0.822 0.852 0.881 0.911 0.940 0.969 0.998 1.027 1.055 1.084 1.115 1.151 1.179 1.198 1.210 1.272 1.352 1.407 1.438 1.443 1.423 1.378 1.343 1.409 1.472 1.530 1.585 1.636 1.682 1.725 1.763 1.798 1.829 1.855 1.867
