DATA/SHG/ECMWF/20170628/EN-5/20170705.en-5.asc
ncols        190
nrows        64
xllcorner    -5100000.000000000000
yllcorner    4130000.000000000000
cellsize     10000.000000000000
NODATA_value  -99999.000
[rows 32 to 63 of 64, columns 72 to 143 of 190]
5.441 5.390 5.076 4.753 4.421 4.080 3.730 3.371 3.003 2.626 2.241 1.846 1.442 1.176 1.647 2.128 2.619 3.120 3.631 4.151 4.681 5.222 5.767 6.317 6.875 7.509 8.396 9.301 10.224 11.166 12.126 13.105 14.103 15.119 16.153 17.206 18.278 18.767 18.126 17.469 16.795 16.104 15.397 14.673 13.933 13.266 12.842 12.409 11.967 11.939 12.407 12.906 13.436 13.997 14.590 15.214 15.868 16.554 17.272 18.020 18.799 19.904 21.133 22.255 23.270 24.177 24.978 25.671 26.257 26.735 27.107 27.371
5.990 5.902 5.557 5.203 4.840 4.467 4.086 3.696 3.297 2.889 2.472 2.047 1.612 1.203 1.708 2.224 2.749 3.284 3.829 4.384 4.948 5.523 6.103 6.687 7.279 7.915 8.884 9.871 10.876 11.900 12.943 14.004 15.083 16.181 17.298 18.433 19.661 20.717 20.324 19.922 19.511 19.091 18.663 18.226 17.780 17.325 16.862 16.389 15.908 15.797 16.402 17.039 17.706 18.405 19.135 19.896 20.688 21.511 22.365 23.251 24.167 25.057 25.812 26.460 27.001 27.435 27.762 27.981 28.093 28.099 27.997 27.788
6.558 6.396 6.047 5.661 5.267 4.863 4.451 4.030 3.599 3.160 2.712 2.255 1.789 1.315 1.760 2.310 2.869 3.438 4.018 4.607 5.206 5.814 6.429 7.048 7.675 8.309 9.350 10.518 12.057 13.583 15.095 16.593 18.078 19.548 21.004 22.447 23.876 25.098 24.665 24.223 23.773 23.314 22.846 22.369 21.883 21.389 20.886 20.374 19.853 19.618 20.360 21.134 21.938 22.774 23.641 24.539 25.468 26.429 27.420 28.443 29.496 30.312 30.594 30.769 30.836 30.797 30.650 30.396 30.035 29.568 28.993 28.311
7.145 6.910 6.544 6.127 5.701 5.267 4.823 4.371 3.910 3.439 2.960 2.472 1.975 1.469 1.803 2.386 2.980 3.584 4.197 5.047 6.265 7.517 8.732 9.908 11.110 12.338 13.804 15.296 16.774 18.238 19.688 21.125 22.547 23.956 25.351 26.732 28.099 29.453 29.010 28.529 28.039 27.540 27.033 26.516 25.991 25.457 24.915 24.363 23.803 23.400 24.280 25.191 26.133 27.105 28.110 29.145 30.211 31.308 32.437 33.596 34.787 35.671 35.479 35.181 34.775 34.262 33.643 32.916 32.083 31.142 30.094 28.940
7.752 7.443 7.049 6.601 6.144 5.678 5.204 4.720 4.228 3.726 3.216 2.697 2.401 2.364 3.086 4.253 5.453 6.686 7.952 9.251 10.583 11.949 13.280 14.571 15.889 17.232 18.652 20.083 21.499 22.902 24.291 25.666 27.027 28.374 29.707 31.027 32.333 33.624 33.360 32.839 32.309 31.771 31.224 30.668 30.104 29.530 28.948 28.357 27.757 27.149 28.162 29.210 30.289 31.399 32.540 33.712 34.915 36.149 37.414 38.711 40.038 41.132 40.468 39.696 38.818 37.832 36.740 35.541 34.235 32.822 31.302 29.675
8.378 7.995 7.562 7.083 6.595 6.374 6.390 6.391 6.377 6.347 6.303 6.244 6.169 6.080 6.683 7.964 9.278 10.626 12.006 13.419 14.866 16.346 17.792 19.199 20.632 22.091 23.510 24.879 26.234 27.575 28.902 30.216 31.515 32.801 34.073 35.331 36.575 37.806 37.714 37.153 36.584 36.006 35.420 34.824 34.220 33.607 32.986 32.355 31.716 31.068 32.007 33.191 34.407 35.654 36.932 38.241 39.581 40.952 42.354 43.787 45.251 46.696 45.559 44.315 42.964 41.506 39.942 38.270 36.492 34.606 32.614 30.515
10.341 10.454 10.543 10.551 10.544 10.522 10.485 10.432 10.365 10.283 10.186 10.074 9.947 9.805 10.245 11.640 13.069 14.530 16.025 17.553 19.113 20.707 22.268 23.791 25.339 26.914 28.377 29.684 30.978 32.258 33.523 34.775 36.014 37.238 38.448 39.645 40.828 41.997 42.072 41.472 40.863 40.246 39.620 38.985 38.341 37.689 37.028 36.358 35.679 34.992 35.813 37.135 38.488 39.871 41.286 42.732 44.209 45.716 47.255 48.825 50.426 52.058 50.753 49.037 47.214 45.284 43.247 41.104 38.853 36.496 34.032 31.462
14.572 14.729 14.857 14.812 14.753 14.678 14.588 14.483 14.363 14.228 14.078 13.913 13.733 13.539 13.772 15.281 16.824 18.400 20.009 21.650 23.325 25.033 26.709 28.347 30.011 31.701 33.253 34.499 35.731 36.949 38.154 39.344 40.521 41.684 42.833 43.969 45.090 46.198 46.434 45.795 45.147 44.490 43.824 43.150 42.467 41.775 41.075 40.365 39.647 38.920 39.582 41.041 42.530 44.051 45.602 47.185 48.798 50.443 52.118 53.825 55.562 57.331 56.051 53.862 51.567 49.166 46.411 43.075 39.814 36.630 33.521 30.488
18.785 18.987 19.180 19.083 18.970 18.843 18.700 18.542 18.370 18.182 17.980 17.762 17.529 17.282 17.264 18.888 20.544 22.234 23.957 25.713 27.502 29.324 31.114 32.868 34.647 36.453 38.138 39.323 40.494 41.650 42.794 43.923 45.038 46.140 47.228 48.302 49.362 50.408 50.801 50.122 49.435 48.738 48.033 47.320 46.597 45.866 45.126 44.377 43.620 42.853 43.314 44.909 46.535 48.192 49.880 51.600 53.350 54.917 55.687 56.338 56.870 57.284 55.114 51.809 48.579 45.425 42.346 39.343 36.416 33.564 30.788 28.087
22.981 23.227 23.485 23.362 23.197 23.016 22.821 22.611 22.385 22.145 21.890 21.620 21.334 21.034 20.721 22.459 24.230 26.034 27.871 29.740 31.643 33.579 35.484 37.353 39.248 41.169 43.033 44.156 45.265 46.361 47.443 48.511 49.565 50.605 51.631 52.644 53.643 54.628 55.172 54.454 53.727 52.991 52.247 51.494 50.732 49.961 49.182 48.394 47.524 46.315 46.107 47.185 48.145 48.986 49.708 50.311 50.795 51.161 51.408 51.536 51.546 51.436 49.648 46.675 43.778 40.957 38.211 35.541 32.946 30.427 27.983 25.615
27.160 27.449 27.752 27.650 27.432 27.199 26.951 26.688 26.410 26.117 25.809 25.486 25.148 24.796 24.428 25.996 27.880 29.798 31.749 33.733 35.750 37.799 39.819 41.803 43.814 45.850 47.913 48.999 50.047 51.081 52.101 53.108 54.101 55.080 56.045 56.996 57.934 58.858 59.547 58.705 57.165 55.697 54.301 52.976 51.724 50.544 49.437 48.401 47.437 46.545 46.139 46.694 47.131 47.448 47.647 47.728 47.689 47.532 47.257 46.862 46.349 45.717 44.112 41.472 38.908 36.419 34.005 31.667 29.405 27.218 25.107 23.071
31.321 31.655 32.001 31.947 31.677 31.391 31.090 30.775 30.444 30.098 29.738 29.362 28.972 28.566 28.146 29.497 31.496 33.528 35.593 37.690 39.821 41.984 44.119 46.218 48.344 50.495 52.673 53.850 54.837 55.810 56.745 57.169 57.481 57.680 57.766 57.741 57.603 57.352 56.979 55.684 54.462 53.311 52.233 51.226 50.292 49.429 48.639 47.920 47.274 46.699 46.296 46.328 46.242 46.037 45.713 45.271 44.710 44.031 43.233 42.316 41.281 40.127 38.506 36.199 33.967 31.810 29.729 27.723 25.793 23.938 22.159 20.455
35.465 35.843 36.233 36.253 35.930 35.591 35.238 34.870 34.487 34.089 33.675 33.247 32.804 32.346 31.873 32.965 35.077 37.223 39.401 41.613 43.857 46.134 48.008 49.893 51.848 53.873 55.968 56.817 57.082 57.235 57.275 57.204 57.019 56.723 56.314 55.793 55.160 54.414 53.556 52.589 51.684 50.851 50.090 49.401 48.784 48.238 47.765 47.364 47.035 46.778 46.577 46.087 45.478 44.751 43.905 42.940 41.857 40.656 39.336 37.897 36.340 34.664 32.830 30.855 28.955 27.131 25.382 23.708 22.110 20.587 19.140 17.768
39.591 40.013 40.448 40.568 40.192 39.801 39.395 38.974 38.539 38.088 37.622 37.142 36.646 36.136 35.610 35.766 37.372 39.067 40.851 42.723 44.683 46.733 48.862 51.057 53.322 55.657 58.062 58.957 58.727 58.384 57.929 57.362 56.683 55.891 54.987 53.971 52.843 51.602 50.249 49.420 48.832 48.316 47.873 47.501 47.201 46.973 46.817 46.732 46.720 46.780 46.911 45.971 44.840 43.590 42.222 40.736 39.131 37.408 35.566 33.606 31.527 29.330 27.085 25.442 23.874 22.381 20.964 19.622 18.356 17.165 16.049 15.009
43.701 44.167 44.646 44.891 44.463 44.019 43.561 43.088 41.771 40.472 39.204 37.968 36.764 35.593 34.454 34.391 36.304 38.305 40.395 42.574 44.841 47.197 49.635 52.140 54.715 57.360 60.075 61.220 60.494 59.657 58.707 57.645 56.470 55.184 53.785 52.274 50.651 48.916 47.069 46.177 45.906 45.707 45.581 45.526 45.543 45.632 45.792 46.025 46.330 46.706 47.154 45.979 44.326 42.555 40.666 38.658 36.531 34.286 31.923 29.441 26.841 24.123 21.286 19.958 18.722 17.561 16.476 15.466 14.531 13.672 12.887 12.179
47.760 47.270 46.829 46.303 44.954 43.636 42.351 41.098 39.877 38.688 37.531 36.406 35.314 34.253 33.225 32.936 35.155 37.463 39.860 42.345 44.919 47.581 50.327 53.142 56.027 58.982 62.007 63.606 62.385 61.052 59.608 58.051 56.382 54.601 52.708 50.702 48.585 46.356 44.014 42.860 42.906 43.024 43.214 43.476 43.810 44.216 44.693 45.242 45.863 46.556 47.321 46.112 43.938 41.645 39.234 36.705 34.057 31.291 28.407 25.404 22.283 19.044 15.686 14.405 13.501 12.671 11.917 11.239 10.635 10.107 9.654 9.277
44.634 44.316 44.048 43.826 42.588 41.381 40.207 39.065 37.955 36.877 35.831 34.817 33.835 32.886 31.968 31.401 33.927 36.542 39.245 42.037 44.917 47.885 50.939 54.063 57.258 60.522 63.857 66.114 64.399 62.571 60.632 58.581 56.418 54.142 51.755 49.256 46.644 43.921 41.085 39.469 39.832 40.267 40.773 41.352 42.002 42.724 43.518 44.384 45.322 46.331 47.412 46.370 43.674 40.861 37.929 34.878 31.710 28.423 25.018 21.494 17.853 14.093 10.215 8.782 8.209 7.711 7.288 6.941 6.669 6.472 6.481 6.831
41.465 41.319 41.223 41.176 40.195 39.099 38.036 37.005 36.006 35.038 34.103 33.201 32.330 31.491 30.684 29.910 32.620 35.541 38.550 41.648 44.834 48.109 51.470 54.904 58.408 61.981 65.625 68.744 66.535 64.213 61.780 59.235 56.577 53.808 50.927 47.934 44.828 41.611 38.282 36.004 36.683 37.435 38.258 39.153 40.120 41.158 42.269 43.451 44.704 46.030 47.427 46.752 43.536 40.201 36.748 33.177 29.488 25.681 21.755 17.711 13.549 9.388 5.642 4.504 4.811 5.134 5.475 5.831 6.205 6.596 7.003 7.427
38.253 38.279 38.354 38.479 37.775 36.790 35.838 34.918 34.029 33.173 32.349 31.557 30.797 30.069 29.373 28.709 31.233 34.460 37.776 41.179 44.671 48.252 51.921 55.664 59.477 63.360 67.313 71.335 68.794 65.978 63.051 60.012 56.861 53.598 50.223 46.736 43.138 39.427 35.604 32.465 33.461 34.529 35.668 36.880 38.163 39.517 40.944 42.442 44.012 45.653 47.366 47.258 43.528 39.793 36.055 32.315 28.573 24.827 21.079 17.328 13.574 9.818 6.059 4.493 4.873 5.270 5.684 6.115 6.562 7.027 7.508 8.006
34.998 35.195 35.443 35.740 35.328 34.454 33.613 32.803 32.026 31.280 30.567 29.885 29.236 28.619 28.033 27.480 29.767 33.300 36.921 40.631 44.429 48.314 52.291 56.343 60.465 64.657 68.919 73.251 71.175 67.866 64.445 60.913 57.268 53.512 49.644 45.663 41.572 37.368 33.052 28.853 30.165 31.549 33.005 34.537 36.317 38.109 39.912 41.727 43.554 45.392 47.242 47.823 44.078 40.330 36.580 32.826 29.071 25.312 21.551 17.787 14.021 10.251 6.479 4.464 4.918 5.389 5.877 6.381 6.902 7.440 7.995 8.567
31.699 32.069 32.488 32.957 32.855 32.092 31.361 30.662 29.995 29.360 28.758 28.187 27.648 27.141 26.667 26.224 28.222 32.061 35.987 40.002 44.106 48.297 52.581 56.942 61.373 65.874 70.444 75.085 73.679 69.877 65.963 61.937 57.799 53.550 49.188 44.718 40.293 35.918 31.592 27.316 28.608 30.405 32.213 34.034 35.865 37.709 39.564 41.431 43.310 45.200 47.102 48.389 44.631 40.870 37.107 33.341 29.572 25.800 22.026 18.249 14.470 10.688 6.903 4.418 4.946 5.491 6.052 6.630 7.225 7.837 8.465 9.110
28.358 28.900 29.490 30.131 30.354 29.702 29.082 28.494 27.938 27.413 26.921 26.461 26.033 25.637 25.272 24.940 26.598 30.742 34.974 39.294 43.703 48.200 52.791 57.460 62.200 67.009 71.422 75.723 74.666 70.110 65.604 61.148 56.742 52.385 48.078 43.821 39.614 35.457 31.349 27.292 27.937 29.786 31.646 33.518 35.402 37.297 39.204 41.123 43.053 44.995 46.949 48.914 45.187 41.413 37.637 33.858 30.076 26.292 22.504 18.715 14.922 11.127 7.329 4.355 4.957 5.575 6.210 6.862 7.530 8.216 8.918 9.637
24.974 25.687 26.450 27.261 27.827 27.285 26.776 26.298 25.853 25.439 25.057 24.708 24.390 24.104 23.851 23.629 24.894 29.344 33.821 38.235 42.592 46.890 51.178 55.462 59.701 63.894 68.040 72.141 72.191 67.854 63.566 59.327 55.139 51.000 46.911 42.872 38.883 34.944 31.054 27.214 27.253 29.154 31.066 32.990 34.925 36.873 38.831 40.802 42.784 44.778 46.783 48.800 45.746 41.959 38.170 34.378 30.583 26.786 22.986 19.183 15.377 11.569 7.758 4.275 4.950 5.642 6.351 7.076 7.818 8.577 9.353 10.145
21.547 22.432 23.366 24.349 25.273 24.842 24.443 24.076 23.741 23.438 23.167 23.005 22.900 22.811 22.740 22.687 23.482 27.814 32.088 36.304 40.462 44.562 48.651 52.735 56.774 60.767 64.713 68.614 69.665 65.545 61.475 57.455 53.484 49.563 45.692 41.871 38.099 34.377 30.705 27.083 26.558 28.510 30.474 32.450 34.437 36.436 38.447 40.469 42.503 44.548 46.605 48.674 46.308 42.508 38.706 34.901 31.093 27.283 23.470 19.654 15.836 12.015 8.191 4.364 4.927 5.692 6.475 7.274 8.089 8.922 9.771 10.637
18.078 19.133 20.239 21.393 22.716 22.642 22.492 22.359 22.244 22.146 22.066 22.003 21.957 21.930 21.919 21.927 22.197 26.331 30.407 34.425 38.386 42.288 46.178 50.062 53.901 57.694 61.440 65.142 67.088 63.186 59.333 55.530 51.778 48.074 44.421 40.817 37.263 33.758 30.304 26.899 25.850 27.854 29.870 31.897 33.936 35.987 38.049 40.123 42.209 44.306 46.415 48.536 46.872 43.060 39.245 35.427 31.606 27.783 23.957 20.128 16.297 12.463 8.626 4.787 4.886 5.725 6.581 7.454 8.343 9.249 10.172 11.111
15.764 17.135 18.481 19.802 21.098 21.262 21.172 21.099 21.045 21.007 20.988 20.985 21.000 21.033 21.083 21.151 21.236 24.902 28.780 32.600 36.363 40.068 43.759 47.443 51.082 54.675 58.222 61.723 64.458 60.774 57.139 53.554 50.019 46.533 43.097 39.711 36.374 33.087 29.850 26.662 25.130 27.186 29.253 31.332 33.423 35.526 37.640 39.765 41.903 44.052 46.212 48.384 47.440 43.615 39.787 35.956 32.122 28.286 24.447 20.605 16.761 12.914 9.065 5.212 4.829 5.741 6.671 7.617 8.579 9.559 10.555 11.568
14.510 15.796 17.057 18.293 19.505 19.866 19.837 19.825 19.831 19.854 19.895 19.953 20.029 20.122 20.232 20.360 20.506 23.525 27.206 30.829 34.394 37.901 41.394 44.878 48.317 51.710 55.057 58.359 61.614 58.311 54.893 51.526 48.208 44.939 41.721 38.552 35.432 32.363 29.343 26.372 24.398 26.505 28.624 30.755 32.898 35.052 37.218 39.395 41.584 43.785 45.997 48.221 48.011 44.173 40.332 36.488 32.641 28.792 24.940 21.086 17.228 13.369 9.506 5.641 4.754 5.740 6.734 7.698 8.644 9.572 10.482 11.375
13.280 14.481 15.658 16.810 17.937 18.456 18.487 18.536 18.602 18.686 18.787 18.906 19.042 19.195 19.366 19.555 19.761 22.202 25.685 29.110 32.478 35.788 39.082 42.367 45.606 48.799 51.947 55.049 58.105 55.796 52.596 49.446 46.345 43.294 40.292 37.341 34.439 31.586 28.783 26.030 23.653 25.812 27.983 30.166 32.360 34.566 36.783 39.012 41.253 43.505 45.769 48.045 48.585 44.733 40.879 37.023 33.163 29.316 25.540 21.732 17.893 14.022 10.120 6.185 4.680 5.602 6.506 7.392 8.260 9.111 9.943 10.758
12.074 13.191 14.283 15.350 16.393 17.031 17.123 17.232 17.359 17.503 17.664 17.843 18.040 18.254 18.485 18.734 19.000 20.932 24.217 27.445 30.616 33.728 36.823 39.909 42.948 45.942 48.890 51.793 54.649 53.229 50.247 47.314 44.430 41.596 38.812 36.077 33.392 30.757 28.171 25.635 23.148 25.107 27.330 29.564 31.810 34.068 36.337 38.617 40.912 43.344 45.825 48.357 49.884 46.126 42.337 38.516 34.664 30.779 26.863 22.916 18.936 14.925 10.882 6.808 4.626 5.470 6.296 7.104 7.895 8.668 9.423 10.160
10.893 11.926 12.933 13.916 14.874 15.592 15.744 15.914 16.100 16.305 16.527 16.766 17.023 17.297 17.589 17.898 18.225 19.715 22.803 25.833 28.806 31.722 34.619 37.504 40.344 43.139 45.888 48.591 51.248 50.611 47.846 45.130 42.463 39.846 37.279 34.761 32.293 29.875 27.506 25.187 22.877 24.334 26.635 28.987 31.388 33.839 36.341 38.893 41.495 44.147 46.850 49.602 52.080 48.182 44.253 40.292 36.299 32.275 28.219 24.131 20.011 15.860 11.678 7.463 4.589 5.355 6.104 6.835 7.548 8.243 8.921 9.580
9.737 10.684 11.607 12.505 13.379 14.138 14.350 14.580 14.827 15.092 15.374 15.674 15.991 16.326 16.678 17.047 17.434 18.550 21.441 24.275 27.050 29.769 32.467 35.154 37.794 40.389 42.939 45.443 47.901 47.942 45.393 42.909 40.466 38.059 35.688 33.352 31.052 28.788 26.560 24.367 22.210 23.319 25.841 28.413 31.035 33.707 36.429 39.201 42.024 44.897 47.820 50.793 53.816 50.270 46.200 42.099 37.966 33.802 29.606 25.378 21.119 16.828 12.505 8.150 4.570 5.259 5.930 6.583 7.219 7.836 8.436 9.019
8.605 9.468 10.306 11.120 11.909 12.669 12.942 13.232 13.540 13.865 14.207 14.567 14.945 15.339 15.752 16.181 16.628 17.439 20.133 22.769 25.348 27.869 30.517 33.172 35.728 38.185 40.544 42.803 44.964 45.480 43.122 40.799 38.513 36.262 34.047 31.867 29.723 27.615 25.543 23.506 21.506 22.251 24.993 27.785 30.628 33.520 36.463 39.456 42.499 45.592 48.735 51.929 55.172 52.389 48.179 43.938 39.665 35.361 31.025 26.657 22.258 17.827 13.364 8.870 4.569 5.180 5.774 6.349 6.907 7.448 7.970 8.475
