DATA/SHG/ECMWF/20170628/EN-5/20170706.en-5.asc
ncols        190
nrows        64
xllcorner    -5100000.000000000000
yllcorner    4130000.000000000000
cellsize     10000.000000000000
NODATA_value  -99999.000
[rows 0 to 32 of 64, columns 0 to 73 of 190]
0.390 0.386 0.385 0.386 0.389 0.394 0.402 0.412 0.424 0.448 0.475 0.501 0.525 0.548 0.569 0.589 0.607 0.624 0.640 0.664 0.690 0.745 0.814 0.881 0.946 1.010 1.072 1.132 1.191 1.249 1.304 1.358 1.411 1.520 1.677 1.845 2.024 2.214 2.416 2.630 2.855 3.091 3.339 3.598 3.869 3.973 3.919 3.861 3.797 3.729 3.655 3.576 3.492 3.403 3.310 3.211 3.106 3.073 3.117 3.147 3.164 3.167 3.157 3.133 3.096 3.045 2.980 2.902 2.810 2.803 2.956 3.119 3.290 3.470
0.299 0.304 0.310 0.319 0.330 0.343 0.359 0.376 0.396 0.419 0.441 0.461 0.499 0.535 0.568 0.598 0.625 0.649 0.670 0.687 0.702 0.742 0.805 0.867 0.926 0.984 1.041 1.096 1.149 1.200 1.250 1.299 1.345 1.457 1.654 1.862 2.081 2.312 2.554 2.808 3.073 3.350 3.638 3.937 4.248 4.415 4.344 4.268 4.186 4.100 4.008 3.911 3.810 3.703 3.591 3.474 3.352 3.268 3.265 3.247 3.217 3.172 3.114 3.043 2.958 2.859 2.747 2.621 2.481 2.412 2.596 2.790 2.992 3.203
0.207 0.219 0.233 0.250 0.273 0.315 0.361 0.409 0.461 0.507 0.541 0.572 0.600 0.626 0.648 0.667 0.683 0.696 0.706 0.713 0.718 0.741 0.799 0.854 0.908 0.960 1.011 1.060 1.108 1.154 1.198 1.241 1.282 1.382 1.619 1.867 2.127 2.398 2.681 2.975 3.280 3.596 3.924 4.264 4.615 4.863 4.773 4.679 4.580 4.475 4.366 4.251 4.132 4.007 3.877 3.743 3.603 3.477 3.426 3.361 3.282 3.190 3.084 2.965 2.832 2.686 2.526 2.353 2.262 2.222 2.509 2.779 3.033 3.270
0.179 0.220 0.264 0.311 0.361 0.414 0.470 0.529 0.590 0.642 0.666 0.687 0.704 0.719 0.730 0.739 0.744 0.747 0.746 0.743 0.736 0.742 0.793 0.843 0.892 0.938 0.983 1.027 1.069 1.109 1.147 1.184 1.220 1.296 1.573 1.861 2.161 2.472 2.795 3.129 3.474 3.831 4.199 4.579 4.970 5.314 5.207 5.095 4.978 4.855 4.728 4.596 4.458 4.316 4.168 4.015 3.858 3.699 3.600 3.487 3.365 3.285 3.203 3.121 3.039 2.955 2.870 2.785 2.698 2.611 2.834 3.047 3.242 3.421
0.222 0.274 0.328 0.386 0.446 0.509 0.575 0.644 0.716 0.781 0.794 0.804 0.811 0.815 0.816 0.814 0.809 0.801 0.789 0.775 0.758 0.744 0.790 0.834 0.877 0.918 0.957 0.995 1.031 1.066 1.099 1.130 1.160 1.197 1.515 1.843 2.183 2.535 2.897 3.271 3.657 4.054 4.462 4.882 5.312 5.755 5.645 5.515 5.380 5.240 5.095 4.944 4.789 4.624 4.454 4.305 4.178 4.073 3.991 3.909 3.827 3.744 3.659 3.574 3.488 3.401 3.313 3.225 3.135 3.044 3.175 3.329 3.467 3.588
0.263 0.325 0.389 0.457 0.528 0.601 0.677 0.757 0.839 0.923 0.926 0.925 0.921 0.914 0.905 0.892 0.876 0.857 0.836 0.811 0.783 0.752 0.788 0.827 0.864 0.899 0.933 0.965 0.995 1.024 1.052 1.077 1.101 1.124 1.445 1.814 2.194 2.585 2.988 3.402 3.828 4.264 4.713 5.172 5.643 6.126 6.041 5.795 5.571 5.369 5.188 5.029 4.891 4.775 4.681 4.609 4.558 4.529 4.460 4.375 4.289 4.203 4.115 4.027 3.938 3.847 3.756 3.665 3.572 3.478 3.531 3.627 3.706 3.769
0.300 0.372 0.447 0.525 0.606 0.690 0.776 0.866 0.958 1.054 1.060 1.049 1.034 1.017 0.997 0.973 0.947 0.917 0.885 0.849 0.811 0.770 0.789 0.821 0.853 0.882 0.910 0.937 0.961 0.985 1.006 1.026 1.045 1.061 1.363 1.772 2.192 2.624 3.067 3.502 3.911 4.301 4.672 5.026 5.360 5.676 5.639 5.469 5.321 5.195 5.090 5.007 4.945 4.905 4.887 4.891 4.916 4.962 4.929 4.841 4.752 4.662 4.571 4.480 4.387 4.294 4.200 4.105 4.009 3.912 3.901 3.940 3.961 3.966
0.334 0.416 0.501 0.590 0.681 0.775 0.872 0.971 1.074 1.180 1.198 1.176 1.151 1.123 1.092 1.058 1.020 0.980 0.937 0.891 0.842 0.790 0.790 0.817 0.843 0.867 0.889 0.910 0.929 0.947 0.963 0.977 1.024 1.090 1.390 1.827 2.244 2.644 3.025 3.387 3.730 4.056 4.362 4.650 4.920 5.171 5.216 5.122 5.050 5.000 4.971 4.964 4.978 5.014 5.072 5.151 5.252 5.374 5.398 5.307 5.215 5.122 5.028 4.933 4.837 4.741 4.643 4.545 4.446 4.346 4.287 4.268 4.231 4.179
0.364 0.457 0.552 0.651 0.752 0.856 0.964 1.074 1.187 1.303 1.338 1.306 1.270 1.231 1.190 1.145 1.097 1.047 0.993 0.936 0.877 0.814 0.794 0.815 0.835 0.865 0.904 0.950 1.004 1.065 1.135 1.212 1.297 1.389 1.619 1.991 2.343 2.678 2.993 3.291 3.569 3.829 4.071 4.294 4.499 4.685 4.772 4.754 4.758 4.783 4.830 4.899 4.989 5.101 5.235 5.390 5.566 5.765 5.867 5.773 5.678 5.581 5.484 5.386 5.288 5.188 5.087 4.986 4.884 4.780 4.688 4.611 4.517 4.406
0.391 0.494 0.600 0.709 0.820 0.935 1.052 1.173 1.296 1.422 1.482 1.438 1.392 1.343 1.291 1.235 1.177 1.116 1.049 0.978 0.904 0.827 0.789 0.832 0.882 0.940 1.005 1.078 1.159 1.248 1.345 1.449 1.560 1.680 1.867 2.173 2.461 2.730 2.981 3.213 3.427 3.622 3.799 3.957 4.097 4.218 4.307 4.365 4.444 4.546 4.669 4.813 4.979 5.167 5.376 5.607 5.859 6.133 6.337 6.239 6.141 6.041 5.941 5.840 5.738 5.635 5.531 5.427 5.321 5.215 5.104 4.969 4.817 4.649
0.415 0.528 0.645 0.764 0.885 1.010 1.138 1.268 1.402 1.538 1.628 1.574 1.516 1.454 1.389 1.320 1.248 1.172 1.093 1.010 0.923 0.833 0.774 0.843 0.921 1.006 1.098 1.199 1.307 1.423 1.546 1.677 1.816 1.963 2.133 2.375 2.597 2.802 2.987 3.155 3.304 3.434 3.546 3.639 3.714 3.770 3.820 3.954 4.110 4.287 4.486 4.706 4.948 5.211 5.496 5.803 6.131 6.480 6.807 6.706 6.604 6.502 6.398 6.294 6.189 6.083 5.976 5.868 5.759 5.650 5.535 5.342 5.133 4.907
0.436 0.559 0.686 0.819 0.957 1.096 1.235 1.375 1.515 1.656 1.776 1.709 1.638 1.564 1.486 1.405 1.320 1.232 1.140 1.044 0.945 0.843 0.750 0.847 0.951 1.063 1.183 1.311 1.446 1.589 1.739 1.897 2.063 2.237 2.418 2.595 2.752 2.892 3.013 3.115 3.199 3.265 3.312 3.340 3.350 3.342 3.315 3.523 3.755 4.007 4.282 4.578 4.895 5.234 5.595 5.977 6.380 6.806 7.252 7.172 7.068 6.962 6.855 6.748 6.640 6.530 6.420 6.255 6.042 5.821 5.593 5.286 4.976 4.669
0.506 0.645 0.784 0.923 1.063 1.204 1.346 1.488 1.630 1.773 1.917 1.848 1.765 1.678 1.588 1.494 1.396 1.296 1.191 1.083 0.972 0.856 0.738 0.843 0.974 1.113 1.260 1.414 1.577 1.747 1.924 2.109 2.302 2.503 2.711 2.833 2.926 3.001 3.057 3.094 3.113 3.114 3.096 3.060 3.006 2.932 2.841 3.071 3.378 3.707 4.057 4.428 4.821 5.236 5.672 6.129 6.609 7.109 7.632 7.639 7.482 7.296 7.103 6.901 6.692 6.476 6.251 6.019 5.778 5.530 5.275 4.982 4.683 4.387
0.603 0.744 0.885 1.027 1.169 1.312 1.456 1.600 1.745 1.890 2.036 1.990 1.895 1.795 1.693 1.586 1.476 1.363 1.246 1.125 1.001 0.874 0.743 0.830 0.989 1.155 1.329 1.510 1.699 1.896 2.101 2.313 2.533 2.760 2.996 3.090 3.118 3.128 3.119 3.092 3.047 2.983 2.900 2.799 2.680 2.542 2.386 2.598 2.981 3.385 3.810 4.257 4.726 5.233 5.735 6.227 6.709 7.180 7.642 7.650 7.445 7.232 7.011 6.782 6.546 6.302 6.050 5.790 5.523 5.248 4.964 4.675 4.387 4.102
0.699 0.842 0.985 1.129 1.274 1.419 1.565 1.711 1.858 2.006 2.154 2.136 2.028 1.916 1.801 1.682 1.560 1.434 1.305 1.172 1.035 0.895 0.751 0.809 0.995 1.188 1.389 1.597 1.814 2.037 2.269 2.508 2.755 3.010 3.272 3.366 3.329 3.274 3.201 3.109 2.999 2.870 2.723 2.557 2.373 2.171 2.068 2.337 2.865 3.382 3.890 4.387 4.874 5.351 5.817 6.274 6.720 7.156 7.582 7.648 7.415 7.175 6.927 6.671 6.407 6.136 5.857 5.570 5.275 4.973 4.662 4.365 4.088 3.814
0.795 0.939 1.085 1.231 1.378 1.525 1.673 1.821 1.971 2.120 2.271 2.286 2.165 2.041 1.913 1.782 1.647 1.509 1.367 1.221 1.072 0.920 0.764 0.781 0.993 1.213 1.441 1.677 1.920 2.171 2.429 2.695 2.969 3.250 3.540 3.660 3.558 3.439 3.298 3.144 3.005 2.880 2.771 2.676 2.597 2.532 2.482 2.678 3.170 3.652 4.124 4.585 5.037 5.478 5.909 6.330 6.741 7.142 7.533 7.653 7.393 7.126 6.851 6.568 6.277 5.978 5.672 5.357 5.035 4.706 4.368 4.054 3.787 3.525
0.889 1.036 1.184 1.332 1.481 1.630 1.780 1.931 2.082 2.234 2.387 2.440 2.306 2.170 2.029 1.886 1.738 1.587 1.433 1.275 1.113 0.948 0.780 0.744 0.983 1.230 1.485 1.748 2.018 2.295 2.581 2.862 3.110 3.347 3.574 3.674 3.527 3.395 3.278 3.176 3.089 3.017 2.960 2.918 2.890 2.878 2.880 3.028 3.484 3.931 4.367 4.793 5.210 5.615 6.011 6.397 6.772 7.138 7.493 7.666 7.379 7.085 6.782 6.472 6.154 5.828 5.494 5.153 4.803 4.446 4.082 3.739 3.484 3.232
0.982 1.132 1.281 1.432 1.583 1.735 1.887 2.040 2.193 2.347 2.502 2.597 2.451 2.302 2.149 1.993 1.833 1.670 1.503 1.332 1.158 0.981 0.800 0.699 0.977 1.263 1.538 1.802 2.055 2.298 2.530 2.752 2.962 3.162 3.351 3.482 3.388 3.308 3.244 3.194 3.159 3.139 3.134 3.144 3.169 3.209 3.263 3.387 3.808 4.219 4.620 5.011 5.392 5.762 6.123 6.473 6.813 7.143 7.463 7.687 7.373 7.051 6.721 6.384 6.038 5.685 5.324 4.955 4.579 4.195 3.803 3.422 3.178 2.937
1.075 1.226 1.378 1.531 1.684 1.838 1.992 2.147 2.303 2.459 2.616 2.757 2.599 2.437 2.272 2.103 1.931 1.755 1.585 1.424 1.272 1.128 0.993 0.882 1.141 1.389 1.627 1.853 2.069 2.274 2.469 2.653 2.826 2.988 3.140 3.276 3.233 3.206 3.194 3.196 3.214 3.246 3.293 3.355 3.432 3.524 3.631 3.756 4.142 4.518 4.883 5.239 5.584 5.919 6.244 6.559 6.864 7.158 7.443 7.716 7.374 7.025 6.668 6.303 5.931 5.550 5.162 4.766 4.363 3.951 3.532 3.105 2.870 2.640
1.167 1.320 1.474 1.629 1.785 1.941 2.097 2.254 2.412 2.571 2.704 2.822 2.660 2.477 2.303 2.137 1.981 1.833 1.693 1.563 1.441 1.328 1.224 1.129 1.316 1.527 1.727 1.916 2.094 2.262 2.419 2.565 2.701 2.825 2.940 3.043 3.064 3.089 3.129 3.183 3.253 3.337 3.437 3.551 3.680 3.824 3.983 4.156 4.485 4.825 5.156 5.476 5.785 6.085 6.375 6.654 6.924 7.183 7.432 7.672 7.383 7.006 6.622 6.230 5.831 5.423 5.008 4.585 4.154 3.715 3.269 2.815 2.559 2.340
1.258 1.413 1.570 1.738 1.895 2.041 2.176 2.299 2.411 2.511 2.600 2.678 2.575 2.423 2.279 2.144 2.018 1.901 1.792 1.693 1.602 1.519 1.446 1.381 1.502 1.675 1.838 1.989 2.130 2.260 2.380 2.489 2.587 2.674 2.751 2.817 2.880 2.957 3.048 3.155 3.277 3.413 3.565 3.731 3.912 4.108 4.319 4.545 4.838 5.143 5.437 5.722 5.997 6.261 6.516 6.760 6.994 7.218 7.432 7.636 7.399 6.996 6.584 6.165 5.738 5.304 4.861 4.404 3.937 3.477 3.024 2.578 2.316 2.126
1.506 1.657 1.797 1.926 2.043 2.149 2.243 2.327 2.398 2.459 2.508 2.546 2.480 2.359 2.246 2.142 2.046 1.960 1.882 1.813 1.753 1.701 1.658 1.624 1.699 1.835 1.959 2.074 2.177 2.270 2.352 2.423 2.484 2.534 2.573 2.602 2.680 2.809 2.953 3.112 3.286 3.474 3.678 3.896 4.129 4.377 4.640 4.918 5.200 5.469 5.729 5.978 6.218 6.447 6.666 6.875 7.074 7.262 7.441 7.610 7.387 6.896 6.411 5.934 5.463 4.999 4.543 4.093 3.651 3.215 2.787 2.365 2.090 1.917
1.825 1.937 2.037 2.125 2.203 2.269 2.323 2.367 2.399 2.419 2.429 2.426 2.377 2.286 2.204 2.130 2.065 2.009 1.962 1.924 1.894 1.873 1.861 1.857 1.907 2.005 2.092 2.169 2.235 2.290 2.335 2.369 2.392 2.405 2.407 2.398 2.466 2.647 2.843 3.054 3.280 3.520 3.776 4.046 4.331 4.631 4.946 5.276 5.571 5.806 6.030 6.244 6.448 6.578 6.665 6.751 6.834 6.916 6.996 7.075 6.900 6.433 5.973 5.520 5.074 4.634 4.202 3.777 3.359 2.947 2.543 2.146 1.861 1.705
2.157 2.228 2.288 2.337 2.375 2.401 2.416 2.419 2.411 2.392 2.361 2.319 2.264 2.203 2.152 2.109 2.075 2.050 2.033 2.025 2.026 2.036 2.054 2.081 2.126 2.186 2.236 2.275 2.304 2.322 2.329 2.326 2.312 2.287 2.251 2.205 2.237 2.470 2.718 2.981 3.258 3.551 3.858 4.181 4.518 4.870 5.159 5.414 5.611 5.701 5.790 5.877 5.961 6.044 6.125 6.205 6.282 6.358 6.431 6.503 6.407 5.965 5.529 5.100 4.678 4.263 3.855 3.454 3.060 2.673 2.293 1.920 1.627 1.488
2.500 2.532 2.552 2.561 2.559 2.545 2.520 2.484 2.436 2.377 2.307 2.225 2.141 2.112 2.091 2.079 2.075 2.080 2.094 2.117 2.149 2.189 2.238 2.295 2.355 2.378 2.391 2.393 2.384 2.365 2.334 2.294 2.242 2.180 2.107 2.024 1.992 2.278 2.578 2.885 3.181 3.466 3.739 4.000 4.250 4.488 4.714 4.929 5.112 5.196 5.278 5.358 5.437 5.513 5.588 5.661 5.732 5.801 5.869 5.934 5.909 5.490 5.079 4.674 4.276 3.886 3.502 3.126 2.756 2.393 2.038 1.689 1.388 1.267
2.855 2.847 2.828 2.797 2.755 2.701 2.637 2.560 2.473 2.374 2.264 2.143 2.010 2.011 2.021 2.039 2.066 2.102 2.146 2.200 2.262 2.332 2.412 2.500 2.596 2.581 2.557 2.521 2.475 2.418 2.351 2.273 2.213 2.145 2.069 1.984 1.900 2.191 2.470 2.737 2.993 3.237 3.469 3.690 3.899 4.096 4.281 4.455 4.615 4.692 4.768 4.842 4.914 4.985 5.053 5.120 5.185 5.248 5.309 5.368 5.404 5.009 4.622 4.242 3.869 3.502 3.143 2.791 2.445 2.107 1.776 1.451 1.146 1.041
3.219 3.175 3.116 3.045 2.963 2.870 2.765 2.650 2.522 2.384 2.234 2.073 1.900 1.901 1.941 1.990 2.048 2.114 2.189 2.273 2.366 2.467 2.577 2.695 2.826 2.819 2.781 2.733 2.678 2.614 2.541 2.461 2.372 2.274 2.169 2.055 1.932 2.137 2.375 2.601 2.816 3.020 3.211 3.391 3.559 3.716 3.861 3.994 4.116 4.192 4.261 4.329 4.395 4.459 4.521 4.581 4.640 4.696 4.751 4.804 4.855 4.523 4.160 3.804 3.455 3.113 2.778 2.450 2.129 1.815 1.507 1.207 0.914 0.811
3.587 3.515 3.416 3.305 3.184 3.051 2.906 2.751 2.584 2.406 2.216 2.015 1.803 1.782 1.852 1.932 2.020 2.130 2.272 2.418 2.566 2.718 2.872 3.029 3.189 3.191 3.123 3.046 2.961 2.868 2.766 2.657 2.538 2.412 2.277 2.134 1.982 2.094 2.292 2.478 2.652 2.815 2.966 3.105 3.232 3.348 3.453 3.545 3.626 3.693 3.757 3.818 3.877 3.935 3.991 4.045 4.097 4.148 4.196 4.243 4.288 4.030 3.692 3.360 3.035 2.717 2.407 2.103 1.806 1.516 1.233 0.957 0.688 0.578
3.960 3.866 3.728 3.578 3.416 3.244 3.060 2.864 2.658 2.440 2.229 2.037 1.846 1.836 1.978 2.122 2.269 2.418 2.571 2.727 2.885 3.047 3.211 3.378 3.548 3.570 3.473 3.367 3.253 3.131 3.000 2.861 2.714 2.558 2.394 2.221 2.041 2.064 2.221 2.366 2.499 2.621 2.732 2.830 2.917 2.993 3.057 3.109 3.149 3.198 3.254 3.310 3.363 3.414 3.464 3.511 3.557 3.601 3.644 3.684 3.723 3.532 3.217 2.910 2.609 2.316 2.029 1.750 1.477 1.211 0.953 0.701 0.456 0.339
4.339 4.230 4.052 3.859 3.662 3.467 3.273 3.080 2.889 2.698 2.509 2.321 2.134 2.081 2.232 2.387 2.544 2.704 2.866 3.032 3.201 3.372 3.547 3.724 3.904 3.958 3.831 3.697 3.553 3.402 3.242 3.074 2.897 2.712 2.519 2.317 2.108 2.045 2.161 2.266 2.359 2.440 2.510 2.568 2.615 2.649 2.673 2.684 2.684 2.704 2.755 2.804 2.851 2.896 2.939 2.980 3.020 3.058 3.094 3.128 3.160 3.027 2.737 2.454 2.177 1.908 1.646 1.390 1.157 0.953 0.753 0.558 0.367 0.273
4.604 4.497 4.303 4.109 3.917 3.726 3.536 3.347 3.159 2.972 2.787 2.603 2.420 2.322 2.484 2.648 2.815 2.985 3.158 3.334 3.513 3.694 3.879 4.066 4.257 4.354 4.198 4.034 3.862 3.681 3.492 3.295 3.089 2.875 2.653 2.422 2.183 2.038 2.114 2.178 2.230 2.271 2.300 2.318 2.324 2.318 2.301 2.272 2.231 2.213 2.258 2.300 2.341 2.380 2.417 2.452 2.485 2.516 2.546 2.574 2.600 2.539 2.319 2.103 1.892 1.685 1.483 1.286 1.092 0.904 0.720 0.540 0.365 0.260
4.807 4.739 4.548 4.358 4.170 3.983 3.797 3.612 3.428 3.245 3.064 2.883 2.704 2.560 2.732 2.906 3.083 3.263 3.446 3.632 3.821 4.013 4.207 4.405 4.605 4.758 4.573 4.380 4.179 3.969 3.750 3.524 3.289 3.046 2.795 2.535 2.267 2.043 2.078 2.102 2.114 2.114 2.103 2.080 2.045 1.999 1.941 1.872 1.791 1.725 1.763 1.799 1.833 1.866 1.957 2.076 2.177 2.259 2.324 2.370 2.399 2.361 2.156 1.956 1.761 1.570 1.383 1.201 1.024 0.851 0.683 0.519 0.359 0.246
5.003 4.965 4.792 4.606 4.421 4.238 4.056 3.875 3.695 3.516 3.339 3.162 2.987 2.813 2.976 3.160 3.348 3.538 3.731 3.927 4.126 4.328 4.532 4.740 4.950 5.164 4.957 4.734 4.504 4.265 4.017 3.762 3.498 3.226 2.945 2.656 2.359 2.060 2.055 2.038 2.009 1.969 1.917 1.854 1.779 1.692 1.594 1.574 1.596 1.628 1.775 1.903 2.013 2.105 2.179 2.235 2.273 2.292 2.294 2.277 2.243 2.178 1.989 1.805 1.625 1.450 1.279 1.113 0.951 0.794 0.641 0.493 0.349 0.229
