DATA/SHG/ECMWF/20170628/EN-5/20170707.en-5.asc
ncols        190
nrows        64
xllcorner    -5100000.000000000000
yllcorner    4130000.000000000000
cellsize     10000.000000000000
NODATA_value  -99999.000
[rows 0 to 32 of 64, columns 76 to 151 of 190]
16.305 16.263 16.214 16.159 16.099 15.999 15.630 15.155 14.682 14.211 13.743 13.277 12.813 12.351 11.892 11.435 10.980 10.557 10.252 9.969 9.700 9.444 9.201 8.971 8.754 8.550 8.360 8.182 8.018 7.921 8.002 8.074 8.137 8.192 8.239 8.276 8.305 8.326 8.338 8.341 8.336 8.311 8.238 8.148 8.042 7.920 7.781 7.626 7.454 7.267 7.062 6.842 6.605 6.282 5.759 5.259 4.781 4.326 3.893 3.483 3.095 2.730 2.387 2.066 1.768 1.541 1.460 1.380 1.303 1.229 1.156 1.087 1.019 0.954 0.891 0.831
17.195 16.810 16.438 16.082 15.739 15.385 14.916 14.449 13.984 13.521 13.060 12.602 12.146 11.692 11.240 10.791 10.344 9.918 9.672 9.448 9.238 9.040 8.856 8.684 8.526 8.381 8.249 8.131 8.025 7.947 7.990 8.023 8.048 8.065 8.073 8.072 8.063 8.045 8.019 7.984 7.941 7.878 7.732 7.569 7.390 7.195 6.983 6.756 6.511 6.251 5.974 5.680 5.371 5.031 4.608 4.209 3.831 3.476 3.144 2.834 2.546 2.281 2.038 1.818 1.620 1.459 1.388 1.319 1.252 1.188 1.127 1.067 1.010 0.956 0.917 0.903
16.201 15.866 15.545 15.240 14.948 14.662 14.201 13.741 13.284 12.829 12.377 11.926 11.478 11.032 10.588 10.147 9.708 9.271 9.078 8.913 8.761 8.622 8.496 8.384 8.284 8.198 8.125 8.064 8.017 7.983 7.987 7.982 7.969 7.947 7.917 7.878 7.830 7.774 7.710 7.637 7.555 7.464 7.245 7.009 6.757 6.489 6.205 5.904 5.587 5.253 4.904 4.538 4.155 3.759 3.436 3.137 2.860 2.605 2.372 2.162 1.975 1.810 1.667 1.547 1.449 1.372 1.314 1.266 1.227 1.197 1.178 1.167 1.167 1.175 1.194 1.222
15.194 14.910 14.640 14.386 14.145 13.919 13.485 13.033 12.584 12.137 11.692 11.249 10.809 10.371 9.935 9.501 9.070 8.641 8.470 8.364 8.270 8.190 8.123 8.069 8.028 8.000 7.985 7.984 7.995 8.020 7.993 7.950 7.899 7.839 7.770 7.693 7.607 7.513 7.410 7.299 7.179 7.051 6.775 6.467 6.142 5.801 5.444 5.070 4.681 4.275 3.852 3.413 2.959 2.487 2.243 2.044 1.915 1.839 1.764 1.689 1.616 1.543 1.471 1.399 1.329 1.259 1.240 1.234 1.238 1.251 1.274 1.306 1.348 1.400 1.461 1.531
14.175 13.942 13.723 13.519 13.330 13.155 12.768 12.324 11.883 11.444 11.007 10.572 10.139 9.709 9.281 8.855 8.432 8.010 7.848 7.800 7.766 7.744 7.736 7.740 7.758 7.788 7.832 7.889 7.959 8.042 8.009 7.928 7.838 7.740 7.633 7.518 7.394 7.261 7.120 6.971 6.813 6.646 6.324 5.943 5.545 5.132 4.702 4.285 3.893 3.509 3.133 2.764 2.402 2.048 1.918 1.843 1.770 1.698 1.626 1.555 1.485 1.415 1.347 1.279 1.212 1.146 1.157 1.193 1.240 1.295 1.361 1.436 1.520 1.614 1.718 1.831
13.144 12.962 12.794 12.641 12.502 12.378 12.050 11.614 11.181 10.749 10.320 9.893 9.469 9.046 8.626 8.208 7.792 7.379 7.213 7.223 7.247 7.284 7.334 7.397 7.473 7.562 7.664 7.779 7.908 8.049 8.034 7.915 7.787 7.651 7.506 7.352 7.190 7.019 6.819 6.606 6.395 6.187 5.853 5.457 5.069 4.689 4.316 3.950 3.592 3.241 2.898 2.563 2.234 1.914 1.765 1.694 1.624 1.555 1.487 1.420 1.353 1.287 1.222 1.158 1.094 1.031 1.064 1.143 1.232 1.330 1.438 1.555 1.682 1.819 1.965 2.121
12.101 11.970 11.853 11.750 11.662 11.589 11.331 10.903 10.478 10.054 9.633 9.214 8.797 8.382 7.970 7.560 7.152 6.746 6.563 6.632 6.715 6.810 6.918 7.040 7.174 7.322 7.482 7.656 7.843 7.991 7.936 7.712 7.492 7.274 7.059 6.847 6.637 6.430 6.226 6.025 5.827 5.631 5.344 4.982 4.627 4.280 3.940 3.608 3.283 2.966 2.656 2.354 2.059 1.772 1.611 1.544 1.478 1.412 1.348 1.284 1.221 1.158 1.097 1.036 0.976 0.917 0.961 1.083 1.214 1.355 1.506 1.666 1.835 2.014 2.203 2.401
11.047 10.966 10.900 10.848 10.811 10.788 10.612 10.192 9.774 9.358 8.944 8.533 8.124 7.717 7.313 6.910 6.510 6.112 5.900 6.027 6.175 6.323 6.464 6.598 6.726 6.847 6.962 7.071 7.173 7.268 7.242 7.031 6.823 6.617 6.414 6.215 6.017 5.823 5.631 5.443 5.257 5.073 4.828 4.499 4.178 3.864 3.558 3.259 2.967 2.683 2.407 2.138 1.876 1.622 1.457 1.394 1.331 1.269 1.208 1.147 1.088 1.029 0.971 0.913 0.857 0.801 0.849 1.014 1.187 1.371 1.564 1.766 1.978 2.200 2.431 2.671
9.980 9.950 9.935 9.933 9.947 9.974 9.891 9.479 9.069 8.661 8.255 7.852 7.458 7.096 6.738 6.385 6.037 5.693 5.463 5.595 5.720 5.838 5.950 6.056 6.155 6.247 6.334 6.413 6.487 6.553 6.546 6.347 6.151 5.958 5.768 5.580 5.396 5.214 5.034 4.858 4.684 4.513 4.305 4.009 3.721 3.441 3.168 2.902 2.644 2.393 2.150 1.914 1.686 1.465 1.303 1.243 1.184 1.125 1.067 1.010 0.954 0.899 0.844 0.790 0.737 0.685 0.728 0.935 1.151 1.377 1.612 1.857 2.112 2.375 2.649 2.932
8.902 8.922 8.957 9.007 9.071 9.164 9.208 8.834 8.465 8.101 7.741 7.386 7.035 6.689 6.347 6.010 5.678 5.349 5.073 5.175 5.272 5.361 5.445 5.521 5.592 5.656 5.713 5.764 5.809 5.847 5.847 5.661 5.478 5.297 5.119 4.944 4.772 4.602 4.435 4.271 4.110 3.951 3.775 3.513 3.258 3.011 2.771 2.538 2.313 2.096 1.886 1.684 1.489 1.301 1.148 1.091 1.035 0.980 0.926 0.873 0.820 0.768 0.717 0.667 0.617 0.568 0.598 0.847 1.105 1.374 1.651 1.939 2.235 2.542 2.858 3.183
8.204 8.360 8.486 8.582 8.648 8.684 8.687 8.329 7.976 7.628 7.284 6.944 6.609 6.279 5.953 5.631 5.315 5.002 4.699 4.764 4.832 4.893 4.947 4.995 5.037 5.072 5.101 5.123 5.139 5.148 5.147 4.974 4.802 4.634 4.469 4.306 4.146 3.988 3.834 3.682 3.533 3.387 3.237 3.008 2.787 2.573 2.366 2.167 1.976 1.791 1.615 1.445 1.284 1.129 0.992 0.939 0.887 0.835 0.784 0.735 0.685 0.637 0.589 0.543 0.497 0.451 0.458 0.749 1.050 1.361 1.681 2.011 2.350 2.698 3.055 3.413
8.273 8.325 8.347 8.338 8.301 8.233 8.136 7.821 7.483 7.151 6.822 6.499 6.180 5.865 5.555 5.249 4.948 4.652 4.364 4.361 4.399 4.432 4.457 4.477 4.490 4.496 4.496 4.490 4.477 4.458 4.432 4.284 4.125 3.969 3.816 3.665 3.518 3.373 3.230 3.091 2.954 2.820 2.689 2.497 2.309 2.128 1.955 1.789 1.630 1.479 1.336 1.200 1.071 0.950 0.836 0.786 0.737 0.689 0.642 0.596 0.550 0.505 0.461 0.418 0.375 0.349 0.358 0.715 1.072 1.429 1.786 2.144 2.502 2.861 3.219 3.578
8.370 8.318 8.235 8.123 7.981 7.810 7.608 7.309 6.987 6.670 6.358 6.050 5.747 5.448 5.153 4.864 4.578 4.298 4.026 3.965 3.975 3.979 3.976 3.966 3.951 3.928 3.900 3.865 3.823 3.775 3.721 3.592 3.446 3.302 3.161 3.023 2.888 2.755 2.625 2.498 2.374 2.252 2.133 1.979 1.824 1.676 1.536 1.403 1.278 1.160 1.050 0.947 0.851 0.763 0.683 0.633 0.600 0.582 0.566 0.553 0.543 0.535 0.530 0.527 0.527 0.529 0.534 0.868 1.227 1.585 1.944 2.303 2.663 3.023 3.383 3.744
8.495 8.338 8.152 7.936 7.690 7.415 7.109 6.794 6.488 6.187 5.890 5.598 5.310 5.027 4.749 4.475 4.205 3.940 3.684 3.577 3.558 3.533 3.502 3.464 3.419 3.369 3.311 3.248 3.177 3.101 3.018 2.898 2.764 2.633 2.504 2.378 2.255 2.135 2.017 1.903 1.791 1.681 1.575 1.453 1.331 1.217 1.110 1.032 0.981 0.931 0.882 0.835 0.790 0.746 0.703 0.684 0.675 0.668 0.664 0.663 0.664 0.667 0.673 0.682 0.693 0.706 0.723 1.021 1.381 1.741 2.101 2.462 2.823 3.185 3.546 3.908
8.647 8.387 8.097 7.777 7.427 7.047 6.638 6.275 5.985 5.700 5.419 5.143 4.871 4.603 4.340 4.082 3.828 3.579 3.339 3.197 3.150 3.096 3.036 2.969 2.896 2.817 2.731 2.638 2.540 2.434 2.323 2.202 2.081 1.962 1.845 1.732 1.621 1.513 1.440 1.401 1.361 1.322 1.283 1.236 1.185 1.136 1.088 1.041 0.996 0.953 0.911 0.871 0.832 0.794 0.758 0.746 0.748 0.753 0.760 0.769 0.782 0.796 0.814 0.834 0.856 0.881 0.909 1.173 1.535 1.896 2.258 2.620 2.983 3.346 3.709 4.072
8.827 8.463 8.069 7.645 7.192 6.708 6.196 5.753 5.479 5.210 4.944 4.684 4.427 4.176 3.929 3.686 3.448 3.214 2.990 2.825 2.749 2.667 2.578 2.482 2.381 2.273 2.158 2.037 1.910 1.815 1.749 1.692 1.651 1.611 1.572 1.532 1.492 1.453 1.414 1.375 1.336 1.297 1.259 1.217 1.173 1.130 1.089 1.049 1.011 0.974 0.938 0.904 0.872 0.841 0.812 0.805 0.818 0.834 0.852 0.873 0.897 0.923 0.952 0.983 1.017 1.053 1.092 1.325 1.688 2.051 2.414 2.778 3.142 3.506 3.871 4.236
9.035 8.567 8.069 7.541 6.984 6.397 5.781 5.228 4.970 4.716 4.466 4.221 3.981 3.745 3.514 3.287 3.064 2.846 2.638 2.460 2.392 2.346 2.295 2.241 2.182 2.118 2.050 1.978 1.901 1.820 1.735 1.660 1.621 1.581 1.542 1.503 1.464 1.426 1.387 1.349 1.311 1.273 1.235 1.197 1.159 1.123 1.088 1.055 1.023 0.993 0.964 0.937 0.911 0.887 0.864 0.861 0.886 0.913 0.942 0.975 1.010 1.047 1.087 1.129 1.174 1.222 1.272 1.476 1.840 2.205 2.570 2.935 3.300 3.666 4.032 4.399
9.270 8.698 8.097 7.465 6.805 6.114 5.394 4.700 4.457 4.219 3.985 3.756 3.535 3.370 3.219 3.079 2.952 2.838 2.733 2.640 2.578 2.513 2.443 2.369 2.290 2.207 2.119 2.028 1.931 1.831 1.725 1.628 1.590 1.551 1.513 1.474 1.436 1.398 1.360 1.323 1.285 1.248 1.211 1.175 1.144 1.114 1.086 1.059 1.034 1.010 0.988 0.967 0.948 0.930 0.914 0.914 0.950 0.989 1.030 1.073 1.119 1.168 1.219 1.273 1.329 1.388 1.449 1.627 1.992 2.358 2.725 3.091 3.458 3.825 4.193 4.561
9.532 8.857 8.152 7.417 6.653 5.855 5.040 4.248 4.052 3.881 3.723 3.577 3.444 3.323 3.214 3.118 3.035 2.964 2.903 2.850 2.770 2.685 2.595 2.501 2.403 2.300 2.193 2.082 1.966 1.846 1.721 1.597 1.558 1.521 1.483 1.445 1.408 1.371 1.333 1.296 1.260 1.223 1.186 1.151 1.127 1.104 1.082 1.062 1.044 1.026 1.011 0.997 0.984 0.973 0.963 0.965 1.012 1.062 1.114 1.169 1.227 1.286 1.349 1.414 1.481 1.551 1.624 1.777 2.144 2.511 2.879 3.247 3.615 3.984 4.353 4.722
9.458 8.606 7.779 6.975 6.195 5.439 4.707 3.999 3.776 3.648 3.533 3.431 3.341 3.264 3.199 3.146 3.106 3.079 3.062 3.052 2.966 2.862 2.752 2.639 2.521 2.399 2.272 2.141 2.006 1.866 1.722 1.573 1.527 1.490 1.453 1.416 1.379 1.343 1.306 1.270 1.234 1.198 1.162 1.126 1.109 1.092 1.077 1.064 1.051 1.041 1.032 1.024 1.018 1.013 1.010 1.013 1.072 1.133 1.196 1.262 1.331 1.402 1.476 1.552 1.631 1.712 1.796 1.926 2.295 2.663 3.033 3.402 3.772 4.142 4.513 4.918
8.605 7.837 7.092 6.372 5.675 5.002 4.353 3.728 3.488 3.404 3.333 3.274 3.228 3.194 3.172 3.163 3.167 3.183 3.209 3.243 3.167 3.043 2.914 2.781 2.644 2.502 2.356 2.205 2.050 1.891 1.727 1.559 1.496 1.459 1.423 1.387 1.351 1.315 1.279 1.244 1.208 1.173 1.138 1.103 1.089 1.079 1.070 1.063 1.058 1.054 1.051 1.050 1.051 1.053 1.056 1.061 1.128 1.201 1.275 1.353 1.433 1.515 1.600 1.687 1.777 1.870 2.044 2.340 2.863 3.359 3.829 4.272 4.688 5.078 5.441 5.777
7.732 7.046 6.385 5.747 5.133 4.544 3.977 3.435 3.190 3.149 3.121 3.106 3.103 3.112 3.134 3.169 3.215 3.275 3.345 3.423 3.373 3.229 3.081 2.928 2.771 2.610 2.444 2.274 2.099 1.920 1.737 1.549 1.465 1.429 1.393 1.357 1.322 1.287 1.252 1.217 1.182 1.147 1.113 1.079 1.067 1.064 1.062 1.062 1.063 1.065 1.069 1.075 1.082 1.090 1.100 1.111 1.182 1.334 1.591 1.855 2.124 2.399 2.680 2.967 3.260 3.559 3.864 4.175 4.573 4.951 5.303 5.628 5.926 6.198 6.443 6.661
6.837 6.235 5.656 5.102 4.571 4.064 3.581 3.121 2.880 2.883 2.899 2.927 2.967 3.020 3.085 3.163 3.253 3.356 3.469 3.591 3.583 3.420 3.252 3.080 2.903 2.722 2.537 2.347 2.153 1.955 1.752 1.545 1.433 1.398 1.363 1.328 1.293 1.259 1.224 1.190 1.156 1.122 1.088 1.055 1.044 1.047 1.052 1.058 1.097 1.201 1.331 1.486 1.666 1.872 2.103 2.359 2.632 2.909 3.193 3.482 3.778 4.079 4.387 4.700 5.020 5.345 5.676 6.014 6.308 6.568 6.802 7.009 7.189 7.343 7.470 7.570
5.922 5.402 4.907 4.435 3.987 3.563 3.163 2.786 2.560 2.606 2.665 2.736 2.820 2.916 3.025 3.146 3.279 3.425 3.582 3.748 3.798 3.615 3.428 3.236 3.040 2.840 2.635 2.426 2.212 1.994 1.772 1.545 1.401 1.367 1.333 1.298 1.264 1.230 1.197 1.180 1.185 1.180 1.166 1.143 1.179 1.295 1.435 1.601 1.793 2.009 2.251 2.518 2.811 3.129 3.472 3.840 4.172 4.476 4.786 5.102 5.424 5.751 6.085 6.425 6.771 7.122 7.480 7.844 8.067 8.209 8.325 8.414 8.476 8.512 8.521 8.504
4.985 4.549 4.136 3.747 3.382 3.041 2.723 2.430 2.229 2.318 2.420 2.535 2.662 2.802 2.953 3.118 3.294 3.484 3.684 3.894 4.018 3.815 3.609 3.397 3.182 2.962 2.737 2.509 2.276 2.038 1.820 1.651 1.558 1.587 1.606 1.616 1.616 1.607 1.589 1.561 1.524 1.477 1.421 1.355 1.399 1.627 1.880 2.158 2.461 2.790 3.144 3.523 3.928 4.358 4.813 5.293 5.705 6.035 6.371 6.713 7.061 7.415 7.775 8.141 8.513 8.891 9.275 9.665 9.850 9.874 9.872 9.843 9.787 9.705 9.597 9.462
4.028 3.674 3.345 3.038 2.756 2.498 2.263 2.052 1.886 2.019 2.165 2.323 2.493 2.676 2.871 3.078 3.298 3.531 3.775 4.028 4.242 4.002 3.746 3.509 3.291 3.092 2.912 2.751 2.609 2.486 2.382 2.298 2.242 2.229 2.207 2.174 2.133 2.082 2.022 1.952 1.872 1.784 1.685 1.578 1.592 1.932 2.297 2.687 3.102 3.543 4.009 4.500 5.017 5.559 6.126 6.718 7.229 7.585 7.948 8.316 8.691 9.071 9.457 9.850 10.248 10.652 11.062 11.478 11.657 11.563 11.443 11.297 11.123 10.924 10.697 10.445
3.050 2.779 2.532 2.309 2.109 1.933 1.781 1.653 1.548 1.709 1.898 2.099 2.313 2.538 2.763 2.979 3.187 3.386 3.582 3.776 3.964 3.782 3.611 3.458 3.325 3.210 3.115 3.038 2.981 2.943 2.924 2.923 2.936 2.881 2.817 2.742 2.659 2.566 2.464 2.352 2.231 2.100 1.960 1.810 1.758 2.209 2.686 3.188 3.716 4.269 4.847 5.450 6.078 6.732 7.411 8.115 8.745 9.127 9.516 9.911 10.312 10.718 11.131 11.549 11.974 12.404 12.841 13.283 13.488 13.277 13.039 12.774 12.484 12.166 11.822 11.452
2.051 1.863 1.699 1.558 1.441 1.348 1.293 1.307 1.323 1.518 1.747 1.968 2.180 2.384 2.579 2.767 2.946 3.116 3.284 3.449 3.607 3.541 3.454 3.386 3.337 3.307 3.296 3.304 3.332 3.378 3.443 3.527 3.631 3.543 3.436 3.320 3.195 3.060 2.915 2.762 2.598 2.426 2.244 2.052 1.896 2.460 3.049 3.663 4.302 4.967 5.657 6.372 7.112 7.878 8.668 9.484 10.253 10.662 11.077 11.498 11.925 12.357 12.796 13.241 13.692 14.149 14.611 15.080 15.343 15.014 14.659 14.277 13.868 13.433 12.972 12.484
1.211 1.219 1.229 1.241 1.256 1.273 1.292 1.313 1.337 1.486 1.686 1.878 2.062 2.237 2.404 2.562 2.713 2.855 2.993 3.129 3.259 3.279 3.277 3.293 3.329 3.383 3.457 3.549 3.661 3.791 3.941 4.110 4.297 4.214 4.065 3.907 3.740 3.563 3.377 3.181 2.976 2.761 2.537 2.304 2.061 2.683 3.384 4.110 4.861 5.638 6.439 7.266 8.118 8.996 9.898 10.826 11.752 12.188 12.629 13.076 13.529 13.988 14.453 14.925 15.401 15.884 16.373 16.868 17.222 16.775 16.303 15.803 15.277 14.725 14.146 13.541
1.160 1.176 1.194 1.214 1.237 1.261 1.288 1.317 1.349 1.462 1.633 1.796 1.951 2.097 2.236 2.366 2.487 2.601 2.710 2.817 2.918 2.996 3.078 3.179 3.299 3.438 3.595 3.772 3.968 4.183 4.417 4.670 4.942 4.894 4.704 4.504 4.294 4.076 3.847 3.610 3.363 3.106 2.841 2.565 2.281 2.880 3.692 4.530 5.393 6.281 7.195 8.133 9.097 10.086 11.100 12.139 13.204 13.705 14.173 14.646 15.126 15.611 16.102 16.600 17.103 17.612 18.127 18.648 19.017 18.192 17.370 16.550 15.734 14.920 14.109 13.301
1.108 1.132 1.157 1.185 1.215 1.248 1.282 1.319 1.358 1.445 1.587 1.722 1.848 1.966 2.075 2.177 2.270 2.354 2.435 2.513 2.585 2.692 2.858 3.043 3.248 3.471 3.713 3.974 4.255 4.554 4.872 5.209 5.566 5.584 5.351 5.110 4.859 4.598 4.328 4.048 3.760 3.461 3.154 2.837 2.510 3.049 3.974 4.923 5.898 6.897 7.922 8.973 10.048 11.148 12.274 13.425 14.601 15.215 15.709 16.117 16.348 16.584 16.823 17.067 17.314 17.566 17.821 18.080 18.344 17.601 16.791 15.983 15.179 14.377 13.578 12.782
1.054 1.085 1.119 1.154 1.192 1.232 1.275 1.319 1.366 1.435 1.549 1.655 1.753 1.842 1.923 1.995 2.060 2.116 2.168 2.217 2.259 2.367 2.618 2.887 3.176 3.483 3.809 4.155 4.519 4.903 5.305 5.727 6.167 6.283 6.009 5.725 5.432 5.130 4.818 4.497 4.166 3.826 3.476 3.117 2.749 3.192 4.228 5.289 6.375 7.486 8.585 9.590 10.575 11.540 12.484 13.409 14.314 14.744 14.986 15.231 15.480 15.734 15.991 16.252 16.517 16.787 17.060 17.337 17.618 17.007 16.209 15.414 14.622 13.832 13.045 12.261
0.998 1.037 1.078 1.121 1.167 1.215 1.265 1.317 1.372 1.434 1.519 1.596 1.665 1.725 1.778 1.822 1.857 1.885 1.908 1.928 1.942 2.021 2.356 2.710 3.082 3.474 3.885 4.314 4.763 5.231 5.717 6.223 6.747 6.992 6.676 6.350 6.015 5.671 5.317 4.954 4.582 4.189 3.770 3.364 2.973 3.256 4.273 5.270 6.247 7.203 8.140 9.057 9.954 10.831 11.688 12.524 13.341 13.821 14.080 14.343 14.610 14.881 15.156 15.435 15.718 16.004 16.295 16.590 16.889 16.412 15.626 14.843 14.063 13.285 12.510 11.738
