DATA/SHG/ECMWF/20170628/EN-5/20170711.en-5.asc
ncols        190
nrows        64
xllcorner    -5100000.000000000000
yllcorner    4130000.000000000000
cellsize     10000.000000000000
NODATA_value  -99999.000
[rows 32 to 63 of 64, columns 72 to 143 of 190]
17.354 16.429 15.427 14.441 13.470 12.515 11.576 10.652 9.744 8.851 7.974 7.113 6.267 5.619 5.888 6.145 6.391 6.624 6.846 7.056 7.255 7.441 7.621 7.796 7.961 8.276 9.164 10.100 11.084 12.117 13.197 14.325 15.501 16.726 17.998 19.319 20.688 21.754 22.177 22.600 23.020 23.440 23.858 24.275 24.690 25.070 25.299 25.441 25.497 25.703 26.130 26.524 26.886 27.214 27.511 27.774 28.005 28.204 28.369 28.503 28.603 28.444 28.102 27.739 27.352 26.943 26.512 26.058 25.582 25.082 24.561 24.017
17.025 16.005 15.057 14.125 13.208 12.307 11.421 10.551 9.697 8.858 8.035 7.227 6.435 5.695 5.923 6.140 6.344 6.537 6.718 6.888 7.045 7.191 7.330 7.464 7.588 7.800 8.901 10.050 11.248 12.493 13.786 15.127 16.517 17.954 19.440 20.973 22.615 24.171 24.709 25.161 25.526 25.804 25.996 26.102 26.121 26.054 25.901 25.660 25.334 25.183 25.466 25.716 25.934 26.119 26.271 26.391 26.478 26.533 26.555 26.544 26.501 26.263 25.822 25.359 24.874 24.365 23.834 23.281 22.705 22.107 21.486 20.842
16.725 15.600 14.673 13.794 12.932 12.084 11.253 10.436 9.636 8.851 8.081 7.327 6.589 5.866 5.969 6.145 6.309 6.461 6.601 6.730 6.847 6.952 7.050 7.142 7.225 7.299 8.584 10.092 12.141 14.143 16.098 18.006 19.866 21.678 23.443 25.161 26.831 28.308 28.463 28.531 28.514 28.410 28.219 27.942 27.579 27.130 26.594 25.971 25.263 24.698 24.837 24.943 25.017 25.058 25.067 25.043 24.986 24.897 24.776 24.621 24.435 24.108 23.568 23.006 22.421 21.813 21.183 20.530 19.855 19.158 18.438 17.695
16.454 15.224 14.275 13.450 12.641 11.848 11.070 10.307 9.560 8.829 8.113 7.413 6.728 6.059 6.025 6.160 6.284 6.395 6.495 7.229 8.784 10.130 11.127 11.809 12.325 12.675 14.356 16.243 18.083 19.875 21.620 23.317 24.967 26.570 28.125 29.633 31.094 32.507 32.305 31.992 31.591 31.105 30.532 29.873 29.128 28.296 27.378 26.374 25.283 24.248 24.243 24.206 24.136 24.033 23.898 23.731 23.530 23.298 23.032 22.735 22.404 21.979 21.340 20.678 19.994 19.287 18.558 17.806 17.032 16.235 15.415 14.574
16.212 14.877 13.863 13.092 12.337 11.597 10.873 10.164 9.471 8.793 8.131 7.485 7.801 9.383 11.315 13.190 14.856 16.312 17.559 18.596 19.424 20.042 20.307 20.254 20.035 19.649 20.762 22.439 24.069 25.651 27.186 28.674 30.114 31.507 32.853 34.151 35.402 36.605 36.237 35.541 34.759 33.890 32.935 31.894 30.767 29.553 28.253 26.867 25.395 23.836 23.684 23.503 23.290 23.044 22.765 22.454 22.110 21.734 21.325 20.884 20.410 19.876 19.137 18.377 17.593 16.787 15.959 15.108 14.234 13.338 12.420 11.479
16.000 14.559 13.438 12.720 12.019 12.066 12.932 14.000 15.271 16.743 18.417 20.292 22.370 24.650 26.496 27.644 28.581 29.310 29.829 30.138 30.238 30.129 29.663 28.875 27.921 26.801 27.213 28.680 30.100 31.473 32.798 34.076 35.307 36.490 37.626 38.715 39.756 40.750 40.258 39.180 38.015 36.765 35.428 34.006 32.497 30.901 29.220 27.452 25.598 23.658 23.161 22.836 22.479 22.089 21.667 21.212 20.725 20.205 19.653 19.068 18.451 17.798 16.961 16.101 15.218 14.313 13.385 12.435 11.463 10.468 9.450 8.410
18.393 18.009 18.062 19.022 20.183 21.546 23.111 24.877 26.845 29.015 31.387 33.961 36.736 39.713 41.850 42.269 42.479 42.480 42.272 41.855 41.228 40.392 39.195 37.673 35.984 34.131 33.708 34.966 36.176 37.339 38.455 39.523 40.545 41.518 42.445 43.324 44.156 44.941 44.367 42.907 41.362 39.730 38.011 36.207 34.317 32.340 30.277 28.128 25.893 23.572 22.672 22.203 21.703 21.170 20.604 20.006 19.376 18.713 18.017 17.289 16.529 15.736 14.810 13.851 12.869 11.865 10.838 9.789 8.718 7.624 6.507 5.368
25.193 25.029 25.248 26.906 28.765 30.826 33.089 35.553 38.219 41.086 44.155 47.426 50.898 54.572 57.374 57.067 56.550 55.824 54.889 53.745 52.392 50.830 48.903 46.647 44.225 41.637 40.248 41.297 42.297 43.251 44.157 45.016 45.828 46.593 47.310 47.980 48.603 49.178 48.566 46.724 44.797 42.784 40.684 38.499 36.227 33.869 31.425 28.895 26.279 23.577 22.217 21.606 20.962 20.286 19.577 18.835 18.062 17.255 16.417 15.545 14.642 13.706 12.685 11.626 10.546 9.443 8.413 7.609 6.810 6.016 5.226 4.441
31.925 31.979 32.236 34.592 37.149 39.907 42.867 46.028 49.391 52.956 56.721 60.689 64.857 69.227 73.071 72.037 70.794 69.341 67.680 65.810 63.731 61.443 58.786 55.797 52.641 49.321 46.833 47.672 48.463 49.208 49.905 50.554 51.157 51.712 52.220 52.681 53.095 53.461 52.853 50.630 48.322 45.927 43.447 40.880 38.228 35.489 32.664 29.753 26.756 23.673 21.798 21.043 20.256 19.437 18.584 17.700 16.783 15.867 15.067 14.286 13.524 12.781 12.000 11.198 10.400 9.607 8.819 8.036 7.257 6.483 5.714 4.949
38.589 38.862 39.198 42.078 45.333 48.788 52.445 56.303 60.363 64.623 69.086 73.749 78.614 83.680 88.939 87.179 85.210 83.032 80.645 78.049 75.244 72.231 68.845 65.123 61.234 57.181 53.462 54.092 54.674 55.209 55.697 56.138 56.531 56.878 57.177 57.429 57.633 57.791 57.229 54.625 51.936 49.160 46.299 43.352 40.318 37.199 33.994 30.702 27.296 23.752 21.342 20.492 19.662 18.850 18.057 17.284 16.530 15.794 15.078 14.381 13.703 13.044 12.319 11.538 10.761 9.988 9.221 8.457 7.699 6.945 6.196 5.452
45.184 45.676 46.231 49.367 53.318 57.470 61.823 66.378 71.133 76.090 81.248 86.607 92.168 97.929 103.892 102.493 99.798 96.895 93.783 90.462 86.932 83.194 79.080 74.624 70.004 65.218 60.268 60.557 60.930 61.256 61.535 61.766 61.951 62.088 62.179 62.222 62.218 62.166 61.693 58.609 54.671 50.819 47.052 43.371 39.775 36.266 32.842 29.504 26.251 23.084 20.663 19.897 19.150 18.422 17.713 17.024 16.353 15.702 15.069 14.456 13.862 13.286 12.634 11.873 11.116 10.364 9.617 8.874 8.136 7.403 6.674 5.950
51.712 52.422 53.196 56.457 61.104 65.953 71.002 76.252 81.704 87.356 93.210 99.264 105.520 111.977 118.634 117.979 114.559 110.931 107.094 103.048 98.794 94.332 89.489 84.302 78.950 73.432 67.750 67.066 67.230 67.347 67.353 66.121 64.899 63.686 62.482 61.287 60.101 58.924 57.727 54.081 50.520 47.045 43.656 40.352 37.134 34.001 30.954 27.993 25.118 22.328 19.964 19.282 18.619 17.975 17.350 16.744 16.158 15.590 15.041 14.511 14.001 13.509 12.944 12.203 11.467 10.735 10.008 9.285 8.568 7.855 7.146 6.442
58.172 59.100 60.093 63.349 68.692 74.236 79.981 85.927 92.074 98.421 104.970 111.720 118.670 125.821 133.173 133.637 129.493 125.140 120.579 115.809 110.831 105.644 97.958 90.267 82.748 75.399 68.222 65.395 64.177 62.968 61.768 60.577 59.396 58.223 57.059 55.905 54.759 53.622 52.495 49.466 46.282 43.185 40.172 37.245 34.404 31.649 28.979 26.395 23.896 21.483 19.246 18.648 18.069 17.509 16.968 16.446 15.942 15.458 14.993 14.548 14.121 13.713 13.249 12.528 11.812 11.101 10.394 9.692 8.994 8.301 7.613 6.930
64.564 65.711 66.921 70.044 76.082 82.322 88.762 95.403 102.244 109.287 116.530 123.974 131.618 139.464 147.510 145.540 136.889 128.453 120.233 112.230 104.443 96.872 89.634 82.697 75.931 69.337 62.914 59.686 58.509 57.340 56.181 55.030 53.889 52.756 51.633 50.519 49.413 48.317 47.230 44.765 41.958 39.237 36.602 34.052 31.587 29.208 26.915 24.707 22.585 20.549 18.598 17.995 17.500 17.023 16.566 16.127 15.708 15.308 14.926 14.564 14.221 13.897 13.549 12.849 12.153 11.462 10.775 10.093 9.416 8.743 8.076 7.412
70.888 72.253 73.682 76.541 83.275 90.209 97.343 104.679 109.250 113.588 117.743 121.716 125.506 129.113 132.539 131.805 123.900 116.211 108.738 101.481 94.440 87.615 81.127 74.944 68.932 63.092 57.422 53.975 52.838 51.709 50.590 49.480 48.379 47.287 46.204 45.130 44.065 43.009 41.962 39.977 37.547 35.203 32.944 30.770 28.683 26.680 24.763 22.932 21.186 19.526 17.951 17.323 16.911 16.518 16.145 15.790 15.454 15.137 14.840 14.561 14.301 14.061 13.839 13.164 12.488 11.817 11.151 10.489 9.832 9.180 8.533 7.890
77.084 76.730 76.361 76.673 81.295 85.734 89.991 94.066 97.958 101.668 105.196 108.541 111.704 114.685 117.483 117.891 110.732 103.789 97.062 90.551 84.256 78.177 72.438 67.009 61.751 56.664 51.747 48.260 47.163 46.075 44.996 43.927 42.866 41.814 40.771 39.737 38.713 37.697 36.690 35.103 33.049 31.081 29.199 27.402 25.690 24.064 22.524 21.068 19.699 18.414 17.216 16.632 16.304 15.995 15.704 15.433 15.181 14.948 14.734 14.539 14.362 14.205 14.067 13.474 12.819 12.168 11.522 10.881 10.244 9.612 8.985 8.362
69.935 69.533 69.117 68.699 72.693 76.505 80.135 83.582 86.847 89.930 92.831 95.549 98.085 100.439 102.611 103.798 97.385 91.188 85.207 79.441 73.891 68.557 63.568 58.892 54.387 50.052 45.889 42.543 41.486 40.438 39.400 38.370 37.349 36.338 35.335 34.342 33.357 32.382 31.415 30.142 28.465 26.873 25.367 23.946 22.611 21.361 20.196 19.117 18.123 17.214 16.391 15.922 15.677 15.451 15.245 15.057 14.889 14.739 14.608 14.497 14.404 14.330 14.276 13.779 13.144 12.514 11.888 11.267 10.651 10.039 9.413 8.751
62.808 62.359 61.895 61.417 64.271 67.456 70.458 73.279 75.917 78.373 80.647 82.739 84.649 86.377 87.922 89.286 83.860 78.408 73.172 68.151 63.346 58.757 54.517 50.593 46.840 43.258 39.847 36.822 35.806 34.798 33.800 32.810 31.830 30.858 29.896 28.943 27.999 27.063 26.137 25.095 23.794 22.578 21.448 20.403 19.443 18.569 17.780 17.077 16.458 15.926 15.478 15.192 15.031 14.889 14.766 14.662 14.577 14.511 14.464 14.435 14.426 14.425 14.375 13.905 13.218 12.541 11.874 11.216 10.567 9.928 9.299 8.679
55.703 55.206 54.694 54.168 56.029 58.587 60.962 63.156 65.168 66.998 68.645 70.111 71.395 72.497 73.416 74.154 70.156 65.449 60.958 56.682 52.621 48.776 45.284 42.112 39.111 36.281 33.621 31.132 30.122 29.155 28.196 27.247 26.307 25.376 24.454 23.541 22.636 21.741 20.855 19.962 19.037 18.197 17.442 16.773 16.189 15.690 15.277 14.949 14.706 14.548 14.476 14.444 14.380 14.421 14.442 14.444 14.426 14.388 14.331 14.255 14.159 14.043 13.907 13.491 12.846 12.210 11.584 10.968 10.361 9.763 9.175 8.597
48.620 48.075 47.516 46.942 47.965 49.897 51.646 53.214 54.599 55.803 56.825 57.665 58.323 58.799 59.094 59.206 56.274 52.311 48.564 45.032 41.715 38.614 35.870 33.450 31.200 29.122 27.213 25.476 24.435 23.508 22.590 21.681 20.781 19.890 19.008 18.135 17.271 16.416 15.570 14.743 14.193 13.729 13.350 13.066 13.257 13.457 13.669 13.890 14.123 14.365 14.619 14.818 14.793 14.747 14.683 14.598 14.494 14.371 14.228 14.065 13.883 13.681 13.460 13.068 12.464 11.870 11.286 10.711 10.145 9.589 9.043 8.506
41.559 40.966 40.359 39.737 40.081 41.386 42.509 43.451 44.211 44.789 45.186 45.400 45.433 45.284 44.953 44.441 42.213 38.995 35.991 33.202 30.629 28.271 26.274 24.606 23.107 21.780 20.622 19.635 18.745 17.858 16.980 16.111 15.251 14.401 13.559 13.266 13.022 12.794 12.582 12.386 12.550 12.755 12.970 13.196 13.433 13.680 13.937 14.206 14.484 14.773 15.073 15.337 15.226 15.094 14.943 14.773 14.583 14.374 14.145 13.896 13.628 13.340 13.033 12.635 12.073 11.521 10.978 10.445 9.921 9.406 8.901 8.405
34.519 33.879 33.224 32.555 32.375 33.054 33.552 33.868 34.003 33.956 33.727 33.317 32.725 31.951 30.995 29.858 27.974 25.499 23.239 21.193 19.363 17.748 16.498 15.580 14.833 14.255 14.426 14.694 14.620 14.334 14.064 13.811 13.573 13.352 13.146 12.957 12.784 12.627 12.486 12.361 12.530 12.781 13.043 13.315 13.598 13.891 14.195 14.509 14.834 15.169 15.515 15.872 15.678 15.461 15.224 14.968 14.692 14.397 14.082 13.747 13.393 13.020 12.627 12.194 11.674 11.163 10.661 10.169 9.687 9.214 8.750 8.296
27.501 26.813 26.110 25.394 24.848 24.902 24.774 24.465 23.975 23.303 22.449 21.414 20.197 18.799 17.220 15.458 13.557 11.825 11.468 11.736 11.998 12.252 12.511 12.777 13.037 13.291 13.539 13.782 13.799 13.584 13.385 13.202 13.035 12.885 12.750 12.631 12.529 12.442 12.372 12.317 12.498 12.795 13.103 13.422 13.751 14.091 14.441 14.801 15.172 15.554 15.946 16.349 16.151 15.848 15.525 15.183 14.821 14.440 14.039 13.619 13.179 12.720 12.241 11.744 11.265 10.795 10.335 9.885 9.444 9.012 8.590 8.177
20.505 19.769 19.019 18.254 17.498 16.928 16.175 15.242 14.127 12.830 11.352 10.801 10.714 10.610 10.490 10.353 10.279 10.537 10.788 11.032 11.268 11.498 11.732 11.973 12.208 12.437 12.660 12.878 12.962 12.817 12.689 12.577 12.481 12.400 12.336 12.288 12.256 12.240 12.240 12.257 12.455 12.799 13.153 13.518 13.893 14.279 14.675 15.082 15.499 15.927 16.365 16.814 16.644 16.255 15.846 15.418 14.971 14.504 14.017 13.511 12.985 12.440 11.875 11.291 10.847 10.419 10.000 9.591 9.191 8.801 8.420 8.049
13.530 12.746 11.948 11.137 11.048 11.034 10.990 10.929 10.851 10.757 10.646 10.518 10.374 10.212 10.034 9.840 9.656 9.889 10.115 10.334 10.546 10.751 10.960 11.176 11.386 11.590 11.788 11.981 12.108 12.034 11.976 11.934 11.909 11.899 11.906 11.928 11.967 12.021 12.092 12.179 12.400 12.790 13.191 13.602 14.023 14.455 14.898 15.351 15.814 16.288 16.773 17.268 17.157 16.682 16.187 15.674 15.140 14.587 14.015 13.423 12.812 12.181 11.530 10.860 10.420 10.034 9.656 9.289 8.930 8.581 8.242 7.912
10.298 10.502 10.711 10.924 11.140 11.113 11.011 10.893 10.757 10.605 10.437 10.251 10.049 9.831 9.595 9.343 9.074 9.249 9.450 9.644 9.831 10.011 10.196 10.387 10.571 10.751 10.924 11.092 11.236 11.233 11.246 11.275 11.320 11.381 11.458 11.551 11.660 11.785 11.926 12.083 12.334 12.771 13.217 13.675 14.142 14.620 15.109 15.608 16.118 16.638 17.169 17.710 17.689 17.129 16.549 15.949 15.330 14.691 14.033 13.355 12.658 11.942 11.206 10.450 9.985 9.639 9.303 8.977 8.660 8.352 8.054 7.765
10.329 10.547 10.770 10.997 11.229 11.207 11.048 10.872 10.679 10.469 10.243 10.000 9.741 9.464 9.171 8.862 8.536 8.615 8.792 8.962 9.124 9.279 9.439 9.605 9.764 9.919 10.067 10.210 10.347 10.416 10.499 10.599 10.714 10.845 10.993 11.156 11.336 11.532 11.743 11.971 12.257 12.740 13.232 13.736 14.250 14.774 15.309 15.854 16.410 16.976 17.553 18.141 18.242 17.596 16.930 16.244 15.540 14.815 14.071 13.308 12.525 11.723 10.901 10.060 9.540 9.236 8.947 8.692 8.458 8.247 8.058 7.891
10.356 10.589 10.826 11.067 11.313 11.317 11.100 10.866 10.616 10.349 10.065 9.765 9.448 9.114 8.764 8.397 8.013 7.989 8.141 8.286 8.424 8.554 8.689 8.830 8.965 9.094 9.217 9.335 9.447 9.581 9.735 9.905 10.091 10.293 10.511 10.745 10.995 11.261 11.543 11.841 12.169 12.697 13.236 13.786 14.346 14.916 15.497 16.089 16.691 17.303 17.926 18.559 18.814 18.082 17.331 16.560 15.769 14.940 13.996 13.077 12.183 11.315 10.472 9.655 9.147 8.944 8.763 8.605 8.468 8.353 8.260 8.189
10.379 10.626 10.878 11.133 11.393 11.442 11.168 10.876 10.569 10.244 9.903 9.545 9.171 8.779 8.372 7.947 7.506 7.370 7.498 7.618 7.731 7.836 7.947 8.062 8.172 8.276 8.375 8.468 8.555 8.730 8.955 9.195 9.451 9.723 10.012 10.316 10.637 10.973 11.325 11.694 12.078 12.643 13.229 13.824 14.430 15.047 15.674 16.312 16.955 17.394 17.815 18.219 18.380 17.420 16.485 15.576 14.692 13.833 13.000 12.193 11.411 10.654 9.922 9.216 8.749 8.643 8.558 8.496 8.455 8.437 8.440 8.466
10.398 10.659 10.925 11.195 11.469 11.583 11.251 10.902 10.537 10.155 9.756 9.341 8.909 8.460 7.995 7.513 7.015 6.758 6.861 6.957 7.045 7.126 7.211 7.302 7.387 7.466 7.540 7.608 7.670 7.862 8.157 8.468 8.794 9.137 9.496 9.870 10.261 10.668 11.091 11.529 11.899 12.373 12.856 13.323 13.772 14.204 14.619 15.017 15.397 15.761 16.107 16.437 16.692 15.844 15.020 14.222 13.449 12.702 11.980 11.284 10.613 9.967 9.347 8.753 8.329 8.319 8.331 8.365 8.420 8.498 8.598 8.720
10.413 10.689 10.969 11.253 11.542 11.739 11.349 10.943 10.521 10.081 9.625 9.152 8.663 8.157 7.635 7.095 6.539 6.154 6.232 6.303 6.366 6.423 6.483 6.549 6.609 6.663 6.712 6.755 6.792 6.977 7.342 7.734 8.124 8.505 8.880 9.246 9.605 9.956 10.300 10.636 10.964 11.358 11.767 12.158 12.533 12.890 13.230 13.553 13.859 14.148 14.420 14.674 14.912 14.242 13.530 12.843 12.182 11.546 10.935 10.350 9.790 9.256 8.747 8.263 7.887 7.974 8.082 8.212 8.364 8.538 8.734 8.952
10.424 10.714 11.008 11.307 11.610 11.910 11.463 11.000 10.520 10.023 9.510 8.980 8.433 7.870 7.290 6.693 6.080 5.556 5.610 5.656 5.695 5.727 5.790 5.870 5.946 6.018 6.085 6.148 6.206 6.373 6.745 7.109 7.465 7.813 8.154 8.487 8.813 9.131 9.441 9.744 10.039 10.363 10.697 11.013 11.313 11.596 11.861 12.110 12.341 12.555 12.752 12.932 13.095 12.617 12.016 11.440 10.890 10.365 9.865 9.391 8.943 8.519 8.121 7.749 7.424 7.606 7.811 8.037 8.285 8.555 8.847 9.162
