DATA/SHG/ECMWF/20170628/EN-5/20170709.en-5.asc
ncols        190
nrows        64
xllcorner    -5100000.000000000000
yllcorner    4130000.000000000000
cellsize     10000.000000000000
NODATA_value  -99999.000
[rows 0 to 33 of 64, columns 75 to 149 of 190]
9.096 9.411 9.751 10.115 10.503 10.917 11.483 12.243 12.916 13.563 14.184 14.779 15.347 15.889 16.405 16.895 17.358 17.795 17.929 17.173 16.465 15.775 15.104 14.452 13.818 13.203 12.606 12.029 11.470 10.929 10.650 11.165 11.677 12.185 12.689 13.190 13.688 14.182 14.672 15.159 15.643 16.123 16.292 15.536 14.816 14.133 13.486 12.876 12.303 11.766 11.266 10.803 10.376 9.986 9.630 9.279 8.918 8.549 8.171 7.785 7.390 6.986 6.573 6.152 5.722 5.284 4.861 4.500 4.135 3.765 3.390 3.010 2.625 2.235 1.841
8.716 9.027 9.327 9.617 9.897 10.167 10.492 11.100 11.682 12.238 12.767 13.270 13.748 14.198 14.623 15.022 15.394 15.740 15.953 15.280 14.655 14.049 13.462 12.893 12.343 11.812 11.299 10.805 10.330 9.873 9.541 10.040 10.536 11.029 11.518 12.004 12.486 12.964 13.440 13.911 14.379 14.844 15.169 14.576 14.020 13.500 13.017 12.571 12.161 11.788 11.451 11.151 10.887 10.660 10.440 10.050 9.650 9.242 8.826 8.400 7.966 7.524 7.072 6.612 6.143 5.666 5.197 4.814 4.427 4.035 3.639 3.237 2.831 2.420 2.004
7.952 8.227 8.492 8.747 8.992 9.227 9.466 9.983 10.473 10.938 11.376 11.788 12.174 12.534 12.868 13.175 13.456 13.711 13.940 13.369 12.828 12.305 11.801 11.316 10.850 10.402 9.973 9.562 9.170 8.797 8.443 8.920 9.401 9.878 10.352 10.822 11.289 11.752 12.212 12.669 13.121 13.571 14.009 13.579 13.186 12.830 12.510 12.227 11.981 11.771 11.597 11.460 11.360 11.296 11.258 10.829 10.391 9.944 9.488 9.024 8.551 8.069 7.579 7.080 6.573 6.057 5.571 5.233 4.882 4.520 4.145 3.759 3.360 2.949 2.527
7.197 7.437 7.667 7.887 8.097 8.297 8.486 8.891 9.290 9.664 10.011 10.332 10.627 10.896 11.138 11.355 11.545 11.709 11.847 11.439 10.982 10.543 10.123 9.721 9.338 8.974 8.628 8.301 7.992 7.703 7.431 7.806 8.271 8.733 9.192 9.647 10.098 10.546 10.990 11.431 11.869 12.303 12.733 12.545 12.315 12.122 11.966 11.846 11.762 11.715 11.705 11.731 11.794 11.893 12.029 11.616 11.139 10.590 10.006 9.456 8.939 8.457 8.008 7.593 7.212 6.865 6.552 6.166 5.762 5.345 4.917 4.477 4.024 3.560 3.083
6.454 6.659 6.853 7.038 7.213 7.377 7.532 7.825 8.133 8.415 8.671 8.901 9.105 9.283 9.435 9.560 9.660 9.733 9.780 9.491 9.117 8.762 8.425 8.107 7.808 7.527 7.264 7.021 6.796 6.589 6.401 6.697 7.147 7.593 8.037 8.476 8.912 9.345 9.774 10.200 10.622 11.040 11.456 11.473 11.407 11.377 11.383 11.426 11.461 11.471 11.483 11.499 11.519 11.542 11.569 11.151 10.650 10.183 9.750 9.351 8.985 8.653 8.355 8.091 7.861 7.665 7.502 7.110 6.652 6.182 5.700 5.206 4.699 4.181 3.651
5.720 5.890 6.050 6.199 6.339 6.468 6.588 6.784 7.001 7.192 7.358 7.497 7.610 7.697 7.757 7.792 7.801 7.783 7.740 7.525 7.235 6.963 6.710 6.475 6.259 6.061 5.882 5.722 5.580 5.457 5.352 5.593 6.028 6.459 6.887 7.311 7.732 8.149 8.563 8.998 9.434 9.849 10.245 10.380 10.387 10.398 10.413 10.431 10.452 10.477 10.505 10.537 10.572 10.611 10.653 10.409 10.059 9.742 9.460 9.211 8.996 8.815 8.668 8.555 8.475 8.429 8.417 8.065 7.553 7.029 6.493 5.945 5.385 4.814 4.230
4.997 5.132 5.257 5.371 5.476 5.570 5.655 5.768 5.895 5.995 6.069 6.118 6.140 6.136 6.106 6.050 5.968 5.860 5.726 5.541 5.334 5.146 4.976 4.824 4.691 4.577 4.481 4.404 4.346 4.306 4.360 4.673 5.179 5.665 6.132 6.578 7.004 7.411 7.797 8.164 8.511 8.838 9.144 9.291 9.314 9.341 9.371 9.404 9.441 9.481 9.525 9.572 9.623 9.677 9.735 9.632 9.433 9.267 9.136 9.037 8.973 8.943 8.946 8.983 9.054 9.159 9.297 9.030 8.465 7.887 7.298 6.696 6.083 5.457 4.819
4.285 4.385 4.474 4.554 4.623 4.683 4.732 4.778 4.814 4.823 4.807 4.764 4.696 4.601 4.481 4.334 4.161 3.962 3.738 3.539 3.415 3.439 3.522 3.609 3.700 3.796 3.895 3.998 4.105 4.217 4.332 4.571 4.988 5.386 5.763 6.121 6.458 6.776 7.074 7.352 7.610 7.849 8.067 8.200 8.238 8.281 8.326 8.375 8.427 8.483 8.543 8.605 8.671 8.741 8.814 8.822 8.774 8.758 8.777 8.830 8.916 9.036 9.190 9.377 9.598 9.853 10.142 10.007 9.387 8.756 8.113 7.458 6.791 6.111 5.420
3.583 3.648 3.702 3.747 3.781 3.806 3.820 3.814 3.758 3.677 3.570 3.437 3.277 3.131 3.123 3.110 3.095 3.075 3.052 3.054 3.147 3.244 3.345 3.450 3.559 3.673 3.790 3.911 4.037 4.166 4.300 4.491 4.819 5.128 5.417 5.686 5.935 6.164 6.373 6.563 6.733 6.882 7.012 7.107 7.161 7.218 7.279 7.344 7.412 7.483 7.558 7.636 7.718 7.803 7.891 7.979 8.080 8.216 8.385 8.588 8.824 9.094 9.399 9.736 10.108 10.513 10.952 10.994 10.321 9.636 8.939 8.230 7.510 6.777 6.032
2.891 2.921 2.941 2.950 2.950 2.939 2.955 3.034 3.034 3.031 3.025 3.014 3.000 2.983 2.961 2.936 2.908 2.875 2.839 2.818 2.929 3.044 3.163 3.287 3.414 3.545 3.681 3.820 3.964 4.111 4.263 4.432 4.672 4.892 5.093 5.273 5.434 5.574 5.695 5.796 5.877 5.938 5.980 6.011 6.081 6.154 6.231 6.311 6.394 6.481 6.571 6.665 6.762 6.862 6.966 7.101 7.353 7.639 7.958 8.311 8.698 9.119 9.573 10.061 10.583 11.138 11.727 11.991 11.265 10.527 9.776 9.014 8.240 7.453 6.655
2.333 2.424 2.516 2.607 2.697 2.787 2.877 2.965 2.953 2.938 2.918 2.895 2.868 2.838 2.804 2.766 2.724 2.679 2.631 2.581 2.707 2.840 2.977 3.119 3.264 3.414 3.567 3.725 3.886 4.052 4.222 4.395 4.547 4.679 4.790 4.882 4.954 5.007 5.039 5.052 5.044 5.017 4.970 4.914 4.999 5.088 5.180 5.275 5.374 5.476 5.582 5.691 5.804 5.920 6.039 6.190 6.593 7.028 7.498 8.001 8.538 9.109 9.713 10.351 11.023 11.728 12.467 13.000 12.220 11.428 10.624 9.808 8.980 8.141 7.289
2.262 2.352 2.442 2.532 2.622 2.711 2.799 2.888 2.876 2.847 2.815 2.779 2.740 2.696 2.650 2.599 2.545 2.487 2.425 2.363 2.480 2.631 2.787 2.947 3.110 3.278 3.449 3.625 3.805 3.989 4.176 4.368 4.444 4.487 4.510 4.514 4.497 4.461 4.405 4.330 4.234 4.119 3.983 3.828 3.915 4.019 4.126 4.237 4.352 4.469 4.590 4.715 4.843 4.975 5.109 5.248 5.798 6.384 7.004 7.657 8.344 9.065 9.819 10.607 11.428 12.283 13.101 13.769 12.829 11.929 11.070 10.252 9.473 8.735 8.037
2.191 2.281 2.370 2.458 2.547 2.635 2.722 2.809 2.802 2.761 2.716 2.667 2.615 2.559 2.499 2.436 2.369 2.298 2.224 2.149 2.249 2.419 2.592 2.770 2.952 3.137 3.327 3.521 3.719 3.920 4.126 4.336 4.362 4.317 4.252 4.167 4.063 3.938 3.794 3.630 3.446 3.242 3.019 2.776 2.828 2.948 3.071 3.197 3.327 3.460 3.597 3.737 3.880 4.027 4.178 4.331 4.970 5.723 6.499 7.267 8.028 8.780 9.525 10.262 10.991 11.712 12.426 13.132 12.472 11.751 11.071 10.431 9.832 9.272 8.753
2.121 2.209 2.297 2.385 2.472 2.559 2.645 2.731 2.732 2.677 2.620 2.558 2.493 2.424 2.352 2.276 2.196 2.113 2.026 1.938 2.014 2.202 2.393 2.589 2.789 2.993 3.200 3.412 3.628 3.848 4.072 4.300 4.302 4.169 4.016 3.843 3.650 3.437 3.205 2.953 2.681 2.389 2.077 1.746 1.740 1.875 2.013 2.155 2.351 2.598 2.841 3.079 3.313 3.542 3.766 3.986 4.616 5.365 6.106 6.840 7.566 8.284 8.995 9.698 10.392 11.080 11.759 12.431 12.075 11.533 11.032 10.571 10.150 9.769 9.429
2.052 2.139 2.225 2.312 2.398 2.483 2.569 2.654 2.665 2.598 2.527 2.453 2.375 2.294 2.208 2.120 2.027 1.931 1.831 1.731 1.775 1.981 2.190 2.404 2.622 2.844 3.069 3.299 3.533 3.771 4.013 4.259 4.265 4.043 3.801 3.540 3.259 2.958 2.638 2.333 2.061 1.793 1.530 1.272 1.315 1.561 1.801 2.038 2.269 2.496 2.718 2.936 3.149 3.358 3.562 3.761 4.300 5.015 5.722 6.421 7.113 7.797 8.473 9.142 9.803 10.456 11.101 11.738 11.639 11.276 10.953 10.671 10.428 10.226 10.065
1.982 2.068 2.154 2.239 2.324 2.408 2.492 2.576 2.601 2.522 2.438 2.351 2.261 2.166 2.068 1.967 1.862 1.753 1.640 1.527 1.531 1.755 1.983 2.215 2.450 2.690 2.934 3.182 3.434 3.690 3.942 4.185 4.206 3.923 3.643 3.369 3.099 2.833 2.572 2.316 2.064 1.816 1.573 1.335 1.320 1.545 1.765 1.981 2.192 2.399 2.601 2.798 2.991 3.179 3.363 3.542 3.992 4.673 5.346 6.011 6.669 7.318 7.960 8.595 9.221 9.840 10.451 11.054 11.164 10.979 10.835 10.731 10.667 10.643 10.660
1.913 1.998 2.082 2.167 2.250 2.334 2.417 2.499 2.541 2.449 2.353 2.253 2.150 2.043 1.932 1.818 1.700 1.578 1.453 1.327 1.283 1.541 1.807 2.069 2.325 2.576 2.821 3.061 3.296 3.526 3.751 3.970 4.044 3.781 3.522 3.267 3.017 2.771 2.530 2.294 2.062 1.834 1.611 1.393 1.329 1.533 1.733 1.929 2.120 2.306 2.488 2.665 2.837 3.005 3.169 3.327 3.693 4.339 4.978 5.609 6.232 6.848 7.456 8.056 8.648 9.233 9.810 10.379 10.649 10.643 10.677 10.751 10.866 11.020 11.215
1.845 1.928 2.012 2.095 2.177 2.259 2.341 2.423 2.485 2.379 2.271 2.158 2.042 1.923 1.815 1.713 1.617 1.526 1.441 1.361 1.317 1.565 1.808 2.046 2.279 2.507 2.729 2.946 3.157 3.364 3.565 3.761 3.878 3.634 3.395 3.160 2.930 2.705 2.484 2.267 2.055 1.847 1.644 1.446 1.343 1.527 1.707 1.882 2.052 2.218 2.380 2.536 2.689 2.836 2.979 3.118 3.401 4.014 4.618 5.215 5.804 6.386 6.959 7.525 8.084 8.634 9.177 9.712 10.095 10.267 10.480 10.732 11.025 11.357 11.730
1.777 1.859 1.941 2.023 2.104 2.186 2.264 2.332 2.398 2.285 2.174 2.069 1.970 1.876 1.788 1.706 1.630 1.559 1.494 1.434 1.377 1.595 1.815 2.030 2.239 2.443 2.642 2.836 3.024 3.207 3.385 3.558 3.706 3.483 3.264 3.049 2.839 2.633 2.432 2.236 2.044 1.856 1.673 1.494 1.361 1.525 1.685 1.839 1.990 2.135 2.277 2.413 2.545 2.672 2.795 2.913 3.118 3.697 4.267 4.830 5.385 5.932 6.472 7.003 7.527 8.044 8.552 9.053 9.502 9.852 10.243 10.673 11.144 11.655 12.205
1.699 1.771 1.841 1.910 1.977 2.042 2.105 2.166 2.226 2.153 2.063 1.977 1.898 1.824 1.756 1.694 1.638 1.587 1.542 1.501 1.465 1.631 1.828 2.019 2.205 2.386 2.562 2.732 2.897 3.057 3.212 3.361 3.505 3.327 3.128 2.933 2.743 2.557 2.376 2.200 2.027 1.860 1.697 1.538 1.385 1.528 1.668 1.802 1.932 2.057 2.178 2.295 2.406 2.513 2.616 2.714 2.843 3.388 3.924 4.453 4.973 5.487 5.992 6.490 6.980 7.462 7.936 8.403 8.870 9.398 9.966 10.575 11.223 11.912 12.640
1.578 1.644 1.708 1.770 1.831 1.890 1.947 2.003 2.056 2.017 1.946 1.880 1.821 1.767 1.719 1.677 1.640 1.609 1.584 1.564 1.547 1.673 1.846 2.014 2.177 2.335 2.487 2.634 2.776 2.913 3.044 3.170 3.291 3.166 2.987 2.813 2.642 2.477 2.315 2.159 2.006 1.859 1.715 1.577 1.442 1.536 1.655 1.770 1.879 1.984 2.085 2.181 2.272 2.359 2.441 2.519 2.592 3.087 3.589 4.084 4.570 5.050 5.521 5.984 6.440 6.889 7.329 7.787 8.258 8.981 9.724 10.487 11.270 12.073 12.896
1.458 1.518 1.576 1.633 1.687 1.740 1.791 1.841 1.888 1.875 1.824 1.778 1.739 1.705 1.677 1.654 1.638 1.627 1.622 1.621 1.625 1.720 1.870 2.015 2.155 2.289 2.418 2.542 2.661 2.774 2.882 2.985 3.083 3.001 2.842 2.687 2.537 2.391 2.250 2.113 1.981 1.853 1.730 1.611 1.496 1.549 1.648 1.742 1.831 1.916 1.996 2.072 2.143 2.210 2.272 2.330 2.382 2.794 3.355 4.016 4.633 5.206 5.734 6.218 6.657 7.052 7.402 7.708 7.970 8.744 9.576 10.427 11.299 12.190 13.101
1.340 1.394 1.446 1.497 1.545 1.592 1.637 1.681 1.722 1.728 1.697 1.671 1.652 1.638 1.630 1.627 1.630 1.639 1.654 1.673 1.697 1.773 1.900 2.022 2.138 2.249 2.355 2.456 2.551 2.642 2.727 2.806 2.881 2.831 2.692 2.557 2.427 2.301 2.180 2.063 1.950 1.842 1.739 1.640 1.545 1.567 1.645 1.719 1.788 1.899 2.105 2.345 2.620 2.930 3.274 3.652 4.066 4.584 5.092 5.557 5.977 6.353 6.684 6.971 7.213 7.411 7.564 7.674 7.738 8.487 9.407 10.347 11.307 12.287 13.286
1.224 1.272 1.318 1.363 1.405 1.446 1.485 1.522 1.558 1.576 1.565 1.559 1.559 1.565 1.577 1.594 1.617 1.646 1.681 1.720 1.764 1.833 1.936 2.035 2.128 2.216 2.298 2.376 2.448 2.515 2.577 2.633 2.685 2.657 2.537 2.422 2.312 2.206 2.105 2.008 1.934 1.888 1.837 1.781 1.720 1.792 2.013 2.268 2.558 2.883 3.242 3.635 4.064 4.526 5.024 5.555 6.122 6.561 6.873 7.141 7.364 7.543 7.677 7.767 7.813 7.814 7.771 7.683 7.551 8.211 9.219 10.247 11.296 12.364 13.451
1.110 1.152 1.192 1.230 1.267 1.302 1.335 1.366 1.396 1.419 1.428 1.442 1.462 1.488 1.519 1.557 1.600 1.648 1.703 1.762 1.826 1.897 1.978 2.053 2.123 2.188 2.247 2.301 2.350 2.394 2.433 2.496 2.608 2.677 2.645 2.608 2.565 2.517 2.464 2.405 2.341 2.272 2.198 2.118 2.033 2.125 2.500 2.908 3.351 3.829 4.341 4.888 5.469 6.085 6.735 7.420 8.139 8.582 8.697 8.768 8.794 8.776 8.714 8.607 8.456 8.261 8.021 7.737 7.409 7.915 9.012 10.128 11.264 12.421 13.597
0.998 1.034 1.068 1.100 1.130 1.159 1.186 1.211 1.235 1.257 1.285 1.320 1.360 1.405 1.457 1.514 1.577 1.645 1.719 1.799 1.883 1.968 2.037 2.127 2.221 2.320 2.425 2.534 2.648 2.767 2.891 3.020 3.154 3.254 3.198 3.138 3.071 3.000 2.923 2.841 2.754 2.661 2.563 2.460 2.352 2.422 2.949 3.510 4.107 4.737 5.403 6.102 6.837 7.605 8.409 9.247 10.119 10.645 10.564 10.438 10.268 10.053 9.794 9.491 9.144 8.752 8.316 7.835 7.311 7.599 8.784 9.989 11.214 12.458 13.722
0.887 0.917 0.945 0.971 0.996 1.018 1.039 1.058 1.076 1.092 1.138 1.192 1.252 1.318 1.393 1.498 1.609 1.728 1.854 1.983 2.114 2.251 2.359 2.470 2.586 2.707 2.834 2.965 3.101 3.241 3.387 3.538 3.694 3.836 3.757 3.672 3.583 3.488 3.387 3.282 3.171 3.055 2.934 2.807 2.676 2.681 3.361 4.076 4.825 5.608 6.427 7.279 8.166 9.088 10.044 11.035 12.060 12.752 12.474 12.151 11.785 11.374 10.918 10.419 9.875 9.287 8.655 7.978 7.257 7.265 8.537 9.830 11.143 12.475 13.828
0.778 0.802 0.824 0.844 0.863 0.879 0.894 0.912 0.948 0.982 1.066 1.167 1.276 1.391 1.513 1.642 1.778 1.921 2.070 2.224 2.379 2.540 2.674 2.807 2.946 3.089 3.237 3.389 3.547 3.710 3.877 4.050 4.227 4.410 4.320 4.212 4.099 3.981 3.857 3.728 3.594 3.454 3.310 3.160 3.005 2.903 3.736 4.603 5.506 6.442 7.413 8.419 9.459 10.533 11.642 12.785 13.963 14.901 14.426 13.908 13.345 12.737 12.086 11.390 10.650 9.866 9.037 8.164 7.247 6.910 8.271 9.652 11.053 12.473 13.913
0.677 0.714 0.751 0.787 0.822 0.857 0.892 0.926 0.959 0.992 1.084 1.209 1.342 1.481 1.627 1.780 1.940 2.106 2.280 2.458 2.637 2.823 2.984 3.139 3.299 3.464 3.633 3.808 3.988 4.172 4.362 4.556 4.755 4.959 4.888 4.757 4.620 4.479 4.332 4.179 4.022 3.859 3.691 3.517 3.339 3.155 4.074 5.094 6.149 7.238 8.362 9.520 10.713 11.940 13.202 14.498 15.828 17.092 16.422 15.707 14.948 14.144 13.297 12.405 11.469 10.488 9.464 8.395 7.282 6.536 7.985 9.454 10.943 12.451 13.979
0.704 0.739 0.774 0.808 0.842 0.875 0.908 0.940 0.971 1.002 1.095 1.245 1.401 1.564 1.734 1.911 2.095 2.286 2.483 2.685 2.889 3.099 3.288 3.464 3.646 3.833 4.024 4.221 4.422 4.628 4.840 5.056 5.277 5.503 5.462 5.307 5.147 4.982 4.811 4.636 4.455 4.268 4.077 3.880 3.678 3.471 4.375 5.548 6.755 7.997 9.274 10.585 11.930 13.309 14.724 16.172 17.655 19.172 18.460 17.549 16.594 15.594 14.551 13.463 12.331 11.155 9.934 8.670 7.361 6.146 7.657 9.136 10.583 11.999 13.384
0.732 0.765 0.798 0.830 0.862 0.893 0.924 0.954 0.984 1.013 1.101 1.274 1.454 1.641 1.835 2.036 2.244 2.459 2.680 2.906 3.134 3.368 3.585 3.784 3.988 4.196 4.409 4.627 4.851 5.079 5.312 5.549 5.792 6.040 6.040 5.862 5.678 5.490 5.296 5.097 4.893 4.683 4.468 4.248 4.023 3.792 4.639 5.964 7.324 8.719 10.148 11.611 13.109 14.641 16.208 17.808 19.444 21.113 20.541 19.434 18.186 16.746 15.328 13.931 12.557 11.204 9.873 8.564 7.277 6.011 7.213 8.553 9.862 11.139 12.385
0.760 0.791 0.822 0.853 0.883 0.912 0.941 0.969 0.997 1.024 1.100 1.297 1.501 1.712 1.930 2.155 2.387 2.625 2.871 3.120 3.373 3.631 3.877 4.098 4.323 4.553 4.788 5.028 5.273 5.523 5.778 6.037 6.302 6.571 6.623 6.422 6.215 6.003 5.786 5.564 5.336 5.103 4.865 4.621 4.373 4.119 4.866 6.344 7.856 9.403 10.985 12.551 13.992 15.398 16.769 18.107 19.410 20.679 20.052 18.665 17.299 15.955 14.633 13.333 12.055 10.798 9.563 8.350 7.159 5.989 6.801 8.002 9.172 10.311 11.418
0.789 0.818 0.847 0.876 0.904 0.931 0.958 0.984 1.010 1.035 1.092 1.313 1.541 1.776 2.018 2.267 2.523 2.785 3.055 3.328 3.605 3.887 4.163 4.405 4.652 4.904 5.161 5.423 5.689 5.961 6.237 6.519 6.805 7.096 7.212 6.987 6.757 6.521 6.281 6.035 5.784 5.528 5.271 5.025 4.779 4.532 5.099 6.560 7.986 9.378 10.736 12.059 13.348 14.603 15.824 17.011 18.163 19.281 18.953 17.662 16.392 15.144 13.918 12.714 11.531 10.371 9.232 8.114 7.019 5.945 6.420 7.483 8.514 9.514 10.483
0.818 0.845 0.873 0.899 0.925 0.951 0.976 1.000 1.024 1.047 1.078 1.323 1.575 1.834 2.100 2.373 2.652 2.939 3.232 3.530 3.831 4.137 4.443 4.707 4.976 5.249 5.528 5.811 6.100 6.393 6.691 6.994 7.302 7.615 7.802 7.558 7.312 7.067 6.821 6.575 6.328 6.081 5.834 5.587 5.339 5.090 5.398 6.707 7.983 9.224 10.430 11.603 12.741 13.846 14.915 15.951 16.953 17.920 17.834 16.638 15.464 14.312 13.182 12.074 10.987 9.922 8.879 7.858 6.858 5.880 6.070 6.995 7.888 8.749 9.579
