DATA/SHG/ECMWF/20170628/EN-5/20170708.en-5.asc
ncols        190
nrows        64
xllcorner    -5100000.000000000000
yllcorner    4130000.000000000000
cellsize     10000.000000000000
NODATA_value  -99999.000
[rows 0 to 33 of 64, columns 75 to 149 of 190]
9.683 9.988 10.299 10.615 10.936 11.262 11.346 10.735 10.060 9.397 8.745 8.105 7.476 6.858 6.252 5.657 5.074 4.501 4.033 3.888 3.755 3.633 3.522 3.421 3.332 3.253 3.185 3.128 3.082 3.047 3.056 3.182 3.308 3.435 3.563 3.691 3.820 3.950 4.080 4.211 4.343 4.475 4.535 4.362 4.184 4.000 3.810 3.615 3.414 3.207 2.994 2.776 2.551 2.321 2.134 2.089 2.044 2.001 1.958 1.916 1.875 1.834 1.795 1.756 1.718 1.681 1.703 1.892 2.084 2.281 2.480 2.684 2.891 3.102 3.316
10.304 10.444 10.575 10.697 10.809 10.912 10.875 10.229 9.594 8.971 8.359 7.758 7.169 6.591 6.024 5.469 4.925 4.393 3.915 3.817 3.733 3.659 3.597 3.545 3.504 3.474 3.454 3.446 3.448 3.461 3.497 3.625 3.755 3.885 4.015 4.147 4.279 4.411 4.545 4.679 4.814 4.949 5.044 4.845 4.641 4.432 4.216 3.995 3.768 3.535 3.296 3.052 2.802 2.546 2.315 2.273 2.232 2.192 2.153 2.115 2.077 2.040 2.005 1.969 1.935 1.902 1.905 2.110 2.319 2.531 2.748 2.968 3.191 3.418 3.649
9.844 9.952 10.050 10.140 10.220 10.290 10.320 9.713 9.118 8.535 7.962 7.401 6.852 6.313 5.786 5.271 4.767 4.274 3.792 3.735 3.699 3.674 3.660 3.656 3.664 3.682 3.711 3.751 3.802 3.863 3.936 4.067 4.200 4.333 4.466 4.601 4.736 4.872 5.008 5.146 5.283 5.422 5.558 5.334 5.104 4.869 4.627 4.380 4.127 3.868 3.604 3.334 3.058 2.776 2.495 2.457 2.419 2.383 2.347 2.313 2.279 2.246 2.213 2.182 2.151 2.121 2.090 2.281 2.467 2.650 2.828 3.002 3.172 3.338 3.500
9.393 9.469 9.535 9.592 9.639 9.678 9.707 9.189 8.633 8.089 7.556 7.035 6.525 6.026 5.539 5.063 4.598 4.145 3.703 3.640 3.652 3.676 3.710 3.755 3.811 3.878 3.955 4.044 4.143 4.253 4.374 4.508 4.643 4.779 4.916 5.054 5.192 5.331 5.470 5.611 5.752 5.893 6.036 5.828 5.573 5.311 5.044 4.771 4.492 4.208 3.917 3.621 3.319 3.012 2.699 2.639 2.605 2.550 2.478 2.411 2.348 2.291 2.238 2.190 2.147 2.108 2.075 2.233 2.401 2.565 2.725 2.881 3.033 3.181 3.324
8.952 8.995 9.029 9.053 9.068 9.074 9.071 8.654 8.138 7.634 7.141 6.659 6.189 5.730 5.282 4.845 4.420 4.006 3.604 3.533 3.594 3.666 3.748 3.842 3.946 4.061 4.187 4.324 4.472 4.630 4.799 4.947 5.085 5.225 5.364 5.505 5.646 5.788 5.931 6.074 6.218 6.363 6.508 6.328 6.046 5.759 5.466 5.167 4.812 4.422 4.038 3.663 3.296 2.936 2.584 2.462 2.402 2.346 2.296 2.250 2.209 2.173 2.142 2.115 2.094 2.077 2.065 2.189 2.339 2.485 2.627 2.765 2.898 3.028 3.153
8.520 8.531 8.532 8.524 8.507 8.480 8.445 8.110 7.634 7.169 6.716 6.274 5.843 5.423 5.015 4.618 4.232 3.858 3.495 3.414 3.523 3.643 3.775 3.916 4.069 4.233 4.407 4.592 4.788 4.995 5.212 5.385 5.526 5.668 5.811 5.955 6.099 6.244 6.390 6.462 6.483 6.500 6.514 6.256 5.860 5.473 5.094 4.722 4.358 4.002 3.654 3.313 2.981 2.656 2.339 2.210 2.172 2.138 2.109 2.084 2.065 2.051 2.041 2.036 2.036 2.041 2.050 2.150 2.281 2.409 2.533 2.652 2.767 2.879 2.986
8.097 8.075 8.044 8.004 7.955 7.896 7.828 7.557 7.120 6.695 6.281 5.878 5.487 5.107 4.738 4.381 4.035 3.700 3.376 3.282 3.440 3.609 3.788 3.979 4.180 4.391 4.614 4.848 5.092 5.347 5.549 5.641 5.672 5.700 5.725 5.747 5.766 5.782 5.795 5.805 5.812 5.816 5.817 5.620 5.260 4.907 4.562 4.226 3.896 3.575 3.262 2.956 2.658 2.368 2.086 1.954 1.937 1.924 1.917 1.914 1.916 1.923 1.935 1.952 1.973 1.999 2.031 2.114 2.228 2.337 2.442 2.544 2.641 2.734 2.823
7.684 7.630 7.566 7.494 7.412 7.321 7.221 6.994 6.597 6.211 5.837 5.473 5.122 4.781 4.452 4.134 3.827 3.532 3.247 3.139 3.345 3.622 3.900 4.149 4.369 4.559 4.720 4.852 4.955 5.028 5.072 5.093 5.110 5.125 5.137 5.146 5.151 5.154 5.154 5.151 5.145 5.136 5.124 4.977 4.651 4.334 4.024 3.722 3.427 3.141 2.862 2.591 2.328 2.072 1.825 1.693 1.697 1.706 1.720 1.739 1.763 1.791 1.825 1.863 1.906 1.954 2.006 2.083 2.178 2.269 2.356 2.439 2.518 2.593 2.664
7.279 7.193 7.097 6.993 6.879 6.755 6.623 6.422 6.064 5.718 5.383 5.059 4.746 4.466 4.291 4.150 4.044 3.972 3.934 3.970 4.176 4.352 4.500 4.618 4.707 4.767 4.798 4.799 4.772 4.715 4.629 4.548 4.553 4.555 4.553 4.549 4.541 4.531 4.518 4.502 4.482 4.460 4.435 4.327 4.036 3.753 3.478 3.210 2.951 2.699 2.455 2.218 1.990 1.769 1.556 1.427 1.453 1.484 1.519 1.560 1.605 1.655 1.710 1.769 1.834 1.903 1.977 2.056 2.133 2.206 2.275 2.339 2.400 2.457 2.509
6.884 6.766 6.638 6.501 6.355 6.199 6.043 5.880 5.618 5.391 5.199 5.040 4.916 4.827 4.771 4.750 4.764 4.811 4.893 4.993 5.068 5.114 5.132 5.119 5.078 5.008 4.908 4.779 4.621 4.434 4.218 4.008 4.000 3.988 3.973 3.956 3.935 3.912 3.886 3.856 3.824 3.789 3.750 3.669 3.413 3.165 2.924 2.692 2.467 2.249 2.040 1.838 1.644 1.458 1.280 1.157 1.204 1.257 1.314 1.375 1.442 1.513 1.590 1.671 1.757 1.847 1.943 2.032 2.091 2.146 2.197 2.244 2.286 2.324 2.359
6.528 6.400 6.266 6.125 5.976 5.821 5.659 5.490 5.348 5.241 5.168 5.130 5.126 5.156 5.220 5.319 5.452 5.619 5.821 6.041 5.992 5.908 5.795 5.653 5.481 5.280 5.051 4.792 4.504 4.186 3.840 3.472 3.450 3.426 3.398 3.367 3.334 3.297 3.258 3.215 3.170 3.121 3.070 3.004 2.783 2.569 2.364 2.165 1.975 1.793 1.618 1.451 1.291 1.140 0.996 0.882 0.951 1.025 1.103 1.186 1.274 1.367 1.465 1.568 1.675 1.787 1.904 2.013 2.054 2.091 2.123 2.152 2.176 2.196 2.213
6.296 6.144 5.986 5.820 5.647 5.468 5.281 5.088 5.047 5.060 5.107 5.188 5.303 5.453 5.637 5.855 6.108 6.395 6.716 7.056 6.948 6.734 6.490 6.218 5.916 5.585 5.225 4.836 4.418 3.971 3.495 2.989 2.905 2.867 2.826 2.782 2.736 2.686 2.633 2.578 2.519 2.458 2.393 2.326 2.146 1.967 1.795 1.632 1.476 1.328 1.188 1.056 0.931 0.814 0.705 0.604 0.693 0.788 0.888 0.993 1.102 1.217 1.336 1.460 1.589 1.722 1.868 2.021 2.061 2.101 2.138 2.175 2.209 2.243 2.274
6.071 5.895 5.712 5.522 5.325 5.121 4.911 4.693 4.715 4.847 5.014 5.215 5.450 5.719 6.022 6.360 6.732 7.138 7.579 8.039 7.935 7.591 7.217 6.815 6.383 5.922 5.432 4.913 4.365 3.788 3.182 2.546 2.364 2.313 2.259 2.202 2.142 2.079 2.013 1.945 1.873 1.798 1.721 1.640 1.501 1.356 1.220 1.091 0.970 0.856 0.751 0.653 0.563 0.481 0.406 0.339 0.430 0.560 0.706 0.855 1.006 1.160 1.316 1.475 1.636 1.799 1.966 2.134 2.177 2.210 2.241 2.271 2.299 2.325 2.350
5.853 5.653 5.445 5.231 5.010 4.782 4.547 4.305 4.352 4.604 4.890 5.210 5.565 5.953 6.376 6.833 7.325 7.850 8.410 8.991 8.954 8.479 7.976 7.443 6.882 6.291 5.671 5.023 4.345 3.638 2.902 2.136 1.826 1.762 1.695 1.625 1.552 1.476 1.397 1.316 1.231 1.143 1.053 0.959 0.849 0.739 0.637 0.542 0.484 0.457 0.429 0.402 0.374 0.346 0.318 0.290 0.400 0.555 0.713 0.873 1.035 1.200 1.367 1.537 1.709 1.883 2.060 2.240 2.295 2.321 2.345 2.368 2.389 2.409 2.428
5.642 5.417 5.186 4.947 4.702 4.450 4.190 3.924 3.958 4.329 4.735 5.175 5.648 6.156 6.699 7.275 7.886 8.530 9.209 9.910 10.004 9.400 8.767 8.104 7.413 6.692 5.943 5.164 4.356 3.520 2.654 1.759 1.293 1.216 1.136 1.052 0.966 0.878 0.786 0.730 0.710 0.685 0.657 0.625 0.595 0.567 0.540 0.512 0.485 0.457 0.429 0.400 0.372 0.343 0.315 0.286 0.383 0.548 0.717 0.888 1.061 1.237 1.415 1.596 1.779 1.965 2.153 2.343 2.414 2.433 2.451 2.467 2.482 2.495 2.507
5.437 5.189 4.933 4.670 4.401 4.124 3.841 3.550 3.533 4.024 4.549 5.108 5.701 6.328 6.989 7.685 8.415 9.179 9.977 10.797 11.086 10.352 9.589 8.797 7.975 7.125 6.246 5.338 4.400 3.434 2.459 1.515 0.969 0.958 0.944 0.925 0.903 0.877 0.847 0.813 0.776 0.734 0.688 0.639 0.598 0.570 0.542 0.514 0.485 0.457 0.428 0.399 0.370 0.341 0.311 0.282 0.362 0.539 0.718 0.900 1.085 1.271 1.461 1.652 1.847 2.043 2.242 2.444 2.534 2.546 2.557 2.567 2.575 2.582 2.587
5.240 4.967 4.687 4.400 4.106 3.805 3.498 3.183 3.077 3.687 4.331 5.009 5.722 6.468 7.249 8.063 8.912 9.795 10.712 11.652 12.199 11.217 10.157 9.122 8.113 7.129 6.171 5.237 4.330 3.447 2.590 1.758 1.177 1.149 1.117 1.082 1.042 0.999 0.952 0.900 0.845 0.787 0.724 0.657 0.602 0.574 0.545 0.516 0.487 0.457 0.428 0.398 0.368 0.338 0.308 0.278 0.339 0.527 0.718 0.910 1.106 1.303 1.504 1.706 1.912 2.119 2.329 2.542 2.655 2.661 2.665 2.668 2.670 2.670 2.668
5.049 4.752 4.448 4.137 3.819 3.494 3.162 2.823 2.591 3.320 4.083 4.880 5.712 6.570 7.338 8.079 8.793 9.481 10.141 10.794 11.278 10.306 9.359 8.437 7.540 6.669 5.823 5.002 4.207 3.437 2.693 1.974 1.389 1.344 1.295 1.242 1.185 1.124 1.060 0.992 0.919 0.843 0.763 0.680 0.606 0.577 0.547 0.518 0.488 0.458 0.428 0.397 0.367 0.336 0.305 0.274 0.314 0.513 0.714 0.918 1.124 1.333 1.544 1.758 1.974 2.193 2.414 2.637 2.778 2.777 2.775 2.771 2.766 2.759 2.751
4.865 4.544 4.216 3.880 3.538 3.189 2.843 2.537 2.224 3.007 3.790 4.545 5.273 5.975 6.650 7.298 7.919 8.513 9.080 9.639 10.194 9.368 8.533 7.724 6.940 6.181 5.448 4.740 4.057 3.400 2.768 2.161 1.605 1.542 1.476 1.406 1.332 1.254 1.172 1.087 0.998 0.904 0.807 0.706 0.611 0.580 0.550 0.520 0.489 0.458 0.428 0.397 0.365 0.334 0.303 0.271 0.286 0.496 0.708 0.923 1.140 1.360 1.582 1.807 2.034 2.263 2.495 2.730 2.902 2.894 2.886 2.875 2.863 2.850 2.835
4.761 4.473 4.178 3.875 3.566 3.249 2.926 2.595 2.258 2.811 3.500 4.162 4.797 5.405 5.987 6.542 7.069 7.570 8.044 8.510 8.970 8.402 7.680 6.984 6.312 5.666 5.045 4.450 3.880 3.335 2.815 2.321 1.852 1.745 1.661 1.574 1.483 1.388 1.289 1.186 1.080 0.969 0.855 0.737 0.615 0.584 0.553 0.522 0.491 0.459 0.428 0.396 0.364 0.332 0.300 0.268 0.255 0.476 0.699 0.925 1.153 1.384 1.617 1.853 2.091 2.332 2.575 2.820 3.027 3.013 2.998 2.981 2.962 2.942 2.921
4.998 4.685 4.365 4.038 3.704 3.363 3.015 2.660 2.298 2.639 3.235 3.804 4.346 4.861 5.349 5.811 6.245 6.653 7.034 7.406 7.772 7.410 6.801 6.216 5.657 5.124 4.615 4.132 3.674 3.242 2.835 2.453 2.096 1.951 1.851 1.746 1.638 1.526 1.410 1.290 1.166 1.038 0.907 0.771 0.632 0.588 0.556 0.525 0.493 0.460 0.428 0.396 0.363 0.330 0.297 0.264 0.231 0.454 0.688 0.925 1.164 1.406 1.650 1.897 2.146 2.397 2.651 2.936 3.248 3.305 3.368 3.439 3.518 3.604 3.697
5.241 4.904 4.559 4.208 3.849 3.483 3.111 2.731 2.344 2.492 2.995 3.470 3.919 4.341 4.736 5.105 5.446 5.761 6.049 6.327 6.599 6.391 5.894 5.422 4.975 4.554 4.158 3.787 3.442 3.121 2.826 2.557 2.312 2.162 2.044 1.922 1.797 1.667 1.534 1.397 1.256 1.111 0.963 0.810 0.654 0.592 0.560 0.527 0.494 0.462 0.429 0.396 0.362 0.329 0.295 0.261 0.228 0.429 0.708 1.035 1.362 1.688 2.013 2.338 2.662 2.985 3.307 3.629 3.950 4.054 4.151 4.254 4.365 4.483 4.609
5.491 5.129 4.760 4.384 4.000 3.610 3.213 2.809 2.397 2.370 2.779 3.162 3.517 3.846 4.148 4.424 4.672 4.894 5.089 5.274 5.452 5.345 4.960 4.600 4.266 3.957 3.673 3.415 3.181 2.973 2.790 2.633 2.500 2.376 2.241 2.102 1.960 1.813 1.663 1.508 1.350 1.188 1.022 0.853 0.679 0.596 0.563 0.530 0.497 0.494 0.539 0.586 0.635 0.686 0.739 0.793 0.849 1.104 1.429 1.753 2.077 2.399 2.722 3.043 3.364 3.684 4.003 4.322 4.639 4.796 4.925 5.060 5.204 5.354 5.512
5.747 5.360 4.966 4.566 4.158 3.743 3.322 2.893 2.457 2.272 2.588 2.878 3.140 3.376 3.585 3.768 3.923 4.052 4.154 4.246 4.330 4.272 3.999 3.752 3.530 3.333 3.161 3.015 2.894 2.798 2.727 2.681 2.661 2.595 2.442 2.286 2.127 1.963 1.795 1.624 1.476 1.370 1.260 1.147 1.030 0.998 1.044 1.092 1.142 1.194 1.247 1.302 1.358 1.417 1.477 1.539 1.603 1.828 2.150 2.471 2.791 3.111 3.430 3.748 4.065 4.382 4.698 5.014 5.328 5.529 5.690 5.859 6.034 6.217 6.408
6.009 5.598 5.180 4.754 4.322 3.883 3.437 2.983 2.523 2.198 2.422 2.618 2.788 2.931 3.047 3.137 3.200 3.236 3.245 3.243 3.233 3.172 3.011 2.876 2.766 2.681 2.622 2.587 2.578 2.594 2.635 2.733 2.898 2.987 2.889 2.788 2.684 2.576 2.464 2.349 2.231 2.109 1.983 1.855 1.722 1.665 1.719 1.774 1.832 1.891 1.952 2.014 2.079 2.145 2.213 2.282 2.354 2.551 2.870 3.188 3.505 3.822 4.138 4.453 4.767 5.081 5.394 5.706 6.017 6.254 6.448 6.648 6.856 7.072 7.295
6.278 5.842 5.399 4.949 4.493 4.029 3.558 3.080 2.596 2.150 2.280 2.384 2.461 2.511 2.534 2.531 2.501 2.444 2.361 2.265 2.162 2.045 2.050 2.156 2.274 2.406 2.550 2.707 2.878 3.061 3.257 3.466 3.688 3.853 3.740 3.623 3.503 3.380 3.253 3.122 2.988 2.850 2.709 2.565 2.417 2.328 2.390 2.453 2.518 2.585 2.654 2.724 2.796 2.870 2.946 3.023 3.102 3.275 3.590 3.905 4.219 4.532 4.845 5.157 5.468 5.779 6.088 6.397 6.706 6.971 7.197 7.430 7.670 7.918 8.173
6.552 6.092 5.625 5.151 4.669 4.181 3.686 3.184 2.674 2.158 2.163 2.174 2.158 2.115 2.058 2.064 2.072 2.080 2.088 2.095 2.100 2.105 2.252 2.415 2.591 2.780 2.981 3.196 3.423 3.664 3.917 4.184 4.463 4.722 4.594 4.461 4.326 4.186 4.044 3.898 3.748 3.595 3.438 3.278 3.114 2.989 3.059 3.130 3.202 3.277 3.353 3.431 3.511 3.592 3.676 3.761 3.847 3.998 4.310 4.622 4.933 5.243 5.552 5.861 6.169 6.476 6.783 7.089 7.394 7.679 7.937 8.203 8.476 8.756 9.044
6.834 6.349 5.857 5.358 4.853 4.340 3.820 3.294 2.773 2.260 2.171 2.177 2.184 2.192 2.200 2.209 2.218 2.228 2.238 2.247 2.253 2.260 2.439 2.659 2.892 3.138 3.397 3.669 3.954 4.252 4.563 4.886 5.223 5.572 5.450 5.302 5.151 4.996 4.838 4.676 4.511 4.342 4.170 3.994 3.815 3.648 3.725 3.803 3.884 3.966 4.050 4.135 4.223 4.312 4.403 4.496 4.590 4.721 5.030 5.339 5.646 5.953 6.259 6.565 6.870 7.174 7.477 7.780 8.082 8.379 8.670 8.968 9.273 9.586 9.905
7.105 6.551 6.006 5.471 4.944 4.427 3.919 3.420 2.931 2.450 2.305 2.314 2.323 2.332 2.342 2.353 2.364 2.375 2.387 2.398 2.406 2.415 2.611 2.889 3.179 3.482 3.799 4.128 4.470 4.825 5.193 5.573 5.967 6.374 6.309 6.145 5.978 5.808 5.634 5.457 5.276 5.092 4.904 4.713 4.518 4.320 4.388 4.474 4.562 4.652 4.744 4.837 4.932 5.029 5.127 5.228 5.330 5.444 5.750 6.055 6.359 6.663 6.966 7.269 7.570 7.871 8.172 8.471 8.770 9.071 9.394 9.725 10.062 10.407 10.759
7.001 6.479 5.966 5.462 4.967 4.482 4.006 3.538 3.080 2.631 2.439 2.450 2.460 2.472 2.483 2.496 2.509 2.522 2.536 2.548 2.558 2.569 2.768 3.103 3.451 3.812 4.185 4.571 4.971 5.383 5.808 6.246 6.697 7.160 7.170 6.991 6.809 6.623 6.434 6.241 6.044 5.844 5.641 5.434 5.224 5.010 5.048 5.142 5.238 5.336 5.435 5.536 5.639 5.743 5.849 5.957 6.067 6.178 6.469 6.771 7.072 7.373 7.673 7.972 8.271 8.568 8.866 9.162 9.458 9.691 9.869 10.041 10.205 10.362 10.512
6.889 6.399 5.917 5.445 4.982 4.528 4.083 3.648 3.221 2.804 2.573 2.585 2.597 2.610 2.624 2.638 2.653 2.668 2.684 2.698 2.710 2.722 2.911 3.303 3.708 4.126 4.557 5.000 5.456 5.926 6.408 6.903 7.411 7.932 8.035 7.840 7.642 7.441 7.236 7.027 6.815 6.600 6.381 6.159 5.933 5.704 5.706 5.808 5.911 6.016 6.123 6.232 6.342 6.454 6.568 6.684 6.801 6.920 7.188 7.487 7.734 7.879 8.020 8.156 8.288 8.416 8.539 8.658 8.773 8.883 9.028 9.168 9.302 9.428 9.547
6.769 6.310 5.860 5.420 4.988 4.566 4.153 3.749 3.354 2.968 2.706 2.719 2.734 2.749 2.764 2.780 2.796 2.813 2.831 2.847 2.861 2.875 3.039 3.488 3.950 4.425 4.913 5.414 5.927 6.454 6.993 7.545 8.110 8.688 8.902 8.692 8.478 8.261 8.041 7.817 7.589 7.358 7.124 6.886 6.645 6.400 6.361 6.471 6.582 6.694 6.809 6.894 6.899 6.893 6.876 6.848 6.809 6.759 6.840 6.975 7.105 7.231 7.353 7.470 7.583 7.692 7.796 7.896 7.992 8.083 8.194 8.304 8.406 8.502 8.590
6.640 6.213 5.795 5.386 4.986 4.595 4.214 3.841 3.478 3.124 2.838 2.853 2.869 2.886 2.903 2.921 2.939 2.958 2.977 2.995 3.011 3.027 3.153 3.659 4.178 4.710 5.255 5.812 6.383 6.966 7.563 8.172 8.794 9.429 9.772 9.546 9.317 9.085 8.848 8.609 8.366 8.119 7.842 7.498 7.169 6.855 6.704 6.716 6.716 6.705 6.683 6.651 6.607 6.553 6.488 6.412 6.324 6.226 6.254 6.369 6.481 6.588 6.690 6.789 6.883 6.973 7.058 7.139 7.216 7.289 7.369 7.448 7.519 7.584 7.641
6.503 6.108 5.721 5.344 4.976 4.616 4.266 3.925 3.594 3.271 2.969 2.987 3.004 3.023 3.042 3.062 3.082 3.102 3.123 3.143 3.160 3.178 3.251 3.814 4.391 4.980 5.582 6.196 6.824 7.464 8.118 8.784 9.463 10.116 10.422 10.021 9.636 9.267 8.913 8.575 8.252 7.946 7.654 7.379 7.119 6.875 6.714 6.677 6.629 6.570 6.500 6.419 6.328 6.225 6.112 5.987 5.852 5.706 5.672 5.769 5.862 5.950 6.033 6.113 6.188 6.259 6.325 6.388 6.445 6.499 6.551 6.599 6.640 6.674 6.701
