DATA/RAW-RASTER/ECMWF/20170628/EN-7/20170708.en-7.asc
ncols			31
nrows			16
xllcorner		69.5
yllcorner		19.5
cellsize		1.0
NODATA_value	-99999
11.47461 2.51770 9.40704 3.43323 8.84247 6.25610 8.71277 2.23541 0.25940 0.87738 1.41907 0.48065 0.80109 0.41199 1.26648 1.82343 4.69971 3.12805 3.17383 6.34766 1.67084 3.45612 1.61743 1.35803 0.70190 0.68665 0.83923 1.24359 1.32751 0.73242 6.71387
0.03815 0.31281 28.16772 15.83099 8.49915 3.50189 2.97546 6.36292 2.62451 2.06757 2.94495 0.85449 0.88501 1.64795 1.49536 1.82343 2.02942 3.37982 1.00708 0.43488 1.76239 4.37164 3.80707 2.75421 1.97601 1.88446 2.09045 2.01416 3.64685 5.21851 6.92749
0.42725 4.73022 1.08337 9.31549 8.95691 3.68500 4.44031 0.19836 2.70844 3.53241 10.27679 4.89044 2.91443 1.53351 0.57983 1.10626 2.18201 6.11877 2.63977 1.21307 1.50299 1.95312 5.21088 11.51276 8.50677 8.45337 9.61304 20.66040 11.00922 5.92804 6.01196
1.34277 0.56458 0.73242 3.06702 6.36292 5.37872 7.88116 20.39337 0.16785 2.34985 11.75690 4.49371 5.46265 3.23486 2.41852 3.16620 4.89044 9.71985 3.63922 1.35803 0.25940 1.83868 2.31171 9.37653 2.37274 2.83813 8.78143 11.39832 11.27625 16.83044 20.44678
0.09155 0.00000 0.28229 0.80872 3.05939 8.43811 3.15857 8.59070 16.93726 1.86157 1.12915 10.37598 5.89752 0.44250 5.38635 11.56616 0.99945 8.01086 12.97760 3.04413 1.96075 8.25500 5.92041 10.94818 18.69965 34.76715 20.67566 9.96399 6.79016 15.23590 13.52692
0.00763 0.00763 0.00000 1.33514 0.70953 4.14276 2.70081 7.57599 3.63922 12.96234 12.83264 12.91656 6.72150 5.21088 16.60156 8.27789 10.22339 13.03864 13.19885 17.11273 6.85120 28.18298 12.59613 23.32306 36.17096 22.58301 6.73676 13.68713 25.84076 12.00867 12.44354
0.00000 0.00000 0.00000 0.16022 0.16785 2.71606 4.05121 3.76892 5.34821 6.02722 20.31708 39.81781 6.91986 17.45605 10.52856 16.03699 5.50842 11.77979 6.90460 8.78143 6.58417 9.62067 23.87238 17.73834 21.13342 75.11902 59.27277 12.84027 9.49860 27.34375 19.37866
0.00000 0.00000 0.00000 0.00763 0.19073 3.97491 11.67297 14.71710 5.24139 14.95361 9.38416 17.09747 23.89526 18.42499 42.44995 5.63049 6.05011 4.83704 13.09967 10.98633 20.62988 34.39331 22.20154 28.38898 12.82501 44.69299 100.30365 14.87732 39.95514 7.89642 23.94104
0.00000 0.01526 0.00000 0.04578 0.16022 0.96130 9.09424 32.75299 18.34106 10.24628 6.34766 10.58960 21.79718 16.90674 17.51709 17.79938 35.02655 42.25159 32.33337 127.20490 118.01147 272.72034 109.53522 31.63910 9.75037 1.05286 25.75684 9.75037 36.55243 15.47241 21.03424
0.02289 0.03815 0.06104 0.20599 1.29700 1.48773 3.49426 14.23645 18.42499 11.93237 14.75525 8.67462 8.93402 12.26044 15.09094 8.67462 25.07782 19.42444 28.80096 21.20972 15.18250 2.78473 18.31055 11.88660 0.41199 16.50238 24.62769 20.63751 57.98340 28.06854 11.61957
0.35095 0.87738 0.14496 0.44250 1.02234 0.09918 2.49481 9.61304 6.97327 18.71490 8.46100 12.56561 11.68060 9.52148 5.58472 9.70459 8.86536 9.45282 8.96454 11.59668 6.98090 6.84357 20.82062 4.39453 0.96893 1.69373 2.30408 13.67188 45.02106 25.00153 17.82227
0.51117 1.00708 1.79291 2.12097 1.37329 5.39398 1.60980 3.32642 15.01465 17.52472 16.01410 13.41248 13.14545 8.56018 7.98035 3.41797 5.87463 3.82996 5.17273 3.31116 1.93787 2.79236 2.11334 1.70898 2.31171 4.53949 1.36566 12.35962 15.93018 13.81683 8.78906
1.38092 0.87738 1.06049 3.15857 4.76074 1.03760 0.96893 2.06757 8.07190 5.02777 7.46918 4.61578 3.12805 3.22723 2.52533 4.77600 7.24792 2.98309 3.77655 1.09100 1.69373 3.88336 2.67792 3.47137 3.63159 0.94604 0.47302 3.66974 5.88989 6.35529 1.30463
2.48718 2.91443 1.10626 3.41797 2.25830 2.21252 1.78528 1.89209 2.74658 2.05994 1.86920 1.06049 0.34332 1.17493 2.86865 3.80707 1.32751 0.61798 1.84631 1.06812 1.23596 4.06647 1.21307 2.61688 0.81635 0.04578 0.06866 0.28992 1.64032 2.45667 1.31226
2.97546 2.18201 3.27301 3.75366 3.66211 1.95312 1.45721 0.95367 0.12207 0.56458 0.94604 1.08337 0.93079 1.52588 0.64087 2.56348 0.90027 1.82343 1.08337 0.83160 1.60217 3.17383 3.88336 2.44904 0.45013 0.02289 0.14496 0.19836 0.46539 1.57928 13.83209
2.41852 4.37164 4.20380 7.71332 1.10626 1.38092 1.90735 0.88501 0.29755 0.24414 0.80872 6.92749 2.03705 5.30243 2.09045 7.10297 2.79999 0.98419 0.98419 0.74768 1.88446 1.58691 3.41797 3.78418 3.04413 3.57056 1.27411 0.35095 0.41199 1.00708 2.18201
