DATA/RAW-RASTER/ECMWF/20170628/EN-7/20170707.en-7.asc
ncols			31
nrows			16
xllcorner		69.5
yllcorner		19.5
cellsize		1.0
NODATA_value	-99999
4.28772 3.34167 7.90405 4.66156 4.79889 1.03760 0.74005 0.82397 0.37384 0.77820 1.48773 0.58746 1.70135 2.22015 5.04303 5.25665 7.88116 11.35254 8.85010 6.24847 9.21631 6.65283 2.58636 1.45721 1.02997 0.93079 0.63324 0.25940 0.68665 0.84686 3.74603
0.19073 1.25122 1.02997 1.30463 3.25775 0.86212 1.96838 2.36511 0.09155 0.55695 1.24359 2.02179 1.48773 1.28174 0.95367 2.17438 1.86920 7.29370 11.48987 13.82446 9.39941 11.23047 7.23267 5.80597 4.03595 1.93024 0.23651 0.24414 0.70190 0.24414 1.02234
0.01526 2.56348 3.09753 2.65503 6.05011 17.69257 5.43976 0.11444 2.59399 2.38037 7.67517 9.55200 6.18744 1.31226 1.29700 7.52258 9.61304 5.38635 0.67902 4.64630 5.40161 10.58197 5.71442 8.27789 7.10297 4.98962 1.59454 0.39673 1.15204 0.70953 1.72424
1.48773 7.30133 0.57983 0.25177 0.24414 2.23541 8.44574 10.72693 0.12207 1.23596 4.82178 13.85498 9.91821 9.47571 2.04468 2.34985 7.10297 5.59235 3.73840 0.38910 0.93079 2.48718 1.64032 9.49860 10.33783 9.93347 15.38849 11.79504 7.08008 4.19617 1.66321
2.96783 0.74768 0.66376 0.83160 0.14496 2.98309 0.19836 4.77600 44.25049 4.83704 0.09918 2.93732 6.43921 31.85272 12.55035 4.15039 6.03485 11.21521 6.91223 11.21521 2.18964 7.12585 8.56018 12.03918 4.97437 14.28986 6.91986 12.48169 8.39996 3.26538 2.02179
1.28174 0.19073 0.00763 0.18311 0.50354 1.24359 31.57806 1.90735 6.41632 7.69043 51.58997 6.81305 10.75745 3.15857 12.98523 11.68060 9.27734 4.28772 11.07025 9.07898 13.16833 3.95203 6.19507 11.38306 13.63373 14.25934 13.16833 3.24249 24.13940 14.90784 13.19122
0.07629 0.00000 0.38147 0.51117 0.64850 1.04523 27.31323 7.84302 5.28717 14.20593 13.90076 31.02112 13.38959 8.06427 2.10571 11.61194 7.22504 5.07355 4.55475 4.42505 1.24359 1.19781 2.22778 6.45447 19.84406 58.31146 15.66315 9.17053 14.49585 20.56122 13.03864
0.04578 0.02289 0.19073 0.19073 0.67902 1.83868 5.85938 4.82178 7.65228 3.36456 4.76074 12.09259 10.74982 4.75311 10.82611 4.70734 5.86700 1.29700 0.20599 1.25885 6.04248 16.00647 3.12805 24.96338 42.88483 47.25647 32.90558 16.61682 41.22925 11.74927 6.89697
0.09155 0.07629 0.18311 0.18311 1.21307 2.72369 3.18909 9.13239 12.26044 12.55798 3.04413 7.69043 5.94330 15.23590 11.03210 15.63263 7.78198 5.02014 3.45612 20.71381 19.56940 28.71704 15.87677 33.35571 8.01086 12.80975 34.79004 20.56122 15.74707 12.96234 8.42285
0.00763 0.00763 0.47302 4.04358 2.33459 1.80054 2.47192 12.32910 6.86646 17.69257 18.89801 2.83051 4.10461 3.05176 8.42285 11.64246 9.18579 10.80322 6.39343 13.88550 6.62231 2.67792 18.62335 12.60376 5.31006 1.35803 45.06683 60.87494 87.66937 7.00378 3.70789
1.04523 0.64850 0.99182 4.62341 2.60162 4.05884 7.73621 5.41687 7.49969 10.89478 11.32965 10.81848 14.26697 3.37982 5.26428 11.16943 12.10785 7.98035 9.09424 9.75037 6.41632 16.05988 18.68439 8.13293 18.94379 8.57544 8.66699 13.80157 45.59326 7.59125 11.05499
1.45721 1.09863 3.85284 7.00378 1.73950 3.89099 7.01904 8.49915 17.57050 6.01196 7.56836 14.93835 3.47137 2.44141 4.37927 5.66864 8.28552 1.85394 6.77490 2.02942 1.61743 3.88336 3.76892 7.13348 17.28058 16.55579 2.06757 5.66101 8.78906 5.85175 5.66101
2.17438 1.49536 1.54114 2.37274 4.63867 2.63214 0.54169 1.20544 4.61578 2.71606 1.06812 5.88989 7.45392 5.56946 3.16620 7.66754 4.00543 4.82178 4.73785 2.60162 2.26593 3.28827 2.31934 10.28442 11.61194 0.46539 0.01526 1.51825 3.65448 10.85663 2.29645
1.44958 1.12915 0.41199 1.77765 2.41089 2.50244 2.56348 2.38800 1.28937 1.57928 1.67084 3.13568 2.79236 2.27356 5.84412 6.81305 4.29535 9.91821 2.63977 1.77765 2.30408 5.05829 1.41907 7.55310 5.95093 0.01526 0.05341 0.84686 2.10571 5.92804 3.97491
2.33459 1.60217 2.34222 4.26483 2.31934 2.01416 2.34222 1.19781 1.12152 1.02997 1.41907 0.73242 0.90027 3.92914 4.29535 2.81525 5.47791 1.99890 1.79291 0.73242 1.43433 1.25122 4.71497 5.21851 1.44958 0.03052 0.19836 0.46539 0.84686 1.72424 6.30188
4.53949 6.15692 3.39508 7.49207 1.90735 2.88391 1.47247 1.86920 0.76294 0.35858 1.14441 4.34875 4.60052 3.30353 2.36511 3.71552 6.11877 0.50354 1.05286 0.47302 1.19781 1.56403 1.41144 5.93567 14.67133 0.61798 0.52643 0.38910 0.22888 0.92316 0.85449
