DATA/RAW-RASTER/ECMWF/20170628/EN-7/20170704.en-7.asc
ncols			31
nrows			16
xllcorner		69.5
yllcorner		19.5
cellsize		1.0
NODATA_value	-99999
0.38147 1.09100 0.39673 1.11389 2.11334 0.92316 2.89154 3.21960 0.15259 0.00763 0.74005 1.13678 3.26538 6.59180 9.18579 4.73022 3.13568 2.82288 2.58636 4.34113 7.94220 3.43323 8.78143 5.82123 5.45502 3.77655 8.87299 4.26483 3.76129 9.41467 14.36615
0.45013 0.58746 2.12860 7.72858 1.70135 0.28229 0.14496 0.22125 0.08392 0.02289 1.11389 0.67902 0.73242 0.67139 8.04138 2.63214 3.06702 2.17438 2.53296 4.66919 1.00708 1.43433 1.70135 3.01361 2.21252 2.49481 2.62451 9.06372 3.87573 2.32697 0.89264
0.34332 2.67029 0.31281 5.63812 1.98364 0.65613 7.56073 0.15259 0.25177 0.02289 0.09918 0.09155 0.48065 0.65613 1.40381 4.06647 3.31879 3.47900 3.67737 0.78583 1.64032 1.23596 0.16785 1.02997 1.02234 0.98419 0.85449 11.94763 11.14655 3.37219 3.30353
15.98358 8.61359 6.79016 3.20435 6.40106 3.76129 9.14764 4.34113 0.12207 0.00763 1.55640 1.02234 1.15204 4.53949 3.49426 4.76837 3.23486 1.36566 0.95367 2.12097 0.89264 2.09045 0.93842 4.85992 4.00543 7.06482 5.55420 5.68390 14.12964 5.72968 1.05286
7.37000 2.24304 1.89972 7.07245 18.40210 26.93176 8.94928 6.78253 18.33344 2.67029 0.14496 2.56348 1.62506 4.37164 5.33295 5.40924 6.55365 9.83429 1.89972 0.82397 0.45776 2.24304 5.14984 2.25830 3.91388 4.63867 6.58417 17.12036 13.62610 12.55798 8.43811
16.68549 0.10681 0.06104 2.18201 4.79889 10.52094 6.27136 10.15472 2.94495 24.59717 20.03479 6.69098 6.47736 1.86157 1.19781 8.11768 3.93677 3.55530 1.08337 0.50354 0.19836 2.05231 1.85394 11.71112 12.71057 32.02057 12.34436 12.53510 15.94543 11.71875 13.38196
0.00000 0.00000 0.00000 0.00000 0.33569 8.44574 64.44550 8.16345 25.04730 86.25793 43.23578 74.77570 23.13232 31.36444 3.55530 6.53076 6.35529 9.46045 5.02777 10.41412 8.32367 15.65552 16.86096 13.00049 17.82227 24.30725 16.60156 8.20923 13.83972 10.32257 12.13837
0.03052 0.20599 0.19836 0.93079 0.99945 1.38855 14.02283 7.54547 13.14545 45.37964 20.91980 4.40216 5.31769 23.33069 61.71417 15.93018 11.90186 4.60052 8.39233 5.28717 13.31329 10.74982 6.29425 30.44891 16.54053 14.51111 39.48212 11.40594 27.72522 13.31329 11.21521
0.37384 0.77820 0.73242 0.74005 1.10626 0.47302 3.54004 20.58411 184.44061 26.23749 31.63147 7.96509 17.15851 8.23975 18.20374 4.80652 13.54980 8.66699 11.03973 42.57965 17.12799 17.48657 35.52246 2.86865 5.02777 19.55414 17.97485 57.11365 27.61841 12.25281 11.86371
0.83923 1.95312 1.19781 1.49536 1.53351 0.12207 0.61035 7.33185 28.14484 18.96667 19.48547 24.82605 14.70947 9.64355 24.44458 5.98145 3.64685 4.76837 3.12042 1.96075 2.47955 4.38690 7.63702 0.35095 16.68549 29.60968 17.23480 37.17041 29.72412 14.84680 8.57544
1.66321 1.86920 1.57928 4.51660 1.03760 0.80109 2.32697 8.41522 8.10242 19.06586 21.48438 6.75201 11.24573 20.08820 9.62067 1.66321 6.96564 7.22504 4.94385 4.01306 2.51770 8.48389 11.55090 1.44958 5.29480 13.16071 14.35089 17.15851 10.42175 7.82776 7.51495
0.69427 1.00708 2.82288 6.20270 4.34113 6.28662 2.92969 4.28772 11.80267 17.73071 13.80920 6.37054 16.08276 9.51385 21.74377 17.02118 10.31494 13.66425 9.39178 4.64630 7.98035 3.00598 11.18469 5.25665 16.32690 6.12640 2.93732 7.57599 9.07898 9.59778 8.91113
1.19019 1.64032 1.48773 3.82233 8.25500 24.90234 8.05664 7.69043 12.35962 20.08820 48.09570 49.85809 8.02612 21.14105 37.18567 65.14740 22.27783 9.97162 33.59985 12.25281 22.14813 18.89801 22.09473 2.00653 27.42767 2.93732 1.48010 8.39996 14.30511 8.07190 19.63806
1.53351 1.62506 1.81580 1.76239 3.88336 1.71661 2.91443 2.85339 2.86865 5.79834 13.73291 17.10510 22.65930 23.54431 30.17426 12.26044 26.23749 9.55963 39.77203 55.56488 28.45001 34.37042 24.07837 24.87183 9.92584 2.26593 3.35693 2.44904 27.58026 5.69916 10.74982
3.47137 4.28009 2.74658 7.97272 2.59399 0.89264 1.76239 0.58746 0.87738 4.73022 18.51654 43.52570 20.35522 8.65173 14.08386 7.18689 2.58636 13.71002 29.99878 20.41626 34.18732 53.45917 49.96490 20.71381 18.30292 3.02887 0.87738 0.86212 0.87738 8.78906 11.03973
3.43323 4.74548 5.21851 8.98743 2.03705 2.89154 0.36621 1.15204 6.17218 23.58246 15.98358 17.92908 14.97650 16.64734 19.88220 11.28387 16.12854 22.10999 33.50067 29.30450 28.14484 30.47943 30.65491 40.93933 14.98413 0.16785 4.02069 1.96838 2.49481 2.83813 4.26483
