DATA/RAW-RASTER/ECMWF/20170628/EN-7/20170629.en-7.asc
ncols			31
nrows			16
xllcorner		69.5
yllcorner		19.5
cellsize		1.0
NODATA_value	-99999
2.03705 4.60625 0.96130 4.84657 10.83946 10.73074 20.74814 24.58000 12.03918 2.39563 7.21169 13.36479 6.03485 1.03569 2.42996 6.77681 10.27489 2.85149 3.06511 12.49886 7.53403 3.52478 0.80681 0.08583 0.41580 0.39291 0.00000 0.00191 0.00191 0.00000 0.50926
0.24796 1.63460 1.77765 3.20435 7.31659 40.19547 65.62996 30.37262 16.52718 10.01740 6.25610 6.92368 3.06129 1.51062 1.85204 3.23486 5.68390 7.83539 3.51143 1.72424 4.97627 7.76291 1.16730 0.33951 0.63324 0.86594 0.18692 0.00000 0.00000 0.02861 0.75340
3.27110 1.54495 1.88637 3.33786 28.62930 159.31702 88.95683 36.02219 7.10487 1.34468 1.05667 0.67329 0.32234 0.70763 0.49210 0.21553 0.37575 10.94818 7.98798 1.23405 3.48091 10.33401 7.87354 3.75366 3.46375 6.38390 0.86975 0.24796 0.01144 0.00000 0.51880
1.77002 0.37956 1.23978 12.03156 5.90134 64.43405 40.08484 39.25705 23.38028 2.58255 1.64795 0.17166 0.00763 0.44250 0.04387 0.14114 0.25940 0.22697 2.26784 21.53206 3.56865 6.83594 9.06563 7.81441 8.97980 3.67355 11.31821 1.40381 0.28038 0.39673 0.09155
2.93159 1.51253 2.59209 2.14386 17.75551 45.43114 54.82292 7.24602 8.86345 3.65639 0.10681 0.20409 0.55695 0.04959 0.67329 0.56839 0.31471 6.13022 11.72829 13.70049 13.00240 12.66289 8.84438 10.63728 9.71222 5.51033 10.18333 14.32228 7.33566 1.90353 0.51117
3.00980 1.71471 1.06812 10.69260 17.18712 32.88460 40.52544 21.74950 7.20406 17.12799 3.19481 3.42560 0.08774 0.00191 0.03624 0.29945 0.49591 2.85339 3.94821 14.48631 13.49068 19.33479 9.68933 15.00893 12.02393 25.24757 10.29015 7.40623 18.76259 5.92804 9.42421
0.34904 2.26974 7.05528 10.67924 16.12091 13.00240 4.42696 14.19640 15.12527 2.34032 0.13542 2.28119 8.86345 0.68474 0.03052 0.52071 0.55504 3.71742 4.76265 12.52937 11.92093 21.84105 15.29694 13.41057 18.31818 38.51700 23.81706 10.27298 7.08199 11.56044 6.81305
2.04659 11.00349 11.30486 10.05554 6.31905 6.35529 6.15692 10.08797 10.00214 1.79863 1.82343 0.68283 1.25694 5.69153 6.22368 13.39912 17.70782 1.06049 0.30899 7.82013 7.18689 20.10918 4.89616 23.21053 20.12634 33.45680 9.85527 7.78389 5.56183 4.42886 12.55035
22.16148 13.01384 9.39751 9.10568 1.71089 0.29182 0.64659 1.45340 2.98500 6.04630 2.13432 0.53978 0.36812 1.02997 1.61934 3.88908 1.70708 3.63350 10.07271 45.08209 22.23206 19.68193 6.18362 29.27017 26.77536 6.75583 9.38988 20.20836 24.70398 3.19862 13.28468
15.38849 2.98691 7.36809 2.56157 1.28746 0.70572 0.51880 0.73051 3.26538 5.11551 5.48363 2.65503 1.45721 1.71661 1.24741 1.34087 2.47955 3.63731 5.33104 6.80161 3.67546 4.50706 14.14108 5.23567 1.88446 4.03214 39.48021 19.16313 33.61320 6.18553 3.08418
3.59154 0.72861 12.22801 0.79155 0.88310 0.70190 1.01280 0.74959 0.56267 10.46562 10.04410 9.91631 3.80707 2.55394 1.42860 1.04332 1.14632 2.91061 2.95258 2.89726 4.36211 11.09695 12.57515 5.53322 2.51389 21.66367 6.15311 28.75519 22.45522 2.15149 1.49727
0.80490 1.36185 7.06482 5.89943 1.67656 1.07574 0.53596 0.57602 0.90408 5.14412 24.76120 23.24867 29.70123 6.80161 5.06973 2.45094 2.62260 2.64740 3.02124 9.44519 3.09753 4.27246 3.89099 3.86238 5.63812 2.33650 0.68855 8.27599 6.50978 9.87434 8.98170
5.12695 1.96075 0.80109 1.83487 1.58691 1.14441 1.23596 1.32561 2.97165 7.74002 22.60780 33.76389 61.05423 34.22928 13.20267 11.77216 4.17137 4.44412 8.78334 3.49426 4.93431 4.98581 3.20625 13.31329 12.52556 0.78392 0.79536 6.36482 113.60931 23.76747 9.88197
61.87248 10.45990 1.22833 9.27734 1.59836 0.78583 0.56839 5.88417 7.24602 6.68144 34.05571 19.48547 50.86136 26.15166 12.11357 2.25639 10.75363 11.31439 4.20761 4.71687 3.85857 11.12366 2.26212 8.96072 8.14629 0.75150 1.48010 1.60599 7.40242 93.39523 11.66153
6.01959 5.92041 3.54958 9.03702 3.48091 7.71713 1.27602 6.01387 3.54958 8.64029 14.38904 24.37019 27.83585 38.00201 9.39941 3.39127 2.33650 2.55585 3.74985 3.44658 5.84984 11.87515 20.41054 19.13834 12.19749 1.28937 6.60515 6.66237 20.90263 14.73427 18.35632
3.29781 3.33786 12.90703 23.91243 7.95174 11.18469 11.55663 12.35390 5.84412 11.75499 31.13937 39.03389 59.91364 155.74074 41.99219 0.87547 2.90298 1.21689 3.54767 6.83212 3.33977 4.98772 13.82828 22.74513 54.66652 14.14680 40.90691 3.70789 3.73840 7.98798 1.79291
