DATA/RAW-RASTER/ECMWF/20170628/EN-7/20170709.en-7.asc
ncols			31
nrows			16
xllcorner		69.5
yllcorner		19.5
cellsize		1.0
NODATA_value	-99999
3.39508 5.36346 10.42938 20.95795 21.17920 9.14001 7.24792 6.98090 0.95367 2.07520 5.91278 5.12695 2.25067 0.86212 3.77655 3.05939 3.50952 8.16345 1.19781 0.93842 0.07629 0.24414 0.13733 0.07629 0.10681 0.05341 0.17548 0.25940 0.38147 0.13733 1.08337
0.00000 0.72479 6.04248 18.47839 12.90131 15.72418 0.98419 1.64795 1.67084 4.39453 8.11005 4.87518 7.73621 8.61359 1.68610 5.91278 4.37164 6.11115 2.46429 0.19073 0.00000 0.31281 0.39673 0.38147 2.54822 6.40869 2.56348 1.61743 1.20544 2.11334 5.17273
1.29700 2.62451 2.77710 8.83484 20.30182 7.01141 8.89587 0.27466 1.02234 0.86975 5.78308 10.00214 6.99615 7.59888 4.09698 1.48773 3.21960 2.53296 1.19019 1.75476 1.11389 0.22125 0.29755 3.60107 4.08173 1.96075 10.84137 4.91333 4.35638 2.92969 2.05994
12.24518 0.04578 4.55475 19.50073 37.99438 32.74536 5.95093 13.62610 2.43378 2.46429 4.98199 2.96783 1.98364 1.20544 4.35638 0.52643 0.58746 1.39618 0.16022 0.14496 0.93079 2.18964 3.86047 5.63812 3.93677 2.54059 9.54437 11.07025 8.69751 8.57544 5.69153
3.51715 0.00000 0.26703 2.70081 3.71552 13.97705 8.64410 8.14819 2.85339 2.48718 1.37329 7.26318 4.24957 8.30078 2.28119 2.41089 7.85828 3.54767 2.01416 0.55695 3.73077 1.33514 6.01196 2.27356 1.72424 10.16998 12.87079 7.13348 6.59943 16.73889 8.99506
0.30518 0.00000 0.00000 0.00000 0.02289 0.86975 6.17981 4.18091 7.43103 27.20642 20.90454 19.01245 12.74872 5.69916 7.68280 0.70190 2.02942 6.79779 17.41028 7.21741 8.91876 4.31061 8.38470 5.47028 13.70239 23.66638 13.53455 9.33838 11.59668 13.17596 7.98035
0.00000 0.00000 0.00000 0.00000 0.00000 0.01526 6.90460 1.66321 10.80322 11.54327 17.77649 52.28424 103.00446 54.20685 22.41516 18.11218 2.98309 3.12042 9.57489 10.38361 14.81628 12.86316 6.48499 18.49365 48.19489 86.04431 37.68921 13.23700 7.63702 13.46588 14.73999
0.00000 0.00000 0.00000 0.00000 0.00000 0.20599 5.15747 8.29315 8.91876 13.67950 17.67731 26.47400 71.37299 71.62476 291.19110 56.27441 32.96661 22.56012 20.91217 29.11377 34.38568 56.69403 51.62811 67.27600 86.50970 19.05823 43.27393 9.88770 30.19714 12.06207 5.85175
0.00000 0.00000 0.00000 0.00000 0.00000 0.15259 7.24792 6.01959 20.85114 19.40155 27.74811 11.65771 23.98682 30.65491 31.08215 29.57916 59.42535 66.57410 144.05823 216.03394 349.86877 257.59888 203.26996 76.81274 12.74109 3.28827 51.62811 3.12805 10.39886 14.64081 2.96021
0.03815 0.12207 0.16785 0.41199 1.33514 4.85992 9.62830 27.01569 26.13068 28.25928 40.39001 32.72247 21.33942 12.32147 19.85931 14.57214 42.59491 44.29626 24.13940 33.61511 29.80042 8.92639 14.67896 0.85449 1.32751 2.89917 13.48877 8.94928 32.40204 19.43970 14.77814
0.52643 0.49591 0.48828 0.51880 0.05341 0.01526 3.82996 20.21027 31.95190 80.34515 30.04456 42.96112 6.22559 7.01904 8.60596 10.19287 6.88934 7.49969 9.65881 17.43317 13.02338 11.91711 21.92688 3.86810 3.99780 4.93622 3.10516 3.86810 31.96716 30.82275 9.17816
0.48828 0.44250 1.75476 3.90625 1.50299 0.99182 0.22888 1.45721 8.36945 6.24084 11.12366 9.20105 4.85229 23.59772 5.93567 6.90460 1.99127 2.10571 8.72803 5.12695 1.19019 1.95312 2.63214 3.82996 7.53784 1.19781 10.71167 14.36615 13.17596 13.49640 14.96887
0.87738 0.90790 0.38147 1.03760 1.68610 1.98364 0.33569 0.24414 0.74005 3.34167 8.59833 4.21906 6.96564 4.28772 3.76892 1.31226 1.52588 6.05011 7.38525 2.76947 2.15149 1.63269 5.05066 13.29041 1.50299 2.99072 1.22070 3.76129 20.92743 4.07410 3.79944
1.76239 1.98364 0.83160 1.73950 5.21851 1.93787 3.09753 3.12805 0.78583 0.78583 2.68555 1.30463 0.12970 2.98309 5.02014 1.60980 1.63269 3.24249 3.38745 4.85229 1.87683 3.86047 4.89044 11.08551 1.54877 0.39673 0.77820 2.70081 6.56128 1.45721 0.30518
2.66266 2.31171 4.01306 7.91931 3.73840 1.74713 0.69427 0.61035 0.12207 0.50354 0.88501 1.13678 4.82178 1.64795 4.04358 5.63049 5.63049 1.98364 1.14441 0.77820 1.59454 1.72424 3.05939 4.70734 2.31171 0.03815 0.26703 3.68500 3.92914 3.73840 15.99121
3.76892 3.26538 5.56946 8.66699 1.28174 1.03760 1.09100 0.83923 0.22888 0.39673 0.64087 2.05994 0.89264 5.23376 3.73077 6.70624 6.01196 2.58636 1.39618 2.09808 2.02942 2.50244 3.76129 8.85010 2.85339 0.72479 0.81635 3.53241 0.55695 1.04523 0.72479
