DATA/RAW-RASTER/ECMWF/20170628/EN-7/20170630.en-7.asc
ncols			31
nrows			16
xllcorner		69.5
yllcorner		19.5
cellsize		1.0
NODATA_value	-99999
1.15585 1.69754 1.24741 4.82178 12.66098 4.86755 2.62833 0.77057 1.54877 1.96838 5.25284 7.06863 6.98471 6.84738 13.51166 12.03918 12.87460 6.71387 7.18689 4.20761 3.43704 2.25449 6.97708 11.74164 18.90182 8.44955 4.31824 2.79999 0.42343 0.14114 0.92316
0.06866 0.19073 13.43155 1.15967 4.96674 1.40381 5.77927 21.15631 12.59232 6.23322 2.47955 5.63812 9.21631 4.80652 1.86157 1.53732 1.86539 1.71661 1.13297 3.30734 6.64139 4.60815 4.15421 6.95801 7.61032 3.26157 5.50842 2.07901 0.17929 0.04196 0.19455
0.06485 0.85068 0.13733 0.20218 1.78528 25.29907 41.33224 8.90350 4.86755 4.13132 1.48773 1.83105 1.70517 1.56403 1.44577 0.23651 0.39673 0.38910 0.17929 0.19455 2.31934 1.28174 2.97546 5.82123 6.56128 7.78961 5.31769 0.70572 0.28229 0.17548 0.41580
1.26266 0.16403 0.00000 0.00381 0.14114 7.44247 5.54657 13.24463 12.83264 0.77057 2.54440 0.21744 1.12534 1.06812 0.32043 0.61417 0.46539 0.08774 0.07248 0.91934 1.42288 3.22342 5.50461 3.30353 8.88824 4.42505 7.59888 1.44958 1.18256 0.49591 0.47302
4.13132 0.01526 0.00000 0.03815 1.40762 11.72256 39.42871 22.09473 15.43427 4.59290 0.01907 0.12970 1.91498 2.56348 1.03760 0.12589 0.01907 0.04196 0.17929 0.55313 7.67136 3.62778 9.60159 4.23050 1.43814 6.85883 1.80054 10.37598 7.20215 5.34058 1.99890
1.15585 0.00381 0.00000 1.09863 4.61960 18.05496 62.10327 52.91748 20.77103 17.32635 9.13239 1.72806 1.61362 1.36948 0.69809 1.51443 0.79727 1.20926 1.20926 10.62012 2.19345 8.00323 6.79779 9.75418 12.64191 10.76508 4.51660 7.41196 11.88278 3.78036 6.09207
0.44632 0.09918 1.83487 3.94058 12.10022 9.97925 17.92908 12.82120 12.24899 6.88934 4.71878 2.65121 4.98581 0.74387 0.20599 0.55695 0.42343 0.83923 0.32043 1.27411 4.24957 5.75638 7.77435 4.32968 14.71329 49.99542 53.59650 35.47668 14.30893 14.71710 6.87027
1.15204 7.32803 14.23264 13.92365 6.32858 2.59399 7.13348 13.21411 20.24078 8.18634 8.83102 3.02505 2.85721 5.21088 23.01788 6.89316 13.95798 0.15640 0.61417 5.79071 4.79889 13.97705 6.82068 34.51157 26.30615 103.00827 74.01657 30.67780 58.07114 21.07239 20.95032
7.54166 13.67950 13.13400 8.52966 3.13187 3.03650 1.56021 3.88718 5.50842 14.11057 3.26920 1.64032 2.84958 2.86484 1.97983 4.73404 8.76236 31.57425 28.32413 26.88980 95.29877 62.37030 31.63910 44.18945 7.41196 9.14383 26.55411 46.46301 54.89731 22.55249 16.60156
25.47836 22.04514 26.88217 22.82715 5.54657 8.13293 8.35800 4.32205 4.96674 7.09152 3.71933 2.90680 1.88828 1.85776 4.42886 1.09863 3.51334 3.70407 4.22287 4.50516 10.34164 26.25275 25.39444 3.63159 3.42560 15.34653 26.74484 23.65875 55.86243 24.90234 21.22879
22.15576 3.43323 12.32529 1.55258 0.90408 2.24304 6.95419 13.58414 7.67517 1.62506 12.56943 5.46265 4.56238 6.00815 2.19345 2.50244 3.81851 4.81033 4.53568 7.09915 15.04898 12.05444 44.28482 12.36725 15.35034 4.90570 6.38962 26.48926 50.16327 31.08215 33.96988
10.94437 3.04794 1.83487 5.66864 1.54877 0.86975 0.27847 1.03378 4.07791 4.98199 18.60428 16.49094 22.71271 11.39450 7.78961 3.95584 1.89209 6.96182 7.60651 7.86209 12.82501 7.47299 4.55856 5.21851 10.02502 2.13242 4.13513 25.57755 22.97592 10.74219 5.26428
21.65222 1.65939 0.36621 0.88882 2.75803 1.85394 0.96130 1.39236 1.83487 10.62012 29.77753 54.16870 40.66849 32.48596 10.41412 13.76724 5.71060 8.63266 13.95035 12.82501 9.76562 11.01685 7.09152 16.38794 12.23373 0.99182 1.51062 4.45175 8.39996 27.43912 13.56125
11.55090 3.11661 0.96130 3.23486 2.23923 2.15912 2.26212 3.33786 9.84955 22.79663 26.92413 45.44830 288.42163 24.61243 8.22067 4.50516 4.34875 4.15802 9.89151 22.27783 10.29205 27.18735 11.21521 21.97266 7.22122 1.53351 3.12805 2.76184 18.86749 16.80756 36.52954
8.12149 8.48389 8.43048 22.30835 5.27573 5.12314 7.05719 7.95746 16.18576 22.39609 16.31546 65.38010 155.55954 52.75345 9.16290 2.14005 0.24033 3.37601 7.56454 16.54434 16.23917 21.43097 32.92465 27.30560 2.17056 2.44904 8.62885 1.92642 24.58191 30.96771 15.17105
5.69153 9.53293 13.09586 31.36826 1.63651 2.60162 2.86484 5.39780 10.41031 28.01132 28.76282 33.56171 89.46228 39.50500 18.31818 4.36020 2.08282 4.68826 8.35800 7.08389 9.71985 15.47241 25.68817 43.36166 52.81067 15.40756 9.76562 2.20871 7.64084 15.91110 6.99615
