DATA/RAW-RASTER/ECMWF/20170628/EN-7/20170710.en-7.asc
ncols			31
nrows			16
xllcorner		69.5
yllcorner		19.5
cellsize		1.0
NODATA_value	-99999
0.11444 1.53351 5.66864 19.51599 13.93890 13.17596 5.24139 12.58087 2.26593 0.61035 3.72314 7.14874 16.68549 7.80487 13.78632 25.07019 11.17706 8.27789 8.96454 1.48010 0.37384 0.04578 0.06866 0.25940 2.29645 2.21252 10.04791 4.64630 2.18201 3.47900 0.88501
0.04578 0.64850 2.18964 3.77655 3.12042 15.24353 4.19617 0.57983 3.79944 5.59998 10.15472 9.52911 7.25555 4.21143 9.97162 4.97437 4.64630 5.42450 1.66321 0.06104 0.04578 0.00763 0.04578 1.64795 3.18909 1.83868 1.27411 2.67029 1.96075 6.47736 5.10406
5.47791 8.03375 3.05176 1.75476 2.89154 5.07355 4.15039 3.37219 4.18091 0.64850 3.31116 4.05121 2.94495 2.01416 3.56293 5.37872 3.66211 4.98962 2.37274 1.91498 1.65558 3.35693 1.37329 1.80817 2.02942 7.03430 5.37109 3.23486 3.41034 2.79236 3.98254
8.72040 14.51874 4.90570 7.11823 13.46588 25.04730 22.22443 7.44629 1.06049 0.04578 0.20599 0.34332 0.51880 1.32751 15.42664 17.25769 14.59503 15.91492 13.61847 6.82831 6.64520 6.00433 5.09644 2.78473 1.17493 0.31281 2.05994 3.66974 9.87244 5.88226 4.19617
5.81360 7.94983 3.69263 9.97162 12.99286 22.76611 23.15521 17.38739 3.12805 1.64795 0.12207 2.68555 5.68390 1.79291 5.08881 5.69916 12.39014 11.32202 12.93945 4.62341 4.51660 10.28442 5.18799 4.72260 0.88501 0.39673 0.70190 0.66376 14.93073 6.26373 8.78143
0.06104 0.00000 0.00000 0.02289 0.01526 1.00708 11.87134 31.14319 28.16010 16.19720 47.20306 20.85114 7.47681 8.43048 22.88818 10.92529 6.70624 6.48499 7.35474 2.33459 3.84521 6.68335 6.56128 8.43048 12.32147 27.27509 13.35907 8.20160 11.97052 5.86700 7.75146
0.00000 0.00000 0.00000 0.00000 0.00000 0.00000 1.34277 7.11823 30.54047 20.34760 4.29535 11.14655 53.22266 59.03625 63.97247 19.76776 7.88879 6.22559 4.25720 6.15692 5.37109 5.38635 10.56671 13.96179 14.68658 19.13452 10.69641 9.07898 10.18524 9.49097 7.85828
0.00000 0.00000 0.00000 0.01526 0.00000 0.00000 0.56458 4.64630 6.51550 26.93176 11.82556 14.68658 147.68982 176.33057 304.48914 51.24664 64.55231 39.32190 24.36829 17.60101 29.78516 30.12848 9.87244 6.59943 23.40698 14.45770 8.40759 6.14166 1.84631 8.24738 5.06592
0.00000 0.00000 0.00000 0.05341 0.00763 0.00000 0.00000 0.33569 1.98364 7.82013 23.78845 32.76825 114.56299 38.84125 29.86145 25.84839 56.22101 223.85406 70.40405 185.70709 52.10876 59.46350 10.40649 12.35962 3.05939 14.70184 11.65771 7.43866 7.69043 4.11224 2.50244
0.14496 0.00763 0.22888 0.28992 0.51117 0.03815 0.06104 0.74768 6.91986 8.21686 24.95575 45.71533 39.13116 16.30402 10.15472 16.14380 14.58740 7.47681 22.68219 44.58618 8.88062 6.25610 10.31494 1.78528 6.82068 14.62555 13.14545 18.46313 3.45612 1.14441 2.93732
0.28229 0.39673 0.29755 0.95367 0.25940 0.51117 0.03815 14.12964 9.42993 13.66425 11.26099 11.68823 39.70337 6.77490 14.99176 2.77710 3.72314 7.55310 16.46423 9.85718 2.67029 2.09045 5.40161 1.57928 8.05664 16.69312 8.43048 16.18958 3.84521 2.29645 15.96069
0.36621 0.18311 1.35803 3.63159 2.20490 0.73242 0.24414 1.60980 8.49152 12.00104 26.78680 27.10724 16.71600 10.76508 3.23486 6.16455 5.76782 6.05011 10.96344 5.09644 2.04468 4.86755 10.67352 15.52582 10.20050 7.20978 1.99890 8.37708 0.91553 9.76562 11.81030
0.79346 0.67902 0.23651 0.80872 1.88446 2.34222 1.05286 1.84631 5.50842 7.83539 8.32367 1.85394 1.13678 1.35040 1.41144 4.07410 4.97437 1.54877 9.88770 2.38800 4.90570 9.34601 10.20813 10.64301 10.43701 4.94385 2.60162 13.41248 26.37482 12.26807 19.29474
1.68610 1.88446 0.28229 1.32751 1.22833 1.76239 2.33459 2.22778 6.01196 4.60052 6.41632 9.13239 1.35803 0.63324 4.07410 2.26593 5.08118 8.39996 5.34058 3.86810 2.26593 7.88116 13.91602 13.15308 1.60217 2.21252 0.57220 13.04626 15.28931 10.68115 24.47510
1.33514 2.73895 3.86810 4.61578 3.22723 2.12097 2.46429 8.77380 1.44196 1.65558 0.48828 3.15857 10.36072 0.64850 3.42560 5.63049 6.85883 14.48822 4.49371 2.92969 2.73895 2.94495 3.05176 4.69971 1.67847 1.73950 3.53241 13.69476 19.71436 24.18518 30.57098
1.19019 4.60052 5.43976 18.94379 1.70135 7.91931 13.95416 9.81903 1.77002 0.72479 1.27411 1.15204 4.57001 5.80597 4.43268 8.00323 13.62610 10.85663 8.26263 7.17163 3.73077 4.28009 8.90350 14.95361 12.61139 2.78473 7.15637 10.65826 7.53784 26.55029 22.62115
