DATA/RAW-RASTER/ECMWF/20170628/EN-7/20170706.en-7.asc
ncols			31
nrows			16
xllcorner		69.5
yllcorner		19.5
cellsize		1.0
NODATA_value	-99999
5.79071 2.07520 2.58636 1.39618 1.60217 1.02997 2.97546 3.20435 0.47302 0.15259 3.33405 2.43378 2.88391 5.27191 6.04248 4.73785 3.34167 1.01471 1.33514 1.73950 2.73895 0.87738 1.02234 2.40326 2.91443 2.97546 3.01361 1.79291 1.19019 2.25830 13.17596
0.32043 3.08228 15.44952 2.56348 5.66864 0.87738 0.68665 0.70953 0.61798 1.15967 8.49152 4.10461 11.24573 11.32965 9.99451 6.90460 0.74005 0.14496 0.24414 0.35095 0.62561 1.35040 1.73187 1.42670 1.56403 4.02069 2.86102 7.78961 10.93292 8.95691 10.72693
0.96130 8.19397 7.78198 2.51770 1.34277 1.32751 6.35529 0.51117 2.87628 4.53949 5.93567 5.97382 11.37543 14.73999 13.66425 7.75909 0.49591 0.63324 2.41089 1.53351 8.53729 5.37872 13.06152 11.34491 6.13403 11.56616 6.39343 12.87842 12.73346 17.32635 13.16071
2.73132 12.68768 0.82397 1.30463 0.61035 1.53351 0.93079 5.65338 19.56177 5.62286 2.41852 3.03650 11.14655 7.37000 7.70569 5.51605 4.67682 6.02722 2.41089 4.17328 4.50897 19.52362 20.13397 14.77051 11.98578 8.22449 10.86426 14.09912 6.55365 12.73346 17.12036
3.80707 2.51007 0.37384 0.73242 0.48065 0.65613 11.90948 58.32672 27.46582 3.21198 0.46539 3.25012 0.73242 11.87134 5.63812 6.75201 8.80432 9.07135 4.45557 3.97491 13.06915 24.18518 13.48114 3.93677 4.87518 4.47083 6.32477 5.63812 15.34271 14.16779 5.24902
1.49536 0.00000 0.00763 0.32043 0.15259 1.83868 13.38196 107.78046 24.96338 13.87024 6.93512 3.32642 4.14276 0.42725 8.32367 6.18744 7.96509 9.82666 12.53510 18.64624 5.92041 2.62451 2.08282 3.12042 1.86920 4.22668 0.79346 0.50354 10.00214 16.28876 9.74274
0.00000 0.00000 0.00000 0.35858 0.45013 2.32697 10.45227 5.63812 17.65442 5.83649 4.37927 6.11115 18.55469 7.04956 1.99890 8.68225 11.48987 8.55255 9.23157 1.22833 1.10626 1.22833 2.68555 2.75421 7.20978 8.38470 7.85065 2.42615 1.45721 8.83484 5.88989
0.00000 0.00000 0.00000 0.11444 0.41199 2.87628 2.57874 3.34930 7.60651 6.59180 7.63702 2.61688 2.65503 7.26318 13.32092 16.62445 14.89258 5.79834 2.19727 0.19073 1.12152 9.16290 1.15967 27.44293 10.04791 24.19281 11.93237 4.82178 8.43811 1.50299 9.02557
0.00000 0.00000 0.00000 0.80109 3.68500 10.52094 9.87244 1.01471 7.08008 12.85553 13.91602 11.66534 4.28009 4.93622 5.23376 4.44031 3.45612 3.79944 4.77600 6.91223 6.08826 4.78363 9.95636 6.50024 2.99835 12.28333 16.70837 7.89642 16.10565 3.78418 2.15912
0.32806 0.71716 0.39673 0.19073 1.17493 5.97382 6.18744 13.13019 16.53290 35.83527 21.77429 6.31714 3.76129 8.49152 5.54657 2.67029 4.87518 5.08118 5.34821 2.46429 2.87628 3.44086 6.38580 11.03210 4.83704 12.00104 63.99536 12.13074 16.36505 1.71661 0.31281
0.87738 1.65558 4.19617 4.69971 10.39886 10.07080 16.02173 21.56830 16.06750 15.29694 19.66858 9.01031 2.86102 5.82123 2.04468 13.22174 3.04413 2.11334 1.07574 1.70898 2.57111 4.67682 23.02551 26.90125 2.15149 7.21741 1.31989 15.33508 4.35638 0.80109 1.18256
1.01471 0.99945 5.92041 5.41687 4.99725 3.43323 11.29913 64.88800 13.71002 5.31769 12.14600 3.48663 8.85773 6.32477 1.54877 4.42505 1.77002 2.03705 1.52588 1.96838 2.99072 3.25775 0.50354 10.49805 9.07135 4.48608 1.26648 7.72858 1.19019 1.24359 2.63214
1.64795 0.77820 2.39563 2.63214 3.82996 6.32477 5.03540 4.65393 17.50183 0.43488 4.01306 3.48663 0.71716 1.64795 2.15912 4.24194 3.34930 1.23596 4.78363 2.45667 1.25122 1.48010 2.78473 78.39203 4.93622 0.45013 0.99945 3.61633 8.19397 7.31659 0.85449
1.43433 1.67084 0.56458 1.32751 2.23541 3.32642 3.57056 4.09698 2.88391 0.65613 10.47516 0.22125 0.62561 2.63214 0.38910 1.19019 2.05994 8.01086 4.15802 3.18146 6.24084 2.86865 2.38800 61.72180 1.20544 0.41199 0.20599 2.08282 7.83539 5.99670 8.96454
1.87683 3.21198 4.15039 4.58527 4.18091 3.23486 1.45721 1.53351 0.63324 0.55695 0.95367 0.41962 0.23651 2.15912 0.58746 1.67084 0.03815 0.70953 5.66101 2.69318 1.28174 1.87683 5.91278 3.13568 0.77820 0.22125 0.35095 6.80542 1.48010 3.17383 8.56781
2.07520 5.85938 4.61578 7.09534 1.72424 1.55640 1.77002 1.92261 2.04468 0.55695 1.22833 0.99945 0.12970 1.09863 0.38147 0.48828 0.51880 1.52588 4.54712 1.92261 1.22070 1.48773 4.14276 10.02502 4.21906 1.54877 1.05286 1.12152 3.48663 3.91388 2.47192
