DATA/RAW-RASTER/ECMWF/20170628/EN-7/20170711.en-7.asc
ncols			31
nrows			16
xllcorner		69.5
yllcorner		19.5
cellsize		1.0
NODATA_value	-99999
0.99945 5.17273 1.45721 5.02777 4.19617 0.67902 6.79016 1.42670 0.45013 0.06866 0.19073 0.34332 1.77002 3.70789 1.20544 0.19073 1.34277 1.17493 5.63049 9.38416 9.70459 10.39886 7.46918 5.74493 0.44250 0.86975 1.05286 1.37329 5.58472 8.05664 4.96674
1.09100 3.47137 0.08392 1.54114 0.93842 0.86212 0.22125 0.23651 0.30518 0.10681 0.32043 0.79346 2.85339 3.09753 9.67407 12.01630 6.34003 3.95966 2.66266 4.50134 2.15912 2.23541 1.96838 4.75311 2.23541 1.23596 4.32587 2.60162 5.37109 7.61414 7.01141
0.77820 2.07520 0.06104 0.35858 0.22888 1.25122 3.15857 1.19781 0.31281 0.74005 1.30463 1.63269 1.61743 2.57874 1.36566 2.72369 2.40326 9.39178 6.40869 7.17163 5.46265 8.62122 5.83649 1.51825 1.36566 2.33459 13.04626 8.06427 5.05829 10.42175 4.15802
5.75256 1.83868 0.41962 0.57220 3.46375 2.45667 4.11987 4.41742 0.22888 0.13733 1.51825 1.06049 0.71716 3.60107 4.44031 6.43921 8.03375 11.98578 10.07843 11.17706 11.85608 14.48822 5.18799 2.70081 1.06812 0.09155 1.55640 1.20544 5.05829 8.31604 5.55420
5.24139 0.27466 0.03815 0.09918 1.78528 1.62506 2.57874 2.67792 3.15094 6.38580 0.60272 10.23102 7.91168 3.10516 2.13623 3.85284 8.63647 6.63757 15.93781 21.58356 19.92035 10.51331 6.40869 0.83923 0.42725 0.05341 0.49591 1.37329 4.73785 5.13458 8.46863
2.67029 0.00000 0.12207 0.33569 0.25177 1.46484 1.57928 4.17328 0.68665 9.70459 26.22986 6.48499 5.82886 12.30621 4.81415 1.77765 1.81580 4.60052 6.21033 9.50623 9.03320 5.18036 7.49207 3.48663 1.32751 11.71875 4.67682 1.61743 3.54004 9.13239 2.45667
0.61798 0.93842 0.00000 0.50354 0.01526 0.48828 2.30408 2.89917 3.37982 6.12640 16.42609 6.87408 16.30402 56.85425 17.51709 7.59125 1.83868 4.05884 2.56348 7.90405 6.53839 6.08826 10.16998 3.05176 10.33783 6.58417 2.02942 6.56891 11.14655 7.66754 5.23376
0.25177 0.00000 0.00000 0.00000 0.03052 0.06104 0.67139 1.28937 0.83160 2.21252 8.47626 12.03918 21.95740 189.83459 79.14734 29.27399 9.26971 7.70569 8.42285 6.78253 7.22504 13.00812 1.97601 7.59125 3.37982 4.82941 12.29858 14.46533 14.45770 14.24408 12.06970
0.01526 0.00000 0.00000 0.01526 0.00763 0.00763 0.46539 0.71716 1.58691 3.11279 11.66534 13.79395 15.66315 15.47241 38.36060 20.41626 5.83649 76.98822 10.53619 1.79291 22.89581 4.58527 5.30243 4.15039 0.57983 2.35748 18.89801 25.09308 5.34058 6.49261 2.82288
0.19073 0.24414 0.34332 0.13733 0.05341 0.05341 0.02289 0.96130 0.97656 3.78418 5.38635 23.04840 22.39227 5.42450 19.71436 11.40594 2.98309 5.33295 6.09589 7.72858 5.24139 5.07355 2.72369 4.07410 5.59235 14.08386 10.43701 29.09851 10.07843 13.11493 8.36182
0.25177 0.70190 0.44250 0.54932 0.15259 0.36621 0.80109 0.68665 1.25122 8.23975 10.71167 4.65393 5.05829 8.05664 7.98035 2.60162 3.29590 11.88660 5.12695 2.57111 2.34222 2.05994 8.81195 4.91333 7.30896 16.53290 21.28601 15.41138 31.70013 4.50897 4.26483
0.44250 0.25177 1.84631 4.22668 0.44250 0.32043 1.09863 1.13678 0.90790 5.18799 12.96234 41.00037 16.15143 0.98419 4.73022 3.93677 6.96564 8.38470 2.32697 1.62506 6.45447 8.52203 19.42444 22.10236 3.54004 15.14435 9.01031 47.28699 9.63593 10.53619 4.31824
0.96893 0.97656 1.36566 2.75421 3.28064 1.35040 0.67902 1.45721 2.67029 2.54059 6.26373 11.40594 5.18799 7.50732 2.88391 6.40106 10.67352 9.07135 6.00433 5.54657 8.81195 18.26477 14.72473 12.38251 7.97272 7.04956 2.39563 23.78082 20.88165 21.24786 10.22339
3.15857 1.57166 0.32806 0.45013 1.69373 1.41144 1.89209 2.22015 1.90735 9.19342 15.73944 14.17542 2.51770 3.25012 8.56781 9.09424 9.91058 6.88934 9.20868 12.31384 12.10785 13.09204 14.28986 18.93616 1.89972 0.93079 1.08337 13.71765 20.72144 14.60266 17.41028
1.81580 2.51770 1.20544 2.98309 3.08228 2.57874 3.95966 10.93292 1.25122 13.08441 12.58087 12.75635 11.97815 7.78198 15.66315 14.57977 5.25665 6.88934 3.51715 5.07355 7.54547 7.75146 12.20703 4.37927 2.53296 1.99890 6.85120 29.29688 15.67841 15.73181 5.85175
2.99072 3.36456 3.25775 11.71875 1.45721 2.25830 7.12585 6.77490 12.02393 6.27899 4.37164 17.13562 15.19012 6.95801 9.23157 18.15796 23.00262 9.92584 10.35309 7.71332 7.17163 7.51495 13.88550 25.16174 19.96613 3.86047 10.62012 5.60760 6.24847 13.45825 30.00641
