DATA/RAW-RASTER/ECMWF/20170628/EN-7/20170712.en-7.asc
ncols			31
nrows			16
xllcorner		69.5
yllcorner		19.5
cellsize		1.0
NODATA_value	-99999
4.31824 3.15857 0.70190 1.39618 4.08936 0.27466 1.85394 1.51825 0.61035 0.09155 1.35040 1.54877 1.52588 0.82397 3.23486 1.93024 2.63977 1.77765 0.31281 1.16730 8.65936 16.32690 6.89697 5.36346 3.36456 6.40869 6.91223 2.02179 1.82343 5.67627 16.47949
5.07355 2.50244 4.34113 2.85339 1.27411 0.22125 0.60272 0.41962 1.59454 0.22888 0.20599 0.28229 0.40436 0.99182 2.01416 2.83051 1.60217 1.72424 6.79779 4.56238 5.07355 7.42340 7.11060 3.99780 2.38800 9.86481 2.37274 6.38580 6.50024 7.83539 8.70514
1.02997 5.15747 1.70135 0.66376 0.38910 0.83923 1.42670 0.12207 0.16022 0.01526 0.21362 0.01526 1.53351 1.90735 0.70190 2.57874 1.32751 5.90515 9.07135 9.59015 11.70349 4.52423 3.14331 3.31879 3.88336 7.29370 8.67462 7.83539 10.10895 8.07953 6.79779
7.69043 8.38470 3.19672 4.44031 0.40436 1.31989 1.77765 5.45502 0.03815 0.03052 0.61798 0.27466 0.10681 0.97656 2.21252 4.23431 4.32587 4.27246 9.76562 7.28607 9.97925 1.73950 4.47083 2.55585 1.07574 0.20599 0.62561 0.77057 2.07520 8.50677 8.57544
34.53064 27.27509 10.85663 12.68005 9.39941 4.61578 1.55640 1.93787 2.08282 0.45013 0.01526 0.67139 0.20599 3.12042 1.05286 1.15204 4.13513 12.57324 12.94708 10.66589 6.24847 6.12640 2.68555 4.63104 1.12915 1.01471 0.17548 0.38910 3.05176 6.26373 6.20270
28.63312 6.75964 0.70953 0.19073 0.48828 1.77765 0.62561 3.44849 1.48010 3.08228 8.09479 2.60162 3.53241 0.09155 1.17493 0.52643 4.72260 10.05554 13.09204 18.76068 19.30237 8.81958 3.98254 6.70624 4.02832 5.85175 1.53351 0.90790 2.99835 4.73785 2.63214
4.67682 2.67792 4.06647 5.66864 4.59290 0.94604 0.71716 2.40326 3.81470 1.15967 1.23596 1.57928 7.10297 2.10571 2.78473 0.51117 1.06812 3.25012 12.39777 18.16559 7.66754 5.60760 1.64032 3.37219 8.04901 3.98254 1.47247 5.62286 5.75256 6.30188 7.78961
0.00000 0.00000 0.09155 1.30463 0.87738 2.31934 0.41199 1.96838 8.97217 8.75854 2.18964 21.33179 1.44958 5.42450 57.39594 29.80804 3.74603 5.70679 7.69806 1.46484 4.25720 8.59070 1.19019 12.59613 4.82178 12.31384 11.02448 6.18744 10.00214 4.59290 9.68933
0.00000 0.00000 0.00000 0.16022 0.14496 0.00763 0.37384 1.06049 3.61633 5.19562 2.38800 3.60107 3.08990 16.54053 17.57812 13.89313 21.35468 30.80750 18.84460 4.31061 2.56348 9.10187 9.65118 4.69971 7.23267 14.89258 7.80487 17.02881 14.92310 11.70349 5.15747
0.00000 0.00000 0.00000 0.77057 0.09155 0.28229 0.12207 0.27466 1.56403 5.16510 9.08661 4.01306 8.99506 29.23584 9.26208 7.08008 12.16125 3.25775 11.42883 3.47137 2.81525 7.64465 5.63812 13.47351 7.36237 20.74432 9.62830 11.84082 3.06702 6.49261 6.35529
0.19073 0.86975 0.03052 0.42725 0.09155 0.63324 0.49591 0.48828 3.82996 8.92639 4.68445 3.57056 22.90344 18.31818 8.07190 6.67572 6.22559 8.13293 13.76343 3.34167 2.72369 5.51605 8.02612 6.03485 6.54602 1.73187 18.05115 12.59613 4.15802 4.99725 1.64032
0.36621 0.60272 1.29700 1.09100 0.81635 0.75531 0.12970 1.26648 2.06757 3.55530 8.60596 9.14001 28.01514 2.70081 6.89697 3.93677 2.96783 3.97491 1.69373 7.22504 3.39508 5.86700 4.72260 14.00757 4.42505 7.48444 11.19232 7.40051 1.63269 7.79724 11.43646
0.73242 1.92261 0.99945 0.90790 1.24359 2.56348 0.07629 0.78583 5.64575 2.73895 11.65009 23.58246 8.90350 7.52258 10.07843 2.68555 5.14221 3.68500 1.32751 2.72369 2.05231 4.83704 17.97485 2.53296 2.55585 5.03540 7.65228 20.80536 7.32422 4.58527 2.05231
1.26648 1.77002 0.84686 2.66266 2.29645 1.66321 5.28717 6.68335 10.48279 13.24463 12.75635 13.19885 11.96289 2.86865 2.90680 1.81580 7.97272 8.65173 9.81140 10.98633 2.79999 18.02826 7.62939 9.26971 2.95258 1.19019 1.93024 14.93073 9.78088 3.48663 3.07465
3.21198 0.76294 1.06049 7.45392 6.28662 6.14166 5.47028 9.46045 10.79559 11.59668 6.52313 8.76617 10.29205 2.99072 1.41144 3.87573 8.91113 16.08276 9.17053 7.04193 6.58417 11.04736 15.00702 16.67023 7.41577 3.66974 25.75684 1.06049 2.90680 8.62122 28.13721
2.89154 1.94550 1.86157 17.05933 4.34113 19.32526 14.35089 22.46857 13.06915 21.01135 22.52197 21.17157 10.78796 3.10516 3.39508 10.39124 11.36017 21.06476 21.80481 15.33508 11.35254 14.15253 16.57104 25.18463 16.01410 6.63757 16.13617 3.12805 3.70789 3.04413 14.87732
