DATA/RAW-RASTER/ECMWF/20170628/EN-7/20170702.en-7.asc
ncols			31
nrows			16
xllcorner		69.5
yllcorner		19.5
cellsize		1.0
NODATA_value	-99999
0.96893 1.05286 5.18036 3.34167 12.53510 2.12860 6.72150 0.16022 0.09918 0.07629 0.31281 1.29700 2.11334 0.26703 0.82397 1.45721 1.60217 0.19836 0.50354 0.95367 0.94604 1.08337 0.62561 0.74005 1.27411 1.20544 0.91553 0.67902 0.92316 4.11224 12.79449
0.00763 2.48718 11.94763 3.17383 6.36292 4.46320 0.12970 0.04578 0.03815 0.00000 0.20599 0.77820 1.16730 0.24414 0.28992 1.03760 2.00653 0.83160 0.80109 1.86920 8.39233 5.88989 1.43433 0.54169 0.68665 0.56458 1.20544 1.17493 1.63269 5.02777 6.88934
2.20490 5.08118 4.79126 10.44464 3.89862 1.65558 5.14221 0.15259 0.02289 0.00000 0.00000 0.03052 0.03052 0.28992 0.84686 2.75421 2.54059 4.81415 6.29425 26.48163 14.45007 10.57434 3.94440 2.43378 0.25940 0.11444 1.10626 0.61035 1.17493 0.86212 4.00543
5.04303 11.21521 8.65936 8.73566 2.68555 2.65503 2.29645 4.35638 0.02289 0.00763 0.25177 1.60217 1.60980 3.03650 0.44250 0.62561 1.26648 1.38855 8.90350 13.78632 15.32745 9.40704 5.85938 2.34985 0.23651 0.25940 2.67792 2.73895 2.68555 5.43976 3.98254
6.75201 1.42670 0.62561 1.37329 1.65558 1.64795 1.78528 4.53186 6.16455 0.18311 0.01526 0.74768 2.05231 1.83868 6.13403 1.41144 3.84521 6.62231 17.34161 4.76074 3.12042 10.49042 8.96454 9.85718 9.72748 3.21198 4.51660 7.62939 9.64355 16.99066 9.75037
2.15912 0.16022 0.22888 0.12970 0.93842 2.17438 3.96729 2.70844 1.77765 5.58472 12.84790 2.52533 3.03650 2.12097 1.06812 5.53131 23.81897 13.57269 11.87134 12.17651 16.36505 10.08606 9.10950 10.76508 11.40594 12.97760 8.39233 11.66534 13.75580 8.83484 15.55634
0.00763 0.06866 0.34332 0.35858 1.97601 3.60107 2.44904 2.50244 3.10516 3.21960 9.67407 18.43262 15.44952 4.89044 0.19836 2.86102 2.47955 11.38306 26.05438 17.77649 6.82068 21.75903 15.38849 7.64465 15.98358 23.08655 39.90936 12.30621 11.97815 18.61572 10.61249
0.09918 0.33569 0.27466 0.53406 0.27466 0.32043 0.86975 1.05286 4.72260 14.82391 18.40210 11.67297 7.15637 65.10925 54.65698 26.69525 12.93182 3.82233 8.16345 15.87677 10.76508 11.79504 10.81085 23.87238 10.13947 33.43964 42.98401 43.74695 34.53064 18.14270 11.03210
0.00763 0.83160 1.09863 0.90027 0.61035 1.12915 1.05286 3.30353 0.79346 7.73621 12.38251 13.38196 6.19507 22.43042 19.14978 18.98193 15.00702 15.99121 42.77802 207.45850 70.96863 27.87781 29.67834 17.96722 10.68115 6.62994 15.16724 52.89459 62.31689 29.96826 10.71930
0.00000 1.20544 0.72479 3.56293 1.89972 0.94604 0.71716 0.69427 1.31226 2.60162 11.85608 24.63531 25.63477 24.00208 32.48596 13.75580 6.05774 16.18195 11.25336 17.31110 18.36395 17.23480 28.70941 5.54657 8.63647 7.98035 12.53510 20.10345 70.77026 31.60095 21.07239
0.13733 0.65613 1.55640 1.77765 4.35638 1.25885 0.67902 1.12152 1.75476 1.02234 3.66211 8.39233 17.60101 26.38245 22.62115 15.86914 5.98907 4.30298 6.79779 5.63812 11.00922 16.68549 48.46954 17.93671 10.89478 19.97375 7.42340 15.73181 60.09674 34.95026 49.35455
0.22125 11.52039 85.55603 5.21851 4.92859 0.83923 0.38147 1.35040 1.40381 1.09100 1.24359 3.74603 14.16779 13.48114 24.01733 16.51764 10.15472 4.78363 11.25336 10.44464 14.80103 13.22937 3.24249 12.15363 23.42987 8.49152 6.54602 18.98956 27.61841 33.13446 34.17969
7.49969 8.68225 3.19672 1.58691 5.11932 1.41144 0.68665 2.96021 1.44196 5.08118 2.41089 12.99286 5.30243 21.78192 28.64838 19.01245 13.21411 6.59943 10.00977 18.23425 24.60480 15.81573 9.92584 9.43756 34.43146 2.05994 4.28009 11.53564 16.87622 14.28223 9.58252
2.35748 15.18250 9.07135 11.97052 3.88336 1.02234 1.33514 3.21960 7.60651 8.66699 11.43646 10.16998 17.53235 82.80182 47.18018 24.85657 5.08881 4.38690 7.57599 5.11169 5.92804 29.08325 17.40265 39.58893 10.05554 2.09045 10.19287 21.53015 24.47510 16.13617 11.32202
8.43811 3.70026 15.23590 18.06641 3.47900 6.48499 10.29968 17.21954 17.76123 5.00488 5.40924 3.49426 5.76782 25.33722 10.78033 16.61682 2.12097 0.70190 1.75476 10.21576 9.62067 19.86694 38.21564 34.57642 37.59766 0.57983 4.26483 7.85065 15.83099 24.08600 39.79492
6.69098 13.72528 18.98956 16.74652 6.44684 1.74713 1.31226 0.12207 0.18311 1.64032 9.04846 3.70026 3.88336 0.92316 1.13678 0.40436 0.10681 5.93567 7.49969 10.26917 7.94983 15.35797 20.76721 38.18512 72.50214 9.78851 12.67242 8.45337 6.63757 4.93622 12.92419
