DATA/RAW-RASTER/ECMWF/20170628/EN-7/20170701.en-7.asc
ncols			31
nrows			16
xllcorner		69.5
yllcorner		19.5
cellsize		1.0
NODATA_value	-99999
1.88828 0.45013 3.41415 1.61362 7.80106 1.73569 4.71878 0.22888 0.27084 1.51443 1.20163 0.94986 2.02942 1.54495 0.16022 0.49973 0.67139 1.56784 2.33078 1.88828 5.12695 6.58798 8.73947 4.59671 2.36130 1.16730 2.26974 9.72748 19.10782 18.58902 14.54544
0.00000 0.00381 7.75528 3.50952 2.86484 0.09537 0.03433 0.54550 0.20981 0.10681 0.84686 2.08282 2.69699 2.50244 1.70898 1.93787 0.82779 0.46158 1.39999 2.18964 4.28391 2.25830 6.01196 10.28061 4.57382 5.49316 3.43323 5.51605 9.69696 17.04407 9.75800
0.14114 0.24414 0.19073 3.49426 3.05557 1.16348 4.53568 0.08774 0.01907 0.36240 0.74387 2.78854 1.23596 3.04031 7.03049 3.57437 6.50406 4.27246 2.27356 3.23868 5.59616 2.97165 5.56183 7.92313 9.28497 12.35580 10.00214 10.47516 11.75308 17.92908 25.10071
0.41580 0.08774 0.19073 0.28992 0.20981 1.02615 4.63104 3.71552 0.18311 0.52261 3.60107 5.42450 7.26318 7.82394 3.97491 8.19016 6.36673 7.25555 11.37924 10.64682 5.09262 4.20380 6.11877 3.08228 6.45065 4.76456 11.87134 7.86591 12.96997 18.56995 17.81464
0.57220 0.08774 0.23270 0.11063 0.10300 0.98419 3.04794 3.48663 13.82065 3.25394 0.98419 3.58582 1.36948 1.19781 1.40381 2.83813 3.62015 2.77328 0.85068 8.02231 21.25168 3.97491 2.96783 6.39725 1.86920 3.39890 5.13458 5.20706 14.48441 18.07404 14.20212
1.04141 0.28229 0.03433 0.69046 0.90408 1.62506 3.57056 9.68170 4.92096 11.26480 10.53619 6.03485 2.47955 0.17166 0.70190 0.80872 0.58365 3.02887 7.27081 1.57547 1.50681 4.07410 5.34058 4.65775 6.69861 10.02121 6.28662 1.16730 10.00977 10.73074 12.61520
0.00381 0.16785 0.63324 0.79727 1.28174 1.20544 1.73187 5.92804 10.54382 15.38467 7.24411 8.02994 5.43976 3.42941 0.27084 3.33405 0.67139 3.27301 2.63977 7.66754 4.65775 7.84302 1.28174 8.45337 10.44083 62.97684 50.43411 9.77325 1.20163 11.74545 8.89587
0.06866 0.07629 0.59891 1.11771 0.59891 0.75150 2.08282 9.52530 12.81738 10.52475 10.18906 17.96341 13.59940 12.63809 83.60672 10.30350 13.22174 1.29318 3.70407 13.69095 12.71057 10.64301 6.32477 15.99884 14.78958 29.24728 45.11261 38.42545 55.79376 16.16287 9.06754
0.02670 0.17929 0.78583 12.65717 2.22778 1.72806 1.67465 5.64194 7.71713 14.30893 17.20428 14.38141 20.05386 14.75525 22.16721 4.71878 6.05011 14.10675 53.79105 165.63416 117.04254 139.51874 34.55734 21.33560 10.58960 17.70020 37.04453 48.46954 40.43579 20.17212 12.27188
0.98038 0.28992 0.81253 9.43375 0.13733 0.02289 0.56458 3.07846 9.01794 6.19125 12.34055 13.79395 22.64404 13.91602 12.49695 3.47519 6.28281 9.78851 15.82718 11.08551 9.70840 4.35638 23.78845 4.26102 5.74112 14.33563 18.92853 19.45496 71.20132 54.42810 21.57211
7.99561 0.26321 0.53024 0.34714 0.06104 0.08011 1.45721 5.68771 6.59561 4.08173 9.70078 14.07242 9.97543 11.66153 11.57379 3.42178 5.00107 1.45721 3.55911 6.04630 9.22394 17.02118 55.66788 4.94766 10.21194 11.07025 5.96619 14.53400 28.06854 38.81454 27.95410
13.07678 8.32748 18.25333 5.24902 3.97491 0.46539 0.02289 1.77383 6.11877 5.76019 4.56238 14.21738 27.76718 17.30347 13.77106 7.96890 1.93024 2.06375 2.46429 2.65884 6.77109 9.33075 2.62833 1.68228 13.40103 4.21143 4.10461 20.38956 17.51709 25.21133 31.93283
25.25711 163.56277 58.43353 6.06918 3.56674 2.80762 0.81635 1.70135 0.74387 2.20871 17.10129 33.85925 32.46689 25.26855 22.22443 17.76886 5.55801 5.14984 3.17383 3.61633 7.01904 9.52148 3.36456 2.99835 10.34546 4.22287 2.09427 6.19125 4.53186 13.97324 10.63538
21.78955 36.36551 14.83536 28.70941 8.60214 3.59726 1.44196 3.56674 4.66919 5.25665 10.50949 37.22382 121.25778 43.57147 17.37976 16.41464 4.47845 2.44522 7.06482 7.43866 11.78360 15.46860 7.65228 10.78796 6.22559 0.93842 3.98254 1.65558 8.71277 21.83914 14.12964
29.33884 19.85931 7.55310 30.11703 5.23758 1.00708 1.70898 2.07520 0.93842 0.49591 2.09045 9.77707 50.13275 88.48953 11.77597 8.68988 9.34219 6.92368 13.16452 13.40485 15.64026 17.74216 29.83856 16.62064 1.09863 0.72098 5.44739 3.06702 1.70135 33.84781 37.79984
5.27573 6.62994 8.86917 18.68057 2.76947 1.39618 2.17819 1.38855 2.60544 0.56458 1.70517 1.94931 4.55475 0.96512 3.03268 3.57056 4.15421 16.26587 25.42496 28.82004 18.71490 21.30508 25.98190 31.53610 25.16937 2.50244 5.57709 3.74603 2.72369 3.67355 9.31168
