DATA/RAW-RASTER/ECMWF/20170628/EN-7/20170703.en-7.asc
ncols			31
nrows			16
xllcorner		69.5
yllcorner		19.5
cellsize		1.0
NODATA_value	-99999
1.48010 3.27301 1.05286 0.45013 2.86102 1.56403 1.27411 1.12915 0.13733 0.00000 0.80872 0.49591 2.02942 3.76892 9.88770 8.46863 4.44794 2.06757 2.20490 0.82397 0.55695 1.45721 2.92206 6.41632 7.44629 2.97546 1.77765 0.14496 0.12970 0.01526 0.56458
1.38092 1.98364 0.40436 2.25830 3.39508 0.05341 0.12207 0.02289 0.00763 0.00763 0.30518 0.32043 0.97656 2.15149 4.62341 2.04468 1.38855 0.94604 1.25885 1.22833 0.96130 4.68445 6.63757 8.16345 3.44086 6.40106 6.09589 5.01251 0.61798 0.74768 1.36566
2.45667 6.42395 2.86865 4.72260 4.89807 5.02014 1.84631 0.06866 0.00000 0.00000 0.01526 0.23651 0.67902 1.09863 0.83160 1.24359 0.90790 0.47302 0.94604 0.19073 1.28174 1.54114 6.17981 9.97925 10.35309 5.11169 1.36566 3.85284 0.18311 0.76294 0.73242
10.31494 4.38690 14.55688 5.79071 5.29480 5.47791 2.15149 8.69751 0.02289 0.03052 0.00763 0.00763 0.43488 1.09863 0.67902 0.34332 0.30518 0.87738 0.06866 0.32806 1.31989 3.66974 9.26971 8.09479 7.18689 9.91821 5.50079 0.80109 0.76294 0.64087 0.90790
4.27246 9.41467 9.81903 7.47681 8.38470 8.33893 2.05994 4.68445 5.76019 0.63324 0.24414 0.22888 0.86975 2.63214 1.18256 1.30463 0.99182 0.93079 1.15967 1.49536 1.03760 2.50244 5.56183 5.12695 13.94653 10.20813 7.70569 3.53241 0.32806 1.27411 0.58746
3.76892 0.73242 0.05341 0.86975 16.73889 11.84082 4.24194 2.93732 5.43976 12.35199 13.19122 6.58417 1.49536 1.12915 1.10626 2.07520 0.13733 5.54657 9.30023 9.54437 5.11169 11.73401 9.44519 15.43427 10.55908 13.20648 6.24084 3.42560 1.04523 4.59290 9.77325
0.00000 0.28229 0.00000 0.19836 3.82996 27.70233 13.67188 7.88116 5.97382 5.45502 12.45117 14.59503 15.96069 5.68390 1.96838 10.89478 4.96674 7.19452 8.06427 7.27844 10.23865 10.93292 20.45441 12.05444 22.44568 6.82831 4.93622 9.01794 4.46320 16.30402 14.41956
0.00000 0.00000 0.07629 0.47302 1.60980 6.19507 15.19775 19.66095 12.32147 6.02722 7.30896 4.47083 6.66046 60.32562 32.85980 52.21558 29.24347 6.18744 16.63971 18.15796 12.26807 15.83099 4.08936 19.77539 13.66425 12.87079 16.45660 11.62720 14.05334 18.55469 10.77271
0.00000 0.00763 0.00763 0.49591 0.74768 3.16620 5.82123 22.52960 13.90076 13.46588 20.47729 8.95691 21.19446 21.45386 13.22174 17.14325 10.81085 14.48059 27.80151 31.05927 42.82379 21.26312 50.18616 8.91876 15.39612 3.14331 88.14240 53.18451 16.35742 14.47296 19.54651
0.08392 0.13733 0.19836 0.45776 0.43488 3.15094 8.00323 4.50897 14.73999 17.99011 40.61890 27.20642 14.61792 15.83099 22.91870 20.01190 12.64954 7.16400 4.67682 9.55963 8.66699 15.02991 25.58136 1.07574 11.25336 35.63690 29.58679 21.05713 136.71875 23.25439 10.48279
0.49591 0.55695 0.55695 0.23651 0.16785 0.63324 2.14386 7.69043 4.40216 18.66150 26.79443 14.16016 13.75580 31.11267 25.52032 13.97705 7.80487 10.84900 7.65991 3.60870 11.45172 30.77698 32.23419 10.29205 27.94647 20.68329 18.95905 16.64734 45.68481 51.51367 25.38300
0.57983 1.18256 3.09753 5.14221 1.19781 1.37329 1.22833 9.97925 12.48932 7.82013 11.65771 8.46100 8.89587 17.46368 26.95465 31.99768 13.64899 22.45331 18.92090 8.85773 11.39832 9.51385 2.57111 15.18250 29.19769 14.30511 14.94598 29.60205 29.22821 28.60260 30.54810
1.35040 1.47247 1.35040 1.37329 3.02887 2.18201 0.91553 2.11334 12.96234 8.79669 8.94928 3.58582 15.94543 15.77759 21.07239 27.34375 15.70129 9.83429 8.98743 8.47626 18.89038 13.92365 6.85883 17.46368 26.96228 8.70514 2.92969 9.97925 8.77380 7.69043 6.35529
1.25122 3.95966 1.07574 5.73730 7.59125 13.45062 7.07245 21.85059 13.72528 25.68054 17.88330 6.52313 13.78632 15.24353 15.93781 38.97858 11.36017 9.29260 17.89856 18.13507 23.07892 38.30719 9.94110 8.59070 9.49097 2.85339 1.11389 4.98962 18.46313 11.61957 22.39227
6.69861 6.88934 9.41467 40.69519 9.55200 12.40540 7.37762 13.98468 23.58246 11.90186 19.38629 6.16455 15.83862 5.80597 4.92096 4.94385 3.75366 6.19507 32.66907 27.64130 36.74316 48.93494 41.68701 29.60205 10.60486 1.60217 1.55640 1.19781 5.34821 5.74493 8.22449
5.85938 9.28497 14.17542 15.89966 8.07953 5.85938 9.02557 4.28009 4.69971 15.42664 19.01245 18.14270 12.77924 6.98853 3.21960 3.29590 6.22559 2.15149 14.02283 46.31042 50.36163 38.65051 57.35016 62.88910 36.98730 4.94385 3.26538 2.72369 2.78473 7.27844 13.07678
