DATA/RAW-RASTER/ECMWF/20170628/EN-18/20170712.en-18.asc
ncols			31
nrows			16
xllcorner		69.5
yllcorner		19.5
cellsize		1.0
NODATA_value	-99999
0.11444 0.13733 0.25177 0.08392 1.18256 0.05341 0.92316 0.44250 0.15259 0.29755 0.57983 0.65613 1.38092 0.52643 0.82397 0.80872 5.50842 4.44031 12.42828 7.14111 14.80103 9.52911 6.14166 3.04413 4.52423 0.00000 0.00000 0.14496 0.16022 0.48065 0.15259
1.30463 1.26648 0.20599 0.12970 0.27466 0.00763 0.08392 0.25940 0.32806 0.38910 1.74713 0.13733 0.19836 0.38147 0.38147 3.18146 1.35040 3.82233 8.45337 3.25012 5.50842 8.71277 1.44196 0.82397 0.04578 0.04578 0.03815 0.00763 0.44250 0.19073 1.13678
0.46539 0.16022 0.01526 0.18311 0.31281 2.52533 0.04578 0.07629 0.01526 0.00000 1.01471 1.73950 1.89209 0.85449 1.13678 2.25067 3.83759 2.78473 10.62775 6.64520 7.98798 8.12531 1.32751 0.20599 0.45776 0.15259 0.24414 0.19073 0.66376 0.86975 0.97656
0.00000 0.00000 0.00000 0.00000 0.00000 0.03052 6.41632 3.94440 0.09155 0.00000 0.09918 0.12970 0.25940 1.35803 1.06812 2.98309 2.57874 7.40814 1.82343 8.75854 15.28168 7.31659 2.92969 1.67847 1.60217 0.21362 0.82397 1.26648 1.89209 3.93677 1.44958
0.00000 0.00000 0.00000 0.00000 0.00000 0.00763 0.03815 3.57056 1.44958 0.56458 0.09155 0.41962 0.61035 0.48065 3.54004 3.54767 3.67737 16.64734 4.75311 10.38361 16.41846 5.60760 5.62286 3.39508 1.12152 1.12915 6.69098 5.41687 1.02234 4.34113 11.50513
0.00000 0.00000 0.00000 0.00000 0.00000 0.00000 0.00000 0.07629 1.42670 5.52368 12.83264 4.64630 7.62939 1.28174 1.61743 2.67792 14.97650 15.25879 15.00702 11.05499 5.91278 7.20978 14.69421 6.76727 2.67792 1.93787 7.29370 3.99780 5.89752 3.01361 5.53894
0.00000 0.00000 0.00000 0.00000 0.00000 0.00000 0.00000 0.00000 0.00000 0.61035 3.52478 8.23975 16.37268 8.72040 10.83374 4.69208 4.64630 5.66101 8.34656 5.18036 12.49695 3.29590 9.72748 4.85229 11.80267 32.67670 12.48169 8.04901 15.70129 16.34979 13.19122
0.00000 0.00000 0.00000 0.00000 0.00000 0.00000 0.00000 0.00000 0.00000 0.00000 0.57983 4.17328 67.97028 49.48425 56.97632 20.14923 39.26849 11.47461 7.75146 4.52423 20.53833 16.68549 6.88171 32.39441 44.95239 21.62170 6.77490 13.68713 15.69366 17.37976 16.54816
0.00000 0.00000 0.00763 0.04578 0.02289 0.00000 0.00000 0.00000 0.00000 0.01526 0.02289 1.10626 3.78418 15.37323 29.77753 42.28210 6.51550 6.45447 19.30237 77.79694 22.52197 25.38300 57.03735 8.15582 22.16339 4.98199 25.37537 25.34485 17.74597 24.41406 16.18958
0.04578 0.14496 0.53406 0.55695 0.38910 0.00000 0.00000 0.00000 0.00000 0.00000 0.03052 0.75531 0.38910 0.35858 13.88550 8.88824 26.58081 3.49426 9.74274 6.82831 7.61414 26.87836 8.03375 7.72858 21.90399 18.91327 18.42499 50.39215 45.32623 10.88715 21.67511
0.32043 0.67139 0.57983 0.27466 0.00763 0.01526 0.06104 0.55695 0.00000 0.00000 0.04578 0.04578 0.82397 2.95258 3.34167 8.64410 11.57379 9.30023 11.13129 0.67902 7.62177 11.94000 38.13934 12.41302 6.54602 8.97217 6.26373 27.96936 45.58563 10.54382 13.70239
0.21362 0.30518 1.63269 1.87683 0.61798 0.16785 0.16785 0.57983 0.73242 0.26703 0.38910 1.25122 4.09698 7.91168 13.25989 33.03528 6.76727 19.95850 17.73071 9.38416 1.42670 1.09863 2.96783 4.34875 4.83704 3.21960 3.43323 16.37268 17.64679 82.69501 10.22339
0.90790 0.63324 0.18311 0.49591 1.60980 1.52588 0.57983 0.90027 0.86212 0.74005 1.18256 7.83539 11.82556 40.81726 21.48438 15.17487 6.49261 26.31378 23.17810 2.33459 4.24957 7.23267 1.51062 6.92749 14.54926 3.25012 2.02179 4.18854 31.74591 36.21674 18.21899
0.98419 0.96893 0.03815 1.11389 2.52533 1.22070 1.87683 1.45721 0.66376 1.35040 1.32751 13.08441 27.00043 81.93207 114.30359 131.37817 170.42542 20.38574 14.14490 6.92749 21.01135 44.12079 1.90735 9.63593 10.35309 2.85339 2.63977 11.47461 18.95905 26.50452 19.58466
3.23486 3.44086 2.02942 5.12695 5.43976 1.28174 1.03760 1.08337 1.19019 2.61688 8.70514 18.48602 23.91052 46.56982 104.85840 79.58984 23.46802 50.28534 45.24231 2.86102 5.43976 24.98627 28.97644 17.78412 58.55560 1.08337 2.32697 6.38580 11.80267 14.58740 13.89313
2.99072 2.92206 3.66211 9.94873 2.63214 3.18909 3.05939 5.92041 6.96564 5.66864 11.24573 16.44135 25.05493 37.87994 21.63696 5.38635 2.30408 5.69916 11.00922 22.20154 17.24243 26.45874 26.90125 33.99658 17.83752 5.50842 25.16937 11.26862 16.28113 19.95850 29.54102
