DATA/RAW-RASTER/ECMWF/20170628/EN-18/20170701.en-18.asc
ncols			31
nrows			16
xllcorner		69.5
yllcorner		19.5
cellsize		1.0
NODATA_value	-99999
1.83105 0.81253 2.56348 2.68936 6.16074 2.42615 4.34875 2.97928 0.67902 0.62180 2.51770 2.31934 7.17926 3.31879 3.08990 3.18909 5.39780 5.64957 4.88663 5.49316 5.11551 10.97870 10.49423 10.71167 5.87082 2.38037 4.28772 9.28879 21.83914 15.33890 11.23810
0.00000 0.00381 2.91824 2.88391 2.78091 0.30136 0.48065 0.50735 0.31281 1.51062 0.80872 1.99890 1.59073 2.83051 1.22070 2.98691 2.40707 3.98636 3.67355 5.06210 3.06702 6.57272 8.01468 6.28662 7.12967 8.91113 4.41360 7.39670 8.94547 22.06802 8.26263
0.56458 0.03052 0.00763 1.16730 2.30026 1.67847 3.37219 0.47302 0.17929 0.27847 0.61035 1.68991 1.83487 1.09863 1.69754 5.79834 1.98746 1.39236 9.23920 2.26212 1.59454 6.05011 3.00980 8.94547 11.40213 6.38962 5.26047 8.43430 6.14929 14.11438 18.13889
2.37656 0.12207 0.07248 0.25177 1.25504 2.21634 1.27792 2.68936 0.31662 0.56076 4.72260 2.11716 2.43378 4.84467 1.54114 3.35312 3.72314 1.20926 1.73569 5.50842 18.90945 8.71658 11.73782 9.07135 9.78851 2.81525 3.47900 8.65173 8.25882 19.10782 16.17050
3.15094 0.46158 1.01852 0.33188 0.04578 0.78964 1.92261 3.42178 1.14441 15.64789 2.58636 4.10843 3.54004 2.84958 2.42233 2.28500 0.63705 1.12915 3.29208 4.05502 10.55908 5.62286 4.73022 17.88330 10.52094 2.58636 1.05286 3.18146 12.72583 10.73456 19.69910
1.00708 0.40054 1.22070 0.45013 0.85831 0.41962 0.77057 2.08664 10.39124 26.00098 3.59726 4.61578 2.92587 1.67084 1.44196 0.92697 1.99890 1.14822 2.57874 4.43268 5.21469 3.79944 2.71225 8.88062 8.92258 14.82391 4.24194 0.45776 0.81253 3.31879 8.24356
0.00000 0.01526 0.48447 1.34659 0.83542 0.37384 1.38474 1.51825 6.79779 14.53400 14.79340 14.87350 16.86859 1.28937 1.30081 3.69263 1.76620 3.66592 4.92477 6.70242 8.14819 9.90677 5.29480 7.81631 7.33566 36.25488 21.09146 15.20538 2.99072 7.58362 9.01794
0.00000 0.00000 0.38910 0.79346 2.69318 2.36893 2.06757 3.40271 10.89859 12.46643 11.61575 12.06207 11.29532 5.23758 64.68582 5.56946 18.18848 6.46591 6.99997 1.86920 9.38034 22.95303 6.67191 47.90497 40.53497 72.19696 46.31805 22.00317 35.49957 6.28281 1.93024
0.00000 0.00000 0.33569 0.79727 3.04413 2.94495 3.60870 5.97000 7.41959 12.07352 10.12039 16.85715 22.13669 5.85556 15.00320 27.09579 10.94818 8.52966 39.23035 3.60489 42.98782 32.18460 45.04395 28.84293 31.87943 17.95959 30.26962 203.30811 55.05371 11.35635 4.70352
0.00000 0.00000 0.06104 1.11771 3.84903 3.90244 9.87625 8.37326 11.53946 12.98523 15.11765 20.18356 21.56067 27.16827 15.71655 13.36670 24.25003 6.58417 19.24896 23.37646 10.77271 11.43265 58.62427 21.33560 6.75583 7.04575 17.22717 10.50186 46.12350 7.77054 3.31879
0.03815 0.04196 0.26703 2.79999 2.39182 17.95197 13.87024 15.92255 11.82175 59.67331 13.62610 12.55035 9.39178 9.08279 7.37762 15.00320 7.15637 11.25717 11.77979 17.21191 20.61462 13.75961 45.40253 5.22232 14.35089 8.65173 3.86810 6.93512 54.31366 28.45383 9.96399
0.45013 0.64850 1.30463 7.81631 7.73621 12.82501 17.12036 27.30942 9.38416 11.77597 4.55093 7.72476 7.76291 6.01959 8.10623 10.15091 16.61301 9.79614 20.48492 13.53455 17.00592 9.27353 1.29700 3.52097 19.35577 6.73676 10.40649 6.18362 13.51547 18.16940 19.66858
0.44250 2.27356 2.88010 2.90298 7.45010 6.80542 23.36884 57.93381 71.95663 5.52368 2.04468 6.22559 6.53839 14.94980 6.16074 4.66156 13.00812 9.83810 16.33835 27.79007 17.99393 22.17865 9.22394 5.56946 30.69687 10.40649 0.32425 1.72424 5.03540 7.35855 9.06372
1.14441 3.79944 4.90570 6.51550 6.85120 13.16833 11.19232 4.40216 1.93787 0.71716 2.05231 5.72205 27.31323 13.32474 17.77649 20.86639 17.91382 20.82062 11.89804 18.68439 16.31546 33.92029 23.22006 48.51151 11.39450 13.89313 1.20926 1.12534 8.11386 28.72849 10.18906
3.51715 6.79779 12.75635 44.54041 6.23322 18.60046 3.18527 0.83542 1.47247 0.43869 3.36838 2.98309 5.94711 9.62448 10.59341 6.72150 15.11383 12.24518 28.77426 30.99060 20.85495 23.82278 30.77316 17.94052 10.89096 1.06812 3.66974 1.69373 4.90570 19.88983 17.25769
2.36511 2.38037 15.10620 29.61731 4.36020 3.43323 3.83759 1.37711 0.85068 1.38092 3.60870 8.04901 9.79614 26.47018 6.88171 19.11926 8.40378 13.11493 20.80536 21.11816 15.91492 15.40756 25.07019 40.88974 65.93704 7.65228 15.81573 13.48114 6.08826 7.17545 5.06973
