DATA/RAW-RASTER/ECMWF/20170628/EN-18/20170710.en-18.asc
ncols			31
nrows			16
xllcorner		69.5
yllcorner		19.5
cellsize		1.0
NODATA_value	-99999
0.56458 3.41034 1.80054 3.73840 3.10516 1.12915 0.87738 0.38910 0.03052 0.14496 1.81580 1.54114 1.73950 2.18201 2.88391 0.91553 0.89264 0.89264 0.54169 3.50952 5.20325 9.75800 10.65826 5.46265 12.71057 5.80597 16.51001 10.02502 9.21631 5.98907 11.57379
1.30463 0.11444 0.90027 4.49371 6.08063 0.48828 2.71606 0.96130 0.00000 0.06104 1.51062 1.29700 3.57056 5.01251 2.34222 1.97601 1.77002 1.18256 2.11334 3.70026 5.42450 10.57434 6.80542 9.07898 6.69098 11.80267 5.11169 2.78473 12.01630 5.75256 4.51660
0.09155 0.03815 0.00000 4.05884 8.25500 10.67352 4.04358 0.18311 0.45776 0.20599 0.70190 2.51770 3.09753 2.44141 2.16675 3.06702 4.95148 1.43433 0.67902 1.89972 5.48553 6.36292 9.84955 16.02936 13.82446 9.53674 4.47845 6.22559 2.15149 6.76727 7.49207
0.00000 0.00000 0.00000 0.00763 0.57220 1.70898 5.68390 12.80975 0.67139 0.39673 0.52643 1.40381 3.11279 3.03650 3.63159 3.25775 9.50623 3.46375 5.82886 6.43921 2.53296 5.26428 4.02069 10.13184 14.01520 13.25226 6.50787 6.46973 5.66101 13.49640 5.43976
0.20599 0.00000 0.00000 0.00000 0.00000 0.32806 2.99072 23.70453 3.40271 0.60272 0.05341 0.35858 2.94495 2.70844 5.28717 2.83051 5.31769 7.07245 8.80432 3.54767 2.94495 6.91986 7.82776 11.88660 8.79669 8.53729 8.17108 12.18414 7.49969 6.60706 1.71661
0.09918 0.00000 0.00000 0.00000 0.00000 0.03815 0.31281 4.19617 5.34058 12.03156 13.35907 2.86865 4.60815 1.50299 3.70026 2.12097 21.74377 3.50189 3.02887 8.34656 7.16400 8.39996 10.57434 6.11115 21.72089 18.18848 3.79181 9.85718 18.37158 11.00922 5.16510
0.00000 0.00000 0.00000 0.00000 0.00000 0.00000 0.01526 0.52643 1.19781 6.60706 3.78418 21.74377 15.17487 1.99890 4.79889 2.54822 8.61359 11.33728 7.94220 6.06537 5.75256 11.40594 19.45496 9.61304 10.04028 63.83514 38.23853 16.63208 18.73779 24.68872 13.23700
0.00000 0.00000 0.00000 0.00000 0.00000 0.00000 0.00000 0.02289 0.70190 1.57166 8.32367 14.51111 6.81305 4.45557 1.89209 7.01141 10.03265 4.57001 9.52148 5.56183 7.87354 15.54108 5.48553 14.64081 13.99994 37.89520 61.56158 30.34210 54.18396 22.52960 13.17596
0.00763 0.00000 0.00000 0.00000 0.00000 0.00000 0.00000 0.10681 0.04578 0.48065 4.40979 13.99994 8.04138 3.76892 19.20319 8.61359 7.30133 5.31006 4.76074 10.08606 12.74872 2.62451 4.63867 25.81787 1.03760 4.57764 8.72803 72.58606 51.24664 10.81085 10.38361
0.02289 0.09155 0.32043 0.04578 0.00000 0.00000 0.00000 0.01526 0.22125 0.07629 0.81635 3.57056 14.90784 11.30676 14.27460 20.98083 9.33838 7.91931 5.02777 9.14001 9.64355 2.63214 8.00323 4.08936 1.09863 3.16620 22.84241 43.41125 48.54584 19.18030 17.54761
0.08392 0.11444 0.25940 0.22125 0.00000 0.01526 0.00763 0.02289 0.21362 2.41852 0.84686 7.22504 11.96289 36.64398 6.56128 15.64789 8.48389 3.41034 5.65338 17.86804 15.56396 8.63647 22.27783 11.31439 4.07410 6.91223 9.36890 19.47021 33.92029 9.73511 8.33130
0.22888 0.27466 0.98419 1.77765 0.46539 0.49591 0.71716 1.67847 0.19073 1.16730 10.64301 4.37927 9.74274 22.35413 16.05225 10.16235 8.78906 2.41852 2.28882 7.72095 10.76508 8.43048 2.45667 1.31989 4.32587 8.70514 0.52643 9.78088 4.73022 14.25171 9.81903
0.86975 0.40436 0.16022 0.31281 1.48010 1.02997 0.64087 1.19019 0.30518 11.84082 21.15631 16.37268 4.19617 50.51422 29.46472 18.82172 15.99121 6.07300 5.92041 6.13403 17.59338 21.30127 8.30841 9.59778 3.60870 1.80054 0.47302 13.24463 21.16394 29.24347 31.47125
0.74768 0.84686 0.38910 2.42615 2.03705 1.93787 1.24359 2.39563 0.45013 6.12640 9.38416 24.31488 16.76941 18.67676 18.31055 15.17487 6.53839 4.71497 3.76129 18.70728 4.55475 15.93781 16.83044 25.42114 9.20105 1.19781 2.92206 3.25012 18.74542 19.56940 17.99011
3.75366 2.11334 3.60870 6.47736 3.03650 0.91553 1.99890 1.50299 0.90790 0.41199 1.93024 4.21906 26.48163 24.61243 31.86035 17.87567 2.31934 1.67084 9.14001 11.32965 9.34601 10.61249 27.19116 18.04352 14.84680 7.77435 7.47681 2.86102 10.81085 25.58136 22.31598
2.90680 3.04413 4.89044 7.08008 2.56348 3.44849 1.81580 2.05994 0.79346 0.23651 0.54932 5.09644 8.56781 23.28491 13.51166 14.80103 4.60052 9.07898 15.09857 4.91333 6.42395 5.12695 11.48224 36.67450 53.16925 4.82941 47.97363 5.42450 6.39343 10.76508 16.04462
