DATA/RAW-RASTER/ECMWF/20170628/EN-18/20170706.en-18.asc
ncols			31
nrows			16
xllcorner		69.5
yllcorner		19.5
cellsize		1.0
NODATA_value	-99999
0.00000 0.00000 0.00000 0.02289 1.76239 0.00000 0.57983 0.04578 0.07629 0.00763 0.59509 0.86975 1.62506 1.81580 1.15204 1.09863 3.05939 8.55255 3.82996 8.20160 1.60980 5.21088 8.07953 9.36127 5.36346 2.98309 1.67847 1.25122 3.06702 1.40381 0.83160
0.00000 0.00000 0.08392 0.08392 0.03052 0.00000 0.00000 0.00000 0.00000 0.00000 0.00763 0.20599 0.28229 0.87738 0.93842 2.35748 1.38855 3.74603 12.32910 7.46918 4.32587 8.61359 6.58417 7.44629 16.40320 6.14929 0.14496 1.48773 1.42670 3.62396 0.84686
0.01526 0.02289 0.00000 0.38910 2.27356 2.68555 0.01526 0.01526 0.00000 0.00000 0.00000 0.00000 0.00000 0.03815 0.29755 0.78583 1.57928 2.64740 4.16565 7.10297 5.40161 16.12091 4.82178 6.98853 5.15747 0.81635 0.38910 0.30518 0.90790 1.46484 2.18964
0.00000 0.00000 0.00000 0.00000 0.02289 0.06104 4.06647 8.03375 0.00000 0.00000 0.00000 0.00000 0.00000 0.01526 0.01526 0.08392 1.93787 8.71277 12.52747 7.09534 7.47681 7.29370 8.95691 8.89587 3.27301 1.09863 4.66156 0.48828 0.80109 1.63269 4.15039
0.00763 0.00000 0.00000 0.00000 0.00000 0.00000 0.17548 0.38910 0.28992 0.00000 0.00000 0.00000 0.00000 0.59509 0.37384 3.13568 7.72858 8.12531 9.83429 6.75964 10.66589 10.83374 5.95093 1.89972 1.44196 1.71661 11.18469 6.02722 2.16675 1.58691 7.43866
0.00000 0.00000 0.00000 0.00000 0.00000 0.00000 0.00000 0.01526 1.44196 0.77057 3.60107 0.76294 0.77820 1.31226 2.85339 8.23975 13.80920 7.82013 6.98090 4.68445 4.57764 14.13727 5.52368 12.74109 4.57001 8.07190 1.07574 12.19940 12.41302 20.05768 15.89203
0.00000 0.00000 0.00000 0.00000 0.00000 0.00000 0.00000 0.00000 0.00000 0.29755 1.15204 4.59290 14.54163 10.65063 1.94550 5.64575 8.39233 2.82288 3.90625 1.45721 0.76294 8.27789 8.74329 4.97437 15.38849 28.09143 23.06366 6.50787 11.15417 16.83807 14.76288
0.00000 0.00000 0.00000 0.00000 0.00000 0.00000 0.00000 0.00000 0.00000 0.12207 0.64087 6.85120 5.32532 16.66260 13.99994 7.72858 7.74384 3.17383 5.85175 2.05994 3.92151 11.75690 4.44794 22.24731 18.92853 11.76453 45.53986 17.63916 61.34033 15.36560 8.59833
0.00000 0.00000 0.00000 0.00763 0.00000 0.00000 0.00000 0.00763 0.12207 0.09918 0.87738 6.03485 21.10291 5.04303 7.59125 0.86212 5.75256 24.02496 59.57031 46.69189 29.40369 21.84296 21.14105 12.51984 5.78308 2.56348 18.21136 22.29309 29.67834 13.24463 3.39508
0.00000 0.03052 0.06104 0.28229 0.49591 0.02289 0.00000 0.03815 0.33569 0.04578 0.22125 7.87354 28.44238 41.87775 21.32416 6.51550 2.41852 4.24194 7.62177 3.34167 1.36566 1.36566 7.88879 0.44250 0.09918 10.51331 20.75958 32.37915 37.50610 1.88446 1.33514
0.03052 0.13733 0.16785 0.12207 0.03815 0.02289 0.00000 0.07629 0.00000 0.00000 0.70953 3.00598 20.62988 39.51263 114.97498 196.39587 75.81329 8.06427 5.49316 7.13348 4.98199 5.84412 3.52478 1.92261 0.74768 1.56403 1.33514 7.30133 13.15308 3.09753 1.80817
0.04578 0.04578 0.75531 0.68665 0.23651 0.48065 0.94604 0.86212 0.09155 0.00000 0.74005 1.90735 4.08173 19.75250 32.72247 24.85657 53.86353 50.16327 5.88989 1.55640 2.93732 3.50952 1.49536 1.00708 5.74493 0.93079 0.82397 0.93079 1.89209 4.12750 2.94495
0.35858 0.25177 0.06866 0.29755 1.65558 2.22778 0.92316 1.25122 0.35095 0.52643 1.36566 1.26648 0.06104 2.76947 4.49371 13.86261 39.16168 13.74817 4.28772 2.05994 6.77490 7.26318 1.62506 5.34058 5.85175 1.93787 0.51880 2.14386 2.83051 2.85339 1.22833
1.12915 0.74005 0.16785 2.66266 1.58691 1.13678 1.68610 1.80817 1.38092 0.12970 0.09155 0.88501 1.86920 0.16785 0.86212 3.56293 16.53290 41.24451 11.64246 12.67242 15.25879 17.28058 2.99072 7.27081 3.04413 1.28937 0.66376 0.27466 1.00708 1.25122 1.21307
1.96838 2.61688 1.56403 4.37164 1.96838 0.71716 0.84686 1.03760 0.47302 1.28937 0.32043 0.09155 0.03815 0.00000 2.09808 1.19019 4.16565 6.79779 20.49255 6.79016 3.28064 7.11060 15.11383 4.01306 0.93842 0.95367 2.02942 0.19073 0.87738 21.51489 5.55420
3.14331 4.63867 5.89752 9.81140 1.33514 2.02942 0.74005 1.55640 0.99945 0.41199 0.67902 1.29700 2.30408 0.54169 0.54169 0.57983 13.63373 11.76453 69.10706 2.28119 4.28772 6.08826 8.37708 17.63153 21.27838 5.08881 7.99561 1.24359 1.61743 1.02997 14.22119
