DATA/RAW-RASTER/ECMWF/20170628/EN-18/20170703.en-18.asc
ncols			31
nrows			16
xllcorner		69.5
yllcorner		19.5
cellsize		1.0
NODATA_value	-99999
0.04578 1.63269 0.44250 0.31662 6.58798 2.26593 2.12479 0.41199 0.09155 0.00381 0.10681 0.54932 2.26974 1.93024 3.06702 5.11551 7.51114 1.46103 2.85721 7.26700 2.34604 4.68826 6.63757 5.14603 0.72479 0.15640 0.25940 0.43106 0.64468 1.14441 3.34549
0.00000 0.00381 0.02670 0.01526 1.06430 0.03433 0.01526 0.05722 0.02289 0.00381 0.35477 0.17929 0.65994 1.89209 1.51825 3.94440 2.91443 3.46375 8.82721 6.81686 2.68173 5.41306 10.20813 2.50626 0.49973 0.30136 0.32425 0.38910 1.32751 1.19400 1.96457
0.39291 1.65939 0.25177 0.20218 0.09537 0.44632 1.85013 0.22888 0.00381 0.00000 0.01907 0.00000 0.02289 0.57983 7.15256 11.44791 7.56073 9.53674 7.28989 9.54437 3.15475 9.42230 4.66919 5.75638 2.02560 0.14496 0.35858 0.28610 0.90408 2.16675 2.55966
1.97983 1.39999 0.34714 2.51007 1.56784 0.55695 0.92697 12.57706 0.03433 0.00381 0.27847 1.10245 1.62888 6.05011 3.85666 4.65012 11.11984 11.36398 12.58469 7.18689 9.84955 6.15311 11.93237 3.86047 0.74768 0.03815 2.36893 4.49753 2.46811 3.56293 4.22287
1.25885 0.19836 0.28992 0.02670 2.75040 3.61252 2.28500 1.31607 2.88391 1.57547 0.15640 1.62125 3.65067 5.50842 3.24249 7.65991 7.33948 2.09045 2.83813 5.62286 4.72260 3.91006 3.95966 0.43488 0.28229 1.29700 1.38092 2.34604 2.83432 4.00162 13.53836
2.74277 0.00000 0.00000 0.00381 0.03052 0.28229 3.16620 1.11389 2.38800 6.95038 32.17316 18.05115 6.78253 5.71442 7.37762 3.88718 3.91388 5.01251 6.85883 3.99780 3.89862 10.29205 2.88391 4.82178 2.69699 1.44958 0.76675 4.03595 13.56506 5.03922 12.04300
0.00000 0.00000 0.00000 0.00381 0.00000 0.38147 1.93024 5.20706 2.68936 3.36075 9.32693 21.44241 28.41187 17.65060 1.43433 3.36838 2.99454 5.14603 2.70462 13.51166 5.20325 1.94931 11.33347 2.26593 8.00323 9.17435 0.72098 1.63269 0.99182 13.81302 8.69751
0.00000 0.00000 0.00381 0.00000 0.02670 0.09537 1.19781 1.45340 3.86429 4.45557 7.01904 20.39337 15.75089 16.73889 11.70349 24.05930 8.70514 2.18201 3.11279 3.38745 1.82724 7.01141 2.40707 22.20535 4.32205 46.58890 127.67029 25.87128 17.29202 7.14493 26.92032
0.00381 0.00381 0.00000 0.01144 0.19455 0.09155 0.54932 0.87357 2.73514 4.32205 15.41138 16.15906 40.15732 14.30893 12.07733 9.11713 11.81030 14.61792 26.01624 11.21521 7.58743 13.33237 30.34973 30.17044 10.19669 41.14151 36.70883 103.08075 30.95627 10.74600 14.16016
0.17548 0.20218 0.22125 0.64468 1.24359 0.07248 0.34714 2.01797 1.09863 2.37656 17.48657 36.82709 19.35196 15.01846 23.73505 26.27945 19.25659 6.60324 6.71005 20.24460 10.41031 14.64462 25.53940 68.99643 16.60156 19.68002 190.85312 25.68817 50.13275 13.23700 6.00815
0.26703 0.73242 0.81253 0.77438 0.03433 0.17548 0.32043 0.57220 1.71661 5.82123 11.13129 37.33063 44.64722 30.43365 17.26151 14.59503 11.12747 5.58853 7.12967 3.73840 8.47626 31.06689 230.09109 48.45810 42.59109 8.57925 20.68710 14.00757 49.79324 53.03955 28.74374
0.53406 1.05286 2.17438 2.65121 0.55695 0.54932 2.56348 4.20380 5.84412 10.21957 14.66751 25.16937 22.48383 27.25220 12.13837 8.62503 3.91388 4.58908 2.20108 3.08609 9.69696 30.07889 4.30298 3.48663 4.11987 11.51276 12.06589 20.96176 50.73929 28.52249 31.73065
0.62180 2.10190 0.49973 0.87738 2.87247 2.76947 2.39182 1.44577 8.99124 6.59561 25.42114 24.77646 69.74792 34.77097 4.90189 1.73569 0.29373 0.34714 6.22177 12.79831 13.86642 16.54053 17.86804 13.44299 40.37476 5.70679 3.05176 8.81195 8.16727 16.01791 21.73233
2.23541 1.64032 0.28992 2.07520 1.53732 0.28992 4.21906 22.64404 25.90179 20.41245 34.21021 21.31653 14.99176 17.78412 12.92419 8.97598 1.18256 1.66321 5.82504 4.40216 9.43756 17.03262 36.68213 56.22482 13.69476 1.90735 6.03104 6.82449 22.04895 17.02118 29.27399
2.21252 1.10245 1.19400 3.08228 3.44467 2.72751 4.18091 6.76346 6.30569 12.08115 43.90335 49.46136 43.04123 11.46317 2.09808 2.03323 2.40707 3.74985 3.50571 4.03214 11.76453 11.99722 33.42819 36.44180 34.43146 5.64575 6.62613 10.57816 11.10458 15.47623 16.43753
3.51334 3.52097 5.59998 11.25717 0.16785 1.59073 3.93295 2.97928 7.15637 6.33240 6.16455 4.57001 0.99182 1.56021 3.42560 1.39618 4.56619 0.62180 3.07846 7.48062 5.73349 10.34546 15.62881 25.33340 78.05252 5.03540 15.75851 9.00650 5.56564 10.38361 4.83704
