DATA/RAW-RASTER/ECMWF/20170628/EN-18/20170702.en-18.asc
ncols			31
nrows			16
xllcorner		69.5
yllcorner		19.5
cellsize		1.0
NODATA_value	-99999
0.09155 0.15640 0.38528 1.06812 5.45883 1.68991 2.40326 0.67902 0.11444 0.01526 1.58691 1.46103 1.40762 1.59073 1.05667 0.42343 1.28937 1.16730 2.71606 5.80215 2.35748 1.34277 1.98364 6.67572 4.46320 2.08282 2.93732 1.64032 1.22452 4.87518 9.54056
0.00000 0.00000 0.22507 0.08392 3.29971 0.49973 0.10681 0.22507 0.02289 0.11826 0.32043 0.36621 2.16293 1.40381 1.40762 1.89972 1.17493 1.01471 2.68555 1.71280 1.63651 0.61798 1.57166 1.03378 3.48282 4.48608 3.15857 1.31607 2.38037 10.76126 10.69260
0.44250 0.16785 0.00000 0.46158 0.11444 0.99945 3.06702 0.08392 0.01526 0.00000 0.00000 0.01144 0.12589 0.34714 1.17874 2.85339 2.27737 5.25665 2.78473 4.51660 8.93021 5.97763 2.91061 1.98746 4.92096 9.95255 12.53128 1.51443 1.78528 0.87357 3.49045
2.12097 3.25012 0.46921 1.14441 0.02289 0.41962 1.72043 3.05939 0.05341 0.01526 0.02670 0.98801 0.70190 0.87738 0.87357 1.16348 3.97110 4.63486 4.42886 7.17545 10.61630 8.52966 11.48987 10.00595 2.90298 2.62451 2.23923 14.54926 18.23044 4.99725 5.74875
2.50626 2.01797 0.55695 1.60217 2.67029 0.62180 0.72479 2.28500 12.58469 1.12915 0.13351 4.53186 6.50024 8.72803 5.24521 4.63104 6.05011 7.02667 7.40051 8.49915 8.86917 7.12585 8.81195 5.98907 6.66046 11.79123 3.47137 7.97272 16.02173 9.33838 10.95581
1.40762 0.27847 0.03433 0.54550 0.86975 0.83923 0.63324 2.18201 3.98636 24.80316 12.85172 13.69858 4.98581 2.72751 1.59454 3.74985 6.89697 13.57269 15.55252 4.68063 10.95200 6.97327 9.07516 12.15363 3.36838 5.34821 1.43433 0.50354 9.39941 25.40207 20.44296
0.00000 0.00000 0.00000 0.06104 0.30899 1.34277 1.62888 1.20163 1.60599 4.52423 83.99582 11.73019 17.99393 8.49533 2.70462 1.88446 1.12534 3.56674 11.95145 20.18738 3.52478 5.69534 8.26263 9.20105 4.58908 10.51331 36.88812 10.11276 4.72260 4.03976 4.16183
0.00000 0.00763 0.00763 0.00000 0.39673 2.11334 2.59399 2.33459 2.44141 9.29260 6.42014 14.45770 6.72913 35.91537 11.61957 16.34598 11.37924 2.88773 3.34930 2.69699 2.90298 12.55035 5.58853 26.28708 16.11328 36.49902 117.71774 59.33380 15.93018 6.92749 4.01688
0.00000 0.00763 0.00000 0.01526 0.16785 2.85721 2.05612 5.19943 3.92151 4.14276 10.87570 21.16013 12.17651 12.37869 18.20755 18.65387 18.47458 54.58450 61.72180 6.50406 172.66464 104.94232 70.04166 25.55084 15.10620 29.51050 14.21356 34.52301 61.86676 23.72360 9.84955
0.00000 0.01526 0.68283 0.84686 0.42343 0.49973 3.50952 3.66211 1.78146 7.87354 16.22772 16.83044 9.78470 8.72040 11.94382 20.59555 12.46262 23.18573 22.12524 18.39066 10.15854 5.82886 24.05167 13.31329 47.75238 17.11273 13.56125 8.74329 49.01505 12.77542 12.32147
0.14114 0.54550 1.08719 2.03323 0.09155 0.61035 5.84793 7.49969 10.69260 10.90240 25.06256 10.44083 9.57870 3.76129 2.56729 18.81790 11.07407 18.67294 10.51331 18.99338 33.21075 23.87238 79.01382 29.23203 9.67026 6.50024 1.08719 4.84848 53.80249 40.16113 25.47455
0.24414 0.64468 1.54114 2.10953 1.12534 3.75366 12.65335 9.57489 15.15961 37.50610 26.98135 17.35306 4.76074 1.70135 3.97110 3.23486 6.86264 15.59830 17.16614 24.52087 25.05493 18.92090 4.26102 4.97437 6.48499 1.06430 1.42288 23.07892 25.57373 19.92798 9.99832
0.82779 2.06375 1.97983 4.03976 5.76401 46.21124 6.42776 10.20050 55.92346 69.32831 12.89749 15.77377 26.91269 4.04739 5.11551 5.28717 3.29971 4.07410 5.29861 15.02609 13.99994 16.85715 6.36673 13.54599 9.67026 0.35858 1.69373 6.95801 26.72195 17.03262 31.22711
2.47574 2.54059 0.94986 2.75803 5.89752 11.87897 27.19498 19.00864 7.97272 29.80423 11.47842 3.17383 4.92096 4.37927 4.38309 7.27844 1.39618 3.95966 3.65448 17.30728 3.15094 21.62170 27.93121 25.20752 1.03760 0.49210 4.06265 7.00378 14.19067 33.26416 13.48114
2.75803 1.84250 1.21307 9.00269 4.59290 31.91757 11.15799 43.48755 28.13339 1.40381 9.21631 7.14111 6.54221 8.19397 5.71823 0.80872 0.76675 3.49426 3.87192 6.17599 11.92093 21.37375 36.28159 19.15359 7.56836 2.22397 9.51767 0.69046 0.96893 24.70398 39.15405
2.51389 3.07083 5.41687 24.46365 17.99011 6.97327 6.91986 7.93076 5.64575 6.39343 17.72690 9.63974 1.12152 2.10571 0.93842 3.47519 8.57925 2.42996 5.37872 5.20706 15.61737 17.67731 23.35358 28.53775 67.30270 4.81415 6.90079 2.51007 11.08170 10.31876 1.92261
