DATA/RAW-RASTER/ECMWF/20170628/EN-18/20170708.en-18.asc
ncols			31
nrows			16
xllcorner		69.5
yllcorner		19.5
cellsize		1.0
NODATA_value	-99999
0.06104 2.73132 1.06812 1.57928 0.34332 0.00000 0.06866 0.01526 0.04578 0.00000 0.33569 0.14496 0.75531 1.12915 1.48773 2.22778 1.83868 1.06049 1.76239 0.92316 2.55585 2.73132 1.28937 1.05286 3.50952 7.02667 12.47406 3.21198 4.75311 5.93567 10.04028
0.57220 1.79291 1.15204 3.46375 1.85394 0.09155 0.00000 0.01526 0.00000 0.00000 0.16785 0.08392 0.62561 5.15747 5.16510 6.15692 1.58691 1.70898 2.53296 0.57220 1.26648 2.96783 7.05719 1.19019 4.14276 5.92041 12.75635 10.73456 13.35907 10.62775 1.96838
1.29700 0.77820 1.08337 1.02234 5.91278 10.91766 13.60321 0.51880 0.06866 0.06104 0.17548 0.00000 2.12097 0.99182 5.92041 2.51007 1.79291 0.48828 1.26648 1.48773 2.43378 7.28607 5.70679 9.86481 9.07135 4.66919 2.67029 4.31061 13.75580 4.83704 3.99780
0.09155 0.73242 0.03052 0.74768 1.62506 3.46375 10.96344 10.55908 0.01526 0.12970 1.41144 2.21252 1.12915 3.03650 8.86536 3.23486 3.25012 1.93024 1.61743 0.73242 4.74548 9.64355 14.77051 15.43427 4.51660 2.99072 12.44354 10.13947 7.56073 10.04791 5.27954
0.57220 0.00000 0.01526 0.00000 0.03052 0.94604 0.59509 3.89099 8.56781 2.83813 0.12207 2.18964 2.19727 2.65503 6.37054 8.04901 10.47516 10.07843 3.35693 3.41797 4.87518 13.95416 5.30243 6.64520 2.02942 0.49591 0.89264 12.71057 7.93457 13.31329 5.53131
0.28229 0.00000 0.00000 0.00000 0.00000 0.08392 0.03815 1.58691 16.83807 32.72247 14.92310 5.92041 4.43268 3.44849 5.09644 30.27344 7.76672 6.80542 7.54547 8.05664 11.71875 9.68933 3.85284 5.30243 1.41144 5.21088 4.31061 0.99945 10.82611 9.75800 11.97052
0.00000 0.00000 0.00000 0.00000 0.00000 0.00763 0.13733 0.42725 3.70026 21.43860 23.61298 30.49469 63.81226 10.45227 1.20544 16.05225 11.69586 10.67352 15.84625 12.18414 10.39886 3.75366 14.11438 4.70734 6.72913 27.64893 7.89642 5.83649 11.23810 9.98688 16.35742
0.00000 0.00000 0.00000 0.00000 0.00000 0.11444 0.28992 0.08392 0.70953 10.10132 23.86475 33.34045 35.88104 15.02991 34.76715 20.79010 18.67676 21.86584 18.44025 8.36945 12.35199 15.92255 7.52258 14.78577 17.22717 20.66803 160.08759 33.67615 23.05603 16.09802 15.38086
0.00000 0.00763 0.00000 0.00000 0.00000 0.00000 0.04578 0.53406 0.83160 5.99670 16.92200 43.48755 3.57819 2.82288 2.47955 2.04468 3.42560 13.75580 14.60266 85.91461 103.85132 169.92188 69.64111 24.80316 9.91058 11.45935 14.57214 51.62048 27.51923 11.36017 0.90027
0.00000 0.03052 0.23651 0.18311 0.06104 0.00000 0.00000 0.13733 0.21362 1.40381 24.87946 16.88385 2.42615 0.57220 0.47302 0.56458 1.96075 4.40979 2.30408 11.27625 11.07025 10.16235 23.62823 14.16016 7.90405 5.62286 16.50238 17.77649 15.68604 5.05066 2.16675
0.06104 0.08392 0.30518 0.64087 0.00000 0.00000 0.00000 0.03815 0.32806 0.12970 5.27954 65.48309 17.77649 1.85394 2.43378 0.23651 0.35095 0.00763 4.19617 4.08173 3.73840 8.14819 16.44135 2.79236 7.04956 20.08057 17.65442 20.28656 38.11646 5.47028 1.42670
0.00763 0.13733 0.96130 0.64087 0.12970 0.23651 0.11444 0.16785 0.00000 0.40436 16.05988 71.75446 10.66589 13.61847 1.81580 0.39673 0.00763 0.89264 7.94983 1.86920 8.57544 2.75421 2.98309 2.61688 15.07568 9.31549 5.30243 22.81189 2.89154 3.98254 1.84631
0.47302 0.67139 0.10681 0.47302 0.65613 0.53406 0.33569 0.46539 0.28992 0.19836 1.27411 4.17328 7.32422 10.28442 1.69373 0.00763 0.06866 10.52094 3.82996 1.19781 2.33459 3.34167 5.24139 7.05719 10.53619 5.14221 0.24414 3.36456 8.20923 6.70624 0.83923
0.82397 1.64795 2.60162 3.20435 1.64032 0.33569 0.45013 1.05286 0.73242 0.00763 0.28992 14.11438 21.48438 24.97101 0.19073 1.17493 10.85663 2.70081 2.87628 1.81580 2.93732 5.47028 2.57111 4.45557 2.69318 0.61798 1.22833 1.11389 4.59290 9.05609 2.48718
3.69263 4.35638 2.24304 4.65393 2.43378 2.78473 0.55695 0.65613 0.04578 0.00763 1.38855 0.10681 0.49591 1.05286 1.09863 4.47845 20.45441 1.57166 2.44141 1.86920 2.79236 4.38690 9.05609 2.83051 1.02997 0.59509 1.01471 1.03760 4.67682 18.02063 24.09363
5.88226 7.73621 9.00269 11.16180 1.64032 2.59399 3.52478 4.16565 0.08392 0.00000 0.29755 1.32751 0.59509 2.10571 17.70020 33.00476 11.35254 1.35803 2.44904 2.10571 1.88446 3.69263 4.34875 11.68060 7.60651 4.77600 1.99127 0.85449 0.74768 2.18964 1.09100
