DATA/RAW-RASTER/ECMWF/20170628/EN-18/20170628.en-18.asc
ncols			31
nrows			16
xllcorner		69.5
yllcorner		19.5
cellsize		1.0
NODATA_value	-99999
3.26157 5.31578 10.23102 3.14903 7.11632 5.27763 12.77924 13.62419 3.39508 0.62752 1.59454 5.31960 7.74384 6.57272 9.55963 4.93050 6.14929 4.58336 9.49669 7.49016 3.11661 1.31989 0.40054 1.27220 0.48065 0.27657 0.40054 0.33760 1.04713 0.00000 6.36673
5.46265 11.22284 17.02690 20.73288 10.42557 23.82469 16.39175 8.87108 6.21414 3.98254 2.48718 1.68419 3.55148 9.58061 20.81299 10.06889 3.17574 1.22452 12.33482 6.49261 3.83568 0.98610 0.76485 0.99373 1.01662 1.09482 0.53215 0.80109 0.66185 0.34714 0.54359
11.65581 18.06831 32.51076 21.98219 31.58188 23.22769 30.39551 16.09421 3.48854 1.53160 0.65422 1.03760 1.81961 2.27165 8.52585 9.45663 5.83458 2.88010 2.22778 5.25665 10.52856 6.03294 3.87955 6.61850 3.71361 0.70953 0.64659 0.27847 0.53596 0.50926 0.38147
59.77631 38.17177 18.75496 12.79449 25.72250 39.73770 43.01453 23.72742 4.57382 1.16730 1.35612 3.12614 3.80516 9.13239 7.10487 9.37843 5.73730 8.26263 2.97737 9.26590 6.85883 8.84628 13.67378 11.54709 2.43759 0.00000 1.10245 0.24796 0.16594 1.39427 1.85966
38.32436 33.70857 16.55197 8.30460 32.26662 38.18893 45.33005 3.88908 26.62086 12.61330 0.59128 1.56784 2.88200 3.82614 5.16701 5.28908 7.34520 11.69014 11.16180 7.55310 3.55721 6.95229 10.56480 6.14929 4.13513 4.66537 3.44276 0.98419 0.44441 0.68474 9.22585
27.76146 40.82298 18.86940 27.84729 11.30295 12.28142 17.83371 50.51422 7.74765 18.50510 64.52560 12.60376 6.09589 4.20761 8.08144 5.55038 3.75557 6.95801 9.19151 5.45692 1.57738 8.12912 18.53561 11.96289 10.47134 16.85905 2.26784 3.05176 11.26289 11.24001 9.92966
9.69124 24.65248 54.60358 45.14122 9.56154 0.66185 22.47238 21.53206 21.28029 9.47952 3.94821 21.68655 40.00092 6.73866 10.93864 4.04167 3.69453 4.29153 2.97546 9.32884 3.54576 7.16591 7.38907 1.81389 13.90266 18.53561 11.40213 5.61142 5.68008 5.25665 5.58090
6.84166 201.70784 27.80914 20.28656 2.53677 11.20567 16.37840 35.62546 43.97583 15.59067 16.47377 0.98610 1.76048 8.96263 16.44516 7.78961 7.66754 2.31361 1.18637 3.49236 7.68089 14.09149 4.08745 31.41975 50.72975 24.71733 13.28850 14.35852 64.34059 17.10892 7.14111
11.83510 10.49042 12.29668 2.51961 3.75748 7.57790 88.75656 41.04614 25.49362 30.95055 10.41794 8.47244 2.27165 0.35667 0.36812 0.19455 0.17166 3.55721 10.38361 38.51318 19.31763 13.25226 10.17761 40.64369 21.65222 26.88789 18.29910 56.52046 58.94470 9.95636 7.12395
4.84848 7.03049 2.92015 6.97327 4.21906 21.16776 29.24156 19.54842 17.43698 32.22466 22.30835 12.23183 4.67491 0.75722 0.54550 0.31090 0.28801 0.92125 2.13051 2.11716 10.90813 5.78308 57.11174 13.52692 5.17845 28.21922 30.36499 19.06395 19.77539 7.80869 3.68500
1.05095 2.54631 2.02179 1.24359 8.72421 1.08147 3.42560 5.02014 18.49937 22.76230 25.54131 13.39340 7.16782 2.65694 1.80054 0.47302 0.24414 1.56975 1.36948 1.96266 3.16811 6.85501 20.05386 28.02467 16.41655 24.85847 12.27188 22.62497 25.11978 6.58989 2.32697
3.12042 1.11961 1.38855 4.52423 6.26183 7.86781 9.75227 13.05962 5.39589 51.26190 14.75143 19.36150 21.70372 3.69835 1.98746 5.29861 2.63214 1.69945 3.60489 4.07982 2.19727 1.43814 2.95448 15.97977 16.55388 27.24648 9.80377 23.80562 14.61983 29.74319 10.55145
23.42796 2.27928 2.19536 0.83733 2.56157 2.79999 1.92261 3.25012 2.10762 4.09317 12.91847 28.22495 10.03075 2.63786 5.48553 35.73227 40.29846 5.67245 4.15611 5.78880 4.19807 5.93185 1.81580 12.46452 19.80591 10.69450 8.94928 8.39806 23.37837 22.98355 29.42848
18.55469 5.28717 0.86403 2.46048 2.48337 2.87247 3.00026 1.64223 3.42178 3.24059 12.21275 18.43643 12.69913 6.82640 8.19588 15.19966 20.84351 10.12039 9.11331 9.30977 3.87764 9.06944 7.56645 5.50079 11.02448 1.42860 1.93024 7.25365 17.81464 14.22501 18.13126
52.55508 33.82492 18.70346 10.48279 0.65994 3.88718 1.43051 2.10762 3.46565 1.72234 8.38280 4.58717 2.19154 3.19672 15.29884 16.75606 16.15143 45.91560 9.94492 5.33485 8.07571 8.66127 14.56833 9.11331 9.38606 11.55472 5.21660 7.21550 3.95966 9.63783 13.07487
23.13232 37.14180 34.37805 27.28462 3.00598 4.57954 5.58853 4.67873 2.87437 11.58524 3.29971 7.56073 2.56157 2.60162 1.01662 6.28281 17.52281 22.98927 28.41568 18.03017 6.99615 10.88333 15.54871 22.64023 23.27919 12.48741 24.72305 6.23322 4.54521 3.01743 12.47597
