DATA/RAW-RASTER/ECMWF/20170628/EN-18/20170705.en-18.asc
ncols			31
nrows			16
xllcorner		69.5
yllcorner		19.5
cellsize		1.0
NODATA_value	-99999
0.04578 0.00763 0.00000 0.17548 1.44196 0.86212 0.78583 0.11444 0.14496 0.02289 1.14441 1.31226 2.09045 1.61743 3.15094 1.61743 4.34113 2.72369 5.79834 0.58746 0.07629 0.38147 0.20599 0.08392 0.19836 0.64850 1.06049 3.21198 6.10352 7.87354 17.79175
0.00763 0.00000 0.00000 0.00763 0.86212 0.00000 0.01526 0.12207 0.00763 0.00763 0.07629 0.09918 0.50354 0.75531 1.79291 1.61743 1.17493 2.10571 4.53186 1.69373 0.33569 6.30188 4.35638 0.48065 0.53406 1.93787 2.83813 3.66974 4.78363 9.44519 12.36725
0.00000 0.00763 0.00000 0.06104 0.08392 0.93079 0.95367 0.07629 0.01526 0.00000 0.00000 0.00000 0.00763 0.00000 0.68665 2.84576 2.54822 4.66919 6.28662 6.26373 8.21686 16.41083 11.77216 3.04413 3.24249 1.07574 4.95148 4.41742 7.76672 3.99780 7.68280
0.00000 0.00000 0.00763 0.00763 0.00763 0.25940 9.57489 5.53131 0.04578 0.00000 0.00000 0.00000 0.00000 0.12207 1.15204 5.21851 6.76727 8.70514 10.99396 10.84900 4.87518 7.92694 18.98956 10.55145 7.11823 2.01416 15.48004 5.61523 8.85773 4.09698 11.93237
0.19073 0.00000 0.00000 0.00000 0.00000 0.00000 0.12970 1.46484 1.20544 0.04578 0.00000 0.00763 0.09918 1.42670 4.04358 6.14929 11.85608 9.00269 9.66644 2.67029 10.54382 4.88281 4.90570 2.13623 1.30463 0.57983 1.64795 14.32037 12.39014 16.14380 11.50513
0.00763 0.00000 0.00000 0.00000 0.00000 0.00000 0.00763 0.29755 1.03760 4.68445 6.03485 0.53406 4.24194 3.02124 7.96509 5.63812 7.94983 6.98853 8.73566 1.84631 2.60925 7.34711 11.69586 10.99396 15.26642 9.94873 3.51715 1.25885 8.35419 11.97052 17.21191
0.00000 0.00000 0.00000 0.00000 0.00000 0.00000 0.00000 0.00000 0.06104 1.62506 3.18146 12.44354 5.98145 12.06207 3.03650 3.79181 6.68335 2.51007 1.61743 8.28552 8.66699 6.71387 15.65552 4.67682 8.17871 21.36993 14.14490 6.21033 4.88281 1.49536 1.97601
0.00000 0.00000 0.00000 0.00000 0.00000 0.00763 0.00763 0.00763 0.08392 0.55695 0.53406 3.12042 3.28064 31.62384 14.04572 14.59503 9.48334 7.83539 22.12524 28.96881 19.08112 15.48767 4.24957 24.64294 15.84625 10.31494 87.75330 25.45929 17.26532 1.99890 1.31226
0.00000 0.00763 0.00000 0.00000 0.00000 0.00000 0.00763 0.00000 0.04578 0.02289 0.59509 1.54114 2.12860 4.62341 18.08929 3.67737 119.46106 43.01453 163.38348 155.25055 80.33752 30.80750 28.93829 6.66809 17.71545 4.18091 10.72693 73.33374 32.76062 2.12860 1.82343
0.02289 0.01526 0.03815 0.35095 0.28229 0.00763 0.00000 0.00000 0.03052 0.00000 0.00000 0.16022 1.05286 3.79944 13.38959 17.92145 15.75470 10.84900 14.92310 12.26044 16.03699 12.44354 13.48877 3.68500 5.82886 20.11871 18.95905 20.62988 54.03137 2.62451 1.85394
0.04578 0.22888 0.55695 0.14496 0.00763 0.00763 0.00000 0.00000 0.00763 0.00000 0.01526 0.00000 0.80109 5.30243 9.97162 49.04175 30.58624 58.67767 27.05383 15.20538 18.23425 11.68060 15.73181 4.08936 26.39008 18.38684 2.85339 8.50677 37.73499 6.19507 1.54877
0.11444 0.12207 0.86975 0.88501 0.30518 0.16785 0.00763 0.01526 0.01526 0.00763 0.00763 0.93079 0.18311 6.92749 8.72040 28.15247 43.91479 15.62500 22.76611 21.62170 13.29041 2.79236 1.74713 4.40979 17.79938 1.80817 2.25067 18.71490 4.57764 10.54382 2.15149
0.45776 0.21362 0.03815 0.12207 0.57983 0.40436 0.17548 0.36621 2.74658 0.61798 0.15259 4.60815 3.71552 4.27246 10.00214 27.50397 48.33221 9.46808 18.49365 18.48602 16.75415 12.25281 1.61743 10.05554 14.04572 4.63104 0.52643 6.77490 7.24792 7.33948 1.49536
0.22125 0.44250 0.04578 0.47302 0.77057 0.38910 1.12152 1.77002 1.05286 1.31989 4.47083 0.72479 0.99182 0.16022 0.86212 4.79126 16.60156 82.92389 25.55084 25.93231 12.19177 22.61353 2.13623 17.08221 2.89917 1.31989 0.23651 0.61798 13.90076 2.43378 1.15967
4.72260 5.40924 1.86920 2.68555 1.89209 1.66321 1.09100 1.66321 0.64850 0.86975 1.78528 2.70081 0.18311 0.09155 6.13403 4.11987 1.51825 10.60486 52.36816 7.88116 15.43427 9.49860 20.66040 12.87079 5.11169 0.80872 1.17493 1.25885 0.26703 6.78253 0.52643
3.66974 3.28827 5.54657 4.92096 1.02997 1.83868 1.59454 1.58691 1.23596 0.41962 3.15857 1.56403 1.09100 0.35095 1.26648 1.50299 13.49640 21.33942 33.18024 21.95740 6.36292 8.07953 15.49530 24.04785 9.45282 2.01416 1.28174 0.64850 1.28174 0.51880 0.22888
