DATA/SHG/ECMWF/20170628/EN-14/20170710.en-14.asc
ncols        190
nrows        64
xllcorner    -5100000.000000000000
yllcorner    4130000.000000000000
cellsize     10000.000000000000
NODATA_value  -99999.000
[rows 0 to 32 of 64, columns 0 to 73 of 190]
1.629 1.824 2.029 2.244 2.468 2.702 2.946 3.199 3.462 3.382 3.183 2.973 2.753 2.523 2.283 2.033 1.774 1.504 1.224 1.059 0.940 1.021 1.168 1.286 1.374 1.432 1.461 1.460 1.429 1.369 1.279 1.159 1.010 0.955 0.974 0.992 1.011 1.029 1.048 1.066 1.085 1.103 1.121 1.139 1.157 1.158 1.144 1.130 1.118 1.106 1.094 1.083 1.073 1.063 1.054 1.046 1.038 1.016 0.978 0.941 0.906 0.873 0.841 0.811 0.782 0.755 0.729 0.705 0.682 0.663 0.645 0.625 0.604 0.581
1.703 1.933 2.172 2.421 2.680 2.948 3.226 3.514 3.811 3.792 3.557 3.311 3.155 3.009 2.871 2.740 2.617 2.502 2.394 2.294 2.202 2.197 2.239 2.252 2.235 2.189 2.113 2.007 1.872 1.707 1.513 1.288 1.035 0.895 0.914 0.932 0.951 0.969 0.987 1.005 1.023 1.041 1.059 1.077 1.095 1.100 1.089 1.078 1.067 1.057 1.048 1.039 1.031 1.024 1.017 1.011 1.005 0.991 0.958 0.927 0.897 0.869 0.843 0.818 0.795 0.773 0.753 0.734 0.717 0.700 0.676 0.651 0.624 0.596
1.767 2.030 2.304 2.587 2.896 3.279 3.665 4.055 4.448 4.595 4.453 4.319 4.192 4.073 3.961 3.858 3.762 3.673 3.593 3.520 3.455 3.402 3.340 3.248 3.127 2.976 2.795 2.585 2.345 2.076 1.777 1.448 1.090 0.836 0.854 0.872 0.890 0.908 0.926 0.944 0.962 0.980 0.997 1.015 1.032 1.043 1.033 1.024 1.016 1.008 1.001 0.994 0.989 0.983 0.979 0.975 0.971 0.964 0.937 0.911 0.887 0.864 0.843 0.824 0.806 0.790 0.775 0.762 0.778 0.776 0.763 0.747 0.726 0.701
2.149 2.530 2.914 3.302 3.694 4.089 4.487 4.890 5.295 5.542 5.426 5.319 5.219 5.127 5.042 4.966 4.897 4.835 4.781 4.735 4.697 4.637 4.470 4.274 4.048 3.792 3.507 3.192 2.848 2.474 2.071 1.638 1.176 0.777 0.795 0.813 0.830 0.848 0.866 0.883 0.901 0.918 0.936 0.953 0.970 0.984 0.977 0.970 0.964 0.958 0.954 0.949 0.946 0.942 0.940 0.938 0.937 0.935 0.914 0.893 0.884 0.972 1.040 1.089 1.117 1.125 1.114 1.082 1.031 0.959 0.932 0.901 0.867 0.828
2.891 3.284 3.681 4.082 4.486 4.893 5.304 5.719 6.137 6.478 6.390 6.309 6.236 6.171 6.114 6.064 6.021 5.987 5.960 5.941 5.929 5.901 5.630 5.329 4.998 4.638 4.249 3.830 3.381 2.903 2.396 1.859 1.292 0.718 0.735 0.753 0.771 0.788 0.805 0.823 0.840 0.857 0.874 0.891 0.908 0.925 0.920 0.916 0.912 0.908 0.906 0.904 0.902 0.934 1.077 1.224 1.378 1.536 1.621 1.679 1.717 1.735 1.733 1.711 1.669 1.608 1.526 1.424 1.303 1.161 1.104 1.059 1.011 0.959
3.628 4.033 4.443 4.856 5.272 5.693 6.116 6.543 6.974 7.405 7.344 7.290 7.244 7.206 7.175 7.152 7.136 7.129 7.129 7.136 7.152 7.175 6.819 6.414 5.979 5.515 5.021 4.498 3.945 3.363 2.751 2.110 1.439 0.739 0.676 0.694 0.711 0.728 0.745 0.762 0.779 0.796 0.813 0.830 0.846 0.863 0.912 1.036 1.165 1.300 1.440 1.585 1.735 1.891 2.052 2.218 2.390 2.567 2.612 2.600 2.568 2.516 2.444 2.352 2.240 2.108 1.957 1.785 1.593 1.382 1.279 1.221 1.159 1.093
4.359 4.778 5.200 5.625 6.054 6.487 6.923 7.363 7.806 8.253 8.288 8.261 8.242 8.230 8.226 8.230 8.242 8.261 8.288 8.322 8.364 8.414 8.037 7.528 6.989 6.420 5.822 5.195 4.538 3.852 3.136 2.391 1.616 0.812 0.617 0.634 0.651 0.668 0.685 0.783 0.936 1.083 1.223 1.356 1.482 1.602 1.733 1.875 2.023 2.176 2.334 2.498 2.667 2.841 3.021 3.206 3.396 3.591 3.621 3.539 3.437 3.315 3.173 3.011 2.829 2.627 2.406 2.164 1.903 1.621 1.458 1.386 1.310 1.231
5.086 5.517 5.951 6.389 6.831 7.276 7.724 8.176 8.632 9.091 9.222 9.222 9.230 9.245 9.268 9.299 9.337 9.383 9.437 9.498 9.567 9.643 9.285 8.672 8.029 7.356 6.654 5.922 5.162 4.371 3.551 2.702 1.914 1.177 0.995 1.158 1.315 1.465 1.607 1.744 1.873 1.996 2.112 2.221 2.324 2.419 2.547 2.708 2.874 3.045 3.222 3.404 3.592 3.785 3.983 4.186 4.395 4.609 4.648 4.496 4.324 4.132 3.920 3.688 3.436 3.165 2.873 2.562 2.230 1.879 1.641 1.555 1.465 1.372
5.807 6.251 6.697 7.148 7.602 8.059 8.520 8.985 9.453 9.925 10.147 10.174 10.208 10.250 10.300 10.358 10.423 10.495 10.576 10.664 10.759 10.863 10.563 9.845 9.098 8.242 7.406 6.599 5.820 5.069 4.346 3.651 2.985 2.346 2.081 2.220 2.352 2.478 2.597 2.710 2.815 2.914 3.006 3.092 3.170 3.242 3.354 3.533 3.718 3.908 4.104 4.304 4.510 4.721 4.938 5.160 5.387 5.620 5.693 5.471 5.229 4.967 4.685 4.383 4.062 3.720 3.359 2.978 2.577 2.156 1.826 1.727 1.624 1.516
6.523 6.979 7.439 7.902 8.368 8.838 9.311 9.788 10.269 10.753 11.062 11.116 11.177 11.246 11.322 11.407 11.498 11.571 11.473 11.394 11.333 11.291 10.970 10.148 9.356 8.591 7.854 7.146 6.465 5.813 5.189 4.593 4.025 3.485 3.171 3.287 3.395 3.497 3.593 3.681 3.763 3.838 3.906 3.968 4.023 4.071 4.155 4.353 4.556 4.765 4.978 5.198 5.422 5.652 5.887 6.127 6.373 6.624 6.756 6.464 6.152 5.820 5.469 5.097 4.706 4.294 3.863 3.412 2.941 2.451 2.016 1.903 1.785 1.664
7.235 7.703 8.175 8.650 9.129 9.611 10.097 10.587 11.080 11.576 11.887 11.724 11.580 11.455 11.348 11.260 11.190 11.139 11.107 11.093 11.097 11.120 10.993 10.270 9.576 8.910 8.272 7.662 7.081 6.527 6.001 5.504 5.035 4.594 4.267 4.359 4.444 4.522 4.593 4.658 4.716 4.767 4.812 4.850 4.881 4.905 4.949 5.166 5.387 5.614 5.847 6.084 6.327 6.575 6.829 7.088 7.352 7.621 7.837 7.475 7.093 6.692 6.270 5.829 5.368 4.887 4.386 3.865 3.325 2.764 2.209 2.082 1.951 1.816
7.941 8.421 8.906 9.293 9.581 9.854 10.113 10.358 10.589 10.806 10.977 10.880 10.802 10.742 10.701 10.678 10.674 10.688 10.721 10.772 10.842 10.931 10.987 10.363 9.767 9.200 8.661 8.149 7.666 7.211 6.784 6.385 6.014 5.671 5.368 5.436 5.497 5.552 5.599 5.640 5.674 5.702 5.723 5.737 5.744 5.745 5.738 5.972 6.212 6.458 6.708 6.964 7.226 7.492 7.764 8.042 8.324 8.612 8.905 8.504 8.053 7.581 7.090 6.579 6.048 5.497 4.927 4.430 4.011 3.607 3.219 3.236 3.274 3.298
7.872 8.153 8.419 8.671 8.909 9.132 9.342 9.538 9.719 9.887 10.040 10.017 10.004 10.010 10.034 10.077 10.138 10.217 10.316 10.432 10.568 10.722 10.894 10.426 9.929 9.460 9.019 8.606 8.222 7.865 7.536 7.236 6.963 6.719 6.503 6.519 6.556 6.587 6.611 6.628 6.638 6.642 6.639 6.629 6.613 6.590 6.560 6.772 7.030 7.294 7.563 7.838 8.118 8.403 8.693 8.989 9.290 9.596 9.908 9.551 9.058 8.586 8.129 7.687 7.260 6.849 6.452 6.070 5.703 5.351 5.015 4.945 4.932 4.904
7.414 7.645 7.862 8.064 8.253 8.427 8.587 8.734 8.866 8.984 9.088 9.135 9.188 9.259 9.348 9.456 9.583 9.728 9.891 10.074 10.274 10.493 10.731 10.459 10.061 9.690 9.348 9.034 8.747 8.489 8.259 8.057 7.882 7.736 7.618 7.607 7.620 7.627 7.627 7.621 7.608 7.587 7.561 7.527 7.487 7.440 7.387 7.565 7.842 8.124 8.412 8.705 9.003 9.299 9.605 9.923 10.252 10.592 10.944 10.751 10.316 9.897 9.492 9.102 8.727 8.368 8.023 7.693 7.379 7.079 6.794 6.665 6.600 6.521
6.972 7.154 7.321 7.474 7.613 7.738 7.849 7.946 8.029 8.098 8.152 8.235 8.353 8.489 8.644 8.817 9.009 9.219 9.448 9.695 9.961 10.246 10.548 10.464 10.163 9.891 9.647 9.431 9.243 9.083 8.951 8.847 8.771 8.723 8.703 8.700 8.690 8.673 8.650 8.619 8.582 8.539 8.488 8.431 8.367 8.297 8.187 8.297 8.574 8.863 9.163 9.475 9.798 10.132 10.478 10.836 11.204 11.585 11.976 11.941 11.559 11.191 10.839 10.501 10.178 9.871 9.578 9.300 9.038 8.790 8.557 8.396 8.281 8.150
6.546 6.678 6.796 6.900 6.990 7.065 7.127 7.175 7.208 7.228 7.233 7.316 7.499 7.701 7.921 8.159 8.416 8.692 8.986 9.298 9.629 9.979 10.347 10.438 10.236 10.063 9.917 9.799 9.709 9.647 9.614 9.608 9.630 9.680 9.758 9.799 9.765 9.724 9.664 9.525 9.395 9.273 9.159 9.054 8.956 8.867 8.785 8.877 9.195 9.523 9.863 10.215 10.578 10.953 11.339 11.736 12.145 12.565 12.997 13.116 12.785 12.470 12.169 11.883 11.613 11.357 11.116 10.891 10.680 10.484 10.303 10.139 9.972 9.791
6.136 6.219 6.288 6.342 6.383 6.409 6.421 6.420 6.404 6.374 6.331 6.378 6.626 6.893 7.178 7.482 7.804 8.145 8.504 8.882 9.278 9.693 10.126 10.384 10.280 10.205 10.157 10.137 10.146 10.182 10.246 10.303 10.305 10.335 10.392 10.404 10.270 10.144 10.026 9.916 9.814 9.721 9.635 9.558 9.489 9.427 9.375 9.445 9.802 10.171 10.551 10.943 11.346 11.760 12.186 12.624 13.072 13.533 14.004 14.274 13.995 13.732 13.483 13.250 13.031 12.827 12.639 12.465 12.306 12.162 12.033 11.894 11.675 11.442
5.743 5.776 5.795 5.800 5.792 5.769 5.732 5.681 5.616 5.537 5.444 5.422 5.735 6.067 6.417 6.786 7.174 7.579 8.004 8.446 8.908 9.387 9.885 10.300 10.240 10.146 10.079 10.040 10.029 10.046 10.090 10.161 10.261 10.387 10.542 10.672 10.566 10.469 10.379 10.298 10.224 10.159 10.102 10.053 10.012 9.979 9.955 10.001 10.398 10.807 11.227 11.658 12.101 12.556 13.022 13.499 13.987 14.487 14.999 15.416 15.189 14.978 14.781 14.600 14.433 14.281 14.144 14.022 13.916 13.824 13.747 13.659 13.390 13.106
5.365 5.349 5.319 5.275 5.217 5.145 5.059 4.959 4.845 4.717 4.575 4.446 4.825 5.222 5.638 6.072 6.524 6.986 7.433 7.865 8.281 8.680 9.064 9.416 9.391 9.394 9.425 9.483 9.569 9.682 9.823 9.992 10.188 10.411 10.663 10.932 10.854 10.785 10.724 10.671 10.626 10.589 10.560 10.539 10.527 10.522 10.526 10.544 10.981 11.430 11.890 12.362 12.844 13.339 13.844 14.361 14.890 15.430 15.981 16.542 16.367 16.208 16.063 15.933 15.819 15.719 15.634 15.564 15.509 15.469 15.443 15.433 15.116 14.781
5.003 4.938 4.859 4.766 4.658 4.537 4.402 4.253 4.090 3.913 3.792 3.679 4.107 4.578 5.033 5.473 5.897 6.304 6.696 7.072 7.432 7.776 8.104 8.416 8.515 8.615 8.742 8.897 9.080 9.290 9.528 9.793 10.086 10.407 10.755 11.131 11.133 11.092 11.059 11.035 11.018 11.010 11.009 11.017 11.033 11.056 11.088 11.129 11.552 12.041 12.541 13.052 13.575 14.109 14.655 15.212 15.780 16.360 16.951 17.553 17.530 17.422 17.329 17.251 17.188 17.140 17.107 17.089 17.085 17.097 17.124 17.165 16.853 16.467
4.657 4.543 4.415 4.335 4.248 4.154 4.052 3.943 3.827 3.703 3.572 3.433 3.721 4.136 4.536 4.920 5.288 5.640 5.976 6.297 6.601 6.890 7.162 7.419 7.611 7.807 8.032 8.284 8.563 8.870 9.205 9.567 9.957 10.374 10.819 11.291 11.404 11.391 11.387 11.390 11.402 11.422 11.449 11.485 11.530 11.582 11.642 11.710 12.111 12.640 13.179 13.731 14.293 14.867 15.452 16.049 16.657 17.277 17.908 18.550 18.676 18.620 18.579 18.553 18.541 18.545 18.564 18.461 18.144 17.824 17.501 17.176 16.569 15.876
4.599 4.509 4.411 4.305 4.192 4.072 3.945 3.810 3.667 3.518 3.360 3.196 3.352 3.712 4.057 4.385 4.697 4.994 5.275 5.539 5.788 6.021 6.238 6.440 6.679 6.972 7.294 7.642 8.018 8.422 8.854 9.312 9.799 10.313 10.854 11.423 11.666 11.681 11.705 11.737 11.777 11.825 11.881 11.945 12.018 12.098 12.187 12.283 12.658 13.226 13.806 14.397 14.999 15.613 16.238 16.874 17.522 18.182 18.852 19.534 19.660 19.353 19.043 18.730 18.415 18.096 17.775 17.451 17.124 16.795 16.462 16.127 15.617 15.006
4.656 4.539 4.415 4.284 4.145 3.999 3.845 3.684 3.516 3.340 3.157 2.967 3.001 3.306 3.595 3.867 4.124 4.365 4.591 4.800 4.993 5.171 5.333 5.478 5.719 6.110 6.527 6.973 7.446 7.946 8.474 9.030 9.613 10.223 10.861 11.527 11.919 11.963 12.015 12.075 12.143 12.219 12.304 12.396 12.497 12.606 12.722 12.847 13.192 13.800 14.419 15.050 15.692 16.203 16.624 17.041 17.452 17.857 18.258 18.653 18.722 18.405 18.085 17.763 17.437 17.109 16.778 16.445 16.108 15.769 15.427 15.083 14.644 14.115
4.720 4.578 4.428 4.270 4.106 3.933 3.754 3.567 3.373 3.171 2.962 2.746 2.668 2.917 3.150 3.367 3.569 3.755 3.924 4.078 4.216 4.338 4.445 4.535 4.732 5.219 5.733 6.275 6.845 7.442 8.066 8.718 9.398 10.105 10.839 11.601 12.163 12.236 12.316 12.404 12.501 12.605 12.718 12.839 12.967 13.104 13.109 13.078 13.200 13.630 14.055 14.474 14.888 15.297 15.700 16.098 16.491 16.879 17.261 17.638 17.787 17.460 17.131 16.799 16.464 16.127 15.786 15.443 15.097 14.748 14.397 14.042 13.651 13.203
4.793 4.624 4.448 4.265 4.074 3.876 3.671 3.458 3.238 3.010 2.776 2.533 2.352 2.546 2.723 2.885 3.031 3.161 3.276 3.374 3.457 3.524 3.575 3.610 3.717 4.301 4.912 5.550 6.216 6.910 7.631 8.379 9.155 9.958 10.789 11.648 12.399 12.500 12.608 12.552 12.483 12.425 12.378 12.341 12.316 12.301 12.297 12.304 12.391 12.803 13.209 13.610 14.006 14.397 14.782 15.162 15.537 15.906 16.270 16.629 16.856 16.520 16.181 15.840 15.495 15.148 14.798 14.445 14.089 13.731 13.370 13.006 12.637 12.271
4.875 4.679 4.477 4.268 4.051 3.827 3.596 3.357 3.111 2.858 2.597 2.329 2.054 2.192 2.314 2.420 2.511 2.586 2.645 2.688 2.715 2.727 2.722 2.702 2.675 3.355 4.062 4.797 5.560 6.350 7.167 8.010 8.788 9.540 10.266 10.965 11.621 11.558 11.506 11.464 11.433 11.413 11.404 11.406 11.418 11.441 11.475 11.520 11.588 11.982 12.370 12.753 13.130 13.503 13.870 14.232 14.589 14.940 15.286 15.627 15.930 15.584 15.236 14.884 14.530 14.173 13.814 13.451 13.086 12.718 12.347 11.974 11.602 11.318
4.961 4.742 4.514 4.279 4.037 3.787 3.530 3.265 2.993 2.714 2.427 2.133 1.832 1.855 1.922 1.973 2.008 2.028 2.032 2.019 1.991 1.948 1.888 1.813 1.741 2.495 3.338 4.156 4.947 5.713 6.452 7.165 7.852 8.513 9.148 9.756 10.339 10.385 10.371 10.367 10.374 10.392 10.421 10.460 10.511 10.572 10.644 10.727 10.820 11.167 11.537 11.902 12.261 12.616 12.965 13.308 13.647 13.980 14.308 14.631 14.948 14.652 14.294 13.933 13.569 13.203 12.834 12.461 12.087 11.709 11.329 10.945 10.560 10.345
5.019 4.813 4.559 4.298 4.030 3.754 3.471 3.181 2.883 2.578 2.265 1.945 1.618 1.536 1.548 1.543 1.523 1.533 1.622 1.688 1.732 1.754 1.753 1.730 1.684 2.224 2.976 3.703 4.403 5.077 5.726 6.348 6.944 7.514 8.058 8.575 9.067 9.202 9.226 9.260 9.305 9.361 9.428 9.505 9.594 9.693 9.803 9.923 10.055 10.358 10.710 11.057 11.398 11.734 12.065 12.391 12.711 13.027 13.336 13.641 13.940 13.724 13.356 12.986 12.612 12.236 11.857 11.476 11.091 10.704 10.314 9.921 9.526 9.350
5.049 4.892 4.613 4.326 4.031 3.730 3.421 3.105 2.781 2.450 2.230 2.082 1.850 1.783 1.883 1.960 2.015 2.048 2.058 2.046 2.012 1.955 1.876 1.774 1.650 1.980 2.641 3.277 3.886 4.470 5.027 5.558 6.064 6.543 6.996 7.423 7.823 8.010 8.072 8.144 8.227 8.321 8.425 8.541 8.667 8.804 8.952 9.110 9.279 9.556 9.889 10.218 10.541 10.860 11.172 11.480 11.782 12.079 12.371 12.658 12.939 12.800 12.422 12.042 11.659 11.274 10.885 10.494 10.100 9.703 9.304 8.901 8.496 8.335
5.051 4.979 4.674 4.689 4.831 4.890 4.866 4.759 4.568 4.295 3.938 3.498 2.975 2.635 2.656 2.655 2.632 2.586 2.518 2.428 2.315 2.180 2.022 1.842 1.640 1.764 2.334 2.879 3.397 3.890 4.356 4.797 5.211 5.600 5.962 6.298 6.608 6.809 6.908 7.018 7.139 7.271 7.413 7.566 7.730 7.905 8.091 8.287 8.494 8.759 9.075 9.386 9.691 9.991 10.286 10.575 10.859 11.138 11.412 11.681 11.944 11.880 11.493 11.103 10.711 10.315 9.917 9.516 9.129 8.769 8.412 8.060 7.711 7.564
8.146 8.577 8.594 8.527 8.377 8.144 7.829 7.429 6.947 6.382 5.734 5.002 4.187 3.509 3.452 3.373 3.271 3.147 3.001 2.832 2.641 2.428 2.192 1.934 1.653 1.575 2.054 2.508 2.936 3.338 3.713 4.063 4.387 4.684 4.956 5.201 5.421 5.598 5.735 5.883 6.042 6.211 6.391 6.582 6.784 6.997 7.220 7.454 7.699 7.969 8.267 8.559 8.847 9.129 9.405 9.677 9.943 10.204 10.460 10.710 10.955 10.973 10.599 10.230 9.864 9.502 9.144 8.789 8.438 8.091 7.748 7.408 7.072 6.877
12.844 13.085 12.809 12.451 12.009 11.485 10.877 10.187 9.413 8.557 7.617 6.594 5.488 4.407 4.272 4.114 3.934 3.732 3.507 3.260 2.991 2.699 2.385 2.049 1.690 1.413 1.802 2.165 2.502 2.813 3.098 3.357 3.590 3.797 3.978 4.133 4.262 4.377 4.552 4.738 4.935 5.142 5.360 5.589 5.829 6.079 6.340 6.612 6.895 7.185 7.465 7.739 8.008 8.272 8.569 8.875 9.163 9.431 9.681 9.911 10.122 10.188 9.828 9.471 9.119 8.770 8.424 8.083 7.745 7.411 7.080 6.754 6.431 6.196
17.616 17.632 17.111 16.461 15.728 14.912 14.013 13.031 11.966 10.818 9.588 8.274 6.877 5.397 5.114 4.878 4.620 4.339 4.036 3.711 3.364 2.994 2.602 2.187 1.751 1.292 1.577 1.850 2.096 2.316 2.511 2.679 2.821 2.938 3.028 3.092 3.131 3.147 3.360 3.584 3.818 4.063 4.319 4.586 4.863 5.151 5.450 5.838 6.260 6.677 7.013 7.329 7.627 7.905 8.165 8.405 8.626 8.828 9.011 9.175 9.319 9.401 9.054 8.710 8.371 8.035 7.702 7.374 7.049 6.728 6.410 6.097 5.787 5.518
