DATA/SHG/ECMWF/20170628/EN-14/20170707.en-14.asc
ncols        190
nrows        64
xllcorner    -5100000.000000000000
yllcorner    4130000.000000000000
cellsize     10000.000000000000
NODATA_value  -99999.000
[rows 0 to 31 of 64, columns 72 to 143 of 190]
11.473 11.691 11.921 12.162 12.414 12.678 12.953 13.239 13.537 13.689 13.375 13.016 12.677 12.359 12.061 11.784 11.527 11.291 11.076 10.881 10.707 10.573 10.504 10.429 10.355 10.284 10.214 10.146 10.079 10.015 9.952 9.891 9.832 9.881 10.271 10.645 11.004 11.349 11.678 11.992 12.291 12.575 12.844 13.098 13.336 13.456 13.243 13.028 12.808 12.585 12.358 12.127 11.893 11.655 11.414 11.168 10.919 10.768 10.902 11.013 11.103 11.172 11.218 11.243 11.245 11.226 11.186 11.123 11.039 10.815 10.256 9.704
12.058 12.316 12.585 12.792 12.960 13.108 13.236 13.343 13.430 13.430 13.122 12.835 12.568 12.322 12.096 11.891 11.706 11.542 11.398 11.275 11.173 11.093 11.032 10.965 10.899 10.835 10.773 10.713 10.654 10.598 10.543 10.489 10.438 10.431 10.753 11.060 11.352 11.629 11.891 12.138 12.370 12.586 12.788 12.975 13.146 13.255 13.026 12.794 12.558 12.318 12.075 11.828 11.577 11.323 11.064 10.803 10.537 10.312 10.349 10.364 10.356 10.328 10.277 10.205 10.110 9.995 9.857 9.697 9.516 9.264 8.732 8.205
12.406 12.565 12.702 12.820 12.917 12.994 13.050 13.087 13.102 13.087 12.851 12.635 12.440 12.266 12.112 11.979 11.866 11.773 11.702 11.650 11.620 11.610 11.557 11.498 11.440 11.384 11.330 11.277 11.226 11.177 11.130 11.085 11.041 10.999 11.252 11.491 11.716 11.926 12.120 12.300 12.464 12.614 12.748 12.868 12.972 13.059 12.813 12.565 12.312 12.056 11.796 11.533 11.265 10.994 10.720 10.441 10.160 9.880 9.819 9.737 9.633 9.507 9.359 9.190 8.999 8.786 8.552 8.296 8.018 7.807 7.508 7.222
12.667 12.754 12.821 12.867 12.893 12.899 12.884 12.849 12.794 12.718 12.561 12.417 12.294 12.191 12.109 12.048 12.007 11.986 11.986 12.006 12.047 12.109 12.080 12.028 11.978 11.930 11.883 11.839 11.796 11.755 11.715 11.678 11.642 11.608 11.766 11.938 12.096 12.238 12.366 12.478 12.575 12.658 12.725 12.777 12.814 12.837 12.605 12.340 12.071 11.798 11.522 11.242 10.958 10.671 10.379 10.085 9.786 9.484 9.313 9.133 8.993 8.902 8.807 8.710 8.608 8.503 8.395 8.284 8.169 8.050 7.821 7.598
12.947 12.963 12.958 12.933 12.888 12.823 12.737 12.631 12.504 12.357 12.253 12.181 12.129 12.099 12.088 12.098 12.129 12.180 12.251 12.344 12.456 12.589 12.599 12.556 12.513 12.473 12.434 12.397 12.362 12.329 12.297 12.268 12.239 12.213 12.296 12.401 12.491 12.566 12.627 12.672 12.702 12.717 12.718 12.703 12.673 12.628 12.401 12.119 11.833 11.544 11.252 10.990 10.761 10.537 10.317 10.103 9.894 9.690 9.572 9.472 9.369 9.263 9.153 9.040 8.923 8.803 8.679 8.552 8.422 8.288 8.121 7.960
13.246 13.190 13.114 13.018 12.902 12.765 12.609 12.431 12.234 12.016 11.926 11.926 11.946 11.987 12.048 12.130 12.232 12.355 12.498 12.662 12.846 13.050 13.117 13.080 13.046 13.013 12.983 12.953 12.926 12.901 12.877 12.855 12.834 12.816 12.841 12.879 12.902 12.911 12.904 12.882 12.845 12.793 12.733 12.675 12.619 12.565 12.393 12.161 11.933 11.711 11.494 11.282 11.075 10.873 10.676 10.484 10.297 10.115 9.982 9.867 9.748 9.627 9.501 9.373 9.241 9.105 8.966 8.824 8.678 8.529 8.406 8.307
13.563 13.436 13.289 13.122 12.935 12.727 12.499 12.251 11.983 11.694 11.581 11.653 11.745 11.857 11.990 12.143 12.317 12.511 12.726 12.961 13.216 13.492 13.631 13.603 13.576 13.551 13.528 13.507 13.487 13.469 13.453 13.439 13.427 13.374 13.305 13.240 13.177 13.116 13.057 13.000 12.945 12.892 12.842 12.793 12.747 12.702 12.568 12.358 12.153 11.953 11.758 11.568 11.384 11.204 11.029 10.859 10.694 10.534 10.394 10.264 10.130 9.993 9.853 9.709 9.562 9.411 9.257 9.099 8.938 8.773 8.677 8.640
13.899 13.701 13.483 13.245 12.987 12.708 12.409 12.090 11.751 11.391 11.218 11.361 11.524 11.708 11.913 12.138 12.383 12.648 12.935 13.241 13.568 13.916 14.142 14.122 14.035 13.927 13.828 13.738 13.656 13.583 13.519 13.464 13.417 13.379 13.337 13.281 13.228 13.176 13.126 13.079 13.033 12.990 12.948 12.909 12.872 12.837 12.737 12.549 12.367 12.189 12.017 11.849 11.686 11.529 11.376 11.228 11.086 10.948 10.810 10.665 10.516 10.363 10.207 10.048 9.885 9.719 9.550 9.377 9.200 9.021 8.934 8.958
14.253 13.984 13.696 13.387 13.058 12.708 12.338 11.948 11.538 11.108 10.836 11.051 11.286 11.541 11.817 12.113 12.420 12.693 12.955 13.209 13.452 13.687 13.845 13.759 13.681 13.613 13.552 13.501 13.458 13.424 13.399 13.382 13.374 13.374 13.367 13.321 13.276 13.234 13.193 13.155 13.119 13.085 13.052 13.022 12.994 12.969 12.901 12.736 12.575 12.420 12.269 12.124 11.983 11.848 11.718 11.592 11.472 11.356 11.229 11.068 10.904 10.736 10.565 10.390 10.212 10.031 9.846 9.658 9.466 9.271 9.176 9.262
14.626 14.287 13.927 13.547 13.147 12.727 12.286 11.826 11.345 10.854 10.496 10.792 11.079 11.356 11.624 11.882 12.131 12.370 12.600 12.820 13.030 13.231 13.405 13.358 13.319 13.289 13.267 13.255 13.251 13.255 13.268 13.290 13.321 13.360 13.395 13.358 13.323 13.289 13.258 13.229 13.202 13.177 13.154 13.133 13.115 13.098 13.059 12.916 12.778 12.645 12.516 12.393 12.275 12.162 12.053 11.950 11.852 11.759 11.651 11.475 11.295 11.112 10.925 10.736 10.542 10.346 10.146 9.942 9.735 9.525 9.405 9.552
15.018 14.607 14.137 13.620 13.118 12.630 12.156 11.697 11.252 10.822 10.414 10.677 10.931 11.175 11.409 11.635 11.850 12.056 12.253 12.440 12.617 12.785 12.951 12.947 12.947 12.956 12.973 12.999 13.034 13.077 13.129 13.190 13.259 13.337 13.421 13.393 13.367 13.343 13.321 13.301 13.283 13.267 13.254 13.242 13.233 13.225 13.212 13.091 12.975 12.864 12.758 12.657 12.561 12.470 12.384 12.303 12.227 12.155 12.075 11.884 11.689 11.491 11.289 11.084 10.875 10.663 10.448 10.229 10.007 9.781 9.619 9.828
14.717 14.222 13.741 13.274 12.822 12.384 11.961 11.551 11.157 10.776 10.410 10.571 10.791 11.002 11.204 11.396 11.578 11.751 11.915 12.069 12.213 12.348 12.481 12.528 12.566 12.614 12.670 12.734 12.808 12.889 12.980 13.079 13.187 13.304 13.429 13.425 13.408 13.393 13.381 13.370 13.362 13.355 13.351 13.348 13.348 13.350 13.354 13.261 13.167 13.078 12.994 12.915 12.841 12.772 12.708 12.649 12.595 12.546 12.502 12.296 12.086 11.873 11.656 11.435 11.211 10.984 10.754 10.520 10.282 10.124 10.114 10.618
14.208 13.763 13.332 12.915 12.513 12.125 11.752 11.393 11.048 10.718 10.402 10.473 10.661 10.839 11.007 11.166 11.316 11.456 11.586 11.707 11.819 11.920 12.020 12.099 12.176 12.262 12.357 12.460 12.572 12.692 12.822 12.960 13.106 13.261 13.425 13.455 13.448 13.442 13.439 13.437 13.438 13.441 13.445 13.452 13.461 13.472 13.486 13.425 13.353 13.286 13.225 13.168 13.116 13.069 13.027 12.990 12.959 12.932 12.910 12.712 12.466 12.231 12.040 11.894 11.793 11.736 11.725 11.758 11.835 11.958 12.125 12.774
13.686 13.291 12.910 12.544 12.192 11.854 11.530 11.221 10.926 10.646 10.380 10.385 10.539 10.684 10.820 10.945 11.062 11.169 11.266 11.354 11.433 11.502 11.568 11.661 11.777 11.901 12.035 12.176 12.327 12.486 12.654 12.830 13.015 13.209 13.411 13.483 13.485 13.488 13.494 13.502 13.512 13.524 13.538 13.554 13.572 13.592 13.615 13.583 13.534 13.489 13.449 13.354 13.208 13.077 12.961 12.860 12.774 12.704 12.648 12.545 12.464 12.427 12.435 12.488 12.586 12.728 12.915 13.147 13.423 13.745 14.111 14.887
13.151 12.806 12.476 12.159 11.857 11.569 11.296 11.037 10.792 10.561 10.345 10.305 10.426 10.538 10.641 10.734 10.817 10.891 10.955 11.010 11.056 11.092 11.125 11.214 11.368 11.531 11.703 11.884 12.073 12.271 12.477 12.692 12.915 13.148 13.389 13.509 13.519 13.532 13.547 13.564 13.583 13.605 13.558 13.441 13.322 13.200 13.077 12.936 12.797 12.672 12.563 12.469 12.391 12.327 12.279 12.246 12.228 12.225 12.238 12.298 12.415 12.578 12.784 13.036 13.332 13.673 14.059 14.489 14.964 15.484 16.048 16.958
12.604 12.309 12.029 11.762 11.510 11.272 11.049 10.839 10.644 10.464 10.297 10.234 10.322 10.401 10.471 10.531 10.581 10.622 10.653 10.676 10.688 10.691 10.691 10.757 10.950 11.152 11.363 11.582 11.809 12.045 12.290 12.544 12.806 13.019 13.176 13.218 13.107 12.993 12.878 12.760 12.640 12.518 12.394 12.268 12.139 12.008 11.876 11.766 11.694 11.637 11.596 11.570 11.559 11.563 11.582 11.617 11.666 11.731 11.811 12.005 12.321 12.682 13.087 13.538 14.032 14.572 15.156 15.785 16.458 17.176 17.939 18.986
12.045 11.800 11.569 11.352 11.150 10.962 10.788 10.629 10.484 10.353 10.237 10.172 10.227 10.273 10.309 10.336 10.354 10.362 10.361 10.350 10.329 10.300 10.267 10.292 10.511 10.714 10.907 11.089 11.262 11.425 11.577 11.720 11.852 11.974 12.086 12.125 12.004 11.881 11.756 11.629 11.499 11.368 11.234 11.098 10.960 10.820 10.678 10.580 10.576 10.587 10.614 10.655 10.712 10.784 10.871 10.973 11.090 11.223 11.370 11.667 12.181 12.741 13.344 13.993 14.686 15.424 16.206 17.033 17.905 18.821 19.782 20.972
11.472 11.277 11.096 10.930 10.777 10.639 10.515 10.406 10.310 10.229 10.163 10.118 10.141 10.154 10.157 10.151 10.145 10.221 10.249 10.227 10.156 10.037 9.873 9.713 9.881 10.040 10.188 10.326 10.453 10.571 10.679 10.776 10.864 10.941 11.009 11.035 10.905 10.772 10.638 10.501 10.362 10.221 10.078 9.933 9.786 9.636 9.485 9.381 9.444 9.523 9.617 9.726 9.850 9.990 10.144 10.314 10.499 10.699 10.914 11.283 11.996 12.753 13.555 14.402 15.293 16.229 17.210 18.235 19.305 20.419 21.578 22.915
10.887 10.742 10.611 10.494 10.392 10.303 10.229 10.170 10.124 10.127 10.323 10.558 10.711 10.813 10.865 10.869 10.824 10.729 10.586 10.393 10.151 9.861 9.525 9.153 9.264 9.378 9.481 9.574 9.657 9.730 9.793 9.846 9.888 9.921 9.944 9.949 9.809 9.668 9.524 9.378 9.229 9.079 8.926 8.772 8.615 8.456 8.295 8.167 8.298 8.444 8.605 8.782 8.974 9.181 9.403 9.640 9.892 10.160 10.443 10.853 11.764 12.720 13.720 14.765 15.855 16.989 18.167 19.390 20.658 21.970 23.327 24.817
10.290 10.194 10.144 10.204 10.303 10.441 10.617 10.832 11.085 11.378 11.709 12.078 12.117 12.048 11.930 11.762 11.546 11.281 10.966 10.603 10.191 9.729 9.222 8.677 8.659 8.728 8.786 8.835 8.873 8.901 8.919 8.927 8.925 8.913 8.891 8.859 8.718 8.567 8.413 8.258 8.100 7.940 7.778 7.614 7.448 7.280 7.109 6.938 7.136 7.350 7.579 7.823 8.083 8.357 8.647 8.951 9.271 9.606 9.956 10.378 11.488 12.641 13.840 15.082 16.370 17.702 19.078 20.499 21.964 23.474 25.029 26.676
10.140 10.258 10.414 10.609 10.843 11.115 11.426 11.776 12.164 12.591 13.056 13.561 13.567 13.327 13.037 12.699 12.312 11.876 11.391 10.857 10.274 9.642 8.963 8.246 8.066 8.090 8.104 8.108 8.101 8.085 8.058 8.021 7.975 7.918 7.851 7.774 7.630 7.470 7.307 7.142 6.975 6.806 6.634 6.461 6.285 6.107 5.927 5.745 5.961 6.242 6.539 6.850 7.177 7.519 7.876 8.248 8.635 9.037 9.455 9.888 11.165 12.517 13.913 15.353 16.839 18.368 19.942 21.561 23.224 24.931 26.692 28.500
10.105 10.357 10.648 10.978 11.346 11.753 12.198 12.683 13.205 13.767 14.367 15.005 15.059 14.648 14.188 13.679 13.122 12.515 11.859 11.155 10.401 9.599 8.748 7.859 7.486 7.465 7.434 7.393 7.342 7.280 7.209 7.128 7.037 6.935 6.824 6.702 6.546 6.376 6.204 6.030 5.853 5.675 5.494 5.311 5.126 4.939 4.750 4.558 4.771 5.119 5.483 5.862 6.256 6.666 7.090 7.529 7.984 8.454 8.939 9.438 10.797 12.408 14.134 15.875 17.632 19.405 21.193 22.997 24.816 26.651 28.502 30.368
10.033 10.420 10.845 11.310 11.812 12.354 12.934 13.552 14.209 14.905 15.639 16.412 16.595 16.013 15.382 14.703 13.975 13.197 12.371 11.496 10.572 9.599 8.578 7.516 6.917 6.851 6.776 6.690 6.594 6.488 6.373 6.247 6.111 5.965 5.808 5.642 5.466 5.287 5.105 4.922 4.736 4.548 4.358 4.165 3.971 3.774 3.575 3.375 3.566 3.982 4.413 4.860 5.407 6.095 6.786 7.482 8.182 8.886 9.594 10.305 11.794 13.574 15.369 17.180 19.006 20.848 22.706 24.580 26.469 28.373 30.293 32.229
9.924 10.446 11.006 11.605 12.242 12.918 13.632 14.385 15.176 16.006 16.875 17.782 18.173 17.421 16.620 15.770 14.871 13.923 12.927 11.881 10.787 9.644 8.452 7.218 6.360 6.250 6.130 6.000 5.859 5.709 5.548 5.378 5.197 5.007 4.806 4.595 4.390 4.201 4.010 3.817 3.622 3.425 3.225 3.124 3.175 3.218 3.251 3.274 3.647 4.337 5.030 5.728 6.430 7.135 7.845 8.558 9.276 9.998 10.723 11.453 12.872 14.721 16.586 18.466 20.362 22.274 24.201 26.144 28.103 30.077 32.067 34.072
9.780 10.436 11.130 11.863 12.635 13.445 14.293 15.181 16.106 17.070 18.073 19.114 19.794 18.871 17.900 16.880 15.811 14.693 13.526 12.311 11.046 9.733 8.370 6.964 5.816 5.661 5.496 5.321 5.136 4.941 4.736 4.521 4.296 4.061 3.917 3.945 3.999 4.074 4.140 4.197 4.245 4.283 4.312 4.331 4.341 4.342 4.334 4.316 4.593 5.300 6.012 6.727 7.447 8.170 8.897 9.629 10.364 11.104 11.847 12.595 13.932 15.851 17.785 19.735 21.700 23.682 25.678 27.691 29.719 31.762 33.821 35.896
9.599 10.389 11.218 12.085 12.991 13.935 14.918 15.939 16.999 18.097 19.234 20.409 21.458 20.365 19.223 18.033 16.794 15.506 14.169 12.783 11.349 9.866 8.332 6.754 5.283 5.141 5.097 5.069 5.056 5.059 5.078 5.112 5.162 5.228 5.310 5.408 5.505 5.539 5.563 5.579 5.585 5.581 5.569 5.547 5.516 5.475 5.426 5.366 5.533 6.258 6.987 7.721 8.458 9.199 9.944 10.694 11.447 12.204 12.965 13.731 14.974 16.962 18.966 20.985 23.020 25.071 27.137 29.219 31.316 33.429 35.558 37.702
9.433 10.306 11.269 12.271 13.311 14.389 15.506 16.661 17.855 19.087 20.357 21.666 23.014 21.901 20.590 19.229 17.820 16.337 14.702 13.119 11.588 10.109 8.672 7.270 5.910 5.888 5.913 5.955 6.012 6.084 6.173 6.277 6.397 6.533 6.684 6.851 7.019 7.012 6.995 6.969 6.933 6.889 6.835 6.771 6.699 6.617 6.526 6.425 6.467 7.210 7.957 8.708 9.464 10.223 10.986 11.753 12.524 13.299 14.078 14.861 15.998 18.056 20.129 22.218 24.323 26.443 28.578 30.729 32.896 35.078 37.276 39.490
9.299 10.187 11.284 12.420 13.593 14.806 16.056 17.346 18.673 20.039 21.370 22.418 23.423 22.216 20.553 18.942 17.383 15.876 14.422 13.019 11.669 10.371 9.116 7.897 6.719 6.616 6.711 6.822 6.949 7.091 7.249 7.423 7.613 7.818 8.039 8.276 8.528 8.493 8.434 8.367 8.290 8.204 8.109 8.004 7.890 7.767 7.634 7.493 7.396 8.157 8.922 9.691 10.464 11.240 12.021 12.806 13.595 14.388 15.184 15.985 17.005 19.132 21.275 23.433 25.607 27.796 30.001 32.221 34.457 36.709 38.976 41.259
9.165 10.032 11.263 12.514 13.709 14.862 15.973 17.043 18.071 19.057 20.001 20.904 21.765 20.986 19.503 18.073 16.695 15.369 14.095 12.873 11.703 10.586 9.512 8.476 7.480 7.325 7.490 7.670 7.867 8.079 8.307 8.550 8.809 9.084 9.375 9.681 10.003 9.982 9.882 9.773 9.655 9.528 9.391 9.245 9.090 8.925 8.752 8.568 8.376 9.098 9.881 10.667 11.458 12.252 13.051 13.854 14.660 15.471 16.285 17.104 17.994 20.191 22.403 24.630 26.873 29.132 31.406 33.696 36.001 38.322 40.658 43.010
9.225 9.972 11.105 12.197 13.247 14.256 15.222 16.147 17.031 17.873 18.673 19.431 20.147 19.710 18.408 17.159 15.961 14.816 13.722 12.681 11.691 10.754 9.862 9.008 8.195 8.016 8.250 8.500 8.766 9.048 9.345 9.658 9.987 10.331 10.691 11.067 11.458 11.479 11.338 11.188 11.029 10.860 10.682 10.495 10.298 10.092 9.877 9.653 9.419 10.033 10.834 11.638 12.447 13.259 14.075 14.896 15.720 16.548 17.381 18.217 19.057 21.231 23.512 25.809 28.122 30.449 32.793 35.152 37.526 39.916 42.322 44.743
9.399 9.983 10.972 11.919 12.825 13.689 14.511 15.292 16.031 16.728 17.383 17.997 18.570 18.388 17.267 16.198 15.181 14.216 13.303 12.442 11.633 10.876 10.165 9.493 8.863 8.688 8.992 9.312 9.647 9.998 10.365 10.747 11.146 11.559 11.989 12.434 12.895 12.985 12.803 12.611 12.410 12.200 11.981 11.752 11.515 11.268 11.011 10.746 10.471 10.963 11.781 12.604 13.430 14.260 15.094 15.932 16.774 17.620 18.470 19.324 20.183 22.254 24.605 26.949 29.190 31.334 33.380 35.330 37.183 38.939 40.597 42.158
9.568 10.033 10.878 11.680 12.442 13.161 13.839 14.475 15.070 15.623 16.134 16.604 17.032 17.021 16.080 15.192 14.355 13.570 12.838 12.157 11.528 10.951 10.422 9.932 9.483 9.341 9.715 10.104 10.509 10.930 11.366 11.818 12.285 12.769 13.268 13.782 14.313 14.499 14.275 14.042 13.800 13.549 13.289 13.019 12.740 12.451 12.154 11.847 11.531 11.888 12.723 13.563 14.407 15.255 16.326 17.788 19.048 20.108 20.966 21.624 22.081 23.652 25.659 27.568 29.381 31.096 32.715 34.236 35.661 36.988 38.219 39.352
