DATA/SHG/ECMWF/20170628/EN-14/20170706.en-14.asc
ncols        190
nrows        64
xllcorner    -5100000.000000000000
yllcorner    4130000.000000000000
cellsize     10000.000000000000
NODATA_value  -99999.000
[rows 32 to 63 of 64, columns 0 to 71 of 190]
6.297 5.936 6.002 6.126 6.266 6.420 6.591 6.776 6.977 7.194 7.426 7.673 7.936 8.214 8.112 7.951 7.751 7.513 7.236 6.921 6.567 6.175 5.744 5.275 4.767 4.220 4.536 4.885 5.253 5.641 6.047 6.473 6.917 7.381 7.864 8.366 8.886 9.411 9.176 8.955 8.747 8.552 8.370 8.201 8.046 7.903 7.774 7.701 7.631 7.588 8.320 9.020 9.685 10.318 10.917 11.482 12.015 12.514 12.980 13.412 13.811 14.119 13.841 13.545 13.230 12.897 12.547 12.178 11.791 11.385 10.962 10.520
6.488 6.057 6.074 6.252 6.446 6.654 6.878 7.118 7.373 7.643 7.929 8.230 8.547 8.879 8.740 8.444 8.109 7.736 7.325 6.875 6.387 5.860 5.294 4.690 4.048 3.367 3.586 4.002 4.437 4.891 5.364 5.857 6.368 6.898 7.448 8.017 8.604 9.211 9.123 8.947 8.933 8.938 8.921 8.883 8.824 8.744 8.642 8.520 8.376 8.211 8.760 9.343 9.893 10.409 10.893 11.343 11.759 12.143 12.493 12.809 13.093 13.343 13.026 12.667 12.289 11.893 11.480 11.048 10.598 10.129 9.643 9.139
6.701 6.201 6.129 6.361 6.608 6.871 7.149 7.442 7.751 8.075 8.415 8.770 9.140 9.526 9.408 8.977 8.508 8.001 7.455 6.870 6.247 5.586 4.886 4.147 3.371 2.555 2.617 3.099 3.601 4.122 4.662 5.222 5.800 6.636 7.501 8.372 9.250 10.135 10.366 10.338 10.290 10.221 10.130 10.018 9.885 9.731 9.555 9.359 9.141 8.902 9.232 9.699 10.133 10.534 10.901 11.235 11.536 11.804 12.038 12.239 12.407 12.542 12.230 11.807 11.367 10.908 10.431 9.937 9.424 8.893 8.343 7.776
6.936 6.366 6.167 6.453 6.754 7.071 7.402 7.750 8.112 8.490 8.883 9.292 9.716 10.155 10.117 9.551 8.948 8.306 7.625 6.906 6.149 5.353 4.519 3.646 2.735 1.798 1.945 2.785 3.632 4.486 5.347 6.215 7.090 7.971 8.860 9.755 10.657 11.566 11.891 11.789 11.667 11.523 11.359 11.173 10.966 10.738 10.488 10.218 9.926 9.613 9.736 10.087 10.406 10.691 10.943 11.161 11.346 11.498 11.617 11.703 11.755 11.774 11.452 10.966 10.463 9.942 9.402 8.844 8.268 7.674 7.062 6.432
7.193 6.553 6.188 6.528 6.883 7.253 7.639 8.040 8.456 8.887 9.335 9.797 10.275 10.768 10.866 10.166 9.428 8.651 7.907 7.451 6.929 6.340 5.684 4.961 4.170 3.313 3.103 3.968 4.839 5.717 6.602 7.493 8.392 9.297 10.210 11.129 12.055 12.987 13.435 13.260 13.063 12.846 12.607 12.348 12.067 11.765 11.441 11.097 10.731 10.345 10.272 10.508 10.711 10.880 11.016 11.119 11.189 11.226 11.229 11.199 11.136 11.039 10.692 10.144 9.578 8.994 8.391 7.771 7.132 6.475 5.800 5.108
7.471 6.762 6.193 6.586 6.994 7.418 7.858 8.312 8.782 9.268 9.768 10.418 11.409 12.438 13.219 12.797 12.308 11.753 11.130 10.440 9.684 8.860 7.970 7.012 5.988 4.896 4.253 5.142 6.037 6.938 7.847 8.763 9.685 10.614 11.551 12.493 13.443 14.400 14.999 14.750 14.480 14.188 13.876 13.542 13.187 12.811 12.414 11.996 11.557 11.097 10.840 10.961 11.048 11.102 11.123 11.110 11.064 10.985 10.873 10.728 10.550 10.338 9.952 9.341 8.712 8.064 7.399 6.716 6.014 5.295 4.557 3.802
7.771 6.993 6.195 6.627 7.248 8.106 9.001 9.935 10.906 11.916 12.963 14.048 15.171 16.331 17.447 16.791 16.068 15.278 14.421 13.497 12.506 11.448 10.324 9.132 7.874 6.548 5.394 6.306 7.225 8.151 9.084 10.023 10.969 11.923 12.882 13.849 14.823 15.803 16.583 16.260 15.916 15.550 15.164 14.757 14.328 13.878 13.408 12.916 12.403 11.868 11.441 11.446 11.418 11.356 11.261 11.133 10.972 10.778 10.551 10.290 9.996 9.669 9.229 8.556 7.864 7.154 6.426 5.680 4.916 4.133 3.563 3.117
8.971 8.571 8.241 8.957 9.909 10.899 11.926 12.992 14.095 15.236 16.415 17.632 18.886 20.179 21.509 20.851 19.894 18.870 17.779 16.621 15.396 14.104 12.745 11.320 9.827 8.268 6.642 7.463 8.405 9.355 10.311 11.275 12.245 13.222 14.205 15.196 16.194 17.198 18.186 17.789 17.371 16.932 16.472 15.991 15.489 14.965 14.421 13.855 13.268 12.660 12.074 11.963 11.819 11.643 11.433 11.189 10.913 10.603 10.261 9.885 9.476 9.034 8.526 8.084 7.754 7.392 6.997 6.569 6.107 5.613 5.086 4.525
10.993 10.832 10.741 11.441 12.525 13.646 14.806 16.003 17.238 18.511 19.821 21.170 22.556 23.980 25.442 24.978 23.787 22.528 21.203 19.811 18.353 16.827 15.235 13.575 11.849 10.056 8.197 8.610 9.576 10.550 11.530 12.517 13.511 14.512 15.520 16.534 17.555 18.583 19.618 19.338 18.846 18.334 17.800 17.245 16.669 16.072 15.454 14.814 14.154 13.473 12.770 12.513 12.254 11.962 11.636 11.278 11.142 11.089 11.038 10.988 10.941 10.896 10.853 10.441 9.997 9.520 9.009 8.466 7.890 7.280 6.638 5.963
12.936 13.015 13.162 13.880 15.096 16.349 17.640 18.969 20.335 21.740 23.182 24.662 26.180 27.735 29.329 29.172 27.746 26.254 24.695 23.070 21.377 19.618 17.792 15.899 13.939 11.913 9.820 9.748 10.739 11.736 12.740 13.751 14.769 15.793 16.825 17.863 18.908 19.960 21.019 20.907 20.341 19.755 19.147 18.519 17.869 17.198 16.507 15.794 15.060 14.527 13.971 13.803 13.746 13.691 13.638 13.587 13.539 13.492 13.447 13.405 13.365 13.326 13.290 12.828 12.269 11.676 11.051 10.393 9.702 8.977 8.220 7.430
14.802 15.120 15.505 16.274 17.622 19.006 20.429 21.890 23.388 24.924 26.497 28.109 29.758 31.445 33.170 33.432 31.773 30.047 28.254 26.395 24.469 22.476 20.416 18.290 16.097 13.837 11.511 10.878 11.892 12.913 13.941 14.976 16.017 17.066 18.121 19.183 20.252 21.327 22.410 22.495 21.856 21.196 20.925 20.617 20.238 19.789 19.269 18.679 18.018 17.287 16.485 16.160 16.110 16.062 16.016 15.972 15.930 15.890 15.852 15.816 15.783 15.751 15.722 15.244 14.569 13.862 13.122 12.349 11.543 10.704 9.832 8.927
16.590 17.146 17.770 18.624 20.103 21.619 23.173 24.765 26.395 28.062 29.767 31.510 33.291 35.109 36.965 37.758 35.865 33.906 31.880 29.787 27.628 25.402 23.109 20.749 18.323 15.830 13.270 11.999 13.037 14.081 15.133 16.192 17.257 18.329 19.414 20.809 22.335 23.994 25.784 26.709 26.367 25.954 25.470 24.916 24.292 23.597 22.832 21.996 21.090 20.113 19.066 18.512 18.469 18.428 18.388 18.351 18.316 18.283 18.252 18.223 18.196 18.171 18.149 17.688 16.899 16.077 15.222 14.334 13.413 12.459 11.473 10.453
18.300 19.094 19.957 20.929 22.539 24.187 25.872 27.596 29.357 31.156 32.992 34.866 36.778 38.728 40.715 42.151 40.025 37.832 35.572 33.246 30.854 28.394 25.868 23.276 20.617 17.891 15.098 13.086 14.016 15.079 16.273 17.598 19.056 20.645 22.366 24.219 26.203 28.319 30.567 32.058 31.469 30.811 30.082 29.282 28.412 27.472 26.461 25.380 24.228 23.006 21.714 20.860 20.823 20.788 20.756 20.725 20.697 20.671 20.647 20.625 20.605 20.587 20.571 20.162 19.258 18.321 17.351 16.348 15.313 14.244 13.143 12.009
19.932 20.965 22.066 23.235 24.930 26.710 28.527 30.381 32.274 34.204 36.171 38.177 40.220 42.300 44.419 46.575 44.250 41.824 39.332 36.773 33.966 30.582 27.298 24.115 21.033 18.052 15.172 12.693 14.082 15.602 17.254 19.038 20.953 23.000 25.178 27.489 29.931 32.504 35.209 37.471 36.637 35.733 34.758 33.713 32.598 31.412 30.156 28.830 27.433 25.966 24.429 23.202 23.172 23.144 23.119 23.095 23.073 23.054 23.037 23.021 23.008 22.997 22.988 22.664 21.645 20.594 19.509 18.392 17.242 16.059 14.843 13.594
21.487 22.758 24.096 25.504 27.277 29.188 31.136 33.122 35.145 37.207 39.305 41.442 43.616 45.447 46.515 47.547 44.735 41.297 37.960 34.724 31.589 28.555 25.621 22.789 20.057 17.426 14.895 12.466 14.010 15.988 18.098 20.339 22.712 25.216 27.852 30.619 33.518 36.549 39.711 42.949 41.870 40.721 39.501 38.210 36.850 35.419 33.918 32.346 30.705 28.993 27.210 25.539 25.516 25.495 25.476 25.460 25.445 25.432 25.421 25.413 25.406 25.402 25.400 25.195 24.062 22.896 21.697 20.465 19.200 17.903 16.572 15.209
22.964 24.472 26.049 27.694 29.579 31.621 33.310 34.504 35.662 36.785 37.872 38.924 39.940 40.920 41.865 42.774 40.854 37.767 34.780 31.894 29.109 26.425 23.841 21.358 18.976 16.695 14.515 12.435 13.801 16.236 18.803 21.502 24.332 27.293 30.386 33.611 36.967 40.454 44.073 47.823 47.168 45.773 44.308 42.773 41.168 39.492 37.746 35.929 34.043 32.086 30.058 27.961 27.856 27.842 27.829 27.819 27.811 27.805 27.802 27.800 27.800 27.802 27.807 27.755 26.508 25.227 23.913 22.567 21.188 19.776 18.331 16.853
23.496 24.529 25.507 26.429 27.437 28.579 29.686 30.757 31.792 32.792 33.757 34.686 35.579 36.437 37.259 38.045 36.871 34.134 31.497 28.962 26.526 24.192 21.958 19.825 17.792 15.861 14.030 12.299 13.454 16.347 19.371 22.527 25.814 29.232 32.782 36.463 40.275 44.219 48.294 52.501 52.531 50.892 49.182 47.401 45.551 43.630 41.639 39.578 37.447 35.245 32.974 30.632 30.190 30.183 30.177 30.174 30.173 30.174 30.177 30.182 30.189 30.198 30.209 30.222 28.982 27.557 25.827 24.135 22.480 20.862 19.282 17.740
20.961 21.801 22.585 23.314 24.102 25.121 26.105 27.053 27.966 28.843 29.685 30.491 31.261 31.997 32.696 33.360 32.787 30.400 28.113 25.927 23.841 21.856 19.972 18.188 16.505 14.922 13.440 12.059 12.971 16.321 19.802 23.414 27.158 31.032 35.038 39.176 43.445 47.845 52.376 57.039 57.960 56.075 54.120 52.095 50.000 47.835 45.599 43.294 40.918 38.472 35.955 33.369 32.520 32.519 32.521 32.524 32.530 32.537 32.473 31.998 31.564 31.171 30.819 30.507 29.149 27.511 25.910 24.347 22.822 21.334 19.883 18.470
18.491 19.138 19.729 20.264 20.809 21.705 22.567 23.392 24.182 24.937 25.656 26.339 26.987 27.600 28.177 28.718 28.601 26.563 24.626 22.789 21.053 19.417 17.882 16.448 15.114 13.880 12.747 11.715 12.351 16.157 20.095 24.163 28.363 32.694 37.157 41.750 46.475 51.331 56.318 61.436 63.453 61.324 59.124 56.855 54.515 52.105 49.625 47.075 44.455 41.764 39.004 36.032 34.085 33.506 32.969 32.472 32.016 31.601 31.227 30.894 30.601 30.350 30.140 29.970 28.937 27.429 25.958 24.524 23.128 21.769 20.448 19.165
16.085 16.539 16.937 17.279 17.566 18.333 19.071 19.774 20.442 21.073 21.670 22.231 22.756 23.246 23.701 24.120 24.314 22.625 21.037 19.549 18.162 16.876 15.690 14.604 13.619 12.734 11.950 11.267 11.595 15.857 20.251 24.775 29.431 34.218 39.136 44.186 49.366 54.678 60.120 65.694 69.011 66.637 64.194 61.680 58.757 54.984 51.293 47.685 44.158 40.713 37.351 34.070 31.951 31.514 31.118 30.763 30.449 30.175 29.943 29.751 29.601 29.491 29.422 29.394 28.691 27.311 25.969 24.665 23.398 22.169 20.978 19.823
13.743 14.004 14.209 14.358 14.452 15.002 15.618 16.199 16.744 17.253 17.727 18.166 18.569 18.936 19.268 19.565 19.826 18.585 17.346 16.208 15.169 14.232 13.394 12.658 12.021 11.485 11.050 10.715 10.701 15.420 20.269 25.250 30.361 35.604 40.978 46.483 52.118 57.469 62.012 66.437 69.509 65.692 61.957 58.304 54.733 51.244 47.836 44.511 41.268 38.107 35.028 32.031 29.778 29.483 29.229 29.016 28.843 28.712 28.621 28.571 28.562 28.594 28.666 28.780 28.408 27.158 25.946 24.771 23.633 22.533 21.471 20.446
11.465 11.533 11.545 11.502 11.403 11.715 12.208 12.666 13.089 13.476 13.827 14.143 14.424 14.669 14.879 15.053 15.192 14.444 13.553 12.764 12.074 11.485 10.996 10.608 10.320 10.132 10.045 10.058 10.172 14.846 20.025 24.988 29.832 34.559 39.168 43.658 48.030 52.284 56.420 60.438 64.273 60.740 57.288 53.919 50.632 47.426 44.303 41.261 38.301 35.424 32.628 29.914 27.569 27.415 27.303 27.231 27.200 27.210 27.260 27.352 27.484 27.658 27.872 28.127 28.090 26.970 25.886 24.841 23.832 22.862 21.928 21.032
9.251 9.126 8.946 8.710 8.418 8.470 8.841 9.176 9.476 9.741 9.970 10.164 10.322 10.445 10.533 10.585 10.601 10.200 9.659 9.217 8.877 8.636 8.496 8.562 8.754 8.944 9.133 9.321 9.507 13.144 17.818 22.373 26.810 31.130 35.331 39.414 43.379 47.225 50.954 54.565 58.057 55.712 52.544 49.458 46.454 43.532 40.692 37.933 35.257 32.662 30.150 27.719 25.370 25.309 25.338 25.408 25.518 25.670 25.862 26.095 26.369 26.683 27.039 27.435 27.737 26.746 25.792 24.875 23.996 23.154 22.350 21.583
7.101 6.784 6.411 5.982 5.498 5.267 5.516 5.729 5.907 6.049 6.156 6.227 6.264 6.264 6.230 6.160 6.375 6.687 6.883 7.077 7.270 7.462 7.652 7.840 8.027 8.212 8.396 8.579 8.760 11.469 15.735 19.883 23.913 27.825 31.618 35.294 38.852 42.292 45.614 48.818 51.903 50.608 47.723 44.921 42.200 39.561 37.004 34.529 32.135 29.824 27.594 25.446 23.380 23.166 23.336 23.547 23.799 24.092 24.425 24.799 25.215 25.670 26.167 26.705 27.283 26.486 25.661 24.874 24.124 23.411 22.736 22.098
5.015 4.505 3.940 3.319 2.642 2.107 2.233 2.324 2.379 2.716 3.182 3.635 4.073 4.497 4.908 5.305 5.687 5.998 6.189 6.378 6.566 6.753 6.938 7.121 7.303 7.483 7.662 7.839 8.015 9.917 13.775 17.516 21.139 24.644 28.031 31.300 34.451 37.484 40.399 43.196 45.875 45.428 42.826 40.307 37.869 35.513 33.239 31.047 28.936 26.907 24.961 23.095 21.312 20.984 21.296 21.648 22.042 22.476 22.950 23.466 24.022 24.619 25.257 25.936 26.655 26.192 25.496 24.837 24.216 23.632 23.086 22.577
2.993 2.290 1.779 1.344 0.922 0.568 1.042 1.502 1.947 2.379 2.798 3.202 3.592 3.969 4.331 4.680 5.015 5.312 5.498 5.682 5.865 6.046 6.226 6.404 6.581 6.756 6.930 7.102 7.273 8.488 11.939 15.273 18.489 21.587 24.568 27.430 30.174 32.801 35.310 37.700 39.973 40.172 37.853 35.617 33.462 31.389 29.398 27.488 25.660 23.914 22.250 20.667 19.166 18.765 19.218 19.712 20.246 20.821 21.437 22.094 22.791 23.530 24.309 25.128 25.989 25.862 25.295 24.765 24.273 23.807 23.435 23.169
2.468 2.052 1.647 1.256 0.876 0.510 0.864 1.276 1.674 2.058 2.428 2.784 3.127 3.455 3.770 4.071 4.358 4.628 4.809 4.988 5.166 5.342 5.516 5.690 5.861 6.032 6.200 6.367 6.533 7.182 10.227 13.154 15.963 18.655 21.229 23.685 26.023 28.243 30.346 32.330 34.197 34.840 32.804 30.850 28.978 27.188 25.479 23.852 22.307 20.843 19.461 18.161 16.942 16.508 17.103 17.737 18.413 19.129 19.886 20.684 21.523 22.402 23.245 24.051 24.836 24.906 24.476 24.152 23.933 23.821 23.814 23.913
2.236 1.863 1.502 1.153 0.818 0.494 0.701 1.065 1.415 1.751 2.074 2.382 2.677 2.957 3.224 3.477 3.716 3.942 4.122 4.296 4.469 4.640 4.810 4.978 5.144 5.309 5.473 5.635 5.796 5.999 8.637 11.158 13.561 15.846 18.014 20.064 21.996 23.810 25.507 27.085 28.547 29.432 27.679 26.008 24.418 22.910 21.484 20.139 18.876 17.695 16.595 15.577 14.641 14.214 14.949 15.829 16.713 17.576 18.417 19.236 20.034 20.809 21.564 22.296 23.006 23.359 23.294 23.335 23.481 23.734 24.092 24.557
1.990 1.660 1.343 1.038 0.745 0.465 0.554 0.870 1.172 1.460 1.735 1.995 2.242 2.475 2.694 2.899 3.090 3.268 3.438 3.607 3.774 3.940 4.105 4.268 4.430 4.590 4.748 4.905 5.061 5.214 7.171 9.285 11.282 13.161 14.923 16.567 18.093 19.502 20.793 21.966 23.021 23.948 22.478 21.089 19.782 18.556 17.412 16.350 15.679 15.073 14.484 13.910 13.353 13.007 13.861 14.692 15.502 16.290 17.057 17.801 18.524 19.226 19.905 20.563 21.199 21.711 22.012 22.418 22.929 23.547 24.270 25.099
1.731 1.444 1.170 0.908 0.659 0.423 0.422 0.690 0.944 1.185 1.411 1.624 1.823 2.008 2.179 2.336 2.480 2.609 2.756 2.920 3.082 3.243 3.403 3.561 3.717 3.872 4.026 4.177 4.328 4.477 5.827 7.536 9.127 10.600 11.956 13.194 14.315 15.318 16.204 16.971 17.622 18.688 18.268 17.620 16.989 16.375 15.776 15.194 14.628 14.079 13.545 13.029 12.528 12.044 12.821 13.578 14.314 15.027 15.719 16.389 17.038 17.665 18.270 18.853 19.415 19.965 20.630 21.400 22.277 23.259 24.347 25.540
1.459 1.215 0.984 0.766 0.560 0.366 0.305 0.525 0.731 0.924 1.103 1.268 1.419 1.556 1.679 1.789 1.885 1.966 2.076 2.235 2.393 2.548 2.703 2.856 3.007 3.157 3.305 3.452 3.598 3.741 4.607 5.910 7.095 8.163 9.392 10.590 11.753 12.880 13.971 15.026 16.045 17.028 16.864 16.273 15.699 15.140 14.598 14.072 13.563 13.069 12.592 12.132 11.687 11.259 11.804 12.487 13.147 13.786 14.404 15.000 15.574 16.126 16.657 17.166 17.653 18.118 19.148 20.283 21.524 22.871 24.323 25.881
1.173 0.972 0.785 0.610 0.447 0.297 0.203 0.375 0.534 0.679 0.810 0.927 1.030 1.119 1.195 1.257 1.305 1.339 1.399 1.553 1.705 1.856 2.005 2.153 2.300 2.444 2.591 2.828 3.066 3.305 3.976 5.194 6.377 7.524 8.634 9.709 10.749 11.752 12.719 13.650 14.546 15.406 15.446 14.911 14.393 13.891 13.405 12.935 12.482 12.045 11.624 11.220 10.832 10.460 10.809 11.417 12.004 12.568 13.111 13.633 14.132 14.610 15.066 15.501 15.914 16.305 17.567 19.067 20.672 22.383 24.199 26.121
