DATA/SHG/ECMWF/20170628/EN-14/20170628.en-14.asc
ncols        190
nrows        64
xllcorner    -5100000.000000000000
yllcorner    4130000.000000000000
cellsize     10000.000000000000
NODATA_value  -99999.000
[rows 0 to 32 of 64, columns 74 to 147 of 190]
5.078 5.315 5.551 5.786 6.020 6.254 6.486 6.809 7.345 7.868 8.375 8.865 9.339 9.797 10.238 10.663 11.072 11.465 11.841 11.973 11.364 10.782 10.217 9.669 9.138 8.624 8.127 7.647 7.184 6.738 6.310 6.019 6.133 6.247 6.363 6.481 6.600 6.720 6.842 6.965 7.090 7.216 7.343 7.336 6.909 6.483 6.058 5.635 5.213 4.793 4.373 3.955 3.538 3.123 2.708 2.361 2.206 2.045 1.879 1.707 1.530 1.347 1.159 0.966 0.767 0.562 0.352 0.209 0.265 0.325 0.387 0.452 0.520 0.591
4.854 5.095 5.339 5.585 5.831 6.078 6.327 6.619 7.101 7.567 8.017 8.450 8.868 9.268 9.653 10.021 10.373 10.709 11.029 11.242 10.709 10.203 9.714 9.242 8.787 8.349 7.928 7.525 7.138 6.768 6.415 6.130 6.249 6.370 6.493 6.617 6.742 6.869 6.997 7.127 7.258 7.390 7.524 7.589 7.167 6.747 6.328 5.910 5.494 5.079 4.665 4.252 3.841 3.431 3.022 2.647 2.467 2.282 2.091 1.895 1.694 1.487 1.274 1.056 0.833 0.604 0.370 0.177 0.247 0.319 0.394 0.471 0.552 0.636
4.687 4.934 5.182 5.431 5.681 5.932 6.185 6.447 6.872 7.281 7.674 8.051 8.411 8.755 9.083 9.395 9.690 9.969 10.232 10.478 10.036 9.606 9.193 8.797 8.418 8.056 7.711 7.383 7.072 6.778 6.501 6.241 6.364 6.492 6.620 6.751 6.883 7.016 7.150 7.286 7.424 7.563 7.703 7.840 7.424 7.009 6.596 6.184 5.773 5.363 4.955 4.548 4.142 3.738 3.335 2.938 2.734 2.524 2.309 2.088 1.863 1.631 1.394 1.152 0.904 0.651 0.393 0.160 0.289 0.439 0.609 0.799 1.009 1.239
4.521 4.772 5.024 5.277 5.531 5.786 6.042 6.299 6.658 7.011 7.347 7.667 7.970 8.258 8.529 8.784 9.023 9.245 9.451 9.641 9.344 8.990 8.653 8.333 8.030 7.744 7.475 7.223 6.988 6.770 6.569 6.384 6.477 6.611 6.746 6.883 7.021 7.161 7.302 7.444 7.588 7.734 7.880 8.028 7.679 7.270 6.862 6.456 6.050 5.646 5.244 4.842 4.442 4.043 3.645 3.249 3.005 2.771 2.536 2.303 2.070 1.838 1.607 1.376 1.145 0.916 0.686 0.457 0.646 0.886 1.145 1.425 1.725 2.045
4.355 4.609 4.865 5.122 5.380 5.639 5.899 6.160 6.460 6.755 7.035 7.298 7.545 7.776 7.990 8.188 8.371 8.536 8.686 8.819 8.635 8.357 8.096 7.852 7.624 7.414 7.221 7.045 6.885 6.743 6.617 6.509 6.589 6.729 6.871 7.014 7.158 7.304 7.452 7.601 7.751 7.903 8.056 8.210 7.933 7.529 7.127 6.726 6.326 5.931 5.537 5.143 4.748 4.351 3.954 3.556 3.289 3.058 2.826 2.596 2.365 2.136 1.906 1.678 1.450 1.222 0.995 0.768 0.982 1.311 1.661 2.030 2.419 2.829
4.187 4.446 4.705 4.966 5.228 5.490 5.754 6.019 6.276 6.515 6.738 6.944 7.135 7.309 7.467 7.609 7.734 7.843 7.936 8.013 7.907 7.705 7.520 7.351 7.200 7.066 6.948 6.848 6.764 6.697 6.648 6.615 6.698 6.845 6.993 7.143 7.294 7.446 7.600 7.755 7.923 8.096 8.267 8.435 8.236 7.843 7.449 7.054 6.658 6.261 5.863 5.465 5.065 4.664 4.263 3.860 3.575 3.345 3.116 2.888 2.660 2.432 2.205 1.979 1.753 1.528 1.303 1.078 1.298 1.716 2.155 2.614 3.093 3.592
4.019 4.281 4.545 4.809 5.075 5.341 5.609 5.878 6.108 6.290 6.456 6.606 6.740 6.858 6.959 7.044 7.113 7.166 7.202 7.223 7.161 7.035 6.925 6.833 6.757 6.699 6.657 6.632 6.624 6.633 6.659 6.727 6.862 7.043 7.223 7.400 7.574 7.747 7.916 8.084 8.249 8.412 8.572 8.730 8.589 8.192 7.794 7.394 6.994 6.592 6.190 5.787 5.383 4.978 4.572 4.165 3.859 3.632 3.405 3.179 2.953 2.728 2.503 2.279 2.055 1.832 1.610 1.388 1.592 2.101 2.629 3.178 3.746 4.335
3.850 4.116 4.383 4.652 4.921 5.191 5.463 5.735 5.954 6.080 6.190 6.283 6.361 6.422 6.466 6.495 6.508 6.504 6.484 6.448 6.398 6.347 6.398 6.486 6.574 6.660 6.745 6.830 6.914 6.996 7.078 7.159 7.275 7.446 7.615 7.781 7.945 8.107 8.266 8.423 8.578 8.730 8.879 9.027 8.943 8.541 8.139 7.735 7.330 6.924 6.518 6.110 5.701 5.292 4.881 4.470 4.142 3.917 3.693 3.469 3.245 3.022 2.800 2.578 2.357 2.136 1.916 1.696 1.867 2.465 3.082 3.720 4.378 5.056
3.680 3.950 4.221 4.493 4.766 5.041 5.316 5.592 5.816 5.885 5.939 5.975 5.996 6.001 6.012 6.107 6.211 6.324 6.445 6.574 6.696 6.782 6.866 6.951 7.034 7.116 7.198 7.278 7.358 7.437 7.515 7.592 7.691 7.851 8.009 8.165 8.318 8.469 8.618 8.764 8.908 9.050 9.189 9.326 9.298 8.891 8.484 8.076 7.667 7.257 6.846 6.434 6.021 5.607 5.192 4.776 4.425 4.202 3.980 3.758 3.537 3.316 3.096 2.876 2.657 2.439 2.221 2.003 2.121 2.808 3.515 4.242 4.990 5.757
3.509 3.783 4.058 4.334 4.611 4.889 5.168 5.460 5.737 5.811 5.894 5.986 6.086 6.194 6.310 6.435 6.569 6.711 6.861 7.019 7.172 7.254 7.335 7.415 7.494 7.573 7.650 7.727 7.803 7.877 7.951 8.025 8.108 8.258 8.406 8.551 8.693 8.834 8.972 9.108 9.241 9.372 9.500 9.626 9.653 9.242 8.830 8.418 8.004 7.590 7.174 6.758 6.341 5.922 5.503 5.083 4.707 4.486 4.266 4.047 3.828 3.609 3.391 3.174 2.957 2.741 2.525 2.309 2.354 3.130 3.927 4.743 5.580 6.437
3.366 3.703 4.032 4.354 4.668 4.976 5.276 5.568 5.852 5.955 6.068 6.188 6.318 6.455 6.601 6.755 6.918 7.089 7.269 7.457 7.646 7.727 7.804 7.880 7.955 8.029 8.103 8.176 8.248 8.318 8.389 8.458 8.528 8.667 8.804 8.938 9.070 9.200 9.328 9.453 9.576 9.696 9.814 9.929 10.008 9.593 9.177 8.760 8.342 7.923 7.504 7.083 6.661 6.238 5.815 5.390 4.987 4.769 4.551 4.334 4.117 3.901 3.685 3.470 3.256 3.042 2.828 2.615 2.567 3.432 4.318 5.224 6.150 7.096
3.659 3.970 4.274 4.571 4.860 5.142 5.416 5.684 5.944 6.092 6.233 6.383 6.542 6.708 6.884 7.067 7.259 7.460 7.668 7.885 8.104 8.199 8.273 8.345 8.416 8.487 8.556 8.625 8.693 8.760 8.826 8.891 8.956 9.078 9.204 9.328 9.450 9.569 9.686 9.800 9.912 10.022 10.129 10.234 10.337 9.945 9.525 9.103 8.681 8.258 7.834 7.408 6.982 6.555 6.127 5.698 5.268 5.051 4.836 4.621 4.406 4.192 3.979 3.766 3.554 3.342 3.130 2.935 2.817 3.773 4.718 5.652 6.575 7.488
3.959 4.245 4.523 4.794 5.058 5.314 5.563 5.805 6.040 6.220 6.391 6.570 6.758 6.954 7.158 7.371 7.592 7.822 8.060 8.306 8.554 8.673 8.742 8.810 8.878 8.944 9.010 9.075 9.139 9.202 9.264 9.325 9.386 9.490 9.606 9.720 9.831 9.939 10.046 10.150 10.251 10.350 10.447 10.542 10.634 10.298 9.873 9.447 9.020 8.593 8.164 7.735 7.304 6.873 6.440 6.007 5.573 5.332 5.101 4.862 4.638 4.431 4.240 4.064 3.905 3.762 3.635 3.524 3.430 4.269 5.166 6.051 6.926 7.789
4.265 4.525 4.778 5.024 5.262 5.493 5.717 5.933 6.143 6.340 6.540 6.749 6.966 7.191 7.425 7.667 7.917 8.176 8.443 8.719 8.996 9.146 9.212 9.276 9.339 9.402 9.464 9.525 9.585 9.644 9.702 9.759 9.816 9.905 10.010 10.113 10.214 10.312 10.408 10.501 10.592 10.681 10.767 10.851 10.932 10.651 10.222 9.791 9.360 8.893 8.390 7.893 7.400 6.912 6.429 5.951 5.478 5.216 5.032 4.864 4.712 4.576 4.456 4.352 4.264 4.193 4.137 4.097 4.074 4.775 5.623 6.460 7.286 8.101
4.577 4.812 5.040 5.260 5.473 5.679 5.877 6.068 6.252 6.453 6.682 6.920 7.166 7.420 7.683 7.955 8.234 8.522 8.818 9.123 9.430 9.620 9.681 9.742 9.801 9.860 9.918 9.975 10.031 10.086 10.140 10.194 10.246 10.322 10.417 10.509 10.599 10.686 10.772 10.854 10.887 10.872 10.859 10.847 10.837 10.534 10.033 9.538 9.048 8.562 8.081 7.605 7.134 6.668 6.206 5.749 5.298 5.059 4.947 4.850 4.769 4.704 4.656 4.623 4.606 4.606 4.622 4.653 4.701 5.292 6.091 6.879 7.656 8.423
4.896 5.105 5.308 5.502 5.690 5.870 6.043 6.209 6.368 6.557 6.816 7.083 7.358 7.642 7.934 8.234 8.543 8.860 9.186 9.520 9.856 10.094 10.152 10.208 10.264 10.319 10.372 10.425 10.478 10.529 10.579 10.572 10.511 10.466 10.448 10.431 10.416 10.402 10.389 10.378 10.368 10.360 10.353 10.348 10.343 10.113 9.634 9.160 8.691 8.227 7.767 7.313 6.863 6.418 5.978 5.543 5.113 4.886 4.845 4.819 4.810 4.816 4.839 4.877 4.932 5.003 5.089 5.192 5.311 5.818 6.569 7.308 8.037 8.755
5.221 5.405 5.582 5.751 5.914 6.069 6.216 6.357 6.490 6.654 6.941 7.238 7.542 7.855 8.176 8.506 8.844 9.190 9.545 9.908 10.273 10.569 10.573 10.534 10.491 10.443 10.390 10.332 10.269 10.201 10.128 10.051 9.968 9.903 9.891 9.881 9.872 9.864 9.858 9.853 9.849 9.847 9.847 9.847 9.849 9.687 9.230 8.777 8.330 7.887 7.449 7.016 6.588 6.164 5.746 5.332 4.923 4.697 4.727 4.772 4.834 4.912 5.006 5.115 5.241 5.383 5.541 5.714 5.904 6.355 7.057 7.748 8.428 9.097
5.552 5.711 5.862 6.007 6.143 6.273 6.396 6.511 6.619 6.742 7.059 7.385 7.718 8.060 8.412 8.774 9.105 9.407 9.679 9.921 10.138 10.309 10.254 10.193 10.128 10.058 9.983 9.904 9.819 9.729 9.635 9.535 9.431 9.339 9.334 9.330 9.327 9.325 9.325 9.327 9.330 9.334 9.339 9.346 9.355 9.257 8.821 8.390 7.964 7.543 7.126 6.714 6.308 5.906 5.509 5.116 4.729 4.492 4.592 4.709 4.842 4.991 5.156 5.337 5.533 5.746 5.975 6.220 6.481 6.901 7.555 8.197 8.829 9.449
5.890 6.023 6.149 6.268 6.380 6.484 6.581 6.687 6.877 7.089 7.491 7.867 8.214 8.531 8.818 9.076 9.304 9.503 9.671 9.810 9.923 10.014 9.941 9.859 9.772 9.680 9.583 9.481 9.375 9.263 9.147 9.026 8.900 8.775 8.776 8.778 8.781 8.786 8.792 8.800 8.809 8.819 8.831 8.844 8.859 8.822 8.408 7.998 7.594 7.194 6.799 6.408 6.023 5.643 5.267 4.896 4.530 4.270 4.442 4.630 4.834 5.054 5.289 5.541 5.809 6.093 6.393 6.709 7.041 7.457 8.063 8.657 9.240 9.812
6.231 6.346 6.483 6.641 6.821 7.021 7.243 7.486 7.751 8.036 8.336 8.609 8.853 9.067 9.251 9.405 9.530 9.625 9.691 9.726 9.735 9.722 9.633 9.530 9.421 9.307 9.189 9.065 8.937 8.804 8.665 8.522 8.374 8.222 8.217 8.225 8.235 8.246 8.258 8.272 8.288 8.304 8.322 8.342 8.363 8.383 7.990 7.602 7.219 6.840 6.467 6.098 5.734 5.375 5.020 4.671 4.326 4.032 4.275 4.534 4.809 5.100 5.407 5.730 6.068 6.423 6.794 7.181 7.584 8.024 8.581 9.126 9.661 10.185
6.491 6.681 6.892 7.124 7.377 7.652 7.948 8.265 8.603 8.963 9.208 9.378 9.518 9.628 9.709 9.760 9.782 9.774 9.736 9.669 9.574 9.457 9.332 9.207 9.076 8.941 8.800 8.655 8.505 8.350 8.190 8.025 7.856 7.681 7.657 7.672 7.688 7.705 7.724 7.744 7.765 7.788 7.813 7.838 7.865 7.894 7.568 7.202 6.840 6.483 6.130 5.783 5.440 5.102 4.770 4.441 4.118 3.800 4.092 4.422 4.768 5.130 5.508 5.901 6.311 6.737 7.179 7.636 8.151 8.727 9.343 9.964 10.591 11.222
6.731 6.995 7.280 7.586 7.913 8.262 8.632 9.023 9.435 9.868 10.105 10.172 10.209 10.216 10.194 10.142 10.060 9.949 9.809 9.638 9.440 9.218 9.037 8.890 8.737 8.580 8.418 8.251 8.079 7.902 7.721 7.534 7.343 7.146 7.097 7.118 7.140 7.163 7.188 7.215 7.242 7.272 7.302 7.334 7.367 7.402 7.142 6.796 6.456 6.120 5.789 5.463 5.142 4.826 4.514 4.207 3.905 3.608 3.893 4.361 4.933 5.505 6.078 6.651 7.225 7.800 8.375 8.950 9.526 10.103 10.737 11.381 12.029 12.683
6.951 7.289 7.648 8.028 8.429 8.851 9.295 9.760 10.246 10.753 11.029 10.992 10.926 10.830 10.705 10.550 10.365 10.151 9.908 9.634 9.332 9.006 8.748 8.578 8.404 8.225 8.042 7.853 7.659 7.461 7.257 7.049 6.836 6.618 6.536 6.563 6.591 6.621 6.652 6.685 6.719 6.754 6.791 6.829 6.868 6.909 6.711 6.387 6.068 5.753 5.491 5.318 5.166 5.035 4.926 4.838 4.771 4.725 5.139 5.712 6.286 6.861 7.436 8.012 8.588 9.165 9.743 10.321 10.899 11.478 12.125 12.790 13.461 14.137
7.151 7.563 7.995 8.449 8.924 9.420 9.938 10.476 11.036 11.617 11.978 11.838 11.669 11.470 11.242 10.984 10.697 10.380 10.033 9.657 9.251 8.821 8.464 8.273 8.078 7.877 7.671 7.461 7.246 7.025 6.800 6.570 6.335 6.096 5.974 6.007 6.042 6.078 6.115 6.154 6.194 6.279 6.426 6.560 6.682 6.790 6.740 6.576 6.433 6.312 6.212 6.133 6.075 6.038 6.023 6.028 6.055 6.104 6.485 7.061 7.638 8.215 8.792 9.371 9.949 10.529 11.108 11.689 12.270 12.851 13.505 14.193 14.886 15.584
7.331 7.816 8.322 8.850 9.399 9.969 10.560 11.172 11.806 12.460 12.953 12.711 12.438 12.137 11.805 11.444 11.054 10.634 10.185 9.706 9.197 8.663 8.187 7.974 7.757 7.534 7.307 7.075 6.838 6.596 6.349 6.097 5.898 5.800 5.804 5.984 6.151 6.305 6.447 6.575 6.690 6.793 6.882 6.959 7.023 7.073 7.062 6.992 6.943 6.916 6.909 6.924 6.960 7.017 7.096 7.196 7.316 7.458 7.829 8.408 8.987 9.566 10.146 10.727 11.308 11.890 12.472 13.054 13.638 14.222 14.879 15.589 16.304 17.024
7.490 8.049 8.629 9.231 9.853 10.497 11.162 11.847 12.555 13.283 13.954 13.609 13.233 12.829 12.395 11.931 11.438 10.915 10.363 9.781 9.169 8.532 7.915 7.699 7.522 7.363 7.220 7.096 6.988 6.898 6.825 6.770 6.732 6.711 6.733 6.856 6.965 7.062 7.146 7.217 7.275 7.320 7.352 7.371 7.377 7.370 7.361 7.385 7.430 7.496 7.584 7.692 7.822 7.973 8.146 8.339 8.554 8.790 9.171 9.752 10.333 10.915 11.498 12.080 12.664 13.248 13.833 14.418 15.003 15.590 16.246 16.978 17.715 18.457
7.629 8.262 8.916 9.591 10.287 11.004 11.743 12.502 13.283 14.085 14.908 14.532 14.055 13.547 13.010 12.424 11.707 11.017 10.353 9.715 9.104 8.516 7.948 7.820 7.721 7.638 7.573 7.525 7.494 7.481 7.485 7.507 7.546 7.602 7.675 7.740 7.792 7.831 7.858 7.871 7.872 7.859 7.834 7.796 7.745 7.681 7.637 7.755 7.894 8.054 8.235 8.438 8.661 8.906 9.172 9.459 9.768 10.097 10.511 11.094 11.677 12.262 12.846 13.432 14.018 14.604 15.191 15.779 16.367 16.955 17.606 18.360 19.119 19.883
7.748 8.454 9.182 9.931 10.700 11.491 12.303 13.136 13.938 14.541 15.129 14.624 13.894 13.190 12.512 11.860 11.235 10.636 10.063 9.516 8.996 8.500 8.025 7.922 7.899 7.894 7.905 7.934 7.981 8.044 8.125 8.224 8.340 8.473 8.623 8.637 8.632 8.614 8.583 8.539 8.482 8.412 8.330 8.234 8.126 8.004 7.890 8.102 8.335 8.588 8.864 9.160 9.477 9.816 10.175 10.556 10.958 11.382 11.848 12.433 13.019 13.606 14.193 14.781 15.369 15.958 16.547 17.137 17.727 18.318 18.959 19.735 20.516 21.302
7.847 8.591 9.247 9.888 10.514 11.125 11.722 12.304 12.870 13.422 13.959 13.674 13.034 12.421 11.834 11.274 10.739 10.231 9.749 9.294 8.866 8.461 8.078 8.005 8.058 8.130 8.218 8.324 8.447 8.588 8.746 8.921 9.113 9.323 9.550 9.547 9.485 9.409 9.321 9.220 9.105 8.978 8.838 8.686 8.520 8.341 8.149 8.426 8.753 9.100 9.469 9.859 10.270 10.702 11.155 11.630 12.125 12.642 13.182 13.770 14.358 14.947 15.537 16.127 16.718 17.309 17.901 18.493 19.086 19.679 20.305 21.103 21.907 22.715
7.279 7.898 8.503 9.092 9.667 10.227 10.772 11.302 11.818 12.318 12.804 12.700 12.152 11.630 11.134 10.665 10.221 9.804 9.413 9.048 8.712 8.399 8.108 8.067 8.198 8.346 8.511 8.694 8.894 9.111 9.346 9.598 9.867 10.153 10.457 10.470 10.350 10.218 10.072 9.913 9.742 9.558 9.360 9.150 8.927 8.691 8.443 8.728 9.148 9.589 10.051 10.535 11.039 11.565 12.112 12.680 13.269 13.879 14.511 15.105 15.695 16.287 16.879 17.471 18.064 18.658 19.252 19.847 20.442 21.038 21.665 22.499 23.277 23.999
6.653 7.221 7.774 8.312 8.835 9.344 9.837 10.316 10.780 11.229 11.663 11.704 11.247 10.816 10.411 10.032 9.680 9.354 9.054 8.780 8.535 8.314 8.114 8.110 8.318 8.543 8.785 9.044 9.321 9.615 9.926 10.255 10.601 10.964 11.344 11.406 11.229 11.039 10.836 10.620 10.392 10.150 9.896 9.628 9.348 9.055 8.749 9.006 9.520 10.055 10.611 11.188 11.786 12.405 13.045 13.707 14.390 15.093 15.818 16.437 17.030 17.682 18.431 19.155 19.854 20.528 21.177 21.802 22.401 22.976 23.525 24.108 24.641 25.118
6.041 6.558 7.059 7.546 8.018 8.475 8.918 9.345 9.757 10.155 10.538 10.686 10.319 9.979 9.665 9.378 9.116 8.881 8.671 8.488 8.334 8.206 8.097 8.134 8.418 8.720 9.039 9.375 9.728 10.099 10.487 10.892 11.314 11.754 12.211 12.355 12.121 11.873 11.613 11.340 11.054 10.756 10.444 10.119 9.782 9.432 9.068 9.262 9.869 10.498 11.147 11.818 12.737 14.104 15.312 16.364 17.257 17.993 18.572 19.213 19.902 20.565 21.204 21.818 22.407 22.971 23.510 24.024 24.513 24.978 25.418 25.771 26.058 26.290
5.444 5.909 6.359 6.795 7.216 7.621 8.012 8.388 8.750 9.096 9.428 9.644 9.369 9.120 8.897 8.700 8.529 8.384 8.266 8.174 8.111 8.074 8.058 8.138 8.499 8.877 9.273 9.685 10.115 10.563 11.027 11.509 12.008 12.524 13.058 13.317 13.025 12.721 12.403 12.073 11.730 11.374 11.005 10.882 11.574 12.413 13.397 14.717 16.173 17.472 18.614 19.598 20.424 21.094 21.605 21.960 22.157 22.196 22.078 22.339 22.917 23.470 23.999 24.502 24.981 25.435 25.864 26.269 26.648 27.002 27.332 27.486 27.528 27.515
