DATA/SHG/ECMWF/20170628/EN-14/20170630.en-14.asc
ncols        190
nrows        64
xllcorner    -5100000.000000000000
yllcorner    4130000.000000000000
cellsize     10000.000000000000
NODATA_value  -99999.000
[rows 32 to 63 of 64, columns 73 to 145 of 190]
4.829 4.726 4.643 4.580 4.538 4.516 4.514 4.532 4.571 4.629 4.708 4.807 4.913 4.957 5.002 5.048 5.093 5.140 5.186 5.233 5.281 5.323 5.358 5.394 5.798 7.487 9.220 10.997 12.817 14.682 16.591 18.543 20.540 22.580 24.664 26.793 27.772 26.509 25.211 23.878 22.511 21.109 19.672 18.200 16.907 16.125 15.216 14.182 14.564 16.548 18.389 20.088 21.644 23.057 24.328 25.457 26.443 27.286 27.987 28.545 29.641 31.119 32.523 33.853 35.110 36.292 37.401 38.435 39.396 40.283 41.096 41.835 44.902
4.386 4.351 4.339 4.346 4.374 4.422 4.490 4.579 4.687 4.816 4.965 5.134 5.318 5.364 5.410 5.457 5.505 5.552 5.600 5.649 5.698 5.741 5.778 5.816 6.038 7.922 9.849 11.821 13.837 15.896 18.000 20.147 22.338 24.573 26.852 29.454 32.146 31.811 31.351 30.764 30.053 29.215 28.252 27.163 25.948 24.607 23.141 21.549 20.961 22.314 23.525 24.593 25.519 26.302 26.943 27.442 27.798 28.011 28.082 28.011 28.493 29.645 30.724 31.728 32.659 33.516 34.299 35.008 35.644 36.206 36.694 37.108 39.351
4.016 3.958 4.015 4.093 4.191 4.309 4.448 4.606 4.785 4.984 5.203 5.442 5.702 5.770 5.818 5.866 5.915 5.964 6.013 6.064 6.114 6.159 6.197 6.236 6.275 8.306 10.688 14.091 17.529 21.000 24.505 28.044 31.618 35.225 38.866 42.541 45.772 44.879 43.861 42.717 41.447 40.052 38.531 36.884 35.112 33.214 31.190 29.041 27.499 28.222 28.803 29.242 29.538 29.691 29.703 29.571 29.298 28.882 28.324 27.624 27.421 28.248 29.001 29.680 30.286 30.817 31.275 31.660 31.970 32.207 32.370 32.459 33.925
3.670 3.546 3.674 3.822 3.990 4.178 4.387 4.615 4.864 5.133 5.422 5.731 6.061 6.175 6.224 6.274 6.324 6.375 6.923 8.299 9.787 11.232 12.614 14.086 15.648 18.856 22.376 25.929 29.515 33.136 36.791 40.480 44.202 47.959 51.749 55.573 59.432 58.068 56.492 54.790 52.963 51.010 48.932 46.728 44.398 41.943 39.363 36.657 34.180 34.273 34.224 34.033 33.700 33.224 32.606 31.846 30.944 29.899 28.712 27.383 26.426 26.927 27.355 27.709 27.990 28.197 28.330 28.389 28.375 28.287 28.125 27.889 28.625
3.350 3.116 3.314 3.532 3.770 4.028 4.307 4.605 4.924 5.263 5.622 6.415 7.736 8.929 10.130 11.445 12.872 14.412 16.065 17.831 19.710 21.547 23.325 25.191 27.148 30.342 34.010 37.713 41.449 45.219 49.023 52.861 56.733 60.639 64.578 68.552 72.559 71.377 69.243 66.984 64.600 62.090 59.455 56.694 53.808 50.796 47.659 44.396 41.008 40.466 39.788 38.968 38.006 36.901 35.655 34.266 32.735 31.061 29.246 27.288 25.507 25.684 25.787 25.816 25.771 25.653 25.462 25.196 24.857 24.445 23.958 23.398 23.449
3.053 2.667 2.935 3.223 3.953 5.106 6.305 7.552 8.846 10.187 11.576 13.012 14.495 16.006 17.598 19.303 21.120 23.050 25.093 27.250 29.519 31.748 33.920 36.182 38.532 41.774 45.592 49.443 53.329 57.248 61.202 65.189 69.210 73.265 77.354 81.477 85.633 84.806 82.115 79.300 76.359 73.292 70.100 66.783 63.341 59.772 56.079 52.260 48.316 46.802 45.495 44.046 42.455 40.722 38.847 36.830 34.670 32.369 29.926 27.340 24.665 24.516 24.295 23.999 23.630 23.188 22.671 22.081 21.418 20.681 19.870 18.986 18.398
5.507 5.693 6.867 8.087 9.356 10.671 12.034 13.443 14.901 16.405 17.957 19.556 21.202 22.971 24.953 27.048 29.255 31.576 34.009 36.555 39.213 41.835 44.401 47.057 49.802 53.153 57.120 61.121 65.156 69.225 73.327 77.463 81.634 85.838 90.076 94.347 98.653 98.355 95.108 91.736 88.239 84.616 80.868 76.995 72.996 68.872 64.622 60.248 55.748 53.279 51.344 49.267 47.048 44.687 42.184 39.538 36.751 33.822 30.751 27.538 24.183 23.426 22.879 22.260 21.566 20.799 19.958 19.044 18.057 16.995 15.860 14.652 13.472
10.619 10.554 11.891 13.275 14.707 16.185 17.711 19.284 20.904 22.572 24.286 26.048 27.857 29.825 32.196 34.681 37.278 39.988 42.811 45.746 48.794 51.808 54.768 57.818 60.957 64.479 68.596 72.746 76.930 81.147 85.399 89.685 94.004 98.357 102.744 107.165 111.619 112.024 108.222 104.293 100.240 96.061 91.757 87.328 82.774 78.094 73.289 68.359 63.304 59.899 57.336 54.631 51.784 48.795 45.664 42.392 38.977 35.420 31.722 27.882 23.900 22.412 21.541 20.597 19.579 18.546 17.642 16.758 15.893 15.049 14.225 13.422 12.638
15.755 15.365 16.865 18.412 20.007 21.648 23.337 25.073 26.856 28.686 30.564 32.489 34.461 36.566 39.327 42.201 45.188 48.287 51.500 54.824 58.262 61.667 65.021 68.465 71.998 75.753 80.018 84.318 88.651 93.017 97.418 101.852 106.321 110.823 115.358 119.928 124.532 125.814 121.455 116.971 112.362 107.628 102.769 97.784 92.675 87.440 82.080 76.594 70.984 66.660 63.469 60.137 56.663 53.047 49.289 45.389 41.277 36.864 32.441 28.009 23.568 21.510 20.614 19.737 18.881 18.045 17.229 16.433 15.657 14.902 14.166 13.451 12.756
20.916 20.278 21.788 23.498 25.256 27.060 28.912 30.811 32.757 34.750 36.790 38.878 41.013 43.195 46.346 49.610 52.986 56.474 60.076 63.789 67.616 71.412 75.160 78.998 82.924 86.974 91.388 95.837 100.319 104.834 109.384 113.967 118.584 123.235 127.920 132.638 137.390 139.724 134.810 129.770 124.606 119.317 113.902 108.363 102.698 96.908 90.993 84.769 77.706 71.872 67.481 63.081 58.672 54.253 49.825 45.388 40.942 36.487 32.022 27.549 23.065 20.635 19.827 19.039 18.272 17.524 16.796 16.089 15.402 14.735 14.088 13.461 12.854
26.102 25.350 26.661 28.534 30.454 32.422 34.436 36.498 38.606 40.762 42.965 45.216 47.513 49.857 53.254 56.906 60.671 64.549 68.539 72.642 76.857 81.044 85.186 89.416 93.736 98.145 102.706 107.303 111.934 116.598 121.297 126.029 130.795 135.594 140.428 145.295 150.196 153.753 147.972 139.588 131.491 123.682 116.160 108.926 101.979 95.320 88.948 82.863 77.066 71.841 67.408 62.966 58.515 54.055 49.585 45.106 40.618 36.121 31.615 27.099 22.574 19.741 19.021 18.322 17.643 16.983 16.344 15.725 15.127 14.548 13.989 13.451 12.932
31.312 30.446 31.483 33.519 35.602 37.732 39.909 42.134 44.405 46.723 49.089 51.502 53.962 56.468 60.049 64.091 68.245 72.511 76.890 81.381 85.985 90.563 95.098 99.721 104.434 109.236 113.971 118.717 123.496 128.166 130.125 132.013 133.832 135.581 137.260 138.869 140.408 141.773 134.369 127.252 120.422 113.879 107.624 101.656 95.975 90.582 85.475 80.656 76.124 71.821 67.346 62.862 58.369 53.867 49.356 44.835 40.305 35.766 31.218 26.660 22.094 18.827 18.196 17.585 16.994 16.423 15.873 15.342 14.832 14.341 13.871 13.421 12.991
36.546 35.566 36.255 38.453 40.699 42.992 45.331 47.718 50.152 52.633 55.161 57.737 60.359 63.028 66.734 71.164 75.706 80.361 85.128 90.008 95.000 97.743 100.258 102.668 104.974 107.176 109.157 111.019 112.811 114.534 116.186 117.769 119.282 120.725 122.098 123.401 124.635 125.798 120.473 114.622 109.058 103.781 98.791 94.089 89.673 85.545 81.703 78.149 74.882 71.811 67.295 62.769 58.234 53.690 49.137 44.575 40.003 35.422 30.832 26.232 21.624 17.894 17.351 16.829 16.326 15.844 15.381 14.939 14.517 14.115 13.733 13.371 13.029
41.806 40.711 40.976 43.337 45.745 48.201 50.703 53.252 55.849 58.492 61.183 63.920 66.705 69.536 71.480 74.111 76.611 78.979 81.215 83.320 85.293 87.299 89.355 91.308 93.156 94.900 96.535 98.091 99.578 100.994 102.341 103.618 104.825 105.963 107.030 108.028 108.956 109.814 106.283 101.698 97.399 93.387 89.662 86.224 83.073 80.209 77.632 75.342 73.338 71.622 67.254 62.687 58.110 53.524 48.929 44.325 39.711 35.089 30.457 25.816 21.165 16.942 16.487 16.053 15.639 15.245 14.871 14.517 14.183 13.869 13.575 13.301 13.048
47.089 45.881 45.647 48.171 50.741 53.359 56.024 57.186 58.273 59.313 60.307 61.254 62.154 63.008 64.337 66.516 68.562 70.478 72.261 73.913 75.434 76.984 78.583 80.077 81.468 82.754 84.006 85.257 86.437 87.548 88.590 89.561 90.463 91.295 92.057 92.749 93.372 93.925 91.801 88.480 85.446 82.698 80.238 78.064 76.176 74.576 73.262 72.235 71.494 71.041 67.224 62.615 57.996 53.369 48.732 44.086 39.431 34.766 30.092 25.410 20.718 16.016 15.604 15.258 14.932 14.626 14.341 14.075 13.829 13.603 13.398 13.212 13.046
50.936 48.290 46.213 47.373 48.487 49.554 50.574 51.548 52.475 53.355 54.189 54.976 55.717 56.411 57.322 59.048 60.642 62.105 63.436 64.636 65.704 66.799 67.940 68.977 69.910 70.739 71.569 72.514 73.390 74.195 74.931 75.597 76.194 76.720 77.177 77.564 77.882 78.130 77.027 74.969 73.199 71.715 70.517 69.606 68.982 68.644 68.593 68.828 69.350 70.158 67.205 62.554 57.894 53.224 48.546 43.858 39.161 34.455 29.739 25.014 20.281 15.538 14.702 14.444 14.206 13.988 13.791 13.613 13.455 13.318 13.200 13.103 13.025
46.234 43.795 41.425 42.425 43.378 44.285 45.146 45.959 46.727 47.447 48.121 48.748 49.329 49.863 50.435 51.708 52.850 53.860 54.739 55.487 56.103 56.744 57.427 58.007 58.483 58.855 59.225 59.865 60.435 60.935 61.366 61.727 62.018 62.239 62.391 62.474 62.486 62.429 61.959 61.165 60.657 60.436 60.501 60.852 61.490 62.414 63.625 65.122 66.905 68.975 67.196 62.503 57.801 53.090 48.370 43.640 38.902 34.154 29.397 24.630 19.855 15.070 13.780 13.610 13.461 13.331 13.222 13.132 13.062 13.007 12.943 12.879 12.815
41.483 39.250 37.076 37.525 38.319 39.066 39.767 40.421 41.028 41.589 42.103 42.571 42.992 43.366 43.694 44.496 45.186 45.744 46.171 46.467 46.632 46.817 47.044 47.167 47.186 47.101 46.973 47.308 47.572 47.768 47.893 47.949 47.935 47.852 47.699 47.476 47.184 46.822 46.600 47.068 47.822 48.863 50.190 51.803 53.702 55.887 58.359 61.117 64.161 67.492 67.198 62.464 57.720 52.967 48.205 43.434 38.653 33.864 29.065 24.257 19.454 14.686 12.951 12.888 12.825 12.761 12.698 12.634 12.570 12.506 12.442 12.377 12.313
36.682 34.655 32.686 32.675 33.309 33.896 34.437 34.931 35.379 35.780 36.135 36.443 36.704 36.919 37.088 37.411 37.649 37.756 37.731 37.576 37.289 37.020 36.791 36.457 36.019 35.477 34.831 34.843 34.802 34.693 34.513 34.265 33.946 33.558 33.100 32.573 31.976 31.310 30.949 32.678 34.694 36.995 39.583 42.457 45.617 49.063 52.795 56.813 61.118 65.708 67.211 62.451 57.806 53.134 48.435 43.709 38.956 34.176 29.370 24.536 19.676 14.789 12.456 12.392 12.328 12.264 12.200 12.136 12.071 12.006 11.941 11.876 11.811
31.831 30.009 28.247 27.874 28.348 28.776 29.157 29.491 29.780 30.021 30.216 30.365 30.467 30.522 30.532 30.454 30.240 29.896 29.420 28.813 28.075 27.352 26.666 25.876 24.982 23.983 22.881 22.470 22.125 21.710 21.226 20.673 20.050 19.357 18.595 17.763 16.862 15.891 15.005 17.996 21.272 24.834 28.712 33.945 39.186 44.436 49.693 54.958 60.232 65.513 68.516 63.778 59.013 54.221 49.402 44.557 39.684 34.785 29.859 24.906 19.926 14.919 11.962 11.897 11.833 11.768 11.703 11.638 11.573 11.507 11.442 11.376 11.310
26.931 25.314 23.757 23.122 23.436 23.704 23.926 24.101 24.230 24.312 24.347 24.336 24.279 24.175 24.025 23.624 22.959 22.163 21.236 20.178 18.989 17.813 16.671 15.424 14.074 12.620 11.062 10.189 9.539 8.820 8.032 7.174 6.246 5.249 5.731 6.313 6.903 7.501 8.106 12.965 18.210 23.464 28.726 33.996 39.274 44.560 49.855 55.157 60.467 65.785 69.989 65.131 60.247 55.336 50.398 45.433 40.441 35.422 30.376 25.304 20.205 15.079 11.468 11.403 11.338 11.272 11.207 11.141 11.075 11.009 10.943 10.876 10.810
21.981 20.570 19.218 18.419 18.573 18.682 18.744 18.760 18.729 18.652 18.528 18.358 18.141 17.878 17.568 16.920 15.805 14.558 13.180 11.672 10.032 8.403 6.804 5.102 3.295 2.482 1.839 1.919 2.482 3.053 3.631 4.217 4.810 5.410 6.018 6.634 7.257 7.887 8.525 12.858 18.141 23.432 28.730 34.037 39.352 44.675 50.006 55.346 60.693 66.048 71.411 66.513 61.509 56.478 51.421 46.336 41.225 36.087 30.922 25.730 20.511 15.266 10.975 10.910 10.844 10.778 10.711 10.645 10.578 10.511 10.444 10.377 10.310
16.981 15.775 14.628 13.764 13.760 13.709 13.611 13.468 13.277 13.041 12.758 12.428 12.053 11.630 11.162 10.344 8.778 7.775 7.112 6.456 5.806 5.161 4.520 3.884 3.254 2.629 2.009 1.968 2.564 3.167 3.779 4.397 5.023 5.657 6.297 6.946 7.602 8.265 8.935 12.742 18.061 23.389 28.725 34.069 39.421 44.780 50.148 55.525 60.909 66.301 71.701 67.922 62.798 57.648 52.471 47.268 42.037 36.779 31.495 26.184 20.846 15.481 10.483 10.417 10.350 10.283 10.217 10.149 10.082 10.015 9.947 9.879 9.811
11.931 10.930 9.989 9.158 8.994 8.784 8.528 8.225 7.875 7.479 7.568 7.893 8.221 8.552 8.884 9.032 8.378 7.731 7.091 6.457 5.831 5.209 4.591 3.979 3.372 2.770 2.173 2.008 2.637 3.274 3.918 4.569 5.228 5.894 6.568 7.249 7.938 8.634 9.337 12.616 17.972 23.337 28.710 34.090 39.479 44.876 50.281 55.694 61.115 66.544 71.981 69.358 64.116 58.846 53.550 48.227 42.877 37.500 32.097 26.666 21.209 15.725 10.214 9.925 9.858 9.790 9.722 9.655 9.587 9.519 9.450 9.382 9.313
6.832 6.036 5.299 5.053 5.347 5.667 5.989 6.314 6.641 6.970 7.301 7.635 7.971 8.310 8.650 8.935 8.305 7.681 7.064 6.453 5.850 5.251 4.656 4.067 3.483 2.905 2.331 2.040 2.702 3.371 4.048 4.732 5.424 6.123 6.830 7.544 8.265 8.994 9.731 12.480 17.874 23.275 28.685 34.102 39.528 44.961 50.403 55.853 61.311 66.777 72.250 70.822 65.460 60.072 54.656 49.214 43.745 38.249 32.726 27.176 21.600 15.997 10.367 9.434 9.366 9.297 9.229 9.161 9.092 9.023 8.954 8.885 8.816
5.095 5.009 4.908 4.791 5.030 5.358 5.688 6.021 6.356 6.693 7.033 7.375 7.719 8.066 8.415 8.766 8.226 7.625 7.031 6.443 5.862 5.287 4.715 4.149 3.589 3.034 2.484 2.063 2.758 3.460 4.170 4.887 5.612 6.344 7.083 7.830 8.584 9.346 10.115 12.335 17.765 23.203 28.650 34.104 39.567 45.037 50.516 56.002 61.497 67.000 72.510 72.314 66.833 61.325 55.790 50.228 44.640 39.025 33.383 27.715 22.019 16.297 10.548 8.943 8.874 8.806 8.737 8.667 8.598 8.529 8.459 8.389 8.319
5.003 4.865 4.712 4.544 4.711 5.047 5.386 5.726 6.070 6.415 6.763 7.113 7.465 7.820 8.177 8.536 8.141 7.563 6.992 6.427 5.869 5.317 4.769 4.226 3.689 3.156 2.630 2.108 2.806 3.541 4.283 5.033 5.791 6.555 7.328 8.107 8.895 9.689 10.491 12.180 17.647 23.122 28.605 34.097 39.596 45.103 50.619 56.142 61.673 67.213 72.760 73.833 68.232 62.605 56.951 51.271 45.563 39.829 34.068 28.281 22.466 16.625 10.757 8.453 8.384 8.325 8.310 8.317 8.345 8.394 8.465 8.557 8.671
4.926 4.736 4.531 4.311 4.390 4.734 5.081 5.430 5.781 6.135 6.491 6.849 7.209 7.572 7.937 8.305 8.050 7.495 6.947 6.405 5.870 5.341 4.816 4.296 3.782 3.273 2.770 2.271 2.845 3.613 4.388 5.171 5.961 6.759 7.564 8.376 9.196 10.024 10.858 12.015 17.519 23.031 28.551 34.079 39.615 45.159 50.712 56.272 61.840 67.416 73.001 75.379 69.660 63.913 58.141 52.341 46.441 40.150 34.001 27.993 22.126 16.400 10.816 8.094 8.130 8.188 8.267 8.367 8.489 8.633 8.797 8.984 9.191
4.863 4.621 4.364 4.092 4.067 4.420 4.774 5.131 5.491 5.853 6.217 6.583 6.951 7.322 7.696 8.071 7.953 7.421 6.896 6.377 5.865 5.359 4.857 4.361 3.870 3.384 2.904 2.429 2.876 3.676 4.485 5.300 6.123 6.954 7.791 8.637 9.489 10.349 11.217 12.092 17.382 22.930 28.487 34.052 39.625 45.206 50.795 56.377 61.203 65.897 70.459 73.085 66.706 60.468 54.371 48.416 42.601 36.928 31.396 26.005 20.755 15.646 10.679 7.747 7.877 8.029 8.202 8.396 8.612 8.850 9.108 9.388 9.690
4.814 4.520 4.212 3.888 3.743 4.103 4.466 4.831 5.199 5.568 5.941 6.315 6.692 7.071 7.452 7.836 7.851 7.342 6.839 6.344 5.855 5.371 4.893 4.420 3.952 3.489 3.032 2.580 2.898 3.732 4.573 5.421 6.277 7.140 8.010 8.888 9.774 10.667 11.567 12.339 16.835 22.008 27.050 31.959 36.736 41.382 45.896 50.278 54.528 58.646 62.632 66.020 60.258 54.637 49.158 43.819 38.622 33.565 28.650 23.876 19.242 14.750 10.399 7.379 7.603 7.849 8.116 8.404 8.714 9.045 9.397 9.771 10.167
4.780 4.434 4.074 3.698 3.416 3.785 4.156 4.529 4.905 5.283 5.663 6.045 6.430 6.817 7.207 7.599 7.742 7.256 6.777 6.304 5.838 5.378 4.922 4.472 4.028 3.588 3.154 2.725 2.912 3.778 4.638 5.475 6.291 7.086 7.859 8.612 9.343 10.053 10.741 11.408 14.913 19.510 23.975 28.309 32.510 36.580 40.518 44.324 47.998 51.541 54.952 58.231 53.671 48.667 43.804 39.083 34.502 30.062 25.763 21.605 17.588 13.712 9.977 6.990 7.308 7.647 8.008 8.390 8.793 9.218 9.665 10.133 10.622
4.759 4.362 3.950 3.523 3.088 3.464 3.844 4.225 4.609 4.995 5.383 5.774 6.167 6.562 6.959 7.359 7.628 7.165 6.708 6.259 5.815 5.393 4.981 4.574 4.170 3.771 3.376 2.985 3.014 3.801 4.567 5.311 6.034 6.736 7.417 8.076 8.714 9.331 9.927 10.501 13.134 17.155 21.045 24.802 28.428 31.922 35.285 38.516 41.615 44.582 47.418 50.121 46.945 42.558 38.312 34.206 30.242 26.418 22.735 19.193 15.792 12.532 9.413 6.579 6.991 7.424 7.878 8.354 8.852 9.370 9.911 10.472 11.055
