DATA/SHG/ECMWF/20170628/EN-14/20170705.en-14.asc
ncols        190
nrows        64
xllcorner    -5100000.000000000000
yllcorner    4130000.000000000000
cellsize     10000.000000000000
NODATA_value  -99999.000
[rows 0 to 31 of 64, columns 72 to 143 of 190]
2.044 2.141 2.240 2.342 2.446 2.554 2.665 2.778 2.895 2.942 2.865 2.827 2.808 2.810 2.832 2.874 2.936 3.019 3.121 3.244 3.386 3.514 3.495 3.437 3.363 3.272 3.163 3.038 2.896 2.737 2.562 2.369 2.159 2.035 2.240 2.447 2.657 2.869 3.085 3.303 3.524 3.748 3.974 4.203 4.435 4.620 4.650 4.678 4.706 4.732 4.757 4.782 4.805 4.827 4.847 4.867 4.886 4.900 4.907 4.914 4.922 4.929 4.937 4.946 4.954 4.964 4.973 4.983 4.993 5.041 5.198 5.360
2.172 2.278 2.388 2.570 2.762 2.942 3.110 3.265 3.408 3.517 3.529 3.561 3.613 3.685 3.777 3.889 4.022 4.174 4.347 4.540 4.753 4.954 4.860 4.726 4.576 4.409 4.225 4.024 3.806 3.571 3.319 3.051 2.765 2.523 2.740 2.959 3.181 3.406 3.634 3.865 4.098 4.334 4.573 4.814 5.059 5.278 5.302 5.326 5.348 5.370 5.390 5.409 5.427 5.444 5.459 5.474 5.488 5.499 5.508 5.516 5.525 5.534 5.543 5.553 5.563 5.574 5.584 5.595 5.607 5.643 5.821 6.002
2.857 3.043 3.217 3.378 3.527 3.664 3.789 3.902 4.003 4.091 4.173 4.275 4.397 4.540 4.702 4.885 5.087 5.310 5.553 5.816 6.099 6.402 6.242 6.032 5.806 5.563 5.303 5.027 4.733 4.422 4.095 3.751 3.389 3.011 3.236 3.468 3.702 3.939 4.180 4.422 4.668 4.916 5.168 5.422 5.678 5.936 5.955 5.974 5.991 6.007 6.022 6.036 6.049 6.061 6.072 6.081 6.090 6.097 6.107 6.117 6.127 6.137 6.148 6.159 6.171 6.182 6.195 6.207 6.220 6.242 6.453 6.682
3.803 3.946 4.077 4.196 4.303 4.397 4.480 4.550 4.608 4.654 4.798 4.970 5.163 5.375 5.608 5.860 6.133 6.426 6.739 7.072 7.425 7.798 7.641 7.356 7.054 6.735 6.399 6.047 5.677 5.291 4.888 4.468 4.031 3.578 3.728 3.972 4.219 4.469 4.721 4.976 5.234 5.495 5.759 6.025 6.294 6.565 6.608 6.622 6.634 6.645 6.655 6.664 6.672 6.679 6.684 6.689 6.692 6.695 6.705 6.716 6.703 6.677 6.661 6.657 6.665 6.684 6.714 6.756 6.809 6.874 7.150 7.459
4.760 4.860 4.948 5.024 5.088 5.140 5.180 5.208 5.223 5.227 5.403 5.646 5.908 6.191 6.494 6.816 7.159 7.522 7.905 8.308 8.731 9.174 9.057 8.696 8.319 7.924 7.513 7.085 6.640 6.178 5.699 5.203 4.691 4.162 4.217 4.473 4.732 4.994 5.259 5.527 5.797 6.070 6.346 6.624 6.905 7.189 7.262 7.270 7.277 7.283 7.288 7.276 7.242 7.195 7.136 7.065 6.982 6.886 6.858 6.860 6.872 6.897 6.932 6.979 7.038 7.107 7.189 7.281 7.385 7.501 7.829 8.218
5.726 5.783 5.829 5.863 5.884 5.893 5.891 5.876 5.849 5.810 5.989 6.302 6.634 6.987 7.360 7.753 8.165 8.598 9.051 9.524 10.017 10.530 10.491 10.054 9.601 9.131 8.644 8.140 7.619 7.082 6.527 5.956 5.368 4.764 4.702 4.970 5.242 5.516 5.793 6.073 6.355 6.641 6.941 7.244 7.539 7.826 7.912 7.883 7.843 7.791 7.726 7.649 7.561 7.460 7.347 7.222 7.084 6.935 6.914 6.966 7.030 7.105 7.191 7.289 7.398 7.519 7.651 7.794 7.949 8.115 8.488 8.958
6.702 6.717 6.720 6.711 6.690 6.657 6.612 6.554 6.485 6.403 6.556 6.938 7.341 7.764 8.206 8.669 9.152 9.655 10.178 10.721 11.283 11.866 11.941 11.429 10.900 10.354 9.792 9.213 8.616 8.003 7.374 6.727 6.064 5.421 5.288 5.619 5.942 6.257 6.564 6.863 7.155 7.438 7.714 7.981 8.241 8.493 8.568 8.485 8.391 8.284 8.166 8.035 7.892 7.737 7.570 7.391 7.199 6.996 6.958 7.061 7.175 7.301 7.438 7.587 7.747 7.918 8.101 8.295 8.501 8.718 9.128 9.678
7.688 7.660 7.621 7.570 7.506 7.430 7.343 7.243 7.131 7.007 7.103 7.555 8.028 8.521 9.033 9.566 10.119 10.691 11.284 11.897 12.530 13.182 13.409 12.821 12.144 11.451 10.776 10.119 9.480 8.860 8.258 7.674 7.109 6.562 6.350 6.646 6.934 7.213 7.485 7.749 8.005 8.253 8.494 8.726 8.951 9.167 9.236 9.099 8.951 8.790 8.617 8.433 8.236 8.027 7.806 7.572 7.327 7.070 6.990 7.143 7.308 7.485 7.673 7.872 8.083 8.305 8.539 8.784 9.040 9.308 9.749 10.379
8.684 8.614 8.532 8.438 8.332 8.214 8.084 7.942 7.788 7.621 7.631 8.153 8.696 9.258 9.841 10.443 11.045 11.570 12.086 12.594 13.094 13.585 13.810 13.161 12.531 11.919 11.325 10.750 10.193 9.654 9.133 8.631 8.147 7.681 7.420 7.680 7.932 8.177 8.413 8.642 8.863 9.076 9.281 9.478 9.667 9.849 9.916 9.725 9.523 9.308 9.081 8.842 8.591 8.328 8.053 7.766 7.467 7.156 7.010 7.214 7.430 7.657 7.896 8.146 8.407 8.680 8.964 9.260 9.567 9.885 10.352 11.062
9.690 9.578 9.453 9.317 9.169 9.008 8.836 8.651 8.454 8.238 8.122 8.667 9.205 9.734 10.255 10.767 11.271 11.766 12.253 12.732 13.202 13.664 14.013 13.446 12.897 12.367 11.854 11.360 10.884 10.427 9.988 9.567 9.164 8.779 8.496 8.721 8.939 9.148 9.349 9.542 9.728 9.906 10.075 10.237 10.391 10.538 10.608 10.363 10.107 9.838 9.557 9.264 8.960 8.643 8.314 7.972 7.619 7.254 7.018 7.273 7.540 7.818 8.107 8.408 8.720 9.043 9.378 9.724 10.082 10.451 10.935 11.725
10.706 10.551 10.334 10.060 9.800 9.553 9.320 9.100 8.894 8.701 8.530 9.047 9.555 10.055 10.546 11.029 11.504 11.970 12.427 12.877 13.317 13.750 14.174 13.710 13.242 12.793 12.362 11.949 11.555 11.178 10.820 10.480 10.159 9.856 9.580 9.770 9.952 10.126 10.292 10.450 10.600 10.743 10.877 11.004 11.123 11.234 11.312 11.013 10.703 10.380 10.045 9.699 9.340 8.969 8.586 8.191 7.784 7.365 7.014 7.320 7.637 7.966 8.306 8.657 9.020 9.394 9.779 10.176 10.584 11.004 11.500 12.370
10.949 10.695 10.455 10.228 10.015 9.815 9.629 9.456 9.297 9.151 9.018 9.434 9.912 10.383 10.845 11.299 11.744 12.180 12.609 13.029 13.440 13.843 14.238 13.953 13.566 13.198 12.849 12.517 12.204 11.909 11.632 11.373 11.133 10.910 10.706 10.825 10.972 11.111 11.242 11.365 11.480 11.587 11.687 11.778 11.862 11.938 12.006 11.675 11.311 10.934 10.546 10.145 9.732 9.308 8.871 8.422 7.961 7.488 7.003 7.355 7.723 8.103 8.493 8.895 9.308 9.733 10.169 10.616 11.075 11.528 11.981 12.930
10.963 10.756 10.563 10.383 10.217 10.064 9.925 9.799 9.687 9.587 9.502 9.827 10.277 10.718 11.151 11.575 11.991 12.398 12.797 13.188 13.570 13.944 14.309 14.175 13.870 13.583 13.314 13.064 12.832 12.618 12.422 12.244 12.085 11.944 11.821 11.888 11.999 12.103 12.199 12.287 12.367 12.439 12.503 12.560 12.608 12.649 12.682 12.349 11.931 11.500 11.058 10.603 10.137 9.658 9.168 8.665 8.151 7.624 7.085 7.379 7.824 8.294 8.756 9.210 9.655 10.091 10.519 10.938 11.349 11.751 12.145 13.278
10.965 10.805 10.659 10.526 10.406 10.301 10.208 10.129 10.063 10.011 9.972 10.228 10.648 11.060 11.464 11.859 12.245 12.624 12.993 13.355 13.708 14.052 14.388 14.376 14.152 13.946 13.759 13.590 13.438 13.305 13.191 13.094 13.016 12.956 12.914 12.958 13.034 13.103 13.163 13.216 13.261 13.298 13.327 13.348 13.362 13.367 13.365 13.035 12.563 12.078 11.582 11.052 10.511 9.991 9.492 9.014 8.557 8.121 7.706 7.956 8.397 8.830 9.254 9.669 10.076 10.474 10.864 11.245 11.618 11.982 12.338 13.572
10.954 10.841 10.741 10.655 10.583 10.524 10.478 10.446 10.427 10.422 10.430 10.636 11.027 11.409 11.784 12.149 12.507 12.856 13.196 13.529 13.852 14.168 14.474 14.557 14.414 14.289 14.183 14.094 14.024 13.972 13.938 13.923 13.925 13.946 13.985 14.035 14.076 14.109 14.135 14.152 14.162 14.164 14.072 13.905 13.750 13.610 13.483 13.110 12.578 12.067 11.578 11.109 10.661 10.234 9.828 9.444 9.080 8.737 8.415 8.575 8.978 9.373 9.759 10.136 10.505 10.865 11.217 11.561 11.895 12.221 12.539 13.813
10.930 10.864 10.811 10.772 10.747 10.734 10.736 10.750 10.778 10.820 10.875 11.051 11.412 11.766 12.111 12.447 12.775 13.095 13.407 13.710 14.004 14.291 14.568 14.717 14.655 14.611 14.585 14.578 14.589 14.618 14.665 14.730 14.814 14.789 14.659 14.496 14.294 14.105 13.930 13.769 13.621 13.486 13.366 13.258 13.164 13.084 13.017 12.772 12.333 11.916 11.519 11.144 10.789 10.455 10.143 9.851 9.580 9.330 9.101 9.202 9.567 9.924 10.272 10.611 10.942 11.265 11.578 11.884 12.180 12.469 12.748 14.000
10.894 10.875 10.869 10.877 10.898 10.932 10.980 11.042 11.116 11.204 11.306 11.472 11.805 12.129 12.445 12.752 13.051 13.342 13.624 13.898 14.164 14.421 14.668 14.856 14.785 14.651 14.517 14.384 14.253 14.122 13.993 13.864 13.737 13.611 13.486 13.354 13.212 13.084 12.969 12.868 12.780 12.706 12.645 12.598 12.565 12.545 12.538 12.412 12.067 11.743 11.439 11.157 10.895 10.654 10.435 10.236 10.058 9.901 9.765 9.837 10.164 10.483 10.793 11.094 11.387 11.672 11.948 12.215 12.474 12.724 12.966 14.134
10.845 10.872 10.914 10.968 11.036 11.117 11.212 11.320 11.441 11.576 11.725 11.901 12.205 12.500 12.786 13.064 13.323 13.429 13.514 13.581 13.628 13.655 13.682 13.694 13.563 13.434 13.305 13.177 13.050 12.925 12.800 12.677 12.554 12.433 12.312 12.198 12.117 12.049 11.994 11.953 11.926 11.912 11.912 11.925 11.951 11.991 12.045 12.031 11.779 11.548 11.337 11.147 10.979 10.831 10.704 10.598 10.514 10.450 10.406 10.480 10.769 11.050 11.322 11.585 11.841 12.087 12.325 12.554 12.775 12.988 13.192 14.214
10.783 10.858 10.946 11.047 11.161 11.289 11.431 11.586 11.754 11.915 11.988 12.074 12.208 12.323 12.419 12.496 12.553 12.591 12.609 12.608 12.588 12.548 12.506 12.466 12.342 12.217 12.093 11.970 11.848 11.728 11.608 11.489 11.372 11.255 11.140 11.029 11.008 11.000 11.006 11.025 11.058 11.104 11.164 11.237 11.324 11.424 11.538 11.629 11.469 11.331 11.213 11.116 11.041 10.986 10.952 10.939 10.947 10.976 11.025 11.130 11.382 11.625 11.859 12.084 12.302 12.510 12.710 12.902 13.085 13.260 13.426 14.241
10.709 10.831 10.933 10.963 11.005 11.060 11.128 11.207 11.299 11.404 11.521 11.650 11.726 11.774 11.803 11.812 11.802 11.772 11.723 11.655 11.567 11.459 11.350 11.242 11.121 11.001 10.882 10.764 10.647 10.531 10.416 10.302 10.190 10.078 9.967 9.858 9.886 9.939 10.005 10.084 10.177 10.283 10.403 10.537 10.684 10.844 11.018 11.204 11.138 11.092 11.067 11.064 11.081 11.119 11.177 11.257 11.358 11.480 11.622 11.789 12.002 12.207 12.404 12.591 12.771 12.942 13.104 13.258 13.403 13.539 13.668 14.214
9.998 10.047 10.108 10.181 10.267 10.365 10.476 10.599 10.734 10.882 11.042 11.215 11.263 11.244 11.205 11.147 11.069 10.972 10.855 10.720 10.564 10.390 10.213 10.036 9.901 9.786 9.671 9.558 9.446 9.335 9.225 9.116 9.008 8.901 8.795 8.691 8.751 8.864 8.990 9.129 9.282 9.449 9.629 9.822 10.029 10.250 10.484 10.731 10.784 10.832 10.900 10.989 11.099 11.229 11.381 11.553 11.747 11.961 12.196 12.452 12.631 12.798 12.956 13.106 13.248 13.381 13.505 13.621 13.729 13.828 13.927 14.162
9.076 9.168 9.272 9.389 9.518 9.660 9.814 9.980 10.159 10.350 10.553 10.769 10.819 10.732 10.626 10.500 10.355 10.190 10.007 9.803 9.581 9.339 9.094 8.850 8.681 8.571 8.461 8.353 8.246 8.139 8.034 7.930 7.827 7.725 7.624 7.524 7.603 7.776 7.962 8.161 8.374 8.601 8.841 9.094 9.361 9.642 9.936 10.243 10.410 10.550 10.710 10.892 11.095 11.318 11.562 11.827 12.114 12.420 12.748 13.097 13.267 13.402 13.539 13.668 13.790 13.904 14.011 14.111 14.204 14.289 14.367 14.437
8.143 8.279 8.426 8.586 8.759 8.944 9.141 9.350 9.572 9.807 10.053 10.312 10.393 10.238 10.065 9.872 9.659 9.427 9.176 8.906 8.616 8.307 7.994 7.682 7.462 7.356 7.251 7.148 7.045 6.944 6.844 6.744 6.646 6.549 6.453 6.358 6.442 6.674 6.920 7.180 7.453 7.740 8.040 8.353 8.680 9.020 9.374 9.741 10.013 10.246 10.499 10.774 11.080 11.422 11.780 12.155 12.547 12.956 13.382 13.825 14.031 14.142 14.246 14.342 14.432 14.514 14.588 14.656 14.716 14.768 14.814 14.852
7.200 7.379 7.570 7.773 7.989 8.217 8.457 8.710 8.975 9.253 9.542 9.845 9.985 9.763 9.522 9.262 8.982 8.683 8.365 8.027 7.670 7.294 6.914 6.533 6.243 6.142 6.042 5.943 5.846 5.749 5.654 5.559 5.466 5.374 5.282 5.192 5.267 5.560 5.866 6.185 6.518 6.865 7.225 7.646 8.130 8.589 9.023 9.431 9.792 10.141 10.507 10.890 11.289 11.705 12.139 12.589 13.055 13.539 14.039 14.557 14.809 14.888 14.959 15.023 15.080 15.130 15.172 15.207 15.234 15.254 15.267 15.273
6.247 6.469 6.703 6.949 7.208 7.480 7.763 8.059 8.367 8.688 9.021 9.366 9.595 9.306 8.998 8.671 8.324 7.957 7.572 7.167 6.743 6.299 5.852 5.403 5.024 4.928 4.833 4.739 4.647 4.555 4.464 4.375 4.286 4.198 4.221 4.406 4.704 5.253 5.777 6.275 6.749 7.197 7.619 8.016 8.388 8.735 9.056 9.352 9.685 10.108 10.549 11.006 11.480 11.971 12.479 13.004 13.545 14.103 14.678 15.270 15.594 15.640 15.679 15.711 15.735 15.752 15.762 15.764 15.759 15.747 15.727 15.701
5.283 5.548 5.825 6.115 6.417 6.732 7.058 7.397 7.749 8.113 8.489 8.877 9.224 8.868 8.492 8.098 7.684 7.250 6.797 6.325 5.834 5.323 4.808 4.292 3.806 3.855 4.115 4.359 4.586 4.797 4.991 5.169 5.331 5.477 5.606 5.719 5.887 6.324 6.735 7.122 7.483 7.818 8.129 8.414 8.673 8.908 9.117 9.301 9.559 10.058 10.573 11.105 11.654 12.219 12.802 13.401 14.017 14.649 15.299 15.965 16.386 16.399 16.406 16.405 16.397 16.381 16.358 16.328 16.291 16.246 16.194 16.135
4.358 4.617 4.937 5.270 5.615 5.973 6.343 6.725 7.120 7.527 7.946 8.377 8.821 8.448 8.005 7.543 7.062 6.592 6.345 6.146 5.996 5.894 5.812 5.743 5.712 5.910 6.097 6.268 6.423 6.561 6.683 6.788 6.877 6.950 7.007 7.047 7.096 7.421 7.720 7.994 8.243 8.466 8.664 8.837 8.985 9.107 9.204 9.276 9.416 9.989 10.579 11.186 11.809 12.449 13.106 13.780 14.470 15.177 15.901 16.642 17.183 17.165 17.139 17.105 17.065 17.017 16.962 16.899 16.830 16.752 16.668 16.576
3.464 3.675 4.039 4.415 4.803 5.204 5.617 6.042 6.480 6.930 7.418 7.986 8.512 8.349 8.076 7.851 7.675 7.547 7.468 7.437 7.454 7.520 7.607 7.708 7.847 7.981 8.095 8.193 8.275 8.341 8.390 8.423 8.440 8.440 8.424 8.392 8.344 8.543 8.731 8.892 9.029 9.141 9.227 9.287 9.323 9.333 9.318 9.278 9.256 9.903 10.567 11.248 11.946 12.661 13.392 14.141 14.905 15.687 16.486 17.301 17.988 17.937 17.878 17.813 17.740 17.659 17.572 17.477 17.375 17.265 17.148 17.024
2.560 2.723 3.130 3.642 4.352 5.022 5.651 6.239 6.787 7.294 7.761 8.187 8.573 8.587 8.482 8.425 8.417 8.457 8.546 8.682 8.867 9.101 9.356 9.627 9.935 10.067 10.109 10.134 10.144 10.137 10.113 10.074 10.018 9.946 9.858 9.753 9.632 9.692 9.767 9.817 9.842 9.841 9.815 9.764 9.688 9.586 9.459 9.307 9.130 9.799 10.538 11.293 12.066 12.855 13.661 14.483 15.323 16.179 17.052 17.941 18.799 18.715 18.624 18.526 18.421 18.308 18.188 18.061 17.926 17.785 17.635 17.479
3.304 3.748 4.399 5.008 5.577 6.106 6.594 7.042 7.449 7.815 8.141 8.426 8.671 8.781 8.844 8.955 9.115 9.322 9.578 9.883 10.235 10.636 11.060 11.500 11.978 12.168 12.138 12.091 12.028 11.948 11.853 11.741 11.612 11.468 11.307 11.130 10.937 10.867 10.830 10.768 10.681 10.568 10.430 10.267 10.079 9.866 9.627 9.363 9.074 9.677 10.491 11.321 12.167 13.031 13.911 14.808 15.722 16.652 17.600 18.564 19.544 19.500 19.377 19.246 19.109 18.964 18.811 18.652 18.485 18.311 18.129 17.940
5.039 5.433 5.942 6.411 6.839 7.227 7.574 7.880 8.146 8.372 8.557 8.702 8.806 8.931 9.161 9.440 9.767 10.142 10.566 11.038 11.558 12.126 12.719 13.327 13.975 14.285 14.182 14.063 13.928 13.776 13.608 13.423 13.223 13.006 12.773 12.523 12.257 12.068 11.919 11.745 11.546 11.321 11.072 10.797 10.497 10.172 9.821 9.445 9.044 9.538 10.426 11.330 12.251 13.189 14.144 15.115 16.103 17.108 18.129 19.168 20.223 20.291 20.136 19.921 19.608 19.302 19.003 18.712 18.429 18.153 17.884 17.623
6.740 7.153 7.521 7.849 8.136 8.383 8.590 8.756 8.881 8.966 9.010 9.014 8.978 9.036 9.434 9.881 10.375 10.918 11.509 12.148 12.835 13.571 14.332 15.110 15.926 16.418 16.243 16.051 15.843 15.619 15.378 15.122 14.849 14.559 14.254 13.932 13.594 13.295 13.034 12.748 12.437 12.101 11.740 11.353 10.941 10.504 10.042 9.555 9.042 9.381 10.343 11.322 12.317 13.329 14.390 15.485 16.508 17.457 18.334 19.138 19.869 19.857 19.562 19.274 18.994 18.721 18.456 18.198 17.947 17.705 17.469 17.241
