DATA/SHG/ECMWF/20170628/EN-14/20170704.en-14.asc
ncols        190
nrows        64
xllcorner    -5100000.000000000000
yllcorner    4130000.000000000000
cellsize     10000.000000000000
NODATA_value  -99999.000
[rows 32 to 63 of 64, columns 0 to 71 of 190]
4.643 4.022 4.071 4.201 4.344 4.501 4.671 4.855 5.052 5.264 5.488 5.727 5.979 6.244 6.117 5.934 5.717 5.464 5.177 4.856 4.500 4.109 3.683 3.223 2.728 2.199 2.316 2.434 2.541 2.637 2.722 2.797 2.860 2.913 2.955 2.987 3.007 3.018 3.051 3.073 3.085 3.085 3.075 3.053 3.021 2.978 2.924 3.217 3.683 4.157 4.437 4.657 4.816 4.913 4.950 4.926 4.841 4.695 4.488 4.220 3.891 3.582 4.086 4.678 5.360 6.130 6.989 7.936 8.973 10.099 11.313 12.616
5.484 4.767 4.713 4.890 5.081 5.285 5.503 5.735 5.980 6.238 6.510 6.796 7.095 7.408 7.256 6.952 6.613 6.239 5.831 5.388 4.911 4.399 3.852 3.271 2.655 2.005 1.971 2.051 2.120 2.179 2.226 2.263 2.290 2.305 2.310 2.303 2.286 2.259 2.250 2.234 2.538 2.937 3.356 3.793 4.249 4.723 5.216 5.728 6.259 6.808 6.915 6.922 6.868 6.753 6.578 6.341 6.044 5.685 5.266 4.786 4.245 3.643 4.394 5.296 6.286 7.365 8.533 9.789 11.134 12.568 14.091 15.703
6.353 5.541 5.340 5.564 5.802 6.054 6.319 6.598 6.891 7.197 7.516 7.849 8.196 8.557 8.430 8.005 7.545 7.050 6.521 5.957 5.359 4.726 4.058 3.356 2.619 1.847 1.637 1.679 1.711 1.732 1.742 1.742 1.731 2.163 2.566 2.900 3.164 3.358 3.700 4.127 4.573 5.037 5.521 6.023 6.543 7.083 7.641 8.218 8.813 9.428 9.450 9.244 8.978 8.651 8.263 7.814 7.305 6.734 6.103 5.410 4.657 3.843 4.617 5.827 7.126 8.513 9.990 11.555 13.208 14.951 16.782 18.701
7.252 6.344 5.950 6.222 6.508 6.807 7.120 7.446 7.786 8.139 8.506 8.887 9.281 9.688 9.641 9.094 8.513 7.897 7.247 6.562 5.842 5.088 4.300 3.477 2.619 1.757 2.048 2.697 3.276 3.785 4.224 4.593 4.893 5.122 5.282 5.372 5.392 5.342 5.583 6.075 6.586 7.115 7.664 8.231 8.816 9.421 10.044 10.685 11.346 12.025 12.042 11.624 11.146 10.606 10.006 9.345 8.624 7.841 6.998 6.094 5.128 4.103 4.753 6.272 7.879 9.575 11.360 13.233 15.195 17.245 19.384 21.612
8.180 7.176 6.545 6.864 7.197 7.544 7.904 8.278 8.665 9.066 9.480 9.908 10.349 10.804 10.886 10.219 9.517 8.780 8.122 7.994 7.844 7.673 7.480 7.266 7.029 6.771 6.785 7.189 7.524 7.789 7.984 8.109 8.165 8.150 8.066 7.912 7.688 7.395 7.445 8.002 8.577 9.172 9.785 10.417 11.067 11.736 12.424 13.131 13.856 14.600 14.691 14.061 13.370 12.619 11.807 10.934 10.001 9.006 7.951 6.835 5.658 4.421 4.803 6.630 8.546 10.550 12.643 14.824 17.094 19.452 21.899 24.434
9.136 8.038 7.124 7.491 7.871 8.265 8.672 9.093 9.528 9.976 10.438 11.086 12.182 13.337 14.290 14.172 14.033 13.871 13.689 13.484 13.258 13.010 12.741 12.450 12.137 11.802 11.588 11.748 11.839 11.860 11.811 11.692 11.504 11.246 10.918 10.520 10.053 9.516 9.285 9.907 10.547 11.207 11.885 12.581 13.296 14.030 14.783 15.554 16.344 17.153 17.397 16.555 15.653 14.689 13.665 12.581 11.435 10.229 8.963 7.635 6.247 4.798 4.768 6.903 9.126 11.438 13.839 16.328 18.905 21.571 24.326 27.169
10.122 8.928 7.708 8.101 8.708 9.593 10.537 11.542 12.607 13.731 14.915 16.160 17.464 18.829 20.179 19.985 19.769 19.531 19.271 18.990 18.688 18.363 18.017 17.650 17.261 16.850 16.458 16.374 16.221 15.998 15.706 15.343 14.911 14.410 13.838 13.197 12.486 11.705 11.104 11.790 12.496 13.220 13.963 14.724 15.504 16.303 17.120 17.956 18.811 19.684 20.160 19.106 17.992 16.817 15.582 14.285 12.928 11.511 10.032 8.493 6.894 5.233 4.646 7.089 9.620 12.240 14.948 17.745 20.630 23.604 27.635 32.593
12.082 11.267 10.518 11.215 12.249 13.343 14.496 15.709 16.983 18.316 19.709 21.162 22.675 24.248 25.881 25.813 25.520 25.206 24.870 24.512 24.133 23.733 23.310 22.866 22.400 21.913 21.404 21.067 20.670 20.204 19.668 19.062 18.386 17.641 16.826 15.942 14.988 13.964 12.901 13.652 14.423 15.211 16.019 16.845 17.690 18.553 19.435 20.336 21.255 22.193 22.980 21.714 20.389 19.002 17.555 16.047 14.479 12.850 11.160 9.410 7.599 5.727 4.439 7.735 11.577 15.734 20.208 24.997 30.103 35.524 41.261 47.313
14.935 14.345 13.821 14.477 15.719 17.022 18.384 19.806 21.288 22.830 24.431 26.093 27.814 29.596 31.437 31.657 31.288 30.897 30.485 30.051 29.595 29.118 28.619 28.099 27.557 26.993 26.408 25.827 25.186 24.476 23.697 22.848 21.929 20.940 19.882 18.755 17.558 16.291 14.954 15.493 16.328 17.181 18.053 18.944 19.854 20.782 21.728 22.694 23.678 24.680 25.701 24.380 22.842 21.245 19.586 17.867 16.080 14.433 12.956 11.648 10.511 9.544 8.756 13.377 18.315 23.568 29.137 35.021 41.222 47.737 54.569 61.716
17.713 17.348 17.049 17.668 19.119 20.630 22.201 23.832 25.522 27.272 29.082 30.952 32.882 34.872 36.921 37.517 37.071 36.604 36.115 35.605 35.073 34.519 33.944 33.348 32.729 32.089 31.428 30.653 29.769 28.816 27.793 26.701 25.539 24.307 23.006 21.636 20.196 18.686 17.107 17.312 18.212 19.130 20.067 21.022 21.996 22.989 24.000 25.030 26.078 26.589 26.966 25.396 23.489 21.751 20.184 18.786 17.558 16.500 15.611 14.893 14.344 13.966 13.757 18.708 24.740 31.088 37.752 44.731 52.025 59.635 67.560 75.801
20.417 20.277 20.201 20.789 22.449 24.169 25.948 27.787 29.686 31.644 33.663 35.741 37.879 40.077 42.334 43.392 42.870 42.327 41.762 41.175 40.567 39.937 39.286 38.613 37.918 37.202 36.464 35.546 34.419 33.223 31.957 30.621 29.217 27.742 26.198 24.585 22.902 21.150 19.328 19.110 20.074 21.057 21.605 22.090 22.544 22.968 23.362 23.725 24.058 24.361 24.633 23.760 22.442 21.294 20.315 19.506 18.867 18.398 18.098 17.969 18.008 18.218 18.598 23.726 30.853 38.295 46.053 54.125 62.513 71.216 80.235 89.568
23.046 23.130 23.280 23.841 25.709 27.637 29.624 31.671 33.778 35.945 38.172 40.458 42.804 45.210 47.676 49.283 48.685 48.065 47.424 46.761 46.077 45.371 44.643 43.894 43.123 42.331 41.517 40.505 39.135 37.696 36.188 34.609 32.962 31.245 29.443 27.002 24.596 22.225 19.890 18.823 19.294 19.734 20.144 20.524 20.873 21.192 21.481 21.739 21.967 22.165 22.333 21.959 21.229 20.670 20.280 20.060 20.009 20.128 20.417 20.876 21.504 22.301 23.268 28.433 36.654 45.190 54.040 63.206 72.686 82.482 92.593 103.018
25.600 25.909 26.283 26.822 28.899 31.035 33.230 35.486 37.801 40.176 42.610 45.104 47.658 50.272 52.945 55.190 54.516 53.820 53.102 52.363 51.603 50.821 50.017 49.192 48.345 47.476 46.586 45.406 42.840 40.309 37.813 35.353 32.928 30.539 28.184 25.866 23.583 21.335 19.123 17.709 18.075 18.410 18.715 18.990 19.234 19.449 19.633 19.786 19.909 20.002 20.065 19.992 19.851 19.880 20.079 20.447 20.984 21.691 22.568 23.614 24.830 26.215 27.769 32.830 42.143 51.771 61.715 71.973 82.545 93.433 104.635 116.152
28.081 28.614 29.212 29.874 32.018 34.362 36.766 39.229 41.753 44.335 46.978 49.680 52.441 55.263 58.144 61.085 60.363 59.591 58.797 57.982 56.922 55.074 53.193 51.278 49.330 47.348 45.333 43.255 40.811 38.403 36.030 33.692 31.390 29.123 26.892 24.696 22.535 20.410 18.320 16.627 16.888 17.119 17.319 17.489 17.628 17.738 17.817 17.866 17.884 17.872 17.830 17.859 18.307 18.924 19.711 20.667 21.792 23.087 24.551 26.184 27.987 29.959 32.101 36.915 47.321 58.041 69.076 80.426 92.090 104.069 116.362 128.970
30.487 31.244 32.066 32.952 35.068 37.620 40.232 42.903 45.634 48.424 51.275 54.184 57.154 59.908 62.097 64.221 63.035 61.205 59.341 57.443 55.512 53.548 51.550 49.519 47.454 45.355 43.224 41.058 38.749 36.463 34.213 31.998 29.818 27.674 25.565 23.491 21.453 19.451 17.483 15.577 15.733 15.859 15.954 16.020 16.055 16.059 16.033 15.978 15.891 15.775 15.628 15.562 16.598 17.802 19.177 20.720 22.433 24.315 26.366 28.586 30.976 33.535 36.264 40.691 52.188 63.999 76.125 88.566 101.321 114.390 127.773 141.471
32.819 33.800 34.846 35.956 38.049 40.809 43.462 45.881 48.235 50.524 52.747 54.905 56.998 59.026 60.988 62.885 62.130 60.183 58.202 56.188 54.141 52.060 49.945 47.797 45.616 43.401 41.152 38.871 36.652 34.489 32.362 30.269 28.212 26.190 24.204 22.253 20.337 18.457 16.612 14.802 14.611 14.632 14.622 14.583 14.513 14.413 14.283 14.122 13.931 13.710 13.459 13.177 14.723 16.515 18.476 20.607 22.906 25.375 28.013 30.820 33.797 36.942 40.257 44.156 56.744 69.646 82.863 96.393 110.238 124.397 138.870 153.657
34.682 35.668 36.744 37.910 39.654 41.978 44.235 46.428 48.556 50.618 52.615 54.546 56.413 58.214 59.950 61.621 61.263 59.199 57.102 54.971 52.807 50.609 48.378 46.113 43.815 41.484 39.119 36.721 34.523 32.482 30.477 28.507 26.572 24.673 22.809 20.980 19.187 17.429 15.706 14.019 13.520 13.436 13.322 13.178 13.004 12.799 12.564 12.299 12.004 11.678 11.322 10.936 12.683 15.062 17.610 20.327 23.214 26.269 29.493 32.887 36.449 40.181 44.082 48.151 60.990 74.818 86.858 98.525 109.820 120.742 131.290 141.466
35.056 36.355 37.744 39.223 40.950 43.047 45.078 47.045 48.946 50.781 52.552 54.257 55.898 57.473 58.982 60.427 60.432 58.252 56.038 53.791 51.510 49.196 46.848 44.467 42.053 39.605 37.124 34.609 32.359 30.441 28.558 26.711 24.898 23.121 21.380 19.673 18.002 16.366 14.766 13.201 12.462 12.273 12.055 11.806 11.527 11.218 10.878 10.508 10.109 9.679 9.218 8.728 10.479 13.444 16.579 19.882 23.354 26.996 30.758 34.208 37.481 40.577 43.496 46.237 55.701 66.829 77.584 87.966 97.976 107.613 116.878 125.769
35.330 36.942 38.644 40.435 42.315 44.185 45.991 47.730 49.405 51.015 52.559 54.039 55.453 56.802 58.085 59.304 59.639 57.342 55.012 52.648 50.251 47.821 45.357 42.859 40.329 37.764 35.167 32.536 30.162 28.367 26.606 24.881 23.191 21.536 19.916 18.332 16.783 15.270 13.791 12.348 11.435 11.142 10.819 10.466 10.082 9.668 9.224 8.750 8.246 7.711 7.147 6.721 8.993 12.893 16.617 20.163 23.532 26.725 29.740 32.578 35.240 37.724 40.032 42.162 49.361 59.204 68.675 77.773 86.499 94.852 102.833 110.441
35.504 37.429 39.443 41.548 43.742 45.393 46.972 48.486 49.935 51.318 52.636 53.890 55.078 56.201 57.259 58.252 58.884 56.470 54.023 51.543 49.030 46.483 43.903 41.289 38.642 35.961 33.248 30.501 27.932 26.258 24.620 23.017 21.449 19.917 18.419 16.957 15.530 14.139 12.782 11.461 10.440 10.043 9.615 9.157 8.811 8.855 8.952 9.100 9.301 9.555 9.860 10.218 11.818 15.106 18.218 21.152 23.910 26.491 28.895 31.122 33.172 35.046 36.743 38.262 43.384 51.943 60.130 67.944 75.387 82.457 89.155 95.481
35.578 37.816 40.143 42.560 45.066 46.670 48.023 49.311 50.533 51.691 52.784 53.811 54.773 55.671 56.503 57.270 57.972 55.635 53.072 50.476 47.846 45.183 42.486 39.756 36.993 34.196 31.366 28.503 25.668 24.117 22.600 21.119 19.674 18.263 16.888 15.548 14.243 13.100 12.212 11.340 10.611 10.627 10.695 10.816 10.988 11.213 11.490 11.819 12.201 12.635 13.121 13.659 14.813 17.490 19.990 22.313 24.459 26.429 28.222 29.839 31.278 32.541 33.627 34.537 37.769 45.045 51.949 58.481 64.641 70.429 75.845 80.889
35.553 38.103 40.743 43.472 46.290 48.016 49.143 50.205 51.202 52.134 53.000 53.802 54.539 55.211 55.817 56.359 56.836 54.837 52.158 49.445 46.699 43.920 41.107 38.261 35.382 32.469 29.523 26.544 23.531 21.941 20.729 19.783 18.853 17.940 17.043 16.162 15.297 14.449 13.617 12.801 12.010 12.207 12.456 12.757 13.110 13.515 13.973 14.483 15.045 15.659 16.326 17.044 17.978 20.044 21.933 23.645 25.181 26.540 27.722 28.728 29.558 30.210 30.686 30.985 32.516 38.510 44.132 49.382 54.260 58.767 62.902 66.665
35.429 38.291 41.242 44.283 47.414 49.431 50.332 51.168 51.940 52.646 53.287 53.863 54.375 54.821 55.202 55.518 55.770 54.077 51.281 48.452 45.590 42.694 39.766 36.936 34.253 31.607 28.998 26.426 23.890 22.574 21.668 20.778 19.904 19.047 18.206 17.381 16.572 15.780 15.004 14.245 13.502 13.732 14.161 14.643 15.177 15.762 16.401 17.091 17.833 18.628 19.475 20.374 21.325 22.768 24.046 25.148 26.074 26.822 27.395 27.790 28.010 28.052 27.919 27.608 27.625 32.337 36.677 40.647 44.244 47.470 50.325 52.808
35.205 38.379 41.642 44.995 48.438 50.915 51.590 52.201 52.747 53.228 53.643 53.994 54.280 54.501 54.657 54.748 54.770 53.424 50.647 47.908 45.205 42.538 39.909 37.316 34.760 32.241 29.758 27.312 24.903 23.439 22.589 21.755 20.937 20.136 19.351 18.582 17.830 17.094 16.374 15.670 14.983 15.202 15.812 16.474 17.188 17.955 18.773 19.644 20.566 21.541 22.568 23.647 24.779 25.663 26.331 26.822 27.138 27.277 27.239 27.025 26.635 26.068 25.325 24.405 23.309 26.526 29.586 32.275 34.592 36.539 38.113 39.317
34.882 38.368 41.943 45.607 49.361 52.468 52.918 53.303 53.623 53.549 53.369 53.258 53.214 53.239 53.331 53.492 53.721 53.006 50.357 47.743 45.167 42.627 40.124 37.658 35.228 32.835 30.479 28.160 25.877 24.286 23.492 22.714 21.952 21.207 20.478 19.765 19.069 18.389 17.725 17.077 16.446 16.618 17.408 18.251 19.145 20.092 21.090 22.141 23.244 24.399 25.606 26.865 28.177 28.728 28.786 28.668 28.373 27.903 27.256 26.432 25.433 24.257 22.904 21.376 19.671 21.078 22.858 24.267 25.305 25.972 26.268 26.193
34.460 38.257 41.737 45.045 48.280 51.227 51.011 50.864 50.785 50.773 50.830 50.955 51.148 51.409 51.738 52.135 52.600 52.551 50.028 47.541 45.091 42.678 40.301 37.962 35.658 33.392 31.162 28.969 26.812 25.115 24.377 23.655 22.950 22.260 21.587 20.931 20.290 19.666 19.058 18.467 17.891 17.979 18.950 19.972 21.047 22.174 23.352 24.583 25.866 27.201 28.588 30.028 31.519 31.962 31.411 30.684 29.780 28.700 27.444 26.011 24.403 22.618 20.657 18.520 16.207 15.990 16.491 16.622 16.381 16.937 17.816 18.669
31.896 35.098 38.227 41.283 44.266 47.175 47.456 47.545 47.702 47.927 48.221 48.582 49.011 49.508 50.074 50.707 51.408 52.058 49.661 47.301 44.978 42.691 40.440 38.227 36.050 33.910 31.806 29.739 27.709 25.927 25.245 24.579 23.929 23.296 22.679 22.078 21.494 20.926 20.374 19.838 19.319 19.286 20.437 21.639 22.894 24.201 25.559 26.970 28.433 29.948 31.515 33.134 34.806 35.367 34.207 32.870 31.357 29.669 27.804 25.763 23.546 21.152 18.951 16.879 14.860 14.460 15.353 16.220 17.062 17.879 18.670 19.436
28.975 31.925 34.802 37.605 40.335 42.992 43.831 44.156 44.550 45.011 45.541 46.138 46.803 47.537 48.338 49.207 50.145 51.150 49.257 47.023 44.826 42.665 40.541 38.454 36.403 34.389 32.412 30.471 28.567 26.721 26.094 25.485 24.891 24.314 23.753 23.208 22.679 22.167 21.671 21.191 20.728 20.538 21.869 23.252 24.686 26.173 27.712 29.302 30.945 32.640 34.387 36.186 38.037 38.942 37.172 34.936 32.672 30.463 28.307 26.204 24.155 22.160 20.218 18.330 16.495 15.775 16.580 17.360 18.114 18.843 19.547 20.225
26.138 28.835 31.459 34.011 36.489 38.894 40.136 40.698 41.327 42.025 42.790 43.624 44.525 45.494 46.532 47.637 48.810 50.051 48.815 46.707 44.636 42.602 40.604 38.643 36.718 34.830 32.979 31.164 29.386 27.645 26.927 26.373 25.835 25.314 24.809 24.320 23.847 23.391 22.950 22.527 22.119 21.736 23.247 24.809 26.424 28.090 29.809 31.579 32.992 34.341 35.684 37.020 38.349 39.179 36.993 34.860 32.782 30.756 28.784 26.866 25.001 23.190 21.432 19.728 18.078 17.112 17.830 18.522 19.189 19.831 20.447 21.038
23.383 25.828 28.200 30.500 32.726 34.879 36.371 37.169 38.034 38.968 39.969 41.039 42.176 43.381 44.654 45.995 47.404 48.881 48.334 46.353 44.408 42.500 40.629 38.794 36.995 35.233 33.508 31.819 30.167 28.552 27.741 27.243 26.761 26.296 25.847 25.414 24.997 24.596 24.212 23.844 23.492 22.913 24.016 25.385 26.746 28.100 29.447 30.787 32.120 33.446 34.765 36.077 37.382 38.680 36.682 34.733 32.839 30.997 29.210 27.475 25.795 24.168 22.594 21.074 19.607 18.473 19.103 19.708 20.287 20.841 21.370 21.873
20.712 22.905 25.025 27.072 29.046 30.947 32.537 33.570 34.672 35.841 37.078 38.383 39.756 41.197 42.706 44.282 45.927 47.639 47.817 45.961 44.143 42.361 40.615 38.906 37.234 35.598 33.999 32.436 30.910 29.420 28.538 28.096 27.670 27.260 26.541 25.850 25.195 24.575 23.991 23.443 22.931 22.454 23.296 24.640 25.978 27.308 28.631 29.948 31.257 32.559 33.854 35.143 36.424 37.698 36.319 34.554 32.844 31.187 29.583 28.033 26.536 25.093 23.703 22.367 21.084 19.855 20.398 20.916 21.408 21.874 22.316 22.732
18.123 20.064 21.933 23.728 25.451 27.100 28.632 29.902 31.239 32.644 34.117 35.658 37.266 38.943 40.687 42.499 44.379 46.326 47.261 45.532 43.839 42.183 40.563 38.980 37.434 35.924 34.436 32.596 30.813 29.086 27.811 27.100 26.425 25.786 25.183 24.615 24.084 23.587 23.127 22.702 22.314 21.960 22.583 23.903 25.217 26.524 27.823 29.116 30.401 31.680 32.951 34.215 35.473 36.723 35.904 34.324 32.797 31.324 29.904 28.538 27.225 25.966 24.760 23.607 22.508 21.463 21.716 22.146 22.551 22.930 23.284 23.613
