DATA/SHG/ECMWF/20170628/EN-14/20170702.en-14.asc
ncols        190
nrows        64
xllcorner    -5100000.000000000000
yllcorner    4130000.000000000000
cellsize     10000.000000000000
NODATA_value  -99999.000
[rows 0 to 31 of 64, columns 72 to 143 of 190]
4.938 5.383 5.828 6.275 6.722 7.169 7.617 8.066 8.516 8.721 8.368 8.032 7.717 7.422 7.148 6.895 6.662 6.450 6.259 6.088 5.937 5.981 6.574 7.119 7.626 8.095 8.526 8.920 9.276 9.594 9.874 10.117 10.322 10.320 9.768 9.231 8.712 8.209 7.723 7.253 6.800 6.363 5.943 5.540 5.154 4.854 4.784 4.729 4.686 4.657 4.642 4.640 4.651 4.676 4.714 4.765 4.830 4.883 4.859 4.827 4.786 4.737 4.680 4.614 4.540 4.458 4.367 4.268 4.160 4.095 4.173 4.257
4.928 5.375 5.823 6.318 6.805 7.267 7.705 8.118 8.508 8.758 8.473 8.210 7.966 7.744 7.542 7.361 7.200 7.059 6.940 6.841 6.762 6.758 7.183 7.558 7.896 8.196 8.459 8.684 8.871 9.020 9.132 9.206 9.242 9.187 8.709 8.247 7.802 7.373 6.961 6.566 6.187 5.825 5.479 5.150 4.838 4.576 4.567 4.571 4.589 4.620 4.664 4.722 4.793 4.878 4.976 5.087 5.212 5.322 5.261 5.191 5.113 5.027 4.932 4.829 4.717 4.597 4.469 4.332 4.187 4.072 4.174 4.282
5.400 5.874 6.324 6.750 7.152 7.529 7.882 8.211 8.515 8.772 8.560 8.368 8.197 8.046 7.916 7.807 7.718 7.649 7.601 7.574 7.567 7.581 7.833 8.039 8.209 8.340 8.434 8.490 8.508 8.489 8.432 8.338 8.206 8.036 7.633 7.246 6.875 6.521 6.183 5.862 5.557 5.269 4.998 4.743 4.505 4.285 4.336 4.400 4.477 4.568 4.672 4.790 4.921 5.065 5.223 5.394 5.579 5.769 5.671 5.564 5.448 5.324 5.192 5.051 4.902 4.745 4.579 4.404 4.222 4.074 4.268 4.477
6.109 6.498 6.863 7.204 7.521 7.813 8.081 8.325 8.545 8.741 8.628 8.508 8.408 8.330 8.271 8.233 8.216 8.220 8.244 8.288 8.353 8.438 8.524 8.562 8.563 8.526 8.451 8.339 8.189 8.001 7.776 7.513 7.212 6.874 6.541 6.228 5.931 5.651 5.388 5.141 4.910 4.696 4.499 4.319 4.154 4.007 4.091 4.215 4.352 4.503 4.667 4.844 5.035 5.239 5.456 5.687 5.932 6.189 6.089 5.944 5.773 5.591 5.423 5.269 5.127 4.998 4.883 4.781 4.692 4.616 4.850 5.121
6.839 7.143 7.424 7.680 7.912 8.119 8.303 8.462 8.597 8.708 8.676 8.628 8.601 8.594 8.607 8.641 8.696 8.771 8.866 8.982 9.119 9.276 9.257 9.127 8.959 8.754 8.511 8.230 7.912 7.556 7.162 6.731 6.262 5.756 5.433 5.194 4.971 4.765 4.576 4.403 4.247 4.107 3.984 3.877 3.787 3.713 3.832 4.015 4.213 4.423 4.647 4.898 5.152 5.388 5.608 5.811 5.997 6.166 6.071 5.922 5.787 5.664 5.555 5.458 5.375 5.305 5.248 5.205 5.174 5.157 5.417 5.750
7.591 7.810 8.006 8.177 8.324 8.448 8.546 8.621 8.672 8.698 8.706 8.730 8.774 8.839 8.924 9.029 9.155 9.302 9.469 9.657 9.865 10.094 10.032 9.733 9.397 9.023 8.612 8.163 7.677 7.153 6.591 5.992 5.355 4.681 4.308 4.143 3.994 3.862 3.747 3.648 3.566 3.500 3.537 3.634 3.729 3.822 4.034 4.296 4.542 4.771 4.983 5.178 5.356 5.518 5.663 5.791 5.902 5.997 5.955 5.864 5.787 5.723 5.672 5.634 5.610 5.598 5.600 5.615 5.643 5.684 5.969 6.364
8.364 8.499 8.610 8.697 8.759 8.798 8.812 8.802 8.768 8.710 8.717 8.812 8.928 9.064 9.221 9.398 9.596 9.814 10.053 10.312 10.592 10.892 10.848 10.381 9.877 9.335 8.756 8.139 7.484 6.792 6.062 5.295 4.491 3.785 3.529 3.633 3.735 3.835 3.933 4.029 4.123 4.214 4.304 4.391 4.477 4.560 4.705 4.893 5.063 5.217 5.354 5.475 5.578 5.665 5.735 5.789 5.825 5.845 5.825 5.793 5.774 5.769 5.776 5.797 5.831 5.878 5.938 6.011 6.098 6.197 6.507 6.963
9.159 9.209 9.236 9.238 9.216 9.170 9.100 9.006 8.887 8.745 8.709 8.876 9.063 9.271 9.499 9.748 10.018 10.307 10.618 10.948 11.299 11.671 11.706 11.071 10.355 9.634 8.936 8.259 7.605 6.972 6.361 5.772 5.205 4.660 4.372 4.467 4.560 4.650 4.739 4.825 4.909 4.991 5.071 5.149 5.225 5.299 5.393 5.506 5.602 5.681 5.743 5.789 5.818 5.830 5.825 5.804 5.766 5.711 5.681 5.708 5.748 5.801 5.867 5.946 6.038 6.144 6.262 6.394 6.539 6.696 7.030 7.548
9.975 9.941 9.883 9.801 9.695 9.564 9.410 9.231 9.028 8.801 8.682 8.921 9.179 9.459 9.759 10.079 10.395 10.625 10.860 11.099 11.343 11.592 11.637 10.971 10.326 9.703 9.102 8.523 7.966 7.431 6.918 6.426 5.957 5.509 5.216 5.302 5.385 5.466 5.545 5.622 5.697 5.770 5.840 5.909 5.975 6.040 6.098 6.136 6.157 6.162 6.149 6.120 6.074 6.012 5.932 5.836 5.723 5.594 5.525 5.610 5.708 5.819 5.944 6.081 6.232 6.396 6.573 6.763 6.966 7.182 7.538 8.118
10.813 10.695 10.552 10.386 10.195 9.980 9.741 9.478 9.191 8.855 8.540 8.759 8.983 9.211 9.444 9.681 9.923 10.169 10.420 10.676 10.936 11.201 11.389 10.820 10.273 9.748 9.244 8.763 8.303 7.866 7.450 7.056 6.684 6.334 6.062 6.137 6.211 6.283 6.353 6.420 6.486 6.549 6.610 6.669 6.726 6.781 6.820 6.783 6.730 6.659 6.572 6.468 6.348 6.211 6.057 5.886 5.699 5.494 5.355 5.498 5.655 5.825 6.007 6.203 6.412 6.634 6.870 7.118 7.379 7.654 8.031 8.673
11.673 11.470 11.183 10.808 10.426 10.035 9.636 9.229 8.814 8.391 7.968 8.203 8.443 8.687 8.936 9.189 9.447 9.710 9.977 10.249 10.525 10.806 11.098 10.645 10.195 9.768 9.362 8.978 8.616 8.276 7.957 7.661 7.386 7.133 6.908 6.974 7.039 7.101 7.161 7.219 7.275 7.329 7.381 7.431 7.479 7.524 7.559 7.447 7.319 7.174 7.012 6.834 6.639 6.427 6.198 5.953 5.691 5.413 5.172 5.373 5.588 5.816 6.058 6.312 6.579 6.859 7.153 7.459 7.779 8.112 8.510 9.214
11.706 11.319 10.924 10.521 10.110 9.691 9.264 8.829 8.386 7.935 7.475 7.643 7.899 8.160 8.425 8.694 8.968 9.247 9.530 9.818 10.110 10.407 10.715 10.446 10.093 9.763 9.455 9.168 8.903 8.660 8.439 8.240 8.063 7.907 7.773 7.812 7.867 7.920 7.971 8.020 8.066 8.111 8.154 8.194 8.232 8.269 8.303 8.128 7.925 7.705 7.469 7.216 6.947 6.660 6.357 6.038 5.701 5.348 4.978 5.235 5.508 5.795 6.094 6.407 6.732 7.071 7.422 7.787 8.165 8.547 8.941 9.739
11.511 11.096 10.673 10.242 9.803 9.356 8.900 8.437 7.966 7.487 6.999 7.080 7.352 7.629 7.910 8.195 8.486 8.780 9.080 9.384 9.692 10.005 10.329 10.222 9.967 9.734 9.523 9.334 9.166 9.021 8.897 8.795 8.715 8.656 8.620 8.652 8.697 8.741 8.782 8.821 8.859 8.894 8.927 8.958 8.987 9.014 9.039 8.825 8.548 8.254 7.943 7.616 7.272 6.911 6.534 6.140 5.729 5.301 4.857 5.084 5.436 5.815 6.194 6.572 6.949 7.326 7.702 8.078 8.453 8.827 9.201 10.217
11.324 10.881 10.430 9.971 9.503 9.028 8.545 8.054 7.554 7.047 6.531 6.513 6.801 7.094 7.391 7.693 7.999 8.310 8.626 8.946 9.270 9.599 9.940 9.974 9.816 9.681 9.567 9.475 9.405 9.356 9.330 9.325 9.342 9.380 9.441 9.492 9.528 9.562 9.594 9.624 9.652 9.678 9.702 9.723 9.743 9.760 9.776 9.540 9.188 8.820 8.434 8.024 7.603 7.185 6.773 6.364 5.960 5.559 5.163 5.361 5.738 6.114 6.491 6.866 7.241 7.615 7.989 8.362 8.735 9.107 9.479 10.637
11.145 10.674 10.195 9.707 9.212 8.709 8.197 7.678 7.151 6.615 6.072 5.943 6.247 6.556 6.869 7.187 7.510 7.837 8.168 8.504 8.845 9.190 9.546 9.702 9.642 9.603 9.586 9.591 9.618 9.667 9.737 9.830 9.944 10.080 10.237 10.333 10.360 10.385 10.407 10.428 10.446 10.463 10.430 10.358 10.296 10.243 10.200 9.934 9.514 9.099 8.688 8.281 7.878 7.480 7.086 6.696 6.310 5.928 5.551 5.665 6.040 6.414 6.787 7.160 7.533 7.905 8.276 8.647 9.017 9.387 9.756 10.996
10.974 10.475 9.967 9.452 8.929 8.397 7.858 7.311 6.755 6.192 5.620 5.370 5.690 6.015 6.344 6.678 7.016 7.359 7.707 8.059 8.416 8.777 9.150 9.405 9.442 9.501 9.581 9.684 9.807 9.953 10.121 10.310 10.521 10.690 10.809 10.836 10.740 10.653 10.576 10.508 10.450 10.401 10.362 10.333 10.313 10.302 10.301 10.112 9.711 9.315 8.922 8.534 8.150 7.770 7.394 7.023 6.655 6.292 5.933 5.969 6.341 6.713 7.084 7.455 7.825 8.195 8.564 8.932 9.300 9.667 10.034 11.296
10.811 10.284 9.748 9.205 8.653 8.094 7.527 6.951 6.368 5.776 5.177 4.793 5.129 5.470 5.815 6.165 6.520 6.879 7.242 7.610 7.983 8.360 8.749 9.085 9.208 9.328 9.447 9.566 9.685 9.804 9.922 10.041 10.159 10.277 10.395 10.461 10.407 10.362 10.328 10.302 10.287 10.280 10.284 10.297 10.319 10.351 10.392 10.286 9.904 9.526 9.152 8.782 8.416 8.055 7.698 7.345 6.996 6.652 6.311 6.273 6.643 7.013 7.381 7.750 8.117 8.485 8.851 9.217 9.583 9.948 10.312 11.537
10.656 10.100 9.537 8.965 8.386 7.799 7.203 6.600 5.988 5.369 4.742 4.212 4.564 4.921 5.283 5.649 6.025 6.470 6.893 7.294 7.674 8.032 8.374 8.684 8.803 8.921 9.040 9.158 9.276 9.394 9.512 9.630 9.747 9.864 9.981 10.075 10.064 10.062 10.070 10.087 10.113 10.150 10.195 10.250 10.315 10.389 10.473 10.455 10.092 9.732 9.377 9.025 8.678 8.335 7.997 7.662 7.332 7.006 6.684 6.578 6.945 7.312 7.679 8.044 8.410 8.774 9.139 9.502 9.865 10.228 10.590 11.718
10.508 9.925 9.334 8.734 8.127 7.511 6.888 6.257 5.617 4.988 4.463 3.977 4.433 4.889 5.323 5.735 6.126 6.496 6.843 7.169 7.473 7.756 8.023 8.277 8.398 8.516 8.634 8.751 8.869 8.986 9.103 9.220 9.336 9.453 9.569 9.680 9.711 9.752 9.802 9.861 9.930 10.009 10.097 10.194 10.301 10.418 10.544 10.620 10.275 9.934 9.597 9.264 8.936 8.611 8.291 7.975 7.663 7.356 7.053 6.882 7.247 7.612 7.976 8.339 8.702 9.064 9.426 9.788 10.148 10.508 10.868 11.839
10.369 9.758 9.122 8.465 7.846 7.264 6.720 6.214 5.745 5.314 4.921 4.566 4.855 5.235 5.594 5.931 6.247 6.541 6.813 7.063 7.292 7.500 7.691 7.869 7.994 8.111 8.228 8.345 8.461 8.578 8.694 8.810 8.926 9.042 9.157 9.272 9.349 9.432 9.524 9.626 9.737 9.858 9.988 10.128 10.277 10.436 10.604 10.780 10.453 10.131 9.812 9.498 9.188 8.882 8.581 8.283 7.990 7.701 7.416 7.186 7.549 7.911 8.273 8.634 8.995 9.355 9.714 10.073 10.431 10.789 11.146 11.902
9.660 9.059 8.495 7.969 7.481 7.031 6.618 6.243 5.906 5.606 5.344 5.119 5.296 5.601 5.884 6.146 6.386 6.605 6.802 6.978 7.131 7.263 7.379 7.481 7.590 7.707 7.823 7.939 8.055 8.170 8.286 8.401 8.516 8.631 8.746 8.860 8.976 9.101 9.236 9.380 9.534 9.697 9.869 10.051 10.243 10.444 10.654 10.874 10.627 10.323 10.023 9.728 9.436 9.149 8.866 8.587 8.312 8.041 7.775 7.513 7.851 8.211 8.570 8.929 9.287 9.645 10.002 10.358 10.714 11.070 11.576 12.429
8.736 8.266 7.834 7.440 7.083 6.763 6.482 6.238 6.031 5.862 5.731 5.638 5.756 5.986 6.194 6.381 6.546 6.689 6.811 6.911 6.990 7.047 7.086 7.112 7.188 7.303 7.419 7.534 7.649 7.764 7.879 7.993 8.107 8.222 8.335 8.449 8.594 8.761 8.938 9.124 9.320 9.526 9.740 9.964 10.198 10.441 10.694 10.956 10.797 10.511 10.230 9.952 9.679 9.410 9.146 8.885 8.629 8.377 8.129 7.885 8.154 8.608 9.221 9.859 10.522 11.210 11.924 12.662 13.425 14.214 15.027 15.865
7.778 7.440 7.139 6.875 6.649 6.461 6.310 6.197 6.122 6.084 6.084 6.121 6.235 6.390 6.523 6.634 6.724 6.792 6.839 6.864 6.868 6.850 6.814 6.764 6.786 6.901 7.015 7.130 7.244 7.358 7.472 7.586 7.699 7.813 7.926 8.039 8.202 8.411 8.630 8.859 9.097 9.344 9.601 9.868 10.144 10.429 10.724 11.028 10.961 10.694 10.431 10.172 9.940 9.776 9.659 9.591 9.570 9.597 9.672 9.795 10.334 11.033 11.757 12.506 13.280 14.079 14.903 15.751 16.625 17.524 18.448 19.397
6.787 6.579 6.409 6.277 6.182 6.124 6.105 6.122 6.178 6.271 6.401 6.569 6.733 6.813 6.871 6.907 6.922 6.915 6.887 6.837 6.765 6.672 6.561 6.435 6.384 6.499 6.612 6.726 6.840 6.953 7.066 7.179 7.292 7.405 7.517 7.629 7.800 8.051 8.313 8.583 8.864 9.153 9.452 9.772 10.095 10.395 10.671 10.924 10.938 10.795 10.699 10.651 10.651 10.699 10.795 10.938 11.130 11.369 11.656 11.990 12.620 13.430 14.264 15.124 16.008 16.918 17.852 18.812 19.796 20.806 21.840 22.899
5.761 5.684 5.645 5.644 5.680 5.753 5.864 6.013 6.199 6.422 6.683 6.982 7.251 7.255 7.238 7.199 7.139 7.057 6.954 6.829 6.682 6.514 6.328 6.126 5.984 6.097 6.210 6.323 6.436 6.549 6.661 6.773 6.885 6.997 7.170 7.434 7.737 8.121 8.482 8.818 9.132 9.421 9.687 9.929 10.148 10.343 10.514 10.661 10.751 10.820 10.936 11.100 11.312 11.572 11.879 12.234 12.637 13.088 13.587 14.133 14.877 15.797 16.742 17.712 18.707 19.727 20.772 21.842 22.937 24.057 25.202 26.372
4.702 4.756 4.847 4.976 5.143 5.347 5.589 5.868 6.185 6.539 6.931 7.360 7.787 7.717 7.625 7.511 7.375 7.219 7.040 6.840 6.619 6.376 6.114 5.837 5.584 5.774 6.080 6.377 6.665 6.943 7.213 7.473 7.725 7.967 8.200 8.424 8.655 8.934 9.189 9.421 9.629 9.814 9.975 10.112 10.225 10.315 10.381 10.424 10.513 10.794 11.122 11.498 11.922 12.393 12.912 13.479 14.093 14.756 15.466 16.224 17.105 18.136 19.192 20.272 21.378 22.508 23.664 24.844 26.049 27.280 28.535 29.815
3.626 3.793 4.015 4.275 4.572 4.907 5.279 5.689 6.136 6.621 7.143 7.703 8.300 8.197 8.030 7.841 7.631 7.408 7.248 7.124 7.034 6.979 6.940 6.911 6.910 7.178 7.443 7.700 7.947 8.185 8.414 8.633 8.844 9.046 9.238 9.421 9.597 9.771 9.922 10.049 10.152 10.231 10.287 10.320 10.328 10.313 10.275 10.212 10.226 10.718 11.258 11.845 12.480 13.163 13.894 14.672 15.498 16.372 17.293 18.263 19.305 20.446 21.612 22.803 24.019 25.260 26.526 27.816 29.132 30.473 31.838 33.229
2.575 2.796 3.149 3.539 3.967 4.432 4.935 5.475 6.053 6.668 7.313 7.945 8.576 8.523 8.346 8.203 8.095 8.021 7.983 7.979 8.010 8.075 8.157 8.250 8.371 8.590 8.815 9.030 9.237 9.434 9.623 9.802 9.972 10.133 10.285 10.428 10.562 10.633 10.679 10.701 10.699 10.674 10.625 10.552 10.456 10.336 10.193 10.026 9.888 10.591 11.343 12.142 12.988 13.882 14.824 15.814 16.851 17.937 19.069 20.250 21.476 22.727 24.004 25.305 26.631 27.983 29.359 30.760 32.186 33.637 35.112 36.613
1.548 1.765 2.248 2.800 3.435 4.069 4.702 5.334 5.966 6.596 7.226 7.855 8.483 8.622 8.565 8.543 8.555 8.603 8.685 8.801 8.953 9.139 9.342 9.557 9.799 10.010 10.194 10.369 10.536 10.692 10.840 10.979 11.109 11.229 11.341 11.443 11.537 11.520 11.461 11.378 11.271 11.141 10.988 10.810 10.609 10.385 10.137 9.865 9.569 10.414 11.377 12.387 13.445 14.551 15.704 16.905 18.153 19.450 20.793 22.185 23.618 24.980 26.367 27.778 29.215 30.676 32.163 33.674 35.210 36.771 38.357 39.968
1.189 1.467 2.101 2.734 3.366 3.997 4.628 5.257 5.886 6.513 7.140 7.766 8.391 8.689 8.753 8.851 8.984 9.152 9.354 9.591 9.863 10.170 10.494 10.831 11.195 11.439 11.582 11.717 11.843 11.959 12.066 12.165 12.254 12.334 12.405 12.467 12.520 12.431 12.267 12.080 11.868 11.633 11.375 11.093 10.787 10.458 10.106 9.729 9.329 10.187 11.361 12.583 13.852 15.168 16.533 17.945 19.404 20.911 22.466 24.068 25.718 27.204 28.701 30.223 31.770 33.341 34.938 36.559 38.205 39.876 41.572 43.293
1.231 1.408 2.039 2.669 3.298 3.927 4.554 5.180 5.806 6.431 7.054 7.677 8.299 8.724 8.909 9.127 9.381 9.669 9.992 10.349 10.741 11.168 11.613 12.072 12.558 12.875 12.979 13.073 13.158 13.234 13.301 13.359 13.408 13.448 13.478 13.500 13.512 13.367 13.098 12.806 12.490 12.151 11.788 11.401 10.991 10.557 10.100 9.619 9.114 9.910 11.295 12.727 14.207 15.735 17.310 18.933 20.603 22.321 24.087 25.900 27.761 29.400 31.007 32.634 34.176 35.590 36.878 38.039 39.073 39.980 40.760 41.413
1.274 1.350 1.978 2.605 3.231 3.857 4.481 5.105 5.727 6.349 6.970 7.590 8.209 8.728 9.032 9.371 9.745 10.154 10.597 11.075 11.587 12.134 12.700 13.280 13.888 14.321 14.383 14.437 14.482 14.518 14.544 14.562 14.570 14.569 14.560 14.541 14.513 14.327 13.954 13.557 13.137 12.693 12.225 11.734 11.219 10.681 10.119 9.534 8.925 9.583 11.178 12.822 14.513 16.251 18.118 20.210 22.326 24.467 26.631 28.820 31.033 32.637 33.871 34.979 35.960 36.814 37.541 38.142 38.615 38.962 39.182 39.275
