DATA/SHG/ECMWF/20170628/EN-14/20170709.en-14.asc
ncols        190
nrows        64
xllcorner    -5100000.000000000000
yllcorner    4130000.000000000000
cellsize     10000.000000000000
NODATA_value  -99999.000
[rows 32 to 63 of 64, columns 72 to 143 of 190]
8.524 8.084 8.353 8.614 8.868 9.115 9.354 9.586 9.810 10.027 10.237 10.439 10.634 10.836 11.092 11.319 11.518 11.687 11.828 11.939 12.022 12.075 12.097 12.091 12.062 12.082 12.356 12.655 12.978 13.326 13.698 14.094 14.515 14.961 15.431 15.925 16.444 16.554 15.838 15.088 14.306 13.490 12.642 11.760 10.846 9.974 9.263 8.486 7.643 7.673 8.718 9.731 10.710 11.655 12.567 13.446 14.292 15.104 15.883 16.628 17.341 17.341 16.867 16.392 15.916 15.441 14.965 14.488 14.012 13.535 13.057 12.579
10.063 9.533 9.774 10.009 10.237 10.458 10.671 10.877 11.076 11.267 11.451 11.627 11.796 11.958 12.114 12.241 12.339 12.408 12.448 12.459 12.441 12.394 12.315 12.207 12.077 11.978 12.360 12.767 13.199 13.655 14.136 14.641 15.170 15.724 16.303 16.906 17.629 18.365 17.888 17.346 16.738 16.064 15.324 14.519 13.647 12.711 11.708 10.640 9.506 9.060 9.959 10.824 11.655 12.454 13.219 13.950 14.649 15.314 15.946 16.544 17.109 17.164 16.688 16.211 15.734 15.257 14.779 14.301 13.822 13.344 12.864 12.385
11.596 11.082 11.199 11.409 11.611 11.806 11.994 12.174 12.347 12.512 12.670 12.821 12.964 13.100 13.161 13.188 13.185 13.154 13.093 13.004 12.886 12.739 12.559 12.350 12.118 11.863 12.337 12.905 13.720 14.595 15.528 16.521 17.573 18.684 19.854 21.084 22.372 23.499 22.731 21.897 20.997 20.032 19.001 17.904 16.742 15.514 14.221 12.862 11.437 10.481 11.232 11.950 12.635 13.286 13.904 14.488 15.040 15.558 16.042 16.494 16.912 16.987 16.509 16.031 15.552 15.073 14.594 14.114 13.634 13.153 12.672 12.191
13.122 12.624 12.630 12.814 12.991 13.160 13.322 13.476 13.623 13.763 13.895 14.020 14.137 14.247 14.233 14.159 14.056 13.925 13.764 13.633 13.591 13.563 13.522 13.466 13.422 13.388 14.204 15.221 16.298 17.435 18.630 19.884 21.198 22.571 24.003 25.494 27.045 28.654 27.639 26.513 25.323 24.066 22.744 21.357 19.904 18.385 16.800 15.150 13.435 11.936 12.540 13.110 13.648 14.152 14.623 15.060 15.464 15.835 16.173 16.478 16.749 16.812 16.332 15.852 15.371 14.890 14.409 13.928 13.446 12.963 12.481 11.998
14.642 14.160 14.066 14.224 14.375 14.518 14.654 14.783 14.904 15.018 15.125 15.224 15.326 15.432 15.418 15.354 15.305 15.269 15.247 15.240 15.247 15.268 15.276 15.270 15.275 15.290 16.189 17.468 18.807 20.205 21.662 23.178 24.754 26.388 28.082 29.834 31.646 33.517 32.612 31.196 29.714 28.167 26.554 24.875 23.131 21.322 19.447 17.506 15.500 13.428 13.880 14.304 14.694 15.051 15.375 15.666 15.923 16.147 16.338 16.496 16.620 16.636 16.155 15.673 15.191 14.708 14.225 13.742 13.258 12.774 12.290 11.805
16.155 15.690 15.507 15.640 15.764 15.897 16.034 16.162 16.282 16.392 16.494 16.587 16.671 16.747 16.767 16.751 16.750 16.764 16.791 16.833 16.888 16.958 17.016 17.058 17.113 17.178 18.105 19.646 21.247 22.906 24.625 26.402 28.239 30.135 32.090 34.104 36.177 38.309 37.650 35.943 34.171 32.333 30.429 28.460 26.426 24.326 22.160 19.929 17.632 15.270 15.253 15.530 15.774 15.984 16.161 16.305 16.416 16.493 16.537 16.548 16.526 16.462 15.979 15.495 15.011 14.527 14.042 13.557 13.072 12.586 12.100 11.613
17.889 17.405 17.092 17.225 17.349 17.464 17.570 17.668 17.757 17.836 17.907 17.970 18.023 18.068 18.100 18.134 18.182 18.244 18.320 18.410 18.515 18.633 18.740 18.832 18.936 19.050 19.952 21.755 23.617 25.538 27.518 29.557 31.655 33.812 36.028 38.303 40.637 43.031 42.754 40.757 38.694 36.565 34.371 32.112 29.787 27.396 24.940 22.419 19.832 17.180 16.660 16.790 16.887 16.951 16.981 16.978 16.942 16.873 16.770 16.634 16.465 16.263 15.803 15.318 14.832 14.346 13.860 13.373 12.886 12.398 11.910 11.422
20.051 19.347 18.758 18.860 18.953 19.037 19.113 19.180 19.238 19.287 19.327 19.359 19.381 19.395 19.419 19.502 19.598 19.709 19.834 19.973 20.126 20.294 20.449 20.591 20.744 20.908 21.731 23.795 25.918 28.100 30.341 32.641 35.000 37.419 39.896 42.432 45.027 47.682 47.923 45.635 43.282 40.863 38.379 35.829 33.214 30.533 27.787 24.976 22.099 19.157 18.100 18.084 18.034 17.951 17.834 17.685 17.502 17.286 17.037 16.755 16.439 16.091 15.629 15.141 14.654 14.166 13.651 13.079 12.523 11.982 11.457 10.948
22.270 21.346 20.430 20.501 20.564 20.617 20.662 20.698 20.725 20.744 20.753 20.754 20.746 20.729 20.723 20.855 21.000 21.160 21.333 21.521 21.723 21.939 22.144 22.335 22.537 22.751 23.441 25.766 28.150 30.593 33.095 35.656 38.276 40.956 43.694 46.491 49.347 52.262 53.158 50.580 47.936 45.227 42.453 39.613 36.708 33.737 30.701 27.600 24.433 21.201 19.574 19.410 19.214 18.984 18.721 18.425 18.096 17.691 17.121 16.545 15.964 15.376 14.793 14.228 13.678 13.144 12.625 12.123 11.636 11.164 10.708 10.268
24.546 23.402 22.194 22.149 22.180 22.203 22.217 22.222 22.219 22.207 22.185 22.156 22.117 22.069 22.013 22.193 22.387 22.596 22.818 23.055 23.306 23.570 23.824 24.064 24.316 24.578 25.082 27.668 30.313 33.017 35.780 38.602 41.483 44.423 47.422 50.479 53.596 56.772 58.457 55.589 52.656 49.657 46.592 43.463 40.268 37.007 33.682 30.290 26.767 22.920 20.460 19.906 19.346 18.780 18.208 17.630 17.045 16.455 15.859 15.257 14.649 14.035 13.478 12.981 12.501 12.035 11.586 11.152 10.734 10.331 9.944 9.573
26.880 25.515 24.088 23.802 23.803 23.795 23.779 23.753 23.719 23.676 23.624 23.564 23.494 23.416 23.329 23.517 23.760 24.017 24.288 24.574 24.873 25.187 25.489 25.779 26.079 26.391 26.714 29.502 32.407 35.372 38.396 41.478 44.620 47.820 51.080 54.398 57.775 61.211 63.822 60.550 56.308 52.152 48.082 44.097 40.199 36.387 32.660 29.019 25.465 21.996 19.418 18.838 18.251 17.658 17.060 16.455 15.845 15.228 14.605 13.977 13.342 12.701 12.148 11.721 11.309 10.913 10.532 10.167 9.818 9.484 9.166 8.864
29.270 27.686 26.039 25.462 25.432 25.394 25.346 25.290 25.225 25.152 25.069 24.978 24.878 24.769 24.651 24.827 25.119 25.424 25.744 26.078 26.426 26.788 27.140 27.478 27.828 28.189 28.562 31.266 34.433 37.658 40.907 43.493 46.014 48.470 50.861 53.187 55.448 57.645 59.706 55.756 51.892 48.114 44.422 40.816 37.296 33.861 30.513 27.250 24.073 20.982 18.384 17.777 17.164 16.545 15.920 15.289 14.652 14.008 13.359 12.704 12.043 11.375 10.804 10.445 10.103 9.775 9.464 9.168 8.887 8.622 8.373 8.140
31.718 29.914 28.048 27.128 27.068 26.999 26.920 26.834 26.738 26.634 26.521 26.399 26.268 26.128 25.980 26.122 26.462 26.817 27.185 27.568 27.964 28.375 28.376 28.340 28.289 28.223 28.143 29.970 32.465 34.896 37.261 39.562 41.798 43.969 46.075 48.117 50.093 52.005 53.852 50.876 47.390 43.990 40.676 37.448 34.305 31.249 28.278 25.393 22.593 19.880 17.358 16.725 16.085 15.439 14.788 14.130 13.466 12.797 12.121 11.439 10.751 10.058 9.446 9.156 8.882 8.624 8.381 8.154 7.942 7.746 7.566 7.401
34.222 32.199 30.113 28.801 28.709 28.609 28.501 28.383 28.257 28.122 27.978 27.826 27.664 27.494 27.316 27.038 27.005 26.954 26.884 26.796 26.689 26.563 26.449 26.348 26.232 26.102 25.957 27.254 29.465 31.610 33.691 35.707 37.658 39.544 41.366 43.123 44.815 46.442 48.004 45.909 42.801 39.779 36.843 33.992 31.227 28.548 25.955 23.447 21.025 18.689 16.438 15.680 15.013 14.341 13.663 12.979 12.289 11.593 10.890 10.182 9.468 8.748 8.073 7.852 7.647 7.457 7.283 7.125 6.982 6.855 6.743 6.648
36.783 34.541 32.236 30.479 30.357 30.227 30.087 29.939 29.349 28.759 28.179 27.608 27.047 26.495 25.952 25.577 25.480 25.365 25.232 25.079 24.909 24.719 24.541 24.375 24.195 24.000 23.790 24.614 26.540 28.400 30.196 31.928 33.594 35.196 36.733 38.205 39.613 40.955 42.233 40.856 38.126 35.481 32.922 30.449 28.062 25.760 23.544 21.413 19.368 17.409 15.536 14.642 13.950 13.251 12.546 11.836 11.119 10.396 9.668 8.933 8.192 7.445 6.693 6.534 6.398 6.277 6.172 6.082 6.008 5.950 5.907 5.879
39.381 36.330 33.326 30.684 30.081 29.486 28.901 28.325 27.759 27.202 26.654 26.116 25.587 25.067 24.557 24.134 23.974 23.795 23.598 23.382 23.147 22.894 22.651 22.421 22.176 21.917 21.643 22.048 23.689 25.266 26.777 28.224 29.606 30.924 32.176 33.364 34.487 35.546 36.540 35.717 33.364 31.097 28.915 26.819 24.809 22.884 21.045 19.291 17.623 16.041 14.545 13.613 12.894 12.168 11.437 10.700 9.957 9.208 8.453 7.691 6.924 6.151 5.372 5.202 5.134 5.082 5.046 5.025 5.019 5.030 5.055 5.097
37.451 34.561 31.717 28.926 28.355 27.793 27.240 26.697 26.163 25.638 25.123 24.617 24.121 23.633 23.155 22.711 22.487 22.244 21.983 21.703 21.405 21.088 20.781 20.486 20.177 19.853 19.515 19.558 20.914 22.206 23.434 24.596 25.694 26.727 27.696 28.599 29.439 30.213 30.923 30.492 28.516 26.626 24.821 23.102 21.468 19.920 18.458 17.081 15.790 14.585 13.465 12.591 11.845 11.094 10.336 9.572 8.803 8.027 7.245 6.458 5.664 4.865 4.059 3.855 3.856 3.873 3.905 3.953 4.016 4.095 4.217 4.403
35.480 32.750 30.067 27.430 26.622 26.092 25.572 25.061 24.560 24.068 23.585 23.111 22.647 22.192 21.747 21.311 21.018 20.711 20.386 20.043 19.681 19.301 18.929 18.570 18.197 17.808 17.405 17.142 18.214 19.222 20.165 21.044 21.857 22.607 23.291 23.911 24.466 24.957 25.382 25.181 23.582 22.068 20.640 19.298 18.041 16.869 15.784 14.783 13.869 13.040 12.296 11.577 10.804 10.026 9.242 8.452 7.656 6.854 6.046 5.232 4.412 3.625 2.982 2.891 3.101 3.302 3.493 3.675 3.848 4.012 4.166 4.311
33.468 30.899 28.376 25.899 24.883 24.386 23.898 23.419 22.950 22.491 22.040 21.599 21.167 20.745 20.332 19.928 19.568 19.197 18.809 18.402 17.976 17.532 17.097 16.673 16.235 15.782 15.315 14.833 15.589 16.313 16.972 17.567 18.096 18.562 18.962 19.298 19.570 19.777 19.919 19.783 18.561 17.424 16.372 15.406 14.526 13.731 13.022 12.398 11.859 11.406 11.039 10.570 9.796 9.210 8.612 8.001 7.377 6.741 6.093 5.431 4.758 4.071 3.373 3.135 3.304 3.464 3.614 3.755 3.887 4.010 4.124 4.228
31.416 29.007 26.643 24.327 23.137 22.672 22.217 21.771 21.334 20.907 20.489 20.080 19.681 19.291 18.910 18.538 18.136 17.702 17.250 16.779 16.290 15.782 15.283 14.795 14.292 13.775 13.243 12.697 13.039 13.479 13.854 14.165 14.411 14.592 14.709 14.762 14.750 14.673 14.532 14.300 13.454 12.693 12.018 11.442 11.447 11.454 11.463 11.473 11.484 11.497 11.512 11.382 10.754 10.112 9.458 8.792 8.113 7.422 6.718 6.001 5.272 4.530 3.776 3.387 3.515 3.634 3.744 3.845 3.936 4.018 4.091 4.154
29.323 27.073 24.870 22.714 21.385 20.952 20.529 20.116 19.711 19.316 18.931 18.554 18.187 17.829 17.481 17.142 16.723 16.225 15.709 15.175 14.622 14.051 13.487 12.935 12.368 11.787 11.191 10.580 10.563 10.720 10.811 10.838 10.801 10.699 10.532 10.833 11.176 11.532 11.900 12.281 12.318 12.325 12.334 12.345 12.357 12.370 12.386 12.402 12.421 12.440 12.462 12.407 11.723 11.027 10.317 9.595 8.861 8.114 7.355 6.583 5.799 5.002 4.192 3.648 3.736 3.814 3.883 3.943 3.994 4.035 4.067 4.090
27.189 25.099 23.056 21.059 19.626 19.226 18.835 18.454 18.082 17.719 17.366 17.022 16.687 16.362 16.046 15.739 15.328 14.767 14.188 13.590 12.973 12.338 11.711 11.094 10.463 9.817 9.386 8.977 8.991 9.302 9.625 9.961 10.309 10.670 11.043 11.429 11.828 12.238 12.662 13.098 13.198 13.212 13.228 13.245 13.264 13.284 13.306 13.329 13.354 13.381 13.409 13.439 12.705 11.953 11.188 10.411 9.621 8.819 8.005 7.177 6.338 5.485 4.620 3.919 3.966 4.004 4.032 4.051 4.061 4.061 4.053 4.035
25.014 23.084 21.201 19.364 17.860 17.493 17.134 16.785 16.446 16.115 15.794 15.483 15.180 14.887 14.603 14.329 13.952 13.327 12.903 12.573 12.226 11.863 11.472 11.058 10.631 10.190 9.736 9.269 9.188 9.554 9.932 10.323 10.727 11.142 11.571 12.012 12.465 12.931 13.409 13.900 14.075 14.096 14.119 14.143 14.168 14.195 14.224 14.254 14.286 14.319 14.354 14.390 13.699 12.891 12.072 11.239 10.394 9.537 8.667 7.784 6.889 5.981 5.061 4.199 4.205 4.202 4.190 4.168 4.137 4.097 4.048 3.989
22.799 21.029 19.305 17.628 16.088 15.753 15.427 15.110 14.803 14.505 14.216 14.135 14.168 14.226 14.309 14.419 14.461 14.106 13.735 13.347 12.942 12.521 12.072 11.599 11.113 10.614 10.101 9.575 9.371 9.792 10.225 10.671 11.129 11.600 12.084 12.579 13.088 13.609 14.142 14.688 14.950 14.978 15.007 15.037 15.070 15.103 15.139 15.176 15.214 15.254 15.295 15.338 14.705 13.842 12.967 12.079 11.179 10.266 9.341 8.403 7.453 6.490 5.515 4.527 4.453 4.409 4.356 4.294 4.223 4.142 4.052 3.953
20.542 18.932 17.368 15.850 14.545 14.417 14.384 14.377 14.396 14.440 14.509 14.604 14.725 14.871 15.042 15.239 15.424 15.011 14.582 14.136 13.673 13.193 12.686 12.155 11.610 11.052 10.480 9.896 9.539 10.015 10.504 11.005 11.518 12.044 12.582 13.133 13.696 14.272 14.860 15.461 15.822 15.856 15.892 15.930 15.969 16.009 16.051 16.095 16.140 16.186 16.234 16.284 15.723 14.805 13.875 12.932 11.976 11.008 10.027 9.034 8.029 7.011 5.980 4.937 4.710 4.626 4.532 4.429 4.317 4.196 4.065 3.925
19.396 18.166 16.947 15.739 14.540 14.335 14.391 14.472 14.578 14.710 14.867 15.050 15.258 15.492 15.751 16.035 16.346 15.930 15.443 14.938 14.418 13.880 13.314 12.724 12.121 11.504 10.874 10.231 9.694 10.225 10.768 11.324 11.892 12.473 13.066 13.672 14.290 14.921 15.564 16.220 16.692 16.733 16.775 16.819 16.865 16.912 16.961 17.011 17.063 17.116 17.171 17.227 16.753 15.780 14.794 13.796 12.785 11.762 10.726 9.678 8.617 7.544 6.458 5.360 4.976 4.852 4.717 4.574 4.421 4.259 4.088 3.907
19.241 18.046 16.863 15.689 14.526 14.230 14.373 14.542 14.736 14.956 15.201 15.471 15.767 16.088 16.435 16.808 17.205 16.863 16.318 15.756 15.177 14.581 13.957 13.309 12.647 11.971 11.283 10.581 9.865 10.420 11.018 11.629 12.252 12.888 13.536 14.197 14.870 15.555 16.254 16.964 17.558 17.606 17.655 17.706 17.758 17.812 17.868 17.924 17.983 18.043 18.105 18.168 17.796 16.767 15.726 14.673 13.607 12.529 11.438 10.334 9.218 8.090 6.949 5.796 5.252 5.086 4.919 4.781 4.666 4.573 4.502 4.454
19.076 17.917 16.768 15.630 14.502 14.101 14.332 14.588 14.870 15.178 15.510 15.868 16.252 16.661 17.096 17.556 18.041 17.811 17.207 16.587 15.950 15.297 14.615 13.907 13.187 12.453 11.706 10.945 10.171 10.601 11.254 11.919 12.598 13.288 13.991 14.707 15.435 16.175 16.928 17.694 18.422 18.477 18.533 18.590 18.649 18.710 18.772 18.835 18.901 18.967 19.036 19.105 18.850 17.767 16.671 15.562 14.441 13.282 11.981 10.720 9.499 8.318 7.177 6.076 5.491 5.406 5.344 5.304 5.286 5.290 5.316 5.365
18.903 17.779 16.665 15.562 14.469 13.948 14.267 14.611 14.981 15.376 15.796 16.242 16.713 17.210 17.732 18.280 18.853 18.772 18.111 17.433 16.738 16.027 15.286 14.520 13.741 12.949 12.143 11.324 10.492 10.767 11.475 12.196 12.929 13.674 14.432 15.203 15.986 16.781 17.589 18.409 19.242 19.345 19.407 19.472 19.537 19.605 19.673 19.744 19.809 19.570 19.325 19.075 18.637 17.312 16.026 14.780 13.574 12.408 11.282 10.195 9.149 8.142 7.175 6.248 5.699 5.711 5.746 5.803 5.882 5.984 6.107 6.253
18.720 17.631 16.552 15.484 14.426 13.772 14.179 14.610 15.068 15.550 16.058 16.592 17.150 17.735 18.344 18.979 19.640 19.748 19.029 18.293 17.540 16.771 15.973 15.148 14.310 13.459 12.595 11.718 10.827 10.920 11.683 12.458 13.246 14.046 14.859 15.684 16.522 17.372 18.235 19.110 19.747 19.671 19.447 19.217 18.982 18.741 18.494 18.242 17.984 17.720 17.450 17.175 16.851 15.700 14.589 13.517 12.486 11.494 10.542 9.630 8.758 7.925 7.133 6.380 5.884 5.993 6.125 6.280 6.456 6.655 6.875 7.118
18.528 17.474 16.431 15.397 14.375 13.572 14.066 14.586 15.131 15.701 16.296 16.917 17.564 18.235 18.933 19.655 20.403 20.739 19.962 19.168 18.357 17.530 16.673 15.790 14.894 13.984 13.062 12.126 11.177 11.058 11.876 12.646 13.374 14.070 14.735 15.369 15.971 16.541 17.080 17.588 18.064 18.027 17.779 17.524 17.264 16.998 16.727 16.449 16.166 15.878 15.584 15.284 14.978 14.049 13.112 12.215 11.357 10.540 9.762 9.025 8.327 7.669 7.050 6.472 6.046 6.253 6.482 6.733 7.007 7.302 7.620 7.960
18.326 17.308 16.299 15.301 14.313 13.349 13.931 14.538 15.170 15.828 16.511 17.219 17.953 18.712 19.497 20.307 21.142 21.743 20.908 20.056 19.188 18.303 17.293 16.245 15.219 14.214 13.230 12.268 11.326 10.963 11.616 12.238 12.828 13.387 13.914 14.410 14.874 15.307 15.708 16.078 16.416 16.392 16.118 15.839 15.554 15.264 14.967 14.665 14.357 14.044 13.725 13.400 13.070 12.358 11.595 10.873 10.189 9.546 8.943 8.379 7.855 7.371 6.927 6.523 6.186 6.490 6.816 7.164 7.535 7.927 8.342 8.779
