DATA/SHG/ECMWF/20170628/EN-14/20170711.en-14.asc
ncols        190
nrows        64
xllcorner    -5100000.000000000000
yllcorner    4130000.000000000000
cellsize     10000.000000000000
NODATA_value  -99999.000
[rows 0 to 31 of 64, columns 0 to 72 of 190]
0.636 0.612 0.588 0.564 0.540 0.517 0.493 0.470 0.446 0.419 0.389 0.358 0.325 0.291 0.256 0.220 0.182 0.143 0.103 0.076 0.052 0.069 0.103 0.135 0.164 0.190 0.213 0.234 0.252 0.267 0.279 0.288 0.295 0.305 0.319 0.332 0.344 0.355 0.365 0.374 0.383 0.391 0.398 0.405 0.410 0.414 0.417 0.420 0.422 0.424 0.427 0.429 0.430 0.432 0.433 0.434 0.435 0.450 0.483 0.517 0.553 0.589 0.627 0.666 0.706 0.748 0.790 0.834 0.879 0.916 0.936 0.957 0.979
0.683 0.659 0.636 0.612 0.589 0.565 0.542 0.519 0.496 0.467 0.432 0.396 0.385 0.371 0.354 0.334 0.311 0.285 0.256 0.224 0.188 0.185 0.210 0.231 0.250 0.267 0.280 0.291 0.299 0.304 0.307 0.306 0.303 0.306 0.316 0.326 0.335 0.344 0.351 0.358 0.364 0.369 0.373 0.377 0.379 0.381 0.384 0.386 0.388 0.389 0.391 0.392 0.393 0.394 0.394 0.395 0.395 0.407 0.444 0.482 0.522 0.563 0.605 0.648 0.693 0.738 0.785 0.834 0.883 0.926 0.948 0.971 0.993
0.730 0.706 0.683 0.660 0.642 0.646 0.652 0.660 0.669 0.668 0.653 0.634 0.613 0.588 0.560 0.529 0.495 0.458 0.417 0.374 0.327 0.304 0.319 0.331 0.340 0.347 0.350 0.351 0.349 0.345 0.337 0.327 0.314 0.307 0.314 0.322 0.328 0.333 0.338 0.342 0.345 0.347 0.349 0.349 0.349 0.349 0.351 0.352 0.353 0.354 0.355 0.355 0.356 0.356 0.356 0.355 0.355 0.362 0.403 0.446 0.490 0.535 0.582 0.629 0.678 0.728 0.779 0.832 0.930 1.022 1.082 1.139 1.191
0.856 0.860 0.865 0.872 0.880 0.890 0.901 0.914 0.929 0.932 0.906 0.876 0.844 0.808 0.769 0.727 0.682 0.633 0.582 0.527 0.470 0.426 0.431 0.433 0.432 0.429 0.423 0.414 0.402 0.388 0.371 0.351 0.328 0.308 0.313 0.318 0.321 0.324 0.326 0.327 0.327 0.327 0.325 0.323 0.320 0.317 0.318 0.319 0.319 0.319 0.319 0.319 0.319 0.318 0.317 0.316 0.315 0.316 0.362 0.409 0.463 0.588 0.706 0.817 0.922 1.021 1.113 1.198 1.277 1.349 1.395 1.437 1.475
1.071 1.080 1.091 1.103 1.116 1.132 1.149 1.167 1.187 1.199 1.162 1.121 1.077 1.031 0.981 0.927 0.871 0.812 0.750 0.684 0.615 0.550 0.545 0.538 0.528 0.514 0.499 0.480 0.458 0.434 0.407 0.377 0.345 0.311 0.313 0.315 0.315 0.315 0.314 0.313 0.310 0.307 0.303 0.298 0.292 0.285 0.285 0.285 0.285 0.285 0.284 0.283 0.282 0.308 0.416 0.511 0.593 0.662 0.778 0.892 1.000 1.102 1.197 1.285 1.367 1.443 1.512 1.574 1.630 1.679 1.712 1.739 1.762
1.283 1.298 1.314 1.331 1.351 1.371 1.394 1.418 1.443 1.469 1.421 1.369 1.314 1.256 1.195 1.131 1.064 0.994 0.920 0.844 0.764 0.681 0.663 0.646 0.625 0.603 0.577 0.548 0.517 0.483 0.446 0.407 0.365 0.320 0.314 0.313 0.310 0.307 0.304 0.299 0.294 0.288 0.281 0.273 0.265 0.255 0.318 0.471 0.610 0.737 0.851 0.952 1.040 1.115 1.178 1.227 1.263 1.287 1.366 1.458 1.543 1.621 1.693 1.759 1.818 1.870 1.916 1.955 1.988 2.014 2.032 2.045 2.053
1.494 1.514 1.535 1.558 1.583 1.609 1.637 1.666 1.697 1.729 1.683 1.620 1.554 1.485 1.413 1.338 1.260 1.178 1.094 1.006 0.916 0.822 0.783 0.756 0.726 0.693 0.658 0.620 0.579 0.535 0.488 0.439 0.387 0.332 0.315 0.311 0.306 0.301 0.294 0.364 0.500 0.644 0.798 0.961 1.134 1.315 1.455 1.562 1.656 1.737 1.806 1.861 1.904 1.934 1.951 1.955 1.946 1.924 1.960 2.029 2.091 2.146 2.195 2.238 2.274 2.303 2.326 2.342 2.352 2.356 2.356 2.354 2.347
1.702 1.727 1.754 1.783 1.813 1.844 1.878 1.912 1.949 1.986 1.948 1.874 1.797 1.717 1.634 1.548 1.459 1.366 1.271 1.172 1.070 0.966 0.906 0.869 0.830 0.787 0.742 0.694 0.643 0.590 0.533 0.474 0.484 0.529 0.620 0.741 0.872 1.012 1.161 1.320 1.488 1.665 1.851 2.046 2.250 2.464 2.602 2.664 2.713 2.749 2.772 2.782 2.779 2.764 2.735 2.694 2.640 2.573 2.560 2.605 2.644 2.677 2.703 2.722 2.735 2.742 2.742 2.735 2.722 2.702 2.683 2.666 2.645
1.908 1.939 1.971 2.005 2.041 2.078 2.117 2.157 2.198 2.242 2.216 2.131 2.043 1.952 1.858 1.761 1.660 1.557 1.451 1.341 1.228 1.113 1.032 0.985 0.936 0.918 0.915 0.926 0.951 0.989 1.041 1.107 1.187 1.280 1.403 1.557 1.720 1.893 2.074 2.265 2.465 2.674 2.892 3.120 3.356 3.602 3.761 3.777 3.781 3.771 3.749 3.714 3.666 3.605 3.531 3.445 3.345 3.233 3.165 3.187 3.203 3.213 3.216 3.213 3.203 3.186 3.163 3.134 3.098 3.055 3.013 2.982 2.946
2.112 2.149 2.186 2.226 2.267 2.309 2.353 2.399 2.446 2.495 2.487 2.391 2.292 2.190 2.085 1.977 1.865 1.751 1.638 1.524 1.408 1.292 1.215 1.219 1.237 1.269 1.315 1.374 1.446 1.533 1.633 1.747 1.874 2.015 2.176 2.362 2.558 2.762 2.976 3.199 3.431 3.672 3.923 4.182 4.451 4.729 4.931 4.902 4.860 4.805 4.738 4.657 4.564 4.458 4.339 4.207 4.062 3.905 3.775 3.775 3.768 3.755 3.735 3.708 3.676 3.636 3.590 3.538 3.479 3.413 3.347 3.301 3.251
2.315 2.356 2.400 2.444 2.491 2.539 2.588 2.639 2.692 2.746 2.759 2.650 2.539 2.428 2.315 2.201 2.086 1.970 1.853 1.734 1.614 1.494 1.407 1.460 1.526 1.606 1.699 1.806 1.927 2.061 2.209 2.371 2.546 2.735 2.939 3.157 3.385 3.621 3.867 4.122 4.386 4.660 4.942 5.234 5.535 5.845 6.112 6.038 5.951 5.851 5.738 5.612 5.473 5.322 5.158 4.981 4.791 4.588 4.391 4.368 4.338 4.302 4.259 4.210 4.154 4.092 4.023 3.948 3.866 3.777 3.685 3.624 3.559
2.515 2.562 2.611 2.660 2.709 2.759 2.810 2.862 2.915 2.970 3.007 2.894 2.779 2.664 2.547 2.429 2.310 2.189 2.068 1.945 1.822 1.697 1.585 1.686 1.800 1.928 2.069 2.224 2.393 2.575 2.771 2.981 3.204 3.441 3.691 3.941 4.201 4.470 4.748 5.035 5.331 5.637 5.951 6.275 6.608 6.950 7.302 7.185 7.052 6.907 6.749 6.578 6.394 6.198 5.988 5.766 5.531 5.283 5.022 4.966 4.914 4.855 4.789 4.717 4.638 4.553 4.461 4.338 4.197 4.062 3.932 3.850 3.778
2.705 2.755 2.805 2.857 2.910 2.963 3.018 3.074 3.131 3.190 3.249 3.139 3.020 2.901 2.780 2.657 2.534 2.410 2.284 2.157 2.030 1.900 1.770 1.897 2.059 2.235 2.424 2.627 2.844 3.074 3.317 3.575 3.846 4.131 4.429 4.714 5.006 5.307 5.617 5.937 6.265 6.603 6.949 7.305 7.670 8.045 8.428 8.343 8.166 7.975 7.772 7.556 7.327 7.085 6.830 6.563 6.283 5.990 5.684 5.570 5.435 5.277 5.125 4.977 4.835 4.697 4.564 4.436 4.313 4.195 4.082 4.015 3.965
2.890 2.943 2.997 3.053 3.109 3.167 3.225 3.285 3.346 3.408 3.471 3.385 3.262 3.138 3.013 2.887 2.760 2.631 2.501 2.371 2.239 2.105 1.971 2.094 2.304 2.527 2.764 3.015 3.279 3.557 3.849 4.154 4.473 4.805 5.152 5.477 5.801 6.134 6.476 6.828 7.188 7.558 7.937 8.325 8.722 9.128 9.544 9.513 9.290 9.054 8.806 8.544 8.270 7.865 7.441 7.021 6.605 6.193 5.784 5.554 5.409 5.268 5.133 5.003 4.877 4.757 4.641 4.530 4.424 4.323 4.227 4.174 4.147
3.073 3.130 3.188 3.247 3.307 3.369 3.431 3.494 3.559 3.625 3.691 3.632 3.505 3.377 3.248 3.118 2.986 2.853 2.720 2.585 2.448 2.311 2.173 2.276 2.533 2.805 3.090 3.388 3.700 4.026 4.366 4.719 5.085 5.465 5.859 6.230 6.585 6.951 7.325 7.708 8.101 8.502 8.913 9.333 9.762 10.201 10.455 10.313 9.880 9.450 9.024 8.602 8.183 7.769 7.359 6.952 6.549 6.150 5.755 5.506 5.378 5.255 5.137 5.023 4.915 4.811 4.713 4.619 4.530 4.446 4.367 4.326 4.322
3.254 3.315 3.377 3.440 3.504 3.569 3.635 3.702 3.771 3.840 3.910 3.880 3.749 3.617 3.483 3.349 3.213 3.077 2.939 2.800 2.659 2.518 2.375 2.443 2.749 3.068 3.400 3.747 4.107 4.480 4.867 5.268 5.682 6.110 6.552 6.971 7.359 7.756 8.136 8.366 8.603 8.846 9.095 9.351 9.614 9.883 10.158 10.133 9.713 9.296 8.884 8.475 8.070 7.669 7.272 6.879 6.490 6.105 5.723 5.453 5.342 5.236 5.135 5.039 4.948 4.861 4.780 4.703 4.632 4.565 4.503 4.473 4.490
3.435 3.499 3.565 3.631 3.699 3.768 3.838 3.909 3.981 4.054 4.128 4.129 3.994 3.857 3.720 3.581 3.442 3.301 3.159 3.016 2.871 2.726 2.579 2.596 2.949 3.316 3.696 4.090 4.498 4.919 5.354 5.776 6.118 6.425 6.695 6.931 7.165 7.405 7.651 7.904 8.164 8.430 8.702 8.981 9.266 9.557 9.855 9.949 9.542 9.139 8.740 8.345 7.954 7.566 7.183 6.803 6.427 6.055 5.687 5.396 5.302 5.213 5.129 5.050 4.976 4.907 4.842 4.783 4.728 4.678 4.634 4.613 4.652
3.613 3.682 3.751 3.821 3.893 3.965 4.039 4.114 4.189 4.266 4.344 4.379 4.239 4.099 3.957 3.815 3.671 3.526 3.380 3.232 3.084 2.934 2.784 2.734 3.177 3.646 4.078 4.474 4.835 5.159 5.447 5.699 5.915 6.094 6.238 6.373 6.629 6.892 7.161 7.437 7.719 8.007 8.302 8.604 8.912 9.226 9.546 9.761 9.368 8.979 8.593 8.211 7.833 7.459 7.089 6.723 6.361 6.002 5.648 5.334 5.258 5.186 5.119 5.057 5.000 4.947 4.900 4.858 4.820 4.787 4.759 4.746 4.809
3.791 3.863 3.936 4.010 4.085 4.161 4.239 4.317 4.396 4.477 4.558 4.629 4.486 4.341 4.196 4.049 3.901 3.810 3.759 3.716 3.681 3.656 3.638 3.646 4.024 4.366 4.671 4.941 5.175 5.372 5.534 5.659 5.748 5.802 5.819 5.808 6.087 6.373 6.665 6.963 7.268 7.579 7.897 8.221 8.551 8.888 9.232 9.570 9.190 8.814 8.442 8.074 7.710 7.349 6.992 6.640 6.291 5.946 5.604 5.268 5.208 5.153 5.104 5.059 5.018 4.983 4.953 4.928 4.907 4.891 4.881 4.875 4.958
3.967 4.042 4.119 4.197 4.276 4.356 4.437 4.519 4.602 4.686 4.825 4.970 4.919 4.855 4.799 4.752 4.713 4.683 4.661 4.648 4.644 4.648 4.660 4.681 4.907 5.122 5.301 5.444 5.551 5.623 5.658 5.657 5.619 5.546 5.437 5.292 5.540 5.848 6.163 6.484 6.811 7.145 7.485 7.832 8.185 8.545 8.910 9.283 9.009 8.647 8.288 7.933 7.582 7.235 6.892 6.553 6.217 5.885 5.558 5.234 5.154 5.116 5.084 5.056 5.033 5.014 5.001 4.993 4.989 4.991 4.997 5.008 5.102
4.141 4.220 4.301 4.478 4.648 4.810 4.966 5.114 5.255 5.389 5.516 5.636 5.633 5.599 5.573 5.555 5.546 5.546 5.554 5.571 5.596 5.630 5.672 5.722 5.826 5.915 5.968 5.985 5.965 5.910 5.819 5.691 5.528 5.329 5.093 4.822 4.986 5.317 5.654 5.998 6.348 6.705 7.068 7.437 7.813 8.195 8.583 8.978 8.825 8.476 8.130 7.789 7.452 7.118 6.788 6.462 6.140 5.822 5.507 5.197 5.095 5.075 5.059 5.048 5.042 5.041 5.045 5.054 5.067 5.082 5.099 5.118 5.218
4.876 5.042 5.201 5.353 5.497 5.635 5.765 5.888 6.004 6.112 6.214 6.308 6.337 6.332 6.336 6.348 6.369 6.398 6.436 6.483 6.538 6.601 6.673 6.753 6.783 6.745 6.671 6.562 6.416 6.234 6.017 5.763 5.474 5.148 4.787 4.389 4.427 4.781 5.140 5.507 5.879 6.258 6.644 7.036 7.434 7.839 8.250 8.668 8.637 8.301 7.969 7.641 7.317 6.997 6.680 6.368 6.059 5.754 5.453 5.156 5.037 5.043 5.050 5.060 5.072 5.086 5.102 5.120 5.140 5.163 5.187 5.214 5.320
5.833 5.974 6.108 6.234 6.353 6.465 6.570 6.668 6.759 6.842 6.918 6.987 7.031 7.056 7.089 7.131 7.182 7.241 7.308 7.384 7.469 7.562 7.663 7.774 7.775 7.611 7.411 7.175 6.904 6.596 6.252 5.873 5.457 5.005 4.518 3.994 3.862 4.238 4.620 5.009 5.405 5.806 6.214 6.629 7.050 7.477 7.911 8.351 8.445 8.123 7.805 7.490 7.179 6.867 6.561 6.265 5.979 5.702 5.436 5.179 5.049 5.062 5.077 5.094 5.113 5.134 5.158 5.184 5.211 5.241 5.273 5.308 5.414
6.797 6.913 7.021 7.122 7.216 7.303 7.382 7.455 7.520 7.578 7.629 7.673 7.714 7.769 7.832 7.904 7.984 8.073 8.170 8.276 8.390 8.513 8.644 8.784 8.804 8.514 8.188 7.826 7.428 6.994 6.525 6.019 5.477 4.900 4.286 3.637 3.291 3.689 4.095 4.506 4.924 5.348 5.779 6.216 6.659 7.109 7.580 8.017 8.186 7.865 7.554 7.252 6.961 6.680 6.408 6.146 5.894 5.652 5.420 5.198 5.058 5.079 5.101 5.126 5.152 5.181 5.212 5.245 5.281 5.318 5.357 5.399 5.500
7.768 7.858 7.941 8.017 8.085 8.147 8.201 8.249 8.289 8.321 8.347 8.366 8.388 8.472 8.565 8.666 8.776 8.895 9.022 9.157 9.301 9.453 9.614 9.783 9.869 9.453 9.001 8.513 7.989 7.430 6.834 6.202 5.535 4.831 4.092 3.317 2.714 3.135 3.563 4.177 4.774 5.324 5.830 6.289 6.704 7.072 7.395 7.673 7.816 7.530 7.253 6.986 6.729 6.482 6.245 6.018 5.800 5.593 5.395 5.207 5.066 5.094 5.123 5.155 5.190 5.226 5.264 5.305 5.348 5.392 5.439 5.488 5.578
8.746 8.810 8.868 8.918 8.961 8.998 9.027 9.049 9.064 9.071 9.072 9.065 9.051 9.165 9.288 9.419 9.558 9.706 9.863 10.028 10.201 10.383 10.574 10.772 10.971 10.429 9.851 9.237 8.587 7.902 7.180 6.424 5.752 5.127 4.550 4.022 3.567 4.140 4.668 5.151 5.588 5.980 6.326 6.627 6.882 7.092 7.257 7.376 7.438 7.186 6.943 6.711 6.488 6.276 6.073 5.880 5.697 5.524 5.360 5.206 5.071 5.106 5.144 5.183 5.225 5.268 5.314 5.362 5.412 5.465 5.519 5.576 5.647
9.725 9.768 9.801 9.826 9.844 9.855 9.859 9.856 9.845 9.828 9.803 9.771 9.732 9.848 10.000 10.161 10.330 10.508 10.694 10.888 11.091 11.303 11.523 11.751 11.953 11.231 10.438 9.692 8.995 8.346 7.745 7.192 6.687 6.230 5.821 5.461 5.148 5.477 5.846 6.169 6.448 6.681 6.868 7.010 7.107 7.158 7.163 7.124 7.038 6.832 6.624 6.426 6.238 6.060 5.891 5.733 5.584 5.445 5.316 5.197 5.087 5.117 5.162 5.209 5.258 5.309 5.362 5.418 5.475 5.535 5.597 5.661 5.727
10.691 10.733 10.740 10.740 10.733 10.719 10.698 10.669 10.634 10.591 10.541 10.484 10.420 10.521 10.703 10.893 11.092 11.272 11.376 11.454 11.505 11.529 11.526 11.496 11.440 10.940 10.315 9.738 9.208 8.727 8.294 7.909 7.571 7.282 7.041 6.848 6.703 6.857 7.068 7.233 7.352 7.426 7.455 7.438 7.376 7.269 7.116 6.917 6.674 6.470 6.296 6.132 5.978 5.834 5.700 5.576 5.461 5.357 5.262 5.177 5.102 5.125 5.178 5.232 5.288 5.347 5.408 5.471 5.536 5.603 5.672 5.744 5.817
11.642 11.705 11.687 11.661 11.629 11.590 11.543 11.490 11.429 11.361 11.263 11.158 11.082 11.134 11.251 11.343 11.407 11.444 11.455 11.439 11.396 11.326 11.229 11.106 10.956 10.600 10.143 9.733 9.371 9.058 8.792 8.575 8.405 8.284 8.211 8.185 8.208 8.283 8.334 8.340 8.301 8.217 8.087 7.912 7.691 7.425 7.113 6.757 6.355 6.098 5.958 5.829 5.709 5.600 5.500 5.410 5.330 5.259 5.199 5.148 5.107 5.132 5.192 5.253 5.317 5.383 5.451 5.522 5.594 5.669 5.746 5.824 5.905
12.579 12.683 12.639 12.478 12.272 12.094 11.946 11.827 11.737 11.675 11.642 11.639 11.664 11.710 11.734 11.731 11.702 11.645 11.562 11.452 11.315 11.152 10.961 10.744 10.500 10.210 9.920 9.678 9.485 9.339 9.241 9.191 9.189 9.235 9.329 9.471 9.661 9.752 9.645 9.493 9.295 9.052 8.764 8.430 8.051 7.627 7.157 6.642 6.081 5.716 5.611 5.516 5.431 5.356 5.290 5.234 5.188 5.152 5.126 5.110 5.103 5.136 5.203 5.273 5.344 5.417 5.493 5.571 5.639 5.690 5.743 5.799 5.857
12.446 12.413 12.251 12.117 12.012 11.936 11.889 11.871 11.882 11.922 11.990 12.088 12.214 12.315 12.245 12.148 12.025 11.875 11.698 11.494 11.263 11.006 10.722 10.411 10.074 9.771 9.648 9.574 9.548 9.569 9.639 9.756 9.922 10.135 10.396 10.706 11.063 11.266 11.001 10.690 10.334 9.932 9.485 8.993 8.456 7.873 7.245 6.572 5.854 5.326 5.255 5.195 5.144 5.102 5.071 5.050 5.038 5.036 5.044 5.062 5.089 5.124 5.167 5.213 5.261 5.311 5.364 5.418 5.475 5.534 5.595 5.658 5.724
11.777 11.819 11.758 11.725 11.722 11.747 11.801 11.884 11.996 12.137 12.306 12.505 12.732 12.947 12.784 12.593 12.376 12.132 11.862 11.564 11.240 10.889 10.511 10.107 9.676 9.281 9.327 9.420 9.561 9.750 9.987 10.272 10.604 10.985 11.413 11.890 12.414 12.824 12.400 11.931 11.417 10.857 10.252 9.602 8.906 8.166 7.380 6.548 5.672 4.926 4.890 4.863 4.847 4.840 4.905 4.993 5.049 5.075 5.069 5.033 4.966 4.904 4.956 5.009 5.065 5.122 5.182 5.245 5.309 5.376 5.444 5.515 5.588
