DATA/SHG/ECMWF/20170628/EN-14/20170701.en-14.asc
ncols        190
nrows        64
xllcorner    -5100000.000000000000
yllcorner    4130000.000000000000
cellsize     10000.000000000000
NODATA_value  -99999.000
[rows 32 to 63 of 64, columns 72 to 143 of 190]
9.344 9.697 9.912 10.122 10.327 10.528 10.724 10.916 11.103 11.286 11.464 11.638 11.807 11.982 12.210 12.440 12.673 12.909 13.148 13.389 13.634 13.882 14.109 14.314 14.521 14.764 15.129 15.503 15.885 16.276 16.675 17.083 17.500 17.925 18.359 18.801 19.252 19.167 18.044 16.889 15.702 14.484 13.233 11.951 10.637 9.338 8.210 7.157 6.180 7.064 9.982 12.899 15.814 18.728 21.640 24.550 27.459 30.366 33.272 36.176 39.078 39.711 38.695 37.574 36.349 35.019 33.584 32.044 30.399 28.650 26.795 24.836
11.036 11.394 11.593 11.787 11.976 12.161 12.342 12.518 12.689 12.856 13.018 13.176 13.329 13.481 13.718 13.958 14.201 14.447 14.696 14.948 15.203 15.461 15.698 15.913 16.130 16.368 16.771 17.183 17.603 18.031 18.469 18.914 19.369 19.832 20.303 20.783 21.217 21.060 19.660 18.336 17.088 15.915 14.818 13.797 12.851 11.981 11.186 10.467 9.823 10.472 13.383 16.293 19.202 22.109 25.014 27.917 30.819 33.720 36.619 39.516 42.411 43.255 41.776 40.191 38.502 36.708 34.810 32.806 30.698 28.485 26.168 23.745
12.731 13.073 13.276 13.454 13.628 13.797 13.961 14.121 14.277 14.427 14.574 14.716 14.853 14.986 15.222 15.473 15.726 15.982 16.241 16.503 16.768 17.035 17.282 17.508 17.735 17.965 18.401 18.877 19.413 19.878 20.272 20.595 20.848 21.030 21.141 21.181 21.151 20.947 19.882 18.892 17.977 17.139 16.375 15.688 15.076 14.539 14.078 13.693 13.383 13.876 16.781 19.684 22.586 25.486 28.385 31.282 34.177 37.070 39.963 42.853 45.742 46.902 44.959 42.912 40.759 38.502 36.140 33.674 31.102 28.426 25.646 22.760
14.428 14.753 14.961 15.124 15.281 15.434 15.583 15.727 15.866 16.001 16.132 16.258 16.379 16.496 16.722 16.982 17.245 17.511 17.780 18.492 19.679 20.595 21.141 21.361 21.366 21.158 21.414 21.707 21.929 22.081 22.162 22.172 22.111 21.980 21.778 21.505 21.162 20.747 20.021 19.365 18.784 18.279 17.850 17.495 17.217 17.014 16.886 16.834 16.858 17.278 20.176 23.072 25.967 28.861 31.752 34.643 37.531 40.418 43.303 46.187 49.069 50.653 48.246 45.736 43.120 40.400 37.575 34.646 31.612 28.473 25.230 21.882
16.127 16.436 16.649 16.795 16.937 17.074 17.206 17.335 17.458 17.577 17.692 17.802 18.728 20.726 22.646 24.245 25.574 26.633 27.423 27.943 28.193 28.173 27.778 27.051 26.110 24.956 24.632 24.612 24.521 24.360 24.127 23.824 23.451 23.007 22.492 21.906 21.250 20.523 20.078 19.756 19.509 19.337 19.241 19.220 19.275 19.405 19.611 19.892 20.249 20.681 23.567 26.457 29.345 32.232 35.117 38.000 40.882 43.762 46.641 49.518 52.393 54.506 51.637 48.663 45.585 42.402 39.114 35.722 32.226 28.625 24.919 21.109
17.828 18.121 18.338 18.468 18.594 19.363 20.831 22.448 24.215 26.132 28.198 30.414 32.780 35.296 37.009 37.672 38.064 38.187 38.041 37.624 36.939 35.983 34.647 32.975 31.089 28.989 27.926 27.593 27.189 26.714 26.169 25.553 24.867 24.110 23.282 22.384 21.415 20.375 20.053 20.064 20.150 20.312 20.549 20.862 21.250 21.713 22.252 22.866 23.555 24.320 26.956 29.839 32.720 35.600 38.478 41.355 44.230 47.104 49.976 52.846 55.714 58.462 55.130 51.694 48.153 44.508 40.758 36.903 32.945 28.881 24.714 20.441
21.937 23.223 24.583 26.119 27.805 29.640 31.625 33.760 36.044 38.478 41.061 43.794 46.677 49.710 51.601 51.327 50.784 49.971 48.889 47.537 45.916 44.026 41.750 39.132 36.301 33.257 31.295 30.649 29.932 29.145 28.287 27.358 26.359 25.290 24.149 22.939 21.657 20.305 19.947 20.291 20.710 21.205 21.775 22.420 23.141 23.937 24.809 25.756 26.778 27.876 30.341 33.217 36.092 38.965 41.837 44.707 47.575 50.442 53.307 56.171 59.033 61.893 58.726 54.828 50.825 46.717 42.505 38.189 33.768 29.243 24.614 19.880
30.163 31.590 33.154 35.208 37.411 39.764 42.266 44.918 47.719 50.670 53.770 57.020 60.419 63.968 66.420 65.211 63.732 61.984 59.967 57.681 55.126 52.301 49.085 45.523 41.748 37.760 34.738 33.780 32.750 31.651 30.480 29.239 27.928 26.546 25.093 23.570 21.977 20.312 19.758 20.435 21.188 22.015 22.918 23.896 24.950 26.079 27.283 28.562 29.917 31.347 33.723 36.593 39.461 42.327 45.192 48.056 50.917 53.777 56.636 59.493 62.348 65.201 62.425 58.065 53.600 49.031 44.171 38.906 33.761 28.738 23.835 19.054
38.339 39.908 41.575 44.146 46.866 49.736 52.755 55.923 59.241 62.708 66.325 70.091 74.007 78.071 81.467 79.323 76.910 74.227 71.276 68.056 64.566 60.808 56.653 52.148 47.429 42.497 38.257 36.986 35.644 34.232 32.749 31.196 29.573 27.878 26.114 24.279 22.373 20.397 19.488 20.498 21.583 22.743 23.978 25.289 26.675 28.136 29.673 31.285 32.972 34.734 37.103 39.965 42.827 45.687 48.545 51.401 54.256 56.904 58.770 60.514 62.137 63.639 60.503 55.286 50.190 45.215 40.360 35.627 31.014 26.522 22.151 17.901
46.466 48.176 49.927 52.932 56.169 59.555 63.091 66.775 70.610 74.593 78.726 83.008 87.439 92.020 96.741 93.663 90.316 86.700 82.814 78.661 74.238 69.546 64.453 59.005 53.343 47.469 41.850 40.267 38.613 36.889 35.094 33.229 31.293 29.287 27.211 25.064 22.846 20.558 19.137 20.479 21.896 23.389 24.956 26.600 28.318 30.111 31.980 33.924 35.881 37.534 39.430 41.611 43.672 45.610 47.428 49.123 50.698 52.151 53.482 54.692 55.781 56.748 54.449 49.764 45.200 40.756 36.433 32.231 28.149 24.189 20.349 16.630
54.544 56.395 58.288 61.567 65.320 69.223 73.274 77.475 81.825 86.325 90.973 95.771 100.718 105.814 111.059 108.231 103.950 99.401 94.583 89.496 84.141 78.516 72.486 66.095 59.491 52.675 45.645 43.623 41.658 39.621 37.515 35.338 33.090 30.772 28.384 25.925 23.396 20.797 18.703 20.381 22.113 23.829 25.527 27.208 28.872 30.519 32.149 33.762 35.358 36.937 38.548 40.195 41.720 43.125 44.408 45.569 46.609 47.528 48.326 49.002 49.557 49.990 48.281 44.127 40.094 36.181 32.390 28.718 25.168 21.738 18.429 15.241
62.573 64.566 66.599 70.050 74.320 78.738 83.306 88.022 92.888 97.903 103.067 108.380 113.842 119.454 125.214 123.027 117.813 112.331 106.581 100.562 94.274 87.718 80.751 73.418 65.872 58.114 50.143 47.055 44.777 42.429 39.982 37.002 34.118 31.329 28.637 26.041 23.541 21.137 18.874 20.549 22.206 23.847 25.470 27.077 28.666 30.238 31.794 33.332 34.853 36.358 37.794 38.907 39.898 40.768 41.517 42.145 42.651 43.037 43.300 43.443 43.464 43.364 41.998 38.375 34.873 31.491 28.230 25.090 22.070 19.171 16.392 13.734
70.554 72.687 74.861 78.383 83.168 88.102 93.185 98.418 103.799 109.329 115.008 120.836 126.813 132.939 139.214 138.050 131.905 125.491 118.808 111.857 104.638 97.151 87.437 77.782 68.340 59.109 50.091 45.532 42.687 39.938 37.285 34.727 32.266 29.901 27.631 25.458 23.380 21.398 19.512 20.734 22.317 23.883 25.432 26.964 28.478 29.976 31.457 32.920 34.367 35.797 37.168 37.747 38.205 38.541 38.757 38.851 38.824 38.675 38.406 38.015 37.503 36.870 35.600 32.507 29.536 26.685 23.954 21.344 18.855 16.486 14.238 12.110
78.485 80.759 83.074 86.565 91.866 97.315 102.913 108.661 114.557 120.602 126.796 133.139 139.630 146.271 153.060 149.364 138.600 128.104 117.875 107.915 98.221 88.796 79.743 71.022 62.514 54.217 46.133 41.464 39.042 36.716 34.485 32.351 30.312 28.369 26.522 24.770 23.115 21.555 20.092 20.937 22.446 23.937 25.411 26.868 28.309 29.732 31.138 32.527 33.899 35.254 36.593 36.716 36.641 36.444 36.126 35.687 35.126 34.445 33.642 32.719 31.674 30.508 29.087 26.525 24.084 21.763 19.563 17.483 15.524 13.685 11.966 10.368
86.368 88.783 91.238 94.597 100.412 106.377 112.490 118.752 121.860 124.766 127.531 130.154 132.635 134.974 137.171 134.968 125.129 115.557 106.253 97.216 88.447 79.945 71.820 64.034 56.459 49.095 41.944 37.296 35.296 33.392 31.584 29.871 28.255 26.734 25.309 23.980 22.746 21.608 20.567 21.159 22.592 24.009 25.409 26.791 28.157 29.506 30.837 32.152 33.450 34.730 35.994 35.814 35.205 34.475 33.624 32.652 31.559 30.344 29.009 27.553 25.975 24.277 22.457 20.428 18.517 16.726 15.055 13.505 12.075 10.766 9.577 8.509
94.123 94.170 94.162 94.547 97.675 100.662 103.507 106.210 108.771 111.190 113.468 115.603 117.597 119.448 121.158 120.348 111.433 102.785 94.404 86.291 78.445 70.867 63.670 56.816 50.174 43.744 37.525 33.025 31.448 29.966 28.580 27.289 26.095 24.996 23.993 23.085 22.273 21.557 20.937 21.397 22.757 24.099 25.424 26.732 28.023 29.298 30.555 31.795 33.018 34.225 35.414 35.040 33.898 32.635 31.251 29.747 28.121 26.374 24.507 22.518 20.408 18.178 15.826 14.216 12.834 11.573 10.432 9.411 8.511 7.731 7.071 6.532
84.616 84.476 84.283 84.043 86.683 89.183 91.540 93.755 95.829 97.761 99.551 101.199 102.706 104.071 105.293 105.504 97.512 89.787 82.330 75.140 68.217 61.561 55.292 49.370 43.660 38.162 32.875 28.654 27.498 26.438 25.474 24.605 23.832 23.155 22.573 22.087 21.697 21.402 21.203 21.654 22.939 24.207 25.457 26.691 27.908 29.108 30.291 31.456 32.605 33.737 34.852 34.393 32.719 30.924 29.008 26.971 24.813 22.534 20.134 17.614 14.972 12.209 9.326 7.889 7.036 6.304 5.693 5.201 4.830 4.579 4.562 4.855
75.171 74.845 74.466 74.032 75.836 77.848 79.718 81.446 83.033 84.478 85.781 86.942 87.962 88.840 89.576 90.171 83.367 76.565 70.030 63.762 57.761 52.027 46.686 41.696 36.917 32.351 27.995 24.181 23.447 22.808 22.265 21.818 21.467 21.211 21.050 20.986 21.017 21.143 21.365 21.929 23.139 24.332 25.509 26.668 27.811 28.936 30.044 31.136 32.210 33.268 34.308 33.875 31.669 29.342 26.894 24.325 21.635 18.824 15.892 12.840 9.667 6.516 3.892 3.136 3.402 3.679 3.967 4.264 4.572 4.889 5.218 5.556
65.788 65.277 64.712 64.092 65.134 66.659 68.041 69.283 70.383 71.341 72.157 72.832 73.365 73.757 74.007 74.116 68.998 63.118 57.505 52.159 47.079 42.267 37.852 33.793 29.946 26.310 22.886 19.673 19.294 19.077 18.955 18.929 18.999 19.164 19.425 19.781 20.233 20.780 21.424 22.221 23.357 24.476 25.578 26.663 27.731 28.782 29.816 30.834 31.834 32.817 33.783 33.485 30.752 28.013 25.299 22.609 19.944 17.304 14.689 12.098 9.533 6.991 4.475 3.466 3.778 4.100 4.432 4.774 5.127 5.490 5.863 6.246
56.468 55.771 55.020 54.215 54.576 55.614 56.510 57.265 57.878 58.350 58.680 58.868 58.915 58.821 58.585 58.208 54.405 49.446 44.755 40.330 36.171 32.280 28.790 25.662 22.746 20.040 17.546 15.263 15.039 15.243 15.543 15.938 16.428 17.015 17.696 18.473 19.346 20.314 21.378 22.531 23.593 24.638 25.665 26.673 27.565 28.452 29.335 30.215 31.090 31.962 32.830 32.887 30.231 27.600 24.994 22.412 19.855 17.323 14.816 12.333 9.875 7.442 5.033 3.786 4.143 4.509 4.886 5.274 5.671 6.079 6.496 6.925
47.209 46.327 45.390 44.400 44.163 44.714 45.124 45.392 45.519 45.504 45.348 45.051 44.612 44.032 43.310 42.447 39.588 35.550 31.779 28.275 25.037 22.065 19.502 17.304 15.317 13.541 11.977 10.624 10.683 11.308 12.029 12.844 13.756 14.762 15.865 17.141 18.413 19.674 20.923 22.160 23.077 23.964 24.846 25.724 26.598 27.469 28.336 29.198 30.057 30.912 31.763 32.234 29.686 27.163 24.665 22.191 19.742 17.317 14.918 12.542 10.192 7.866 5.565 4.095 4.496 4.908 5.330 5.762 6.204 6.657 7.119 7.592
38.013 36.945 35.823 34.647 33.893 33.958 33.882 33.664 33.305 32.804 32.163 31.380 30.455 29.389 28.182 26.834 24.546 21.429 18.578 15.994 13.676 11.625 9.985 8.717 7.660 6.814 6.732 6.758 7.560 8.863 10.155 11.435 12.704 13.960 15.204 16.437 17.658 18.867 20.064 21.249 22.184 23.053 23.918 24.780 25.638 26.491 27.341 28.187 29.029 29.867 30.701 31.532 29.116 26.701 24.310 21.944 19.603 17.286 14.994 12.727 10.484 8.266 6.073 4.393 4.839 5.296 5.763 6.240 6.727 7.224 7.731 8.249
28.879 27.625 26.318 24.957 23.768 23.347 22.784 22.081 21.236 20.250 19.123 17.854 16.444 14.893 13.201 11.367 9.281 7.084 6.387 6.375 6.371 6.375 6.393 6.421 6.456 6.498 6.546 6.600 7.231 8.483 9.723 10.952 12.168 13.373 14.565 15.746 16.915 18.073 19.218 20.351 21.295 22.147 22.996 23.841 24.682 25.519 26.352 27.181 28.006 28.827 29.645 30.458 28.522 26.214 23.931 21.673 19.439 17.230 15.046 12.886 10.751 8.640 6.555 4.680 5.172 5.673 6.184 6.706 7.238 7.780 8.333 8.895
19.806 18.368 16.875 15.329 13.786 12.879 11.831 10.642 9.312 7.841 6.228 5.754 5.829 5.887 5.929 5.953 5.960 5.960 5.967 5.983 6.008 6.040 6.085 6.142 6.206 6.276 6.352 6.435 6.916 8.116 9.305 10.481 11.646 12.799 13.940 15.069 16.187 17.292 18.386 19.468 20.411 21.247 22.079 22.907 23.731 24.551 25.367 26.180 26.988 27.793 28.593 29.390 27.903 25.703 23.527 21.377 19.251 17.149 15.072 13.020 10.992 8.990 7.011 5.058 5.493 6.039 6.595 7.162 7.739 8.326 8.923 9.530
10.795 9.172 7.494 5.763 4.995 5.099 5.216 5.318 5.402 5.470 5.520 5.554 5.571 5.572 5.555 5.522 5.477 5.505 5.541 5.585 5.637 5.697 5.771 5.856 5.948 6.047 6.151 6.263 6.614 7.763 8.899 10.024 11.138 12.239 13.328 14.406 15.472 16.525 17.568 18.598 19.533 20.352 21.167 21.978 22.785 23.589 24.388 25.184 25.975 26.763 27.547 28.327 27.259 25.167 23.099 21.056 19.037 17.043 15.074 13.129 11.209 9.314 7.443 5.597 5.803 6.394 6.995 7.607 8.228 8.860 9.502 10.154
6.766 6.395 6.023 5.649 5.274 5.262 5.322 5.365 5.391 5.401 5.394 5.370 5.329 5.272 5.198 5.106 4.999 5.043 5.107 5.179 5.259 5.348 5.450 5.563 5.684 5.810 5.944 6.083 6.325 7.422 8.508 9.581 10.642 11.692 12.730 13.756 14.770 15.772 16.763 17.741 18.659 19.461 20.260 21.054 21.845 22.631 23.414 24.193 24.968 25.739 26.506 27.269 26.591 24.606 22.646 20.710 18.799 16.912 15.050 13.213 11.400 9.612 7.849 6.110 6.103 6.739 7.385 8.041 8.707 9.383 10.070 10.767
7.065 6.689 6.312 5.933 5.554 5.440 5.442 5.428 5.396 5.348 5.283 5.201 5.103 4.988 4.856 4.707 4.541 4.574 4.666 4.766 4.875 4.991 5.121 5.264 5.412 5.567 5.729 5.897 6.071 7.095 8.129 9.151 10.161 11.159 12.145 13.119 14.082 15.032 15.971 16.898 17.790 18.576 19.358 20.135 20.909 21.679 22.445 23.207 23.965 24.719 25.470 26.216 25.898 24.020 22.168 20.339 18.536 16.756 15.002 13.272 11.567 9.886 8.230 6.598 6.392 7.073 7.749 8.385 9.016 9.641 10.260 10.874
7.364 6.984 6.602 6.219 5.834 5.634 5.579 5.506 5.417 5.311 5.188 5.049 4.892 4.719 4.529 4.323 4.099 4.098 4.219 4.347 4.483 4.628 4.786 4.957 5.134 5.317 5.507 5.704 5.906 6.782 7.764 8.734 9.692 10.639 11.573 12.496 13.407 14.306 15.194 16.069 16.927 17.696 18.460 19.221 19.978 20.732 21.481 22.226 22.968 23.705 24.439 25.169 25.180 23.410 21.665 19.944 18.247 16.561 14.820 13.126 11.478 9.878 8.325 6.819 6.400 7.023 7.640 8.252 8.858 9.459 10.053 10.643
7.665 7.280 6.893 6.505 6.116 5.844 5.730 5.600 5.453 5.289 5.109 4.911 4.697 4.466 4.219 3.954 3.673 3.616 3.764 3.921 4.085 4.258 4.444 4.643 4.848 5.060 5.279 5.503 5.734 6.481 7.412 8.330 9.237 10.132 11.015 11.886 12.746 13.594 14.429 15.253 16.066 16.820 17.568 18.313 19.053 19.789 20.522 21.250 21.973 22.558 23.117 23.652 23.779 22.008 20.284 18.608 16.978 15.396 13.860 12.372 10.930 9.535 8.188 6.887 6.346 6.944 7.537 8.125 8.706 9.282 9.853 10.417
7.966 7.576 7.185 6.793 6.399 6.069 5.897 5.709 5.504 5.283 5.045 4.790 4.518 4.229 3.924 3.602 3.263 3.127 3.303 3.487 3.680 3.881 4.095 4.322 4.556 4.796 5.043 5.296 5.555 6.194 7.073 7.940 8.795 9.639 10.470 11.290 12.098 12.894 13.679 14.451 15.178 15.858 16.510 17.136 17.737 18.313 18.863 19.389 19.888 20.363 20.812 21.236 21.539 19.974 18.456 16.985 15.561 14.184 12.854 11.570 10.334 9.145 8.003 6.907 6.297 6.872 7.440 8.003 8.560 9.112 9.658 10.198
8.269 7.874 7.478 7.081 6.683 6.309 6.080 5.834 5.572 5.292 4.996 4.684 4.354 4.008 3.645 3.265 2.869 2.630 2.835 3.047 3.268 3.497 3.739 3.995 4.257 4.525 4.800 5.081 5.369 5.920 6.748 7.628 8.489 9.312 10.098 10.846 11.556 12.229 12.864 13.462 14.022 14.577 15.118 15.634 16.124 16.589 17.029 17.444 17.833 18.197 18.536 18.849 19.137 17.893 16.581 15.315 14.096 12.925 11.800 10.722 9.691 8.707 7.770 6.880 6.255 6.804 7.348 7.887 8.419 8.947 9.468 9.984
8.572 8.173 7.773 7.371 6.968 6.564 6.278 5.974 5.654 5.317 4.963 4.593 4.206 3.802 3.381 2.944 2.490 2.127 2.360 2.600 2.849 3.106 3.455 3.851 4.253 4.663 5.078 5.500 5.929 6.490 7.262 7.996 8.692 9.350 9.971 10.555 11.101 11.609 12.079 12.512 12.908 13.324 13.755 14.160 14.540 14.895 15.224 15.528 15.807 16.061 16.289 16.492 16.669 15.766 14.659 13.598 12.585 11.619 10.699 9.827 9.001 8.222 7.491 6.806 6.218 6.743 7.262 7.776 8.285 8.787 9.284 9.776
