DATA/SHG/ECMWF/20170628/EN-14/20170712.en-14.asc
ncols        190
nrows        64
xllcorner    -5100000.000000000000
yllcorner    4130000.000000000000
cellsize     10000.000000000000
NODATA_value  -99999.000
[rows 0 to 32 of 64, columns 0 to 75 of 190]
0.050 0.045 0.041 0.036 0.032 0.028 0.025 0.022 0.019 0.028 0.040 0.049 0.056 0.062 0.065 0.067 0.066 0.064 0.060 0.068 0.080 0.117 0.165 0.212 0.259 0.305 0.350 0.395 0.439 0.483 0.526 0.568 0.610 0.641 0.666 0.692 0.719 0.748 0.779 0.811 0.844 0.878 0.914 0.951 0.989 0.976 0.916 0.854 0.789 0.722 0.653 0.582 0.509 0.433 0.356 0.276 0.194 0.168 0.211 0.256 0.302 0.350 0.400 0.451 0.504 0.559 0.616 0.674 0.733 0.771 0.771 0.769 0.765 0.761 0.755 0.747
0.033 0.030 0.026 0.023 0.020 0.017 0.015 0.013 0.011 0.014 0.019 0.021 0.036 0.051 0.065 0.078 0.091 0.102 0.113 0.123 0.132 0.161 0.206 0.252 0.296 0.340 0.383 0.426 0.468 0.509 0.550 0.590 0.629 0.663 0.693 0.724 0.756 0.790 0.825 0.862 0.899 0.938 0.979 1.021 1.064 1.065 0.997 0.927 0.854 0.780 0.703 0.625 0.544 0.461 0.375 0.288 0.199 0.152 0.201 0.251 0.304 0.358 0.413 0.470 0.529 0.590 0.652 0.716 0.781 0.831 0.825 0.819 0.810 0.801 0.790 0.786
0.017 0.014 0.011 0.009 0.009 0.020 0.031 0.044 0.057 0.072 0.087 0.100 0.113 0.125 0.136 0.146 0.156 0.164 0.172 0.179 0.185 0.205 0.249 0.292 0.334 0.376 0.417 0.457 0.497 0.536 0.574 0.612 0.649 0.685 0.719 0.755 0.792 0.830 0.870 0.911 0.954 0.998 1.043 1.089 1.137 1.155 1.079 1.002 0.922 0.840 0.755 0.669 0.581 0.490 0.397 0.302 0.205 0.134 0.189 0.245 0.303 0.363 0.425 0.488 0.552 0.619 0.687 0.757 0.822 0.876 0.867 0.862 0.862 0.867 0.876 0.890
0.033 0.042 0.053 0.065 0.078 0.093 0.108 0.125 0.142 0.159 0.170 0.181 0.191 0.200 0.208 0.215 0.221 0.227 0.232 0.236 0.239 0.251 0.292 0.333 0.373 0.412 0.451 0.489 0.526 0.563 0.599 0.635 0.669 0.705 0.744 0.784 0.826 0.869 0.914 0.959 1.007 1.055 1.105 1.156 1.209 1.247 1.164 1.079 0.991 0.902 0.810 0.716 0.620 0.521 0.421 0.318 0.214 0.115 0.175 0.238 0.302 0.372 0.441 0.507 0.573 0.637 0.699 0.760 0.819 0.876 0.884 0.896 0.912 0.934 0.959 0.990
0.084 0.098 0.113 0.129 0.146 0.164 0.184 0.204 0.226 0.246 0.254 0.262 0.269 0.275 0.280 0.284 0.288 0.290 0.292 0.293 0.293 0.296 0.335 0.374 0.412 0.449 0.485 0.521 0.556 0.591 0.625 0.658 0.691 0.723 0.767 0.812 0.859 0.906 0.956 1.006 1.058 1.111 1.166 1.222 1.279 1.338 1.251 1.158 1.063 0.965 0.866 0.764 0.661 0.557 0.458 0.358 0.257 0.156 0.210 0.278 0.344 0.409 0.472 0.533 0.593 0.652 0.709 0.764 0.818 0.870 0.898 0.926 0.958 0.996 1.038 1.085
0.135 0.153 0.171 0.191 0.212 0.235 0.258 0.282 0.308 0.334 0.340 0.344 0.348 0.351 0.353 0.355 0.355 0.355 0.354 0.352 0.349 0.345 0.380 0.416 0.451 0.486 0.520 0.554 0.587 0.619 0.651 0.682 0.712 0.742 0.789 0.839 0.890 0.942 0.996 1.052 1.108 1.166 1.225 1.286 1.348 1.411 1.341 1.243 1.146 1.047 0.948 0.849 0.749 0.648 0.547 0.445 0.342 0.239 0.265 0.327 0.388 0.447 0.505 0.561 0.615 0.668 0.720 0.769 0.818 0.864 0.906 0.951 1.000 1.054 1.112 1.175
0.184 0.206 0.229 0.252 0.277 0.303 0.331 0.359 0.388 0.419 0.425 0.427 0.428 0.428 0.427 0.426 0.423 0.420 0.416 0.411 0.405 0.398 0.424 0.458 0.492 0.524 0.556 0.588 0.618 0.648 0.678 0.707 0.735 0.762 0.809 0.864 0.920 0.977 1.036 1.104 1.177 1.247 1.314 1.378 1.440 1.498 1.447 1.348 1.248 1.148 1.047 0.945 0.843 0.740 0.636 0.532 0.427 0.322 0.321 0.378 0.433 0.487 0.539 0.590 0.639 0.686 0.732 0.777 0.819 0.861 0.911 0.972 1.037 1.107 1.182 1.261
0.232 0.258 0.284 0.312 0.341 0.371 0.402 0.434 0.468 0.502 0.512 0.511 0.509 0.506 0.502 0.497 0.492 0.486 0.479 0.471 0.462 0.452 0.470 0.501 0.532 0.563 0.593 0.622 0.650 0.678 0.705 0.732 0.776 0.829 0.898 0.975 1.049 1.120 1.189 1.254 1.317 1.377 1.435 1.489 1.541 1.590 1.555 1.453 1.351 1.248 1.145 1.041 0.937 0.832 0.726 0.620 0.513 0.406 0.379 0.430 0.480 0.528 0.575 0.620 0.664 0.706 0.746 0.785 0.823 0.858 0.911 0.988 1.070 1.156 1.247 1.343
0.279 0.308 0.339 0.371 0.403 0.437 0.472 0.508 0.546 0.584 0.599 0.595 0.590 0.584 0.578 0.570 0.562 0.552 0.542 0.531 0.520 0.507 0.516 0.545 0.574 0.615 0.660 0.707 0.756 0.807 0.861 0.916 0.974 1.035 1.100 1.167 1.231 1.293 1.351 1.407 1.460 1.511 1.558 1.603 1.644 1.683 1.662 1.559 1.455 1.350 1.244 1.138 1.032 0.925 0.817 0.709 0.600 0.490 0.437 0.483 0.528 0.571 0.612 0.652 0.690 0.726 0.762 0.795 0.827 0.858 0.906 1.000 1.098 1.200 1.308 1.420
0.324 0.357 0.392 0.428 0.464 0.502 0.541 0.581 0.622 0.665 0.688 0.680 0.672 0.664 0.654 0.643 0.632 0.620 0.612 0.605 0.600 0.597 0.612 0.657 0.705 0.755 0.808 0.863 0.920 0.979 1.040 1.104 1.170 1.238 1.305 1.362 1.417 1.468 1.517 1.563 1.606 1.646 1.684 1.719 1.751 1.780 1.770 1.665 1.558 1.451 1.344 1.236 1.127 1.018 0.908 0.797 0.686 0.575 0.498 0.538 0.577 0.615 0.650 0.685 0.718 0.749 0.778 0.807 0.833 0.858 0.897 1.007 1.121 1.240 1.364 1.492
0.368 0.405 0.444 0.483 0.524 0.566 0.609 0.653 0.698 0.744 0.775 0.760 0.747 0.736 0.726 0.719 0.713 0.709 0.706 0.706 0.707 0.710 0.725 0.779 0.835 0.893 0.953 1.016 1.081 1.148 1.217 1.289 1.363 1.439 1.513 1.560 1.604 1.646 1.685 1.721 1.754 1.785 1.813 1.838 1.860 1.879 1.879 1.771 1.663 1.554 1.444 1.334 1.223 1.112 0.999 0.887 0.774 0.660 0.559 0.595 0.628 0.660 0.690 0.719 0.747 0.773 0.797 0.819 0.841 0.860 0.884 1.010 1.141 1.276 1.411 1.542
0.411 0.452 0.494 0.536 0.577 0.618 0.658 0.699 0.740 0.781 0.817 0.809 0.802 0.797 0.794 0.792 0.793 0.795 0.799 0.805 0.812 0.822 0.836 0.898 0.962 1.028 1.096 1.167 1.239 1.315 1.392 1.472 1.553 1.638 1.723 1.760 1.795 1.827 1.856 1.882 1.905 1.926 1.944 1.959 1.971 1.981 1.988 1.878 1.768 1.656 1.545 1.432 1.319 1.206 1.092 0.977 0.861 0.745 0.629 0.652 0.680 0.707 0.732 0.755 0.777 0.798 0.817 0.833 0.850 0.869 0.890 1.013 1.142 1.269 1.394 1.516
0.446 0.486 0.527 0.568 0.609 0.650 0.691 0.732 0.773 0.814 0.856 0.855 0.855 0.856 0.859 0.864 0.871 0.880 0.890 0.902 0.916 0.931 0.949 1.014 1.086 1.160 1.236 1.315 1.396 1.479 1.564 1.651 1.741 1.833 1.928 1.963 1.988 2.010 2.029 2.045 2.059 2.070 2.078 2.083 2.086 2.085 2.082 1.986 1.873 1.760 1.646 1.531 1.416 1.300 1.184 1.067 0.950 0.832 0.713 0.711 0.723 0.732 0.743 0.757 0.773 0.791 0.811 0.834 0.858 0.886 0.915 1.019 1.141 1.260 1.378 1.493
0.476 0.517 0.558 0.600 0.641 0.682 0.723 0.764 0.806 0.847 0.889 0.900 0.906 0.914 0.923 0.934 0.947 0.962 0.978 0.997 1.017 1.039 1.062 1.128 1.208 1.290 1.374 1.460 1.549 1.640 1.733 1.829 1.926 2.026 2.129 2.168 2.183 2.195 2.205 2.211 2.215 2.216 2.214 2.210 2.202 2.192 2.179 2.094 1.979 1.863 1.747 1.631 1.513 1.369 1.223 1.082 0.945 0.812 0.682 0.651 0.666 0.683 0.702 0.723 0.747 0.773 0.802 0.832 0.865 0.900 0.938 1.027 1.141 1.254 1.364 1.472
0.507 0.548 0.590 0.631 0.672 0.714 0.755 0.797 0.838 0.880 0.922 0.943 0.955 0.969 0.985 1.002 1.021 1.042 1.065 1.090 1.116 1.144 1.174 1.239 1.327 1.417 1.509 1.603 1.700 1.799 1.900 2.003 2.109 2.217 2.327 2.376 2.381 2.384 2.383 2.380 2.374 2.365 2.354 2.339 2.322 2.302 2.232 2.111 1.955 1.804 1.656 1.513 1.374 1.238 1.107 0.980 0.857 0.738 0.623 0.584 0.606 0.631 0.659 0.688 0.720 0.754 0.790 0.829 0.869 0.912 0.958 1.037 1.144 1.249 1.352 1.453
0.538 0.579 0.621 0.662 0.704 0.746 0.787 0.829 0.871 0.913 0.954 0.984 1.002 1.022 1.044 1.068 1.093 1.121 1.150 1.180 1.213 1.247 1.283 1.348 1.444 1.541 1.641 1.744 1.848 1.955 2.064 2.175 2.289 2.405 2.523 2.586 2.582 2.574 2.556 2.490 2.423 2.354 2.285 2.214 2.143 2.070 1.996 1.891 1.750 1.612 1.479 1.350 1.225 1.104 0.987 0.874 0.765 0.660 0.560 0.514 0.545 0.578 0.613 0.650 0.690 0.732 0.776 0.823 0.872 0.923 0.976 1.049 1.149 1.247 1.342 1.436
0.569 0.610 0.652 0.694 0.735 0.777 0.819 0.861 0.903 0.945 0.987 1.023 1.047 1.074 1.102 1.132 1.163 1.197 1.232 1.269 1.308 1.349 1.391 1.454 1.558 1.663 1.771 1.881 1.994 2.109 2.225 2.334 2.413 2.482 2.541 2.556 2.489 2.421 2.352 2.282 2.211 2.139 2.065 1.991 1.916 1.839 1.761 1.667 1.540 1.417 1.298 1.183 1.073 0.966 0.863 0.764 0.670 0.579 0.493 0.443 0.481 0.522 0.565 0.611 0.658 0.708 0.760 0.815 0.872 0.931 0.992 1.063 1.155 1.246 1.334 1.421
0.599 0.641 0.683 0.725 0.767 0.809 0.851 0.893 0.935 0.977 1.020 1.060 1.090 1.123 1.157 1.194 1.232 1.271 1.313 1.356 1.401 1.448 1.496 1.558 1.673 1.786 1.890 1.983 2.067 2.141 2.205 2.259 2.304 2.338 2.363 2.364 2.294 2.222 2.149 2.076 2.001 1.925 1.847 1.769 1.690 1.609 1.528 1.440 1.327 1.218 1.114 1.013 0.916 0.824 0.735 0.651 0.570 0.494 0.422 0.369 0.416 0.464 0.515 0.569 0.624 0.682 0.742 0.805 0.869 0.936 1.006 1.079 1.164 1.247 1.328 1.407
0.629 0.671 0.714 0.756 0.798 0.840 0.882 0.925 0.967 1.010 1.052 1.095 1.132 1.171 1.211 1.254 1.298 1.365 1.441 1.513 1.580 1.644 1.703 1.760 1.849 1.927 1.996 2.056 2.105 2.144 2.174 2.194 2.204 2.205 2.195 2.175 2.100 2.025 1.948 1.871 1.792 1.712 1.631 1.549 1.465 1.381 1.296 1.209 1.110 1.016 0.925 0.839 0.756 0.678 0.604 0.533 0.467 0.405 0.347 0.293 0.348 0.405 0.464 0.525 0.588 0.654 0.722 0.792 0.865 0.940 1.017 1.096 1.175 1.250 1.324 1.396
0.660 0.702 0.744 0.787 0.829 0.871 0.914 0.957 0.999 1.042 1.127 1.220 1.307 1.389 1.467 1.541 1.610 1.676 1.737 1.795 1.848 1.897 1.942 1.982 2.034 2.079 2.113 2.138 2.153 2.158 2.154 2.140 2.115 2.081 2.038 1.984 1.908 1.829 1.748 1.667 1.584 1.501 1.416 1.330 1.243 1.154 1.065 0.975 0.890 0.809 0.733 0.661 0.593 0.528 0.468 0.412 0.360 0.312 0.268 0.229 0.278 0.342 0.409 0.479 0.550 0.624 0.700 0.778 0.859 0.941 1.026 1.114 1.187 1.256 1.322 1.388
0.690 0.732 0.775 0.876 0.976 1.073 1.169 1.263 1.355 1.445 1.534 1.620 1.695 1.762 1.826 1.885 1.940 1.991 2.038 2.081 2.119 2.154 2.184 2.210 2.230 2.240 2.240 2.231 2.212 2.183 2.144 2.095 2.037 1.968 1.891 1.803 1.718 1.634 1.550 1.465 1.378 1.291 1.202 1.112 1.021 0.929 0.836 0.742 0.666 0.599 0.537 0.479 0.425 0.375 0.329 0.287 0.250 0.216 0.186 0.160 0.206 0.278 0.353 0.430 0.510 0.591 0.675 0.781 0.904 1.006 1.086 1.145 1.204 1.267 1.329 1.389
1.041 1.139 1.236 1.331 1.424 1.515 1.604 1.691 1.776 1.860 1.942 2.021 2.086 2.139 2.188 2.233 2.273 2.310 2.342 2.371 2.395 2.415 2.430 2.442 2.436 2.411 2.377 2.334 2.280 2.217 2.144 2.061 1.968 1.866 1.754 1.632 1.528 1.441 1.353 1.264 1.174 1.082 0.990 0.896 0.801 0.705 0.608 0.510 0.438 0.386 0.338 0.294 0.254 0.218 0.186 0.159 0.135 0.115 0.100 0.088 0.199 0.398 0.575 0.730 0.864 0.977 1.068 1.137 1.186 1.212 1.218 1.202 1.224 1.281 1.337 1.391
1.517 1.609 1.699 1.787 1.873 1.958 2.040 2.121 2.199 2.276 2.351 2.424 2.482 2.520 2.555 2.585 2.611 2.633 2.651 2.664 2.674 2.679 2.681 2.678 2.651 2.593 2.525 2.446 2.359 2.261 2.154 2.037 1.910 1.773 1.627 1.471 1.340 1.250 1.158 1.064 0.970 0.875 0.779 0.681 0.583 0.483 0.382 0.280 0.206 0.168 0.134 0.105 0.079 0.185 0.358 0.515 0.657 0.784 0.895 0.991 1.100 1.223 1.325 1.406 1.465 1.502 1.519 1.513 1.487 1.439 1.369 1.278 1.245 1.296 1.347 1.395
1.995 2.080 2.163 2.245 2.324 2.402 2.478 2.551 2.623 2.694 2.762 2.828 2.881 2.905 2.925 2.941 2.952 2.960 2.963 2.962 2.957 2.948 2.935 2.918 2.877 2.784 2.682 2.569 2.447 2.316 2.174 2.023 1.862 1.691 1.510 1.320 1.154 1.059 0.963 0.867 0.769 0.669 0.569 0.468 0.366 0.262 0.336 0.489 0.673 0.868 1.048 1.213 1.362 1.496 1.615 1.719 1.807 1.880 1.937 1.980 2.020 2.068 2.095 2.101 2.085 2.048 1.990 1.910 1.808 1.685 1.541 1.376 1.267 1.313 1.358 1.401
2.474 2.552 2.629 2.704 2.777 2.848 2.917 2.984 3.049 3.113 3.174 3.234 3.285 3.294 3.300 3.301 3.298 3.291 3.279 3.264 3.245 3.221 3.193 3.162 3.112 2.985 2.849 2.702 2.546 2.380 2.204 2.019 1.824 1.619 1.404 1.180 0.969 0.870 0.771 0.804 0.876 0.971 1.090 1.232 1.396 1.584 1.795 2.028 2.265 2.407 2.533 2.644 2.740 2.820 2.886 2.935 2.970 2.989 2.993 2.982 2.959 2.933 2.885 2.816 2.725 2.613 2.480 2.326 2.149 1.952 1.733 1.493 1.291 1.332 1.370 1.407
2.955 3.026 3.096 3.164 3.230 3.295 3.357 3.418 3.476 3.533 3.588 3.641 3.692 3.687 3.678 3.664 3.647 3.625 3.600 3.570 3.536 3.498 3.456 3.410 3.358 3.197 3.026 2.845 2.655 2.455 2.245 2.026 1.867 1.720 1.585 1.462 1.354 1.438 1.545 1.675 1.827 2.003 2.202 2.424 2.669 2.937 3.228 3.542 3.870 3.958 4.031 4.089 4.131 4.158 4.169 4.166 4.147 4.112 4.063 3.998 3.918 3.817 3.694 3.550 3.385 3.199 2.991 2.761 2.511 2.239 1.945 1.630 1.317 1.352 1.385 1.416
3.448 3.501 3.565 3.626 3.685 3.743 3.799 3.853 3.905 3.955 4.003 4.050 4.094 4.084 4.060 4.032 4.000 3.964 3.924 3.880 3.831 3.779 3.722 3.661 3.594 3.409 3.221 3.043 2.878 2.725 2.584 2.454 2.337 2.231 2.137 2.056 1.986 2.124 2.311 2.521 2.754 3.010 3.290 3.592 3.917 4.265 4.637 5.031 5.449 5.523 5.543 5.546 5.535 5.508 5.466 5.409 5.337 5.249 5.146 5.028 4.894 4.720 4.523 4.305 4.065 3.804 3.521 3.217 2.892 2.545 2.177 1.788 1.377 1.373 1.400 1.426
3.934 3.978 4.034 4.089 4.142 4.193 4.242 4.289 4.335 4.378 4.420 4.460 4.497 4.484 4.446 4.404 4.357 4.302 4.231 4.156 4.076 3.993 3.905 3.813 3.717 3.575 3.428 3.292 3.169 3.057 2.957 2.869 2.793 2.729 2.677 2.636 2.608 2.785 3.052 3.343 3.656 3.993 4.352 4.735 5.140 5.569 6.020 6.495 6.992 7.101 7.067 7.017 6.952 6.872 6.777 6.666 6.540 6.399 6.242 6.071 5.884 5.643 5.372 5.079 4.764 4.428 4.071 3.693 3.293 2.872 2.429 1.965 1.480 1.396 1.417 1.437
4.413 4.456 4.506 4.554 4.600 4.644 4.687 4.727 4.766 4.803 4.836 4.859 4.869 4.834 4.765 4.692 4.615 4.533 4.448 4.358 4.263 4.165 4.062 3.955 3.843 3.729 3.623 3.529 3.447 3.376 3.318 3.271 3.237 3.214 3.203 3.204 3.217 3.422 3.769 4.140 4.534 4.951 5.390 5.853 6.339 6.847 7.379 7.934 8.511 8.692 8.605 8.501 8.383 8.249 8.100 7.936 7.757 7.562 7.352 7.127 6.887 6.586 6.240 5.872 5.483 5.073 4.641 4.188 3.714 3.218 2.701 2.163 1.603 1.420 1.436 1.469
4.887 4.935 4.979 5.041 5.105 5.157 5.198 5.226 5.242 5.246 5.239 5.219 5.187 5.130 5.046 4.958 4.866 4.770 4.669 4.564 4.454 4.341 4.223 4.101 3.975 3.869 3.805 3.752 3.712 3.683 3.666 3.661 3.668 3.686 3.717 3.759 3.814 4.034 4.462 4.913 5.387 5.884 6.404 6.946 7.512 8.101 8.713 9.347 10.005 10.297 10.155 9.999 9.827 9.640 9.437 9.220 8.987 8.739 8.476 8.197 7.903 7.548 7.127 6.685 6.222 5.737 5.231 4.703 4.132 3.530 2.946 2.379 1.830 1.635 1.762 1.913
5.569 5.670 5.716 5.750 5.772 5.783 5.781 5.767 5.741 5.703 5.653 5.591 5.517 5.430 5.331 5.229 5.121 5.010 4.894 4.774 4.650 4.521 4.389 4.252 4.110 3.997 3.974 3.963 3.964 3.977 4.001 4.037 4.086 4.146 4.218 4.302 4.397 4.622 5.130 5.661 6.215 6.792 7.392 8.015 8.661 9.330 10.021 10.736 11.474 11.914 11.719 11.509 11.284 11.043 10.787 10.516 10.230 9.929 9.612 9.280 8.933 8.434 7.771 7.125 6.497 5.886 5.293 4.717 4.158 3.617 3.094 2.587 2.099 1.888 2.099 2.334
6.351 6.476 6.480 6.472 6.452 6.420 6.376 6.320 6.252 6.172 6.080 5.976 5.860 5.735 5.621 5.503 5.381 5.254 5.124 4.989 4.850 4.706 4.559 4.407 4.250 4.113 4.131 4.161 4.204 4.258 4.324 4.401 4.491 4.592 4.706 4.831 4.968 5.186 5.774 6.385 7.019 7.676 8.356 9.059 9.785 10.534 11.305 12.100 12.918 13.544 13.296 13.032 12.754 12.460 12.032 11.505 10.962 10.404 9.831 9.242 8.637 8.020 7.418 6.833 6.265 5.715 5.182 4.666 4.168 3.688 3.225 2.779 2.351 2.119 2.414 2.732
7.126 7.278 7.256 7.206 7.144 7.070 6.984 6.886 6.776 6.654 6.520 6.374 6.216 6.046 5.914 5.782 5.645 5.503 5.358 5.208 5.054 4.895 4.733 4.566 4.395 4.219 4.275 4.347 4.431 4.526 4.633 4.752 4.883 5.026 5.181 5.347 5.526 5.725 6.393 7.084 7.799 8.536 9.295 10.078 10.884 11.713 12.564 13.312 14.009 14.643 14.139 13.620 13.085 12.535 11.969 11.388 10.791 10.180 9.552 8.910 8.252 7.590 7.048 6.524 6.016 5.527 5.054 4.599 4.162 3.742 3.339 2.954 2.586 2.327 2.705 3.108
