DATA/SHG/ECMWF/20170628/EN-14/20170708.en-14.asc
ncols        190
nrows        64
xllcorner    -5100000.000000000000
yllcorner    4130000.000000000000
cellsize     10000.000000000000
NODATA_value  -99999.000
[rows 32 to 63 of 64, columns 72 to 143 of 190]
15.677 15.935 16.301 16.653 16.991 17.314 17.623 17.917 18.197 18.463 18.714 18.951 19.173 19.636 21.433 23.328 25.321 27.413 29.603 31.892 34.279 36.764 39.297 41.861 44.503 46.684 47.048 47.404 47.753 48.095 48.429 48.755 49.074 49.385 49.689 49.986 50.275 50.054 48.862 47.629 46.355 45.039 43.682 42.283 40.843 39.569 38.605 37.225 35.430 34.444 34.714 34.963 35.189 35.394 35.577 35.737 35.876 35.994 36.089 36.162 36.214 35.391 33.924 32.392 30.795 29.132 27.405 25.612 23.754 21.832 19.844 17.791
16.917 17.207 17.523 17.825 18.113 18.386 18.645 18.889 19.119 19.334 19.536 19.722 19.895 20.124 22.262 24.498 26.833 29.267 31.798 34.428 37.156 39.983 42.858 45.767 48.754 51.539 51.869 52.192 52.507 52.815 53.115 53.408 53.693 53.971 54.241 54.504 55.296 57.492 58.010 58.112 57.800 57.072 55.929 54.372 52.399 50.011 47.208 43.990 40.356 37.846 38.019 38.171 38.300 38.408 38.493 38.557 38.599 38.619 38.618 38.594 38.549 37.702 35.946 34.126 32.240 30.290 28.274 26.194 24.048 21.837 19.561 17.220
18.142 18.481 18.757 19.009 19.246 19.470 19.678 19.873 20.053 20.218 20.369 20.506 20.629 20.737 22.999 25.577 28.253 31.028 33.900 36.871 39.941 43.108 46.327 49.580 52.912 56.321 56.693 57.364 59.541 61.815 64.186 66.655 69.221 71.884 74.645 77.504 80.459 83.072 81.750 80.014 77.862 75.296 72.315 68.919 65.108 60.882 56.242 51.187 45.717 41.267 41.343 41.397 41.430 41.440 41.429 41.396 41.341 41.265 41.166 41.046 40.903 40.076 38.032 35.924 33.751 31.512 29.209 26.840 24.407 21.908 19.345 16.716
19.353 19.740 20.003 20.205 20.392 20.565 20.724 20.868 20.998 21.114 21.215 21.302 21.375 21.433 23.646 26.565 29.582 32.697 35.911 39.963 45.306 50.858 56.358 61.773 67.353 73.099 76.027 78.535 81.140 83.842 86.642 89.539 92.534 95.625 98.814 102.101 105.484 108.965 105.912 102.337 98.348 93.944 89.126 83.893 78.246 72.184 65.707 58.816 51.511 44.706 44.686 44.643 44.579 44.492 44.384 44.254 44.103 43.929 43.734 43.516 43.277 42.514 40.183 37.787 35.325 32.799 30.208 27.552 24.831 22.045 19.194 16.278
20.548 20.984 21.261 21.412 21.550 21.673 21.782 21.876 21.956 22.022 22.073 22.110 22.786 24.336 28.061 33.082 38.312 43.751 49.399 55.256 61.322 67.597 73.825 79.971 86.282 92.759 96.633 99.570 102.603 105.734 108.962 112.287 115.709 119.229 122.846 126.560 130.371 134.280 130.494 125.083 119.257 113.017 106.363 99.295 91.812 83.915 75.604 66.878 57.738 48.184 48.047 47.908 47.746 47.563 47.358 47.132 46.883 46.613 46.321 46.007 45.671 45.016 42.397 39.714 36.965 34.151 31.272 28.329 25.320 22.247 19.108 15.905
21.728 22.213 22.530 22.632 22.719 23.226 24.237 25.400 26.716 28.184 29.804 31.577 33.501 35.579 39.530 45.275 51.228 57.390 63.761 70.340 77.129 84.126 91.081 97.958 105.000 112.208 117.105 120.469 123.931 127.489 131.145 134.898 138.748 142.695 146.740 150.881 155.120 159.456 155.497 148.250 140.589 132.515 124.026 115.123 105.806 96.075 85.930 75.371 64.398 53.011 51.427 51.191 50.933 50.653 50.351 50.028 49.683 49.316 48.927 48.516 48.084 47.583 44.676 41.705 38.668 35.567 32.401 29.170 25.875 22.514 19.088 15.598
24.317 25.372 26.401 27.482 28.716 30.102 31.640 33.330 35.172 37.167 39.314 41.613 44.064 46.667 50.794 57.261 63.937 70.821 77.914 85.216 92.727 100.446 108.127 115.735 123.508 131.446 137.442 141.234 145.123 149.109 153.193 157.373 161.651 166.025 170.497 175.066 179.732 184.495 180.920 171.839 162.344 152.436 142.113 131.377 120.227 108.664 96.686 84.295 71.490 58.272 54.826 54.493 54.139 53.762 53.364 52.944 52.502 52.038 51.553 51.045 50.516 49.965 47.019 43.760 40.436 37.048 33.595 30.077 26.494 22.846 19.134 15.356
29.351 30.402 31.545 33.153 34.914 36.826 38.891 41.108 43.477 45.998 48.671 51.496 54.473 57.603 61.851 69.041 76.439 84.045 91.860 99.884 108.116 116.557 124.964 133.302 141.805 150.472 157.644 161.864 166.180 170.594 175.104 179.712 184.417 189.219 194.117 199.113 204.206 209.396 206.764 195.850 184.522 172.781 160.626 148.058 135.076 121.681 107.873 93.650 79.015 63.966 58.244 57.815 57.363 56.890 56.395 55.878 55.340 54.780 54.198 53.594 52.968 52.321 49.425 45.879 42.269 38.594 34.720 30.562 26.496 22.521 18.639 14.848
34.380 35.427 36.540 38.675 40.962 43.401 45.992 48.735 51.630 54.677 57.876 61.227 64.730 68.385 72.703 80.615 88.734 97.063 105.599 114.344 123.298 132.460 141.592 150.659 159.891 169.289 177.712 182.359 187.102 191.943 196.881 201.915 207.047 212.276 217.601 223.024 228.544 234.160 233.027 220.281 207.122 193.549 179.563 165.164 150.352 135.126 119.488 103.436 86.971 70.092 61.681 61.155 60.607 60.037 59.446 58.832 58.197 57.356 55.857 54.330 52.777 51.197 47.841 43.720 39.690 35.753 31.907 28.153 24.490 20.920 17.441 14.054
39.403 40.446 41.489 44.046 46.860 49.825 52.942 56.210 59.631 63.204 66.928 70.805 74.833 79.013 83.350 91.983 100.824 109.873 119.131 128.597 138.271 148.153 158.010 167.807 177.768 187.895 197.646 202.719 207.890 213.158 218.522 223.983 229.542 235.197 240.949 246.798 252.744 258.787 259.710 245.133 230.143 214.740 198.925 182.696 166.054 149.000 131.532 113.651 95.115 75.418 63.408 61.978 60.520 59.036 57.526 55.989 54.425 52.834 51.217 49.573 47.902 46.205 43.324 39.607 35.981 32.447 29.005 25.655 22.396 19.229 16.154 13.171
44.420 45.460 46.499 49.269 52.608 56.099 59.741 63.536 67.482 71.580 75.829 80.231 84.784 89.490 94.347 103.146 112.708 122.478 132.456 142.642 153.037 163.639 174.221 184.746 195.436 206.291 217.310 222.946 228.543 234.237 240.028 245.916 251.901 257.983 264.161 270.436 276.808 283.277 286.812 269.831 247.957 226.556 205.629 185.175 165.195 145.689 126.656 108.097 90.012 72.400 59.741 58.193 56.619 55.017 53.389 51.735 50.053 48.345 46.610 44.849 43.061 41.246 38.720 35.406 32.184 29.054 26.015 23.068 20.213 17.450 14.778 12.198
49.432 50.468 51.503 54.342 58.206 62.222 66.390 70.710 75.181 79.804 84.579 89.505 94.583 99.813 105.195 114.104 124.386 134.876 145.574 156.481 167.595 178.917 190.223 201.476 212.894 224.477 236.224 243.039 249.062 255.183 261.129 262.000 262.795 263.514 264.159 264.727 265.220 265.638 265.738 245.476 225.687 206.372 187.530 169.161 151.266 133.843 116.895 100.419 84.417 68.889 56.108 54.442 52.750 51.031 49.286 47.514 45.715 43.889 42.037 40.159 38.253 36.321 34.028 31.118 28.299 25.572 22.937 20.393 17.941 15.581 13.312 11.135
54.438 55.470 56.502 59.266 63.655 68.197 72.889 77.734 82.730 87.878 93.177 98.628 104.230 109.984 115.890 124.857 135.859 147.069 158.487 170.112 181.946 193.987 201.950 209.425 216.615 223.520 230.140 232.509 233.276 233.969 234.585 235.127 235.592 235.983 236.297 236.537 236.701 236.789 236.802 220.642 202.938 185.706 168.948 152.663 136.850 121.511 106.645 92.252 78.332 64.885 52.507 50.724 48.914 47.078 45.215 43.326 41.410 39.467 37.498 35.502 33.479 31.430 29.250 26.743 24.327 22.003 19.771 17.630 15.581 13.623 11.757 9.982
59.438 60.467 61.495 64.041 68.955 74.021 79.239 84.608 90.128 95.800 101.624 107.599 113.725 120.003 126.433 132.475 140.517 148.199 155.521 162.483 169.084 175.326 181.531 187.753 193.689 199.341 204.707 207.068 207.506 207.869 208.157 208.369 208.506 208.567 208.552 208.463 208.298 208.057 207.741 195.329 179.708 164.559 149.883 135.680 121.950 108.692 95.908 83.596 71.757 60.390 49.497 47.038 45.111 43.158 41.178 39.171 37.138 35.078 32.991 30.878 28.738 26.572 24.384 22.279 20.267 18.346 16.516 14.778 13.131 11.576 10.113 8.741
64.434 65.459 66.483 68.667 74.106 79.696 85.438 91.331 95.354 99.213 102.943 106.546 110.019 113.365 116.581 121.085 127.887 134.330 140.412 146.134 151.497 156.499 161.458 166.427 171.110 175.508 179.622 181.742 181.851 181.885 181.844 181.727 181.534 181.266 180.923 180.505 180.011 179.441 178.797 169.538 155.998 142.931 130.336 118.214 106.565 95.387 84.683 74.451 64.691 55.404 46.589 43.385 41.341 39.270 37.173 35.049 32.899 30.721 28.518 26.287 24.030 21.747 19.437 17.729 16.119 14.600 13.173 11.837 10.593 9.441 8.379 7.410
69.381 69.085 68.784 69.081 73.140 77.071 80.873 84.547 88.093 91.510 94.800 97.960 100.993 103.897 106.672 110.035 115.598 120.801 125.644 130.128 134.252 138.016 141.730 145.446 148.877 152.023 154.885 156.530 156.311 156.015 155.645 155.199 154.678 154.081 153.410 152.662 151.840 150.942 149.969 143.268 131.809 120.822 110.307 100.265 90.695 81.597 72.971 64.817 57.136 49.927 43.190 39.765 37.604 35.416 33.201 30.960 28.693 26.398 24.078 21.730 19.356 16.955 14.528 13.091 11.883 10.767 9.742 8.809 7.967 7.216 6.557 5.989
65.091 64.780 64.464 64.154 67.772 71.261 74.622 77.854 80.959 83.935 86.783 89.502 92.094 94.557 96.892 99.324 103.648 107.613 111.218 114.464 117.350 119.877 122.346 124.810 126.990 128.885 130.495 131.433 130.884 130.260 129.561 128.787 127.937 127.012 126.011 124.936 123.785 122.558 121.257 116.521 107.141 98.233 89.797 81.833 74.341 67.320 60.772 54.696 49.092 43.959 39.299 36.177 33.899 31.594 29.262 26.904 24.520 22.108 19.670 17.206 14.715 12.197 9.653 8.366 7.561 6.846 6.223 5.692 5.252 4.903 4.712 4.696
60.811 60.484 60.153 59.817 62.529 65.576 68.496 71.288 73.951 76.486 78.893 81.172 83.322 85.345 87.239 89.005 92.038 94.765 97.133 99.142 100.791 102.082 103.306 104.520 105.448 106.093 106.452 106.449 105.572 104.619 103.591 102.488 101.310 100.057 98.728 97.324 95.845 94.290 92.660 89.296 81.994 75.163 68.805 62.918 57.503 52.559 48.087 44.087 40.558 37.501 34.916 32.622 30.227 27.805 25.356 22.881 20.379 17.851 15.296 12.715 10.107 7.619 5.600 4.872 4.895 4.904 4.897 4.875 4.838 4.786 4.719 4.636
56.540 56.198 55.852 55.501 57.411 60.018 62.496 64.847 67.069 69.164 71.130 72.968 74.678 76.260 77.714 79.040 80.767 82.257 83.388 84.161 84.574 84.628 84.610 84.573 84.252 83.646 82.756 81.582 80.373 79.092 77.736 76.305 74.798 73.216 71.560 69.827 68.020 66.138 64.180 61.593 56.368 51.614 47.332 43.521 40.181 37.313 34.916 32.991 31.537 30.554 30.043 29.100 26.732 25.421 23.956 22.337 20.564 18.637 16.557 14.322 11.933 9.390 6.693 5.361 5.318 5.259 5.186 5.097 4.994 4.875 4.741 4.592
52.278 51.921 51.560 51.194 52.418 54.584 56.622 58.532 60.314 61.968 63.494 64.891 66.161 67.303 68.317 69.203 69.834 70.088 69.984 69.521 68.699 67.518 66.257 64.970 63.400 61.545 59.406 56.983 55.287 53.678 51.994 50.235 48.400 46.491 44.506 42.446 40.310 38.100 35.814 33.414 30.264 27.586 25.378 23.704 24.840 26.146 27.621 29.265 31.079 33.062 35.214 36.593 34.758 32.769 30.626 28.329 25.879 23.274 20.516 17.603 14.537 11.317 7.943 5.864 5.755 5.630 5.490 5.335 5.164 4.979 4.778 4.562
48.026 47.654 47.278 46.897 47.550 49.276 50.873 52.343 53.684 54.898 55.984 56.941 57.771 58.473 59.047 59.493 59.240 58.259 56.919 55.221 53.164 50.749 48.246 45.711 42.892 39.789 36.401 32.730 30.315 28.378 26.366 24.279 22.116 19.879 17.566 18.119 18.797 19.421 19.989 20.502 21.652 23.025 24.567 26.279 28.160 30.209 32.429 34.817 37.375 40.102 42.998 45.449 42.936 40.270 37.449 34.475 31.347 28.065 24.630 21.040 17.297 13.400 9.349 6.383 6.207 6.015 5.808 5.587 5.350 5.098 4.831 4.548
43.783 43.396 43.005 42.609 42.807 44.093 45.250 46.279 47.181 47.954 48.600 49.118 49.508 49.770 49.905 49.911 48.984 46.768 44.194 41.262 37.971 34.322 30.578 26.795 22.728 18.377 16.151 14.360 14.187 15.009 15.776 16.488 17.145 17.746 18.292 18.783 19.219 19.600 19.926 20.196 21.810 23.927 26.213 28.669 31.294 34.088 37.051 40.183 43.484 46.955 50.595 54.404 51.267 47.923 44.425 40.774 36.969 33.010 28.898 24.632 20.212 15.638 10.911 6.916 6.673 6.415 6.142 5.854 5.550 5.232 4.898 4.549
39.549 39.147 38.741 38.330 38.189 39.034 39.751 40.341 40.803 41.137 41.343 41.421 41.372 41.195 40.890 40.457 39.066 35.616 32.913 30.799 28.785 26.872 25.043 23.283 21.602 20.001 18.480 17.038 16.609 17.189 17.713 18.182 18.596 18.955 19.259 19.507 19.701 19.839 19.923 19.951 21.784 24.645 27.675 30.874 34.243 37.780 41.487 45.362 49.407 53.621 58.004 62.556 59.749 55.729 51.554 47.226 42.745 38.109 33.321 28.378 23.282 18.032 12.629 7.465 7.155 6.831 6.491 6.136 5.766 5.381 4.981 4.565
35.325 34.908 34.486 34.060 33.695 34.101 34.378 34.528 34.550 34.445 34.211 34.444 34.916 35.374 35.817 36.247 36.201 34.232 32.364 30.596 28.929 27.362 25.881 24.470 23.139 21.888 20.717 19.625 19.090 19.427 19.708 19.935 20.107 20.223 20.285 20.291 20.242 20.138 19.979 19.765 21.575 25.179 28.953 32.895 37.007 41.287 45.737 50.356 55.143 60.100 65.225 70.520 68.384 63.687 58.836 53.832 48.674 43.362 37.897 32.279 26.507 20.582 14.502 8.270 7.652 7.261 6.854 6.433 5.997 5.545 5.078 4.597
31.109 30.678 30.241 29.800 29.686 30.177 30.686 31.180 31.660 32.126 32.578 33.016 33.439 33.849 34.244 34.625 34.871 33.248 31.725 30.303 28.982 27.761 26.628 25.567 24.585 23.684 22.862 22.120 21.629 21.723 21.763 21.747 21.676 21.551 21.370 21.134 20.843 20.497 20.096 19.640 21.182 25.530 30.047 34.732 39.586 44.610 49.802 55.163 60.693 66.392 72.260 78.296 77.170 71.797 66.270 60.590 54.756 48.769 42.629 36.335 29.887 23.286 16.532 9.624 8.163 7.706 7.233 6.745 6.242 5.724 5.191 4.643
28.523 28.543 28.573 28.613 28.663 29.055 29.515 29.961 30.392 30.810 31.213 31.603 31.978 32.338 32.685 33.018 33.336 32.173 30.997 29.921 28.945 28.070 27.284 26.573 25.941 25.389 24.916 24.523 24.226 24.078 23.875 23.618 23.305 22.937 22.514 22.036 21.503 20.915 20.272 19.574 20.607 25.698 30.957 36.385 41.981 47.747 53.681 59.785 66.057 72.497 79.107 85.886 86.108 80.059 73.857 67.501 60.992 54.330 47.514 40.544 33.422 26.146 18.716 11.134 8.689 8.165 7.626 7.072 6.503 5.918 5.319 4.704
27.352 27.407 27.472 27.547 27.632 27.947 28.358 28.756 29.139 29.508 29.863 30.204 30.530 30.843 31.141 31.425 31.695 31.009 30.178 29.448 28.818 28.288 27.850 27.488 27.205 27.002 26.879 26.835 26.871 26.492 26.047 25.547 24.992 24.382 23.718 22.998 22.223 21.393 20.508 19.568 19.849 25.682 31.683 37.853 44.192 50.700 57.376 64.221 71.234 78.417 85.768 93.288 95.198 88.474 81.596 74.565 67.381 60.044 52.553 44.909 37.111 29.161 21.057 12.799 9.230 8.640 8.030 7.403 6.776 6.151 5.525 4.901
26.172 26.262 26.362 26.472 26.593 26.853 27.216 27.565 27.900 28.221 28.527 28.819 29.097 29.361 29.611 29.847 30.068 29.756 29.271 28.885 28.601 28.416 28.325 28.312 28.379 28.525 28.750 29.056 29.440 28.964 28.277 27.535 26.738 25.887 24.980 24.019 23.002 21.930 20.804 19.622 18.909 25.483 32.226 39.138 46.219 53.468 60.885 68.471 76.226 84.150 92.242 100.503 104.440 97.041 89.488 81.782 73.923 65.745 56.585 47.629 38.877 30.329 21.985 13.844 9.548 8.922 8.297 7.673 7.049 6.426 5.805 5.183
24.984 25.109 25.245 25.390 25.545 25.774 26.089 26.389 26.675 26.948 27.206 27.449 27.679 27.895 28.096 28.283 28.457 28.413 28.273 28.233 28.293 28.454 28.710 29.046 29.462 29.957 30.531 31.185 31.918 31.494 30.565 29.582 28.544 27.450 26.302 25.099 23.840 22.527 21.159 19.736 18.258 25.102 32.586 40.239 48.061 56.051 64.210 72.537 81.001 88.021 94.858 101.510 105.348 96.060 86.976 78.096 69.420 60.947 52.678 44.614 36.752 29.095 21.642 14.392 9.807 9.185 8.563 7.942 7.321 6.701 6.083 5.464
23.789 23.949 24.119 24.299 24.489 24.709 24.975 25.227 25.465 25.689 25.899 26.094 26.275 26.443 26.596 26.735 26.859 26.981 27.186 27.491 27.897 28.402 29.005 29.690 30.454 31.298 32.221 33.223 34.305 34.083 32.912 31.687 30.407 29.072 27.683 26.238 24.738 23.183 21.574 19.909 18.128 24.140 31.644 38.965 46.101 53.054 59.823 66.408 72.809 79.026 85.059 90.908 95.890 87.494 79.301 71.312 63.527 55.945 48.567 41.393 34.423 27.656 21.093 14.734 10.066 9.446 8.828 8.209 7.592 6.976 6.360 5.745
22.584 22.779 22.985 23.200 23.425 23.659 23.876 24.080 24.269 24.445 24.606 24.753 24.886 25.005 25.110 25.200 25.277 25.460 26.010 26.660 27.410 28.260 29.210 30.243 31.356 32.548 33.819 35.170 36.600 36.730 35.318 33.613 31.838 30.060 28.277 26.490 24.698 22.902 21.102 19.298 17.489 21.772 28.473 34.990 41.323 47.473 53.438 59.220 64.818 70.232 75.463 80.509 85.372 78.726 71.424 64.326 57.431 50.740 44.252 37.968 31.888 26.011 20.338 14.869 10.324 9.707 9.091 8.476 7.862 7.249 6.636 6.024
21.372 21.602 21.842 22.092 22.353 22.622 22.792 22.947 23.088 23.215 23.328 23.427 23.511 23.582 23.638 23.681 23.709 23.850 24.744 25.739 26.833 28.028 29.328 30.621 31.884 33.116 34.318 35.489 36.629 36.729 34.944 33.154 31.361 29.563 27.760 25.954 24.143 22.327 20.507 18.683 16.855 19.603 25.501 31.215 36.745 42.092 47.255 52.235 57.030 61.642 66.070 70.314 74.375 69.757 63.345 57.137 51.132 45.331 39.733 34.339 29.149 24.161 19.378 14.798 10.581 9.967 9.354 8.743 8.131 7.521 6.911 6.302
