DATA/RAW-RASTER/ECMWF/20170628/EN-38/20170709.en-38.asc
ncols			31
nrows			16
xllcorner		69.5
yllcorner		19.5
cellsize		1.0
NODATA_value	-99999
0.76294 2.17438 2.06757 1.31226 0.00000 0.00763 0.00000 0.00000 0.07629 1.25885 0.77057 0.00763 0.00763 0.00000 0.00000 0.02289 0.04578 0.32043 0.79346 0.96893 0.93842 1.00708 0.86212 0.40436 0.60272 0.62561 0.67902 1.00708 1.09863 0.32043 0.45013
0.53406 0.90790 9.21631 5.35583 3.68500 0.07629 0.09155 0.25177 0.25940 0.56458 1.57928 0.16785 0.04578 0.06104 0.00763 0.00000 0.00763 0.09155 0.13733 1.23596 0.13733 0.28992 1.08337 0.51880 0.28229 0.43488 0.33569 0.46539 0.86975 0.22125 0.17548
1.01471 3.36456 3.12805 6.65283 8.50677 7.07245 4.28009 0.08392 1.02234 2.58636 2.43378 0.50354 0.00763 0.00000 0.00000 0.03052 0.00000 0.04578 0.00000 0.00763 0.14496 0.03052 0.13733 0.54932 0.41962 0.12207 0.50354 1.25885 1.22070 0.57220 0.65613
0.25940 0.00000 0.00763 1.67847 6.56891 21.81244 5.02014 3.26538 0.13733 7.58362 2.18201 0.07629 0.04578 0.11444 0.02289 0.00000 0.00000 0.00763 0.02289 0.00000 0.03815 0.25177 1.10626 0.64087 0.42725 1.67847 1.65558 0.77057 0.76294 2.01416 0.57220
1.29700 0.00000 0.06866 0.00000 0.02289 2.89917 12.84790 2.83813 6.49261 1.41144 4.25720 1.40381 2.60925 1.24359 0.00000 0.40436 0.04578 0.06866 0.28992 0.45013 2.51770 1.79291 3.37219 1.28937 4.91333 7.72858 4.82178 5.56183 1.38092 1.21307 0.45776
0.74005 0.00000 0.00000 0.00000 0.00000 0.13733 2.60925 14.54926 6.23322 15.31982 17.86804 10.71167 10.47516 3.37219 1.05286 0.85449 1.03760 1.73950 3.76892 3.62396 3.74603 4.40216 12.53510 4.32587 6.68335 5.73730 1.08337 8.39996 4.18091 2.96783 1.30463
0.00000 0.00000 0.00000 0.00000 0.03052 0.03052 0.28229 3.91388 18.81409 6.65283 9.45282 38.51318 14.53400 13.27515 10.60486 4.28772 4.98962 3.95203 3.25775 11.55853 11.35254 14.76288 9.55200 21.86584 16.86859 5.91278 6.68335 4.18091 14.20593 6.82831 10.61249
0.00000 0.00000 0.00763 0.00763 0.00763 0.02289 0.37384 1.34277 18.23425 27.96173 18.08167 17.99774 8.02612 11.90186 11.61957 6.05011 21.47675 12.32147 8.84247 9.48334 2.63214 10.65063 4.87518 27.71759 19.22607 36.30829 27.27509 2.00653 4.46320 4.85992 6.29425
0.00000 0.00000 0.00000 0.00000 0.00000 0.16785 0.64087 0.54932 1.59454 14.57214 9.23157 14.62555 3.56293 8.23975 9.20105 12.94708 13.13019 3.08990 6.18744 21.20972 27.48108 110.16846 23.01788 12.64191 12.90131 7.45392 9.83429 8.09479 10.68878 2.51770 0.86975
0.00000 0.00000 0.60272 0.79346 0.33569 0.00000 0.06104 0.81635 0.90027 0.55695 2.88391 17.34161 9.31549 7.75909 11.68823 13.80157 14.21356 12.34436 12.90131 16.35742 9.17816 8.34656 15.04517 12.51984 19.46259 6.30188 8.36945 5.58472 26.39008 0.32043 2.50244
0.91553 1.42670 1.67084 1.06049 0.03815 0.03815 0.03052 0.00000 0.59509 0.14496 5.91278 13.32855 17.49420 14.33563 20.84351 7.31659 7.44629 3.46375 14.56451 14.36615 17.51709 19.65332 31.31866 10.38361 3.44849 17.46368 69.00024 31.65436 23.42987 1.65558 2.29645
1.04523 1.22833 0.93079 1.69373 1.03760 0.25177 0.03815 0.38910 2.58636 1.78528 0.21362 1.68610 7.48444 5.68390 11.73401 10.56671 8.00323 3.55530 7.44629 7.20978 3.13568 3.34167 3.33405 3.75366 1.14441 3.47137 4.14276 16.70074 3.75366 2.67792 1.44196
0.86975 2.12097 1.67847 2.00653 6.87408 2.05994 1.42670 14.96887 4.73022 2.14386 3.15094 9.55200 8.20923 3.57056 9.46808 12.70294 4.69971 4.19617 2.38037 1.49536 1.79291 4.63867 13.07678 5.40924 6.83594 1.50299 3.64685 10.64301 17.21954 4.41742 1.61743
2.32697 3.28827 0.77820 2.70081 1.65558 1.16730 8.71277 12.81738 7.69043 5.83649 4.04358 6.92749 9.01031 5.34058 19.38629 13.38959 16.51001 11.96289 2.39563 7.05719 3.90625 5.53131 4.35638 9.55200 4.97437 0.92316 2.63977 13.22174 7.89642 3.47137 5.30243
2.79999 3.02887 3.12042 3.73840 1.12152 5.46265 1.09863 6.28662 9.10187 3.37982 16.53290 13.23700 6.16455 4.71497 2.83051 5.37872 8.53729 3.41797 1.57928 2.82288 1.62506 1.56403 5.64575 6.54602 0.99945 6.59943 11.29150 11.72638 15.35797 8.62885 8.49915
1.93024 2.62451 4.67682 18.79120 3.41797 4.29535 5.84412 7.14874 12.70294 12.95471 11.65771 5.33295 7.58362 2.49481 12.35962 8.46863 8.78906 4.12750 3.99780 4.60815 1.87683 1.71661 2.73132 6.72150 12.85553 5.89752 10.22339 2.65503 7.35474 12.61139 8.99506
