DATA/RAW-RASTER/ECMWF/20170628/EN-38/20170702.en-38.asc
ncols			31
nrows			16
xllcorner		69.5
yllcorner		19.5
cellsize		1.0
NODATA_value	-99999
0.09537 2.60925 2.82288 8.96835 3.92151 1.29318 1.79672 0.03052 0.54932 0.43488 0.75531 3.26157 4.90189 3.44849 2.95258 2.00653 0.63705 1.15204 0.57983 1.42288 2.51389 2.32315 3.80707 1.81198 1.43051 1.64032 1.30463 0.70953 0.54169 2.32697 5.76401
0.06104 1.83868 5.80978 5.48935 3.78418 6.23703 5.11551 2.63214 0.70953 0.42725 1.22833 2.76947 6.27518 4.98581 0.73242 1.45340 0.86212 0.78583 0.57602 2.83432 3.86429 8.93402 4.68063 1.97601 1.20926 1.63269 1.02997 1.86157 2.14005 4.08173 6.98471
2.10190 2.04849 2.28500 2.12860 5.82123 23.59772 5.72205 1.79291 0.89645 0.95749 0.94986 4.49371 2.05994 4.49371 2.23160 4.13132 1.66321 1.10626 3.26157 5.40161 5.84793 8.77762 8.74710 8.62885 2.64359 1.47629 2.16675 2.77328 3.78036 2.86865 12.30621
1.56021 1.59454 0.01144 0.09537 1.21307 5.40543 11.50513 5.05829 0.64087 2.01416 2.90298 3.46375 3.29971 4.36020 4.11224 10.19669 3.83377 12.59232 5.01251 2.80762 2.89917 6.30188 5.53131 18.92853 14.62555 8.40759 9.93729 1.44577 3.23868 7.15637 20.09583
4.01306 8.96454 0.40436 0.01526 1.69373 16.45279 9.64355 8.30460 1.80817 5.84793 17.66586 17.02118 6.82831 3.49045 6.79398 4.90952 7.21741 11.35635 5.64194 1.57928 7.66754 7.32040 14.47296 5.44739 12.03918 12.43973 8.57925 21.18683 16.60538 6.36292 11.56616
3.40271 2.42615 0.75531 0.16022 0.93079 2.14386 9.93347 7.99179 10.57053 47.38235 39.39819 21.48819 7.74765 2.60544 3.62396 4.53186 6.80542 7.14111 8.83865 10.79941 11.82175 11.42883 15.66315 18.97049 7.72476 6.71005 1.84250 4.52423 7.17926 16.30402 12.92038
0.01526 0.22125 0.58746 2.36511 0.72098 2.95258 2.71988 11.92856 3.04413 48.62595 49.86191 17.57431 6.27518 10.91385 17.47894 4.96292 1.84631 2.92206 2.10571 9.23920 5.07355 13.05389 14.38904 10.97107 10.60104 14.86969 31.47125 16.13617 7.27844 7.63321 13.66806
0.00000 0.02289 0.15640 0.83160 4.52042 3.52097 3.24249 13.11493 17.95197 15.91492 14.71329 12.86316 3.25775 1.73569 21.80481 18.58521 6.56128 0.26321 1.33514 2.92587 2.96402 7.89642 4.31824 21.44623 21.67130 129.08173 122.51282 22.35794 44.66629 3.94821 4.12750
0.00000 0.00000 0.03052 0.27466 0.92316 2.00272 2.55203 9.69696 12.88223 21.25549 13.49640 6.28281 1.33514 3.04031 6.82831 2.97165 6.14166 2.78091 5.55801 89.40125 41.69083 39.59274 24.23859 33.27560 3.73840 0.98419 7.34711 111.57608 72.19315 15.64789 1.77002
0.01907 0.11826 0.17929 0.46921 1.12152 0.88120 1.88065 13.91602 18.69583 8.80432 9.63593 15.28931 6.53458 2.75421 9.64737 10.31876 7.72858 2.65503 6.19507 13.67188 8.22449 1.33514 24.33777 12.06589 2.84195 10.68497 34.01947 2.99454 28.47290 5.61523 8.08334
0.06866 0.24414 0.25558 0.69046 0.36240 1.33514 9.99832 6.95419 19.26804 44.19327 10.43320 10.13947 2.79999 8.74710 4.42123 4.90189 9.88007 4.49371 7.59888 7.12585 7.40051 6.54221 25.52032 17.81082 55.61447 26.52359 0.70572 1.52588 27.74429 28.53775 15.09476
0.30899 0.57602 1.06049 0.94604 0.48447 1.14441 1.15967 3.35693 4.28772 3.95966 1.56021 1.41525 12.72202 6.73294 6.30188 18.58521 2.63596 13.04626 4.56238 4.23813 4.08554 4.59290 1.07193 3.82996 11.21140 1.76239 2.43759 12.07352 11.15417 24.31107 17.60483
0.48447 1.51062 0.84305 2.32697 2.39563 3.08609 3.12805 9.27734 11.09695 5.84793 24.89090 8.73566 4.89044 2.66647 14.93454 17.63535 6.45065 7.96127 11.65771 7.26318 10.78033 10.33783 35.39658 5.77927 28.01514 1.26648 2.97546 8.55255 11.33728 14.22501 12.14218
2.03323 1.87302 0.16022 2.06757 1.85776 3.79562 40.22980 84.87320 9.50623 21.98792 64.17465 8.09479 9.34982 1.14059 1.30081 4.58908 10.40649 5.94711 5.03159 7.17163 18.49365 23.88000 28.86200 42.73605 0.82016 1.09482 2.11334 2.54822 7.79724 20.98083 3.91006
2.26212 0.89645 0.82779 4.04358 0.82779 1.86920 7.15256 4.19998 4.72260 3.94440 2.66647 2.18201 0.81253 0.65231 3.65829 0.75150 7.86591 13.39340 6.40106 16.94107 30.49088 18.89420 50.07935 30.45273 11.03973 2.98309 7.44247 0.95749 0.86975 5.16510 2.28119
3.58963 3.04794 7.59506 29.97971 5.55420 2.05994 1.65558 7.43103 12.72202 11.25336 18.02826 0.53406 1.32751 1.07956 3.39127 3.77274 2.27356 7.04575 9.89914 18.83698 11.05499 11.53183 22.23969 28.17154 47.39380 7.19452 11.58524 1.43433 0.96512 3.50952 2.44904
