DATA/RAW-RASTER/ECMWF/20170628/EN-38/20170706.en-38.asc
ncols			31
nrows			16
xllcorner		69.5
yllcorner		19.5
cellsize		1.0
NODATA_value	-99999
1.57928 0.13733 0.05341 1.82343 7.06482 3.21198 9.31549 2.93732 1.26648 0.03052 0.26703 2.22015 1.47247 1.41907 3.47137 7.30896 10.04791 8.14819 14.03809 9.26971 7.26318 7.20978 1.61743 0.78583 0.55695 0.03815 0.00763 0.22125 0.35858 0.13733 0.86975
0.00000 0.12970 3.17383 3.00598 0.89264 2.12860 0.38147 0.18311 0.25940 0.15259 0.70190 0.35095 0.56458 1.34277 1.41907 6.85120 9.19342 12.80975 8.47626 1.93787 5.03540 1.69373 0.24414 1.06049 0.04578 0.00000 0.00000 0.08392 0.31281 0.27466 0.54932
0.34332 0.98419 3.34930 3.38745 1.38092 0.78583 0.47302 0.08392 0.23651 0.00763 0.15259 0.24414 0.29755 0.35858 3.03650 3.66974 2.98309 4.67682 10.73456 7.30896 2.18964 1.73187 1.46484 1.21307 0.13733 0.03052 0.07629 0.75531 0.53406 2.93732 6.22559
1.99127 2.98309 0.84686 6.77490 3.41034 1.85394 0.15259 9.23157 0.01526 0.00000 0.07629 0.29755 0.53406 7.55310 4.44031 8.62122 6.27899 6.64520 5.16510 6.39343 1.19019 1.46484 1.20544 0.57983 0.12207 0.01526 1.66321 1.83868 6.58417 9.24683 19.31763
1.31226 0.32806 0.31281 0.03815 0.16785 2.23541 2.51770 0.22125 0.75531 0.42725 0.19073 0.90790 5.09644 3.63159 7.09534 11.19232 14.09149 8.29315 7.46155 0.96893 2.49481 0.99182 0.27466 0.04578 0.24414 0.80872 2.09808 1.72424 12.80212 14.59503 11.47461
0.51117 0.48065 0.00000 0.00000 0.00000 0.00000 0.48828 0.18311 0.79346 6.06537 35.00366 13.51929 10.01740 8.37708 3.56293 2.79236 4.36401 9.54437 7.28607 4.02832 13.57269 6.24847 0.75531 2.34985 2.40326 4.61578 2.09045 1.56403 8.36945 9.18579 13.99994
0.00000 0.00000 0.00000 0.00000 0.00000 0.00000 0.00000 0.00763 1.06812 0.65613 7.83539 12.52747 13.86261 7.49969 0.75531 4.33350 2.44904 7.86591 0.52643 2.23541 11.49750 3.40271 2.31171 7.30896 6.66809 13.00812 13.42010 2.95258 4.89044 7.30133 13.68713
0.00000 0.00000 0.00000 0.00000 0.00000 0.00763 0.00000 0.00000 0.48065 3.80707 31.26526 35.62927 54.84772 45.98999 14.52637 17.26532 3.66211 4.34113 2.09045 1.62506 10.38361 5.04303 4.73785 8.72040 10.69641 25.06256 54.10004 14.93073 13.54218 14.53400 17.52472
0.01526 0.00000 0.03052 0.06104 0.15259 0.00763 0.00763 0.00000 2.51770 76.78223 22.05658 85.57892 53.40576 22.57538 8.17871 21.17157 15.84625 3.92914 8.57544 48.00415 36.04126 17.27295 15.24353 25.36774 7.01904 5.41687 20.51544 41.35895 38.62762 16.34216 5.63049
0.13733 0.20599 0.42725 0.64087 0.83160 0.00000 0.00763 0.00000 0.25177 12.67242 7.29370 10.62012 13.58795 5.36346 3.13568 1.99127 6.80542 10.49805 9.46808 11.70349 9.01031 7.62939 26.72577 40.50446 49.08752 40.22217 57.36542 123.61145 60.18066 11.17706 1.77765
0.60272 0.51880 0.28229 0.73242 0.09155 0.12207 0.02289 0.11444 0.28992 0.43488 0.86212 0.64850 4.41742 6.09589 3.06702 0.43488 0.52643 2.18201 2.45667 7.00378 13.22937 25.93994 112.80060 16.56342 12.28333 18.38684 34.90448 14.09149 35.46143 8.96454 1.97601
0.03052 0.32043 1.60980 3.73840 1.83868 1.03760 0.54932 0.84686 0.41199 0.41962 0.93079 0.42725 6.12640 1.76239 0.72479 1.70898 0.61798 10.13947 5.43976 19.62280 10.52094 18.88275 8.26263 3.47137 6.39343 3.05939 1.64795 2.12097 0.74005 1.26648 0.62561
1.60217 2.07520 0.54932 1.17493 2.23541 3.08228 1.38092 0.07629 0.57983 0.67139 1.16730 1.15204 0.96130 6.47736 1.33514 1.32751 2.44141 5.15747 4.64630 28.26691 20.72144 29.05273 5.35583 5.44739 7.17926 1.81580 0.83160 8.90350 3.95966 2.05994 1.56403
1.60217 1.93787 0.72479 3.12805 2.50244 1.60217 0.90790 1.06049 1.12915 0.54169 1.00708 1.18256 2.18964 2.84576 6.02722 2.47192 6.58417 9.34601 12.22992 23.48328 4.30298 18.11218 6.44684 7.55310 10.94055 3.96729 11.55853 8.60596 5.45502 3.71552 4.31061
3.49426 2.07520 1.60980 6.34766 2.76184 0.66376 1.74713 1.14441 0.43488 0.27466 0.99945 1.02234 0.82397 5.01251 3.68500 3.24249 0.00000 0.19073 7.01141 8.97217 5.87463 11.26099 20.22552 18.78357 0.49591 0.15259 0.64850 6.47736 36.14044 2.89154 6.31714
1.54877 1.38092 2.02179 6.68335 1.06812 2.76947 2.09808 1.83868 0.13733 0.07629 0.36621 1.56403 1.05286 2.97546 1.55640 2.32697 3.42560 3.32642 4.46320 5.29480 5.18036 9.40704 14.76288 12.59613 24.72687 1.31989 5.36346 0.74768 1.52588 10.29205 14.70947
