DATA/RAW-RASTER/ECMWF/20170628/EN-38/20170707.en-38.asc
ncols			31
nrows			16
xllcorner		69.5
yllcorner		19.5
cellsize		1.0
NODATA_value	-99999
0.00000 0.03052 0.00000 0.01526 0.00000 0.03052 0.33569 0.34332 0.61798 0.11444 0.66376 0.26703 0.89264 0.25177 1.06049 2.33459 0.93079 0.86975 2.43378 1.90735 3.50189 9.17816 6.40869 26.23749 20.72906 2.69318 3.58582 2.69318 3.02887 3.34167 2.24304
0.00000 0.00000 0.00000 0.06104 1.64795 0.09918 0.03815 0.89264 0.19073 0.12207 0.06866 0.00763 0.00000 0.12207 1.32751 0.43488 0.25940 1.02997 3.16620 5.03540 4.45557 11.76453 21.94977 19.27185 6.11115 0.06104 1.09863 1.84631 2.12860 0.86975 1.54114
0.00000 0.00000 0.00000 0.00000 1.51825 5.58472 0.49591 0.03052 0.00763 0.00000 0.00000 0.00000 0.17548 0.14496 0.21362 0.64087 2.59399 6.58417 8.44574 6.44684 8.64410 16.75415 18.84460 6.88934 1.02997 0.03052 3.02887 2.73132 0.80109 1.19781 5.64575
0.00000 0.00000 0.00000 0.00000 0.00000 0.26703 0.82397 9.45282 0.03052 0.00000 0.00000 0.01526 0.04578 0.28229 2.71606 5.59235 11.07025 14.80103 6.90460 11.62720 14.07623 15.81573 8.23975 3.05176 0.43488 0.04578 0.90790 4.48608 11.75690 14.44244 3.73077
0.57220 0.00000 0.03815 0.00000 0.03052 0.46539 1.31989 0.64087 2.50244 0.08392 0.02289 0.25940 0.27466 6.31714 2.58636 6.01959 3.29590 13.31329 8.96454 14.94598 10.12421 3.53241 3.16620 0.23651 0.06866 0.39673 0.12207 13.80157 9.32312 7.73621 14.19830
0.07629 0.00000 0.00000 0.00000 0.00000 0.45013 1.21307 0.27466 5.99670 8.43811 9.36127 2.44904 7.97272 1.83105 5.29480 5.36346 9.43756 6.40106 3.99017 4.08936 5.49316 3.33405 3.30353 3.11279 1.44958 4.96674 2.50244 0.43488 4.19617 5.52368 6.83594
0.00000 0.00000 0.01526 0.00763 0.41962 0.00000 0.19073 0.51117 3.15094 5.72205 9.44519 11.29913 5.00488 6.31714 0.70953 2.83813 3.57056 2.16675 0.74005 0.80872 4.16565 7.58362 8.94928 1.07574 10.52094 23.75793 14.27460 9.68933 8.76617 1.92261 5.60760
0.00000 0.00000 0.00000 0.00000 0.00000 0.00000 0.33569 0.35858 2.57874 2.92969 4.71497 7.70569 11.61957 21.21735 21.82770 12.44354 7.85065 1.18256 0.35858 1.22070 4.25720 5.15747 6.97327 11.44409 33.63037 17.55524 80.55878 9.42993 7.14874 2.57111 3.03650
0.00000 0.00000 0.01526 0.00000 0.00000 0.00000 0.00000 0.01526 0.09155 0.56458 1.49536 10.68878 46.30280 15.54871 5.96619 10.55908 8.88062 14.17542 8.48389 29.07562 18.95142 65.00244 66.81824 43.76984 19.48547 2.38037 37.43744 20.63751 7.69806 1.89972 0.09155
0.00000 0.11444 0.22888 0.54169 0.46539 0.03815 0.00000 0.06866 0.00000 0.01526 0.09155 1.86157 12.18414 41.02325 23.84949 3.41797 19.60754 4.95148 10.42175 20.64514 20.40100 43.33496 20.69092 30.32684 5.10406 14.00757 10.82611 16.31165 7.51495 0.54932 0.51117
0.16022 0.31281 0.53406 0.77057 0.04578 0.06104 0.11444 0.63324 0.02289 0.03052 0.00000 0.70190 16.22772 42.80853 50.66681 9.64355 2.81525 6.15692 15.98358 41.25214 16.13617 22.94159 206.74896 28.35083 9.81140 58.31909 33.72192 2.02942 2.63977 0.63324 0.12970
0.25940 0.16785 0.63324 1.33514 0.03052 0.10681 0.87738 1.34277 0.32806 0.35095 0.65613 1.69373 3.30353 6.81305 10.62012 1.41907 5.66101 4.53949 13.24463 24.68872 55.79376 19.44733 31.21948 14.55688 54.14581 96.32874 2.23541 5.32532 0.19073 0.03052 0.33569
0.63324 1.71661 2.03705 0.99945 2.92206 2.12097 0.77820 0.66376 1.22070 3.54004 0.71716 0.12207 0.65613 0.37384 0.96893 1.60217 7.29370 2.04468 9.97925 20.11871 11.70349 11.01685 12.75635 5.47028 9.56726 2.32697 1.54114 2.62451 0.10681 4.19617 2.09045
1.38092 3.82996 2.64740 3.50189 5.85175 1.99890 1.50299 5.61523 2.66266 1.76239 1.68610 0.28992 0.01526 1.16730 2.05994 6.05011 5.71442 8.77380 9.36127 13.25226 7.26318 13.42010 1.46484 6.92749 7.62177 0.47302 0.61798 1.55640 1.96838 3.70789 9.04083
2.64740 2.46429 2.10571 13.47351 3.81470 5.10406 1.73187 1.30463 2.00653 3.63159 2.09808 0.74005 0.06104 0.51880 0.99182 10.55908 12.23755 5.34058 9.23157 4.92859 4.03595 7.13348 14.78577 6.21796 1.60217 1.66321 1.55640 3.73077 7.62177 9.88007 9.59778
3.02124 3.32642 7.82013 12.08496 2.34985 4.60815 18.40210 1.22833 0.60272 3.79181 3.00598 1.17493 0.53406 0.18311 0.54169 15.70892 9.56726 4.90570 7.72858 2.31934 3.28064 3.23486 12.43591 18.21899 16.38031 8.11768 7.98798 1.51062 5.16510 7.00378 9.42993
