DATA/RAW-RASTER/ECMWF/20170628/EN-38/20170630.en-38.asc
ncols			31
nrows			16
xllcorner		69.5
yllcorner		19.5
cellsize		1.0
NODATA_value	-99999
0.04387 0.09346 1.63841 1.75476 7.64847 3.89290 7.94411 12.49504 14.05334 4.69971 6.93703 5.47600 7.79533 6.29234 4.54140 3.25394 4.70734 1.94168 2.31743 1.28746 1.19591 0.73624 0.08583 0.13542 0.60272 0.43678 0.21172 0.00000 0.00000 0.05531 0.37003
0.00000 0.01907 0.00000 2.08473 2.07520 13.41629 27.25220 23.50807 12.91084 3.35693 3.07083 4.14467 3.91197 4.35638 7.80296 9.60541 3.93295 4.34303 3.16048 1.55067 1.52969 0.41199 0.42725 0.43869 1.86729 3.35503 6.11687 4.19235 6.26755 1.10817 1.50871
0.23079 0.71526 0.00000 0.04959 5.64194 56.08749 67.48199 21.31653 3.90053 1.32942 0.65231 0.76866 3.15857 3.19672 4.49753 2.10571 1.69754 6.93703 9.38034 5.54276 1.76048 4.62914 0.87738 1.61171 3.40462 6.12068 11.24573 10.78606 7.31850 13.48114 8.12721
0.13924 0.06104 0.00000 0.01335 1.63841 50.36354 30.50995 21.86584 13.86261 1.58691 2.69699 2.17247 2.01416 1.06430 2.93732 1.87111 3.54385 3.98254 3.13950 6.88362 5.40733 3.72124 4.37546 5.19180 6.60706 7.31850 7.29752 11.16180 15.01465 15.14053 10.58960
1.37138 0.00000 0.00191 0.09537 85.84785 39.98566 74.73183 25.81024 9.17625 4.04739 0.53024 2.80762 2.55585 0.23651 0.60463 0.78773 0.26512 0.78583 10.58006 3.72314 3.61252 4.88091 7.25555 2.54631 5.63431 6.57845 7.95746 8.64983 17.58957 19.47975 17.31873
0.76675 0.00000 0.07820 1.22261 10.70404 47.79434 39.80064 62.16621 15.52582 9.51385 8.27026 22.73560 9.00459 3.47328 2.39754 1.35040 8.25882 11.68823 12.44354 6.05965 2.29073 14.53781 8.60405 10.63728 14.77432 22.53723 12.07161 5.01633 7.60460 22.95494 21.41571
0.06294 0.01526 0.45013 2.24304 3.52859 23.37074 14.21547 30.23338 10.94818 44.64912 81.54678 57.30247 14.90402 11.90948 0.88501 3.27301 1.46484 2.79427 8.73184 16.65115 9.62067 18.86749 13.34381 9.59206 14.91547 102.13470 63.24768 21.16013 1.75095 5.60570 18.94379
0.35286 0.25749 1.06430 4.07028 4.84085 5.76019 14.91165 10.60104 19.26231 15.78522 17.76695 27.20833 19.53316 24.41788 76.69449 26.90506 14.67133 1.94550 4.80080 7.77626 13.15308 19.26041 10.36644 37.02927 14.61029 23.95439 32.71866 21.38710 43.74504 11.80840 6.42967
6.16646 0.98038 3.62968 9.49860 12.67815 8.78334 10.65636 2.65503 3.91197 14.24789 11.12175 21.56639 35.27451 16.44325 57.95097 7.02095 3.66020 15.78903 62.65831 168.78128 127.13432 98.00339 57.14798 15.20157 3.99780 4.91142 20.46776 70.36209 117.89513 29.68025 11.95526
9.11140 2.89345 7.66563 15.49530 14.40620 15.16533 5.75829 8.59833 4.55284 2.31934 7.13158 7.00951 21.05331 40.31181 19.61136 55.91011 23.59200 3.93295 5.62477 2.87247 4.26674 4.00925 33.89549 17.65442 14.93263 13.84163 69.76700 21.19827 26.81923 17.25578 6.85692
3.88145 22.90154 16.18385 18.37540 12.82310 19.87648 29.37508 7.37572 1.32179 0.60844 0.80681 2.18964 6.72722 19.69147 8.13484 41.22734 19.39011 2.22778 4.19998 3.65448 11.85226 8.51631 39.27422 6.48117 13.59749 121.90628 16.23917 10.60867 20.70999 5.24712 3.57437
13.61465 12.78687 26.32332 16.31165 7.06482 2.62451 1.82152 8.02040 3.03650 0.54932 2.73132 1.23978 2.09236 6.79016 13.62228 15.82718 38.84125 7.45201 6.98853 4.05312 4.12750 5.49698 1.15776 3.58009 10.81467 1.52969 1.73759 4.92096 11.74736 44.36111 22.92061
17.06886 6.50024 5.14603 3.72696 1.56784 0.95558 3.18527 2.98500 1.78909 1.91116 8.04138 1.52397 3.70407 13.36098 20.89691 25.83313 27.59171 10.78987 6.66046 5.37682 1.91689 6.18553 8.06999 1.50490 3.37029 1.12343 0.50926 2.78664 13.95416 9.04274 1.96457
2.69890 3.40080 0.59891 3.04604 2.30408 0.32997 0.48065 2.49481 3.36456 2.45476 11.34109 12.29477 5.62859 11.45935 27.61269 43.45131 31.55899 8.33321 6.78253 12.68768 4.31252 8.61549 1.77002 1.69563 3.99971 0.53406 0.62180 4.29535 16.37840 3.61061 9.04655
9.46808 2.12097 2.70271 8.44002 2.69318 0.52452 0.60272 18.27621 0.90408 9.77135 8.69942 6.68526 3.19672 5.40733 14.46915 68.65692 9.00841 1.21689 7.50542 7.24030 5.91660 11.52992 26.32904 7.18689 2.28119 0.53024 1.08910 1.06239 0.43488 4.69780 8.67462
12.90321 9.93729 8.28743 10.50949 1.32561 1.17111 0.39673 1.59073 1.61362 17.50183 62.81090 60.95314 19.07921 0.85258 13.85689 62.82043 5.27763 2.71416 7.45583 8.19397 5.07164 8.09288 19.87648 31.30913 15.57732 7.64656 1.57547 2.45094 0.71526 6.07109 2.30026
