DATA/RAW-RASTER/ECMWF/20170628/EN-38/20170712.en-38.asc
ncols			31
nrows			16
xllcorner		69.5
yllcorner		19.5
cellsize		1.0
NODATA_value	-99999
0.02289 5.95856 8.39233 11.28387 3.20435 2.48718 0.56458 1.57928 0.51117 3.25012 8.09479 6.26373 4.89044 2.08282 1.15967 0.50354 1.01471 0.38910 0.25940 0.38910 0.00763 0.23651 0.06104 0.00000 0.04578 0.11444 0.00763 0.15259 0.28992 0.51880 0.02289
0.00763 0.04578 2.99835 6.80542 8.23212 6.66809 5.64575 10.95581 1.96075 3.76892 7.33185 9.77325 6.09589 2.80762 1.44196 0.38147 0.56458 0.42725 0.57220 0.05341 0.10681 0.28229 0.11444 0.03052 0.05341 0.41962 0.77820 1.12152 0.53406 0.34332 0.45776
9.62067 4.15802 2.51007 3.76129 10.97870 11.97815 61.93542 5.97382 5.11932 7.30896 17.63153 19.96613 6.53839 3.82233 1.05286 0.35858 0.24414 0.12207 0.03815 0.37384 0.16022 0.09155 0.32806 0.12970 0.28229 1.78528 1.24359 1.46484 0.42725 1.11389 0.11444
2.53296 0.19836 0.57983 6.08826 5.59998 12.44354 15.06042 7.24792 8.61359 5.26428 4.95148 3.32642 8.27789 9.26208 5.98145 0.57983 0.54932 0.05341 0.00000 0.00763 0.00763 0.03052 0.03052 0.26703 0.88501 0.23651 3.24249 1.28937 1.38855 1.92261 1.05286
0.18311 0.01526 0.00000 0.37384 5.78308 7.07245 11.35254 10.61249 19.07349 4.58527 1.61743 3.13568 3.34167 8.85773 6.67572 8.15582 4.35638 1.82343 0.50354 0.09155 0.42725 0.29755 0.35095 1.67084 1.52588 6.89697 1.92261 5.90515 5.16510 4.51660 4.44031
0.00000 0.00000 0.00763 0.04578 2.55585 1.08337 3.53241 4.89807 15.67841 50.75836 17.51709 7.37762 5.79834 3.95966 10.55908 14.91547 6.79779 11.65771 5.91278 6.88171 3.54004 2.57874 1.03760 0.48828 5.22614 1.99127 9.64355 8.18634 9.26971 16.28113 20.82062
0.00000 0.00000 0.00763 0.00763 0.19836 1.93787 17.63153 22.80426 3.13568 9.62830 93.56689 44.58618 9.14764 13.59558 11.68823 13.44299 15.12909 26.40533 21.43860 11.40594 17.28058 6.56128 7.27844 3.62396 4.33350 2.12097 3.23486 7.71332 12.91656 11.73401 9.77325
0.00000 0.00763 0.00000 0.00000 0.00763 1.29700 6.08063 13.25226 7.55310 3.56293 9.68170 145.59174 7.02667 17.84515 4.54712 5.69916 11.47461 8.65936 4.41742 4.94385 7.83539 8.68988 11.45172 6.11115 0.60272 1.78528 0.60272 14.91547 9.99451 16.63208 9.20868
0.00763 0.00000 0.00000 0.00000 0.00000 1.86920 11.52039 5.43976 9.30786 6.61469 16.12854 41.72516 13.11493 16.63208 11.87134 0.97656 0.47302 19.21844 6.79016 9.85718 8.35419 5.93567 2.24304 0.90790 2.17438 0.98419 4.05121 13.74817 14.49585 21.07239 4.91333
0.00000 0.00763 0.00000 0.01526 0.00000 0.35858 3.25012 5.79834 4.24957 8.57544 20.25604 14.84680 8.66699 18.05115 6.98853 15.44952 5.50842 3.75366 8.88062 21.68274 4.91333 1.33514 1.84631 1.88446 1.24359 4.09698 5.83649 1.86920 13.29041 0.74005 0.54932
0.04578 0.46539 0.46539 0.23651 0.00000 0.03052 0.58746 3.30353 15.47241 18.72253 21.12579 22.85767 6.14929 14.03046 4.93622 6.07300 6.56128 22.19391 14.48059 1.29700 7.97272 8.47626 1.89972 3.06702 3.08228 5.85938 7.70569 3.12042 0.60272 0.30518 0.35095
0.18311 0.50354 1.09863 3.08228 0.79346 0.05341 0.81635 4.21143 21.72852 34.90448 8.58307 10.52856 18.44788 14.31274 29.15955 9.98688 23.08655 38.49030 26.97754 9.35364 12.10785 9.77325 13.95416 3.99017 4.61578 13.24463 6.05774 6.85120 1.73950 0.67902 0.37384
0.83160 1.32751 1.06049 2.51770 0.57983 0.17548 10.18524 14.38904 19.24896 7.29370 6.99615 14.41193 12.69531 12.20703 11.35254 22.42279 14.02283 12.59613 12.00104 22.70508 11.90186 20.49255 31.83746 1.44958 13.82446 22.63641 8.81195 10.68878 5.60760 0.70190 1.15967
2.44141 2.07520 0.80109 1.25122 0.94604 0.45013 11.00922 89.09607 133.04138 5.88226 4.40216 13.00812 12.25281 16.20483 18.35632 7.84302 24.01733 16.35742 21.35468 26.29852 13.09967 25.84076 28.81622 22.04895 24.97864 35.12573 21.64459 2.97546 2.96783 1.36566 1.18256
2.86865 2.89917 2.09045 5.42450 1.60980 1.35040 3.60870 8.30841 3.57819 0.40436 5.06592 15.09094 9.33075 14.44244 10.60486 2.09808 3.90625 13.04626 7.37000 27.82440 7.33185 12.61139 13.85498 16.12854 26.75629 35.44617 27.10724 5.65338 9.52148 15.97595 8.81958
3.85284 3.67737 15.71655 47.00470 0.90790 2.27356 2.15149 2.04468 0.15259 0.96130 3.40271 10.55908 19.47021 12.33673 7.15637 8.41522 3.77655 7.85065 9.01031 7.88116 5.79834 9.42993 13.98468 30.41840 28.73993 44.86847 29.49524 25.75684 25.88654 21.91925 6.10352
