DATA/RAW-RASTER/ECMWF/20170628/EN-38/20170705.en-38.asc
ncols			31
nrows			16
xllcorner		69.5
yllcorner		19.5
cellsize		1.0
NODATA_value	-99999
4.04358 5.50079 14.19830 13.67188 8.90350 4.50134 6.15692 4.52423 1.11389 0.03052 2.56348 0.43488 0.72479 0.54169 0.67902 0.59509 0.20599 0.07629 0.12970 0.08392 0.09918 0.21362 0.44250 0.82397 0.74768 0.47302 0.21362 0.43488 0.61035 1.13678 1.48773
0.37384 6.95801 19.44733 18.46313 7.24792 8.09479 2.07520 0.23651 1.14441 0.14496 0.54169 0.00763 0.41199 1.51825 1.80054 1.26648 0.80109 0.22888 0.12970 0.02289 0.15259 1.61743 7.72095 4.66919 3.35693 3.01361 0.36621 0.05341 0.13733 0.97656 1.52588
2.77710 5.45502 15.49530 21.65222 27.68707 5.61523 2.17438 1.12152 0.08392 0.00000 0.00000 0.00000 0.54932 1.83868 1.70135 2.13623 4.89807 2.29645 0.22888 0.23651 0.64850 0.99182 0.99182 5.74493 4.07410 5.38635 4.74548 3.09753 3.01361 2.63214 3.21198
14.21356 24.49036 14.89258 20.29419 25.73395 9.91058 3.40271 5.93567 0.25940 0.01526 0.57983 1.83105 0.60272 1.61743 1.22833 3.54767 13.68713 2.69318 0.99945 2.09808 4.20380 5.80597 7.62939 7.30133 13.48114 10.33020 9.46808 6.57654 3.08990 6.16455 10.78796
3.10516 1.29700 2.27356 3.32642 2.40326 15.38849 7.99561 1.62506 19.25659 7.12585 1.46484 4.85229 6.00433 2.87628 6.64520 8.56018 6.21033 7.63702 4.59290 4.78363 4.44031 4.92859 6.88171 6.63757 5.53894 2.24304 3.08228 3.70789 7.99561 8.21686 8.24738
0.21362 0.00000 0.00000 0.00000 0.24414 0.33569 6.91986 5.20325 14.86206 39.86359 2.23541 13.59558 12.80212 5.91278 8.43048 5.14984 6.45447 6.01959 8.39996 6.54602 5.30243 7.89642 8.67462 13.60321 13.20648 10.41412 6.85120 0.54169 10.59723 6.99615 7.75909
0.00000 0.00000 0.00000 0.00000 0.00000 0.00763 0.44250 5.76019 17.83752 20.73669 23.47565 30.71594 23.20862 15.01465 2.04468 2.67029 4.55475 3.10516 3.20435 11.74164 1.02997 5.23376 7.11823 9.90295 14.61792 49.32404 48.11096 11.24573 1.51825 4.38690 6.79779
0.00000 0.00000 0.00000 0.00000 0.00000 0.00000 0.02289 2.57874 18.70728 40.58075 26.29852 26.62659 23.65112 68.86292 31.28052 25.74921 12.43591 3.83759 5.20325 4.38690 3.10516 5.32532 2.83813 18.69965 25.26855 49.69788 78.50647 25.73395 19.75250 3.54004 6.38580
0.00000 0.00000 0.03052 0.03052 0.00000 0.00000 0.00000 0.61798 6.85883 39.69574 24.35303 22.92633 21.19446 12.74109 30.38025 28.45001 26.95465 10.25391 17.28058 3.76129 37.50610 40.77148 41.64886 49.43848 17.08221 42.31262 32.52411 39.02435 32.73010 6.21033 2.78473
0.06104 0.39673 0.57983 1.00708 0.45013 0.02289 0.00763 0.01526 2.34985 29.35791 28.45001 22.76611 28.03040 16.78467 5.15747 5.57709 7.71332 9.51385 9.80377 9.96399 35.01892 22.67456 31.92139 28.47290 12.33673 27.25220 49.75128 36.36932 120.08667 12.63428 14.47296
0.21362 0.41199 0.49591 0.27466 0.07629 0.01526 0.00000 0.16785 0.00763 2.08282 10.33020 3.62396 3.96729 6.50024 6.97327 6.13403 4.90570 3.48663 10.20050 14.14490 29.63257 24.62769 51.40686 15.98358 4.96674 6.95801 18.58521 9.84192 17.95197 18.15796 14.02283
0.34332 0.04578 1.28937 2.52533 2.07520 0.38147 0.80872 0.02289 0.00000 0.07629 0.66376 0.50354 0.57220 1.27411 1.08337 4.28772 7.62177 7.26318 7.06482 15.95306 38.86414 10.08606 2.46429 2.69318 5.98145 23.07892 16.52527 22.61353 20.68329 13.85498 7.78961
0.72479 1.19781 0.67902 1.22833 0.51117 0.21362 0.24414 1.18256 0.95367 0.43488 0.85449 2.05994 0.86212 1.28937 1.13678 1.51062 11.64246 0.61798 13.54218 28.25928 17.86041 11.83319 10.30731 8.04138 4.89044 6.50787 5.60760 6.56891 3.56293 3.40271 0.70953
2.10571 0.69427 0.11444 0.77057 3.84521 1.03760 1.70135 1.35803 1.11389 1.10626 4.85229 0.85449 0.36621 1.62506 2.13623 0.39673 2.42615 12.07733 9.52911 34.37805 9.91821 23.21625 7.03430 18.50891 2.18201 1.03760 1.27411 1.02234 4.90570 1.28937 0.42725
3.05939 1.90735 1.30463 3.76129 3.43323 1.59454 1.97601 1.39618 0.96893 1.33514 1.48010 2.66266 5.37109 0.86975 1.18256 1.81580 0.48828 16.43372 5.95856 10.62775 14.63318 14.62555 23.79608 7.40051 0.16785 0.00000 8.44574 0.52643 1.48010 6.88934 0.27466
1.93787 2.25067 4.69971 6.91223 2.54822 2.39563 2.60162 1.77002 1.81580 1.36566 1.44196 1.68610 3.70789 1.57166 0.70953 10.62775 11.24573 4.59290 11.00159 12.74872 14.49585 12.90894 13.51166 10.71167 6.93512 1.02234 5.26428 0.68665 0.75531 0.25940 0.74005
