DATA/RAW-RASTER/ECMWF/20170628/EN-38/20170701.en-38.asc
ncols			31
nrows			16
xllcorner		69.5
yllcorner		19.5
cellsize		1.0
NODATA_value	-99999
0.14496 4.31061 3.38745 4.21524 1.87302 0.39291 0.03433 0.05722 0.08392 0.39673 1.69754 2.37274 4.30679 4.06265 6.75583 3.54767 4.47845 5.21469 2.60544 4.53568 5.15366 7.35855 10.70404 8.02994 9.96780 20.29037 20.62225 15.81955 8.80051 7.39670 3.52097
0.00381 0.17166 1.47629 1.22833 6.69861 0.02289 0.07629 0.67520 0.71716 2.20108 7.73239 6.12640 9.54056 15.31601 13.68332 15.93018 16.93726 17.10892 22.31979 28.44620 13.94653 5.43594 14.24789 9.10950 15.64407 8.24356 8.89206 12.62283 14.39667 10.60486 3.03650
0.00000 0.02670 0.16022 0.08774 1.47247 14.82773 18.13889 9.49097 5.25665 4.61960 3.30353 5.49316 9.71603 11.36017 9.18198 7.73621 8.60977 5.77927 4.35638 3.26157 8.78143 7.06863 8.06808 7.95364 5.92422 4.98199 12.30621 8.88062 16.32309 13.58414 4.65393
1.08719 0.00381 0.00381 0.03433 0.91934 72.50595 32.71103 3.55911 9.94873 2.60162 3.28064 5.76401 5.42068 3.04413 1.56403 1.83487 0.93079 1.38092 1.11771 0.94986 1.14441 2.51389 5.52368 7.85828 2.84958 4.90189 6.48499 14.84680 6.88553 6.33240 5.08118
1.94550 0.01144 0.00763 0.05722 1.64413 21.40045 20.53070 13.73291 7.31277 4.55475 1.07574 7.46918 8.36563 1.19400 3.47137 3.20816 1.77002 0.11063 0.74768 0.43869 3.26157 6.36292 7.81631 8.80432 8.81958 14.67133 3.73840 4.86374 4.75693 5.34821 13.29041
0.51498 0.06866 0.00763 0.28610 0.55695 7.07626 10.69260 4.66919 8.86536 7.19070 48.52676 13.26752 8.43048 4.84848 2.79236 2.02942 1.44196 1.59454 1.01471 1.73187 2.10953 4.12750 8.99506 4.83322 6.04630 11.06644 15.54489 4.08173 5.41306 5.63812 5.35583
0.07629 1.11389 2.55966 1.17493 0.78201 1.46484 1.81961 5.61523 25.49744 39.74152 115.19623 47.58072 14.82773 20.61462 0.28992 1.86539 1.19400 2.04086 2.72751 1.66702 5.74112 3.60870 11.32584 7.12585 7.60269 59.33762 75.26779 30.75790 2.59781 7.24792 6.83975
0.00000 0.00000 0.15640 1.24359 5.72205 13.46970 4.00543 11.12747 6.17218 12.02774 16.41846 41.62598 22.06421 31.43692 24.59717 72.43347 12.36725 4.05502 12.49695 6.71387 7.29752 12.49313 10.74982 20.98465 27.63367 83.58383 123.77548 34.22546 62.51526 7.23648 5.85938
0.00763 0.00000 0.00381 0.17166 1.36566 4.95529 14.72473 12.68387 2.84576 18.44788 13.44681 16.01410 21.45004 20.09201 8.83102 25.00534 5.56946 13.74435 48.58017 111.41205 98.62137 89.67972 78.04489 31.15845 14.07242 10.72311 16.61682 120.30411 106.58264 28.35464 8.65173
0.00000 0.02670 0.06104 0.22507 0.86594 1.48773 13.47351 4.30298 8.59070 15.41519 9.60159 9.39941 7.92694 11.60812 12.16507 14.41574 19.65714 9.28116 7.52640 8.16727 11.76453 2.31934 28.98026 3.82233 0.78201 4.32587 40.19547 92.87643 57.86896 26.79443 11.73401
0.04578 0.06485 0.59128 1.48773 5.22614 5.41306 7.88498 38.50937 8.69370 18.12744 6.33240 7.70569 9.70840 18.20755 12.77542 13.25226 17.82608 6.47736 4.37164 5.24521 3.34167 5.80978 29.40369 7.34329 6.04630 8.19778 10.52094 19.61899 57.77359 26.99280 21.25168
0.04959 0.18311 1.49155 5.26047 3.66974 1.05667 1.56784 7.89261 5.62286 2.68936 3.73077 5.44357 7.21741 12.26807 14.45007 22.07565 39.66522 6.67572 3.39127 0.86212 2.48337 2.82669 6.03867 1.62125 14.19449 1.67465 5.48935 16.62445 13.94272 25.35248 24.71542
0.24033 1.52588 3.55148 7.48825 16.52145 7.49969 6.08444 15.14816 3.35312 2.17056 2.28882 3.46756 7.19070 18.16559 11.62720 30.36499 21.16013 5.05447 4.35638 5.16129 4.34494 7.99561 2.46811 5.07355 7.52258 3.01361 0.85831 9.60159 10.39886 19.10019 17.20810
1.83105 1.40762 11.51657 33.00095 12.00867 2.57492 2.07138 2.66647 3.11279 0.60272 0.10681 0.74387 16.43753 30.11322 32.97424 30.96771 22.99881 2.20108 9.46426 7.71332 12.56561 17.94434 3.98636 9.36127 3.21579 0.87357 0.26321 2.21252 6.48880 16.88385 16.12473
11.08932 20.34378 4.12369 16.20102 2.79999 4.62341 1.31607 2.10190 1.64032 0.28610 2.35367 4.73022 1.37329 2.94876 2.66647 28.98026 11.03973 9.60922 11.98959 16.10565 11.45172 6.15311 22.24731 17.20047 6.37436 0.81635 3.26538 2.17056 1.27792 7.17545 27.42767
24.81079 19.35577 54.59976 108.55484 21.04950 6.48880 4.26483 6.47736 3.57056 2.95639 4.60815 3.41415 27.49634 13.72910 10.86426 19.05060 31.66199 21.85059 16.74271 8.37708 9.25446 6.56128 9.60922 23.14377 32.56607 1.45721 2.28882 2.44522 1.15204 3.68500 5.37109
