DATA/RAW-RASTER/ECMWF/20170628/EN-38/20170629.en-38.asc
ncols			31
nrows			16
xllcorner		69.5
yllcorner		19.5
cellsize		1.0
NODATA_value	-99999
2.37846 9.23729 6.30188 2.14767 8.28171 7.73811 17.89093 19.91272 8.91876 1.89209 3.42751 5.50652 5.64003 8.49915 3.74603 6.53839 3.96919 2.41852 3.14522 2.67220 6.10924 18.61191 7.79724 9.52339 4.86565 0.43297 0.41771 0.04387 0.17166 0.18120 0.35858
0.43106 1.00136 5.70679 3.88908 6.52313 61.31554 41.51917 13.57269 12.45308 8.18062 4.70161 2.95448 2.84767 6.87790 9.39941 12.12120 5.52559 5.23949 6.21796 5.83076 5.33104 7.54547 12.93755 21.82007 16.19148 6.62041 1.64986 0.36049 0.61417 0.68283 0.12970
2.35939 7.42531 13.06343 10.92720 39.66331 191.16211 44.18373 16.73889 6.71768 3.63541 2.08282 1.74904 0.89645 3.15475 1.51443 3.69453 5.92804 7.36237 7.45773 4.22287 2.74277 2.37846 4.09508 8.90923 10.22530 11.54137 9.07898 1.75667 1.02043 0.19264 1.32179
2.63596 7.00760 17.34924 29.08516 39.22081 94.23065 40.97366 20.25032 21.62933 3.72314 2.23732 0.45967 0.69618 3.88908 2.70653 4.78554 5.79453 5.99861 7.29179 4.05502 4.66156 2.98500 10.10513 11.09505 12.15172 4.33540 8.79288 6.19125 2.17438 3.05176 1.65749
1.69754 7.52831 7.75909 33.81920 39.37912 30.81894 71.18034 25.08736 11.82365 11.46317 0.38910 0.64659 0.48828 0.48256 0.82588 3.41415 5.45883 10.54573 11.09886 8.85582 3.18146 6.79398 4.53186 2.58255 2.58827 4.32205 5.44167 7.52258 9.72366 5.26047 8.66318
2.96593 2.62451 9.45854 18.17513 33.76770 12.79640 10.83183 31.81458 7.73811 24.99580 4.15230 3.00598 3.08037 1.10626 3.44658 1.43242 1.23787 6.22940 12.60757 10.17570 10.30159 6.31332 6.64139 5.21088 8.75473 15.59639 7.03621 5.67818 11.07979 5.11932 7.00951
0.16975 1.40953 11.43837 29.49905 14.39857 12.86697 12.10785 17.21954 15.62500 16.53290 15.30457 15.27214 7.36237 5.59235 0.55122 2.66075 1.26839 5.02968 2.85149 6.96945 5.90324 10.75554 6.81305 4.64058 15.78331 41.66412 29.81377 16.40129 2.98691 5.03731 3.23486
1.49536 7.46918 14.13536 22.60780 47.11914 14.19640 13.44681 19.90509 11.66725 14.16016 61.07521 14.76860 3.47710 10.49614 30.57480 8.52776 9.95445 0.54932 0.55885 2.90298 10.79369 11.67107 3.88336 23.76175 17.65823 33.76198 55.96924 23.24867 58.67767 14.16206 14.95171
15.35416 18.18085 25.26283 13.09395 33.68568 5.72777 4.45175 10.95009 5.63049 13.25035 16.53099 23.81516 8.71086 1.72997 8.48389 9.92966 4.89807 6.29616 9.56726 86.39908 75.55199 45.78400 34.79576 10.49614 16.69312 17.52281 18.59093 110.37064 54.57878 15.76233 4.13895
24.07646 23.62251 23.58246 25.54321 12.83264 5.00870 1.03951 0.86784 10.90813 8.74710 40.72380 19.88602 12.62093 16.78276 3.73459 2.14958 5.63240 3.98064 5.73540 6.53648 3.77083 13.40294 14.22501 2.60925 3.29590 14.45198 40.78674 15.69557 42.13142 6.39915 12.99858
30.33447 26.32332 16.52145 23.01025 3.07274 2.20680 0.44250 1.10435 0.23079 9.22012 5.15175 14.62746 73.04192 30.20859 4.79507 2.92397 2.09999 4.61960 4.53949 1.71089 3.01552 3.12805 7.97081 4.14276 5.93948 16.46614 20.34187 21.93451 28.19252 6.99043 2.65121
24.23096 9.81903 16.46614 17.13371 9.71413 4.46320 1.06621 1.18828 0.75531 0.41962 12.92801 25.03777 30.00450 31.97289 6.45256 3.99017 3.08990 6.01006 1.96075 2.01035 2.18582 2.96593 1.20354 20.40291 5.45692 2.77519 3.77274 7.23839 16.00075 16.94298 12.23183
33.62083 21.67511 8.44955 9.45854 10.97870 4.54903 1.16539 1.12152 0.80872 1.29890 4.57191 10.85854 132.29942 3.58009 5.96428 3.55339 6.91414 13.95226 5.53131 2.99072 4.54330 3.81279 2.51007 1.39999 12.07924 1.70517 0.58174 10.01740 20.06340 17.44270 6.11305
167.69981 49.59488 7.08580 17.27104 4.80652 0.47874 1.37138 0.56839 0.87929 1.30653 2.71988 5.14221 38.83934 3.04985 56.71692 23.33641 33.40530 3.01552 5.27000 3.63922 9.37843 15.06042 7.24792 3.43513 6.67381 0.53978 1.14632 6.41441 18.85414 20.54024 11.44409
22.20726 30.26962 16.71219 23.42224 6.17790 0.60463 0.04768 0.93842 1.31607 2.11334 6.68335 2.33650 1.34850 15.71655 4.26865 1.07193 3.99590 3.29590 7.94220 8.19588 8.76045 16.51573 22.97401 9.25446 2.50816 1.02997 12.55989 2.28119 0.90218 5.88036 6.86455
7.02095 14.45007 13.04626 24.33586 2.93732 1.51634 0.19836 0.17738 0.20981 4.27055 16.05225 11.06453 5.49698 2.06375 1.82915 11.52229 1.99127 14.27269 18.43643 8.76808 8.18062 14.15825 23.86665 18.40973 25.09499 3.58391 4.48418 2.30217 1.43623 3.09753 7.95364
