DATA/RAW-RASTER/ECMWF/20170628/EN-38/20170628.en-38.asc
ncols			31
nrows			16
xllcorner		69.5
yllcorner		19.5
cellsize		1.0
NODATA_value	-99999
5.73349 7.19452 10.48088 7.84683 8.63647 5.73730 9.74846 10.21004 2.43378 0.00000 1.16348 7.70187 9.57870 9.24873 20.67375 11.04736 2.05803 1.53351 3.20435 4.98962 2.39182 1.41525 2.66457 1.14822 4.67873 0.69046 0.43869 0.31090 1.30081 1.02997 4.73404
4.46892 4.77791 47.42050 10.78796 7.13348 10.80513 16.09421 3.02696 6.73676 1.93596 1.95122 1.98746 7.22122 3.95584 3.31306 2.51198 4.44984 2.41470 3.45421 1.48010 7.53212 3.56293 7.70760 1.76239 1.33514 0.27466 2.11334 1.27983 0.45013 0.40627 0.52452
10.18524 26.51978 49.52049 13.78441 39.48784 39.40964 19.82307 10.02502 3.40080 1.61552 1.22833 2.70844 5.19180 2.57874 3.12805 3.61061 5.63812 1.28746 5.33295 6.46210 1.35231 5.24139 0.77629 1.41907 1.19019 1.01852 0.46158 0.68283 1.41144 0.40627 1.38474
20.43343 30.87234 46.51642 21.62933 13.32855 18.45360 18.22662 25.44594 12.60376 0.93079 1.79863 1.60217 0.29945 1.61552 4.19426 1.80817 4.94766 5.92232 2.38609 2.44713 0.67329 4.50516 4.73785 3.83949 0.97847 0.00000 1.10626 0.35095 0.45013 0.91171 6.81496
9.18770 21.80099 36.25679 14.96696 28.23830 28.33939 42.78183 10.19096 16.52527 8.90350 0.66376 2.96974 0.90408 1.21498 1.47629 6.25038 1.64986 5.17464 1.38092 1.02043 2.05994 10.99586 4.88281 2.88200 0.91362 6.97136 2.53868 1.57738 2.95258 2.00844 12.99286
26.12114 33.02956 21.14868 17.06314 37.71210 33.65135 26.90887 23.75603 7.32231 15.54680 9.40132 2.55585 3.49426 1.95503 5.21088 2.27547 2.50435 8.35037 10.31876 13.76343 5.99289 6.64139 8.83675 4.94576 2.12479 4.28963 0.13733 4.67491 2.14767 10.32448 7.81059
12.38251 18.51082 9.55391 16.96396 14.94026 34.64699 23.18764 13.39531 24.46365 14.65797 7.83920 22.90344 12.87460 8.91876 4.72069 3.09563 1.21880 7.16400 13.04817 16.09421 10.90813 4.75502 14.56833 10.24246 6.78062 11.57761 5.66673 1.48582 0.78964 3.96729 3.08228
4.80461 72.43538 39.57176 39.65187 0.24414 23.32497 28.16010 26.13831 42.21725 29.62875 15.58304 5.65720 0.59891 6.33430 22.65930 15.84435 23.57292 1.51062 2.31552 2.92778 3.71742 11.06453 3.91197 24.27673 10.09750 23.66257 14.23264 14.33945 65.45067 16.12473 3.08609
50.85564 33.90884 24.66202 3.77083 21.40045 9.49860 13.97514 21.95930 39.71672 31.60667 19.02008 13.69286 8.91685 4.60052 3.89671 0.40627 0.37956 10.11848 16.18767 54.53110 11.84845 28.31268 13.79585 7.92885 12.11166 29.86145 33.03909 50.82321 46.72623 25.57945 2.18964
36.75461 7.31659 3.86238 1.73950 9.16481 5.66292 4.11606 8.50868 25.48218 61.26785 33.33664 25.53749 6.25420 4.27246 1.24359 0.83160 2.10953 7.66182 2.91061 4.44221 16.37650 52.32811 24.46175 16.84570 17.78221 23.45657 11.82175 20.11681 22.82715 4.01688 15.54489
15.49721 2.49863 0.41389 1.70517 3.18527 4.19617 0.79155 2.32315 47.63412 31.38924 47.88589 31.24046 4.21524 2.76184 2.75230 2.68173 1.64604 4.29916 6.14166 4.99153 10.01549 18.70537 27.70233 32.48978 8.03947 13.30376 7.43294 10.36072 7.02095 9.05609 2.59781
26.45111 1.74332 3.74985 19.63997 6.58607 2.33841 1.75858 0.40436 1.98364 11.97815 23.99063 38.64479 15.11002 4.48799 4.37355 1.71661 4.47845 3.00980 7.65228 3.39317 1.72806 12.08305 5.31387 18.58902 6.12068 8.64983 4.01497 13.42964 4.52042 7.19643 9.84955
11.03592 8.67081 5.44739 6.76155 3.52478 1.75476 1.27602 0.79918 1.35803 5.04494 26.28136 49.04938 53.96843 22.37701 8.89397 12.02202 9.16100 14.31274 8.74329 6.23894 10.26726 8.36182 4.79698 10.24437 5.04684 1.63460 4.65775 7.63130 31.39687 26.12686 14.60457
8.17108 22.50862 6.31142 19.96613 3.45993 4.00925 4.28963 2.09427 10.37788 3.25394 10.41031 30.78461 17.41028 33.67424 27.79961 58.75778 7.74765 12.34055 13.68141 7.95364 5.98907 3.94249 1.18256 1.16730 0.84686 0.37575 4.60243 10.89668 18.50891 7.13730 15.87868
28.88298 33.23746 7.36046 17.75932 2.00462 2.94113 3.02696 5.42831 7.88498 12.46071 16.65306 64.54849 57.58858 18.77022 18.12363 26.86310 15.34653 8.66699 6.09779 4.60243 6.60133 7.02667 6.58989 3.21579 2.58446 0.31662 6.69098 3.92342 2.72179 12.13074 18.85796
21.93832 57.44171 19.58656 37.23717 1.54305 3.88908 2.60162 2.72179 5.72586 5.61333 11.99150 27.79388 4.72832 40.80391 12.37488 12.04872 14.79149 13.84735 17.25578 5.72395 6.28662 5.12314 6.74438 9.42421 16.46805 0.88120 0.89836 3.52478 16.37650 4.21715 10.45227
