DATA/RAW-RASTER/ECMWF/20170628/EN-38/20170710.en-38.asc
ncols			31
nrows			16
xllcorner		69.5
yllcorner		19.5
cellsize		1.0
NODATA_value	-99999
0.38910 1.06049 5.00488 2.87628 0.00000 0.12970 0.00000 0.03052 0.15259 0.99182 0.86212 0.11444 0.71716 0.05341 0.02289 0.08392 0.03815 0.10681 0.03815 0.15259 0.03052 0.00000 0.00000 0.00000 0.00000 0.00000 0.00000 0.01526 0.00000 0.00000 2.20490
0.00000 0.03052 4.35638 5.08118 4.63104 0.11444 0.90027 2.61688 0.41962 0.27466 1.24359 0.18311 0.77820 0.65613 0.54169 0.25940 1.21307 0.39673 1.72424 0.11444 0.67139 0.03052 0.00000 0.00000 0.00000 0.00000 0.00000 0.00763 0.00000 0.17548 0.17548
0.04578 0.79346 0.93842 5.76782 11.01685 18.56995 3.66974 3.53241 3.44086 0.16022 0.61798 0.23651 0.03052 0.00000 0.01526 0.38910 0.53406 0.40436 1.21307 1.52588 1.07574 0.05341 0.63324 0.54932 0.38147 0.00000 0.00000 0.00000 0.12207 0.17548 0.21362
0.33569 0.00000 0.01526 1.36566 37.65869 26.14594 17.08984 6.69098 4.40979 9.14764 1.89972 0.36621 0.00763 0.00763 0.04578 0.00000 0.09155 0.15259 0.29755 0.26703 0.04578 0.16022 0.41962 0.48828 0.06104 0.07629 0.64087 0.12970 0.11444 0.07629 0.50354
0.00000 0.00000 0.00000 0.00000 0.61035 20.20264 25.55847 9.79614 19.18030 10.90240 9.75037 12.51221 10.17761 6.08063 1.48773 0.03815 0.08392 0.10681 0.72479 0.40436 0.35095 0.00000 0.06104 0.45013 1.16730 2.82288 2.41852 10.71930 2.92969 1.68610 0.68665
1.64795 0.00000 0.00000 0.00000 0.22125 1.25885 14.47296 24.58191 8.94165 32.25708 20.07294 15.86151 13.65662 9.01794 2.57111 0.60272 0.48828 0.16785 0.03815 0.07629 0.09918 0.74005 0.17548 2.14386 1.70898 0.48065 1.01471 1.83868 2.91443 2.64740 7.33185
0.00000 0.00000 0.00000 0.00000 0.03815 0.01526 0.25177 33.82874 15.50293 8.69751 13.35907 14.28986 10.59723 10.49805 16.52527 5.44739 2.48718 1.54114 0.95367 1.20544 0.80872 1.47247 2.51770 3.13568 4.31824 13.75580 46.62323 12.83264 10.45227 11.76453 18.35632
0.00000 0.00000 0.00000 0.00000 0.00000 0.00000 0.14496 3.35693 23.36884 8.67462 13.30566 7.68280 16.91437 9.85718 12.98523 18.48602 29.58679 7.56073 23.81897 10.65826 11.72638 14.14490 14.35852 11.92474 4.57001 21.86584 23.86475 27.06909 34.88922 14.85443 22.49146
0.00000 0.00000 0.00000 0.00000 0.00000 0.37384 2.90680 0.81635 3.97491 11.26862 25.40588 18.18848 10.51331 14.10675 13.99231 14.31274 8.65936 16.86859 29.32739 43.77747 13.96942 20.66803 20.13397 12.52747 7.19452 6.65283 7.25555 33.88977 11.04736 38.29193 15.21301
0.00000 0.00000 0.01526 0.38910 1.51825 0.17548 0.06866 1.36566 10.25391 17.68494 26.25275 30.85327 24.86420 8.65936 7.49207 7.27081 19.64569 16.73126 15.43427 14.86206 13.09967 9.40704 10.20813 7.11823 3.08228 6.91223 11.45935 14.55688 10.23865 25.86365 16.75415
0.80872 0.22125 0.61798 0.47302 0.52643 0.17548 0.04578 0.60272 13.11493 6.02722 2.75421 20.20264 11.54327 10.39124 15.75470 10.12421 4.89807 10.18524 5.85175 5.72968 7.69806 1.10626 2.79236 2.67792 5.81360 6.79016 24.50562 30.83038 15.54108 15.38086 1.40381
0.90027 1.06049 0.35858 4.68445 5.43976 4.98199 0.51880 0.62561 4.89807 13.53455 12.71057 8.39996 12.52747 8.88062 3.05939 3.79181 8.56018 8.25500 10.96344 6.31714 3.12042 3.30353 1.08337 1.09863 0.55695 5.98907 3.95966 17.08984 6.32477 6.72913 2.03705
1.51062 2.60162 1.32751 2.05994 27.29034 3.04413 0.54169 8.17871 5.56946 4.62341 8.09479 4.69971 2.49481 3.73840 2.92969 9.69696 12.36725 8.31604 4.70734 4.48608 9.32312 6.62994 5.50842 1.35040 2.21252 10.38361 0.27466 7.59888 3.31879 4.10461 10.65826
4.29535 3.91388 0.97656 2.91443 2.74658 0.73242 0.95367 1.44196 7.19452 7.01141 14.20593 2.60925 8.72803 1.10626 14.30511 13.28278 3.75366 10.62012 2.98309 2.58636 1.57166 2.35748 4.29535 4.30298 6.12640 1.44958 0.45776 7.65228 8.42285 11.29913 11.46698
4.95911 1.80054 6.43921 14.06097 5.74493 4.52423 3.93677 16.47186 12.87842 8.61359 11.40594 8.46863 6.21033 5.95093 3.79181 10.39124 9.88007 6.40106 1.15967 0.16022 0.42725 0.64850 0.68665 2.67792 2.67029 8.87299 4.59290 7.68280 20.27893 37.79602 34.48486
2.92969 2.73895 5.52368 21.28601 16.63208 20.56885 12.72583 17.86041 28.00751 24.49036 28.86200 5.85938 4.85229 9.83429 2.06757 10.23865 6.39343 1.63269 1.19781 1.20544 0.54169 0.72479 0.95367 2.56348 16.95251 1.61743 7.47681 16.00647 38.04779 60.62317 45.82977
