DATA/RAW-RASTER/ECMWF/20170628/EN-38/20170708.en-38.asc
ncols			31
nrows			16
xllcorner		69.5
yllcorner		19.5
cellsize		1.0
NODATA_value	-99999
0.00763 0.01526 0.03815 1.03760 0.00000 0.00000 0.00000 0.00000 0.00000 0.00763 0.01526 0.00000 0.00000 0.00000 0.00000 0.00000 0.00000 0.01526 0.01526 0.71716 1.33514 0.79346 1.98364 0.95367 6.16455 6.24847 8.25500 9.62830 13.19885 18.79120 26.54266
0.00000 0.06866 0.10681 0.16022 0.62561 0.00000 0.00763 0.03052 0.00000 0.00000 0.19073 0.00763 0.03052 0.00000 0.03052 0.07629 0.17548 0.03052 0.09918 0.54932 0.14496 1.86920 2.18201 5.16510 5.28717 5.31769 10.36072 12.77924 11.78741 19.37866 18.80646
0.00000 0.00000 0.09918 0.83160 8.20160 7.35474 0.40436 0.00000 0.00000 0.00763 1.33514 0.64850 0.00000 0.00000 0.01526 0.02289 0.00000 0.04578 0.20599 0.96893 3.02124 1.05286 3.23486 3.75366 7.59888 7.29370 9.57489 4.60052 8.24738 11.54327 11.90186
0.00000 0.00000 0.00000 0.03052 0.54932 4.54712 14.41193 4.84467 0.03052 0.02289 1.20544 0.10681 0.00000 0.00000 0.05341 0.17548 1.05286 1.19781 0.83160 1.77765 5.97382 10.34546 14.70947 14.48822 12.02393 6.93512 9.15527 8.18634 5.29480 6.79016 10.49805
0.00000 0.00000 0.00000 0.00000 0.00000 0.75531 4.07410 3.11279 1.37329 0.07629 0.05341 0.13733 1.00708 0.45013 0.59509 2.34222 2.24304 13.93127 8.50677 10.84137 16.39557 15.37323 14.39667 12.84790 13.76343 10.43701 6.99615 3.95966 2.25830 5.29480 3.78418
0.00000 0.00000 0.00000 0.00000 0.00000 0.90027 0.67139 3.76892 4.29535 0.98419 12.11548 8.97217 3.08990 2.70844 2.63214 21.56067 39.61945 18.72253 15.02991 14.51111 3.57819 1.48773 0.96130 2.51007 3.48663 5.95093 2.05231 0.78583 4.19617 1.72424 0.66376
0.00000 0.00000 0.00000 0.00000 0.00000 0.04578 0.05341 1.47247 3.65448 1.99890 3.81470 33.47015 51.87988 9.04083 6.30951 12.63428 5.20325 3.63159 4.24194 1.22833 2.30408 1.28174 2.58636 3.47900 5.64575 9.73511 5.43213 3.58582 0.76294 0.43488 1.25122
0.00000 0.00000 0.00000 0.00000 0.00000 0.00000 0.57983 0.92316 3.54004 2.89917 2.11334 2.54822 9.08661 54.55780 41.28265 9.09424 12.27570 1.83868 0.83160 2.96783 3.42560 8.88824 2.88391 9.18579 11.01685 6.66809 10.91766 1.06812 3.27301 1.68610 1.06049
0.00000 0.00000 0.00000 0.00000 0.00000 0.08392 0.05341 0.09155 1.36566 2.17438 2.00653 4.39453 10.76508 31.28052 20.57648 6.05011 9.53674 4.53949 11.46698 15.17487 33.06580 18.02063 50.84991 21.13342 31.63147 8.23975 8.46100 4.44031 2.20490 1.33514 0.69427
0.00000 0.07629 0.13733 0.19073 0.00000 0.00000 0.00000 0.00000 0.00763 0.93079 5.01251 5.74493 15.21301 11.40594 30.59387 8.43811 6.19507 2.39563 6.69098 17.39502 11.45935 12.51221 20.67566 7.10297 6.38580 18.33344 11.72638 26.51215 3.92914 0.06866 0.64850
0.02289 0.31281 0.51117 0.55695 0.00000 0.01526 0.02289 0.01526 0.01526 0.57983 0.32043 5.02014 12.39777 20.91980 126.50299 21.50726 0.62561 2.10571 5.96619 11.68060 25.43640 42.67883 51.42975 28.70941 4.70734 35.59875 3.50952 67.72614 17.49420 0.67139 0.03815
0.09155 0.19073 0.49591 0.91553 0.10681 0.25940 1.25122 0.57220 0.08392 0.16022 0.74768 1.01471 4.53949 9.26208 3.61633 0.52643 6.51550 9.62067 8.39233 21.01135 12.13837 9.76562 4.00543 5.63049 8.08716 8.23975 4.56238 13.31329 4.63104 2.26593 0.29755
0.67902 1.48773 1.13678 1.47247 2.09808 1.83105 0.49591 0.91553 0.19073 0.91553 1.01471 3.63922 6.54602 7.71332 1.47247 12.57324 9.35364 8.89587 10.62775 18.26477 22.59064 2.02179 3.44849 17.89093 20.72144 4.11987 1.22070 4.57764 13.89313 7.37000 1.58691
1.89209 1.07574 0.03815 1.84631 1.89209 0.96893 0.72479 3.55530 13.13782 6.31714 5.52368 4.69971 1.35803 0.39673 1.64032 0.75531 8.76617 17.61627 5.10406 4.35638 3.12042 5.34821 9.12476 26.14594 5.21851 5.55420 0.93842 11.67297 7.13348 8.08716 2.62451
1.71661 1.87683 1.17493 3.03650 2.84576 4.16565 2.67029 1.60217 13.34381 8.62885 12.61902 8.23212 4.03595 1.45721 5.09644 1.31989 7.75909 6.14929 5.27954 3.04413 4.60052 9.21631 15.73181 12.34436 2.46429 2.53296 4.14276 2.47192 11.61957 4.28772 10.69641
1.51062 1.51062 5.37109 22.86530 1.70898 6.72913 16.08276 13.75580 9.10950 10.77271 11.40594 8.40759 5.42450 0.82397 8.70514 23.02551 22.07184 4.82178 2.65503 1.89209 2.40326 8.57544 12.48932 11.30676 16.29639 11.48224 2.54822 4.35638 8.41522 22.45331 12.39777
