DATA/RAW-RASTER/ECMWF/20170628/EN-38/20170711.en-38.asc
ncols			31
nrows			16
xllcorner		69.5
yllcorner		19.5
cellsize		1.0
NODATA_value	-99999
0.00000 3.28064 2.95258 3.54004 0.48065 0.32043 0.01526 0.01526 0.22888 1.41144 2.02179 0.89264 0.97656 0.25940 0.16022 0.09155 0.26703 0.66376 0.04578 0.22888 0.00000 0.13733 0.00000 0.00000 0.01526 0.03815 0.07629 0.16022 0.54932 0.09918 0.19836
0.00000 0.16022 4.98962 5.30243 7.09534 6.10352 3.29590 0.82397 0.59509 1.51825 1.06812 2.44904 1.17493 0.51880 0.67139 0.22125 0.67139 0.96130 0.70953 0.02289 0.21362 0.13733 0.06104 0.00763 0.09918 0.11444 0.60272 0.41962 0.80872 0.66376 1.09100
1.57928 0.93079 1.41907 4.36401 4.58527 22.43805 11.93237 0.61035 6.52313 3.14331 3.45612 0.89264 0.00763 0.33569 0.19836 0.39673 0.70190 0.28229 0.24414 0.99182 0.40436 0.12207 0.05341 0.40436 0.27466 0.28229 0.45013 0.21362 0.99182 1.87683 2.28882
0.31281 0.00000 0.00763 0.06104 4.85992 11.52802 16.13617 7.02667 2.58636 3.95966 10.10132 3.28064 1.91498 0.82397 0.64087 0.15259 0.45776 0.29755 0.16022 0.08392 0.00763 0.24414 0.22125 0.81635 0.60272 0.03815 1.19019 0.88501 1.70135 2.02179 4.63104
1.26648 0.00000 0.10681 0.01526 0.53406 4.01306 15.15198 9.93347 24.01733 7.23267 1.45721 7.37762 14.90784 15.67078 5.55420 0.99182 0.93842 0.29755 0.72479 0.48828 0.48065 0.64087 0.53406 0.09155 0.35858 0.61035 0.59509 0.70953 4.29535 13.63373 7.17926
0.00000 0.00000 0.00000 0.00000 0.35858 1.73187 9.20105 20.14923 21.41571 66.53595 11.85608 15.83099 5.92041 11.11603 15.85388 5.33295 1.48010 5.05829 1.09100 1.37329 1.01471 0.34332 0.31281 0.43488 0.15259 1.44196 3.73840 11.55853 9.92584 14.21356 15.89203
0.00000 0.00000 0.00000 0.06104 2.22778 3.53241 1.48773 11.74927 14.29749 19.85168 76.10321 27.32849 22.83478 19.64569 5.02777 8.59833 22.43805 19.41681 8.60596 2.05231 1.28174 1.21307 0.65613 2.02179 2.86102 9.45282 20.71381 11.84082 13.82446 17.47131 18.69965
0.00000 0.00000 0.00000 0.00000 0.00000 0.52643 2.78473 7.31659 26.33667 10.55908 7.41577 28.73230 12.89368 55.12238 81.57349 31.09741 18.31055 7.70569 10.24628 6.49261 10.69641 12.76398 18.54706 21.46912 11.90948 15.23590 10.23865 22.65167 11.75690 18.05115 11.29913
0.00000 0.00000 0.00000 0.00000 0.00000 0.72479 8.50677 17.00592 15.05280 29.64020 6.25610 44.67773 117.46216 4.66919 8.11768 8.05664 10.45990 25.61188 49.44611 47.41669 26.26801 10.78033 23.07892 14.37378 1.66321 1.11389 2.95258 16.31927 9.28497 1.89209 0.73242
0.06104 0.01526 0.14496 0.74768 0.12207 0.11444 2.05231 8.58307 16.16669 11.05499 10.12421 7.91168 6.54602 0.83923 10.15472 2.24304 4.84467 1.13678 1.20544 3.02124 0.56458 8.93402 9.49097 6.92749 4.91333 9.75037 4.46320 1.85394 2.86865 0.38147 2.93732
0.28229 0.22125 0.16022 0.53406 0.61798 0.99182 3.35693 13.16071 11.00922 37.23907 11.13892 6.43158 9.33838 8.33893 8.07190 16.50238 6.91986 9.97162 8.14056 2.96783 11.71875 3.61633 5.31769 0.64850 5.50842 2.17438 5.51605 1.64032 1.53351 0.54169 0.83923
0.29755 0.27466 0.31281 1.31989 0.45776 0.10681 0.77057 4.18854 20.08057 44.27338 30.18188 24.68872 9.61304 7.04956 13.22937 12.05444 8.45337 8.71277 12.57324 4.50897 10.42175 1.11389 0.61798 0.01526 5.59998 8.00323 0.28992 0.14496 2.65503 1.64795 3.92151
0.48065 1.87683 1.54877 1.82343 2.38800 1.00708 0.83160 9.71222 16.61682 14.84680 19.08112 11.16943 10.89478 19.52362 62.29401 6.43158 7.27844 16.79230 6.34766 8.26263 19.52362 17.63916 11.39069 2.08282 18.28766 20.67566 1.24359 2.47192 1.12915 1.02997 5.08118
1.81580 1.74713 0.80109 0.99182 3.07465 0.58746 0.45013 19.10400 36.81183 14.12201 14.95361 20.99609 14.17542 6.41632 3.57056 8.88824 7.91931 2.73895 4.44794 4.45557 11.14655 19.06586 56.37360 63.15613 49.92676 5.37109 5.77545 15.19775 13.13782 4.37927 5.85175
8.79669 7.31659 4.21143 9.30786 10.76508 0.99945 1.31226 14.99176 43.70117 14.29749 13.73291 24.62769 20.56885 12.51984 1.69373 7.54547 18.89801 2.24304 0.51117 0.52643 4.56238 15.68604 47.06573 37.34589 57.35016 80.11627 9.24683 15.55634 30.42603 27.21405 28.57971
6.32477 4.21143 7.56836 49.68262 8.75092 9.93347 3.54767 13.69476 18.57758 29.82330 16.78467 11.05499 7.60651 3.50189 3.34167 9.52911 14.55688 1.30463 1.20544 0.95367 2.26593 10.66589 20.02716 31.97479 41.28265 27.00043 8.39233 34.28650 35.07233 19.72198 62.40845
