DATA/RAW-RASTER/ECMWF/20170628/EN-0/20170710.en-0.asc
ncols			31
nrows			16
xllcorner		69.5
yllcorner		19.5
cellsize		1.0
NODATA_value	-99999
1.60980 1.71661 1.92261 1.97601 0.51880 0.12970 0.16785 0.12207 0.09155 0.09155 0.10681 0.14496 0.34332 0.89264 0.85449 1.28937 1.06049 0.56458 0.93842 1.83868 3.89862 7.80487 4.18854 1.28937 7.69806 8.79669 3.35693 0.42725 0.08392 0.11444 0.08392
0.06866 0.79346 2.32697 3.85284 4.46320 1.71661 0.40436 1.59454 0.41199 0.20599 1.71661 2.37274 2.58636 2.55585 1.20544 0.52643 0.07629 0.87738 0.64850 2.24304 0.90790 8.27789 5.43213 1.65558 7.75146 6.46973 7.94983 4.75311 3.40271 1.94550 0.09918
0.17548 1.02234 3.77655 2.69318 3.51715 4.34875 3.56293 0.28229 1.06812 0.21362 0.84686 2.16675 2.63977 2.32697 1.76239 0.56458 0.83923 0.90790 3.37982 4.29535 1.53351 2.79999 5.56183 1.59454 4.48608 6.24847 11.92474 14.74762 11.07025 8.89587 2.79999
1.46484 0.15259 1.51825 3.50189 3.05176 8.82721 7.66754 4.36401 0.08392 0.03052 0.19836 1.14441 0.77820 9.32312 2.22015 1.53351 1.15967 3.99780 2.71606 4.60052 5.05829 4.10461 6.80542 8.41522 10.56671 4.40216 11.80267 9.09424 4.60052 4.45557 2.25830
1.20544 0.00000 0.17548 1.48010 5.66864 10.74982 3.07465 8.43811 8.72040 0.06104 0.00000 0.96893 4.53186 9.59778 16.50238 9.42230 7.15637 9.81140 10.52856 6.32477 8.34656 9.87244 6.31714 6.95038 4.04358 8.30841 8.85010 14.02283 5.94330 4.12750 1.45721
0.01526 0.00000 0.06104 0.31281 1.40381 5.49316 1.67084 5.45502 1.11389 10.74982 14.61792 8.27789 4.84467 2.27356 5.48553 10.28442 15.86151 9.71222 10.85663 10.59723 14.64081 17.99011 6.14929 6.45447 16.24298 28.61023 7.50732 8.62122 11.74164 9.43756 4.94385
0.00000 0.00000 0.01526 0.12970 0.27466 5.18036 1.22833 1.35803 0.84686 6.64520 4.84467 12.08496 15.47241 8.92639 1.50299 7.72095 7.50732 11.02448 9.74274 29.50287 16.73889 11.42883 18.44025 17.12036 22.44568 19.95850 11.31439 6.29425 9.96399 2.99835 2.44904
0.00000 0.00000 0.00000 0.00000 0.02289 0.77820 1.50299 1.84631 5.88989 9.65881 7.91931 10.04791 10.86426 7.75909 20.92743 19.95087 15.32745 1.74713 3.81470 3.93677 17.06696 17.53235 8.65936 32.39441 14.02283 15.53345 26.29852 17.60864 6.66046 13.13019 12.97760
0.00000 0.00000 0.01526 0.00000 0.00000 0.35858 1.02997 7.43103 10.40649 19.65332 12.87079 14.95361 5.66864 3.37982 2.51770 2.53296 5.21851 4.35638 10.42175 33.97369 26.40533 16.33453 5.31769 13.46588 6.13403 22.37701 13.07678 14.47296 38.04779 8.94928 21.64459
0.01526 0.01526 0.14496 0.08392 0.40436 0.04578 2.74658 11.01685 17.68494 26.60370 22.03369 8.43048 11.94000 5.83649 3.41034 3.82996 3.67737 6.55365 11.68060 6.03485 4.96674 2.00653 7.10297 7.58362 6.04248 30.15900 32.20367 23.06366 33.31757 16.53290 25.29144
0.10681 0.58746 0.43488 0.54169 0.02289 0.21362 8.85010 9.88007 18.16559 21.14105 37.95624 122.93243 78.00293 10.42938 2.36511 2.09045 6.89697 1.68610 1.46484 4.02832 4.23431 7.54547 13.15308 7.38525 5.67627 15.19775 12.45880 19.63043 35.86578 25.25330 10.08606
0.41199 0.52643 1.63269 4.73785 1.47247 1.93787 4.47845 2.01416 1.30463 5.16510 6.98853 20.10345 14.12201 10.99396 0.57220 6.53839 4.03595 1.64032 2.04468 2.76184 1.74713 1.41907 2.22015 6.89697 25.83313 18.47839 10.63538 18.89801 16.43372 9.69696 18.32581
0.85449 2.54822 1.28174 3.43323 5.90515 3.35693 1.83105 1.64032 0.75531 0.55695 1.54877 1.18256 5.39398 4.73022 16.96777 12.71820 9.72748 1.83105 3.51715 1.81580 2.12860 2.10571 1.37329 4.03595 6.00433 1.61743 0.81635 4.44031 20.17212 28.34320 28.39661
2.12097 2.54822 0.92316 3.88336 5.80597 1.50299 1.22833 2.79236 3.34930 0.83923 1.84631 0.11444 0.57983 4.61578 23.25439 13.32855 2.41089 4.53186 7.90405 3.25012 2.68555 6.14929 5.46265 9.91058 0.56458 0.45013 0.41962 1.13678 19.09637 9.26971 31.70013
2.13623 2.53296 1.87683 3.82233 2.82288 0.81635 0.42725 0.48065 0.74005 1.58691 3.27301 3.80707 6.21796 6.66046 11.25336 27.98462 9.13239 15.38086 10.96344 5.84412 5.57709 5.01251 6.72150 3.04413 2.79236 0.61798 1.06049 1.06812 8.98743 11.58905 35.11810
1.10626 3.82996 4.38690 9.95636 2.45667 1.86157 1.77002 2.75421 2.09808 0.80109 6.02722 2.65503 2.91443 8.86536 10.66589 24.59717 26.51215 38.55133 34.11865 11.70349 8.46100 7.67517 10.33020 15.51819 10.60486 1.54877 2.15912 2.09045 1.78528 4.37927 12.08496
