DATA/RAW-RASTER/ECMWF/20170628/EN-0/20170702.en-0.asc
ncols			31
nrows			16
xllcorner		69.5
yllcorner		19.5
cellsize		1.0
NODATA_value	-99999
0.26321 2.71606 3.38745 4.20380 3.70026 0.93460 2.38800 0.62943 0.10681 0.02670 0.27084 0.29755 0.56458 0.83923 0.43488 1.06812 0.85068 0.41199 0.47302 0.24033 0.93842 1.35803 2.13623 0.61798 0.79727 1.10245 0.79346 0.57602 1.38092 2.26974 6.61469
0.09918 0.18692 4.34113 1.79672 5.35583 0.80109 0.15259 0.09918 0.07629 0.00763 0.23651 2.52151 0.81635 2.25067 2.74277 2.17438 4.32968 4.33350 4.00925 1.45721 4.02832 4.24194 1.78528 0.60272 0.97656 1.04141 1.34659 1.15967 1.57928 2.24304 2.75421
1.16348 1.25504 0.46921 2.51389 2.85339 4.37164 8.25500 0.28229 0.02670 0.04578 0.45395 2.08664 1.65939 2.39563 3.40271 2.32315 4.64630 5.28717 4.07410 14.77051 12.98523 6.58035 2.97165 1.09100 0.85068 1.56021 0.54550 0.84305 2.66647 3.25775 7.00378
3.12424 7.46536 0.11063 2.06757 0.42725 2.23923 5.76401 8.72040 0.10681 0.06104 1.65558 3.94058 7.77435 5.83649 6.14166 1.74332 1.42670 4.50516 3.38364 3.50189 13.94272 14.00757 7.93076 7.31277 1.38474 1.11771 4.68826 3.68118 4.93240 3.60870 6.72913
3.44086 11.85226 0.73624 0.20981 0.83542 1.22452 7.24411 23.38409 17.46368 5.19943 2.77710 7.87735 5.93185 12.83646 10.46371 8.78143 5.34439 5.28717 7.11823 5.34821 3.33405 8.94165 11.16943 6.75583 3.91769 4.42123 6.71005 7.64847 7.63321 8.95309 11.03592
5.56564 16.67404 0.82397 0.06866 0.42725 1.04141 15.23590 6.86264 7.77054 37.54044 23.54813 6.28662 5.29480 2.34604 3.87573 4.22287 18.77594 14.16016 6.10733 5.79834 9.25446 9.20868 7.35855 8.45337 4.99344 6.74438 2.46429 3.94058 16.94107 11.83319 10.06699
0.00000 0.69046 0.92697 0.15259 0.94986 2.26593 6.96182 10.66589 12.97760 10.47134 8.60214 18.32199 27.61459 8.35419 0.34332 1.35803 1.83868 4.77982 6.73676 8.68988 2.84195 18.46313 13.77487 6.64902 10.63919 10.17380 27.15302 7.22504 4.81796 19.24896 7.39288
0.00000 0.00000 1.42288 1.59454 1.13678 8.39615 14.38522 8.16345 28.58734 23.76938 6.03485 5.22614 1.78909 10.82993 24.69254 21.22879 5.84793 1.17493 3.84140 5.23376 8.16345 18.93616 9.13239 17.73453 13.01575 78.36533 185.35995 50.24338 25.95901 6.98853 4.62341
0.00763 0.00000 0.29755 1.56021 7.29752 6.82831 21.35849 19.67621 14.78195 8.12912 4.65775 10.93674 13.28278 5.15366 7.38144 13.41629 6.85501 10.38742 106.02570 81.22635 46.40961 66.27655 74.83292 30.84183 28.51868 27.78625 20.66040 58.07877 64.52942 23.30399 8.91113
0.00000 0.06104 0.06866 0.56076 3.23868 8.20160 34.33228 27.29034 11.66153 13.77487 15.83481 9.05228 7.72858 6.14166 6.16455 10.18906 19.94705 5.84793 6.30951 8.33893 16.31546 10.63919 39.49356 9.48715 12.43973 15.13672 26.77155 24.63150 89.40125 34.50775 10.67352
0.11063 0.10300 0.27847 0.54169 2.46811 17.56287 41.90063 46.49353 21.04950 6.78635 1.77002 3.29971 3.76511 8.02612 7.11441 7.14493 21.08002 6.06155 11.24191 11.58905 15.41519 15.97214 58.12836 10.70404 8.12912 10.62775 7.42722 15.10239 58.74634 34.46198 28.22876
0.40054 0.94986 2.11334 2.44904 1.32370 5.73730 30.42603 188.93814 51.57471 10.77652 2.89536 2.41470 10.82993 13.02719 3.31116 4.45557 3.40271 4.33350 3.80325 7.76672 23.72742 8.08334 1.22833 2.17056 14.36996 4.79126 3.49808 12.52747 21.20590 31.16608 32.69958
0.62561 3.26920 3.05939 3.57437 4.42886 9.17435 15.09857 56.92673 60.14633 39.41345 8.83865 2.18582 9.46045 9.27734 4.74548 5.30243 7.19452 10.38742 4.28772 7.61795 13.27896 9.30023 5.37491 10.74600 17.18521 4.75693 2.97928 8.82721 25.00534 24.21951 24.45602
1.52206 1.73187 0.30136 2.68936 12.93945 9.15146 15.28549 26.30234 62.22153 12.48169 2.06757 1.00327 2.25830 5.59616 12.31384 3.37601 5.40543 11.38687 4.98962 3.37601 5.65338 34.39713 21.80099 30.18188 4.63867 3.73077 2.77710 12.50458 17.20428 21.14868 20.54977
3.73459 0.95749 1.73569 7.05719 8.13293 4.03214 4.96674 9.62067 7.32803 3.04031 6.84738 2.23160 4.16565 13.60703 10.49423 6.35147 16.18958 3.32260 16.92200 18.19229 28.95737 32.42111 51.99432 30.15518 8.44574 5.51605 6.20651 3.28827 3.08228 17.70401 20.08057
4.46320 5.00870 18.10074 37.84180 19.93561 7.67899 4.85611 16.55960 15.52582 11.04736 9.70840 6.48880 2.04468 4.03976 2.53296 21.40045 6.09970 7.00760 19.20700 7.41959 10.38361 18.09311 35.82382 42.01889 59.68475 3.50952 22.35031 4.18854 8.42285 5.68390 4.73785
