DATA/RAW-RASTER/ECMWF/20170628/EN-0/20170628.en-0.asc
ncols			31
nrows			16
xllcorner		69.5
yllcorner		19.5
cellsize		1.0
NODATA_value	-99999
4.72641 10.08987 9.42612 8.21686 9.41467 2.72179 4.07410 8.64792 2.07901 0.18692 1.06812 8.10432 9.24873 5.27191 8.54874 9.89914 5.87273 1.37138 2.52151 5.27191 1.16730 1.26457 1.48773 1.35231 0.76485 0.66566 0.30136 0.74768 2.34032 0.69237 6.62041
4.11415 11.38115 32.16934 19.50836 4.35638 12.24327 7.82967 3.25012 5.19943 0.79727 1.43814 1.72806 12.39014 7.42531 10.56099 7.78008 3.76892 6.87790 8.40569 2.61688 5.37491 1.74904 0.79346 1.04904 1.78719 1.06812 0.93079 1.15585 0.69237 0.65613 1.48773
14.55688 26.32332 37.21428 17.39883 13.18359 24.59335 19.32716 8.81958 4.66728 1.86729 1.13106 0.57220 2.34604 1.37138 2.96402 7.20787 7.30133 5.06783 7.22122 10.04791 4.71497 6.71387 5.44357 7.20978 0.93651 1.35422 0.38910 0.34904 1.20354 0.88882 0.45967
30.28679 29.78516 22.21298 29.85191 6.65092 15.25307 8.85773 18.41927 10.07462 1.53732 1.23787 1.88255 0.50926 4.17137 5.54657 2.15721 9.46999 8.32939 8.48961 8.42857 6.26945 9.01031 6.60896 4.33540 0.81825 0.00000 1.17874 0.46539 1.07956 2.22969 4.09317
16.49094 35.10666 20.85876 32.24373 17.50946 25.98381 25.72823 15.75279 9.82857 5.70679 0.43106 1.22452 2.53105 0.65041 2.64740 5.99861 1.78337 8.22067 10.53238 7.50160 9.04274 9.82666 6.28471 5.15747 2.22588 4.42314 3.24821 2.99454 7.49779 1.71089 7.81059
13.26370 30.53093 31.93665 19.38629 15.84816 26.27373 27.28462 25.37918 6.97517 12.40730 20.19119 3.94630 2.23923 0.61035 2.98882 3.73459 4.09126 7.04384 10.16808 6.27708 6.74629 7.40814 8.73756 9.69124 11.11794 6.48689 1.27602 2.67029 6.53648 14.63318 9.11903
15.35416 24.57619 24.14703 7.00188 5.85365 17.30347 22.42279 12.76016 22.18437 23.89336 18.08739 15.83290 24.58382 6.73866 1.21689 2.09045 3.41606 7.53403 6.27518 14.16588 5.89943 4.61769 10.47516 6.25420 12.73346 13.43727 7.57599 3.57056 1.88637 9.14001 4.99535
11.86371 22.74132 7.97462 6.89316 1.97792 14.22501 11.99913 19.70482 30.04456 23.73314 23.50998 14.17542 4.82750 7.59315 16.29639 8.28743 9.49097 0.59891 0.66185 2.67410 5.02777 9.94301 3.59917 24.59526 18.81981 13.99422 15.67650 8.41331 60.67467 16.82472 9.65691
10.90431 14.19449 3.54385 2.44522 2.22015 10.13184 19.43398 38.78212 27.53067 23.90480 26.94321 21.56830 11.94763 3.56865 0.77248 1.47247 1.28365 6.56700 14.48822 11.35254 16.11328 19.47021 16.92581 14.65988 26.05057 14.86969 13.08632 50.60005 37.81891 12.18987 5.26428
6.29425 2.10190 1.78719 1.57356 10.01740 24.31488 13.54790 20.74242 27.22931 22.47810 24.33205 14.66942 15.28168 4.21906 1.85966 0.64468 1.16158 1.14250 3.38745 8.50296 12.48741 16.79039 42.89818 19.25659 10.90050 20.11299 16.37650 21.42334 14.63699 6.89507 4.35829
8.72612 9.99260 3.22151 0.95749 1.34850 12.43019 1.36375 9.78088 23.27347 24.80888 23.27156 18.44978 11.18088 12.07733 1.17493 0.53406 2.69890 3.38936 2.68173 1.79863 7.65038 15.12718 19.24324 28.70178 9.34219 11.88469 18.06259 24.45984 14.53400 5.51987 4.57001
10.01549 1.79291 1.45721 10.12039 7.96890 2.16675 4.57764 3.28064 7.60078 27.67372 45.65239 23.30589 15.82336 12.18414 3.43132 2.15149 5.22232 8.81386 5.82123 12.37679 7.59506 10.66208 13.92365 16.98112 16.68358 24.34349 12.80403 25.24567 21.60835 21.16203 15.50484
10.38551 7.41196 2.90680 6.78635 5.35202 1.53923 2.65503 0.75722 2.07710 7.91168 18.24188 24.82986 14.83154 13.29613 3.46947 11.71112 11.83319 13.65662 8.79288 12.97951 12.06017 6.43158 11.54327 17.38167 5.75256 5.53703 2.27928 26.42632 31.19659 29.31404 20.76721
30.04265 6.98662 1.20354 3.08228 1.41144 0.89264 3.12614 5.24902 0.87166 8.98170 13.59940 26.48926 20.40863 20.18929 5.75829 6.42967 8.02994 6.09016 12.35771 8.56590 6.20842 5.93376 8.81195 2.84386 8.83293 0.96130 1.61934 18.14842 34.49440 16.15715 16.08467
44.82460 8.55255 7.12204 13.12447 1.33896 1.63651 2.03323 3.30544 7.04765 7.32422 11.54900 11.23810 21.85249 35.84862 18.13507 27.64893 13.92365 11.95908 8.16536 6.67763 5.39398 9.98688 10.11848 7.78198 14.97078 2.05803 2.50435 2.47002 4.53377 25.21133 11.46698
28.44620 35.67123 26.29089 22.25494 1.26839 2.27737 3.08418 9.45854 1.75667 2.94876 3.13759 11.60431 4.77409 6.78635 7.48825 22.35794 20.66612 29.31786 32.24945 5.95856 4.21715 9.39941 14.08195 14.74380 12.23755 3.92151 6.44684 3.03078 3.33786 6.51550 10.85663
