DATA/RAW-RASTER/ECMWF/20170628/EN-0/20170701.en-0.asc
ncols			31
nrows			16
xllcorner		69.5
yllcorner		19.5
cellsize		1.0
NODATA_value	-99999
0.28229 3.74222 3.13759 2.88391 3.75938 1.38855 2.30408 0.69618 0.26703 0.65613 2.10571 2.67792 1.56021 1.79100 0.87929 0.48065 0.61417 1.85394 3.22151 5.18417 3.71933 6.01768 3.81660 2.31171 1.55067 0.94986 4.85039 11.01685 10.16235 13.41057 8.60214
0.00763 0.01907 3.21960 2.71416 1.98746 0.84114 0.02289 0.06866 0.51880 0.48256 2.27737 2.44713 4.99916 3.03459 1.85394 1.19209 0.38147 0.45586 0.51498 1.06430 4.15802 6.32668 6.34766 2.64931 2.76375 11.10077 5.01060 6.51550 15.58304 15.00320 10.64110
0.08583 0.28992 0.18692 0.68665 0.90408 2.44331 3.29399 2.13623 1.56021 1.16158 2.60353 5.29671 6.35529 10.25009 5.77927 7.69234 4.36592 1.96457 3.91960 5.14030 2.96974 5.84412 5.96809 12.00294 16.64352 12.27188 9.03320 6.17409 18.05115 12.61330 12.81929
10.17952 0.78392 0.00191 0.00191 0.28038 3.73459 5.95284 3.26347 2.17438 0.68283 4.11034 6.02150 10.87189 13.84544 8.32558 9.43947 8.86917 6.43349 4.65584 4.01497 5.37872 6.31905 9.51195 9.48334 8.22449 8.93211 11.04736 5.28717 7.73048 15.16724 10.52284
2.52914 0.32616 0.00000 0.02480 0.53978 2.14577 6.09398 13.37814 6.21796 7.02286 2.87819 5.83839 5.77545 1.46675 2.30789 3.31688 2.86674 6.10733 3.65639 3.86429 10.81085 4.64821 3.21579 3.88908 5.51414 6.70624 2.59399 2.71797 13.13972 8.05092 8.02994
0.94986 4.42886 0.00763 0.06676 0.29945 1.72615 2.88200 8.59642 11.90567 31.12984 14.66370 15.79666 2.57492 1.02234 2.71225 1.64604 5.32722 10.82611 12.99858 9.31358 4.39453 8.39233 2.24113 8.52585 11.18469 15.67268 4.42886 0.73814 6.25420 7.25174 9.54247
0.05722 1.07002 0.08965 0.12016 1.01852 1.65558 6.00433 12.46071 17.98439 7.63321 14.20403 24.40453 15.38277 3.98827 0.50354 3.29208 4.29726 4.71497 4.53377 14.21165 5.72395 13.39722 9.82094 9.90677 19.46259 67.30270 50.67444 14.02855 1.24359 3.32832 3.13568
0.01907 0.62180 4.13132 0.19646 1.56975 3.08990 8.33321 11.49178 20.42580 9.31740 13.28087 25.63858 3.66592 16.16287 22.31407 36.23962 21.53015 0.92125 2.24304 5.44548 15.14053 11.01875 13.34000 30.63011 29.49715 45.57419 45.51697 17.75932 23.54813 7.49969 7.19643
0.00000 0.31090 2.47574 4.44794 2.42996 3.37410 11.77025 10.40077 6.11115 15.93018 14.16397 5.91850 12.98141 6.56509 9.45663 7.39861 5.10597 6.99997 34.20067 137.07352 55.86433 90.70206 74.03946 20.94078 18.84651 10.08797 20.82062 179.93927 167.93442 34.40857 9.37080
0.00000 0.05341 2.38800 6.10352 3.70979 7.25174 20.85304 17.00974 4.18663 7.06673 12.13837 17.75169 7.22504 11.39069 20.14351 11.08170 6.38008 4.74930 12.20512 11.11794 31.25381 15.71465 34.12819 15.90347 8.95309 10.44655 47.90115 12.58659 44.13414 10.99205 15.92636
0.02098 0.12779 5.35583 20.81108 14.74953 4.12560 31.67152 11.06071 4.19235 2.83623 9.86099 8.25119 17.89474 9.89532 4.04739 14.42909 8.14438 10.94246 5.20897 7.66754 9.08089 14.60075 29.73175 8.55446 17.21191 14.43481 5.85747 11.84654 49.45374 14.41383 20.17021
0.24796 1.18256 8.91685 19.19746 28.85056 7.15256 15.49149 14.98985 5.64766 3.62778 7.20787 12.99286 17.09175 15.72800 12.78687 6.42395 9.59396 10.34164 5.11551 5.08308 13.45825 6.92558 2.10190 2.23541 8.24547 8.31604 3.08228 12.69913 11.57761 29.42467 25.79308
0.85068 4.54712 7.32040 41.55540 28.38898 14.20403 15.79475 4.56238 8.71277 5.43022 12.13455 13.22174 10.08987 49.86572 26.52931 13.76915 11.73782 13.51929 6.37054 6.80542 6.42204 8.61740 4.32968 2.68173 12.77161 2.22015 0.85831 5.76591 16.44325 14.94026 23.09799
1.30653 5.63431 33.76770 39.15024 65.35912 39.66522 34.73473 38.66959 4.52805 5.45692 12.15744 13.02147 40.31372 27.04811 23.46230 15.45334 8.58307 9.62830 6.86455 9.07898 18.59283 17.46368 12.78114 12.68005 8.23402 0.41389 0.83160 5.24902 23.35167 17.27295 20.28275
15.05280 9.24683 14.37378 20.56885 8.38852 10.94246 7.68471 9.42802 5.31387 6.38771 11.34491 3.67165 5.34058 15.10239 15.34271 12.14027 8.95309 23.89145 27.00615 21.55685 21.75713 17.55905 30.28679 21.81816 9.42421 1.75667 3.62206 3.60680 2.28310 13.54980 10.38170
4.43840 23.43750 47.49870 42.46140 4.61769 3.04985 3.10135 1.10245 2.45476 4.59099 8.09479 6.53076 5.07736 8.06046 2.29645 6.79207 13.64326 28.63884 32.53746 20.67184 18.67294 14.54926 23.46420 32.85599 42.99545 4.24194 13.22937 4.67300 4.80080 3.26920 5.80406
