DATA/RAW-RASTER/ECMWF/20170628/EN-0/20170629.en-0.asc
ncols			31
nrows			16
xllcorner		69.5
yllcorner		19.5
cellsize		1.0
NODATA_value	-99999
1.56975 3.69453 4.97818 2.09999 9.64737 8.04901 5.23376 10.05936 6.79398 2.29263 6.77109 7.27654 11.41930 10.23674 10.27298 3.96156 3.91579 1.88446 3.87383 5.08690 7.04384 14.86588 3.33023 0.69237 1.01662 1.17111 1.47629 0.44441 0.16212 0.00572 0.86975
1.16539 2.11906 1.73569 17.37785 2.68555 15.20348 30.93719 27.65465 17.97104 6.75774 6.23703 5.99480 8.20732 3.71361 5.86510 5.80406 6.28662 4.49944 4.81987 2.76375 6.38008 12.52747 6.08063 1.78146 1.92070 2.61497 1.18637 0.41580 0.82207 0.05341 0.13733
1.85776 6.51741 0.99373 3.64304 18.18848 47.48917 85.71434 18.44788 5.54466 1.74332 1.00327 0.49591 2.28691 1.43814 1.08147 2.65694 3.90434 6.62231 3.72314 2.76375 8.12912 4.90189 2.15340 6.40297 5.23186 3.95203 6.35529 1.25313 1.52397 0.50735 1.24550
1.97601 2.57301 4.57954 6.60896 15.88058 75.53864 63.68637 15.05280 18.10837 1.34659 2.06375 0.80681 2.71416 2.65503 0.65041 2.62070 2.92015 7.76482 4.50134 4.24576 13.96561 9.30595 8.20923 8.59261 6.24084 1.95122 8.88634 2.92778 5.40161 8.92639 0.41771
2.52533 2.17628 3.94058 20.03479 39.00146 51.26572 44.83795 15.49721 5.39207 10.58197 0.76294 1.07384 0.85258 0.99182 0.52452 0.46349 0.20027 1.31226 4.74548 5.41687 6.78444 10.77080 10.94246 8.21304 8.74138 8.05855 9.19914 19.67812 14.51492 5.75829 5.37682
1.38855 0.78964 3.99590 34.56688 29.83093 32.56989 35.77423 26.22795 33.34618 27.96364 4.80461 2.17438 1.14822 1.01852 0.85831 0.89264 1.25122 3.44276 3.41797 10.70976 8.11386 10.78987 17.59911 17.88521 15.05089 22.63832 18.69583 11.14464 22.44759 11.33537 9.80568
0.11826 2.10190 11.16943 27.21214 14.10294 21.18874 10.39886 14.80103 14.36424 12.48741 7.99751 5.64003 8.97980 2.54440 0.38338 0.68283 1.15776 0.77248 0.75912 7.36046 6.09207 4.54521 18.89610 13.79204 24.90997 129.05312 41.10718 13.89503 11.39832 13.14926 6.51550
1.96075 11.72447 40.67993 13.19313 14.18495 20.42961 25.92278 5.51414 22.26448 21.66557 5.61142 8.26836 5.11551 4.27055 10.56099 10.84518 10.54764 1.22070 3.20053 4.32968 9.68361 17.49802 4.19044 32.53174 43.79272 26.39580 34.20639 15.37514 82.61108 33.15926 5.95284
13.91792 16.17813 15.94162 22.23015 29.40369 6.66618 5.24521 15.11765 12.65717 17.34352 13.48877 5.18036 11.95145 7.48253 8.05283 5.42068 5.12886 6.83403 30.32494 15.54108 87.02278 33.69713 37.56905 34.40285 10.43701 10.12421 18.57185 51.16272 32.27043 15.80429 3.67355
12.53700 21.75331 6.16455 8.76999 10.78606 6.15692 8.15582 4.92668 15.09476 13.70239 14.19258 8.85201 10.31303 25.47836 13.70621 3.24059 3.86810 6.56319 10.59914 9.73511 13.17978 3.15857 18.65768 2.57301 2.42615 19.55032 15.17296 21.22498 23.30017 5.00298 6.93512
34.44290 13.65280 13.38005 6.43921 1.82915 3.35121 2.18773 1.21117 0.94604 9.14574 14.63127 19.66858 18.12363 25.75684 18.64052 4.06075 3.92532 2.90298 6.13022 8.16536 7.95174 11.58524 15.84435 6.58035 7.13158 26.19934 19.02962 16.77322 27.02904 13.29803 6.51169
38.07449 25.25330 19.50073 18.38493 8.99506 2.91824 0.60844 1.23405 0.81825 3.58582 30.03311 14.53972 23.56529 21.97647 14.11438 4.39835 6.58417 3.48091 3.63922 3.61061 3.48282 3.77083 3.92723 12.25662 23.79417 19.44351 6.85692 18.98384 15.67078 14.20403 5.29671
42.03606 46.69762 12.14981 22.58110 12.48932 2.21443 0.91743 1.17493 0.86784 0.47302 10.50949 26.36909 20.76721 12.44736 10.32066 5.61714 3.56102 4.05312 6.31523 5.00870 6.82831 7.16400 7.58362 3.80707 11.23428 0.86212 0.97847 9.53865 16.26205 12.86507 9.32121
8.35800 7.42722 5.53894 21.01707 1.36375 1.45912 1.37329 0.80681 0.30518 3.71742 17.20238 8.44765 20.63560 28.05710 12.88414 7.47490 1.32751 8.68988 6.09779 7.41386 9.79233 15.80811 6.65092 5.73921 3.79753 0.61798 0.85831 3.29399 12.43401 22.03751 12.82120
39.44397 16.39938 17.19284 20.17784 1.33514 0.64850 0.48828 1.31607 0.78201 0.70381 6.97327 3.20435 13.09204 20.82062 10.94246 9.38988 5.18608 5.51224 9.94110 11.32011 13.71956 15.91682 23.47755 10.11086 15.95688 3.64113 0.86784 4.39644 9.27544 16.24680 28.20587
17.97104 20.72525 16.87431 20.42007 7.74574 1.61171 0.67520 1.47438 0.52452 5.57137 2.26402 5.07545 7.85637 11.02066 4.86946 27.36473 4.63486 14.19258 13.03482 10.62393 8.60214 13.92746 24.47319 28.66554 17.71164 2.71797 5.32913 4.31824 7.66945 10.07271 21.33942
