DATA/RAW-RASTER/ECMWF/20170628/EN-0/20170703.en-0.asc
ncols			31
nrows			16
xllcorner		69.5
yllcorner		19.5
cellsize		1.0
NODATA_value	-99999
0.74005 2.96402 1.14059 1.39999 3.54004 0.37766 1.83487 0.31281 0.14496 0.00000 0.88882 1.51062 1.43051 2.08664 3.05176 1.10626 1.73950 1.15967 1.01852 1.26648 1.35803 1.12915 1.69373 3.47519 3.56674 1.64795 1.53351 2.25449 0.65994 0.14114 0.51880
0.83923 0.08774 0.64850 1.61362 2.86484 0.14877 0.03052 0.09918 0.04196 0.04196 2.28882 3.41797 6.50024 9.94110 6.94656 4.25339 3.50189 1.59836 1.50681 1.62888 1.99890 3.83759 5.58090 4.08554 6.17981 5.92422 1.74332 0.08774 0.06485 0.02289 0.19073
1.59073 4.36783 1.05286 5.61523 3.97110 6.85501 4.19998 0.09155 0.65613 0.92316 5.58090 8.96072 8.96835 8.81577 9.58252 4.68445 8.92639 8.19397 2.90680 0.74768 1.22833 1.56784 2.57874 7.47299 6.37054 16.00647 12.48932 2.93732 2.54440 0.25558 0.57983
6.72150 5.53131 2.73895 2.73132 1.47629 2.88010 3.33786 10.43701 1.00708 1.00327 8.31604 5.00870 6.59943 7.77817 3.59726 5.15747 3.15475 6.90460 0.96130 2.21252 2.53296 3.60489 8.44574 9.21631 12.52747 6.87790 7.14874 0.62561 0.45776 0.14877 1.02997
3.23486 18.03207 1.04523 0.57602 1.71661 1.94168 8.33130 34.78241 6.86646 2.42615 1.39999 5.21851 1.11008 3.58200 2.17056 3.02887 4.47083 11.11603 8.53729 1.02997 1.84250 6.91605 15.76614 3.79181 4.45175 1.39999 0.90790 0.61417 0.12589 0.51117 0.11826
4.53186 4.63104 2.64359 0.49973 1.06430 5.04684 15.64789 12.46643 13.65662 36.54861 8.19016 8.28934 1.62888 0.64087 3.40271 1.89209 12.79068 5.12695 18.08548 10.80704 17.27295 5.21088 7.28989 12.04300 10.70023 7.99942 0.46921 2.28500 2.03705 1.86157 1.88446
0.00000 0.23270 0.54169 1.99890 2.26593 8.52203 11.08551 16.63589 12.23373 27.61459 10.32257 12.62665 13.17215 8.70132 0.27084 5.59235 4.31442 10.29587 11.62338 11.99722 3.04794 9.30786 11.83701 21.15250 11.73019 14.47296 6.01959 6.05774 5.23376 12.65335 14.72855
0.00000 0.00000 0.03052 1.43433 7.58362 30.04074 20.66803 15.86533 15.44189 7.48825 11.85608 7.04956 2.93732 5.14603 13.76724 13.81302 21.48819 4.20380 15.48767 5.03159 11.68823 19.67621 12.44354 18.74161 15.08713 37.09793 139.24408 40.40146 12.31003 4.83704 7.83920
0.00000 0.00000 0.07248 1.29318 8.59833 38.54370 38.48648 23.33450 19.16504 13.67188 7.09152 5.47409 5.10406 8.52966 13.61084 15.99884 17.39502 13.98468 35.49957 16.34598 58.99811 16.42990 65.62042 19.29474 6.93893 6.51550 22.56393 99.66278 34.89685 12.98904 10.16235
0.00763 0.00763 0.05722 2.46811 7.68280 27.99225 49.63684 38.72299 13.86642 16.88004 9.99832 2.73132 2.87628 3.77655 10.54764 9.56345 20.11108 14.30130 13.85117 17.30347 20.19119 17.43317 29.81567 13.61084 4.80270 7.67136 40.29083 58.47931 118.59512 23.29636 14.27078
0.24033 0.41962 0.28610 0.52643 7.93457 13.98849 35.67123 71.70868 59.92889 29.99115 2.45667 2.36130 1.21307 1.51062 6.17981 8.46481 14.32800 13.04626 11.67679 32.92465 42.49573 27.55356 37.07504 9.24683 12.46643 18.14651 16.24298 36.44943 41.56494 45.19272 22.19772
0.67520 0.98801 3.50189 3.55148 0.96512 4.18472 10.73074 25.05493 48.58780 2.29645 0.95367 1.42670 1.64795 1.09863 0.68665 4.58145 6.32095 10.41794 20.06149 22.02225 19.50455 19.34052 1.62888 2.27356 18.53561 8.05283 14.75143 36.67450 24.55521 22.72415 25.36392
0.78964 2.11716 1.56021 2.15149 4.24194 3.98254 3.48282 4.39453 10.22720 0.72861 9.14764 5.87845 2.82669 2.49863 3.95966 1.45340 0.89264 1.77765 7.80106 11.56616 19.35196 24.55139 12.79449 12.30240 22.87674 6.19507 6.85120 22.07565 24.46747 25.33722 26.22604
2.34222 2.98691 1.23978 1.83868 3.93677 2.01797 2.53677 8.44193 3.92532 1.07193 4.69208 1.89590 4.10080 3.34549 7.72476 8.80051 0.96130 1.25122 6.35529 7.35855 19.46640 40.63416 53.43246 30.96771 6.22940 3.55148 6.96564 17.45605 24.57047 24.57428 18.47839
2.99454 1.97983 2.20871 3.92532 3.81088 3.90625 3.36456 0.49591 1.68228 3.88718 6.01959 2.52914 1.41144 0.49210 4.79126 2.89917 1.84250 0.24033 10.84900 11.36017 37.53662 44.48318 64.78500 58.50983 35.15244 3.21960 5.10406 8.60596 16.89148 14.01901 8.62122
4.90570 4.38309 6.45065 11.01685 1.37329 1.69373 0.55313 3.50571 2.75421 1.64413 4.11987 1.36185 2.08282 1.34659 1.62506 0.14114 0.62180 2.45285 5.59235 16.40320 29.19006 26.16501 39.03198 48.02322 79.72336 9.79233 8.85010 10.40268 20.72144 6.58035 8.67844
