DATA/RAW-RASTER/ECMWF/20170628/EN-0/20170706.en-0.asc
ncols			31
nrows			16
xllcorner		69.5
yllcorner		19.5
cellsize		1.0
NODATA_value	-99999
1.11389 0.10681 1.22833 3.14331 11.53564 4.82178 4.57001 10.02502 6.75201 3.12042 0.54169 2.00653 3.05939 4.11224 3.31116 6.75201 4.03595 4.45557 4.50134 6.70624 5.06592 4.73785 2.15149 6.22559 2.83051 4.20380 0.81635 1.02234 6.19507 3.26538 13.19885
0.00000 0.15259 0.09155 0.95367 4.44031 0.76294 0.75531 0.61035 2.19727 0.38147 0.44250 0.54932 1.78528 3.35693 7.75909 10.40649 5.58472 6.34766 6.42395 8.73566 8.23975 11.57379 3.22723 4.18854 1.09863 1.39618 1.38855 1.99890 3.28827 1.73187 4.70734
0.00763 2.72369 1.81580 3.60870 6.16455 3.25775 0.71716 1.43433 0.54932 0.03052 0.25940 0.35858 0.77057 7.91931 7.33948 5.18799 3.03650 5.77545 8.42285 5.08881 8.40759 6.21796 2.58636 1.89209 5.05066 1.58691 1.21307 5.12695 3.65448 3.82233 1.85394
1.64795 2.95258 9.07135 3.92151 2.05994 3.47900 0.46539 6.13403 0.07629 0.02289 0.48065 1.01471 3.43323 8.42285 11.26862 5.81360 12.47406 10.26154 4.28009 6.55365 7.82776 5.78308 8.43048 9.46808 7.47681 3.56293 3.71552 4.19617 10.29205 8.72803 8.95691
1.00708 1.48010 7.80487 15.45715 9.82666 11.55853 2.16675 2.58636 5.87463 0.96893 2.43378 6.69861 9.34601 1.59454 3.51715 2.67029 4.79889 11.12366 8.65936 4.98962 6.08063 7.37762 10.65826 4.17328 3.20435 7.44629 1.31226 9.75800 11.99341 10.08606 6.34766
3.05176 0.02289 0.00000 0.79346 1.48010 4.88281 5.97382 2.22778 4.79889 9.04083 34.90448 15.96832 12.98523 4.31061 6.93512 8.15582 1.35040 1.68610 5.23376 7.55310 4.75311 15.09094 15.13672 12.80212 12.39014 14.39667 5.57709 1.77002 12.62665 18.86749 15.04517
0.04578 0.01526 0.48065 0.00000 0.44250 2.17438 4.36401 3.44086 2.58636 23.65112 31.42548 53.49731 19.87457 8.00323 2.04468 4.47083 6.50787 2.14386 1.43433 1.53351 5.27191 2.82288 6.64520 6.58417 14.98413 48.22540 40.63416 13.77106 3.83759 9.21631 18.81409
0.00000 0.00000 0.00000 0.00000 0.00000 0.22888 4.23431 8.29315 2.85339 9.91821 73.63892 10.81085 3.23486 3.57056 23.78845 29.46472 17.06696 0.64087 0.58746 4.18854 16.86859 11.02448 5.40161 16.96014 9.81903 16.68549 34.61456 17.20428 29.45709 8.05664 7.08771
0.00000 0.00000 0.00000 0.00763 0.19836 0.29755 5.28717 6.98853 9.81903 11.87134 32.60803 16.68549 9.36890 7.01141 12.07733 16.13617 12.48169 8.04138 17.81464 65.93323 27.55737 49.50714 23.05603 16.50238 7.58362 15.35034 21.40808 15.51056 26.48926 10.13184 6.89697
0.24414 0.79346 1.24359 1.36566 1.01471 0.03052 0.54169 3.86810 21.24786 33.27179 62.34741 17.71545 14.61029 2.77710 13.38959 54.08478 12.92419 19.37103 31.28815 7.81250 4.72260 3.62396 33.56171 4.29535 1.27411 25.59662 38.49030 56.97632 64.07928 6.62231 2.18201
1.34277 1.34277 1.30463 0.92316 0.12207 0.10681 0.12970 5.80597 13.87024 26.53503 42.03796 30.87616 15.67841 2.09045 9.68170 12.69531 8.95691 8.08716 29.72412 16.92963 7.68280 14.98413 36.43036 13.93127 3.13568 5.59998 3.94440 11.31439 24.57428 5.02777 2.54059
0.49591 0.53406 1.86920 2.59399 1.21307 1.93024 0.58746 4.78363 6.14929 4.59290 9.08661 24.22333 14.03046 5.38635 3.49426 11.31439 22.13287 5.85938 28.57971 22.86530 10.96344 16.99066 3.64685 2.24304 3.83759 2.85339 0.60272 7.71332 8.56018 4.34875 1.39618
0.66376 0.99182 0.36621 1.22833 2.12097 0.74005 0.54932 1.64795 1.72424 1.84631 7.21741 16.35742 10.00214 5.63812 18.83698 16.12091 12.19940 14.80865 17.31873 18.93616 8.05664 20.53070 2.10571 2.67029 10.61249 1.19781 0.23651 2.86865 2.60162 3.34930 0.18311
1.73187 2.18964 0.16022 1.39618 1.84631 1.46484 0.38910 0.85449 1.23596 1.31989 3.16620 2.87628 5.43976 2.66266 2.86865 6.24847 10.34546 11.14655 10.74219 20.74432 17.66205 25.87128 4.89807 6.65283 10.21576 3.30353 0.64850 0.67902 1.38855 1.81580 0.96893
3.07465 1.43433 2.05231 3.45612 3.17383 2.48718 1.12915 1.15204 0.12970 0.51880 0.62561 1.19781 3.60870 2.62451 8.47626 5.51605 1.17493 3.38745 8.59070 14.26697 21.24786 18.18848 27.63367 5.70679 1.07574 0.93842 1.99127 0.57220 0.54169 2.17438 0.93842
3.50189 2.93732 4.65393 10.27679 0.72479 1.41907 0.45013 1.89972 1.11389 0.14496 1.07574 2.26593 1.09100 1.45721 3.72314 2.93732 9.65881 2.07520 7.16400 9.42993 9.55200 19.42444 33.94318 26.74866 17.25006 5.80597 3.47137 1.20544 0.89264 0.36621 0.09918
