DATA/RAW-RASTER/ECMWF/20170628/EN-0/20170707.en-0.asc
ncols			31
nrows			16
xllcorner		69.5
yllcorner		19.5
cellsize		1.0
NODATA_value	-99999
0.03052 0.02289 0.18311 0.43488 0.10681 0.16022 0.25177 0.70953 1.34277 2.34985 0.77057 4.89807 6.46973 3.29590 1.30463 2.40326 2.65503 1.99127 1.49536 2.40326 8.51440 6.16455 6.79016 3.82233 10.23102 11.42120 29.21295 24.81079 16.60156 9.66644 10.70404
0.18311 0.00000 3.34930 0.40436 3.12805 3.34930 0.43488 0.97656 0.92316 1.85394 2.47192 1.91498 1.54877 1.99127 3.05176 1.59454 1.88446 3.24249 5.79834 2.05994 1.78528 4.06647 8.38470 12.21466 11.10840 20.50018 16.41846 11.95526 7.01904 1.09863 1.81580
0.08392 0.57983 0.38910 3.60870 2.76184 5.03540 1.75476 0.35858 0.55695 0.18311 1.84631 1.13678 0.70953 0.69427 2.88391 3.69263 3.37219 6.70624 5.88989 4.57764 2.25830 1.36566 7.98035 6.99615 8.98743 14.11438 14.83154 15.43427 4.84467 1.67084 1.48010
0.41199 1.09863 0.38147 0.14496 0.68665 1.48773 0.76294 4.83704 0.18311 0.01526 0.13733 1.28937 1.59454 11.36780 14.03046 5.91278 11.33728 7.68280 5.83649 11.58905 10.65826 8.05664 9.52148 3.41797 10.36835 1.64032 0.64850 4.69208 5.37872 8.55255 3.16620
4.19617 0.40436 1.24359 3.70789 2.31171 2.34222 0.54932 1.34277 1.48010 0.32806 0.00000 2.22015 7.86591 5.42450 4.26483 7.18689 10.77271 8.41522 4.11224 3.79181 6.43921 8.07190 12.17651 1.02997 0.67902 3.21198 0.47302 3.04413 5.89752 7.49207 6.46210
3.42560 0.12207 0.07629 0.91553 3.31116 3.95966 2.87628 3.03650 0.92316 5.72968 4.56238 6.54602 2.33459 3.01361 5.62286 1.75476 5.59235 8.54492 8.11005 7.59888 11.65771 12.82501 10.81848 5.72205 3.44849 2.32697 2.57874 3.16620 2.54822 5.92041 5.10406
0.00000 0.00000 0.00763 0.00000 0.31281 0.54169 3.02124 2.70081 2.72369 1.52588 19.64569 19.37866 19.85168 9.84192 0.96130 2.80762 6.40869 5.69153 6.91223 7.36237 5.18799 12.58850 14.89258 7.94983 17.41791 17.15088 16.25824 5.17273 8.17871 5.51605 13.05389
0.00763 0.00000 0.00000 0.00000 0.00000 0.00763 1.76239 0.99182 4.37927 4.83704 25.67291 16.63208 7.56836 7.00378 39.55078 5.02014 3.99017 4.85992 0.20599 1.54114 6.98090 19.85931 9.75037 32.55463 13.52692 26.07727 54.45099 44.33441 23.30017 9.31549 11.02448
0.00000 0.03052 0.00000 0.09918 0.00763 0.00763 0.36621 1.83868 4.57764 6.64520 12.16125 29.99115 19.88983 12.96234 10.49042 14.66370 13.97705 11.77979 59.73053 10.33020 35.14099 13.71765 28.01514 69.45801 7.78198 4.15802 25.78735 20.08820 60.53162 15.46478 15.21301
0.22888 1.30463 1.57928 1.70898 1.35040 0.03052 0.12970 0.49591 2.23541 10.50568 42.19055 32.48596 3.73077 2.90680 7.16400 6.67572 10.20050 15.71655 29.57916 23.30017 8.75092 7.26318 25.57373 4.69971 3.15094 18.73016 89.36310 67.30652 78.32336 37.62817 21.04187
0.80872 1.51825 0.88501 0.89264 0.09918 0.19073 0.26703 1.36566 2.96783 6.36292 38.55896 50.93384 28.83148 7.78961 5.78308 10.23102 13.40485 12.84790 20.07294 19.69910 9.82666 21.06476 39.25323 9.51385 2.47955 7.11823 10.32257 24.65820 57.80792 32.22656 29.12140
0.67902 0.38910 1.80054 2.24304 1.03760 0.95367 0.12207 1.02234 1.68610 1.22070 7.15637 5.94330 8.60596 8.25500 3.74603 10.09369 6.43158 4.24194 10.63538 10.78796 7.08008 8.74329 2.14386 0.86975 8.13293 6.24847 7.75909 11.65009 18.63861 16.58630 13.02338
0.83160 1.26648 0.56458 1.85394 2.12860 1.31226 0.35858 1.36566 2.70081 2.69318 4.70734 6.21033 3.49426 4.61578 16.79230 16.35742 14.99176 10.32257 17.09747 30.33447 11.97815 10.65826 2.14386 2.80762 6.54602 1.48773 2.78473 5.55420 21.76666 16.94489 5.52368
0.96130 1.28937 0.23651 1.96075 0.96893 0.17548 0.71716 1.31989 1.87683 2.32697 10.45227 4.24957 10.45990 1.61743 8.17108 2.59399 2.75421 9.71985 9.03320 14.56451 7.37762 18.39447 6.15692 4.18854 10.28442 2.77710 1.83105 1.01471 6.80542 5.17273 3.77655
2.74658 2.54059 2.10571 6.48499 3.59344 1.79291 1.33514 1.09100 0.92316 0.23651 0.38147 1.73187 0.91553 0.95367 1.27411 1.96075 0.02289 2.44904 2.23541 10.62775 11.18469 8.33893 20.47729 6.84357 0.82397 1.06049 0.70190 0.92316 6.14929 15.64789 5.51605
4.16565 2.49481 5.26428 7.41577 0.72479 2.20490 1.38092 1.62506 0.46539 0.32806 0.37384 1.04523 0.86975 0.76294 1.38092 0.21362 6.21033 0.61798 2.12097 4.05121 7.58362 12.34436 16.57104 23.81134 14.90021 2.11334 9.19342 1.59454 3.41797 2.40326 11.06262
