DATA/RAW-RASTER/ECMWF/20170628/EN-0/20170705.en-0.asc
ncols			31
nrows			16
xllcorner		69.5
yllcorner		19.5
cellsize		1.0
NODATA_value	-99999
0.93842 3.30353 4.44794 0.96893 6.57654 2.44904 2.86102 4.93622 1.96075 0.02289 0.52643 1.54877 1.77002 2.31934 8.69751 9.92584 14.35852 6.91223 5.39398 1.20544 1.08337 2.06757 5.42450 6.60706 10.85663 16.67786 19.63043 10.11658 15.92255 9.31549 6.91986
0.00000 0.06866 6.99615 4.09698 6.18744 0.12970 0.62561 0.12970 0.58746 0.17548 0.51880 3.18909 1.77002 9.54437 3.97491 6.41632 7.96509 9.55200 6.82831 5.98145 3.44849 1.77002 5.52368 2.86865 7.69806 8.05664 17.39502 19.26422 12.39014 11.24573 16.47949
0.10681 3.47900 3.00598 7.39288 6.82068 3.04413 3.47137 0.40436 0.18311 0.03815 2.00653 4.13513 10.33783 8.59070 9.40704 2.93732 8.04901 5.36346 4.24194 4.91333 9.87244 16.25061 20.19501 4.81415 2.51007 5.21851 11.02448 15.58685 18.14270 10.74982 11.35254
0.34332 0.62561 5.72968 9.07898 6.98853 5.64575 2.09045 13.46588 0.10681 0.67902 10.74219 3.47900 3.90625 6.30951 7.57599 7.36237 2.44904 5.69153 4.60815 14.83917 9.59015 9.81140 14.28223 12.32147 12.84790 7.04193 8.73566 10.00214 17.08984 13.64899 15.13672
0.81635 0.19073 0.41199 5.08118 8.63647 6.52313 1.72424 2.86102 4.22668 4.65393 1.74713 11.54327 2.73132 2.98309 1.60217 6.27899 7.82776 7.85065 10.92529 4.10461 3.79944 8.59833 7.83539 5.08118 7.24030 3.87573 5.06592 5.77545 13.38959 7.01904 13.25226
1.06049 0.21362 0.64087 0.16022 1.15204 3.81470 3.51715 6.20270 6.68335 28.25165 62.25586 20.41626 8.08716 2.26593 6.90460 8.26263 15.32745 10.41412 5.38635 3.32642 2.24304 3.91388 7.81250 6.01196 7.93457 16.74652 8.47626 0.59509 5.55420 5.28717 10.44464
0.01526 0.00763 0.00000 0.06104 1.18256 2.70081 5.83649 6.97327 11.74164 16.06750 14.99939 48.11096 19.16504 12.37488 6.39343 5.21088 4.76837 4.24194 8.94165 9.94110 6.77490 4.44794 6.40106 5.22614 11.42120 58.35724 22.38464 11.75690 2.02942 5.95093 6.02722
0.00000 0.00000 0.00000 0.00000 0.00763 2.26593 6.64520 16.53290 13.79395 28.95355 16.47949 14.59503 9.43756 14.27460 41.47339 45.26520 17.42554 6.30951 16.95251 4.47845 15.86151 28.21350 8.62122 29.91486 15.48004 10.40649 31.80695 16.70837 28.22113 4.22668 4.03595
0.00000 0.00763 0.17548 0.00763 0.06866 0.35858 10.42938 18.24951 31.04401 17.97485 29.12903 9.54437 22.16339 24.30725 15.55634 19.04297 29.16718 16.12854 67.09290 77.22473 85.02960 86.65466 77.08740 22.21680 14.27460 4.39453 28.01514 21.26312 22.46094 3.25775 1.45721
0.03815 0.40436 0.81635 1.10626 1.27411 0.11444 0.47302 9.69696 34.91974 35.75134 35.63690 10.01740 5.15747 14.62555 18.89801 15.61737 18.56995 17.44080 14.70184 4.16565 13.75580 41.25977 21.86584 1.77002 9.69696 12.74109 26.30615 3.96729 24.09363 4.18854 7.03430
0.42725 1.27411 1.82343 1.54877 0.06866 0.28992 0.21362 10.44464 21.44623 35.07996 63.97247 48.27118 2.68555 5.79834 15.21301 27.81677 19.39392 32.61566 16.83044 7.28607 17.03644 38.02490 37.22382 4.64630 4.40216 8.25500 3.74603 12.29095 14.41956 1.34277 1.07574
0.43488 0.69427 1.34277 2.33459 1.48773 0.98419 0.43488 0.45013 1.32751 2.08282 7.52258 17.92908 6.50024 20.50781 11.52039 17.31873 69.48853 16.74652 19.20319 37.71973 34.55353 1.86920 0.26703 4.77600 3.07465 1.76239 1.00708 11.32202 16.16669 2.44904 1.63269
0.57983 1.23596 0.40436 1.54114 2.42615 1.77765 1.03760 1.43433 0.53406 1.39618 2.09045 4.98199 14.28223 13.57269 8.18634 15.80048 5.24902 4.63104 15.17487 55.64880 72.76154 14.51111 2.26593 4.01306 8.52966 1.15967 0.53406 5.82886 1.34277 2.12860 3.12042
1.61743 1.89209 0.52643 0.51117 1.97601 0.38147 1.39618 1.37329 1.14441 0.98419 17.26532 1.44196 2.74658 11.77216 7.00378 8.23212 12.22992 5.14984 34.56116 33.63037 34.05762 44.67773 7.55310 4.09698 1.40381 0.37384 2.28882 0.70190 6.46973 2.54822 1.05286
4.45557 2.16675 2.28882 2.02179 5.61523 2.08282 1.75476 1.64795 1.12152 0.21362 1.35803 9.62830 3.92151 1.82343 3.99780 2.47192 0.45776 5.63812 13.87024 21.86584 19.50836 20.40863 30.89905 8.73566 4.66156 1.02997 3.40271 1.64032 3.50189 4.35638 5.43976
1.94550 3.31116 2.44904 6.74438 1.20544 2.44904 1.92261 1.96838 1.23596 0.74768 0.49591 2.75421 0.67139 3.18146 1.67084 1.57166 8.27026 4.03595 11.54327 11.23047 21.17920 17.61627 24.07074 28.61786 14.39667 1.13678 10.91766 0.67902 0.51880 0.56458 1.22070
