DATA/RAW-RASTER/ECMWF/20170628/EN-0/20170704.en-0.asc
ncols			31
nrows			16
xllcorner		69.5
yllcorner		19.5
cellsize		1.0
NODATA_value	-99999
0.49973 2.12479 1.64032 1.38092 1.35040 0.26321 1.62506 1.63269 0.51880 0.01144 0.25558 0.92316 1.29700 1.07956 1.19019 3.83377 7.59125 11.83319 6.74438 10.99014 10.26917 8.52203 3.15857 1.05286 0.57602 0.70953 0.28229 0.04959 0.35477 0.57220 0.63705
0.49591 2.69318 6.13022 0.70953 2.17819 0.10681 0.28610 0.16022 0.02670 0.00000 1.22833 5.90897 7.45392 4.06265 6.18362 5.78690 2.66266 5.85175 10.30731 2.85721 9.09042 5.68390 2.30408 0.86975 1.22833 1.58310 1.45340 2.65121 6.30951 7.58743 7.88116
0.00381 2.87628 2.65503 2.31552 3.21960 1.83105 4.58527 0.12970 0.13351 1.18256 8.77762 11.08170 6.05011 7.69043 9.37653 5.08118 2.95258 6.25992 10.92148 8.38470 4.20761 10.66589 3.85284 3.30734 3.34167 0.46539 2.18582 5.71823 7.65228 4.44412 10.54764
0.40817 1.54877 7.27463 4.20761 2.42233 3.85284 3.73840 12.64954 1.49536 4.12750 7.77054 4.50134 5.55038 4.94766 3.35693 2.82669 1.99509 6.75201 3.07846 4.83704 5.42068 3.01361 6.59561 12.86697 2.14767 1.29318 7.03430 5.02396 8.74329 4.09698 1.46866
1.98364 0.30136 6.83212 5.23376 3.85284 3.62396 1.07956 7.11823 9.15527 4.79507 1.21689 7.07626 1.16348 1.59836 1.84250 1.34277 3.79944 4.95529 4.47845 4.26865 5.86319 4.52805 3.62015 3.64685 2.25830 3.33786 2.42996 15.53726 11.08932 14.87350 11.21140
15.60974 0.29373 1.73569 2.03705 2.52533 1.97220 3.70026 11.39832 12.58850 18.82935 15.38467 6.29807 3.39890 1.54877 2.10953 2.33841 1.64032 11.11603 4.60815 2.45285 4.62341 4.88663 7.07245 12.18033 12.13074 7.27081 2.67792 2.78854 12.16125 11.30676 12.38632
0.22125 0.00381 0.03052 0.80490 3.27682 1.87302 10.86807 9.58252 18.03589 12.70676 6.36673 16.92963 15.16724 10.27298 1.80817 5.92422 2.62070 9.68552 13.55362 19.64569 5.86700 5.97763 11.53564 16.67404 22.55630 34.21402 42.21344 11.39069 4.83322 12.39777 13.51166
0.00000 0.00000 0.00381 0.67902 0.76675 8.36945 17.23480 34.24072 30.44128 16.42609 8.25882 10.73074 4.28772 7.75146 14.08005 49.97253 33.81348 11.02066 29.53720 6.95801 19.75250 14.09149 17.09366 43.86902 14.61029 18.47076 96.07697 27.30179 20.48874 4.53568 9.97925
0.00381 0.00381 0.00381 0.00381 0.77438 8.31604 22.56775 27.47726 16.85333 38.58566 6.51169 7.07245 5.76782 8.72803 16.08276 21.17538 16.94489 36.98730 95.01648 27.17209 102.10419 83.63342 61.11526 6.35529 7.03430 13.82065 65.53650 52.45972 17.41028 9.31168 16.41464
0.02670 0.48447 0.25558 0.57983 0.47684 5.43594 37.39929 32.51266 19.75250 14.24026 7.75146 3.91388 2.21252 2.72751 3.97491 8.66318 17.11273 15.81573 32.39822 14.14108 12.22229 17.94052 19.58847 4.42886 17.25006 39.90936 102.75650 17.96722 28.27072 4.45938 3.26538
0.55313 0.74005 1.99509 0.96893 0.01907 0.45776 14.24789 79.77295 51.64337 17.90237 2.39563 2.81525 2.09045 1.69754 11.24191 12.04300 23.74649 20.67184 25.77209 38.79929 23.96011 20.16449 36.13281 8.03757 7.44629 9.41849 16.07132 12.14981 18.95142 5.92804 4.21906
0.58746 0.90790 2.01797 3.44467 0.50354 0.89645 0.70953 5.29099 5.35965 1.72043 2.17819 1.14441 5.20325 7.88498 8.23593 21.62933 13.51166 22.72034 27.21405 34.04236 55.49240 27.40097 1.87683 6.75201 10.65826 9.34601 7.87354 9.57108 6.47354 11.45554 19.69910
0.85449 2.16293 0.64468 1.54877 2.86865 2.57874 1.11771 1.30844 2.17438 0.90027 2.50626 2.76184 0.97275 1.97601 4.61197 11.63101 11.83701 13.64517 27.91214 21.89636 21.64078 54.69131 11.53564 13.26752 24.23477 7.14111 4.61197 5.35965 2.10571 4.85992 8.88062
1.51443 2.09808 0.50735 2.15530 3.84521 0.29373 2.09427 2.11334 0.88882 0.66757 2.48337 1.64413 1.64032 3.14713 7.52640 11.27625 5.65338 6.60324 6.95419 16.28494 29.05655 47.17636 62.07275 56.44608 9.81140 3.49426 2.31171 8.70895 20.49637 8.37708 5.57327
2.18964 3.58582 3.55530 2.54822 5.40543 2.36893 1.57166 1.71280 1.01471 0.71716 1.13678 1.18637 0.68665 0.59891 6.29044 2.35748 1.03760 0.30518 5.52368 13.74054 25.92087 37.30392 63.02261 44.98291 3.58963 0.94604 0.91934 1.79291 3.05557 6.90079 2.02179
3.63922 4.06647 4.60815 6.53839 0.61417 2.50626 1.33133 1.44958 1.65939 1.44577 2.56729 1.42288 2.07901 1.00327 0.64468 0.21362 0.51880 2.04849 8.01849 8.58688 20.91980 31.27670 35.26688 47.81723 42.35840 7.66373 6.18744 0.96130 0.86975 5.61905 8.12912
