DATA/RAW-RASTER/ECMWF/20170628/EN-0/20170709.en-0.asc
ncols			31
nrows			16
xllcorner		69.5
yllcorner		19.5
cellsize		1.0
NODATA_value	-99999
2.59399 1.24359 1.38855 0.65613 0.00000 0.43488 0.55695 0.64850 0.45776 0.19836 2.54822 2.05994 2.05231 1.07574 6.01959 7.37000 9.49097 9.93347 8.66699 5.50842 1.51825 0.27466 0.06866 0.00763 0.00000 0.00000 0.00000 0.00000 0.00000 0.00000 0.07629
0.51880 0.45776 12.93945 4.47845 3.96729 0.00000 0.51880 1.73950 1.09100 1.51825 2.46429 1.60217 2.60925 4.28009 11.40594 7.62939 2.86102 8.81195 13.13019 4.57001 0.95367 0.76294 1.28174 3.00598 3.60870 2.34985 0.20599 0.19073 0.12207 0.08392 0.28229
0.61798 0.76294 11.42883 8.39233 10.94818 5.15747 2.95258 0.13733 0.07629 0.22888 1.24359 1.60980 3.49426 1.80054 3.41797 3.75366 5.14984 4.72260 1.71661 1.18256 1.23596 4.43268 9.19342 14.79340 9.20868 5.79834 3.63159 0.30518 0.09155 0.25177 0.83923
0.69427 0.02289 0.80109 6.04248 14.12964 3.92151 2.34222 1.47247 0.89264 0.03052 1.35040 1.34277 0.71716 2.00653 3.72314 8.02612 2.89917 6.03485 0.15259 4.73785 7.09534 7.26318 14.23645 10.40649 6.98853 7.43866 0.72479 0.20599 0.12207 1.73950 4.16565
0.17548 0.00000 0.01526 0.06104 6.44684 2.79999 0.99945 2.51007 3.91388 1.21307 0.04578 4.14276 4.73785 6.39343 3.55530 3.83759 9.62830 8.75092 8.55255 6.25610 2.34222 9.00269 11.53564 5.02777 4.82178 6.46210 3.91388 0.60272 2.10571 4.05884 13.32092
0.00000 0.00000 0.00000 0.03052 0.35858 4.92859 0.77820 3.34167 2.64740 3.39508 24.87946 9.79614 4.16565 6.34003 7.26318 10.65826 9.39178 7.34711 6.39343 10.06317 3.60870 10.17761 9.33075 10.42175 9.63593 16.52527 3.42560 15.98358 17.17377 19.01245 10.56671
0.00000 0.00000 0.00000 0.03052 0.03815 1.19781 3.58582 4.50134 1.02997 3.41034 3.08228 37.01019 15.82336 10.60486 0.45776 3.47900 4.17328 3.34167 1.00708 11.39832 6.67572 6.21796 12.32910 3.34167 14.06860 25.97046 12.19940 18.63098 22.39990 16.17432 23.59009
0.00000 0.00000 0.00000 0.00000 0.12970 0.18311 2.03705 4.22668 5.14221 6.77490 6.22559 25.93994 32.38678 19.02008 16.69312 16.87622 14.93835 1.60980 2.34222 3.47900 6.29425 17.57050 9.62067 9.26971 12.66479 38.26141 15.93018 15.05280 12.96997 7.35474 12.49695
0.00000 0.00000 0.00000 0.00000 0.00000 0.00000 0.43488 0.26703 1.80054 5.05829 12.02393 19.73724 9.11713 9.42993 11.17706 10.09369 7.14111 8.98743 20.57648 41.02325 16.75415 20.93506 26.84784 7.61414 13.16071 6.69098 15.63263 33.63037 21.03424 2.99835 18.09692
0.03815 0.06866 0.28992 0.88501 0.48828 0.08392 0.03815 0.31281 0.48065 3.50189 13.02338 28.63312 16.63971 32.34863 23.78082 13.13782 6.27136 7.76672 9.89532 12.22229 9.41467 8.30841 42.48810 14.62555 14.41956 13.77869 33.56934 4.16565 10.84137 5.98145 11.44409
0.21362 0.37384 1.04523 1.19019 0.51117 0.36621 0.00763 0.08392 1.50299 1.98364 7.08008 43.06030 24.11652 22.36938 17.87567 9.97925 10.10132 3.66974 4.76074 9.23920 4.24957 11.95526 14.09149 2.78473 3.03650 6.41632 5.11169 9.57489 9.26971 3.61633 1.14441
0.66376 0.62561 1.27411 3.08228 1.28937 1.70135 0.50354 1.84631 0.28992 2.74658 2.76184 12.30621 49.55292 113.98315 66.16974 1.56403 5.01251 7.11060 11.36017 8.74329 3.34167 4.57001 1.94550 12.90894 9.73511 18.09692 7.23267 15.35797 3.23486 1.04523 3.83759
0.96893 2.49481 1.22833 1.70898 2.86102 2.02942 0.29755 1.44958 1.47247 0.71716 7.05719 19.93561 4.15802 17.45605 4.76837 6.96564 8.38470 17.21191 22.58301 8.55255 4.40979 2.52533 4.85992 10.54382 6.84357 2.66266 3.47900 13.35907 10.07080 5.20325 1.03760
2.37274 2.52533 0.67139 1.35803 1.91498 0.63324 1.02234 1.28174 2.52533 2.02942 6.37817 18.81409 9.07898 29.13666 15.35034 10.94055 5.76019 5.47028 17.52472 9.55963 7.76672 7.24030 6.51550 8.44574 14.29749 0.80872 0.29755 16.06750 9.62067 15.86914 8.93402
2.13623 1.22833 1.22070 3.05176 1.42670 1.64795 1.23596 0.63324 0.90027 0.41962 3.68500 3.89862 9.97925 8.32367 17.96722 16.87622 2.02942 15.85388 11.32965 4.86755 7.64465 4.71497 8.46863 2.51770 3.04413 1.64795 1.05286 2.05231 7.37762 10.70404 12.99286
1.41144 3.47900 4.08936 12.93182 1.89209 1.64032 1.01471 1.73187 0.64087 0.17548 0.95367 0.94604 2.59399 10.27679 12.16888 12.86316 13.32855 6.98853 10.23102 9.97162 4.75311 5.34058 5.82123 11.94000 3.46375 2.26593 1.76239 1.62506 1.14441 1.40381 3.02124
