DATA/SHG/ECMWF/20170628/EN-18/20170704.en-18.asc
ncols        190
nrows        64
xllcorner    -5100000.000000000000
yllcorner    4130000.000000000000
cellsize     10000.000000000000
NODATA_value  -99999.000
[rows 0 to 31 of 64, columns 73 to 145 of 190]
3.866 4.510 5.178 5.869 6.583 7.320 8.081 8.865 9.326 8.999 8.680 8.371 8.073 7.785 7.508 7.241 6.985 6.739 6.504 6.279 6.243 6.763 7.232 7.667 8.067 8.432 8.763 9.060 9.322 9.549 9.742 9.900 9.977 9.881 9.776 9.660 9.535 9.399 9.254 9.099 8.934 8.759 8.575 8.380 8.207 8.119 8.020 7.910 7.790 7.659 7.517 7.364 7.201 7.026 6.842 6.646 6.341 5.755 5.194 4.656 4.142 3.652 3.186 2.744 2.326 1.932 1.561 1.214 0.946 0.847 0.756 0.674 0.601
4.031 4.757 5.546 6.351 7.156 7.961 8.768 9.576 10.188 9.895 9.612 9.340 9.078 8.827 8.586 8.355 8.135 7.925 7.726 7.538 7.420 7.787 8.102 8.382 8.627 8.838 9.015 9.157 9.264 9.337 9.376 9.380 9.340 9.200 9.050 8.891 8.721 8.542 8.353 8.154 7.945 7.726 7.498 7.259 7.026 6.890 6.744 6.586 6.418 6.239 6.049 5.849 5.638 5.416 5.183 4.940 4.653 4.174 3.720 3.288 2.881 2.498 2.138 1.803 1.491 1.203 0.939 0.699 0.504 0.444 0.393 0.351 0.318
4.620 5.425 6.231 7.039 7.847 8.656 9.465 10.276 11.037 10.780 10.533 10.297 10.072 9.857 9.652 9.458 9.274 9.101 8.938 8.785 8.644 8.849 9.009 9.134 9.225 9.282 9.304 9.292 9.246 9.164 9.049 8.899 8.715 8.530 8.337 8.133 7.920 7.696 7.463 7.220 6.968 6.705 6.433 6.150 5.859 5.675 5.481 5.275 5.059 4.833 4.595 4.347 4.088 3.819 3.538 3.247 2.944 2.571 2.223 1.898 1.598 1.321 1.068 0.839 0.633 0.452 0.294 0.160 0.087 0.140 0.205 0.284 0.376
5.296 6.105 6.914 7.725 8.536 9.348 10.161 10.974 11.789 11.654 11.443 11.244 11.055 10.876 10.707 10.549 10.402 10.265 10.138 10.022 9.916 9.947 9.953 9.924 9.861 9.764 9.632 9.466 9.265 9.030 8.760 8.456 8.118 7.873 7.635 7.388 7.130 6.863 6.586 6.299 6.003 5.696 5.380 5.054 4.718 4.473 4.231 3.978 3.714 3.440 3.155 2.859 2.552 2.235 1.907 1.568 1.219 0.946 0.704 0.580 0.549 0.517 0.485 0.451 0.416 0.380 0.342 0.304 0.265 0.365 0.489 0.625 0.775
5.971 6.783 7.595 8.409 9.223 10.038 10.854 11.671 12.488 12.517 12.343 12.179 12.026 11.884 11.752 11.630 11.519 11.418 11.328 11.248 11.178 11.083 10.935 10.752 10.535 10.284 9.998 9.678 9.323 8.934 8.510 8.052 7.560 7.227 6.945 6.654 6.353 6.042 5.721 5.390 5.050 4.699 4.339 3.969 3.589 3.285 2.995 2.694 2.383 2.060 1.830 1.681 1.532 1.382 1.232 1.082 0.931 0.874 0.841 0.806 0.771 0.734 0.696 0.657 0.617 0.576 0.534 0.491 0.446 0.577 0.759 0.953 1.160
6.644 7.459 8.274 9.091 9.908 10.726 11.545 12.365 13.186 13.369 13.231 13.104 12.987 12.881 12.785 12.700 12.625 12.560 12.506 12.462 12.429 12.257 11.955 11.618 11.247 10.841 10.402 9.927 9.419 8.876 8.299 7.687 7.041 6.593 6.267 5.932 5.587 5.232 4.867 4.493 4.109 3.800 3.546 3.289 3.031 2.843 2.694 2.545 2.395 2.245 2.095 1.944 1.793 1.642 1.490 1.338 1.186 1.111 1.073 1.034 0.993 0.952 0.909 0.865 0.820 0.774 0.727 0.679 0.629 0.776 1.015 1.267 1.532
7.315 8.132 8.951 9.771 10.591 11.412 12.234 13.057 13.881 14.211 14.109 14.018 13.938 13.868 13.808 13.758 13.720 13.691 13.673 13.665 13.668 13.468 13.011 12.521 11.996 11.437 10.843 10.215 9.553 8.857 8.126 7.361 6.622 6.156 5.910 5.661 5.410 5.157 4.901 4.644 4.384 4.122 3.857 3.591 3.322 3.116 2.966 2.815 2.663 2.512 2.360 2.207 2.055 1.902 1.748 1.595 1.440 1.350 1.306 1.262 1.216 1.170 1.122 1.073 1.024 0.973 0.920 0.867 0.813 0.962 1.259 1.568 1.891
7.983 8.804 9.626 10.449 11.272 12.096 12.921 13.748 14.574 15.041 14.976 14.921 14.877 14.843 14.819 14.806 14.804 14.811 14.829 14.858 14.897 14.716 14.106 13.315 12.486 11.689 10.924 10.190 9.488 8.818 8.179 7.572 6.996 6.560 6.303 6.045 5.784 5.520 5.255 4.987 4.717 4.445 4.171 3.894 3.616 3.389 3.237 3.084 2.931 2.778 2.624 2.470 2.316 2.161 2.006 1.851 1.695 1.589 1.540 1.491 1.441 1.389 1.336 1.283 1.228 1.172 1.115 1.057 0.998 1.134 1.489 1.856 2.236
8.650 9.474 10.299 11.125 11.951 12.778 13.607 14.436 15.266 15.861 15.832 15.814 15.805 15.808 15.820 15.783 15.512 15.226 14.925 14.610 14.281 13.853 13.102 12.383 11.696 11.040 10.416 9.823 9.262 8.733 8.236 7.770 7.335 6.966 6.699 6.430 6.159 5.886 5.610 5.333 5.053 4.771 4.486 4.200 3.911 3.662 3.508 3.354 3.199 3.044 2.889 2.733 2.577 2.421 2.265 2.108 1.950 1.828 1.775 1.721 1.665 1.609 1.551 1.493 1.433 1.372 1.310 1.247 1.183 1.294 1.706 2.130 2.568
9.315 10.142 10.970 11.799 12.628 13.459 14.290 15.122 15.891 16.388 16.153 15.903 15.639 15.360 15.067 14.759 14.438 14.101 13.750 13.385 13.006 12.604 11.995 11.417 10.871 10.356 9.873 9.422 9.002 8.614 8.257 7.932 7.639 7.373 7.096 6.818 6.537 6.253 5.968 5.680 5.390 5.098 4.804 4.507 4.209 3.935 3.779 3.623 3.467 3.311 3.154 2.996 2.839 2.681 2.523 2.364 2.205 2.069 2.011 1.952 1.891 1.830 1.767 1.704 1.639 1.573 1.506 1.438 1.369 1.440 1.909 2.392 2.887
9.978 10.768 11.488 12.177 12.837 13.467 14.068 14.638 15.179 15.680 15.395 15.094 14.780 14.451 14.108 13.750 13.378 12.991 12.590 12.175 11.745 11.321 10.854 10.417 10.012 9.639 9.297 8.986 8.707 8.460 8.244 8.060 7.907 7.783 7.496 7.207 6.916 6.623 6.327 6.030 5.730 5.428 5.123 4.817 4.508 4.207 4.050 3.893 3.735 3.577 3.418 3.260 3.100 2.941 2.781 2.621 2.460 2.310 2.247 2.183 2.118 2.051 1.984 1.915 1.846 1.775 1.703 1.630 1.556 1.573 2.100 2.639 3.192
10.166 10.811 11.426 12.012 12.568 13.095 13.591 14.058 14.495 14.902 14.650 14.300 13.936 13.556 13.163 12.755 12.333 11.896 11.445 10.980 10.500 10.025 9.679 9.383 9.119 8.886 8.685 8.516 8.378 8.271 8.196 8.153 8.141 8.160 7.897 7.598 7.297 6.994 6.689 6.381 6.071 5.759 5.445 5.128 4.810 4.489 4.322 4.162 4.003 3.843 3.683 3.523 3.362 3.201 3.039 2.878 2.715 2.553 2.484 2.415 2.345 2.274 2.201 2.128 2.053 1.978 1.901 1.823 1.822 1.963 2.715 3.468 4.222
10.340 10.881 11.393 11.875 12.327 12.750 13.143 13.506 13.839 14.143 13.921 13.520 13.106 12.676 12.233 11.775 11.302 10.816 10.315 9.799 9.269 8.744 8.471 8.316 8.192 8.100 8.040 8.011 8.013 8.048 8.113 8.210 8.339 8.499 8.301 7.992 7.681 7.368 7.052 6.735 6.415 6.093 5.768 5.442 5.113 4.783 4.593 4.432 4.271 4.110 3.948 3.786 3.624 3.461 3.298 3.134 2.970 2.806 2.722 2.649 2.602 2.590 2.613 2.672 2.766 2.895 3.059 3.259 3.493 3.763 4.486 5.240 5.994
10.541 10.979 11.387 11.765 12.114 12.433 12.722 12.982 13.212 13.412 13.205 12.755 12.290 11.811 11.317 10.809 10.287 9.750 9.199 8.633 8.053 7.478 7.228 7.214 7.231 7.280 7.360 7.472 7.615 7.789 7.996 8.233 8.502 8.803 8.706 8.387 8.066 7.743 7.417 7.090 6.760 6.428 6.094 5.758 5.419 5.078 4.864 4.702 4.539 4.376 4.207 4.028 3.842 3.650 3.451 3.247 3.036 2.819 2.800 2.875 2.984 3.129 3.309 3.524 3.774 4.059 4.380 4.736 5.127 5.553 6.253 7.008 7.764
10.770 11.104 11.409 11.684 11.929 12.144 12.330 12.486 12.613 12.709 12.504 12.004 11.489 10.959 10.416 9.858 9.285 8.698 8.097 7.482 6.852 6.226 5.952 6.078 6.236 6.425 6.646 6.898 7.182 7.497 7.843 8.221 8.631 9.072 9.113 8.784 8.453 8.120 7.785 7.447 7.108 6.745 6.374 6.021 5.685 5.368 5.138 4.956 4.767 4.572 4.371 4.163 3.950 3.730 3.504 3.272 3.033 2.789 2.833 3.064 3.330 3.631 3.967 4.338 4.745 5.187 5.663 6.176 6.723 7.305 8.018 8.774 9.531
11.027 11.258 11.458 11.630 11.771 11.883 11.966 12.018 12.042 12.035 11.818 11.267 10.702 10.123 9.529 8.921 8.298 7.662 7.011 6.345 5.665 4.989 4.641 4.908 5.206 5.536 5.897 6.290 6.714 7.169 7.656 8.175 8.682 9.148 9.237 8.821 8.423 8.043 7.680 7.335 7.007 6.697 6.405 6.131 5.874 5.635 5.419 5.209 4.992 4.770 4.541 4.306 4.064 3.817 3.563 3.303 3.037 2.765 2.830 3.217 3.639 4.096 4.589 5.116 5.679 6.277 6.910 7.578 8.281 9.020 9.779 10.537 11.295
11.311 11.438 11.536 11.604 11.642 11.650 11.629 11.579 11.499 11.389 11.145 10.544 9.929 9.300 8.656 7.998 7.326 6.639 5.938 5.223 4.493 3.767 3.298 3.778 4.309 4.827 5.330 5.818 6.292 6.752 7.197 7.628 8.044 8.446 8.620 8.283 7.964 7.662 7.378 7.111 6.862 6.631 6.418 6.222 6.044 5.883 5.706 5.468 5.224 4.974 4.717 4.454 4.185 3.910 3.629 3.341 3.047 2.747 2.790 3.333 3.912 4.525 5.174 5.857 6.576 7.330 8.119 8.943 9.802 10.697 11.538 12.297 13.056
11.622 11.646 11.640 11.605 11.540 11.445 11.321 11.167 10.984 10.771 10.487 9.836 9.171 8.492 7.798 7.098 6.501 5.915 5.341 4.778 4.226 3.684 3.251 3.733 4.201 4.654 5.093 5.517 5.927 6.323 6.704 7.071 7.423 7.761 7.985 7.726 7.485 7.262 7.057 6.869 6.699 6.546 6.411 6.294 6.194 6.113 5.999 5.734 5.462 5.184 4.900 4.609 4.312 4.010 3.701 3.385 3.064 2.736 2.714 3.414 4.148 4.917 5.722 6.562 7.436 8.346 9.291 10.271 11.286 12.336 13.295 14.054 14.814
11.961 11.882 11.773 11.634 11.466 11.268 11.040 10.783 10.499 10.213 9.932 9.325 8.722 8.130 7.550 6.981 6.423 5.877 5.342 4.819 4.307 3.804 3.308 3.705 4.108 4.497 4.872 5.233 5.579 5.910 6.228 6.530 6.819 7.093 7.331 7.151 6.989 6.844 6.717 6.608 6.516 6.442 6.386 6.347 6.326 6.323 6.299 6.006 5.706 5.401 5.089 4.770 4.446 4.116 3.779 3.436 3.087 2.732 2.602 3.458 4.348 5.273 6.234 7.229 8.260 9.325 10.426 11.562 12.733 13.939 15.048 15.809 16.570
12.328 12.113 11.808 11.508 11.214 10.925 10.642 10.364 10.092 9.826 9.564 9.038 8.475 7.922 7.382 6.852 6.335 5.828 5.333 4.850 4.378 3.915 3.459 3.692 4.032 4.357 4.668 4.965 5.247 5.514 5.768 6.007 6.231 6.441 6.637 6.557 6.474 6.407 6.359 6.328 6.315 6.319 6.342 6.381 6.439 6.514 6.605 6.284 5.957 5.623 5.284 4.938 4.586 4.228 3.864 3.493 3.116 2.734 2.454 3.466 4.512 5.593 6.709 7.860 9.046 10.268 11.524 12.815 14.142 15.503 16.799 17.561 18.323
11.859 11.568 11.282 11.001 10.726 10.457 10.193 9.934 9.681 9.434 9.192 8.741 8.217 7.705 7.204 6.714 6.236 5.770 5.314 4.870 4.438 4.015 3.599 3.696 3.972 4.233 4.480 4.713 4.931 5.135 5.324 5.499 5.660 5.806 5.938 5.945 5.940 5.952 5.982 6.030 6.095 6.178 6.278 6.397 6.532 6.686 6.857 6.568 6.214 5.853 5.485 5.112 4.733 4.347 3.955 3.557 3.152 2.742 2.325 3.437 4.639 5.876 7.148 8.455 9.796 11.173 12.585 14.032 15.514 17.241 19.270 20.375 21.346
11.290 11.018 10.751 10.490 10.234 9.984 9.739 9.500 9.266 9.038 8.815 8.434 7.950 7.477 7.016 6.566 6.128 5.701 5.285 4.881 4.488 4.105 3.729 3.716 3.928 4.125 4.308 4.477 4.632 4.772 4.897 5.008 5.105 5.188 5.256 5.314 5.388 5.478 5.587 5.713 5.856 6.018 6.196 6.393 6.607 6.839 7.088 6.859 6.477 6.088 5.693 5.292 4.885 4.472 4.052 3.627 3.195 2.757 2.313 3.373 4.862 6.603 8.417 10.303 12.261 14.290 16.391 18.565 20.810 23.127 25.516 26.145 26.516
10.717 10.464 10.216 9.974 9.737 9.506 9.281 9.061 8.846 8.637 8.434 8.118 7.673 7.240 6.818 6.408 6.009 5.622 5.246 4.881 4.528 4.184 3.849 3.752 3.900 4.034 4.153 4.258 4.349 4.425 4.487 4.534 4.567 4.586 4.590 4.665 4.817 4.986 5.173 5.377 5.599 5.838 6.096 6.370 6.663 6.973 7.300 7.156 6.746 6.330 5.908 5.525 5.240 4.997 4.795 4.634 4.514 4.435 4.398 5.813 7.802 9.862 11.995 14.199 16.475 18.823 21.243 23.734 26.298 28.933 31.640 32.041 31.813
10.139 9.905 9.677 9.454 9.236 9.025 8.818 8.617 8.422 8.232 8.048 7.791 7.386 6.992 6.610 6.240 5.880 5.533 5.196 4.871 4.557 4.254 3.958 3.804 3.888 3.958 4.014 4.055 4.082 4.094 4.092 4.076 4.046 4.001 3.942 3.998 4.228 4.475 4.740 5.023 5.323 5.641 6.019 6.450 6.853 7.227 7.572 7.565 7.299 7.073 6.888 6.745 6.643 6.582 6.562 6.583 6.645 6.748 6.893 8.357 10.664 13.043 15.494 18.016 20.611 23.277 26.015 28.824 31.706 34.659 37.684 38.063 37.237
9.557 9.342 9.133 8.929 8.731 8.538 8.351 8.169 7.993 7.822 7.657 7.454 7.089 6.735 6.393 6.061 5.742 5.433 5.137 4.851 4.577 4.313 4.057 3.872 3.893 3.899 3.891 3.868 3.831 3.780 3.715 3.635 3.541 3.538 3.697 3.969 4.474 4.951 5.399 5.818 6.208 6.569 6.902 7.206 7.481 7.727 7.944 8.012 7.927 7.884 7.881 7.920 8.000 8.121 8.283 8.486 8.731 9.016 9.343 10.823 13.449 16.146 18.915 21.756 24.668 27.652 30.708 33.836 37.035 40.306 43.649 44.211 42.787
8.971 8.775 8.585 8.400 8.221 8.048 7.880 7.717 7.560 7.408 7.262 7.108 6.782 6.468 6.165 5.873 5.593 5.324 5.067 4.821 4.586 4.362 4.146 3.956 4.007 4.197 4.379 4.555 4.725 4.887 5.043 5.192 5.335 5.470 5.599 5.776 6.153 6.502 6.822 7.113 7.376 7.609 7.814 7.991 8.138 8.257 8.347 8.414 8.511 8.650 8.830 9.051 9.313 9.616 9.960 10.345 10.771 11.239 11.747 13.213 16.156 19.171 22.258 25.417 28.647 31.949 35.322 38.768 42.285 45.873 49.533 50.486 48.464
8.380 8.203 8.033 7.867 7.707 7.553 7.404 7.260 7.122 6.990 6.863 6.741 6.465 6.190 5.927 5.675 5.475 5.554 5.642 5.740 5.847 5.930 5.987 6.052 6.215 6.375 6.527 6.673 6.812 6.945 7.071 7.189 7.302 7.407 7.506 7.611 7.861 8.082 8.275 8.438 8.573 8.679 8.757 8.805 8.825 8.817 8.779 8.772 9.052 9.372 9.734 10.137 10.581 11.066 11.592 12.159 12.767 13.416 14.106 15.525 18.786 22.119 25.523 29.000 32.547 36.167 39.858 43.621 47.455 51.361 55.339 56.886 54.267
7.785 7.628 7.476 7.330 7.189 7.053 6.924 6.799 6.680 6.623 6.808 7.041 7.143 7.216 7.299 7.392 7.493 7.604 7.725 7.855 7.995 8.110 8.200 8.298 8.428 8.558 8.680 8.796 8.905 9.007 9.103 9.192 9.274 9.349 9.418 9.480 9.598 9.692 9.757 9.793 9.800 9.779 9.729 9.650 9.542 9.406 9.241 9.086 9.548 10.050 10.594 11.178 11.804 12.471 13.178 13.927 14.717 15.548 16.419 17.760 21.339 24.989 28.711 32.505 36.370 40.307 44.315 48.395 52.546 56.770 61.064 63.412 60.197
7.185 7.047 6.948 6.962 7.024 7.135 7.294 7.501 7.757 8.062 8.415 8.816 9.020 9.126 9.242 9.366 9.500 9.644 9.797 9.959 10.131 10.279 10.402 10.533 10.646 10.745 10.838 10.923 11.002 11.074 11.140 11.198 11.250 11.296 11.334 11.366 11.364 11.330 11.268 11.176 11.056 10.907 10.730 10.524 10.289 10.026 9.733 9.412 10.000 10.684 11.409 12.176 12.983 13.831 14.720 15.651 16.622 17.634 18.687 19.918 23.814 27.782 31.821 35.932 40.114 44.368 48.693 53.090 57.559 62.099 66.710 70.064 66.253
6.943 7.028 7.162 7.344 7.574 7.853 8.181 8.557 8.981 9.454 9.975 10.545 10.887 11.025 11.173 11.330 11.497 11.672 11.858 12.053 12.257 12.437 12.593 12.757 12.868 12.937 13.000 13.055 13.104 13.146 13.181 13.210 13.232 13.247 13.256 13.257 13.159 12.998 12.808 12.589 12.342 12.066 11.761 11.428 11.065 10.675 10.255 9.807 10.408 11.274 12.181 13.128 14.117 15.147 16.218 17.329 18.482 19.676 20.910 22.186 26.212 30.497 34.853 39.281 43.781 48.351 52.994 57.707 62.493 67.349 72.277 76.341 70.776
6.774 7.028 7.330 7.680 8.079 8.526 9.022 9.566 10.159 10.799 11.489 12.226 12.742 12.913 13.093 13.283 13.481 13.690 13.907 14.135 14.371 14.584 14.773 14.969 15.095 15.134 15.166 15.192 15.211 15.223 15.228 15.227 15.218 15.204 15.182 15.154 14.983 14.694 14.377 14.031 13.657 13.253 12.821 12.361 11.872 11.354 10.807 10.232 10.772 11.819 12.908 14.037 15.207 16.418 17.670 18.963 20.297 21.672 23.088 24.545 28.533 33.135 37.679 41.905 45.998 49.958 53.786 57.482 61.045 64.475 67.773 70.938 66.253
6.560 6.982 7.452 7.971 8.538 9.153 9.817 10.529 11.290 12.099 12.956 13.861 14.587 14.790 15.002 15.224 15.455 15.696 15.946 16.205 16.474 16.720 16.941 17.170 17.327 17.336 17.338 17.333 17.322 17.304 17.279 17.248 17.210 17.165 17.113 17.055 16.836 16.420 15.976 15.502 15.001 14.470 13.911 13.324 12.707 12.062 11.389 10.687 11.092 12.321 13.591 14.901 16.253 17.649 19.074 20.505 21.943 23.387 24.837 26.294 29.561 33.467 37.241 40.882 44.390 47.766 51.010 54.121 57.100 59.946 62.660 65.242 61.661
