DATA/SHG/ECMWF/20170628/EN-18/20170708.en-18.asc
ncols        190
nrows        64
xllcorner    -5100000.000000000000
yllcorner    4130000.000000000000
cellsize     10000.000000000000
NODATA_value  -99999.000
[rows 0 to 31 of 64, columns 72 to 143 of 190]
1.363 1.303 1.240 1.173 1.104 1.032 0.957 0.879 0.798 0.838 1.191 1.556 1.914 2.266 2.611 2.949 3.280 3.605 3.923 4.235 4.539 4.878 5.357 5.846 6.343 6.850 7.365 7.888 8.421 8.961 9.511 10.069 10.636 11.098 11.177 11.226 11.248 11.240 11.205 11.140 11.048 10.926 10.776 10.598 10.391 10.207 10.173 10.141 10.110 10.080 10.052 10.025 9.999 9.975 9.953 9.931 9.912 9.724 9.045 8.379 7.727 7.087 6.460 5.847 5.247 4.659 4.085 3.524 2.975 2.538 2.379 2.221
1.377 1.307 1.233 1.187 1.151 1.118 1.087 1.058 1.032 1.075 1.424 1.765 2.100 2.428 2.750 3.064 3.372 3.674 3.969 4.256 4.538 4.837 5.355 5.883 6.420 6.965 7.519 8.081 8.652 9.232 9.820 10.417 11.023 11.563 11.514 11.436 11.330 11.195 11.032 10.840 10.620 10.371 10.093 9.788 9.453 9.134 9.107 9.081 9.056 9.033 9.011 8.990 8.971 8.954 8.938 8.923 8.909 8.812 8.191 7.584 6.989 6.408 5.839 5.284 4.742 4.212 3.696 3.193 2.703 2.273 2.115 1.956
1.543 1.509 1.477 1.447 1.420 1.395 1.373 1.353 1.336 1.337 1.662 1.980 2.292 2.596 2.894 3.186 3.470 3.748 4.020 4.284 4.542 4.793 5.344 5.910 6.486 7.070 7.662 8.264 8.874 9.492 10.120 10.755 11.400 12.053 11.883 11.677 11.443 11.181 10.890 10.571 10.223 9.847 9.442 9.009 8.547 8.061 8.040 8.021 8.002 7.985 7.970 7.956 7.943 7.932 7.922 7.914 7.907 7.888 7.325 6.776 6.239 5.716 5.206 4.709 4.224 3.753 3.295 2.850 2.418 2.021 1.893 1.777
1.775 1.749 1.725 1.704 1.686 1.669 1.656 1.645 1.636 1.630 1.906 2.201 2.489 2.770 3.045 3.313 3.574 3.829 4.077 4.318 4.553 4.781 5.322 5.928 6.542 7.165 7.796 8.436 9.085 9.743 10.409 11.083 11.767 12.458 12.282 11.949 11.588 11.198 10.780 10.333 9.858 9.355 8.823 8.262 7.673 7.056 6.974 6.960 6.949 6.938 6.929 6.922 6.916 6.911 6.907 6.905 6.905 6.906 6.447 5.956 5.516 5.118 4.721 4.325 3.931 3.538 3.147 2.758 2.370 1.983 1.884 1.817
2.004 1.986 1.971 1.959 1.949 1.941 1.936 1.934 1.934 1.936 2.156 2.427 2.692 2.950 3.201 3.446 3.684 3.915 4.140 4.358 4.569 4.774 5.291 5.935 6.588 7.250 7.920 8.599 9.287 9.983 10.687 11.401 12.123 12.854 12.712 12.252 11.763 11.246 10.701 10.127 9.525 8.894 8.235 7.547 6.831 6.087 5.907 5.900 5.895 5.891 5.888 5.940 6.035 6.130 6.226 6.321 6.417 6.513 6.218 5.823 5.429 5.037 4.647 4.258 3.870 3.484 3.099 2.716 2.335 1.955 1.863 1.845
2.230 2.221 2.215 2.211 2.209 2.211 2.214 2.220 2.229 2.240 2.411 2.659 2.901 3.135 3.363 3.585 3.799 4.007 4.209 4.403 4.591 4.773 5.250 5.933 6.625 7.325 8.034 8.752 9.478 10.213 10.956 11.708 12.469 13.238 13.173 12.585 11.969 11.325 10.653 9.952 9.222 8.465 7.703 6.958 6.218 5.484 5.294 5.389 5.484 5.579 5.675 5.771 5.867 5.963 6.060 6.156 6.253 6.350 6.116 5.727 5.340 4.955 4.571 4.189 3.808 3.428 3.050 2.674 2.299 1.925 1.832 1.863
2.453 2.453 2.455 2.460 2.467 2.477 2.489 2.504 2.521 2.541 2.672 2.897 3.115 3.327 3.531 3.729 3.921 4.105 4.284 4.455 4.620 4.778 5.198 5.920 6.651 7.390 8.138 8.894 9.659 10.433 11.215 12.006 12.805 13.549 13.504 12.738 11.977 11.222 10.474 9.731 8.993 8.262 7.536 6.816 6.102 5.394 5.119 5.215 5.312 5.408 5.505 5.602 5.699 5.796 5.893 5.991 6.089 6.187 6.013 5.631 5.250 4.872 4.494 4.118 3.744 3.371 3.000 2.630 2.261 1.894 1.790 1.869
2.674 2.683 2.693 2.707 2.723 2.741 2.762 2.785 2.811 2.839 2.939 3.141 3.335 3.524 3.705 3.880 4.048 4.209 4.364 4.512 4.654 4.789 5.138 5.898 6.700 7.496 8.270 9.021 9.749 10.454 11.136 11.796 12.432 13.046 13.125 12.385 11.650 10.921 10.198 9.481 8.769 8.063 7.364 6.669 5.981 5.298 4.945 5.042 5.139 5.237 5.334 5.432 5.530 5.629 5.727 5.826 5.925 6.024 5.908 5.533 5.159 4.787 4.416 4.047 3.679 3.313 2.948 2.584 2.222 1.862 1.736 1.865
2.892 2.909 2.929 2.951 2.975 3.002 3.031 3.063 3.097 3.134 3.212 3.390 3.561 3.726 3.885 4.036 4.195 4.410 4.631 4.858 5.091 5.329 5.681 6.422 7.139 7.834 8.505 9.154 9.780 10.384 10.964 11.522 12.056 12.568 12.741 12.026 11.317 10.614 9.917 9.225 8.539 7.859 7.185 6.516 5.854 5.197 4.771 4.869 4.967 5.065 5.164 5.263 5.362 5.461 5.561 5.661 5.761 5.861 5.803 5.434 5.067 4.701 4.337 3.974 3.612 3.253 2.894 2.538 2.182 1.828 1.672 1.850
3.108 3.134 3.162 3.192 3.225 3.261 3.298 3.339 3.382 3.437 3.532 3.732 3.939 4.151 4.369 4.593 4.822 5.058 5.298 5.545 5.798 6.056 6.350 6.988 7.604 8.196 8.766 9.313 9.837 10.339 10.817 11.273 11.706 12.116 12.351 11.662 10.979 10.301 9.630 8.964 8.303 7.649 7.000 6.358 5.721 5.089 4.596 4.695 4.794 4.894 4.994 5.094 5.194 5.294 5.395 5.496 5.597 5.698 5.696 5.333 4.973 4.613 4.256 3.899 3.545 3.191 2.840 2.489 2.141 1.793 1.597 1.824
3.321 3.355 3.408 3.481 3.556 3.633 3.710 3.789 3.868 3.949 4.033 4.254 4.480 4.712 4.950 5.194 5.443 5.699 5.959 6.226 6.498 6.776 7.049 7.579 8.093 8.584 9.052 9.497 9.919 10.319 10.696 11.050 11.381 11.689 11.956 11.292 10.635 9.983 9.337 8.696 8.062 7.433 6.810 6.193 5.582 4.976 4.422 4.522 4.622 4.723 4.823 4.924 5.026 5.127 5.229 5.330 5.433 5.535 5.587 5.232 4.877 4.525 4.174 3.824 3.476 3.129 2.784 2.440 2.098 1.757 1.511 1.786
3.738 3.813 3.890 3.968 4.047 4.127 4.208 4.291 4.375 4.460 4.546 4.769 5.015 5.267 5.525 5.789 6.058 6.333 6.614 6.901 7.193 7.491 7.784 8.195 8.607 8.996 9.362 9.706 10.027 10.325 10.600 10.852 11.082 11.289 11.473 10.917 10.285 9.659 9.038 8.424 7.815 7.212 6.614 6.023 5.437 4.857 4.283 4.348 4.450 4.551 4.653 4.755 4.857 4.960 5.062 5.165 5.268 5.372 5.475 5.128 4.781 4.435 4.090 3.747 3.405 3.065 2.726 2.389 2.053 1.751 1.522 1.949
4.210 4.290 4.371 4.453 4.536 4.620 4.705 4.792 4.879 4.968 5.058 5.278 5.544 5.816 6.094 6.378 6.667 6.962 7.263 7.569 7.881 8.199 8.512 8.836 9.146 9.433 9.698 9.940 10.159 10.356 10.529 10.680 10.808 10.913 10.996 10.536 9.929 9.329 8.734 8.145 7.562 6.984 6.412 5.846 5.286 4.732 4.183 4.175 4.277 4.380 4.483 4.586 4.689 4.792 4.896 5.000 5.104 5.208 5.313 5.024 4.692 4.379 4.079 3.791 3.514 3.250 2.998 2.758 2.531 2.315 2.111 2.643
4.681 4.765 4.850 4.935 5.022 5.111 5.200 5.291 5.382 5.475 5.569 5.781 6.067 6.359 6.657 6.960 7.270 7.585 7.905 8.232 8.564 8.901 9.234 9.501 9.710 9.896 10.059 10.199 10.317 10.412 10.484 10.533 10.560 10.564 10.545 10.149 9.568 8.993 8.424 7.861 7.303 6.751 6.205 5.664 5.130 4.601 4.078 4.001 4.105 4.208 4.312 4.460 4.638 4.794 4.927 5.039 5.128 5.194 5.239 5.030 4.760 4.501 4.254 4.019 3.797 3.587 3.388 3.202 3.028 2.866 2.716 3.301
5.150 5.238 5.327 5.416 5.508 5.600 5.693 5.788 5.883 5.980 6.078 6.278 6.584 6.896 7.214 7.537 7.866 8.201 8.542 8.888 9.240 9.597 9.950 10.191 10.298 10.383 10.444 10.483 10.500 10.493 10.464 10.412 10.337 10.240 10.119 9.757 9.201 8.652 8.108 7.570 7.038 6.512 6.033 5.622 5.243 4.898 4.586 4.579 4.747 4.893 5.016 5.117 5.196 5.253 5.288 5.300 5.290 5.258 5.204 5.032 4.815 4.610 4.417 4.236 4.067 3.910 3.766 3.633 3.513 3.405 3.309 3.922
5.618 5.709 5.802 5.896 5.991 6.087 6.184 6.283 6.383 6.484 6.586 6.769 7.095 7.427 7.764 8.108 8.457 8.811 9.172 9.538 9.910 10.287 10.660 10.906 10.911 10.895 10.855 10.792 10.707 10.600 10.469 10.316 10.140 9.925 9.682 9.321 8.825 8.362 7.933 7.536 7.172 6.842 6.545 6.281 6.050 5.852 5.687 5.654 5.723 5.770 5.795 5.797 5.777 5.735 5.671 5.585 5.476 5.345 5.192 5.021 4.857 4.706 4.567 4.439 4.324 4.221 4.131 4.052 3.985 3.930 3.888 4.508
6.083 6.179 6.275 6.373 6.472 6.573 6.674 6.777 6.880 6.985 7.091 7.254 7.600 7.952 8.309 8.672 9.041 9.416 9.796 10.182 10.574 10.971 11.364 11.645 11.498 11.299 11.090 10.872 10.644 10.407 10.161 9.905 9.639 9.364 9.080 8.765 8.417 8.101 7.819 7.569 7.353 7.170 7.020 6.903 6.819 6.769 6.751 6.752 6.722 6.670 6.596 6.499 6.381 6.240 6.077 5.892 5.684 5.455 5.203 4.997 4.888 4.790 4.704 4.631 4.569 4.520 4.483 4.457 4.444 4.443 4.454 5.058
6.547 6.646 6.747 6.849 6.952 7.056 7.162 7.268 7.376 7.485 7.595 7.733 8.099 8.470 8.848 9.231 9.615 9.941 10.252 10.549 10.832 11.101 11.359 11.559 11.327 11.086 10.835 10.575 10.305 10.026 9.738 9.440 9.132 8.816 8.489 8.174 7.973 7.804 7.669 7.567 7.498 7.462 7.459 7.489 7.553 7.649 7.779 7.872 7.743 7.592 7.419 7.224 7.006 6.767 6.505 6.221 5.915 5.587 5.237 4.962 4.905 4.861 4.829 4.809 4.801 4.806 4.822 4.850 4.891 4.943 5.008 5.572
7.009 7.112 7.217 7.323 7.430 7.538 7.648 7.758 7.870 7.983 8.095 8.195 8.536 8.869 9.187 9.492 9.782 10.059 10.321 10.569 10.803 11.023 11.232 11.430 11.167 10.884 10.591 10.289 9.977 9.656 9.326 8.986 8.637 8.278 7.910 7.547 7.493 7.472 7.484 7.529 7.607 7.718 7.862 8.039 8.250 8.493 8.769 9.013 8.786 8.536 8.265 7.971 7.655 7.317 6.956 6.574 6.169 5.742 5.293 4.913 4.911 4.920 4.942 4.975 5.021 5.079 5.149 5.231 5.325 5.431 5.549 6.051
7.469 7.577 7.698 7.847 7.985 8.113 8.229 8.335 8.430 8.515 8.588 8.651 8.911 9.195 9.465 9.720 9.962 10.189 10.402 10.602 10.787 10.958 11.117 11.267 11.018 10.693 10.358 10.014 9.661 9.298 8.925 8.543 8.152 7.751 7.341 6.922 6.978 7.104 7.263 7.455 7.680 7.938 8.229 8.553 8.910 9.300 9.723 10.177 9.851 9.503 9.132 8.740 8.325 7.889 7.430 6.949 6.446 5.920 5.373 4.853 4.904 4.967 5.042 5.129 5.228 5.340 5.463 5.598 5.746 5.905 6.077 6.494
8.247 8.380 8.502 8.613 8.714 8.804 8.883 8.951 9.008 9.055 9.091 9.116 9.299 9.534 9.754 9.961 10.154 10.332 10.497 10.647 10.784 10.906 11.016 11.116 10.880 10.513 10.136 9.750 9.355 8.950 8.536 8.112 7.679 7.236 6.784 6.323 6.428 6.701 7.007 7.345 7.717 8.122 8.560 9.031 9.534 10.071 10.641 11.244 10.938 10.491 10.023 9.532 9.018 8.483 7.926 7.346 6.745 6.121 5.475 4.807 4.885 5.001 5.130 5.270 5.423 5.588 5.765 5.953 6.154 6.367 6.621 6.988
9.135 9.230 9.315 9.388 9.451 9.504 9.545 9.576 9.596 9.605 9.603 9.591 9.699 9.884 10.056 10.214 10.358 10.488 10.603 10.705 10.793 10.866 10.927 10.977 10.753 10.344 9.925 9.497 9.060 8.613 8.157 7.691 7.216 6.732 6.238 5.735 5.842 6.262 6.714 7.200 7.719 8.270 8.855 9.472 10.123 10.806 11.522 12.272 12.047 11.502 10.935 10.345 9.734 9.100 8.444 7.767 7.067 6.345 5.600 4.834 4.853 5.071 5.365 5.659 5.954 6.250 6.546 6.844 7.143 7.442 7.742 8.043
10.032 10.090 10.137 10.173 10.198 10.213 10.216 10.209 10.192 10.163 10.124 10.074 10.111 10.248 10.371 10.480 10.575 10.656 10.722 10.775 10.814 10.839 10.851 10.852 10.637 10.186 9.725 9.255 8.776 8.287 7.789 7.282 6.765 6.239 5.703 5.158 5.221 5.788 6.387 7.019 7.684 8.382 9.113 9.877 10.674 11.504 12.367 13.263 13.179 12.535 11.869 11.182 10.443 9.676 8.942 8.243 7.578 6.947 6.349 5.786 5.860 6.156 6.453 6.751 7.050 7.350 7.650 7.951 8.254 8.557 8.860 9.165
10.938 10.958 10.967 10.966 10.954 10.931 10.897 10.852 10.797 10.731 10.655 10.567 10.535 10.623 10.698 10.758 10.804 10.836 10.854 10.858 10.848 10.824 10.787 10.739 10.531 10.038 9.536 9.024 8.503 7.973 7.433 6.884 6.325 5.757 5.180 4.593 4.565 5.278 6.024 6.802 7.614 8.459 9.336 10.229 11.078 11.889 12.662 13.396 13.313 12.561 11.842 11.158 10.507 9.890 9.307 8.758 8.243 7.761 7.314 6.901 6.939 7.239 7.540 7.841 8.144 8.447 8.751 9.056 9.362 9.669 9.976 10.285
11.853 11.835 11.807 11.768 11.718 11.658 11.586 11.505 11.412 11.309 11.194 11.070 10.972 11.011 11.037 11.048 11.045 11.029 10.998 10.954 10.895 10.822 10.736 10.639 10.436 9.902 9.358 8.804 8.241 7.669 7.087 6.496 5.896 5.286 4.741 4.327 4.368 5.315 6.224 7.094 7.927 8.721 9.477 10.195 10.875 11.517 12.121 12.687 12.741 12.139 11.571 11.036 10.536 10.069 9.636 9.237 8.872 8.540 8.243 7.979 8.016 8.319 8.624 8.929 9.235 9.542 9.850 10.159 10.468 10.779 11.090 11.402
12.776 12.721 12.656 12.579 12.492 12.394 12.285 12.166 12.036 11.895 11.743 11.581 11.421 11.411 11.388 11.351 11.299 11.234 11.155 11.061 10.954 10.833 10.698 10.551 10.352 9.798 9.289 8.801 8.333 7.887 7.461 7.056 6.671 6.308 5.965 5.642 5.558 6.336 7.075 7.777 8.440 9.066 9.653 10.202 10.713 11.186 11.621 12.018 12.135 11.683 11.264 10.880 10.529 10.212 9.929 9.680 9.465 9.283 9.136 9.022 9.090 9.397 9.705 10.014 10.324 10.635 10.947 11.259 11.572 11.886 12.201 12.517
13.669 13.616 13.513 13.399 13.274 13.139 12.993 12.836 12.669 12.490 12.301 12.102 11.891 11.824 11.752 11.666 11.566 11.445 11.282 11.134 11.001 10.883 10.778 10.683 10.599 10.170 9.753 9.357 8.982 8.627 8.293 7.979 7.687 7.415 7.164 6.933 6.787 7.396 7.967 8.500 8.994 9.451 9.870 10.250 10.592 10.897 11.163 11.391 11.493 11.191 10.922 10.688 10.487 10.320 10.187 10.087 10.022 9.990 9.992 10.028 10.162 10.473 10.785 11.097 11.411 11.725 12.041 12.357 12.674 12.992 13.310 13.630
14.521 14.520 14.380 14.228 14.066 13.893 13.710 13.515 13.310 13.095 12.844 12.488 12.115 11.894 11.724 11.568 11.427 11.301 11.190 11.093 11.012 10.945 10.891 10.848 10.816 10.520 10.194 9.890 9.606 9.343 9.101 8.879 8.678 8.498 8.339 8.200 8.082 8.497 8.899 9.263 9.589 9.877 10.127 10.338 10.512 10.648 10.746 10.805 10.817 10.664 10.545 10.461 10.410 10.392 10.409 10.459 10.543 10.661 10.813 10.999 11.231 11.546 11.862 12.178 12.495 12.814 13.133 13.452 13.773 14.095 14.417 14.740
15.361 15.433 15.255 15.038 14.740 14.425 14.093 13.746 13.382 13.001 12.604 12.191 11.761 11.532 11.412 11.308 11.219 11.144 11.084 11.039 11.008 10.993 10.991 10.999 11.020 10.845 10.612 10.399 10.207 10.036 9.885 9.755 9.646 9.557 9.490 9.442 9.416 9.637 9.871 10.066 10.223 10.343 10.424 10.467 10.473 10.440 10.369 10.260 10.114 10.102 10.133 10.198 10.297 10.429 10.596 10.796 11.029 11.297 11.598 11.933 12.299 12.617 12.936 13.257 13.578 13.899 14.222 14.546 14.870 15.195 15.521 15.848
15.840 15.876 15.553 15.214 14.858 14.486 14.097 13.693 13.271 12.834 12.380 11.909 11.422 11.156 11.088 11.035 10.997 10.974 10.965 10.971 10.992 11.028 11.077 11.138 11.210 11.147 11.005 10.884 10.784 10.704 10.645 10.607 10.589 10.592 10.616 10.661 10.726 10.818 10.882 10.909 10.898 10.849 10.762 10.637 10.474 10.273 10.034 9.757 9.442 9.506 9.686 9.901 10.149 10.431 10.747 11.096 11.479 11.896 12.347 12.832 13.350 13.686 14.009 14.333 14.657 14.983 15.309 15.636 15.965 16.293 16.623 16.954
16.117 16.181 15.801 15.404 14.992 14.562 14.117 13.655 13.177 12.682 12.171 11.643 11.099 10.767 10.751 10.749 10.762 10.790 10.833 10.890 10.962 11.049 11.150 11.263 11.387 11.425 11.375 11.346 11.337 11.349 11.381 11.435 11.509 11.603 11.719 11.854 12.011 12.038 11.934 11.793 11.613 11.396 11.140 10.847 10.516 10.146 9.739 9.294 8.811 8.874 9.204 9.568 9.966 10.397 10.862 11.361 11.894 12.460 13.060 13.694 14.362 14.752 15.079 15.389 15.642 15.860 16.043 16.190 16.303 16.381 16.423 16.431
16.416 16.501 16.064 15.610 15.140 14.654 14.152 13.633 13.097 12.545 11.977 11.393 10.792 10.366 10.401 10.450 10.515 10.594 10.688 10.796 10.920 11.058 11.210 11.374 11.550 11.680 11.721 11.784 11.866 11.970 12.094 12.239 12.404 12.590 12.797 13.024 13.272 13.298 13.026 12.716 12.368 11.983 11.559 11.098 10.598 10.061 9.485 8.872 8.221 8.208 8.687 9.201 9.748 10.328 11.072 12.067 12.957 13.741 14.420 14.993 15.461 15.719 15.887 16.020 16.118 16.180 16.208 16.201 16.159 16.082 15.969 15.822
