DATA/SHG/ECMWF/20170628/EN-18/20170709.en-18.asc
ncols        190
nrows        64
xllcorner    -5100000.000000000000
yllcorner    4130000.000000000000
cellsize     10000.000000000000
NODATA_value  -99999.000
[rows 0 to 32 of 64, columns 0 to 73 of 190]
4.032 4.167 4.304 4.441 4.579 4.719 4.859 5.001 5.143 5.113 5.017 4.911 4.794 4.666 4.528 4.379 4.219 4.048 3.867 3.775 3.721 4.371 5.314 6.218 7.085 7.913 8.704 9.456 10.170 10.846 11.483 12.083 12.645 12.833 12.826 12.852 12.913 13.007 13.135 13.297 13.494 13.724 13.988 14.286 14.618 14.739 14.611 14.428 14.188 13.893 13.541 13.134 12.670 12.151 11.576 10.945 10.257 9.482 8.678 7.908 7.174 6.475 5.811 5.181 4.587 4.027 3.502 3.013 2.558 2.226 2.051 1.883 1.720 1.563
4.088 4.227 4.367 4.508 4.650 4.793 4.937 5.082 5.229 5.211 5.077 4.933 4.847 4.769 4.699 4.634 4.576 4.525 4.480 4.442 4.410 4.847 5.656 6.426 7.158 7.852 8.508 9.126 9.706 10.247 10.751 11.216 11.644 11.898 12.010 12.156 12.336 12.550 12.798 13.080 13.396 13.745 14.129 14.546 14.998 15.176 14.852 14.471 14.035 13.542 12.994 12.390 11.730 11.014 10.243 9.415 8.531 7.673 6.992 6.346 5.734 5.158 4.616 4.109 3.638 3.201 2.799 2.432 2.099 1.834 1.680 1.532 1.390 1.254
4.142 4.284 4.428 4.573 4.725 4.905 5.091 5.281 5.476 5.547 5.473 5.406 5.345 5.290 5.242 5.201 5.166 5.138 5.116 5.101 5.092 5.363 6.037 6.673 7.271 7.831 8.353 8.836 9.282 9.689 10.059 10.390 10.684 10.929 11.161 11.426 11.726 12.060 12.427 12.828 13.264 13.733 14.236 14.772 15.343 15.669 15.147 14.570 13.937 13.248 12.504 11.703 10.847 9.934 8.966 7.942 6.863 5.834 5.275 4.752 4.263 3.809 3.390 3.006 2.657 2.342 2.063 1.818 1.684 1.556 1.484 1.417 1.355 1.298
4.275 4.453 4.636 4.824 5.017 5.214 5.416 5.623 5.835 5.968 5.917 5.872 5.834 5.803 5.778 5.759 5.748 5.742 5.744 5.751 5.766 5.918 6.458 6.960 7.423 7.849 8.237 8.586 8.898 9.172 9.407 9.605 9.764 9.926 10.278 10.663 11.082 11.535 12.022 12.543 13.097 13.686 14.308 14.964 15.654 16.217 15.499 14.725 13.895 13.010 12.069 11.072 10.020 8.911 7.747 6.527 5.251 3.963 3.527 3.126 2.780 2.685 2.581 2.468 2.346 2.215 2.075 1.926 1.767 1.600 1.543 1.494 1.450 1.410
4.493 4.688 4.888 5.093 5.302 5.517 5.736 5.960 6.189 6.381 6.353 6.331 6.316 6.308 6.306 6.310 6.322 6.339 6.363 6.394 6.432 6.512 6.918 7.285 7.615 7.907 8.161 8.377 8.554 8.694 8.796 8.860 8.886 8.890 9.361 9.866 10.404 10.977 11.583 12.223 12.897 13.604 14.346 15.121 15.930 16.773 15.905 14.935 13.910 12.828 11.691 10.498 9.249 7.974 6.800 5.668 4.580 3.535 3.353 3.245 3.127 3.000 2.864 2.719 2.565 2.402 2.230 2.049 1.859 1.660 1.598 1.566 1.539 1.518
4.705 4.917 5.134 5.356 5.582 5.814 6.050 6.291 6.537 6.786 6.781 6.782 6.790 6.805 6.826 6.853 6.888 6.928 6.975 7.029 7.089 7.156 7.417 7.651 7.847 8.005 8.125 8.207 8.251 8.257 8.225 8.155 8.047 7.902 8.411 9.035 9.693 10.384 11.110 11.869 12.662 13.488 14.349 15.243 16.171 17.133 16.276 14.952 13.670 12.431 11.235 10.082 8.973 7.906 6.882 5.902 4.964 4.070 3.772 3.632 3.482 3.323 3.156 2.979 2.793 2.598 2.395 2.182 1.960 1.729 1.648 1.634 1.625 1.620
4.911 5.140 5.374 5.613 5.857 6.105 6.358 6.616 6.879 7.147 7.201 7.226 7.257 7.294 7.338 7.389 7.446 7.509 7.580 7.656 7.739 7.829 7.955 8.055 8.118 8.142 8.128 8.077 7.987 7.859 7.694 7.491 7.249 6.970 7.427 8.171 8.948 9.758 10.603 11.442 12.236 13.000 13.734 14.439 15.113 15.757 15.110 13.936 12.805 11.717 10.672 9.670 8.712 7.796 6.923 6.093 5.306 4.563 4.199 4.027 3.845 3.655 3.455 3.247 3.029 2.803 2.567 2.322 2.069 1.806 1.693 1.697 1.705 1.718
5.112 5.358 5.609 5.865 6.125 6.390 6.661 6.936 7.215 7.500 7.614 7.661 7.715 7.776 7.843 7.916 7.996 8.083 8.176 8.275 8.381 8.494 8.533 8.499 8.428 8.319 8.171 7.986 7.763 7.502 7.203 6.867 6.553 6.264 6.674 7.513 8.322 9.101 9.850 10.569 11.258 11.918 12.547 13.146 13.716 14.255 13.902 12.879 11.899 10.962 10.068 9.217 8.409 7.644 6.922 6.242 5.606 5.013 4.635 4.430 4.217 3.995 3.764 3.523 3.274 3.015 2.748 2.472 2.186 1.892 1.734 1.755 1.780 1.811
5.307 5.570 5.838 6.110 6.388 6.670 6.957 7.249 7.546 7.847 8.019 8.089 8.166 8.249 8.339 8.436 8.539 8.648 8.764 8.887 9.016 9.151 9.150 8.983 8.778 8.447 8.120 7.804 7.498 7.204 6.922 6.650 6.389 6.139 6.357 7.091 7.795 8.469 9.114 9.728 10.312 10.867 11.391 11.886 12.350 12.785 12.653 11.781 10.952 10.165 9.422 8.722 8.064 7.450 6.878 6.349 5.864 5.421 5.078 4.842 4.597 4.343 4.080 3.808 3.527 3.237 2.937 2.629 2.312 1.986 1.770 1.808 1.851 1.899
5.496 5.776 6.061 6.350 6.645 6.944 7.248 7.557 7.870 8.189 8.416 8.510 8.609 8.716 8.828 8.948 9.073 9.186 9.165 9.139 9.109 9.074 8.931 8.609 8.299 8.000 7.711 7.434 7.168 6.913 6.669 6.436 6.214 6.003 6.072 6.701 7.300 7.869 8.408 8.918 9.397 9.847 10.267 10.657 11.017 11.347 11.363 10.642 9.963 9.328 8.735 8.185 7.678 7.214 6.793 6.414 6.079 5.786 5.530 5.262 4.985 4.700 4.405 4.101 3.788 3.466 3.135 2.795 2.447 2.089 1.800 1.856 1.916 1.982
5.680 5.977 6.278 6.585 6.896 7.212 7.533 7.859 8.189 8.525 8.769 8.764 8.754 8.739 8.720 8.696 8.668 8.636 8.599 8.557 8.511 8.461 8.356 8.073 7.802 7.541 7.292 7.054 6.826 6.610 6.405 6.211 6.028 5.856 5.817 6.341 6.835 7.300 7.734 8.139 8.514 8.859 9.175 9.460 9.716 9.941 10.033 9.462 8.934 8.449 8.006 7.607 7.250 6.936 6.665 6.437 6.252 6.109 5.990 5.690 5.382 5.064 4.738 4.402 4.058 3.704 3.342 2.970 2.590 2.200 1.826 1.899 1.977 2.060
5.858 6.172 6.490 6.774 7.019 7.257 7.489 7.716 7.936 8.150 8.335 8.313 8.287 8.257 8.222 8.183 8.139 8.091 8.038 7.981 7.919 7.853 7.770 7.526 7.294 7.072 6.862 6.662 6.474 6.297 6.130 5.975 5.831 5.697 5.592 6.012 6.402 6.762 7.092 7.392 7.663 7.903 8.114 8.295 8.446 8.567 8.659 8.241 7.864 7.529 7.236 6.987 6.781 6.617 6.496 6.418 6.383 6.390 6.441 6.127 5.787 5.437 5.079 4.712 4.336 3.951 3.556 3.140 2.722 2.315 1.920 1.978 2.077 2.180
5.754 5.995 6.231 6.460 6.683 6.901 7.112 7.317 7.516 7.709 7.895 7.868 7.827 7.781 7.730 7.675 7.616 7.552 7.483 7.410 7.332 7.250 7.164 6.969 6.775 6.592 6.421 6.260 6.110 5.972 5.844 5.728 5.622 5.528 5.445 5.714 5.999 6.255 6.480 6.676 6.842 6.978 7.085 7.161 7.208 7.225 7.212 6.980 6.752 6.567 6.425 6.326 6.270 6.256 6.285 6.357 6.472 6.629 6.829 6.571 6.131 5.672 5.224 4.788 4.363 3.951 3.550 3.160 2.783 2.417 2.063 2.075 2.186 2.301
5.511 5.731 5.945 6.153 6.355 6.551 6.741 6.925 7.103 7.274 7.440 7.429 7.372 7.310 7.244 7.173 7.098 7.018 6.934 6.845 6.752 6.654 6.552 6.400 6.246 6.102 5.969 5.847 5.736 5.636 5.548 5.470 5.403 5.348 5.303 5.447 5.628 5.779 5.900 5.991 6.053 6.085 6.087 6.059 6.002 5.915 5.797 5.677 5.600 5.565 5.573 5.624 5.717 5.932 6.132 6.296 6.425 6.518 6.575 6.284 5.854 5.435 5.028 4.633 4.250 3.878 3.518 3.170 2.833 2.508 2.195 2.168 2.291 2.418
5.275 5.474 5.667 5.853 6.034 6.209 6.378 6.540 6.697 6.847 6.992 6.995 6.922 6.845 6.763 6.676 6.585 6.490 6.390 6.285 6.176 6.063 5.945 5.821 5.705 5.600 5.506 5.423 5.351 5.290 5.240 5.201 5.173 5.156 5.150 5.211 5.287 5.334 5.351 5.338 5.295 5.223 5.121 4.989 4.827 4.636 4.754 4.999 5.288 5.541 5.758 5.940 6.087 6.197 6.272 6.311 6.315 6.283 6.215 5.954 5.565 5.187 4.821 4.467 4.125 3.794 3.475 3.168 2.872 2.588 2.316 2.259 2.393 2.531
5.045 5.223 5.395 5.561 5.720 5.874 6.021 6.163 6.298 6.427 6.551 6.567 6.478 6.385 6.287 6.185 6.078 5.967 5.851 5.731 5.606 5.477 5.344 5.232 5.154 5.088 5.033 4.988 4.955 4.933 4.921 4.921 4.932 4.953 4.986 5.005 4.978 4.920 4.844 4.842 4.875 4.943 5.047 5.185 5.359 5.568 5.812 6.048 6.212 6.340 6.433 6.490 6.511 6.497 6.447 6.361 6.240 6.083 5.891 5.614 5.265 4.929 4.604 4.290 3.989 3.699 3.421 3.155 2.900 2.657 2.426 2.346 2.492 2.642
4.823 4.980 5.130 5.275 5.413 5.545 5.672 5.792 5.906 6.015 6.117 6.144 6.039 5.930 5.817 5.699 5.577 5.450 5.318 5.183 5.042 4.898 4.748 4.631 4.592 4.565 4.548 4.543 4.548 4.564 4.592 4.628 4.661 4.689 4.714 4.727 4.743 4.794 4.880 5.001 5.157 5.349 5.575 5.837 6.134 6.466 6.833 7.131 7.170 7.173 7.141 7.073 6.970 6.831 6.656 6.446 6.200 5.918 5.601 5.263 4.955 4.659 4.375 4.103 3.842 3.593 3.356 3.130 2.916 2.714 2.524 2.430 2.588 2.749
4.608 4.743 4.872 4.996 5.113 5.224 5.329 5.429 5.522 5.609 5.690 5.726 5.606 5.482 5.352 5.219 5.081 4.938 4.791 4.640 4.484 4.323 4.158 4.020 4.041 4.088 4.130 4.168 4.203 4.234 4.261 4.284 4.303 4.319 4.331 4.358 4.497 4.671 4.880 5.124 5.404 5.718 6.068 6.452 6.872 7.327 7.817 8.248 8.162 8.041 7.884 7.691 7.463 7.200 6.900 6.565 6.195 5.789 5.347 4.901 4.634 4.379 4.136 3.904 3.684 3.476 3.280 3.095 2.922 2.761 2.611 2.510 2.680 2.853
4.399 4.514 4.622 4.724 4.820 4.910 4.994 5.072 5.144 5.210 5.270 5.314 5.179 5.038 4.893 4.744 4.590 4.448 4.318 4.193 4.075 3.962 3.855 3.759 3.796 3.828 3.857 3.882 3.904 3.921 3.935 3.945 3.951 3.953 3.951 3.953 4.215 4.512 4.844 5.211 5.614 6.051 6.524 7.031 7.574 8.152 8.764 9.399 9.189 8.943 8.661 8.344 7.991 7.603 7.179 6.720 6.225 5.694 5.128 4.528 4.302 4.088 3.885 3.695 3.516 3.348 3.193 3.049 2.917 2.796 2.687 2.590 2.768 2.953
4.198 4.291 4.378 4.459 4.534 4.603 4.666 4.723 4.774 4.819 4.862 4.880 4.750 4.611 4.478 4.351 4.230 4.114 4.004 3.900 3.802 3.710 3.623 3.542 3.554 3.573 3.589 3.601 3.609 3.613 3.613 3.610 3.602 3.591 3.576 3.558 3.897 4.318 4.773 5.263 5.788 6.348 6.944 7.574 8.239 8.940 9.675 10.446 10.249 9.879 9.472 9.031 8.553 8.041 7.492 6.909 6.289 5.635 4.944 4.219 3.959 3.786 3.624 3.474 3.336 3.210 3.095 2.992 2.900 2.820 2.752 2.695 2.854 3.050
4.003 4.075 4.141 4.284 4.400 4.488 4.548 4.580 4.583 4.559 4.507 4.427 4.310 4.191 4.079 3.972 3.871 3.775 3.686 3.602 3.524 3.452 3.385 3.324 3.317 3.323 3.325 3.324 3.318 3.309 3.296 3.279 3.259 3.234 3.206 3.174 3.545 4.087 4.665 5.278 5.926 6.609 7.327 8.080 8.869 9.692 10.550 11.443 11.344 10.849 10.318 9.752 9.150 8.513 7.841 7.133 6.389 5.610 4.795 3.945 3.606 3.473 3.352 3.243 3.146 3.060 2.986 2.928 2.883 2.837 2.791 2.745 2.851 3.009
4.429 4.530 4.604 4.649 4.666 4.656 4.617 4.551 4.456 4.333 4.183 4.004 3.863 3.765 3.673 3.586 3.506 3.431 3.361 3.298 3.240 3.188 3.142 3.101 3.084 3.077 3.066 3.051 3.032 3.010 2.983 2.953 2.919 2.882 2.840 2.795 3.156 3.822 4.523 5.258 6.029 6.835 7.675 8.551 9.461 10.407 11.388 12.403 12.472 11.853 11.198 10.507 9.781 9.020 8.223 7.391 6.523 5.620 4.681 3.707 3.269 3.224 3.179 3.133 3.088 3.042 2.996 2.950 2.904 2.857 2.811 2.764 2.826 2.959
5.119 5.122 5.097 5.044 4.963 4.854 4.717 4.552 4.359 4.138 3.890 3.613 3.412 3.334 3.262 3.196 3.135 3.080 3.031 2.988 2.950 2.918 2.892 2.872 2.855 2.835 2.810 2.782 2.750 2.715 2.675 2.631 2.584 2.533 2.478 2.420 2.732 3.521 4.344 5.202 6.096 7.024 7.987 8.985 10.018 11.086 12.189 13.327 13.634 12.891 12.112 11.297 10.447 9.482 8.481 7.501 6.542 5.604 4.688 3.793 3.295 3.250 3.204 3.158 3.112 3.065 3.019 2.972 2.925 2.878 2.831 2.783 2.809 2.916
5.839 5.743 5.620 5.469 5.289 5.082 4.847 4.584 4.293 3.974 3.627 3.252 2.955 2.897 2.845 2.799 2.759 2.724 2.695 2.672 2.655 2.643 2.638 2.637 2.631 2.597 2.560 2.518 2.473 2.424 2.371 2.314 2.254 2.189 2.121 2.049 2.273 3.184 4.130 5.111 6.127 7.177 8.263 9.383 10.539 11.729 12.792 13.769 14.082 13.049 12.036 11.045 10.075 9.127 8.199 7.293 6.409 5.545 4.703 3.882 3.322 3.276 3.229 3.182 3.136 3.089 3.041 2.994 2.947 2.899 2.851 2.803 2.798 2.879
6.589 6.395 6.173 5.924 5.646 5.341 5.008 4.646 4.257 3.840 3.395 2.922 2.492 2.455 2.423 2.397 2.377 2.363 2.354 2.351 2.354 2.363 2.377 2.397 2.411 2.364 2.313 2.258 2.200 2.137 2.071 2.001 1.927 1.850 1.768 1.683 1.779 2.812 3.880 5.037 6.162 7.245 8.286 9.285 10.241 11.154 12.026 12.855 13.335 12.376 11.438 10.521 9.625 8.751 7.897 7.065 6.255 5.465 4.697 3.951 3.348 3.302 3.254 3.207 3.160 3.112 3.064 3.016 2.968 2.920 2.871 2.823 2.795 2.850
7.366 7.076 6.757 6.409 6.033 5.630 5.198 4.739 4.252 3.737 3.194 2.623 2.024 2.007 1.995 1.990 1.990 1.995 2.007 2.024 2.047 2.076 2.111 2.151 2.196 2.135 2.071 2.003 1.931 1.855 1.776 1.695 1.744 1.812 1.900 2.008 2.160 3.264 4.327 5.347 6.324 7.260 8.153 9.004 9.812 10.578 11.302 11.984 12.569 11.683 10.819 9.976 9.155 8.354 7.575 6.817 6.081 5.365 4.671 3.998 3.375 3.328 3.280 3.232 3.184 3.136 3.087 3.039 2.990 2.941 2.892 2.842 2.798 2.828
8.137 7.788 7.370 6.924 6.450 5.949 5.419 4.862 4.277 3.664 3.023 2.354 1.657 1.553 1.562 1.576 1.597 1.623 1.654 1.692 1.735 1.784 1.839 1.899 1.972 1.969 1.968 1.986 2.024 2.082 2.161 2.258 2.376 2.514 2.672 2.849 3.047 3.912 4.827 5.699 6.529 7.317 8.062 8.766 9.427 10.045 10.622 11.156 11.648 10.970 10.180 9.412 8.664 7.938 7.233 6.549 5.886 5.245 4.625 4.026 3.448 3.354 3.306 3.257 3.208 3.159 3.110 3.061 3.012 2.962 2.912 2.862 2.812 2.812
8.916 8.529 8.013 7.469 6.897 6.298 5.671 5.015 4.332 3.621 2.883 2.116 1.322 1.094 1.123 1.158 1.198 1.276 1.420 1.552 1.672 1.781 1.879 1.964 2.039 2.094 2.162 2.250 2.358 2.485 2.633 2.800 2.988 3.195 3.422 3.669 3.936 4.601 5.369 6.093 6.776 7.416 8.014 8.570 9.084 9.555 9.984 10.371 10.716 10.238 9.522 8.827 8.153 7.501 6.870 6.260 5.671 5.104 4.558 4.033 3.529 3.380 3.331 3.282 3.233 3.183 3.134 3.084 3.034 2.984 2.933 2.883 2.832 2.804
9.701 9.300 8.686 8.044 7.375 6.677 5.952 5.199 4.418 3.610 2.835 2.110 1.366 1.110 1.259 1.397 1.523 1.638 1.741 1.833 1.913 1.981 2.038 2.083 2.117 2.198 2.336 2.493 2.670 2.867 3.084 3.321 3.578 3.854 4.151 4.467 4.803 5.333 5.953 6.530 7.065 7.558 8.009 8.418 8.784 9.108 9.390 9.629 9.827 9.485 8.843 8.222 7.623 7.044 6.487 5.951 5.436 4.942 4.470 4.019 3.589 3.407 3.357 3.308 3.258 3.208 3.157 3.107 3.056 3.005 2.954 2.903 2.851 2.802
10.494 10.100 9.389 8.714 8.057 7.380 6.684 5.968 5.233 4.478 3.704 2.910 2.097 1.645 1.754 1.851 1.937 2.011 2.074 2.125 2.165 2.193 2.209 2.215 2.208 2.281 2.488 2.715 2.961 3.228 3.514 3.820 4.146 4.492 4.858 5.243 5.649 6.107 6.579 7.009 7.397 7.743 8.046 8.307 8.527 8.704 8.838 8.931 8.981 8.713 8.145 7.598 7.072 6.567 6.084 5.622 5.181 4.761 4.362 3.985 3.628 3.434 3.384 3.333 3.283 3.232 3.181 3.130 3.072 2.998 2.916 2.826 2.728 2.640
11.803 11.476 10.789 10.083 9.357 8.612 7.847 7.062 6.259 5.435 4.593 3.730 2.849 2.191 2.260 2.317 2.362 2.396 2.418 2.429 2.429 2.416 2.393 2.357 2.311 2.343 2.619 2.915 3.231 3.567 3.923 4.298 4.694 5.109 5.544 5.999 6.473 6.922 7.247 7.530 7.771 7.969 8.126 8.240 8.312 8.342 8.330 8.275 8.179 7.920 7.426 6.953 6.501 6.070 5.661 5.272 4.905 4.559 4.234 3.930 3.648 3.466 3.419 3.365 3.303 3.233 3.155 3.069 2.976 2.874 2.765 2.647 2.522 2.421
13.401 13.003 12.247 11.472 10.677 9.863 9.030 8.177 7.305 6.413 5.501 4.571 3.620 2.750 2.778 2.794 2.799 2.793 2.775 2.745 2.704 2.652 2.588 2.512 2.425 2.384 2.730 3.095 3.480 3.886 4.310 4.755 5.220 5.704 6.208 6.732 7.276 7.779 7.957 8.093 8.187 8.238 8.248 8.215 8.140 8.023 7.864 7.663 7.419 7.108 6.688 6.288 5.910 5.553 5.302 5.101 4.881 4.644 4.388 4.114 3.823 3.570 3.496 3.414 3.325 3.227 3.122 3.009 2.887 2.759 2.622 2.477 2.324 2.198
15.041 14.524 13.724 12.881 12.018 11.135 10.233 9.311 8.370 7.410 6.430 5.431 4.412 3.374 3.307 3.283 3.248 3.201 3.143 3.073 2.992 2.899 2.795 2.679 2.552 2.413 2.819 3.254 3.708 4.183 4.677 5.191 5.725 6.278 6.851 7.445 8.057 8.678 8.709 8.698 8.645 8.549 8.412 8.232 8.011 7.747 7.441 7.217 7.065 6.936 6.763 6.571 6.360 6.132 5.886 5.621 5.339 5.038 4.719 4.383 4.028 3.681 3.580 3.471 3.354 3.229 3.096 2.955 2.807 2.651 2.486 2.314 2.134 1.969
