DATA/SHG/ECMWF/20170628/EN-18/20170630.en-18.asc
ncols        190
nrows        64
xllcorner    -5100000.000000000000
yllcorner    4130000.000000000000
cellsize     10000.000000000000
NODATA_value  -99999.000
[rows 0 to 31 of 64, columns 73 to 145 of 190]
4.074 4.059 4.038 4.012 3.980 3.943 3.899 3.850 3.937 4.374 4.810 5.229 5.632 6.017 6.385 6.736 7.070 7.387 7.686 7.969 8.127 7.941 7.778 7.627 7.489 7.362 7.247 7.145 7.054 6.975 6.909 6.854 6.861 7.029 7.184 7.326 7.457 7.576 7.682 7.776 7.859 7.929 7.986 8.032 7.981 7.662 7.343 7.022 6.702 6.380 6.057 5.734 5.410 5.086 4.760 4.434 4.110 3.798 3.494 3.199 2.914 2.636 2.368 2.109 1.858 1.616 1.383 1.159 0.982 0.925 0.875 0.834 0.801
3.773 3.739 3.739 3.746 3.748 3.744 3.734 3.718 3.773 4.167 4.544 4.903 5.246 5.571 5.880 6.171 6.446 6.703 6.943 7.166 7.335 7.203 7.094 6.997 6.912 6.839 6.778 6.729 6.692 6.667 6.654 6.653 6.676 6.789 6.890 6.978 7.055 7.119 7.171 7.211 7.239 7.255 7.259 7.250 7.192 6.870 6.547 6.224 5.900 5.575 5.249 4.923 4.596 4.268 3.939 3.609 3.287 3.014 2.749 2.494 2.247 2.010 1.780 1.560 1.349 1.146 0.952 0.767 0.613 0.592 0.579 0.574 0.577
3.791 3.790 3.783 3.770 3.752 3.728 3.699 3.664 3.642 3.976 4.293 4.593 4.876 5.142 5.391 5.623 5.838 6.036 6.216 6.380 6.527 6.452 6.397 6.354 6.323 6.303 6.296 6.301 6.318 6.346 6.387 6.440 6.504 6.563 6.609 6.644 6.666 6.676 6.674 6.660 6.634 6.596 6.545 6.482 6.406 6.080 5.754 5.428 5.100 4.772 4.443 4.113 3.783 3.451 3.119 2.787 2.456 2.222 1.997 1.781 1.573 1.375 1.185 1.004 0.831 0.668 0.513 0.367 0.284 0.393 0.504 0.615 0.727
3.879 3.858 3.831 3.799 3.761 3.718 3.669 3.614 3.554 3.801 4.058 4.299 4.522 4.729 4.918 5.091 5.246 5.385 5.506 5.610 5.697 5.689 5.688 5.698 5.721 5.755 5.802 5.860 5.930 6.012 6.107 6.213 6.331 6.350 6.343 6.323 6.291 6.247 6.191 6.123 6.043 5.950 5.846 5.729 5.600 5.293 4.963 4.633 4.302 3.971 3.639 3.306 2.972 2.637 2.302 1.966 1.629 1.422 1.236 1.122 1.073 1.027 0.984 0.946 0.912 0.881 0.854 0.830 0.811 0.915 1.030 1.145 1.261
3.972 3.931 3.885 3.833 3.776 3.713 3.644 3.570 3.491 3.641 3.840 4.021 4.185 4.332 4.462 4.575 4.671 4.750 4.812 4.857 4.884 4.914 4.966 5.030 5.106 5.194 5.294 5.406 5.530 5.666 5.814 5.973 6.145 6.152 6.090 6.016 5.930 5.832 5.722 5.600 5.465 5.319 5.160 4.989 4.806 4.507 4.174 3.841 3.507 3.172 2.895 2.670 2.452 2.241 2.037 1.840 1.650 1.577 1.537 1.500 1.467 1.438 1.412 1.391 1.373 1.359 1.349 1.342 1.340 1.436 1.554 1.673 1.793
4.069 4.009 3.944 3.872 3.795 3.713 3.625 3.531 3.432 3.498 3.637 3.758 3.863 3.951 4.021 4.075 4.112 4.131 4.134 4.119 4.088 4.126 4.232 4.350 4.479 4.621 4.774 4.940 5.117 5.306 5.508 5.721 5.946 5.966 5.851 5.723 5.583 5.430 5.266 5.090 4.902 4.743 4.607 4.467 4.322 4.117 3.889 3.667 3.452 3.245 3.044 2.850 2.663 2.483 2.310 2.143 1.984 1.917 1.893 1.873 1.857 1.844 1.836 1.831 1.830 1.833 1.839 1.849 1.864 1.954 2.076 2.199 2.323
4.172 4.093 4.007 3.917 3.820 3.718 3.611 3.498 3.379 3.370 3.450 3.512 3.557 3.586 3.597 3.591 3.569 3.529 3.472 3.399 3.308 3.326 3.485 3.656 3.840 4.035 4.242 4.461 4.691 4.934 5.189 5.456 5.764 5.859 5.739 5.614 5.484 5.351 5.212 5.070 4.923 4.772 4.616 4.456 4.291 4.105 3.907 3.716 3.532 3.355 3.185 3.022 2.866 2.717 2.575 2.439 2.311 2.252 2.245 2.242 2.242 2.247 2.255 2.267 2.283 2.302 2.325 2.352 2.383 2.471 2.597 2.724 2.852
4.280 4.181 4.076 3.966 3.850 3.729 3.602 3.469 3.331 3.259 3.279 3.281 3.267 3.236 3.189 3.124 3.042 2.943 2.827 2.694 2.544 2.513 2.726 3.090 3.494 3.878 4.240 4.581 4.901 5.199 5.477 5.733 5.969 6.050 5.910 5.765 5.616 5.463 5.305 5.143 4.976 4.805 4.630 4.450 4.266 4.085 3.918 3.758 3.605 3.459 3.320 3.187 3.062 2.944 2.832 2.728 2.630 2.583 2.593 2.606 2.624 2.645 2.670 2.698 2.731 2.767 2.807 2.850 2.898 2.987 3.116 3.247 3.379
4.394 4.275 4.151 4.021 3.886 3.745 3.598 3.446 3.289 3.162 3.123 3.067 2.994 2.903 2.796 2.717 2.810 2.915 3.031 3.158 3.298 3.484 3.837 4.168 4.478 4.766 5.034 5.281 5.506 5.710 5.893 6.055 6.196 6.245 6.085 5.921 5.752 5.579 5.402 5.220 5.034 4.843 4.648 4.449 4.245 4.057 3.921 3.792 3.670 3.555 3.446 3.345 3.250 3.163 3.082 3.008 2.942 2.909 2.936 2.966 3.000 3.038 3.080 3.125 3.174 3.227 3.284 3.344 3.408 3.500 3.634 3.769 3.904
4.512 4.374 4.230 4.081 3.926 3.766 3.600 3.428 3.289 3.254 3.318 3.394 3.481 3.580 3.690 3.811 3.944 4.089 4.245 4.412 4.591 4.773 5.031 5.267 5.483 5.677 5.851 6.003 6.134 6.244 6.333 6.400 6.447 6.445 6.266 6.082 5.893 5.701 5.503 5.302 5.096 4.886 4.671 4.452 4.229 4.023 3.918 3.819 3.728 3.643 3.566 3.495 3.431 3.375 3.325 3.282 3.246 3.232 3.275 3.322 3.373 3.427 3.485 3.548 3.613 3.683 3.756 3.834 3.914 4.013 4.150 4.289 4.428
4.635 4.490 4.372 4.274 4.195 4.136 4.097 4.077 4.077 4.097 4.201 4.317 4.444 4.583 4.733 4.894 5.067 5.251 5.447 5.654 5.873 6.083 6.247 6.389 6.511 6.611 6.690 6.748 6.784 6.800 6.795 6.768 6.721 6.650 6.450 6.247 6.039 5.826 5.610 5.389 5.163 4.933 4.699 4.460 4.217 3.981 3.906 3.839 3.778 3.725 3.678 3.638 3.605 3.579 3.560 3.547 3.542 3.549 3.609 3.673 3.741 3.812 3.887 3.966 4.048 4.134 4.225 4.318 4.416 4.523 4.664 4.807 4.950
4.849 4.780 4.731 4.701 4.691 4.700 4.729 4.778 4.846 4.934 5.073 5.229 5.395 5.574 5.764 5.965 6.178 6.402 6.637 6.884 7.143 7.393 7.486 7.534 7.561 7.566 7.551 7.515 7.457 7.379 7.279 7.159 7.017 6.854 6.640 6.417 6.189 5.957 5.721 5.480 5.235 4.985 4.731 4.473 4.211 3.943 3.888 3.851 3.821 3.798 3.782 3.773 3.771 3.776 3.787 3.806 3.831 3.863 3.940 4.020 4.104 4.192 4.284 4.379 4.479 4.581 4.688 4.799 4.922 5.060 5.311 5.634 6.029
5.052 5.052 5.071 5.109 5.167 5.245 5.342 5.459 5.596 5.752 5.933 6.128 6.335 6.553 6.783 7.024 7.276 7.540 7.815 8.102 8.400 8.690 8.746 8.700 8.633 8.544 8.435 8.304 8.153 7.980 7.787 7.572 7.336 7.080 6.834 6.591 6.344 6.092 5.836 5.576 5.311 5.042 4.769 4.491 4.209 3.922 3.862 3.856 3.857 3.865 3.880 3.901 3.929 3.965 4.007 4.056 4.112 4.175 4.266 4.377 4.506 4.636 4.768 4.901 5.035 5.171 5.307 5.445 5.585 5.725 6.267 6.907 7.619
5.237 5.304 5.392 5.499 5.625 5.771 5.937 6.122 6.327 6.551 6.781 7.016 7.263 7.521 7.790 8.071 8.363 8.666 8.981 9.308 9.646 9.976 10.028 9.888 9.727 9.544 9.341 9.116 8.871 8.604 8.317 8.008 7.678 7.328 7.032 6.770 6.503 6.232 5.956 5.677 5.392 5.104 4.811 4.513 4.211 3.905 3.829 3.854 3.886 3.924 3.999 4.107 4.214 4.319 4.424 4.527 4.629 4.730 4.854 4.988 5.123 5.259 5.396 5.534 5.674 5.815 5.957 6.101 6.245 6.391 7.150 8.108 9.136
5.403 5.539 5.694 5.869 6.064 6.278 6.512 6.765 7.038 7.331 7.618 7.892 8.179 8.476 8.785 9.106 9.438 9.781 10.136 10.502 10.879 11.249 11.333 11.099 10.843 10.567 10.269 9.951 9.611 9.251 8.869 8.467 8.043 7.599 7.236 6.954 6.667 6.376 6.081 5.782 5.478 5.225 5.013 4.782 4.534 4.268 4.219 4.326 4.432 4.537 4.641 4.743 4.845 4.945 5.044 5.142 5.239 5.335 5.458 5.597 5.737 5.878 6.021 6.165 6.310 6.457 6.605 6.753 6.904 7.055 7.961 9.235 10.581
5.550 5.754 5.978 6.221 6.484 6.766 7.068 7.390 7.731 8.091 8.442 8.757 9.083 9.420 9.769 10.129 10.500 10.883 11.278 11.684 12.101 12.511 12.659 12.331 11.982 11.611 11.220 10.808 10.374 9.920 9.445 8.948 8.498 8.119 7.841 7.673 7.487 7.284 7.063 6.824 6.568 6.294 6.002 5.693 5.366 5.021 4.882 4.984 5.085 5.184 5.283 5.380 5.476 5.572 5.666 5.758 5.850 5.940 6.059 6.203 6.349 6.496 6.644 6.794 6.945 7.097 7.250 7.404 7.560 7.717 8.700 10.290 11.952
5.678 5.951 6.243 6.554 6.885 7.236 7.606 7.995 8.404 8.833 9.255 9.610 9.975 10.352 10.740 11.140 11.551 11.974 12.408 12.853 13.310 13.760 14.008 13.550 13.077 12.624 12.192 11.780 11.389 11.018 10.668 10.338 10.029 9.741 9.480 9.233 8.968 8.686 8.386 8.069 7.733 7.380 7.010 6.621 6.215 5.792 5.545 5.642 5.737 5.832 5.925 6.017 6.108 6.198 6.287 6.375 6.461 6.546 6.658 6.808 6.959 7.112 7.265 7.420 7.577 7.734 7.893 8.053 8.214 8.377 9.366 11.273 13.251
5.788 6.129 6.489 6.869 7.268 7.686 8.124 8.582 9.059 9.555 10.057 10.451 10.856 11.272 11.700 12.135 12.518 12.897 13.272 13.644 14.011 14.368 14.638 14.236 13.853 13.492 13.151 12.830 12.530 12.251 11.992 11.753 11.535 11.338 11.136 10.810 10.467 10.105 9.727 9.330 8.916 8.484 8.035 7.567 7.083 6.580 6.208 6.300 6.390 6.480 6.568 6.655 6.741 6.825 6.909 6.991 7.072 7.153 7.255 7.410 7.567 7.725 7.884 8.045 8.207 8.370 8.534 8.699 8.866 9.034 9.960 12.183 14.478
5.880 6.289 6.717 7.164 7.631 8.118 8.624 9.149 9.692 10.238 10.797 11.189 11.573 11.954 12.331 12.705 13.074 13.440 13.802 14.161 14.515 14.859 15.193 14.897 14.606 14.336 14.086 13.856 13.647 13.459 13.291 13.144 13.017 12.911 12.809 12.405 11.982 11.542 11.085 10.609 10.116 9.606 9.077 8.531 7.968 7.387 6.872 6.958 7.044 7.128 7.211 7.292 7.373 7.453 7.531 7.608 7.684 7.759 7.850 8.011 8.173 8.337 8.501 8.667 8.835 9.003 9.173 9.344 9.516 9.689 10.482 13.022 15.632
5.953 6.431 6.930 7.442 7.968 8.507 9.059 9.625 10.204 10.796 11.402 11.813 12.184 12.552 12.916 13.277 13.633 13.986 14.335 14.680 15.022 15.353 15.673 15.534 15.335 15.155 14.997 14.858 14.740 14.643 14.566 14.510 14.474 14.459 14.464 14.016 13.515 12.996 12.460 11.906 11.334 10.745 10.138 9.513 8.871 8.211 7.536 7.617 7.697 7.776 7.854 7.931 8.006 8.080 8.154 8.226 8.296 8.366 8.442 8.609 8.777 8.946 9.116 9.287 9.460 9.634 9.809 9.986 10.164 10.343 10.933 13.788 16.714
6.072 6.604 7.150 7.709 8.281 8.866 9.465 10.077 10.703 11.341 11.994 12.439 12.798 13.153 13.504 13.851 14.194 14.534 14.870 15.203 15.531 15.849 16.156 16.148 16.039 15.951 15.883 15.836 15.809 15.803 15.817 15.852 15.907 15.982 16.079 15.645 15.065 14.468 13.852 13.220 12.569 11.901 11.216 10.512 9.791 9.053 8.297 8.276 8.351 8.425 8.498 8.569 8.639 8.708 8.776 8.843 8.909 8.973 9.037 9.205 9.378 9.553 9.729 9.906 10.084 10.263 10.444 10.626 10.809 11.106 11.698 14.976 18.189
6.185 6.764 7.356 7.962 8.580 9.212 9.858 10.516 11.188 11.874 12.572 13.068 13.414 13.756 14.094 14.428 14.758 15.085 15.408 15.727 16.043 16.348 16.642 16.738 16.720 16.723 16.746 16.790 16.854 16.938 17.043 17.169 17.315 17.482 17.668 17.291 16.633 15.956 15.263 14.551 13.822 13.075 12.311 11.529 10.730 9.913 9.078 8.936 9.006 9.074 9.142 9.208 9.273 9.337 9.400 9.461 9.522 9.581 9.639 9.799 10.041 10.394 10.771 11.173 11.600 12.052 12.528 13.029 13.555 14.105 14.680 17.511 20.438
6.286 6.911 7.550 8.202 8.867 9.546 10.237 10.943 11.661 12.393 13.138 13.700 14.032 14.361 14.686 15.007 15.325 15.638 15.949 16.255 16.557 16.849 17.130 17.304 17.377 17.471 17.585 17.719 17.874 18.050 18.246 18.462 18.699 18.956 19.234 18.954 18.217 17.462 16.690 15.900 15.092 14.267 13.424 12.564 11.686 10.791 9.877 9.596 9.660 9.724 9.786 9.863 9.983 10.127 10.295 10.488 10.704 10.946 11.211 11.591 12.029 12.491 12.977 13.489 14.025 14.586 15.171 15.781 16.416 17.075 17.760 20.106 22.748
6.374 7.046 7.731 8.429 9.141 9.866 10.604 11.356 12.121 12.899 13.690 14.334 14.653 14.969 15.281 15.589 15.894 16.194 16.491 16.785 17.074 17.353 17.621 17.846 18.010 18.195 18.399 18.625 18.871 19.137 19.423 19.731 20.058 20.406 20.775 20.635 19.819 18.986 18.135 17.266 16.380 15.476 14.511 13.489 12.492 11.520 10.574 10.199 10.330 10.484 10.663 10.866 11.093 11.344 11.620 11.920 12.245 12.593 12.966 13.441 13.988 14.559 15.155 15.776 16.421 17.091 17.785 18.505 19.249 20.017 20.811 22.761 25.118
6.449 7.167 7.899 8.643 9.402 10.173 10.958 11.756 12.567 13.392 14.229 14.970 15.277 15.580 15.878 16.174 16.465 16.753 17.037 17.317 17.594 17.859 18.114 18.364 18.619 18.895 19.190 19.506 19.843 20.200 20.577 20.975 21.393 21.738 21.927 21.695 20.606 19.543 18.505 17.493 16.507 15.547 14.612 13.703 12.819 11.961 11.129 10.744 10.982 11.244 11.530 11.841 12.176 12.535 12.918 13.326 13.758 14.214 14.695 15.264 15.919 16.600 17.305 18.035 18.789 19.568 20.372 21.200 22.053 22.930 23.833 25.476 27.548
6.511 7.276 8.054 8.845 9.650 10.467 11.298 12.143 13.000 13.871 14.756 15.609 15.903 16.193 16.479 16.761 17.039 17.314 17.585 17.853 18.116 18.369 18.610 18.859 19.171 19.425 19.665 19.891 20.103 20.301 20.484 20.654 20.809 20.950 21.077 20.972 19.997 19.048 18.124 17.226 16.353 15.506 14.685 13.889 13.119 12.375 11.656 11.263 11.608 11.978 12.372 12.790 13.232 13.699 14.190 14.705 15.244 15.808 16.396 17.058 17.823 18.612 19.427 20.265 21.129 22.017 22.929 23.867 24.829 25.815 26.826 28.251 30.038
6.560 7.372 8.196 9.034 9.885 10.749 11.626 12.517 13.421 14.338 15.269 16.212 16.531 16.808 17.081 17.350 17.593 17.698 17.822 17.967 18.131 18.320 18.530 18.757 18.963 19.154 19.332 19.495 19.645 19.780 19.901 20.008 20.100 20.179 20.243 20.223 19.362 18.526 17.715 16.931 16.172 15.438 14.730 14.048 13.392 12.761 12.156 11.755 12.208 12.685 13.186 13.712 14.262 14.836 15.434 16.056 16.703 17.374 18.069 18.825 19.699 20.597 21.520 22.468 23.440 24.437 25.459 26.505 27.576 28.671 29.791 31.086 32.588
6.597 7.455 8.325 9.209 10.107 11.017 11.941 12.878 13.828 14.751 15.515 16.259 16.458 16.552 16.666 16.800 16.954 17.128 17.321 17.535 17.769 18.028 18.308 18.605 18.771 18.900 19.015 19.116 19.203 19.275 19.334 19.378 19.408 19.424 19.426 19.414 18.699 17.977 17.280 16.609 15.963 15.343 14.749 14.180 13.637 13.119 12.627 12.221 12.781 13.365 13.974 14.607 15.264 15.946 16.651 17.381 18.135 18.913 19.716 20.564 21.547 22.554 23.586 24.643 25.724 26.830 27.960 29.115 30.295 31.499 32.728 33.980 35.199
6.621 7.525 8.420 9.256 10.072 10.867 11.642 12.397 13.132 13.846 14.540 15.214 15.523 15.686 15.870 16.073 16.297 16.540 16.803 17.086 17.389 17.718 18.069 18.435 18.596 18.662 18.714 18.753 18.777 18.787 18.783 18.765 18.732 18.686 18.626 18.551 18.010 17.401 16.817 16.259 15.727 15.221 14.739 14.284 13.854 13.450 13.071 12.718 13.328 14.019 14.735 15.476 16.240 17.029 17.842 18.679 19.540 20.425 21.335 22.276 23.367 24.483 25.624 26.790 27.980 29.194 30.433 31.697 32.986 34.299 35.636 36.935 37.869
6.434 7.240 8.026 8.792 9.537 10.262 10.967 11.652 12.316 12.960 13.584 14.188 14.571 14.804 15.057 15.330 15.623 15.935 16.268 16.620 16.993 17.391 17.812 18.248 18.436 18.440 18.430 18.406 18.367 18.315 18.248 18.168 18.073 17.964 17.841 17.704 17.294 16.798 16.328 15.883 15.464 15.071 14.703 14.361 14.044 13.753 13.487 13.247 13.848 14.647 15.470 16.318 17.189 18.085 19.005 19.949 20.918 21.910 22.927 23.968 25.160 26.385 27.634 28.909 30.207 31.531 32.879 34.251 35.648 37.070 38.516 39.677 39.652
6.199 6.935 7.651 8.346 9.022 9.677 10.312 10.926 11.520 12.095 12.648 13.182 13.602 13.905 14.227 14.569 14.931 15.313 15.715 16.137 16.578 17.046 17.537 18.044 18.292 18.234 18.161 18.075 17.974 17.859 17.730 17.587 17.430 17.259 17.074 16.874 16.551 16.168 15.811 15.480 15.174 14.894 14.639 14.410 14.206 14.028 13.876 13.749 14.342 15.248 16.178 17.133 18.112 19.115 20.142 21.193 22.269 23.368 24.492 25.640 26.925 28.259 29.464 30.358 31.219 32.049 32.846 33.611 34.343 35.044 35.713 36.349 36.294
5.983 6.649 7.295 7.920 8.525 9.110 9.675 10.220 10.744 11.248 11.732 12.196 12.616 12.988 13.380 13.791 14.222 14.674 15.145 15.636 16.147 16.684 17.245 17.821 18.165 18.044 17.909 17.760 17.597 17.419 17.228 17.023 16.803 16.570 16.322 16.061 15.781 15.512 15.268 15.050 14.857 14.690 14.548 14.432 14.342 14.277 14.237 14.223 14.809 15.823 16.860 17.922 19.008 20.059 20.958 21.827 22.666 23.474 24.252 24.999 25.808 26.625 27.409 28.161 28.881 29.568 30.224 30.848 31.439 31.998 32.526 33.021 32.958
