DATA/SHG/ECMWF/20170628/EN-18/20170711.en-18.asc
ncols        190
nrows        64
xllcorner    -5100000.000000000000
yllcorner    4130000.000000000000
cellsize     10000.000000000000
NODATA_value  -99999.000
[rows 32 to 63 of 64, columns 72 to 143 of 190]
5.206 4.918 5.377 5.861 6.369 6.900 7.457 8.037 8.642 9.271 9.924 10.602 11.303 11.907 11.895 11.862 11.808 11.732 11.636 11.518 11.379 11.219 11.030 10.816 10.585 10.593 11.490 12.423 13.392 14.396 15.436 16.513 17.625 18.773 19.957 21.177 22.432 22.880 21.723 20.514 19.254 17.941 16.576 15.159 13.689 12.226 10.866 9.441 7.951 9.133 13.341 17.485 21.566 25.584 29.538 33.429 37.256 41.020 44.720 48.357 51.930 52.180 50.173 48.174 46.181 44.196 42.217 40.246 38.282 36.324 34.374 32.431
5.388 4.955 5.495 6.063 6.655 7.271 7.912 8.577 9.266 9.979 10.716 11.478 12.263 13.041 12.955 12.849 12.721 12.572 12.402 12.210 11.998 11.764 11.501 11.213 10.908 10.724 11.780 12.872 14.000 15.164 16.363 17.598 18.869 20.176 21.519 22.898 24.377 25.465 24.339 23.147 21.890 20.567 19.179 17.725 16.206 14.621 12.971 11.255 9.474 9.682 13.611 17.476 21.278 25.016 28.691 32.302 35.850 39.335 42.756 46.114 49.408 50.160 48.184 46.215 44.253 42.299 40.351 38.411 36.477 34.551 32.632 30.719
5.580 5.112 5.590 6.242 6.919 7.619 8.344 9.093 9.866 10.663 11.484 12.330 13.200 14.094 14.033 13.853 13.652 13.429 13.185 12.921 12.635 12.328 11.991 11.629 11.249 10.853 12.030 13.335 14.882 16.469 18.096 19.762 21.469 23.215 25.001 26.827 28.693 30.252 28.835 27.353 25.805 24.192 22.513 20.769 18.959 17.084 15.143 13.137 11.065 10.297 13.946 17.532 21.055 24.514 27.910 31.242 34.511 37.717 40.859 43.938 46.954 48.135 46.190 44.252 42.321 40.397 38.481 36.571 34.669 32.773 30.885 29.003
5.782 5.277 5.663 6.399 7.159 7.944 8.752 9.585 10.443 11.324 12.229 13.159 14.113 15.091 15.129 14.876 14.601 14.305 13.988 13.829 13.890 13.890 13.777 13.561 13.295 12.981 14.332 16.015 17.739 19.502 21.305 23.148 25.031 26.954 28.916 30.919 32.961 35.042 33.397 31.624 29.786 27.882 25.913 23.879 21.779 19.613 17.382 15.086 12.724 10.977 14.347 17.654 20.898 24.078 27.195 30.249 33.239 36.166 39.029 41.830 44.567 46.106 44.192 42.285 40.385 38.492 36.606 34.727 32.855 30.991 29.133 27.282
5.993 5.453 5.712 6.532 7.376 8.245 9.138 10.055 10.996 11.962 12.951 13.965 15.244 16.877 17.606 17.762 17.856 17.888 17.858 17.766 17.612 17.396 17.066 16.632 16.149 15.617 16.788 18.648 20.548 22.487 24.467 26.486 28.545 30.644 32.782 34.961 37.179 39.437 38.025 35.962 33.833 31.640 29.380 27.055 24.665 22.210 19.689 17.103 14.451 11.734 14.814 17.842 20.807 23.708 26.547 29.321 32.033 34.681 37.267 39.788 42.247 44.072 42.189 40.313 38.444 36.582 34.727 32.879 31.038 29.204 27.377 25.557
6.214 5.638 5.738 6.642 7.571 8.680 10.002 11.413 12.911 14.497 16.170 17.931 19.780 21.717 22.673 22.614 22.492 22.308 22.063 21.755 21.385 20.954 20.407 19.755 19.054 18.304 19.196 21.233 23.308 25.424 27.580 29.775 32.010 34.285 36.599 38.954 41.348 43.782 42.719 40.366 37.947 35.463 32.914 30.299 27.619 24.874 22.063 19.187 16.246 13.239 15.346 18.095 20.781 23.404 25.964 28.461 30.894 33.264 35.571 37.814 39.994 42.034 40.182 38.337 36.498 34.667 32.843 31.026 29.215 27.412 25.616 23.827
6.901 6.489 6.650 8.013 9.465 11.004 12.630 14.345 16.147 18.036 20.013 22.078 24.230 26.471 27.791 27.516 27.178 26.779 26.318 25.795 25.209 24.562 23.799 22.930 22.011 21.044 21.557 23.769 26.021 28.313 30.644 33.015 35.426 37.877 40.367 42.898 45.468 48.077 47.478 44.835 42.127 39.353 36.514 33.609 30.639 27.604 24.504 21.339 18.108 14.811 15.943 18.414 20.822 23.166 25.448 27.666 29.821 31.913 33.941 35.907 37.809 39.648 38.171 36.356 34.549 32.748 30.955 29.168 27.389 25.616 23.851 22.093
8.374 7.974 7.977 9.645 11.400 13.243 15.173 17.191 19.297 21.490 23.770 26.139 28.594 31.138 32.959 32.468 31.915 31.300 30.624 29.885 29.085 28.222 27.243 26.156 25.020 23.835 23.869 26.257 28.685 31.153 33.660 36.207 38.794 41.421 44.087 46.793 49.538 52.324 52.303 49.370 46.372 43.309 40.180 36.986 33.727 30.402 27.012 23.557 20.037 16.452 16.606 18.798 20.928 22.994 24.997 26.938 28.814 30.628 32.379 34.066 35.690 37.251 36.155 34.371 32.594 30.825 29.059 27.303 25.573 23.868 22.189 20.535
9.843 9.454 9.221 11.192 13.251 15.397 17.631 19.952 22.361 24.858 27.442 30.113 32.872 35.718 38.177 37.470 36.702 35.872 34.981 34.027 33.011 31.934 30.738 29.434 28.080 26.678 26.134 28.698 31.301 33.945 36.628 39.351 42.113 44.916 47.757 50.639 53.560 56.521 57.194 53.971 50.684 47.331 43.913 40.429 36.881 33.267 29.588 25.844 22.034 18.160 17.333 19.248 21.099 22.888 24.613 26.275 27.874 29.392 30.790 32.137 33.433 34.679 33.877 32.131 30.411 28.717 27.047 25.403 23.785 22.191 20.623 19.081
11.306 10.929 10.554 12.655 15.017 17.467 20.004 22.629 25.341 28.140 31.027 34.002 37.063 40.213 43.445 42.523 41.540 40.495 39.388 38.219 36.989 35.696 34.284 32.763 31.192 29.573 28.350 31.090 33.870 36.689 39.548 42.446 45.384 48.362 51.379 54.437 57.533 60.670 62.150 58.638 55.061 51.419 47.712 43.939 40.101 36.198 32.230 28.197 24.053 19.719 17.855 19.385 20.865 22.294 23.671 24.999 26.275 27.500 28.675 29.799 30.871 31.894 31.397 29.763 28.154 26.571 25.013 23.481 21.973 20.492 19.035 17.604
12.765 12.399 12.035 14.033 16.699 19.452 22.292 25.220 28.235 31.337 34.527 37.804 41.169 44.621 48.160 47.627 46.428 45.168 43.846 42.463 41.017 39.510 37.882 36.143 34.356 32.520 30.635 33.435 36.390 39.385 42.419 45.493 48.607 51.760 54.953 58.185 61.458 64.770 67.172 63.248 58.309 53.501 48.825 44.280 39.868 35.586 31.437 27.419 23.533 19.779 17.583 18.890 20.146 21.351 22.505 23.609 24.662 25.664 26.615 27.515 28.365 29.163 28.894 27.372 25.874 24.403 22.956 21.535 20.139 18.769 17.424 16.104
14.219 13.864 13.512 15.328 18.296 21.352 24.495 27.726 31.044 34.449 37.942 41.521 45.189 48.943 52.785 52.780 51.367 49.892 48.356 46.757 45.097 43.375 41.531 39.576 37.571 35.518 33.416 35.732 38.862 42.033 45.199 47.540 49.810 52.008 54.136 56.193 58.179 60.094 61.864 57.373 53.014 48.786 44.690 40.725 36.892 33.191 29.621 26.183 22.876 19.701 17.364 18.448 19.480 20.462 21.393 22.273 23.103 23.881 24.609 25.286 25.913 26.488 26.369 24.958 23.572 22.212 20.876 19.567 18.282 17.023 15.789 14.581
15.668 15.324 14.983 16.538 19.810 23.168 26.614 30.147 33.768 37.476 41.271 45.153 49.123 53.179 57.323 57.984 56.356 54.667 52.915 51.102 49.227 47.291 44.367 41.439 38.567 35.750 32.990 33.916 36.157 38.328 40.428 42.457 44.415 46.302 48.118 49.864 51.538 53.141 54.674 51.363 47.583 43.935 40.419 37.034 33.780 30.658 27.668 24.809 22.081 19.485 17.199 18.059 18.869 19.627 20.335 20.992 21.598 22.154 22.658 23.112 23.515 23.868 23.821 22.521 21.247 19.998 18.774 17.575 16.402 15.254 14.132 13.034
17.113 16.780 16.450 17.665 21.239 24.900 28.648 32.484 36.407 40.417 44.514 48.699 52.971 57.330 61.776 61.771 58.490 55.279 52.139 49.070 46.072 43.144 40.345 37.664 35.038 32.469 29.956 30.163 32.093 33.952 35.740 37.458 39.104 40.680 42.185 43.619 44.982 46.274 47.495 45.219 42.019 38.950 36.012 33.206 30.532 27.989 25.577 23.297 21.149 19.132 17.246 17.725 18.311 18.846 19.331 19.765 20.148 20.480 20.762 20.993 21.173 21.303 21.251 20.062 18.899 17.761 16.649 15.561 14.499 13.462 12.451 11.465
18.553 18.231 17.912 18.707 22.584 26.548 30.598 34.736 38.042 41.220 44.287 47.242 50.085 52.817 55.436 55.978 52.941 49.975 47.080 44.255 41.501 38.818 36.264 33.830 31.452 29.129 26.863 26.493 28.112 29.660 31.136 32.543 33.878 35.142 36.336 37.459 38.511 39.492 40.402 38.940 36.319 33.829 31.471 29.243 27.148 25.183 23.350 21.649 20.079 18.640 17.332 17.444 17.807 18.119 18.380 18.591 18.752 18.861 18.920 18.928 18.885 18.792 18.648 17.581 16.529 15.502 14.501 13.524 12.573 11.648 10.747 9.872
19.976 19.282 18.559 18.374 21.726 24.966 28.095 31.112 34.018 36.812 39.494 42.065 44.524 46.871 49.107 50.128 47.335 44.614 41.963 39.383 36.873 34.434 32.126 29.939 27.807 25.731 23.712 22.907 24.214 25.450 26.616 27.711 28.735 29.689 30.571 31.383 32.124 32.794 33.394 32.527 30.485 28.573 26.793 25.145 23.627 22.241 20.987 19.863 18.871 18.010 17.281 17.216 17.356 17.445 17.484 17.472 17.409 17.296 17.132 16.918 16.652 16.337 15.970 15.077 14.136 13.220 12.330 11.465 10.625 9.810 9.021 8.256
18.836 18.042 17.220 16.379 19.347 22.203 24.947 27.580 30.101 32.511 34.809 36.996 39.071 41.035 42.887 44.221 41.673 39.196 36.789 34.453 32.187 29.993 27.930 25.989 24.104 22.275 20.502 19.403 20.399 21.325 22.179 22.963 23.677 24.319 24.891 25.392 25.822 26.182 26.471 25.980 24.516 23.183 21.981 20.911 19.971 19.163 18.486 17.941 17.526 17.243 17.091 17.042 16.959 16.825 16.641 16.407 16.122 15.786 15.399 14.962 14.474 13.936 13.347 12.550 11.720 10.916 10.136 9.382 8.653 7.949 7.334 6.868
17.725 16.832 15.910 14.959 17.074 19.546 21.906 24.155 26.292 28.318 30.232 32.035 33.727 35.307 36.775 38.132 35.953 33.720 31.558 29.466 27.444 25.494 23.676 21.982 20.343 18.761 17.234 15.982 16.668 17.282 17.826 18.299 18.702 19.034 19.295 19.485 19.605 19.654 19.632 19.299 18.413 17.658 17.034 16.541 16.179 15.949 15.849 15.881 16.044 16.338 16.763 16.921 16.615 16.259 15.853 15.395 14.888 14.329 13.720 13.061 12.350 11.655 11.185 10.734 10.293 9.841 9.381 8.910 8.430 7.941 7.442 6.934
16.642 15.650 14.629 13.579 14.907 16.995 18.971 20.836 22.590 24.232 25.763 27.182 28.490 29.687 30.772 31.746 30.177 28.188 26.269 24.421 22.644 20.937 19.365 17.916 16.524 15.188 13.907 12.683 13.019 13.323 13.556 13.719 13.811 13.832 13.783 13.663 13.472 13.211 12.879 12.484 12.175 11.998 11.951 12.036 12.251 12.598 13.076 13.685 14.425 15.296 16.298 16.853 16.344 15.955 15.549 15.124 14.682 14.223 13.746 13.251 12.739 12.209 11.661 11.146 10.662 10.169 9.666 9.154 8.632 8.101 7.560 7.010
15.588 14.497 13.376 12.227 12.847 14.551 16.144 17.625 18.995 20.253 21.401 22.437 23.362 24.175 24.877 25.468 24.344 22.599 20.924 19.319 17.786 16.322 14.995 13.793 12.647 11.557 10.523 9.544 9.453 9.446 9.369 9.222 9.003 8.714 8.355 7.924 7.423 6.852 6.210 5.535 5.803 6.203 6.734 7.410 8.756 10.113 11.482 12.861 14.251 15.653 17.066 18.063 17.614 17.147 16.663 16.161 15.642 15.105 14.550 13.978 13.388 12.780 12.155 11.566 11.041 10.506 9.961 9.407 8.844 8.270 7.688 7.096
14.563 13.372 12.152 10.904 10.892 12.213 13.422 14.520 15.507 16.382 17.146 17.799 18.341 18.771 19.091 19.298 18.454 16.952 15.521 14.160 12.870 11.650 10.568 9.612 8.712 7.868 7.079 6.347 5.970 5.653 5.266 4.808 4.279 3.680 3.010 2.910 2.863 2.831 2.816 2.816 4.057 5.419 6.792 8.176 9.571 10.978 12.395 13.823 15.263 16.713 18.175 19.428 18.901 18.357 17.795 17.215 16.618 16.004 15.371 14.722 14.054 13.369 12.667 11.996 11.429 10.852 10.265 9.670 9.064 8.449 7.825 7.191
13.566 12.276 10.957 9.610 9.044 9.981 10.807 11.522 12.125 12.618 12.999 13.269 13.428 13.476 13.412 13.238 12.507 11.249 10.061 8.944 7.897 6.921 6.083 5.373 4.719 4.121 3.911 3.756 3.632 3.544 3.471 3.414 3.373 3.348 3.338 3.345 3.368 3.406 3.460 3.531 4.663 6.074 7.496 8.929 10.373 11.829 13.295 14.772 16.261 17.761 19.271 20.793 20.205 19.583 18.944 18.287 17.612 16.920 16.210 15.483 14.738 13.975 13.195 12.436 11.826 11.207 10.579 9.941 9.294 8.637 7.971 7.295
12.598 11.209 9.791 8.344 7.301 7.855 8.298 8.630 8.851 8.960 8.959 8.846 8.623 8.288 7.842 7.285 6.504 5.489 5.062 4.910 4.757 4.602 4.447 4.292 4.135 3.978 3.819 3.659 3.560 3.541 3.538 3.551 3.580 3.625 3.686 3.762 3.855 3.963 4.087 4.227 5.256 6.716 8.187 9.669 11.162 12.666 14.182 15.708 17.246 18.795 20.354 21.925 21.526 20.827 20.110 19.375 18.623 17.854 17.066 16.262 15.439 14.599 13.742 12.884 12.233 11.572 10.902 10.223 9.533 8.835 8.127 7.409
11.658 10.170 8.653 7.107 5.664 5.835 5.895 5.844 5.683 5.410 5.026 4.941 5.026 5.111 5.195 5.280 5.320 5.166 5.011 4.855 4.697 4.537 4.377 4.217 4.055 3.893 3.729 3.564 3.471 3.522 3.588 3.671 3.770 3.885 4.015 4.161 4.324 4.502 4.696 4.906 5.835 7.344 8.864 10.396 11.938 13.491 15.056 16.631 18.218 19.815 21.424 23.044 22.864 22.088 21.293 20.481 19.652 18.804 17.940 17.057 16.158 15.240 14.305 13.353 12.649 11.946 11.234 10.513 9.782 9.042 8.292 7.533
10.747 9.159 7.543 5.899 4.370 4.362 4.447 4.532 4.617 4.702 4.787 4.872 4.957 5.042 5.126 5.211 5.281 5.122 4.962 4.801 4.638 4.473 4.308 4.143 3.977 3.809 3.640 3.470 3.363 3.484 3.621 3.773 3.942 4.126 4.327 4.543 4.775 5.023 5.286 5.566 6.402 7.960 9.529 11.109 12.700 14.303 15.916 17.541 19.176 20.823 22.481 24.150 24.220 23.365 22.493 21.604 20.697 19.772 18.830 17.871 16.894 15.899 14.887 13.857 13.074 12.330 11.576 10.813 10.040 9.258 8.467 7.666
10.109 8.646 7.220 5.833 4.483 4.295 4.380 4.465 4.550 4.634 4.719 4.804 4.888 4.973 5.057 5.141 5.226 5.079 4.914 4.748 4.580 4.411 4.241 4.071 3.899 3.727 3.553 3.378 3.238 3.429 3.635 3.858 4.096 4.350 4.620 4.906 5.208 5.526 5.859 6.208 6.955 8.563 10.181 11.810 13.450 15.101 16.764 18.437 20.122 21.818 23.524 25.242 25.592 24.660 23.711 22.744 21.760 20.758 19.738 18.701 17.647 16.575 15.485 14.378 13.508 12.722 11.927 11.122 10.308 9.484 8.651 7.808
9.665 8.332 7.037 5.780 4.561 4.228 4.313 4.397 4.482 4.567 4.651 4.735 4.820 4.904 4.988 5.072 5.156 5.038 4.868 4.697 4.524 4.350 4.175 4.000 3.823 3.646 3.467 3.287 3.106 3.356 3.632 3.925 4.233 4.557 4.896 5.252 5.623 6.011 6.414 6.833 7.496 9.152 10.819 12.498 14.187 15.887 17.598 19.321 21.054 22.799 24.554 26.321 26.981 25.972 24.945 23.901 22.839 21.760 20.664 19.549 18.417 17.268 16.101 14.917 13.952 13.124 12.256 11.322 10.430 9.581 8.775 8.012
9.187 7.984 6.819 5.692 4.603 4.161 4.246 4.330 4.415 4.499 4.583 4.667 4.751 4.835 4.919 5.003 5.087 4.998 4.823 4.647 4.469 4.290 4.110 3.930 3.749 3.566 3.383 3.198 3.012 3.266 3.612 3.974 4.351 4.745 5.154 5.580 6.021 6.478 6.951 7.439 8.024 9.729 11.445 13.172 14.910 16.660 18.420 20.191 21.974 23.767 25.572 27.387 28.387 27.301 26.197 25.075 23.936 22.732 21.242 19.782 18.352 16.952 15.582 14.242 13.151 12.318 11.529 10.781 10.077 9.416 8.797 8.221
8.674 7.601 6.566 5.570 4.611 4.095 4.179 4.263 4.347 4.431 4.515 4.599 4.683 4.767 4.851 4.934 5.018 4.959 4.780 4.599 4.416 4.232 4.047 3.862 3.676 3.488 3.299 3.110 2.919 3.158 3.574 4.005 4.453 4.916 5.395 5.890 6.400 6.927 7.470 8.028 8.602 10.293 12.058 13.834 15.621 17.419 19.228 21.048 22.872 24.324 25.732 27.095 27.942 26.433 24.954 23.505 22.086 20.698 19.339 18.010 16.711 15.442 14.203 12.995 12.007 11.362 10.759 10.199 9.682 9.207 8.776 8.387
8.125 7.183 6.279 5.412 4.583 4.028 4.112 4.196 4.280 4.364 4.448 4.532 4.615 4.699 4.782 4.866 4.949 4.922 4.737 4.551 4.364 4.175 3.985 3.795 3.604 3.411 3.218 3.023 2.827 3.032 3.518 4.019 4.536 5.069 5.617 6.182 6.762 7.359 7.971 8.598 9.120 10.534 12.104 13.630 15.110 16.546 17.937 19.283 20.585 21.842 23.053 24.221 25.222 23.844 22.497 21.179 19.892 18.634 17.407 16.209 15.041 13.904 12.796 11.719 10.821 10.363 9.947 9.574 9.244 8.957 8.712 8.510
7.542 6.730 5.956 5.219 4.520 3.962 4.046 4.129 4.213 4.297 4.380 4.464 4.547 4.630 4.714 4.797 4.880 4.886 4.697 4.506 4.313 4.120 3.925 3.730 3.533 3.336 3.137 2.938 2.737 2.889 3.444 4.099 4.744 5.352 5.922 6.457 6.954 7.415 7.838 8.225 8.576 9.666 11.040 12.370 13.655 14.895 16.091 17.241 18.347 19.409 20.425 21.397 22.323 21.228 20.011 18.825 17.669 16.542 15.446 14.380 13.343 12.337 11.360 10.414 9.593 9.322 9.093 8.907 8.764 8.664 8.606 8.591
6.925 6.242 5.598 4.991 4.422 3.896 3.979 4.063 4.146 4.230 4.313 4.396 4.479 4.562 4.645 4.728 4.811 4.852 4.657 4.461 4.264 4.065 3.933 3.848 3.785 3.742 3.720 3.719 3.740 3.968 4.525 5.045 5.528 5.975 6.385 6.758 7.094 7.394 7.657 7.883 8.072 8.847 10.026 11.160 12.249 13.294 14.294 15.249 16.160 17.025 17.846 18.623 19.354 18.583 17.497 16.442 15.417 14.422 13.457 12.522 11.616 10.741 9.896 9.080 8.324 8.239 8.197 8.198 8.242 8.328 8.457 8.629
