DATA/SHG/ECMWF/20170628/EN-18/20170701.en-18.asc
ncols        190
nrows        64
xllcorner    -5100000.000000000000
yllcorner    4130000.000000000000
cellsize     10000.000000000000
NODATA_value  -99999.000
[rows 32 to 63 of 64, columns 0 to 72 of 190]
7.058 7.220 6.981 6.667 6.317 5.931 5.507 5.048 4.551 4.018 3.448 2.842 2.199 1.520 1.469 1.455 1.441 1.428 1.416 1.404 1.393 1.383 1.373 1.364 1.355 1.347 1.467 1.597 1.734 1.879 2.031 2.190 2.357 2.531 2.713 2.902 3.099 3.297 3.210 3.115 3.013 2.903 2.785 2.660 2.527 2.386 2.238 2.228 2.313 2.448 2.792 3.102 3.377 3.617 3.823 3.993 4.129 4.230 4.296 4.327 4.324 4.303 4.436 4.568 4.698 4.826 4.952 5.076 5.198 5.318 5.437 5.554 5.669
8.548 8.742 8.481 8.039 7.560 7.045 6.494 5.906 5.281 4.620 3.922 3.188 2.417 1.609 1.431 1.419 1.407 1.396 1.386 1.377 1.368 1.359 1.352 1.344 1.338 1.332 1.456 1.611 1.774 1.945 2.123 2.308 2.501 2.701 2.909 3.124 3.346 3.576 3.505 3.383 3.295 3.250 3.241 3.270 3.336 3.439 3.579 3.756 3.971 4.222 4.448 4.636 4.790 4.909 4.993 5.042 5.056 5.036 4.981 4.891 4.767 4.607 4.721 4.846 4.969 5.091 5.210 5.328 5.444 5.558 5.670 5.780 5.889
10.025 10.252 10.019 9.449 8.842 8.199 7.519 6.803 6.050 5.261 4.435 3.572 2.673 1.738 1.392 1.382 1.372 1.364 1.356 1.348 1.341 1.335 1.330 1.325 1.320 1.316 1.436 1.618 1.807 2.003 2.207 2.419 2.637 3.174 3.586 3.842 3.941 3.883 3.824 3.834 3.881 3.964 4.085 4.243 4.438 4.670 4.939 5.246 5.589 5.969 6.136 6.203 6.235 6.233 6.195 6.124 6.017 5.876 5.699 5.489 5.243 4.963 5.007 5.126 5.243 5.358 5.471 5.582 5.691 5.799 5.905 6.008 6.110
11.490 11.750 11.595 10.897 10.162 9.391 8.583 7.738 6.858 5.940 4.986 3.996 2.969 1.906 1.352 1.344 1.337 1.330 1.325 1.319 1.315 1.310 1.307 1.304 1.302 1.340 2.371 3.335 4.141 4.790 5.283 5.619 5.798 5.820 5.686 5.395 4.947 4.342 4.113 4.252 4.428 4.640 4.890 5.177 5.501 5.862 6.261 6.696 7.168 7.678 7.855 7.801 7.713 7.589 7.431 7.238 7.010 6.748 6.451 6.119 5.752 5.351 5.295 5.407 5.517 5.626 5.732 5.837 5.940 6.041 6.140 6.238 6.333
12.943 13.235 13.210 12.383 11.520 10.621 9.685 8.713 7.704 6.659 5.577 4.459 3.304 2.113 1.312 1.306 1.301 1.297 1.359 1.838 2.468 3.249 4.182 5.266 6.501 7.888 9.007 9.422 9.681 9.783 9.729 9.517 9.150 8.625 7.944 7.106 6.112 4.960 4.364 4.631 4.936 5.278 5.657 6.073 6.526 7.016 7.543 8.107 8.708 9.347 9.608 9.432 9.223 8.978 8.699 8.385 8.036 7.653 7.235 6.782 6.295 5.772 5.583 5.689 5.793 5.895 5.995 6.094 6.190 6.285 6.378 6.469 6.558
14.383 14.708 14.862 13.908 12.917 11.890 10.826 9.726 8.589 7.416 6.207 4.955 3.692 2.454 1.536 1.938 2.490 3.194 4.048 5.055 6.212 7.521 8.981 10.592 12.355 14.269 15.797 15.665 15.377 14.932 14.331 13.573 12.659 11.588 10.360 8.976 7.435 5.738 4.576 4.973 5.407 5.877 6.385 6.930 7.512 8.131 8.787 9.480 10.210 10.977 11.392 11.096 10.765 10.399 9.999 9.564 9.095 8.591 8.052 7.478 6.870 6.227 5.874 5.973 6.070 6.166 6.260 6.352 6.442 6.530 6.617 6.701 6.784
15.811 16.169 16.536 15.471 14.249 12.902 11.578 10.279 9.004 7.753 6.526 5.324 4.146 2.992 1.951 2.880 3.960 5.191 6.573 8.107 9.792 11.627 13.615 15.753 18.042 20.483 22.742 22.063 21.229 20.237 19.090 17.785 16.325 14.708 12.934 11.004 8.918 6.675 4.750 5.276 5.839 6.438 7.075 7.749 8.459 9.207 9.992 10.813 11.672 12.568 13.209 12.791 12.340 11.853 11.332 10.777 10.186 9.561 8.902 8.207 7.479 6.715 6.165 6.258 6.349 6.438 6.526 6.611 6.695 6.777 7.044 7.499 8.030
16.231 16.305 16.372 15.291 14.003 12.740 11.500 10.285 9.094 7.928 6.785 5.667 4.573 3.503 2.458 3.659 5.266 7.024 8.934 10.994 13.206 15.569 18.082 20.747 23.563 26.530 29.648 28.617 27.236 25.698 24.005 22.154 20.148 17.985 15.666 13.191 10.559 7.771 4.887 5.541 6.233 6.961 7.726 8.529 9.368 10.245 11.158 12.108 13.095 14.120 15.057 14.519 13.947 13.340 12.698 12.021 11.310 10.565 9.784 8.970 8.120 7.236 6.458 6.567 6.751 7.011 7.349 7.762 8.253 8.820 9.464 10.184 10.982
15.662 15.712 15.754 14.935 13.731 12.552 11.397 10.266 9.159 8.076 7.018 5.984 4.974 3.988 3.026 4.275 6.409 8.694 11.130 13.717 16.455 19.344 22.385 25.576 28.917 32.410 36.054 35.325 33.398 31.315 29.076 26.680 24.128 21.420 18.556 15.536 12.359 9.026 5.537 5.768 6.588 7.446 8.340 9.271 10.239 11.243 12.285 13.364 14.480 15.633 16.822 16.279 15.586 14.858 14.096 13.299 12.327 11.326 10.349 9.395 8.465 7.558 6.678 7.051 7.501 8.027 8.630 9.309 10.066 10.899 11.808 12.794 13.857
15.101 15.127 15.145 14.553 13.433 12.338 11.267 10.220 9.198 8.199 7.225 6.275 5.348 4.447 3.569 4.728 7.389 10.200 13.163 16.276 19.540 22.955 26.521 30.238 34.106 38.124 42.294 42.188 39.716 37.087 34.303 31.362 28.265 25.012 21.603 18.038 14.317 10.439 6.406 5.957 6.906 7.892 8.914 9.974 11.070 12.204 13.374 14.581 15.826 16.862 17.786 17.121 16.083 15.069 14.079 13.113 12.170 11.251 10.355 9.483 8.635 7.810 7.009 7.460 8.175 8.968 9.836 10.781 11.803 12.902 14.077 15.328 16.656
14.549 14.550 14.544 14.145 13.110 12.099 11.112 10.149 9.210 8.296 7.405 6.539 5.697 4.879 4.085 5.019 8.206 11.543 15.032 18.671 22.461 26.402 30.493 34.735 39.128 43.672 48.367 49.206 46.189 43.015 39.686 36.200 32.559 28.761 24.808 20.698 16.433 12.011 7.434 6.108 7.186 8.300 9.544 10.726 11.836 12.872 13.836 14.726 15.544 16.288 16.960 16.532 15.576 14.644 13.736 12.851 11.990 11.152 10.339 9.548 8.781 8.038 7.319 7.795 8.776 9.833 10.968 12.178 13.465 14.829 16.269 17.786 19.379
14.005 13.982 13.952 13.712 12.761 11.834 10.931 10.052 9.197 8.366 7.560 6.777 6.019 5.285 4.575 5.147 8.860 12.723 16.737 20.902 25.217 29.683 34.300 39.067 43.985 49.054 54.273 56.379 52.816 49.098 45.225 41.195 37.009 32.667 28.159 23.208 18.438 13.848 9.438 7.591 8.739 9.814 10.816 11.745 12.601 13.384 14.095 14.732 15.296 15.788 16.206 15.921 15.047 14.197 13.370 12.567 11.787 11.032 10.299 9.591 8.905 8.244 7.606 8.055 9.302 10.625 12.024 13.500 15.053 16.681 18.387 20.169 22.027
13.470 13.422 13.368 13.253 12.386 11.543 10.724 9.929 9.158 8.411 7.688 6.990 6.315 5.665 5.039 5.113 9.352 13.740 18.280 22.969 27.810 32.801 37.942 43.234 48.677 54.270 60.014 63.500 57.912 52.505 47.278 42.231 37.365 32.679 28.174 23.849 19.704 15.740 11.956 9.695 10.589 11.411 12.159 12.835 13.438 13.968 14.426 14.810 15.122 15.360 15.526 15.287 14.495 13.726 12.982 12.260 11.562 10.888 10.237 9.610 9.007 8.427 7.870 8.242 9.753 11.341 13.006 14.747 16.565 18.458 20.429 22.475 24.598
12.943 12.871 12.792 12.706 11.986 11.226 10.491 9.780 9.093 8.430 7.791 7.176 6.585 6.019 5.476 4.958 9.681 14.595 19.659 24.873 30.069 34.671 39.145 43.491 47.711 51.803 55.767 58.950 53.988 49.207 44.606 40.186 35.945 31.885 28.005 24.306 20.786 17.447 14.288 11.869 12.510 13.079 13.575 13.998 14.348 14.625 14.829 14.961 15.020 15.006 14.919 14.631 13.921 13.234 12.571 11.931 11.314 10.722 10.153 9.607 9.085 8.586 8.111 8.354 10.130 11.984 13.913 15.919 18.002 20.160 22.395 24.707 27.094
12.424 12.328 12.225 12.114 11.559 10.884 10.232 9.605 9.002 8.422 7.867 7.336 6.829 6.347 5.859 5.344 9.291 13.960 18.502 22.917 27.205 31.365 35.398 39.304 43.083 46.734 50.258 53.655 49.883 45.728 41.752 37.957 34.342 30.907 27.652 24.578 21.683 18.969 16.435 14.115 14.503 14.819 15.061 15.232 15.329 15.353 15.305 15.184 14.990 14.724 14.385 13.953 13.324 12.719 12.137 11.579 11.044 10.533 10.045 9.581 9.140 8.723 8.330 8.392 10.433 12.551 14.746 17.017 19.364 21.787 24.287 26.863 29.515
11.914 11.793 11.666 11.531 11.108 10.516 10.030 9.632 9.209 8.759 8.284 7.783 7.256 6.703 6.125 5.520 8.327 12.555 16.656 20.630 24.477 28.197 31.789 35.255 38.593 41.804 44.888 47.844 45.597 42.067 38.717 35.546 32.556 29.746 27.116 24.666 22.396 20.306 18.396 16.666 16.567 16.630 16.620 16.537 16.382 16.154 15.853 15.480 15.034 14.515 13.923 13.259 12.705 12.182 11.681 11.204 10.751 10.321 9.915 9.532 9.173 8.837 8.525 8.356 10.662 13.045 15.504 18.039 20.651 23.339 26.103 28.943 31.840
11.737 11.828 11.935 12.056 11.943 11.506 11.044 10.556 10.043 9.503 8.938 8.346 7.729 7.086 6.418 5.723 7.498 11.286 14.946 18.480 21.886 25.166 28.318 31.343 34.241 37.012 39.656 42.172 41.130 38.224 35.499 32.953 30.588 28.402 26.396 24.570 22.924 21.458 20.172 19.066 18.702 18.512 18.250 17.915 17.507 17.027 16.474 15.848 15.149 14.378 13.535 12.618 12.064 11.622 11.203 10.807 10.436 10.087 9.762 9.461 9.183 8.929 8.698 8.490 10.817 13.449 15.929 18.365 20.754 23.098 25.397 27.649 29.857
12.704 12.848 13.007 13.182 13.164 12.638 12.086 11.507 10.904 10.274 9.618 8.937 8.230 7.497 6.738 5.954 6.805 10.153 13.373 16.466 19.432 22.271 24.983 27.569 30.027 32.358 34.562 36.639 36.482 34.201 32.100 30.178 28.437 26.875 25.493 24.291 23.269 22.426 21.763 21.280 20.908 20.466 19.951 19.364 18.704 17.971 17.166 16.288 15.338 14.314 13.219 12.050 11.401 11.040 10.702 10.388 10.098 9.831 9.602 9.448 9.256 9.025 8.755 8.448 10.238 12.607 14.931 17.209 19.442 21.629 23.771 25.867 27.918
13.653 13.850 14.062 14.290 14.413 13.796 13.154 12.486 11.792 11.072 10.327 9.555 8.758 7.935 7.087 6.212 6.248 9.155 11.935 14.588 17.115 19.514 21.786 23.932 25.950 27.842 29.607 31.244 31.653 29.996 28.519 27.221 26.103 25.165 24.407 23.828 23.429 23.209 23.170 23.309 23.185 22.491 21.724 20.884 19.972 18.988 17.930 16.800 15.598 14.323 12.976 11.613 11.068 11.012 10.917 10.783 10.612 10.401 10.153 9.865 9.540 9.176 8.773 8.332 9.597 11.810 13.977 16.098 18.175 20.205 22.190 24.130 26.024
14.583 14.833 15.099 15.379 15.675 14.981 14.249 13.491 12.707 11.897 11.062 10.201 9.314 8.401 7.462 6.498 5.826 8.293 10.633 12.847 14.933 16.893 18.726 20.432 22.011 23.464 24.789 25.988 26.644 25.610 24.757 24.083 23.588 23.273 23.138 23.182 23.405 23.809 24.391 25.154 25.533 24.587 23.568 22.476 21.249 19.876 18.571 17.334 16.165 15.065 14.032 13.068 12.456 12.266 12.038 11.771 11.466 11.122 10.740 10.320 9.861 9.363 8.828 8.253 9.000 11.056 13.067 15.032 16.951 18.825 20.654 22.437 24.175
15.496 15.799 16.117 16.451 16.800 16.194 15.371 14.523 13.649 12.750 11.824 10.873 9.896 8.894 7.865 6.811 5.731 7.566 9.467 11.241 12.888 14.409 15.803 17.070 18.210 19.223 20.110 20.870 21.454 21.044 20.813 20.762 20.890 21.198 21.685 22.352 23.198 24.146 24.984 25.786 26.217 24.807 23.465 22.191 20.986 19.848 18.779 17.777 16.844 15.979 15.182 14.453 13.880 13.557 13.195 12.795 12.357 11.880 11.365 10.811 10.219 9.588 8.920 8.212 8.447 10.346 12.200 14.009 15.772 17.490 19.162 20.789 22.370
16.391 16.747 17.118 17.504 17.906 17.433 16.521 15.583 14.619 13.629 12.614 11.573 10.506 9.414 8.296 7.152 5.982 6.975 8.436 9.771 10.979 12.061 13.016 13.844 14.546 15.120 15.568 15.890 16.085 16.297 16.924 17.891 18.822 19.717 20.575 21.396 22.182 22.931 23.643 24.319 24.943 23.769 22.663 21.625 20.655 19.753 18.919 18.153 17.455 16.825 16.264 15.770 15.340 14.884 14.389 13.856 13.284 12.674 12.026 11.339 10.614 9.851 9.049 8.208 7.938 9.681 11.378 13.031 14.637 16.199 17.715 19.185 20.610
17.267 17.676 18.100 18.539 18.994 18.699 17.697 16.669 15.615 14.536 13.431 12.300 11.144 9.961 8.753 7.520 6.260 6.518 7.541 8.437 9.206 9.849 10.366 11.039 11.916 12.742 13.515 14.237 14.907 15.749 16.627 17.468 18.273 19.042 19.774 20.470 21.130 21.754 22.341 22.891 23.406 22.664 21.793 20.990 20.256 19.589 18.991 18.460 17.997 17.603 17.277 17.018 16.828 16.247 15.619 14.953 14.248 13.505 12.724 11.904 11.046 10.150 9.215 8.241 7.472 9.059 10.600 12.096 13.547 14.952 16.312 17.626 18.895
18.126 18.588 19.065 19.557 20.064 19.991 18.899 17.782 16.639 15.469 14.275 13.054 11.808 10.536 9.238 7.915 6.738 6.719 7.728 8.684 9.589 10.442 11.243 11.993 12.690 13.336 13.930 14.472 14.962 15.614 16.367 17.082 17.762 18.405 19.012 19.583 20.117 20.615 21.076 21.502 21.890 21.491 20.856 20.289 19.789 19.358 18.994 18.699 18.472 18.312 18.221 18.197 18.242 17.647 16.886 16.087 15.249 14.373 13.459 12.506 11.515 10.486 9.418 8.312 7.167 8.481 9.866 11.206 12.500 13.749 14.953 16.111 17.224
18.967 19.482 20.011 20.556 21.116 21.311 20.129 18.922 17.689 16.430 15.213 14.052 12.945 11.893 10.897 9.955 9.068 8.803 9.632 10.409 11.134 11.808 12.429 12.999 13.517 13.984 14.398 14.761 15.072 15.518 16.144 16.735 17.289 17.806 18.288 18.733 19.142 19.514 19.850 20.150 20.414 20.251 19.851 19.519 19.255 19.059 18.930 18.870 18.877 18.953 19.097 19.308 19.587 19.083 18.189 17.257 16.286 15.278 14.230 13.145 12.021 10.859 9.658 8.419 7.142 7.947 9.176 10.360 11.498 12.591 13.638 14.641 15.597
19.790 20.357 20.836 21.278 21.709 22.024 20.777 19.586 18.449 17.368 16.342 15.370 14.454 13.592 12.786 12.034 11.338 10.940 11.589 12.187 12.732 13.226 13.669 14.059 14.398 14.685 14.920 15.103 15.235 15.459 15.960 16.425 16.853 17.246 17.602 17.921 18.205 18.452 18.663 18.837 18.975 18.945 18.779 18.682 18.653 18.692 18.798 18.973 19.215 19.526 19.904 20.350 20.864 20.556 19.529 18.464 17.360 16.219 15.039 13.820 12.564 11.269 9.935 8.564 7.154 7.457 8.530 9.557 10.539 11.576 12.614 13.622 14.599
19.969 20.397 20.814 21.222 21.620 22.008 21.084 20.083 19.137 18.246 17.409 16.628 15.902 15.231 14.614 14.053 13.546 13.129 13.599 14.017 14.383 14.698 14.961 15.172 15.331 15.439 15.495 15.499 15.452 15.437 15.813 16.153 16.456 16.723 16.953 17.148 17.306 17.428 17.513 17.563 17.576 17.571 17.640 17.778 17.984 18.257 18.599 19.008 19.485 20.030 20.643 21.324 22.072 22.064 20.905 19.707 18.471 17.196 15.883 14.532 13.143 11.715 10.238 8.801 7.419 7.399 8.454 9.479 10.473 11.436 12.369 13.272 14.144
20.026 20.419 20.803 21.177 21.541 21.895 21.331 20.520 19.764 19.063 18.417 17.826 17.289 16.808 16.382 16.010 15.694 15.432 15.661 15.899 16.086 16.222 16.305 16.337 16.318 16.246 16.123 15.948 15.722 15.454 15.704 15.918 16.096 16.238 16.343 16.412 16.445 16.442 16.402 16.326 16.214 16.129 16.434 16.807 17.247 17.755 18.331 18.975 19.687 20.466 21.314 22.229 23.212 23.609 22.317 20.699 19.068 17.492 15.970 14.504 13.091 11.734 10.431 9.182 7.988 7.707 8.657 9.577 10.466 11.325 12.153 12.951 13.719
20.093 20.453 20.803 21.143 21.473 21.793 21.518 20.897 20.331 19.820 19.364 18.963 18.616 18.325 18.088 17.907 17.780 17.708 17.775 17.835 17.843 17.799 17.703 17.556 17.357 17.107 16.805 16.451 16.046 15.589 15.632 15.721 15.774 15.790 15.770 15.714 15.622 15.494 15.329 15.128 14.891 14.621 15.161 15.768 16.443 17.186 17.996 18.874 19.669 20.402 21.088 21.727 22.319 22.571 21.020 19.523 18.080 16.692 15.359 14.080 12.856 11.686 10.571 9.511 8.505 8.044 8.890 9.704 10.489 11.243 11.966 12.659 13.322
20.171 20.497 20.813 21.119 21.416 21.702 21.645 21.215 20.839 20.517 20.251 20.040 19.883 19.781 19.734 19.742 19.805 19.923 19.942 19.822 19.651 19.428 19.154 18.828 18.450 18.021 17.540 17.007 16.423 15.787 15.598 15.562 15.490 15.381 15.236 15.055 14.837 14.584 14.294 13.968 13.606 13.415 14.165 15.018 15.824 16.583 17.295 17.960 18.578 19.149 19.674 20.151 20.582 20.965 19.603 18.294 17.040 15.840 14.695 13.604 12.568 11.586 10.659 9.786 8.968 8.410 9.150 9.860 10.540 11.189 11.808 12.397 12.954
20.260 20.552 20.834 21.106 21.369 21.622 21.713 21.472 21.286 21.154 21.078 21.056 21.089 21.177 21.320 21.517 21.770 22.077 22.161 21.862 21.512 21.111 20.657 20.152 19.596 18.988 18.328 17.616 16.853 16.039 15.602 15.440 15.243 15.009 14.744 14.504 14.289 14.099 13.934 13.794 13.679 13.588 14.093 14.784 15.428 16.025 16.575 17.079 17.535 17.945 18.308 18.623 18.892 19.114 18.135 17.014 15.948 14.936 13.979 13.076 12.227 11.434 10.694 10.010 9.379 8.804 9.440 10.045 10.620 11.165 11.679 12.163 12.616
20.359 20.617 20.865 21.104 21.333 21.552 21.721 21.670 21.673 21.731 21.844 22.012 22.235 22.512 22.845 23.232 23.674 24.170 24.432 23.955 23.426 22.845 22.213 21.530 20.794 20.007 19.159 18.039 16.942 15.871 15.154 14.900 14.671 14.467 14.289 14.135 14.006 13.902 13.823 13.769 13.740 13.736 14.067 14.597 15.079 15.515 15.904 16.246 16.540 16.788 16.990 17.144 17.251 17.312 16.616 15.682 14.804 13.980 13.210 12.495 11.835 11.229 10.677 10.180 9.738 9.349 9.758 10.259 10.729 11.169 11.578 11.958 12.306
