DATA/SHG/ECMWF/20170628/EN-18/20170706.en-18.asc
ncols        190
nrows        64
xllcorner    -5100000.000000000000
yllcorner    4130000.000000000000
cellsize     10000.000000000000
NODATA_value  -99999.000
[rows 0 to 32 of 64, columns 74 to 147 of 190]
9.566 9.260 8.931 8.581 8.208 7.814 7.397 7.105 7.137 7.177 7.226 7.285 7.352 7.429 7.515 7.611 7.715 7.829 7.952 8.063 8.098 8.129 8.161 8.193 8.227 8.260 8.295 8.330 8.366 8.403 8.441 8.470 8.461 8.439 8.403 8.354 8.291 8.214 8.124 8.021 7.904 7.773 7.629 7.461 7.252 7.036 6.810 6.577 6.335 6.085 5.827 5.561 5.286 5.003 4.712 4.417 4.141 3.875 3.620 3.376 3.142 2.919 2.707 2.505 2.315 2.134 1.965 1.835 1.794 1.758 1.727 1.701 1.680 1.665
10.149 9.697 9.230 8.768 8.313 7.863 7.420 7.070 7.134 7.206 7.287 7.378 7.478 7.587 7.706 7.834 7.971 8.117 8.272 8.424 8.463 8.497 8.532 8.567 8.604 8.641 8.678 8.717 8.756 8.796 8.837 8.866 8.797 8.714 8.618 8.508 8.384 8.247 8.097 7.932 7.755 7.563 7.359 7.138 6.893 6.639 6.377 6.106 5.828 5.541 5.246 4.942 4.631 4.311 3.983 3.661 3.432 3.215 3.007 2.811 2.625 2.450 2.285 2.131 1.988 1.856 1.734 1.636 1.618 1.604 1.596 1.592 1.594 1.601
10.039 9.587 9.141 8.701 8.267 7.839 7.417 7.026 7.121 7.226 7.340 7.463 7.595 7.737 7.888 8.048 8.217 8.396 8.583 8.780 8.826 8.863 8.901 8.940 8.979 9.020 9.061 9.102 9.145 9.188 9.232 9.276 9.148 9.004 8.847 8.676 8.492 8.295 8.083 7.859 7.620 7.369 7.103 6.824 6.542 6.251 5.952 5.645 5.330 5.006 4.674 4.334 3.985 3.629 3.264 2.895 2.714 2.544 2.385 2.236 2.098 1.970 1.853 1.747 1.652 1.567 1.493 1.462 1.528 1.602 1.682 1.769 1.862 1.962
9.902 9.471 9.046 8.628 8.215 7.809 7.409 7.015 7.101 7.238 7.384 7.539 7.704 7.878 8.061 8.253 8.455 8.666 8.886 9.115 9.187 9.228 9.269 9.311 9.354 9.397 9.441 9.486 9.532 9.578 9.625 9.673 9.513 9.308 9.091 8.860 8.615 8.357 8.085 7.800 7.501 7.189 6.863 6.524 6.201 5.873 5.537 5.193 4.841 4.481 4.112 3.735 3.350 2.956 2.554 2.144 1.986 1.864 1.846 1.906 1.951 1.980 1.993 1.990 1.971 1.936 1.885 1.818 1.903 2.006 2.116 2.232 2.355 2.485
9.759 9.349 8.946 8.549 8.158 7.774 7.395 7.023 7.072 7.241 7.420 7.607 7.804 8.010 8.226 8.450 8.684 8.927 9.179 9.441 9.547 9.591 9.636 9.681 9.727 9.773 9.821 9.869 9.918 9.967 10.017 10.068 9.892 9.627 9.349 9.057 8.752 8.434 8.101 7.756 7.396 7.024 6.637 6.238 5.869 5.505 5.132 4.751 4.362 4.032 3.774 3.539 3.327 3.138 2.973 2.831 2.833 2.855 2.860 2.850 2.823 2.781 2.723 2.648 2.558 2.452 2.331 2.193 2.270 2.403 2.542 2.688 2.841 3.000
9.610 9.222 8.841 8.465 8.096 7.733 7.375 7.025 7.034 7.236 7.447 7.667 7.896 8.134 8.382 8.638 8.905 9.180 9.464 9.758 9.906 9.953 10.001 10.049 10.098 10.148 10.199 10.250 10.302 10.355 10.408 10.462 10.286 9.960 9.622 9.270 8.904 8.525 8.132 7.726 7.320 6.913 6.499 6.078 5.740 5.469 5.221 4.997 4.796 4.617 4.463 4.331 4.223 4.138 4.076 4.037 4.005 3.955 3.889 3.808 3.710 3.597 3.468 3.323 3.161 2.984 2.792 2.583 2.630 2.792 2.961 3.137 3.319 3.508
9.456 9.090 8.730 8.376 8.028 7.686 7.350 7.021 6.988 7.222 7.465 7.717 7.979 8.249 8.529 8.818 9.116 9.424 9.740 10.066 10.264 10.314 10.365 10.416 10.469 10.522 10.575 10.630 10.685 10.741 10.798 10.850 10.691 10.312 9.925 9.530 9.128 8.718 8.300 7.874 7.441 7.000 6.552 6.096 5.782 5.615 5.471 5.350 5.252 5.177 5.126 5.098 5.093 5.111 5.153 5.217 5.191 5.070 4.934 4.781 4.613 4.428 4.228 4.012 3.780 3.532 3.268 2.988 2.983 3.175 3.373 3.578 3.790 4.009
9.297 8.952 8.613 8.281 7.954 7.634 7.320 7.011 6.934 7.200 7.475 7.759 8.053 8.356 8.668 8.989 9.319 9.659 10.008 10.365 10.620 10.673 10.662 10.640 10.638 10.655 10.691 10.747 10.822 10.916 11.029 11.162 11.097 10.683 10.261 9.832 9.395 8.951 8.499 8.039 7.571 7.096 6.613 6.122 5.800 5.736 5.695 5.678 5.683 5.712 5.764 5.839 5.938 6.059 6.204 6.372 6.392 6.200 5.993 5.769 5.530 5.274 5.003 4.716 4.413 4.094 3.760 3.409 3.328 3.550 3.778 4.013 4.254 4.502
9.132 8.809 8.491 8.180 7.875 7.576 7.283 6.997 6.871 7.169 7.477 7.793 8.119 8.454 8.780 9.032 9.274 9.506 9.727 9.938 10.104 10.130 10.175 10.240 10.324 10.427 10.550 10.692 10.853 11.034 11.234 11.453 11.510 11.062 10.606 10.142 9.671 9.192 8.705 8.211 7.709 7.199 6.682 6.157 5.793 5.832 5.895 5.981 6.090 6.222 6.377 6.556 6.757 6.982 7.230 7.501 7.608 7.345 7.067 6.772 6.462 6.136 5.794 5.436 5.062 4.672 4.267 3.845 3.667 3.918 4.176 4.440 4.711 4.989
8.962 8.660 8.364 8.074 7.790 7.513 7.241 6.968 6.762 7.041 7.309 7.567 7.815 8.052 8.279 8.495 8.701 8.896 9.081 9.256 9.423 9.535 9.667 9.818 9.989 10.178 10.387 10.616 10.863 11.130 11.416 11.722 11.931 11.449 10.958 10.460 9.955 9.441 8.920 8.392 7.855 7.311 6.759 6.200 5.761 5.904 6.070 6.259 6.471 6.706 6.965 7.246 7.551 7.879 8.230 8.605 8.839 8.505 8.156 7.790 7.409 7.012 6.599 6.170 5.726 5.265 4.789 4.297 3.998 4.279 4.566 4.860 5.160 5.468
8.781 8.487 8.194 7.904 7.616 7.329 7.045 6.763 6.489 6.731 6.964 7.185 7.397 7.598 7.788 7.968 8.138 8.297 8.445 8.584 8.723 8.920 9.138 9.376 9.632 9.908 10.203 10.518 10.852 11.205 11.577 11.969 12.361 11.844 11.319 10.786 10.246 9.699 9.143 8.580 8.010 7.431 6.845 6.251 5.705 5.951 6.220 6.512 6.827 7.166 7.527 7.912 8.320 8.751 9.205 9.683 10.084 9.679 9.259 8.823 8.371 7.903 7.420 6.920 6.405 5.873 5.326 4.764 4.322 4.632 4.949 5.272 5.603 5.939
8.525 8.238 7.952 7.669 7.388 7.108 6.831 6.556 6.282 6.432 6.628 6.814 6.989 7.153 7.307 7.451 7.584 7.707 7.820 7.922 8.024 8.284 8.588 8.912 9.255 9.617 9.998 10.399 10.819 11.258 11.717 12.194 12.691 12.246 11.687 11.121 10.546 9.964 9.374 8.777 8.172 7.559 6.939 6.311 5.675 5.973 6.345 6.740 7.159 7.600 8.065 8.553 9.064 9.598 10.155 10.735 11.338 10.869 10.378 9.871 9.348 8.809 8.255 7.685 7.099 6.497 5.879 5.278 4.778 5.227 5.695 6.183 6.689 7.213
8.268 7.987 7.709 7.432 7.158 6.886 6.616 6.347 6.081 6.143 6.303 6.452 6.591 6.719 6.837 6.944 7.041 7.128 7.204 7.270 7.336 7.627 8.018 8.427 8.856 9.304 9.772 10.259 10.765 11.290 11.834 12.398 12.981 12.657 12.064 11.463 10.854 10.238 9.614 8.982 8.343 7.696 7.041 6.379 5.709 5.970 6.445 6.944 7.465 8.010 8.577 9.168 9.782 10.419 11.079 11.762 12.468 12.073 11.427 10.712 10.035 9.396 8.795 8.233 7.708 7.222 6.773 6.363 5.991 6.464 7.016 7.587 8.177 8.786
8.008 7.735 7.464 7.194 6.927 6.662 6.399 6.137 5.878 5.864 5.987 6.100 6.202 6.295 6.376 6.448 6.509 6.559 6.599 6.629 6.659 6.949 7.426 7.922 8.437 8.971 9.524 10.097 10.689 11.300 11.931 12.580 13.249 13.076 12.448 11.813 11.170 10.519 9.861 9.195 8.521 7.840 7.151 6.455 5.751 5.943 6.521 7.122 7.747 8.364 8.937 9.489 10.018 10.524 11.008 11.469 11.908 11.534 10.950 10.405 9.897 9.427 8.996 8.602 8.247 7.929 7.650 7.409 7.205 7.681 8.317 8.971 9.645 10.337
7.748 7.482 7.217 6.955 6.695 6.436 6.180 5.926 5.674 5.594 5.681 5.758 5.824 5.880 5.926 5.961 5.986 6.000 6.004 5.998 5.991 6.250 6.813 7.395 7.996 8.616 9.255 9.914 10.592 11.289 12.005 12.741 13.496 13.503 12.841 12.171 11.494 10.809 10.116 9.416 8.702 7.993 7.302 6.631 5.977 6.062 6.626 7.167 7.686 8.183 8.657 9.108 9.537 9.944 10.328 10.689 11.028 10.850 10.436 10.059 9.720 9.420 9.157 8.932 8.746 8.597 8.487 8.415 8.380 8.877 9.597 10.335 11.092 11.868
7.486 7.227 6.969 6.714 6.461 6.209 5.960 5.713 5.468 5.335 5.385 5.426 5.456 5.476 5.485 5.484 5.473 5.451 5.419 5.377 5.334 5.531 6.179 6.847 7.534 8.240 8.965 9.710 10.473 11.256 12.059 12.830 13.560 13.668 12.911 12.173 11.454 10.753 10.071 9.408 8.763 8.136 7.528 6.939 6.368 6.305 6.769 7.210 7.629 8.026 8.400 8.752 9.081 9.388 9.672 9.934 10.173 10.128 9.883 9.675 9.505 9.373 9.280 9.224 9.206 9.227 9.285 9.381 9.516 10.053 10.856 11.678 12.518 13.378
7.222 6.970 6.720 6.472 6.225 5.981 5.739 5.499 5.260 5.085 5.100 5.104 5.098 5.082 5.055 5.018 4.971 4.913 4.844 4.766 4.687 4.790 5.532 6.281 7.025 7.765 8.502 9.234 9.961 10.685 11.404 12.120 12.831 13.132 12.458 11.802 11.166 10.547 9.948 9.366 8.804 8.260 7.734 7.227 6.739 6.571 6.935 7.277 7.596 7.893 8.167 8.419 8.648 8.855 9.040 9.202 9.342 9.368 9.291 9.253 9.252 9.289 9.364 9.477 9.628 9.817 10.044 10.309 10.612 11.208 12.094 13.000 13.924 14.867
6.957 6.712 6.469 6.228 5.988 5.751 5.516 5.283 5.051 4.845 4.824 4.792 4.750 4.698 4.635 4.571 4.506 4.439 4.371 4.301 4.236 4.257 4.991 5.722 6.448 7.170 7.888 8.601 9.311 10.016 10.717 11.414 12.107 12.576 11.985 11.412 10.857 10.321 9.804 9.305 8.825 8.363 7.920 7.496 7.090 6.860 7.124 7.366 7.586 7.783 7.958 8.110 8.240 8.347 8.432 8.495 8.535 8.570 8.662 8.792 8.960 9.165 9.409 9.691 10.010 10.368 10.764 11.197 11.668 12.342 13.313 14.301 15.309 16.336
6.691 6.453 6.216 5.982 5.750 5.520 5.291 5.063 4.821 4.580 4.515 4.452 4.387 4.322 4.254 4.185 4.115 4.043 3.969 3.894 3.824 3.759 4.456 5.168 5.876 6.580 7.279 7.975 8.666 9.353 10.035 10.714 11.389 12.001 11.492 11.001 10.529 10.076 9.641 9.224 8.827 8.447 8.086 7.744 7.420 7.173 7.337 7.480 7.600 7.697 7.772 7.825 7.855 7.863 7.849 7.812 7.752 7.734 7.995 8.293 8.629 9.004 9.416 9.866 10.354 10.880 11.444 12.046 12.686 13.457 14.510 15.583 16.674 17.784
6.421 6.182 5.941 5.701 5.460 5.219 4.977 4.735 4.493 4.250 4.156 4.088 4.019 3.948 3.875 3.801 3.725 3.648 3.569 3.489 3.414 3.343 3.926 4.620 5.309 5.995 6.676 7.353 8.026 8.695 9.359 10.019 10.676 11.328 10.980 10.572 10.182 9.811 9.458 9.124 8.808 8.511 8.232 7.972 7.731 7.509 7.574 7.617 7.637 7.635 7.611 7.564 7.495 7.403 7.289 7.153 6.994 6.860 7.289 7.756 8.261 8.804 9.384 10.003 10.659 11.353 12.085 12.856 13.664 14.551 15.687 16.843 18.018 19.211
6.104 5.863 5.622 5.380 5.138 4.895 4.652 4.409 4.165 3.921 3.800 3.727 3.652 3.576 3.498 3.418 3.338 3.255 3.171 3.086 3.005 2.929 3.401 4.077 4.748 5.415 6.078 6.737 7.391 8.042 8.688 9.330 9.968 10.602 10.448 10.122 9.815 9.526 9.255 9.003 8.770 8.555 8.358 8.180 8.021 7.880 7.834 7.777 7.698 7.596 7.472 7.326 7.158 6.967 6.753 6.517 6.259 5.979 6.546 7.181 7.854 8.565 9.314 10.101 10.925 11.788 12.688 13.626 14.578 15.496 16.555 17.573 18.551 19.488
5.788 5.546 5.303 5.060 4.816 4.572 4.328 4.083 3.838 3.592 3.446 3.367 3.287 3.206 3.123 3.038 2.952 2.864 2.775 2.684 2.598 2.517 2.882 3.539 4.192 4.841 5.485 6.126 6.762 7.394 8.022 8.646 9.266 9.882 9.897 9.654 9.428 9.222 9.033 8.863 8.712 8.579 8.465 8.369 8.291 8.232 8.117 7.961 7.782 7.581 7.358 7.112 6.845 6.554 6.241 5.906 5.549 5.169 5.764 6.666 7.704 8.714 9.696 10.650 11.576 12.474 13.345 14.187 15.001 15.787 16.658 17.497 18.296 19.054
5.473 5.229 4.985 4.741 4.496 4.250 4.004 3.758 3.512 3.265 3.093 3.010 2.924 2.837 2.749 2.659 2.568 2.475 2.381 2.285 2.194 2.107 2.367 3.006 3.641 4.271 4.898 5.520 6.138 6.752 7.362 7.968 8.569 9.166 9.327 9.166 9.022 8.898 8.791 8.703 8.634 8.583 8.551 8.537 8.542 8.565 8.423 8.168 7.890 7.590 7.292 7.056 6.864 6.716 6.612 6.552 6.535 6.563 7.289 8.231 9.145 10.031 10.889 11.719 12.521 13.296 14.042 14.761 15.451 16.114 16.802 17.462 18.082 18.661
5.159 4.914 4.668 4.422 4.176 3.929 3.682 3.434 3.186 2.938 2.743 2.654 2.563 2.471 2.378 2.283 2.186 2.088 1.989 1.888 1.791 1.699 1.858 2.479 3.095 3.708 4.316 4.920 5.520 6.115 6.707 7.294 7.878 8.457 8.738 8.658 8.597 8.554 8.530 8.524 8.537 8.562 8.574 8.569 8.549 8.513 8.358 8.141 7.968 7.839 7.754 7.712 7.715 7.761 7.851 7.985 8.163 8.385 9.003 9.821 10.612 11.374 12.108 12.815 13.493 14.144 14.767 15.362 15.928 16.467 16.985 17.466 17.907 18.308
4.845 4.599 4.352 4.105 3.857 3.609 3.360 3.111 2.862 2.612 2.394 2.300 2.204 2.107 2.008 1.908 1.806 1.703 1.598 1.492 1.390 1.293 1.354 1.956 2.555 3.149 3.739 4.325 4.906 5.484 6.057 6.627 7.233 7.907 8.385 8.437 8.473 8.493 8.498 8.486 8.459 8.416 8.358 8.283 8.193 8.087 7.995 7.973 7.995 8.060 8.169 8.322 8.519 8.759 9.044 9.372 9.744 10.160 10.744 11.438 12.105 12.744 13.354 13.937 14.492 15.019 15.518 15.990 16.433 16.848 17.208 17.510 17.773 17.995
4.533 4.285 4.037 3.788 3.539 3.289 3.039 2.789 2.538 2.287 2.047 1.948 1.847 1.744 1.640 1.535 1.428 1.320 1.210 1.098 0.991 0.889 0.855 1.473 2.143 2.814 3.486 4.158 4.831 5.505 6.179 6.854 7.530 8.206 8.747 8.728 8.694 8.645 8.579 8.498 8.401 8.288 8.159 8.014 7.854 7.678 7.587 7.759 7.975 8.234 8.538 8.885 9.276 9.710 10.189 10.711 11.277 11.887 12.511 13.082 13.625 14.140 14.627 15.086 15.518 15.921 16.297 16.645 16.965 17.257 17.470 17.594 17.678 17.722
4.221 3.972 3.722 3.472 3.222 2.971 2.719 2.468 2.216 1.963 1.711 1.597 1.491 1.384 1.274 1.174 1.146 1.123 1.108 1.099 1.091 1.085 1.084 1.741 2.414 3.088 3.763 4.438 5.114 5.791 6.468 7.146 7.825 8.504 9.125 9.037 8.933 8.813 8.678 8.526 8.359 8.176 7.977 7.763 7.533 7.287 7.133 7.499 7.909 8.363 8.860 9.401 9.986 10.615 11.287 12.003 12.763 13.567 14.304 14.751 15.171 15.562 15.926 16.262 16.570 16.850 17.102 17.327 17.523 17.692 17.772 17.718 17.624 17.489
3.910 3.659 3.408 3.157 2.905 2.653 2.400 2.147 1.907 1.714 1.517 1.448 1.416 1.390 1.371 1.359 1.353 1.353 1.360 1.374 1.390 1.406 1.428 2.007 2.684 3.361 4.038 4.717 5.396 6.075 6.756 7.437 8.118 8.801 9.484 9.362 9.188 8.999 8.793 8.572 8.334 8.082 7.813 7.529 7.228 6.912 6.633 7.193 7.797 8.445 9.136 9.871 10.650 11.472 12.339 13.249 14.202 15.200 16.123 16.447 16.743 17.011 17.252 17.464 17.649 17.805 17.934 18.036 18.109 18.154 18.114 17.882 17.609 17.296
3.600 3.370 3.188 3.003 2.815 2.623 2.428 2.229 2.027 1.822 1.613 1.536 1.526 1.523 1.527 1.537 1.554 1.577 1.607 1.643 1.682 1.721 1.766 2.272 2.952 3.632 4.313 4.994 5.676 6.359 7.042 7.726 8.411 9.096 9.782 9.705 9.461 9.201 8.925 8.634 8.327 8.004 7.666 7.311 6.941 6.555 6.154 6.841 7.639 8.481 9.366 10.295 11.267 12.283 13.343 14.447 15.594 16.785 17.969 18.169 18.342 18.487 18.604 18.693 18.754 18.788 18.794 18.771 18.721 18.644 18.496 18.085 17.634 17.143
3.767 3.577 3.384 3.187 2.987 2.783 2.576 2.365 2.151 1.933 1.712 1.617 1.630 1.650 1.677 1.709 1.749 1.795 1.847 1.906 1.968 2.030 2.098 2.536 3.219 3.902 4.586 5.270 5.955 6.641 7.327 8.014 8.702 9.390 10.079 10.064 9.750 9.420 9.074 8.713 8.336 7.944 7.535 7.111 6.671 6.216 5.744 6.444 7.435 8.470 9.549 10.672 11.838 13.048 14.301 15.598 16.939 18.324 19.752 19.917 19.967 19.988 19.982 19.948 19.886 19.797 19.679 19.534 19.361 19.160 18.840 18.085 17.338 16.598
3.990 3.788 3.583 3.374 3.161 2.945 2.726 2.504 2.277 2.048 1.815 1.693 1.728 1.771 1.820 1.876 1.938 2.006 2.081 2.163 2.247 2.333 2.423 2.799 3.485 4.171 4.858 5.545 6.233 6.922 7.611 8.301 8.992 9.683 10.375 10.439 10.055 9.656 9.241 8.810 8.363 7.900 7.422 6.928 6.419 5.893 5.352 6.000 7.185 8.414 9.686 11.002 12.362 13.765 15.212 16.703 18.237 19.815 21.436 21.692 21.618 21.417 21.006 20.589 20.164 19.733 19.295 18.850 18.398 17.939 17.473 16.769 16.057 15.353
4.216 4.002 3.784 3.563 3.339 3.111 2.880 2.645 2.407 2.165 1.920 1.762 1.820 1.886 1.957 2.035 2.120 2.211 2.309 2.414 2.521 2.629 2.743 3.061 3.749 4.438 5.128 5.819 6.510 7.202 7.894 8.587 9.281 9.975 10.670 10.832 10.378 9.909 9.424 8.923 8.406 7.874 7.326 6.763 6.183 5.588 4.977 5.511 6.889 8.312 9.777 11.287 12.834 14.349 15.810 17.218 18.572 19.873 21.121 21.180 20.752 20.318 19.877 19.429 18.974 18.512 18.043 17.568 17.085 16.596 16.099 15.448 14.771 14.102
4.445 4.218 3.989 3.756 3.520 3.280 3.036 2.790 2.540 2.286 2.029 1.825 1.906 1.994 2.088 2.189 2.297 2.411 2.531 2.658 2.788 2.919 3.056 3.321 4.013 4.705 5.398 6.091 6.785 7.480 8.176 8.872 9.568 10.266 10.964 11.241 10.717 10.178 9.624 9.053 8.467 7.865 7.247 6.666 6.236 5.819 5.416 5.952 7.498 8.991 10.430 11.815 13.148 14.427 15.652 16.824 17.943 19.008 20.020 20.150 19.693 19.228 18.756 18.278 17.792 17.300 16.801 16.295 15.782 15.262 14.735 14.120 13.479 12.845
