DATA/SHG/ECMWF/20170628/EN-18/20170702.en-18.asc
ncols        190
nrows        64
xllcorner    -5100000.000000000000
yllcorner    4130000.000000000000
cellsize     10000.000000000000
NODATA_value  -99999.000
[rows 0 to 31 of 64, columns 0 to 72 of 190]
0.695 0.664 0.635 0.609 0.586 0.565 0.546 0.531 0.517 0.547 0.591 0.637 0.685 0.736 0.788 0.843 0.900 0.959 1.021 1.085 1.149 1.257 1.383 1.505 1.623 1.738 1.849 1.957 2.061 2.161 2.258 2.351 2.441 2.469 2.467 2.474 2.490 2.515 2.549 2.591 2.643 2.703 2.772 2.850 2.937 3.083 3.271 3.453 3.628 3.797 3.961 4.118 4.269 4.414 4.553 4.686 4.813 4.834 4.739 4.650 4.567 4.490 4.418 4.353 4.294 4.240 4.193 4.151 4.116 4.187 4.426 4.668 4.912
0.497 0.475 0.455 0.438 0.424 0.412 0.403 0.396 0.392 0.422 0.473 0.527 0.600 0.671 0.740 0.807 0.872 0.934 0.994 1.052 1.108 1.195 1.308 1.418 1.523 1.626 1.724 1.819 1.910 1.998 2.082 2.162 2.239 2.289 2.318 2.357 2.404 2.460 2.525 2.599 2.682 2.773 2.874 2.983 3.101 3.244 3.411 3.571 3.725 3.873 4.015 4.151 4.281 4.404 4.522 4.634 4.739 4.782 4.708 4.640 4.578 4.522 4.471 4.427 4.388 4.356 4.329 4.308 4.294 4.348 4.596 4.847 5.101
0.296 0.283 0.273 0.265 0.266 0.292 0.319 0.346 0.372 0.420 0.490 0.557 0.623 0.687 0.748 0.807 0.864 0.918 0.971 1.021 1.069 1.138 1.238 1.335 1.428 1.517 1.603 1.685 1.763 1.838 1.909 1.977 2.041 2.100 2.161 2.230 2.309 2.396 2.492 2.597 2.711 2.834 2.966 3.107 3.256 3.411 3.556 3.695 3.827 3.954 4.075 4.189 4.298 4.400 4.497 4.587 4.671 4.725 4.672 4.625 4.583 4.548 4.518 4.495 4.477 4.465 4.459 4.459 4.487 4.545 4.813 5.077 5.336
0.218 0.245 0.272 0.299 0.325 0.352 0.378 0.404 0.431 0.468 0.530 0.591 0.648 0.704 0.758 0.809 0.858 0.905 0.950 0.993 1.033 1.084 1.172 1.255 1.336 1.412 1.485 1.555 1.620 1.682 1.741 1.796 1.847 1.902 1.994 2.095 2.205 2.323 2.451 2.587 2.732 2.886 3.049 3.221 3.401 3.583 3.707 3.825 3.936 4.041 4.141 4.234 4.321 4.402 4.478 4.547 4.610 4.662 4.630 4.603 4.586 4.610 4.635 4.662 4.690 4.720 4.752 4.784 4.819 4.855 5.104 5.353 5.597
0.280 0.306 0.333 0.359 0.385 0.411 0.437 0.463 0.489 0.519 0.574 0.626 0.676 0.724 0.770 0.814 0.855 0.894 0.932 0.966 0.999 1.034 1.109 1.180 1.248 1.311 1.372 1.428 1.481 1.531 1.577 1.619 1.657 1.695 1.818 1.951 2.091 2.241 2.400 2.568 2.744 2.929 3.123 3.326 3.538 3.758 3.864 3.960 4.050 4.134 4.213 4.285 4.351 4.418 4.510 4.602 4.696 4.790 4.820 4.846 4.874 4.903 4.934 4.966 4.999 5.035 5.071 5.109 5.149 5.190 5.398 5.632 5.861
0.341 0.367 0.393 0.419 0.445 0.471 0.496 0.521 0.547 0.572 0.619 0.664 0.706 0.746 0.785 0.821 0.854 0.886 0.915 0.943 0.968 0.990 1.050 1.109 1.163 1.215 1.262 1.306 1.346 1.383 1.416 1.446 1.471 1.494 1.634 1.797 1.969 2.150 2.340 2.539 2.747 2.963 3.188 3.422 3.665 3.917 4.030 4.119 4.208 4.299 4.390 4.482 4.575 4.668 4.763 4.858 4.954 5.051 5.096 5.127 5.160 5.194 5.230 5.268 5.307 5.347 5.389 5.432 5.477 5.524 5.696 5.915 6.129
0.403 0.428 0.454 0.479 0.505 0.530 0.555 0.580 0.605 0.630 0.667 0.704 0.738 0.771 0.801 0.830 0.856 0.880 0.901 0.921 0.938 0.954 0.996 1.041 1.083 1.122 1.157 1.188 1.215 1.239 1.260 1.277 1.290 1.299 1.441 1.635 1.839 2.051 2.272 2.527 2.802 3.072 3.339 3.602 3.862 4.118 4.259 4.351 4.443 4.536 4.630 4.725 4.821 4.917 5.014 5.112 5.211 5.311 5.370 5.406 5.444 5.484 5.525 5.568 5.612 5.658 5.705 5.753 5.804 5.855 5.998 6.201 6.400
0.464 0.490 0.515 0.540 0.565 0.589 0.614 0.639 0.663 0.687 0.716 0.746 0.773 0.798 0.821 0.841 0.860 0.876 0.890 0.902 0.911 0.919 0.945 0.978 1.007 1.033 1.055 1.073 1.088 1.100 1.107 1.111 1.172 1.250 1.451 1.731 2.007 2.279 2.548 2.813 3.074 3.332 3.586 3.837 4.084 4.327 4.487 4.581 4.676 4.772 4.869 4.967 5.065 5.165 5.265 5.366 5.467 5.570 5.642 5.683 5.727 5.772 5.818 5.866 5.915 5.966 6.019 6.073 6.128 6.185 6.303 6.491 6.675
0.526 0.551 0.576 0.600 0.625 0.649 0.673 0.697 0.721 0.745 0.769 0.790 0.810 0.827 0.842 0.855 0.866 0.874 0.881 0.885 0.887 0.887 0.898 0.918 0.935 1.018 1.105 1.188 1.270 1.349 1.426 1.500 1.573 1.642 1.803 2.070 2.333 2.593 2.849 3.101 3.350 3.595 3.837 4.075 4.309 4.540 4.713 4.810 4.908 5.007 5.107 5.207 5.309 5.411 5.514 5.618 5.722 5.828 5.912 5.959 6.007 6.057 6.109 6.162 6.217 6.273 6.331 6.390 6.450 6.513 6.612 6.785 6.954
0.588 0.612 0.636 0.661 0.685 0.709 0.732 0.756 0.780 0.803 0.823 0.837 0.849 0.858 0.866 0.871 0.874 0.886 0.970 1.045 1.111 1.168 1.231 1.316 1.399 1.479 1.557 1.633 1.706 1.777 1.845 1.911 1.975 2.036 2.158 2.413 2.663 2.910 3.153 3.393 3.629 3.861 4.090 4.316 4.537 4.755 4.938 5.039 5.139 5.241 5.344 5.447 5.551 5.656 5.762 5.868 5.976 6.084 6.180 6.232 6.286 6.341 6.398 6.457 6.516 6.578 6.641 6.705 6.771 6.838 6.924 7.083 7.236
0.649 0.673 0.697 0.721 0.745 0.768 0.791 0.815 0.838 0.861 0.917 1.032 1.138 1.236 1.324 1.403 1.474 1.535 1.587 1.630 1.664 1.689 1.719 1.796 1.870 1.942 2.011 2.078 2.143 2.206 2.266 2.324 2.379 2.432 2.517 2.758 2.996 3.230 3.461 3.688 3.911 4.131 4.347 4.560 4.769 4.974 5.163 5.266 5.369 5.474 5.579 5.685 5.792 5.900 6.009 6.118 6.228 6.339 6.446 6.504 6.563 6.623 6.685 6.749 6.814 6.881 6.949 7.019 7.090 7.162 7.240 7.383 7.522
0.711 0.735 0.758 0.832 0.955 1.083 1.217 1.356 1.500 1.650 1.798 1.881 1.955 2.021 2.077 2.124 2.163 2.192 2.212 2.223 2.225 2.218 2.208 2.277 2.342 2.406 2.467 2.526 2.583 2.637 2.689 2.738 2.785 2.830 2.878 3.107 3.332 3.554 3.772 3.986 4.197 4.404 4.607 4.807 5.003 5.196 5.385 5.491 5.598 5.705 5.813 5.922 6.032 6.143 6.254 6.366 6.480 6.593 6.708 6.773 6.838 6.903 6.971 7.040 7.110 7.182 7.255 7.374 7.529 7.689 7.853 8.002 8.120
1.185 1.310 1.441 1.578 1.719 1.866 2.019 2.177 2.340 2.508 2.681 2.738 2.781 2.814 2.839 2.854 2.860 2.858 2.846 2.825 2.795 2.756 2.708 2.759 2.817 2.872 2.925 2.976 3.024 3.070 3.113 3.154 3.193 3.229 3.264 3.459 3.671 3.880 4.085 4.287 4.485 4.680 4.870 5.058 5.241 5.421 5.598 5.716 5.825 5.936 6.047 6.158 6.271 6.384 6.499 6.614 6.730 6.846 6.964 7.041 7.158 7.299 7.444 7.592 7.746 7.903 8.064 8.230 8.400 8.574 8.752 8.820 8.829
1.868 2.012 2.162 2.317 2.477 2.643 2.814 2.990 3.172 3.359 3.551 3.604 3.615 3.616 3.609 3.592 3.567 3.532 3.488 3.436 3.374 3.303 3.223 3.244 3.293 3.340 3.385 3.427 3.467 3.504 3.539 3.572 3.603 3.631 3.657 3.814 4.014 4.210 4.402 4.591 4.777 4.959 5.137 5.311 5.482 5.650 5.814 5.939 6.052 6.165 6.279 6.393 6.509 6.648 6.806 6.978 7.166 7.368 7.584 7.757 7.908 8.063 8.222 8.386 8.553 8.725 8.901 9.081 9.265 9.454 9.646 9.666 9.566
2.544 2.707 2.875 3.049 3.228 3.412 3.602 3.797 3.997 4.203 4.414 4.479 4.457 4.427 4.387 4.339 4.282 4.215 4.139 4.055 3.961 3.859 3.747 3.730 3.771 3.810 3.846 3.880 3.911 3.941 3.967 3.992 4.014 4.034 4.052 4.172 4.359 4.543 4.723 4.899 5.072 5.241 5.407 5.569 5.727 5.882 6.012 6.132 6.252 6.388 6.538 6.703 6.883 7.077 7.287 7.511 7.750 8.003 8.272 8.487 8.652 8.822 8.996 9.174 9.356 9.542 9.732 9.927 10.126 10.328 10.535 10.540 10.331
3.213 3.395 3.582 3.774 3.972 4.175 4.383 4.597 4.816 5.040 5.269 5.362 5.308 5.246 5.175 5.094 5.005 4.907 4.799 4.683 4.558 4.423 4.280 4.218 4.251 4.281 4.309 4.335 4.358 4.379 4.397 4.414 4.428 4.439 4.448 4.533 4.708 4.879 5.038 5.153 5.272 5.396 5.524 5.656 5.793 5.935 6.080 6.235 6.408 6.595 6.797 7.014 7.245 7.491 7.752 8.028 8.319 8.624 8.944 9.212 9.392 9.576 9.764 9.956 10.153 10.354 10.558 10.767 10.981 11.198 11.419 11.442 11.125
3.876 4.076 4.282 4.493 4.709 4.930 5.157 5.389 5.627 5.870 6.118 6.253 6.168 6.074 5.971 5.858 5.737 5.607 5.468 5.320 5.163 4.996 4.821 4.708 4.732 4.754 4.774 4.791 4.806 4.819 4.829 4.811 4.738 4.672 4.613 4.612 4.729 4.851 4.976 5.107 5.242 5.381 5.525 5.673 5.825 5.983 6.144 6.324 6.548 6.787 7.041 7.309 7.592 7.890 8.203 8.530 8.872 9.229 9.601 9.932 10.126 10.325 10.527 10.734 10.945 11.160 11.379 11.603 11.830 12.062 12.298 12.372 11.947
4.531 4.750 4.974 5.204 5.439 5.679 5.924 6.175 6.431 6.692 6.959 7.153 7.036 6.910 6.775 6.631 6.478 6.316 6.145 5.965 5.776 5.578 5.371 5.200 5.160 5.062 4.971 4.887 4.810 4.740 4.678 4.622 4.574 4.533 4.499 4.499 4.631 4.768 4.910 5.056 5.207 5.361 5.521 5.685 5.853 6.026 6.203 6.398 6.674 6.964 7.270 7.590 7.924 8.274 8.638 9.017 9.410 9.819 10.242 10.647 10.855 11.068 11.285 11.507 11.732 11.961 12.195 12.433 12.675 12.921 13.171 13.331 12.797
5.180 5.417 5.660 5.908 6.162 6.421 6.685 6.954 7.228 7.508 7.794 8.061 7.912 7.755 7.588 7.412 7.227 6.926 6.566 6.212 5.865 5.523 5.188 4.868 4.788 4.715 4.649 4.590 4.538 4.494 4.456 4.426 4.403 4.387 4.378 4.381 4.529 4.682 4.839 5.001 5.167 5.338 5.513 5.692 5.876 6.065 6.258 6.457 6.785 7.127 7.483 7.855 8.241 8.642 9.058 9.488 9.934 10.393 10.868 11.357 11.580 11.807 12.038 12.274 12.514 12.758 13.006 13.258 13.514 13.775 14.039 14.308 13.675
5.822 6.078 6.339 6.606 6.878 7.155 7.438 7.726 8.019 8.317 8.454 8.542 8.212 7.844 7.481 7.125 6.774 6.430 6.091 5.759 5.433 5.112 4.798 4.490 4.409 4.361 4.320 4.286 4.260 4.240 4.228 4.223 4.225 4.234 4.250 4.274 4.422 4.591 4.764 4.941 5.123 5.309 5.500 5.695 5.895 6.099 6.308 6.521 6.880 7.274 7.682 8.105 8.543 8.996 9.463 9.945 10.441 10.953 11.479 12.019 12.299 12.541 12.786 13.036 13.291 13.549 13.811 14.078 14.349 14.623 14.903 15.186 14.582
6.457 6.732 7.011 7.152 7.281 7.399 7.504 7.598 7.681 7.752 7.812 7.859 7.604 7.257 6.916 6.580 6.251 5.928 5.611 5.300 4.995 4.696 4.403 4.116 4.023 4.000 3.984 3.976 3.974 3.980 3.993 4.013 4.040 4.074 4.115 4.164 4.311 4.495 4.684 4.877 5.074 5.276 5.483 5.694 5.909 6.129 6.353 6.582 6.961 7.406 7.866 8.341 8.830 9.334 9.853 10.386 10.934 11.497 12.074 12.666 13.013 13.269 13.529 13.794 14.062 14.335 14.612 14.812 14.898 14.999 15.118 15.253 14.693
6.473 6.596 6.707 6.807 6.895 6.972 7.037 7.091 7.133 7.164 7.183 7.190 6.991 6.665 6.345 6.031 5.723 5.421 5.125 4.835 4.551 4.274 4.002 3.737 3.630 3.632 3.641 3.658 3.681 3.712 3.750 3.795 3.847 3.907 3.973 4.046 4.195 4.395 4.600 4.808 5.021 5.239 5.461 5.688 5.919 6.154 6.394 6.638 7.027 7.524 8.035 8.561 9.102 9.657 10.227 10.812 11.411 12.025 12.654 13.298 13.595 13.623 13.667 13.728 13.805 13.898 14.008 14.135 14.278 14.437 14.613 14.806 14.503
6.262 6.345 6.416 6.475 6.523 6.559 6.584 6.597 6.598 6.589 6.567 6.534 6.372 6.067 5.768 5.475 5.189 4.908 4.633 4.365 4.102 3.846 3.595 3.351 3.230 3.257 3.292 3.333 3.382 3.438 3.501 3.571 3.648 3.732 3.823 3.922 4.075 4.291 4.511 4.735 4.964 5.197 5.435 5.677 5.924 6.175 6.430 6.690 7.079 7.627 8.189 8.767 9.359 9.858 10.287 10.705 11.112 11.508 11.893 12.267 12.499 12.584 12.686 12.804 12.939 13.090 13.258 13.442 13.643 13.860 14.094 14.344 14.267
6.064 6.106 6.137 6.156 6.163 6.159 6.143 6.116 6.077 6.027 5.965 5.891 5.747 5.463 5.186 4.914 4.649 4.389 4.136 3.889 3.647 3.412 3.183 2.960 2.823 2.875 2.935 3.001 3.075 3.156 3.244 3.339 3.441 3.550 3.667 3.790 3.951 4.182 4.417 4.657 4.902 5.151 5.404 5.662 5.924 6.191 6.395 6.568 6.823 7.268 7.703 8.126 8.539 8.941 9.332 9.712 10.081 10.439 10.787 11.123 11.388 11.531 11.690 11.866 12.059 12.268 12.493 12.735 12.994 13.269 13.560 13.868 13.985
5.880 5.881 5.871 5.850 5.817 5.772 5.716 5.648 5.569 5.478 5.376 5.262 5.116 4.854 4.598 4.348 4.103 3.865 3.633 3.407 3.187 2.973 2.765 2.563 2.409 2.487 2.571 2.663 2.761 2.867 2.980 3.100 3.227 3.362 3.503 3.652 3.822 4.068 4.320 4.542 4.750 4.948 5.137 5.315 5.483 5.641 5.789 5.927 6.106 6.514 6.911 7.296 7.671 8.035 8.389 8.731 9.062 9.383 9.693 9.991 10.262 10.463 10.680 10.914 11.164 11.431 11.714 12.013 12.329 12.662 13.011 13.376 13.658
5.712 5.669 5.619 5.557 5.483 5.398 5.302 5.194 5.074 4.943 4.800 4.646 4.481 4.239 4.004 3.775 3.552 3.335 3.124 2.919 2.721 2.528 2.341 2.160 1.989 2.091 2.200 2.317 2.441 2.572 2.709 2.855 3.021 3.180 3.331 3.474 3.611 3.815 4.008 4.192 4.365 4.528 4.682 4.825 4.958 5.082 5.195 5.298 5.401 5.771 6.130 6.478 6.816 7.142 7.457 7.762 8.056 8.339 8.611 8.872 9.122 9.380 9.655 9.947 10.254 10.579 10.919 11.276 11.650 12.040 12.446 12.869 13.285
5.607 5.470 5.379 5.277 5.163 5.038 4.901 4.752 4.592 4.421 4.238 4.044 3.838 3.619 3.405 3.197 2.996 2.800 2.610 2.426 2.249 2.077 1.911 1.752 1.610 1.766 1.951 2.129 2.299 2.462 2.617 2.764 2.903 3.035 3.159 3.276 3.385 3.545 3.704 3.852 3.991 4.119 4.238 4.346 4.444 4.533 4.611 4.679 4.738 5.040 5.361 5.672 5.971 6.260 6.538 6.805 7.061 7.306 7.540 7.764 7.976 8.283 8.616 8.965 9.330 9.712 10.110 10.525 10.956 11.403 11.867 12.348 12.844
5.533 5.284 5.153 5.010 4.856 4.690 4.513 4.324 4.124 3.912 3.689 3.454 3.208 2.993 2.801 2.614 2.433 2.302 2.260 2.206 2.141 2.063 1.973 1.872 1.758 1.843 2.001 2.152 2.296 2.432 2.560 2.680 2.793 2.898 2.996 3.086 3.169 3.286 3.410 3.524 3.627 3.721 3.804 3.878 3.941 3.995 4.038 4.072 4.095 4.321 4.604 4.877 5.139 5.390 5.630 5.860 6.078 6.286 6.482 6.668 6.843 7.172 7.562 7.968 8.391 8.831 9.286 9.758 10.247 10.752 11.273 11.811 12.365
5.490 5.111 4.939 4.756 4.562 4.356 4.138 3.909 3.669 3.417 3.242 3.151 3.041 2.971 2.935 2.887 2.827 2.755 2.672 2.576 2.468 2.349 2.217 2.074 1.919 1.927 2.059 2.184 2.300 2.409 2.511 2.605 2.691 2.770 2.841 2.904 2.960 3.038 3.127 3.205 3.274 3.333 3.381 3.420 3.449 3.467 3.476 3.475 3.463 3.613 3.859 4.094 4.318 4.532 4.734 4.926 5.107 5.277 5.436 5.584 5.722 6.046 6.493 6.957 7.438 7.934 8.448 8.977 9.523 10.085 10.664 11.259 11.871
5.477 4.950 4.739 4.649 4.623 4.578 4.515 4.433 4.333 4.214 4.076 3.920 3.746 3.604 3.526 3.436 3.335 3.221 3.095 2.958 2.808 2.647 2.474 2.288 2.091 2.019 2.125 2.223 2.313 2.395 2.470 2.538 2.597 2.649 2.694 2.731 2.760 2.800 2.854 2.898 2.932 2.955 2.969 2.973 2.967 2.951 2.925 2.888 2.842 2.917 3.125 3.323 3.510 3.685 3.850 4.004 4.148 4.280 4.402 4.512 4.612 4.905 5.410 5.932 6.469 7.024 7.594 8.181 8.787 9.386 9.966 10.525 11.064
6.437 6.086 6.032 5.959 5.868 5.758 5.629 5.482 5.317 5.133 4.930 4.709 4.469 4.249 4.129 3.998 3.854 3.698 3.531 3.352 3.160 2.957 2.742 2.515 2.276 2.119 2.198 2.269 2.333 2.389 2.437 2.478 2.511 2.537 2.555 2.565 2.568 2.573 2.592 2.601 2.600 2.589 2.568 2.537 2.496 2.445 2.384 2.313 2.232 2.233 2.403 2.563 2.712 2.851 2.978 3.095 3.200 3.295 3.379 3.452 3.515 3.816 4.487 5.139 5.769 6.380 6.970 7.540 8.090 8.619 9.128 9.617 10.086
7.832 7.545 7.425 7.287 7.130 6.955 6.762 6.550 6.319 6.070 5.803 5.516 5.212 4.906 4.744 4.571 4.385 4.188 3.979 3.758 3.525 3.280 3.023 2.754 2.474 2.227 2.280 2.324 2.361 2.391 2.412 2.426 2.433 2.432 2.423 2.407 2.383 2.356 2.340 2.314 2.278 2.233 2.177 2.111 2.035 1.950 1.854 1.748 1.633 1.560 1.693 1.815 1.927 2.028 2.235 2.501 2.739 2.949 3.131 3.286 3.412 3.631 4.232 4.813 5.373 5.914 6.434 6.933 7.413 7.872 8.311 8.730 9.128
