DATA/SHG/ECMWF/20170628/EN-18/20170629.en-18.asc
ncols        190
nrows        64
xllcorner    -5100000.000000000000
yllcorner    4130000.000000000000
cellsize     10000.000000000000
NODATA_value  -99999.000
[rows 0 to 32 of 64, columns 0 to 72 of 190]
2.856 3.110 3.365 3.622 3.881 4.141 4.404 4.668 4.933 5.012 5.037 5.068 5.106 5.150 5.201 5.259 5.323 5.394 5.471 5.541 5.606 5.456 5.222 5.006 4.807 4.627 4.464 4.320 4.193 4.084 3.993 3.920 3.865 3.967 4.164 4.367 4.573 4.785 5.001 5.221 5.447 5.676 5.911 6.149 6.393 6.465 6.365 6.240 6.091 5.918 5.719 5.497 5.249 4.978 4.682 4.361 4.016 4.085 4.676 5.276 5.884 6.500 7.125 7.758 8.399 9.048 9.706 10.373 11.048 11.374 11.137 10.917 10.714
2.454 2.713 2.975 3.238 3.503 3.770 4.038 4.308 4.580 4.713 4.761 4.815 4.888 4.959 5.029 5.097 5.163 5.227 5.289 5.350 5.409 5.336 5.165 5.012 4.877 4.760 4.660 4.579 4.515 4.470 4.442 4.432 4.440 4.550 4.763 4.982 5.204 5.432 5.664 5.901 6.142 6.387 6.638 6.893 7.152 7.245 7.059 6.848 6.612 6.352 6.068 5.759 5.425 5.067 4.685 4.278 3.846 3.737 4.357 4.986 5.624 6.270 6.924 7.586 8.257 8.936 9.624 10.320 11.024 11.512 11.334 11.174 11.031
2.050 2.316 2.583 2.853 3.138 3.470 3.784 4.081 4.360 4.537 4.608 4.677 4.743 4.808 4.872 4.933 4.993 5.051 5.107 5.161 5.214 5.198 5.090 5.000 4.928 4.874 4.838 4.819 4.819 4.836 4.871 4.925 4.996 5.127 5.357 5.591 5.830 6.073 6.321 6.574 6.831 7.093 7.359 7.630 7.905 8.049 7.776 7.479 7.157 6.811 6.440 6.045 5.625 5.181 4.712 4.219 3.702 3.380 4.030 4.689 5.356 6.031 6.715 7.407 8.107 8.816 9.533 10.258 10.901 11.416 11.174 10.940 10.714
2.023 2.363 2.686 2.991 3.278 3.548 3.801 4.036 4.253 4.414 4.478 4.540 4.601 4.660 4.717 4.772 4.825 4.877 4.927 4.975 5.021 5.041 4.996 4.969 4.960 4.969 4.996 5.041 5.103 5.183 5.282 5.398 5.532 5.698 5.944 6.194 6.449 6.709 6.973 7.241 7.515 7.792 8.075 8.362 8.653 8.876 8.517 8.134 7.725 7.293 6.836 6.355 5.849 5.319 4.764 4.185 3.581 3.016 3.696 4.384 5.082 5.793 6.482 7.151 7.797 8.423 9.027 9.610 10.171 10.711 10.511 10.306 10.109
2.430 2.709 2.969 3.212 3.438 3.646 3.837 4.010 4.166 4.292 4.350 4.406 4.461 4.513 4.564 4.613 4.660 4.705 4.749 4.790 4.830 4.866 4.884 4.920 4.974 5.046 5.135 5.243 5.368 5.512 5.673 5.852 6.048 6.264 6.526 6.792 7.063 7.339 7.619 7.903 8.193 8.486 8.785 9.087 9.395 9.707 9.281 8.812 8.318 7.799 7.256 6.688 6.096 5.478 4.852 4.238 3.637 3.048 3.634 4.313 4.970 5.607 6.222 6.815 7.387 7.938 8.468 8.976 9.463 9.929 9.841 9.665 9.498
2.856 3.073 3.272 3.453 3.617 3.763 3.892 4.003 4.097 4.173 4.225 4.274 4.322 4.369 4.413 4.456 4.496 4.535 4.573 4.608 4.642 4.673 4.753 4.852 4.969 5.103 5.256 5.426 5.615 5.821 6.045 6.286 6.546 6.823 7.102 7.385 7.672 7.963 8.259 8.560 8.865 9.174 9.489 9.807 10.131 10.459 10.013 9.342 8.683 8.038 7.405 6.785 6.177 5.582 5.000 4.431 3.874 3.330 3.692 4.297 4.880 5.441 5.981 6.501 6.998 7.475 7.930 8.364 8.776 9.168 9.164 9.018 8.879
3.301 3.456 3.593 3.712 3.814 3.898 3.966 4.015 4.047 4.062 4.101 4.145 4.186 4.226 4.264 4.301 4.335 4.368 4.399 4.428 4.455 4.481 4.603 4.765 4.944 5.142 5.357 5.591 5.842 6.111 6.397 6.702 7.024 7.364 7.673 7.971 8.274 8.582 8.894 9.131 9.309 9.486 9.662 9.836 10.010 10.182 9.793 9.167 8.553 7.952 7.363 6.787 6.224 5.674 5.136 4.611 4.099 3.599 3.771 4.301 4.809 5.296 5.762 6.207 6.630 7.032 7.413 7.772 8.110 8.427 8.480 8.363 8.254
3.764 3.857 3.932 3.990 4.030 4.053 4.058 4.046 4.016 3.969 3.980 4.017 4.052 4.086 4.118 4.148 4.176 4.202 4.227 4.250 4.271 4.290 4.434 4.659 4.902 5.162 5.440 5.736 6.050 6.382 6.731 7.098 7.400 7.678 7.897 8.077 8.256 8.434 8.610 8.785 8.960 9.133 9.305 9.476 9.646 9.814 9.562 8.980 8.410 7.853 7.309 6.778 6.259 5.753 5.259 4.779 4.311 3.855 3.870 4.325 4.759 5.172 5.564 5.934 6.283 6.610 6.917 7.202 7.466 7.708 7.790 7.702 7.622
4.246 4.277 4.291 4.287 4.265 4.226 4.170 4.096 4.005 3.896 3.860 3.891 3.920 3.948 3.973 3.997 4.019 4.039 4.058 4.074 4.089 4.102 4.247 4.535 4.840 5.112 5.382 5.655 5.930 6.207 6.486 6.767 7.051 7.336 7.572 7.748 7.923 8.097 8.270 8.441 8.612 8.781 8.950 9.117 9.283 9.448 9.318 8.780 8.255 7.743 7.243 6.756 6.281 5.820 5.370 4.934 4.510 4.099 3.990 4.371 4.730 5.069 5.386 5.682 5.956 6.210 6.442 6.653 6.842 7.011 7.093 7.034 6.983
4.747 4.716 4.668 4.602 4.519 4.418 4.300 4.165 4.012 3.842 3.743 3.768 3.791 3.812 3.831 3.848 3.864 3.875 3.863 3.847 3.828 3.804 3.885 4.157 4.431 4.707 4.985 5.266 5.548 5.833 6.120 6.409 6.700 6.993 7.249 7.421 7.592 7.762 7.931 8.099 8.266 8.431 8.596 8.759 8.922 9.083 9.062 8.568 8.088 7.620 7.164 6.721 6.291 5.874 5.469 5.077 4.697 4.330 4.130 4.436 4.722 4.986 5.228 5.450 5.650 5.829 5.987 6.124 6.240 6.334 6.388 6.359 6.337
5.265 5.173 5.063 4.936 4.791 4.629 4.450 4.253 4.039 3.807 3.623 3.623 3.620 3.614 3.603 3.589 3.571 3.550 3.525 3.496 3.464 3.427 3.456 3.736 4.017 4.301 4.587 4.875 5.165 5.457 5.752 6.048 6.347 6.648 6.927 7.096 7.263 7.429 7.594 7.758 7.921 8.083 8.244 8.403 8.562 8.719 8.794 8.345 7.908 7.484 7.073 6.675 6.289 5.916 5.555 5.207 4.872 4.549 4.290 4.522 4.733 4.923 5.092 5.239 5.365 5.470 5.554 5.617 5.658 5.678 5.677 5.677 5.684
5.803 5.649 5.477 5.234 4.943 4.661 4.386 4.120 3.861 3.611 3.393 3.380 3.364 3.345 3.321 3.294 3.264 3.229 3.191 3.150 3.104 3.055 3.025 3.312 3.602 3.893 4.187 4.482 4.780 5.080 5.382 5.686 5.992 6.301 6.607 6.772 6.935 7.098 7.259 7.419 7.578 7.736 7.893 8.049 8.204 8.358 8.510 8.109 7.716 7.337 6.970 6.616 6.274 5.945 5.629 5.325 5.034 4.755 4.489 4.629 4.766 4.881 4.976 5.049 5.101 5.132 5.142 5.192 5.273 5.341 5.394 5.529 5.676
5.677 5.390 5.112 4.842 4.579 4.325 4.079 3.841 3.611 3.389 3.175 3.142 3.113 3.080 3.044 3.004 2.960 2.913 2.862 2.807 2.749 2.687 2.621 2.888 3.184 3.483 3.785 4.088 4.393 4.701 5.011 5.322 5.636 5.952 6.270 6.449 6.609 6.768 6.925 7.082 7.237 7.391 7.544 7.697 7.848 7.997 8.146 7.861 7.513 7.177 6.854 6.544 6.247 5.962 5.690 5.430 5.183 4.949 4.727 4.756 4.876 5.005 5.121 5.222 5.310 5.385 5.445 5.492 5.525 5.545 5.550 5.678 5.845
5.191 4.933 4.683 4.441 4.207 3.982 3.764 3.554 3.352 3.159 2.973 2.907 2.865 2.820 2.771 2.718 2.661 2.601 2.537 2.470 2.398 2.323 2.245 2.461 2.765 3.072 3.381 3.692 4.005 4.320 4.637 4.957 5.278 5.602 5.928 6.128 6.284 6.439 6.593 6.746 6.897 7.048 7.197 7.345 7.493 7.639 7.784 7.600 7.296 7.005 6.727 6.461 6.207 6.000 5.823 5.672 5.547 5.448 5.375 5.431 5.525 5.607 5.674 5.728 5.768 5.794 5.806 5.805 5.790 5.762 5.719 5.821 6.008
4.697 4.467 4.246 4.032 3.827 3.630 3.440 3.259 3.086 2.920 2.763 2.677 2.622 2.564 2.502 2.436 2.367 2.294 2.217 2.136 2.052 1.964 1.873 2.033 2.345 2.659 2.975 3.294 3.615 3.937 4.262 4.589 4.918 5.250 5.583 5.809 5.961 6.112 6.262 6.411 6.559 6.706 6.851 6.996 7.139 7.282 7.417 7.324 7.082 6.866 6.676 6.512 6.374 6.262 6.176 6.116 6.083 6.075 6.093 6.141 6.187 6.220 6.240 6.245 6.237 6.216 6.180 6.131 6.068 5.991 5.901 5.959 6.166
4.195 3.994 3.801 3.615 3.438 3.269 3.108 2.955 2.811 2.674 2.545 2.451 2.384 2.312 2.237 2.159 2.076 1.990 1.901 1.807 1.710 1.610 1.505 1.603 1.922 2.244 2.568 2.894 3.223 3.553 3.885 4.220 4.557 4.896 5.237 5.491 5.639 5.787 5.931 6.062 6.195 6.328 6.463 6.598 6.734 6.872 7.010 7.015 6.864 6.739 6.640 6.567 6.520 6.499 6.504 6.535 6.592 6.675 6.783 6.863 6.862 6.847 6.818 6.776 6.720 6.650 6.566 6.469 6.358 6.234 6.095 6.091 6.318
3.685 3.512 3.347 3.190 3.042 2.901 2.768 2.644 2.527 2.419 2.318 2.230 2.149 2.065 1.977 1.886 1.790 1.692 1.589 1.483 1.373 1.259 1.142 1.171 1.498 1.828 2.159 2.493 2.829 3.167 3.507 3.854 4.202 4.534 4.849 5.096 5.228 5.362 5.496 5.631 5.767 5.904 6.041 6.180 6.320 6.461 6.603 6.681 6.621 6.587 6.579 6.597 6.640 6.710 6.806 6.928 7.075 7.249 7.448 7.598 7.548 7.485 7.409 7.318 7.214 7.097 6.965 6.820 6.661 6.489 6.303 6.217 6.464
3.167 3.022 2.886 2.757 2.637 2.524 2.420 2.324 2.235 2.155 2.083 2.013 1.919 1.822 1.721 1.617 1.509 1.397 1.282 1.163 1.040 0.914 0.784 0.737 1.111 1.518 1.908 2.282 2.638 2.978 3.302 3.608 3.898 4.171 4.427 4.650 4.786 4.922 5.060 5.199 5.338 5.478 5.620 5.762 5.906 6.050 6.195 6.321 6.352 6.409 6.492 6.600 6.735 6.895 7.082 7.294 7.532 7.796 8.087 8.345 8.247 8.136 8.012 7.873 7.721 7.556 7.376 7.183 6.977 6.756 6.522 6.338 6.605
2.640 2.524 2.416 2.316 2.224 2.140 2.063 1.995 1.935 1.883 1.839 1.800 1.693 1.583 1.470 1.353 1.232 1.146 1.088 1.038 0.995 0.960 0.932 0.928 1.293 1.641 1.973 2.288 2.586 2.867 3.132 3.380 3.611 3.826 4.023 4.204 4.343 4.483 4.624 4.766 4.909 5.053 5.198 5.344 5.491 5.638 5.787 5.936 6.058 6.206 6.379 6.578 6.804 7.055 7.332 7.635 7.963 8.318 8.699 9.104 8.959 8.800 8.627 8.441 8.241 8.028 7.800 7.560 7.305 7.037 6.755 6.460 6.740
2.106 2.018 1.938 1.866 1.802 1.746 1.699 1.659 1.627 1.603 1.616 1.630 1.561 1.492 1.430 1.376 1.329 1.290 1.259 1.235 1.220 1.211 1.211 1.218 1.492 1.781 2.054 2.311 2.550 2.773 2.979 3.169 3.342 3.498 3.637 3.760 3.899 4.043 4.188 4.333 4.480 4.627 4.775 4.925 5.075 5.226 5.379 5.532 5.738 5.977 6.241 6.531 6.847 7.188 7.556 7.949 8.369 8.814 9.285 9.782 9.682 9.475 9.255 9.021 8.773 8.512 8.237 7.948 7.646 7.330 7.000 6.657 6.870
1.563 1.504 1.452 1.496 1.533 1.564 1.588 1.605 1.615 1.618 1.614 1.604 1.563 1.520 1.485 1.458 1.438 1.426 1.422 1.425 1.436 1.454 1.481 1.514 1.707 1.939 2.153 2.351 2.532 2.697 2.844 2.976 3.090 3.188 3.269 3.333 3.456 3.603 3.751 3.900 4.050 4.201 4.353 4.505 4.659 4.814 4.970 5.127 5.394 5.722 6.077 6.457 6.864 7.296 7.754 8.238 8.748 9.283 9.845 10.432 10.418 10.164 9.895 9.613 9.318 9.009 8.686 8.311 7.881 7.469 7.074 6.696 6.778
1.589 1.623 1.650 1.670 1.684 1.690 1.690 1.683 1.669 1.648 1.620 1.586 1.557 1.541 1.533 1.532 1.539 1.554 1.576 1.606 1.644 1.689 1.742 1.802 1.940 2.113 2.269 2.409 2.531 2.638 2.727 2.800 2.856 2.895 2.918 2.924 3.011 3.162 3.313 3.466 3.619 3.774 3.929 4.086 4.243 4.401 4.561 4.721 5.023 5.443 5.888 6.359 6.855 7.378 7.927 8.501 9.101 9.727 10.379 11.056 11.061 10.571 10.099 9.643 9.205 8.784 8.381 7.994 7.624 7.272 6.937 6.619 6.623
1.843 1.853 1.856 1.852 1.841 1.824 1.799 1.768 1.730 1.685 1.633 1.575 1.542 1.553 1.572 1.598 1.632 1.673 1.722 1.779 1.843 1.915 1.995 2.082 2.190 2.305 2.403 2.484 2.548 2.596 2.627 2.641 2.639 2.620 2.585 2.533 2.567 2.721 2.876 3.032 3.189 3.347 3.506 3.665 3.826 3.988 4.151 4.315 4.628 5.137 5.673 6.234 6.821 7.381 7.901 8.407 8.897 9.372 9.831 10.276 10.309 9.880 9.467 9.072 8.693 8.332 7.988 7.661 7.352 7.059 6.784 6.526 6.478
2.104 2.090 2.069 2.041 2.006 1.964 1.916 1.861 1.799 1.730 1.654 1.571 1.519 1.557 1.602 1.655 1.716 1.784 1.860 1.944 2.035 2.133 2.240 2.354 2.458 2.514 2.553 2.576 2.582 2.571 2.544 2.500 2.440 2.363 2.269 2.159 2.122 2.279 2.438 2.597 2.758 2.919 3.081 3.245 3.409 3.574 3.762 3.955 4.261 4.804 5.332 5.845 6.343 6.826 7.293 7.746 8.184 8.606 9.014 9.406 9.542 9.172 8.820 8.484 8.166 7.864 7.580 7.313 7.063 6.830 6.615 6.416 6.342
2.372 2.334 2.289 2.237 2.178 2.112 2.040 1.961 1.875 1.782 1.682 1.575 1.488 1.553 1.625 1.705 1.792 1.887 1.990 2.100 2.217 2.343 2.476 2.617 2.742 2.740 2.721 2.685 2.633 2.564 2.479 2.377 2.258 2.123 1.971 1.802 1.676 1.837 1.999 2.195 2.393 2.590 2.786 2.980 3.172 3.363 3.553 3.741 3.983 4.473 4.949 5.409 5.855 6.286 6.701 7.101 7.487 7.857 8.212 8.552 8.760 8.450 8.157 7.881 7.622 7.381 7.156 6.949 6.759 6.586 6.430 6.291 6.214
2.646 2.585 2.516 2.440 2.357 2.268 2.171 2.068 1.958 1.841 1.717 1.587 1.449 1.541 1.639 1.746 1.860 1.981 2.111 2.247 2.392 2.544 2.704 2.871 3.043 2.983 2.905 2.812 2.701 2.574 2.431 2.270 2.091 1.916 1.748 1.584 1.435 1.633 1.829 2.024 2.217 2.409 2.599 2.788 2.976 3.161 3.346 3.529 3.720 4.158 4.581 4.989 5.383 5.761 6.124 6.472 6.805 7.123 7.426 7.714 7.962 7.711 7.478 7.262 7.063 6.881 6.716 6.569 6.438 6.325 6.229 6.149 6.096
2.898 2.844 2.751 2.651 2.544 2.430 2.310 2.183 2.049 1.908 1.760 1.606 1.444 1.520 1.645 1.779 1.919 2.068 2.223 2.387 2.558 2.737 2.923 3.117 3.304 3.148 2.955 2.767 2.585 2.408 2.236 2.070 1.909 1.754 1.604 1.460 1.320 1.474 1.665 1.855 2.043 2.230 2.415 2.598 2.781 2.961 3.141 3.318 3.494 3.858 4.229 4.585 4.926 5.252 5.562 5.858 6.139 6.405 6.656 6.891 7.112 6.958 6.784 6.628 6.488 6.366 6.261 6.173 6.102 6.048 6.012 5.992 5.989
3.149 3.109 2.992 2.868 2.738 2.600 2.456 2.305 2.147 1.982 1.810 1.632 1.446 1.491 1.643 1.803 1.971 2.148 2.320 2.473 2.606 2.720 2.814 2.890 2.945 2.829 2.655 2.486 2.322 2.164 2.012 1.864 1.723 1.586 1.455 1.329 1.209 1.317 1.503 1.687 1.870 2.052 2.232 2.410 2.587 2.763 2.937 3.109 3.280 3.573 3.892 4.195 4.484 4.758 5.016 5.260 5.488 5.702 5.901 6.084 6.253 6.189 6.075 5.978 5.898 5.836 5.790 5.762 5.750 5.756 5.779 5.819 5.876
3.399 3.382 3.241 3.093 2.939 2.777 2.609 2.434 2.252 2.063 1.897 1.761 1.627 1.674 1.856 2.018 2.161 2.285 2.389 2.474 2.540 2.586 2.612 2.619 2.607 2.505 2.349 2.200 2.055 1.916 1.782 1.654 1.531 1.413 1.301 1.194 1.093 1.161 1.342 1.521 1.699 1.876 2.051 2.224 2.396 2.566 2.735 2.902 3.068 3.303 3.570 3.821 4.058 4.279 4.486 4.677 4.853 5.015 5.161 5.293 5.409 5.404 5.350 5.312 5.292 5.289 5.303 5.334 5.382 5.448 5.530 5.629 5.746
3.647 3.662 3.497 3.348 3.212 3.076 2.940 2.805 2.670 2.535 2.401 2.267 2.133 2.104 2.218 2.312 2.387 2.443 2.479 2.496 2.494 2.472 2.431 2.370 2.290 2.176 2.039 1.908 1.782 1.662 1.547 1.438 1.333 1.235 1.141 1.053 0.971 1.007 1.183 1.357 1.530 1.701 1.871 2.039 2.206 2.371 2.535 2.697 2.858 3.049 3.263 3.462 3.647 3.816 3.970 4.109 4.234 4.343 4.437 4.517 4.581 4.604 4.609 4.631 4.671 4.727 4.801 4.891 4.997 5.099 5.194 5.283 5.364
4.050 4.115 3.979 3.843 3.708 3.573 3.438 3.304 3.170 3.037 2.904 2.771 2.638 2.553 2.599 2.626 2.633 2.621 2.590 2.539 2.469 2.379 2.270 2.141 1.994 1.841 1.724 1.611 1.504 1.403 1.307 1.216 1.131 1.051 0.977 0.907 0.844 0.855 1.026 1.195 1.363 1.529 1.693 1.856 2.018 2.178 2.336 2.494 2.649 2.809 2.972 3.119 3.251 3.368 3.470 3.557 3.630 3.687 3.729 3.756 3.769 3.826 3.952 4.072 4.184 4.290 4.389 4.481 4.566 4.645 4.717 4.782 4.840
4.540 4.607 4.472 4.337 4.203 4.069 3.936 3.803 3.670 3.538 3.406 3.274 3.143 3.023 3.002 2.960 2.900 2.820 2.721 2.602 2.464 2.306 2.130 1.934 1.718 1.502 1.403 1.309 1.221 1.139 1.062 0.990 0.923 0.862 0.807 0.756 0.711 0.705 0.870 1.034 1.197 1.358 1.517 1.675 1.831 1.986 2.140 2.292 2.442 2.585 2.695 2.790 2.870 2.935 3.126 3.364 3.540 3.656 3.711 3.704 3.636 3.567 3.670 3.765 3.854 3.937 4.012 4.081 4.143 4.198 4.247 4.288 4.323
5.043 5.083 4.964 4.830 4.697 4.565 4.432 4.300 4.169 4.038 3.907 3.776 3.646 3.516 3.424 3.315 3.187 3.039 2.872 2.685 2.480 2.255 2.010 1.746 1.463 1.161 1.077 1.002 0.933 0.869 0.811 0.758 0.710 0.668 0.631 0.600 0.573 0.556 0.717 0.875 1.033 1.188 1.343 1.495 1.647 1.796 1.945 2.310 2.809 3.339 3.669 3.939 4.147 4.294 4.380 4.405 4.369 4.272 4.114 3.895 3.614 3.315 3.394 3.466 3.532 3.591 3.643 3.688 3.727 3.758 3.783 3.802 3.813
