DATA/SHG/ECMWF/20170628/EN-18/20170703.en-18.asc
ncols        190
nrows        64
xllcorner    -5100000.000000000000
yllcorner    4130000.000000000000
cellsize     10000.000000000000
NODATA_value  -99999.000
[rows 0 to 31 of 64, columns 74 to 147 of 190]
9.959 9.606 9.233 8.839 8.426 7.992 7.538 7.267 7.455 7.637 7.810 7.973 8.127 8.271 8.407 8.532 8.649 8.756 8.854 8.843 8.512 8.195 7.883 7.578 7.278 6.984 6.697 6.415 6.139 5.869 5.606 5.477 5.764 6.039 6.302 6.553 6.792 7.019 7.235 7.438 7.630 7.810 7.978 7.953 7.370 6.797 6.233 5.679 5.134 4.598 4.072 3.555 3.048 2.550 2.061 1.666 1.524 1.388 1.258 1.134 1.017 0.906 0.800 0.701 0.608 0.521 0.441 0.398 0.447 0.501 0.558 0.618 0.682 0.750
10.231 9.723 9.207 8.714 8.241 7.790 7.361 7.053 7.211 7.360 7.500 7.631 7.752 7.864 7.967 8.060 8.144 8.219 8.284 8.301 7.997 7.706 7.421 7.142 6.869 6.602 6.341 6.086 5.837 5.594 5.357 5.179 5.413 5.635 5.845 6.043 6.229 6.404 6.567 6.717 6.856 6.983 7.098 7.120 6.579 6.048 5.526 5.014 4.511 4.017 3.533 3.058 2.593 2.137 1.690 1.297 1.182 1.074 0.971 0.875 0.785 0.701 0.623 0.551 0.486 0.426 0.373 0.342 0.408 0.477 0.550 0.626 0.706 0.790
9.609 9.148 8.708 8.289 7.892 7.516 7.161 6.850 6.976 7.093 7.200 7.298 7.387 7.466 7.536 7.597 7.649 7.691 7.723 7.747 7.475 7.211 6.953 6.701 6.455 6.214 5.980 5.752 5.529 5.313 5.103 4.898 5.076 5.245 5.402 5.547 5.681 5.802 5.912 6.010 6.096 6.170 6.233 6.279 5.780 5.291 4.811 4.340 3.879 3.428 2.985 2.552 2.129 1.715 1.310 0.922 0.835 0.754 0.679 0.610 0.547 0.491 0.440 0.396 0.357 0.325 0.299 0.300 0.411 0.518 0.619 0.716 0.809 0.896
8.940 8.554 8.189 7.845 7.523 7.222 6.943 6.685 6.750 6.834 6.909 6.974 7.031 7.077 7.115 7.143 7.162 7.172 7.172 7.163 6.948 6.710 6.479 6.253 6.034 5.820 5.613 5.411 5.215 5.026 4.842 4.664 4.752 4.868 4.973 5.065 5.146 5.215 5.271 5.317 5.350 5.371 5.381 5.379 4.972 4.524 4.086 3.658 3.239 2.829 2.429 2.038 1.656 1.284 0.921 0.568 0.482 0.428 0.423 0.455 0.484 0.508 0.528 0.545 0.557 0.565 0.569 0.569 0.652 0.738 0.819 0.895 0.966 1.033
8.253 7.941 7.651 7.382 7.135 6.909 6.704 6.521 6.533 6.584 6.627 6.660 6.683 6.698 6.703 6.698 6.685 6.662 6.630 6.588 6.414 6.204 5.999 5.800 5.607 5.420 5.239 5.064 4.895 4.732 4.575 4.424 4.442 4.505 4.557 4.596 4.624 4.640 4.645 4.637 4.617 4.586 4.543 4.488 4.154 3.749 3.353 2.966 2.589 2.271 2.005 1.750 1.506 1.274 1.053 0.843 0.822 0.844 0.863 0.877 0.887 0.893 0.896 0.894 0.888 0.877 0.863 0.845 0.898 0.962 1.022 1.078 1.128 1.174
7.546 7.309 7.094 6.900 6.728 6.577 6.447 6.339 6.324 6.343 6.353 6.354 6.345 6.327 6.299 6.262 6.216 6.161 6.096 6.022 5.875 5.691 5.513 5.341 5.174 5.014 4.860 4.711 4.569 4.432 4.302 4.177 4.145 4.156 4.154 4.141 4.116 4.080 4.031 3.971 3.953 3.958 3.946 3.920 3.723 3.450 3.189 2.939 2.701 2.473 2.257 2.052 1.859 1.676 1.505 1.345 1.302 1.306 1.306 1.302 1.295 1.283 1.266 1.246 1.222 1.194 1.161 1.125 1.147 1.191 1.231 1.265 1.295 1.320
6.820 6.658 6.518 6.399 6.301 6.225 6.170 6.136 6.125 6.111 6.089 6.057 6.015 5.965 5.905 5.836 5.757 5.669 5.572 5.466 5.330 5.172 5.021 4.875 4.736 4.602 4.474 4.352 4.237 4.127 4.023 3.992 4.036 4.094 4.137 4.165 4.178 4.175 4.157 4.123 4.074 4.010 3.930 3.835 3.662 3.439 3.228 3.029 2.840 2.663 2.497 2.342 2.199 2.066 1.945 1.836 1.786 1.772 1.754 1.731 1.705 1.675 1.641 1.603 1.560 1.514 1.463 1.409 1.401 1.425 1.443 1.457 1.466 1.470
6.075 5.988 5.922 5.878 5.855 5.854 5.874 5.915 5.934 5.888 5.833 5.769 5.695 5.612 5.520 5.418 5.307 5.187 5.057 4.919 4.779 4.648 4.568 4.520 4.487 4.469 4.465 4.477 4.503 4.544 4.600 4.671 4.722 4.712 4.686 4.646 4.589 4.518 4.431 4.329 4.211 4.078 3.930 3.766 3.589 3.417 3.256 3.106 2.968 2.841 2.725 2.620 2.527 2.444 2.373 2.314 2.273 2.240 2.204 2.164 2.120 2.071 2.019 1.962 1.902 1.837 1.769 1.696 1.660 1.662 1.660 1.653 1.641 1.625
5.311 5.299 5.308 5.339 5.391 5.464 5.558 5.674 5.752 5.674 5.586 5.489 5.383 5.268 5.150 5.058 4.968 4.879 4.793 4.709 4.641 4.630 4.634 4.652 4.685 4.733 4.796 4.873 4.966 5.073 5.195 5.332 5.424 5.345 5.251 5.142 5.017 4.877 4.722 4.551 4.365 4.163 3.947 3.714 3.504 3.382 3.271 3.172 3.083 3.006 2.940 2.886 2.842 2.810 2.789 2.780 2.763 2.713 2.659 2.600 2.538 2.471 2.401 2.326 2.247 2.165 2.078 1.987 1.922 1.904 1.881 1.853 1.821 1.784
4.529 4.591 4.675 4.780 4.907 5.054 5.223 5.418 5.579 5.481 5.386 5.292 5.201 5.111 5.024 4.939 4.856 4.775 4.696 4.619 4.558 4.613 4.682 4.767 4.866 4.980 5.109 5.253 5.411 5.585 5.773 5.976 6.142 5.995 5.832 5.654 5.461 5.252 5.028 4.789 4.535 4.265 3.980 3.679 3.408 3.336 3.275 3.225 3.187 3.160 3.144 3.139 3.146 3.164 3.193 3.233 3.257 3.189 3.116 3.040 2.959 2.875 2.786 2.693 2.596 2.495 2.391 2.282 2.189 2.150 2.106 2.058 2.005 1.947
3.790 4.044 4.283 4.508 4.718 4.913 5.093 5.259 5.407 5.317 5.229 5.142 5.058 4.976 4.896 4.818 4.743 4.669 4.597 4.528 4.462 4.578 4.714 4.865 5.030 5.210 5.405 5.615 5.840 6.079 6.333 6.602 6.876 6.660 6.429 6.183 5.921 5.644 5.351 5.044 4.721 4.383 4.029 3.660 3.299 3.277 3.267 3.267 3.279 3.302 3.336 3.381 3.437 3.505 3.584 3.674 3.755 3.668 3.578 3.483 3.384 3.282 3.175 3.064 2.949 2.830 2.707 2.580 2.460 2.401 2.336 2.267 2.193 2.115
4.003 4.206 4.394 4.567 4.726 4.870 4.999 5.114 5.214 5.151 5.070 4.991 4.914 4.839 4.767 4.696 4.628 4.561 4.497 4.435 4.376 4.527 4.729 4.946 5.177 5.424 5.685 5.961 6.251 6.557 6.877 7.212 7.561 7.341 7.042 6.727 6.397 6.051 5.691 5.315 4.923 4.517 4.095 3.657 3.205 3.207 3.246 3.297 3.358 3.431 3.515 3.610 3.717 3.835 3.963 4.103 4.255 4.151 4.043 3.930 3.813 3.692 3.567 3.438 3.305 3.168 3.027 2.894 2.788 2.755 2.727 2.704 2.686 2.672
4.230 4.381 4.518 4.640 4.747 4.840 4.918 4.982 5.031 4.983 4.910 4.838 4.768 4.701 4.636 4.572 4.511 4.452 4.395 4.340 4.288 4.460 4.728 5.010 5.308 5.620 5.947 6.289 6.646 7.017 7.403 7.804 8.219 8.038 7.671 7.287 6.889 6.475 6.046 5.602 5.142 4.667 4.177 3.671 3.150 3.125 3.214 3.315 3.426 3.549 3.683 3.828 3.984 4.152 4.330 4.520 4.721 4.638 4.480 4.298 4.132 3.982 3.848 3.730 3.629 3.543 3.474 3.421 3.384 3.372 3.366 3.365 3.368 3.377
4.470 4.570 4.656 4.726 4.783 4.824 4.851 4.864 4.861 4.814 4.748 4.683 4.621 4.561 4.503 4.447 4.393 4.341 4.291 4.243 4.199 4.376 4.710 5.058 5.422 5.800 6.193 6.600 7.023 7.460 7.912 8.379 8.860 8.751 8.315 7.864 7.397 6.915 6.417 5.905 5.377 4.834 4.275 3.702 3.113 3.032 3.171 3.321 3.482 3.673 3.868 4.042 4.192 4.320 4.426 4.509 4.569 4.472 4.346 4.235 4.141 4.063 4.001 3.955 3.925 3.911 3.913 3.931 3.966 3.983 3.999 4.019 4.045 4.076
4.723 4.772 4.807 4.826 4.832 4.822 4.798 4.759 4.706 4.643 4.584 4.527 4.472 4.419 4.368 4.319 4.273 4.228 4.185 4.145 4.108 4.275 4.675 5.089 5.519 5.963 6.421 6.895 7.383 7.886 8.404 8.937 9.484 9.480 8.976 8.456 7.921 7.371 6.805 6.224 5.632 5.065 4.532 4.034 3.570 3.512 3.698 3.861 4.001 4.119 4.215 4.288 4.338 4.366 4.371 4.354 4.314 4.251 4.196 4.157 4.134 4.127 4.137 4.162 4.204 4.261 4.335 4.425 4.531 4.588 4.626 4.669 4.716 4.769
4.990 4.988 4.971 4.940 4.894 4.833 4.758 4.668 4.564 4.471 4.419 4.369 4.321 4.275 4.232 4.190 4.151 4.113 4.078 4.045 4.015 4.157 4.623 5.103 5.599 6.109 6.633 7.173 7.727 8.295 8.879 9.396 9.831 9.796 9.141 8.521 7.935 7.383 6.866 6.383 5.934 5.520 5.140 4.795 4.484 4.382 4.468 4.531 4.571 4.589 4.584 4.557 4.507 4.435 4.340 4.223 4.083 4.013 4.029 4.062 4.111 4.175 4.256 4.353 4.466 4.595 4.740 4.902 5.079 5.188 5.247 5.312 5.381 5.456
5.270 5.217 5.149 5.067 4.970 4.858 4.732 4.591 4.436 4.297 4.252 4.209 4.169 4.130 4.094 4.059 4.027 3.997 3.969 3.943 3.920 4.023 4.558 5.082 5.586 6.071 6.536 6.981 7.407 7.812 8.198 8.565 8.911 8.992 8.490 8.023 7.590 7.191 6.826 6.496 6.200 5.938 5.711 5.518 5.359 5.276 5.261 5.223 5.164 5.081 4.976 4.849 4.699 4.527 4.332 4.115 3.875 3.759 3.847 3.951 4.071 4.207 4.359 4.528 4.712 4.912 5.129 5.362 5.610 5.782 5.863 5.949 6.041 6.137
5.563 5.459 5.340 5.207 5.059 4.896 4.719 4.528 4.321 4.121 4.083 4.048 4.015 3.983 3.963 4.036 4.089 4.121 4.131 4.120 4.084 4.081 4.537 4.974 5.390 5.787 6.165 6.522 6.860 7.179 7.477 7.756 8.015 8.152 7.803 7.488 7.208 6.961 6.749 6.572 6.428 6.319 6.244 6.204 6.197 6.192 6.077 5.939 5.779 5.597 5.392 5.165 4.915 4.642 4.348 4.030 3.691 3.488 3.648 3.823 4.015 4.222 4.446 4.685 4.941 5.213 5.501 5.805 6.125 6.370 6.473 6.581 6.694 6.813
5.870 5.715 5.545 5.361 5.162 4.948 4.720 4.499 4.393 4.323 4.425 4.510 4.573 4.616 4.637 4.637 4.615 4.573 4.509 4.424 4.314 4.183 4.539 4.888 5.217 5.526 5.816 6.086 6.337 6.567 6.778 6.970 7.141 7.276 7.079 6.917 6.789 6.695 6.636 6.610 6.619 6.663 6.740 6.852 6.998 7.130 6.915 6.678 6.418 6.135 5.830 5.503 5.153 4.781 4.386 3.969 3.530 3.202 3.433 3.679 3.942 4.221 4.516 4.827 5.154 5.497 5.856 6.231 6.622 6.952 7.077 7.207 7.342 7.482
6.174 5.945 5.750 5.591 5.467 5.378 5.325 5.307 5.324 5.377 5.413 5.424 5.414 5.382 5.329 5.255 5.160 5.044 4.906 4.747 4.563 4.357 4.562 4.824 5.065 5.287 5.490 5.672 5.835 5.979 6.102 6.206 6.290 6.355 6.319 6.309 6.334 6.392 6.485 6.612 6.773 6.969 7.199 7.463 7.761 8.091 7.776 7.439 7.079 6.697 6.292 5.865 5.415 4.943 4.449 3.932 3.392 2.899 3.201 3.519 3.853 4.203 4.570 4.952 5.350 5.764 6.195 6.641 7.103 7.529 7.676 7.828 7.984 8.146
6.089 5.982 5.911 5.874 5.873 5.907 5.977 6.081 6.221 6.396 6.420 6.356 6.272 6.167 6.040 5.892 5.723 5.533 5.321 5.089 4.830 4.549 4.608 4.782 4.936 5.071 5.186 5.281 5.357 5.412 5.449 5.465 5.462 5.440 5.523 5.665 5.842 6.053 6.298 6.577 6.890 7.238 7.620 8.036 8.486 8.971 8.660 8.223 7.763 7.281 6.776 6.249 5.700 5.128 4.534 3.917 3.278 2.617 2.954 3.343 3.748 4.170 4.607 5.060 5.530 6.015 6.517 7.034 7.534 7.947 8.104 8.344 8.669 9.077
5.971 5.987 6.038 6.125 6.246 6.403 6.595 6.822 7.085 7.383 7.444 7.307 7.149 6.969 6.769 6.547 6.304 6.040 5.755 5.449 5.116 4.761 4.676 4.762 4.829 4.876 4.904 4.912 4.900 4.869 4.818 4.747 4.657 4.547 4.690 4.984 5.313 5.676 6.073 6.505 6.970 7.470 8.004 8.572 9.174 9.811 9.567 9.030 8.470 7.888 7.284 6.657 6.008 5.337 4.643 3.926 3.188 2.426 2.690 3.237 3.882 4.479 5.028 5.529 5.981 6.386 6.742 7.051 7.311 7.523 8.031 8.643 9.338 10.118
5.821 5.959 6.133 6.342 6.586 6.866 7.180 7.530 7.915 8.335 8.487 8.276 8.044 7.790 7.516 7.221 6.904 6.566 6.208 5.828 5.421 4.991 4.766 4.765 4.744 4.704 4.645 4.565 4.466 4.348 4.209 4.051 3.874 3.677 3.821 4.267 4.748 5.263 5.812 6.396 7.013 7.665 8.351 9.071 9.825 10.613 10.496 9.859 9.200 8.518 7.806 7.114 6.481 5.906 5.391 4.934 4.535 4.196 4.500 4.980 5.412 5.796 6.131 6.419 6.658 6.850 6.993 7.089 7.136 7.135 7.876 8.858 9.925 11.074
5.637 5.898 6.195 6.526 6.893 7.295 7.732 8.204 8.711 9.254 9.547 9.262 8.957 8.630 8.282 7.913 7.522 7.111 6.678 6.225 5.744 5.240 4.877 4.789 4.682 4.554 4.407 4.241 4.055 3.849 3.623 3.378 3.114 2.829 2.915 3.514 4.147 4.814 5.515 6.250 7.019 7.795 8.519 9.214 9.881 10.520 10.431 9.764 9.157 8.607 8.117 7.685 7.312 6.998 6.743 6.546 6.407 6.328 6.503 6.770 6.989 7.159 7.282 7.357 7.383 7.362 7.292 7.175 7.009 6.796 7.638 8.991 10.427 11.947
5.421 5.804 6.223 6.677 7.166 7.691 8.250 8.844 9.474 10.139 10.626 10.267 9.888 9.487 9.065 8.623 8.159 7.674 7.168 6.641 6.086 5.507 5.011 4.836 4.641 4.426 4.192 3.939 3.665 3.372 3.060 2.728 2.426 2.212 2.337 3.133 3.902 4.642 5.353 6.036 6.691 7.317 7.915 8.484 9.025 9.538 9.640 9.234 8.886 8.597 8.367 8.195 8.082 8.028 8.032 8.095 8.216 8.397 8.553 8.606 8.612 8.570 8.480 8.341 8.155 7.921 7.639 7.309 6.930 6.504 7.316 9.040 10.846 12.737
5.171 5.678 6.219 6.795 7.407 8.053 8.735 9.452 10.203 10.990 11.722 11.290 10.837 10.363 9.867 9.351 8.814 8.255 7.676 7.075 6.446 5.793 5.167 4.890 4.597 4.321 4.063 3.821 3.597 3.390 3.200 3.027 2.871 2.733 2.770 3.441 4.084 4.698 5.283 5.840 6.369 6.870 7.342 7.785 8.200 8.587 8.788 8.642 8.554 8.525 8.555 8.643 8.789 8.995 9.259 9.581 9.963 10.402 10.649 10.490 10.283 10.028 9.725 9.374 8.975 8.528 8.033 7.491 6.900 6.261 6.912 9.006 11.182 13.442
4.890 5.518 6.182 6.880 7.614 8.383 9.186 10.025 10.899 11.808 12.752 12.331 11.804 11.256 10.688 10.070 9.274 8.495 7.733 6.989 6.267 5.565 4.876 4.632 4.415 4.215 4.033 3.867 3.719 3.588 3.474 3.377 3.297 3.234 3.234 3.779 4.296 4.784 5.244 5.675 6.078 6.453 6.799 7.117 7.407 7.668 7.875 7.989 8.161 8.392 8.681 9.029 9.435 9.900 10.423 11.005 11.646 12.345 12.791 12.419 12.000 11.532 11.017 10.453 9.842 9.183 8.475 7.720 6.917 6.066 6.426 8.889 11.435 14.065
4.575 5.326 6.111 6.932 7.788 8.679 9.605 10.566 11.512 12.272 13.005 12.471 11.666 10.877 10.106 9.353 8.617 7.898 7.196 6.511 5.850 5.208 4.580 4.355 4.214 4.090 3.983 3.894 3.821 3.766 3.728 3.707 3.703 3.716 3.746 4.148 4.539 4.901 5.235 5.541 5.818 6.067 6.288 6.480 6.644 6.780 6.902 7.275 7.707 8.197 8.745 9.353 10.018 10.743 11.526 12.367 13.267 14.225 14.980 14.396 13.764 13.084 12.356 11.580 10.756 9.885 8.965 7.998 6.982 5.919 5.857 8.689 11.605 14.604
4.228 5.097 5.952 6.780 7.581 8.355 9.103 9.823 10.516 11.182 11.822 11.499 10.753 10.025 9.314 8.621 7.944 7.285 6.644 6.019 5.418 4.837 4.270 4.059 3.994 3.946 3.915 3.902 3.905 3.925 3.963 4.018 4.090 4.179 4.285 4.547 4.812 5.049 5.257 5.437 5.589 5.713 5.808 5.874 5.913 5.923 5.905 6.500 7.191 7.941 8.749 9.615 10.540 11.524 12.566 13.666 14.825 16.042 17.216 16.419 15.574 14.682 13.742 12.754 11.718 10.634 9.503 8.323 7.096 5.821 5.205 8.406 11.691 15.059
3.992 4.781 5.542 6.277 6.985 7.666 8.319 8.946 9.546 10.119 10.665 10.512 9.827 9.159 8.508 7.874 7.258 6.659 6.077 5.512 4.971 4.451 3.944 3.744 3.755 3.783 3.828 3.890 3.969 4.066 4.179 4.310 4.457 4.622 4.804 4.976 5.115 5.227 5.310 5.364 5.391 5.389 5.358 5.300 5.213 5.097 4.954 5.664 6.614 7.623 8.690 9.816 11.000 12.242 13.543 14.903 16.321 17.797 19.332 18.489 17.432 16.327 15.175 13.975 12.727 11.431 10.088 8.696 7.257 5.770 4.514 8.124 11.710 15.274
3.795 4.490 5.158 5.800 6.414 7.001 7.562 8.095 8.602 9.081 9.534 9.511 8.886 8.277 7.687 7.113 6.556 6.017 5.495 4.991 4.510 4.050 3.604 3.411 3.497 3.601 3.722 3.860 4.015 4.187 4.376 4.582 4.805 5.046 5.303 5.435 5.449 5.435 5.393 5.322 5.223 5.095 4.940 4.756 4.543 4.303 4.034 4.768 5.977 7.245 8.571 9.955 11.398 12.899 14.459 16.077 17.754 19.489 21.282 20.605 19.336 17.992 16.574 15.152 13.726 12.295 10.861 9.422 7.979 6.532 5.080 8.268 11.755 15.218
3.623 4.225 4.800 5.348 5.869 6.363 6.830 7.270 7.683 8.070 8.429 8.496 7.930 7.382 6.851 6.337 5.841 5.361 4.899 4.455 4.034 3.634 3.249 3.059 3.221 3.400 3.597 3.811 4.041 4.289 4.554 4.836 5.135 5.450 5.784 5.925 5.813 5.674 5.506 5.310 5.086 4.833 4.552 4.243 3.905 3.539 3.145 3.810 5.278 6.805 8.390 10.033 11.784 13.647 15.470 17.252 18.993 20.695 22.356 21.830 20.401 18.969 17.532 16.090 14.645 13.196 11.742 10.284 8.821 7.355 5.884 8.435 11.821 15.184
