DATA/SHG/ECMWF/20170628/EN-18/20170707.en-18.asc
ncols        190
nrows        64
xllcorner    -5100000.000000000000
yllcorner    4130000.000000000000
cellsize     10000.000000000000
NODATA_value  -99999.000
[rows 0 to 32 of 64, columns 73 to 145 of 190]
4.854 5.016 5.191 5.378 5.579 5.791 6.017 6.255 6.580 7.087 7.593 8.092 8.585 9.071 9.550 10.023 10.489 10.948 11.401 11.847 12.209 12.309 12.409 12.514 12.626 12.743 12.867 12.996 13.132 13.274 13.422 13.575 13.722 13.797 13.820 13.791 13.710 13.577 13.391 13.154 12.864 12.523 12.129 11.684 11.169 10.592 10.030 9.482 8.949 8.432 7.929 7.441 6.968 6.510 6.067 5.639 5.232 4.860 4.505 4.167 3.846 3.541 3.254 2.984 2.731 2.494 2.275 2.072 1.910 1.821 1.736 1.655 1.577
5.105 5.311 5.558 5.820 6.088 6.361 6.640 6.925 7.251 7.741 8.223 8.699 9.168 9.631 10.087 10.537 10.980 11.416 11.846 12.269 12.655 12.782 12.909 13.041 13.180 13.324 13.475 13.631 13.794 13.963 14.138 14.319 14.469 14.311 14.101 13.839 13.525 13.159 12.741 12.271 11.749 11.175 10.549 9.871 9.170 8.660 8.164 7.683 7.217 6.766 6.330 5.909 5.503 5.112 4.735 4.374 4.032 3.736 3.456 3.194 2.949 2.720 2.509 2.314 2.137 1.976 1.832 1.706 1.600 1.527 1.458 1.393 1.331
5.600 5.871 6.147 6.429 6.717 7.010 7.310 7.615 7.933 8.399 8.858 9.311 9.757 10.197 10.630 11.056 11.476 11.889 12.296 12.696 13.089 13.248 13.401 13.561 13.726 13.898 14.075 14.259 14.449 14.644 14.846 15.054 15.268 14.882 14.439 13.944 13.397 12.799 12.148 11.446 10.691 9.885 9.026 8.116 7.158 6.714 6.285 5.871 5.472 5.088 4.719 4.364 4.024 3.700 3.390 3.095 2.816 2.596 2.392 2.205 2.036 1.883 1.747 1.628 1.526 1.441 1.373 1.322 1.309 1.298 1.293 1.292 1.297
6.142 6.433 6.729 7.031 7.339 7.653 7.972 8.298 8.629 9.062 9.499 9.928 10.351 10.768 11.178 11.581 11.978 12.368 12.751 13.128 13.498 13.705 13.886 14.072 14.265 14.463 14.668 14.879 15.095 15.318 15.547 15.782 16.022 15.508 14.833 14.106 13.327 12.496 11.613 10.678 9.691 8.652 7.562 6.419 5.225 4.756 4.394 4.046 3.714 3.396 3.093 2.806 2.533 2.274 2.031 1.803 1.589 1.440 1.312 1.318 1.423 1.503 1.560 1.594 1.604 1.590 1.553 1.492 1.407 1.412 1.428 1.450 1.476
6.678 6.988 7.305 7.627 7.955 8.289 8.629 8.974 9.326 9.731 10.144 10.551 10.951 11.344 11.731 12.111 12.484 12.851 13.211 13.565 13.912 14.156 14.363 14.577 14.796 15.022 15.253 15.491 15.734 15.984 16.240 16.501 16.769 16.191 15.284 14.324 13.313 12.250 11.135 9.968 8.749 7.478 6.156 4.781 3.355 2.785 2.489 2.208 1.942 1.691 1.610 1.672 1.750 1.846 1.958 2.087 2.232 2.317 2.364 2.386 2.385 2.360 2.312 2.240 2.145 2.026 1.884 1.718 1.529 1.520 1.558 1.602 1.650
7.207 7.538 7.875 8.217 8.565 8.919 9.279 9.645 10.016 10.404 10.794 11.178 11.555 11.925 12.288 12.646 12.996 13.340 13.677 14.008 14.332 14.598 14.833 15.073 15.320 15.572 15.831 16.095 16.366 16.642 16.925 17.213 17.508 16.930 15.791 14.599 13.356 12.061 10.714 9.315 7.864 6.493 5.184 3.858 2.513 2.070 2.122 2.192 2.278 2.381 2.500 2.637 2.790 2.960 3.147 3.351 3.571 3.618 3.559 3.476 3.370 3.240 3.087 2.910 2.710 2.486 2.239 1.968 1.673 1.623 1.684 1.749 1.820
7.730 8.081 8.438 8.800 9.169 9.543 9.923 10.308 10.700 11.083 11.450 11.810 12.164 12.511 12.852 13.185 13.513 13.834 14.148 14.455 14.756 15.034 15.295 15.562 15.836 16.115 16.400 16.692 16.989 17.293 17.602 17.918 18.287 17.862 16.618 15.355 14.075 12.776 11.459 10.123 8.769 7.397 6.007 4.599 3.172 2.566 2.694 2.838 2.999 3.177 3.371 3.582 3.810 4.055 4.317 4.595 4.891 4.941 4.777 4.589 4.378 4.143 3.885 3.603 3.298 2.969 2.617 2.241 1.841 1.721 1.804 1.891 1.984
8.247 8.618 8.995 9.378 9.766 10.160 10.560 10.966 11.377 11.766 12.110 12.447 12.778 13.102 13.420 13.731 14.035 14.333 14.624 14.908 15.186 15.461 15.750 16.084 16.445 16.814 17.194 17.583 17.982 18.391 18.809 19.236 19.674 19.442 18.115 16.771 15.408 14.027 12.628 11.211 9.775 8.321 6.849 5.359 3.850 3.045 3.247 3.466 3.701 3.954 4.223 4.509 4.812 5.132 5.468 5.821 6.191 6.286 6.017 5.724 5.408 5.069 4.705 4.319 3.909 3.475 3.018 2.537 2.033 1.814 1.919 2.028 2.143
8.757 9.148 9.545 9.948 10.357 10.771 11.191 11.617 12.048 12.455 12.776 13.090 13.397 13.698 13.993 14.286 14.600 14.923 15.254 15.594 15.941 16.294 16.678 17.072 17.475 17.888 18.311 18.743 19.184 19.636 20.097 20.567 21.048 21.039 19.631 18.205 16.760 15.297 13.816 12.317 10.799 9.263 7.709 6.137 4.547 3.504 3.781 4.075 4.385 4.712 5.056 5.417 5.794 6.189 6.600 7.027 7.472 7.654 7.280 6.882 6.461 6.017 5.549 5.057 4.542 4.004 3.442 2.857 2.248 1.902 2.029 2.160 2.296
9.261 9.673 10.090 10.513 10.941 11.376 11.816 12.262 12.709 13.120 13.414 13.717 14.027 14.346 14.673 15.008 15.351 15.702 16.062 16.430 16.806 17.184 17.611 18.047 18.493 18.949 19.415 19.890 20.374 20.868 21.372 21.886 22.409 22.655 21.165 19.657 18.130 16.585 15.022 13.441 11.842 10.224 8.588 6.934 5.262 3.945 4.297 4.665 5.050 5.452 5.870 6.306 6.758 7.227 7.712 8.215 8.734 9.044 8.565 8.063 7.537 6.988 6.415 5.819 5.199 4.556 3.890 3.200 2.486 1.985 2.133 2.287 2.445
9.759 10.215 10.693 11.157 11.608 12.046 12.470 12.881 13.279 13.662 13.984 14.315 14.654 15.002 15.357 15.721 16.093 16.473 16.861 17.258 17.663 18.063 18.531 19.010 19.499 19.998 20.506 21.024 21.552 22.089 22.635 23.192 23.758 24.289 22.717 21.127 19.518 17.892 16.247 14.584 12.903 11.204 9.486 7.751 5.997 4.367 4.794 5.237 5.696 6.173 6.666 7.176 7.702 8.246 8.806 9.383 9.976 10.457 9.873 9.266 8.635 7.981 7.304 6.603 5.879 5.131 4.360 3.566 2.748 2.063 2.233 2.408 2.589
10.680 11.124 11.555 11.973 12.377 12.768 13.145 13.509 13.860 14.197 14.546 14.906 15.273 15.649 16.033 16.426 16.826 17.235 17.652 18.077 18.510 18.939 19.439 19.961 20.493 21.034 21.586 22.146 22.717 23.296 23.886 24.485 25.094 25.712 24.287 22.615 20.925 19.217 17.490 15.746 13.983 12.202 10.403 8.585 6.750 4.896 5.272 5.790 6.324 6.875 7.443 8.027 8.628 9.246 9.881 10.532 11.200 11.885 11.203 10.492 9.756 8.998 8.216 7.410 6.582 5.729 4.854 3.955 3.146 2.526 3.052 3.639 4.286
11.647 12.045 12.429 12.800 13.157 13.501 13.831 14.149 14.452 14.743 15.099 15.487 15.884 16.288 16.701 17.122 17.551 17.988 18.434 18.887 19.349 19.807 20.334 20.900 21.474 22.059 22.652 23.256 23.869 24.492 25.124 25.766 26.417 27.078 25.875 24.122 22.350 20.560 18.752 16.926 15.081 13.219 11.338 9.439 7.522 5.587 5.732 6.324 6.933 7.558 8.200 8.859 9.535 10.227 10.936 11.662 12.404 13.163 12.556 11.763 11.006 10.267 9.547 8.846 8.165 7.502 6.859 6.234 5.629 5.043 5.746 6.600 7.515
12.626 12.977 13.314 13.638 13.948 14.245 14.529 14.799 15.056 15.300 15.644 16.061 16.486 16.919 17.360 17.810 18.267 18.733 19.207 19.689 20.180 20.666 21.218 21.826 22.443 23.070 23.707 24.353 25.009 25.675 26.349 27.034 27.728 28.432 27.482 25.647 23.793 21.922 20.032 18.124 16.198 14.254 12.292 10.311 8.313 6.296 6.174 6.840 7.523 8.223 8.964 9.740 10.521 11.308 12.100 12.898 13.702 14.512 14.158 13.466 12.792 12.137 11.502 10.886 10.288 9.710 9.151 8.610 8.089 7.587 8.376 9.498 10.680
13.616 13.919 14.210 14.487 14.751 15.001 15.238 15.462 15.672 15.869 16.180 16.626 17.079 17.541 18.011 18.489 18.975 19.469 19.972 20.483 21.002 21.517 22.089 22.740 23.400 24.070 24.749 25.438 26.137 26.845 27.563 28.290 29.027 29.773 29.106 27.189 25.255 23.301 21.330 19.341 17.333 15.250 13.157 11.133 9.177 7.288 6.999 7.777 8.560 9.350 10.145 10.946 11.752 12.564 13.382 14.205 15.034 15.869 15.754 15.146 14.557 13.986 13.435 12.903 12.390 11.895 11.420 10.964 10.527 10.109 10.942 12.332 13.781
14.616 14.873 15.117 15.347 15.564 15.768 15.958 16.135 16.299 16.449 16.709 17.182 17.664 18.155 18.653 19.159 19.674 20.197 20.728 21.267 21.815 22.359 22.948 23.642 24.345 25.057 25.779 26.511 27.252 28.003 28.763 29.533 30.092 30.443 29.684 27.417 25.218 23.088 21.025 19.031 17.105 15.247 13.457 11.735 10.081 8.496 8.070 8.874 9.683 10.497 11.318 12.144 12.975 13.813 14.656 15.504 16.359 17.219 17.329 16.805 16.300 15.813 15.346 14.898 14.469 14.059 13.668 13.296 12.943 12.609 13.444 15.101 16.818
15.628 15.838 16.035 16.219 16.389 16.546 16.690 16.820 16.937 17.041 17.228 17.731 18.241 18.760 19.287 19.822 20.365 20.916 21.476 22.044 22.620 23.192 23.795 24.370 24.807 25.225 25.625 26.006 26.368 26.711 27.035 27.341 27.628 27.896 27.489 25.525 23.629 21.801 20.041 18.350 16.726 15.170 13.683 12.264 10.912 9.629 9.135 9.963 10.797 11.637 12.483 13.334 14.191 15.054 15.922 16.796 17.675 18.560 18.882 18.442 18.021 17.619 17.236 16.872 16.527 16.201 15.893 15.605 15.336 15.086 15.883 17.807 19.791
16.651 16.815 16.965 17.102 17.226 17.336 17.433 17.516 17.587 17.644 17.740 18.270 18.809 19.357 19.912 20.458 20.774 21.068 21.341 21.592 21.822 22.054 22.307 22.679 23.033 23.368 23.684 23.982 24.261 24.521 24.762 24.984 25.188 25.373 25.222 23.561 21.968 20.442 18.985 17.596 16.275 15.021 13.836 12.719 11.670 10.689 10.191 11.045 11.905 12.770 13.640 14.517 15.399 16.287 17.180 18.079 18.984 19.894 20.414 20.058 19.721 19.402 19.103 18.823 18.562 18.320 18.097 17.893 17.708 17.542 18.259 20.450 22.700
17.685 17.802 17.906 17.996 18.073 18.137 18.187 18.224 18.214 18.046 17.899 18.236 18.564 18.870 19.154 19.417 19.658 19.878 20.076 20.253 20.408 20.565 20.726 21.012 21.283 21.534 21.768 21.982 22.177 22.354 22.512 22.651 22.772 22.874 22.885 21.526 20.235 19.012 17.857 16.770 15.751 14.800 13.917 13.101 12.354 11.675 11.240 12.119 13.004 13.894 14.790 15.692 16.599 17.512 18.431 19.355 20.285 21.220 21.924 21.652 21.399 21.164 20.949 20.753 20.576 20.418 20.278 20.158 20.057 19.975 20.571 23.028 25.546
18.730 18.713 18.473 18.255 18.056 17.878 17.720 17.583 17.466 17.370 17.293 17.515 17.767 17.999 18.208 18.396 18.563 18.708 18.832 18.934 19.014 19.096 19.182 19.368 19.555 19.724 19.874 20.005 20.118 20.211 20.286 20.342 20.380 20.399 20.399 19.420 18.431 17.510 16.657 15.872 15.155 14.506 13.924 13.411 12.965 12.587 12.282 13.186 14.096 15.011 15.932 16.859 17.792 18.730 19.674 20.623 21.578 22.539 23.412 23.224 23.055 22.905 22.773 22.661 22.568 22.493 22.438 22.402 22.384 22.386 22.820 25.544 28.327
17.637 17.448 17.280 17.132 17.005 16.898 16.812 16.746 16.700 16.675 16.670 16.814 16.992 17.148 17.283 17.397 17.489 17.559 17.608 17.636 17.642 17.649 17.660 17.747 17.852 17.937 18.004 18.052 18.082 18.092 18.084 18.057 18.012 17.947 17.864 17.243 16.556 15.937 15.386 14.902 14.487 14.139 13.859 13.647 13.503 13.427 13.418 14.245 15.180 16.121 17.067 18.019 18.976 19.940 20.909 21.883 22.863 23.849 24.841 24.775 24.690 24.623 24.576 24.547 24.538 24.547 24.576 24.623 24.689 24.779 24.983 27.833 30.641
16.283 16.166 16.069 15.993 15.937 15.901 15.886 15.891 15.917 15.963 16.029 16.133 16.237 16.319 16.379 16.418 16.436 16.432 16.406 16.359 16.291 16.223 16.159 16.150 16.171 16.174 16.157 16.123 16.069 15.997 15.905 15.796 15.667 15.520 15.354 14.995 14.610 14.292 14.042 13.860 13.746 13.700 13.721 13.811 13.968 14.193 14.485 15.296 16.256 17.222 18.194 19.171 20.154 21.142 22.136 23.136 24.141 25.152 26.169 26.305 26.402 26.626 26.818 26.978 27.106 27.202 27.265 27.297 27.297 27.265 27.200 29.683 32.307
14.913 14.867 14.841 14.836 14.851 14.887 14.943 15.019 15.116 15.233 15.370 15.473 15.502 15.509 15.495 15.460 15.403 15.325 15.225 15.104 14.961 14.818 14.678 14.576 14.514 14.433 14.334 14.216 14.080 13.925 13.751 13.558 13.346 13.116 12.868 12.676 12.592 12.576 12.627 12.746 12.934 13.188 13.511 13.901 14.359 14.885 15.479 16.340 17.325 18.316 19.313 20.309 21.359 22.499 23.728 25.048 26.458 27.957 29.546 30.085 30.198 30.280 30.329 30.347 30.332 30.286 30.207 30.096 29.954 29.779 29.572 31.571 34.011
13.525 13.550 13.595 13.661 13.748 13.854 13.982 14.129 14.297 14.485 14.693 14.834 14.788 14.721 14.633 14.523 14.391 14.239 14.065 13.869 13.652 13.434 13.219 13.024 12.880 12.716 12.534 12.334 12.114 11.876 11.619 11.344 11.049 10.736 10.405 10.286 10.503 10.788 11.141 11.561 12.049 12.605 13.238 13.882 14.487 15.053 15.579 16.355 17.444 18.623 19.892 21.251 22.700 24.238 25.867 27.585 29.393 31.290 33.278 34.051 34.022 33.961 33.869 33.744 33.587 33.398 33.177 32.924 32.639 32.322 31.973 33.498 35.754
12.119 12.216 12.332 12.470 12.627 12.805 13.003 13.221 13.460 13.719 13.998 14.215 14.095 13.953 13.790 13.606 13.401 13.173 12.925 12.655 12.364 12.071 11.781 11.496 11.269 11.023 10.758 10.474 10.172 9.851 9.511 9.153 8.776 8.530 8.533 8.795 9.539 10.245 10.911 11.538 12.125 12.674 13.183 13.654 14.085 14.477 14.830 15.608 17.096 18.673 20.341 22.098 23.945 25.882 27.908 30.025 32.231 34.526 36.912 38.046 37.874 37.671 37.436 37.169 36.870 36.538 36.175 35.780 35.353 34.894 34.403 35.463 37.535
10.697 10.864 11.052 11.260 11.489 11.737 12.006 12.296 12.606 12.936 13.286 13.616 13.422 13.206 12.969 12.710 12.430 12.129 11.806 11.462 11.097 10.730 10.364 9.991 9.759 9.658 9.581 9.526 9.494 9.484 9.498 9.534 9.593 9.675 9.779 9.997 10.568 11.100 11.592 12.045 12.459 12.834 13.170 13.467 13.725 13.943 14.123 14.766 16.652 18.628 20.694 22.850 25.095 27.429 29.854 32.368 34.972 37.665 40.448 42.068 41.754 41.409 41.031 40.622 40.181 39.707 39.202 38.665 38.096 37.495 36.862 37.467 39.355
9.257 9.495 9.754 10.033 10.333 10.652 10.992 11.353 11.733 12.134 12.556 12.997 12.769 12.479 12.168 11.835 11.487 11.183 10.910 10.668 10.456 10.275 10.122 9.993 9.968 9.969 9.992 10.039 10.107 10.199 10.314 10.451 10.611 10.793 10.999 11.241 11.638 11.996 12.315 12.594 12.835 13.037 13.199 13.323 13.407 13.452 13.458 13.830 16.115 18.489 20.952 23.506 26.149 28.881 31.703 34.615 37.616 40.707 43.888 46.117 45.662 45.174 44.655 44.103 43.520 42.904 42.257 41.578 40.867 40.124 39.349 39.509 41.213
7.800 8.109 8.439 8.789 9.159 9.550 9.961 10.392 10.844 11.306 11.731 12.140 11.933 11.614 11.325 11.066 10.838 10.641 10.473 10.336 10.229 10.155 10.108 10.085 10.153 10.254 10.378 10.525 10.695 10.888 11.103 11.341 11.602 11.885 12.192 12.521 12.749 12.933 13.079 13.185 13.252 13.281 13.270 13.220 13.131 13.003 12.836 12.801 15.483 18.254 21.116 24.067 27.107 30.237 33.456 36.765 40.164 43.652 47.230 50.195 49.597 48.967 48.306 47.612 46.887 46.130 45.341 44.520 43.667 42.782 41.865 41.589 43.109
6.326 6.706 7.133 7.617 8.085 8.536 8.971 9.388 9.789 10.174 10.541 10.892 10.836 10.623 10.439 10.286 10.164 10.071 10.009 9.978 9.976 10.008 10.067 10.151 10.311 10.513 10.738 10.986 11.257 11.550 11.866 12.205 12.567 12.951 13.358 13.788 13.900 13.912 13.884 13.817 13.711 13.566 13.382 13.159 12.897 12.596 12.256 11.877 14.756 17.925 21.184 24.532 27.970 31.497 35.113 38.820 42.615 46.500 50.475 54.299 53.560 52.788 51.985 51.150 50.283 49.384 48.453 47.490 46.495 45.468 44.410 43.707 45.044
5.518 5.979 6.422 6.849 7.259 7.652 8.029 8.389 8.732 9.058 9.368 9.661 9.713 9.605 9.527 9.480 9.462 9.475 9.519 9.592 9.696 9.833 9.999 10.189 10.443 10.746 11.072 11.421 11.793 12.187 12.603 13.043 13.505 13.990 14.498 15.028 15.093 14.931 14.731 14.491 14.212 13.894 13.537 13.141 12.706 12.232 11.718 11.166 13.936 17.502 21.158 24.903 28.737 32.661 36.675 40.778 44.970 49.251 53.623 58.083 57.551 56.637 55.692 54.715 53.706 52.665 51.593 50.488 49.352 48.184 46.983 45.765 46.621
4.940 5.343 5.728 6.097 6.449 6.785 7.104 7.406 7.691 7.960 8.212 8.447 8.564 8.561 8.589 8.646 8.734 8.853 9.001 9.180 9.389 9.632 9.905 10.201 10.550 10.954 11.381 11.830 12.302 12.797 13.314 13.855 14.418 15.003 15.611 16.242 16.327 15.992 15.618 15.205 14.754 14.263 13.733 13.164 12.556 11.909 11.223 10.498 13.021 16.984 21.037 25.178 29.410 33.730 38.140 42.639 47.228 51.906 56.674 61.531 61.569 60.514 59.283 57.761 56.245 54.735 53.232 51.734 50.242 48.756 47.277 45.803 46.102
4.378 4.723 5.051 5.362 5.656 5.934 6.195 6.439 6.667 6.878 7.072 7.249 7.389 7.491 7.624 7.787 7.980 8.204 8.457 8.741 9.055 9.404 9.783 10.185 10.631 11.136 11.663 12.213 12.786 13.381 13.999 14.640 15.304 15.990 16.698 17.430 17.602 17.094 16.547 15.962 15.337 14.673 13.970 13.229 12.448 11.628 10.770 9.872 12.012 16.372 20.821 25.359 29.987 34.687 39.349 43.966 48.537 53.062 57.541 61.975 62.201 60.693 59.191 57.696 56.206 54.723 53.245 51.773 50.308 48.848 47.395 45.948 45.680
3.833 4.120 4.390 4.643 4.880 5.099 5.303 5.489 5.659 5.812 5.949 6.069 6.187 6.395 6.633 6.901 7.199 7.528 7.887 8.276 8.695 9.149 9.634 10.143 10.686 11.292 11.920 12.570 13.244 13.940 14.658 15.399 16.163 16.950 17.759 18.591 18.918 18.237 17.518 16.759 15.962 15.125 14.250 13.335 12.426 11.656 10.934 10.260 12.141 16.831 21.475 26.074 30.627 35.134 39.595 44.011 48.381 52.705 56.983 61.216 62.051 60.570 59.094 57.625 56.162 54.704 53.253 51.807 50.368 48.935 47.507 46.086 45.356
