DATA/SHG/ECMWF/20170628/EN-18/20170710.en-18.asc
ncols        190
nrows        64
xllcorner    -5100000.000000000000
yllcorner    4130000.000000000000
cellsize     10000.000000000000
NODATA_value  -99999.000
[rows 0 to 32 of 64, columns 75 to 149 of 190]
5.665 5.796 5.926 6.054 6.181 6.306 6.315 5.991 5.634 5.287 4.947 4.617 4.295 3.982 3.677 3.381 3.094 2.816 2.666 2.919 3.176 3.435 3.696 3.960 4.227 4.496 4.768 5.042 5.319 5.599 5.809 5.789 5.773 5.761 5.754 5.752 5.754 5.760 5.771 5.787 5.807 5.831 5.968 6.439 6.907 7.370 7.828 8.283 8.733 9.179 9.620 10.058 10.491 10.920 11.232 11.200 11.154 11.093 11.019 10.929 10.825 10.707 10.575 10.428 10.266 10.090 9.926 9.831 9.737 9.644 9.553 9.462 9.372 9.283 9.196
6.144 6.180 6.200 6.206 6.195 6.170 6.077 5.742 5.416 5.098 4.789 4.489 4.198 3.915 3.640 3.375 3.118 2.870 2.682 2.948 3.216 3.486 3.759 4.035 4.313 4.594 4.877 5.163 5.452 5.743 6.003 6.002 6.006 6.015 6.028 6.045 6.067 6.094 6.124 6.160 6.199 6.243 6.343 6.796 7.244 7.688 8.128 8.563 8.994 9.421 9.844 10.263 10.677 11.087 11.424 11.328 11.218 11.093 10.954 10.800 10.632 10.449 10.252 10.040 9.815 9.574 9.345 9.255 9.166 9.078 8.991 8.905 8.820 8.736 8.653
6.138 6.120 6.087 6.038 5.974 5.895 5.790 5.486 5.190 4.902 4.624 4.354 4.093 3.840 3.596 3.360 3.134 2.916 2.706 2.973 3.252 3.535 3.819 4.107 4.396 4.689 4.984 5.281 5.581 5.884 6.189 6.211 6.235 6.263 6.296 6.334 6.375 6.421 6.472 6.527 6.587 6.651 6.722 7.156 7.585 8.010 8.431 8.848 9.260 9.668 10.072 10.472 10.867 11.258 11.632 11.471 11.297 11.107 10.904 10.685 10.453 10.206 9.944 9.669 9.378 9.074 8.873 9.006 9.133 9.253 9.366 9.472 9.571 9.664 9.750
6.147 6.075 5.988 5.886 5.768 5.635 5.486 5.222 4.956 4.699 4.451 4.211 3.980 3.757 3.543 3.338 3.142 2.954 2.775 2.995 3.286 3.580 3.876 4.175 4.477 4.781 5.087 5.396 5.708 6.022 6.339 6.415 6.458 6.507 6.559 6.616 6.678 6.744 6.814 6.889 6.969 7.052 7.141 7.520 7.930 8.336 8.738 9.136 9.530 9.919 10.304 10.685 11.061 11.434 11.802 11.629 11.390 11.128 10.884 10.679 10.512 10.384 10.295 10.244 10.232 10.258 10.323 10.425 10.521 10.610 10.693 10.769 10.838 10.900 10.956
6.170 6.045 5.904 5.748 5.576 5.389 5.187 4.950 4.715 4.488 4.270 4.060 3.859 3.667 3.484 3.308 3.142 2.984 2.835 3.015 3.317 3.623 3.930 4.241 4.554 4.869 5.187 5.508 5.831 6.157 6.485 6.613 6.676 6.744 6.817 6.894 6.975 7.061 7.151 7.246 7.345 7.449 7.557 7.888 8.279 8.667 9.050 9.429 9.775 10.083 10.374 10.647 10.903 11.141 11.362 11.258 11.109 10.999 10.927 10.894 10.899 10.943 11.026 11.147 11.306 11.505 11.742 11.848 11.913 11.973 12.025 12.071 12.109 12.142 12.167
6.208 6.029 5.834 5.624 5.399 5.158 4.902 4.672 4.466 4.270 4.082 3.902 3.732 3.569 3.416 3.271 3.135 3.007 2.888 3.031 3.345 3.662 3.981 4.303 4.628 4.955 5.284 5.617 5.951 6.289 6.629 6.806 6.889 6.977 7.070 7.166 7.268 7.373 7.483 7.592 7.699 7.809 7.922 8.179 8.497 8.797 9.080 9.346 9.593 9.823 10.036 10.231 10.408 10.568 10.710 10.746 10.769 10.830 10.930 11.069 11.246 11.462 11.716 12.009 12.341 12.711 13.120 13.275 13.311 13.340 13.362 13.377 13.386 13.388 13.383
6.260 6.027 5.779 5.515 5.236 4.942 4.632 4.385 4.210 4.044 3.886 3.737 3.596 3.464 3.341 3.226 3.120 3.022 2.933 3.044 3.370 3.698 4.029 4.363 4.699 5.037 5.379 5.722 6.069 6.417 6.769 6.989 7.088 7.189 7.292 7.398 7.507 7.618 7.732 7.848 7.967 8.089 8.213 8.408 8.647 8.869 9.074 9.261 9.430 9.582 9.717 9.833 9.932 10.014 10.078 10.194 10.389 10.622 10.894 11.205 11.554 11.941 12.367 12.832 13.335 13.877 14.457 14.708 14.713 14.712 14.704 14.689 14.667 14.639 14.604
6.326 6.039 5.737 5.420 5.088 4.740 4.377 4.092 3.947 3.810 3.682 3.563 3.453 3.351 3.258 3.173 3.097 3.029 2.970 3.054 3.392 3.758 4.131 4.498 4.859 5.215 5.565 5.910 6.249 6.582 6.909 7.150 7.260 7.372 7.487 7.605 7.725 7.848 7.973 8.102 8.232 8.366 8.502 8.655 8.816 8.960 9.086 9.195 9.286 9.360 9.416 9.454 9.475 9.479 9.465 9.603 9.970 10.375 10.819 11.301 11.821 12.381 12.978 13.614 14.289 15.002 15.754 16.145 16.120 16.088 16.050 16.005 15.953 15.895 15.829
6.406 6.066 5.711 5.340 4.954 4.553 4.136 3.790 3.675 3.569 3.471 3.382 3.302 3.248 3.268 3.286 3.303 3.318 3.331 3.419 3.778 4.131 4.478 4.820 5.157 5.487 5.812 6.132 6.445 6.754 7.056 7.307 7.428 7.552 7.679 7.808 7.940 8.075 8.212 8.352 8.494 8.639 8.787 8.920 9.003 9.069 9.117 9.147 9.160 9.156 9.134 9.094 9.037 8.963 8.871 8.974 9.512 10.089 10.704 11.357 12.049 12.780 13.549 14.357 15.203 16.087 17.010 17.587 17.532 17.470 17.401 17.326 17.244 17.155 17.060
6.501 6.107 5.698 5.274 4.835 4.380 3.943 3.640 3.663 3.685 3.705 3.724 3.741 3.757 3.771 3.784 3.795 3.805 3.813 3.847 4.181 4.509 4.832 5.148 5.460 5.765 6.065 6.359 6.648 6.931 7.209 7.461 7.594 7.730 7.868 8.009 8.152 8.299 8.447 8.599 8.753 8.909 9.068 9.203 9.208 9.196 9.166 9.118 9.053 8.971 8.871 8.753 8.618 8.466 8.296 8.305 9.015 9.763 10.549 11.375 12.238 13.140 14.080 15.059 16.076 17.132 18.226 19.033 18.948 18.856 18.757 18.652 18.540 18.421 18.295
6.568 6.144 5.748 5.379 5.037 4.723 4.437 4.181 4.199 4.216 4.231 4.244 4.256 4.266 4.275 4.283 4.288 4.293 4.296 4.290 4.590 4.893 5.191 5.482 5.768 6.049 6.324 6.593 6.857 7.115 7.367 7.612 7.756 7.904 8.054 8.206 8.361 8.519 8.680 8.843 9.008 9.176 9.347 9.505 9.432 9.341 9.233 9.108 8.965 8.804 8.626 8.431 8.218 7.987 7.739 7.598 8.479 9.398 10.356 11.352 12.387 13.460 14.571 15.721 16.910 18.136 19.401 20.485 20.369 20.247 20.118 19.983 19.840 19.691 19.536
6.461 6.133 5.832 5.559 5.314 5.096 4.905 4.742 4.736 4.747 4.756 4.765 4.771 4.776 4.780 4.782 4.782 4.781 4.779 4.767 5.005 5.283 5.555 5.822 6.083 6.339 6.588 6.833 7.071 7.304 7.531 7.753 7.916 8.075 8.236 8.400 8.567 8.737 8.909 9.083 9.260 9.440 9.622 9.807 9.674 9.505 9.319 9.116 8.895 8.656 8.400 8.127 7.836 7.528 7.202 6.858 7.904 8.994 10.123 11.291 12.496 13.740 15.023 16.344 17.703 19.101 20.411 21.502 21.211 21.037 20.981 21.043 21.222 21.519 21.934
6.328 6.096 5.892 5.714 5.565 5.442 5.348 5.280 5.273 5.279 5.283 5.286 5.287 5.287 5.285 5.281 5.277 5.270 5.262 5.246 5.426 5.679 5.926 6.168 6.404 6.634 6.859 7.078 7.291 7.499 7.702 7.898 8.072 8.243 8.416 8.592 8.770 8.951 9.134 9.321 9.509 9.701 9.895 10.091 9.934 9.688 9.424 9.142 8.843 8.527 8.193 7.842 7.473 7.087 6.683 6.262 7.290 8.574 9.871 11.137 12.372 13.576 14.749 15.890 17.000 18.080 19.128 20.145 20.432 20.781 21.248 21.832 22.534 23.353 24.290
6.170 6.034 5.925 5.844 5.790 5.763 5.764 5.792 5.811 5.811 5.810 5.808 5.803 5.798 5.791 5.782 5.772 5.760 5.747 5.725 5.852 6.080 6.302 6.519 6.730 6.935 7.135 7.329 7.517 7.700 7.878 8.049 8.225 8.407 8.592 8.780 8.969 9.162 9.357 9.555 9.755 9.958 10.164 10.372 10.212 9.888 9.546 9.187 8.854 8.555 8.245 7.924 7.592 7.248 6.894 6.529 7.375 8.565 9.724 10.852 11.949 13.015 14.050 15.053 16.026 16.967 17.877 18.756 19.538 20.409 21.398 22.504 23.728 25.069 26.527
5.987 5.946 5.933 5.947 5.989 6.058 6.155 6.279 6.350 6.345 6.338 6.330 6.321 6.310 6.297 6.283 6.268 6.251 6.232 6.205 6.284 6.487 6.684 6.876 7.062 7.242 7.417 7.586 7.749 7.907 8.060 8.206 8.375 8.569 8.765 8.964 9.166 9.370 9.577 9.813 10.087 10.372 10.669 10.978 10.932 10.628 10.313 9.986 9.649 9.301 8.941 8.571 8.190 7.797 7.394 6.979 7.535 8.587 9.609 10.599 11.558 12.486 13.383 14.248 15.083 15.887 16.659 17.401 18.528 19.921 21.431 23.059 24.804 26.667 28.646
5.778 5.833 5.916 6.026 6.163 6.328 6.520 6.739 6.889 6.879 6.867 6.853 6.839 6.822 6.804 6.785 6.764 6.742 6.718 6.685 6.722 6.900 7.072 7.238 7.399 7.555 7.705 7.849 7.987 8.120 8.251 8.391 8.574 8.817 9.072 9.338 9.617 9.907 10.210 10.525 10.851 11.190 11.541 11.903 11.934 11.581 11.216 10.841 10.454 10.057 9.648 9.229 8.798 8.357 7.904 7.441 7.727 8.641 9.525 10.377 11.198 11.989 12.748 13.476 14.173 14.839 15.474 16.078 17.402 19.317 21.348 23.497 25.763 28.147 30.648
5.544 5.695 5.873 6.078 6.311 6.571 6.859 7.173 7.429 7.413 7.396 7.377 7.357 7.335 7.312 7.287 7.261 7.234 7.204 7.166 7.165 7.284 7.383 7.491 7.608 7.734 7.869 8.013 8.167 8.329 8.500 8.680 8.897 9.193 9.501 9.821 10.154 10.498 10.854 11.222 11.602 11.994 12.398 12.814 12.947 12.544 12.130 11.706 11.270 10.824 10.366 9.897 9.418 8.927 8.426 7.913 7.950 8.727 9.472 10.187 10.871 11.523 12.145 12.736 13.295 13.824 14.321 14.788 16.161 18.596 21.149 23.819 26.606 29.510 32.531
5.284 5.531 5.804 6.105 6.433 6.789 7.172 7.582 7.969 7.948 7.926 7.902 7.876 7.842 7.715 7.590 7.468 7.348 7.230 7.116 7.030 7.161 7.300 7.448 7.605 7.772 7.947 8.131 8.324 8.527 8.738 8.959 9.207 9.556 9.918 10.291 10.677 11.074 11.484 11.905 12.339 12.784 13.241 13.711 13.970 13.518 13.055 12.581 12.097 11.601 11.094 10.577 10.048 9.508 8.958 8.396 8.204 8.844 9.452 10.029 10.575 11.090 11.574 12.028 12.450 12.841 13.201 13.530 14.804 17.760 20.833 24.024 27.331 30.755 34.296
5.000 5.341 5.710 6.107 6.530 6.981 7.448 7.864 8.260 8.142 8.014 7.888 7.764 7.643 7.524 7.407 7.292 7.180 7.070 6.964 6.863 7.027 7.206 7.395 7.592 7.799 8.014 8.239 8.472 8.715 8.966 9.227 9.502 9.905 10.320 10.747 11.186 11.637 12.100 12.574 13.061 13.560 14.071 14.594 15.003 14.502 13.990 13.467 12.934 12.389 11.833 11.266 10.689 10.100 9.500 8.890 8.490 8.992 9.463 9.902 10.311 10.689 11.036 11.352 11.636 11.890 12.113 12.305 13.333 16.809 20.402 24.112 27.939 31.883 35.944
4.788 5.250 5.694 6.119 6.525 6.913 7.282 7.632 7.965 7.910 7.789 7.671 7.556 7.442 7.331 7.222 7.115 7.011 6.908 6.811 6.717 6.883 7.103 7.331 7.569 7.816 8.071 8.336 8.609 8.892 9.184 9.484 9.794 10.241 10.709 11.189 11.681 12.186 12.702 13.230 13.770 14.322 14.886 15.462 16.047 15.497 14.936 14.364 13.781 13.187 12.583 11.967 11.340 10.702 10.054 9.394 8.808 9.172 9.505 9.808 10.079 10.320 10.529 10.708 10.855 10.972 11.057 11.112 11.746 15.741 19.854 24.084 28.431 32.894 37.475
5.027 5.424 5.803 6.163 6.505 6.828 7.133 7.419 7.686 7.676 7.564 7.453 7.346 7.240 7.136 7.035 6.936 6.840 6.745 6.655 6.569 6.729 6.989 7.258 7.536 7.822 8.118 8.423 8.737 9.059 9.391 9.732 10.082 10.562 11.084 11.617 12.163 12.721 13.290 13.871 14.465 15.070 15.688 16.317 16.958 16.502 15.892 15.271 14.639 13.996 13.343 12.678 12.002 11.316 10.618 9.910 9.190 9.383 9.579 9.745 9.879 9.982 10.054 10.096 10.106 10.086 10.034 10.027 10.309 14.794 19.219 23.583 27.886 32.128 36.309
5.282 5.614 5.929 6.224 6.502 6.760 7.001 7.222 7.425 7.441 7.336 7.234 7.134 7.036 6.940 6.847 6.756 6.667 6.580 6.498 6.420 6.565 6.865 7.174 7.492 7.819 8.155 8.500 8.854 9.216 9.588 9.969 10.359 10.870 11.445 12.032 12.631 13.242 13.864 14.499 15.146 15.804 16.475 17.158 17.852 17.517 16.858 16.188 15.508 14.816 14.113 13.400 12.675 11.940 11.193 10.436 9.667 9.626 9.703 9.797 9.888 9.977 10.064 10.148 10.231 10.311 10.389 10.465 10.539 14.479 18.635 22.731 26.765 30.739 34.651
5.554 5.822 6.072 6.303 6.516 6.710 6.886 7.043 7.182 7.203 7.107 7.012 6.920 6.830 6.742 6.657 6.573 6.492 6.413 6.339 6.269 6.392 6.732 7.081 7.439 7.806 8.182 8.567 8.960 9.363 9.775 10.196 10.626 11.165 11.793 12.433 13.085 13.749 14.425 15.113 15.813 16.525 17.248 17.984 18.732 18.543 17.835 17.116 16.387 15.583 14.704 13.864 13.063 12.300 11.576 10.891 10.244 10.144 10.230 10.314 10.395 10.474 10.551 10.626 10.699 10.770 10.838 10.904 10.968 14.224 18.112 21.939 25.705 29.410 33.054
5.843 6.047 6.232 6.399 6.547 6.677 6.788 6.881 6.955 6.965 6.876 6.789 6.705 6.622 6.542 6.465 6.389 6.316 6.245 6.178 6.116 6.208 6.588 6.977 7.375 7.782 8.198 8.623 9.057 9.500 9.952 10.413 10.883 11.446 12.127 12.821 13.526 14.243 14.972 15.713 16.402 16.965 17.492 17.981 18.435 18.160 17.298 16.475 15.690 14.944 14.237 13.568 12.938 12.346 11.793 11.279 10.803 10.682 10.758 10.832 10.904 10.973 11.041 11.106 11.169 11.230 11.289 11.345 11.400 14.029 17.648 21.207 24.705 28.142 31.519
6.149 6.288 6.409 6.511 6.595 6.661 6.708 6.736 6.746 6.724 6.643 6.564 6.487 6.413 6.341 6.271 6.203 6.138 6.074 6.016 5.961 6.014 6.434 6.864 7.302 7.749 8.205 8.670 9.144 9.626 10.118 10.626 11.150 11.727 12.385 13.006 13.591 14.138 14.649 15.123 15.560 15.961 16.324 16.651 16.941 16.797 16.107 15.455 14.841 14.266 13.730 13.232 12.773 12.353 11.971 11.627 11.323 11.221 11.288 11.352 11.414 11.474 11.532 11.587 11.641 11.692 11.741 11.788 11.833 13.894 17.245 20.536 23.766 26.935 30.044
6.471 6.546 6.603 6.641 6.661 6.662 6.644 6.608 6.554 6.482 6.409 6.337 6.269 6.202 6.137 6.075 6.015 5.958 5.902 5.851 5.805 5.811 6.286 6.792 7.302 7.816 8.334 8.856 9.382 9.912 10.446 10.985 11.527 12.068 12.562 13.021 13.442 13.826 14.174 14.485 14.760 14.997 15.198 15.362 15.489 15.396 14.876 14.395 13.953 13.549 13.183 12.857 12.569 12.319 12.108 11.936 11.802 11.762 11.819 11.873 11.926 11.976 12.024 12.070 12.114 12.155 12.195 12.232 12.267 13.818 16.901 19.924 22.887 25.788 28.629
6.811 6.821 6.814 6.788 6.743 6.680 6.598 6.498 6.380 6.243 6.172 6.109 6.048 5.989 5.938 5.924 5.917 5.918 5.924 5.935 5.949 5.968 6.476 7.000 7.528 8.060 8.596 9.136 9.681 10.229 10.782 11.338 11.899 12.447 12.779 13.075 13.333 13.555 13.740 13.888 13.999 14.074 14.112 14.113 14.078 13.955 13.607 13.297 13.025 12.792 12.598 12.442 12.324 12.246 12.205 12.204 12.240 12.304 12.352 12.396 12.439 12.480 12.518 12.555 12.589 12.621 12.650 12.678 12.703 13.802 16.618 19.373 22.068 24.702 27.275
7.167 7.114 7.042 6.951 6.842 6.715 6.569 6.408 6.246 6.079 6.028 6.011 6.001 5.997 6.001 6.011 6.027 6.051 6.081 6.115 6.153 6.195 6.660 7.202 7.749 8.299 8.853 9.412 9.975 10.541 11.112 11.687 12.266 12.849 13.036 13.168 13.264 13.323 13.345 13.330 13.279 13.191 13.067 12.905 12.707 12.476 12.298 12.159 12.058 11.996 11.972 11.987 12.040 12.132 12.263 12.432 12.639 12.848 12.886 12.921 12.954 12.985 13.014 13.041 13.065 13.087 13.107 13.125 13.141 13.845 16.394 18.882 21.309 23.676 25.982
7.530 7.387 7.239 7.085 6.926 6.762 6.592 6.417 6.237 6.051 5.992 5.998 6.011 6.031 6.058 6.091 6.131 6.178 6.231 6.289 6.350 6.416 6.840 7.400 7.965 8.533 9.106 9.683 10.264 10.848 11.437 12.031 12.628 13.229 13.332 13.302 13.235 13.131 12.990 12.813 12.600 12.349 12.062 11.738 11.378 10.980 10.951 10.982 11.052 11.160 11.307 11.493 11.717 11.979 12.280 12.619 12.997 13.394 13.421 13.447 13.471 13.492 13.511 13.528 13.543 13.555 13.566 13.574 13.580 13.948 16.230 18.450 20.611 22.710 24.749
7.675 7.513 7.346 7.174 6.996 6.813 6.625 6.432 6.233 6.028 5.949 5.979 6.015 6.059 6.109 6.165 6.229 6.299 6.376 6.457 6.541 6.631 7.014 7.593 8.176 8.762 9.353 9.948 10.547 11.151 11.758 12.369 12.984 13.604 13.668 13.475 13.245 12.979 12.676 12.336 11.960 11.547 11.098 10.611 10.088 9.529 9.564 9.766 10.007 10.286 10.603 10.959 11.353 11.786 12.258 12.767 13.316 13.902 13.959 13.975 13.989 14.000 14.010 14.017 14.022 14.025 14.026 14.025 14.021 14.033 15.857 17.640 19.382 21.083 22.743
7.824 7.644 7.459 7.268 7.072 6.870 6.663 6.451 6.233 6.010 5.900 5.954 6.013 6.080 6.153 6.233 6.320 6.413 6.514 6.618 6.726 6.839 7.184 7.781 8.382 8.987 9.596 10.209 10.826 11.448 12.073 12.702 13.336 13.974 14.043 13.687 13.295 12.867 12.401 11.899 11.361 10.786 10.174 9.525 8.840 8.118 8.139 8.511 8.922 9.372 9.860 10.386 10.951 11.554 12.195 12.875 13.594 14.351 14.498 14.504 14.511 14.490 14.420 14.301 14.133 13.917 13.652 13.338 12.975 12.563 14.070 15.672 17.233 18.752 20.231
7.979 7.780 7.576 7.366 7.152 6.931 6.706 6.475 6.239 5.998 5.846 5.922 6.005 6.095 6.192 6.295 6.405 6.522 6.645 6.773 6.905 7.042 7.348 7.963 8.583 9.206 9.833 10.465 11.100 11.740 12.383 13.031 13.683 14.338 14.458 13.940 13.385 12.794 12.167 11.503 10.802 10.064 9.290 8.480 7.632 6.748 6.675 7.218 7.799 8.419 9.077 9.808 10.652 11.521 12.413 13.330 14.272 15.237 15.457 15.317 15.129 14.892 14.606 14.272 13.888 13.456 12.975 12.445 11.866 11.239 12.326 13.747 15.126 16.465 17.762
8.138 7.921 7.698 7.470 7.236 6.998 6.754 6.504 6.250 5.990 5.785 5.885 5.991 6.104 6.224 6.351 6.484 6.624 6.771 6.922 7.077 7.238 7.508 8.141 8.779 9.420 10.066 10.715 11.369 12.027 12.688 13.354 14.024 14.698 14.912 14.232 13.515 12.762 11.972 11.146 10.283 9.383 8.460 7.576 6.716 5.880 5.829 6.659 7.513 8.392 9.295 10.223 11.175 12.151 13.151 14.175 15.224 16.298 16.555 16.200 15.796 15.343 14.842 14.291 13.692 13.044 12.348 11.602 10.808 9.965 10.624 11.864 13.063 14.220 15.336
