DATA/RAW-RASTER/ECMWF/20170628/EN-37/20170711.en-37.asc
ncols			31
nrows			16
xllcorner		69.5
yllcorner		19.5
cellsize		1.0
NODATA_value	-99999
3.15857 1.51062 7.88879 8.17871 13.62610 7.47681 2.59399 2.89154 1.11389 2.52533 5.79071 5.73730 6.10352 0.35858 0.09918 1.19781 2.83051 0.46539 0.03052 0.06866 0.71716 0.35095 0.38910 1.88446 4.63104 5.94330 2.55585 4.87518 13.10730 11.90948 9.23920
0.02289 0.83160 12.95471 1.29700 9.96399 4.99725 0.95367 8.14056 4.20380 2.03705 4.17328 5.71442 4.66919 1.01471 1.90735 3.32642 2.17438 1.19019 0.02289 0.22888 0.13733 0.09918 0.00763 0.06104 2.51007 3.83759 1.77765 1.60980 3.01361 8.62122 13.49640
0.74005 11.55853 1.00708 4.37927 1.11389 6.05011 5.69916 1.54114 1.26648 1.40381 7.30133 7.41577 7.01141 6.59180 4.26483 4.67682 4.00543 1.28174 2.86865 2.84576 2.05231 0.50354 0.31281 0.17548 0.36621 2.24304 1.42670 3.12805 4.18091 6.91223 8.40759
4.02832 16.04462 8.93402 2.70081 1.65558 38.05542 83.36639 26.24512 23.22388 3.53241 5.00488 1.77765 1.00708 1.68610 2.50244 1.55640 3.93677 13.77869 4.18091 8.23975 19.46259 5.69153 3.70026 3.12042 2.17438 0.32806 1.02997 2.40326 6.84357 8.78143 12.62665
3.58582 12.22229 6.50024 5.99670 7.95746 18.11981 28.01514 24.17755 2.02179 5.66864 0.09155 0.08392 0.19836 0.00000 0.00000 0.00000 0.57983 5.32532 2.14386 8.59070 1.52588 10.21576 10.36835 11.22284 2.61688 3.02887 5.47791 5.50842 9.06372 8.65173 8.17108
3.82233 2.34985 2.78473 3.51715 3.38745 4.44031 19.27185 8.54492 3.07465 7.49969 6.46210 0.34332 1.61743 0.01526 0.73242 0.61035 5.80597 1.86920 5.36346 13.50403 6.18744 10.72693 5.37109 10.91766 10.94055 17.10510 7.76672 1.02234 7.82013 11.39832 3.89862
0.01526 0.05341 0.47302 4.52423 3.85284 0.52643 1.19781 2.42615 5.71442 0.59509 1.70135 6.34766 7.11060 5.72205 1.35040 1.85394 1.99127 2.67029 11.94000 17.40265 6.21796 21.54541 22.24731 14.75525 13.18359 20.63751 15.22064 9.20105 1.05286 1.22070 4.15039
0.00000 0.00000 0.00000 1.32751 3.13568 1.84631 4.55475 6.67572 5.21088 1.97601 5.56183 4.44794 1.57166 19.56177 5.51605 9.05609 1.03760 9.46045 0.88501 1.39618 1.11389 12.68005 3.66974 10.28442 4.85992 1.94550 6.65283 7.50732 9.74274 4.05121 2.94495
0.00000 0.00000 0.00763 0.02289 0.28229 9.78088 6.91223 4.50134 7.78961 4.16565 2.13623 2.73895 5.76782 2.62451 16.57867 17.17377 7.70569 7.19452 14.84680 10.22339 5.46265 1.93024 3.62396 1.90735 18.31055 30.31158 6.61469 32.59277 27.02332 4.22668 0.60272
0.04578 0.39673 0.40436 0.35858 0.57983 19.20319 11.00159 22.15576 4.78363 0.75531 4.37927 11.97815 12.10785 11.97815 26.34430 6.43158 7.52258 1.41907 4.22668 5.98907 8.75092 39.10065 12.22229 5.74493 13.96179 6.34003 21.01135 17.53998 20.04242 10.67352 3.43323
1.20544 0.64850 3.69263 0.74005 1.79291 6.36292 7.53784 5.53894 3.02887 2.63214 0.78583 2.64740 0.48065 8.27026 6.22559 4.60815 6.05011 7.18689 2.64740 3.20435 2.82288 6.72150 17.64679 9.52911 2.97546 4.83704 12.75635 22.12524 22.21680 11.45935 9.24683
0.34332 1.05286 0.70953 1.54877 41.04614 1.83868 5.89752 6.05774 20.01190 3.25012 20.71381 9.79614 7.41577 11.63483 0.92316 11.19232 10.63538 2.23541 4.47845 1.46484 1.25885 1.41907 2.61688 9.88007 2.18964 6.11115 3.65448 11.52039 12.70294 11.10077 9.40704
0.70953 0.35858 0.77820 1.89209 9.78851 5.30243 7.65991 7.94983 4.14276 12.16125 25.42114 16.33453 0.48065 0.16022 2.94495 4.01306 16.12854 7.04193 2.09808 1.93787 1.91498 9.21631 2.42615 7.67517 1.33514 5.14984 5.53131 6.22559 17.87567 6.14166 14.52637
1.24359 1.18256 0.38910 2.84576 4.50897 4.76074 9.72748 6.72150 12.42065 22.51434 12.03918 25.27618 1.69373 8.58307 3.43323 3.47137 5.19562 4.58527 5.31006 4.63104 4.09698 8.68988 4.98199 13.21411 1.35803 3.50189 29.80804 7.61414 1.62506 2.08282 5.47791
1.53351 2.67029 3.25775 3.11279 2.45667 2.38800 21.53015 6.62994 9.99451 9.42230 14.29749 6.66809 4.67682 2.13623 3.73077 9.04846 9.84955 3.44086 1.78528 2.73132 5.01251 3.27301 1.79291 6.03485 4.70734 1.02997 4.89044 3.70026 1.57928 0.94604 13.01575
0.96130 2.05231 4.59290 8.20923 1.12152 4.94385 5.50079 9.32312 10.04791 3.05176 6.89697 7.46918 5.80597 7.55310 5.53894 23.32306 14.72473 2.81525 2.41089 5.72968 1.91498 4.04358 5.03540 9.54437 24.57428 8.46100 15.67078 18.60046 5.81360 3.86810 2.43378
