DATA/RAW-RASTER/ECMWF/20170628/EN-37/20170708.en-37.asc
ncols			31
nrows			16
xllcorner		69.5
yllcorner		19.5
cellsize		1.0
NODATA_value	-99999
0.54169 0.00000 0.09918 0.77057 0.00000 0.00000 0.00000 0.00000 0.05341 0.09155 0.00000 0.02289 0.18311 0.41962 0.72479 1.93787 6.17981 4.34875 1.32751 1.54114 4.28772 1.12915 0.91553 1.46484 1.98364 3.21198 6.86646 5.01251 8.81958 12.24518 17.08221
0.00763 0.00763 0.00000 0.06866 1.23596 0.03052 0.00000 0.00763 0.02289 0.32806 0.67139 0.19836 0.23651 0.28229 0.33569 0.58746 1.41144 2.02942 2.57874 1.86920 1.29700 4.08173 1.35040 1.51062 1.28174 1.66321 1.28937 2.45667 7.53021 20.55359 6.44684
0.00000 0.00000 0.00763 0.12207 0.58746 8.49915 0.27466 0.02289 0.32043 0.00000 0.77820 0.51880 0.12207 0.25940 0.05341 0.39673 0.64850 1.09863 4.99725 2.02942 0.61798 0.32806 1.09863 2.06757 0.86212 1.98364 1.03760 0.93079 2.33459 8.00323 12.72583
0.00763 0.00763 0.00763 0.00000 0.00000 0.00000 15.65552 6.31714 0.02289 1.45721 0.65613 0.28992 0.16022 0.60272 0.32806 0.19836 0.35858 0.51117 0.54932 0.54932 0.54169 0.10681 0.25177 0.24414 0.45776 1.57928 2.08282 2.06757 1.62506 8.54492 19.60754
0.00000 0.00000 0.00000 0.00763 0.00000 0.00000 0.90790 11.50513 2.43378 0.96130 1.61743 0.25177 0.77820 0.98419 0.15259 1.15204 0.22125 0.22888 0.99182 0.80109 0.71716 0.41962 3.05939 1.40381 1.74713 5.59998 3.28064 3.25775 2.25067 9.30786 32.41730
0.51117 0.00000 0.00763 0.00763 0.00763 0.00000 0.00000 0.25940 24.55902 20.80536 24.88708 5.34821 7.06482 2.99072 4.90570 2.57111 1.73187 2.54059 2.94495 1.28174 3.96729 1.23596 12.10785 13.74054 6.14929 17.80701 3.28064 11.94000 17.97485 18.32581 31.18896
0.00000 0.00000 0.00763 0.00763 0.00763 0.00000 0.00000 0.00763 0.13733 9.06372 28.31268 30.81512 7.25555 7.88116 4.98962 4.78363 5.03540 5.48553 4.12750 2.34985 7.94220 11.53564 12.61139 15.36560 24.99390 13.52692 5.68390 7.57599 18.50891 22.20154 36.33118
0.00000 0.00000 0.00763 0.00000 0.00763 0.00000 0.09918 0.01526 0.34332 1.16730 2.57111 21.64459 11.56616 2.57111 10.89478 2.49481 15.86914 1.67084 9.04083 20.82062 9.56726 23.83423 14.77051 13.60321 8.13293 90.41595 12.89368 7.98798 21.46912 8.15582 8.81195
0.00000 0.00000 0.00000 0.00000 0.00763 0.34332 0.16022 1.12915 0.22888 0.14496 1.59454 3.86810 3.82996 3.48663 3.41797 7.15637 8.32367 8.92639 28.93829 177.12402 58.89893 126.92261 75.27161 30.56335 9.18579 8.29315 11.85608 9.32312 30.68542 2.14386 21.07239
0.00763 0.08392 0.38147 0.45776 0.22125 0.06104 0.16785 0.61798 0.61798 1.12152 0.74005 1.68610 1.99890 0.87738 0.00763 0.40436 0.48065 2.29645 18.44025 14.83154 28.28979 7.71332 4.01306 5.36346 4.82178 28.09143 19.86694 62.99591 28.84674 7.13348 4.85229
0.78583 0.95367 0.76294 0.63324 0.00000 0.02289 0.05341 0.43488 0.32806 0.76294 0.06104 0.77820 0.32806 0.00000 0.00000 0.00763 0.06866 0.24414 2.49481 3.64685 19.88220 20.85876 61.14960 16.83807 7.41577 19.11163 19.18793 23.13995 30.17426 22.16339 4.58527
0.62561 0.35858 1.97601 1.85394 0.29755 0.81635 0.33569 0.20599 0.19073 0.16785 0.06866 0.03815 0.02289 0.00763 0.02289 0.54932 1.03760 6.63757 1.28174 5.24139 8.01086 37.88757 2.12860 2.72369 2.44141 4.83704 4.51660 6.14166 13.81683 16.40320 10.07080
0.70953 1.02997 0.22888 0.99182 2.91443 1.91498 2.74658 0.71716 1.03760 0.85449 0.61798 0.01526 0.00000 0.20599 22.09473 5.38635 1.21307 2.32697 9.07898 6.84357 5.12695 10.81848 4.51660 9.52148 11.45935 1.16730 1.56403 12.18414 23.87238 8.65936 4.18091
0.80872 1.31226 1.01471 1.10626 1.51062 1.02234 0.91553 1.64795 1.60217 1.01471 0.55695 0.00000 0.16022 0.93842 1.67847 2.41852 1.18256 0.35095 7.01141 14.00757 17.45605 9.71222 3.69263 10.76508 3.91388 0.43488 2.91443 11.60431 30.81512 18.51654 17.12799
1.63269 1.93787 0.96130 3.05176 1.56403 1.52588 0.24414 0.80109 0.57220 0.48065 0.35858 0.03052 0.02289 0.16785 1.21307 0.03052 1.15204 0.61035 5.30243 5.66864 6.91986 7.43866 16.94489 3.10516 3.51715 3.82996 17.51709 9.23157 25.73395 28.37372 13.82446
0.60272 0.70953 1.58691 5.29480 0.87738 1.88446 0.63324 0.40436 0.24414 0.42725 0.28229 0.12970 0.02289 0.06866 0.29755 2.73895 5.69153 1.86920 1.00708 4.69208 4.66156 8.15582 10.40649 15.89203 17.09747 11.17706 11.42120 2.57111 5.48553 7.95746 2.24304
