DATA/RAW-RASTER/ECMWF/20170628/EN-37/20170710.en-37.asc
ncols			31
nrows			16
xllcorner		69.5
yllcorner		19.5
cellsize		1.0
NODATA_value	-99999
5.26428 1.86157 7.12585 5.40924 5.27954 0.01526 0.01526 0.01526 0.10681 0.34332 0.25177 0.22888 0.07629 0.05341 0.09155 0.99182 1.01471 1.06049 0.88501 0.57983 1.08337 4.28009 6.45447 6.62994 8.98743 13.15308 10.38361 8.72803 5.42450 0.75531 0.03052
1.02997 1.73187 8.01849 14.61029 9.39941 0.99182 0.06104 0.15259 2.20490 2.89917 2.53296 1.02234 0.55695 0.19073 0.06104 0.12970 0.12207 1.11389 0.40436 4.15039 10.17761 7.47681 10.42175 10.43701 12.10785 9.85718 8.28552 12.54272 2.85339 8.21686 0.87738
1.79291 15.70129 7.72858 3.57819 13.52692 12.98523 10.85663 5.71442 13.27515 6.40869 8.56018 6.09589 4.36401 1.02997 0.23651 0.06866 0.10681 0.67902 2.41852 4.66919 8.89587 7.92694 13.90839 15.34271 15.00702 13.50403 10.55908 8.14056 2.46429 1.61743 6.77490
3.44086 2.18201 4.02069 18.50891 12.77161 35.28595 43.51044 52.29187 34.48486 7.01904 9.97925 2.77710 3.20435 3.94440 0.55695 4.32587 1.80054 1.35040 8.07190 10.00977 7.15637 7.00378 8.40759 11.55853 12.49695 10.38361 9.98688 9.61304 16.22772 14.93835 6.72913
6.69861 18.09692 16.44135 3.18146 9.59778 39.99329 83.48846 54.41284 15.32745 6.68335 3.06702 3.83759 5.79834 5.82123 2.56348 3.01361 4.69208 6.98090 3.34930 7.79724 4.31824 9.02557 8.29315 8.36182 7.27081 10.81085 9.96399 4.57764 9.68933 10.65063 7.28607
1.83868 0.03052 0.83923 0.27466 1.10626 2.92206 6.11115 8.90350 20.62225 16.18958 10.13184 7.06482 6.30188 1.73187 0.42725 0.95367 0.45776 0.12207 1.78528 11.86371 10.69641 10.75745 9.01031 9.77325 13.74054 15.54108 9.32312 5.50842 6.37054 1.89972 5.15747
0.00000 0.13733 0.00763 0.28229 0.03815 0.01526 1.10626 2.44904 3.16620 1.54877 6.14929 12.13837 8.97217 1.99890 1.60980 4.73022 11.16943 6.59180 7.99561 17.15851 8.90350 12.50458 18.79883 9.78851 13.32855 19.21082 15.64789 12.03918 10.24628 4.66919 11.80267
0.00000 0.00000 0.00000 0.00000 0.00000 0.00000 0.69427 0.48065 3.61633 10.55145 9.69696 3.40271 8.43048 9.69696 68.83240 73.45581 26.93939 6.46973 2.05994 0.82397 3.37982 13.86261 4.31061 16.57867 2.30408 1.76239 6.18744 14.57977 14.24408 8.97217 3.37982
0.00000 0.01526 0.16022 0.16022 0.30518 0.23651 1.16730 0.81635 0.37384 0.81635 4.72260 9.93347 9.68933 5.56183 16.18958 33.24890 16.40320 65.88745 6.59180 12.09259 6.84357 9.17816 11.67297 16.28113 9.19342 11.38306 10.57434 15.99121 16.08276 3.90625 1.97601
0.02289 0.15259 0.96893 1.04523 0.32806 0.16022 0.43488 1.41144 0.93079 0.26703 0.57983 5.88226 11.58905 15.59448 10.04791 9.03320 30.22766 9.88007 9.35364 5.44739 9.49097 10.70404 39.08539 14.46533 13.80920 6.32477 17.57050 14.33563 7.14874 5.02777 0.03052
0.18311 0.88501 0.86975 0.95367 0.90027 0.48828 1.25122 2.13623 1.25122 0.96130 0.64087 0.14496 0.77820 6.37817 19.14215 23.17047 21.49963 14.70947 12.63428 4.63867 13.36670 10.36835 10.76508 1.22833 3.50952 10.84900 16.89148 3.53241 4.78363 3.08228 2.17438
0.08392 0.32043 1.11389 2.13623 1.48010 46.28754 14.38904 3.29590 1.33514 1.20544 0.45776 0.35858 1.80054 1.91498 3.64685 24.03259 2.21252 7.59125 13.47351 10.25391 2.23541 11.23047 10.29968 23.89526 5.87463 16.92200 17.37976 2.26593 1.71661 11.61957 8.36182
0.40436 0.16022 0.19073 0.82397 1.29700 3.88336 1.89209 3.12805 1.36566 0.74768 2.12860 2.02179 1.99127 2.02942 2.95258 4.15039 17.38739 6.22559 33.23364 40.95459 12.24518 1.78528 5.14221 11.34491 18.58521 31.83746 1.68610 26.16119 12.28333 1.13678 30.88379
1.30463 1.01471 0.19073 1.88446 1.22070 1.80817 1.01471 3.59344 1.01471 0.77057 3.93677 0.54169 0.45013 4.81415 2.77710 4.14276 6.56128 5.59998 27.99225 21.49963 1.21307 2.50244 1.59454 70.25909 15.27405 28.32031 14.24408 1.48010 3.91388 1.83105 6.25610
1.51825 1.88446 2.51770 3.15857 0.95367 0.72479 0.50354 0.87738 1.11389 6.67572 3.76892 0.38910 0.41962 1.99890 5.53131 6.53839 23.36121 14.38904 5.76782 3.88336 1.18256 1.70898 4.23431 17.16614 13.81683 1.06812 1.65558 8.03375 17.32635 4.78363 6.96564
0.80109 1.85394 1.89209 4.42505 0.85449 1.35803 0.10681 0.69427 1.56403 1.22070 5.33295 3.35693 1.54114 3.32642 5.06592 21.64459 22.08710 5.37872 1.94550 2.40326 3.57056 4.02069 6.43921 17.02881 49.43848 3.25012 2.76184 18.03589 9.33075 11.50513 11.73401
