DATA/RAW-RASTER/ECMWF/20170628/EN-37/20170704.en-37.asc
ncols			31
nrows			16
xllcorner		69.5
yllcorner		19.5
cellsize		1.0
NODATA_value	-99999
0.12589 1.09863 2.95639 2.21634 3.10135 3.73459 6.46973 7.52640 2.79617 0.62180 1.98364 1.19781 2.13623 6.40488 8.40378 8.82339 7.60651 8.44574 5.34058 12.52747 14.01520 2.92587 0.30899 0.16022 0.05341 0.00000 0.01144 0.00763 0.10300 0.01526 0.02289
0.05341 0.06104 3.65067 5.29099 3.04413 3.16238 2.13623 1.06049 1.08719 0.96893 1.08719 1.45340 2.70462 6.17981 4.01688 7.10678 12.47787 6.27136 11.04355 8.14438 5.22614 5.41306 2.70844 2.05994 0.20599 2.62451 0.17166 0.28992 0.08392 0.06485 0.16403
0.00381 0.19836 0.72479 9.42993 13.30185 7.72476 12.64954 2.65503 1.84631 0.32806 0.98038 1.90735 6.93130 7.58362 6.40869 5.54657 21.83151 14.82010 8.50677 12.45499 11.27243 14.38522 5.19943 3.03650 1.86539 3.41797 10.44846 3.07465 0.82779 0.77438 0.69427
0.22507 0.48447 1.42670 4.58908 34.09958 9.32693 9.72748 9.35364 0.83160 0.21744 0.38910 1.50681 4.16183 4.53949 10.07462 10.26154 3.78036 13.23318 7.69806 9.47189 14.82391 16.33453 9.83810 10.68497 6.74438 8.00705 8.06808 10.01740 11.51276 10.14328 3.71552
3.21198 0.41962 0.03815 0.49973 17.74216 5.14984 3.84140 9.25827 9.76562 3.05557 1.70517 9.84573 6.68335 4.63104 1.84631 2.25830 3.68881 8.36563 5.80215 5.79453 4.98581 6.59561 4.29916 8.22067 6.07300 7.22122 5.85938 11.31058 11.15036 12.89368 10.92911
2.30789 0.00763 0.22125 0.00000 0.00000 0.06866 0.41962 1.51443 32.60040 82.23343 88.20724 41.72134 23.09036 9.96017 16.81900 6.79779 2.28119 1.40381 4.00162 3.25775 2.44904 7.02286 16.17813 10.62775 3.42560 9.16672 5.34821 0.79346 6.34384 15.08713 9.76944
0.06104 0.00000 0.00000 0.00000 0.00000 0.00000 0.25558 0.58746 3.00598 5.30624 16.09039 96.68350 74.35226 37.99438 20.00046 5.55801 5.34821 1.56021 2.26593 6.00052 9.47952 7.85828 4.48227 3.81088 9.39178 46.76437 20.04623 13.35526 0.61417 0.90790 1.86920
0.00000 0.00000 0.00000 0.01907 0.09155 0.12970 0.18692 0.31281 1.28555 4.79889 9.98306 19.59610 114.97879 73.97461 22.76611 79.84924 20.68710 1.60217 2.44141 2.06757 9.48715 32.65381 16.78467 44.46030 85.01816 82.36313 17.81082 14.03427 11.00922 3.30353 1.19019
0.00763 0.00000 0.08774 1.89209 2.08664 0.45013 0.37766 0.16022 0.69046 3.68881 52.35672 67.92831 35.75897 35.31265 40.75623 32.37534 5.85556 13.58032 8.39233 45.32242 38.60855 47.22595 77.08359 87.26120 57.19376 12.84790 16.79993 62.99210 20.98083 2.40326 1.14822
0.15640 1.20544 0.81635 0.70572 1.01089 0.10300 0.27847 0.46539 0.28992 0.14114 0.91934 0.46921 4.21906 2.51007 4.61960 5.76019 5.18036 3.02505 11.47079 22.97974 7.37000 10.23102 63.79318 107.74231 41.01181 6.61087 49.01123 34.95789 67.63840 4.66156 1.76239
0.41580 0.77438 0.56458 0.45776 0.26321 0.29373 0.23651 0.80109 0.93460 0.35095 0.74387 0.76675 0.51498 0.59128 0.35858 0.52261 0.53406 12.77924 13.77106 22.97592 46.50879 185.50491 56.22864 43.02216 6.09970 23.18573 7.64084 1.57547 14.34708 9.13239 2.16675
0.10300 0.37384 1.39999 1.67847 0.70190 1.75476 0.59128 0.40436 0.50735 0.49210 0.73624 0.79727 1.31226 0.38910 0.09918 0.22125 0.24033 4.18472 11.80649 22.16721 26.93176 21.34323 4.68826 4.96674 11.92474 1.88065 1.87302 2.42996 4.08554 19.34433 5.33676
0.38528 0.14114 0.11444 0.35858 0.58365 0.33569 0.85449 0.65613 0.28610 0.57983 0.45395 1.28555 0.69427 0.40436 0.12207 0.17548 0.19455 0.41962 11.07407 10.86807 16.70074 35.75134 20.77866 8.41141 14.51874 2.34985 1.99509 4.03976 3.48663 11.59668 7.25174
0.86975 0.59509 0.18692 1.29318 1.57547 1.80054 1.11389 3.26538 1.44196 0.90790 0.11063 0.19836 0.45776 0.66757 0.22125 0.37384 0.06485 2.35748 10.78796 16.78467 15.14816 23.66638 27.91214 18.34488 1.02615 1.24741 0.60272 3.57437 18.47458 13.61465 15.22446
2.16675 2.22778 2.94495 5.59998 2.47574 0.61417 0.32425 0.58746 0.31281 0.24033 0.54169 0.50354 0.55313 0.32043 0.64468 1.01089 0.22125 0.91553 5.03159 8.51822 10.81467 17.75360 40.64178 18.87512 13.41248 1.65176 9.02176 4.90952 11.81793 16.05606 8.36182
2.45285 4.18854 3.47519 8.00323 0.58365 1.31989 0.76675 1.15204 0.72479 0.06104 0.58746 1.76620 2.81906 7.43103 2.23923 1.91116 5.31006 1.80435 5.26047 4.39453 8.79669 15.59448 24.43695 27.05765 40.39383 1.14441 18.09311 6.49261 1.27411 0.43869 0.69809
