DATA/RAW-RASTER/ECMWF/20170628/EN-37/20170702.en-37.asc
ncols			31
nrows			16
xllcorner		69.5
yllcorner		19.5
cellsize		1.0
NODATA_value	-99999
0.00000 0.94604 11.87515 7.89642 11.94382 5.05066 4.16183 5.86700 0.25177 0.52261 2.01416 1.23596 0.71335 0.80490 1.57547 3.62778 2.72751 1.77383 3.17764 2.96783 2.39182 2.38419 4.96674 3.24249 4.71497 6.74438 0.70190 0.25558 0.09155 0.85068 2.22397
0.01144 0.43106 3.63159 2.91061 3.18527 1.12152 2.35748 0.31281 0.31281 0.83542 4.53186 2.67410 3.57056 1.89972 4.16565 3.70789 1.46866 2.14767 3.20053 2.18582 5.15747 5.68771 2.54822 1.97601 2.82288 2.36130 1.18637 1.27411 1.24359 0.98801 0.85831
0.80490 3.05557 1.51443 0.30136 0.09155 0.14114 0.50735 0.23651 0.64087 2.02179 3.62396 6.06918 12.06589 11.53183 2.79617 6.07300 1.41144 2.50244 12.19559 13.44681 6.98471 2.38800 2.05231 0.82397 1.04523 0.65613 0.82016 1.00708 1.18256 1.85776 1.85394
0.58746 9.75418 0.81635 0.00000 0.81253 1.04904 0.02289 0.81253 0.40436 0.15640 1.02997 0.83160 1.77002 10.57053 3.07465 6.66428 6.53458 4.32587 5.13077 9.30786 6.30951 0.95749 1.81198 3.52097 1.24359 1.08337 1.30463 1.04141 5.41306 10.82230 5.98526
0.94604 0.00000 0.00000 0.00000 0.08392 1.54114 3.89862 3.76129 8.04901 3.65448 0.03052 0.49210 1.51825 6.11877 3.12424 2.68555 1.62888 9.83429 5.98526 2.34985 6.93512 6.85120 8.02231 7.50732 4.65775 10.83755 5.27954 7.33948 4.85992 11.30676 7.70950
0.06485 0.00763 0.01144 0.00000 0.27084 1.09863 8.85773 8.93021 5.69153 10.70023 13.77106 4.65775 1.19019 1.04141 0.36240 1.75858 13.98087 10.02884 11.77597 7.24792 8.20541 5.56183 6.34384 9.32693 10.92148 15.80048 12.63428 10.63919 12.19559 3.12805 16.08658
0.00000 0.00000 0.00000 0.32806 1.52588 0.27847 1.63269 5.34821 11.08551 13.36670 132.75146 16.05988 2.63977 2.81143 1.29700 1.30463 1.97601 10.84518 15.75470 10.50186 6.06918 8.93784 12.47787 11.65390 16.30020 109.77554 45.86792 17.12418 6.85883 4.48608 10.55527
0.00000 0.00000 0.00000 0.01907 1.68610 6.71005 9.49097 13.16071 10.99777 17.02499 25.69199 15.97214 10.70404 7.68280 21.20590 32.11212 6.64902 3.43323 11.47079 8.07190 6.19507 13.51929 6.44302 17.15088 31.44455 50.30823 44.50226 37.30011 36.83090 10.47897 8.59833
0.00763 0.00000 0.00000 0.03052 0.55695 0.70953 19.51981 54.92783 79.37241 14.16016 10.47134 11.73019 6.69479 10.86044 90.27863 55.71365 34.59549 67.33704 59.37195 45.58182 49.12186 82.58438 91.11023 44.89517 5.22995 1.52206 37.10938 31.92520 36.51810 6.65283 5.43213
0.02289 0.07629 0.15259 0.32806 0.33188 0.34332 1.88828 21.10291 19.65332 31.25000 59.56268 19.24515 12.42447 26.80969 5.56564 3.04413 30.73502 13.95035 6.06537 20.18356 12.49695 5.88989 13.54218 42.33551 8.01086 4.27628 21.01898 126.81198 118.59131 10.73074 3.84140
0.25940 0.76675 0.67139 0.49210 0.03433 0.65231 0.60272 3.09372 13.31329 53.81012 30.02167 12.71820 3.55530 1.88065 6.34003 1.18637 3.47519 0.90790 1.13297 0.38528 3.60107 13.23318 84.55276 10.81848 3.30353 9.87625 1.86157 7.02667 34.67560 21.65222 7.04193
0.20599 0.67520 1.64413 3.08228 1.07956 0.87357 0.33569 1.30844 0.70953 2.09427 9.87244 4.01306 1.01852 3.26920 4.79507 5.31006 5.04684 0.71716 1.85013 1.91879 6.06918 4.33731 5.48172 3.80707 20.31708 1.49536 3.25775 4.79507 13.71002 14.65225 13.58795
0.78201 1.44577 0.59891 1.19781 2.83813 1.80054 0.65994 1.06812 2.04849 1.03378 0.98801 5.84793 2.87247 2.86865 6.64139 1.01852 0.13351 0.64468 7.88498 17.38739 6.56891 19.36340 9.34982 18.10074 13.74054 2.06757 1.06812 1.86920 3.33023 3.87573 6.59943
1.73950 2.33078 0.20981 1.25885 1.73569 0.24033 0.40436 1.19019 1.01852 1.03378 1.66321 0.99945 1.19781 1.48773 0.38147 0.76294 1.98364 3.26920 2.25067 3.29208 2.84958 22.11761 24.99390 44.40689 4.09698 2.14386 2.44141 0.63324 6.21414 32.56226 19.67239
2.31934 0.59509 2.60925 4.48227 3.54767 1.28937 1.44577 1.67847 1.73187 2.24304 4.29153 1.07193 0.46921 0.30899 0.42343 0.78201 0.35858 0.25940 0.86212 1.83487 4.11987 12.22992 28.43475 42.30881 12.30621 0.30899 2.23541 2.96021 2.02942 4.44412 1.61362
3.50952 5.00870 3.42941 22.64404 1.04141 2.76947 2.20490 1.86539 3.33786 3.31879 4.97818 1.60980 0.72861 0.68283 0.92316 2.01416 1.31607 0.66376 1.45721 1.26266 4.80652 13.12637 22.81570 41.43906 43.99872 6.83975 3.19290 12.79831 2.06375 1.55640 0.67520
