DATA/RAW-RASTER/ECMWF/20170628/EN-37/20170709.en-37.asc
ncols			31
nrows			16
xllcorner		69.5
yllcorner		19.5
cellsize		1.0
NODATA_value	-99999
3.15857 5.13458 8.38470 1.51062 0.06866 0.00763 0.16022 0.00000 0.09155 2.10571 0.19073 0.20599 1.09100 0.64087 1.11389 2.22015 2.04468 2.30408 1.57928 3.96729 4.95911 3.92914 1.69373 1.55640 1.99890 0.69427 0.02289 0.03815 0.00763 0.05341 0.26703
0.41199 3.51715 7.36237 13.16833 4.07410 0.03052 0.00000 0.16785 0.11444 1.04523 4.02832 0.61798 0.46539 0.83160 0.84686 1.32751 1.51062 2.06757 5.53894 7.95746 6.50024 5.72968 2.08282 0.93079 0.66376 1.33514 1.28937 1.57166 0.94604 0.28229 0.20599
0.15259 0.51117 7.60651 30.60150 21.27075 11.59668 2.38037 0.00000 1.60980 0.09918 1.44196 3.08228 0.25177 0.24414 0.05341 0.52643 1.05286 2.71606 3.54767 2.64740 2.89154 3.05939 1.02234 0.61035 0.36621 1.19019 1.60217 1.10626 1.70135 1.71661 1.19781
0.16022 0.00000 0.57983 4.18854 12.06207 21.10291 15.82336 22.14050 1.16730 1.59454 2.73895 0.36621 0.09155 0.54932 0.21362 0.22888 1.72424 1.08337 0.55695 1.15204 1.19019 0.54932 0.79346 0.27466 0.57220 0.24414 0.93079 0.58746 0.81635 0.90790 0.46539
1.28174 0.00000 0.00000 0.06104 1.60980 11.93237 7.95746 36.08704 10.54382 3.34930 3.75366 9.74274 9.68170 5.95093 6.63757 5.68390 14.00757 10.32257 3.82233 2.63977 1.12152 2.39563 4.15039 6.98090 5.43976 6.24084 2.86865 0.22125 0.21362 0.39673 3.84521
0.31281 0.00000 0.00000 0.00000 0.00000 0.02289 0.20599 22.40753 24.67346 26.51215 13.61847 11.09314 7.03430 5.94330 8.04138 12.58850 9.15527 16.36505 11.72638 6.74438 7.27844 6.66046 13.19122 9.23157 15.49530 11.29913 5.05066 1.95312 0.32043 1.78528 8.23975
0.00000 0.00000 0.00000 0.00000 0.00000 0.03815 0.03052 2.00653 5.37109 38.42926 16.93726 32.89795 8.16345 9.65881 5.31769 4.38690 7.35474 17.72308 11.65009 2.89917 9.19342 10.24628 15.60974 18.08929 23.60535 25.20752 9.09424 8.29315 0.90790 2.79236 4.98962
0.00000 0.00000 0.00000 0.00000 0.00000 0.00000 0.16022 0.69427 1.64795 3.40271 7.18689 10.54382 6.09589 6.11877 94.49768 24.42932 31.79169 7.98798 7.12585 14.16779 9.36890 6.07300 5.21851 22.02606 5.59998 11.73401 22.91870 12.43591 21.64459 15.30457 18.24188
0.00000 0.00000 0.00000 0.06104 0.05341 0.00763 0.00763 0.01526 0.56458 1.75476 3.55530 3.49426 12.96997 19.11163 19.17267 25.55084 21.38519 87.79907 77.52991 65.38391 22.31598 68.20679 49.47662 3.62396 2.01416 2.16675 12.19177 24.13177 30.50995 14.05334 17.99011
0.01526 0.10681 0.64087 0.67139 0.22888 0.03052 0.12970 0.28229 0.66376 0.97656 1.32751 1.19781 0.96893 12.54272 9.01794 22.67456 30.05981 17.20428 4.92096 2.88391 4.11987 14.28986 20.59937 0.05341 12.79449 10.84900 15.55634 27.19879 29.63257 16.28876 10.42938
0.42725 0.99945 0.69427 0.82397 0.05341 0.04578 0.04578 0.51880 0.13733 0.20599 1.01471 1.16730 1.31226 10.23865 7.97272 9.17053 0.41962 1.98364 25.30670 27.38190 14.86206 17.10510 82.96204 44.13605 11.61194 14.73999 17.44843 11.70349 8.05664 6.56891 10.18524
0.25940 0.97656 2.20490 2.29645 1.90735 0.57220 1.83868 1.81580 0.75531 0.22125 0.16022 0.09918 0.38147 0.14496 0.16785 0.04578 0.29755 4.81415 54.21448 15.48004 23.20099 14.40430 15.64789 6.21033 6.42395 2.65503 3.61633 3.31879 5.30243 5.65338 4.70734
0.41199 0.64850 0.29755 1.12915 0.93079 0.99182 1.63269 3.56293 0.49591 0.28992 0.19073 1.39618 0.48828 0.25177 0.36621 0.44250 1.77765 9.23157 70.52612 40.41290 10.21576 3.30353 2.96783 13.99231 5.78308 3.73077 0.13733 3.78418 3.79181 1.39618 7.50732
0.96130 1.64795 0.24414 2.78473 1.62506 0.44250 1.06049 3.68500 1.12152 0.20599 0.16022 0.23651 0.14496 0.22888 0.27466 2.17438 6.39343 11.12366 22.99500 30.86090 15.94543 10.71167 16.59393 8.70514 0.75531 0.95367 2.15912 9.57489 12.19940 4.08173 4.00543
1.26648 2.00653 1.13678 1.62506 2.32697 1.06049 1.13678 1.27411 0.33569 0.76294 0.09155 0.06104 0.03815 0.21362 0.11444 0.26703 1.61743 1.52588 2.89917 8.95691 5.73730 5.87463 8.20160 22.49908 5.30243 0.73242 1.51062 5.56946 30.23529 7.78198 5.01251
0.70953 0.68665 1.83105 2.97546 1.99127 0.50354 0.63324 3.19672 4.91333 1.09100 1.05286 1.13678 0.93079 0.19836 0.34332 1.66321 10.23102 1.23596 2.52533 1.89972 5.37872 4.11224 3.99780 12.56561 14.42719 3.81470 3.36456 3.23486 1.00708 2.38800 15.09857
