DATA/RAW-RASTER/ECMWF/20170628/EN-37/20170628.en-37.asc
ncols			31
nrows			16
xllcorner		69.5
yllcorner		19.5
cellsize		1.0
NODATA_value	-99999
2.97928 9.40323 5.28526 8.15582 12.09259 5.98335 5.57709 9.87434 4.25720 0.19073 2.01225 8.30841 8.09097 5.32722 8.25882 2.96021 4.45175 1.43242 7.22694 6.59180 2.56348 1.12343 0.61798 1.03378 1.75095 0.83923 0.80872 1.84250 2.33269 2.03705 4.00352
5.15556 14.88876 13.05389 4.11606 7.82394 13.20457 6.65474 4.17519 10.13184 2.74849 1.42288 1.69182 6.11496 4.19044 4.81606 6.90651 9.02557 6.24466 13.24654 12.92038 12.11166 11.45554 5.95093 1.27029 0.96512 0.80872 0.30899 0.87929 0.99564 0.98991 3.14903
15.41901 22.64595 36.82137 14.65225 21.17729 7.16209 20.25032 11.43265 4.81796 1.67465 0.76675 1.66702 2.44141 1.29890 4.43649 2.48146 6.30188 4.33731 4.76456 5.84793 9.74464 13.87978 12.01820 6.15311 1.73950 0.97847 1.44005 0.63896 0.45586 0.96321 2.05231
16.42609 24.55902 16.88194 14.22691 9.95445 38.70773 19.91653 16.64352 10.06317 0.72098 0.74196 0.85831 1.10817 2.70844 1.55640 1.31607 8.47244 8.54301 3.13759 4.63676 3.70216 17.80701 13.83972 5.50652 0.50926 0.00000 1.12152 0.54932 0.64278 1.45721 5.90897
8.70323 22.05276 39.67094 14.17923 20.97130 28.48053 17.33208 6.60515 12.33864 2.48146 0.06104 0.00000 0.41389 0.77629 1.51825 3.87001 1.32561 11.32393 6.17218 7.50732 7.33376 10.12230 4.44221 1.01852 1.20544 1.58882 4.37164 2.14195 2.69318 3.26157 7.47681
15.60593 20.50209 20.07484 14.76479 10.60486 21.12007 20.79582 12.44164 1.66893 4.61006 10.85091 3.88336 4.03595 0.00000 0.33569 0.19455 3.40843 4.30870 3.79181 5.75829 7.77817 6.87027 7.86591 6.79398 8.47626 5.71251 0.68092 3.94630 8.57544 6.76918 5.78880
5.98145 14.22691 12.07161 12.30621 18.82362 28.82385 28.26881 21.04759 7.31277 2.14958 3.49045 5.66673 15.97977 2.89154 6.96945 2.95067 1.20544 1.63078 1.98174 6.01196 3.92342 6.13785 8.21877 5.84984 6.19888 12.64191 2.11143 2.88010 3.66592 6.05202 3.12042
10.50186 21.78955 29.24538 14.10675 8.02803 15.24162 18.84460 38.99765 58.04825 22.86911 11.55281 1.02615 0.47874 7.88498 9.30977 26.06392 26.12305 2.62451 1.90163 2.04086 9.55772 12.15744 6.28662 27.65846 59.29947 7.17926 5.08881 2.35558 66.27846 7.37000 11.88469
4.31061 29.52385 8.15010 2.46048 14.25362 6.72340 11.61003 63.62724 40.10582 49.15619 19.36722 1.33324 1.38664 0.77820 0.56648 5.12123 1.05858 8.39043 22.43423 42.74559 36.48949 17.16232 21.91353 7.74002 28.62549 25.72250 5.86700 19.35577 14.46342 3.02887 3.13187
0.00000 1.11389 2.17247 8.24547 3.31879 1.71089 12.47978 39.79492 35.74753 21.66367 21.53778 8.83484 7.26318 1.35040 0.54550 0.36240 0.94795 1.52016 6.83022 5.56374 9.58061 7.14493 21.17538 5.30815 15.39040 20.93506 18.16940 16.04462 19.16122 5.64384 3.44086
0.00000 0.25749 0.59509 0.18883 2.84958 0.77057 5.87463 28.12195 72.74628 58.39157 43.16330 12.43210 7.96318 5.74303 0.32806 0.97084 0.64278 0.65804 1.37138 1.90735 2.05803 12.64381 18.70537 10.68878 13.96370 16.95442 15.52773 25.58136 11.82556 1.91307 3.85857
1.55830 1.95694 1.68419 6.67000 2.74849 7.36427 4.24004 9.31740 19.66858 39.86549 20.77675 16.69121 11.49940 10.88142 3.67355 1.57166 11.14655 2.75612 11.33156 2.87056 1.50108 1.04141 11.77788 21.00563 19.04297 15.74516 10.63347 12.43591 17.99202 21.00945 8.52203
11.60049 3.77274 2.06184 1.06049 2.72369 3.06129 7.98607 43.47420 18.50891 12.59613 37.06932 18.38684 16.00647 8.90732 11.16371 5.67818 13.79585 11.86943 11.24573 3.23486 7.49969 2.17819 1.93977 17.99202 25.28572 4.24957 1.32561 15.43999 19.92989 11.10840 14.32419
5.99098 4.62532 0.96512 5.02014 5.86510 1.69182 1.12915 29.61731 91.26854 7.71904 22.44949 21.86203 10.45609 7.87926 12.94708 14.07242 85.76775 4.68254 8.31604 4.16756 2.52533 8.64029 3.79562 21.94786 52.44637 10.84900 1.73759 13.83972 27.22359 11.99722 13.81302
50.04883 12.69722 13.57269 51.18752 5.85175 4.84467 7.48253 5.84984 31.28815 32.33910 70.82748 28.45001 27.50206 7.35855 5.60379 31.31866 30.74074 6.04820 3.50952 4.78172 2.38037 7.89833 10.12802 16.46996 67.52205 21.06285 2.32506 3.21007 0.72861 19.80400 20.50781
19.79828 29.12712 16.88385 32.84454 3.61252 2.80952 19.03725 23.01979 10.85281 18.41736 56.17523 160.22491 47.33086 83.91762 35.46524 21.84296 11.04355 6.54221 43.01262 13.10539 1.97029 5.75829 15.85579 16.09802 42.28973 7.95555 16.22200 9.83620 0.21553 6.84929 25.24948
