DATA/RAW-RASTER/ECMWF/20170628/EN-37/20170629.en-37.asc
ncols			31
nrows			16
xllcorner		69.5
yllcorner		19.5
cellsize		1.0
NODATA_value	-99999
1.02234 4.90570 1.60980 2.55203 14.93073 12.19559 9.15527 13.55743 12.03918 4.77219 10.94627 16.32118 16.79802 12.35390 16.34979 13.44872 12.89940 8.61359 6.70815 2.02179 1.62697 0.32425 0.48637 0.08202 0.20790 0.11063 0.76866 0.00381 0.00000 0.00000 0.06294
0.44250 3.45039 0.87547 20.09773 10.71739 18.00728 42.06276 32.76062 22.75467 14.20403 7.22504 5.75256 5.75066 3.30162 4.49944 2.96974 6.69098 4.27437 2.82478 0.77057 0.47302 2.36702 6.26755 1.84250 1.80435 0.19646 0.63705 2.22015 1.18637 0.60654 0.13161
11.64627 3.89481 3.41415 2.80571 49.20959 90.97862 114.07280 37.60147 8.99315 1.81770 1.26457 1.77574 2.45476 1.11389 1.37520 1.46103 0.92697 0.85068 2.16103 1.64032 0.47684 3.00980 2.59209 8.50487 12.91847 10.06699 4.81987 0.90981 1.26266 0.89455 0.86784
2.99644 0.45776 1.44958 5.17082 14.81628 137.43973 135.15854 33.78296 32.23419 2.05231 2.13242 0.63324 0.71907 0.40436 0.74577 1.27220 0.45586 0.26512 0.70953 1.79863 4.03023 11.61003 10.78606 13.54599 8.53920 15.30838 13.55362 17.48276 19.33479 1.71471 0.36049
2.80762 1.49727 7.56836 9.21631 27.45056 81.00891 59.98993 15.22255 17.27104 8.23021 0.64850 0.91934 0.80299 1.20735 0.37384 0.01335 0.00000 0.05150 0.74005 0.82016 2.61497 15.26833 9.39369 12.96234 19.49120 19.50645 12.55798 9.08852 19.69528 13.24654 1.93214
0.51689 0.53596 1.03569 8.68988 27.62604 36.90720 31.56853 54.99268 8.43430 19.41872 77.01492 3.41988 1.61934 1.11389 1.81389 0.10872 1.27220 0.54932 0.35477 5.42259 4.38881 11.46317 15.10429 12.99667 14.93073 28.21732 14.84299 7.76482 12.84027 9.67598 11.43074
0.03433 0.91362 3.61633 23.57101 19.72198 27.05002 31.25000 11.16371 28.53966 14.04190 16.16287 17.28058 10.14519 5.75638 0.64087 1.15967 0.30327 0.47493 0.39864 7.31850 4.76837 7.39288 7.18307 10.34164 17.37022 64.58855 39.94370 26.55029 9.17053 10.86617 7.79724
1.51634 6.82831 11.34109 13.41057 18.52989 31.10695 22.85194 41.45622 31.39496 12.23373 9.55200 3.95393 0.75722 2.75993 6.94275 7.96127 4.66728 2.43950 0.62752 7.03812 8.93974 12.55989 5.49126 44.99245 17.46559 36.64780 89.02168 15.67650 84.35440 16.22963 6.65665
0.98228 1.78146 3.89481 4.98962 1.55830 22.50481 24.65439 33.91457 15.19966 17.07649 7.82013 0.79346 1.05667 1.03760 1.21307 1.18065 1.14441 3.74222 7.08389 52.43492 14.11247 15.77187 4.13895 22.10045 36.95679 6.10352 50.15755 118.72673 89.43558 15.05280 1.09291
1.00327 1.71089 0.51117 0.44823 3.13377 5.12695 21.81625 23.82278 33.02574 24.38354 7.91550 0.85068 1.30463 2.41852 1.34277 0.84686 2.09808 1.74522 3.72314 3.10707 6.08253 3.66592 23.45848 1.55449 3.17955 13.40485 6.64711 10.05363 35.99930 3.09753 10.64301
10.95200 0.25749 1.51062 2.45857 2.23732 1.34087 4.82750 25.11024 38.93280 21.93260 18.29910 3.13950 2.88773 1.26457 0.94604 1.11389 1.91689 1.37138 2.67410 3.77274 4.24767 7.01523 12.89940 3.40462 27.27318 14.94980 2.04468 18.18657 33.18405 16.71982 8.91876
70.25719 9.29260 6.65474 6.30760 2.28691 2.11525 0.75722 8.70132 78.83644 38.96713 18.25142 5.64003 4.12178 1.81198 0.45204 0.92125 3.02696 3.53432 6.18553 3.66783 4.57954 2.60353 2.13814 1.16539 9.94873 10.62584 6.70052 11.92856 13.21411 16.43753 3.93105
25.10262 39.08730 11.97052 6.07491 6.05202 8.83675 10.99968 17.31873 190.71770 99.36714 76.34926 29.67644 2.92778 4.19235 6.38771 4.28772 2.79617 2.16484 3.08418 1.52397 7.20787 6.82831 3.33786 7.87163 13.48114 2.38419 0.61989 16.65688 13.06152 16.75415 9.71413
41.40472 42.27638 13.96179 47.11151 16.05606 9.62257 3.62015 23.68736 93.11485 89.84184 20.95032 19.43588 6.81686 3.39890 2.83432 2.60735 1.35422 3.84903 3.61443 2.42233 6.07491 17.99774 2.92206 14.39095 8.63266 2.18201 0.60272 1.45721 29.28162 11.65771 23.98109
43.80989 53.25317 37.40120 35.65979 16.26205 7.85255 2.91443 11.47652 42.36984 18.84079 19.96231 44.43169 58.63571 0.82588 0.78964 0.68474 1.75476 1.23787 11.59859 5.89943 12.89940 17.80510 31.43311 9.65881 1.22261 4.94766 5.44548 4.53568 5.63240 8.08907 12.64763
6.65283 17.63535 31.49986 28.92494 2.59590 2.18964 3.58772 6.10161 4.73213 4.11034 13.28278 6.80733 0.61798 0.31471 0.39864 0.89645 2.31934 0.70572 5.36156 11.97624 9.69315 14.56261 26.27563 33.64754 24.71352 8.34274 12.59995 13.62610 0.67711 6.59943 10.92720
