DATA/RAW-RASTER/ECMWF/20170628/EN-37/20170707.en-37.asc
ncols			31
nrows			16
xllcorner		69.5
yllcorner		19.5
cellsize		1.0
NODATA_value	-99999
0.02289 0.00763 0.00763 0.84686 0.00000 0.00000 0.00000 0.03052 0.12207 0.00000 0.00000 0.09155 0.22888 0.77057 1.33514 1.50299 2.26593 2.09808 4.87518 5.85175 2.97546 1.62506 2.57111 7.00378 9.23920 7.02667 23.69690 19.46259 12.73346 13.34381 14.80865
0.00000 0.00000 0.00000 0.12970 0.62561 0.01526 0.00000 0.00000 0.00000 0.00000 0.24414 0.25177 0.45776 0.64850 0.72479 0.77057 1.31226 1.85394 0.83160 2.18201 1.23596 1.83868 1.57166 6.69861 15.54871 16.91437 19.72198 21.31653 19.10400 13.98468 8.23975
0.00763 0.00000 0.00000 0.10681 0.93842 11.23810 0.51117 0.02289 0.21362 0.01526 0.90027 0.25177 0.58746 1.02234 0.48065 0.89264 1.00708 1.50299 0.24414 0.36621 1.47247 1.67084 7.18689 6.05011 5.63812 7.06482 11.39832 12.74872 7.98798 11.69586 2.83051
0.00000 0.00000 0.00000 0.00000 0.14496 1.28937 2.97546 1.66321 0.00000 0.38147 0.70190 2.47192 0.90790 1.77002 0.62561 0.84686 1.94550 0.28992 1.04523 1.18256 1.69373 5.08118 4.12750 7.27844 9.96399 6.82068 6.88171 6.68335 7.74384 10.73456 3.54004
0.00000 0.00000 0.00000 0.00000 0.00000 0.54932 0.11444 1.54877 2.56348 0.83923 0.25940 0.26703 0.70953 4.20380 1.21307 1.20544 0.12207 0.35858 4.12750 4.08936 1.89209 5.30243 6.35529 9.83429 3.84521 4.01306 4.25720 3.85284 15.48004 15.49530 9.02557
0.03815 0.00000 0.00000 0.00000 0.00000 0.00763 0.57220 0.25177 0.81635 0.35095 4.02832 6.76727 0.60272 0.22125 0.00000 0.13733 0.47302 0.32806 0.24414 1.12915 9.48334 15.41138 10.97107 19.03534 16.99829 9.81140 4.10461 1.28174 4.63104 10.10895 12.67242
0.00000 0.00000 0.00000 0.00000 0.00000 0.40436 0.38910 0.77057 0.76294 0.25940 1.30463 1.80817 10.42938 2.45667 0.02289 0.28229 0.90790 1.32751 1.83868 3.15094 4.40979 23.69690 27.54211 11.49750 9.61304 24.78790 21.62170 6.99615 0.92316 3.62396 7.95746
0.00000 0.00000 0.00000 0.00000 0.00000 0.02289 1.25122 1.51825 2.20490 1.47247 1.09863 2.39563 0.79346 1.28937 3.16620 9.01794 12.71820 0.54932 3.80707 6.61469 3.98254 18.91327 11.94763 22.36176 48.95782 94.46716 41.32080 20.68329 20.79010 1.99890 1.85394
0.00000 0.00000 0.00000 0.16022 0.00000 0.01526 0.61035 0.13733 0.03815 1.16730 0.05341 0.49591 0.59509 0.79346 0.57983 3.34167 3.33405 9.85718 24.62006 49.30115 51.49841 56.14471 31.12030 76.39313 7.27844 9.85718 46.05103 104.05731 40.47394 3.62396 0.83923
0.00000 0.00000 0.00000 0.00763 0.19836 0.09918 0.00000 0.02289 0.00000 0.00000 0.00000 0.02289 0.06866 0.46539 0.37384 0.44250 1.86920 3.98254 13.38196 20.96558 42.06085 8.47626 6.95801 4.01306 9.33838 10.71167 29.78516 18.99719 18.24188 6.75964 0.97656
0.24414 0.08392 0.30518 0.19836 0.03815 0.06104 0.12207 0.22888 0.07629 0.00763 0.00000 0.00000 0.00000 0.00000 0.00000 0.11444 0.14496 0.11444 0.90790 5.83649 11.08551 24.55902 111.80878 29.47235 16.15906 19.63806 4.52423 7.79724 40.85541 11.10077 1.73187
0.55695 0.45013 1.79291 0.98419 0.93079 1.90735 2.28882 0.76294 0.06104 0.12970 0.01526 0.03815 0.63324 0.42725 0.27466 0.00763 0.00000 0.03052 1.06049 1.61743 6.62994 7.27081 67.00134 15.13672 21.36230 19.86694 18.94379 16.14380 6.08826 7.18689 3.20435
1.11389 1.78528 3.66974 1.63269 1.67084 9.42993 19.13452 1.86157 0.31281 0.01526 0.14496 0.96893 1.25122 5.93567 50.09460 0.98419 0.11444 1.26648 2.04468 0.75531 2.40326 5.34058 46.34857 14.50348 29.31213 4.34113 1.70898 10.54382 24.32251 16.54053 14.61029
0.93079 1.36566 0.03815 2.96021 3.33405 1.64795 2.19727 3.20435 0.38147 0.12970 0.13733 0.35095 0.25177 3.73840 14.08386 10.57434 2.15149 0.16785 0.03052 4.97437 30.49469 14.71710 9.90295 15.23590 1.06049 2.15912 2.35748 1.71661 25.56610 9.16290 10.88715
1.17493 1.50299 0.87738 2.99072 6.28662 4.63867 2.76947 1.50299 0.62561 0.20599 0.63324 0.33569 1.06049 0.22125 2.86865 5.37109 3.91388 0.43488 2.31934 4.39453 7.40051 11.52802 20.81299 12.35962 9.64355 3.37982 3.26538 2.04468 11.13129 38.75732 13.25226
0.69427 3.68500 2.93732 8.36182 2.11334 0.71716 2.16675 2.65503 0.38147 0.31281 0.32043 1.20544 5.16510 5.74493 2.93732 8.03375 12.20703 0.64087 0.19836 0.66376 1.99127 7.02667 15.10620 21.78955 21.37756 4.53949 14.93073 1.44196 2.36511 3.29590 12.03918
