DATA/RAW-RASTER/ECMWF/20170628/EN-37/20170706.en-37.asc
ncols			31
nrows			16
xllcorner		69.5
yllcorner		19.5
cellsize		1.0
NODATA_value	-99999
0.00000 0.00000 0.00763 0.02289 0.00763 0.03815 0.92316 0.32043 1.45721 0.88501 2.05994 3.04413 3.19672 4.97437 3.21960 5.80597 4.65393 4.79126 9.66644 15.18250 14.38141 18.09692 10.88715 11.78741 1.39618 2.23541 3.02887 0.70190 0.93079 3.55530 10.62012
0.00000 0.00000 0.00000 0.00000 1.14441 0.24414 0.57220 3.59344 0.97656 1.09100 5.46265 1.98364 3.79181 4.76837 4.17328 1.76239 1.44958 7.17163 12.21466 5.97382 8.16345 15.67841 7.62939 5.60760 1.68610 1.27411 0.63324 1.35803 1.07574 3.09753 10.57434
0.01526 0.00000 0.00763 0.00763 2.55585 0.83160 1.06812 0.05341 0.41199 0.39673 2.89154 4.21143 3.86810 1.81580 1.25122 1.79291 1.10626 4.28772 8.75854 5.80597 19.53888 19.82880 6.53076 3.46375 0.51880 1.28174 0.53406 4.87518 3.92914 2.25830 5.98145
0.03052 0.00000 0.00000 0.29755 1.65558 1.00708 1.50299 0.77820 0.32043 0.23651 1.66321 4.63104 2.66266 0.60272 1.13678 1.63269 1.74713 5.59998 6.11877 8.98743 19.13452 11.26099 4.73022 2.63977 1.80054 0.83160 1.57166 2.69318 4.13513 20.18738 14.96887
4.12750 0.16022 0.00763 0.00000 0.06104 0.62561 0.82397 2.05994 0.73242 1.18256 0.02289 0.53406 0.49591 0.33569 0.02289 0.80109 2.26593 1.27411 9.55200 7.25555 6.66809 8.91113 11.18469 0.89264 0.14496 8.74329 6.92749 6.85883 12.11548 18.32581 22.92633
2.25830 0.01526 0.00000 0.00763 0.03052 0.81635 1.94550 4.94385 0.70190 0.99945 5.48553 1.11389 2.31934 0.16022 0.42725 2.49481 2.65503 6.27899 7.57599 5.60760 2.28119 7.37762 5.75256 6.17218 7.08008 11.36017 5.29480 0.64850 13.66425 16.89148 15.71655
0.00000 0.00000 0.00000 0.00763 0.01526 0.53406 1.06812 1.68610 0.89264 0.35858 0.28992 3.90625 4.53949 2.54059 1.06049 3.44086 1.63269 1.54877 1.23596 3.98254 9.71985 3.31116 9.97162 2.15149 6.82831 15.02991 24.74976 5.19562 2.76184 1.93787 4.56238
0.00000 0.00000 0.00000 0.00763 0.00000 0.00000 0.27466 0.54932 1.06049 0.35095 0.32806 1.83105 2.92206 9.04083 54.91638 7.94220 31.71539 0.95367 0.96893 2.02179 6.59180 18.00537 4.24194 17.59338 54.24500 47.55402 50.87280 16.82281 43.06793 5.59998 29.42657
0.00000 0.04578 0.01526 0.01526 0.01526 0.00000 0.00000 0.13733 0.26703 0.09155 0.16022 0.52643 0.13733 0.45776 0.83923 2.20490 5.85175 8.97980 34.61456 52.75726 23.80371 29.37317 56.97632 66.24603 5.64575 5.31769 62.69073 30.97534 13.35144 4.33350 15.09094
0.02289 0.42725 0.19836 0.42725 0.58746 0.01526 0.00763 0.00763 0.00000 0.09918 0.03052 0.00000 0.03815 0.11444 0.09155 0.03052 0.09155 0.71716 0.61798 3.34930 12.61902 1.60980 20.56122 21.88873 5.02777 14.48059 30.68542 71.45691 78.26233 38.61237 2.79999
0.38910 1.22070 0.82397 0.51880 0.09918 0.35858 0.53406 1.57928 0.69427 0.51880 0.54169 0.15259 0.00000 0.04578 0.00763 0.01526 0.00000 0.09918 0.40436 2.03705 7.78198 60.94360 89.01978 131.33240 26.74866 38.40637 18.85223 22.62115 48.11859 24.84131 2.92206
0.45776 0.80872 2.71606 2.08282 0.53406 0.40436 0.64850 1.44958 1.25122 0.57983 0.35858 0.54169 0.36621 0.00000 0.03815 0.00000 0.01526 0.20599 0.50354 3.91388 23.91052 17.03644 6.99615 4.49371 24.68109 16.34979 13.76343 17.32635 24.28436 7.89642 20.55359
1.19781 2.39563 0.34332 1.16730 2.13623 1.11389 0.45776 0.95367 0.70953 1.00708 0.44250 0.63324 0.42725 0.19073 0.04578 0.01526 0.26703 0.25940 2.76947 3.02124 4.76837 16.66260 12.48169 22.33887 25.87891 8.52966 6.27136 7.91168 11.13129 15.03754 10.71930
1.38092 1.73187 0.09155 2.27356 2.47192 1.60980 1.30463 2.08282 1.38855 0.61798 1.01471 2.11334 2.55585 0.33569 0.00000 0.06866 0.50354 0.35858 1.77002 9.07135 2.25830 23.38409 2.63214 7.10297 13.11493 2.86865 2.46429 7.90405 8.92639 5.75256 5.72968
1.19781 2.52533 2.84576 4.18854 2.28119 1.41907 1.31226 0.37384 0.59509 0.59509 0.70953 1.57928 1.33514 0.26703 0.07629 0.01526 0.65613 0.22125 0.11444 1.50299 5.14221 5.69153 12.95471 4.91333 5.96619 0.77820 1.66321 1.83868 5.31769 4.20380 4.42505
1.19781 1.67084 2.89154 8.46863 1.49536 2.01416 0.46539 1.02234 0.44250 0.66376 0.71716 3.46375 1.90735 0.25177 0.10681 0.03815 0.16785 0.24414 0.25177 0.21362 2.47955 4.27246 10.86426 17.24243 19.53888 4.15039 10.21576 1.76239 1.19019 2.60162 8.72803
