DATA/RAW-RASTER/ECMWF/20170628/EN-37/20170712.en-37.asc
ncols			31
nrows			16
xllcorner		69.5
yllcorner		19.5
cellsize		1.0
NODATA_value	-99999
3.42560 1.39618 0.51117 2.23541 3.23486 6.98090 4.55475 1.20544 0.55695 1.19019 1.82343 0.92316 1.64795 1.44196 4.15039 2.12860 0.65613 0.67139 0.65613 1.15204 0.38147 1.43433 0.71716 0.19073 0.51880 0.59509 0.51880 0.77057 0.67139 0.16022 0.74005
0.24414 0.87738 0.35095 0.40436 3.26538 0.37384 0.32043 2.44141 2.22015 0.30518 2.21252 2.31934 2.67792 1.86157 2.45667 1.06812 1.58691 3.73077 5.87463 3.89862 4.84467 4.90570 0.21362 0.19836 0.32043 0.43488 0.96130 0.90790 1.83105 0.86975 1.83868
0.60272 0.80872 0.04578 0.29755 0.78583 0.92316 1.21307 0.20599 0.07629 0.07629 2.60162 3.07465 2.70081 3.96729 4.26483 5.01251 4.60815 12.31384 8.28552 8.29315 11.23810 12.05444 8.52966 14.00757 5.84412 0.55695 0.74768 0.41199 1.22833 1.15967 1.54114
0.57983 2.50244 0.16022 1.09100 1.61743 11.40594 7.34711 0.09155 0.12970 0.19836 1.02997 1.97601 0.84686 5.44739 11.00159 10.93292 4.59290 2.51770 4.13513 2.60925 1.02997 2.82288 3.10516 4.46320 7.27081 4.33350 4.04358 4.99725 1.68610 1.82343 0.59509
0.56458 0.12970 0.37384 0.80109 2.13623 5.98145 9.87244 2.09808 2.88391 0.05341 0.05341 0.50354 1.42670 2.41852 1.02234 4.27246 5.96619 5.45502 1.41907 1.18256 1.06812 2.14386 5.01251 3.86810 1.87683 0.85449 1.22833 5.29480 17.31110 6.56891 10.14709
1.49536 0.05341 0.13733 1.95312 1.77765 2.30408 5.62286 6.11115 1.16730 4.28772 6.22559 1.56403 0.68665 0.61798 1.01471 1.41144 1.97601 5.43213 6.34766 2.18964 5.10406 8.49915 5.90515 14.42719 6.38580 6.03485 3.68500 1.00708 4.30298 12.97760 14.71710
0.00000 0.00763 0.19073 0.95367 2.04468 1.96838 4.88281 2.99835 2.17438 0.89264 0.57220 4.63867 8.81195 0.99945 1.22833 3.14331 2.92969 3.62396 13.19122 20.70618 11.68060 8.24738 16.64734 7.36237 5.33295 14.09912 3.86047 3.25012 0.90790 0.86212 2.38800
0.00000 0.00000 0.00000 0.10681 0.59509 1.93787 3.24249 1.61743 0.54169 1.26648 1.72424 3.56293 9.82666 12.38251 15.85388 19.06586 19.20319 16.15906 1.95312 3.63922 5.54657 11.95526 5.37109 18.03589 21.53778 13.31329 9.40704 6.72913 16.05225 2.42615 2.89154
0.00000 0.00000 0.00000 0.38147 1.48773 2.73132 6.33240 1.83105 1.50299 2.05231 1.86920 1.48010 4.73785 12.27570 3.42560 10.38361 20.09583 30.34210 56.90765 11.59668 17.66205 6.90460 8.17871 6.43921 12.31384 13.77869 12.41302 33.75244 27.55737 8.34656 6.88934
0.00000 0.00000 0.00000 0.37384 4.05121 9.30023 5.57709 2.78473 11.12366 9.50623 10.01740 2.64740 13.77869 7.37000 12.48932 10.35309 25.34485 19.95850 17.23480 3.94440 2.18964 5.79834 7.40051 1.07574 4.47083 13.97705 3.71552 12.72583 9.42230 13.75580 8.66699
0.35095 0.54932 0.11444 0.02289 4.98962 29.46472 19.77539 21.59882 10.11658 18.38684 9.98688 9.13239 10.37598 19.68384 12.80975 11.13892 1.96838 6.69861 9.79614 0.84686 1.24359 1.20544 1.73187 5.59235 2.81525 3.56293 4.34113 2.51007 4.81415 13.59558 2.50244
1.00708 1.05286 1.24359 0.45776 0.64850 10.78033 28.55682 19.77539 27.13013 21.76666 16.26587 4.07410 9.22394 31.66962 4.52423 5.50079 3.31116 4.88281 1.61743 5.18036 8.33130 12.22992 19.40155 11.11603 9.59778 1.62506 4.91333 3.74603 2.10571 16.62445 7.40051
1.95312 1.55640 1.09863 0.20599 7.59125 5.58472 18.85223 15.34271 19.06586 20.61462 21.51489 10.64301 8.42285 14.83917 32.61566 13.26752 8.03375 1.43433 1.46484 2.63977 2.92206 5.95856 13.82446 10.19287 3.57056 5.64575 17.31110 26.46637 15.60211 5.02777 5.99670
2.62451 1.31226 0.17548 2.38037 5.70679 5.38635 14.70184 23.52905 23.71216 17.89856 12.84790 7.13348 27.03094 37.59766 12.11548 4.05121 6.91223 2.17438 4.07410 1.37329 1.25885 11.92474 6.51550 7.92694 1.37329 7.57599 9.04846 8.24738 1.55640 3.13568 2.44904
4.01306 3.87573 3.02887 6.61469 6.28662 5.18036 3.03650 12.33673 16.22772 5.40161 8.58307 10.00977 11.11603 21.36993 14.90784 8.34656 13.93127 1.38092 0.45013 0.61798 2.89154 7.84302 2.04468 3.41797 3.29590 9.62067 0.48828 12.44354 6.82068 8.55255 4.82941
3.13568 7.10297 7.65991 11.00922 4.14276 2.80762 1.77002 7.27081 18.54706 5.27954 23.04840 6.92749 15.19012 24.13940 12.45880 18.48602 4.87518 0.67902 0.49591 0.09155 1.07574 1.66321 2.48718 15.04517 9.80377 3.18909 5.43976 13.03101 7.55310 7.16400 21.89636
