DATA/RAW-RASTER/ECMWF/20170628/EN-37/20170701.en-37.asc
ncols			31
nrows			16
xllcorner		69.5
yllcorner		19.5
cellsize		1.0
NODATA_value	-99999
0.64468 2.61307 0.75912 2.74658 5.42450 1.36566 0.74387 0.41962 0.76675 0.54550 1.79672 2.49100 2.86102 3.81470 1.41907 1.24359 7.00760 2.03705 1.40762 4.99344 6.96182 5.06973 4.47845 3.45993 3.02505 2.17438 4.98199 2.16293 3.47519 7.25174 9.89151
0.04196 0.50354 1.01089 3.85284 2.86865 1.28555 2.40326 2.91824 3.68500 1.44958 4.98581 9.20105 11.14655 6.46210 3.63922 0.88882 0.83160 0.54932 1.13297 2.22015 0.94223 2.55966 4.79507 2.17819 3.55911 7.86972 2.14386 1.53732 3.56293 7.51495 7.53403
0.02289 0.71335 0.03433 1.01471 0.32806 16.99829 13.48114 4.35638 2.71225 2.39182 1.05286 1.77765 7.30133 4.95911 2.52533 9.71985 16.44897 3.46375 0.64850 0.94604 1.47247 5.58472 3.62015 9.02176 5.44357 9.90677 20.65659 9.73511 5.71442 6.50787 12.73346
0.04196 0.03815 0.00000 0.13733 0.91171 11.12366 10.98251 4.35638 5.91278 1.15967 1.27029 1.64413 1.36948 1.20926 0.35095 3.42560 8.62503 3.21579 2.02942 3.31879 2.51389 5.98907 5.88989 7.65991 7.93839 7.66373 8.70514 20.24078 15.54489 7.62558 15.03754
2.95258 0.00381 0.01526 0.00381 1.34277 23.50235 11.34491 11.78741 3.13568 0.20218 0.13733 0.06104 1.48773 1.00327 0.98801 1.92261 0.77438 2.20871 7.95746 6.34766 7.52640 6.72531 2.16293 6.48880 0.54169 0.58365 1.64032 3.33786 5.29861 11.32584 15.85007
2.29645 0.00381 0.00381 0.00000 3.14713 17.63916 11.05499 48.02322 21.11435 8.78906 5.97000 9.94873 3.66974 0.80109 1.81961 1.89972 10.70023 5.67245 3.45993 17.55524 13.00049 9.57489 7.73621 6.30951 7.09915 4.30679 1.71280 0.44250 0.77438 15.52200 17.53235
0.01907 0.39673 0.10300 0.36240 1.02615 2.54440 10.33020 15.32745 36.84235 10.03265 11.38687 88.77945 13.48495 13.66806 0.64850 1.91498 0.93079 3.98636 2.71225 16.45279 9.21249 8.80814 7.38907 2.92969 8.09479 87.63123 18.42880 8.29697 2.61688 1.41144 11.85989
0.13351 0.05722 0.52643 1.67465 3.15094 18.96286 10.04791 41.87012 45.15076 18.18848 53.07388 10.04410 8.97598 64.40735 71.75064 61.63406 41.77856 17.37595 9.68933 6.25992 5.93567 17.25388 9.98688 22.19772 20.87784 25.18845 70.66345 52.13165 27.13013 7.14111 2.31552
0.00381 0.18311 1.70135 3.62015 0.96130 6.01196 15.40375 69.00787 6.41632 1.08719 1.77383 3.62396 0.62561 2.02179 5.29861 10.28061 44.10172 101.50146 63.15613 46.41342 105.76630 182.10220 134.69696 21.19827 1.55640 1.07574 25.72250 83.43124 93.73856 14.62936 1.69754
0.22125 0.61798 0.81253 5.15747 6.91223 14.91547 14.45007 6.43539 3.05557 14.28223 5.51224 3.47519 1.46484 0.27847 0.44250 1.92261 7.25937 6.69861 22.55249 11.20377 3.67355 2.27737 61.50055 17.32254 0.95749 9.31168 38.57422 28.27835 43.87283 24.99390 5.29480
0.03815 0.07629 1.59836 7.40051 0.61417 3.46375 32.59277 36.69739 23.50998 28.36990 40.30228 3.29590 0.45776 0.75912 0.18311 3.20053 6.89316 8.20160 6.40488 10.78796 3.25012 8.57162 98.07587 7.60651 4.95529 8.44574 1.10626 4.76074 19.37103 7.83157 7.28226
0.19455 0.21362 1.50681 7.75909 18.14270 9.03320 3.19290 5.46646 18.11600 19.13834 5.42450 1.78528 32.16171 0.90027 2.51770 6.71768 2.47574 2.36511 0.99945 5.23376 17.53616 13.80539 3.07083 0.85449 8.98743 1.70898 0.64087 12.82120 7.92313 6.47354 18.10837
0.22888 0.69046 0.77438 9.51767 15.36179 10.10132 14.34708 23.71979 20.95413 9.72366 57.00302 24.41025 1.06812 0.88882 2.10953 0.35095 0.19836 0.59891 1.74332 12.44354 13.31711 7.33566 3.10898 7.65991 5.53131 1.31226 0.42725 2.24304 4.41360 36.46088 5.81741
0.56458 1.05286 1.10245 13.27515 9.01413 1.59836 11.09695 24.67728 30.71594 88.86719 2.71606 0.92697 0.36621 0.26703 0.48065 0.39673 1.06812 0.55313 1.38092 8.66699 1.35040 24.35303 4.29535 13.91602 6.55365 1.62506 0.07248 1.83868 9.19724 5.26428 5.89752
1.28555 1.32370 7.59506 24.39880 8.31604 4.76456 16.80374 2.14767 8.52203 0.61798 1.73187 0.44632 0.22507 0.03052 0.17548 0.69046 0.33951 0.19455 0.70190 3.86047 6.13022 15.02609 32.90176 11.99341 1.38092 0.30899 1.43051 1.73950 6.32095 11.96671 22.32361
2.44522 5.25665 5.03540 22.01462 3.38364 3.12805 3.97110 2.48337 2.28882 0.31281 0.73242 0.52643 0.67520 0.25940 0.02670 0.78201 0.20981 0.00000 0.44250 1.34659 2.28882 5.75638 7.95746 29.23584 18.73779 2.88010 11.02448 6.21033 3.87955 1.50681 3.95203
