DATA/RAW-RASTER/ECMWF/20170628/EN-4/20170705.en-4.asc
ncols			31
nrows			16
xllcorner		69.5
yllcorner		19.5
cellsize		1.0
NODATA_value	-99999
1.14822 5.92422 2.60925 2.09808 3.65067 0.54932 2.20871 4.26483 0.56458 0.01907 1.07956 1.50299 3.25775 1.72806 2.57111 1.56403 0.99182 0.46539 1.94168 0.99945 3.30353 3.02887 0.45776 0.14496 0.20599 0.21362 0.53406 0.49591 1.30463 5.10788 9.95636
3.07465 0.01907 0.35858 2.36511 2.50626 2.72369 1.38092 0.08011 0.92316 0.11444 0.45013 1.94931 1.47247 2.19345 1.02234 0.39291 1.11389 1.13678 1.40762 1.28937 0.37003 0.27084 0.14114 0.16403 0.25558 1.63651 4.29916 8.94165 8.56400 11.61194 15.15579
0.06866 1.01089 5.45502 2.53296 12.13837 4.97055 3.70026 0.50354 0.00000 0.00000 0.00000 0.01907 0.79727 1.04141 1.22070 0.68283 0.77057 0.90790 3.43323 9.89532 8.64029 3.36838 0.13733 0.32425 0.33569 1.27411 3.85666 8.01849 8.74710 9.73511 8.45337
2.92206 2.02942 2.90680 13.32474 6.10733 20.06912 8.13675 7.66373 0.09155 0.03052 0.04578 1.01471 0.06104 1.17111 7.11060 1.20163 2.41089 3.99399 1.41144 6.81305 14.16779 7.51495 8.34274 7.99179 8.08334 2.60162 4.98199 5.29480 8.30078 9.03702 15.29312
5.77927 0.13733 2.46429 4.89807 4.17709 10.74982 4.75693 10.36835 11.67679 3.78418 0.65231 2.17819 4.17709 7.97653 7.71713 6.19507 7.49588 6.01578 6.42776 7.64465 10.12802 8.22449 9.44138 15.79666 9.57489 5.86700 3.85284 0.87357 5.88226 12.74872 9.32693
3.61252 2.68173 0.17929 0.55695 0.28610 0.36621 3.28064 12.36343 9.11331 12.03918 15.71274 5.66483 7.19833 1.43814 3.18909 3.61633 2.17056 9.61304 10.05936 10.65063 7.46536 18.71872 14.29749 18.13126 17.44080 23.25058 10.07462 0.43869 1.07574 0.24033 4.70734
0.42343 0.16022 0.52643 0.00000 0.00381 0.00000 0.03433 0.80109 5.87845 2.83813 38.70773 80.56259 17.23862 5.57709 0.65613 0.49973 1.18256 1.67465 1.38092 1.49155 4.92859 5.16510 8.75473 11.65009 16.19339 68.23730 28.70941 9.24683 6.79016 0.83923 0.43488
0.00000 0.00000 0.00381 0.00000 0.00000 0.01526 0.00000 0.00381 0.29755 7.84302 14.45770 48.50769 16.09421 11.68823 7.01904 13.74054 7.53021 1.35803 16.11328 15.08331 2.96402 17.28058 3.70026 40.12680 33.70667 44.13223 20.14542 6.17981 17.02118 1.25122 0.81253
0.00000 0.00000 0.00381 0.03815 0.04196 0.08392 0.01526 0.00000 0.00381 3.44467 15.31982 63.24387 100.29221 15.31219 4.98199 4.47845 16.22009 35.00366 80.95932 96.44318 28.29742 79.31900 19.37485 13.56888 22.04895 34.42764 24.60861 98.35815 34.55353 3.56674 0.33188
0.03815 0.14496 0.44250 0.17548 0.70572 0.17929 0.07248 0.26321 0.45395 1.12915 0.75531 1.60980 6.48880 19.88983 5.18417 13.42392 30.73502 7.35474 18.71109 18.09311 30.23911 115.92865 11.61957 5.79453 14.20212 25.40588 23.67020 7.93457 3.89099 1.87302 0.84305
0.25940 0.64468 0.42725 0.33188 0.03052 0.24033 0.00381 0.08774 0.03433 1.34277 3.06702 2.67410 2.56729 4.52042 30.46417 32.62329 34.95026 4.04739 23.56720 27.32468 27.00424 79.39529 48.45047 14.40048 4.60434 3.12042 2.36511 3.21960 5.19562 1.44196 0.62180
0.24414 0.29755 0.88882 2.79236 0.83923 0.99564 0.34332 1.33514 1.85394 0.45395 0.75150 1.07574 3.42560 2.36130 9.46808 19.80972 3.52859 10.68878 19.85550 24.20807 30.51376 37.92953 22.56012 5.84030 14.22882 6.08063 4.27628 17.09747 14.12964 2.15912 1.34659
0.43106 0.74387 0.36621 0.93460 1.76239 1.17874 0.21744 0.07248 0.35095 1.25885 0.72098 0.64850 0.46158 1.16730 1.08337 6.85501 11.08932 25.91324 14.46915 19.08875 30.19333 33.36716 21.80862 11.75690 16.57486 3.25775 1.04904 15.83099 6.31714 2.68936 1.56021
1.19781 1.13297 0.17166 0.33188 2.14005 0.80872 0.72861 1.26266 0.33951 0.02289 1.00708 1.54114 0.04578 0.62943 0.40436 1.13297 1.15967 0.69427 3.15857 11.78741 9.48334 31.41785 21.78574 34.54971 9.56345 0.29373 1.92642 4.06647 6.93130 10.02884 2.09427
1.94550 1.73950 1.07193 6.46973 2.59781 0.31281 0.48065 0.38147 0.30518 0.04578 0.00000 0.19455 0.20218 0.46158 1.23978 0.59509 0.67139 0.00000 1.66702 5.10788 11.65009 17.43317 42.11044 38.81073 31.97098 8.54492 2.76184 10.69641 5.80978 1.78146 4.28391
1.67847 4.50516 5.75638 7.94220 0.56076 0.96130 0.43106 0.55313 0.88882 0.62943 0.09918 1.20163 0.53406 0.45013 2.43378 3.12805 3.81088 0.28229 2.97928 3.00598 7.02667 9.64355 23.56339 33.82874 23.08273 1.87302 14.67133 3.27301 6.89697 0.26703 10.86426
