DATA/RAW-RASTER/ECMWF/20170628/EN-4/20170707.en-4.asc
ncols			31
nrows			16
xllcorner		69.5
yllcorner		19.5
cellsize		1.0
NODATA_value	-99999
6.92749 4.25720 2.73132 1.16730 4.85229 5.23376 2.99072 2.02179 0.69427 0.28229 1.55640 2.26593 2.22015 4.60815 6.07300 8.49152 8.60596 7.30133 8.93402 9.26208 7.48444 4.06647 0.80872 0.22888 0.42725 0.45013 0.09918 0.36621 0.25177 10.10895 20.72144
0.78583 4.39453 6.70624 6.38580 7.51495 1.31226 1.59454 0.68665 2.41089 0.32043 1.48010 1.57928 5.60760 8.68225 14.32037 11.44409 10.66589 10.80322 6.59943 4.57764 7.24030 6.81305 9.02557 10.03265 10.62775 9.71222 9.66644 10.97107 12.55035 19.25659 23.23914
0.92316 6.21033 3.99780 7.17926 8.28552 5.52368 6.40106 0.21362 0.31281 0.00763 0.85449 1.75476 4.88281 9.68933 8.08716 13.87024 9.65881 10.85663 7.28607 4.47083 7.09534 9.91058 10.69641 12.62665 16.52527 19.71436 16.21246 19.30237 18.84460 12.52747 15.56396
1.66321 2.99072 0.65613 7.80487 11.08551 7.65991 6.01196 9.61304 0.08392 0.06104 1.76239 3.16620 6.98090 7.91168 5.17273 4.34875 4.31061 5.14984 7.49969 8.71277 13.48114 12.80212 16.14380 14.44244 14.61029 11.76453 13.16833 14.21356 13.53455 12.03156 9.07135
0.59509 0.00763 0.00763 0.00000 0.03052 2.28119 2.29645 3.95966 8.82721 4.53949 0.23651 5.66101 8.59833 3.76892 3.95203 6.52313 5.22614 4.73022 2.76947 3.28827 6.71387 8.07190 10.81848 10.96344 6.40106 3.86810 2.25830 0.67139 5.65338 6.91223 12.93945
0.14496 0.00763 0.00000 0.00000 0.02289 0.14496 1.78528 3.12042 5.21851 13.29041 18.09692 11.03973 7.98798 7.24030 2.64740 1.73950 5.66864 9.93347 8.03375 8.45337 9.24683 12.29095 12.25281 15.19012 6.66046 3.26538 3.83759 0.63324 0.57983 11.48224 6.75201
0.00000 0.00000 0.00000 0.00000 0.21362 0.03815 0.28229 0.55695 0.91553 4.25720 46.83685 37.55951 41.35132 10.67352 0.93842 2.38037 1.55640 3.47137 2.86865 7.90405 5.25665 5.84412 14.92310 4.88281 9.42230 16.63971 15.35034 5.03540 2.00653 0.96893 5.27954
0.00000 0.00000 0.00000 0.00000 0.00000 0.00000 0.19073 0.52643 0.19073 2.73132 8.34656 21.14105 14.99939 42.25159 31.87561 21.01135 8.07953 1.25122 2.41852 5.71442 2.39563 20.66040 3.31879 18.98193 28.87726 60.66895 68.42804 9.73511 28.41187 3.10516 3.67737
0.00000 0.02289 0.00763 0.00763 0.00000 0.00763 0.00000 0.00763 0.12207 0.22125 15.19012 8.02612 0.49591 2.76184 8.85010 6.70624 1.96838 7.49969 26.00861 41.64886 30.99823 14.45007 19.71436 12.69531 30.47180 14.12964 26.41296 32.93610 30.02930 2.12097 0.96130
0.12970 0.32806 1.08337 0.16022 0.03052 0.00000 0.00000 0.00763 0.01526 0.03052 0.00763 0.00000 0.00000 0.00763 0.67139 1.03760 0.51880 1.11389 6.81305 8.52203 12.95471 64.52942 14.42719 7.68280 3.73840 6.25610 17.61627 8.19397 17.32635 5.88989 6.36292
0.35095 0.70190 0.45013 0.06104 0.00000 0.06104 0.01526 0.04578 0.00763 0.00000 0.00000 0.00000 0.00000 0.03815 1.28174 1.02234 2.22015 0.73242 1.01471 1.78528 23.28491 25.05493 68.26782 17.39502 8.43811 15.09857 7.75146 18.03589 22.94922 3.05176 1.02234
0.15259 0.48828 0.83923 0.86212 0.32043 0.84686 0.75531 0.29755 0.05341 0.00000 0.00000 0.00000 0.01526 0.03815 0.16785 1.16730 0.92316 2.36511 5.51605 3.25775 6.53076 28.46527 7.39288 5.92804 4.04358 4.98199 3.16620 4.11987 1.96838 2.73895 1.73950
0.39673 0.03052 0.12207 0.74005 2.15912 0.70953 0.45013 0.17548 0.05341 0.06104 0.00000 0.00000 0.00763 0.16785 0.05341 0.04578 0.29755 4.21143 6.12640 20.50781 16.85333 17.25769 3.69263 10.46753 19.18030 1.43433 0.16785 7.47681 7.48444 5.76019 1.02997
0.97656 0.41962 0.05341 0.42725 1.41144 0.91553 0.08392 0.39673 0.07629 0.09155 0.00000 0.00000 0.02289 0.02289 0.10681 0.40436 0.67139 4.46320 8.59833 8.59833 5.56946 11.17706 7.50732 13.19885 7.99561 0.62561 0.27466 0.68665 2.18964 3.08228 0.45013
1.34277 1.46484 2.25067 3.25775 2.01416 0.71716 0.39673 0.19836 0.10681 0.05341 0.00000 0.00000 0.05341 0.00000 0.00763 0.04578 0.25177 0.43488 0.00000 0.83160 1.39618 2.57874 5.76019 5.34058 2.07520 0.13733 0.25940 2.93732 1.34277 4.64630 2.50244
1.08337 1.42670 2.87628 5.94330 0.77057 1.41144 0.12207 0.69427 0.25940 0.48065 0.08392 0.00763 0.00000 0.00000 0.61035 0.16785 1.09863 0.06104 0.22125 0.86975 0.81635 3.86810 6.90460 9.24683 4.85229 2.39563 11.18469 0.51117 1.02997 0.38147 1.99890
