DATA/RAW-RASTER/ECMWF/20170628/EN-4/20170706.en-4.asc
ncols			31
nrows			16
xllcorner		69.5
yllcorner		19.5
cellsize		1.0
NODATA_value	-99999
12.54272 1.75476 0.09918 1.15204 3.47137 2.00653 1.83868 4.63867 0.28992 0.12207 1.25122 1.05286 3.00598 1.68610 0.80872 0.88501 4.38690 1.86920 1.86157 5.94330 10.16998 7.64465 7.48444 2.85339 1.80054 2.09808 1.38855 0.42725 2.25067 0.76294 1.19781
2.63214 0.88501 0.79346 5.44739 2.21252 0.26703 2.23541 1.19019 1.48010 1.26648 1.35803 1.44196 1.12915 9.81903 3.36456 4.28772 6.21796 3.95203 5.62286 1.60217 7.88116 3.65448 6.02722 7.44629 2.90680 4.02832 2.52533 0.73242 0.19836 0.08392 0.95367
0.35095 0.28229 4.01306 2.50244 5.87463 2.59399 1.28174 0.22888 1.27411 0.08392 1.19781 0.55695 4.57001 7.75146 16.98303 10.26154 8.30078 7.83539 10.88715 15.33508 12.48169 9.97925 16.20483 5.37109 11.42883 12.73346 2.87628 1.40381 0.25940 0.20599 1.09100
1.83868 0.27466 0.02289 12.77924 1.31226 0.70953 1.79291 6.59943 0.03052 0.04578 1.01471 2.21252 5.31006 9.55200 8.90350 16.27350 11.82556 17.11273 3.94440 7.26318 2.81525 3.99780 6.13403 2.27356 2.34222 0.55695 0.89264 3.60107 1.06049 1.64795 1.62506
0.18311 0.00000 0.00763 0.01526 1.76239 4.97437 0.45013 2.43378 5.76782 1.90735 0.19836 6.07300 2.07520 1.73950 3.59344 10.36835 6.35529 11.15417 5.65338 5.37872 2.67792 6.89697 3.23486 1.05286 1.38092 0.97656 0.67139 6.16455 3.89862 3.04413 2.67029
1.09100 0.00000 0.05341 0.39673 0.08392 1.13678 2.04468 1.75476 4.33350 10.74982 13.36670 5.91278 7.45392 3.25012 18.02063 11.81030 4.73785 10.12421 10.04791 4.66919 8.66699 10.90240 10.21576 3.31116 5.03540 8.95691 3.69263 2.81525 7.88879 11.10840 13.68713
0.00000 0.00000 0.00000 0.00000 0.00000 0.00000 0.00763 0.03815 1.32751 19.56177 3.66211 23.67401 41.58783 26.15356 5.35583 6.06537 4.23431 1.80817 4.41742 2.23541 2.85339 6.95038 12.42828 8.25500 13.88550 49.81995 9.34601 3.83759 5.14221 3.51715 5.82123
0.00000 0.00000 0.00000 0.00000 0.00000 0.00763 0.00000 0.00000 0.31281 32.56989 26.65710 44.83032 78.78113 85.39581 71.57135 94.71130 21.74377 6.25610 8.42285 3.70026 7.79724 7.27844 5.76019 12.13074 28.82385 37.57477 2.60925 9.52148 11.29150 1.96838 2.07520
0.01526 0.01526 0.00000 0.02289 0.02289 0.10681 0.00763 0.00000 0.00000 0.48828 6.93512 38.17749 85.56366 6.66809 11.92474 8.46100 11.52039 38.68866 78.44543 34.01947 36.68976 108.43658 36.30066 17.86041 33.79822 9.29260 10.19287 18.45551 22.06421 2.97546 0.35095
0.12970 0.56458 0.67139 0.12207 0.38910 0.38147 0.38910 0.02289 0.00000 0.00000 0.01526 1.59454 0.28229 1.86920 19.82117 1.27411 1.91498 10.66589 5.95093 4.65393 63.39264 14.91547 22.44568 2.04468 5.28717 37.57477 21.74377 4.29535 8.41522 1.14441 0.44250
0.29755 0.49591 0.58746 0.24414 0.03052 0.12207 0.00763 0.14496 0.01526 0.00763 0.06104 0.22125 0.00000 0.12970 0.47302 1.49536 54.36707 3.80707 0.81635 0.83160 63.87329 18.83698 29.94537 6.80542 1.53351 5.74493 1.80054 6.61469 8.92639 1.03760 0.86975
0.06866 0.30518 0.90790 1.57928 0.35095 1.19019 1.22833 1.07574 0.03815 0.00000 0.05341 0.01526 0.01526 0.00000 0.01526 2.87628 29.67834 10.82611 4.29535 36.17859 85.10590 37.13989 3.07465 0.73242 14.59503 0.69427 8.68225 6.16455 3.29590 2.98309 1.73950
0.21362 0.25177 0.17548 0.72479 1.22070 0.28229 0.12970 1.32751 0.29755 0.57220 0.00763 0.05341 0.00000 0.08392 0.40436 5.01251 5.31006 34.88159 9.85718 20.46204 24.86420 17.01355 8.93402 6.81305 7.88879 2.55585 0.47302 8.90350 13.63373 3.58582 1.21307
0.79346 0.73242 0.07629 0.27466 0.99945 0.43488 2.63214 1.14441 1.16730 0.06104 0.26703 0.26703 0.12207 0.32806 0.46539 1.12915 11.97052 12.17651 9.98688 13.17596 5.02014 16.62445 8.92639 4.63104 4.47845 0.94604 1.19781 4.56238 7.61414 2.97546 0.80109
1.09100 1.76239 1.12915 4.77600 2.88391 2.77710 2.00653 1.11389 0.20599 0.04578 0.34332 0.37384 0.16022 0.12207 0.32806 1.15967 1.63269 5.59998 3.70789 5.20325 5.50079 5.61523 17.75360 10.01740 0.74005 1.74713 1.38092 0.32806 14.67133 4.87518 17.10510
1.49536 1.94550 4.31061 5.00488 0.62561 2.97546 3.57056 1.88446 0.33569 0.17548 0.68665 1.09100 1.88446 0.30518 0.73242 0.25177 0.40436 0.28229 7.03430 2.52533 4.60815 5.34058 13.77106 16.54816 20.24841 10.74219 18.14270 1.26648 3.02124 4.92859 3.73840
