DATA/RAW-RASTER/ECMWF/20170628/EN-4/20170629.en-4.asc
ncols			31
nrows			16
xllcorner		69.5
yllcorner		19.5
cellsize		1.0
NODATA_value	-99999
2.47955 4.47845 1.39999 0.56076 10.97107 6.88171 9.86862 8.87680 5.22614 2.06375 4.78745 6.07300 9.94110 8.88824 7.11060 5.88989 6.71387 1.66702 2.67410 8.09860 6.76727 7.01904 0.98419 0.40817 0.39291 0.77820 0.92697 0.34332 0.20218 0.03433 0.77820
1.72043 1.19019 0.99945 11.92093 18.13126 18.17703 11.56616 7.33566 8.56018 5.57327 5.59998 2.74658 3.39890 3.00598 4.57764 3.14331 3.03650 4.25339 6.44684 5.92422 5.25665 7.79724 14.09149 2.53677 6.48499 2.97165 4.35257 0.79346 1.08719 0.34714 0.00763
1.06049 0.98419 2.09808 34.19113 51.57852 16.73889 17.81464 12.23755 6.42395 1.73187 0.54550 1.67465 2.70844 4.24194 3.32260 2.81143 5.03540 2.89154 8.69751 5.76782 4.16183 3.13950 9.33456 4.52805 12.85553 6.74438 6.76346 3.63922 6.64902 2.76184 0.61417
1.04904 0.61798 1.01471 12.55417 56.12564 64.05640 33.56552 15.52963 19.87839 1.44958 1.36948 0.89264 0.48828 0.58365 3.45612 1.80817 5.37109 3.55911 10.77652 5.00488 16.60156 6.03485 4.89426 6.72531 3.75366 1.64413 11.84082 11.43646 8.15201 9.30405 2.52533
1.39236 1.46484 2.38037 11.20377 31.40640 48.47336 48.10333 17.22717 18.31055 13.44681 0.77057 0.55695 1.43433 0.72479 0.76675 1.01471 0.18692 1.50299 9.06754 11.24573 5.22232 10.07080 8.39233 3.09753 4.23431 4.52423 5.07355 11.46698 19.85550 15.44571 2.76184
1.03760 1.21307 2.41852 7.09534 10.48279 16.62064 34.74808 48.14529 34.50394 31.10123 17.43317 3.10898 2.00272 0.98038 0.53787 1.25885 0.63705 3.31879 7.43103 6.35529 11.14655 13.18359 16.02173 14.69803 22.67075 9.05991 5.42068 0.96130 7.77435 12.15363 16.09802
0.70953 4.03214 2.12860 6.03867 18.21899 16.10565 16.19720 19.88983 19.37485 23.89526 19.86694 27.31323 9.99451 2.58255 0.10681 1.07193 0.98419 0.43488 1.36566 1.35422 10.00595 13.08060 17.52853 14.41956 16.21246 45.38727 26.85928 20.11108 4.04739 3.77274 15.18250
4.63486 2.67792 7.78198 28.56827 3.48282 8.01086 9.51385 10.96344 16.94870 4.51279 21.47293 40.72952 6.41251 4.53186 5.78690 4.18472 5.97382 1.70898 0.20218 1.31226 6.77490 21.62552 7.95364 56.98776 23.61679 227.15759 43.25485 22.69745 72.08252 20.29037 8.87299
5.42450 12.03918 23.37265 8.93402 3.38364 15.75851 7.90405 5.95474 6.04248 12.76779 20.12253 14.84299 16.80756 12.40921 4.94385 12.60376 3.45230 15.69366 33.59985 55.28641 42.25922 18.45551 19.43588 32.52029 64.82315 20.24460 69.55338 90.71732 42.68265 19.20700 8.69751
21.99173 27.04620 33.38623 10.79941 3.80325 9.54437 3.97110 3.01361 9.04846 7.25937 19.15359 18.01682 20.30563 11.65390 22.22443 11.21140 5.70297 12.20322 8.09097 12.94327 12.87842 7.84683 11.90186 10.35690 21.07620 18.29147 26.79825 10.82611 20.62225 7.52258 4.63486
29.72794 31.53992 16.23917 7.84683 8.06046 6.22559 0.63705 2.83432 2.35367 9.25446 11.21521 24.62387 23.58246 21.51871 9.28116 5.04684 10.34927 3.06320 6.80923 3.28827 9.81903 15.62500 38.42163 17.58957 46.56601 38.16605 3.63922 4.75311 10.76508 5.76401 3.91006
18.29529 17.51328 35.64453 30.48325 9.70840 4.11224 1.18637 2.09808 3.65448 5.90897 9.28116 10.02121 10.48279 20.77103 1.96838 12.32529 6.53076 3.97491 3.52097 5.16891 2.79236 6.85501 3.54004 23.20480 16.00266 0.59509 0.89645 0.60272 1.83487 7.09915 7.81631
97.02301 57.43408 15.65552 5.31006 4.36401 1.13678 3.93677 2.73132 2.31552 2.99072 3.21198 3.73840 4.85992 11.10077 9.80377 5.13458 2.23160 1.73950 2.06375 1.81198 5.95474 4.58145 18.15033 7.46155 18.52036 0.71335 0.04578 1.04523 3.20816 7.57217 14.46152
17.44843 4.98962 0.90790 3.39127 1.52588 0.44632 5.18036 3.56293 1.41144 4.05121 14.57214 9.55963 3.37601 9.88388 10.15854 20.18356 2.62451 9.64737 2.75421 8.71658 8.86917 7.25937 1.89972 9.67789 23.31924 0.29755 0.91934 1.10626 4.82941 1.37711 5.58090
23.50616 12.75253 3.09372 20.21027 2.08282 0.67139 0.47684 5.75638 14.32037 1.34659 6.36292 3.69644 15.13290 12.90131 20.73669 9.55582 22.14050 4.83704 7.12967 10.82611 7.25555 3.31879 9.86099 29.87289 5.89752 8.18634 4.13513 1.52969 0.12970 6.25610 5.36728
13.99231 8.43811 17.99774 45.49408 4.48608 0.94604 1.20544 1.68991 0.24414 0.48828 9.65118 0.99564 3.15475 6.78635 16.87622 36.18622 9.58252 4.93240 9.22012 17.03262 11.33347 17.79938 16.35361 23.36884 14.41193 40.07339 3.68500 4.94003 0.69427 0.72479 12.03156
