DATA/RAW-RASTER/ECMWF/20170628/EN-4/20170704.en-4.asc
ncols			31
nrows			16
xllcorner		69.5
yllcorner		19.5
cellsize		1.0
NODATA_value	-99999
1.89972 0.89264 0.29373 0.75150 3.09753 0.01526 0.18692 0.90408 1.06049 0.00381 0.55313 2.19727 2.33078 2.27356 2.16675 4.42505 11.42883 11.09695 2.26212 1.00327 6.15311 9.52148 9.49860 7.47299 5.07736 8.99887 10.39124 2.76947 3.92914 18.88657 9.39178
1.11389 1.54495 2.02560 1.30463 0.90790 0.01144 0.17929 0.14114 0.27466 0.22888 0.60654 1.56021 2.04468 5.39017 1.81580 1.56403 1.85394 5.73349 0.82779 2.04849 2.49481 6.82831 9.77707 15.12146 19.36340 22.28928 19.39774 16.52145 18.18085 8.17108 2.40326
1.52969 1.67847 0.30518 0.22125 0.12970 2.48718 1.86539 0.13733 0.05722 0.08392 0.21362 0.03433 0.52643 1.49536 0.79727 3.52859 5.23376 3.30353 1.43433 1.85776 4.42505 5.58853 6.41632 7.12204 12.86316 16.63971 9.97925 9.63974 5.31769 1.39999 1.48010
1.00708 1.11008 0.08392 0.22888 0.74387 0.12970 2.36511 10.94818 0.02289 0.00763 0.00763 0.34714 0.03815 1.60599 3.68118 1.01852 5.45883 8.11386 13.81683 5.35583 10.27679 7.06863 13.25989 12.23755 16.72363 4.73404 1.94931 8.68225 4.07791 3.57437 3.07083
6.59180 0.00763 0.00000 0.01526 0.00381 0.23270 1.38092 1.35803 2.85721 0.45776 0.11826 0.49591 3.09753 6.31714 7.91931 8.40759 11.21521 7.48062 8.14056 9.55582 11.06644 12.91656 14.14108 12.45880 7.59125 2.20108 0.60272 2.04849 5.33676 1.74713 3.70026
0.78964 0.00763 0.00000 0.00000 0.00000 0.00000 0.45013 0.27466 4.19998 32.59277 18.67676 16.47568 17.31873 8.48770 8.78143 10.57816 9.36127 18.52036 11.60049 9.80759 6.85501 14.73618 19.79828 11.99341 9.22012 1.77765 3.08990 0.42343 0.73242 7.61414 5.09262
0.00763 0.00000 0.00763 0.00000 0.01526 0.00000 0.01144 0.22125 1.11008 9.48715 5.95474 106.84204 53.64990 16.17432 7.47299 5.53894 2.17438 8.94928 1.36185 5.66483 4.58908 4.19617 7.76672 12.35199 11.27243 52.62375 23.52524 6.25992 6.18362 2.46429 6.44684
0.00763 0.00000 0.00000 0.01144 0.07629 0.01907 0.00000 0.07629 0.72861 7.67136 16.07513 45.51315 18.90945 56.60248 41.23688 27.05765 30.83420 1.42670 10.96725 3.49808 13.16833 24.77646 5.69534 23.57101 23.36884 121.51337 160.69412 49.59106 41.11481 8.31223 1.26266
0.00000 0.00000 0.01526 0.13733 0.24796 0.00000 0.00381 0.00763 0.01526 5.63431 62.04605 73.09341 47.56927 17.80701 7.74384 11.99722 8.71658 18.62335 109.08127 77.59476 28.54919 102.06985 73.88306 90.24811 10.10132 3.37982 43.23578 91.79306 84.06448 15.14435 6.48117
0.10681 0.75531 0.91553 1.30081 1.98364 0.24796 0.68665 1.15204 0.89264 0.12589 20.35904 111.54556 43.52570 32.54318 8.42285 13.13782 14.72855 13.96561 17.39502 23.61298 22.83096 9.73511 60.35995 7.64465 1.88828 2.00272 28.13721 50.42267 74.26071 24.31870 13.11111
0.53406 0.90027 1.58310 0.82779 0.16785 0.21744 0.00000 0.54169 0.34714 0.10300 9.61304 53.05099 53.75290 165.04288 13.89313 4.79126 11.66916 13.23318 7.49969 4.10461 21.40427 14.81628 76.82037 5.55801 10.86044 16.08658 8.14819 11.28006 40.64178 16.52908 10.74982
0.41580 1.11008 2.23541 5.59235 1.94550 1.21689 0.24796 0.20218 0.72098 0.33951 3.96347 8.67844 22.76230 91.17508 28.71323 2.84576 6.73676 25.49362 21.99554 17.59720 32.07397 28.14102 2.42233 5.24521 14.79340 8.45718 9.91058 11.00159 13.21411 18.10837 5.87082
0.78201 1.89209 0.64850 1.85013 1.01852 0.71335 0.54169 1.01852 3.01361 1.05286 0.32043 3.09753 12.09641 33.39005 1.68610 1.02615 0.72861 3.33023 16.52908 25.12360 18.22662 44.99435 21.74377 50.19760 17.70401 3.73077 5.66483 12.53891 9.45663 11.07025 10.35309
1.74713 1.51443 0.15640 1.75476 2.93732 0.52261 1.00708 1.71280 0.81635 0.88501 3.44849 0.84686 1.20163 0.53024 16.33453 16.38031 4.17328 4.90952 11.60431 6.29044 18.08548 51.95236 67.92831 27.64893 3.93677 1.95694 1.70898 3.93677 17.20810 22.79282 8.32748
3.57437 4.64630 4.18854 5.66864 6.30569 1.69373 1.37711 0.29755 0.31662 0.17548 1.81580 1.69373 6.24084 1.30844 7.15256 3.50571 0.99564 0.55695 4.40216 10.12039 22.86530 35.32791 81.01273 56.59103 32.01294 11.92856 3.42941 1.89209 1.58310 12.24136 9.64355
3.26920 6.88171 7.40433 12.50839 1.83868 2.50244 2.86102 1.75476 0.07629 0.03433 0.74387 3.08990 2.35367 0.68283 0.42343 0.28610 1.73187 0.08392 6.98471 12.91275 30.13611 30.17426 60.02426 50.60577 59.07059 7.10297 5.82123 4.97437 4.24194 2.29263 6.77490
