DATA/RAW-RASTER/ECMWF/20170628/EN-4/20170708.en-4.asc
ncols			31
nrows			16
xllcorner		69.5
yllcorner		19.5
cellsize		1.0
NODATA_value	-99999
1.52588 0.70190 1.82343 0.57220 0.12970 0.37384 0.06866 0.04578 0.05341 0.45776 0.02289 0.10681 0.10681 0.51880 0.74768 1.76239 1.57166 1.50299 4.00543 4.67682 9.39178 6.08826 6.91986 5.46265 6.94275 5.36346 5.82886 2.86102 2.09808 5.53131 8.49152
0.41199 0.09155 2.25067 1.49536 4.06647 3.58582 1.31226 1.80054 0.01526 0.15259 0.83160 1.28937 2.07520 0.45013 0.09155 0.81635 2.28119 1.73187 2.85339 4.83704 8.08716 6.98853 9.42993 4.62341 4.30298 5.55420 5.25665 5.98907 10.45227 9.79614 3.62396
0.12207 1.13678 0.53406 4.10461 7.43103 7.09534 4.12750 1.43433 4.70734 2.77710 3.02887 3.89862 4.89807 2.14386 0.25177 0.63324 1.35040 1.76239 1.38092 3.34930 3.55530 6.46210 7.62939 9.70459 6.27136 6.10352 9.07135 10.23102 15.06042 11.61957 9.37653
0.09155 0.00000 0.16022 7.14111 23.52905 61.90491 35.17151 12.83264 0.45013 0.32043 2.02179 2.22778 5.96619 5.84412 1.16730 0.44250 1.83105 0.81635 1.01471 1.77765 7.63702 8.30078 9.97162 13.52692 18.99719 18.28003 19.77539 19.26422 27.51923 15.31982 8.46863
0.03815 0.00000 0.00000 0.00000 2.31171 2.54059 19.79065 19.67621 1.44196 0.03052 0.32043 1.89972 2.00653 8.38470 10.86426 4.28009 1.36566 7.66754 5.17273 3.21960 3.50189 9.75800 9.11713 14.84680 12.06207 18.49365 18.27240 10.42175 7.59125 23.70453 16.42609
0.00000 0.01526 0.00000 0.00000 0.00763 0.84686 3.40271 14.43481 7.20978 6.95801 18.29529 6.11115 5.23376 0.48065 1.11389 7.44629 17.32635 7.59125 9.36127 14.13727 9.02557 14.61792 13.07678 16.51764 19.51599 45.11261 17.50183 1.31226 1.29700 6.91223 4.28772
0.00000 0.01526 0.00000 0.00000 0.01526 0.00000 0.03052 0.42725 2.37274 6.50024 3.66974 5.24902 4.43268 9.35364 1.89972 5.94330 10.91003 14.92310 15.83099 24.12415 8.67462 16.96777 24.10126 16.23535 17.12799 77.70538 40.48920 18.34106 5.85938 5.42450 5.06592
0.00000 0.01526 0.00000 0.00000 0.00000 0.03052 0.03052 1.54877 0.82397 1.41907 8.94928 10.42175 9.30023 3.79944 6.43921 5.58472 11.21521 4.04358 8.13293 7.54547 11.32202 19.63806 3.99780 40.86304 19.52362 22.26257 119.76624 37.95624 37.39929 6.61469 4.55475
0.00000 0.00000 0.00000 0.00000 0.01526 0.00000 0.00000 0.05341 0.07629 0.71716 5.72968 8.22449 20.27893 9.31549 4.79889 13.27515 15.57922 13.83972 12.89368 33.65326 15.56396 25.93994 9.60541 31.13556 14.74762 6.85883 29.19769 34.82056 22.33887 9.16290 0.84686
0.05341 0.31281 0.33569 0.12207 0.25940 0.00000 0.01526 0.00000 0.71716 2.67029 6.81305 8.11768 11.16943 14.53400 7.86591 5.31769 7.63702 5.14221 4.02069 4.46320 9.62830 4.15039 9.02557 15.24353 8.41522 26.31378 23.06366 20.72144 51.90277 8.06427 10.63538
0.21362 0.28229 0.87738 0.26703 0.01526 0.04578 0.06866 0.19836 0.60272 2.04468 11.56616 10.74219 2.51770 0.38147 0.60272 0.64087 0.00000 0.17548 0.14496 3.75366 21.97266 30.60150 45.19653 25.26855 3.15857 5.79834 12.02393 40.08484 34.92737 4.69971 1.52588
0.07629 0.25177 1.09100 0.80109 0.22125 1.42670 0.38147 0.21362 0.09918 0.16785 0.00763 8.30841 0.45013 0.38147 0.03052 0.00763 0.00000 1.13678 7.17926 11.42120 14.90784 30.19714 21.90399 5.14221 2.16675 10.39124 11.14655 20.35522 8.04901 2.05231 1.99127
0.39673 0.36621 0.23651 0.28992 2.22778 1.46484 1.03760 0.66376 0.04578 0.01526 0.00000 0.04578 0.00000 0.00763 0.00000 0.00000 0.00763 0.20599 7.18689 5.88226 33.96606 49.24774 21.92688 6.56128 8.80432 3.95203 3.65448 5.95093 16.28876 12.08496 2.36511
1.30463 0.87738 0.08392 1.96075 1.28174 0.48828 0.21362 0.67139 1.05286 0.01526 0.00763 0.00000 0.00000 0.01526 0.00000 0.02289 0.31281 2.46429 5.10406 17.45605 11.16943 15.73181 5.75256 11.85608 0.30518 1.02234 1.19781 5.48553 4.14276 6.56891 4.57001
2.74658 1.56403 0.86212 2.72369 0.98419 0.96130 0.28992 0.12970 0.05341 0.00763 0.00000 0.00000 0.00000 0.00000 0.00000 0.00000 0.00000 0.22888 1.67847 1.44196 2.18964 4.19617 10.59723 5.37109 0.49591 1.93024 0.83160 1.16730 6.23322 7.03430 16.62445
1.63269 4.29535 1.71661 6.48499 1.59454 2.25067 0.10681 0.80109 1.45721 0.12207 0.01526 0.01526 0.00000 0.00000 0.09918 0.11444 1.13678 0.01526 0.42725 0.97656 2.12860 5.70679 6.85120 11.38306 18.65387 2.25067 3.08228 0.74005 3.05939 6.52313 1.44958
