DATA/RAW-RASTER/ECMWF/20170628/EN-4/20170702.en-4.asc
ncols			31
nrows			16
xllcorner		69.5
yllcorner		19.5
cellsize		1.0
NODATA_value	-99999
0.11444 1.89209 2.76947 3.80325 2.36893 1.15204 7.86972 2.27737 0.37003 0.24414 2.64359 3.28827 3.26920 1.40381 0.46921 0.28992 0.11063 0.33188 0.70190 1.15585 0.82016 7.07245 4.49371 1.50299 2.98691 1.27792 1.23978 2.24304 1.89209 5.06210 17.00974
0.10681 0.36240 2.39563 0.65613 4.74930 1.75095 0.37003 1.60980 0.76294 2.70844 1.55640 1.83487 1.54114 1.91498 1.20163 0.99182 1.47629 0.72861 3.17764 1.61743 0.60272 2.99835 3.72314 6.17981 6.26373 6.95038 6.19125 1.97983 1.67847 4.39835 8.59070
17.80319 7.06100 6.53839 6.37054 2.82669 3.13187 7.67899 0.38147 0.03433 0.33188 1.00708 1.18637 0.53406 1.46103 0.76294 1.02615 4.02069 1.35803 2.98309 4.32587 1.62506 5.21469 2.73132 6.37054 6.88934 5.49316 1.20544 3.03650 5.09644 2.75040 2.19727
3.30734 6.43539 1.59454 3.49808 2.10190 1.76620 18.18848 7.73621 0.70953 0.06866 4.36401 7.24030 7.27463 2.99454 0.78201 3.07083 5.32913 5.59235 7.80106 6.87790 5.68008 6.70624 6.05011 8.91876 4.22287 3.10516 6.96182 3.58963 3.87573 10.52475 20.70618
1.60599 2.10190 0.91553 0.64087 0.37384 0.34332 2.35367 6.39343 9.20486 3.97110 6.90460 0.59891 1.59073 4.03214 9.49478 3.18146 9.38797 7.01904 8.61740 9.16672 8.02994 7.31659 9.79233 9.97162 5.08881 10.98633 15.88058 20.00427 16.04462 12.03156 7.08389
0.39291 0.02289 0.08011 1.19781 1.29700 0.79727 4.06265 4.52042 5.16129 19.15741 20.64514 9.26590 5.72205 1.67847 0.72861 3.77655 3.86810 1.69754 6.82831 13.90076 7.33948 16.46805 12.34055 14.72855 17.09366 22.47620 9.64737 3.79181 15.11383 25.47073 19.28329
0.00000 0.00000 0.00000 0.00763 1.43814 3.46756 6.07681 2.76947 4.55475 5.50079 11.27625 5.20706 17.33780 11.87897 4.00925 4.85992 1.16730 1.83105 1.12152 0.39673 1.79672 4.44794 4.67300 11.99722 12.64191 76.98822 36.59821 15.44571 7.51877 5.96619 20.99609
0.00000 0.00000 0.00000 0.00763 0.03815 1.35803 6.11877 3.51334 10.65826 12.50458 3.79944 3.86047 24.27292 18.93997 9.58252 3.50571 7.15256 0.73624 0.22888 0.26703 1.20163 8.56781 5.30243 27.65274 38.29956 48.58017 101.77612 47.64175 31.18896 8.28934 11.03592
0.00763 0.00763 0.02670 0.04578 0.00000 0.22888 1.21307 7.50732 5.20706 13.10349 11.36780 8.74329 10.82993 13.13782 4.25720 16.40320 23.74649 10.79941 18.83316 19.37866 76.72882 61.91254 65.53650 40.73334 14.98032 23.72360 46.08154 167.90771 189.86130 56.01501 15.48004
0.07248 0.19455 0.69046 0.35095 0.71716 0.01144 0.35477 9.64355 9.10950 13.99612 12.03537 15.70129 6.77109 19.71436 8.54874 7.42722 6.11496 6.56509 7.36618 11.59668 10.28061 5.10025 38.10501 6.57654 9.28879 11.41357 32.12738 9.67026 51.70822 47.54639 38.86795
0.24414 0.29373 0.93079 0.55313 0.01144 0.09918 0.80490 6.43158 6.58417 11.82556 13.59558 19.86313 25.43640 25.21515 16.59393 4.67300 5.18417 6.42395 8.39233 16.11710 17.29202 21.49582 50.54855 25.88272 20.48111 9.46045 2.10190 6.94275 52.36816 34.46579 29.53339
0.43106 0.42725 1.46866 1.64032 0.33569 0.60654 2.16293 6.01196 17.31110 24.64676 16.00266 24.37592 30.57480 44.69299 5.90134 3.61633 6.06155 1.88065 3.13568 10.80322 24.36066 21.06476 6.21414 4.66919 13.37433 6.37817 3.86047 7.17545 10.82993 15.80811 16.76941
0.80109 1.69754 1.20163 1.56021 2.63596 4.58145 1.77002 13.91220 25.66147 35.62546 18.29147 40.28702 24.48273 22.66693 23.97156 1.37711 1.41144 4.30679 6.88171 11.26862 15.84625 20.77484 11.94382 28.20587 16.53290 1.98746 0.94986 5.75256 7.59888 13.75961 11.40594
0.89645 1.54114 0.85831 3.54767 4.58527 2.36130 1.99127 8.11386 14.32419 65.33051 40.77911 22.99500 28.28979 20.98083 5.31769 3.55530 2.15530 10.94437 6.38580 5.63431 2.97928 18.55850 49.94965 59.93271 1.38092 0.17548 2.21634 1.98364 6.21033 15.31982 33.24509
1.35803 0.71716 2.33841 6.51932 5.09262 3.00217 2.49481 5.25665 14.01901 25.13123 37.82272 102.51236 63.39645 4.04358 2.14386 1.68610 3.85284 17.35687 6.83594 11.55853 14.55307 25.69962 46.60034 37.18948 3.99780 0.57983 1.78146 3.21960 1.88446 11.18851 51.35345
4.97055 3.37982 5.85938 13.81302 0.72098 1.99890 1.47629 3.13568 7.02667 9.87244 12.58850 13.57651 1.22070 0.96512 3.78036 2.50244 7.32803 5.13077 5.33295 8.94165 8.25882 11.26480 28.84674 45.28427 76.35498 13.71765 16.22391 10.41031 6.57654 4.58908 10.76889
