DATA/RAW-RASTER/ECMWF/20170628/EN-4/20170710.en-4.asc
ncols			31
nrows			16
xllcorner		69.5
yllcorner		19.5
cellsize		1.0
NODATA_value	-99999
1.12915 5.12695 7.97272 2.41852 6.70624 0.42725 0.00000 0.07629 0.12207 0.00763 0.15259 0.10681 0.36621 0.31281 0.93079 0.40436 1.93024 1.25885 0.54932 0.50354 0.06104 0.15259 0.35095 0.22125 0.07629 0.00000 0.16785 0.15259 0.23651 0.19836 0.74768
0.33569 2.63977 8.22449 3.14331 4.88281 0.64850 0.28229 0.03052 0.01526 0.65613 1.51825 0.74005 0.99945 0.80872 2.44904 2.29645 4.37164 4.53186 1.64032 0.84686 0.53406 0.84686 0.73242 0.08392 0.05341 0.25940 0.02289 0.10681 0.03052 0.02289 0.54932
0.93842 0.64087 0.79346 7.52258 2.51007 2.74658 2.37274 0.09155 0.57220 0.26703 3.15857 1.60217 2.02179 1.77765 2.13623 0.86975 1.24359 5.76782 3.54767 3.25775 1.41907 0.54169 0.95367 0.63324 0.99945 0.65613 0.53406 0.89264 0.50354 0.50354 0.25177
0.55695 0.00763 0.04578 1.44958 3.51715 7.20215 10.13184 2.60925 0.96893 3.57056 3.10516 1.61743 2.18964 3.36456 3.41797 3.70789 6.98090 7.60651 5.37872 7.95746 1.32751 0.29755 2.63214 2.05994 0.47302 0.12970 0.74005 0.93842 0.90027 0.23651 0.48828
1.83105 0.00000 0.01526 0.02289 0.09155 2.75421 9.32312 8.02612 16.57104 3.64685 2.96021 4.12750 4.79889 14.20593 6.82831 7.76672 9.68170 5.84412 3.58582 2.43378 1.92261 3.14331 2.57111 1.23596 0.78583 4.12750 2.01416 1.72424 1.10626 1.78528 2.33459
0.50354 0.00000 0.00000 0.00000 0.00000 0.01526 0.68665 14.84680 21.69800 15.72418 3.41034 2.12860 2.09045 1.97601 2.28882 3.02124 5.82123 6.34766 10.80322 7.34711 11.06262 3.93677 15.20538 7.20215 3.70026 0.32043 2.60925 6.91223 9.50623 7.59888 11.68823
0.00000 0.00000 0.00000 0.00000 0.00000 0.00000 0.00000 0.47302 1.68610 1.48773 1.52588 4.38690 3.88336 1.05286 0.92316 3.99017 4.28772 4.50134 5.52368 22.49146 28.02277 7.28607 3.47900 1.99127 5.68390 9.76562 24.93286 15.35034 11.07025 11.10840 24.20807
0.00000 0.00000 0.00000 0.01526 0.00000 0.00000 0.03052 0.00000 0.00763 0.59509 1.47247 1.96075 3.60107 7.89642 11.49750 49.56055 13.63373 0.35095 5.65338 8.85010 6.28662 9.21631 2.67029 8.65173 13.77106 73.71521 116.87469 48.91968 40.48920 12.25281 16.26587
0.00000 0.00000 0.12970 0.75531 0.64850 0.02289 0.00763 0.06866 0.25940 0.00763 0.18311 1.48773 1.03760 16.49475 20.18738 14.17542 15.79285 19.44733 35.27069 22.73560 27.87018 44.38782 46.06628 52.13165 21.24786 9.76562 9.38416 8.51440 19.61517 27.16064 12.87842
0.18311 0.33569 0.57220 0.69427 0.54169 0.00763 0.00000 0.03052 0.09155 0.05341 0.04578 0.45013 0.61798 3.32642 11.60431 12.42828 10.65826 6.87408 10.21576 19.88220 21.30890 16.63208 14.08386 6.56891 7.85065 6.43158 10.92529 16.68549 51.57471 25.20752 15.65552
0.28992 0.56458 0.66376 0.49591 0.03052 0.01526 0.01526 0.18311 0.16785 0.24414 0.88501 0.13733 0.50354 1.83868 8.86536 4.32587 8.23975 15.76233 13.93890 31.14319 12.95471 10.27679 17.85278 8.33130 1.48773 11.65771 28.78571 27.92358 7.72095 8.17108 6.17218
0.25940 0.34332 1.28937 2.06757 1.12152 0.69427 0.74005 2.02179 1.89209 0.39673 0.55695 3.62396 1.51062 1.37329 0.63324 12.17651 7.34711 1.24359 4.96674 1.91498 3.06702 5.94330 1.97601 3.56293 0.83923 6.99615 4.49371 8.84247 3.76892 8.72040 1.41907
0.68665 0.27466 0.31281 1.00708 1.82343 0.99182 0.71716 2.39563 2.68555 3.76129 0.61035 0.94604 13.99231 11.17706 8.30078 18.08167 8.49152 0.68665 0.12970 1.20544 1.77765 1.72424 0.87738 3.59344 1.83105 2.21252 1.66321 9.92584 17.67731 16.18195 0.49591
1.06812 0.76294 0.11444 0.31281 1.76239 0.12970 0.44250 1.00708 1.81580 1.41144 0.22888 0.84686 3.04413 4.24194 2.70081 2.09045 1.46484 0.72479 2.97546 3.12042 1.38855 1.63269 1.06812 8.39996 1.93787 0.28229 0.39673 0.60272 6.62231 10.50568 0.53406
1.74713 1.52588 2.38800 4.60815 0.87738 0.54932 1.14441 0.87738 0.61798 0.24414 0.18311 0.40436 0.25940 3.73840 2.39563 4.34113 0.75531 0.31281 0.38910 0.07629 0.25177 1.54114 5.33295 3.08228 0.19073 0.26703 0.96130 0.49591 6.62231 6.35529 3.34930
0.88501 1.60980 3.05176 5.73730 0.30518 1.34277 0.41199 0.46539 0.17548 0.26703 0.80872 0.87738 1.39618 2.04468 2.65503 1.89209 0.52643 0.18311 0.01526 0.16022 0.64087 1.03760 1.94550 3.47900 4.55475 1.15967 3.28827 0.28992 0.63324 1.30463 4.34113
