DATA/RAW-RASTER/ECMWF/20170628/EN-4/20170711.en-4.asc
ncols			31
nrows			16
xllcorner		69.5
yllcorner		19.5
cellsize		1.0
NODATA_value	-99999
0.18311 0.57983 1.60980 1.08337 1.87683 0.90790 0.00000 0.09918 0.09155 0.83160 0.09918 0.00000 0.12207 0.09918 0.19836 0.18311 0.33569 0.40436 1.17493 1.37329 0.18311 1.21307 0.98419 0.74768 0.88501 0.25177 0.71716 0.49591 0.26703 0.59509 0.28992
0.23651 1.35803 2.09808 2.67792 2.99835 0.86975 0.32043 0.00763 0.52643 0.67139 1.32751 0.20599 0.03052 0.20599 0.07629 0.32806 0.61035 0.57983 0.97656 2.20490 2.32697 1.60980 2.42615 0.31281 0.49591 0.38147 0.45776 0.54932 1.25122 0.39673 1.84631
1.80054 0.54169 0.07629 3.20435 0.83923 1.86157 1.47247 0.01526 1.35803 1.50299 3.00598 1.33514 0.13733 0.05341 0.25177 0.63324 0.95367 1.24359 3.44086 5.99670 6.53076 3.66211 7.51495 3.84521 2.63214 1.90735 1.22833 0.35858 0.74005 2.79999 0.86212
0.16785 0.00000 0.03815 0.15259 0.96893 0.67139 5.99670 5.88989 1.48773 6.24084 2.31171 0.63324 0.38147 0.17548 0.60272 1.33514 3.02887 4.66919 7.99561 17.48657 13.03864 16.22009 19.54651 24.17755 21.25549 21.04187 20.26367 8.34656 4.36401 5.72968 3.54004
1.55640 0.00000 0.00000 0.00000 0.00000 0.67139 2.94495 2.18201 2.96021 3.25775 1.93024 1.14441 0.20599 0.21362 0.61035 1.64795 2.44904 8.60596 11.71112 16.04462 13.66425 11.99341 10.98633 11.16180 8.52203 9.78088 10.41412 13.56506 10.81848 10.13184 6.91986
0.00000 0.00000 0.00000 0.00000 0.00000 0.29755 0.38910 0.77820 11.94000 4.17328 19.80591 5.02014 5.03540 0.59509 1.02997 2.69318 1.50299 5.97382 6.30188 14.58740 4.95911 7.43103 11.43646 11.22284 7.11823 7.11060 8.02612 7.93457 6.17218 10.44464 9.11713
0.00000 0.00000 0.00000 0.00000 0.00000 0.00000 0.00000 0.03815 0.12207 1.02234 1.93024 9.68933 7.96509 5.61523 3.13568 7.25555 4.85992 7.59888 4.32587 13.76343 14.49585 17.25006 16.36505 7.40814 15.76996 45.93658 33.66089 15.11383 9.60541 9.22394 5.73730
0.00000 0.00000 0.00000 0.00000 0.00763 0.06866 0.00000 0.00000 0.00000 0.03052 0.65613 1.12152 1.67084 5.98907 12.45117 14.21356 22.52197 3.46375 7.18689 6.00433 4.43268 12.26807 21.37756 17.47131 106.11725 54.82483 75.13428 37.89520 23.26965 17.35687 2.47955
0.00000 0.00000 0.01526 0.41962 0.39673 0.35095 0.49591 0.01526 0.00000 0.00000 0.05341 0.10681 0.24414 0.72479 2.15912 6.72150 5.36346 6.16455 25.37537 67.55829 71.35010 86.09009 111.47308 69.61060 33.91266 16.04462 13.33618 13.13019 21.49963 6.54602 0.39673
0.00000 0.00000 0.72479 1.57928 2.48718 0.54932 0.23651 0.19073 0.03052 0.00000 0.00000 0.00000 0.06104 0.55695 1.32751 1.80054 8.68988 11.84845 13.20648 17.10510 28.51105 26.48163 78.42255 13.26752 11.71112 4.36401 12.71057 21.43097 17.53235 2.70844 0.54932
0.26703 0.38147 1.09863 2.03705 1.29700 1.99127 1.16730 0.56458 0.00000 0.12970 0.02289 0.22125 0.21362 0.42725 2.71606 5.99670 7.79724 10.42175 14.57977 15.99884 32.62329 44.63196 31.08215 5.10406 1.08337 13.26752 10.49042 22.56012 15.49530 10.41412 3.16620
0.19836 0.12970 0.99945 2.84576 2.86102 2.08282 0.67902 1.53351 0.14496 0.87738 0.13733 0.51117 0.59509 4.31061 10.64301 10.12421 6.69098 17.79938 21.68274 29.04510 12.75635 4.93622 0.77057 1.80817 0.97656 0.85449 3.70026 11.38306 19.47784 22.81189 16.00647
0.66376 0.99945 1.16730 1.28937 3.08990 2.71606 0.73242 0.58746 1.90735 0.05341 0.18311 0.81635 1.43433 7.65991 8.21686 17.67731 16.52527 9.06372 21.21735 11.19995 8.59833 2.19727 0.70190 2.02179 1.91498 2.14386 1.53351 14.07623 19.98901 10.35309 7.96509
1.04523 1.03760 0.18311 0.25940 1.57928 0.96893 0.37384 0.74768 1.73950 0.20599 0.40436 0.87738 1.09100 1.38855 6.23322 9.08661 7.20215 7.94220 9.46808 6.43158 0.80872 1.28174 1.88446 1.64795 0.48065 0.16785 7.04956 9.80377 17.99774 53.17688 17.04407
1.65558 1.61743 2.14386 3.06702 2.34985 0.48828 1.10626 0.96130 0.54932 0.03052 0.16785 0.61798 2.69318 1.99127 3.96729 12.73346 7.15637 9.37653 3.95203 0.21362 0.49591 0.77820 1.78528 1.86920 0.25940 0.34332 2.61688 4.77600 10.65826 10.61249 22.04132
0.84686 3.11279 3.76892 5.00488 0.68665 0.93842 0.41962 1.01471 0.11444 0.01526 0.07629 0.18311 0.94604 1.54877 10.07843 2.41852 4.42505 2.47192 0.36621 0.33569 0.96893 1.07574 1.50299 2.57111 5.34821 0.05341 3.70789 0.51117 0.80872 3.87573 21.36993
