DATA/RAW-RASTER/ECMWF/20170628/EN-4/20170709.en-4.asc
ncols			31
nrows			16
xllcorner		69.5
yllcorner		19.5
cellsize		1.0
NODATA_value	-99999
2.86102 2.50244 4.88281 1.83105 0.12207 0.00000 0.00000 0.03052 0.03052 0.46539 0.00763 0.71716 1.88446 3.39508 4.91333 2.17438 2.29645 1.55640 3.49426 1.86157 0.74768 3.04413 1.13678 0.90027 1.61743 0.60272 0.70190 0.80872 0.68665 2.27356 4.20380
0.80872 2.37274 11.03210 2.34985 8.56781 0.41962 0.28229 0.00763 0.53406 0.51880 1.79291 1.25122 0.87738 1.33514 1.73950 1.06049 0.85449 0.57220 0.97656 0.40436 0.62561 1.07574 2.22015 0.87738 2.03705 2.18201 2.90680 2.66266 2.52533 2.99072 5.25665
1.33514 1.54114 5.13458 6.67572 9.98688 3.85284 3.41034 0.29755 1.66321 0.83160 2.34222 2.18201 0.52643 0.33569 0.13733 0.30518 0.03815 0.11444 0.26703 0.05341 0.10681 0.07629 1.00708 1.56403 1.31989 0.96893 0.61798 2.47192 2.76184 4.69971 6.06537
0.38910 0.00000 0.85449 2.09808 18.85223 58.02917 14.46533 9.51385 1.12915 7.54547 10.31494 2.12097 0.51117 0.61035 0.81635 0.02289 0.17548 0.00000 0.00000 0.00763 0.28229 0.28992 0.25940 1.60980 0.56458 0.73242 1.99890 1.09863 1.36566 6.63757 6.75964
0.09155 0.00000 0.00000 0.03052 0.50354 8.52203 23.00262 29.28162 6.01196 3.71552 3.02887 8.45337 8.44574 6.64520 0.68665 1.52588 1.17493 0.74768 1.67084 0.86975 1.46484 1.44958 2.44904 3.03650 3.72314 8.75854 9.68170 12.26807 4.44031 8.99506 13.78632
0.00000 0.00000 0.00000 0.00000 0.00000 0.01526 2.11334 22.91107 15.94543 17.06696 17.41028 7.49207 4.02832 6.74438 7.95746 10.20050 4.97437 5.02777 4.61578 7.07245 3.28827 2.59399 8.77380 6.66046 6.79779 11.27625 12.74872 25.79498 12.59613 20.79010 7.98035
0.00000 0.00000 0.00000 0.00000 0.00000 0.00000 0.00763 0.32043 4.73785 26.64948 5.72205 15.76996 11.39832 6.91223 2.30408 5.40161 6.75201 12.73346 13.98468 5.43213 11.35254 9.83429 9.39178 16.42609 25.28381 56.57196 40.45105 11.97052 4.85229 14.44244 21.18683
0.00000 0.00000 0.00000 0.00000 0.00000 0.00000 0.00000 0.02289 0.03052 0.57983 2.73132 13.61084 8.21686 4.48608 4.10461 12.47406 22.05658 6.79016 6.87408 9.56726 16.11328 13.48877 10.66589 31.01349 15.57159 51.04065 72.15118 45.76111 92.20123 19.40918 11.14655
0.00000 0.00000 0.00763 0.02289 0.01526 0.00000 0.00763 0.00000 0.00000 0.35095 0.33569 3.64685 14.50348 6.01196 3.74603 4.68445 8.37708 11.93237 26.08490 73.63129 64.61334 94.23065 70.73975 48.82050 11.46698 0.82397 15.09857 27.59552 37.23907 5.60760 3.37219
0.12970 0.51117 0.51117 0.41199 0.12970 0.00000 0.00000 0.00000 0.00000 0.25940 0.75531 5.85175 1.71661 11.39069 25.72632 16.27350 25.87128 24.91760 29.93011 21.64459 29.89197 8.71277 3.25775 10.81848 2.97546 11.47461 23.68164 67.86346 51.93329 6.84357 3.96729
0.32806 0.65613 0.48065 0.62561 0.00000 0.02289 0.01526 0.05341 0.16022 4.96674 7.13348 0.90790 2.90680 12.11548 8.95691 11.88660 9.10187 7.68280 5.74493 3.76892 12.96997 13.70239 31.09741 30.93719 14.63318 18.84460 7.40814 32.55463 74.97406 3.82996 2.31934
0.16785 0.41962 1.54114 2.72369 1.00708 0.48065 0.80872 0.35858 0.09155 0.26703 6.75964 28.82385 6.51550 4.40979 5.98145 0.48065 0.75531 1.57166 0.06866 2.02179 1.89209 11.44409 16.73889 7.43103 2.27356 18.72253 2.99072 11.11603 12.21466 8.93402 1.48010
0.90027 0.93842 0.28992 1.03760 1.49536 1.31989 0.90790 0.12207 0.41199 1.43433 4.44031 16.79230 21.86584 8.78906 0.26703 0.09918 0.04578 0.25177 0.00763 3.24249 17.00592 14.84680 8.26263 11.96289 6.75964 1.48773 1.88446 13.78632 9.04083 5.76782 0.89264
2.33459 1.64032 0.02289 0.83160 1.19019 0.22125 1.19019 0.64850 0.64087 1.35803 1.18256 0.63324 0.03815 0.00000 0.04578 0.09918 0.00000 0.00000 0.82397 7.75146 4.09698 9.75037 5.33295 17.66968 1.15967 1.17493 0.88501 0.46539 2.50244 4.77600 2.43378
1.51062 1.31989 1.18256 2.32697 2.34222 1.00708 0.67139 0.09155 0.19073 0.59509 0.80109 1.26648 0.07629 0.42725 0.03052 0.00000 0.01526 0.05341 0.03052 1.62506 1.96075 3.25012 5.23376 9.32312 0.33569 0.41962 1.93024 0.42725 1.20544 7.30133 3.99017
0.42725 4.85992 2.60162 6.14929 1.51062 1.61743 0.10681 0.12207 0.06104 0.38910 1.51825 0.72479 1.55640 0.17548 0.32806 0.08392 0.14496 0.00763 0.69427 1.55640 2.13623 2.52533 4.00543 5.37872 10.21576 1.91498 4.72260 0.73242 3.01361 3.82996 3.51715
