DATA/RAW-RASTER/ECMWF/20170628/EN-4/20170703.en-4.asc
ncols			31
nrows			16
xllcorner		69.5
yllcorner		19.5
cellsize		1.0
NODATA_value	-99999
0.17548 1.62888 3.74222 7.81631 1.97220 0.00381 0.90027 2.22015 0.70190 0.00763 0.80872 2.08664 2.36130 1.25122 1.31607 1.73187 3.64304 4.17709 2.32315 7.67899 3.23105 1.03760 1.19781 0.56839 1.71661 1.26266 1.01089 0.81635 1.12534 0.46158 3.73840
0.41962 0.01526 0.25177 0.01144 0.26703 0.03052 0.58746 0.47684 0.24414 0.04578 1.67847 3.84140 3.61252 7.70950 4.48227 8.37326 6.48880 3.47137 15.72418 11.51657 4.23431 0.37384 0.36240 0.40817 2.40326 2.78091 1.21307 1.07193 1.58310 1.36566 2.87247
0.55313 0.08774 0.03815 0.32043 0.09537 2.51389 3.83377 0.19073 0.11444 0.45395 1.55640 2.62833 6.11115 9.25827 7.81250 8.30841 7.17926 9.68170 9.38416 7.00760 2.98309 2.02942 0.51117 3.22723 2.96783 1.20926 1.17874 0.44250 1.55258 3.15094 4.75311
0.32425 0.12970 1.68228 1.11008 2.20490 0.88882 1.34277 16.51382 0.15259 0.00000 1.20163 1.13297 1.13297 8.11386 9.83810 6.09970 5.43976 9.26208 4.80652 6.70624 3.98636 0.65613 1.57547 1.05667 0.55695 0.59128 7.59888 7.57217 1.06812 1.37711 4.79507
3.70026 1.02234 0.40054 0.32806 0.22888 2.45285 4.40979 1.42288 6.22559 0.54932 0.65231 0.84305 1.62506 6.46210 4.13132 9.33075 10.97488 11.56998 3.21960 1.54114 1.61362 5.55801 1.54495 0.79727 2.67029 1.69754 1.41144 6.01196 6.51932 7.20596 7.72858
6.33621 0.00000 0.03052 0.00000 0.25940 2.30408 2.28500 2.22397 2.97546 9.58633 21.35849 7.78580 9.42612 2.26593 7.47681 7.00378 13.64136 10.78415 6.09207 9.17053 8.98361 6.40869 5.83649 0.93842 3.04031 2.14005 1.58310 7.68280 9.17816 4.53186 7.28226
0.00000 0.00000 0.00000 0.00381 0.02670 0.25177 1.12152 1.22452 2.57111 5.63812 14.26697 13.76724 29.63638 13.33237 5.63049 7.33185 4.03595 3.20435 2.08282 2.79236 3.64304 4.40979 5.84030 2.94876 8.69751 21.08002 30.79224 17.19284 15.02228 19.30618 6.15311
0.00000 0.00000 0.00000 0.00000 0.14877 0.61035 0.40817 0.85831 2.30408 6.94275 7.38525 20.76340 7.92694 24.74213 32.25327 60.97412 30.62820 2.49481 1.09863 5.95093 3.15094 9.95636 2.32697 32.09686 46.61560 77.71301 165.23743 71.92612 30.07507 18.43262 16.04080
0.01526 0.27847 0.02289 0.03052 0.01526 0.07248 0.00000 0.08011 0.34332 2.82288 11.10077 21.67130 20.37048 20.01572 19.51218 21.30127 11.07025 9.39941 31.41022 158.31757 84.41162 87.13913 47.19543 66.05911 13.72528 23.69690 31.93665 134.89914 115.90195 46.84448 10.41412
0.80872 2.82669 0.99182 1.56784 2.18582 0.49591 0.00381 0.05722 1.11008 1.31226 4.48227 13.33618 23.73123 26.61133 16.53290 9.50623 16.54816 12.74109 10.93292 9.75418 7.11823 9.43375 24.57428 8.20923 8.69370 11.54709 29.40750 48.19489 132.70950 68.47382 15.39993
0.75912 1.89972 1.44196 1.10245 0.01526 0.51117 0.64087 1.52206 0.10681 2.92969 2.93732 9.40323 40.48920 21.48819 6.85120 9.73129 12.52365 11.68823 12.44354 4.75693 7.84683 12.57706 39.93225 36.68594 6.40869 11.40213 6.45447 31.44836 65.40680 76.14517 39.17313
0.57220 0.95367 1.59836 3.42941 1.22070 1.57166 0.30136 0.12589 0.86212 8.97217 8.03375 23.68164 40.67230 109.85565 2.71988 16.36887 7.19452 17.20810 9.89151 5.90134 4.49371 11.69205 6.68716 2.86865 10.83755 13.84735 10.51712 24.28818 26.07727 33.88977 28.17535
0.68283 1.05286 0.43106 0.78583 2.38800 3.20435 4.91333 8.20923 3.77655 11.77979 20.20645 53.31039 99.49493 32.45163 11.71494 4.45175 2.25830 0.80872 1.39999 1.93787 7.74002 9.24683 8.57162 7.51495 12.48169 0.98801 2.60925 19.04297 25.72250 23.59390 26.05820
1.51062 1.44577 0.31662 1.47247 3.47137 0.77057 2.27356 3.44467 8.63266 7.48062 28.65219 37.07886 49.24774 26.89743 10.10513 46.67282 9.17816 4.73404 2.53296 2.62451 9.05228 23.66638 36.31210 35.57968 5.04684 2.02560 5.84412 7.93839 21.25931 22.82333 22.17484
3.59344 0.94604 1.78528 6.52313 1.83868 1.19019 0.37384 0.98801 9.82666 7.67136 17.52472 24.01352 27.61459 16.13998 9.54056 24.61624 13.11874 6.30569 3.45230 13.62228 18.72253 26.44730 35.38513 54.35562 22.75467 4.76074 3.82996 2.43378 4.58527 27.19879 20.85114
4.00162 2.92969 3.79944 6.86264 1.08337 3.12042 2.03705 1.83868 3.63922 3.07465 4.25720 9.55963 2.45285 1.52969 5.44357 1.62125 0.14114 0.24414 9.30023 9.88770 11.48224 8.73184 18.85605 30.79987 72.08633 8.86154 24.84131 11.27625 20.33997 10.37598 11.85608
