DATA/SHG/ECMWF/20170628/EN-29/20170702.en-29.asc
ncols        190
nrows        64
xllcorner    -5100000.000000000000
yllcorner    4130000.000000000000
cellsize     10000.000000000000
NODATA_value  -99999.000
[rows 32 to 63 of 64, columns 0 to 73 of 190]
6.202 6.137 5.949 5.727 5.481 5.213 4.922 4.608 4.272 3.912 3.530 3.126 2.698 2.248 2.071 1.911 1.753 1.596 1.440 1.285 1.131 0.979 0.827 0.677 0.528 0.380 0.444 0.508 0.568 0.623 0.675 0.722 0.765 0.804 0.839 0.870 0.896 0.923 1.132 1.301 1.430 1.517 1.564 1.570 1.535 1.460 1.343 1.440 1.612 1.740 1.754 1.756 1.747 1.725 1.692 1.646 1.589 1.520 1.439 1.347 1.242 1.205 1.922 2.609 3.266 3.893 4.491 5.058 5.596 6.104 6.582 7.030 7.448 7.762
6.967 6.976 6.768 6.465 6.140 5.792 5.421 5.028 4.611 4.172 3.710 3.226 2.718 2.188 1.953 1.798 1.643 1.490 1.338 1.187 1.037 0.889 0.741 0.595 0.450 0.306 0.327 0.376 0.421 0.463 0.500 0.532 0.561 0.586 0.606 0.622 0.634 0.642 0.700 0.727 0.998 1.301 1.567 1.795 1.986 2.139 2.256 2.334 2.375 2.379 2.352 2.313 2.262 2.199 2.124 2.037 1.939 1.829 1.706 1.572 1.426 1.269 1.848 2.431 2.984 3.508 4.002 4.466 4.900 5.304 5.679 6.024 6.338 6.623
7.708 7.791 7.610 7.228 6.823 6.395 5.944 5.471 4.975 4.456 3.915 3.350 2.763 2.154 1.834 1.683 1.532 1.383 1.235 1.088 0.942 0.798 0.654 0.512 0.371 0.231 0.214 0.249 0.280 0.306 0.329 0.347 0.362 0.651 0.981 1.328 1.693 2.075 2.385 2.632 2.842 3.014 3.149 3.247 3.308 3.331 3.316 3.265 3.175 3.049 2.961 2.881 2.788 2.684 2.568 2.440 2.300 2.148 1.985 1.809 1.622 1.423 1.802 2.282 2.732 3.152 3.542 3.903 4.234 4.535 4.806 5.047 5.258 5.440
8.424 8.581 8.477 8.015 7.530 7.022 6.492 5.939 5.363 4.765 4.144 3.500 2.833 2.144 1.714 1.567 1.420 1.275 1.131 0.988 0.846 0.706 0.566 0.428 0.291 0.164 0.342 0.610 0.897 1.200 1.521 1.859 2.215 2.588 2.978 3.385 3.810 4.252 4.525 4.641 4.721 4.763 4.767 4.735 4.665 4.558 4.413 4.231 4.012 3.755 3.581 3.459 3.325 3.180 3.022 2.853 2.672 2.479 2.274 2.058 1.829 1.589 1.785 2.161 2.508 2.825 3.112 3.369 3.596 3.794 3.962 4.100 4.208 4.286
9.116 9.347 9.367 8.825 8.261 7.674 7.064 6.431 5.776 5.098 4.397 3.674 2.927 2.158 1.593 1.450 1.307 1.166 1.045 1.034 1.054 1.103 1.181 1.290 1.428 1.595 1.837 2.166 2.512 2.876 3.257 3.655 4.071 4.504 4.954 5.421 5.906 6.408 6.700 6.686 6.635 6.547 6.421 6.258 6.058 5.821 5.546 5.234 4.884 4.497 4.212 4.049 3.874 3.687 3.488 3.278 3.055 2.821 2.575 2.317 2.047 1.766 1.797 2.070 2.313 2.526 2.710 2.864 2.988 3.082 3.147 3.182 3.187 3.162
9.783 10.089 10.282 9.660 9.016 8.349 7.660 6.948 6.213 5.455 4.675 3.866 3.054 2.268 1.645 1.619 1.623 1.657 1.720 1.813 1.936 2.088 2.270 2.482 2.723 2.994 3.312 3.701 4.107 4.531 4.972 5.431 5.906 6.399 6.910 7.437 7.982 8.544 8.910 8.766 8.585 8.366 8.110 7.817 7.487 7.119 6.714 6.272 5.793 5.276 4.854 4.649 4.433 4.205 3.965 3.713 3.449 3.174 2.887 2.588 2.277 1.954 1.837 2.007 2.147 2.257 2.337 2.388 2.409 2.400 2.361 2.293 2.195 2.067
10.426 10.806 11.206 10.519 9.713 8.812 7.936 7.085 6.260 5.461 4.686 3.937 3.213 2.514 1.874 1.951 2.059 2.196 2.363 2.559 2.785 3.041 3.326 3.641 3.986 4.360 4.766 5.216 5.682 6.166 6.667 7.186 7.722 8.275 8.845 9.432 10.037 10.659 11.155 10.881 10.570 10.221 9.835 9.412 8.952 8.454 7.919 7.347 6.737 6.091 5.507 5.261 5.003 4.734 4.453 4.160 3.855 3.538 3.210 2.870 2.518 2.154 1.906 1.972 2.009 2.016 1.993 1.941 1.858 1.747 1.807 2.001 2.199 2.401
10.405 10.558 10.678 9.977 9.139 8.326 7.539 6.776 6.039 5.328 4.641 3.980 3.344 2.734 2.149 2.252 2.463 2.703 2.973 3.273 3.602 3.961 4.350 4.768 5.216 5.693 6.200 6.711 7.237 7.781 8.342 8.921 9.517 10.130 10.760 11.407 12.072 12.754 13.436 13.031 12.590 12.111 11.595 11.042 10.452 9.824 9.159 8.457 7.718 6.942 6.170 5.883 5.585 5.274 4.952 4.617 4.272 3.914 3.544 3.163 2.770 2.365 2.003 2.114 2.295 2.479 2.667 2.859 3.055 3.255 3.458 3.665 3.876 4.091
9.769 9.809 9.817 9.289 8.539 7.814 7.114 6.440 5.791 5.168 4.569 3.996 3.448 2.926 2.429 2.520 2.834 3.178 3.551 3.954 4.387 4.849 5.341 5.862 6.413 6.994 7.604 8.186 8.772 9.376 9.997 10.636 11.291 11.964 12.654 13.362 14.087 14.829 15.588 15.217 14.646 14.037 13.391 12.708 11.988 11.230 10.436 9.604 8.735 7.829 6.885 6.517 6.177 5.825 5.462 5.086 4.749 4.456 4.195 3.967 3.772 3.609 3.479 3.669 3.862 4.060 4.261 4.466 4.675 4.887 5.103 5.323 5.547 5.775
9.169 9.096 8.992 8.573 7.911 7.275 6.663 6.077 5.516 4.981 4.470 3.985 3.525 3.091 2.681 2.756 3.174 3.620 4.097 4.603 5.139 5.704 6.299 6.923 7.577 8.261 8.974 9.641 10.287 10.951 11.632 12.330 13.046 13.779 14.529 15.296 16.081 16.882 17.702 17.438 16.736 15.998 15.222 14.410 13.560 12.672 11.748 10.786 9.788 8.655 7.543 7.027 6.684 6.373 6.095 5.849 5.636 5.456 5.308 5.193 5.110 5.060 5.043 5.218 5.425 5.635 5.849 6.067 6.289 6.514 6.743 6.976 7.213 7.453
8.604 8.420 8.204 7.832 7.258 6.709 6.186 5.688 5.215 4.767 4.345 3.947 3.575 3.229 2.907 2.960 3.481 4.031 4.610 5.220 5.858 6.527 7.225 7.952 8.709 9.496 10.312 11.075 11.782 12.506 13.247 14.005 14.780 15.573 16.383 17.210 18.054 18.916 19.795 19.694 18.863 17.994 16.702 15.425 14.194 13.011 11.874 10.785 9.743 8.748 7.800 7.317 7.086 6.889 6.723 6.591 6.491 6.423 6.388 6.385 6.415 6.478 6.573 6.762 6.981 7.205 7.432 7.662 7.897 8.135 8.377 8.623 8.873 9.126
8.077 7.780 7.452 7.063 6.578 6.117 5.681 5.271 4.886 4.526 4.192 3.882 3.598 3.339 3.105 3.132 3.756 4.409 5.092 5.804 6.546 7.317 8.118 8.948 9.808 10.698 11.617 12.490 13.257 14.040 14.841 15.659 16.495 17.347 18.205 18.582 18.944 19.291 19.623 19.231 17.975 16.767 15.605 14.491 13.424 12.404 11.431 10.505 9.626 8.794 8.009 7.574 7.457 7.372 7.319 7.299 7.312 7.357 7.435 7.545 7.687 7.863 8.070 8.300 8.533 8.769 9.008 9.252 9.500 9.751 10.006 10.264 10.527 10.793
7.585 7.177 6.736 6.269 5.871 5.498 5.150 4.828 4.531 4.259 4.012 3.790 3.594 3.422 3.276 3.273 3.999 4.755 5.541 6.356 7.201 8.075 8.979 9.912 10.875 11.867 12.889 13.839 14.270 14.685 15.086 15.471 15.842 16.197 16.537 16.862 17.172 17.467 17.747 17.597 16.505 15.460 14.462 13.512 12.608 11.751 10.941 10.178 9.463 8.794 8.172 7.799 7.794 7.822 7.882 7.975 8.100 8.258 8.448 8.671 8.926 9.214 9.534 9.833 10.078 10.327 10.580 10.836 11.097 11.361 11.629 11.900 12.176 12.455
7.129 6.609 6.057 5.473 5.137 4.852 4.592 4.358 4.148 3.964 3.805 3.671 3.562 3.479 3.420 3.387 4.210 5.069 5.958 6.876 7.783 8.548 9.285 9.996 10.679 11.336 11.965 12.553 12.931 13.295 13.643 13.977 14.295 14.598 14.886 15.159 15.417 15.660 15.888 15.919 14.990 14.108 13.274 12.486 11.745 11.052 10.405 9.805 9.253 8.747 8.288 7.991 8.099 8.240 8.413 8.618 8.856 9.126 9.429 9.764 10.132 10.532 10.965 11.360 11.618 11.880 12.146 12.415 12.688 12.965 13.246 13.530 13.819 14.111
6.710 6.078 5.414 4.718 4.377 4.180 4.008 3.861 3.739 3.643 3.571 3.525 3.504 3.517 3.534 3.518 4.189 4.968 5.720 6.445 7.143 7.814 8.458 9.075 9.665 10.228 10.763 11.272 11.610 11.922 12.218 12.499 12.766 13.017 13.253 13.474 13.680 13.870 14.046 14.195 13.429 12.711 12.039 11.415 10.837 10.306 9.823 9.386 8.996 8.654 8.358 8.151 8.372 8.625 8.910 9.228 9.579 9.962 10.377 10.825 11.305 11.818 12.363 12.881 13.152 13.427 13.706 13.988 14.274 14.564 14.857 15.155 15.456 15.761
6.327 5.583 4.807 3.999 3.591 3.481 3.504 3.640 3.742 3.810 3.845 3.846 3.813 3.746 3.646 3.511 3.953 4.638 5.296 5.928 6.532 7.109 7.660 8.183 8.679 9.149 9.591 10.006 10.307 10.566 10.810 11.039 11.254 11.453 11.637 11.806 11.960 12.099 12.222 12.331 11.823 11.268 10.759 10.298 9.883 9.515 9.194 8.921 8.694 8.514 8.381 8.295 8.612 8.978 9.375 9.806 10.269 10.764 11.292 11.852 12.445 13.070 13.727 14.397 14.681 14.969 15.260 15.555 15.854 16.157 16.463 16.774 17.074 16.970
6.250 5.670 5.137 4.652 4.454 4.540 4.592 4.610 4.595 4.546 4.463 4.346 4.195 4.011 3.793 3.541 3.746 4.337 4.902 5.440 5.951 6.434 6.891 7.321 7.723 8.099 8.448 8.770 9.020 9.227 9.420 9.597 9.759 9.906 10.038 10.155 10.257 10.344 10.416 10.473 10.172 9.779 9.433 9.135 8.883 8.678 8.520 8.409 8.345 8.328 8.357 8.434 8.820 9.298 9.808 10.351 10.926 11.534 12.174 12.847 13.551 14.289 15.059 15.861 16.205 16.473 16.406 16.328 16.240 16.141 16.032 15.912 15.782 15.641
7.117 6.701 6.334 6.013 5.813 5.781 5.716 5.616 5.483 5.316 5.116 4.882 4.614 4.312 3.976 3.607 3.568 4.066 4.537 4.981 5.398 5.788 6.151 6.488 6.797 7.079 7.334 7.563 7.750 7.906 8.046 8.171 8.282 8.377 8.457 8.522 8.572 8.607 8.627 8.632 8.474 8.245 8.062 7.926 7.837 7.795 7.799 7.851 7.950 8.095 8.287 8.526 8.995 9.586 10.208 10.863 11.551 12.271 12.991 13.528 14.047 14.549 15.033 15.499 15.537 15.444 15.341 15.227 15.103 14.968 14.823 14.667 14.501 14.324
7.930 7.679 7.476 7.321 7.207 7.058 6.875 6.658 6.407 6.123 5.805 5.453 5.068 4.649 4.196 3.709 3.418 3.823 4.200 4.551 4.875 5.171 5.441 5.684 5.900 6.088 6.250 6.385 6.498 6.602 6.690 6.763 6.822 6.865 6.893 6.906 6.905 6.888 6.856 6.809 6.732 6.665 6.645 6.671 6.745 6.866 7.033 7.247 7.508 7.816 8.171 8.563 9.058 9.640 10.203 10.750 11.279 11.790 12.284 12.760 13.219 13.660 14.083 14.490 14.556 14.427 14.287 14.137 13.977 13.806 13.625 13.433 13.231 13.018
8.689 8.604 8.566 8.575 8.632 8.370 8.069 7.735 7.367 6.965 6.530 6.061 5.558 5.021 4.451 3.847 3.298 3.609 3.893 4.150 4.380 4.584 4.760 4.909 5.032 5.127 5.196 5.237 5.263 5.314 5.351 5.372 5.379 5.370 5.347 5.308 5.254 5.186 5.102 5.003 4.944 5.040 5.182 5.371 5.643 6.024 6.404 6.784 7.162 7.540 7.917 8.292 8.731 9.252 9.755 10.241 10.709 11.160 11.594 12.010 12.408 12.789 13.152 13.498 13.585 13.420 13.245 13.059 12.862 12.656 12.438 12.211 11.972 11.724
9.396 9.475 9.602 9.776 9.998 9.717 9.299 8.847 8.362 7.843 7.290 6.704 6.084 5.430 4.743 4.021 3.267 3.424 3.614 3.778 3.915 4.025 4.108 4.164 4.193 4.195 4.170 4.119 4.045 4.044 4.029 3.999 3.953 3.893 3.817 3.727 3.621 3.581 3.675 3.755 3.872 4.253 4.634 5.014 5.393 5.771 6.149 6.525 6.901 7.276 7.649 8.023 8.420 8.881 9.324 9.750 10.158 10.548 10.921 11.277 11.615 11.936 12.239 12.524 12.626 12.425 12.213 11.992 11.759 11.516 11.263 11.000 10.725 10.441
10.050 10.293 10.585 10.923 11.310 11.099 10.564 9.995 9.392 8.756 8.086 7.382 6.645 5.874 5.070 4.232 3.360 3.267 3.365 3.435 3.479 3.495 3.485 3.448 3.384 3.293 3.175 3.030 2.858 2.792 2.819 2.959 3.086 3.200 3.301 3.389 3.463 3.525 3.573 3.609 3.634 4.013 4.391 4.768 5.144 5.519 5.894 6.268 6.640 7.012 7.383 7.754 8.128 8.528 8.911 9.276 9.624 9.954 10.267 10.562 10.840 11.100 11.343 11.569 11.678 11.441 11.194 10.936 10.667 10.389 10.099 9.800 9.490 9.169
10.650 11.058 11.514 12.017 12.568 12.516 11.864 11.178 10.458 9.705 8.917 8.097 7.242 6.354 5.433 4.478 3.489 3.140 3.144 3.121 3.071 2.995 2.891 2.850 2.880 2.900 2.911 2.911 2.901 2.987 3.095 3.189 3.271 3.339 3.395 3.437 3.466 3.482 3.485 3.475 3.452 3.773 4.148 4.522 4.896 5.268 5.640 6.011 6.381 6.750 7.118 7.486 7.852 8.193 8.515 8.820 9.108 9.378 9.630 9.865 10.083 10.283 10.466 10.631 10.741 10.468 10.185 9.891 9.587 9.272 8.947 8.612 8.266 7.909
11.197 11.770 12.391 13.058 13.773 13.969 13.199 12.396 11.559 10.689 9.784 8.847 7.875 6.870 5.832 4.760 3.713 3.237 3.293 3.338 3.374 3.399 3.415 3.420 3.416 3.401 3.377 3.342 3.297 3.321 3.383 3.433 3.469 3.492 3.502 3.499 3.483 3.453 3.411 3.355 3.287 3.534 3.907 4.278 4.649 5.019 5.387 5.756 6.123 6.489 6.855 7.219 7.583 7.875 8.137 8.382 8.609 8.819 9.011 9.186 9.343 9.483 9.606 9.711 9.798 9.507 9.187 8.858 8.517 8.167 7.806 7.434 7.053 6.660
11.692 12.429 13.214 14.045 14.925 15.457 14.570 13.650 12.696 11.600 10.481 9.402 8.361 7.358 6.394 5.469 4.583 4.027 4.047 4.058 4.059 4.049 4.030 4.001 3.961 3.912 3.852 3.783 3.703 3.668 3.685 3.689 3.680 3.658 3.622 3.574 3.512 3.438 3.350 3.249 3.135 3.297 3.666 4.035 4.403 4.770 5.136 5.501 5.866 6.229 6.592 6.954 7.315 7.575 7.777 7.961 8.128 8.278 8.410 8.524 8.622 8.701 8.764 8.809 8.836 8.556 8.201 7.835 7.459 7.073 6.676 6.269 5.851 5.423
12.134 13.035 13.832 14.562 15.262 15.816 14.677 13.576 12.514 11.491 10.506 9.560 8.653 7.784 6.954 6.163 5.410 4.826 4.812 4.788 4.754 4.709 4.655 4.591 4.517 4.433 4.338 4.234 4.120 4.029 4.001 3.959 3.905 3.837 3.756 3.662 3.555 3.435 3.302 3.156 2.996 3.060 3.427 3.793 4.158 4.522 4.885 5.248 5.609 5.970 6.330 6.689 7.047 7.292 7.433 7.558 7.665 7.754 7.826 7.881 7.918 7.937 7.940 7.924 7.892 7.617 7.226 6.824 6.412 6.085 5.801 5.534 5.282 5.047
11.867 12.553 13.208 13.832 14.426 14.988 14.124 13.158 12.230 11.340 10.489 9.677 8.904 8.169 7.473 6.815 6.196 5.635 5.586 5.527 5.458 5.379 5.290 5.191 5.082 4.963 4.834 4.695 4.546 4.403 4.329 4.242 4.142 4.029 3.903 3.764 3.612 3.446 3.268 3.076 2.872 2.825 3.189 3.552 3.914 4.275 4.636 4.995 5.354 5.712 6.069 6.425 6.781 7.026 7.108 7.172 7.219 7.248 7.260 7.254 7.231 7.191 7.173 7.158 7.137 6.959 6.667 6.391 6.130 5.886 5.658 5.446 5.250 5.069
11.491 12.070 12.619 13.137 13.624 14.080 13.531 12.698 11.904 11.148 10.431 9.753 9.113 8.511 7.949 7.425 6.940 6.493 6.370 6.276 6.172 6.059 5.935 5.801 5.657 5.503 5.340 5.166 4.982 4.790 4.671 4.538 4.393 4.235 4.063 3.879 3.681 3.471 3.247 3.010 2.760 2.591 2.952 3.312 3.671 4.030 4.387 4.744 5.100 5.455 5.810 6.163 6.516 6.778 6.800 6.811 6.817 6.817 6.811 6.799 6.782 6.759 6.730 6.695 6.654 6.525 6.288 6.067 5.862 5.673 5.500 5.343 5.202 5.077
11.149 11.622 12.064 12.475 12.856 13.206 12.897 12.197 11.537 10.915 10.331 9.786 9.280 8.812 8.383 7.993 7.641 7.328 7.163 7.035 6.896 6.748 6.589 6.421 6.242 6.054 5.855 5.647 5.428 5.200 5.025 4.848 4.657 4.454 4.237 4.007 3.764 3.508 3.239 2.957 2.662 2.357 2.716 3.073 3.429 3.785 4.140 4.494 4.876 5.247 5.602 5.940 6.262 6.526 6.523 6.515 6.500 6.480 6.454 6.423 6.385 6.342 6.293 6.238 6.177 6.077 5.895 5.729 5.579 5.445 5.327 5.225 5.139 5.069
10.841 11.208 11.543 11.848 12.122 12.366 12.221 11.655 11.128 10.640 10.190 9.779 9.406 9.072 8.776 8.519 8.301 8.121 7.967 7.804 7.630 7.447 7.254 7.050 6.837 6.614 6.381 6.137 5.884 5.621 5.393 5.171 4.935 4.686 4.424 4.149 3.861 3.560 3.245 2.918 2.578 2.306 2.637 3.050 3.447 3.827 4.191 4.538 4.868 5.183 5.480 5.762 6.027 6.275 6.253 6.224 6.190 6.150 6.104 6.052 5.995 5.931 5.862 5.787 5.706 5.613 5.486 5.376 5.281 5.202 5.139 5.092 5.061 5.046
10.568 10.828 11.057 11.256 11.424 11.561 11.505 11.072 10.679 10.324 10.007 9.730 9.490 9.290 9.127 9.004 8.919 8.872 8.780 8.582 8.374 8.156 7.928 7.690 7.442 7.184 6.916 6.638 6.350 6.052 5.775 5.506 5.225 4.931 4.710 4.478 4.232 3.974 3.703 3.418 3.121 2.810 2.986 3.342 3.682 4.006 4.312 4.603 4.877 5.134 5.375 5.600 5.808 6.000 5.988 5.940 5.886 5.825 5.759 5.688 5.610 5.527 5.437 5.342 5.242 5.135 5.063 5.007 4.968 4.944 4.936 4.944 4.968 5.008
10.328 10.482 10.605 10.697 10.759 10.790 10.747 10.448 10.188 9.967 9.784 9.639 9.533 9.466 9.437 9.447 9.495 9.581 9.603 9.370 9.127 8.874 8.612 8.339 8.056 7.764 7.462 7.197 6.954 6.733 6.523 6.298 6.059 5.808 5.543 5.266 4.975 4.672 4.355 4.026 3.683 3.327 3.351 3.651 3.934 4.200 4.451 4.684 4.902 5.102 5.287 5.454 5.606 5.741 5.730 5.662 5.587 5.507 5.421 5.329 5.232 5.128 5.019 4.904 4.783 4.656 4.625 4.625 4.640 4.671 4.718 4.781 4.861 4.956
