DATA/SHG/ECMWF/20170628/EN-29/20170629.en-29.asc
ncols        190
nrows        64
xllcorner    -5100000.000000000000
yllcorner    4130000.000000000000
cellsize     10000.000000000000
NODATA_value  -99999.000
[rows 0 to 32 of 64, columns 74 to 147 of 190]
3.630 3.856 4.085 4.319 4.557 4.798 5.043 5.274 5.393 5.467 5.538 5.604 5.667 5.726 5.781 5.832 5.879 5.922 5.961 5.964 5.875 5.810 5.758 5.721 5.698 5.689 5.694 5.713 5.746 5.793 5.854 5.926 5.989 6.048 6.103 6.155 6.203 6.247 6.288 6.325 6.359 6.388 6.415 6.508 6.827 7.154 7.489 7.832 8.183 8.542 8.910 9.286 9.669 10.062 10.462 10.816 11.022 11.242 11.476 11.725 11.988 12.265 12.556 12.861 13.181 13.515 13.863 14.148 14.221 14.298 14.379 14.463 14.552 14.644
3.845 4.040 4.209 4.365 4.506 4.633 4.746 4.840 4.905 4.966 5.023 5.076 5.125 5.171 5.212 5.249 5.283 5.312 5.338 5.353 5.327 5.325 5.337 5.363 5.402 5.456 5.524 5.606 5.702 5.813 5.937 6.064 6.110 6.153 6.192 6.228 6.259 6.287 6.312 6.333 6.350 6.363 6.373 6.423 6.778 7.141 7.513 7.893 8.280 8.676 9.080 9.493 9.913 10.342 10.778 11.197 11.467 11.750 12.048 12.360 12.687 13.027 13.382 13.751 14.134 14.531 14.943 15.316 15.406 15.500 15.597 15.699 15.804 15.912
3.730 3.864 3.984 4.090 4.181 4.258 4.321 4.371 4.422 4.469 4.513 4.552 4.588 4.620 4.647 4.671 4.691 4.707 4.719 4.728 4.764 4.825 4.900 4.989 5.091 5.208 5.339 5.484 5.643 5.816 6.004 6.205 6.236 6.262 6.285 6.304 6.320 6.331 6.340 6.344 6.345 6.342 6.336 6.329 6.721 7.120 7.528 7.945 8.369 8.801 9.242 9.691 10.148 10.613 11.086 11.564 11.896 12.243 12.605 12.980 13.370 13.774 14.192 14.624 15.071 15.531 16.006 16.410 16.386 16.385 16.405 16.448 16.513 16.600
3.618 3.702 3.772 3.828 3.870 3.897 3.910 3.909 3.943 3.977 4.007 4.033 4.055 4.073 4.087 4.098 4.104 4.107 4.105 4.100 4.186 4.310 4.448 4.599 4.765 4.945 5.139 5.347 5.569 5.805 6.055 6.319 6.366 6.376 6.382 6.385 6.384 6.379 6.371 6.359 6.344 6.325 6.302 6.276 6.654 7.091 7.535 7.988 8.449 8.918 9.395 9.880 10.374 10.875 11.385 11.903 12.311 12.721 13.127 13.510 13.884 14.249 14.605 14.951 15.288 15.616 15.935 16.244 16.336 16.433 16.552 16.693 16.856 17.042
3.519 3.554 3.574 3.580 3.572 3.550 3.513 3.462 3.469 3.489 3.505 3.517 3.526 3.531 3.531 3.528 3.521 3.510 3.495 3.477 3.593 3.780 3.980 4.195 4.424 4.666 4.923 5.194 5.479 5.777 6.090 6.417 6.499 6.493 6.483 6.469 6.452 6.431 6.407 6.379 6.347 6.311 6.272 6.230 6.579 7.052 7.533 8.022 8.520 9.053 9.603 10.144 10.676 11.199 11.712 12.217 12.612 12.973 13.324 13.667 14.000 14.323 14.638 14.943 15.239 15.526 15.803 16.072 16.263 16.458 16.676 16.916 17.178 17.462
3.434 3.419 3.389 3.346 3.288 3.216 3.130 3.029 2.998 3.005 3.008 3.007 3.002 2.993 2.980 2.963 2.943 2.918 2.890 2.858 2.985 3.234 3.498 3.775 4.067 4.372 4.692 5.025 5.373 5.735 6.110 6.500 6.636 6.613 6.587 6.557 6.524 6.487 6.446 6.402 6.408 6.451 6.496 6.543 6.928 7.484 8.030 8.567 9.094 9.613 10.122 10.623 11.114 11.596 12.069 12.533 12.901 13.221 13.531 13.832 14.124 14.407 14.680 14.944 15.199 15.445 15.682 15.909 16.168 16.462 16.778 17.116 17.477 17.859
3.362 3.297 3.218 3.125 3.017 2.896 2.760 2.610 2.532 2.525 2.515 2.500 2.481 2.459 2.433 2.403 2.369 2.331 2.289 2.243 2.362 2.674 3.000 3.340 3.695 4.063 4.445 4.842 5.252 5.676 6.114 6.611 6.888 6.923 6.961 7.001 7.043 7.087 7.133 7.181 7.231 7.284 7.338 7.394 7.701 8.215 8.721 9.217 9.704 10.182 10.651 11.110 11.561 12.002 12.434 12.857 13.200 13.478 13.747 14.007 14.258 14.500 14.732 14.955 15.169 15.374 15.569 15.755 16.052 16.444 16.858 17.295 17.753 18.234
3.304 3.189 3.061 2.918 2.760 2.589 2.404 2.204 2.070 2.050 2.026 1.998 1.966 1.930 1.890 1.846 1.799 1.747 1.692 1.633 1.723 2.098 2.562 3.064 3.571 4.084 4.602 5.126 5.656 6.192 6.733 7.280 7.636 7.681 7.727 7.776 7.827 7.880 7.936 7.993 8.052 8.113 8.177 8.242 8.482 8.956 9.420 9.876 10.322 10.759 11.187 11.606 12.016 12.417 12.809 13.191 13.507 13.744 13.973 14.192 14.401 14.602 14.793 14.975 15.148 15.312 15.466 15.611 15.913 16.404 16.916 17.451 18.008 18.586
3.259 3.095 2.916 2.724 2.517 2.296 2.061 1.812 1.613 1.579 1.541 1.500 1.454 1.405 1.379 1.460 1.541 1.622 1.703 1.784 1.959 2.475 2.996 3.523 4.055 4.593 5.137 5.687 6.242 6.803 7.369 7.942 8.380 8.434 8.490 8.548 8.608 8.670 8.735 8.801 8.869 8.939 9.012 9.086 9.271 9.704 10.128 10.543 10.949 11.345 11.733 12.111 12.481 12.841 13.192 13.534 13.823 14.020 14.207 14.385 14.553 14.713 14.863 15.004 15.136 15.259 15.372 15.477 15.753 16.341 16.952 17.585 18.240 18.917
3.228 3.014 2.786 2.544 2.287 2.017 1.732 1.469 1.322 1.403 1.483 1.564 1.644 1.725 1.806 1.887 1.968 2.049 2.131 2.212 2.334 2.875 3.422 3.974 4.532 5.096 5.665 6.240 6.820 7.407 7.998 8.596 9.122 9.185 9.250 9.317 9.386 9.457 9.530 9.606 9.683 9.762 9.843 9.927 10.069 10.462 10.845 11.219 11.584 11.940 12.287 12.625 12.954 13.273 13.584 13.885 14.149 14.304 14.450 14.587 14.715 14.833 14.943 15.043 15.134 15.216 15.288 15.351 15.570 16.257 16.966 17.697 18.450 19.225
3.215 2.985 2.768 2.564 2.373 2.196 2.032 1.881 1.747 1.827 1.908 1.989 2.070 2.151 2.232 2.314 2.395 2.476 2.558 2.640 2.715 3.269 3.841 4.419 5.002 5.591 6.185 6.786 7.392 8.003 8.620 9.243 9.860 9.932 10.006 10.082 10.160 10.240 10.323 10.407 10.493 10.582 10.672 10.764 10.876 11.228 11.570 11.904 12.228 12.544 12.850 13.147 13.436 13.715 13.984 14.245 14.483 14.597 14.703 14.799 14.885 14.963 15.031 15.091 15.141 15.181 15.213 15.235 15.366 16.151 16.958 17.787 18.638 19.511
3.291 3.107 2.936 2.778 2.634 2.503 2.385 2.281 2.190 2.252 2.333 2.414 2.495 2.576 2.658 2.739 2.821 2.903 2.984 3.066 3.142 3.656 4.253 4.856 5.465 6.079 6.699 7.324 7.956 8.592 9.235 9.883 10.537 10.676 10.759 10.844 10.931 11.020 11.112 11.205 11.300 11.398 11.497 11.598 11.702 12.002 12.304 12.597 12.881 13.156 13.422 13.679 13.926 14.165 14.394 14.614 14.826 14.900 14.964 15.019 15.065 15.102 15.129 15.148 15.157 15.157 15.147 15.162 15.252 16.187 17.125 18.066 19.009 19.956
3.353 3.216 3.091 2.980 2.882 2.797 2.726 2.668 2.623 2.675 2.757 2.838 2.919 3.001 3.083 3.164 3.246 3.328 3.410 3.492 3.568 4.036 4.658 5.286 5.920 6.560 7.205 7.856 8.512 9.174 9.842 10.516 11.195 11.417 11.509 11.603 11.699 11.797 11.897 12.000 12.104 12.210 12.319 12.429 12.542 12.785 13.047 13.299 13.543 13.777 14.002 14.218 14.426 14.624 14.812 14.992 15.163 15.211 15.246 15.292 15.340 15.388 15.438 15.489 15.541 15.594 15.649 15.704 15.761 16.648 17.599 18.552 19.507 20.466
3.404 3.312 3.234 3.169 3.117 3.079 3.054 3.042 3.043 3.098 3.180 3.261 3.343 3.425 3.507 3.589 3.671 3.753 3.835 3.918 3.994 4.408 5.056 5.710 6.369 7.034 7.704 8.380 9.062 9.749 10.442 11.141 11.845 12.154 12.255 12.358 12.463 12.571 12.680 12.791 12.904 13.020 13.137 13.257 13.378 13.576 13.797 14.009 14.212 14.369 14.496 14.640 14.799 14.975 15.166 15.374 15.598 15.690 15.740 15.791 15.844 15.898 15.953 16.009 16.066 16.124 16.184 16.245 16.306 17.106 18.068 19.033 20.001 20.972
3.442 3.396 3.364 3.346 3.340 3.348 3.369 3.403 3.451 3.520 3.602 3.684 3.766 3.848 3.930 4.012 4.095 4.177 4.260 4.342 4.418 4.774 5.447 6.126 6.810 7.500 8.196 8.897 9.604 10.317 11.035 11.759 12.489 12.888 12.998 13.110 13.224 13.341 13.459 13.579 13.621 13.595 13.581 13.579 13.591 13.671 13.805 13.956 14.123 14.305 14.504 14.719 14.950 15.197 15.460 15.740 16.035 16.177 16.232 16.289 16.346 16.405 16.465 16.526 16.589 16.652 16.717 16.783 16.850 17.560 18.535 19.512 20.492 21.475
3.467 3.468 3.482 3.510 3.550 3.604 3.671 3.752 3.846 3.942 4.024 4.106 4.188 4.270 4.353 4.435 4.518 4.601 4.683 4.766 4.843 5.132 5.831 6.535 7.244 7.960 8.681 9.407 10.140 10.877 11.621 12.273 12.830 13.122 13.064 13.018 12.984 12.964 12.956 12.960 12.977 13.007 13.049 13.104 13.171 13.304 13.510 13.732 13.970 14.225 14.495 14.781 15.084 15.403 15.737 16.088 16.455 16.662 16.723 16.784 16.847 16.911 16.976 17.042 17.110 17.178 17.248 17.319 17.391 18.010 18.997 19.987 20.979 21.974
3.480 3.527 3.587 3.661 3.748 3.848 3.961 4.088 4.228 4.363 4.445 4.527 4.610 4.692 4.775 4.858 4.940 5.023 5.106 5.190 5.266 5.484 6.158 6.783 7.394 7.989 8.570 9.135 9.685 10.221 10.741 11.247 11.737 12.072 12.070 12.080 12.103 12.138 12.186 12.247 12.320 12.406 12.504 12.615 12.739 12.920 13.198 13.491 13.801 14.127 14.469 14.827 15.201 15.591 15.997 16.419 16.858 17.145 17.211 17.278 17.346 17.415 17.485 17.556 17.629 17.702 17.777 17.853 17.930 18.457 19.456 20.458 21.463 22.470
3.480 3.573 3.680 3.800 3.933 4.079 4.238 4.411 4.597 4.783 4.865 4.948 5.031 5.113 5.190 5.186 5.179 5.169 5.157 5.141 5.127 5.174 5.748 6.306 6.850 7.379 7.893 8.392 8.876 9.345 9.799 10.238 10.662 11.010 11.064 11.130 11.209 11.301 11.405 11.521 11.651 11.793 11.947 12.114 12.293 12.520 12.869 13.234 13.615 14.013 14.426 14.856 15.301 15.763 16.240 16.734 17.243 17.627 17.698 17.769 17.842 17.917 17.992 18.068 18.146 18.225 18.305 18.386 18.468 18.901 19.912 20.926 21.943 22.962
3.468 3.608 3.760 3.926 4.105 4.297 4.503 4.710 4.868 5.030 5.034 5.031 5.026 5.018 5.007 4.993 4.976 4.956 4.934 4.908 4.884 4.860 5.355 5.847 6.324 6.787 7.234 7.667 8.084 8.487 8.874 9.247 9.604 9.935 10.045 10.168 10.303 10.450 10.611 10.783 10.969 11.166 11.377 11.600 11.835 12.103 12.523 12.960 13.413 13.882 14.366 14.867 15.384 15.917 16.466 17.031 17.612 18.107 18.182 18.259 18.337 18.417 18.497 18.579 18.661 18.745 18.830 18.916 19.004 19.341 20.364 21.390 22.419 23.451
3.435 3.584 3.735 3.890 4.047 4.207 4.369 4.535 4.704 4.875 4.893 4.881 4.865 4.847 4.826 4.802 4.775 4.746 4.713 4.678 4.643 4.610 4.979 5.405 5.816 6.212 6.593 6.959 7.310 7.646 7.967 8.273 8.564 8.841 9.014 9.193 9.384 9.588 9.804 10.032 10.274 10.528 10.794 11.073 11.365 11.669 12.161 12.669 13.193 13.734 14.290 14.862 15.450 16.054 16.675 17.311 17.963 18.584 18.665 18.747 18.830 18.915 19.000 19.087 19.175 19.264 19.354 19.445 19.538 19.777 20.813 21.851 22.892 23.936
3.188 3.346 3.508 3.672 3.839 4.009 4.182 4.358 4.537 4.718 4.755 4.733 4.708 4.679 4.648 4.615 4.578 4.538 4.496 4.451 4.406 4.363 4.621 4.980 5.325 5.654 5.969 6.268 6.553 6.823 7.078 7.317 7.542 7.752 7.971 8.206 8.453 8.712 8.984 9.269 9.566 9.876 10.198 10.533 10.881 11.241 11.783 12.362 12.957 13.569 14.196 14.840 15.499 16.175 16.866 17.574 18.297 19.037 19.146 19.233 19.322 19.411 19.502 19.593 19.686 19.780 19.876 19.972 20.065 20.144 21.310 22.614 24.056 25.636
2.938 3.107 3.278 3.452 3.630 3.810 3.993 4.178 4.367 4.558 4.620 4.588 4.553 4.514 4.474 4.430 4.383 4.334 4.281 4.226 4.172 4.118 4.280 4.573 4.851 5.114 5.362 5.596 5.814 6.017 6.206 6.379 6.538 6.682 6.915 7.206 7.509 7.824 8.153 8.493 8.846 9.212 9.590 9.981 10.384 10.800 11.387 12.038 12.705 13.387 14.086 14.801 15.532 16.278 17.041 17.820 18.615 19.425 19.625 19.864 20.261 20.577 20.813 20.969 21.044 21.039 20.954 20.788 20.542 20.216 21.856 23.773 25.828 28.021
2.686 2.864 3.046 3.230 3.417 3.607 3.800 3.996 4.195 4.396 4.488 4.446 4.400 4.352 4.302 4.248 4.191 4.132 4.070 4.005 3.940 3.876 3.956 4.182 4.394 4.591 4.773 4.940 5.092 5.229 5.352 5.459 5.551 5.629 5.847 6.194 6.553 6.924 7.308 7.705 8.114 8.535 8.969 9.416 9.875 10.347 10.975 11.697 12.435 13.189 14.026 15.034 16.130 17.315 18.589 19.952 21.405 22.946 23.507 23.627 23.668 23.627 23.507 23.306 23.026 22.664 22.223 21.701 21.099 20.417 22.265 24.794 27.461 30.266
2.431 2.620 2.811 3.006 3.203 3.403 3.606 3.812 4.020 4.232 4.358 4.306 4.251 4.193 4.132 4.069 4.002 3.933 3.861 3.786 3.711 3.638 3.649 3.809 3.955 4.086 4.201 4.302 4.388 4.459 4.515 4.556 4.582 4.594 4.767 5.169 5.584 6.011 6.451 6.904 7.368 7.881 8.434 8.960 9.457 9.927 10.657 11.704 12.839 14.063 15.376 16.778 18.268 19.848 21.516 23.274 25.120 27.055 27.704 27.468 27.152 26.756 26.279 25.722 25.085 24.368 23.571 22.693 21.735 20.697 22.535 25.676 28.955 32.372
2.174 2.373 2.574 2.779 2.986 3.196 3.409 3.625 3.843 4.065 4.232 4.170 4.105 4.037 3.966 3.893 3.816 3.737 3.655 3.570 3.485 3.402 3.359 3.453 3.533 3.597 3.647 3.682 3.701 3.706 3.696 3.671 3.713 3.894 4.234 4.859 5.456 6.025 6.566 7.079 7.565 8.022 8.452 8.854 9.228 9.575 10.335 11.775 13.305 14.923 16.630 18.426 20.311 22.285 24.347 26.498 28.738 31.067 31.978 31.386 30.714 29.961 29.129 28.216 27.224 26.151 24.998 23.764 22.451 21.057 22.668 26.420 30.310 34.339
1.914 2.123 2.335 2.549 2.766 2.986 3.209 3.435 3.664 3.895 4.108 4.036 3.961 3.883 3.803 3.719 3.633 3.544 3.452 3.357 3.263 3.169 3.087 3.136 3.228 3.340 3.471 3.622 3.792 3.982 4.192 4.421 4.669 4.938 5.269 5.771 6.244 6.690 7.107 7.497 7.859 8.194 8.500 8.779 9.029 9.252 9.918 11.753 13.677 15.689 17.790 19.980 22.258 24.626 27.082 29.627 32.260 34.982 36.328 35.380 34.353 33.245 32.057 30.788 29.440 28.012 26.503 24.915 23.246 21.497 22.663 27.026 31.527 36.166
1.653 1.871 2.093 2.317 2.545 2.775 3.008 3.243 3.482 3.724 3.968 3.905 3.820 3.732 3.642 3.550 3.467 3.392 3.326 3.267 3.216 3.172 3.134 3.289 3.468 3.666 3.884 4.122 4.379 4.656 4.952 5.268 5.603 5.958 6.333 6.711 7.061 7.383 7.678 7.944 8.183 8.394 8.577 8.733 8.860 8.960 9.408 11.637 13.954 16.360 18.855 21.438 24.110 26.871 29.720 32.658 35.685 38.801 40.755 39.452 38.069 36.605 35.062 33.438 31.735 29.951 28.088 26.144 24.120 22.016 22.520 27.494 32.606 37.855
1.388 1.617 1.849 2.083 2.320 2.560 2.803 3.049 3.295 3.531 3.762 3.728 3.641 3.562 3.491 3.428 3.374 3.327 3.289 3.258 3.236 3.219 3.210 3.419 3.685 3.971 4.275 4.600 4.944 5.307 5.690 6.093 6.515 6.956 7.417 7.681 7.908 8.107 8.278 8.421 8.537 8.624 8.684 8.716 8.721 8.698 8.804 11.426 14.137 16.936 19.825 22.801 25.867 29.020 32.263 35.594 39.014 42.522 45.259 43.601 41.862 40.043 38.145 36.166 34.108 31.969 29.751 27.452 25.074 22.615 22.240 27.824 33.546 39.405
1.122 1.366 1.620 1.869 2.113 2.351 2.585 2.813 3.036 3.254 3.466 3.488 3.429 3.378 3.335 3.300 3.274 3.255 3.244 3.242 3.247 3.260 3.278 3.528 3.880 4.252 4.644 5.055 5.486 5.936 6.405 6.895 7.403 7.931 8.479 8.680 8.783 8.859 8.907 8.927 8.919 8.884 8.821 8.730 8.611 8.465 8.291 11.122 14.226 17.419 20.700 24.069 27.528 31.074 34.710 38.434 42.246 46.147 49.840 47.826 45.733 43.559 41.306 38.972 36.559 34.066 31.492 28.839 26.106 23.293 21.823 28.017 34.348 40.817
0.995 1.237 1.473 1.704 1.930 2.150 2.366 2.576 2.781 2.981 3.176 3.240 3.209 3.187 3.172 3.165 3.166 3.176 3.193 3.219 3.252 3.292 3.339 3.614 4.053 4.512 4.990 5.488 6.005 6.542 7.098 7.674 8.269 8.884 9.518 9.707 9.687 9.640 9.565 9.462 9.331 9.173 8.987 8.773 8.531 8.262 7.965 10.724 14.221 17.806 21.480 25.243 29.094 33.033 37.061 41.178 45.382 49.676 54.058 52.128 49.680 47.152 44.544 41.856 39.088 36.240 33.313 30.305 27.218 24.050 21.212 27.660 33.941 40.056
0.889 1.112 1.331 1.544 1.752 1.954 2.152 2.344 2.531 2.714 2.890 2.986 2.983 2.988 3.001 3.023 3.052 3.089 3.135 3.188 3.250 3.318 3.393 3.678 4.204 4.749 5.314 5.899 6.502 7.126 7.768 8.431 9.112 9.814 10.534 10.763 10.621 10.450 10.252 10.026 9.773 9.491 9.182 8.846 8.481 8.089 7.669 10.232 14.122 18.100 22.166 26.321 30.565 34.896 39.317 43.825 48.423 53.108 57.882 56.507 53.705 50.593 47.032 43.510 40.028 36.585 33.181 29.817 26.493 23.208 19.962 25.095 30.643 36.025
0.787 0.993 1.193 1.389 1.579 1.763 1.943 2.118 2.287 2.451 2.610 2.725 2.750 2.783 2.824 2.873 2.930 2.996 3.069 3.150 3.240 3.337 3.440 3.721 4.333 4.965 5.616 6.287 6.977 7.687 8.416 9.165 9.933 10.721 11.528 11.849 11.583 11.290 10.969 10.620 10.243 9.839 9.407 8.948 8.460 7.945 7.403 9.647 13.929 18.299 22.758 27.305 31.833 36.096 40.293 44.424 48.491 52.491 56.427 55.099 51.632 48.205 44.818 41.470 38.161 34.891 31.661 28.471 25.319 22.207 19.135 22.696 27.512 32.161
0.691 0.879 1.061 1.238 1.411 1.577 1.739 1.896 2.047 2.194 2.335 2.457 2.510 2.571 2.640 2.717 2.802 2.895 2.996 3.105 3.223 3.348 3.479 3.741 4.439 5.158 5.896 6.653 7.429 8.226 9.041 9.876 10.731 11.605 12.499 12.963 12.574 12.158 11.714 11.243 10.743 10.216 9.662 9.091 8.534 7.963 7.376 9.103 13.405 17.641 21.812 25.918 29.958 33.932 37.842 41.685 45.464 49.177 52.825 52.328 49.035 45.782 42.567 39.393 36.257 33.161 30.104 27.087 24.109 21.170 18.271 20.463 24.547 28.465
