DATA/SHG/ECMWF/20170628/EN-29/20170628.en-29.asc
ncols        190
nrows        64
xllcorner    -5100000.000000000000
yllcorner    4130000.000000000000
cellsize     10000.000000000000
NODATA_value  -99999.000
[rows 0 to 32 of 64, columns 75 to 149 of 190]
4.456 4.459 4.467 4.477 4.491 4.508 4.633 5.114 5.668 6.237 6.819 7.416 8.027 8.652 9.290 9.943 10.610 11.291 11.925 12.316 12.656 12.961 13.231 13.466 13.666 13.831 13.962 14.058 14.119 14.145 14.148 14.176 14.205 14.237 14.271 14.306 14.344 14.383 14.424 14.467 14.512 14.559 14.459 13.902 13.343 12.784 12.223 11.660 11.097 10.532 9.965 9.398 8.829 8.259 7.756 7.457 7.172 6.900 6.641 6.395 6.162 5.942 5.735 5.541 5.360 5.193 5.049 4.945 4.849 4.761 4.681 4.608 4.544 4.488 4.439
3.970 4.156 4.343 4.531 4.720 4.910 5.170 5.760 6.363 6.981 7.613 8.259 8.919 9.592 10.280 10.982 11.698 12.428 13.122 13.359 13.543 13.691 13.805 13.884 13.929 13.938 13.913 13.853 13.758 13.628 13.488 13.525 13.563 13.604 13.646 13.690 13.736 13.783 13.833 13.884 13.938 13.993 13.972 13.409 12.844 12.279 11.712 11.144 10.575 10.004 9.432 8.859 8.285 7.709 7.178 6.938 6.711 6.497 6.296 6.109 5.934 5.772 5.623 5.488 5.365 5.256 5.162 5.093 5.033 4.980 4.935 4.898 4.869 4.847 4.834
4.582 4.771 4.962 5.153 5.345 5.538 5.753 6.392 7.045 7.711 8.392 9.087 9.796 10.519 11.256 12.007 12.772 13.551 14.344 14.439 14.467 14.460 14.418 14.341 14.230 14.084 13.903 13.687 13.436 13.151 12.831 12.873 12.920 12.969 13.019 13.072 13.126 13.183 13.241 13.301 13.362 13.426 13.486 12.918 12.348 11.776 11.204 10.630 10.055 9.479 8.901 8.322 7.742 7.161 6.588 6.406 6.237 6.082 5.939 5.810 5.693 5.590 5.499 5.422 5.357 5.306 5.250 5.177 5.105 5.035 4.967 4.900 4.835 4.772 4.710
5.192 5.384 5.578 5.772 5.968 6.164 6.361 7.010 7.712 8.428 9.157 9.901 10.659 11.431 12.217 13.017 13.831 14.659 15.501 15.558 15.429 15.267 15.069 14.837 14.570 14.268 13.931 13.560 13.154 12.713 12.238 12.220 12.276 12.333 12.392 12.453 12.516 12.581 12.647 12.716 12.786 12.858 12.932 12.429 11.853 11.276 10.698 10.118 9.538 8.955 8.372 7.788 7.202 6.615 6.026 5.862 5.751 5.712 5.715 5.699 5.664 5.608 5.534 5.439 5.325 5.192 5.039 4.966 4.902 4.839 4.778 4.719 4.662 4.606 4.552
5.799 5.995 6.192 6.390 6.588 6.788 6.989 7.614 8.365 9.130 9.909 10.701 11.508 12.329 13.164 14.013 14.876 15.753 16.644 16.713 16.430 16.111 15.758 15.370 14.948 14.490 13.998 13.472 12.910 12.314 11.683 11.566 11.630 11.696 11.763 11.833 11.904 11.977 12.052 12.129 12.208 12.289 12.371 11.942 11.361 10.778 10.194 9.609 9.052 8.545 8.071 7.630 7.221 6.846 6.503 6.415 6.370 6.306 6.222 6.119 5.996 5.853 5.691 5.510 5.308 5.088 4.847 4.754 4.697 4.642 4.589 4.537 4.487 4.439 4.392
6.405 6.604 6.805 7.006 7.208 7.410 7.614 8.204 9.004 9.818 10.646 11.487 12.343 13.213 14.097 14.995 15.907 16.832 17.772 17.907 17.468 16.994 16.485 15.942 15.364 14.751 14.104 13.422 12.705 11.954 11.168 10.911 10.983 11.058 11.134 11.212 11.291 11.373 11.457 11.525 11.576 11.620 11.657 11.307 10.782 10.290 9.831 9.404 9.011 8.650 8.322 8.027 7.765 7.535 7.338 7.204 7.072 6.920 6.749 6.558 6.348 6.118 5.869 5.600 5.311 5.003 4.675 4.540 4.491 4.444 4.398 4.354 4.311 4.270 4.231
7.010 7.212 7.415 7.619 7.825 8.031 8.238 8.780 9.629 10.492 11.369 12.259 13.164 14.083 15.016 15.962 16.923 17.898 18.886 19.138 18.544 17.914 17.250 16.552 15.819 15.051 14.248 13.411 12.540 11.633 10.689 10.268 10.345 10.414 10.476 10.532 10.580 10.620 10.654 10.681 10.700 10.712 10.717 10.500 10.122 9.776 9.463 9.183 8.935 8.721 8.539 8.390 8.273 8.190 8.139 8.011 7.792 7.553 7.295 7.017 6.719 6.402 6.065 5.709 5.334 4.938 4.524 4.325 4.284 4.244 4.205 4.169 4.134 4.101 4.069
7.612 7.818 8.024 8.232 8.440 8.649 8.860 9.342 10.240 11.152 12.078 13.017 13.971 14.938 15.920 16.916 17.925 18.948 19.986 20.407 19.657 18.680 17.640 16.624 15.631 14.663 13.718 12.798 11.901 11.028 10.179 9.688 9.733 9.770 9.801 9.824 9.840 9.849 9.851 9.845 9.833 9.813 9.786 9.660 9.428 9.228 9.061 8.927 8.826 8.757 8.721 8.718 8.747 8.809 8.904 8.838 8.531 8.205 7.860 7.494 7.110 6.706 6.282 5.839 5.376 4.893 4.392 4.109 4.075 4.042 4.012 3.982 3.955 3.929 3.905
8.212 8.421 8.631 8.842 9.054 9.266 9.480 9.891 10.837 11.798 12.773 13.761 14.764 15.721 16.435 17.112 17.751 18.354 18.919 19.123 18.142 17.185 16.251 15.342 14.456 13.594 12.756 11.942 11.152 10.386 9.643 9.116 9.129 9.135 9.133 9.125 9.109 9.086 9.056 9.019 8.974 8.923 8.864 8.786 8.700 8.646 8.625 8.637 8.682 8.759 8.869 9.011 9.186 9.394 9.635 9.684 9.290 8.877 8.444 7.992 7.520 7.029 6.518 5.987 5.438 4.868 4.279 3.891 3.865 3.840 3.816 3.795 3.775 3.757 3.740
8.811 9.023 9.236 9.450 9.665 9.881 10.058 10.254 11.061 11.832 12.565 13.260 13.919 14.541 15.126 15.674 16.184 16.658 17.095 17.390 16.516 15.665 14.838 14.035 13.256 12.501 11.769 11.062 10.378 9.718 9.082 8.554 8.535 8.508 8.475 8.435 8.387 8.332 8.270 8.201 8.125 8.042 7.951 7.879 7.939 8.031 8.156 8.313 8.503 8.726 8.982 9.270 9.591 9.945 10.331 10.548 10.068 9.567 9.047 8.508 7.949 7.371 6.773 6.156 5.519 4.863 4.187 3.672 3.653 3.636 3.620 3.606 3.593 3.582 3.573
9.248 9.347 9.443 9.536 9.626 9.712 9.796 9.883 10.561 11.202 11.806 12.373 12.903 13.396 13.852 14.271 14.653 14.998 15.306 15.607 14.865 14.121 13.400 12.704 12.031 11.382 10.757 10.156 9.579 9.026 8.496 7.999 7.949 7.891 7.825 7.753 7.674 7.587 7.493 7.393 7.284 7.169 7.047 6.938 7.143 7.381 7.652 7.955 8.291 8.660 9.061 9.495 9.961 10.460 10.992 11.432 10.864 10.277 9.670 9.044 8.398 7.733 7.048 6.344 5.620 4.877 4.114 3.452 3.440 3.430 3.422 3.415 3.410 3.407 3.405
9.055 9.143 9.228 9.310 9.388 9.464 9.536 9.605 10.096 10.608 11.083 11.521 11.922 12.286 12.614 12.904 13.157 13.373 13.553 13.724 13.189 12.552 11.938 11.348 10.781 10.239 9.720 9.226 8.755 8.308 7.884 7.485 7.371 7.282 7.185 7.080 6.969 6.851 6.725 6.593 6.453 6.306 6.152 5.990 6.315 6.698 7.114 7.563 8.045 8.559 9.105 9.685 10.296 10.941 11.618 12.328 11.680 11.006 10.312 9.599 8.866 8.114 7.343 6.552 5.741 4.911 4.065 3.272 3.294 3.316 3.337 3.357 3.377 3.396 3.415
8.865 8.942 9.016 9.087 9.154 9.219 9.280 9.338 9.665 10.048 10.394 10.704 10.976 11.212 11.410 11.572 11.696 11.784 11.835 11.877 11.490 10.958 10.451 9.967 9.507 9.071 8.659 8.270 7.905 7.565 7.248 6.954 6.803 6.681 6.552 6.416 6.273 6.123 5.966 5.802 5.630 5.451 5.265 5.072 5.453 5.982 6.543 7.137 7.764 8.424 9.116 9.840 10.597 11.387 12.210 13.065 12.515 11.662 10.719 9.801 8.908 8.040 7.198 6.380 5.587 4.819 4.076 3.359 3.329 3.348 3.367 3.385 3.402 3.419 3.436
8.679 8.745 8.807 8.867 8.924 8.977 9.027 9.074 9.268 9.523 9.740 9.921 10.065 10.172 10.242 10.275 10.271 10.230 10.152 10.065 9.766 9.340 8.939 8.562 8.208 7.878 7.572 7.290 7.031 6.796 6.585 6.398 6.243 6.089 5.929 5.761 5.586 5.405 5.216 5.019 4.816 4.606 4.388 4.163 4.557 5.231 5.938 6.678 7.434 8.164 8.871 9.553 10.212 10.847 11.459 12.046 11.507 10.650 9.818 9.011 8.230 7.473 6.741 6.034 5.352 4.695 4.063 3.456 3.364 3.381 3.397 3.413 3.429 3.443 3.458
8.495 8.550 8.602 8.651 8.696 8.738 8.777 8.813 8.906 9.032 9.121 9.173 9.188 9.167 9.108 9.013 8.881 8.711 8.505 8.289 8.017 7.698 7.403 7.132 6.884 6.660 6.460 6.284 6.132 6.003 5.898 5.817 5.691 5.506 5.314 5.115 4.908 4.695 4.474 4.284 4.134 3.987 3.844 3.705 4.087 4.807 5.503 6.175 6.824 7.449 8.049 8.627 9.180 9.710 10.215 10.697 10.360 9.614 8.893 8.198 7.527 6.880 6.259 5.663 5.092 4.546 4.024 3.528 3.400 3.414 3.428 3.442 3.455 3.468 3.480
8.315 8.359 8.400 8.437 8.472 8.503 8.531 8.556 8.578 8.575 8.536 8.460 8.347 8.197 8.010 7.786 7.525 7.228 6.894 6.549 6.244 6.032 5.843 5.677 5.536 5.418 5.324 5.254 5.207 5.185 5.217 5.278 5.243 5.083 4.926 4.774 4.625 4.479 4.338 4.200 4.066 3.936 3.810 3.687 3.925 4.539 5.130 5.696 6.239 6.759 7.254 7.726 8.174 8.598 8.998 9.375 9.190 8.555 7.945 7.359 6.799 6.264 5.753 5.268 4.807 4.372 3.961 3.575 3.436 3.448 3.460 3.471 3.482 3.493 3.502
8.138 8.171 8.201 8.227 8.251 8.271 8.288 8.301 8.284 8.153 7.985 7.781 7.539 7.261 6.946 6.594 6.205 5.780 5.317 4.843 4.447 4.453 4.545 4.630 4.708 4.780 4.844 4.902 4.953 4.996 5.033 5.063 5.038 4.894 4.755 4.619 4.486 4.358 4.233 4.112 3.995 3.882 3.772 3.666 3.788 4.296 4.781 5.243 5.680 6.094 6.484 6.851 7.193 7.512 7.807 8.079 7.995 7.471 6.972 6.497 6.048 5.623 5.223 4.848 4.498 4.173 3.873 3.598 3.472 3.482 3.492 3.501 3.510 3.518 3.525
7.965 7.986 8.005 8.021 8.033 8.042 8.048 8.050 8.025 7.765 7.469 7.137 6.767 6.371 6.091 5.814 5.538 5.265 4.994 4.723 4.485 4.553 4.614 4.669 4.716 4.757 4.791 4.818 4.838 4.851 4.857 4.857 4.829 4.702 4.579 4.460 4.345 4.233 4.125 4.020 3.920 3.823 3.730 3.641 3.676 4.079 4.459 4.815 5.147 5.456 5.741 6.002 6.239 6.453 6.643 6.809 6.777 6.364 5.975 5.611 5.272 4.958 4.669 4.404 4.165 3.950 3.761 3.596 3.509 3.517 3.524 3.531 3.538 3.544 3.549
7.794 7.805 7.813 7.817 7.818 7.816 7.815 7.840 7.883 7.608 7.327 7.048 6.771 6.497 6.225 5.955 5.687 5.422 5.159 4.895 4.630 4.660 4.691 4.715 4.732 4.742 4.745 4.742 4.731 4.714 4.689 4.658 4.617 4.506 4.400 4.298 4.199 4.104 4.012 3.925 3.841 3.761 3.684 3.612 3.589 3.887 4.162 4.412 4.639 4.843 5.022 5.178 5.311 5.419 5.504 5.565 5.535 5.232 4.954 4.700 4.472 4.268 4.089 3.936 3.807 3.702 3.623 3.569 3.546 3.552 3.557 3.562 3.566 3.570 3.573
7.574 7.556 7.555 7.571 7.605 7.657 7.726 7.813 7.916 7.700 7.427 7.156 6.887 6.620 6.356 6.094 5.834 5.577 5.322 5.065 4.808 4.776 4.776 4.769 4.755 4.735 4.707 4.673 4.632 4.584 4.529 4.467 4.399 4.307 4.217 4.131 4.049 3.971 3.896 3.825 3.758 3.694 3.635 3.579 3.528 3.721 3.890 4.035 4.157 4.255 4.330 4.381 4.408 4.411 4.391 4.347 4.269 4.077 3.909 3.766 3.648 3.554 3.486 3.443 3.424 3.430 3.461 3.517 3.584 3.588 3.590 3.593 3.595 3.596 3.597
7.104 7.146 7.206 7.284 7.379 7.491 7.621 7.769 7.933 7.791 7.525 7.262 7.001 6.742 6.485 6.231 5.979 5.729 5.482 5.234 4.984 4.898 4.868 4.831 4.786 4.735 4.677 4.612 4.541 4.462 4.376 4.284 4.185 4.103 4.030 3.961 3.896 3.834 3.776 3.722 3.671 3.624 3.581 3.542 3.506 3.579 3.643 3.684 3.701 3.694 3.663 3.609 3.531 3.429 3.304 3.155 2.983 2.897 2.840 2.807 2.799 2.816 2.858 2.925 3.017 3.133 3.274 3.537 3.946 4.266 4.662 5.133 5.680 6.302 7.000
6.617 6.721 6.842 6.980 7.136 7.310 7.500 7.709 7.934 7.879 7.621 7.366 7.112 6.861 6.612 6.366 6.122 5.880 5.640 5.399 5.158 5.029 4.968 4.900 4.825 4.743 4.655 4.559 4.457 4.348 4.232 4.109 3.979 3.896 3.840 3.787 3.738 3.693 3.652 3.614 3.580 3.550 3.524 3.501 3.482 3.463 3.422 3.358 3.269 3.157 3.022 2.863 2.680 2.473 2.243 1.989 1.712 1.694 1.845 2.162 2.500 2.860 3.241 3.644 4.069 4.515 4.983 5.472 5.983 6.631 7.361 8.166 9.047 10.003 11.034
6.116 6.280 6.462 6.661 6.878 7.112 7.364 7.633 7.919 7.965 7.715 7.467 7.222 6.978 6.737 6.499 6.262 6.028 5.796 5.563 5.330 5.167 5.075 4.977 4.871 4.759 4.640 4.514 4.381 4.241 4.095 3.941 3.781 3.685 3.645 3.609 3.577 3.549 3.524 3.503 3.486 3.472 3.462 3.456 3.454 3.372 3.226 3.057 2.864 2.678 2.548 2.440 2.354 2.290 2.247 2.227 2.228 2.506 2.896 3.309 3.743 4.198 4.675 5.173 5.693 6.235 6.798 7.383 7.989 8.918 9.981 11.120 12.335 13.624 14.989
5.598 5.823 6.066 6.326 6.604 6.899 7.211 7.541 7.888 8.049 7.807 7.567 7.329 7.094 6.860 6.629 6.400 6.174 5.950 5.725 5.499 5.312 5.190 5.061 4.925 4.782 4.633 4.476 4.313 4.143 3.966 3.782 3.591 3.470 3.447 3.428 3.412 3.400 3.392 3.388 3.398 3.414 3.408 3.380 3.331 3.228 3.108 3.009 2.932 2.878 2.845 2.833 2.844 2.876 2.931 3.007 3.104 3.438 3.925 4.432 4.962 5.513 6.085 6.679 7.294 7.931 8.590 9.270 9.971 11.126 12.523 13.996 15.544 17.167 18.865
5.065 5.351 5.655 5.975 6.314 6.669 7.042 7.432 7.840 8.131 7.897 7.664 7.434 7.206 6.981 6.758 6.537 6.318 6.101 5.884 5.666 5.465 5.313 5.153 4.987 4.813 4.633 4.446 4.252 4.052 3.844 3.667 3.565 3.535 3.605 3.654 3.681 3.687 3.672 3.635 3.576 3.496 3.395 3.273 3.129 3.018 2.994 2.993 3.013 3.054 3.118 3.203 3.311 3.440 3.590 3.763 3.957 4.348 4.929 5.533 6.157 6.803 7.471 8.160 8.871 9.603 10.357 11.132 11.929 13.257 14.988 16.793 18.674 20.631 22.662
4.516 4.863 5.227 5.609 6.008 6.424 6.857 7.309 7.777 8.211 7.984 7.760 7.537 7.317 7.099 6.884 6.671 6.460 6.251 6.041 5.831 5.626 5.427 5.218 5.032 4.870 4.730 4.615 4.522 4.453 4.407 4.385 4.386 4.401 4.376 4.330 4.262 4.173 4.062 3.930 3.777 3.602 3.406 3.188 2.949 2.785 2.858 2.953 3.070 3.208 3.368 3.550 3.754 3.979 4.227 4.496 4.787 5.234 5.911 6.609 7.329 8.071 8.834 9.618 10.424 11.252 12.101 12.971 13.863 15.310 17.374 19.513 21.727 24.016 26.380
3.952 4.359 4.784 5.226 5.686 6.163 6.657 7.169 7.698 8.244 8.070 7.853 7.638 7.426 7.207 6.932 6.658 6.384 6.111 5.843 5.580 5.318 5.186 5.081 4.998 4.939 4.904 4.892 4.903 4.937 4.995 5.076 5.181 5.290 5.169 5.028 4.865 4.681 4.475 4.248 4.000 3.730 3.439 3.127 2.793 2.530 2.699 2.891 3.104 3.339 3.595 3.874 4.174 4.496 4.840 5.205 5.592 6.096 6.869 7.662 8.478 9.314 10.172 11.052 11.953 12.876 13.820 14.786 15.773 17.286 19.682 22.154 24.700 27.322 30.019
3.372 3.840 4.325 4.828 5.348 5.886 6.441 7.006 7.548 8.078 7.952 7.677 7.402 7.128 6.854 6.581 6.309 6.037 5.765 5.499 5.238 4.978 4.919 4.917 4.939 4.983 5.051 5.143 5.257 5.395 5.556 5.741 5.949 6.180 5.985 5.749 5.491 5.212 4.911 4.589 4.246 3.881 3.495 3.088 2.659 2.252 2.518 2.806 3.115 3.447 3.800 4.174 4.571 4.989 5.429 5.891 6.375 6.936 7.803 8.692 9.603 10.534 11.488 12.462 13.459 14.477 15.516 16.576 17.659 19.183 21.913 24.717 27.596 30.550 33.580
2.799 3.383 3.955 4.515 5.064 5.600 6.125 6.637 7.138 7.626 7.591 7.318 7.045 6.773 6.501 6.230 5.959 5.689 5.420 5.155 4.897 4.638 4.627 4.728 4.853 5.001 5.173 5.367 5.585 5.827 6.091 6.379 6.691 7.025 6.823 6.492 6.139 5.765 5.369 4.953 4.515 4.055 3.574 3.072 2.549 2.004 2.313 2.698 3.104 3.531 3.981 4.452 4.945 5.459 5.996 6.554 7.134 7.752 8.714 9.698 10.704 11.731 12.779 13.849 14.940 16.053 17.188 18.343 19.520 21.004 24.065 27.202 30.414 33.700 37.062
2.730 3.273 3.804 4.323 4.830 5.325 5.808 6.280 6.739 7.186 7.231 6.960 6.689 6.418 6.148 5.879 5.610 5.342 5.074 4.812 4.555 4.298 4.308 4.513 4.741 4.993 5.268 5.566 5.887 6.232 6.600 6.991 7.406 7.843 7.683 7.257 6.809 6.340 5.850 5.339 4.806 4.252 3.676 3.079 2.461 1.821 2.086 2.567 3.069 3.593 4.139 4.706 5.295 5.906 6.539 7.193 7.869 8.567 9.602 10.681 11.782 12.904 14.047 15.212 16.399 17.606 18.835 20.086 21.358 22.583 25.448 28.242 30.965 33.617 36.197
2.673 3.175 3.665 4.142 4.608 5.062 5.503 5.933 6.351 6.757 6.871 6.601 6.332 6.063 5.795 5.528 5.261 4.995 4.729 4.468 4.213 3.959 3.964 4.272 4.604 4.959 5.337 5.738 6.163 6.611 7.082 7.576 8.094 8.635 8.565 8.044 7.502 6.939 6.354 5.747 5.120 4.471 3.801 3.109 2.396 1.662 1.836 2.413 3.012 3.632 4.274 4.937 5.623 6.330 7.058 7.809 8.581 9.375 10.467 11.641 12.806 13.884 14.909 15.882 16.804 17.673 18.490 19.255 19.968 20.629 23.055 25.536 27.946 30.284 32.552
2.628 3.088 3.536 3.972 4.397 4.809 5.210 5.598 5.975 6.340 6.510 6.243 5.975 5.709 5.443 5.177 4.912 4.647 4.383 4.125 3.872 3.619 3.594 4.006 4.440 4.899 5.380 5.884 6.412 6.963 7.538 8.135 8.756 9.400 9.470 8.854 8.217 7.559 6.879 6.179 5.456 4.713 3.948 3.162 2.355 1.526 1.563 2.237 2.931 3.648 4.386 5.168 6.012 6.858 7.706 8.556 9.408 10.262 11.216 12.168 13.068 13.915 14.711 15.454 16.146 16.786 17.373 17.909 18.392 18.824 20.735 22.903 25.000 27.026 28.980
2.593 3.012 3.419 3.814 4.197 4.568 4.927 5.275 5.610 5.933 6.150 5.884 5.619 5.354 5.090 4.826 4.563 4.300 4.038 3.781 3.530 3.279 3.198 3.713 4.251 4.812 5.397 6.005 6.636 7.290 7.967 8.668 9.392 10.139 10.397 9.686 8.955 8.202 7.428 6.632 5.816 4.977 4.136 3.347 2.571 1.809 1.806 2.649 3.494 4.341 5.190 6.041 6.894 7.748 8.605 9.463 10.323 11.185 11.989 12.711 13.381 13.999 14.565 15.080 15.542 15.952 16.310 16.616 16.870 17.072 18.488 20.343 22.127 23.840 25.482
