DATA/SHG/ECMWF/20170628/EN-29/20170708.en-29.asc
ncols        190
nrows        64
xllcorner    -5100000.000000000000
yllcorner    4130000.000000000000
cellsize     10000.000000000000
NODATA_value  -99999.000
[rows 0 to 32 of 64, columns 74 to 147 of 190]
0.767 0.793 0.818 0.844 0.870 0.896 0.923 0.949 0.974 0.999 1.024 1.049 1.073 1.097 1.120 1.142 1.165 1.186 1.208 1.278 1.512 1.749 1.987 2.226 2.465 2.706 2.947 3.190 3.433 3.677 3.922 4.133 4.230 4.322 4.409 4.492 4.570 4.643 4.711 4.774 4.833 4.887 4.936 4.974 4.990 5.004 5.016 5.026 5.034 5.040 5.045 5.047 5.048 5.047 5.044 5.000 4.844 4.691 4.539 4.390 4.242 4.097 3.954 3.814 3.675 3.539 3.405 3.343 3.483 3.633 3.793 3.963 4.142 4.332
0.732 0.788 0.841 0.882 0.910 0.926 0.930 0.928 0.952 0.976 0.999 1.022 1.045 1.067 1.088 1.109 1.130 1.150 1.170 1.212 1.451 1.692 1.934 2.176 2.420 2.664 2.910 3.156 3.403 3.651 3.900 4.131 4.206 4.277 4.343 4.404 4.461 4.512 4.559 4.602 4.639 4.672 4.700 4.721 4.728 4.734 4.737 4.739 4.739 4.737 4.733 4.727 4.720 4.710 4.699 4.667 4.521 4.377 4.235 4.095 3.958 3.822 3.689 3.558 3.429 3.303 3.178 3.102 3.286 3.480 3.684 3.898 4.122 4.356
1.010 1.032 1.042 1.039 1.024 0.996 0.956 0.908 0.930 0.953 0.974 0.996 1.017 1.037 1.057 1.077 1.096 1.114 1.132 1.150 1.388 1.633 1.879 2.126 2.373 2.622 2.872 3.122 3.373 3.625 3.878 4.132 4.188 4.237 4.282 4.322 4.357 4.388 4.413 4.434 4.450 4.462 4.468 4.470 4.469 4.466 4.462 4.455 4.446 4.436 4.424 4.410 4.394 4.376 4.356 4.331 4.195 4.061 3.929 3.799 3.671 3.545 3.422 3.301 3.182 3.065 2.950 2.923 3.282 3.629 3.964 4.286 4.595 4.891
1.309 1.288 1.254 1.208 1.149 1.078 0.994 0.898 0.909 0.930 0.950 0.970 0.989 1.008 1.026 1.044 1.062 1.079 1.095 1.111 1.325 1.574 1.824 2.074 2.326 2.579 2.832 3.086 3.342 3.598 3.855 4.113 4.175 4.203 4.226 4.245 4.259 4.268 4.272 4.272 4.267 4.257 4.243 4.223 4.212 4.201 4.188 4.173 4.156 4.138 4.117 4.094 4.070 4.044 4.016 3.986 3.868 3.743 3.678 3.675 3.683 3.701 3.729 3.767 3.816 3.875 3.944 4.023 4.311 4.602 4.880 5.146 5.399 5.639
1.619 1.554 1.477 1.387 1.285 1.171 1.044 0.904 0.889 0.908 0.926 0.945 0.962 0.979 0.996 1.013 1.028 1.044 1.059 1.073 1.260 1.513 1.767 2.022 2.278 2.534 2.792 3.050 3.309 3.570 3.831 4.092 4.167 4.174 4.176 4.173 4.166 4.154 4.137 4.115 4.089 4.058 4.022 3.982 3.958 3.938 3.917 3.894 3.868 3.910 3.999 4.078 4.147 4.206 4.256 4.296 4.314 4.336 4.369 4.412 4.465 4.529 4.602 4.686 4.781 4.885 5.000 5.126 5.351 5.586 5.808 6.017 6.214 6.399
1.941 1.832 1.711 1.578 1.433 1.275 1.105 0.922 0.869 0.886 0.903 0.920 0.936 0.951 0.967 0.981 0.996 1.009 1.023 1.036 1.195 1.452 1.710 1.968 2.228 2.489 2.750 3.013 3.276 3.540 3.805 4.071 4.164 4.150 4.130 4.107 4.078 4.045 4.007 3.964 3.988 4.067 4.159 4.262 4.368 4.462 4.546 4.620 4.685 4.740 4.785 4.820 4.846 4.862 4.868 4.864 4.901 4.969 5.048 5.137 5.236 5.345 5.464 5.594 5.734 5.885 6.045 6.216 6.402 6.580 6.746 6.900 7.041 7.169
2.273 2.121 1.957 1.781 1.592 1.390 1.177 0.951 0.849 0.865 0.880 0.895 0.910 0.924 0.937 0.950 0.963 0.975 0.987 0.998 1.128 1.389 1.651 1.914 2.178 2.442 2.708 2.974 3.242 3.510 3.779 4.083 4.252 4.290 4.339 4.401 4.475 4.560 4.657 4.765 4.886 5.018 5.162 5.318 5.425 5.475 5.516 5.547 5.568 5.579 5.580 5.572 5.554 5.526 5.489 5.441 5.478 5.591 5.716 5.850 5.995 6.150 6.315 6.490 6.676 6.872 7.078 7.295 7.464 7.586 7.696 7.794 7.879 7.951
2.617 2.422 2.214 1.994 1.762 1.517 1.260 0.991 0.830 0.844 0.858 0.871 0.884 0.896 0.908 0.920 0.931 0.942 0.952 0.962 1.061 1.326 1.702 2.106 2.488 2.848 3.186 3.503 3.798 4.072 4.324 4.554 4.716 4.807 4.909 5.023 5.149 5.287 5.436 5.597 5.770 5.955 6.151 6.359 6.492 6.498 6.495 6.482 6.459 6.427 6.385 6.333 6.271 6.200 6.119 6.028 6.043 6.202 6.372 6.552 6.742 6.943 7.153 7.375 7.606 7.847 8.099 8.361 8.537 8.603 8.657 8.699 8.727 8.744
2.971 2.733 2.482 2.219 1.943 1.656 1.355 1.043 0.811 0.823 0.836 0.847 0.859 0.870 0.926 1.162 1.400 1.640 1.883 2.129 2.389 2.739 3.067 3.374 3.659 3.922 4.164 4.384 4.582 4.759 4.914 5.047 5.167 5.310 5.465 5.632 5.810 6.000 6.202 6.415 6.641 6.878 7.126 7.387 7.567 7.530 7.483 7.426 7.360 7.284 7.198 7.103 6.998 6.883 6.758 6.623 6.596 6.801 7.017 7.242 7.478 7.724 7.981 8.247 8.524 8.811 9.109 9.416 9.621 9.631 9.629 9.615 9.588 9.548
3.337 3.056 2.761 2.455 2.136 1.805 1.462 1.169 1.076 1.305 1.537 1.771 2.007 2.246 2.488 2.732 2.978 3.227 3.479 3.733 3.970 4.223 4.455 4.665 4.853 5.019 5.164 5.287 5.389 5.469 5.527 5.564 5.605 5.800 6.007 6.226 6.457 6.699 6.953 7.219 7.497 7.786 8.088 8.400 8.651 8.570 8.480 8.380 8.270 8.150 8.021 7.882 7.733 7.575 7.406 7.228 7.138 7.389 7.650 7.921 8.203 8.494 8.796 9.108 9.431 9.763 10.106 10.459 10.716 10.670 10.612 10.542 10.459 10.363
3.730 3.472 3.246 3.054 2.894 2.766 2.671 2.609 2.583 2.820 3.060 3.303 3.548 3.795 4.045 4.297 4.552 4.810 5.070 5.332 5.572 5.730 5.864 5.977 6.069 6.139 6.187 6.213 6.218 6.202 6.163 6.103 6.029 6.276 6.536 6.807 7.090 7.385 7.691 8.010 8.340 8.681 9.035 9.400 9.744 9.620 9.486 9.342 9.189 9.026 8.853 8.670 8.478 8.276 8.064 7.843 7.669 7.965 8.272 8.588 8.915 9.253 9.600 9.958 10.326 10.704 11.092 11.491 11.821 11.720 11.606 11.480 11.341 11.190
4.342 4.198 4.087 4.008 3.961 3.947 3.966 4.018 4.102 4.331 4.579 4.830 5.084 5.339 5.598 5.859 6.122 6.388 6.656 6.927 7.176 7.259 7.296 7.313 7.308 7.281 7.232 7.162 7.071 6.957 6.822 6.666 6.488 6.739 7.051 7.375 7.710 8.057 8.416 8.786 9.168 9.562 9.968 10.385 10.814 10.678 10.501 10.314 10.117 9.910 9.694 9.468 9.232 8.986 8.731 8.466 8.191 8.530 8.882 9.244 9.617 10.000 10.392 10.796 11.209 11.633 12.066 12.430 12.673 12.378 12.104 11.852 11.621 11.412
4.924 4.893 4.895 4.930 4.997 5.097 5.229 5.394 5.591 5.837 6.094 6.353 6.615 6.879 7.146 7.415 7.687 7.961 8.238 8.517 8.774 8.809 8.751 8.671 8.569 8.445 8.300 8.134 7.946 7.736 7.505 7.252 6.977 7.188 7.552 7.928 8.316 8.715 9.126 9.549 9.983 10.429 10.887 11.357 11.838 11.746 11.525 11.294 11.054 10.803 10.544 10.274 9.995 9.706 9.407 9.099 8.781 9.084 9.440 9.746 10.044 10.334 10.615 10.888 11.153 11.409 11.657 11.897 12.128 11.958 11.780 11.624 11.490 11.377
5.474 5.557 5.672 5.821 6.001 6.214 6.460 6.738 7.049 7.339 7.604 7.872 8.142 8.415 8.690 8.967 9.247 9.530 9.815 10.103 10.368 10.383 10.227 10.051 9.852 9.633 9.391 9.128 8.844 8.537 8.210 7.860 7.490 7.624 8.040 8.468 8.908 9.360 9.823 10.298 10.784 11.282 11.792 12.314 12.848 12.822 12.557 12.283 11.999 11.669 11.290 10.904 10.510 10.107 9.697 9.279 8.853 8.971 9.248 9.518 9.779 10.031 10.276 10.512 10.739 10.959 11.170 11.372 11.567 11.517 11.436 11.376 11.337 11.321
5.992 6.189 6.418 6.680 6.974 7.300 7.659 8.051 8.475 8.836 9.110 9.386 9.665 9.946 10.229 10.515 10.804 11.095 11.388 11.684 11.958 11.978 11.726 11.453 11.159 10.842 10.504 10.145 9.764 9.362 8.938 8.492 8.025 8.046 8.515 8.995 9.487 9.990 10.506 11.033 11.551 12.048 12.538 13.021 13.497 13.466 13.084 12.694 12.296 11.890 11.476 11.054 10.625 10.187 9.741 9.288 8.826 8.825 9.066 9.298 9.522 9.738 9.945 10.144 10.335 10.517 10.691 10.857 11.014 11.056 11.070 11.106 11.164 11.243
6.480 6.790 7.132 7.507 7.915 8.354 8.827 9.332 9.869 10.329 10.611 10.896 11.183 11.472 11.764 12.058 12.355 12.655 12.956 13.261 13.543 13.595 13.247 12.878 12.487 12.074 11.640 11.185 10.708 10.209 9.689 9.145 8.610 8.519 9.032 9.539 10.040 10.533 11.020 11.500 11.974 12.441 12.901 13.354 13.801 13.837 13.420 12.994 12.561 12.119 11.670 11.213 10.748 10.275 9.794 9.305 8.808 8.688 8.892 9.087 9.275 9.453 9.624 9.786 9.940 10.085 10.222 10.351 10.471 10.573 10.683 10.815 10.969 11.144
6.936 7.359 7.815 8.303 8.824 9.377 9.962 10.580 11.231 11.818 12.108 12.401 12.696 12.994 13.295 13.597 13.903 14.210 14.520 14.833 15.124 15.235 14.682 14.057 13.451 12.865 12.299 11.752 11.226 10.719 10.232 9.765 9.318 9.156 9.640 10.117 10.587 11.051 11.509 11.959 12.403 12.840 13.271 13.695 14.112 14.217 13.764 13.303 12.834 12.357 11.872 11.380 10.879 10.371 9.854 9.330 8.798 8.560 8.727 8.886 9.036 9.178 9.311 9.436 9.553 9.662 9.762 9.854 9.937 10.070 10.276 10.504 10.753 11.024
7.361 7.898 8.467 9.068 9.702 10.368 11.066 11.797 12.561 13.302 13.601 13.902 14.206 14.512 14.799 14.818 14.844 14.879 14.921 14.970 15.033 15.044 14.487 13.949 13.432 12.934 12.456 11.998 11.559 11.141 10.742 10.363 10.004 9.799 10.253 10.701 11.142 11.576 12.004 12.424 12.839 13.246 13.647 14.041 14.429 14.604 14.115 13.619 13.115 12.603 12.083 11.555 11.019 10.475 9.923 9.364 8.796 8.441 8.571 8.692 8.806 8.911 9.007 9.095 9.175 9.247 9.310 9.366 9.412 9.546 9.847 10.171 10.516 10.883
7.755 8.405 9.087 9.801 10.548 11.327 12.139 12.939 13.529 14.101 14.121 14.136 14.159 14.189 14.227 14.273 14.326 14.387 14.455 14.532 14.622 14.725 14.270 13.820 13.391 12.981 12.591 12.221 11.870 11.540 11.229 10.938 10.667 10.448 10.873 11.291 11.702 12.107 12.505 12.896 13.281 13.659 14.030 14.395 14.753 14.999 14.475 13.944 13.404 12.856 12.301 11.738 11.167 10.587 10.000 9.406 8.803 8.330 8.423 8.508 8.584 8.652 8.712 8.764 8.807 8.842 8.868 8.886 8.896 9.001 9.398 9.817 10.258 10.721
8.098 8.755 9.394 10.013 10.614 11.195 11.758 12.302 12.826 13.332 13.437 13.479 13.528 13.585 13.650 13.722 13.802 13.889 13.984 14.087 14.204 14.334 14.030 13.669 13.328 13.006 12.704 12.422 12.159 11.917 11.694 11.491 11.308 11.144 11.499 11.887 12.269 12.644 13.013 13.374 13.730 14.078 14.420 14.755 15.083 15.402 14.843 14.276 13.701 13.118 12.528 11.929 11.323 10.708 10.086 9.456 8.817 8.228 8.284 8.332 8.372 8.403 8.426 8.440 8.447 8.445 8.435 8.416 8.389 8.435 8.928 9.443 9.979 10.537
7.939 8.531 9.103 9.657 10.192 10.708 11.205 11.683 12.142 12.582 12.747 12.815 12.891 12.975 13.066 13.165 13.271 13.385 13.507 13.636 13.780 13.936 13.769 13.496 13.242 13.009 12.795 12.600 12.426 12.271 12.136 12.021 11.926 11.850 12.132 12.490 12.843 13.188 13.527 13.859 14.185 14.503 14.816 15.121 15.420 15.712 15.219 14.617 14.006 13.388 12.762 12.128 11.487 10.837 10.179 9.514 8.841 8.159 8.154 8.165 8.168 8.162 8.148 8.126 8.096 8.057 8.010 7.955 7.974 8.141 8.875 9.580 10.258 10.907
7.798 8.324 8.831 9.319 9.788 10.238 10.670 11.082 11.475 11.850 12.051 12.146 12.248 12.358 12.476 12.602 12.734 12.875 13.023 13.179 13.349 13.533 13.487 13.301 13.135 12.989 12.863 12.757 12.670 12.603 12.556 12.529 12.521 12.533 12.770 13.100 13.422 13.738 14.048 14.350 14.646 14.936 15.218 15.494 15.764 16.026 15.603 14.965 14.320 13.666 13.005 12.336 11.659 10.974 10.281 9.580 8.872 8.155 8.032 8.037 8.098 8.175 8.270 8.383 8.513 8.661 8.827 9.010 9.210 9.428 10.011 10.592 11.145 11.670
7.675 8.136 8.577 8.999 9.402 9.787 10.153 10.499 10.827 11.136 11.349 11.470 11.599 11.736 11.880 12.032 12.192 12.359 12.533 12.715 12.912 13.123 13.182 13.084 13.006 12.948 12.910 12.891 12.892 12.913 12.954 13.014 13.094 13.194 13.416 13.715 14.008 14.295 14.575 14.848 15.114 15.374 15.627 15.874 16.114 16.347 15.994 15.322 14.641 13.952 13.212 12.426 11.678 10.967 10.294 9.658 9.060 8.500 8.435 8.556 8.694 8.849 9.022 9.212 9.420 9.646 9.889 10.150 10.428 10.724 11.174 11.631 12.059 12.459
7.570 7.965 8.340 8.697 9.035 9.354 9.654 9.935 10.197 10.441 10.640 10.788 10.944 11.107 11.278 11.456 11.642 11.836 12.037 12.246 12.469 12.706 12.855 12.846 12.855 12.885 12.934 13.004 13.092 13.201 13.329 13.477 13.645 13.833 14.067 14.337 14.601 14.858 15.108 15.352 15.589 15.748 15.777 15.785 15.770 15.733 15.285 14.515 13.784 13.089 12.432 11.813 11.231 10.686 10.179 9.709 9.277 8.883 8.857 9.055 9.271 9.504 9.754 10.023 10.308 10.611 10.932 11.270 11.626 12.000 12.364 12.696 12.999 13.275
7.483 7.812 8.122 8.413 8.685 8.938 9.173 9.388 9.585 9.763 9.926 10.101 10.283 10.473 10.670 10.875 11.087 11.307 11.535 11.770 12.020 12.284 12.507 12.585 12.683 12.800 12.937 13.094 13.270 13.466 13.682 13.918 14.130 14.280 14.415 14.500 14.563 14.605 14.624 14.622 14.598 14.552 14.485 14.395 14.284 14.151 13.803 13.200 12.634 12.105 11.615 11.161 10.745 10.366 10.025 9.722 9.455 9.226 9.261 9.536 9.829 10.140 10.468 10.814 11.177 11.558 11.956 12.372 12.805 13.256 13.579 13.787 13.966 14.118
7.413 7.676 7.921 8.146 8.353 8.541 8.710 8.860 8.991 9.104 9.206 9.407 9.615 9.832 10.055 10.287 10.526 10.772 11.026 11.288 11.565 11.855 12.137 12.290 12.429 12.571 12.716 12.862 13.011 13.162 13.316 13.471 13.629 13.790 13.920 13.908 13.875 13.820 13.743 13.644 13.524 13.381 13.217 13.032 12.824 12.594 12.283 11.846 11.446 11.084 10.759 10.471 10.221 10.008 9.833 9.695 9.595 9.531 9.645 9.999 10.369 10.758 11.163 11.587 12.028 12.486 12.962 13.455 13.966 14.494 14.821 14.904 14.959 14.986
7.361 7.559 7.738 7.898 8.039 8.161 8.265 8.350 8.416 8.463 8.491 8.707 8.942 9.185 9.435 9.697 9.987 10.265 10.533 10.790 11.045 11.299 11.545 11.694 11.844 11.997 12.151 12.308 12.467 12.629 12.792 12.958 13.127 13.297 13.449 13.341 13.211 13.060 12.886 12.691 12.474 12.235 11.975 11.693 11.389 11.063 10.726 10.455 10.221 10.025 9.865 9.744 9.659 9.612 9.602 9.630 9.695 9.798 10.012 10.443 10.891 11.357 11.840 12.341 12.859 13.395 13.948 14.519 15.107 15.713 16.089 16.048 15.979 15.882
7.326 7.459 7.572 7.667 7.743 7.800 7.838 7.858 7.874 7.934 7.979 8.234 8.529 8.814 9.087 9.350 9.602 9.843 10.073 10.292 10.509 10.725 10.933 11.097 11.258 11.420 11.585 11.752 11.922 12.093 12.267 12.444 12.622 12.803 12.986 12.799 12.572 12.324 12.054 11.763 11.449 11.114 10.757 10.379 9.978 9.556 9.132 9.026 8.958 8.927 8.934 8.978 9.059 9.177 9.333 9.527 9.757 10.025 10.360 10.868 11.394 11.937 12.498 13.076 13.671 14.285 14.915 15.563 16.229 16.912 17.383 17.218 17.025 16.804
7.310 7.395 7.506 7.603 7.685 7.753 7.805 7.844 7.867 7.876 7.870 8.048 8.305 8.552 8.788 9.013 9.227 9.431 9.623 9.805 9.984 10.162 10.331 10.499 10.669 10.842 11.017 11.195 11.374 11.556 11.741 11.927 12.116 12.307 12.501 12.280 11.958 11.613 11.247 10.859 10.449 10.018 9.565 9.090 8.593 8.075 7.535 7.560 7.657 7.792 7.964 8.174 8.420 8.704 9.026 9.384 9.780 10.214 10.689 11.275 11.878 12.498 13.136 13.792 14.465 15.156 15.864 16.589 17.332 18.092 18.704 18.414 18.097 17.752
7.683 7.758 7.818 7.864 7.895 7.912 7.914 7.901 7.873 7.831 7.775 7.871 8.091 8.300 8.499 8.686 8.863 9.028 9.183 9.327 9.469 9.609 9.740 9.898 10.079 10.262 10.447 10.635 10.825 11.017 11.212 11.409 11.608 11.809 12.013 11.787 11.368 10.927 10.464 9.980 9.474 8.946 8.397 7.826 7.233 6.618 5.982 6.056 6.319 6.619 6.957 7.332 7.744 8.193 8.680 9.204 9.765 10.364 11.000 11.663 12.343 13.041 13.757 14.490 15.240 16.008 16.793 17.596 18.416 19.254 19.924 19.212 18.515 17.832
8.110 8.134 8.144 8.138 8.119 8.084 8.035 7.972 7.893 7.800 7.693 7.705 7.887 8.059 8.220 8.370 8.509 8.637 8.754 8.860 8.964 9.066 9.160 9.295 9.487 9.680 9.876 10.074 10.274 10.476 10.681 10.888 11.098 11.309 11.523 11.317 10.802 10.265 9.706 9.126 8.523 7.900 7.254 6.587 5.898 5.187 4.455 4.515 4.943 5.409 5.912 6.452 7.029 7.644 8.296 8.985 9.711 10.475 11.276 12.033 12.790 13.527 14.172 14.788 15.374 15.931 16.458 16.956 17.424 17.862 18.271 17.691 17.059 16.441
8.550 8.524 8.482 8.426 8.356 8.270 8.170 8.056 7.927 7.783 7.624 7.549 7.694 7.828 7.951 8.063 8.165 8.255 8.335 8.404 8.470 8.534 8.589 8.691 8.892 9.096 9.302 9.510 9.721 9.934 10.149 10.366 10.586 10.808 11.032 10.872 10.261 9.627 8.972 8.296 7.598 6.878 6.136 5.373 4.588 3.781 2.952 2.936 3.530 4.160 4.828 5.534 6.348 7.311 8.219 9.070 9.865 10.605 11.288 11.902 12.476 13.020 13.535 14.021 14.477 14.903 15.300 15.667 16.005 16.313 16.591 16.158 15.590 15.037
9.004 8.926 8.834 8.727 8.606 8.470 8.319 8.153 7.973 7.779 7.570 7.403 7.510 7.606 7.692 7.767 7.831 7.884 7.926 7.958 7.986 8.012 8.030 8.085 8.297 8.510 8.727 8.945 9.166 9.389 9.614 9.842 10.072 10.304 10.538 10.451 9.744 9.014 8.263 7.491 6.696 5.880 5.043 4.280 3.816 3.406 3.051 3.372 4.367 5.307 6.190 7.018 7.790 8.506 9.166 9.770 10.319 10.811 11.248 11.687 12.131 12.545 12.929 13.284 13.610 13.906 14.172 14.409 14.617 14.795 14.943 14.612 14.109 13.621
