DATA/SHG/ECMWF/20170628/EN-29/20170630.en-29.asc
ncols        190
nrows        64
xllcorner    -5100000.000000000000
yllcorner    4130000.000000000000
cellsize     10000.000000000000
NODATA_value  -99999.000
[rows 32 to 63 of 64, columns 0 to 72 of 190]
11.658 12.183 11.556 10.802 10.033 9.249 8.450 7.637 6.809 5.966 5.108 4.235 3.347 2.445 2.276 2.137 1.986 1.822 1.647 1.459 1.259 1.048 0.824 0.588 0.339 0.079 0.106 0.138 0.170 0.203 0.235 0.268 0.301 0.334 0.367 0.401 0.435 0.467 0.445 0.423 0.400 0.376 0.353 0.329 0.304 0.280 0.255 0.407 0.633 0.853 1.095 1.294 1.450 1.562 1.632 1.658 1.641 1.581 1.477 1.331 1.141 0.928 0.894 0.860 0.827 0.794 0.762 0.730 0.699 0.669 0.639 0.610 0.581
12.815 13.285 12.796 11.989 11.168 10.332 9.481 8.616 7.735 6.840 5.929 5.004 4.064 3.110 2.778 2.596 2.403 2.197 1.979 1.749 1.507 1.253 0.986 0.708 0.417 0.115 0.091 0.124 0.157 0.190 0.223 0.257 0.290 0.324 0.358 0.393 0.427 0.462 0.445 0.422 0.625 0.877 1.122 1.359 1.588 1.810 2.023 2.229 2.427 2.618 2.716 2.764 2.769 2.731 2.650 2.526 2.358 2.148 1.894 1.597 1.257 0.874 0.825 0.793 0.762 0.731 0.701 0.672 0.643 0.614 0.587 0.559 0.533
13.989 14.402 14.051 13.192 12.319 11.430 10.527 9.609 8.676 7.729 6.766 5.789 4.797 3.790 3.292 3.068 2.832 2.584 2.324 2.051 1.767 1.470 1.162 0.841 0.508 0.163 0.077 0.110 0.144 0.177 0.211 0.245 0.280 0.608 0.950 1.281 1.600 1.908 2.169 2.410 2.643 2.868 3.085 3.295 3.497 3.691 3.878 4.057 4.228 4.391 4.377 4.275 4.129 3.941 3.710 3.435 3.117 2.756 2.352 1.905 1.415 0.882 0.756 0.726 0.697 0.669 0.640 0.613 0.586 0.560 0.534 0.509 0.484
15.179 15.536 15.321 14.410 13.484 12.544 11.588 10.618 9.633 8.633 7.618 6.589 5.545 4.486 3.819 3.552 3.274 2.983 2.681 2.366 2.039 1.700 1.349 0.986 0.611 0.239 0.437 0.820 1.191 1.550 1.898 2.235 2.560 2.873 3.175 3.465 3.744 4.011 4.247 4.460 4.666 4.864 5.054 5.236 5.411 5.578 5.738 5.889 6.033 6.169 6.079 5.826 5.530 5.192 4.810 4.385 3.917 3.406 2.852 2.255 1.615 0.931 0.687 0.659 0.632 0.605 0.579 0.554 0.529 0.505 0.481 0.458 0.435
16.385 16.685 16.606 15.643 14.665 13.672 12.664 11.642 10.605 9.553 8.486 7.404 6.308 5.197 4.358 4.049 3.728 3.395 3.073 2.882 2.741 2.648 2.605 2.611 2.666 2.770 2.995 3.337 3.667 3.986 4.294 4.590 4.874 5.147 5.408 5.658 5.896 6.123 6.329 6.515 6.694 6.865 7.028 7.183 7.331 7.470 7.603 7.727 7.844 7.953 7.821 7.418 6.972 6.483 5.952 5.377 4.759 4.098 3.393 2.646 1.856 1.023 0.617 0.591 0.566 0.541 0.517 0.494 0.471 0.449 0.427 0.406 0.386
17.606 17.851 17.905 16.890 15.860 14.815 13.755 12.681 11.591 10.487 9.368 8.217 7.037 5.882 4.922 4.707 4.540 4.422 4.354 4.334 4.364 4.442 4.570 4.746 4.971 5.246 5.561 5.863 6.153 6.431 6.698 6.953 7.197 7.430 7.650 7.860 8.058 8.244 8.417 8.576 8.727 8.871 9.006 9.135 9.255 9.368 9.473 9.570 9.660 9.742 9.604 9.051 8.455 7.816 7.134 6.409 5.641 4.830 3.976 3.079 2.139 1.156 0.547 0.523 0.500 0.477 0.455 0.434 0.413 0.393 0.373 0.354 0.335
18.844 19.033 19.205 18.152 16.984 15.717 14.474 13.257 12.064 10.895 9.752 8.633 7.538 6.468 5.467 5.422 5.426 5.479 5.581 5.732 5.932 6.182 6.480 6.827 7.223 7.668 8.136 8.397 8.647 8.885 9.111 9.326 9.529 9.721 9.902 10.071 10.228 10.374 10.509 10.641 10.765 10.882 10.991 11.092 11.185 11.271 11.349 11.419 11.482 11.536 11.427 10.724 9.978 9.189 8.358 7.483 6.565 5.604 4.600 3.553 2.463 1.331 0.476 0.454 0.433 0.412 0.392 0.373 0.354 0.336 0.442 0.658 0.907
19.214 19.120 19.019 17.978 16.772 15.591 14.434 13.302 12.195 11.112 10.054 9.021 8.012 7.028 6.068 6.084 6.259 6.482 6.755 7.077 7.447 7.867 8.336 8.853 9.420 10.035 10.699 10.940 11.149 11.347 11.533 11.707 11.870 12.022 12.162 12.290 12.407 12.513 12.607 12.712 12.809 12.898 12.980 13.054 13.120 13.179 13.230 13.273 13.308 13.336 13.291 12.438 11.542 10.604 9.622 8.597 7.530 6.419 5.266 4.069 2.829 1.547 0.405 0.446 0.546 0.679 0.844 1.043 1.274 1.539 1.836 2.167 2.530
18.711 18.595 18.471 17.654 16.534 15.439 14.368 13.321 12.300 11.303 10.330 9.382 8.459 7.561 6.687 6.692 7.038 7.432 7.875 8.368 8.909 9.499 10.138 10.825 11.562 12.348 13.182 13.492 13.661 13.818 13.964 14.098 14.220 14.331 14.431 14.519 14.596 14.661 14.714 14.788 14.858 14.920 14.975 15.022 15.061 15.092 15.116 15.132 15.141 15.141 15.135 14.193 13.147 12.059 10.927 9.753 8.381 6.998 5.664 4.379 3.145 1.960 0.827 1.008 1.222 1.469 1.749 2.062 2.407 2.786 3.197 3.642 4.119
18.217 18.077 17.930 17.305 16.270 15.260 14.275 13.314 12.378 11.467 10.580 9.717 8.880 8.067 7.278 7.248 7.764 8.329 8.942 9.605 10.316 11.076 11.885 12.743 13.650 14.606 15.611 16.053 16.181 16.298 16.403 16.497 16.579 16.650 16.709 16.757 16.793 16.818 16.831 16.869 16.912 16.947 16.974 16.994 17.006 17.011 17.008 16.997 16.978 16.547 16.035 14.731 13.271 11.861 10.500 9.189 7.928 6.717 5.555 4.444 3.381 2.369 1.406 1.538 1.866 2.227 2.621 3.048 3.508 4.000 4.526 5.084 5.675
17.731 17.568 17.398 16.929 15.980 15.055 14.156 13.280 12.430 11.604 10.802 10.025 9.273 8.546 7.842 7.750 8.437 9.172 9.955 10.788 11.670 12.600 13.579 14.608 15.685 16.810 17.985 18.622 18.710 18.786 18.851 18.905 18.946 18.977 18.996 19.003 18.999 18.984 18.957 18.955 18.971 18.979 18.509 18.001 17.492 16.982 16.471 15.959 15.447 14.933 14.418 13.368 12.081 10.843 9.655 8.516 7.428 6.389 5.399 4.460 3.570 2.730 1.939 2.035 2.477 2.952 3.460 4.001 4.575 5.181 5.821 6.493 7.199
17.253 17.067 16.874 16.526 15.663 14.824 14.010 13.220 12.455 11.714 10.998 10.307 9.640 8.998 8.380 8.200 9.056 9.961 10.915 11.918 12.970 14.070 15.220 16.418 17.665 18.960 20.305 21.200 21.248 21.284 21.308 21.321 21.323 21.313 21.279 20.718 20.151 19.577 18.998 18.448 17.939 17.430 16.920 16.409 15.897 15.384 14.870 14.355 13.839 13.322 12.805 11.958 10.843 9.777 8.761 7.795 6.879 6.012 5.195 4.428 3.710 3.042 2.424 2.500 3.056 3.645 4.267 4.922 5.609 6.330 7.083 7.870 8.689
16.783 16.574 16.357 16.098 15.320 14.567 13.838 13.134 12.454 11.799 11.168 10.562 9.980 9.423 8.891 8.596 9.623 10.698 11.822 12.995 14.216 15.487 16.806 18.174 19.591 21.056 22.570 23.719 23.179 22.634 22.082 21.524 20.960 20.390 19.814 19.231 18.643 18.049 17.449 16.871 16.360 15.848 15.334 14.820 14.305 13.789 13.272 12.754 12.235 11.715 11.194 10.501 9.558 8.664 7.821 7.027 6.283 5.588 4.943 4.348 3.802 3.306 2.860 2.932 3.603 4.305 5.041 5.810 6.611 7.446 8.313 9.213 10.146
16.321 16.088 15.849 15.603 14.951 14.283 13.640 13.021 12.426 11.856 11.311 10.790 10.294 9.822 9.375 8.952 10.136 11.381 12.675 14.018 15.368 16.560 17.694 18.772 19.792 20.756 21.662 22.409 21.848 21.281 20.708 20.129 19.544 18.953 18.356 17.753 17.144 16.529 15.908 15.298 14.784 14.268 13.752 13.235 12.716 12.197 11.677 11.156 10.634 10.111 9.587 8.996 8.225 7.504 6.833 6.211 5.639 5.116 4.643 4.220 3.846 3.522 3.247 3.333 4.117 4.933 5.783 6.665 7.581 8.529 9.510 10.523 11.570
15.867 15.611 15.349 15.080 14.556 13.973 13.415 12.881 12.372 11.887 11.427 10.992 10.581 10.216 9.929 9.681 10.718 11.940 13.105 14.212 15.263 16.256 17.193 18.072 18.894 19.660 20.368 21.019 20.524 19.937 19.343 18.743 18.137 17.525 16.907 16.283 15.653 15.017 14.375 13.728 13.211 12.692 12.172 11.652 11.131 10.608 10.085 9.561 9.035 8.509 7.982 7.445 6.846 6.297 5.797 5.347 4.947 4.596 4.295 4.044 3.842 3.689 3.587 3.700 4.598 5.529 6.492 7.488 8.517 9.579 10.674 11.801 12.961
15.421 15.142 14.856 14.564 14.135 13.637 13.170 12.745 12.359 12.012 11.704 11.435 11.206 11.015 10.864 10.752 11.466 12.490 13.456 14.366 15.218 16.014 16.752 17.433 18.057 18.625 19.135 19.588 19.209 18.600 17.985 17.365 16.738 16.105 15.466 14.821 14.170 13.513 12.850 12.181 11.640 11.119 10.596 10.072 9.548 9.022 8.496 7.968 7.440 6.911 6.381 5.849 5.419 5.042 4.715 4.437 4.208 4.029 3.900 3.820 3.790 3.809 3.878 4.036 5.048 6.092 7.169 8.279 9.421 10.597 11.805 13.046 14.309
14.957 14.646 14.334 14.021 13.670 13.303 12.974 12.685 12.435 12.224 12.053 11.920 11.826 11.772 11.756 11.780 12.274 13.100 13.868 14.579 15.234 15.831 16.371 16.855 17.281 17.650 17.963 18.218 17.901 17.272 16.636 15.995 15.347 14.693 14.033 13.368 12.696 12.018 11.334 10.644 10.073 9.548 9.023 8.496 7.968 7.439 6.910 6.379 5.848 5.315 4.782 4.248 3.946 3.740 3.585 3.478 3.421 3.414 3.456 3.548 3.690 3.880 4.121 4.411 5.465 6.609 7.616 8.607 9.580 10.537 11.477 12.399 13.305
14.408 14.093 13.777 13.460 13.160 12.929 12.737 12.584 12.470 12.395 12.359 12.362 12.404 12.485 12.605 12.765 13.142 13.769 14.340 14.853 15.309 15.709 16.051 16.337 16.565 16.737 16.851 16.909 16.602 15.952 15.295 14.632 13.964 13.289 12.609 11.922 11.229 10.530 9.826 9.115 8.509 7.981 7.452 6.922 6.391 5.860 5.327 4.793 4.259 3.723 3.187 2.649 2.425 2.391 2.407 2.473 2.587 2.752 2.972 3.248 3.514 3.770 4.016 4.252 5.063 6.029 6.978 7.911 8.826 9.725 10.606 11.471 12.319
13.860 13.542 13.222 12.902 12.609 12.513 12.457 12.440 12.461 12.522 12.622 12.761 12.939 13.156 13.412 13.707 14.069 14.498 14.871 15.186 15.445 15.647 15.791 15.879 15.910 15.884 15.801 15.661 15.311 14.639 13.962 13.278 12.589 11.893 11.192 10.484 9.771 9.051 8.325 7.594 6.948 6.417 5.885 5.351 4.818 4.283 3.747 3.210 2.672 2.134 1.594 1.107 1.135 1.437 1.728 2.010 2.281 2.542 2.794 3.035 3.266 3.487 3.698 3.899 4.557 5.465 6.357 7.231 8.088 8.929 9.753 10.560 11.350
13.314 12.992 12.669 12.345 12.020 12.056 12.135 12.254 12.411 12.607 12.843 13.118 13.431 13.784 14.175 14.606 15.055 15.287 15.462 15.580 15.641 15.645 15.592 15.482 15.315 15.092 14.811 14.474 14.027 13.335 12.637 11.932 11.222 10.506 9.783 9.055 8.320 7.580 6.833 6.081 5.389 4.855 4.320 3.784 3.356 3.186 2.976 2.727 2.438 2.108 1.740 1.331 1.175 1.442 1.699 1.945 2.182 2.409 2.625 2.832 3.028 3.214 3.391 3.557 4.069 4.919 5.752 6.568 7.368 8.150 8.916 9.665 10.397
12.771 12.445 12.118 11.790 11.461 11.556 11.771 12.025 12.318 12.650 13.021 13.432 13.881 14.369 14.896 15.462 16.067 16.135 16.113 16.033 15.896 15.703 15.453 15.145 14.781 14.360 13.882 13.348 12.752 12.039 11.320 10.595 9.863 9.126 8.383 7.634 6.878 6.263 5.941 5.654 5.419 5.270 5.081 4.853 4.585 4.277 3.929 3.542 3.114 2.647 2.141 1.594 1.225 1.457 1.679 1.891 2.093 2.285 2.466 2.638 2.800 2.952 3.093 3.225 3.596 4.388 5.164 5.922 6.664 7.388 8.096 8.787 9.461
12.229 11.899 11.569 11.238 10.905 11.014 11.365 11.755 12.183 12.651 13.158 13.703 14.288 14.911 15.574 16.275 17.016 17.043 16.823 16.546 16.212 15.821 15.373 14.869 14.307 13.689 13.014 12.282 11.494 10.751 10.125 9.676 9.263 8.885 8.543 8.237 7.966 7.731 7.532 7.368 7.238 6.951 6.625 6.258 5.852 5.406 4.921 4.395 3.830 3.225 2.581 1.896 1.284 1.482 1.669 1.846 2.013 2.171 2.318 2.455 2.582 2.699 2.806 2.903 3.141 3.875 4.592 5.293 5.976 6.643 7.293 7.926 8.542
11.689 11.356 11.022 10.687 10.350 10.430 10.917 11.442 12.006 12.609 13.251 13.932 14.652 15.411 16.209 17.046 17.922 18.011 17.593 17.118 16.587 15.999 15.354 14.713 14.105 13.482 12.843 12.188 11.518 11.054 10.693 10.367 10.077 9.823 9.604 9.421 9.273 9.161 9.085 9.044 9.039 8.671 8.206 7.702 7.158 6.574 5.951 5.287 4.585 3.842 3.060 2.238 1.376 1.516 1.669 1.811 1.944 2.066 2.179 2.281 2.374 2.456 2.528 2.591 2.701 3.378 4.037 4.680 5.305 5.914 6.507 7.082 7.640
11.151 10.814 10.476 10.138 9.798 9.805 10.426 11.087 11.787 12.525 13.302 14.119 14.974 15.868 16.801 17.774 18.778 19.026 18.457 17.873 17.273 16.658 16.027 15.380 14.718 14.040 13.347 12.637 11.913 11.461 11.223 11.020 10.853 10.722 10.626 10.566 10.542 10.553 10.599 10.682 10.799 10.428 9.826 9.184 8.502 7.781 7.019 6.219 5.378 4.498 3.578 2.618 1.619 1.561 1.679 1.786 1.884 1.972 2.050 2.118 2.176 2.223 2.261 2.289 2.306 2.897 3.499 4.083 4.651 5.203 5.737 6.254 6.755
10.615 10.274 9.933 9.591 9.247 9.137 9.894 10.690 11.525 12.450 13.417 14.399 15.396 16.408 17.435 18.477 19.534 20.035 19.412 18.773 18.119 17.449 16.764 16.063 15.346 14.614 13.866 13.103 12.324 11.831 11.716 11.636 11.592 11.584 11.611 11.674 11.773 11.907 12.076 12.281 12.522 12.224 11.484 10.704 9.885 9.026 8.127 7.188 6.210 5.192 4.135 3.038 1.901 1.615 1.698 1.771 1.835 1.888 1.931 1.964 1.987 2.000 2.003 1.996 1.979 2.433 2.977 3.504 4.014 4.507 4.984 5.444 5.886
10.081 9.737 9.524 9.321 9.086 8.898 9.857 10.831 11.821 12.825 13.844 14.878 15.927 16.991 18.070 19.164 20.273 21.059 20.382 19.689 18.980 18.256 17.516 16.761 15.990 15.204 14.402 13.584 12.751 12.163 12.171 12.215 12.294 12.408 12.559 12.744 12.966 13.223 13.515 13.843 14.207 14.058 13.180 12.263 11.306 10.309 9.273 8.197 7.081 5.926 4.731 3.496 2.222 1.679 1.728 1.766 1.795 1.813 1.822 1.820 1.809 1.787 1.756 1.714 1.663 1.986 2.472 2.941 3.393 3.894 4.409 4.917 5.419
10.748 10.498 10.215 9.901 9.554 9.174 10.059 11.086 12.127 13.183 14.254 15.340 16.441 17.557 18.688 19.834 20.994 22.099 21.367 20.620 19.857 19.079 18.285 17.475 16.650 15.809 14.953 14.081 13.193 12.458 12.589 12.755 12.958 13.195 13.468 13.777 14.121 14.501 14.916 15.367 15.853 15.930 14.915 13.860 12.765 11.631 10.457 9.244 7.991 6.698 5.366 3.994 2.582 1.753 1.767 1.771 1.765 1.749 1.723 1.687 1.641 1.584 1.570 1.557 1.532 1.802 2.321 2.833 3.339 3.838 4.331 4.818 5.298
11.698 11.335 10.941 10.514 10.056 9.565 10.245 11.323 12.417 13.525 14.648 15.786 16.938 18.106 19.289 20.486 21.699 22.926 22.369 21.567 20.750 19.917 19.069 18.205 17.326 16.431 15.520 14.594 13.652 12.716 12.970 13.259 13.584 13.944 14.340 14.772 15.239 15.741 16.279 16.852 17.461 17.841 16.688 15.495 14.263 12.992 11.681 10.330 8.939 7.509 6.040 4.530 2.982 1.836 1.816 1.846 1.878 1.897 1.903 1.897 1.879 1.848 1.805 1.749 1.681 1.840 2.337 2.827 3.311 3.789 4.260 4.725 5.183
12.681 12.207 11.701 11.163 10.592 9.990 10.414 11.544 12.689 13.849 15.024 16.214 17.419 18.638 19.873 21.122 22.386 23.666 23.385 22.530 21.658 20.771 19.869 18.951 18.017 17.068 16.103 15.123 14.127 13.115 13.313 13.725 14.173 14.656 15.175 15.729 16.319 16.944 17.604 18.300 19.032 19.789 18.499 17.169 15.800 14.391 12.942 11.454 9.810 8.190 6.617 5.091 3.613 2.379 2.393 2.393 2.382 2.358 2.321 2.272 2.211 2.137 2.051 1.953 1.842 1.884 2.359 2.827 3.289 3.745 4.194 4.637 5.074
13.700 13.114 12.496 11.846 11.164 10.449 10.566 11.748 12.945 14.157 15.384 16.626 17.882 19.153 20.440 21.741 23.057 24.388 24.418 23.508 22.582 21.641 20.684 19.712 18.724 17.721 16.702 15.667 14.617 13.552 13.619 14.154 14.725 15.330 15.972 16.648 17.361 18.108 18.892 19.710 20.564 21.058 19.581 17.841 16.149 14.503 12.904 11.352 9.847 8.389 6.978 5.613 4.296 3.025 2.994 2.952 2.897 2.830 2.751 2.659 2.555 2.438 2.309 2.168 2.014 1.934 2.387 2.833 3.273 3.707 4.135 4.556 4.971
14.752 14.055 13.325 12.564 11.770 10.944 10.702 11.936 13.184 14.448 15.727 17.020 18.328 19.652 20.990 22.343 23.711 25.093 25.466 24.501 23.522 22.526 21.515 20.489 19.447 18.389 17.316 16.228 15.124 14.004 13.888 14.546 15.239 15.967 16.680 17.322 17.895 18.398 18.832 19.196 19.490 19.714 18.603 17.025 15.494 14.010 12.573 11.182 9.838 8.541 7.291 6.088 4.932 3.823 3.607 3.522 3.424 3.314 3.192 3.058 2.911 2.751 2.579 2.395 2.198 1.989 2.421 2.845 3.264 3.676 4.081 4.481 4.873
15.839 15.030 14.189 13.316 12.410 11.473 10.821 12.106 13.407 14.722 16.053 17.398 18.758 20.133 21.523 22.928 24.347 25.782 26.529 25.511 24.477 23.427 22.362 21.282 20.186 19.074 17.947 16.867 15.869 14.956 14.786 15.467 16.078 16.619 17.091 17.493 17.825 18.088 18.281 18.405 18.458 18.443 17.580 16.163 14.794 13.471 12.195 10.966 9.783 8.648 7.559 6.517 5.522 4.573 4.231 4.103 3.963 3.810 3.645 3.468 3.278 3.075 2.861 2.634 2.394 2.142 2.460 2.863 3.260 3.650 4.034 4.411 4.782
