DATA/SHG/ECMWF/20170628/EN-29/20170711.en-29.asc
ncols        190
nrows        64
xllcorner    -5100000.000000000000
yllcorner    4130000.000000000000
cellsize     10000.000000000000
NODATA_value  -99999.000
[rows 0 to 31 of 64, columns 71 to 141 of 190]
1.917 1.810 1.701 1.588 1.473 1.356 1.235 1.112 0.986 0.858 0.755 0.749 0.754 0.749 0.733 0.707 0.671 0.624 0.568 0.500 0.423 0.335 0.265 0.285 0.303 0.320 0.337 0.352 0.367 0.381 0.395 0.407 0.419 0.430 0.441 0.454 0.470 0.488 0.509 0.531 0.556 0.582 0.611 0.642 0.675 0.710 0.733 0.708 0.681 0.650 0.616 0.580 0.539 0.496 0.450 0.401 0.348 0.292 0.259 0.303 0.351 0.403 0.457 0.516 0.578 0.644 0.714 0.787 0.864 0.944 1.000
2.069 1.953 1.834 1.712 1.642 1.581 1.515 1.443 1.366 1.282 1.206 1.186 1.154 1.113 1.061 0.999 0.927 0.844 0.751 0.648 0.534 0.410 0.292 0.308 0.322 0.336 0.349 0.361 0.372 0.383 0.393 0.402 0.410 0.417 0.425 0.449 0.474 0.502 0.532 0.564 0.598 0.634 0.672 0.713 0.755 0.800 0.836 0.798 0.756 0.712 0.664 0.613 0.559 0.502 0.441 0.378 0.312 0.242 0.188 0.248 0.312 0.379 0.451 0.525 0.604 0.686 0.772 0.861 0.954 1.051 1.132
2.523 2.465 2.402 2.333 2.258 2.177 2.090 1.998 1.900 1.796 1.688 1.631 1.564 1.486 1.399 1.300 1.192 1.073 0.944 0.804 0.654 0.494 0.324 0.332 0.343 0.353 0.362 0.371 0.379 0.385 0.392 0.397 0.401 0.405 0.408 0.441 0.476 0.513 0.552 0.594 0.637 0.683 0.731 0.781 0.833 0.887 0.943 0.890 0.835 0.776 0.714 0.650 0.582 0.510 0.436 0.359 0.278 0.195 0.112 0.189 0.269 0.353 0.440 0.531 0.626 0.724 0.826 0.932 1.041 1.154 1.255
3.226 3.148 3.064 2.974 2.879 2.777 2.670 2.557 2.438 2.314 2.183 2.086 1.983 1.869 1.745 1.610 1.466 1.311 1.145 0.970 0.784 0.587 0.381 0.357 0.364 0.371 0.376 0.381 0.386 0.389 0.391 0.393 0.394 0.394 0.393 0.430 0.475 0.522 0.571 0.622 0.675 0.730 0.787 0.847 0.908 0.972 1.038 0.986 0.917 0.844 0.768 0.689 0.607 0.522 0.434 0.343 0.248 0.151 0.050 0.126 0.222 0.325 0.430 0.534 0.636 0.737 0.836 0.933 1.029 1.124 1.216
3.934 3.835 3.731 3.620 3.504 3.382 3.255 3.121 2.982 2.836 2.685 2.550 2.410 2.260 2.100 1.929 1.748 1.557 1.356 1.144 0.922 0.690 0.447 0.383 0.386 0.389 0.392 0.393 0.393 0.393 0.392 0.390 0.387 0.384 0.380 0.418 0.472 0.528 0.586 0.647 0.710 0.774 0.841 0.910 0.981 1.055 1.130 1.085 1.002 0.915 0.825 0.733 0.635 0.536 0.440 0.346 0.255 0.166 0.079 0.144 0.245 0.345 0.443 0.540 0.635 0.729 0.821 0.911 1.000 1.087 1.173
4.646 4.527 4.402 4.271 4.134 3.992 3.844 3.689 3.529 3.364 3.192 3.022 2.846 2.660 2.464 2.257 2.040 1.813 1.576 1.328 1.070 0.801 0.523 0.409 0.410 0.409 0.407 0.405 0.402 0.398 0.394 0.388 0.382 0.375 0.367 0.403 0.466 0.532 0.600 0.670 0.742 0.816 0.893 0.964 1.029 1.091 1.151 1.105 1.005 0.908 0.813 0.720 0.630 0.542 0.456 0.373 0.292 0.214 0.138 0.180 0.274 0.367 0.458 0.548 0.636 0.722 0.807 0.891 0.972 1.053 1.131
5.363 5.223 5.078 4.926 4.769 4.606 4.437 4.262 4.082 3.896 3.704 3.503 3.291 3.069 2.837 2.594 2.341 2.078 1.804 1.521 1.226 0.922 0.607 0.437 0.434 0.429 0.424 0.418 0.412 0.404 0.396 0.387 0.377 0.367 0.361 0.396 0.469 0.540 0.609 0.675 0.739 0.801 0.859 0.916 0.970 1.022 1.071 1.044 0.955 0.868 0.784 0.702 0.622 0.545 0.470 0.397 0.327 0.260 0.194 0.217 0.304 0.390 0.475 0.557 0.638 0.718 0.795 0.872 0.946 1.020 1.091
6.084 5.924 5.758 5.586 5.408 5.225 5.035 4.840 4.639 4.432 4.220 3.993 3.745 3.487 3.219 2.940 2.651 2.352 2.042 1.722 1.392 1.052 0.701 0.465 0.458 0.470 0.485 0.496 0.501 0.501 0.497 0.487 0.473 0.454 0.429 0.437 0.500 0.560 0.618 0.673 0.726 0.777 0.825 0.871 0.914 0.955 0.994 0.981 0.903 0.826 0.753 0.681 0.612 0.546 0.481 0.419 0.360 0.303 0.248 0.256 0.336 0.415 0.492 0.568 0.642 0.714 0.785 0.854 0.922 0.988 1.053
6.810 6.629 6.443 6.250 6.052 5.848 5.638 5.423 5.201 4.974 4.741 4.492 4.208 3.914 3.609 3.295 2.970 2.644 2.343 2.031 1.707 1.370 1.022 0.742 0.745 0.743 0.736 0.724 0.707 0.686 0.659 0.628 0.591 0.550 0.504 0.480 0.532 0.582 0.629 0.674 0.716 0.756 0.793 0.828 0.861 0.891 0.919 0.916 0.848 0.782 0.719 0.658 0.600 0.544 0.490 0.439 0.390 0.344 0.299 0.297 0.370 0.442 0.512 0.580 0.647 0.713 0.777 0.839 0.899 0.958 1.016
7.540 7.339 7.132 6.919 6.700 6.476 6.246 6.009 5.768 5.520 5.281 5.068 4.797 4.514 4.220 3.913 3.595 3.264 2.922 2.567 2.201 1.822 1.432 1.063 1.044 1.020 0.991 0.958 0.919 0.875 0.827 0.773 0.715 0.651 0.583 0.527 0.568 0.606 0.643 0.677 0.708 0.737 0.764 0.788 0.810 0.829 0.846 0.848 0.790 0.735 0.683 0.633 0.585 0.540 0.496 0.456 0.418 0.382 0.348 0.339 0.405 0.470 0.533 0.594 0.654 0.713 0.769 0.825 0.878 0.930 0.981
8.275 8.053 7.826 7.586 7.343 7.111 6.891 6.681 6.483 6.295 6.118 5.951 5.638 5.313 4.977 4.628 4.267 3.895 3.510 3.113 2.705 2.284 1.852 1.401 1.349 1.303 1.252 1.197 1.136 1.070 0.999 0.924 0.843 0.758 0.668 0.575 0.606 0.634 0.659 0.682 0.703 0.721 0.737 0.751 0.762 0.771 0.777 0.777 0.731 0.686 0.644 0.605 0.568 0.533 0.500 0.470 0.443 0.417 0.394 0.383 0.442 0.499 0.556 0.610 0.663 0.714 0.764 0.812 0.859 0.904 0.947
8.824 8.587 8.360 8.145 7.941 7.747 7.565 7.393 7.233 7.083 6.944 6.817 6.489 6.122 5.743 5.352 4.950 4.535 4.108 3.670 3.219 2.757 2.282 1.789 1.659 1.591 1.518 1.441 1.358 1.270 1.177 1.080 0.978 0.870 0.758 0.641 0.646 0.663 0.678 0.691 0.701 0.708 0.713 0.716 0.716 0.714 0.710 0.703 0.668 0.635 0.603 0.574 0.548 0.524 0.502 0.482 0.465 0.450 0.438 0.428 0.480 0.531 0.580 0.627 0.673 0.717 0.760 0.801 0.841 0.879 0.951
9.258 9.059 8.870 8.693 8.527 8.372 8.227 8.094 7.972 7.860 7.760 7.670 7.349 6.941 6.520 6.087 5.642 5.186 4.717 4.236 3.744 3.239 2.723 2.187 1.975 1.885 1.790 1.690 1.585 1.475 1.361 1.241 1.117 0.988 0.853 0.714 0.689 0.696 0.700 0.702 0.701 0.698 0.692 0.684 0.674 0.661 0.646 0.628 0.604 0.581 0.560 0.541 0.525 0.512 0.501 0.492 0.485 0.481 0.479 0.480 0.520 0.570 0.636 0.715 0.806 0.909 1.024 1.152 1.292 1.445 1.609
9.681 9.520 9.370 9.231 9.103 8.985 8.879 8.784 8.699 8.626 8.563 8.512 8.220 7.769 7.306 6.832 6.345 5.846 5.336 4.813 4.279 3.732 3.174 2.596 2.295 2.183 2.066 1.944 1.817 1.686 1.549 1.408 1.262 1.110 0.954 0.793 0.735 0.731 0.724 0.715 0.704 0.690 0.673 0.655 0.633 0.610 0.584 0.556 0.537 0.524 0.514 0.506 0.504 0.508 0.511 0.515 0.520 0.525 0.531 0.537 0.614 0.722 0.843 0.976 1.122 1.280 1.450 1.633 1.828 2.035 2.254
10.093 9.970 9.858 9.757 9.667 9.588 9.520 9.462 9.416 9.381 9.356 9.343 9.100 8.608 8.103 7.586 7.057 6.517 5.964 5.400 4.824 4.235 3.635 3.015 2.620 2.486 2.348 2.204 2.055 1.902 1.743 1.580 1.411 1.238 1.060 0.877 0.783 0.768 0.751 0.731 0.709 0.684 0.657 0.632 0.609 0.586 0.562 0.538 0.530 0.534 0.538 0.542 0.547 0.552 0.558 0.565 0.572 0.579 0.587 0.595 0.698 0.862 1.037 1.225 1.426 1.638 1.863 2.100 2.350 2.612 2.886
10.494 10.409 10.336 10.273 10.221 10.179 10.149 10.130 10.122 10.124 10.138 10.162 9.991 9.456 8.909 8.351 7.780 7.198 6.603 5.997 5.379 4.748 4.106 3.444 2.951 2.795 2.634 2.469 2.298 2.122 1.942 1.757 1.567 1.371 1.168 0.963 0.836 0.814 0.792 0.770 0.747 0.723 0.700 0.675 0.651 0.626 0.600 0.575 0.563 0.569 0.575 0.582 0.589 0.597 0.605 0.613 0.622 0.632 0.642 0.653 0.770 0.988 1.218 1.461 1.716 1.983 2.263 2.555 2.859 3.175 3.504
10.885 10.838 10.802 10.777 10.763 10.760 10.768 10.786 10.816 10.857 10.908 10.970 10.891 10.314 9.726 9.125 8.513 7.888 7.252 6.604 5.944 5.272 4.588 3.884 3.287 3.085 2.866 2.650 2.438 2.228 2.021 1.818 1.617 1.420 1.225 1.034 0.893 0.869 0.846 0.821 0.796 0.771 0.746 0.720 0.693 0.666 0.639 0.611 0.596 0.604 0.612 0.621 0.630 0.640 0.650 0.661 0.673 0.684 0.697 0.710 0.829 1.102 1.387 1.684 1.994 2.315 2.650 2.996 3.355 3.726 4.109
11.264 11.256 11.258 11.271 11.295 11.329 11.375 11.432 11.499 11.578 11.667 11.767 11.801 11.182 10.552 9.910 9.255 8.581 7.802 7.025 6.250 5.477 4.707 3.938 3.226 3.018 2.812 2.610 2.411 2.215 2.021 1.831 1.644 1.460 1.279 1.101 0.951 0.925 0.900 0.873 0.847 0.820 0.792 0.764 0.736 0.707 0.678 0.648 0.628 0.638 0.648 0.659 0.671 0.683 0.696 0.709 0.722 0.736 0.751 0.766 0.875 1.202 1.542 1.894 2.258 2.635 3.023 3.425 3.838 4.263 4.701
11.631 11.662 11.702 11.753 11.815 11.888 11.972 12.066 12.172 12.288 12.396 12.402 12.389 11.623 10.842 10.064 9.287 8.514 7.742 6.972 6.205 5.440 4.678 3.916 3.156 2.947 2.755 2.567 2.381 2.198 2.018 1.841 1.667 1.497 1.329 1.164 1.009 0.982 0.954 0.926 0.897 0.868 0.839 0.809 0.779 0.748 0.717 0.686 0.659 0.671 0.684 0.697 0.711 0.725 0.740 0.755 0.771 0.787 0.804 0.821 0.908 1.290 1.685 2.091 2.510 2.941 3.384 3.840 4.308 4.788 5.280
11.963 12.058 12.136 12.224 12.299 12.354 12.390 12.406 12.403 12.380 12.338 12.276 12.194 11.523 10.750 9.979 9.211 8.444 7.680 6.918 6.159 5.401 4.646 3.893 3.140 2.874 2.695 2.520 2.347 2.178 2.011 1.848 1.687 1.530 1.376 1.224 1.076 1.038 1.009 0.979 0.948 0.917 0.886 0.855 0.822 0.790 0.757 0.724 0.690 0.704 0.719 0.735 0.751 0.767 0.784 0.802 0.820 0.838 0.857 0.877 0.929 1.366 1.814 2.275 2.749 3.234 3.732 4.242 4.764 5.299 5.846
12.450 12.588 12.634 12.660 12.667 12.654 12.622 12.570 12.499 12.408 12.298 12.168 12.018 11.421 10.656 9.893 9.132 8.373 7.617 6.863 6.111 5.361 4.613 3.867 3.122 2.797 2.632 2.470 2.310 2.154 2.001 1.851 1.704 1.560 1.419 1.281 1.146 1.095 1.064 1.032 1.000 0.967 0.934 0.900 0.866 0.832 0.797 0.762 0.726 0.737 0.754 0.772 0.790 0.809 0.828 0.847 0.868 0.888 0.909 0.931 0.953 1.428 1.931 2.447 2.975 3.515 4.067 4.631 5.208 5.797 6.398
13.015 13.179 13.157 13.115 13.053 12.973 12.872 12.752 12.613 12.454 12.276 12.078 11.861 11.318 10.560 9.805 9.051 8.300 7.552 6.805 6.061 5.319 4.579 3.840 3.103 2.717 2.565 2.416 2.270 2.128 1.988 1.851 1.718 1.587 1.459 1.335 1.213 1.153 1.119 1.086 1.052 1.017 0.982 0.946 0.911 0.874 0.838 0.800 0.763 0.769 0.788 0.808 0.828 0.849 0.871 0.892 0.915 0.938 0.961 0.985 1.009 1.478 2.074 2.721 3.351 3.965 4.563 5.146 5.712 6.262 6.796
13.559 13.787 13.697 13.587 13.457 13.309 13.140 12.952 12.745 12.518 12.272 12.006 11.721 11.213 10.463 9.715 8.969 8.226 7.485 6.746 6.009 5.274 4.542 3.811 3.082 2.633 2.495 2.359 2.227 2.098 1.971 1.848 1.728 1.611 1.496 1.385 1.277 1.211 1.175 1.140 1.104 1.067 1.030 0.993 0.955 0.917 0.878 0.839 0.800 0.800 0.821 0.844 0.866 0.924 1.042 1.170 1.308 1.456 1.613 1.781 1.958 2.452 3.043 3.619 4.178 4.722 5.249 5.760 6.256 6.735 7.199
14.084 14.413 14.254 14.077 13.879 13.662 13.426 13.170 12.895 12.600 12.286 11.953 11.600 11.106 10.364 9.624 8.885 8.150 7.416 6.685 5.955 5.228 4.504 3.781 3.059 2.547 2.422 2.299 2.180 2.065 1.952 1.842 1.735 1.631 1.530 1.432 1.337 1.269 1.232 1.194 1.156 1.118 1.079 1.040 1.027 1.056 1.083 1.108 1.130 1.201 1.324 1.456 1.598 1.750 1.912 2.083 2.265 2.456 2.657 2.868 3.089 3.507 4.027 4.532 5.020 5.493 5.950 6.391 6.815 7.224 7.617
14.588 15.056 14.830 14.584 14.319 14.034 13.730 13.406 13.063 12.701 12.319 11.917 11.496 10.998 10.263 9.530 8.800 8.072 7.345 6.622 5.900 5.181 4.464 3.748 3.034 2.457 2.345 2.236 2.131 2.028 1.928 1.832 1.738 1.647 1.560 1.512 1.510 1.509 1.543 1.575 1.605 1.633 1.659 1.683 1.704 1.724 1.741 1.756 1.769 1.842 2.008 2.183 2.369 2.564 2.770 2.985 3.210 3.445 3.689 3.944 4.208 4.576 5.026 5.460 5.878 6.280 6.666 7.036 7.390 7.728 8.050
15.071 15.717 15.423 15.109 14.776 14.423 14.051 13.660 13.249 12.819 12.369 11.900 11.411 10.888 10.160 9.435 8.712 7.992 7.273 6.557 5.843 5.131 4.422 3.714 3.007 2.363 2.340 2.424 2.488 2.534 2.561 2.570 2.559 2.530 2.482 2.416 2.331 2.254 2.279 2.301 2.322 2.340 2.356 2.371 2.383 2.392 2.400 2.406 2.409 2.471 2.680 2.899 3.129 3.368 3.616 3.875 4.143 4.422 4.710 5.008 5.315 5.660 6.039 6.403 6.750 7.081 7.397 7.696 7.980 8.247 8.499
15.535 16.312 16.033 15.652 15.251 14.830 14.390 13.931 13.453 12.955 12.437 11.900 11.344 10.768 10.056 9.339 8.623 7.910 7.212 6.626 6.090 5.603 5.165 4.752 4.359 4.004 4.014 4.014 3.995 3.958 3.901 3.826 3.733 3.620 3.489 3.340 3.171 3.000 3.015 3.029 3.040 3.048 3.055 3.060 3.062 3.063 3.061 3.057 3.051 3.089 3.342 3.604 3.877 4.159 4.452 4.754 5.066 5.387 5.719 6.060 6.411 6.759 7.068 7.361 7.637 7.898 8.143 8.372 8.585 8.782 8.963
15.978 16.827 16.661 16.212 15.743 15.255 14.747 14.221 13.674 13.108 12.523 11.907 11.249 10.602 9.948 9.337 8.774 8.261 7.797 7.381 7.015 6.699 6.431 6.190 5.969 5.786 5.706 5.623 5.521 5.400 5.261 5.102 4.925 4.730 4.516 4.283 4.031 3.761 3.754 3.757 3.759 3.758 3.755 3.750 3.743 3.734 3.723 3.710 3.694 3.695 3.992 4.298 4.614 4.940 5.276 5.621 5.976 6.341 6.716 7.101 7.496 7.874 8.112 8.334 8.540 8.730 8.904 9.063 9.205 9.332 9.442
16.401 17.321 17.307 16.790 16.204 15.504 14.815 14.139 13.473 12.820 12.179 11.549 10.931 10.325 9.806 9.365 8.973 8.630 8.336 8.091 7.896 7.749 7.652 7.582 7.533 7.523 7.417 7.251 7.065 6.861 6.639 6.397 6.137 5.859 5.561 5.245 4.910 4.557 4.493 4.487 4.479 4.469 4.457 4.442 4.426 4.407 4.387 4.364 4.339 4.312 4.631 4.980 5.340 5.709 6.088 6.477 6.876 7.284 7.702 8.131 8.568 9.002 9.170 9.321 9.457 9.577 9.681 9.769 9.841 9.897 9.937
16.188 16.926 16.904 16.221 15.550 14.890 14.242 13.607 12.982 12.370 11.769 11.181 10.604 10.038 9.619 9.348 9.127 8.954 8.830 8.756 8.731 8.754 8.827 8.929 9.051 9.213 9.147 8.897 8.629 8.342 8.036 7.712 7.368 7.007 6.626 6.227 5.809 5.373 5.234 5.219 5.201 5.181 5.160 5.136 5.110 5.082 5.052 5.019 4.985 4.948 5.258 5.651 6.054 6.467 6.889 7.321 7.764 8.215 8.677 9.148 9.630 10.121 10.243 10.324 10.389 10.439 10.472 10.490 10.491 10.477 10.447
15.306 16.000 16.158 15.515 14.885 14.266 13.660 13.064 12.481 11.910 11.350 10.802 10.266 9.741 9.387 9.287 9.236 9.233 9.280 9.375 9.520 9.714 9.957 10.229 10.524 10.857 10.896 10.563 10.211 9.841 9.452 9.045 8.619 8.174 7.710 7.228 6.727 6.208 5.976 5.951 5.924 5.895 5.864 5.831 5.795 5.758 5.718 5.676 5.632 5.586 5.875 6.311 6.757 7.213 7.679 8.155 8.640 9.135 9.640 10.155 10.679 11.214 11.331 11.342 11.445 11.860 12.428 13.150 14.026 15.055 16.239
14.436 15.088 15.401 14.800 14.210 13.633 13.067 12.512 11.970 11.439 10.920 10.413 9.918 9.434 9.111 9.181 9.300 9.467 9.684 9.950 10.265 10.628 11.041 11.484 11.951 12.456 12.663 12.247 11.813 11.360 10.888 10.397 9.888 9.360 8.814 8.248 7.665 7.062 6.720 6.685 6.649 6.610 6.570 6.527 6.482 6.435 6.386 6.335 6.281 6.226 6.480 6.960 7.449 7.948 8.458 9.028 9.712 10.376 11.021 11.647 12.254 12.841 13.472 14.259 15.199 16.292 17.540 18.941 20.496 22.205 24.067
