DATA/SHG/ECMWF/20170628/EN-29/20170703.en-29.asc
ncols        190
nrows        64
xllcorner    -5100000.000000000000
yllcorner    4130000.000000000000
cellsize     10000.000000000000
NODATA_value  -99999.000
[rows 32 to 63 of 64, columns 74 to 147 of 190]
9.486 9.469 9.448 9.424 9.396 9.365 9.330 9.292 9.250 9.205 9.156 9.180 9.581 9.977 10.367 10.751 11.129 11.501 11.868 12.228 12.583 12.933 13.278 13.647 14.131 14.641 15.177 15.739 16.329 16.944 17.586 18.254 18.949 19.671 20.418 20.884 20.769 20.638 20.492 20.329 20.152 19.958 19.748 19.626 19.609 19.309 18.725 18.244 18.106 17.942 17.752 17.535 17.293 17.024 16.730 16.409 16.063 15.690 15.291 14.584 13.691 12.814 11.954 11.110 10.282 9.471 8.677 7.898 7.136 6.391 5.662 5.364 5.240 5.119
9.897 9.867 9.834 9.798 9.757 9.714 9.667 9.616 9.562 9.504 9.443 9.395 9.776 10.152 10.521 10.885 11.242 11.594 11.940 12.280 12.614 12.944 13.268 13.615 14.216 14.843 15.496 16.176 16.882 17.615 18.374 19.159 19.971 20.809 22.004 24.142 25.137 25.848 26.276 26.421 26.283 25.862 25.158 24.170 22.899 21.345 19.508 18.084 17.830 17.551 17.245 16.914 16.556 16.173 15.763 15.327 14.866 14.378 13.864 13.188 12.367 11.562 10.774 10.003 9.248 8.509 7.787 7.081 6.391 5.718 5.061 4.740 4.635 4.536
10.310 10.268 10.223 10.174 10.121 10.065 10.006 9.943 9.877 9.807 9.733 9.656 9.976 10.331 10.680 11.023 11.361 11.692 12.018 12.337 12.651 12.960 13.264 13.563 14.271 15.103 16.428 17.999 19.816 21.878 24.185 26.738 29.537 32.581 35.870 39.012 38.752 38.209 37.383 36.275 34.883 33.209 31.251 29.011 26.487 23.681 20.591 17.951 17.582 17.187 16.767 16.320 15.848 15.349 14.824 14.274 13.697 13.094 12.466 11.776 11.027 10.295 9.580 8.881 8.198 7.532 6.882 6.248 5.631 5.030 4.446 4.112 4.028 3.948
10.726 10.672 10.614 10.553 10.488 10.420 10.348 10.273 10.194 10.112 10.026 9.937 10.181 10.516 10.844 11.167 11.484 11.941 12.588 13.196 13.730 14.197 14.633 15.038 16.746 18.913 21.324 23.981 26.884 30.032 33.425 37.063 40.947 45.076 49.450 54.070 52.657 50.862 48.783 46.421 43.777 40.850 37.640 34.147 30.372 26.314 21.973 17.845 17.362 16.852 16.316 15.755 15.167 14.554 13.914 13.248 12.557 11.839 11.096 10.349 9.673 9.013 8.370 7.743 7.133 6.539 5.961 5.400 4.855 4.326 3.814 3.480 3.416 3.356
11.144 11.078 11.008 10.935 10.858 10.777 10.693 10.606 10.515 10.420 10.571 10.924 11.499 12.206 12.874 13.502 14.091 14.642 15.152 15.624 16.021 16.350 16.649 16.916 19.191 22.443 25.940 29.683 33.670 37.903 42.381 47.104 52.072 57.286 62.744 68.448 66.853 63.805 60.474 56.860 52.964 48.786 44.324 39.580 34.554 29.244 23.653 17.778 17.169 16.544 15.894 15.217 14.515 13.786 13.032 12.251 11.445 10.613 9.754 8.908 8.304 7.717 7.146 6.591 6.053 5.531 5.026 4.537 4.064 3.608 3.168 2.844 2.801 2.761
11.566 11.487 11.405 11.828 12.615 13.279 13.820 14.238 14.534 14.706 14.755 14.681 14.913 15.484 16.015 16.507 16.960 17.374 17.748 18.084 18.344 18.536 18.696 18.826 21.358 25.695 30.277 35.104 40.176 45.493 51.055 56.862 62.914 69.211 75.753 82.540 81.339 77.039 72.457 67.592 62.445 57.015 51.303 45.309 39.032 32.473 25.631 18.507 17.004 16.265 15.499 14.708 13.890 13.047 12.178 11.283 10.361 9.414 8.441 7.451 6.920 6.405 5.906 5.424 4.958 4.508 4.075 3.658 3.258 2.874 2.506 2.205 2.181 2.162
17.293 18.021 18.627 19.109 19.469 19.706 19.820 19.811 19.679 19.424 19.046 18.545 18.358 18.793 19.188 19.544 19.861 20.138 20.377 20.576 20.699 20.753 20.776 20.769 23.247 28.668 34.334 40.245 46.401 52.801 59.447 66.337 73.472 80.852 88.477 96.347 96.115 90.564 84.731 78.616 72.219 65.539 58.577 51.333 43.807 35.998 27.907 19.534 16.867 16.012 15.132 14.226 13.294 12.336 11.352 10.342 9.306 8.244 7.157 6.043 5.521 5.078 4.651 4.241 3.848 3.470 3.109 2.764 2.436 2.124 1.828 1.562 1.558 1.688
25.962 26.263 26.441 26.497 26.429 26.239 25.926 25.490 24.931 24.249 23.444 22.517 21.835 22.134 22.393 22.612 22.793 22.934 23.037 23.100 23.086 23.003 22.889 22.743 24.858 31.363 38.112 45.106 52.345 59.828 67.557 75.530 83.747 92.210 100.917 109.868 111.180 104.379 97.296 89.932 82.285 74.356 66.145 57.652 48.877 39.820 30.481 20.860 16.757 15.788 14.793 13.772 12.726 11.653 10.554 9.430 8.279 7.103 5.900 4.672 4.107 3.736 3.382 3.044 2.808 2.801 2.824 2.875 2.956 3.065 3.203 3.370 3.759 4.177
34.736 34.610 34.361 33.989 33.495 32.878 32.138 31.275 30.289 29.181 27.950 26.596 25.344 25.506 25.629 25.712 25.757 25.762 25.729 25.656 25.506 25.285 25.033 24.751 26.192 33.779 41.611 49.688 58.009 66.575 75.385 84.440 93.739 103.283 113.072 123.105 126.534 118.484 110.153 101.539 92.644 83.467 74.008 64.267 54.244 43.939 33.352 22.484 16.675 15.592 14.482 13.347 12.185 10.998 9.785 8.607 7.612 6.584 5.525 4.435 4.062 4.067 4.101 4.164 4.256 4.376 4.526 4.704 4.912 5.148 5.413 5.707 6.155 6.648
43.340 43.061 42.385 41.587 40.666 39.622 38.456 37.167 35.755 34.221 32.563 30.784 28.883 28.909 28.896 28.844 28.753 28.622 28.453 28.244 27.957 27.599 27.210 26.791 27.249 35.919 44.833 53.991 63.394 73.041 82.932 93.068 103.449 114.074 124.943 136.056 142.178 132.880 123.300 113.439 103.295 92.871 82.164 71.176 59.906 48.354 36.492 24.545 17.256 16.342 15.397 14.420 13.411 12.370 11.298 10.193 9.057 7.890 6.690 5.459 4.971 5.103 5.264 5.454 5.673 5.920 6.197 6.502 6.836 7.200 7.591 8.012 8.532 9.098
51.609 51.617 50.515 49.290 47.943 46.473 44.880 43.165 41.327 39.367 37.284 35.078 32.750 32.345 32.195 32.007 31.780 31.514 31.208 30.864 30.441 29.946 29.420 28.863 28.275 37.780 47.775 58.015 68.499 79.227 90.199 101.415 112.876 124.581 136.531 148.724 158.110 147.267 133.894 120.830 108.077 95.633 83.500 71.676 60.163 48.959 38.066 27.482 19.858 18.804 17.718 16.600 15.450 14.269 13.056 11.811 10.535 9.226 7.886 6.514 5.849 6.108 6.396 6.713 7.059 7.434 7.837 8.269 8.730 9.220 9.739 10.286 10.889 11.529
59.760 60.277 58.749 57.098 55.325 53.429 51.410 49.269 47.006 44.620 42.111 39.480 36.727 35.811 35.526 35.202 34.839 34.437 33.996 33.516 32.956 32.324 31.661 30.967 30.242 39.365 50.441 61.761 73.263 83.592 93.668 103.491 113.059 122.374 131.436 140.244 148.555 136.237 124.228 112.529 101.140 90.061 79.291 68.831 58.682 48.842 39.311 30.091 22.490 21.295 20.069 18.811 17.521 16.199 14.845 13.460 12.043 10.594 9.114 7.602 6.697 7.083 7.498 7.942 8.414 8.916 9.446 10.005 10.593 11.209 11.855 12.529 13.227 13.941
67.793 69.043 67.088 65.011 62.812 60.491 58.047 55.480 52.791 49.980 47.046 43.990 40.811 39.309 38.888 38.429 37.930 37.392 36.816 36.200 35.138 34.054 32.988 31.942 30.914 38.037 48.012 57.733 67.201 76.416 85.377 94.084 102.538 110.739 118.686 126.380 133.820 124.886 114.242 103.906 93.881 84.165 74.759 65.662 56.875 48.398 40.230 32.372 25.153 23.818 22.451 21.052 19.622 18.159 16.666 15.140 13.583 11.993 10.373 8.720 7.515 8.027 8.569 9.140 9.739 10.367 11.024 11.710 12.424 13.168 13.940 14.741 15.546 16.333
75.709 77.912 75.532 73.030 70.405 67.658 64.789 61.797 58.683 55.446 52.087 48.606 45.003 42.194 41.011 39.851 38.715 37.604 36.516 35.451 34.421 33.420 32.437 31.474 30.530 35.605 44.465 53.072 61.425 69.525 77.372 84.966 92.306 99.393 106.226 112.806 119.133 113.217 103.935 94.963 86.300 77.946 69.903 62.168 54.743 47.627 40.821 34.325 28.138 26.371 24.864 23.324 21.754 20.151 18.517 16.851 15.153 13.424 11.663 9.870 8.302 8.941 9.610 10.307 11.033 11.788 12.571 13.384 14.225 15.095 15.993 16.921 17.845 18.705
83.507 86.886 84.081 81.153 78.103 74.931 70.072 65.327 60.728 56.275 51.968 47.807 43.791 40.880 39.779 38.701 37.648 36.618 35.613 34.631 33.683 32.765 31.866 30.986 30.125 33.457 41.203 48.695 55.935 62.922 69.655 76.135 82.362 88.336 94.056 99.524 104.738 101.228 93.308 85.698 78.397 71.405 64.723 58.350 52.286 46.531 41.086 35.950 31.123 28.955 27.307 25.627 23.916 22.174 20.399 18.593 16.755 14.886 12.985 11.052 9.087 9.825 10.620 11.444 12.296 13.178 14.088 15.027 15.994 16.991 18.016 19.070 20.125 21.059
86.727 89.051 84.080 79.256 74.577 70.045 65.658 61.417 57.322 53.372 49.569 45.912 42.400 39.545 38.526 37.532 36.560 35.613 34.690 33.790 32.925 32.090 31.274 30.477 29.699 31.592 38.224 44.604 50.730 56.604 62.224 67.592 72.706 77.567 82.176 86.531 90.633 88.920 82.362 76.113 70.173 64.542 59.220 54.208 49.504 45.110 41.024 37.248 33.781 31.569 29.781 27.961 26.110 24.227 22.312 20.366 18.388 16.379 14.338 12.265 10.160 10.678 11.599 12.550 13.529 14.537 15.573 16.639 17.733 18.856 20.007 21.188 22.386 23.393
78.969 81.988 77.522 73.202 69.027 64.998 61.115 57.378 53.786 50.341 47.041 43.886 40.878 38.191 37.254 36.342 35.453 34.588 33.747 32.929 32.147 31.395 30.662 29.948 29.253 30.010 35.530 40.797 45.811 50.572 55.080 59.336 63.338 67.088 70.584 73.828 76.819 76.293 71.096 66.207 61.628 57.357 53.395 49.742 46.398 43.363 40.636 38.219 36.111 34.213 32.285 30.326 28.334 26.311 24.257 22.170 20.053 17.903 15.722 13.509 11.264 11.500 12.548 13.625 14.731 15.865 17.028 18.220 19.569 21.235 22.912 24.602 26.304 27.433
71.336 73.945 70.837 67.020 63.349 59.824 56.444 53.210 50.122 47.179 44.382 41.731 39.225 36.866 35.963 35.132 34.325 33.543 32.784 32.048 31.348 30.679 30.030 29.399 28.787 28.711 33.119 37.274 41.176 44.826 48.222 51.366 54.258 56.896 59.282 61.415 63.295 63.348 59.510 55.981 52.761 49.850 47.247 44.953 42.967 41.291 39.923 38.864 38.113 36.889 34.821 32.721 30.589 28.426 26.232 24.006 21.748 19.458 17.137 14.878 12.981 13.363 14.996 16.642 18.300 19.970 21.652 23.346 25.053 26.771 28.502 30.244 31.999 32.736
63.830 66.007 64.024 60.711 57.543 54.521 51.644 48.913 46.328 43.888 41.594 39.445 37.442 35.585 34.651 33.902 33.178 32.477 31.800 31.147 30.529 29.944 29.377 28.829 28.300 27.789 30.991 34.035 36.826 39.364 41.650 43.684 45.464 46.993 48.268 49.291 50.061 50.085 47.606 45.436 43.574 42.021 40.776 39.840 39.213 38.894 38.883 39.182 39.788 39.594 37.413 35.440 33.483 31.542 29.618 27.710 25.819 23.943 22.084 20.242 18.416 18.457 20.144 21.843 23.554 25.276 27.011 28.759 30.518 32.289 34.072 35.868 37.675 38.159
56.450 58.195 57.084 54.274 51.609 49.090 46.716 44.488 42.405 40.468 38.676 37.030 35.529 34.174 33.319 32.653 32.010 31.392 30.797 30.226 29.691 29.188 28.704 28.239 27.792 27.365 29.146 31.080 32.760 34.188 35.364 36.287 36.958 37.376 37.542 37.456 37.117 36.503 35.382 34.570 34.066 33.899 35.046 36.257 37.531 38.868 40.268 41.731 43.258 44.038 42.119 40.217 38.330 36.460 34.607 32.769 30.948 29.143 27.355 25.583 23.827 23.533 25.273 27.025 28.788 30.564 32.352 34.152 35.964 37.788 39.625 41.473 43.333 43.700
49.196 50.510 50.017 47.709 45.547 43.531 41.659 39.934 38.353 36.918 35.629 34.484 33.486 32.632 31.967 31.383 30.823 30.286 29.773 29.284 28.832 28.412 28.011 27.628 27.265 26.920 27.584 28.408 28.978 29.297 29.363 29.177 28.738 29.111 29.548 29.988 30.434 30.885 32.001 33.237 34.536 35.898 37.323 38.811 40.363 41.977 43.655 45.395 47.199 48.652 46.803 44.971 43.155 41.356 39.573 37.806 36.055 34.321 32.603 30.902 29.216 28.591 30.383 32.188 34.005 35.833 37.674 39.527 41.392 43.269 45.158 47.059 48.972 49.361
42.068 42.950 42.823 41.018 39.358 37.844 36.475 35.251 34.173 33.239 32.452 31.809 31.312 30.960 30.596 30.094 29.615 29.161 28.730 28.323 27.952 27.615 27.297 26.997 26.839 26.711 26.916 27.339 27.767 28.201 28.639 29.082 29.529 29.982 30.439 30.901 31.369 31.840 33.098 34.611 36.187 37.827 39.529 41.295 43.124 45.015 46.970 48.988 51.069 53.213 51.465 49.704 47.958 46.229 44.517 42.820 41.140 39.477 37.829 36.198 34.583 33.630 35.475 37.333 39.202 41.084 42.977 44.883 46.801 48.731 50.673 52.627 54.593 55.141
35.065 35.517 35.502 34.199 33.041 32.029 31.162 30.440 29.863 29.432 29.145 29.004 29.009 29.158 29.204 28.784 28.533 28.372 28.224 28.091 27.964 27.840 27.728 27.627 27.537 27.458 27.631 28.075 28.525 28.980 29.439 29.903 30.372 30.846 31.325 31.808 32.296 32.790 34.124 35.915 37.769 39.686 41.665 43.708 45.814 47.983 50.215 52.510 54.868 57.289 56.105 54.414 52.739 51.081 49.439 47.813 46.203 44.610 43.033 41.472 39.927 38.651 40.549 42.459 44.382 46.316 48.262 50.221 52.191 54.174 56.169 58.175 60.194 61.039
28.188 28.209 28.054 27.253 26.597 26.086 25.721 25.500 25.425 25.906 26.592 27.269 27.938 28.598 29.100 28.958 28.831 28.718 28.619 28.533 28.454 28.379 28.316 28.263 28.221 28.191 28.339 28.805 29.276 29.752 30.233 30.718 31.208 31.704 32.203 32.708 33.218 33.732 35.081 37.149 39.280 41.474 43.731 46.051 48.434 50.880 53.389 55.960 58.595 61.293 60.723 59.103 57.498 55.910 54.338 52.783 51.244 49.721 48.214 46.724 45.249 43.792 45.604 47.567 49.542 51.530 53.529 55.540 57.563 59.599 61.646 63.706 65.777 67.057
21.436 21.027 21.307 22.014 22.721 23.419 24.109 24.791 25.465 26.130 26.787 27.436 28.076 28.708 29.289 29.196 29.116 29.051 29.000 28.962 28.932 28.905 28.890 28.886 28.893 28.911 29.041 29.529 30.021 30.518 31.020 31.527 32.038 32.555 33.076 33.602 34.133 34.669 35.969 38.314 40.722 43.193 45.727 48.323 50.983 53.706 56.492 59.340 62.252 65.226 65.319 63.769 62.235 60.717 59.216 57.731 56.262 54.809 53.373 51.953 50.549 49.162 50.641 52.657 54.685 56.725 58.777 60.841 62.917 65.005 67.105 69.217 71.342 73.193
20.651 21.210 21.758 22.416 23.094 23.764 24.426 25.079 25.724 26.361 26.989 27.610 28.222 28.825 29.420 29.420 29.389 29.372 29.368 29.379 29.396 29.418 29.451 29.496 29.551 29.617 29.737 30.246 30.760 31.278 31.801 32.329 32.862 33.400 33.942 34.489 35.042 35.599 36.787 39.409 42.094 44.841 47.652 50.526 53.462 56.462 59.524 62.649 65.837 69.089 69.893 68.413 66.950 65.502 64.071 62.657 61.258 59.876 58.510 57.160 55.826 54.509 55.660 57.728 59.809 61.902 64.006 66.123 68.252 70.393 72.546 74.711 76.888 78.770
21.193 21.712 22.219 22.825 23.475 24.116 24.749 25.374 25.991 26.599 27.199 27.791 28.374 28.950 29.516 29.632 29.648 29.679 29.723 29.782 29.847 29.918 30.000 30.092 30.196 30.311 30.437 30.957 31.492 32.032 32.576 33.125 33.679 34.238 34.802 35.371 35.944 36.522 37.536 40.434 43.396 46.420 49.507 52.658 55.871 59.147 62.486 65.887 69.352 72.880 74.445 73.036 71.643 70.266 68.905 67.560 66.232 64.920 63.624 62.345 61.082 59.835 60.660 62.782 64.712 66.073 67.443 68.823 70.212 71.611 73.020 74.438 75.865 77.302
21.745 22.224 22.691 23.241 23.862 24.475 25.080 25.677 26.265 26.845 27.416 27.979 28.534 29.081 29.620 29.830 29.895 29.973 30.066 30.172 30.286 30.405 30.535 30.676 30.828 30.991 31.166 31.662 32.218 32.779 33.344 33.915 34.490 35.070 35.655 36.245 36.840 37.439 38.215 41.390 44.628 47.929 51.293 54.720 58.209 61.762 65.377 69.055 72.796 76.600 78.976 77.637 76.314 75.007 73.716 72.299 70.050 67.897 65.839 63.876 62.008 60.236 60.078 61.462 62.856 64.259 65.672 67.094 68.525 69.967 71.417 72.877 74.347 75.826
22.307 22.746 23.173 23.664 24.257 24.842 25.418 25.986 26.546 27.097 27.640 28.175 28.702 29.220 29.730 30.016 30.129 30.255 30.395 30.549 30.711 30.879 31.057 31.247 31.447 31.659 31.881 32.360 32.938 33.520 34.107 34.698 35.295 35.896 36.502 37.114 37.729 38.350 38.976 42.277 45.791 49.368 53.009 56.712 60.477 64.306 68.178 71.150 73.999 76.725 78.511 76.203 73.991 71.874 69.852 67.925 66.094 64.358 62.717 61.171 59.720 58.364 58.130 59.556 60.992 62.437 63.892 65.357 66.831 68.314 69.807 71.309 72.821 74.342
22.880 23.278 23.665 24.095 24.659 25.215 25.763 26.303 26.834 27.357 27.872 28.378 28.876 29.366 29.848 30.189 30.350 30.524 30.712 30.914 31.124 31.340 31.567 31.804 32.053 32.313 32.584 33.053 33.651 34.254 34.862 35.475 36.093 36.716 37.343 37.975 38.613 39.254 39.769 42.659 45.952 49.123 52.172 55.098 57.902 60.583 63.141 65.577 67.891 70.082 71.959 70.069 68.274 66.574 64.969 63.459 62.044 60.725 59.501 58.372 57.338 56.399 56.174 57.643 59.121 60.608 62.105 63.612 65.128 66.653 68.188 69.733 71.287 72.850
23.462 23.821 24.167 24.532 25.068 25.596 26.115 26.626 27.129 27.624 28.110 28.589 29.058 29.520 29.973 30.350 30.558 30.780 31.016 31.265 31.523 31.788 32.063 32.349 32.646 32.954 33.274 33.738 34.358 35.138 35.895 36.582 37.200 37.748 38.227 38.636 38.976 39.246 39.446 41.505 44.263 46.898 49.411 51.802 54.070 56.216 58.239 60.140 61.918 63.574 65.108 63.842 62.464 61.180 59.992 58.899 57.902 56.999 56.191 55.479 54.861 54.339 54.210 55.721 57.241 58.771 60.310 61.859 63.417 64.985 66.562 68.149 69.745 71.350
24.055 24.373 24.680 24.977 25.484 25.984 26.475 26.957 27.432 27.898 28.356 28.806 29.247 29.681 30.106 30.497 30.753 31.023 31.306 31.604 32.068 32.622 33.205 33.817 34.458 35.128 35.827 36.520 37.111 37.632 38.084 38.467 38.780 39.023 39.197 39.302 39.337 39.302 39.199 40.483 42.706 44.806 46.784 48.639 50.372 51.983 53.471 54.837 56.080 57.202 58.200 57.523 56.561 55.695 54.923 54.247 53.665 53.179 52.788 52.492 52.290 52.184 52.239 53.792 55.354 56.926 58.508 60.098 61.699 63.309 64.928 66.557 68.195 69.843
