DATA/SHG/ECMWF/20170628/EN-29/20170709.en-29.asc
ncols        190
nrows        64
xllcorner    -5100000.000000000000
yllcorner    4130000.000000000000
cellsize     10000.000000000000
NODATA_value  -99999.000
[rows 0 to 31 of 64, columns 0 to 71 of 190]
11.079 10.501 9.905 9.290 8.657 8.005 7.335 6.646 5.939 5.589 5.347 5.095 4.832 4.557 4.273 3.977 3.670 3.353 3.024 2.705 2.388 2.301 2.319 2.331 2.339 2.341 2.338 2.329 2.316 2.297 2.273 2.244 2.210 2.197 2.202 2.208 2.215 2.222 2.230 2.239 2.249 2.259 2.271 2.283 2.296 2.285 2.254 2.225 2.197 2.172 2.148 2.127 2.107 2.089 2.073 2.059 2.047 2.037 2.025 2.013 2.000 1.986 1.971 1.954 1.937 1.919 1.899 1.878 1.857 1.806 1.706 1.599
12.174 11.531 10.869 10.188 9.489 8.771 8.035 7.281 6.508 6.035 5.755 5.464 5.164 4.860 4.552 4.240 3.924 3.605 3.281 2.954 2.623 2.470 2.469 2.463 2.452 2.435 2.414 2.387 2.355 2.318 2.276 2.229 2.176 2.149 2.157 2.166 2.175 2.185 2.196 2.208 2.221 2.234 2.248 2.263 2.279 2.279 2.254 2.232 2.211 2.192 2.176 2.161 2.148 2.136 2.127 2.120 2.114 2.107 2.092 2.077 2.060 2.042 2.023 2.003 1.982 1.959 1.936 1.912 1.886 1.837 1.714 1.585
13.289 12.579 11.851 11.105 10.316 9.437 8.590 7.776 6.994 6.444 6.138 5.828 5.514 5.196 4.874 4.548 4.219 3.885 3.548 3.207 2.861 2.643 2.624 2.599 2.570 2.535 2.496 2.451 2.401 2.345 2.285 2.219 2.148 2.101 2.111 2.123 2.135 2.148 2.162 2.176 2.192 2.208 2.225 2.243 2.261 2.271 2.253 2.237 2.223 2.211 2.201 2.193 2.186 2.182 2.179 2.179 2.180 2.179 2.160 2.141 2.120 2.098 2.076 2.052 2.027 2.001 1.974 1.946 1.912 1.853 1.710 1.570
13.632 12.738 11.876 11.046 10.249 9.484 8.751 8.050 7.382 6.840 6.520 6.196 5.868 5.536 5.200 4.861 4.517 4.170 3.818 3.463 3.104 2.821 2.784 2.741 2.694 2.641 2.583 2.519 2.451 2.378 2.299 2.215 2.126 2.051 2.064 2.079 2.094 2.110 2.126 2.144 2.162 2.181 2.201 2.221 2.243 2.261 2.250 2.241 2.234 2.228 2.225 2.223 2.223 2.225 2.229 2.235 2.243 2.252 2.229 2.206 2.186 2.205 2.209 2.197 2.171 2.129 2.072 2.000 1.913 1.811 1.679 1.549
13.075 12.295 11.547 10.831 10.147 9.496 8.876 8.289 7.734 7.239 6.905 6.567 6.225 5.880 5.530 5.176 4.819 4.458 4.093 3.724 3.351 3.005 2.949 2.888 2.822 2.751 2.675 2.594 2.507 2.415 2.318 2.216 2.109 2.001 2.017 2.034 2.052 2.071 2.090 2.110 2.131 2.153 2.176 2.199 2.224 2.249 2.245 2.243 2.242 2.243 2.246 2.251 2.258 2.283 2.364 2.449 2.538 2.633 2.651 2.647 2.628 2.594 2.544 2.480 2.400 2.305 2.195 2.069 1.929 1.773 1.645 1.526
12.484 11.818 11.183 10.581 10.011 9.473 8.967 8.493 8.051 7.642 7.294 6.942 6.587 6.227 5.864 5.496 5.125 4.750 4.371 3.988 3.601 3.210 3.120 3.041 2.957 2.867 2.773 2.673 2.568 2.458 2.343 2.222 2.097 1.966 1.969 1.989 2.009 2.031 2.053 2.076 2.100 2.125 2.150 2.177 2.204 2.231 2.262 2.327 2.396 2.470 2.549 2.632 2.719 2.811 2.907 3.008 3.113 3.222 3.214 3.157 3.084 2.997 2.894 2.776 2.643 2.495 2.331 2.153 1.959 1.750 1.608 1.500
11.859 11.306 10.785 10.296 9.839 9.415 9.022 8.662 8.333 8.037 7.687 7.321 6.952 6.578 6.201 5.820 5.434 5.045 4.653 4.256 3.855 3.451 3.296 3.198 3.096 2.988 2.876 2.758 2.635 2.506 2.373 2.234 2.091 1.942 1.920 1.943 1.966 1.990 2.015 2.101 2.221 2.327 2.418 2.496 2.560 2.609 2.675 2.756 2.841 2.930 3.024 3.123 3.226 3.333 3.445 3.561 3.682 3.807 3.791 3.680 3.554 3.414 3.258 3.086 2.900 2.699 2.482 2.250 2.003 1.741 1.569 1.471
11.199 10.759 10.352 9.976 9.633 9.322 9.042 8.795 8.580 8.397 8.084 7.704 7.321 6.933 6.542 6.147 5.748 5.345 4.938 4.528 4.113 3.695 3.477 3.361 3.241 3.115 2.984 2.848 2.706 2.560 2.408 2.252 2.189 2.173 2.262 2.403 2.529 2.641 2.740 2.824 2.894 2.951 2.993 3.021 3.036 3.036 3.083 3.179 3.280 3.385 3.495 3.609 3.727 3.850 3.978 4.109 4.246 4.387 4.382 4.218 4.039 3.845 3.636 3.411 3.172 2.917 2.647 2.362 2.062 1.747 1.527 1.439
10.505 10.179 9.884 9.622 9.392 9.194 9.028 8.894 8.792 8.722 8.484 8.091 7.693 7.292 6.887 6.478 6.065 5.648 5.228 4.803 4.375 3.943 3.663 3.529 3.390 3.298 3.224 3.167 3.127 3.102 3.095 3.103 3.128 3.169 3.245 3.336 3.413 3.476 3.525 3.560 3.581 3.588 3.581 3.560 3.525 3.476 3.486 3.598 3.714 3.835 3.960 4.090 4.224 4.362 4.505 4.653 4.804 4.961 4.986 4.769 4.537 4.290 4.028 3.750 3.457 3.150 2.827 2.489 2.135 1.767 1.482 1.405
9.777 9.564 9.383 9.234 9.116 9.031 8.978 8.957 8.968 9.011 8.888 8.481 8.070 7.655 7.236 6.813 6.386 5.949 5.478 5.034 4.616 4.225 3.962 3.897 3.848 3.816 3.800 3.801 3.818 3.851 3.901 3.967 4.049 4.148 4.241 4.282 4.310 4.324 4.324 4.309 4.281 4.239 4.183 4.112 4.028 3.930 3.884 4.011 4.143 4.280 4.420 4.565 4.715 4.869 5.028 5.191 5.358 5.530 5.605 5.335 5.050 4.749 4.434 4.103 3.757 3.396 3.020 2.629 2.223 1.802 1.435 1.368
9.015 8.914 8.846 8.810 8.806 8.834 8.894 8.986 9.110 9.266 9.244 8.681 8.144 7.634 7.151 6.694 6.263 5.860 5.482 5.131 4.807 4.509 4.290 4.282 4.291 4.317 4.358 4.416 4.491 4.581 4.689 4.812 4.952 5.108 5.249 5.242 5.220 5.185 5.135 5.072 4.994 4.903 4.797 4.678 4.544 4.397 4.277 4.420 4.567 4.719 4.875 5.036 5.201 5.371 5.545 5.723 5.906 6.094 6.238 5.914 5.576 5.223 4.854 4.470 4.071 3.657 3.228 2.784 2.325 1.851 1.385 1.328
8.218 8.231 8.276 8.364 8.452 8.519 8.563 8.585 8.585 8.563 8.473 8.004 7.560 7.144 6.754 6.390 6.053 5.742 5.458 5.200 4.969 4.764 4.600 4.650 4.717 4.799 4.898 5.014 5.146 5.294 5.458 5.639 5.836 6.050 6.271 6.214 6.143 6.058 5.960 5.847 5.720 5.580 5.425 5.256 5.074 4.877 4.667 4.823 4.986 5.154 5.325 5.502 5.682 5.867 6.057 6.251 6.449 6.652 6.859 6.508 6.116 5.710 5.288 4.851 4.400 3.933 3.451 3.011 2.601 2.178 1.741 1.753
7.891 7.968 8.023 8.055 8.066 8.054 8.021 7.965 7.887 7.786 7.664 7.299 6.949 6.626 6.329 6.058 5.814 5.597 5.406 5.241 5.103 4.991 4.906 5.000 5.124 5.264 5.421 5.593 5.783 5.988 6.210 6.448 6.703 6.974 7.261 7.199 7.079 6.945 6.797 6.635 6.460 6.270 6.066 5.848 5.617 5.371 5.112 5.222 5.400 5.583 5.770 5.962 6.158 6.359 6.564 6.773 6.987 7.206 7.428 7.115 6.737 6.374 5.997 5.607 5.204 4.787 4.356 3.913 3.456 2.986 2.502 2.438
7.842 7.840 7.817 7.772 7.704 7.615 7.503 7.369 7.213 7.035 6.835 6.567 6.311 6.080 5.877 5.699 5.548 5.424 5.326 5.254 5.209 5.190 5.198 5.332 5.513 5.711 5.925 6.155 6.402 6.664 6.944 7.239 7.551 7.879 8.224 8.197 8.028 7.845 7.648 7.437 7.212 6.973 6.720 6.454 6.173 5.878 5.570 5.615 5.809 6.007 6.210 6.417 6.629 6.899 7.193 7.502 7.828 8.169 8.525 8.377 7.980 7.569 7.145 6.708 6.258 5.794 5.317 4.826 4.322 3.805 3.274 3.122
7.817 7.738 7.636 7.513 7.368 7.200 7.011 6.799 6.565 6.309 6.031 5.808 5.644 5.507 5.396 5.312 5.254 5.223 5.218 5.239 5.287 5.361 5.461 5.647 5.885 6.140 6.411 6.699 7.003 7.323 7.659 8.012 8.381 8.766 9.168 9.208 8.990 8.758 8.512 8.252 7.978 7.690 7.388 7.072 6.742 6.399 6.065 6.061 6.315 6.586 6.872 7.174 7.492 7.825 8.173 8.538 8.917 9.313 9.724 9.677 9.233 8.776 8.305 7.821 7.323 6.812 6.288 5.751 5.200 4.636 4.058 3.805
7.816 7.659 7.480 7.279 7.056 6.810 6.543 6.253 5.942 5.608 5.252 5.021 4.951 4.907 4.889 4.897 4.932 4.994 5.082 5.196 5.336 5.503 5.696 5.944 6.240 6.552 6.880 7.225 7.586 7.963 8.357 8.767 9.193 9.635 10.094 10.232 9.965 9.684 9.387 9.072 8.752 8.427 8.096 7.759 7.416 7.068 6.715 6.642 6.952 7.277 7.618 7.974 8.346 8.734 9.137 9.556 9.990 10.440 10.906 10.989 10.498 9.993 9.476 8.945 8.400 7.842 7.271 6.687 6.089 5.478 4.854 4.487
7.840 7.606 7.349 7.070 6.768 6.445 6.100 5.733 5.343 4.932 4.498 4.207 4.230 4.278 4.354 4.455 4.583 4.737 4.918 5.125 5.358 5.617 5.903 6.223 6.576 6.945 7.331 7.733 8.151 8.586 9.036 9.491 9.938 10.411 10.911 11.169 10.852 10.529 10.200 9.866 9.526 9.181 8.830 8.473 8.111 7.743 7.370 7.207 7.571 7.951 8.347 8.758 9.184 9.626 10.084 10.557 11.046 11.551 12.071 12.312 11.774 11.223 10.658 10.080 9.489 8.884 8.266 7.635 6.990 6.333 5.662 5.167
7.889 7.576 7.241 6.885 6.506 6.105 5.682 5.237 4.770 4.281 3.769 3.366 3.481 3.623 3.791 3.985 4.206 4.453 4.726 5.025 5.351 5.704 6.082 6.485 6.859 7.216 7.599 8.008 8.442 8.903 9.389 9.902 10.440 11.005 11.595 12.047 11.709 11.367 11.018 10.664 10.304 9.939 9.568 9.192 8.810 8.422 8.029 7.756 8.175 8.609 9.059 9.524 10.006 10.502 11.014 11.542 12.086 12.645 13.219 13.646 13.061 12.463 11.851 11.227 10.589 9.937 9.272 8.594 7.903 7.198 6.481 5.847
7.962 7.571 7.159 6.724 6.268 5.789 5.289 4.766 4.221 3.655 3.066 2.498 2.706 2.940 3.201 3.487 3.801 4.154 4.512 4.862 5.204 5.538 5.863 6.184 6.606 7.054 7.528 8.028 8.553 9.105 9.682 10.286 10.915 11.570 12.251 12.929 12.572 12.209 11.841 11.467 11.087 10.702 10.312 9.915 9.514 9.106 8.693 8.288 8.762 9.250 9.755 10.275 10.810 11.361 11.928 12.510 13.108 13.721 14.350 14.992 14.360 13.715 13.056 12.385 11.700 11.002 10.290 9.565 8.827 8.076 7.311 6.533
8.059 7.591 7.101 6.589 6.055 5.498 4.920 4.320 3.698 3.054 2.473 1.923 2.212 2.583 2.946 3.300 3.646 3.984 4.313 4.634 4.947 5.252 5.548 5.836 6.326 6.865 7.430 8.021 8.637 9.280 9.948 10.642 11.362 12.108 12.880 13.678 13.438 13.056 12.668 12.274 11.875 11.470 11.060 10.644 10.222 9.795 9.363 8.924 9.332 9.875 10.434 11.008 11.598 12.204 12.825 13.462 14.114 14.781 15.465 16.163 15.670 14.978 14.273 13.554 12.822 12.078 11.319 10.548 9.763 8.965 8.154 7.329
8.180 7.635 7.067 6.449 5.846 5.259 4.686 4.130 3.588 3.061 2.550 2.054 2.196 2.538 2.872 3.197 3.514 3.823 4.123 4.416 4.699 4.975 5.242 5.502 6.019 6.649 7.305 7.986 8.694 9.427 10.186 10.971 11.782 12.619 13.481 14.370 14.310 13.908 13.500 13.086 12.667 12.243 11.813 11.377 10.936 10.489 10.036 9.578 9.886 10.484 11.097 11.726 12.370 13.030 13.705 14.396 15.103 15.825 16.562 17.315 16.991 16.252 15.500 14.735 13.957 13.165 12.360 11.475 10.492 9.529 8.584 7.658
7.875 7.279 6.700 6.135 5.586 5.052 4.533 4.030 3.542 3.069 2.611 2.169 2.189 2.502 2.806 3.103 3.391 3.671 3.942 4.206 4.461 4.707 4.946 5.176 5.685 6.406 7.153 7.925 8.723 9.547 10.397 11.273 12.174 13.102 14.055 15.034 15.186 14.764 14.336 13.903 13.464 13.020 12.570 12.115 11.654 11.187 10.715 10.237 10.423 11.075 11.743 12.426 13.125 13.839 14.569 15.314 16.075 16.851 17.643 18.450 18.179 17.130 16.100 15.089 14.096 13.123 12.168 11.233 10.316 9.418 8.538 7.678
7.384 6.842 6.316 5.805 5.309 4.829 4.364 3.914 3.479 3.060 2.656 2.267 2.190 2.474 2.750 3.018 3.277 3.528 3.770 4.005 4.231 4.449 4.658 4.860 5.325 6.136 6.974 7.837 8.726 9.640 10.581 11.547 12.539 13.557 14.601 15.670 16.066 15.625 15.177 14.724 14.266 13.802 13.332 12.857 12.377 11.890 11.398 10.901 10.945 11.651 12.373 13.110 13.863 14.553 15.169 15.748 16.290 16.796 17.264 17.696 17.460 16.477 15.512 14.567 13.640 12.732 11.843 10.973 10.121 9.289 8.475 7.680
6.877 6.389 5.916 5.459 5.017 4.590 4.178 3.781 3.400 3.034 2.684 2.348 2.201 2.456 2.703 2.941 3.172 3.394 3.607 3.813 4.010 4.199 4.380 4.552 4.938 5.840 6.768 7.721 8.701 9.706 10.737 11.794 12.877 13.985 15.119 16.279 16.952 16.490 16.023 15.550 15.072 14.589 14.099 13.604 13.104 12.598 12.079 11.580 11.473 12.144 12.778 13.376 13.937 14.462 14.949 15.400 15.814 16.192 16.533 16.837 16.724 15.807 14.908 14.028 13.166 12.324 11.500 10.696 9.910 9.143 8.394 7.665
6.354 5.920 5.500 5.096 4.708 4.334 3.976 3.633 3.305 2.993 2.695 2.413 2.220 2.446 2.664 2.874 3.075 3.268 3.453 3.630 3.798 3.958 4.110 4.254 4.523 5.516 6.535 7.579 8.649 9.745 10.866 12.014 13.187 14.385 15.610 16.860 17.841 17.360 16.873 16.274 15.684 15.119 14.581 14.068 13.582 13.121 12.686 12.276 12.058 12.601 13.107 13.577 14.010 14.406 14.766 15.089 15.375 15.625 15.838 16.014 15.971 15.119 14.286 13.471 12.676 11.899 11.140 10.401 9.681 8.979 8.296 7.632
5.810 5.434 5.068 4.718 4.383 4.063 3.758 3.468 3.194 2.934 2.690 2.462 2.248 2.445 2.634 2.815 2.988 3.152 3.308 3.456 3.595 3.727 3.850 3.965 4.083 5.166 6.275 7.410 8.570 9.756 10.968 12.204 13.357 14.505 15.648 16.786 17.878 17.301 16.749 16.223 15.723 15.249 14.801 14.378 13.981 13.610 13.265 12.946 12.678 13.093 13.472 13.813 14.118 14.387 14.619 14.814 14.972 15.094 15.179 15.228 15.202 14.415 13.647 12.898 12.168 11.456 10.763 10.089 9.434 8.798 8.180 7.581
5.209 4.933 4.621 4.323 4.041 3.775 3.523 3.287 3.066 2.860 2.669 2.494 2.334 2.453 2.614 2.766 2.909 3.045 3.172 3.291 3.402 3.504 3.598 3.684 3.764 4.788 5.954 7.115 8.271 9.422 10.568 11.709 12.845 13.976 15.102 16.223 17.339 17.044 16.583 16.147 15.737 15.353 14.994 14.662 14.355 14.074 13.819 13.589 13.385 13.621 13.872 14.086 14.263 14.403 14.507 14.575 14.606 14.600 14.557 14.478 14.362 13.693 12.991 12.307 11.642 10.996 10.369 9.760 9.170 8.599 8.047 7.513
4.615 4.416 4.157 3.913 3.684 3.471 3.273 3.090 2.922 2.769 2.632 2.510 2.403 2.470 2.601 2.725 2.839 2.947 3.051 3.148 3.241 3.327 3.409 3.484 3.554 4.401 5.550 6.694 7.833 8.967 10.096 11.219 12.338 13.452 14.561 15.665 16.764 16.762 16.390 16.044 15.724 15.430 15.162 14.919 14.702 14.511 14.345 14.206 14.092 14.185 14.308 14.394 14.443 14.456 14.432 14.372 14.275 14.142 13.972 13.765 13.522 12.955 12.318 11.700 11.100 10.519 9.957 9.414 8.889 8.383 7.896 7.428
4.030 3.882 3.677 3.486 3.311 3.151 3.006 2.876 2.761 2.662 2.608 2.563 2.478 2.487 2.593 2.694 2.789 2.879 2.963 3.041 3.114 3.182 3.244 3.300 3.351 4.020 5.151 6.278 7.400 8.517 9.629 10.735 11.837 12.934 14.026 15.113 16.195 16.454 16.172 15.916 15.686 15.482 15.303 15.150 15.023 14.921 14.846 14.796 14.772 14.784 14.779 14.738 14.660 14.545 14.394 14.206 13.981 13.720 13.423 13.088 12.718 12.200 11.628 11.075 10.540 10.025 9.528 9.050 8.590 8.150 7.728 7.325
3.454 3.333 3.181 3.207 3.301 3.356 3.370 3.345 3.280 3.174 3.030 2.845 2.620 2.502 2.589 2.670 2.746 2.816 2.881 2.940 2.994 3.042 3.085 3.122 3.153 3.643 4.758 5.868 6.973 8.072 9.167 10.257 11.342 12.422 13.496 14.566 15.631 16.120 15.928 15.762 15.621 15.507 15.418 15.355 15.317 15.306 15.320 15.359 15.425 15.419 15.286 15.117 14.912 14.669 14.391 14.075 13.723 13.335 12.910 12.448 11.950 11.427 10.921 10.433 9.964 9.513 9.082 8.669 8.367 8.238 8.141 8.075
4.379 4.621 4.655 4.649 4.603 4.518 4.393 4.228 4.023 3.778 3.494 3.169 2.805 2.523 2.590 2.652 2.709 2.760 2.805 2.845 2.879 2.908 2.932 2.949 2.962 3.273 4.370 5.463 6.551 7.633 8.711 9.784 10.852 11.915 12.972 14.025 15.073 15.760 15.658 15.582 15.531 15.506 15.507 15.534 15.586 15.664 15.767 15.897 16.052 16.089 15.829 15.533 15.200 14.830 14.424 13.981 13.502 12.986 12.434 11.845 11.220 10.732 10.493 10.286 10.110 9.965 9.851 9.768 9.717 9.696 9.707 9.749
6.014 6.384 6.278 6.133 5.947 5.722 5.458 5.153 4.808 4.424 4.000 3.536 3.033 2.549 2.598 2.640 2.677 2.709 2.735 2.756 2.771 2.780 2.785 2.783 2.776 2.907 3.988 5.063 6.134 7.200 8.261 9.316 10.367 11.413 12.454 13.490 14.521 15.375 15.362 15.376 15.415 15.480 15.570 15.686 15.828 15.995 16.189 16.407 16.652 16.795 16.408 15.984 15.523 15.026 14.610 14.240 13.829 13.379 12.890 12.361 11.792 11.293 11.163 11.064 10.996 10.959 10.953 10.979 11.035 11.123 11.242 11.392
