DATA/SHG/ECMWF/20170628/EN-29/20170710.en-29.asc
ncols        190
nrows        64
xllcorner    -5100000.000000000000
yllcorner    4130000.000000000000
cellsize     10000.000000000000
NODATA_value  -99999.000
[rows 0 to 31 of 64, columns 0 to 70 of 190]
6.920 7.731 8.568 9.432 10.323 11.240 12.184 13.154 14.151 14.747 15.225 15.719 16.228 16.754 17.296 17.853 18.426 19.016 19.621 20.053 20.431 19.632 18.278 16.916 15.547 14.170 12.786 11.394 9.995 8.588 7.174 5.753 4.324 3.600 3.340 3.086 2.837 2.593 2.356 2.124 1.897 1.676 1.461 1.252 1.048 0.915 0.843 0.772 0.703 0.635 0.569 0.505 0.442 0.381 0.322 0.264 0.208 0.170 0.154 0.139 0.124 0.110 0.097 0.084 0.072 0.060 0.050 0.040 0.030 0.024 0.023
7.130 8.035 8.966 9.924 10.909 11.921 12.958 14.023 15.114 15.866 16.400 16.949 17.302 17.655 18.016 18.384 18.759 19.142 19.532 19.929 20.334 19.786 18.405 17.016 15.620 14.217 12.806 11.388 9.962 8.529 7.088 5.640 4.184 3.288 3.047 2.813 2.584 2.360 2.142 1.930 1.723 1.522 1.327 1.137 0.953 0.817 0.750 0.685 0.622 0.560 0.500 0.441 0.384 0.329 0.275 0.223 0.172 0.134 0.121 0.108 0.095 0.084 0.072 0.062 0.052 0.043 0.035 0.027 0.020 0.014 0.013
7.309 8.308 9.334 10.386 11.437 12.380 13.325 14.271 15.219 15.895 16.252 16.617 16.989 17.368 17.755 18.149 18.550 18.959 19.374 19.798 20.228 19.948 18.540 17.125 15.702 14.272 12.835 11.390 9.937 8.477 7.010 5.535 4.053 2.970 2.749 2.534 2.325 2.121 1.923 1.731 1.544 1.363 1.187 1.017 0.852 0.718 0.657 0.597 0.539 0.483 0.429 0.376 0.325 0.275 0.227 0.180 0.136 0.098 0.087 0.076 0.066 0.056 0.048 0.040 0.032 0.025 0.019 0.014 0.020 0.028 0.039
7.134 8.077 9.021 9.967 10.914 11.863 12.814 13.766 14.719 15.496 15.880 16.270 16.668 17.074 17.486 17.906 18.333 18.768 19.209 19.658 20.115 20.118 18.684 17.242 15.792 14.336 12.871 11.400 9.921 8.434 6.940 5.438 3.930 2.647 2.446 2.251 2.061 1.877 1.699 1.526 1.359 1.198 1.042 0.891 0.747 0.617 0.561 0.508 0.456 0.405 0.356 0.309 0.264 0.220 0.177 0.136 0.097 0.061 0.052 0.044 0.037 0.043 0.049 0.056 0.063 0.070 0.078 0.086 0.095 0.104 0.117
6.588 7.536 8.486 9.438 10.391 11.345 12.301 13.259 14.218 15.091 15.500 15.917 16.341 16.772 17.210 17.656 18.109 18.569 19.037 19.512 19.994 20.296 18.835 17.367 15.891 14.407 12.916 11.418 9.912 8.399 6.878 5.350 3.815 2.319 2.138 1.962 1.792 1.628 1.470 1.317 1.169 1.027 0.891 0.761 0.636 0.516 0.465 0.417 0.370 0.326 0.282 0.241 0.201 0.170 0.159 0.142 0.117 0.085 0.087 0.094 0.101 0.108 0.115 0.123 0.132 0.141 0.150 0.159 0.169 0.180 0.194
6.041 6.995 7.951 8.908 9.866 10.826 11.788 12.751 13.715 14.678 15.113 15.555 16.005 16.462 16.926 17.398 17.877 18.363 18.856 19.357 19.865 20.380 18.995 17.500 15.997 14.487 12.969 11.444 9.912 8.372 6.825 5.270 3.708 2.139 1.824 1.668 1.518 1.374 1.235 1.101 0.974 0.852 0.735 0.624 0.519 0.419 0.392 0.405 0.412 0.412 0.404 0.390 0.369 0.340 0.305 0.262 0.212 0.156 0.148 0.156 0.164 0.173 0.181 0.191 0.200 0.211 0.221 0.232 0.243 0.255 0.271
5.493 6.453 7.414 8.376 9.341 10.306 11.273 12.242 13.212 14.183 14.718 15.187 15.662 16.145 16.635 17.133 17.637 18.149 18.668 19.195 19.729 20.270 19.162 17.641 16.111 14.575 13.031 11.479 9.920 8.354 6.780 5.199 3.610 2.014 1.505 1.369 1.239 1.114 0.995 0.914 0.865 0.825 0.793 0.769 0.753 0.746 0.742 0.731 0.712 0.687 0.655 0.616 0.570 0.517 0.457 0.389 0.315 0.234 0.208 0.217 0.227 0.237 0.247 0.258 0.269 0.280 0.292 0.304 0.316 0.329 0.346
4.944 5.909 6.876 7.844 8.814 9.785 10.757 11.732 12.707 13.684 14.316 14.810 15.312 15.821 16.336 16.860 17.390 17.928 18.473 19.025 19.585 20.152 19.338 17.790 16.234 14.671 13.100 11.522 9.936 8.343 6.743 5.135 3.538 1.972 1.321 1.260 1.208 1.163 1.127 1.099 1.079 1.068 1.064 1.069 1.082 1.103 1.098 1.062 1.019 0.970 0.913 0.849 0.778 0.700 0.615 0.523 0.424 0.318 0.268 0.278 0.289 0.300 0.312 0.324 0.336 0.349 0.362 0.376 0.389 0.404 0.421
4.394 5.364 6.337 7.310 8.286 9.262 10.241 11.220 12.201 13.184 13.907 14.427 14.954 15.488 16.030 16.579 17.136 17.699 18.270 18.848 19.433 20.026 19.522 17.947 16.364 14.669 12.996 11.354 9.742 8.161 6.611 5.091 3.603 2.145 1.354 1.322 1.298 1.283 1.275 1.276 1.285 1.302 1.327 1.360 1.402 1.451 1.461 1.401 1.333 1.258 1.177 1.088 0.993 0.890 0.780 0.664 0.540 0.410 0.327 0.339 0.351 0.364 0.377 0.390 0.403 0.418 0.432 0.447 0.462 0.477 0.496
3.842 4.819 5.796 6.776 7.757 8.739 9.723 10.708 11.694 12.683 13.490 14.036 14.589 15.149 15.717 16.291 16.873 17.446 17.901 18.341 18.767 19.179 18.828 17.171 15.544 13.948 12.383 10.848 9.344 7.871 6.429 5.017 3.636 2.286 1.379 1.376 1.381 1.394 1.415 1.444 1.482 1.527 1.581 1.643 1.713 1.791 1.831 1.745 1.653 1.554 1.448 1.334 1.214 1.087 0.952 0.811 0.663 0.508 0.386 0.399 0.413 0.426 0.441 0.455 0.470 0.486 0.501 0.517 0.534 0.551 0.570
3.290 4.272 5.255 6.240 7.226 8.214 9.203 10.194 11.186 12.180 13.049 13.553 14.043 14.519 14.981 15.428 15.862 16.281 16.686 17.076 17.453 17.815 17.753 16.203 14.685 13.196 11.739 10.312 8.916 7.550 6.216 4.912 3.638 2.396 1.396 1.422 1.455 1.496 1.546 1.604 1.670 1.744 1.826 1.917 2.015 2.122 2.206 2.097 1.980 1.856 1.725 1.587 1.442 1.290 1.131 0.965 0.792 0.612 0.445 0.459 0.474 0.489 0.504 0.520 0.537 0.553 0.570 0.588 0.605 0.624 0.643
2.736 3.724 4.713 5.728 6.747 7.738 8.702 9.639 10.549 11.432 12.248 12.702 13.143 13.569 13.981 14.379 14.762 15.132 15.487 15.828 16.155 16.468 16.647 15.206 13.794 12.414 11.064 9.745 8.456 7.199 5.971 4.775 3.609 2.474 1.405 1.459 1.520 1.591 1.669 1.755 1.850 1.952 2.063 2.182 2.309 2.444 2.587 2.454 2.313 2.164 2.009 1.846 1.677 1.500 1.317 1.126 0.928 0.724 0.512 0.518 0.534 0.551 0.568 0.585 0.602 0.620 0.639 0.658 0.681 0.708 0.737
2.622 3.626 4.604 5.554 6.477 7.373 8.242 9.084 9.899 10.687 11.448 11.868 12.259 12.635 12.998 13.346 13.680 14.000 14.305 14.597 14.874 15.137 15.386 14.178 12.874 11.601 10.359 9.147 7.966 6.816 5.696 4.607 3.549 2.521 1.524 1.487 1.578 1.676 1.783 1.898 2.021 2.152 2.291 2.439 2.594 2.758 2.929 2.819 2.653 2.479 2.299 2.112 1.918 1.717 1.509 1.293 1.071 0.842 0.606 0.577 0.589 0.601 0.616 0.635 0.656 0.681 0.708 0.739 0.773 0.811 0.851
2.763 3.672 4.554 5.409 6.237 7.038 7.812 8.559 9.279 9.972 10.638 11.050 11.391 11.718 12.031 12.330 12.614 12.884 13.140 13.382 13.610 13.824 14.023 13.119 11.923 10.758 9.623 8.519 7.445 6.402 5.390 4.408 3.457 2.537 1.647 1.507 1.626 1.754 1.889 2.032 2.184 2.343 2.511 2.687 2.871 3.063 3.263 3.190 2.999 2.801 2.596 2.384 2.166 1.933 1.692 1.443 1.185 0.920 0.646 0.570 0.590 0.613 0.639 0.669 0.701 0.737 0.775 0.817 0.862 0.910 0.962
2.932 3.747 4.534 5.294 6.027 6.733 7.412 8.065 8.690 9.288 9.859 10.249 10.540 10.818 11.081 11.330 11.565 11.785 11.992 12.184 12.362 12.527 12.677 12.030 10.942 9.884 8.856 7.860 6.893 5.958 5.053 4.178 3.334 2.521 1.738 1.519 1.667 1.822 1.986 2.158 2.338 2.526 2.722 2.926 3.139 3.359 3.586 3.558 3.336 3.107 2.869 2.624 2.370 2.109 1.839 1.562 1.276 0.982 0.681 0.557 0.588 0.622 0.659 0.700 0.743 0.790 0.839 0.892 0.948 1.007 1.069
3.131 3.851 4.543 5.208 5.847 6.458 7.042 7.600 8.130 8.633 9.110 9.464 9.705 9.933 10.147 10.346 10.532 10.703 10.860 11.003 11.132 11.246 11.347 10.911 9.930 8.979 8.059 7.170 6.311 5.482 4.684 3.917 3.180 2.474 1.799 1.523 1.699 1.883 2.082 2.321 2.557 2.790 3.018 3.243 3.465 3.682 3.896 3.910 3.660 3.402 3.137 2.863 2.581 2.292 1.994 1.688 1.375 1.053 0.723 0.542 0.584 0.629 0.677 0.728 0.782 0.840 0.900 0.964 1.031 1.100 1.174
3.360 3.984 4.582 5.152 5.696 6.212 6.702 7.165 7.600 8.009 8.391 8.695 8.887 9.065 9.230 9.380 9.515 9.637 9.745 9.838 9.918 9.983 10.034 9.762 8.888 8.045 7.232 6.449 5.697 4.976 4.285 3.666 3.146 2.621 2.089 1.796 2.034 2.268 2.498 2.725 2.948 3.168 3.383 3.595 3.804 4.009 4.210 4.269 3.991 3.705 3.412 3.110 2.800 2.482 2.156 1.823 1.481 1.131 0.773 0.523 0.576 0.632 0.691 0.753 0.818 0.886 0.958 1.032 1.110 1.191 1.275
3.617 4.147 4.650 5.126 5.574 5.996 6.391 6.759 7.100 7.414 7.702 7.942 8.085 8.214 8.329 8.429 8.516 8.588 8.646 8.690 8.720 8.736 8.738 8.582 7.940 7.442 6.938 6.427 5.911 5.388 4.859 4.323 3.782 3.234 2.679 2.254 2.479 2.700 2.918 3.132 3.342 3.548 3.751 3.951 4.146 4.338 4.526 4.636 4.330 4.016 3.694 3.364 3.026 2.680 2.327 1.965 1.595 1.217 0.831 0.501 0.565 0.632 0.702 0.775 0.851 0.930 1.012 1.098 1.186 1.278 1.373
3.904 4.339 4.747 5.128 5.483 5.810 6.110 6.384 6.630 6.850 7.043 7.206 7.299 7.379 7.444 7.495 7.532 7.688 7.927 8.178 8.441 8.717 9.005 9.272 8.758 8.238 7.712 7.179 6.640 6.095 5.544 4.986 4.422 3.852 3.276 2.715 2.927 3.136 3.340 3.541 3.739 3.933 4.123 4.309 4.492 4.671 4.846 5.010 4.676 4.334 3.984 3.626 3.260 2.886 2.505 2.115 1.717 1.311 0.897 0.477 0.551 0.629 0.710 0.793 0.881 0.971 1.064 1.160 1.260 1.362 1.468
4.220 4.560 4.874 5.161 5.420 5.653 5.859 6.038 6.190 6.315 6.505 6.715 6.924 7.145 7.377 7.622 7.880 8.149 8.431 8.725 9.031 9.350 9.681 10.024 9.582 9.040 8.491 7.937 7.376 6.808 6.235 5.655 5.069 4.477 3.878 3.273 3.379 3.574 3.766 3.954 4.139 4.320 4.497 4.670 4.840 5.007 5.169 5.328 5.030 4.660 4.282 3.896 3.502 3.100 2.690 2.272 1.846 1.413 0.971 0.521 0.534 0.623 0.715 0.809 0.907 1.008 1.112 1.220 1.330 1.443 1.560
4.565 4.811 5.030 5.232 5.436 5.642 5.849 6.058 6.269 6.482 6.696 6.912 7.156 7.420 7.695 7.984 8.284 8.596 8.921 9.258 9.608 9.969 10.343 10.729 10.412 9.847 9.277 8.700 8.116 7.527 6.931 6.329 5.721 5.107 4.486 3.859 3.833 4.016 4.195 4.370 4.542 4.710 4.874 5.035 5.192 5.345 5.495 5.641 5.392 4.994 4.588 4.173 3.751 3.321 2.883 2.438 1.984 1.522 1.052 0.574 0.514 0.614 0.716 0.822 0.931 1.043 1.158 1.355 1.678 1.999 2.317
4.758 4.963 5.169 5.377 5.588 5.799 6.013 6.228 6.445 6.664 6.885 7.107 7.374 7.681 8.000 8.331 8.674 9.030 9.398 9.778 10.170 10.574 10.991 11.420 11.247 10.660 10.067 9.468 8.863 8.251 7.634 7.009 6.379 5.743 5.100 4.451 4.291 4.461 4.627 4.789 4.948 5.103 5.255 5.403 5.547 5.688 5.825 5.958 5.761 5.335 4.900 4.458 4.008 3.550 3.085 2.611 2.129 1.639 1.141 0.635 0.604 0.935 1.264 1.590 1.914 2.235 2.555 2.872 3.186 3.499 3.809
4.882 5.093 5.306 5.521 5.737 5.955 6.175 6.396 6.619 6.844 7.071 7.299 7.579 7.929 8.291 8.665 9.051 9.449 9.860 10.283 10.718 11.166 11.626 12.097 12.088 11.479 10.864 10.243 9.615 8.981 8.341 7.695 7.043 6.384 5.719 5.048 4.752 4.909 5.062 5.212 5.358 5.500 5.639 5.774 5.905 6.033 6.157 6.277 6.137 5.683 5.221 4.751 4.273 3.870 3.532 3.214 2.917 2.641 2.385 2.150 2.179 2.501 2.822 3.140 3.455 3.769 4.080 4.388 4.695 4.999 5.300
5.005 5.222 5.441 5.662 5.884 6.108 6.334 6.562 6.791 7.022 7.255 7.490 7.770 8.163 8.568 8.985 9.414 9.855 10.309 10.775 11.253 11.743 12.246 12.761 12.934 12.303 11.666 11.022 10.373 9.717 9.055 8.387 7.712 7.032 6.345 5.651 5.215 5.360 5.500 5.637 5.770 5.900 6.026 6.148 6.266 6.381 6.530 6.693 6.685 6.315 5.966 5.638 5.330 5.043 4.777 4.531 4.305 4.100 3.916 3.752 3.754 4.068 4.380 4.689 4.997 5.302 5.605 5.905 6.203 6.499 6.792
5.125 5.349 5.574 5.800 6.029 6.259 6.491 6.725 6.961 7.198 7.437 7.678 7.948 8.384 8.831 9.291 9.763 10.248 10.744 11.253 11.774 12.307 12.853 13.410 13.786 13.133 12.473 11.808 11.136 10.458 9.774 9.084 8.387 7.685 6.976 6.260 5.682 5.814 5.941 6.092 6.248 6.406 6.566 6.728 6.891 7.056 7.224 7.393 7.479 7.181 6.904 6.647 6.411 6.195 6.000 5.825 5.671 5.538 5.425 5.332 5.328 5.634 5.938 6.239 6.538 6.835 7.130 7.422 7.712 7.999 8.284
5.251 5.473 5.704 5.937 6.172 6.408 6.646 6.886 7.128 7.371 7.617 7.864 8.112 8.591 9.081 9.584 10.099 10.626 11.166 11.717 12.281 12.857 13.445 14.046 14.643 13.968 13.287 12.599 11.905 11.205 10.499 9.785 9.019 8.282 7.573 6.894 6.262 6.418 6.577 6.738 6.900 7.065 7.231 7.399 7.569 7.741 7.914 8.090 8.252 8.026 7.820 7.635 7.470 7.325 7.202 7.098 7.015 6.953 6.911 6.890 6.903 7.201 7.496 7.789 8.080 8.369 8.655 8.939 9.220 9.499 9.776
5.477 5.595 5.832 6.072 6.312 6.555 6.799 7.045 7.293 7.543 7.794 8.047 8.302 8.784 9.317 9.863 10.421 10.991 11.573 12.168 12.774 13.393 14.024 14.667 15.292 14.608 13.769 12.960 12.179 11.427 10.704 10.009 9.344 8.707 8.099 7.519 6.968 7.048 7.214 7.381 7.550 7.720 7.893 8.067 8.244 8.422 8.602 8.784 8.968 8.849 8.715 8.600 8.507 8.434 8.381 8.349 8.338 8.347 8.376 8.426 8.497 8.768 9.055 9.340 9.622 9.902 10.180 10.456 10.729 11.000 11.269
5.729 5.715 5.959 6.204 6.451 6.700 6.950 7.202 7.456 7.712 7.969 8.229 8.490 8.964 9.540 10.129 10.729 11.308 11.809 12.301 12.783 13.257 13.721 14.177 14.623 14.200 13.462 12.753 12.072 11.421 10.798 10.204 9.638 9.102 8.594 8.114 7.664 7.676 7.847 8.021 8.196 8.373 8.552 8.733 8.916 9.100 9.287 9.475 9.665 9.651 9.588 9.545 9.523 9.521 9.539 9.579 9.638 9.719 9.819 9.940 10.082 10.334 10.613 10.890 11.164 11.436 11.706 11.973 12.238 12.501 12.761
6.006 5.833 6.083 6.334 6.587 6.842 7.099 7.357 7.617 7.879 8.174 8.431 8.585 8.903 9.409 9.905 10.393 10.871 11.340 11.801 12.252 12.693 13.126 13.550 13.964 13.762 13.125 12.516 11.936 11.385 10.862 10.368 9.903 9.466 9.059 8.680 8.329 8.300 8.478 8.658 8.840 9.023 9.209 9.396 9.585 9.776 9.969 10.164 10.360 10.431 10.439 10.468 10.517 10.586 10.676 10.786 10.917 11.068 11.240 11.432 11.645 11.901 12.172 12.440 12.706 12.970 13.231 13.490 13.747 14.002 14.254
6.309 5.949 6.204 6.738 7.352 7.865 8.275 8.582 8.787 8.890 8.891 8.789 8.584 8.603 9.078 9.542 9.998 10.445 10.882 11.311 11.730 12.140 12.541 12.933 13.316 13.296 12.758 12.250 11.770 11.319 10.896 10.503 10.138 9.801 9.494 9.215 8.964 8.922 9.106 9.292 9.480 9.670 9.862 10.056 10.252 10.449 10.648 10.850 11.052 11.190 11.269 11.369 11.489 11.630 11.791 11.972 12.174 12.397 12.640 12.903 13.187 13.468 13.730 13.991 14.248 14.504 14.757 15.008 15.190 15.273 15.363
9.158 9.256 9.717 10.075 10.330 10.484 10.535 10.484 10.330 10.075 9.716 9.256 8.694 8.314 8.756 9.190 9.614 10.029 10.434 10.831 11.219 11.597 11.967 12.327 12.678 12.800 12.363 11.954 11.575 11.224 10.901 10.608 10.343 10.106 9.899 9.720 9.570 9.540 9.731 9.924 10.119 10.315 10.513 10.713 10.915 11.119 11.325 11.532 11.742 11.928 12.078 12.249 12.440 12.652 12.884 13.137 13.410 13.703 14.017 14.351 14.706 14.937 14.995 15.060 15.132 15.211 15.297 15.390 15.490 15.598 15.712
13.192 13.418 13.520 13.519 13.416 13.211 12.904 12.494 11.982 11.368 10.652 9.834 8.913 8.035 8.445 8.847 9.239 9.623 9.997 10.362 10.718 11.064 11.402 11.731 12.050 12.275 11.938 11.629 11.350 11.099 10.877 10.683 10.518 10.382 10.274 10.195 10.145 10.157 10.354 10.553 10.754 10.957 11.161 11.368 11.576 11.786 11.999 12.212 12.428 12.644 12.866 13.108 13.370 13.653 13.940 14.196 14.419 14.610 14.769 14.895 14.990 15.058 15.140 15.230 15.326 15.430 15.541 15.659 15.783 15.915 16.054
