DATA/SHG/ECMWF/20170628/EN-29/20170712.en-29.asc
ncols        190
nrows        64
xllcorner    -5100000.000000000000
yllcorner    4130000.000000000000
cellsize     10000.000000000000
NODATA_value  -99999.000
[rows 0 to 31 of 64, columns 0 to 71 of 190]
1.271 1.276 1.279 1.281 1.283 1.283 1.283 1.281 1.278 1.355 1.462 1.577 1.698 1.825 1.960 2.101 2.249 2.403 2.565 2.737 2.883 2.833 2.700 2.566 2.432 2.297 2.162 2.026 1.890 1.753 1.615 1.477 1.338 1.395 1.574 1.744 1.906 2.059 2.205 2.343 2.472 2.594 2.707 2.812 2.909 2.885 2.767 2.660 2.565 2.480 2.406 2.343 2.291 2.250 2.221 2.202 2.194 2.392 2.840 3.312 3.808 4.326 4.868 5.433 6.022 6.634 7.269 7.927 8.609 8.845 8.313 7.758
1.152 1.153 1.153 1.152 1.150 1.147 1.143 1.138 1.132 1.206 1.337 1.475 1.758 2.013 2.238 2.430 2.591 2.721 2.819 2.886 2.921 2.854 2.719 2.584 2.447 2.311 2.173 2.035 1.896 1.757 1.617 1.477 1.336 1.332 1.482 1.624 1.757 1.882 2.000 2.109 2.210 2.303 2.388 2.465 2.533 2.537 2.458 2.390 2.333 2.287 2.251 2.227 2.214 2.212 2.221 2.240 2.271 2.464 2.994 3.548 4.125 4.726 5.350 5.997 6.667 7.361 8.078 8.818 9.581 10.021 9.409 8.774
1.034 1.031 1.028 1.023 1.059 1.265 1.468 1.670 1.870 2.098 2.337 2.544 2.720 2.864 2.977 3.058 3.108 3.126 3.113 3.068 2.992 2.877 2.740 2.602 2.463 2.324 2.185 2.045 1.904 1.762 1.620 1.478 1.335 1.278 1.399 1.512 1.617 1.714 1.803 1.883 1.956 2.021 2.077 2.125 2.166 2.178 2.138 2.109 2.090 2.083 2.086 2.101 2.126 2.163 2.210 2.268 2.338 2.513 3.125 3.761 4.420 5.102 5.808 6.537 7.289 8.064 8.863 9.685 10.399 10.904 10.157 9.461
1.650 1.856 2.061 2.263 2.464 2.663 2.860 3.055 3.248 3.427 3.554 3.650 3.714 3.747 3.749 3.719 3.657 3.564 3.440 3.284 3.097 2.900 2.761 2.621 2.480 2.339 2.197 2.055 1.912 1.768 1.624 1.479 1.334 1.231 1.324 1.409 1.485 1.554 1.614 1.666 1.711 1.747 1.775 1.795 1.807 1.810 1.808 1.817 1.837 1.868 1.910 1.963 2.027 2.102 2.188 2.285 2.393 2.539 3.233 3.951 4.698 5.523 6.314 7.070 7.793 8.481 9.135 9.755 10.340 10.892 10.344 9.828
3.082 3.281 3.479 3.675 3.869 4.061 4.251 4.440 4.626 4.788 4.804 4.788 4.741 4.663 4.553 4.412 4.239 4.035 3.800 3.533 3.234 2.924 2.782 2.640 2.497 2.354 2.210 2.066 1.921 1.775 1.628 1.482 1.334 1.193 1.258 1.314 1.362 1.402 1.434 1.458 1.474 1.482 1.481 1.473 1.456 1.432 1.467 1.515 1.574 1.643 1.724 1.816 1.918 2.070 2.361 2.672 3.002 3.352 4.118 4.891 5.631 6.336 7.006 7.643 8.246 8.814 9.348 9.848 10.314 10.746 10.482 10.146
4.513 4.706 4.897 5.086 5.274 5.459 5.643 5.824 6.004 6.181 6.085 5.959 5.800 5.611 5.390 5.138 4.854 4.539 4.192 3.814 3.405 2.964 2.804 2.660 2.515 2.370 2.224 2.077 1.930 1.782 1.634 1.484 1.335 1.185 1.200 1.228 1.247 1.259 1.263 1.258 1.246 1.225 1.196 1.160 1.115 1.062 1.169 1.392 1.635 1.898 2.180 2.481 2.801 3.141 3.501 3.879 4.277 4.695 5.321 5.975 6.594 7.179 7.731 8.248 8.730 9.179 9.594 9.974 10.321 10.633 10.572 10.415
5.945 6.131 6.315 6.498 6.678 6.857 7.034 7.209 7.382 7.553 7.399 7.161 6.892 6.591 6.259 5.896 5.501 5.075 4.618 4.129 3.609 3.057 2.827 2.681 2.534 2.386 2.238 2.089 1.940 1.790 1.639 1.488 1.336 1.184 1.150 1.150 1.141 1.124 1.100 1.156 1.264 1.355 1.429 1.486 1.526 1.550 1.744 2.036 2.347 2.677 3.027 3.396 3.785 4.192 4.620 5.066 5.532 6.017 6.556 7.090 7.589 8.055 8.486 8.884 9.247 9.576 9.872 10.133 10.360 10.553 10.613 10.636
7.376 7.555 7.733 7.909 8.082 8.254 8.425 8.593 8.760 8.924 8.745 8.396 8.016 7.604 7.161 6.687 6.182 5.645 5.076 4.477 3.846 3.183 2.851 2.702 2.553 2.403 2.253 2.102 1.950 1.798 1.646 1.492 1.479 1.504 1.600 1.733 1.849 1.948 2.030 2.095 2.144 2.175 2.189 2.187 2.167 2.131 2.300 2.659 3.038 3.436 3.854 4.291 4.747 5.223 5.718 6.232 6.766 7.318 7.822 8.236 8.616 8.962 9.274 9.552 9.796 10.006 10.181 10.323 10.431 10.504 10.605 10.808
8.807 8.980 9.151 9.320 9.487 9.652 9.816 9.977 10.137 10.295 10.123 9.663 9.172 8.649 8.096 7.511 6.894 6.247 5.568 4.857 4.116 3.343 2.875 2.724 2.573 2.628 2.687 2.737 2.776 2.806 2.825 2.835 2.835 2.824 2.854 2.927 2.983 3.023 3.045 3.051 3.039 3.011 2.965 2.903 2.824 2.728 2.835 3.262 3.709 4.175 4.660 5.165 5.689 6.232 6.795 7.377 7.978 8.599 9.119 9.413 9.674 9.901 10.093 10.252 10.376 10.467 10.523 10.546 10.534 10.489 10.549 10.931
10.238 10.404 10.568 10.730 10.891 11.049 11.206 11.361 11.514 11.666 11.532 10.962 10.360 9.727 9.062 8.367 7.640 6.888 6.193 5.548 4.953 4.407 4.107 4.161 4.205 4.239 4.263 4.277 4.281 4.276 4.260 4.234 4.198 4.153 4.124 4.137 4.134 4.113 4.076 4.022 3.950 3.862 3.757 3.635 3.497 3.341 3.349 3.845 4.359 4.893 5.446 6.019 6.610 7.221 7.852 8.501 9.170 9.858 10.447 10.622 10.763 10.871 10.944 10.983 10.988 10.960 10.897 10.800 10.670 10.505 10.444 11.005
11.669 11.828 11.985 12.141 12.295 12.447 12.597 12.745 12.892 13.036 12.897 12.030 11.212 10.444 9.725 9.057 8.437 7.868 7.347 6.877 6.456 6.084 5.833 5.851 5.860 5.859 5.847 5.826 5.795 5.754 5.702 5.641 5.570 5.489 5.409 5.362 5.299 5.219 5.122 5.008 4.878 4.730 4.565 4.384 4.186 3.970 3.844 4.407 4.989 5.591 6.212 6.852 7.511 8.190 8.888 9.605 10.341 11.097 11.806 11.862 11.884 11.872 11.826 11.746 11.632 11.485 11.303 11.087 10.837 10.554 10.292 11.031
13.099 13.252 13.403 13.408 13.288 13.173 13.062 12.957 12.856 12.760 12.602 11.910 11.266 10.673 10.129 9.634 9.189 8.793 8.447 8.151 7.904 7.706 7.566 7.549 7.523 7.486 7.439 7.383 7.316 7.240 7.153 7.057 6.951 6.834 6.709 6.603 6.481 6.341 6.184 6.011 5.821 5.613 5.389 5.148 4.891 4.616 4.324 4.949 5.599 6.268 6.957 7.664 8.391 9.138 9.903 10.688 11.492 12.315 13.158 13.133 13.036 12.905 12.740 12.541 12.308 12.041 11.741 11.444 11.190 10.964 10.765 11.609
13.192 13.075 12.962 12.854 12.751 12.653 12.559 12.471 12.387 12.308 12.234 11.737 11.268 10.848 10.478 10.158 9.887 9.665 9.493 9.371 9.298 9.274 9.300 9.256 9.194 9.122 9.040 8.948 8.846 8.734 8.613 8.481 8.339 8.188 8.026 7.860 7.678 7.478 7.262 7.029 6.780 6.513 6.229 5.929 5.612 5.277 4.926 5.471 6.189 6.926 7.682 8.457 9.251 10.065 10.898 11.750 12.622 13.512 14.422 14.436 14.111 13.760 13.437 13.142 12.874 12.633 12.421 12.236 12.079 11.949 11.847 12.524
12.583 12.482 12.386 12.296 12.210 12.128 12.052 11.980 11.913 11.851 11.794 11.510 11.216 10.970 10.774 10.628 10.531 10.483 10.485 10.536 10.637 10.787 10.987 10.970 10.873 10.765 10.648 10.521 10.384 10.237 10.080 9.913 9.736 9.550 9.353 9.132 8.890 8.631 8.356 8.063 7.754 7.428 7.085 6.725 6.349 5.955 5.545 5.973 6.758 7.562 8.386 9.229 10.091 10.895 11.663 12.406 13.124 13.817 14.485 14.481 14.200 13.945 13.719 13.520 13.349 13.205 13.089 13.001 12.940 12.907 12.901 13.451
11.968 11.885 11.806 11.732 11.663 11.599 11.540 11.485 11.435 11.390 11.350 11.231 11.111 11.039 11.017 11.044 11.121 11.247 11.423 11.647 11.922 12.246 12.619 12.692 12.560 12.417 12.265 12.102 11.930 11.748 11.556 11.354 11.142 10.920 10.688 10.419 10.118 9.800 9.465 9.113 8.745 8.359 7.957 7.538 7.102 6.649 6.225 6.545 7.376 8.183 8.964 9.720 10.450 11.156 11.836 12.491 13.121 13.726 14.306 14.446 14.261 14.104 13.974 13.871 13.796 13.749 13.730 13.738 13.774 13.837 13.928 14.389
11.350 11.283 11.222 11.165 11.113 11.066 11.023 10.986 10.953 10.925 10.901 10.900 10.952 11.055 11.206 11.407 11.658 11.957 12.306 12.705 13.153 13.650 14.196 14.423 14.255 14.077 13.889 13.692 13.484 13.267 13.039 12.802 12.555 12.298 12.031 11.723 11.362 10.984 10.565 10.016 9.502 9.024 8.583 8.178 7.809 7.476 7.179 7.358 8.102 8.820 9.513 10.181 10.823 11.441 12.033 12.601 13.143 13.660 14.152 14.385 14.296 14.235 14.201 14.195 14.217 14.266 14.343 14.448 14.580 14.739 14.927 15.339
10.727 10.677 10.633 10.593 10.558 10.528 10.502 10.481 10.466 10.455 10.448 10.515 10.741 11.017 11.342 11.717 12.141 12.614 13.136 13.708 14.329 15.000 15.719 16.161 15.958 15.745 15.522 15.289 15.047 14.794 14.532 14.172 13.611 13.056 12.505 11.956 11.424 10.929 10.469 10.046 9.659 9.308 8.993 8.715 8.472 8.266 8.096 8.195 8.851 9.481 10.086 10.666 11.221 11.750 12.255 12.734 13.189 13.618 14.022 14.296 14.304 14.339 14.402 14.493 14.611 14.756 14.930 15.130 15.359 15.615 15.898 16.301
10.100 10.067 10.039 10.017 9.998 9.985 9.977 9.973 9.974 9.980 9.991 10.078 10.478 10.927 11.426 11.973 12.571 13.217 13.913 14.658 15.452 16.295 17.188 17.907 17.510 16.932 16.360 15.792 15.229 14.671 14.118 13.570 13.027 12.488 11.955 11.443 11.038 10.669 10.337 10.040 9.779 9.555 9.367 9.215 9.099 9.019 8.975 9.056 9.624 10.166 10.683 11.175 11.642 12.084 12.501 12.892 13.259 13.600 13.917 14.181 14.285 14.417 14.576 14.763 14.977 15.219 15.489 15.786 16.110 16.462 16.842 17.275
9.468 9.452 9.442 9.436 9.435 9.438 9.447 9.460 9.478 9.501 9.528 9.588 10.161 10.784 11.455 12.177 12.947 13.677 14.348 14.998 15.628 16.238 16.827 17.350 16.785 16.224 15.669 15.118 14.572 14.032 13.496 12.964 12.438 11.917 11.400 10.894 10.616 10.374 10.167 9.997 9.863 9.765 9.703 9.678 9.688 9.734 9.817 9.941 10.420 10.875 11.304 11.708 12.088 12.442 12.771 13.075 13.353 13.607 13.836 14.040 14.240 14.468 14.723 15.006 15.317 15.655 16.021 16.414 16.834 17.282 17.758 18.261
8.832 8.833 8.839 8.850 8.866 8.887 8.912 8.942 8.977 9.017 9.129 9.242 9.903 10.605 11.286 11.947 12.587 13.207 13.806 14.385 14.943 15.480 15.997 16.493 16.056 15.512 14.974 14.440 13.912 13.388 12.869 12.355 11.846 11.341 10.842 10.347 10.158 10.042 9.962 9.918 9.910 9.939 10.003 10.103 10.240 10.413 10.621 10.866 11.241 11.607 11.949 12.265 12.557 12.823 13.065 13.281 13.472 13.639 13.780 13.896 14.168 14.492 14.844 15.223 15.630 16.064 16.525 17.015 17.531 18.075 18.647 19.246
8.191 8.210 8.233 8.421 8.593 8.747 8.885 9.006 9.110 9.196 9.266 9.318 9.816 10.446 11.055 11.644 12.212 12.760 13.287 13.794 14.280 14.745 15.190 15.614 15.323 14.796 14.275 13.759 13.247 12.740 12.238 11.741 11.249 10.762 10.279 9.801 9.663 9.673 9.720 9.802 9.921 10.075 10.266 10.492 10.755 11.054 11.389 11.759 12.085 12.364 12.618 12.847 13.050 13.229 13.383 13.512 13.616 13.694 13.748 13.777 14.069 14.490 14.937 15.413 15.915 16.445 17.003 17.533 17.981 18.425 18.867 19.305
8.557 8.720 8.866 8.995 9.107 9.202 9.279 9.340 9.384 9.411 9.421 9.413 9.751 10.309 10.846 11.363 11.860 12.335 12.790 13.225 13.639 14.033 14.405 14.758 14.586 14.077 13.572 13.073 12.578 12.088 11.603 11.123 10.648 10.178 9.712 9.252 9.132 9.269 9.441 9.650 9.895 10.175 10.492 10.845 11.233 11.658 12.119 12.615 12.952 13.144 13.310 13.452 13.568 13.659 13.726 13.767 13.783 13.774 13.741 13.682 13.927 14.387 14.843 15.296 15.745 16.192 16.635 17.075 17.512 17.945 18.375 18.802
9.328 9.431 9.517 9.586 9.639 9.674 9.692 9.693 9.677 9.644 9.594 9.526 9.708 10.194 10.660 11.105 11.529 11.933 12.316 12.679 13.021 13.343 13.644 13.924 13.845 13.353 12.865 12.383 11.905 11.433 10.965 10.502 10.043 9.590 9.141 8.698 8.565 8.828 9.126 9.461 9.832 10.239 10.681 11.160 11.674 12.225 12.812 13.434 13.844 13.948 14.027 14.080 14.109 14.045 13.934 13.825 13.718 13.611 13.505 13.401 13.551 13.999 14.444 14.886 15.325 15.760 16.192 16.621 17.046 17.468 17.887 18.303
10.117 10.161 10.187 10.196 10.188 10.163 10.122 10.063 9.987 9.894 9.785 9.658 9.688 10.102 10.495 10.868 11.221 11.553 11.864 12.155 12.425 12.675 12.905 13.113 13.100 12.625 12.155 11.689 11.229 10.773 10.322 9.876 9.435 8.998 8.567 8.140 7.962 8.351 8.775 9.236 9.733 10.265 10.834 11.438 12.079 12.755 13.360 13.925 14.271 14.159 14.049 13.939 13.831 13.723 13.617 13.513 13.409 13.306 13.205 13.105 13.178 13.616 14.049 14.480 14.907 15.331 15.752 16.170 16.584 16.995 17.403 17.807
10.924 10.907 10.874 10.823 10.756 10.671 10.570 10.451 10.316 10.163 9.994 9.807 9.689 10.031 10.353 10.654 10.935 11.195 11.435 11.654 11.852 12.031 12.188 12.325 12.352 11.893 11.440 10.992 10.548 10.109 9.675 9.246 8.822 8.402 7.988 7.578 7.323 7.838 8.388 8.990 9.588 10.176 10.755 11.326 11.887 12.439 12.981 13.515 13.929 13.821 13.714 13.609 13.505 13.402 13.300 13.199 13.100 13.001 12.904 12.808 12.809 13.235 13.658 14.077 14.494 14.907 15.316 15.723 16.126 16.526 16.922 17.316
11.751 11.672 11.579 11.468 11.341 11.197 11.036 10.858 10.662 10.450 10.221 9.975 9.712 9.983 10.233 10.462 10.671 10.859 11.027 11.175 11.302 11.408 11.494 11.560 11.599 11.158 10.721 10.290 9.863 9.441 9.024 8.613 8.274 7.950 7.642 7.348 7.091 7.684 8.268 8.843 9.409 9.966 10.513 11.052 11.581 12.101 12.612 13.114 13.586 13.482 13.380 13.278 13.178 13.079 12.982 12.885 12.790 12.695 12.602 12.510 12.444 12.859 13.270 13.679 14.084 14.485 14.884 15.279 15.671 16.060 16.445 16.828
12.607 12.454 12.301 12.131 11.944 11.740 11.520 11.282 11.027 10.755 10.467 10.161 9.839 9.956 10.134 10.292 10.429 10.546 10.642 10.718 10.773 10.808 10.823 10.817 10.794 10.454 10.076 9.714 9.367 9.036 8.719 8.418 8.132 7.862 7.606 7.366 7.142 7.610 8.162 8.705 9.239 9.764 10.280 10.787 11.285 11.773 12.253 12.723 13.184 13.142 13.044 12.947 12.851 12.756 12.663 12.570 12.479 12.389 12.300 12.212 12.125 12.486 12.886 13.283 13.677 14.068 14.455 14.839 15.220 15.598 15.972 16.343
13.448 13.254 13.041 12.812 12.565 12.302 12.021 11.724 11.410 11.078 10.730 10.365 9.983 9.951 10.058 10.144 10.210 10.251 10.269 10.277 10.276 10.266 10.246 10.217 10.178 9.923 9.599 9.290 8.997 8.718 8.455 8.208 7.975 7.758 7.556 7.369 7.198 7.545 8.065 8.577 9.079 9.573 10.057 10.532 10.998 11.455 11.902 12.341 12.771 12.802 12.708 12.615 12.523 12.432 12.343 12.254 12.167 12.081 11.997 11.913 11.831 12.116 12.505 12.891 13.274 13.653 14.030 14.403 14.772 15.139 15.502 15.862
14.276 14.071 13.799 13.510 13.204 12.881 12.541 12.184 11.810 11.420 10.982 10.508 10.037 9.842 9.865 9.878 9.882 9.877 9.862 9.837 9.803 9.760 9.707 9.644 9.572 9.377 9.106 8.851 8.611 8.386 8.176 7.982 7.802 7.638 7.490 7.356 7.238 7.489 7.978 8.458 8.928 9.390 9.843 10.286 10.720 11.146 11.562 11.969 12.367 12.461 12.371 12.282 12.194 12.108 12.022 11.938 11.855 11.773 11.693 11.613 11.535 11.750 12.128 12.503 12.875 13.243 13.608 13.970 14.328 14.684 15.036 15.385
15.090 14.906 14.575 14.142 13.658 13.177 12.699 12.224 11.751 11.281 10.815 10.350 9.889 9.611 9.601 9.581 9.552 9.513 9.465 9.408 9.341 9.264 9.178 9.082 8.977 8.816 8.598 8.396 8.209 8.038 7.881 7.740 7.614 7.503 7.408 7.328 7.263 7.442 7.900 8.348 8.787 9.217 9.638 10.050 10.452 10.846 11.231 11.606 11.972 12.119 12.033 11.948 11.865 11.782 11.701 11.621 11.542 11.465 11.388 11.313 11.238 11.387 11.754 12.118 12.479 12.836 13.190 13.541 13.886 14.215 14.528 14.822
15.222 14.860 14.381 13.904 13.430 12.959 12.490 12.024 11.562 11.102 10.644 10.190 9.738 9.391 9.348 9.295 9.233 9.161 9.080 8.989 8.889 8.779 8.660 8.531 8.393 8.240 8.075 7.927 7.793 7.674 7.571 7.483 7.411 7.353 7.311 7.284 7.272 7.405 7.831 8.247 8.655 9.053 9.442 9.823 10.194 10.556 10.909 11.253 11.587 11.777 11.695 11.614 11.535 11.456 11.379 11.303 11.229 11.155 11.083 11.011 10.941 11.050 11.440 11.813 12.169 12.507 12.828 13.132 13.419 13.689 13.941 14.176
15.052 14.600 14.130 13.663 13.199 12.737 12.279 11.823 11.369 10.919 10.471 10.027 9.585 9.181 9.105 9.019 8.923 8.819 8.704 8.581 8.447 8.305 8.153 7.991 7.820 7.648 7.537 7.442 7.361 7.296 7.246 7.211 7.192 7.187 7.198 7.224 7.265 7.377 7.771 8.156 8.532 8.899 9.256 9.605 9.945 10.275 10.596 10.909 11.212 11.433 11.356 11.279 11.204 11.130 11.150 11.211 11.240 11.237 11.203 11.136 11.038 11.018 11.349 11.662 11.958 12.236 12.498 12.742 12.969 13.179 13.372 13.548
