DATA/RAW-RASTER/ECMWF/20170628/EN-20/20170707.en-20.asc
ncols			31
nrows			16
xllcorner		69.5
yllcorner		19.5
cellsize		1.0
NODATA_value	-99999
3.04413 1.29700 0.83160 1.63269 5.76782 2.51007 4.18091 4.92859 3.29590 2.93732 1.29700 1.91498 2.75421 1.56403 0.56458 0.27466 0.68665 0.12970 0.00763 0.44250 0.00000 0.00000 0.00000 0.03052 0.08392 0.38147 0.70953 0.33569 0.38910 0.45776 0.32806
0.43488 0.28229 0.14496 2.80762 4.85992 1.51062 2.18964 2.98309 3.25012 2.79999 2.81525 1.83868 2.83813 3.51715 2.44141 2.86102 2.51770 1.57166 1.47247 2.22778 0.73242 1.26648 0.65613 0.50354 0.64850 1.37329 0.86212 1.57928 1.60217 1.96838 5.45502
0.06104 0.19073 0.05341 2.54059 7.29370 10.76508 4.14276 1.57928 0.91553 0.80109 3.89099 1.98364 1.15204 1.77002 0.48065 1.83105 2.04468 7.43103 2.38800 4.91333 1.02234 0.63324 1.95312 2.97546 1.38092 0.95367 1.82343 2.18964 2.10571 6.11877 13.30566
1.06812 0.20599 0.12970 0.96130 2.18964 2.98309 18.14270 12.15363 0.07629 1.20544 2.19727 2.33459 3.21198 5.82123 4.08173 4.18854 5.44739 3.86810 3.77655 4.76837 6.51550 6.50024 2.99072 2.11334 1.21307 0.59509 6.24847 1.25122 1.78528 4.21143 5.95856
4.24194 0.31281 1.65558 0.00000 0.39673 0.91553 1.10626 12.55798 4.63867 1.32751 0.95367 2.44141 1.81580 8.22449 12.90131 6.63757 8.65173 5.58472 8.84247 10.10132 8.25500 3.12042 14.16779 3.49426 5.05829 8.34656 5.46265 1.48773 3.53241 7.02667 10.16998
4.42505 0.32806 1.15967 0.14496 0.01526 0.01526 0.05341 0.00000 0.30518 7.94220 5.83649 8.18634 1.33514 2.08282 2.69318 4.17328 14.48822 2.90680 6.18744 6.19507 18.57758 8.74329 6.17218 7.61414 7.91931 1.83868 4.21143 11.49750 9.09424 8.45337 21.91925
0.19836 0.25940 2.09808 11.29150 0.19073 0.02289 0.03052 0.04578 0.03815 0.05341 0.26703 2.02942 4.47845 5.92041 0.71716 2.73132 3.18909 5.09644 8.63647 6.03485 1.64032 2.69318 7.46918 7.74384 13.34381 3.53241 6.05774 1.55640 9.67407 23.63586 17.05170
1.09863 0.34332 9.72748 3.02887 1.82343 1.30463 2.80762 2.93732 0.89264 0.22888 0.02289 0.00000 0.14496 1.87683 9.33075 4.58527 4.49371 0.27466 0.17548 1.42670 0.41962 11.77216 11.05499 14.17542 6.91223 39.01672 7.07245 4.22668 40.38239 22.84241 29.86908
0.22888 1.05286 8.88824 11.28387 43.06793 18.97430 6.13403 9.48334 3.82233 1.60217 0.03815 0.00000 0.00000 0.03052 0.04578 1.28937 6.28662 4.73022 5.85938 26.34430 17.79938 37.41455 24.71161 32.14264 5.49316 8.68225 16.64734 9.04846 21.91162 13.50403 16.35742
0.00000 2.51770 59.20410 34.56879 24.42932 110.68726 108.22296 27.34375 21.78955 0.11444 0.01526 0.00000 0.00000 0.00000 0.00000 0.00000 0.72479 1.28937 2.32697 7.00378 9.59778 5.49316 6.98090 12.09259 2.38037 2.46429 11.65009 17.92908 9.98688 2.51007 4.72260
0.55695 0.68665 1.41907 3.20435 7.02667 37.15515 24.65057 22.23969 4.55475 0.00763 0.00000 0.21362 0.00000 0.01526 0.00000 0.00000 0.17548 2.38037 4.38690 4.42505 11.71112 13.80157 23.10944 16.05225 1.73950 17.78412 22.72797 43.83850 16.75415 2.63214 5.18036
0.23651 0.05341 1.56403 4.50134 2.10571 0.64087 0.09155 0.19836 0.17548 0.20599 0.16022 1.13678 0.09918 0.41962 0.00763 0.00000 0.00000 0.34332 1.03760 0.73242 1.83105 11.29150 15.39612 3.66211 1.14441 25.98572 38.97858 22.41516 4.76074 6.48499 8.17871
0.74005 1.31989 0.50354 6.05774 3.44086 5.97382 2.61688 3.79944 1.22833 1.35803 8.10242 3.76892 0.48065 0.02289 0.00000 0.00000 0.00000 0.35095 0.68665 2.49481 13.61847 11.77979 12.58087 4.61578 4.06647 14.32037 4.78363 16.50238 7.88116 16.39557 8.85773
1.47247 0.61798 1.20544 2.96021 4.05121 2.25067 1.54877 1.40381 1.60217 0.68665 0.78583 0.07629 0.00763 0.04578 0.00000 0.00000 0.02289 0.01526 0.16022 1.99890 8.11005 10.24628 6.02722 7.75909 1.93787 0.06104 12.10022 6.74438 8.21686 6.31714 9.67407
3.63922 1.86157 1.80054 3.01361 2.79236 1.28937 1.54877 0.77057 0.53406 0.14496 0.48828 0.28992 0.25940 0.07629 0.04578 1.51825 0.06866 0.14496 0.00000 0.35095 0.46539 1.61743 5.68390 6.56128 0.09918 0.06104 0.20599 2.08282 2.30408 7.43866 9.44519
2.34222 2.51770 5.21088 8.39996 4.48608 1.29700 6.59180 3.12042 0.89264 0.45776 0.53406 0.35858 0.25177 0.12970 0.32043 4.32587 10.14709 0.04578 4.35638 0.16022 1.10626 2.58636 5.68390 4.56238 4.50134 0.19073 4.39453 0.99182 0.46539 3.18909 6.63757
