DATA/RAW-RASTER/ECMWF/20170628/EN-20/20170709.en-20.asc
ncols			31
nrows			16
xllcorner		69.5
yllcorner		19.5
cellsize		1.0
NODATA_value	-99999
0.74768 0.46539 2.55585 2.70081 0.34332 0.12207 0.08392 0.09918 0.15259 0.03815 0.46539 0.83923 0.56458 0.32043 0.15259 0.05341 0.10681 0.37384 0.22888 0.61035 0.83923 1.51825 1.64795 0.53406 0.14496 0.00763 0.00000 0.00000 0.00763 0.00000 0.13733
0.15259 0.25940 4.54712 5.90515 3.00598 11.33728 0.51117 1.48010 1.22070 0.61035 3.54767 1.60980 1.99890 0.44250 0.68665 1.11389 1.66321 1.46484 1.31989 1.60980 3.95966 2.05231 3.24249 0.38147 0.46539 0.65613 0.25177 0.28992 0.12207 0.00000 0.06104
0.51117 0.66376 0.75531 5.17273 14.75525 13.13782 2.19727 0.04578 0.40436 0.19836 4.03595 1.57928 1.57928 1.44196 0.89264 1.60980 2.02942 1.03760 2.72369 4.95148 4.55475 2.02179 4.61578 3.71552 2.08282 2.67029 2.77710 0.96130 0.27466 0.21362 0.60272
0.43488 0.00000 0.52643 2.84576 5.56946 2.55585 1.96838 13.99231 0.01526 0.83160 1.13678 1.44196 2.25830 2.95258 1.83105 2.54822 1.97601 2.28882 1.90735 5.55420 8.91113 6.03485 6.01959 6.53839 8.69751 11.62720 14.23645 7.79724 4.92096 4.49371 2.56348
0.51117 0.00000 0.02289 0.30518 2.53296 4.68445 8.14056 1.55640 9.49860 10.00977 2.85339 0.93079 1.95312 5.72205 2.44904 3.17383 7.33948 6.20270 8.34656 5.50079 9.84192 4.88281 16.75415 5.44739 7.44629 13.41248 16.45660 15.50293 8.15582 8.66699 10.95581
0.50354 0.00000 0.00763 0.12207 0.35095 1.47247 3.86810 3.06702 1.06812 5.24902 16.64734 6.24084 5.21851 5.64575 7.67517 4.63867 5.53894 2.84576 4.63104 7.13348 14.97650 15.54871 22.74323 16.55579 18.75305 39.14642 25.32196 20.41626 17.66205 19.34814 17.03644
0.00000 0.00000 0.00000 0.02289 2.59399 1.90735 0.74768 0.74005 2.02942 1.24359 3.34930 4.89807 9.33075 12.10785 4.39453 12.46643 15.59448 15.27405 13.54218 18.10455 14.59503 29.22821 29.33502 25.23041 31.68488 39.36768 23.18573 16.72363 8.10242 16.15906 17.39502
0.00000 0.00763 0.08392 1.23596 1.30463 4.05884 4.80652 1.22833 1.54877 1.47247 2.12097 13.92365 9.84955 29.51050 12.58850 4.50134 13.57269 14.29749 11.91711 9.77325 27.38953 35.30121 10.58960 36.06415 32.39441 38.21564 6.53076 18.41736 53.23792 18.95142 10.65063
0.00000 0.00000 0.00000 0.41199 0.98419 3.08228 9.57489 1.31226 0.85449 1.19019 2.07520 8.59833 26.60370 27.31323 21.96503 36.27014 17.89856 13.51166 9.45282 146.87347 56.20575 36.94916 13.08441 20.91980 4.82178 0.53406 8.25500 17.49420 40.88593 19.31763 12.27570
0.00000 0.00000 0.10681 0.48828 1.79291 2.52533 6.28662 12.22229 1.24359 1.12915 1.64032 3.84521 8.14819 11.07025 10.78796 17.66205 6.65283 16.41083 7.22504 3.18909 5.39398 1.70135 4.12750 1.31226 0.36621 2.45667 19.79065 27.03094 44.56329 9.75800 12.26044
0.15259 0.22888 0.51117 0.61798 2.72369 8.52203 13.84735 10.10895 7.08008 4.43268 3.44086 0.62561 4.59290 9.64355 26.05438 14.25934 6.40106 6.72150 7.89642 7.88116 17.29584 9.20105 23.48328 11.49750 1.58691 17.82990 8.09479 14.75525 38.29193 17.92908 6.82831
0.55695 0.67902 2.24304 6.30951 1.26648 0.51117 0.52643 1.05286 4.73022 4.11987 1.53351 1.95312 13.76343 6.88171 14.12964 9.09424 9.62830 12.42828 2.05231 14.18304 18.98956 8.17108 4.05121 3.61633 2.41852 14.27460 8.91113 8.81958 8.20923 3.03650 7.80487
0.70953 2.05994 0.67902 2.34222 2.41089 2.53296 0.74005 0.94604 1.00708 2.33459 0.90027 1.93024 2.01416 9.74274 20.14923 14.57214 14.78577 2.59399 16.39557 18.09692 9.11713 7.92694 3.21198 11.63483 34.94263 10.93292 0.93842 7.14111 10.98633 6.67572 5.39398
1.66321 1.80817 0.38147 2.44141 5.31769 1.13678 1.32751 1.78528 1.27411 0.79346 5.43976 5.57709 7.26318 13.13019 22.68219 16.53290 3.27301 10.12421 13.89313 12.33673 9.69696 8.33893 4.17328 3.24249 10.53619 0.52643 0.39673 5.31006 5.58472 2.79999 1.99127
2.22015 2.14386 4.15802 4.15802 4.91333 0.94604 0.31281 0.48828 0.51880 0.28992 0.80872 0.62561 7.94220 10.29968 29.68597 22.46857 14.51111 3.31116 6.09589 4.24957 1.80054 5.24139 8.51440 6.36292 0.16785 2.03705 1.47247 1.32751 5.08118 4.72260 8.80432
0.83923 2.76947 5.22614 5.72968 1.27411 2.47955 0.37384 0.80872 0.16785 0.13733 0.16022 0.96130 5.09644 11.10077 3.01361 14.25171 14.65607 1.04523 2.31171 2.10571 2.31171 2.77710 4.96674 11.31439 4.84467 0.64850 1.59454 5.56946 4.58527 3.70789 7.43866
