DATA/RAW-RASTER/ECMWF/20170628/EN-20/20170630.en-20.asc
ncols			31
nrows			16
xllcorner		69.5
yllcorner		19.5
cellsize		1.0
NODATA_value	-99999
0.37384 0.08011 1.63269 1.67465 0.13351 6.76346 11.94382 11.86752 10.39124 8.25119 7.68661 7.98416 9.55200 6.41632 6.02341 4.04739 7.68280 4.69971 6.76727 2.73895 5.26810 4.90570 4.94003 9.05228 10.94437 12.93564 5.92422 8.01849 0.96893 0.08774 0.10300
0.00000 0.25177 0.00000 0.72479 8.70514 16.88766 30.02548 12.76398 8.37708 8.59070 5.87463 7.12204 5.74493 3.91388 8.36945 3.81088 10.30731 4.85229 6.86264 11.10840 12.10022 3.94058 4.89807 6.23322 7.80869 10.46371 12.13074 5.38635 3.27301 0.49973 1.00327
0.00381 0.76675 0.00000 0.03815 7.53021 112.68616 24.60098 12.37106 4.58527 3.70407 4.26865 4.16183 4.24576 3.82233 2.48337 1.67084 1.33133 3.16620 8.15582 5.34439 7.25174 11.92856 8.24356 7.20215 11.52039 10.49805 11.58524 4.17709 1.84250 1.06049 5.87082
0.29755 0.00000 0.00000 0.41580 6.19507 29.69742 29.92630 25.11978 18.62717 3.75366 3.94440 0.73624 0.35095 1.04523 0.56076 0.19836 0.63705 0.72861 7.32040 11.65771 9.46045 4.40979 11.37924 7.32803 5.87082 4.49753 5.69916 6.44684 6.93130 2.41470 2.80380
1.61362 0.00000 0.00000 0.77820 6.61850 24.81461 9.20868 17.57050 9.49860 8.03375 0.88120 1.81198 0.54169 0.37384 0.93079 0.48447 0.56458 3.80325 8.11386 9.63211 12.08878 7.04956 8.75854 1.04523 0.30899 0.85068 2.80762 4.92477 14.52637 8.59451 6.54221
2.80380 0.00000 0.00000 0.35858 4.51279 14.53400 16.01791 6.13022 7.39288 19.05441 3.28064 3.32260 1.49918 4.16183 2.68555 7.99179 9.55582 11.31058 9.64737 7.00378 5.86319 9.29260 3.21198 7.10678 8.81195 12.02774 9.89914 1.27792 8.68607 20.25223 10.26535
0.12207 0.11063 0.00381 0.01144 0.90790 5.92804 19.36340 9.20486 22.78519 34.23691 29.04129 17.40265 20.65277 9.63593 2.59399 5.39398 3.14331 5.97763 14.55688 20.80536 11.05499 9.00269 4.54712 4.05502 15.99884 118.43109 44.28482 15.93399 4.61197 6.91986 11.77597
0.04196 0.13733 0.56458 0.37384 0.76294 15.59830 19.64951 13.12256 9.66644 39.03961 46.21887 52.39487 15.27405 29.60587 28.35083 10.53238 21.97647 2.32315 2.00272 3.55148 8.30460 15.31982 4.14658 26.35956 19.64188 25.16174 28.22495 13.14163 35.76660 11.13129 10.38742
0.03815 0.18692 1.52969 5.08118 3.63541 24.13940 42.54150 30.63965 7.23648 4.24576 26.34811 16.26968 54.32510 53.15399 17.31873 15.80811 2.37656 33.69522 26.08871 102.53525 50.31967 26.74866 15.74326 17.63153 19.87457 9.15527 19.35196 112.12540 47.16873 15.49530 16.41846
0.01526 1.18637 13.27896 17.03262 14.56833 16.88004 42.09518 32.19604 7.11060 3.17001 8.88062 43.51044 3.88336 17.99393 32.52029 8.44955 10.61249 6.81305 7.53403 9.04465 5.42831 6.19125 146.25549 5.00870 4.54712 20.32471 29.62875 30.76935 82.44705 15.74707 8.70895
1.41525 9.37271 13.28278 25.63095 10.84900 28.50342 25.31052 65.80734 9.35364 4.64249 135.34164 55.16815 5.91278 31.75354 58.95615 14.65988 8.77380 8.81958 15.14435 12.14218 5.64957 11.74545 40.93933 23.27728 30.09796 4.78363 5.49698 7.14493 26.02768 8.81195 3.51334
13.46970 21.09146 53.22647 111.65619 61.21063 18.55850 2.79236 2.59018 4.06647 10.96725 73.26889 32.56607 13.18359 0.99182 21.90018 2.75040 10.03265 27.45438 7.89261 6.87408 7.12967 9.08279 5.55801 12.86697 11.90567 2.29263 0.99182 14.22119 7.97653 18.28766 12.64572
3.10516 75.55771 130.22995 40.62653 16.38031 4.13132 0.84686 1.57928 3.63159 9.27353 39.60419 19.67239 0.81253 8.51440 11.94382 21.07620 1.93405 7.64847 17.12799 5.64957 9.01031 16.75034 4.08554 8.49915 4.98581 2.21634 0.83542 10.83755 11.90567 23.75793 12.67242
10.46753 6.61850 10.76126 36.09085 11.97815 4.54330 1.60599 2.61307 2.79236 4.99344 8.68988 9.62448 2.30408 14.06860 12.96616 35.20966 36.45325 14.82773 5.00870 11.95908 13.81302 19.37485 4.32968 5.93185 9.78470 1.02615 0.59509 17.39502 6.78635 7.72095 9.91058
3.86429 5.67245 2.42233 18.01682 6.37054 5.24521 0.60654 0.54932 2.74658 4.51660 4.70734 1.89209 12.35962 8.32367 13.94653 10.37979 4.33350 8.13293 4.73022 12.45499 10.13947 17.05170 31.21567 14.55307 1.88446 1.07956 1.94168 1.06430 3.47900 7.60651 15.92636
3.70407 3.70026 9.01031 15.50674 2.15530 3.51715 0.41199 0.67520 0.48447 2.63596 1.08719 17.38358 26.03149 59.79538 30.81512 9.26590 3.66974 4.24576 3.62396 7.30896 6.26755 11.65390 25.18463 32.93991 17.71927 16.49094 7.13348 4.65012 1.20163 10.53619 9.70840
