DATA/RAW-RASTER/ECMWF/20170628/EN-20/20170628.en-20.asc
ncols			31
nrows			16
xllcorner		69.5
yllcorner		19.5
cellsize		1.0
NODATA_value	-99999
4.64630 3.81660 9.90105 2.48337 5.89752 3.37791 6.44112 18.98003 2.70462 0.13733 2.24304 3.49045 6.69098 6.36482 7.07626 5.37682 2.76947 2.98309 5.14603 8.65173 7.68661 1.60217 0.92125 0.54550 1.39046 0.95367 0.54169 1.97601 4.39644 1.11580 5.59425
3.68309 17.45987 19.97948 12.03346 6.93130 15.01274 9.65881 3.47328 4.95911 2.24495 1.90353 2.27165 3.35884 14.54353 8.26263 5.29861 11.94000 13.48305 10.73837 7.64084 1.07002 1.24168 0.40627 0.59319 1.02806 1.16920 1.33324 2.16675 0.76294 0.56648 1.56021
10.46753 36.24725 23.11325 24.56474 30.79033 40.52544 19.30618 9.97925 3.51524 2.15721 1.58501 1.57547 1.91689 2.36320 0.64468 3.06702 2.87437 1.64223 6.59561 2.12288 3.79181 4.64249 8.82912 3.74794 1.02234 0.70953 1.94740 5.13077 1.49918 0.96703 0.36049
19.47594 15.14244 19.50455 37.11319 27.51160 20.92934 21.93069 24.29008 11.79504 1.51062 3.40462 1.33514 2.75230 5.27382 4.14658 2.28882 10.85663 1.86539 2.14767 3.81088 3.22342 9.22585 8.40378 6.98471 0.89073 0.00000 0.98228 0.65041 0.92697 5.96237 3.87573
15.75851 18.11600 5.16891 47.02568 18.23235 47.11151 24.07837 11.03783 22.28737 11.53183 0.64278 0.70190 3.06129 2.81525 3.64113 1.57166 4.20761 8.65936 9.56535 10.46562 16.89339 4.00162 13.17596 3.10707 1.91689 3.82233 5.16891 6.95801 2.64740 3.77655 10.55527
34.04999 15.38277 12.52365 10.65254 10.33783 31.34346 49.08180 31.15463 18.88084 23.21625 29.50859 15.44952 6.04248 1.95122 7.42340 7.32422 7.51877 6.35338 4.48227 4.40598 0.94986 8.39424 2.88200 10.33974 5.59235 16.39938 0.25558 0.51880 8.58498 10.35690 7.72476
49.46518 75.44136 60.22453 2.38609 14.46342 26.88217 20.44487 96.00449 23.58627 5.41687 10.30540 16.53862 16.70456 18.26859 0.53406 3.34740 2.81715 3.64494 3.41225 7.58362 1.61934 0.70000 12.77542 3.30544 5.79643 32.04918 3.97110 0.89073 0.15450 3.82042 5.74493
28.03230 150.22469 35.31265 6.89507 63.73024 40.99655 23.74268 10.76317 73.95363 13.59177 8.69751 5.25665 1.00327 8.90350 25.42305 17.36832 15.81764 1.15967 1.60980 1.94931 3.45802 11.56998 4.06265 10.80704 20.24269 26.21651 29.29688 8.35419 80.91354 29.74892 1.87492
20.07103 17.01927 6.86264 6.03294 6.50978 51.33247 13.76724 16.05988 12.70294 27.49252 6.90079 51.98097 3.18909 1.07574 1.88065 2.12097 3.05367 15.15961 14.29176 7.33566 66.90598 46.55266 31.40640 14.24217 29.68025 31.79741 40.67230 75.26016 80.15633 18.89229 4.97437
0.82207 12.80975 3.61824 1.99699 42.95158 18.45932 16.84380 27.56310 17.17567 14.50729 15.32936 11.62720 0.77438 1.06049 1.62315 0.93842 0.55695 1.59454 1.17111 7.19070 14.67514 7.01904 10.72502 24.80888 20.11681 20.84732 32.16553 26.56555 29.21295 3.58963 2.63023
1.23978 7.37381 11.20186 9.09233 8.88824 14.68849 0.38147 8.42476 15.08522 2.77138 24.44458 19.26231 3.07083 2.11525 0.79727 0.74577 1.40953 1.38664 1.02043 1.39427 2.05994 12.49313 19.45305 15.92064 5.96428 10.12993 10.52666 10.77080 7.02095 3.05557 5.12505
17.59911 12.20894 5.66483 8.33893 6.29616 9.21631 5.91469 5.04494 7.94792 6.72340 7.76100 17.25769 11.66344 9.27162 7.19833 3.19862 4.82941 6.67381 1.85776 2.33269 3.86620 7.90977 11.99722 21.39282 7.69997 11.34109 8.68607 24.29390 8.50105 16.41846 27.93503
5.12886 20.06721 8.19778 5.48172 10.77080 17.83562 16.96014 5.56564 3.45612 13.81302 21.37184 24.83559 12.04872 13.87787 5.34439 7.62939 11.37161 15.51628 10.13756 8.97789 6.53076 6.04630 1.47820 24.04213 21.97838 33.53691 20.45822 27.10724 19.96040 22.55440 30.51567
13.80348 9.28497 2.25449 3.67928 3.08037 1.27220 5.40924 9.40514 16.28304 14.42146 19.11163 24.05167 12.38441 14.21356 6.64330 9.79614 11.70540 6.59370 10.25963 10.46562 10.06126 12.49886 9.06754 11.43837 7.99561 2.55394 9.51195 22.70699 19.59991 12.07161 16.20483
19.55032 23.30971 6.91032 20.97321 1.55640 1.49345 3.88718 10.98061 10.91957 14.15062 17.70210 8.30269 6.81877 5.14221 2.75993 3.00026 9.06754 25.58517 10.39124 6.67191 6.95992 13.41820 11.07025 5.84984 5.82314 2.48909 9.11140 7.93266 3.48473 12.71439 11.34491
24.27673 34.85107 16.56914 16.67404 3.98445 12.80022 9.65500 9.81331 6.92177 9.97734 33.65707 22.14241 3.55911 7.85828 7.56454 1.65176 7.90596 22.06993 21.42525 4.81987 5.21851 8.72421 15.92636 10.49042 14.12392 1.55258 1.38283 1.11771 7.05719 8.31032 12.73155
