DATA/RAW-RASTER/ECMWF/20170628/EN-20/20170629.en-20.asc
ncols			31
nrows			16
xllcorner		69.5
yllcorner		19.5
cellsize		1.0
NODATA_value	-99999
1.74332 1.90544 1.22261 0.51498 7.07626 5.17082 13.97133 13.07487 10.10895 6.58798 8.01849 14.01138 14.10294 13.87596 11.58905 2.77901 5.03159 7.47681 7.04193 5.91278 4.67300 8.43048 10.38933 2.25830 0.89836 0.60272 0.25177 0.17548 0.01335 0.00191 0.52452
0.21935 0.33951 1.80244 4.71687 20.39337 47.60933 41.82053 23.83232 18.74924 12.91084 8.63266 4.25529 6.20842 2.61497 2.78854 2.47574 1.66702 3.88145 3.88336 11.74545 6.86073 6.73866 5.56374 5.05257 2.93922 7.76100 0.90218 2.81143 0.43869 0.13161 0.06485
1.51443 3.01743 3.47519 9.06563 59.40056 120.41283 58.83789 33.40912 14.65797 4.96101 1.18065 0.71716 0.53596 0.46349 0.73624 0.59128 0.96703 5.35393 6.54984 7.10869 5.55420 5.93567 2.09999 5.57137 11.77216 11.16180 8.66127 2.25067 4.46701 0.41771 0.72289
1.63841 2.27165 10.47897 7.67517 42.25540 60.64034 88.35220 27.21977 32.74155 3.15094 1.69182 0.28610 0.37956 0.28038 0.85449 0.27084 0.48065 1.55258 3.98254 7.04956 4.45938 7.17735 6.18362 6.13403 5.84221 7.37381 3.85094 1.69945 8.63266 9.17053 0.45395
3.17001 1.01852 1.53732 2.05803 24.00398 38.10120 224.34616 29.69170 15.92827 10.05936 1.38283 1.02997 0.35286 0.12589 0.81444 0.15640 0.46921 1.38855 6.74248 7.22313 5.81169 3.87573 3.49045 11.78551 10.04601 5.01633 6.96945 11.39069 15.88440 3.76892 9.67026
0.33569 2.21062 1.04523 5.05257 6.24466 11.38878 25.15984 37.75787 14.40239 16.56342 4.02641 2.87247 1.17493 0.08583 0.49591 0.22125 1.31607 3.63731 8.22449 11.08551 9.80759 8.31032 12.54082 11.11794 9.37271 24.06311 7.19452 2.07520 6.37245 5.94330 8.16727
1.60980 0.82588 4.49181 1.32942 16.85905 6.38199 18.20564 11.34491 30.54810 33.18405 4.07219 7.39098 13.50403 5.90515 2.82669 0.63896 1.50490 2.99263 4.61769 11.70731 7.51305 7.36809 12.30621 5.47600 10.43510 34.82246 25.73395 9.93919 1.50108 2.24876 5.69153
0.87166 1.50490 7.78198 9.83238 1.52397 10.93292 12.48932 56.33736 38.25188 78.96423 19.52744 7.38144 0.19073 6.11496 55.86433 62.08801 4.68636 0.74387 0.39291 5.68771 10.16045 9.83810 1.88065 28.56064 28.51295 40.00282 41.44669 15.89203 34.29794 12.75826 9.61876
3.24059 2.83241 22.21680 15.15388 19.91463 32.49931 9.93729 28.18298 24.97482 31.05164 11.91711 25.57564 17.40265 2.31552 1.12915 5.90134 3.11089 6.01578 78.92036 70.05310 75.23727 14.80293 14.41193 19.25087 11.91521 9.02367 12.18796 88.01270 74.77760 11.68251 11.32584
3.86620 10.44083 6.36864 26.37672 17.01927 47.98508 8.15010 2.81715 9.55391 8.86536 17.22527 12.56180 8.98361 6.23703 3.13377 1.61362 1.65558 1.99509 1.34277 0.63705 1.83105 2.46811 5.10216 4.73213 6.95229 6.33240 8.57162 17.48276 19.88983 2.32315 8.01277
9.81522 32.48215 17.92336 13.85689 10.83374 3.61061 4.15039 5.38063 6.76155 15.68413 35.47287 14.03618 8.19397 81.28166 2.98309 0.72289 1.66893 2.04659 1.69182 1.46675 1.41525 3.26157 8.26073 6.91032 5.72014 5.95665 10.46562 10.39314 13.09776 9.89151 5.98335
17.17949 51.40114 50.55618 35.59875 30.33257 4.66919 5.30434 12.94899 1.78719 12.94518 60.07195 32.46689 2.09999 10.19478 11.28006 3.62968 8.08334 2.80571 3.09372 2.29454 1.48964 0.50926 0.35477 10.41794 7.11632 4.39835 2.14386 7.12776 21.50917 24.36066 14.32419
27.66991 54.21638 23.96393 14.91928 2.00081 8.70323 4.28009 4.37546 15.09094 11.23810 68.87627 26.15166 8.13103 4.15039 5.14221 8.18253 2.78473 3.98445 4.14848 1.52779 7.04575 4.77600 1.15776 6.18172 10.06889 3.02315 9.64737 6.29044 18.29720 16.61873 8.72612
2.79427 50.61340 3.85666 3.72887 2.30598 3.61443 1.95694 8.11577 2.45857 5.94902 116.70685 43.36166 39.95705 5.11169 5.30434 4.95911 19.35768 13.29613 5.34248 3.44658 9.85146 12.87270 2.10190 1.84822 7.78961 1.09291 1.26457 2.29073 16.75797 28.48625 5.29861
8.03375 12.96806 11.58333 12.53128 3.98636 0.78011 0.29755 2.43950 4.76265 17.73262 99.73717 18.19038 18.78548 11.22665 3.98064 3.97301 21.32797 3.52859 5.22614 12.44354 16.17622 15.26070 28.17917 10.30540 4.25148 1.85585 1.07002 0.62370 2.30980 14.99176 6.17218
4.99725 7.53403 12.17079 18.84842 3.89290 2.46239 0.75150 2.49672 15.61165 26.24702 27.32468 50.42839 25.08545 4.27628 4.93240 3.07465 23.96202 6.46019 8.56209 10.37025 9.31549 11.52420 30.72357 25.73395 7.53975 3.95203 3.62206 2.42615 1.55640 7.82204 16.83235
