DATA/RAW-RASTER/ECMWF/20170628/EN-20/20170704.en-20.asc
ncols			31
nrows			16
xllcorner		69.5
yllcorner		19.5
cellsize		1.0
NODATA_value	-99999
4.35638 4.30298 0.07629 0.83923 3.03650 0.09155 2.45667 1.97601 0.39673 0.12207 1.14441 0.66376 3.63159 6.44684 2.89154 1.75476 3.68500 7.72858 5.36346 4.92859 10.47516 8.83484 5.56183 7.99561 3.93677 1.65558 1.26648 0.49591 0.77057 3.67737 7.93457
0.48828 5.24902 0.54932 0.00000 0.88501 0.32043 0.04578 0.14496 0.12207 0.00000 0.03052 0.68665 2.69318 2.60162 2.15149 16.97540 7.82013 4.20380 7.85065 10.31494 5.69153 4.31061 4.24194 6.27899 1.16730 2.39563 3.48663 2.38800 4.42505 8.53729 16.06750
4.97437 0.57220 0.42725 30.28870 7.48444 4.69208 3.34930 0.03052 0.06104 0.07629 0.46539 1.78528 1.55640 5.33295 7.40814 1.85394 6.61469 5.12695 6.23322 5.58472 6.49261 8.54492 5.05829 8.72040 11.81793 14.83154 17.45605 13.38959 12.14600 14.30511 16.12854
2.66266 0.04578 0.19073 8.70514 7.79724 2.92206 1.47247 8.61359 0.04578 0.10681 1.94550 2.02179 0.78583 6.13403 13.32092 10.27679 7.19452 9.66644 2.76947 10.63538 3.60107 11.38306 14.32037 19.43207 14.63318 10.65063 12.37488 10.55908 11.58142 17.05170 5.60760
3.91388 0.07629 0.02289 0.00000 4.35638 3.76892 0.66376 1.64795 1.48773 1.35040 0.39673 0.16785 1.00708 4.31061 1.56403 3.70789 5.11932 1.98364 11.18469 11.27625 12.38251 12.95471 11.76453 6.85883 2.31171 2.29645 0.72479 8.06427 13.35144 8.98743 3.26538
1.85394 1.26648 0.39673 0.00000 0.08392 0.91553 2.24304 0.97656 6.97327 19.24133 44.82269 3.74603 10.73456 1.22070 4.40216 5.56183 17.25006 16.38031 20.40863 15.00702 11.08551 8.72040 9.58252 11.32202 5.37109 6.43158 5.69153 0.88501 2.96021 2.76184 5.95856
0.00000 0.00000 0.00000 0.49591 0.32043 0.73242 0.77820 2.25830 11.94000 13.27515 9.47571 18.32581 17.19666 20.37811 10.93292 10.74982 7.88879 19.37866 10.79559 3.82233 13.48877 1.73187 5.82123 4.31061 14.29749 26.89362 18.40973 22.61353 5.30243 4.70734 8.17871
0.00000 0.00000 0.00000 0.00763 0.08392 1.92261 3.03650 3.79181 6.90460 18.37921 20.91217 8.81958 29.09851 14.86969 23.46039 65.27710 30.69305 10.69641 3.72314 11.57379 17.02881 17.92145 5.91278 10.24628 23.39172 5.27954 68.71796 11.68823 29.38843 13.24463 8.84247
0.00000 0.00000 0.00000 0.08392 0.45013 0.75531 2.74658 5.53131 5.25665 24.63531 11.39832 8.49152 24.20044 16.37268 17.42554 24.92523 11.26099 53.15399 20.79773 15.89203 74.18060 96.99249 29.54102 17.37976 12.29858 18.02826 38.94806 46.55457 33.14972 9.14764 14.11438
0.35095 0.06866 0.54932 0.69427 1.82343 0.74005 3.36456 8.07953 50.31586 27.24457 16.43372 2.75421 33.08868 98.76251 5.76782 9.01031 17.86041 25.90179 9.28497 4.08936 26.32141 72.18933 48.66791 4.01306 21.09528 31.19659 16.57104 88.86719 32.00531 13.45825 11.45172
1.48773 0.64087 1.15204 1.84631 0.13733 0.19073 13.35144 12.10785 39.14642 30.62439 26.13831 11.42120 12.22992 18.30292 23.07129 10.85663 7.33185 17.22717 41.67175 10.91003 16.83044 51.62048 55.39703 13.87024 7.94220 17.78412 17.19666 16.53290 14.34326 7.82013 8.98743
0.80872 0.84686 1.11389 1.95312 0.45776 1.09100 1.44196 21.66748 38.14697 29.94537 20.25604 6.57654 11.90186 22.48383 186.20300 38.06305 25.71869 35.87341 37.03308 60.78339 34.43909 44.72351 2.21252 5.96619 3.74603 3.86810 7.38525 10.94055 9.00269 15.83862 9.57489
1.22070 2.54822 1.66321 1.71661 4.22668 3.66211 2.12097 8.72040 25.57373 30.44128 15.79285 8.65936 7.94220 18.45551 39.81781 67.17682 77.99530 26.79443 32.16553 29.48761 41.29028 117.69104 14.90021 10.68115 7.84302 5.78308 14.39667 9.75800 14.51874 9.02557 9.42993
1.64795 2.24304 0.70190 2.38037 4.82941 0.99182 2.46429 4.69971 4.02069 3.51715 1.15204 18.99719 11.79504 16.63208 31.64673 53.41339 20.80536 14.38141 15.70892 14.44244 23.84949 38.99384 31.49414 31.53229 15.32745 9.53674 4.03595 3.70789 16.59393 8.33893 3.84521
3.09753 2.85339 2.67029 4.78363 7.03430 3.47900 0.34332 1.77765 2.18964 2.21252 2.12860 1.89209 0.81635 6.81305 9.83429 6.35529 10.29968 5.07355 7.93457 9.46808 29.90723 26.25275 61.08093 48.41614 40.19165 9.14764 7.75146 9.93347 2.81525 5.78308 13.42773
3.12042 3.99780 3.63922 9.50623 1.09100 1.93024 1.09863 13.35144 4.79126 2.90680 8.51440 7.81250 1.94550 1.76239 2.66266 0.73242 1.48010 4.50134 5.18799 10.06317 20.29419 20.62225 31.43311 38.39111 31.32629 2.13623 3.22723 7.30896 4.63867 0.60272 0.86975
