DATA/RAW-RASTER/ECMWF/20170628/EN-20/20170710.en-20.asc
ncols			31
nrows			16
xllcorner		69.5
yllcorner		19.5
cellsize		1.0
NODATA_value	-99999
0.16022 1.53351 3.76129 4.74548 0.06866 0.52643 0.15259 0.16785 0.49591 8.45337 2.27356 0.93079 0.12207 0.00000 0.03815 0.00000 0.20599 0.27466 0.25177 2.12860 1.03760 0.55695 0.03052 0.02289 0.03052 0.04578 0.12970 0.03815 0.04578 0.00000 0.23651
0.01526 0.07629 2.90680 5.03540 5.99670 5.14984 5.17273 2.10571 3.60107 2.14386 3.59344 2.68555 0.22125 0.03052 0.04578 0.18311 0.06104 0.38147 0.43488 0.44250 0.71716 1.14441 0.19073 0.16785 0.36621 0.22888 0.15259 0.00000 0.00000 0.00000 0.00000
0.05341 0.59509 1.35803 6.18744 9.60541 9.88007 4.44031 0.14496 2.30408 1.83105 7.79724 7.27081 1.15204 0.31281 0.00000 0.09918 0.04578 0.22125 0.49591 0.68665 0.37384 1.18256 1.15204 1.06049 1.76239 1.44196 3.08990 1.92261 0.59509 0.45013 0.80109
0.01526 0.01526 0.83160 1.27411 5.57709 18.31818 5.88226 9.94873 0.00000 0.94604 5.32532 3.82996 2.79236 2.63214 0.75531 0.21362 0.64087 1.44196 0.69427 0.22888 0.22888 1.04523 2.02942 0.49591 2.31934 4.88281 6.32477 3.57819 3.19672 4.27246 2.22015
1.53351 0.00000 0.04578 0.01526 2.05231 16.38031 17.53998 5.02777 4.35638 5.82886 3.45612 5.71442 14.17542 4.21143 1.14441 1.67847 0.78583 1.22833 1.78528 2.89154 0.80872 1.20544 1.31226 2.60925 6.95801 10.17761 10.03265 15.67078 14.51874 8.95691 7.11823
0.00763 0.00000 0.41199 0.00000 0.32806 3.61633 6.88934 13.60321 10.97870 18.11218 22.60590 9.53674 4.56238 8.78906 21.16394 10.06317 3.43323 3.43323 4.47845 3.82233 0.50354 3.66211 2.25067 4.87518 3.84521 8.59070 15.19775 19.20319 19.60754 17.82227 16.15906
0.00000 0.01526 0.00000 0.54169 0.28229 1.99890 2.94495 4.60815 7.09534 14.46533 21.99554 36.40747 85.18982 28.52631 20.69855 12.29095 24.75739 16.39557 5.51605 0.74005 7.87354 4.66156 3.77655 6.84357 9.23920 26.77917 39.98566 24.71161 13.81683 19.99664 28.51105
0.01526 0.00000 0.00000 0.01526 0.00000 0.09918 2.21252 2.09045 4.57764 11.91711 11.64246 17.08221 74.81384 73.04382 109.40552 26.16882 14.10675 11.42120 6.65283 5.92804 7.01904 12.24518 10.98633 28.57208 33.47778 114.03656 32.68433 21.36993 41.50391 8.35419 17.98248
0.00000 0.00000 0.00000 0.05341 0.02289 0.40436 0.75531 3.65448 6.53076 12.72583 16.95251 34.40094 65.04822 38.13171 26.43585 14.29749 36.77368 27.04620 35.02655 74.76044 154.79279 144.14215 115.08942 37.07123 10.63538 15.07568 21.24786 13.25989 14.83917 8.64410 15.58685
0.02289 0.16022 0.60272 0.88501 0.36621 0.80109 0.38910 1.60217 3.46375 5.11169 8.25500 23.13232 25.56610 13.44299 14.69421 19.63043 13.35907 15.98358 25.80261 22.10999 4.00543 4.71497 10.87189 19.54651 2.33459 7.08771 14.76288 11.10840 33.99658 14.91547 18.08167
0.23651 0.66376 0.67139 0.88501 0.17548 0.79346 0.83160 1.74713 4.84467 3.40271 11.10077 11.82556 7.82013 16.73126 29.04510 5.70679 5.53131 10.66589 14.73999 4.76074 2.14386 6.96564 9.81903 6.11877 0.82397 8.39996 4.53949 9.82666 11.45935 11.74927 15.35797
0.85449 0.96130 2.41852 3.61633 2.42615 0.95367 0.90027 2.99835 1.62506 6.00433 12.88605 12.55798 3.79181 8.39996 23.84186 7.10297 14.82391 9.55200 10.43701 3.11279 2.76947 1.86920 1.40381 1.06812 2.12097 8.03375 2.99072 6.21796 3.25012 3.85284 5.05066
1.48773 1.38855 0.69427 2.27356 3.28064 1.04523 0.27466 0.98419 1.20544 0.44250 2.50244 2.38800 1.99890 8.62885 11.90948 8.76617 12.79449 10.77271 11.13892 2.46429 3.20435 2.98309 1.98364 1.89209 15.86914 3.08228 0.43488 1.70898 1.56403 10.87189 2.26593
2.40326 2.21252 0.26703 1.23596 2.24304 0.77820 1.09100 1.96838 2.28882 1.10626 0.91553 0.85449 0.51880 8.57544 17.94434 7.11823 9.19342 13.12256 6.76727 3.76892 2.91443 4.34113 2.67792 2.30408 2.57111 0.80109 1.09100 0.97656 9.68933 2.08282 5.76019
1.38092 2.63977 2.33459 3.30353 4.18091 2.15912 0.67139 1.34277 0.46539 0.15259 0.44250 0.54932 1.48010 3.02124 9.58252 22.11761 10.33783 9.34601 1.51825 1.31989 2.40326 1.57166 2.76184 7.66754 2.25067 0.52643 0.47302 0.99945 23.83423 6.57654 11.57379
0.77820 3.28827 3.05939 6.33240 1.06049 3.28827 1.19781 3.31116 0.76294 0.30518 0.38147 1.12915 4.39453 4.77600 5.04303 13.61084 10.64301 0.78583 0.69427 0.81635 0.93079 2.96021 5.05066 6.24084 6.21796 2.91443 0.99182 1.48010 1.31226 5.40161 5.42450
