DATA/RAW-RASTER/ECMWF/20170628/EN-20/20170708.en-20.asc
ncols			31
nrows			16
xllcorner		69.5
yllcorner		19.5
cellsize		1.0
NODATA_value	-99999
0.28992 0.22888 1.70135 2.07520 1.48773 1.53351 0.98419 1.20544 0.80872 1.98364 2.44141 3.63159 2.41089 2.03705 1.51062 2.51770 0.88501 0.14496 0.12970 1.02997 0.07629 0.15259 0.10681 0.09155 0.00763 0.08392 0.00000 0.00000 0.00000 0.00000 0.00000
0.00000 0.11444 2.37274 3.79181 6.36292 4.43268 0.90790 2.42615 0.94604 0.69427 3.75366 2.51770 3.28827 1.63269 3.05939 2.02179 2.47192 2.28119 0.96130 0.68665 0.48065 1.22833 0.49591 0.20599 0.05341 0.05341 0.13733 0.02289 0.03052 0.00000 0.00763
0.12970 0.26703 0.31281 4.32587 4.14276 5.68390 0.16785 0.01526 0.67139 0.17548 2.05994 1.76239 1.54877 1.74713 0.86975 1.31226 1.83105 0.63324 0.64850 1.41144 0.51880 0.67139 4.23431 3.90625 2.12097 3.60107 0.84686 0.28992 0.21362 0.45776 0.25177
0.11444 0.25940 0.43488 1.02997 2.14386 1.41144 1.11389 4.86755 0.00000 2.10571 1.85394 3.16620 1.51062 2.54059 0.77820 1.89972 1.04523 2.30408 1.93024 1.60980 4.88281 7.37000 8.75092 7.82013 9.81903 11.38306 22.62878 10.56671 2.14386 2.86102 3.12805
1.52588 0.28992 0.42725 0.00763 0.74005 0.31281 0.25940 2.02942 5.32532 0.31281 0.97656 0.71716 2.38800 1.38092 1.44196 4.85229 4.41742 7.04193 2.01416 4.53186 9.59778 8.44574 11.78741 16.14380 11.36017 19.82880 12.58087 6.43158 14.93073 18.28766 18.74542
5.14221 0.00763 0.03815 0.17548 0.02289 0.06866 0.23651 0.03815 0.03815 3.27301 7.35474 2.25067 1.44958 0.84686 2.68555 9.92584 3.62396 2.37274 3.06702 11.42883 9.89532 7.73621 8.59070 9.37653 13.94653 14.68658 5.47791 13.42010 11.48987 9.87244 17.08984
0.05341 0.00000 0.13733 0.29755 0.00763 0.01526 0.07629 0.41199 0.39673 0.06866 0.52643 0.28229 4.63104 2.97546 2.67792 17.61627 5.27954 8.97217 9.28497 8.76617 6.24084 16.49475 15.14435 4.58527 11.40594 29.91486 39.87885 16.90674 15.93781 4.73022 5.95856
0.07629 0.00000 0.00763 6.52313 0.11444 0.94604 0.86212 0.82397 1.17493 0.61798 1.35803 0.35858 0.03815 2.83813 2.62451 5.65338 5.94330 11.08551 6.51550 3.32642 8.68225 17.62390 8.53729 16.62445 12.58850 22.09473 160.61401 53.52783 62.52289 6.65283 9.17053
0.35095 0.09155 1.60980 0.62561 13.65662 4.60815 1.02997 0.89264 0.79346 0.65613 0.34332 0.55695 3.23486 3.50189 0.70953 0.13733 0.08392 2.88391 7.74384 11.97815 24.51324 10.20050 15.51819 16.29639 3.60870 18.02826 36.57532 78.55225 31.63910 20.17212 16.87622
0.00763 0.07629 6.98853 2.28119 2.11334 4.88281 16.97540 3.57819 0.77057 0.41199 0.61035 1.05286 0.77057 4.21906 3.15094 0.06104 0.02289 0.28229 0.50354 0.88501 1.66321 0.28992 0.83160 1.37329 0.70953 9.42993 32.08160 32.56226 71.01440 14.86969 7.38525
0.10681 0.32043 7.24792 6.43921 1.06049 1.89972 2.66266 3.66974 0.61035 0.42725 0.09155 0.74768 0.74005 1.87683 1.96838 2.83051 0.03052 0.06104 0.67902 1.11389 1.55640 2.43378 14.09912 17.99011 2.60925 27.44293 13.43536 16.34979 14.94598 7.33185 4.91333
0.48065 0.12207 2.79236 6.70624 2.70844 1.93787 2.54059 1.51062 0.99945 1.44958 5.37872 0.49591 1.30463 0.36621 0.27466 0.59509 0.65613 0.48828 0.42725 0.94604 1.59454 2.92206 3.95966 1.99127 2.20490 7.50732 3.99017 15.47241 21.05713 18.00537 9.72748
0.69427 1.41907 0.49591 1.25885 3.55530 1.87683 0.52643 0.41962 2.12097 4.05884 0.60272 0.25177 0.32043 0.80109 0.88501 0.37384 0.21362 0.25177 1.05286 0.90027 1.65558 5.14221 4.03595 3.64685 4.85992 2.89917 1.89972 10.87189 12.74872 9.15527 15.10620
1.42670 2.63214 0.21362 1.72424 1.37329 0.25177 0.57983 0.39673 0.61035 1.23596 1.06049 1.10626 0.26703 0.38910 2.66266 4.54712 0.68665 0.23651 0.93079 6.37817 9.76562 8.66699 35.84290 9.78851 1.60980 0.08392 0.22888 7.24792 16.44897 11.74164 7.04956
0.97656 1.57928 1.75476 3.03650 2.27356 0.80109 0.19073 0.04578 0.09918 0.13733 0.16022 0.72479 0.99945 2.42615 4.45557 2.09045 0.15259 0.00000 1.25122 2.02179 4.24957 9.89532 10.81848 6.55365 0.41199 1.83868 0.72479 1.56403 6.44684 15.43427 14.86206
0.50354 1.63269 2.63977 7.32422 0.77057 0.63324 0.54932 0.28229 0.00763 0.00763 0.37384 1.31226 2.88391 4.05121 0.96893 1.78528 1.08337 0.71716 1.44196 3.08990 6.60706 8.82721 4.31824 4.15039 6.92749 1.31226 2.67029 4.50897 6.13403 7.27844 6.94275
