DATA/RAW-RASTER/ECMWF/20170628/EN-20/20170712.en-20.asc
ncols			31
nrows			16
xllcorner		69.5
yllcorner		19.5
cellsize		1.0
NODATA_value	-99999
2.08282 1.64032 1.47247 18.74542 12.51221 4.61578 6.69098 8.79669 1.09863 1.35803 8.60596 3.27301 4.92096 0.45776 2.80762 8.29315 15.37323 22.72797 8.62885 6.10352 4.02069 7.32422 4.08173 1.26648 1.89972 0.07629 0.10681 0.10681 0.11444 0.08392 0.09155
0.00000 0.34332 1.58691 15.54871 5.68390 5.85938 5.32532 2.60925 3.47137 2.36511 4.15802 7.54547 14.25171 16.12854 11.52802 14.18304 11.22284 5.55420 4.07410 10.80322 6.55365 8.09479 1.07574 0.96130 0.16785 0.64087 0.27466 0.79346 0.26703 0.00000 0.68665
0.49591 5.58472 11.04736 6.38580 136.82556 26.68762 8.17871 3.15857 2.03705 5.34821 9.25446 4.95148 8.09479 9.81903 6.71387 8.11005 9.32312 10.10132 13.00812 9.30023 9.87244 5.10406 0.13733 0.72479 0.46539 0.34332 0.65613 0.14496 0.91553 1.09100 0.09155
6.29425 2.33459 6.37054 31.95953 32.27997 33.92792 25.21515 60.86731 5.43976 1.57166 7.75146 3.39508 9.47571 4.50897 4.92859 0.43488 3.27301 6.71387 10.26154 9.88770 4.68445 1.12152 0.10681 0.14496 0.66376 0.00000 0.44250 0.38910 0.53406 0.86212 0.70190
2.22778 9.35364 1.99890 6.53076 11.84845 27.39716 29.86145 59.12018 31.86798 13.10730 2.70081 7.17926 6.40869 1.35803 1.64032 1.93024 8.30078 11.13129 11.60431 7.66754 1.51062 0.20599 0.91553 0.00000 0.07629 0.68665 0.88501 0.41962 0.39673 1.02997 0.64850
2.45667 0.61035 0.00000 0.09155 4.58527 8.66699 14.32037 33.10394 35.58350 27.89307 12.18414 12.99286 12.58087 19.30237 14.95361 4.73022 2.09808 3.68500 9.26208 7.72858 3.18146 0.55695 0.16022 0.12207 1.12915 1.64795 1.88446 0.29755 0.59509 0.27466 0.71716
0.00000 0.00000 0.00000 0.28992 0.86212 0.04578 5.21088 8.04138 16.18958 58.05206 37.10175 18.54706 42.61017 27.64893 9.62830 7.16400 12.95471 19.12689 11.51276 6.92749 7.68280 1.15967 0.17548 0.28992 6.82068 12.28333 12.11548 2.30408 0.71716 0.99182 0.66376
0.00000 0.00000 0.00000 0.00000 0.00000 0.14496 1.51062 3.99780 34.32465 18.15033 52.92511 10.34546 57.21283 100.75378 34.38568 44.35730 96.67206 17.46368 3.67737 12.13837 14.38141 6.99615 7.99561 5.28717 3.99780 11.72638 7.85828 7.37762 6.09589 5.36346 3.96729
0.00000 0.00000 0.06866 0.46539 0.38910 0.32043 1.48773 2.80762 2.92206 15.56396 6.01196 22.47620 67.69562 39.19983 99.22028 100.60120 59.53217 39.59656 73.54736 96.27533 30.25055 27.92358 2.52533 3.07465 3.39508 9.77325 36.47614 22.75085 10.93292 1.99890 0.57220
0.08392 0.54932 1.33514 0.98419 0.67902 2.28882 0.77820 0.97656 10.79559 8.01086 10.23865 18.29529 18.11981 15.89203 22.89581 65.97900 61.09619 40.51971 29.30450 16.74652 9.25446 11.95526 9.52911 10.63538 8.00323 6.89697 12.06970 15.08331 3.59344 0.64087 0.14496
1.57166 1.35040 1.15204 1.46484 0.82397 0.37384 0.53406 2.09808 2.97546 2.69318 1.28937 4.81415 3.84521 6.37817 14.16779 8.70514 32.59277 31.78406 19.18030 2.89154 3.97491 2.18964 4.78363 5.19562 7.11823 20.84351 20.98083 45.11261 24.05548 3.70789 3.21960
0.94604 1.16730 1.06812 2.89154 1.64795 1.01471 3.89862 12.68768 2.31934 1.86157 0.74768 0.56458 9.28497 7.21741 12.36725 24.71924 10.68878 11.97815 4.34875 7.80487 3.08990 6.75964 9.42230 28.57971 20.95032 13.32855 17.21954 15.35034 9.46808 25.09308 10.36835
1.37329 1.01471 0.16022 1.04523 1.65558 1.14441 0.51880 0.84686 1.35040 1.26648 3.77655 3.04413 7.03430 11.87897 5.22614 5.94330 9.04083 7.41577 3.02124 2.45667 7.98035 8.79669 14.91547 43.33496 14.14490 4.92859 1.87683 9.19342 14.54926 17.74597 15.92255
1.35803 1.25122 0.11444 1.98364 2.50244 1.71661 1.67847 0.75531 0.32043 9.93347 1.96838 13.31329 1.62506 12.32147 14.46533 4.94385 18.31818 4.11224 3.37219 8.89587 3.47137 5.42450 6.83594 30.32684 4.96674 2.05994 1.33514 16.07513 22.55249 9.94110 17.70782
1.44958 3.09753 4.11987 4.06647 1.93024 0.89264 0.81635 0.80872 0.07629 0.08392 2.21252 4.56238 3.12805 5.02777 6.53076 15.51819 8.06427 2.53296 0.83923 0.95367 3.06702 2.44141 5.53131 15.23590 9.93347 1.28937 2.67792 3.92151 14.90784 14.10675 14.69421
1.68610 2.67029 3.99017 6.11115 0.51880 1.19019 1.81580 1.82343 0.42725 0.32806 1.47247 19.37866 13.06915 23.33832 9.00269 6.01959 8.98743 3.01361 2.69318 1.67847 5.26428 11.77216 11.24573 18.14270 30.01404 11.30676 6.50787 7.83539 6.41632 4.46320 15.41138
