DATA/RAW-RASTER/ECMWF/20170628/EN-20/20170702.en-20.asc
ncols			31
nrows			16
xllcorner		69.5
yllcorner		19.5
cellsize		1.0
NODATA_value	-99999
0.00763 0.73242 2.84576 1.27411 1.94550 0.06866 0.14496 0.09155 0.34332 0.03052 0.00000 0.15259 1.17493 1.07574 1.76239 5.69916 5.92041 1.96075 2.54822 5.76782 4.69971 1.22833 1.01471 0.67902 1.07574 0.64087 0.63324 0.70190 1.51062 2.40326 5.25665
0.00000 0.08392 1.54877 2.01416 3.12805 2.74658 0.28229 0.31281 0.12207 0.12207 1.01471 2.67792 10.55145 17.83752 14.47296 9.93347 13.06915 10.67352 7.98035 3.24249 1.84631 1.09863 1.02997 0.35095 1.22833 1.22833 0.93842 0.95367 1.01471 0.63324 2.38037
0.43488 0.09918 0.19073 2.68555 2.93732 2.88391 13.96179 2.77710 4.75311 6.83594 10.34546 9.93347 9.96399 13.83972 7.23267 8.52203 10.74219 5.62286 3.39508 2.28119 1.10626 0.41199 0.52643 0.76294 0.54932 1.96838 1.78528 4.78363 0.43488 0.22125 2.43378
1.27411 0.02289 0.06866 0.27466 0.26703 10.11658 23.78082 5.60760 7.37000 5.40161 9.20868 5.80597 9.42993 5.97382 6.56891 9.07135 9.79614 6.31714 3.90625 3.71552 0.27466 0.61798 0.22125 0.38910 0.28229 1.57166 5.92804 4.80652 0.99182 1.53351 8.07953
3.73840 0.00763 0.04578 0.00763 2.09808 6.34003 25.46692 10.00214 17.82227 29.17480 16.26587 31.41022 10.46753 3.50952 1.48773 5.20325 4.51660 6.75964 3.43323 4.16565 2.44904 2.94495 2.46429 0.60272 2.12860 3.17383 6.00433 8.94928 7.87354 3.85284 7.30896
1.38855 0.00000 0.00000 0.32043 23.95630 4.76837 9.02557 38.23853 38.75732 31.41785 65.20844 35.33173 9.20105 1.73187 1.77765 3.86810 3.35693 9.10950 3.46375 10.35309 11.54327 5.07355 10.01740 4.23431 2.46429 2.76947 4.51660 11.17706 18.08167 8.17871 18.05878
0.00000 0.93842 0.00763 0.52643 2.33459 18.67676 13.41248 29.02985 27.11487 16.35742 84.94568 140.76233 10.58197 5.59235 0.40436 1.42670 2.19727 2.28882 7.87354 1.33514 2.66266 6.27136 4.29535 8.85773 8.88062 19.90509 46.40961 21.32416 14.92310 10.16998 10.36835
0.00000 0.04578 0.08392 0.18311 3.49426 19.56940 26.77155 9.06372 14.06097 9.88007 3.29590 4.60052 5.86700 20.41626 7.67517 68.81714 9.67407 3.92914 1.22070 5.43213 2.18201 20.13397 5.84412 10.49805 15.38849 90.67535 121.41418 49.52240 77.40021 13.87787 13.21411
0.00000 0.00000 1.58691 2.09808 16.21246 13.71765 17.68494 11.08551 5.78308 1.68610 0.67902 1.44958 2.82288 2.31934 2.64740 3.86047 16.03699 5.71442 14.99176 213.53912 98.30475 118.84308 48.71368 36.86523 5.79071 5.69916 24.33014 97.12219 83.83179 35.61401 13.54218
0.00000 0.00763 1.42670 1.77765 10.71930 13.55743 17.95197 30.65491 5.18036 0.11444 0.08392 0.79346 0.73242 3.28064 9.50623 2.73895 5.60760 1.80817 6.91223 20.41626 12.18414 11.86371 13.09204 13.54980 3.58582 4.47083 48.44666 24.30725 34.56879 31.35681 15.36560
0.00763 0.00763 1.64032 3.96729 1.37329 17.11273 37.04834 27.00806 18.95142 5.66864 0.80872 0.26703 1.27411 2.57874 5.05066 7.53784 5.27954 6.91223 7.98035 17.55524 14.00757 32.19604 48.96545 7.78961 4.51660 8.12531 6.35529 19.92798 44.80743 25.42877 25.39062
0.07629 0.22125 1.18256 5.31006 12.79449 16.42609 56.32019 46.66901 56.44226 11.37543 0.94604 0.31281 5.02777 1.15967 4.18854 2.26593 12.19940 1.89972 14.74762 26.19934 25.36011 8.05664 7.67517 4.15039 14.80865 3.73840 5.41687 25.37537 10.59723 16.82281 30.48706
0.25940 1.25885 1.78528 1.22070 7.37762 17.47131 42.70172 109.94720 45.02106 2.02179 1.18256 2.27356 12.71820 2.85339 2.18201 0.93842 1.41144 1.49536 8.24738 16.68549 15.60211 38.42163 22.58301 28.77045 14.21356 9.36127 1.06049 7.62939 8.87299 14.67896 14.15253
0.86975 1.09863 0.94604 0.95367 3.06702 2.80762 12.07733 22.30072 3.72314 2.56348 10.27679 2.34985 3.60870 12.58850 4.02069 3.24249 0.68665 7.00378 10.99396 20.51544 13.98468 48.80524 55.87006 57.07550 17.06696 6.88934 4.29535 9.43756 26.06201 9.23157 10.23865
3.44086 3.80707 2.50244 8.23212 2.99072 2.56348 0.65613 2.44904 1.87683 2.74658 1.75476 3.71552 4.19617 7.65991 0.81635 1.48010 8.61359 1.70898 7.95746 26.22986 52.37579 38.87939 68.48145 53.70331 7.48444 0.56458 4.34875 4.05121 17.86041 9.74274 7.24792
4.74548 5.68390 6.19507 14.03809 0.80109 1.98364 2.02179 1.44958 2.63977 3.51715 11.98578 3.85284 3.12042 4.11987 8.16345 2.09045 5.67627 15.63263 30.43365 31.64673 25.40588 22.66693 38.92517 42.51862 108.18481 3.45612 37.10175 2.96021 9.83429 1.31226 0.98419
