DATA/RAW-RASTER/ECMWF/20170628/EN-20/20170701.en-20.asc
ncols			31
nrows			16
xllcorner		69.5
yllcorner		19.5
cellsize		1.0
NODATA_value	-99999
0.57602 7.35855 3.22723 1.58310 1.44196 0.09155 0.17548 0.07629 0.12589 0.04578 0.11063 0.01907 0.13351 0.05341 0.32043 0.71335 0.27084 0.17548 2.39944 1.78528 5.32913 5.98145 5.21851 2.38037 2.71988 3.63541 4.08554 5.26428 13.80157 19.40155 12.79831
0.00381 0.41199 3.29590 6.06918 1.98746 0.06485 3.05176 2.38800 0.40817 0.37003 0.86975 1.33514 1.09100 0.50354 0.14114 0.54550 0.15640 3.32642 4.15039 6.02722 5.74875 6.15311 5.27573 4.28772 1.59836 3.46375 4.00543 6.43539 6.79398 16.52527 9.74655
0.12970 0.42725 0.02289 2.26593 2.94113 5.38254 21.59119 3.27682 3.86810 4.35257 1.18256 2.95258 4.06647 10.30350 11.06644 2.66647 7.82013 3.91388 5.73730 4.90952 8.70895 6.47736 5.56946 8.67081 11.66534 14.55688 13.03101 11.54327 6.22940 9.26590 15.22446
0.36240 0.08774 0.00763 0.28229 1.90353 11.05499 12.94327 10.09369 17.94434 4.05884 12.13074 5.29480 6.90079 7.02667 4.59290 2.76566 7.93839 6.86264 7.82776 5.97000 6.43921 4.08173 5.68771 6.50787 9.85718 11.04736 13.28659 13.89313 22.62497 13.58795 10.89478
2.11716 0.00763 0.04578 0.16403 2.78854 92.39578 110.04257 24.60098 15.99884 7.84302 6.41632 6.40488 4.82559 7.79343 16.42609 14.36615 10.78033 7.99179 10.45990 3.76892 8.41904 12.42447 11.34109 14.41193 9.56345 6.77490 13.54218 8.30460 19.34814 35.62546 21.60263
2.04086 0.00763 0.01144 0.54550 6.76727 25.20752 13.12637 36.85760 37.87613 43.75076 16.75034 12.33673 2.65884 3.49045 2.86102 3.75748 5.29099 8.93402 11.30676 3.43704 9.03702 8.64029 4.85611 12.06207 9.64737 21.86584 13.87024 4.61197 10.76508 8.36182 20.15305
0.21744 0.07629 0.00000 0.36240 1.11008 9.15527 5.78308 5.52368 26.16119 37.28485 86.07483 43.04886 14.92691 7.04575 0.60654 2.20108 0.96512 1.89590 4.78745 7.39670 4.41742 9.83047 4.24576 10.02884 18.72635 71.13647 87.43286 28.81622 17.44461 10.99777 10.36453
0.09918 0.44632 0.13351 0.08011 4.04358 7.77435 15.81955 21.10291 13.16071 15.20157 11.60049 36.03363 7.72476 10.16235 21.64078 6.39343 3.53241 1.64032 1.73950 11.80649 8.79288 13.40485 5.22995 30.36499 14.59503 74.59641 86.01379 41.72897 79.24652 14.85062 16.31927
0.00381 0.53787 1.01471 1.94550 4.44031 5.50842 32.40967 11.39069 24.98627 11.31439 9.09424 7.95746 11.02066 12.42447 9.65500 15.97214 4.44412 4.44794 18.37158 150.71869 69.68307 53.84064 31.72302 33.50830 14.48822 8.40378 35.07233 144.13452 108.94012 40.62271 17.39883
0.00000 0.82397 4.08554 4.15421 14.35852 8.59451 9.42612 5.82123 8.06046 11.26099 2.61688 3.52097 33.51593 21.24023 26.07727 19.14215 10.79559 11.85989 12.83264 14.43863 12.92419 8.11005 38.20419 2.93350 2.63977 13.20267 16.54053 5.61142 60.09293 28.36609 22.38846
0.00000 0.05722 1.59836 11.43265 0.53406 11.92093 20.13779 5.69916 3.23105 3.36838 0.96893 0.94986 6.04630 4.01306 16.08276 18.92090 13.35526 4.85229 27.12631 12.81357 3.73840 6.64902 28.27835 6.43539 4.07028 2.02560 3.05939 7.40433 33.80966 18.82172 30.49850
0.01526 0.16785 3.20816 26.19934 32.82928 28.55301 7.66373 0.99945 1.81580 1.71280 1.18637 4.54712 2.54059 2.02560 4.74930 19.32144 12.13455 6.08063 23.15903 12.83646 5.33676 2.10571 3.04794 1.38092 11.92093 6.32095 1.02615 15.22446 11.10840 24.94812 27.58408
0.25177 0.33569 6.66809 33.40912 95.48187 50.16327 31.06689 19.88220 1.47247 1.33514 2.78473 4.34494 7.54929 9.07898 2.46429 8.05664 17.12799 27.36282 19.47403 5.84030 2.39944 4.89807 3.41034 5.23758 12.92419 1.68991 0.21744 3.97491 8.11768 7.87735 10.70023
1.71280 1.20163 2.18582 12.32529 58.45642 34.98840 49.98016 24.88708 0.20981 2.45285 3.65448 1.43814 6.25992 1.17493 5.26810 6.81305 2.92587 10.08224 19.42825 12.58850 8.05283 14.35852 10.44083 20.94269 7.72476 5.03159 0.76675 0.98038 3.21960 10.11658 9.02176
2.37274 0.62180 4.93240 15.18250 19.91653 11.01303 23.49854 4.53186 5.94711 2.62451 4.44794 0.56839 0.74768 1.05667 13.69095 10.75363 1.52588 6.74438 37.72736 22.65167 20.71762 20.83588 30.62439 27.06909 1.75858 3.11279 7.95746 1.35040 5.74875 7.54166 10.11276
4.42886 4.89426 22.41516 45.39108 23.54431 15.46860 16.17432 14.60266 2.12860 1.59073 7.67899 8.09860 1.94931 1.65558 3.47900 19.76776 5.58472 14.00757 27.42386 30.37262 22.33505 15.98740 26.47781 34.00040 49.59106 7.04956 23.92578 3.65448 1.75858 3.11661 6.25992
