DATA/RAW-RASTER/ECMWF/20170628/EN-20/20170705.en-20.asc
ncols			31
nrows			16
xllcorner		69.5
yllcorner		19.5
cellsize		1.0
NODATA_value	-99999
4.98199 2.22778 3.02887 1.26648 2.96783 1.60217 2.37274 2.02179 0.85449 0.02289 0.55695 0.32806 0.41962 0.52643 1.14441 1.47247 1.14441 0.84686 1.57928 1.36566 0.35858 0.61798 1.80817 7.54547 11.22284 3.34930 1.82343 2.09808 1.05286 3.47900 4.19617
0.49591 0.63324 3.19672 4.64630 4.21906 0.36621 0.16785 0.03052 0.06104 0.05341 0.12207 0.06104 0.03052 0.40436 0.68665 0.80872 1.51825 1.85394 2.33459 1.28174 2.65503 1.12915 3.03650 6.88934 11.39832 8.11768 5.86700 5.81360 4.46320 3.51715 8.17871
3.16620 15.27405 6.99615 18.60046 5.45502 1.12915 4.28009 0.13733 0.00000 0.00000 0.01526 0.00763 0.24414 0.25940 1.22070 1.76239 2.87628 4.73785 7.53784 11.05499 11.71112 15.53345 7.46918 5.21851 6.95801 5.29480 6.72913 8.30078 6.72913 7.09534 8.46863
7.69806 4.88281 8.04901 10.07843 9.66644 5.30243 2.21252 6.86646 0.04578 0.01526 0.00000 0.00000 0.32806 2.00653 1.93787 7.74384 6.86646 12.35962 15.85388 13.63373 20.91980 17.41028 10.33020 10.65063 7.96509 3.02887 5.79071 7.39288 12.01630 11.81030 6.14929
7.78198 4.43268 1.36566 3.37982 4.21906 6.66809 3.98254 3.84521 3.43323 2.40326 1.22070 1.54877 3.69263 4.29535 3.03650 6.24084 7.21741 18.28766 11.48224 2.58636 5.69916 3.15094 3.25775 6.83594 2.49481 0.60272 1.19019 0.58746 2.88391 3.63922 3.37982
3.30353 0.01526 0.29755 0.00000 0.08392 4.15039 5.27191 6.32477 13.23700 31.11267 47.07336 17.70782 19.92798 9.36890 6.42395 7.69806 2.38800 1.24359 1.68610 2.71606 4.23431 2.95258 2.79999 8.81958 4.59290 6.63757 3.31116 0.45776 1.07574 0.94604 5.46265
0.67902 0.00000 0.00000 0.04578 0.00000 0.90790 5.50079 10.20050 13.38959 15.45715 59.92889 105.36957 33.88214 13.56506 2.84576 3.59344 4.11224 4.86755 4.44794 3.88336 5.37109 2.84576 1.86157 3.93677 6.16455 16.87622 23.54431 10.70404 1.26648 0.56458 1.25885
0.00000 0.00000 0.00000 0.00000 0.00000 0.13733 5.65338 14.30511 6.69861 8.10242 15.19012 11.00159 14.45007 19.59991 19.21082 8.01849 10.10132 6.31714 1.83105 7.62939 11.70349 7.39288 14.16016 9.46808 18.33344 6.71387 85.51025 13.27515 17.46368 2.55585 1.50299
0.00000 0.00000 0.00000 0.00000 0.01526 0.03815 4.90570 12.40540 16.34216 16.70074 27.35138 10.49805 4.70734 8.61359 6.30188 3.70789 12.88605 17.80701 21.86584 79.75006 48.98834 47.24884 35.88867 15.33508 7.92694 3.96729 24.98627 16.44897 15.48767 1.78528 0.36621
0.00000 0.12207 1.78528 0.32806 0.11444 0.00000 2.34985 14.73999 30.58624 42.02271 32.35626 7.66754 5.11169 3.29590 10.01740 4.44794 3.42560 18.85986 25.12360 15.40375 22.74323 35.30884 49.30878 4.13513 10.30731 10.19287 6.66046 7.40814 8.92639 4.22668 0.69427
0.48828 0.22125 0.93842 1.08337 0.03052 0.01526 1.25885 16.63971 44.83032 93.50586 30.88379 13.86261 5.50079 26.71051 49.34692 9.53674 0.51880 1.43433 28.34320 26.55792 16.95251 25.38300 33.90503 8.76617 5.31769 5.24139 5.47028 6.23322 5.90515 2.48718 1.32751
0.25940 0.16022 0.87738 2.16675 1.14441 0.80109 0.31281 5.27191 71.30432 214.16473 66.36810 26.93176 8.72803 20.91980 25.81787 6.02722 2.41089 5.24139 10.37598 21.71326 37.81891 13.93127 1.20544 1.32751 25.65002 12.48932 8.54492 11.32965 10.04791 1.70135 1.89972
0.41962 0.77057 0.39673 0.54169 1.79291 0.86975 0.90027 4.54712 26.05438 103.55377 389.11438 72.52502 12.63428 7.03430 7.84302 8.40759 5.91278 5.32532 10.85663 29.25110 34.28650 19.10400 3.63922 1.90735 2.68555 13.70239 6.76727 18.85986 1.70898 3.86047 0.17548
0.98419 1.25885 0.22888 0.64850 3.61633 0.45776 0.48065 1.54877 5.84412 29.96826 48.01941 36.91101 9.85718 5.26428 11.55853 18.12744 4.64630 1.75476 7.24792 27.20642 13.96942 21.29364 2.87628 7.15637 9.08661 0.51117 3.05939 1.06812 1.19781 1.43433 0.79346
1.57928 1.90735 2.05994 2.99835 6.26373 1.58691 1.09863 0.34332 0.87738 2.18964 10.70404 14.66370 6.46210 15.34271 12.64191 9.90295 9.15527 4.88281 9.91058 12.78687 21.94214 11.74164 21.37756 9.28497 1.54114 4.88281 1.19781 1.26648 0.25940 0.93842 0.14496
2.73895 4.13513 3.97491 6.94275 1.57928 2.02942 1.77765 1.12915 0.79346 0.22888 2.29645 1.79291 5.98145 14.00757 5.83649 7.89642 5.38635 13.06152 21.82007 10.99396 15.45715 12.50458 11.78741 21.88110 13.13019 1.25122 7.58362 0.90790 0.35858 0.03815 0.23651
