DATA/RAW-RASTER/ECMWF/20170628/EN-20/20170711.en-20.asc
ncols			31
nrows			16
xllcorner		69.5
yllcorner		19.5
cellsize		1.0
NODATA_value	-99999
1.34277 5.68390 16.65497 22.01843 7.78198 3.30353 0.92316 1.17493 0.07629 1.56403 0.51117 0.95367 4.51660 13.80920 6.91986 4.11224 0.83160 0.00763 0.08392 0.31281 0.57220 0.79346 0.34332 0.25177 0.18311 0.06104 0.00000 0.00000 0.00000 0.00000 0.00000
1.07574 1.79291 26.77917 16.79230 7.25555 5.95093 2.89154 4.04358 1.50299 2.29645 4.72260 1.59454 4.49371 3.86810 2.20490 0.48065 0.00763 0.01526 0.03815 0.38147 0.27466 0.56458 0.19836 0.28992 1.09863 1.43433 0.75531 0.08392 0.00763 0.00000 0.00000
11.33728 31.21185 28.03802 66.77246 19.98138 9.96399 12.06970 0.48828 1.66321 2.60925 12.14600 15.39612 6.43158 5.07355 0.28229 0.19836 0.00000 0.00000 0.05341 0.16785 0.25940 0.45013 0.38910 0.90790 1.48010 0.93842 5.05829 0.81635 1.70898 0.86212 0.19836
0.81635 1.19019 6.37817 16.57104 19.91272 15.86151 25.04730 37.29248 2.12097 1.62506 4.01306 3.47137 5.77545 9.44519 1.14441 0.34332 0.33569 0.00000 0.16022 0.16022 0.00000 0.07629 0.49591 0.16785 0.27466 0.00000 0.83160 1.12915 2.40326 2.41089 1.74713
1.05286 0.00000 0.11444 0.06104 2.77710 8.07953 16.32690 17.71545 19.76776 23.30017 2.60162 3.36456 4.44794 8.29315 13.28278 3.87573 7.36237 1.41144 0.16022 0.33569 0.00000 0.00000 0.00763 0.03052 0.05341 0.47302 0.86212 0.54932 0.28992 2.53296 0.06104
0.01526 0.00000 0.00000 0.00000 0.09918 3.22723 9.66644 25.45166 23.73505 15.88440 30.58624 15.53345 5.66864 5.34821 9.65118 8.36945 13.09967 12.92419 2.41852 0.29755 0.00763 0.16022 0.01526 0.12207 0.23651 0.28992 0.35858 2.83051 2.41852 0.34332 0.03052
0.00000 0.00000 0.00000 0.00000 0.00763 2.87628 8.28552 13.78632 25.00153 25.65765 10.09369 20.75958 102.01263 71.93756 22.10236 6.66046 5.69916 13.46588 3.71552 0.79346 0.45776 0.78583 0.42725 2.10571 5.02777 3.15857 3.31879 1.90735 1.20544 1.30463 1.59454
0.00000 0.00000 0.00000 0.00000 0.02289 0.10681 2.83051 3.53241 16.71600 25.47455 13.08441 44.77692 320.51849 225.64697 45.06683 27.34375 11.94763 8.02612 9.53674 7.30896 3.36456 7.38525 8.02612 28.60260 5.15747 77.20947 17.46368 4.82941 12.36725 11.65771 15.37323
0.00000 0.00000 0.00000 0.25940 0.10681 0.10681 1.77002 1.22833 8.68988 25.71869 30.63965 65.35339 79.40674 35.04944 35.73608 29.80042 19.89746 10.07843 44.04449 56.87714 58.09021 104.03442 239.39514 32.99713 10.12421 25.42114 18.64624 9.00269 14.00757 14.10675 18.13507
0.11444 0.18311 0.43488 1.44958 0.61035 0.43488 0.30518 1.22833 3.71552 7.56836 8.93402 19.96613 27.67181 18.57758 36.40747 59.86023 37.37640 28.98407 32.98187 39.41345 37.51373 15.91492 13.91602 8.70514 4.37927 6.42395 14.77051 37.44507 87.46338 17.87567 27.67944
0.72479 1.25885 0.86212 0.74005 0.74768 0.38147 0.55695 1.31226 2.24304 12.05444 8.74329 17.31873 15.71655 25.55847 34.72900 27.44293 17.96722 35.12573 19.63043 16.65497 18.22662 8.01849 13.35144 2.49481 0.90027 16.84570 38.45978 53.43628 28.94592 16.51764 17.27295
0.80109 1.01471 2.20490 3.15094 1.83105 1.51825 0.57220 2.01416 4.34875 8.07190 15.09857 26.29089 25.23804 7.95746 29.57916 10.85663 17.44843 46.90552 8.21686 9.98688 4.12750 4.71497 2.02179 3.42560 5.87463 13.71765 13.80920 26.63422 10.89478 11.24573 27.91595
1.28937 0.96130 0.80109 1.38855 3.48663 1.44196 0.22888 3.92914 4.66156 5.82123 6.10352 0.96893 3.20435 9.68933 2.60162 9.85718 3.40271 17.10510 9.57489 1.71661 1.13678 1.54877 3.47900 10.75745 14.80865 1.62506 1.66321 12.22229 12.07733 25.49744 18.39447
2.24304 2.27356 0.20599 1.06049 3.58582 0.89264 1.79291 3.15857 4.34875 2.46429 4.67682 1.19781 1.40381 5.82123 17.99774 3.98254 12.91656 8.81195 3.15094 0.95367 1.55640 3.02887 10.47516 14.46533 1.99890 0.06866 0.16022 1.25885 8.91113 19.60754 10.53619
1.68610 2.20490 1.71661 3.36456 4.18091 1.48773 0.31281 0.56458 0.61035 2.57111 2.18201 3.51715 2.10571 6.91986 2.02942 14.45770 30.38788 13.32855 1.35040 0.51880 1.07574 1.06812 1.99890 8.94928 1.35040 0.20599 0.14496 3.69263 9.71985 8.93402 10.52094
1.74713 3.00598 2.49481 7.16400 1.18256 1.46484 1.12152 1.51825 2.51007 0.97656 8.43048 5.92804 9.56726 6.71387 6.86646 16.15143 11.65771 0.93079 0.99945 0.72479 0.71716 1.06812 3.54004 6.56891 10.70404 0.83160 1.02997 0.79346 0.20599 1.57928 5.67627
